0,0,0,0,261.440278806413,0,0,0,0,0,0,179.718364159796,0,0,0,0,0,0,0,94.9380989123498,0,0,0,112.793316814908,0,151.036729364761,0,0,0,0,0,0,0,0,0,0,120.912756812582,0,0,0,0
0,0,0,0,0,0,0,0,0,0,0,231.715271819474,0,0,0,0,0,151.075371308616,0,74.7304794244225,0,0,0,0,0,190.185165668632,0,0,0,0,0,0,0,188.851177466023,0,0,0,124.698445421759,0,131.969743415579,0
0,0,0,0,0,0,0,0,0,0,0,0,0,0,0,0,0,0,0,0,0,0,0,0,0,0,0,221.805809452716,125.81518738273,333.645516435298,0,0,0,165.597665022977,0,0,124.853650664477,0,0,0,0
0,0,0,0,0,0,0,284.529238481835,0,137.177378802006,117.208001126138,101.605593487621,0,0,0,0,0,180.355266595273,0,0,0,0,0,0,0,0,0,135.667029391615,172.892533368851,0,0,0,0,82.6426202489162,139.792601838991,0,153.609372090384,0,306.344527664232,204.481117647118,353.822894641502
261.440278806413,0,0,0,0,0,0,0,133.218162784108,0,169.742003380707,0,0,0,146.814226519809,0,0,0,0,0,320.356811100276,0,0,0,173.538155409849,97.3506957544063,0,236.681907140956,0,138.33942793804,0,0,0,0,173.201474590904,218.045528847001,168.241326865882,196.04190773555,0,128.405764333981,0
0,0,0,0,0,0,0,0,0,0,0,0,0,160.530221557972,0,0,161.275817184598,0,0,0,206.472608421747,142.054529471577,0,0,0,0,128.530575464043,249.798812580765,0,0,0,300.031143529538,357.423078228283,184.249961885477,193.777661225572,219.078548227669,94.7529894315991,0,177.763106506206,241.57250333243,0
0,0,0,0,0,0,0,347.376449530863,0,82.4756938751058,0,223.705816669619,0,0,0,0,0,0,0,111.226326353722,0,0,0,338.131802716296,0,180.543851962045,0,146.770754374523,0,0,151.695570509541,0,0,0,205.183249704085,0,82.1742780037132,0,97.5855511246009,181.316358113209,114.511014214502
0,0,0,284.529238481835,0,0,347.376449530863,0,98.2230592632363,161.694997919804,0,151.806152521152,0,0,0,0,136.685314494491,0,0,122.106946855269,0,0,242.790381480436,212.592150359921,0,0,0,263.534399241887,0,0,0,0,0,153.453047983244,116.176698124939,94.027247878695,85.7623170715703,0,197.486504603685,0,106.128596538706
0,0,0,0,133.218162784108,0,0,98.2230592632363,0,0,0,90.1317194604647,0,0,76.5072790361762,0,0,0,0,61.0664810463559,141.204637091722,0,0,0,0,0,198.528111506785,224.523755099568,0,0,0,0,0,112.823430872325,0,0,276.620869034647,96.7845769653343,0,0,0
0,0,0,137.177378802006,0,0,82.4756938751058,161.694997919804,0,0,329.719143597451,103.519938150021,0,0,0,220.963068032256,0,0,0,0,0,0,171.230058197369,94.7280504127031,0,142.385058730083,0,0,106.33736463831,0,0,0,231.050882209,0,116.054372245433,71.5579325720569,193.055010680236,113.144980278377,115.868441404982,161.302948562323,201.100640800745
0,0,0,117.208001126138,169.742003380707,0,0,0,0,329.719143597451,0,85.6072705949986,314.611698427915,0,0,0,0,92.5207898118833,0,0,0,0,0,0,0,162.833808134102,0,101.895308036513,138.425725342224,0,0,118.522099274347,180.90030328818,200.878319874537,115.541295036174,160.537522273714,225.013371621378,0,0,0,222.053792850439
179.718364159796,231.715271819474,0,101.605593487621,0,0,223.705816669619,151.806152521152,90.1317194604647,103.519938150021,85.6072705949986,0,0,192.601533877686,0,0,0,0,0,0,0,197.893790332676,97.3232815600345,195.378266313867,0,0,78.8552325762656,161.325017232684,135.294330067913,155.901486485736,0,0,0,0,0,101.5853655613,74.5815074003433,0,96.5937438588657,252.487290983309,89.3673883748406
0,0,0,0,0,0,0,0,0,0,314.611698427915,0,0,73.4795582048751,0,232.945974238958,0,0,0,74.4197823064597,0,0,0,0,0,0,0,0,0,0,0,0,0,0,0,0,0,0,259.055025639447,80.4367166559625,0
0,0,0,0,0,160.530221557972,0,0,0,0,0,192.601533877686,73.4795582048751,0,0,0,0,66.5008477853491,0,94.126460729827,0,0,0,71.4788760670054,0,78.9559315574845,0,205.09013266389,0,0,0,186.348837226466,0,0,0,188.936291522747,209.996727521564,0,119.728129215699,95.7590805983148,106.533627130087
0,0,0,0,146.814226519809,0,0,0,76.5072790361762,0,0,0,0,0,0,0,0,111.435629183184,0,163.945208919892,0,0,0,128.846764897717,0,98.6790043377568,198.964527389285,0,224.551207449728,0,0,0,0,172.608400267715,0,115.114253591495,0,108.136066660554,196.032358954952,0,0
0,0,0,0,0,0,0,0,0,220.963068032256,0,0,232.945974238958,0,0,0,0,101.350815329073,155.24952173131,154.784755881607,0,0,0,0,0,154.070293657878,0,90.7216186966914,73.1029054543569,0,0,0,0,99.2646516363145,167.066576495979,0,0,0,0,226.825099357786,0
0,0,0,0,0,161.275817184598,0,136.685314494491,0,0,0,0,0,0,0,0,0,0,192.135034768848,0,0,0,0,0,0,0,0,202.712457066107,164.032723165762,205.839960264176,0,0,0,0,143.005810983322,0,153.876396855887,154.065933476765,0,94.8881692391942,0
0,151.075371308616,0,180.355266595273,0,0,0,0,0,0,92.5207898118833,0,0,66.5008477853491,111.435629183184,101.350815329073,0,0,0,0,0,0,0,0,303.527509149359,0,0,0,0,0,0,0,0,0,194.442125915551,0,0,0,0,0,183.786860782462
0,0,0,0,0,0,0,0,0,0,0,0,0,0,0,155.24952173131,192.135034768848,0,0,0,174.013630695256,58.3493451392805,0,0,87.8456058929559,0,178.224497384947,165.893015276821,0,0,0,0,0,133.984214699576,283.248188884028,253.401634605989,82.6299537488922,0,0,158.955087279859,0
94.9380989123498,74.7304794244225,0,0,0,0,111.226326353722,122.106946855269,61.0664810463559,0,0,0,74.4197823064597,94.126460729827,163.945208919892,154.784755881607,0,0,0,0,89.707245288964,0,137.239127032733,0,0,0,0,240.185081663983,0,206.912707094411,0,0,0,195.314816908693,0,261.605527103798,208.005106191961,148.808626413748,0,0,0
0,0,0,0,320.356811100276,206.472608421747,0,0,141.204637091722,0,0,0,0,0,0,0,0,0,174.013630695256,89.707245288964,0,0,0,93.4234866874731,0,0,0,171.906398392157,0,0,0,0,0,247.66948903751,139.654362654449,0,110.384905066973,136.792307586862,0,204.084074037941,101.443495235174
0,0,0,0,0,142.054529471577,0,0,0,0,0,197.893790332676,0,0,0,0,0,0,58.3493451392805,0,0,0,201.44584889478,0,0,0,0,0,72.2278283150671,0,228.075434767255,0,0,106.926813611922,137.189596148386,0,0,0,0,0,0
0,0,0,0,0,0,0,242.790381480436,0,171.230058197369,0,97.3232815600345,0,0,0,0,0,0,0,137.239127032733,0,201.44584889478,0,335.371040201042,0,119.345624434514,259.442917595754,191.519780382943,269.936825670274,0,0,321.124897279917,0,211.840482897052,0,0,238.934743274142,0,0,104.915316975638,220.901129804706
112.793316814908,0,0,0,0,0,338.131802716296,212.592150359921,0,94.7280504127031,0,195.378266313867,0,71.4788760670054,128.846764897717,0,0,0,0,0,93.4234866874731,0,335.371040201042,0,0,280.376028997576,134.566479261133,214.116367924649,0,0,0,0,0,120.567029282014,146.99041817625,125.416941482916,348.674510760064,98.417953423071,0,80.8080171296381,114.649126378906
0,0,0,0,173.538155409849,0,0,0,0,0,0,0,0,0,0,0,0,303.527509149359,87.8456058929559,0,0,0,0,0,0,227.504408813069,62.311273509377,249.905610015455,0,125.994729980093,0,62.859596780235,0,104.369974912428,109.093416850988,0,0,0,0,0,0
151.036729364761,190.185165668632,0,0,97.3506957544063,0,180.543851962045,0,0,142.385058730083,162.833808134102,0,0,78.9559315574845,98.6790043377568,154.070293657878,0,0,0,0,0,0,119.345624434514,280.376028997576,227.504408813069,0,151.01089327964,112.349934713559,0,0,0,0,113.059176128709,145.74089716123,215.611029055736,0,67.8267069095267,100.812745974529,0,0,169.453147353278
0,0,0,0,0,128.530575464043,0,0,198.528111506785,0,0,78.8552325762656,0,0,198.964527389285,0,0,0,178.224497384947,0,0,0,259.442917595754,134.566479261133,62.311273509377,151.01089327964,0,154.142998692322,187.77054666536,193.659409924573,0,0,0,115.332064605654,81.2827395071039,101.85207633558,178.683678585178,199.492852797962,153.672550905948,186.973586461633,228.792310020318
0,0,221.805809452716,135.667029391615,236.681907140956,249.798812580765,146.770754374523,263.534399241887,224.523755099568,0,101.895308036513,161.325017232684,0,205.09013266389,0,90.7216186966914,202.712457066107,0,165.893015276821,240.185081663983,171.906398392157,0,191.519780382943,214.116367924649,249.905610015455,112.349934713559,154.142998692322,0,92.5568465385234,0,0,0,0,309.997227542691,321.864157986053,262.382215657622,241.635434294794,173.059382066957,0,0,99.3508940827211
0,0,125.81518738273,172.892533368851,0,0,0,0,0,106.33736463831,138.425725342224,135.294330067913,0,0,224.551207449728,73.1029054543569,164.032723165762,0,0,0,0,72.2278283150671,269.936825670274,0,0,0,187.77054666536,92.5568465385234,0,0,0,157.852515740516,0,70.4221432298295,250.461724766314,150.161410108805,140.574866691684,175.196329314064,161.74915061469,306.640284138334,213.67670887414
0,0,333.645516435298,0,138.33942793804,0,0,0,0,0,0,155.901486485736,0,0,0,0,205.839960264176,0,0,206.912707094411,0,0,0,0,125.994729980093,0,193.659409924573,0,0,0,283.88658203332,0,0,0,163.059043292369,0,251.098274723989,219.040656038919,0,0,0
0,0,0,0,0,0,151.695570509541,0,0,0,0,0,0,0,0,0,0,0,0,0,0,228.075434767255,0,0,0,0,0,0,0,283.88658203332,0,0,0,255.441154257905,0,0,0,89.9429017381717,0,81.9664354533492,0
0,0,0,0,0,300.031143529538,0,0,0,0,118.522099274347,0,0,186.348837226466,0,0,0,0,0,0,0,0,321.124897279917,0,62.859596780235,0,0,0,157.852515740516,0,0,0,0,0,159.183173818572,92.3502314520023,89.1590885155172,139.93285932648,0,0,115.194491798135
0,0,0,0,0,357.423078228283,0,0,0,231.050882209,180.90030328818,0,0,0,0,0,0,0,0,0,0,0,0,0,0,113.059176128709,0,0,0,0,0,0,0,0,0,0,134.960780198024,0,0,0,0
0,188.851177466023,165.597665022977,82.6426202489162,0,184.249961885477,0,153.453047983244,112.823430872325,0,200.878319874537,0,0,0,172.608400267715,99.2646516363145,0,0,133.984214699576,195.314816908693,247.66948903751,106.926813611922,211.840482897052,120.567029282014,104.369974912428,145.74089716123,115.332064605654,309.997227542691,70.4221432298295,0,255.441154257905,0,0,0,0,325.937289045041,158.567996645797,0,219.430938885781,323.781250289068,75.4497121078207
0,0,0,139.792601838991,173.201474590904,193.777661225572,205.183249704085,116.176698124939,0,116.054372245433,115.541295036174,0,0,0,0,167.066576495979,143.005810983322,194.442125915551,283.248188884028,0,139.654362654449,137.189596148386,0,146.99041817625,109.093416850988,215.611029055736,81.2827395071039,321.864157986053,250.461724766314,163.059043292369,0,159.183173818572,0,0,0,289.631679007608,0,0,108.381749703452,84.3635741045246,173.001559092555
0,0,0,0,218.045528847001,219.078548227669,0,94.027247878695,0,71.5579325720569,160.537522273714,101.5853655613,0,188.936291522747,115.114253591495,0,0,0,253.401634605989,261.605527103798,0,0,0,125.416941482916,0,0,101.85207633558,262.382215657622,150.161410108805,0,0,92.3502314520023,0,325.937289045041,289.631679007608,0,241.682021696872,0,0,345.797434674459,0
120.912756812582,0,124.853650664477,153.609372090384,168.241326865882,94.7529894315991,82.1742780037132,85.7623170715703,276.620869034647,193.055010680236,225.013371621378,74.5815074003433,0,209.996727521564,0,0,153.876396855887,0,82.6299537488922,208.005106191961,110.384905066973,0,238.934743274142,348.674510760064,0,67.8267069095267,178.683678585178,241.635434294794,140.574866691684,251.098274723989,0,89.1590885155172,134.960780198024,158.567996645797,0,241.682021696872,0,115.871357769661,0,93.5029580098427,146.465927798921
0,124.698445421759,0,0,196.04190773555,0,0,0,96.7845769653343,113.144980278377,0,0,0,0,108.136066660554,0,154.065933476765,0,0,148.808626413748,136.792307586862,0,0,98.417953423071,0,100.812745974529,199.492852797962,173.059382066957,175.196329314064,219.040656038919,89.9429017381717,139.93285932648,0,0,0,0,115.871357769661,0,178.748963182352,195.822649557859,217.157696745803
0,0,0,306.344527664232,0,177.763106506206,97.5855511246009,197.486504603685,0,115.868441404982,0,96.5937438588657,259.055025639447,119.728129215699,196.032358954952,0,0,0,0,0,0,0,0,0,0,0,153.672550905948,0,161.74915061469,0,0,0,0,219.430938885781,108.381749703452,0,0,178.748963182352,0,193.63278243493,0
0,131.969743415579,0,204.481117647118,128.405764333981,241.57250333243,181.316358113209,0,0,161.302948562323,0,252.487290983309,80.4367166559625,95.7590805983148,0,226.825099357786,94.8881692391942,0,158.955087279859,0,204.084074037941,0,104.915316975638,80.8080171296381,0,0,186.973586461633,0,306.640284138334,0,81.9664354533492,0,0,323.781250289068,84.3635741045246,345.797434674459,93.5029580098427,195.822649557859,193.63278243493,0,192.693757128262
0,0,0,353.822894641502,0,0,114.511014214502,106.128596538706,0,201.100640800745,222.053792850439,89.3673883748406,0,106.533627130087,0,0,0,183.786860782462,0,0,101.443495235174,0,220.901129804706,114.649126378906,0,169.453147353278,228.792310020318,99.3508940827211,213.67670887414,0,0,115.194491798135,0,75.4497121078207,173.001559092555,0,146.465927798921,217.157696745803,0,192.693757128262,0
