0,0,0,0,0,0,0,0,0,0,0,92.5207898118833,0,0,0,0,0,0,0,0,104.369974912428,0,0,0,269.936825670274,0,0,0,0,0,0,0,0,306.344527664232,108.381749703452,0,80.8080171296381,0,0,0,0
0,0,0,0,0,136.792307586862,0,231.050882209,0,0,0,0,0,0,0,0,0,0,0,0,0,0,0,0,0,0,0,94.8881692391942,226.825099357786,0,0,0,0,137.189596148386,0,0,198.528111506785,193.055010680236,0,0,0
0,0,0,0,180.90030328818,0,0,0,0,0,0,0,0,0,97.3232815600345,0,0,0,0,0,0,0,0,0,0,0,0,348.674510760064,0,0,0,0,0,0,135.294330067913,0,0,138.425725342224,0,0,0
0,0,0,0,66.5008477853491,75.4497121078207,0,0,0,0,0,0,0,151.01089327964,0,0,172.608400267715,214.116367924649,0,213.67670887414,0,242.790381480436,0,0,0,0,128.530575464043,309.997227542691,0,0,0,0,0,0,0,241.635434294794,190.185165668632,112.349934713559,0,0,128.846764897717
0,0,180.90030328818,66.5008477853491,0,0,0,0,0,0,0,169.453147353278,0,0,0,101.895308036513,0,0,0,0,0,0,0,0,0,106.128596538706,0,289.631679007608,151.036729364761,0,0,0,224.551207449728,94.7529894315991,151.075371308616,74.7304794244225,183.786860782462,0,165.597665022977,0,151.806152521152
0,136.792307586862,0,75.4497121078207,0,0,0,0,0,188.851177466023,0,178.224497384947,0,0,0,0,0,153.672550905948,177.763106506206,146.99041817625,84.3635741045246,0,0,0,115.194491798135,154.065933476765,0,211.840482897052,0,200.878319874537,0,0,0,204.481117647118,0,0,0,0,161.74915061469,0,0
0,0,0,0,0,0,0,89.3673883748406,188.936291522747,161.275817184598,99.2646516363145,100.812745974529,0,0,0,0,0,0,0,0,0,0,0,168.241326865882,0,0,0,0,89.9429017381717,0,0,0,0,0,85.7623170715703,0,250.461724766314,138.33942793804,116.176698124939,158.567996645797,101.350815329073
0,231.050882209,0,0,0,0,89.3673883748406,0,0,0,0,146.814226519809,0,0,0,0,0,0,0,228.075434767255,0,0,98.6790043377568,205.839960264176,219.040656038919,71.5579325720569,0,134.566479261133,241.682021696872,0,0,0,0,94.027247878695,128.405764333981,173.001559092555,119.345624434514,125.994729980093,0,140.574866691684,0
0,0,0,0,0,0,188.936291522747,0,0,0,0,94.7280504127031,0,61.0664810463559,101.5853655613,0,218.045528847001,0,0,0,0,0,139.93285932648,0,0,0,0,0,201.100640800745,0,0,0,0,101.443495235174,220.901129804706,223.705816669619,175.196329314064,0,0,0,0
0,0,0,0,0,188.851177466023,161.275817184598,0,0,0,0,0,0,125.81518738273,163.945208919892,0,0,0,219.430938885781,0,101.605593487621,82.4756938751058,0,0,0,135.667029391615,238.934743274142,321.864157986053,115.114253591495,0,0,92.3502314520023,0,283.248188884028,98.2230592632363,0,236.681907140956,71.4788760670054,0,98.417953423071,201.44584889478
0,0,0,0,0,0,99.2646516363145,0,0,0,0,99.3508940827211,0,255.441154257905,0,0,0,0,154.070293657878,94.9380989123498,0,0,0,120.912756812582,0,180.355266595273,197.893790332676,119.728129215699,133.984214699576,0,0,106.33736463831,0,199.492852797962,76.5072790361762,0,96.5937438588657,0,283.88658203332,157.852515740516,0
92.5207898118833,0,0,0,169.453147353278,178.224497384947,100.812745974529,146.814226519809,94.7280504127031,0,99.3508940827211,0,0,0,217.157696745803,321.124897279917,0,196.04190773555,0,161.325017232684,113.059176128709,0,160.537522273714,0,0,0,151.695570509541,155.24952173131,0,0,0,259.442917595754,0,186.348837226466,0,161.302948562323,73.4795582048751,0,0,93.4234866874731,353.822894641502
0,0,0,0,0,0,0,0,0,0,0,0,0,0,0,153.609372090384,0,0,0,0,0,0,0,0,0,0,0,0,0,0,0,174.013630695256,0,0,193.659409924573,108.136066660554,113.144980278377,284.529238481835,0,0,0
0,0,0,151.01089327964,0,0,0,0,61.0664810463559,125.81518738273,255.441154257905,0,0,0,0,0,0,58.3493451392805,249.905610015455,74.5815074003433,198.964527389285,0,0,0,0,0,110.384905066973,87.8456058929559,0,0,153.876396855887,0,0,0,0,0,205.183249704085,0,0,300.031143529538,323.781250289068
0,0,97.3232815600345,0,0,0,0,0,101.5853655613,163.945208919892,0,217.157696745803,0,0,0,0,0,0,0,0,85.6072705949986,160.530221557972,192.601533877686,196.032358954952,0,0,325.937289045041,197.486504603685,0,0,0,0,0,0,92.5568465385234,0,206.472608421747,0,0,0,0
0,0,0,0,101.895308036513,0,0,0,0,0,0,321.124897279917,153.609372090384,0,0,0,0,0,0,0,0,0,111.435629183184,335.371040201042,0,146.770754374523,0,0,0,171.230058197369,0,0,187.77054666536,169.742003380707,0,154.784755881607,0,0,0,78.8552325762656,0
0,0,0,172.608400267715,0,0,0,0,218.045528847001,0,0,0,0,0,0,0,0,0,0,0,0,0,0,125.416941482916,0,148.808626413748,204.084074037941,261.605527103798,0,0,0,0,0,93.5029580098427,142.385058730083,0,0,0,0,131.969743415579,118.522099274347
0,0,0,214.116367924649,0,153.672550905948,0,0,0,0,0,196.04190773555,0,58.3493451392805,0,0,0,0,0,0,193.777661225572,0,0,0,0,0,0,62.311273509377,0,0,0,89.707245288964,0,0,0,357.423078228283,0,94.126460729827,0,0,0
0,0,0,0,0,177.763106506206,0,0,0,219.430938885781,154.070293657878,0,0,249.905610015455,0,0,0,0,0,0,0,0,0,314.611698427915,0,0,95.7590805983148,0,133.218162784108,0,0,0,0,101.85207633558,181.316358113209,0,303.527509149359,222.053792850439,0,0,171.906398392157
0,0,0,213.67670887414,0,146.99041817625,0,228.075434767255,0,0,94.9380989123498,161.325017232684,0,74.5815074003433,0,0,0,0,0,0,0,0,0,0,137.239127032733,70.4221432298295,0,262.382215657622,114.511014214502,0,0,0,0,115.541295036174,150.161410108805,225.013371621378,163.059043292369,252.487290983309,0,329.719143597451,145.74089716123
104.369974912428,0,0,0,0,84.3635741045246,0,0,0,101.605593487621,0,113.059176128709,0,198.964527389285,85.6072705949986,0,0,193.777661225572,0,0,0,0,153.453047983244,240.185081663983,0,173.538155409849,0,0,0,0,0,73.1029054543569,0,0,261.440278806413,0,227.504408813069,0,0,0,0
0,0,0,242.790381480436,0,0,0,0,0,82.4756938751058,0,0,0,0,160.530221557972,0,0,0,0,0,0,0,115.332064605654,114.649126378906,0,0,158.955087279859,0,186.973586461633,0,0,0,0,0,0,0,0,0,0,259.055025639447,0
0,0,0,0,0,0,0,98.6790043377568,139.93285932648,0,0,160.537522273714,0,0,192.601533877686,111.435629183184,0,0,0,0,153.453047983244,115.332064605654,0,0,0,0,82.6299537488922,241.57250333243,116.054372245433,0,0,0,142.054529471577,0,146.465927798921,0,0,0,219.078548227669,306.640284138334,347.376449530863
0,0,0,0,0,0,168.241326865882,205.839960264176,0,0,120.912756812582,0,0,0,196.032358954952,335.371040201042,125.416941482916,0,314.611698427915,0,240.185081663983,114.649126378906,0,0,0,124.698445421759,195.314816908693,202.712457066107,206.912707094411,0,0,0,0,62.859596780235,192.135034768848,0,115.868441404982,136.685314494491,0,231.715271819474,109.093416850988
269.936825670274,0,0,0,0,115.194491798135,0,219.040656038919,0,0,0,0,0,0,0,0,0,0,0,137.239127032733,0,0,0,0,0,0,0,78.9559315574845,0,0,0,192.693757128262,0,137.177378802006,0,112.793316814908,154.142998692322,0,0,0,178.748963182352
0,0,0,0,106.128596538706,154.065933476765,0,71.5579325720569,0,135.667029391615,180.355266595273,0,0,0,0,146.770754374523,148.808626413748,0,0,70.4221432298295,173.538155409849,0,0,124.698445421759,0,0,115.871357769661,251.098274723989,224.523755099568,0,0,0,0,67.8267069095267,90.1317194604647,194.442125915551,345.797434674459,205.09013266389,0,122.106946855269,106.533627130087
0,0,0,128.530575464043,0,0,0,0,0,238.934743274142,197.893790332676,151.695570509541,0,110.384905066973,325.937289045041,0,204.084074037941,0,95.7590805983148,0,0,158.955087279859,82.6299537488922,195.314816908693,0,115.871357769661,0,172.892533368851,161.694997919804,82.1742780037132,0,0,0,0,0,247.66948903751,191.519780382943,338.131802716296,106.926813611922,104.915316975638,0
0,94.8881692391942,348.674510760064,309.997227542691,289.631679007608,211.840482897052,0,134.566479261133,0,321.864157986053,119.728129215699,155.24952173131,0,87.8456058929559,197.486504603685,0,261.605527103798,62.311273509377,0,262.382215657622,0,0,241.57250333243,202.712457066107,78.9559315574845,251.098274723989,172.892533368851,0,220.963068032256,0,0,0,0,280.376028997576,134.960780198024,221.805809452716,74.4197823064597,0,139.654362654449,184.249961885477,212.592150359921
0,226.825099357786,0,0,151.036729364761,0,89.9429017381717,241.682021696872,201.100640800745,115.114253591495,133.984214699576,0,0,0,0,0,0,0,133.218162784108,114.511014214502,0,186.973586461633,116.054372245433,206.912707094411,0,224.523755099568,161.694997919804,220.963068032256,0,0,195.378266313867,0,0,173.059382066957,0,0,178.683678585178,0,162.833808134102,215.611029055736,89.1590885155172
0,0,0,0,0,200.878319874537,0,0,0,0,0,0,0,0,0,171.230058197369,0,0,0,0,0,0,0,0,0,0,82.1742780037132,0,0,0,143.005810983322,0,0,111.226326353722,80.4367166559625,0,81.2827395071039,276.620869034647,124.853650664477,167.066576495979,320.356811100276
0,0,0,0,0,0,0,0,0,0,0,0,0,153.876396855887,0,0,0,0,0,0,0,0,0,0,0,0,0,0,195.378266313867,143.005810983322,0,0,0,0,208.005106191961,180.543851962045,0,0,0,165.893015276821,0
0,0,0,0,0,0,0,0,0,92.3502314520023,106.33736463831,259.442917595754,174.013630695256,0,0,0,0,89.707245288964,0,0,73.1029054543569,0,0,0,192.693757128262,0,0,0,0,0,0,0,0,159.183173818572,249.798812580765,97.3506957544063,263.534399241887,0,0,0,0
0,0,0,0,224.551207449728,0,0,0,0,0,0,0,0,0,0,187.77054666536,0,0,0,0,0,0,142.054529471577,0,0,0,0,0,0,0,0,0,0,0,141.204637091722,0,0,0,333.645516435298,0,0
306.344527664232,137.189596148386,0,0,94.7529894315991,204.481117647118,0,94.027247878695,101.443495235174,283.248188884028,199.492852797962,186.348837226466,0,0,0,169.742003380707,93.5029580098427,0,101.85207633558,115.541295036174,0,0,0,62.859596780235,137.177378802006,67.8267069095267,0,280.376028997576,173.059382066957,111.226326353722,0,159.183173818572,0,0,195.822649557859,97.5855511246009,164.032723165762,173.201474590904,0,120.567029282014,179.718364159796
108.381749703452,0,135.294330067913,0,151.075371308616,0,85.7623170715703,128.405764333981,220.901129804706,98.2230592632363,76.5072790361762,0,193.659409924573,0,92.5568465385234,0,142.385058730083,0,181.316358113209,150.161410108805,261.440278806413,0,146.465927798921,192.135034768848,0,90.1317194604647,0,134.960780198024,0,80.4367166559625,208.005106191961,249.798812580765,141.204637091722,195.822649557859,0,0,0,117.208001126138,0,232.945974238958,0
0,0,0,241.635434294794,74.7304794244225,0,0,173.001559092555,223.705816669619,0,0,161.302948562323,108.136066660554,0,0,154.784755881607,0,357.423078228283,0,225.013371621378,0,0,0,0,112.793316814908,194.442125915551,247.66948903751,221.805809452716,0,0,180.543851962045,97.3506957544063,0,97.5855511246009,0,0,112.823430872325,0,155.901486485736,82.6426202489162,0
80.8080171296381,198.528111506785,0,190.185165668632,183.786860782462,0,250.461724766314,119.345624434514,175.196329314064,236.681907140956,96.5937438588657,73.4795582048751,113.144980278377,205.183249704085,206.472608421747,0,0,0,303.527509149359,163.059043292369,227.504408813069,0,0,115.868441404982,154.142998692322,345.797434674459,191.519780382943,74.4197823064597,178.683678585178,81.2827395071039,0,263.534399241887,0,164.032723165762,0,112.823430872325,0,96.7845769653343,72.2278283150671,81.9664354533492,209.996727521564
0,193.055010680236,138.425725342224,112.349934713559,0,0,138.33942793804,125.994729980093,0,71.4788760670054,0,0,284.529238481835,0,0,0,0,94.126460729827,222.053792850439,252.487290983309,0,0,0,136.685314494491,0,205.09013266389,338.131802716296,0,0,276.620869034647,0,0,0,173.201474590904,117.208001126138,0,96.7845769653343,0,253.401634605989,103.519938150021,139.792601838991
0,0,0,0,165.597665022977,161.74915061469,116.176698124939,0,0,0,283.88658203332,0,0,0,0,0,0,0,0,0,0,0,219.078548227669,0,0,0,106.926813611922,139.654362654449,162.833808134102,124.853650664477,0,0,333.645516435298,0,0,155.901486485736,72.2278283150671,253.401634605989,0,228.792310020318,90.7216186966914
0,0,0,0,0,0,158.567996645797,140.574866691684,0,98.417953423071,157.852515740516,93.4234866874731,0,300.031143529538,0,78.8552325762656,131.969743415579,0,0,329.719143597451,0,259.055025639447,306.640284138334,231.715271819474,0,122.106946855269,104.915316975638,184.249961885477,215.611029055736,167.066576495979,165.893015276821,0,0,120.567029282014,232.945974238958,82.6426202489162,81.9664354533492,103.519938150021,228.792310020318,0,193.63278243493
0,0,0,128.846764897717,151.806152521152,0,101.350815329073,0,0,201.44584889478,0,353.822894641502,0,323.781250289068,0,0,118.522099274347,0,171.906398392157,145.74089716123,0,0,347.376449530863,109.093416850988,178.748963182352,106.533627130087,0,212.592150359921,89.1590885155172,320.356811100276,0,0,0,179.718364159796,0,0,209.996727521564,139.792601838991,90.7216186966914,193.63278243493,0
