0,0,0,0,0,0,219.430938885781,0,0,0,0,0,284.529238481835,0,0,0,0,0,0,259.055025639447,0,0,0,0,0,0,0,0,112.793316814908,0,0,0,0,0,131.969743415579,0,99.2646516363145,0,0,0,0
0,0,0,92.5207898118833,158.955087279859,0,0,0,0,0,0,0,0,0,0,0,119.345624434514,0,0,101.85207633558,151.806152521152,0,0,0,0,0,0,0,0,0,0,146.465927798921,0,119.728129215699,0,0,0,0,0,0,0
0,0,0,0,0,0,0,0,0,0,0,241.635434294794,0,0,0,0,0,0,0,0,0,0,0,0,0,0,0,0,0,151.075371308616,0,0,0,67.8267069095267,0,0,0,0,0,97.5855511246009,93.5029580098427
0,92.5207898118833,0,0,0,0,0,0,0,58.3493451392805,82.4756938751058,0,0,0,0,0,0,0,192.135034768848,0,0,0,122.106946855269,0,228.075434767255,223.705816669619,75.4497121078207,0,104.369974912428,0,0,0,0,158.567996645797,0,0,0,153.876396855887,0,125.416941482916,161.302948562323
0,158.955087279859,0,0,0,0,0,135.667029391615,0,0,94.126460729827,94.8881692391942,0,0,0,0,0,0,193.659409924573,0,0,0,200.878319874537,0,0,0,0,137.177378802006,224.551207449728,0,0,0,0,249.798812580765,90.1317194604647,250.461724766314,0,202.712457066107,181.316358113209,0,89.1590885155172
0,0,0,0,0,0,190.185165668632,0,205.839960264176,0,0,188.851177466023,0,0,0,196.04190773555,0,0,0,0,0,0,0,84.3635741045246,101.605593487621,0,0,78.9559315574845,98.417953423071,0,0,0,0,89.707245288964,167.066576495979,0,118.522099274347,347.376449530863,261.440278806413,191.519780382943,0
219.430938885781,0,0,0,0,190.185165668632,0,0,0,0,0,139.93285932648,0,0,0,0,0,228.792310020318,0,221.805809452716,0,0,0,0,249.905610015455,0,0,0,0,314.611698427915,0,0,236.681907140956,0,0,0,255.441154257905,357.423078228283,177.763106506206,172.608400267715,220.901129804706
0,0,0,0,135.667029391615,0,0,0,323.781250289068,0,0,153.672550905948,0,213.67670887414,0,113.144980278377,0,0,0,0,0,0,154.065933476765,0,0,0,74.7304794244225,140.574866691684,82.6426202489162,0,0,153.453047983244,0,252.487290983309,178.224497384947,109.093416850988,241.682021696872,306.640284138334,0,0,163.059043292369
0,0,0,0,0,205.839960264176,0,323.781250289068,0,0,0,81.9664354533492,0,0,0,0,0,0,0,0,0,208.005106191961,0,0,0,0,0,78.8552325762656,160.530221557972,187.77054666536,0,0,0,227.504408813069,0,0,116.176698124939,195.378266313867,0,106.533627130087,0
0,0,0,58.3493451392805,0,0,0,0,0,0,0,169.742003380707,321.124897279917,92.3502314520023,99.3508940827211,0,0,0,0,0,261.605527103798,300.031143529538,0,180.543851962045,0,0,106.926813611922,186.973586461633,320.356811100276,172.892533368851,87.8456058929559,0,263.534399241887,85.6072705949986,128.530575464043,0,0,0,0,184.249961885477,94.9380989123498
0,0,0,82.4756938751058,94.126460729827,0,0,0,0,0,0,0,0,128.846764897717,0,165.597665022977,0,101.5853655613,197.893790332676,95.7590805983148,0,0,0,138.425725342224,125.994729980093,186.348837226466,141.204637091722,0,0,0,0,0,0,154.070293657878,146.814226519809,100.812745974529,309.997227542691,0,151.01089327964,0,0
0,0,241.635434294794,0,94.8881692391942,188.851177466023,139.93285932648,153.672550905948,81.9664354533492,169.742003380707,0,0,0,145.74089716123,247.66948903751,81.2827395071039,0,0,0,0,90.7216186966914,0,0,153.609372090384,0,0,0,125.81518738273,251.098274723989,0,0,0,0,120.567029282014,198.964527389285,192.693757128262,204.084074037941,116.054372245433,0,94.027247878695,269.936825670274
284.529238481835,0,0,0,0,0,0,0,0,321.124897279917,0,0,0,0,0,0,0,0,0,0,0,0,0,0,0,0,0,0,0,193.777661225572,0,0,0,0,0,224.523755099568,238.934743274142,0,0,0,101.443495235174
0,0,0,0,0,0,0,213.67670887414,0,92.3502314520023,128.846764897717,145.74089716123,0,0,82.1742780037132,0,0,173.538155409849,0,325.937289045041,0,0,0,0,193.63278243493,0,0,220.963068032256,0,0,0,0,0,0,111.226326353722,108.136066660554,151.036729364761,0,168.241326865882,215.611029055736,0
0,0,0,0,0,0,0,0,0,99.3508940827211,0,247.66948903751,0,82.1742780037132,0,0,0,0,0,0,61.0664810463559,139.654362654449,0,0,0,94.7280504127031,0,66.5008477853491,135.294330067913,0,114.649126378906,0,0,0,0,0,171.906398392157,192.601533877686,0,80.8080171296381,0
0,0,0,0,0,196.04190773555,0,113.144980278377,0,0,165.597665022977,81.2827395071039,0,0,0,0,231.715271819474,0,0,0,0,0,139.792601838991,0,0,0,0,93.4234866874731,108.381749703452,0,0,0,0,70.4221432298295,0,0,0,0,155.24952173131,163.945208919892,0
0,119.345624434514,0,0,0,0,0,0,0,0,0,0,0,0,0,231.715271819474,0,0,0,0,0,0,73.1029054543569,201.44584889478,0,0,0,171.230058197369,0,0,0,0,0,306.344527664232,101.895308036513,164.032723165762,115.868441404982,0,0,242.790381480436,0
0,0,0,0,0,0,228.792310020318,0,0,0,101.5853655613,0,0,173.538155409849,0,0,0,0,0,0,0,0,0,0,0,289.631679007608,219.040656038919,174.013630695256,0,0,345.797434674459,0,0,0,74.5815074003433,0,101.350815329073,0,0,0,0
0,0,0,192.135034768848,193.659409924573,0,0,0,0,0,197.893790332676,0,0,0,0,0,0,0,0,0,0,0,0,0,0,214.116367924649,0,0,117.208001126138,303.527509149359,0,0,0,0,205.09013266389,82.6299537488922,201.100640800745,162.833808134102,161.74915061469,206.912707094411,0
259.055025639447,101.85207633558,0,0,0,0,221.805809452716,0,0,0,95.7590805983148,0,0,325.937289045041,0,0,0,0,0,0,180.90030328818,0,0,195.822649557859,0,348.674510760064,232.945974238958,134.960780198024,0,353.822894641502,0,0,0,333.645516435298,0,124.698445421759,136.685314494491,89.3673883748406,0,195.314816908693,226.825099357786
0,151.806152521152,0,0,0,0,0,0,0,261.605527103798,0,90.7216186966914,0,0,61.0664810463559,0,0,0,0,180.90030328818,0,0,0,0,0,0,111.435629183184,73.4795582048751,97.3232815600345,0,97.3506957544063,0,0,222.053792850439,150.161410108805,0,194.442125915551,0,0,161.275817184598,0
0,0,0,0,0,0,0,0,208.005106191961,300.031143529538,0,0,0,0,139.654362654449,0,0,0,0,0,0,0,0,211.840482897052,0,0,199.492852797962,0,0,0,0,0,0,0,0,0,137.189596148386,112.823430872325,173.059382066957,0,0
0,0,0,122.106946855269,200.878319874537,0,0,154.065933476765,0,0,0,0,0,0,0,139.792601838991,73.1029054543569,0,0,0,0,0,0,209.996727521564,0,157.852515740516,115.114253591495,212.592150359921,193.055010680236,0,0,0,0,180.355266595273,225.013371621378,143.005810983322,178.683678585178,0,0,0,142.385058730083
0,0,0,0,0,84.3635741045246,0,0,0,180.543851962045,138.425725342224,153.609372090384,0,0,0,0,201.44584889478,0,0,195.822649557859,0,211.840482897052,209.996727521564,0,0,329.719143597451,112.349934713559,283.88658203332,231.050882209,205.183249704085,0,155.901486485736,0,62.311273509377,115.541295036174,0,154.784755881607,0,0,134.566479261133,219.078548227669
0,0,0,228.075434767255,0,101.605593487621,249.905610015455,0,0,0,125.994729980093,0,0,193.63278243493,0,0,0,0,0,0,0,0,0,0,0,115.332064605654,0,0,0,0,0,0,0,74.4197823064597,94.7529894315991,0,0,71.4788760670054,0,115.194491798135,0
0,0,0,223.705816669619,0,0,0,0,0,0,186.348837226466,0,0,0,94.7280504127031,0,0,289.631679007608,214.116367924649,348.674510760064,0,0,157.852515740516,329.719143597451,115.332064605654,0,146.99041817625,217.157696745803,169.453147353278,0,0,173.201474590904,0,114.511014214502,120.912756812582,142.054529471577,178.748963182352,188.936291522747,0,96.7845769653343,124.853650664477
0,0,0,75.4497121078207,0,0,0,74.7304794244225,0,106.926813611922,141.204637091722,0,0,0,0,0,0,219.040656038919,0,232.945974238958,111.435629183184,199.492852797962,115.114253591495,112.349934713559,0,146.99041817625,0,115.871357769661,283.248188884028,0,0,173.001559092555,0,98.6790043377568,154.142998692322,0,161.325017232684,206.472608421747,0,80.4367166559625,262.382215657622
0,0,0,0,137.177378802006,78.9559315574845,0,140.574866691684,78.8552325762656,186.973586461633,0,125.81518738273,0,220.963068032256,66.5008477853491,93.4234866874731,171.230058197369,174.013630695256,0,134.960780198024,73.4795582048751,0,212.592150359921,283.88658203332,0,217.157696745803,115.871357769661,0,136.792307586862,76.5072790361762,0,72.2278283150671,0,159.183173818572,165.893015276821,85.7623170715703,106.33736463831,0,103.519938150021,113.059176128709,104.915316975638
112.793316814908,0,0,104.369974912428,224.551207449728,98.417953423071,0,82.6426202489162,160.530221557972,320.356811100276,0,251.098274723989,0,0,135.294330067913,108.381749703452,0,0,117.208001126138,0,97.3232815600345,0,193.055010680236,231.050882209,0,169.453147353278,283.248188884028,136.792307586862,0,0,0,0,0,0,146.770754374523,0,253.401634605989,62.859596780235,71.5579325720569,0,0
0,0,151.075371308616,0,0,0,314.611698427915,0,187.77054666536,172.892533368851,0,0,193.777661225572,0,0,0,0,0,303.527509149359,353.822894641502,0,0,0,205.183249704085,0,0,0,76.5072790361762,0,0,0,0,0,0,0,161.694997919804,96.5937438588657,0,0,0,0
0,0,0,0,0,0,0,0,0,87.8456058929559,0,0,0,0,114.649126378906,0,0,345.797434674459,0,0,97.3506957544063,0,0,0,0,0,0,0,0,0,0,0,0,0,0,0,0,0,0,280.376028997576,160.537522273714
0,146.465927798921,0,0,0,0,0,153.453047983244,0,0,0,0,0,0,0,0,0,0,0,0,0,0,0,155.901486485736,0,173.201474590904,173.001559092555,72.2278283150671,0,0,0,0,241.57250333243,338.131802716296,0,0,240.185081663983,138.33942793804,0,0,98.2230592632363
0,0,0,0,0,0,236.681907140956,0,0,263.534399241887,0,0,0,0,0,0,0,0,0,0,0,0,0,0,0,0,0,0,0,0,0,241.57250333243,0,0,0,0,128.405764333981,0,151.695570509541,0,0
0,119.728129215699,67.8267069095267,158.567996645797,249.798812580765,89.707245288964,0,252.487290983309,227.504408813069,85.6072705949986,154.070293657878,120.567029282014,0,0,0,70.4221432298295,306.344527664232,0,0,333.645516435298,222.053792850439,0,180.355266595273,62.311273509377,74.4197823064597,114.511014214502,98.6790043377568,159.183173818572,0,0,0,338.131802716296,0,0,196.032358954952,89.9429017381717,0,175.196329314064,0,276.620869034647,197.486504603685
131.969743415579,0,0,0,90.1317194604647,167.066576495979,0,178.224497384947,0,128.530575464043,146.814226519809,198.964527389285,0,111.226326353722,0,0,101.895308036513,74.5815074003433,205.09013266389,0,150.161410108805,0,225.013371621378,115.541295036174,94.7529894315991,120.912756812582,154.142998692322,165.893015276821,146.770754374523,0,0,0,0,196.032358954952,0,179.718364159796,0,110.384905066973,335.371040201042,321.864157986053,204.481117647118
0,0,0,0,250.461724766314,0,0,109.093416850988,0,0,100.812745974529,192.693757128262,224.523755099568,108.136066660554,0,0,164.032723165762,0,82.6299537488922,124.698445421759,0,0,143.005810983322,0,0,142.054529471577,0,85.7623170715703,0,161.694997919804,0,0,0,89.9429017381717,179.718364159796,0,198.528111506785,133.984214699576,106.128596538706,183.786860782462,0
99.2646516363145,0,0,0,0,118.522099274347,255.441154257905,241.682021696872,116.176698124939,0,309.997227542691,204.084074037941,238.934743274142,151.036729364761,171.906398392157,0,115.868441404982,101.350815329073,201.100640800745,136.685314494491,194.442125915551,137.189596148386,178.683678585178,154.784755881607,0,178.748963182352,161.325017232684,106.33736463831,253.401634605989,96.5937438588657,0,240.185081663983,128.405764333981,0,0,198.528111506785,0,259.442917595754,133.218162784108,218.045528847001,92.5568465385234
0,0,0,153.876396855887,202.712457066107,347.376449530863,357.423078228283,306.640284138334,195.378266313867,0,0,116.054372245433,0,0,192.601533877686,0,0,0,162.833808134102,89.3673883748406,0,112.823430872325,0,0,71.4788760670054,188.936291522747,206.472608421747,0,62.859596780235,0,0,138.33942793804,0,175.196329314064,110.384905066973,133.984214699576,259.442917595754,0,0,0,0
0,0,0,0,181.316358113209,261.440278806413,177.763106506206,0,0,0,151.01089327964,0,0,168.241326865882,0,155.24952173131,0,0,161.74915061469,0,0,173.059382066957,0,0,0,0,0,103.519938150021,71.5579325720569,0,0,0,151.695570509541,0,335.371040201042,106.128596538706,133.218162784108,0,0,0,137.239127032733
0,0,97.5855511246009,125.416941482916,0,191.519780382943,172.608400267715,0,106.533627130087,184.249961885477,0,94.027247878695,0,215.611029055736,80.8080171296381,163.945208919892,242.790381480436,0,206.912707094411,195.314816908693,161.275817184598,0,0,134.566479261133,115.194491798135,96.7845769653343,80.4367166559625,113.059176128709,0,0,280.376028997576,0,0,276.620869034647,321.864157986053,183.786860782462,218.045528847001,0,0,0,148.808626413748
0,0,93.5029580098427,161.302948562323,89.1590885155172,0,220.901129804706,163.059043292369,0,94.9380989123498,0,269.936825670274,101.443495235174,0,0,0,0,0,0,226.825099357786,0,0,142.385058730083,219.078548227669,0,124.853650664477,262.382215657622,104.915316975638,0,0,160.537522273714,98.2230592632363,0,197.486504603685,204.481117647118,0,92.5568465385234,0,137.239127032733,148.808626413748,0
