0,0,0,151.01089327964,0,101.85207633558,0,0,70.4221432298295,0,0,0,0,0,0,0,0,142.054529471577,306.640284138334,0,0,0,0,0,0,0,0,0,0,0,217.157696745803,0,0,0,0,0,0,0,0,0,0
0,0,0,0,0,0,0,0,0,0,0,0,201.44584889478,0,0,0,0,0,0,0,0,0,249.798812580765,261.605527103798,0,119.728129215699,0,0,0,0,0,0,0,0,220.901129804706,0,89.9429017381717,155.901486485736,0,0,0
0,0,0,0,0,0,0,0,0,0,0,0,0,0,0,0,0,0,0,0,0,0,0,153.453047983244,0,0,0,0,0,0,0,115.868441404982,0,0,242.790381480436,0,357.423078228283,0,0,0,153.672550905948
151.01089327964,0,0,0,0,0,191.519780382943,0,0,303.527509149359,0,219.430938885781,0,0,0,0,0,0,0,0,114.511014214502,0,0,94.7280504127031,0,0,0,0,114.649126378906,0,128.405764333981,0,205.183249704085,353.822894641502,0,139.654362654449,180.355266595273,0,0,135.667029391615,0
0,0,0,0,0,0,112.349934713559,137.189596148386,0,0,0,0,0,0,0,181.316358113209,0,92.3502314520023,0,115.332064605654,0,0,0,0,269.936825670274,71.5579325720569,232.945974238958,139.93285932648,253.401634605989,0,0,0,0,0,0,82.6426202489162,151.695570509541,206.912707094411,0,193.055010680236,0
101.85207633558,0,0,0,0,0,0,0,0,0,161.302948562323,224.551207449728,0,151.036729364761,0,0,0,0,0,195.822649557859,0,133.218162784108,0,0,0,0,0,195.314816908693,0,0,0,0,204.481117647118,100.812745974529,0,162.833808134102,153.876396855887,89.1590885155172,0,158.955087279859,113.059176128709
0,0,0,191.519780382943,112.349934713559,0,0,111.435629183184,0,0,0,159.183173818572,0,347.376449530863,0,0,0,0,0,0,0,93.5029580098427,0,0,0,0,200.878319874537,165.893015276821,0,0,0,0,0,124.853650664477,222.053792850439,0,0,193.777661225572,196.032358954952,0,276.620869034647
0,0,0,0,137.189596148386,0,111.435629183184,0,0,177.763106506206,178.224497384947,0,0,0,0,0,0,180.90030328818,0,0,280.376028997576,231.050882209,0,0,0,0,0,192.135034768848,173.538155409849,89.707245288964,0,194.442125915551,0,206.472608421747,98.2230592632363,0,338.131802716296,0,201.100640800745,0,249.905610015455
70.4221432298295,0,0,0,0,0,0,0,0,0,0,157.852515740516,0,80.4367166559625,0,0,0,0,0,0,0,0,224.523755099568,0,0,0,155.24952173131,226.825099357786,161.275817184598,113.144980278377,0,0,0,0,0,0,169.742003380707,160.537522273714,0,81.2827395071039,0
0,0,0,303.527509149359,0,0,0,177.763106506206,0,0,0,98.6790043377568,0,0,218.045528847001,0,219.040656038919,0,115.194491798135,96.7845769653343,58.3493451392805,0,205.839960264176,0,106.926813611922,0,0,184.249961885477,0,73.4795582048751,0,161.325017232684,0,0,62.311273509377,0,62.859596780235,0,71.4788760670054,168.241326865882,128.530575464043
0,0,0,0,0,161.302948562323,0,178.224497384947,0,0,0,89.3673883748406,0,190.185165668632,172.892533368851,151.806152521152,0,0,0,345.797434674459,108.136066660554,0,0,0,0,0,0,109.093416850988,161.694997919804,0,0,188.936291522747,0,66.5008477853491,335.371040201042,0,104.369974912428,101.350815329073,0,198.528111506785,0
0,0,0,219.430938885781,0,224.551207449728,159.183173818572,0,157.852515740516,98.6790043377568,89.3673883748406,0,61.0664810463559,0,0,0,101.5853655613,195.378266313867,0,167.066576495979,263.534399241887,0,125.994729980093,0,0,228.792310020318,0,98.417953423071,0,329.719143597451,0,0,0,165.597665022977,208.005106191961,95.7590805983148,74.7304794244225,223.705816669619,142.385058730083,0,0
0,201.44584889478,0,0,0,0,0,0,0,0,0,61.0664810463559,0,0,0,0,0,0,0,0,0,0,0,0,0,0,0,97.5855511246009,0,82.6299537488922,0,0,0,93.4234866874731,0,0,0,115.114253591495,0,0,0
0,0,0,0,0,151.036729364761,347.376449530863,0,80.4367166559625,0,190.185165668632,0,0,0,0,0,236.681907140956,0,0,138.425725342224,0,0,0,140.574866691684,0,74.4197823064597,314.611698427915,0,0,138.33942793804,0,0,0,0,133.984214699576,0,99.2646516363145,0,0,309.997227542691,96.5937438588657
0,0,0,0,0,0,0,0,0,218.045528847001,172.892533368851,0,0,0,0,0,0,0,0,0,0,0,0,212.592150359921,211.840482897052,0,78.9559315574845,300.031143529538,205.09013266389,0,0,160.530221557972,75.4497121078207,0,199.492852797962,0,0,0,178.748963182352,78.8552325762656,0
0,0,0,0,181.316358113209,0,0,0,0,0,151.806152521152,0,0,0,0,0,197.893790332676,0,0,0,0,0,0,125.416941482916,0,0,115.541295036174,0,136.685314494491,0,0,0,0,321.864157986053,202.712457066107,0,135.294330067913,0,198.964527389285,0,146.99041817625
0,0,0,0,0,0,0,0,0,219.040656038919,0,101.5853655613,0,236.681907140956,0,197.893790332676,0,0,0,0,124.698445421759,0,0,0,0,250.461724766314,225.013371621378,119.345624434514,0,0,0,0,0,0,0,0,0,259.442917595754,0,238.934743274142,0
142.054529471577,0,0,0,92.3502314520023,0,0,180.90030328818,0,0,0,195.378266313867,0,0,0,0,0,0,0,0,0,0,0,128.846764897717,0,0,0,215.611029055736,0,0,0,0,0,321.124897279917,0,0,179.718364159796,0,0,122.106946855269,0
306.640284138334,0,0,0,0,0,0,0,0,115.194491798135,0,0,0,0,0,0,0,0,0,0,0,0,0,0,0,262.382215657622,74.5815074003433,137.177378802006,134.960780198024,101.895308036513,146.770754374523,0,0,0,333.645516435298,90.1317194604647,0,0,0,161.74915061469,148.808626413748
0,0,0,0,115.332064605654,195.822649557859,0,0,0,96.7845769653343,345.797434674459,167.066576495979,0,138.425725342224,0,0,0,0,0,0,0,0,0,0,85.7623170715703,283.88658203332,214.116367924649,101.443495235174,0,0,0,0,111.226326353722,173.001559092555,163.059043292369,0,252.487290983309,0,120.567029282014,150.161410108805,241.635434294794
0,0,0,114.511014214502,0,0,0,280.376028997576,0,58.3493451392805,108.136066660554,263.534399241887,0,0,0,0,124.698445421759,0,0,0,0,0,0,0,0,0,0,173.059382066957,112.793316814908,0,0,0,0,255.441154257905,137.239127032733,171.906398392157,94.8881692391942,0,0,180.543851962045,0
0,0,0,0,0,133.218162784108,93.5029580098427,231.050882209,0,0,0,0,0,0,0,0,0,0,0,0,0,0,146.814226519809,0,0,0,0,0,0,104.915316975638,0,0,0,219.078548227669,0,0,228.075434767255,153.609372090384,0,0,0
0,249.798812580765,0,0,0,0,0,0,224.523755099568,205.839960264176,0,125.994729980093,0,0,0,0,0,0,0,0,0,146.814226519809,0,0,0,73.1029054543569,158.567996645797,0,174.013630695256,0,0,0,0,85.6072705949986,143.005810983322,172.608400267715,259.055025639447,197.486504603685,0,284.529238481835,283.248188884028
0,261.605527103798,153.453047983244,94.7280504127031,0,0,0,0,0,0,0,0,0,140.574866691684,212.592150359921,125.416941482916,0,128.846764897717,0,0,0,0,0,0,0,0,164.032723165762,112.823430872325,261.440278806413,0,118.522099274347,0,0,117.208001126138,192.601533877686,289.631679007608,82.1742780037132,141.204637091722,325.937289045041,320.356811100276,84.3635741045246
0,0,0,0,269.936825670274,0,0,0,0,106.926813611922,0,0,0,0,211.840482897052,0,0,0,0,85.7623170715703,0,0,0,0,0,0,0,101.605593487621,81.9664354533492,0,0,0,0,110.384905066973,186.348837226466,116.176698124939,0,0,0,92.5568465385234,0
0,119.728129215699,0,0,71.5579325720569,0,0,0,0,0,0,228.792310020318,0,74.4197823064597,0,0,250.461724766314,0,262.382215657622,283.88658203332,0,0,73.1029054543569,0,0,0,146.465927798921,175.196329314064,154.070293657878,193.63278243493,0,240.185081663983,0,348.674510760064,227.504408813069,178.683678585178,196.04190773555,0,90.7216186966914,163.945208919892,221.805809452716
0,0,0,0,232.945974238958,0,200.878319874537,0,155.24952173131,0,0,0,0,314.611698427915,78.9559315574845,115.541295036174,225.013371621378,0,74.5815074003433,214.116367924649,0,0,158.567996645797,164.032723165762,0,146.465927798921,0,186.973586461633,209.996727521564,0,0,0,0,92.5207898118833,0,80.8080171296381,94.7529894315991,94.126460729827,134.566479261133,0,231.715271819474
0,0,0,0,139.93285932648,195.314816908693,165.893015276821,192.135034768848,226.825099357786,184.249961885477,109.093416850988,98.417953423071,97.5855511246009,0,300.031143529538,0,119.345624434514,215.611029055736,137.177378802006,101.443495235174,173.059382066957,0,0,112.823430872325,101.605593487621,175.196329314064,186.973586461633,0,115.871357769661,0,0,0,0,94.027247878695,220.963068032256,154.784755881607,247.66948903751,173.201474590904,0,193.659409924573,187.77054666536
0,0,0,114.649126378906,253.401634605989,0,0,173.538155409849,161.275817184598,0,161.694997919804,0,0,0,205.09013266389,136.685314494491,0,0,134.960780198024,0,112.793316814908,0,174.013630695256,261.440278806413,81.9664354533492,154.070293657878,209.996727521564,115.871357769661,0,0,0,0,0,0,125.81518738273,0,97.3232815600345,120.912756812582,241.682021696872,251.098274723989,106.33736463831
0,0,0,0,0,0,0,89.707245288964,113.144980278377,73.4795582048751,0,329.719143597451,82.6299537488922,138.33942793804,0,0,0,0,101.895308036513,0,0,104.915316975638,0,0,0,193.63278243493,0,0,0,0,0,0,0,0,0,0,97.3506957544063,0,0,67.8267069095267,0
217.157696745803,0,0,128.405764333981,0,0,0,0,0,0,0,0,0,0,0,0,0,0,146.770754374523,0,0,0,0,118.522099274347,0,0,0,0,0,0,0,99.3508940827211,0,108.381749703452,0,0,0,0,0,0,0
0,0,115.868441404982,0,0,0,0,194.442125915551,0,161.325017232684,188.936291522747,0,0,0,160.530221557972,0,0,0,0,0,0,0,0,0,0,240.185081663983,0,0,0,0,99.3508940827211,0,0,213.67670887414,0,0,192.693757128262,154.065933476765,0,0,87.8456058929559
0,0,0,205.183249704085,0,204.481117647118,0,0,0,0,0,0,0,0,75.4497121078207,0,0,0,0,111.226326353722,0,0,0,0,0,0,0,0,0,0,0,0,0,0,169.453147353278,0,0,0,0,0,0
0,0,0,353.822894641502,0,100.812745974529,124.853650664477,206.472608421747,0,0,66.5008477853491,165.597665022977,93.4234866874731,0,0,321.864157986053,0,321.124897279917,0,173.001559092555,255.441154257905,219.078548227669,85.6072705949986,117.208001126138,110.384905066973,348.674510760064,92.5207898118833,94.027247878695,0,0,108.381749703452,213.67670887414,0,0,188.851177466023,323.781250289068,0,154.142998692322,171.230058197369,94.9380989123498,306.344527664232
0,220.901129804706,242.790381480436,0,0,0,222.053792850439,98.2230592632363,0,62.311273509377,335.371040201042,208.005106191961,0,133.984214699576,199.492852797962,202.712457066107,0,0,333.645516435298,163.059043292369,137.239127032733,0,143.005810983322,192.601533877686,186.348837226466,227.504408813069,0,220.963068032256,125.81518738273,0,0,0,169.453147353278,188.851177466023,0,103.519938150021,82.4756938751058,0,0,131.969743415579,106.128596538706
0,0,0,139.654362654449,82.6426202489162,162.833808134102,0,0,0,0,0,95.7590805983148,0,0,0,0,0,0,90.1317194604647,0,171.906398392157,0,172.608400267715,289.631679007608,116.176698124939,178.683678585178,80.8080171296381,154.784755881607,0,0,0,0,0,323.781250289068,103.519938150021,0,241.57250333243,72.2278283150671,145.74089716123,116.054372245433,76.5072790361762
0,89.9429017381717,357.423078228283,180.355266595273,151.695570509541,153.876396855887,0,338.131802716296,169.742003380707,62.859596780235,104.369974912428,74.7304794244225,0,99.2646516363145,0,135.294330067913,0,179.718364159796,0,252.487290983309,94.8881692391942,228.075434767255,259.055025639447,82.1742780037132,0,196.04190773555,94.7529894315991,247.66948903751,97.3232815600345,97.3506957544063,0,192.693757128262,0,0,82.4756938751058,241.57250333243,0,183.786860782462,151.075371308616,106.533627130087,204.084074037941
0,155.901486485736,0,0,206.912707094411,89.1590885155172,193.777661225572,0,160.537522273714,0,101.350815329073,223.705816669619,115.114253591495,0,0,0,259.442917595754,0,0,0,0,153.609372090384,197.486504603685,141.204637091722,0,0,94.126460729827,173.201474590904,120.912756812582,0,0,154.065933476765,0,154.142998692322,0,72.2278283150671,183.786860782462,0,0,0,139.792601838991
0,0,0,0,0,0,196.032358954952,201.100640800745,0,71.4788760670054,0,142.385058730083,0,0,178.748963182352,198.964527389285,0,0,0,120.567029282014,0,0,0,325.937289045041,0,90.7216186966914,134.566479261133,0,241.682021696872,0,0,0,0,171.230058197369,0,145.74089716123,151.075371308616,0,0,136.792307586862,0
0,0,0,135.667029391615,193.055010680236,158.955087279859,0,0,81.2827395071039,168.241326865882,198.528111506785,0,0,309.997227542691,78.8552325762656,0,238.934743274142,122.106946855269,161.74915061469,150.161410108805,180.543851962045,0,284.529238481835,320.356811100276,92.5568465385234,163.945208919892,0,193.659409924573,251.098274723989,67.8267069095267,0,0,0,94.9380989123498,131.969743415579,116.054372245433,106.533627130087,0,136.792307586862,0,0
0,0,153.672550905948,0,0,113.059176128709,276.620869034647,249.905610015455,0,128.530575464043,0,0,0,96.5937438588657,0,146.99041817625,0,0,148.808626413748,241.635434294794,0,0,283.248188884028,84.3635741045246,0,221.805809452716,231.715271819474,187.77054666536,106.33736463831,0,0,87.8456058929559,0,306.344527664232,106.128596538706,76.5072790361762,204.084074037941,139.792601838991,0,0,0
