0,0,0,0,0,0,0,192.693757128262,0,0,0,72.2278283150671,0,0,0,0,0,0,0,0,0,0,0,112.349934713559,0,0,0,0,174.013630695256,0,0,0,0,220.901129804706,0,0,250.461724766314,0,0,0,0
0,0,0,98.2230592632363,0,0,193.777661225572,0,0,0,0,213.67670887414,0,0,0,0,0,0,224.523755099568,0,0,0,0,0,0,0,219.078548227669,0,0,0,0,0,0,0,0,0,101.5853655613,0,0,141.204637091722,0
0,0,0,0,0,0,161.694997919804,0,0,0,0,0,0,0,0,0,0,0,0,0,0,0,0,0,0,0,154.142998692322,0,0,0,0,0,0,94.027247878695,217.157696745803,0,0,0,0,0,164.032723165762
0,98.2230592632363,0,0,0,0,0,197.893790332676,0,101.895308036513,0,0,0,98.417953423071,0,0,0,193.63278243493,184.249961885477,0,0,0,0,0,0,165.597665022977,160.537522273714,0,0,0,0,0,0,142.054529471577,119.728129215699,0,89.707245288964,0,162.833808134102,252.487290983309,0
0,0,0,0,0,171.230058197369,0,0,0,73.4795582048751,0,0,0,0,0,0,306.344527664232,0,197.486504603685,0,0,0,0,97.3506957544063,0,0,0,220.963068032256,0,0,0,0,0,137.189596148386,85.6072705949986,249.905610015455,269.936825670274,128.405764333981,205.839960264176,108.136066660554,122.106946855269
0,0,0,0,171.230058197369,0,0,0,153.453047983244,0,0,97.5855511246009,0,0,187.77054666536,0,0,82.4756938751058,0,0,0,0,224.551207449728,0,0,289.631679007608,0,0,348.674510760064,306.640284138334,62.859596780235,0,0,113.144980278377,0,95.7590805983148,112.793316814908,158.567996645797,0,0,0
0,193.777661225572,161.694997919804,0,0,0,0,0,0,0,161.74915061469,0,0,0,193.659409924573,101.85207633558,0,0,0,0,0,0,0,231.715271819474,0,178.748963182352,116.054372245433,0,0,0,192.135034768848,0,0,232.945974238958,0,0,206.472608421747,96.7845769653343,0,188.851177466023,0
192.693757128262,0,0,197.893790332676,0,0,0,0,0,78.8552325762656,71.5579325720569,175.196329314064,214.116367924649,0,0,0,0,0,236.681907140956,106.33736463831,0,0,0,0,93.5029580098427,0,0,82.1742780037132,0,251.098274723989,0,115.871357769661,0,74.7304794244225,138.425725342224,0,231.050882209,115.194491798135,0,0,0
0,0,0,0,0,153.453047983244,0,0,0,0,115.541295036174,139.654362654449,0,0,0,0,0,0,228.075434767255,0,104.369974912428,0,0,180.355266595273,0,0,0,255.441154257905,125.994729980093,0,0,0,0,241.57250333243,0,0,193.055010680236,94.7529894315991,0,0,0
0,0,0,101.895308036513,73.4795582048751,0,0,78.8552325762656,0,0,99.3508940827211,104.915316975638,136.685314494491,194.442125915551,0,0,128.846764897717,0,0,183.786860782462,0,212.592150359921,0,158.955087279859,0,151.695570509541,0,0,0,0,0,0,137.177378802006,114.511014214502,201.100640800745,0,221.805809452716,200.878319874537,0,112.823430872325,0
0,0,0,0,0,0,161.74915061469,71.5579325720569,115.541295036174,99.3508940827211,0,82.6426202489162,0,0,0,0,0,0,0,0,0,0,109.093416850988,321.124897279917,0,0,151.806152521152,165.893015276821,0,134.566479261133,0,0,262.382215657622,321.864157986053,154.070293657878,173.059382066957,0,0,146.465927798921,0,154.784755881607
72.2278283150671,213.67670887414,0,0,0,97.5855511246009,0,175.196329314064,139.654362654449,104.915316975638,82.6426202489162,0,0,215.611029055736,0,0,0,0,74.4197823064597,0,0,0,0,0,89.9429017381717,131.969743415579,188.936291522747,160.530221557972,62.311273509377,0,146.770754374523,0,0,263.534399241887,0,111.226326353722,357.423078228283,71.4788760670054,0,276.620869034647,208.005106191961
0,0,0,0,0,0,0,214.116367924649,0,136.685314494491,0,0,0,196.032358954952,0,67.8267069095267,0,0,0,0,0,0,228.792310020318,0,0,0,0,0,0,0,0,0,0,0,0,0,0,0,0,0,249.798812580765
0,0,0,98.417953423071,0,0,0,0,0,194.442125915551,0,215.611029055736,196.032358954952,0,115.332064605654,0,195.378266313867,0,0,0,0,0,178.683678585178,0,0,0,0,153.609372090384,0,0,0,0,195.314816908693,206.912707094411,133.984214699576,0,111.435629183184,0,92.3502314520023,153.672550905948,0
0,0,0,0,0,187.77054666536,193.659409924573,0,0,0,0,0,0,115.332064605654,0,0,0,0,0,0,0,0,0,0,0,0,137.239127032733,70.4221432298295,219.430938885781,120.912756812582,0,0,0,0,347.376449530863,0,94.126460729827,94.8881692391942,0,186.348837226466,140.574866691684
0,0,0,0,0,0,101.85207633558,0,0,0,0,0,67.8267069095267,0,0,0,0,0,0,0,0,0,117.208001126138,0,92.5568465385234,0,101.443495235174,219.040656038919,87.8456058929559,177.763106506206,0,0,0,0,218.045528847001,0,118.522099274347,0,0,73.1029054543569,0
0,0,0,0,306.344527664232,0,0,0,0,128.846764897717,0,0,0,195.378266313867,0,0,0,0,0,0,0,0,0,0,0,309.997227542691,0,209.996727521564,0,0,0,0,0,0,202.712457066107,76.5072790361762,151.075371308616,0,0,225.013371621378,353.822894641502
0,0,0,193.63278243493,0,82.4756938751058,0,0,0,0,0,0,0,0,0,0,0,0,0,169.742003380707,0,0,0,0,0,0,80.8080171296381,329.719143597451,61.0664810463559,0,0,0,0,198.964527389285,0,0,0,0,139.792601838991,0,196.04190773555
0,224.523755099568,0,184.249961885477,197.486504603685,0,0,236.681907140956,228.075434767255,0,0,74.4197823064597,0,0,0,0,0,0,0,0,0,0,155.901486485736,0,0,173.538155409849,0,58.3493451392805,0,0,0,0,0,0,205.183249704085,253.401634605989,186.973586461633,0,0,0,0
0,0,0,0,0,0,0,106.33736463831,0,183.786860782462,0,0,0,0,0,0,0,169.742003380707,0,0,90.7216186966914,283.88658203332,103.519938150021,128.530575464043,0,280.376028997576,161.325017232684,0,99.2646516363145,323.781250289068,0,0,0,120.567029282014,0,163.945208919892,124.698445421759,146.99041817625,227.504408813069,0,154.065933476765
0,0,0,0,0,0,0,0,104.369974912428,0,0,0,0,0,0,0,0,0,0,90.7216186966914,0,261.605527103798,0,261.440278806413,0,98.6790043377568,92.5207898118833,0,75.4497121078207,0,0,159.183173818572,0,190.185165668632,335.371040201042,0,171.906398392157,0,201.44584889478,101.350815329073,0
0,0,0,0,0,0,0,0,0,212.592150359921,0,0,0,0,0,0,0,0,0,283.88658203332,261.605527103798,0,0,172.892533368851,110.384905066973,0,0,106.128596538706,0,0,0,0,0,0,222.053792850439,0,0,0,0,138.33942793804,0
0,0,0,0,0,224.551207449728,0,0,0,0,109.093416850988,0,228.792310020318,178.683678585178,0,117.208001126138,0,0,155.901486485736,103.519938150021,0,0,0,0,0,89.1590885155172,0,0,345.797434674459,0,0,0,259.442917595754,0,0,81.9664354533492,94.7280504127031,124.853650664477,179.718364159796,0,320.356811100276
112.349934713559,0,0,0,97.3506957544063,0,231.715271819474,0,180.355266595273,158.955087279859,321.124897279917,0,0,0,0,0,0,0,0,128.530575464043,261.440278806413,172.892533368851,0,0,0,106.533627130087,94.9380989123498,148.808626413748,151.01089327964,0,0,0,303.527509149359,74.5815074003433,97.3232815600345,168.241326865882,192.601533877686,0,0,0,163.059043292369
0,0,0,0,0,0,0,93.5029580098427,0,0,0,89.9429017381717,0,0,0,92.5568465385234,0,0,0,0,0,110.384905066973,0,0,0,0,0,114.649126378906,82.6299537488922,0,0,0,0,146.814226519809,0,84.3635741045246,0,0,135.667029391615,314.611698427915,0
0,0,0,165.597665022977,0,289.631679007608,178.748963182352,0,0,151.695570509541,0,131.969743415579,0,0,0,0,309.997227542691,0,173.538155409849,280.376028997576,98.6790043377568,0,89.1590885155172,106.533627130087,0,0,0,66.5008477853491,0,241.682021696872,0,136.792307586862,0,135.294330067913,240.185081663983,134.960780198024,93.4234866874731,157.852515740516,0,90.1317194604647,0
0,219.078548227669,154.142998692322,160.537522273714,0,0,116.054372245433,0,0,0,151.806152521152,188.936291522747,0,0,137.239127032733,101.443495235174,0,80.8080171296381,0,161.325017232684,92.5207898118833,0,0,94.9380989123498,0,0,0,145.74089716123,0,0,0,125.416941482916,0,0,223.705816669619,195.822649557859,142.385058730083,338.131802716296,0,205.09013266389,238.934743274142
0,0,0,0,220.963068032256,0,0,82.1742780037132,255.441154257905,0,165.893015276821,160.530221557972,0,153.609372090384,70.4221432298295,219.040656038919,209.996727521564,329.719143597451,58.3493451392805,0,0,106.128596538706,0,148.808626413748,114.649126378906,66.5008477853491,145.74089716123,0,161.302948562323,0,113.059176128709,178.224497384947,0,89.3673883748406,180.90030328818,172.608400267715,283.248188884028,133.218162784108,125.81518738273,198.528111506785,300.031143529538
174.013630695256,0,0,0,0,348.674510760064,0,0,125.994729980093,0,0,62.311273509377,0,0,219.430938885781,87.8456058929559,0,61.0664810463559,0,99.2646516363145,75.4497121078207,0,345.797434674459,151.01089327964,82.6299537488922,0,0,161.302948562323,0,199.492852797962,0,242.790381480436,0,115.114253591495,211.840482897052,333.645516435298,151.036729364761,0,0,101.605593487621,169.453147353278
0,0,0,0,0,306.640284138334,0,251.098274723989,0,0,134.566479261133,0,0,0,120.912756812582,177.763106506206,0,0,0,323.781250289068,0,0,0,0,0,241.682021696872,0,0,199.492852797962,0,0,0,0,0,108.381749703452,0,284.529238481835,78.9559315574845,0,0,0
0,0,0,0,0,62.859596780235,192.135034768848,0,0,0,0,146.770754374523,0,0,0,0,0,0,0,0,0,0,0,0,0,0,0,113.059176128709,0,0,0,0,0,0,0,0,0,0,0,247.66948903751,173.201474590904
0,0,0,0,0,0,0,115.871357769661,0,0,0,0,0,0,0,0,0,0,0,0,159.183173818572,0,0,0,0,136.792307586862,125.416941482916,178.224497384947,242.790381480436,0,0,0,0,80.4367166559625,153.876396855887,0,241.635434294794,143.005810983322,150.161410108805,0,0
0,0,0,0,0,0,0,0,0,137.177378802006,262.382215657622,0,0,195.314816908693,0,0,0,0,0,0,0,0,259.442917595754,303.527509149359,0,0,0,0,0,0,0,0,0,0,0,0,0,0,0,0,0
220.901129804706,0,94.027247878695,142.054529471577,137.189596148386,113.144980278377,232.945974238958,74.7304794244225,241.57250333243,114.511014214502,321.864157986053,263.534399241887,0,206.912707094411,0,0,0,198.964527389285,0,120.567029282014,190.185165668632,0,0,74.5815074003433,146.814226519809,135.294330067913,0,89.3673883748406,115.114253591495,0,0,80.4367166559625,0,0,191.519780382943,204.084074037941,0,85.7623170715703,0,119.345624434514,259.055025639447
0,0,217.157696745803,119.728129215699,85.6072705949986,0,0,138.425725342224,0,201.100640800745,154.070293657878,0,0,133.984214699576,347.376449530863,218.045528847001,202.712457066107,0,205.183249704085,0,335.371040201042,222.053792850439,0,97.3232815600345,0,240.185081663983,223.705816669619,180.90030328818,211.840482897052,108.381749703452,0,153.876396855887,0,191.519780382943,0,0,325.937289045041,100.812745974529,0,226.825099357786,116.176698124939
0,0,0,0,249.905610015455,95.7590805983148,0,0,0,0,173.059382066957,111.226326353722,0,0,0,0,76.5072790361762,0,253.401634605989,163.945208919892,0,0,81.9664354533492,168.241326865882,84.3635741045246,134.960780198024,195.822649557859,172.608400267715,333.645516435298,0,0,0,0,204.084074037941,0,0,204.481117647118,180.543851962045,181.316358113209,155.24952173131,0
250.461724766314,101.5853655613,0,89.707245288964,269.936825670274,112.793316814908,206.472608421747,231.050882209,193.055010680236,221.805809452716,0,357.423078228283,0,111.435629183184,94.126460729827,118.522099274347,151.075371308616,0,186.973586461633,124.698445421759,171.906398392157,0,94.7280504127031,192.601533877686,0,93.4234866874731,142.385058730083,283.248188884028,151.036729364761,284.529238481835,0,241.635434294794,0,0,325.937289045041,204.481117647118,0,0,96.5937438588657,106.926813611922,173.001559092555
0,0,0,0,128.405764333981,158.567996645797,96.7845769653343,115.194491798135,94.7529894315991,200.878319874537,0,71.4788760670054,0,0,94.8881692391942,0,0,0,0,146.99041817625,0,0,124.853650664477,0,0,157.852515740516,338.131802716296,133.218162784108,0,78.9559315574845,0,143.005810983322,0,85.7623170715703,100.812745974529,180.543851962045,0,0,0,161.275817184598,81.2827395071039
0,0,0,162.833808134102,205.839960264176,0,0,0,0,0,146.465927798921,0,0,92.3502314520023,0,0,0,139.792601838991,0,227.504408813069,201.44584889478,0,179.718364159796,0,135.667029391615,0,0,125.81518738273,0,0,0,150.161410108805,0,0,0,181.316358113209,96.5937438588657,0,0,115.868441404982,167.066576495979
0,141.204637091722,0,252.487290983309,108.136066660554,0,188.851177466023,0,0,112.823430872325,0,276.620869034647,0,153.672550905948,186.348837226466,73.1029054543569,225.013371621378,0,0,0,101.350815329073,138.33942793804,0,0,314.611698427915,90.1317194604647,205.09013266389,198.528111506785,101.605593487621,0,247.66948903751,0,0,119.345624434514,226.825099357786,155.24952173131,106.926813611922,161.275817184598,115.868441404982,0,139.93285932648
0,0,164.032723165762,0,122.106946855269,0,0,0,0,0,154.784755881607,208.005106191961,249.798812580765,0,140.574866691684,0,353.822894641502,196.04190773555,0,154.065933476765,0,0,320.356811100276,163.059043292369,0,0,238.934743274142,300.031143529538,169.453147353278,0,173.201474590904,0,0,259.055025639447,116.176698124939,0,173.001559092555,81.2827395071039,167.066576495979,139.93285932648,0
