0,0,0,0,0,0,0,0,0,0,0,232.945974238958,0,0,0,0,0,0,0,0,0,0,0,0,0,0,0,276.620869034647,0,0,0,0,0,329.719143597451,0,0,94.9380989123498,0,78.9559315574845,0,259.055025639447
0,0,0,0,0,0,0,0,0,0,0,0,0,0,0,0,0,0,320.356811100276,0,0,0,164.032723165762,0,0,0,0,74.7304794244225,0,0,0,0,0,261.440278806413,70.4221432298295,162.833808134102,0,0,0,251.098274723989,0
0,0,0,0,0,0,0,0,0,289.631679007608,0,0,0,0,0,0,0,0,0,0,0,0,0,0,0,0,0,106.926813611922,0,0,0,134.960780198024,0,228.792310020318,0,240.185081663983,0,0,0,0,0
0,0,0,0,247.66948903751,0,0,0,0,195.314816908693,0,205.183249704085,0,0,0,0,309.997227542691,0,0,0,0,0,0,333.645516435298,96.5937438588657,0,98.2230592632363,112.349934713559,249.905610015455,0,0,0,0,80.8080171296381,0,0,137.239127032733,0,0,214.116367924649,186.348837226466
0,0,0,247.66948903751,0,0,0,0,0,0,280.376028997576,249.798812580765,0,0,0,0,0,0,0,0,74.4197823064597,0,154.142998692322,161.275817184598,0,0,0,226.825099357786,303.527509149359,101.895308036513,0,0,146.770754374523,111.435629183184,143.005810983322,0,141.204637091722,314.611698427915,0,0,0
0,0,0,0,0,0,106.33736463831,81.2827395071039,178.224497384947,0,0,0,0,0,0,0,135.667029391615,0,0,0,0,0,220.901129804706,0,0,0,0,75.4497121078207,73.1029054543569,0,0,0,0,119.728129215699,169.742003380707,153.672550905948,98.417953423071,241.682021696872,0,348.674510760064,101.350815329073
0,0,0,0,0,106.33736463831,0,150.161410108805,0,262.382215657622,0,0,0,0,62.859596780235,0,0,0,89.1590885155172,74.5815074003433,136.792307586862,0,0,0,0,0,0,306.640284138334,0,0,0,0,0,197.486504603685,101.605593487621,0,263.534399241887,155.901486485736,116.176698124939,0,0
0,0,0,0,0,81.2827395071039,150.161410108805,0,0,73.4795582048751,0,0,89.9429017381717,146.99041817625,0,0,177.763106506206,0,0,0,0,0,0,204.084074037941,0,202.712457066107,90.1317194604647,90.7216186966914,0,0,0,0,0,0,173.059382066957,228.075434767255,178.748963182352,0,115.332064605654,131.969743415579,148.808626413748
0,0,0,0,0,178.224497384947,0,0,0,151.695570509541,0,0,0,0,0,173.538155409849,111.226326353722,0,0,261.605527103798,0,0,0,0,0,0,82.4756938751058,0,0,161.694997919804,0,0,0,0,241.57250333243,0,0,151.01089327964,138.33942793804,0,300.031143529538
0,0,289.631679007608,195.314816908693,0,0,262.382215657622,73.4795582048751,151.695570509541,0,0,92.3502314520023,0,133.984214699576,0,0,0,0,117.208001126138,0,252.487290983309,168.241326865882,0,181.316358113209,0,0,109.093416850988,0,0,95.7590805983148,0,357.423078228283,0,161.325017232684,0,0,220.963068032256,0,0,82.6426202489162,201.100640800745
0,0,0,0,280.376028997576,0,0,0,0,0,0,338.131802716296,0,0,137.189596148386,208.005106191961,0,0,0,0,116.054372245433,0,0,0,0,0,231.050882209,194.442125915551,253.401634605989,165.893015276821,0,0,0,188.936291522747,62.311273509377,219.078548227669,157.852515740516,93.4234866874731,0,306.344527664232,255.441154257905
232.945974238958,0,0,205.183249704085,249.798812580765,0,0,0,0,92.3502314520023,338.131802716296,0,0,0,154.065933476765,206.912707094411,76.5072790361762,0,122.106946855269,0,174.013630695256,0,0,124.698445421759,0,0,145.74089716123,0,193.777661225572,0,94.126460729827,283.88658203332,0,0,142.054529471577,114.511014214502,0,108.136066660554,224.523755099568,153.609372090384,161.74915061469
0,0,0,0,0,0,0,89.9429017381717,0,0,0,0,0,61.0664810463559,0,0,0,0,0,184.249961885477,0,0,0,0,0,0,0,0,0,0,0,0,0,0,81.9664354533492,0,134.566479261133,0,0,345.797434674459,0
0,0,0,0,0,0,0,146.99041817625,0,133.984214699576,0,0,61.0664810463559,0,171.230058197369,0,0,0,0,0,0,0,0,238.934743274142,0,198.528111506785,0,178.683678585178,0,0,154.784755881607,0,0,112.793316814908,0,180.90030328818,135.294330067913,158.567996645797,0,169.453147353278,159.183173818572
0,0,0,0,0,0,62.859596780235,0,0,0,137.189596148386,154.065933476765,0,171.230058197369,0,231.715271819474,154.070293657878,0,89.707245288964,0,0,0,0,0,0,104.915316975638,0,0,85.7623170715703,222.053792850439,0,66.5008477853491,0,0,0,0,195.378266313867,0,0,0,0
0,0,0,0,0,0,0,0,173.538155409849,0,208.005106191961,206.912707094411,0,0,231.715271819474,0,0,0,0,114.649126378906,140.574866691684,0,0,213.67670887414,0,0,236.681907140956,0,0,0,0,224.551207449728,0,155.24952173131,0,0,0,0,0,200.878319874537,0
0,0,0,309.997227542691,0,135.667029391615,0,177.763106506206,111.226326353722,0,0,76.5072790361762,0,0,154.070293657878,0,0,137.177378802006,0,0,0,0,0,197.893790332676,0,0,0,0,160.530221557972,0,0,0,0,136.685314494491,0,0,0,0,0,0,0
0,0,0,0,0,0,0,0,0,0,0,0,0,0,0,0,137.177378802006,0,0,0,0,0,0,323.781250289068,0,0,125.81518738273,241.635434294794,0,225.013371621378,0,0,0,0,205.839960264176,0,99.2646516363145,139.654362654449,0,223.705816669619,0
0,320.356811100276,0,0,0,0,89.1590885155172,0,0,117.208001126138,0,122.106946855269,0,0,89.707245288964,0,0,0,0,0,0,0,0,0,0,94.027247878695,192.601533877686,198.964527389285,0,0,0,0,0,139.792601838991,120.912756812582,219.040656038919,204.481117647118,0,0,0,0
0,0,0,0,0,0,74.5815074003433,0,261.605527103798,0,0,0,184.249961885477,0,0,114.649126378906,0,0,0,0,0,0,78.8552325762656,71.5579325720569,187.77054666536,67.8267069095267,188.851177466023,173.201474590904,175.196329314064,0,151.806152521152,0,0,115.868441404982,0,120.567029282014,180.543851962045,221.805809452716,0,153.876396855887,0
0,0,0,0,74.4197823064597,0,136.792307586862,0,0,252.487290983309,116.054372245433,174.013630695256,0,0,0,140.574866691684,0,0,0,0,0,0,0,0,151.036729364761,71.4788760670054,0,58.3493451392805,0,0,0,0,0,0,0,115.871357769661,84.3635741045246,353.822894641502,0,0,153.453047983244
0,0,0,0,0,0,0,0,0,168.241326865882,0,0,0,0,0,0,0,0,0,0,0,0,0,0,0,186.973586461633,113.144980278377,0,0,0,0,0,0,101.85207633558,94.7280504127031,0,110.384905066973,0,115.194491798135,104.369974912428,0
0,164.032723165762,0,0,154.142998692322,220.901129804706,0,0,0,0,0,0,0,0,0,0,0,0,0,78.8552325762656,0,0,0,0,0,72.2278283150671,0,115.541295036174,165.597665022977,0,0,217.157696745803,0,92.5568465385234,103.519938150021,97.3232815600345,172.608400267715,321.864157986053,0,219.430938885781,321.124897279917
0,0,0,333.645516435298,161.275817184598,0,0,204.084074037941,0,181.316358113209,0,124.698445421759,0,238.934743274142,0,213.67670887414,197.893790332676,323.781250289068,0,71.5579325720569,0,0,0,0,0,161.302948562323,0,158.955087279859,227.504408813069,119.345624434514,0,199.492852797962,0,0,94.7529894315991,0,211.840482897052,283.248188884028,0,97.3506957544063,0
0,0,0,96.5937438588657,0,0,0,0,0,0,0,0,0,0,0,0,0,0,0,187.77054666536,151.036729364761,0,0,0,0,101.443495235174,0,87.8456058929559,0,0,0,0,0,192.693757128262,269.936825670274,0,183.786860782462,0,0,99.3508940827211,201.44584889478
0,0,0,0,0,0,0,202.712457066107,0,0,0,0,0,198.528111506785,104.915316975638,0,0,0,94.027247878695,67.8267069095267,71.4788760670054,186.973586461633,72.2278283150671,161.302948562323,101.443495235174,0,80.4367166559625,101.5853655613,100.812745974529,0,192.135034768848,0,82.1742780037132,125.416941482916,106.533627130087,196.032358954952,0,0,96.7845769653343,193.055010680236,0
0,0,0,98.2230592632363,0,0,0,90.1317194604647,82.4756938751058,109.093416850988,231.050882209,145.74089716123,0,0,0,236.681907140956,0,125.81518738273,192.601533877686,188.851177466023,0,113.144980278377,0,0,0,80.4367166559625,0,0,191.519780382943,0,0,0,325.937289045041,205.09013266389,125.994729980093,215.611029055736,0,180.355266595273,212.592150359921,142.385058730083,0
276.620869034647,74.7304794244225,106.926813611922,112.349934713559,226.825099357786,75.4497121078207,306.640284138334,90.7216186966914,0,0,194.442125915551,0,0,178.683678585178,0,0,0,241.635434294794,198.964527389285,173.201474590904,58.3493451392805,0,115.541295036174,158.955087279859,87.8456058929559,101.5853655613,0,0,179.718364159796,128.846764897717,0,250.461724766314,0,146.465927798921,171.906398392157,0,115.114253591495,195.822649557859,0,124.853650664477,173.001559092555
0,0,0,249.905610015455,303.527509149359,73.1029054543569,0,0,0,0,253.401634605989,193.777661225572,0,0,85.7623170715703,0,160.530221557972,0,0,175.196329314064,0,0,165.597665022977,227.504408813069,0,100.812745974529,191.519780382943,179.718364159796,0,193.659409924573,0,0,0,112.823430872325,128.405764333981,0,167.066576495979,82.6299537488922,209.996727521564,146.814226519809,163.945208919892
0,0,0,0,101.895308036513,0,0,0,161.694997919804,95.7590805983148,165.893015276821,0,0,0,222.053792850439,0,0,225.013371621378,0,0,0,0,0,119.345624434514,0,0,0,128.846764897717,193.659409924573,0,0,0,0,0,0,160.537522273714,196.04190773555,0,0,0,0
0,0,0,0,0,0,0,0,0,0,0,94.126460729827,0,154.784755881607,0,0,0,0,0,151.806152521152,0,0,0,0,0,192.135034768848,0,0,0,0,0,0,0,0,0,0,190.185165668632,0,128.530575464043,0,0
0,0,134.960780198024,0,0,0,0,0,0,357.423078228283,0,283.88658203332,0,0,66.5008477853491,224.551207449728,0,0,0,0,0,0,217.157696745803,199.492852797962,0,0,0,250.461724766314,0,0,0,0,0,0,206.472608421747,0,139.93285932648,0,0,0,89.3673883748406
0,0,0,0,146.770754374523,0,0,0,0,0,0,0,0,0,0,0,0,0,0,0,0,0,0,0,0,82.1742780037132,325.937289045041,0,0,0,0,0,0,0,0,0,0,118.522099274347,0,0,92.5207898118833
329.719143597451,261.440278806413,228.792310020318,80.8080171296381,111.435629183184,119.728129215699,197.486504603685,0,0,161.325017232684,188.936291522747,0,0,112.793316814908,0,155.24952173131,136.685314494491,0,139.792601838991,115.868441404982,0,101.85207633558,92.5568465385234,0,192.693757128262,125.416941482916,205.09013266389,146.465927798921,112.823430872325,0,0,0,0,0,0,0,242.790381480436,172.892533368851,259.442917595754,133.218162784108,163.059043292369
0,70.4221432298295,0,0,143.005810983322,169.742003380707,101.605593487621,173.059382066957,241.57250333243,0,62.311273509377,142.054529471577,81.9664354533492,0,0,0,0,205.839960264176,120.912756812582,0,0,94.7280504127031,103.519938150021,94.7529894315991,269.936825670274,106.533627130087,125.994729980093,171.906398392157,128.405764333981,0,0,206.472608421747,0,0,0,97.5855511246009,98.6790043377568,85.6072705949986,138.425725342224,151.075371308616,0
0,162.833808134102,240.185081663983,0,0,153.672550905948,0,228.075434767255,0,0,219.078548227669,114.511014214502,0,180.90030328818,0,0,0,0,219.040656038919,120.567029282014,115.871357769661,0,97.3232815600345,0,0,196.032358954952,215.611029055736,0,0,160.537522273714,0,0,0,0,97.5855511246009,0,347.376449530863,0,106.128596538706,108.381749703452,113.059176128709
94.9380989123498,0,0,137.239127032733,141.204637091722,98.417953423071,263.534399241887,178.748963182352,0,220.963068032256,157.852515740516,0,134.566479261133,135.294330067913,195.378266313867,0,0,99.2646516363145,204.481117647118,180.543851962045,84.3635741045246,110.384905066973,172.608400267715,211.840482897052,183.786860782462,0,0,115.114253591495,167.066576495979,196.04190773555,190.185165668632,139.93285932648,0,242.790381480436,98.6790043377568,347.376449530863,0,218.045528847001,93.5029580098427,94.8881692391942,0
0,0,0,0,314.611698427915,241.682021696872,155.901486485736,0,151.01089327964,0,93.4234866874731,108.136066660554,0,158.567996645797,0,0,0,139.654362654449,0,221.805809452716,353.822894641502,0,321.864157986053,283.248188884028,0,0,180.355266595273,195.822649557859,82.6299537488922,0,0,0,118.522099274347,172.892533368851,85.6072705949986,0,218.045528847001,0,0,0,284.529238481835
78.9559315574845,0,0,0,0,0,116.176698124939,115.332064605654,138.33942793804,0,0,224.523755099568,0,0,0,0,0,0,0,0,0,115.194491798135,0,0,0,96.7845769653343,212.592150359921,0,209.996727521564,0,128.530575464043,0,0,259.442917595754,138.425725342224,106.128596538706,93.5029580098427,0,0,0,335.371040201042
0,251.098274723989,0,214.116367924649,0,348.674510760064,0,131.969743415579,0,82.6426202489162,306.344527664232,153.609372090384,345.797434674459,169.453147353278,0,200.878319874537,0,223.705816669619,0,153.876396855887,0,104.369974912428,219.430938885781,97.3506957544063,99.3508940827211,193.055010680236,142.385058730083,124.853650664477,146.814226519809,0,0,0,0,133.218162784108,151.075371308616,108.381749703452,94.8881692391942,0,0,0,193.63278243493
259.055025639447,0,0,186.348837226466,0,101.350815329073,0,148.808626413748,300.031143529538,201.100640800745,255.441154257905,161.74915061469,0,159.183173818572,0,0,0,0,0,0,153.453047983244,0,321.124897279917,0,201.44584889478,0,0,173.001559092555,163.945208919892,0,0,89.3673883748406,92.5207898118833,163.059043292369,0,113.059176128709,0,284.529238481835,335.371040201042,193.63278243493,0
