0,0,0,171.230058197369,0,0,0,0,0,0,0,0,139.93285932648,0,0,0,0,0,0,0,0,0,0,0,0,73.4795582048751,0,106.128596538706,153.453047983244,0,0,0,0,0,0,0,99.3508940827211,0,0,0,0
0,0,0,0,0,0,142.054529471577,0,0,0,159.183173818572,0,0,0,0,93.5029580098427,0,0,0,0,0,283.248188884028,0,0,306.640284138334,0,0,0,158.955087279859,0,0,0,0,82.6299537488922,0,0,0,0,0,0,0
0,0,0,0,0,0,0,0,0,0,0,0,0,0,0,0,0,0,0,0,0,0,0,0,0,106.533627130087,0,220.963068032256,181.316358113209,0,0,0,0,0,0,0,90.7216186966914,0,0,0,128.405764333981
171.230058197369,0,0,0,0,0,0,0,0,0,140.574866691684,131.969743415579,0,0,0,0,0,0,0,0,0,0,0,0,93.4234866874731,116.054372245433,0,0,221.805809452716,0,0,0,0,227.504408813069,0,137.189596148386,136.792307586862,269.936825670274,124.698445421759,241.682021696872,183.786860782462
0,0,0,0,0,0,0,0,0,0,0,0,0,0,173.201474590904,0,89.1590885155172,0,0,0,0,0,85.6072705949986,345.797434674459,0,222.053792850439,218.045528847001,146.770754374523,137.177378802006,0,0,0,0,0,94.8881692391942,219.078548227669,200.878319874537,114.511014214502,0,173.001559092555,85.7623170715703
0,0,0,0,0,0,240.185081663983,0,0,223.705816669619,178.683678585178,136.685314494491,0,113.059176128709,161.302948562323,0,205.09013266389,0,134.566479261133,0,0,0,0,0,0,0,325.937289045041,172.608400267715,0,0,0,0,0,0,0,329.719143597451,0,115.541295036174,75.4497121078207,125.81518738273,0
0,142.054529471577,0,0,0,240.185081663983,0,112.349934713559,0,0,0,0,0,0,111.435629183184,0,0,0,0,206.912707094411,0,0,96.7845769653343,314.611698427915,0,259.442917595754,101.605593487621,146.814226519809,0,0,0,0,0,186.348837226466,0,0,175.196329314064,0,0,87.8456058929559,0
0,0,0,0,0,0,112.349934713559,0,0,195.378266313867,195.314816908693,193.777661225572,0,0,0,0,0,0,142.385058730083,188.936291522747,0,0,138.33942793804,0,0,0,160.537522273714,0,0,90.1317194604647,172.892533368851,103.519938150021,0,115.114253591495,280.376028997576,101.443495235174,347.376449530863,146.465927798921,0,0,0
0,0,0,0,0,0,0,0,0,0,0,155.24952173131,0,0,0,192.135034768848,0,0,0,0,58.3493451392805,0,0,82.1742780037132,0,92.5207898118833,118.522099274347,124.853650664477,0,0,0,0,0,80.4367166559625,226.825099357786,0,0,125.994729980093,0,187.77054666536,0
0,0,0,0,0,223.705816669619,0,195.378266313867,0,0,188.851177466023,193.659409924573,0,0,0,0,94.7280504127031,219.430938885781,0,111.226326353722,0,193.63278243493,231.050882209,115.868441404982,255.441154257905,0,0,82.4756938751058,122.106946855269,0,0,97.5855511246009,0,250.461724766314,106.926813611922,112.823430872325,155.901486485736,0,0,0,0
0,159.183173818572,0,140.574866691684,0,178.683678585178,0,195.314816908693,0,188.851177466023,0,163.945208919892,0,174.013630695256,0,0,0,0,0,0,0,0,0,120.912756812582,98.2230592632363,0,0,81.2827395071039,0,0,0,0,0,104.369974912428,116.176698124939,206.472608421747,154.065933476765,0,192.693757128262,214.116367924649,0
0,0,0,131.969743415579,0,136.685314494491,0,193.777661225572,155.24952173131,193.659409924573,163.945208919892,0,0,357.423078228283,0,0,0,114.649126378906,0,143.005810983322,320.356811100276,259.055025639447,0,0,0,115.332064605654,125.416941482916,112.793316814908,303.527509149359,0,0,0,249.798812580765,0,190.185165668632,0,173.059382066957,154.784755881607,0,198.528111506785,353.822894641502
139.93285932648,0,0,0,0,0,0,0,0,0,0,0,0,0,0,0,0,0,101.895308036513,0,0,0,0,0,0,0,0,99.2646516363145,0,0,0,0,0,74.5815074003433,165.893015276821,0,0,0,0,0,151.01089327964
0,0,0,0,0,113.059176128709,0,0,0,0,174.013630695256,357.423078228283,0,0,0,0,0,0,0,0,231.715271819474,212.592150359921,0,191.519780382943,0,154.070293657878,161.275817184598,62.311273509377,0,0,0,0,0,134.960780198024,98.6790043377568,0,0,224.551207449728,0,113.144980278377,211.840482897052
0,0,0,0,173.201474590904,161.302948562323,111.435629183184,0,0,0,0,0,0,0,0,0,0,0,62.859596780235,106.33736463831,0,0,0,0,0,141.204637091722,89.9429017381717,0,74.4197823064597,0,0,0,0,201.44584889478,0,0,139.654362654449,161.74915061469,0,109.093416850988,0
0,93.5029580098427,0,0,0,0,0,0,192.135034768848,0,0,0,0,0,0,0,0,0,0,220.901129804706,0,0,0,153.876396855887,0,0,0,135.667029391615,0,0,0,0,0,283.88658203332,209.996727521564,300.031143529538,108.136066660554,0,0,92.3502314520023,162.833808134102
0,0,0,0,89.1590885155172,205.09013266389,0,0,0,94.7280504127031,0,0,0,0,0,0,0,82.6426202489162,0,0,0,0,180.355266595273,348.674510760064,0,194.442125915551,0,236.681907140956,0,0,0,0,0,0,0,0,321.124897279917,0,0,178.748963182352,0
0,0,0,0,0,0,0,0,0,219.430938885781,0,114.649126378906,0,0,0,0,82.6426202489162,0,0,0,153.672550905948,0,0,94.027247878695,0,0,0,0,333.645516435298,167.066576495979,0,0,0,96.5937438588657,0,0,215.611029055736,0,0,0,0
0,0,0,0,0,134.566479261133,0,142.385058730083,0,0,0,0,101.895308036513,0,62.859596780235,0,0,0,0,0,161.694997919804,0,0,0,0,0,150.161410108805,0,0,0,0,0,0,284.529238481835,238.934743274142,0,0,309.997227542691,89.707245288964,208.005106191961,135.294330067913
0,0,0,0,0,0,206.912707094411,188.936291522747,0,111.226326353722,0,143.005810983322,0,0,106.33736463831,220.901129804706,0,0,0,0,0,0,133.984214699576,0,0,97.3232815600345,262.382215657622,101.350815329073,0,196.032358954952,173.538155409849,0,0,0,163.059043292369,0,228.075434767255,0,323.781250289068,95.7590805983148,171.906398392157
0,0,0,0,0,0,0,0,58.3493451392805,0,0,320.356811100276,0,231.715271819474,0,0,0,153.672550905948,161.694997919804,0,0,0,0,263.534399241887,0,108.381749703452,0,0,202.712457066107,0,0,0,0,0,74.7304794244225,0,153.609372090384,158.567996645797,253.401634605989,70.4221432298295,0
0,283.248188884028,0,0,0,0,0,0,0,193.63278243493,0,259.055025639447,0,212.592150359921,0,0,0,0,0,0,0,0,0,0,0,0,137.239127032733,0,0,0,0,0,0,197.893790332676,0,0,81.9664354533492,0,0,0,179.718364159796
0,0,0,0,85.6072705949986,0,96.7845769653343,138.33942793804,0,231.050882209,0,0,0,0,0,0,180.355266595273,0,0,133.984214699576,0,0,0,0,195.822649557859,0,0,160.530221557972,120.567029282014,252.487290983309,0,0,0,247.66948903751,98.417953423071,205.839960264176,0,0,0,61.0664810463559,204.084074037941
0,0,0,0,345.797434674459,0,314.611698427915,0,82.1742780037132,115.868441404982,120.912756812582,0,0,191.519780382943,0,153.876396855887,348.674510760064,94.027247878695,0,0,263.534399241887,0,0,0,0,177.763106506206,0,139.792601838991,94.7529894315991,0,151.075371308616,138.425725342224,0,193.055010680236,94.9380989123498,0,154.142998692322,0,0,117.208001126138,0
0,306.640284138334,0,93.4234866874731,0,0,0,0,0,255.441154257905,98.2230592632363,0,0,0,0,0,0,0,0,0,0,0,195.822649557859,0,0,0,0,115.194491798135,0,0,0,0,128.530575464043,151.806152521152,76.5072790361762,0,0,0,97.3506957544063,0,0
73.4795582048751,0,106.533627130087,116.054372245433,222.053792850439,0,259.442917595754,0,92.5207898118833,0,0,115.332064605654,0,154.070293657878,141.204637091722,0,194.442125915551,0,0,97.3232815600345,108.381749703452,0,0,177.763106506206,0,0,0,165.597665022977,169.453147353278,104.915316975638,0,201.100640800745,0,0,204.481117647118,0,73.1029054543569,0,0,0,145.74089716123
0,0,0,0,218.045528847001,325.937289045041,101.605593487621,160.537522273714,118.522099274347,0,0,125.416941482916,0,161.275817184598,89.9429017381717,0,0,0,150.161410108805,262.382215657622,0,137.239127032733,0,0,0,0,0,199.492852797962,119.728129215699,0,0,321.864157986053,0,67.8267069095267,119.345624434514,0,128.846764897717,196.04190773555,0,133.218162784108,197.486504603685
106.128596538706,0,220.963068032256,0,146.770754374523,172.608400267715,146.814226519809,0,124.853650664477,82.4756938751058,81.2827395071039,112.793316814908,99.2646516363145,62.311273509377,0,135.667029391615,236.681907140956,0,0,101.350815329073,0,0,160.530221557972,139.792601838991,115.194491798135,165.597665022977,199.492852797962,0,0,89.3673883748406,0,224.523755099568,249.905610015455,0,92.5568465385234,0,232.945974238958,0,261.605527103798,241.635434294794,110.384905066973
153.453047983244,158.955087279859,181.316358113209,221.805809452716,137.177378802006,0,0,0,0,122.106946855269,0,303.527509149359,0,0,74.4197823064597,0,0,333.645516435298,0,0,202.712457066107,0,120.567029282014,94.7529894315991,0,169.453147353278,119.728129215699,0,0,0,0,0,0,101.5853655613,78.9559315574845,228.792310020318,94.126460729827,338.131802716296,72.2278283150671,0,151.036729364761
0,0,0,0,0,0,0,90.1317194604647,0,0,0,0,0,0,0,0,0,167.066576495979,0,196.032358954952,0,0,252.487290983309,0,0,104.915316975638,0,89.3673883748406,0,0,0,0,0,0,217.157696745803,78.8552325762656,186.973586461633,198.964527389285,242.790381480436,0,0
0,0,0,0,0,0,0,172.892533368851,0,0,0,0,0,0,0,0,0,0,0,173.538155409849,0,0,0,151.075371308616,0,0,0,0,0,0,0,0,100.812745974529,0,0,289.631679007608,0,0,180.90030328818,0,0
0,0,0,0,0,0,0,103.519938150021,0,97.5855511246009,0,0,0,0,0,0,0,0,0,0,0,0,0,138.425725342224,0,201.100640800745,321.864157986053,224.523755099568,0,0,0,0,0,261.440278806413,0,169.742003380707,241.57250333243,84.3635741045246,0,101.85207633558,0
0,0,0,0,0,0,0,0,0,0,0,249.798812580765,0,0,0,0,0,0,0,0,0,0,0,0,128.530575464043,0,0,249.905610015455,0,0,100.812745974529,0,0,0,0,66.5008477853491,0,0,0,0,0
0,82.6299537488922,0,227.504408813069,0,0,186.348837226466,115.114253591495,80.4367166559625,250.461724766314,104.369974912428,0,74.5815074003433,134.960780198024,201.44584889478,283.88658203332,0,96.5937438588657,284.529238481835,0,0,197.893790332676,247.66948903751,193.055010680236,151.806152521152,0,67.8267069095267,0,101.5853655613,0,0,261.440278806413,0,0,0,80.8080171296381,335.371040201042,184.249961885477,148.808626413748,115.871357769661,146.99041817625
0,0,0,0,94.8881692391942,0,0,280.376028997576,226.825099357786,106.926813611922,116.176698124939,190.185165668632,165.893015276821,98.6790043377568,0,209.996727521564,0,0,238.934743274142,163.059043292369,74.7304794244225,0,98.417953423071,94.9380989123498,76.5072790361762,204.481117647118,119.345624434514,92.5568465385234,78.9559315574845,217.157696745803,0,0,0,0,0,0,225.013371621378,157.852515740516,151.695570509541,71.5579325720569,219.040656038919
0,0,0,137.189596148386,219.078548227669,329.719143597451,0,101.443495235174,0,112.823430872325,206.472608421747,0,0,0,0,300.031143529538,0,0,0,0,0,0,205.839960264176,0,0,0,0,0,228.792310020318,78.8552325762656,289.631679007608,169.742003380707,66.5008477853491,80.8080171296381,0,0,168.241326865882,71.4788760670054,205.183249704085,178.224497384947,306.344527664232
99.3508940827211,0,90.7216186966914,136.792307586862,200.878319874537,0,175.196329314064,347.376449530863,0,155.901486485736,154.065933476765,173.059382066957,0,0,139.654362654449,108.136066660554,321.124897279917,215.611029055736,0,228.075434767255,153.609372090384,81.9664354533492,0,154.142998692322,0,73.1029054543569,128.846764897717,232.945974238958,94.126460729827,186.973586461633,0,241.57250333243,0,335.371040201042,225.013371621378,168.241326865882,0,164.032723165762,180.543851962045,276.620869034647,251.098274723989
0,0,0,269.936825670274,114.511014214502,115.541295036174,0,146.465927798921,125.994729980093,0,0,154.784755881607,0,224.551207449728,161.74915061469,0,0,0,309.997227542691,0,158.567996645797,0,0,0,0,0,196.04190773555,0,338.131802716296,198.964527389285,0,84.3635741045246,0,184.249961885477,157.852515740516,71.4788760670054,164.032723165762,0,0,192.601533877686,161.325017232684
0,0,0,124.698445421759,0,75.4497121078207,0,0,0,0,192.693757128262,0,0,0,0,0,0,0,89.707245288964,323.781250289068,253.401634605989,0,0,0,97.3506957544063,0,0,261.605527103798,72.2278283150671,242.790381480436,180.90030328818,0,0,148.808626413748,151.695570509541,205.183249704085,180.543851962045,0,0,0,0
0,0,0,241.682021696872,173.001559092555,125.81518738273,87.8456058929559,0,187.77054666536,0,214.116367924649,198.528111506785,0,113.144980278377,109.093416850988,92.3502314520023,178.748963182352,0,208.005106191961,95.7590805983148,70.4221432298295,0,61.0664810463559,117.208001126138,0,0,133.218162784108,241.635434294794,0,0,0,101.85207633558,0,115.871357769661,71.5579325720569,178.224497384947,276.620869034647,192.601533877686,0,0,213.67670887414
0,0,128.405764333981,183.786860782462,85.7623170715703,0,0,0,0,0,0,353.822894641502,151.01089327964,211.840482897052,0,162.833808134102,0,0,135.294330067913,171.906398392157,0,179.718364159796,204.084074037941,0,0,145.74089716123,197.486504603685,110.384905066973,151.036729364761,0,0,0,0,146.99041817625,219.040656038919,306.344527664232,251.098274723989,161.325017232684,0,213.67670887414,0
