0,0,0,0,80.8080171296381,0,73.1029054543569,0,0,0,0,0,0,0,0,0,0,0,0,0,0,0,0,0,0,0,0,155.901486485736,0,0,0,0,0,0,151.695570509541,0,0,0,0,89.707245288964,306.640284138334
0,0,0,0,0,0,165.893015276821,314.611698427915,0,84.3635741045246,0,0,0,0,0,0,0,0,300.031143529538,0,151.806152521152,0,0,0,0,0,0,146.814226519809,0,0,0,0,0,0,0,78.9559315574845,0,0,0,0,0
0,0,0,0,0,0,0,0,0,0,193.659409924573,0,0,0,0,0,0,0,0,0,0,0,0,0,0,0,0,136.685314494491,0,0,0,0,0,0,217.157696745803,82.1742780037132,0,90.7216186966914,0,0,0
0,0,0,0,82.6426202489162,0,0,269.936825670274,0,0,72.2278283150671,0,0,0,0,0,0,0,0,261.605527103798,0,0,0,112.349934713559,0,95.7590805983148,0,163.059043292369,66.5008477853491,0,0,92.5568465385234,0,283.248188884028,0,139.93285932648,97.3506957544063,186.348837226466,0,0,0
80.8080171296381,0,0,82.6426202489162,0,93.4234866874731,89.1590885155172,0,0,0,183.786860782462,0,0,0,0,0,94.027247878695,0,0,0,0,0,0,0,94.8881692391942,0,0,96.7845769653343,0,0,0,0,0,101.443495235174,249.798812580765,103.519938150021,175.196329314064,0,303.527509149359,0,78.8552325762656
0,0,0,0,93.4234866874731,0,0,114.649126378906,161.694997919804,0,0,0,0,0,276.620869034647,187.77054666536,114.511014214502,0,0,0,117.208001126138,0,0,62.859596780235,0,174.013630695256,0,71.5579325720569,0,0,0,0,137.177378802006,178.748963182352,158.567996645797,0,0,0,0,0,108.381749703452
73.1029054543569,165.893015276821,0,0,89.1590885155172,0,0,115.332064605654,0,0,139.654362654449,0,0,163.945208919892,193.63278243493,0,0,0,0,231.715271819474,0,0,242.790381480436,0,0,81.9664354533492,0,0,0,0,0,0,0,0,173.059382066957,0,169.742003380707,0,0,165.597665022977,0
0,314.611698427915,0,269.936825670274,0,114.649126378906,115.332064605654,0,150.161410108805,215.611029055736,0,0,0,0,0,0,0,0,125.416941482916,0,0,0,0,169.453147353278,0,224.551207449728,205.839960264176,0,198.528111506785,0,0,0,0,67.8267069095267,120.912756812582,0,251.098274723989,0,0,151.075371308616,115.871357769661
0,0,0,0,0,161.694997919804,0,150.161410108805,0,0,0,146.465927798921,0,0,218.045528847001,0,0,0,0,0,0,0,0,180.543851962045,0,120.567029282014,0,0,219.430938885781,0,0,0,0,0,115.541295036174,249.905610015455,96.5937438588657,0,0,193.055010680236,0
0,84.3635741045246,0,0,0,0,0,215.611029055736,0,0,0,345.797434674459,0,101.605593487621,0,0,223.705816669619,0,0,0,0,0,0,81.2827395071039,0,106.128596538706,214.116367924649,255.441154257905,321.124897279917,0,0,0,180.90030328818,199.492852797962,192.135034768848,213.67670887414,73.4795582048751,137.239127032733,0,94.126460729827,98.417953423071
0,0,193.659409924573,72.2278283150671,183.786860782462,0,139.654362654449,0,0,0,0,0,0,0,0,0,0,0,0,89.3673883748406,198.964527389285,0,155.24952173131,0,0,201.100640800745,134.960780198024,119.345624434514,173.538155409849,0,0,0,0,154.070293657878,178.683678585178,0,191.519780382943,180.355266595273,0,225.013371621378,0
0,0,0,0,0,0,0,0,146.465927798921,345.797434674459,0,0,0,154.784755881607,353.822894641502,0,309.997227542691,0,0,204.084074037941,0,139.792601838991,250.461724766314,0,138.33942793804,283.88658203332,0,241.682021696872,0,167.066576495979,153.609372090384,211.840482897052,0,227.504408813069,85.6072705949986,0,154.065933476765,263.534399241887,172.608400267715,106.926813611922,128.530575464043
0,0,0,0,0,0,0,0,0,0,0,0,0,0,0,0,0,0,0,0,241.635434294794,0,0,148.808626413748,0,161.325017232684,0,0,160.530221557972,0,0,253.401634605989,0,0,0,0,90.1317194604647,0,0,0,0
0,0,0,0,0,0,163.945208919892,0,0,101.605593487621,0,154.784755881607,0,0,0,0,0,280.376028997576,0,159.183173818572,0,0,0,146.99041817625,0,0,193.777661225572,0,0,0,0,0,75.4497121078207,171.230058197369,321.864157986053,0,0,99.3508940827211,133.218162784108,145.74089716123,104.369974912428
0,0,0,0,0,276.620869034647,193.63278243493,0,218.045528847001,0,0,353.822894641502,0,0,0,0,0,146.770754374523,0,0,0,0,0,0,0,94.9380989123498,80.4367166559625,284.529238481835,0,0,0,0,0,58.3493451392805,0,142.385058730083,0,0,0,61.0664810463559,101.5853655613
0,0,0,0,0,187.77054666536,0,0,0,0,0,0,0,0,0,0,0,0,0,168.241326865882,0,0,0,97.5855511246009,0,201.44584889478,228.075434767255,196.032358954952,0,138.425725342224,0,0,0,0,0,0,0,101.895308036513,259.442917595754,113.059176128709,116.176698124939
0,0,0,0,94.027247878695,114.511014214502,0,0,0,223.705816669619,0,309.997227542691,0,0,0,0,0,0,0,0,0,0,0,0,0,0,241.57250333243,220.963068032256,133.984214699576,0,0,0,0,0,137.189596148386,0,197.893790332676,220.901129804706,0,0,0
0,0,0,0,0,0,0,0,0,0,0,0,0,280.376028997576,146.770754374523,0,0,0,0,0,0,0,0,0,0,0,196.04190773555,89.9429017381717,0,0,0,0,0,262.382215657622,357.423078228283,142.054529471577,0,0,0,94.7280504127031,106.533627130087
0,300.031143529538,0,0,0,0,0,125.416941482916,0,0,0,0,0,0,0,0,0,0,0,106.33736463831,0,0,0,289.631679007608,113.144980278377,0,228.792310020318,124.853650664477,0,0,0,140.574866691684,0,0,325.937289045041,128.846764897717,158.955087279859,333.645516435298,0,0,0
0,0,0,261.605527103798,0,0,231.715271819474,0,0,0,89.3673883748406,204.084074037941,0,159.183173818572,0,168.241326865882,0,0,106.33736463831,0,173.201474590904,192.601533877686,221.805809452716,0,0,0,0,0,206.472608421747,195.314816908693,0,0,0,0,0,186.973586461633,115.194491798135,160.537522273714,161.275817184598,0,194.442125915551
0,151.806152521152,0,0,0,117.208001126138,0,0,0,0,198.964527389285,0,241.635434294794,0,0,0,0,0,0,173.201474590904,0,0,97.3232815600345,99.2646516363145,153.453047983244,0,0,224.523755099568,0,0,0,179.718364159796,0,122.106946855269,0,0,71.4788760670054,0,0,188.936291522747,0
0,0,0,0,0,0,0,0,0,0,0,139.792601838991,0,0,0,0,0,0,0,192.601533877686,0,0,0,195.378266313867,0,0,0,0,0,0,0,0,0,205.183249704085,173.001559092555,206.912707094411,219.078548227669,157.852515740516,0,0,0
0,0,0,0,0,0,242.790381480436,0,0,0,155.24952173131,250.461724766314,0,0,0,0,0,0,0,221.805809452716,97.3232815600345,0,0,0,329.719143597451,0,0,320.356811100276,0,195.822649557859,306.344527664232,0,0,172.892533368851,82.6299537488922,0,134.566479261133,190.185165668632,204.481117647118,0,338.131802716296
0,0,0,112.349934713559,0,62.859596780235,0,169.453147353278,180.543851962045,81.2827395071039,0,0,148.808626413748,146.99041817625,0,97.5855511246009,0,0,289.631679007608,0,99.2646516363145,195.378266313867,0,0,0,0,0,232.945974238958,87.8456058929559,0,0,0,0,93.5029580098427,247.66948903751,153.672550905948,240.185081663983,76.5072790361762,0,335.371040201042,0
0,0,0,0,94.8881692391942,0,0,0,0,0,0,138.33942793804,0,0,0,0,0,0,113.144980278377,0,153.453047983244,0,329.719143597451,0,0,0,0,74.4197823064597,0,0,0,0,0,0,0,192.693757128262,178.224497384947,0,98.6790043377568,135.667029391615,0
0,0,0,95.7590805983148,0,174.013630695256,81.9664354533492,224.551207449728,120.567029282014,106.128596538706,201.100640800745,283.88658203332,161.325017232684,0,94.9380989123498,201.44584889478,0,0,0,0,0,0,0,0,0,0,128.405764333981,100.812745974529,82.4756938751058,323.781250289068,0,98.2230592632363,0,125.994729980093,0,252.487290983309,111.226326353722,0,92.5207898118833,0,0
0,0,0,0,0,0,0,205.839960264176,0,214.116367924649,134.960780198024,0,0,193.777661225572,80.4367166559625,228.075434767255,241.57250333243,196.04190773555,228.792310020318,0,0,0,0,0,0,128.405764333981,0,348.674510760064,184.249961885477,151.01089327964,0,0,0,115.114253591495,125.81518738273,0,116.054372245433,162.833808134102,236.681907140956,171.906398392157,161.302948562323
155.901486485736,146.814226519809,136.685314494491,163.059043292369,96.7845769653343,71.5579325720569,0,0,0,255.441154257905,119.345624434514,241.682021696872,0,0,284.529238481835,196.032358954952,220.963068032256,89.9429017381717,124.853650664477,0,224.523755099568,0,320.356811100276,232.945974238958,74.4197823064597,100.812745974529,348.674510760064,0,154.142998692322,0,0,0,112.793316814908,0,115.868441404982,209.996727521564,177.763106506206,0,0,119.728129215699,104.915316975638
0,0,0,66.5008477853491,0,0,0,198.528111506785,219.430938885781,321.124897279917,173.538155409849,0,160.530221557972,0,0,0,133.984214699576,0,0,206.472608421747,0,0,0,87.8456058929559,0,82.4756938751058,184.249961885477,154.142998692322,0,0,205.09013266389,226.825099357786,0,231.050882209,164.032723165762,94.7529894315991,124.698445421759,0,136.792307586862,118.522099274347,238.934743274142
0,0,0,0,0,0,0,0,0,0,0,167.066576495979,0,0,0,138.425725342224,0,0,0,195.314816908693,0,0,195.822649557859,0,0,323.781250289068,151.01089327964,0,0,0,131.969743415579,0,0,219.040656038919,0,0,197.486504603685,0,74.7304794244225,0,200.878319874537
0,0,0,0,0,0,0,0,0,0,0,153.609372090384,0,0,0,0,0,0,0,0,0,0,306.344527664232,0,0,0,0,0,205.09013266389,131.969743415579,0,0,0,108.136066660554,0,0,0,92.3502314520023,0,0,0
0,0,0,92.5568465385234,0,0,0,0,0,0,0,211.840482897052,253.401634605989,0,0,0,0,0,140.574866691684,0,179.718364159796,0,0,0,0,98.2230592632363,0,0,226.825099357786,0,0,0,0,135.294330067913,151.036729364761,0,202.712457066107,0,0,261.440278806413,0
0,0,0,0,0,137.177378802006,0,0,0,180.90030328818,0,0,0,75.4497121078207,0,0,0,0,0,0,0,0,0,0,0,0,0,112.793316814908,0,0,0,0,0,0,0,0,259.055025639447,0,0,0,0
0,0,0,283.248188884028,101.443495235174,178.748963182352,0,67.8267069095267,0,199.492852797962,154.070293657878,227.504408813069,0,171.230058197369,58.3493451392805,0,0,262.382215657622,0,0,122.106946855269,205.183249704085,172.892533368851,93.5029580098427,0,125.994729980093,115.114253591495,0,231.050882209,219.040656038919,108.136066660554,135.294330067913,0,0,212.592150359921,0,101.85207633558,101.350815329073,161.74915061469,208.005106191961,111.435629183184
151.695570509541,0,217.157696745803,0,249.798812580765,158.567996645797,173.059382066957,120.912756812582,115.541295036174,192.135034768848,178.683678585178,85.6072705949986,0,321.864157986053,0,0,137.189596148386,357.423078228283,325.937289045041,0,0,173.001559092555,82.6299537488922,247.66948903751,0,0,125.81518738273,115.868441404982,164.032723165762,0,0,151.036729364761,0,212.592150359921,0,222.053792850439,0,0,0,109.093416850988,62.311273509377
0,78.9559315574845,82.1742780037132,139.93285932648,103.519938150021,0,0,0,249.905610015455,213.67670887414,0,0,0,0,142.385058730083,0,0,142.054529471577,128.846764897717,186.973586461633,0,206.912707094411,0,153.672550905948,192.693757128262,252.487290983309,0,209.996727521564,94.7529894315991,0,0,0,0,0,222.053792850439,0,188.851177466023,0,0,70.4221432298295,0
0,0,0,97.3506957544063,175.196329314064,0,169.742003380707,251.098274723989,96.5937438588657,73.4795582048751,191.519780382943,154.065933476765,90.1317194604647,0,0,0,197.893790332676,0,158.955087279859,115.194491798135,71.4788760670054,219.078548227669,134.566479261133,240.185081663983,178.224497384947,111.226326353722,116.054372245433,177.763106506206,124.698445421759,197.486504603685,0,202.712457066107,259.055025639447,101.85207633558,0,188.851177466023,0,347.376449530863,181.316358113209,112.823430872325,74.5815074003433
0,0,90.7216186966914,186.348837226466,0,0,0,0,0,137.239127032733,180.355266595273,263.534399241887,0,99.3508940827211,0,101.895308036513,220.901129804706,0,333.645516435298,160.537522273714,0,157.852515740516,190.185165668632,76.5072790361762,0,0,162.833808134102,0,0,0,92.3502314520023,0,0,101.350815329073,0,0,347.376449530863,0,143.005810983322,153.876396855887,110.384905066973
0,0,0,0,303.527509149359,0,0,0,0,0,0,172.608400267715,0,133.218162784108,0,259.442917595754,0,0,0,161.275817184598,0,0,204.481117647118,0,98.6790043377568,92.5207898118833,236.681907140956,0,136.792307586862,74.7304794244225,0,0,0,161.74915061469,0,0,181.316358113209,143.005810983322,0,141.204637091722,0
89.707245288964,0,0,0,0,0,165.597665022977,151.075371308616,193.055010680236,94.126460729827,225.013371621378,106.926813611922,0,145.74089716123,61.0664810463559,113.059176128709,0,94.7280504127031,0,0,188.936291522747,0,0,335.371040201042,135.667029391615,0,171.906398392157,119.728129215699,118.522099274347,0,0,261.440278806413,0,208.005106191961,109.093416850988,70.4221432298295,112.823430872325,153.876396855887,141.204637091722,0,85.7623170715703
306.640284138334,0,0,0,78.8552325762656,108.381749703452,0,115.871357769661,0,98.417953423071,0,128.530575464043,0,104.369974912428,101.5853655613,116.176698124939,0,106.533627130087,0,194.442125915551,0,0,338.131802716296,0,0,0,161.302948562323,104.915316975638,238.934743274142,200.878319874537,0,0,0,111.435629183184,62.311273509377,0,74.5815074003433,110.384905066973,0,85.7623170715703,0
