0,0,0,0,0,0,0,0,0,154.784755881607,0,228.075434767255,0,108.136066660554,0,0,155.24952173131,0,0,0,0,0,195.378266313867,0,0,0,0,0,0,0,0,0,0,0,0,0,146.99041817625,0,0,0,0
0,0,0,0,250.461724766314,0,0,0,0,0,0,0,0,0,0,0,0,0,0,0,106.926813611922,0,165.597665022977,0,0,0,0,205.183249704085,0,0,0,0,0,104.369974912428,0,100.812745974529,208.005106191961,0,0,0,0
0,0,0,0,0,0,0,0,0,0,136.685314494491,0,0,0,0,0,0,0,0,0,0,0,0,0,0,0,0,0,0,0,0,0,0,0,0,0,115.868441404982,242.790381480436,0,173.059382066957,112.349934713559
0,0,0,0,283.88658203332,0,0,0,0,0,0,103.519938150021,0,0,0,193.055010680236,0,139.93285932648,0,0,0,116.054372245433,0,0,174.013630695256,62.311273509377,0,82.6426202489162,0,0,0,0,0,160.530221557972,240.185081663983,0,0,137.189596148386,73.1029054543569,347.376449530863,0
0,250.461724766314,0,283.88658203332,0,0,172.608400267715,0,0,204.084074037941,0,178.224497384947,0,165.893015276821,0,0,263.534399241887,0,0,0,0,0,0,241.57250333243,192.135034768848,0,101.605593487621,0,0,0,0,0,0,161.302948562323,0,0,128.405764333981,0,148.808626413748,0,117.208001126138
0,0,0,0,0,0,0,134.960780198024,193.777661225572,101.85207633558,0,0,135.667029391615,0,289.631679007608,0,0,0,0,178.748963182352,335.371040201042,0,0,0,0,145.74089716123,0,261.440278806413,219.430938885781,0,0,159.183173818572,0,139.792601838991,155.901486485736,0,110.384905066973,0,0,0,0
0,0,0,0,172.608400267715,0,0,0,0,94.8881692391942,192.601533877686,164.032723165762,0,115.194491798135,238.934743274142,0,0,0,0,0,0,0,179.718364159796,62.859596780235,309.997227542691,0,0,0,0,0,0,0,0,0,219.078548227669,0,188.936291522747,0,98.2230592632363,161.325017232684,0
0,0,0,0,0,134.960780198024,0,0,154.142998692322,177.763106506206,58.3493451392805,223.705816669619,0,0,96.7845769653343,0,0,0,0,0,0,0,142.054529471577,0,0,173.201474590904,84.3635741045246,180.355266595273,228.792310020318,0,0,96.5937438588657,0,0,106.33736463831,0,172.892533368851,0,0,209.996727521564,151.806152521152
0,0,0,0,0,193.777661225572,0,154.142998692322,0,0,0,0,0,151.036729364761,0,0,0,0,0,0,0,0,161.74915061469,0,0,0,183.786860782462,106.533627130087,249.798812580765,0,0,0,0,205.09013266389,0,104.915316975638,215.611029055736,0,0,0,90.7216186966914
154.784755881607,0,0,0,204.084074037941,101.85207633558,94.8881692391942,177.763106506206,0,0,0,141.204637091722,0,193.659409924573,0,0,0,198.964527389285,108.381749703452,93.4234866874731,133.984214699576,0,0,241.635434294794,0,0,0,0,138.425725342224,0,0,198.528111506785,0,0,153.453047983244,80.4367166559625,171.906398392157,109.093416850988,0,0,0
0,0,136.685314494491,0,0,0,192.601533877686,58.3493451392805,0,0,0,205.839960264176,0,0,0,0,98.6790043377568,0,0,95.7590805983148,115.332064605654,0,0,0,0,0,217.157696745803,115.114253591495,142.385058730083,0,0,0,0,97.5855511246009,0,269.936825670274,153.609372090384,338.131802716296,201.44584889478,232.945974238958,0
228.075434767255,0,0,103.519938150021,178.224497384947,0,164.032723165762,223.705816669619,0,141.204637091722,205.839960264176,0,0,0,0,0,0,0,0,115.541295036174,226.825099357786,0,333.645516435298,143.005810983322,0,0,66.5008477853491,162.833808134102,353.822894641502,0,0,0,0,114.649126378906,151.01089327964,345.797434674459,89.3673883748406,192.693757128262,151.695570509541,0,253.401634605989
0,0,0,0,0,135.667029391615,0,0,0,0,0,0,0,0,0,0,0,97.3232815600345,0,0,0,0,0,0,0,0,0,201.100640800745,0,0,0,0,0,0,0,0,0,262.382215657622,213.67670887414,0,137.239127032733
108.136066660554,0,0,0,165.893015276821,0,115.194491798135,0,151.036729364761,193.659409924573,0,0,0,0,0,74.5815074003433,158.955087279859,0,0,0,0,0,0,0,0,0,78.8552325762656,193.63278243493,113.059176128709,0,0,196.032358954952,0,195.822649557859,0,0,0,101.895308036513,186.348837226466,0,0
0,0,0,0,0,289.631679007608,238.934743274142,96.7845769653343,0,0,0,0,0,0,0,0,0,0,220.963068032256,252.487290983309,0,0,0,300.031143529538,0,303.527509149359,0,98.417953423071,120.567029282014,280.376028997576,0,0,0,0,118.522099274347,0,0,0,0,0,76.5072790361762
0,0,0,193.055010680236,0,0,0,0,0,0,0,0,0,74.5815074003433,0,0,0,0,0,94.126460729827,231.715271819474,0,0,224.551207449728,0,0,325.937289045041,0,0,0,0,255.441154257905,0,261.605527103798,0,125.416941482916,241.682021696872,0,0,306.640284138334,0
155.24952173131,0,0,0,263.534399241887,0,0,0,0,0,98.6790043377568,0,0,158.955087279859,0,0,0,0,0,0,0,0,0,0,0,0,0,211.840482897052,0,119.728129215699,0,0,0,146.465927798921,0,0,137.177378802006,0,0,186.973586461633,314.611698427915
0,0,0,139.93285932648,0,0,0,0,0,198.964527389285,0,0,97.3232815600345,0,0,0,0,0,0,0,0,0,191.519780382943,0,0,0,221.805809452716,0,0,0,0,71.4788760670054,0,70.4221432298295,0,0,0,146.814226519809,0,195.314816908693,0
0,0,0,0,0,0,0,0,0,108.381749703452,0,0,0,0,220.963068032256,0,0,0,0,0,0,0,0,0,251.098274723989,0,0,323.781250289068,197.486504603685,0,0,0,0,82.6299537488922,154.070293657878,90.1317194604647,169.742003380707,101.5853655613,190.185165668632,99.2646516363145,0
0,0,0,0,0,178.748963182352,0,0,0,93.4234866874731,95.7590805983148,115.541295036174,0,0,252.487290983309,94.126460729827,0,0,0,0,0,0,0,222.053792850439,0,89.1590885155172,146.770754374523,151.075371308616,111.226326353722,85.7623170715703,0,0,0,181.316358113209,0,187.77054666536,236.681907140956,0,0,80.8080171296381,73.4795582048751
0,106.926813611922,0,0,0,335.371040201042,0,0,0,133.984214699576,115.332064605654,226.825099357786,0,0,0,231.715271819474,0,0,0,0,0,0,0,161.694997919804,0,0,0,0,89.9429017381717,0,0,0,0,124.698445421759,125.81518738273,306.344527664232,128.530575464043,0,0,0,284.529238481835
0,0,0,116.054372245433,0,0,0,0,0,0,0,0,0,0,0,0,0,0,0,0,0,0,0,0,0,154.065933476765,0,67.8267069095267,0,0,0,0,0,0,72.2278283150671,135.294330067913,153.672550905948,219.040656038919,0,71.5579325720569,0
195.378266313867,165.597665022977,0,0,0,0,179.718364159796,142.054529471577,161.74915061469,0,0,333.645516435298,0,0,0,0,0,191.519780382943,0,0,0,0,0,0,128.846764897717,0,175.196329314064,0,163.945208919892,0,0,0,0,101.350815329073,206.472608421747,0,158.567996645797,0,0,74.7304794244225,206.912707094411
0,0,0,0,241.57250333243,0,62.859596780235,0,0,241.635434294794,0,143.005810983322,0,0,300.031143529538,224.551207449728,0,0,0,222.053792850439,161.694997919804,0,0,0,0,139.654362654449,0,74.4197823064597,93.5029580098427,0,0,0,197.893790332676,357.423078228283,0,81.2827395071039,161.275817184598,321.864157986053,89.707245288964,320.356811100276,167.066576495979
0,0,0,174.013630695256,192.135034768848,0,309.997227542691,0,0,0,0,0,0,0,0,0,0,0,251.098274723989,0,0,0,128.846764897717,0,0,94.7280504127031,0,153.876396855887,200.878319874537,0,0,0,0,0,94.027247878695,0,82.1742780037132,0,0,0,0
0,0,0,62.311273509377,0,145.74089716123,0,173.201474590904,0,0,0,0,0,0,303.527509149359,0,0,0,0,89.1590885155172,0,154.065933476765,0,139.654362654449,94.7280504127031,0,94.9380989123498,180.90030328818,225.013371621378,115.871357769661,283.248188884028,92.5568465385234,0,111.435629183184,212.592150359921,163.059043292369,169.453147353278,99.3508940827211,0,180.543851962045,0
0,0,0,0,101.605593487621,0,0,84.3635741045246,183.786860782462,0,217.157696745803,66.5008477853491,0,78.8552325762656,0,325.937289045041,0,221.805809452716,0,146.770754374523,0,0,175.196329314064,0,0,94.9380989123498,0,92.3502314520023,0,220.901129804706,0,0,0,259.442917595754,168.241326865882,178.683678585178,112.793316814908,171.230058197369,0,321.124897279917,131.969743415579
0,205.183249704085,0,82.6426202489162,0,261.440278806413,0,180.355266595273,106.533627130087,0,115.114253591495,162.833808134102,201.100640800745,193.63278243493,98.417953423071,0,211.840482897052,0,323.781250289068,151.075371308616,0,67.8267069095267,0,74.4197823064597,153.876396855887,180.90030328818,92.3502314520023,0,224.523755099568,0,0,214.116367924649,0,85.6072705949986,119.345624434514,194.442125915551,0,204.481117647118,134.566479261133,329.719143597451,112.823430872325
0,0,0,0,0,219.430938885781,0,228.792310020318,249.798812580765,138.425725342224,142.385058730083,353.822894641502,0,113.059176128709,120.567029282014,0,0,0,197.486504603685,111.226326353722,89.9429017381717,0,163.945208919892,93.5029580098427,200.878319874537,225.013371621378,0,224.523755099568,0,247.66948903751,0,0,0,120.912756812582,276.620869034647,0,0,0,114.511014214502,0,184.249961885477
0,0,0,0,0,0,0,0,0,0,0,0,0,0,280.376028997576,0,119.728129215699,0,0,85.7623170715703,0,0,0,0,0,115.871357769661,220.901129804706,0,247.66948903751,0,188.851177466023,0,0,0,136.792307586862,75.4497121078207,348.674510760064,0,0,92.5207898118833,0
0,0,0,0,0,0,0,0,0,0,0,0,0,0,0,0,0,0,0,0,0,0,0,0,0,283.248188884028,0,0,0,188.851177466023,0,0,125.994729980093,0,87.8456058929559,0,0,122.106946855269,0,196.04190773555,0
0,0,0,0,0,159.183173818572,0,96.5937438588657,0,198.528111506785,0,0,0,196.032358954952,0,255.441154257905,0,71.4788760670054,0,0,0,0,0,0,0,92.5568465385234,0,214.116367924649,0,0,0,0,0,133.218162784108,116.176698124939,0,150.161410108805,0,0,0,0
0,0,0,0,0,0,0,0,0,0,0,0,0,0,0,0,0,0,0,0,0,0,0,197.893790332676,0,0,0,0,0,0,125.994729980093,0,0,78.9559315574845,0,0,160.537522273714,0,0,173.001559092555,0
0,104.369974912428,0,160.530221557972,161.302948562323,139.792601838991,0,0,205.09013266389,0,97.5855511246009,114.649126378906,0,195.822649557859,0,261.605527103798,146.465927798921,70.4221432298295,82.6299537488922,181.316358113209,124.698445421759,0,101.350815329073,357.423078228283,0,111.435629183184,259.442917595754,85.6072705949986,120.912756812582,0,0,133.218162784108,78.9559315574845,0,101.443495235174,0,218.045528847001,82.4756938751058,0,0,94.7529894315991
0,0,0,240.185081663983,0,155.901486485736,219.078548227669,106.33736463831,0,153.453047983244,0,151.01089327964,0,0,118.522099274347,0,0,0,154.070293657878,0,125.81518738273,72.2278283150671,206.472608421747,0,94.027247878695,212.592150359921,168.241326865882,119.345624434514,276.620869034647,136.792307586862,87.8456058929559,116.176698124939,0,101.443495235174,0,106.128596538706,231.050882209,0,157.852515740516,173.538155409849,259.055025639447
0,100.812745974529,0,0,0,0,0,0,104.915316975638,80.4367166559625,269.936825670274,345.797434674459,0,0,0,125.416941482916,0,0,90.1317194604647,187.77054666536,306.344527664232,135.294330067913,0,81.2827395071039,0,163.059043292369,178.683678585178,194.442125915551,0,75.4497121078207,0,0,0,0,106.128596538706,0,199.492852797962,0,0,140.574866691684,249.905610015455
146.99041817625,208.005106191961,115.868441404982,0,128.405764333981,110.384905066973,188.936291522747,172.892533368851,215.611029055736,171.906398392157,153.609372090384,89.3673883748406,0,0,0,241.682021696872,137.177378802006,0,169.742003380707,236.681907140956,128.530575464043,153.672550905948,158.567996645797,161.275817184598,82.1742780037132,169.453147353278,112.793316814908,0,0,348.674510760064,0,150.161410108805,160.537522273714,218.045528847001,231.050882209,199.492852797962,0,202.712457066107,0,124.853650664477,0
0,0,242.790381480436,137.189596148386,0,0,0,0,0,109.093416850988,338.131802716296,192.693757128262,262.382215657622,101.895308036513,0,0,0,146.814226519809,101.5853655613,0,0,219.040656038919,0,321.864157986053,0,99.3508940827211,171.230058197369,204.481117647118,0,0,122.106946855269,0,0,82.4756938751058,0,0,202.712457066107,0,61.0664810463559,227.504408813069,138.33942793804
0,0,0,73.1029054543569,148.808626413748,0,98.2230592632363,0,0,0,201.44584889478,151.695570509541,213.67670887414,186.348837226466,0,0,0,0,190.185165668632,0,0,0,0,89.707245288964,0,0,0,134.566479261133,114.511014214502,0,0,0,0,0,157.852515740516,0,0,61.0664810463559,0,81.9664354533492,113.144980278377
0,0,173.059382066957,347.376449530863,0,0,161.325017232684,209.996727521564,0,0,232.945974238958,0,0,0,0,306.640284138334,186.973586461633,195.314816908693,99.2646516363145,80.8080171296381,0,71.5579325720569,74.7304794244225,320.356811100276,0,180.543851962045,321.124897279917,329.719143597451,0,92.5207898118833,196.04190773555,0,173.001559092555,0,173.538155409849,140.574866691684,124.853650664477,227.504408813069,81.9664354533492,0,97.3506957544063
0,0,112.349934713559,0,117.208001126138,0,0,151.806152521152,90.7216186966914,0,0,253.401634605989,137.239127032733,0,76.5072790361762,0,314.611698427915,0,0,73.4795582048751,284.529238481835,0,206.912707094411,167.066576495979,0,0,131.969743415579,112.823430872325,184.249961885477,0,0,0,0,94.7529894315991,259.055025639447,249.905610015455,0,138.33942793804,113.144980278377,97.3506957544063,0
