0,0,0,0,0,0,0,159.183173818572,0,0,0,0,0,0,0,0,0,0,89.3673883748406,0,0,0,0,82.4756938751058,0,0,0,0,0,0,0,0,0,0,195.822649557859,0,0,58.3493451392805,0,0,345.797434674459
0,0,0,0,0,0,0,0,0,106.926813611922,0,0,0,0,0,0,205.183249704085,0,0,0,0,0,0,0,0,0,0,0,92.5207898118833,0,0,0,0,0,124.853650664477,0,70.4221432298295,325.937289045041,0,0,192.601533877686
0,0,0,0,0,0,0,0,0,0,0,0,0,0,0,0,0,0,0,0,0,0,0,0,0,0,0,0,0,178.683678585178,0,0,0,306.344527664232,0,115.871357769661,0,0,133.218162784108,110.384905066973,0
0,0,0,0,0,0,0,113.144980278377,0,0,0,180.90030328818,0,0,253.401634605989,0,333.645516435298,0,0,0,0,0,0,85.6072705949986,0,0,247.66948903751,0,240.185081663983,154.070293657878,0,0,0,146.465927798921,93.5029580098427,0,338.131802716296,0,0,193.659409924573,71.5579325720569
0,0,0,0,0,0,100.812745974529,0,0,0,0,283.248188884028,0,0,0,184.249961885477,0,0,0,329.719143597451,187.77054666536,0,0,0,115.114253591495,0,106.128596538706,99.2646516363145,114.511014214502,0,111.435629183184,0,0,0,167.066576495979,0,222.053792850439,0,179.718364159796,0,219.430938885781
0,0,0,0,0,0,193.777661225572,116.054372245433,0,0,0,0,0,93.4234866874731,0,0,0,0,0,115.194491798135,124.698445421759,323.781250289068,0,0,160.537522273714,0,0,280.376028997576,0,0,0,163.059043292369,0,219.040656038919,198.528111506785,0,303.527509149359,96.5937438588657,0,89.707245288964,0
0,0,0,0,100.812745974529,193.777661225572,0,0,154.065933476765,223.705816669619,0,0,0,0,0,141.204637091722,0,0,0,0,0,0,289.631679007608,0,0,213.67670887414,0,0,250.461724766314,0,0,0,0,0,220.901129804706,0,164.032723165762,242.790381480436,0,214.116367924649,134.960780198024
159.183173818572,0,0,113.144980278377,0,116.054372245433,0,0,98.6790043377568,0,108.136066660554,0,0,0,115.541295036174,0,0,0,0,0,284.529238481835,0,0,0,0,101.605593487621,0,136.685314494491,194.442125915551,276.620869034647,0,0,0,217.157696745803,160.530221557972,0,192.693757128262,0,0,92.5568465385234,95.7590805983148
0,0,0,0,0,0,154.065933476765,98.6790043377568,0,0,0,0,0,0,0,0,0,125.81518738273,231.715271819474,0,0,0,0,158.567996645797,0,161.694997919804,0,215.611029055736,119.345624434514,0,0,0,0,74.7304794244225,0,0,0,0,0,206.472608421747,97.3232815600345
0,106.926813611922,0,0,0,0,223.705816669619,0,0,0,112.823430872325,116.176698124939,0,98.417953423071,97.3506957544063,0,146.99041817625,84.3635741045246,0,0,0,335.371040201042,320.356811100276,0,0,200.878319874537,0,74.4197823064597,0,0,0,232.945974238958,190.185165668632,0,0,211.840482897052,78.8552325762656,201.44584889478,0,0,224.551207449728
0,0,0,0,0,0,0,108.136066660554,0,112.823430872325,0,177.763106506206,0,0,0,0,0,101.443495235174,0,75.4497121078207,0,0,76.5072790361762,72.2278283150671,0,158.955087279859,0,169.742003380707,94.126460729827,0,0,0,0,104.369974912428,205.09013266389,112.793316814908,122.106946855269,151.075371308616,71.4788760670054,0,0
0,0,0,180.90030328818,283.248188884028,0,0,0,0,116.176698124939,177.763106506206,0,0,205.839960264176,112.349934713559,0,195.378266313867,0,128.405764333981,0,202.712457066107,0,138.425725342224,0,151.806152521152,212.592150359921,196.032358954952,89.9429017381717,145.74089716123,0,0,251.098274723989,0,178.748963182352,0,94.8881692391942,228.792310020318,0,0,125.994729980093,192.135034768848
0,0,0,0,0,0,0,0,0,0,0,0,0,0,0,0,0,0,0,0,0,0,168.241326865882,227.504408813069,0,67.8267069095267,0,0,0,0,0,0,0,97.5855511246009,0,0,157.852515740516,0,0,197.893790332676,0
0,0,0,0,0,93.4234866874731,0,0,0,98.417953423071,0,205.839960264176,0,0,209.996727521564,0,0,0,0,0,0,0,94.9380989123498,0,0,196.04190773555,154.784755881607,103.519938150021,181.316358113209,0,0,0,0,173.201474590904,133.984214699576,259.055025639447,90.7216186966914,139.654362654449,0,0,0
0,0,0,253.401634605989,0,0,0,115.541295036174,0,97.3506957544063,0,112.349934713559,0,209.996727521564,0,306.640284138334,0,0,0,0,0,0,0,0,0,0,269.936825670274,249.798812580765,0,0,0,109.093416850988,0,0,0,241.682021696872,0,82.6426202489162,0,191.519780382943,0
0,0,0,0,184.249961885477,0,141.204637091722,0,0,0,0,0,0,0,306.640284138334,0,0,0,0,106.533627130087,62.311273509377,0,0,0,0,172.608400267715,0,161.325017232684,0,78.9559315574845,0,0,0,0,0,73.4795582048751,104.915316975638,0,128.846764897717,0,0
0,205.183249704085,0,333.645516435298,0,0,0,0,0,146.99041817625,0,195.378266313867,0,0,0,0,0,0,0,113.059176128709,0,0,0,0,0,0,0,99.3508940827211,62.859596780235,0,0,0,0,0,0,0,151.695570509541,0,115.868441404982,241.57250333243,0
0,0,0,0,0,0,0,0,125.81518738273,84.3635741045246,101.443495235174,0,0,0,0,0,0,0,0,98.2230592632363,0,0,172.892533368851,161.302948562323,0,249.905610015455,171.230058197369,231.050882209,0,0,0,0,0,0,0,0,0,0,0,0,0
89.3673883748406,0,0,0,0,0,0,0,231.715271819474,0,0,128.405764333981,0,0,0,0,0,0,0,139.93285932648,0,0,0,94.7280504127031,155.901486485736,162.833808134102,0,117.208001126138,0,0,0,0,0,173.059382066957,0,348.674510760064,111.226326353722,135.294330067913,0,0,0
0,0,0,0,329.719143597451,115.194491798135,0,0,0,0,75.4497121078207,0,0,0,0,106.533627130087,113.059176128709,98.2230592632363,139.93285932648,0,0,0,138.33942793804,0,0,0,169.453147353278,309.997227542691,0,0,0,314.611698427915,134.566479261133,87.8456058929559,188.936291522747,0,0,153.876396855887,0,139.792601838991,263.534399241887
0,0,0,0,187.77054666536,124.698445421759,0,284.529238481835,0,0,0,202.712457066107,0,0,0,62.311273509377,0,0,0,0,0,0,0,82.6299537488922,0,0,0,262.382215657622,0,0,0,0,0,204.084074037941,153.609372090384,238.934743274142,180.355266595273,0,224.523755099568,142.054529471577,0
0,0,0,0,0,323.781250289068,0,0,0,335.371040201042,0,0,0,0,0,0,0,0,0,0,0,0,0,0,0,0,146.814226519809,74.5815074003433,0,283.88658203332,0,137.177378802006,0,0,0,0,261.605527103798,0,0,0,89.1590885155172
0,0,0,0,0,0,289.631679007608,0,0,320.356811100276,76.5072790361762,138.425725342224,168.241326865882,94.9380989123498,0,0,0,172.892533368851,0,138.33942793804,0,0,0,0,0,0,165.893015276821,120.567029282014,94.027247878695,0,0,0,0,140.574866691684,0,0,154.142998692322,0,0,161.74915061469,118.522099274347
82.4756938751058,0,0,85.6072705949986,0,0,0,0,158.567996645797,0,72.2278283150671,0,227.504408813069,0,0,0,0,161.302948562323,94.7280504127031,0,82.6299537488922,0,0,0,0,0,0,106.33736463831,61.0664810463559,82.1742780037132,128.530575464043,0,0,206.912707094411,0,143.005810983322,321.864157986053,186.348837226466,228.075434767255,150.161410108805,197.486504603685
0,0,0,0,115.114253591495,160.537522273714,0,0,0,0,0,151.806152521152,0,0,0,0,0,0,155.901486485736,0,0,0,0,0,0,90.1317194604647,0,0,0,0,0,0,0,321.124897279917,108.381749703452,0,81.9664354533492,225.013371621378,0,125.416941482916,0
0,0,0,0,0,0,213.67670887414,101.605593487621,161.694997919804,200.878319874537,158.955087279859,212.592150359921,67.8267069095267,196.04190773555,0,172.608400267715,0,249.905610015455,162.833808134102,0,0,0,0,0,90.1317194604647,0,0,173.001559092555,0,195.314816908693,0,0,0,119.728129215699,221.805809452716,81.2827395071039,66.5008477853491,255.441154257905,0,0,137.189596148386
0,0,0,247.66948903751,106.128596538706,0,0,0,0,0,0,196.032358954952,0,154.784755881607,269.936825670274,0,0,171.230058197369,0,169.453147353278,0,146.814226519809,165.893015276821,0,0,0,0,178.224497384947,120.912756812582,183.786860782462,180.543851962045,0,0,80.4367166559625,353.822894641502,241.635434294794,220.963068032256,0,115.332064605654,148.808626413748,101.350815329073
0,0,0,0,99.2646516363145,280.376028997576,0,136.685314494491,215.611029055736,74.4197823064597,169.742003380707,89.9429017381717,0,103.519938150021,249.798812580765,161.325017232684,99.3508940827211,231.050882209,117.208001126138,309.997227542691,262.382215657622,74.5815074003433,120.567029282014,106.33736463831,0,173.001559092555,178.224497384947,0,193.63278243493,114.649126378906,0,0,0,175.196329314064,218.045528847001,347.376449530863,199.492852797962,0,0,142.385058730083,0
0,92.5207898118833,0,240.185081663983,114.511014214502,0,250.461724766314,194.442125915551,119.345624434514,0,94.126460729827,145.74089716123,0,181.316358113209,0,0,62.859596780235,0,0,0,0,0,94.027247878695,61.0664810463559,0,0,120.912756812582,193.63278243493,0,0,0,137.239127032733,73.1029054543569,131.969743415579,219.078548227669,0,161.275817184598,0,101.85207633558,155.24952173131,0
0,0,178.683678585178,154.070293657878,0,0,0,276.620869034647,0,0,0,0,0,0,0,78.9559315574845,0,0,0,0,0,283.88658203332,0,82.1742780037132,0,195.314816908693,183.786860782462,114.649126378906,0,0,0,0,0,151.036729364761,0,188.851177466023,0,0,0,0,0
0,0,0,0,111.435629183184,0,0,0,0,0,0,0,0,0,0,0,0,0,0,0,0,0,0,128.530575464043,0,0,180.543851962045,0,0,0,0,0,0,0,163.945208919892,0,0,0,0,193.055010680236,174.013630695256
0,0,0,0,0,163.059043292369,0,0,0,232.945974238958,0,251.098274723989,0,0,109.093416850988,0,0,0,0,314.611698427915,0,137.177378802006,0,0,0,0,0,0,137.239127032733,0,0,0,0,94.7529894315991,96.7845769653343,0,0,151.01089327964,0,101.895308036513,0
0,0,0,0,0,0,0,0,0,190.185165668632,0,0,0,0,0,0,0,0,0,134.566479261133,0,0,0,0,0,0,0,0,73.1029054543569,0,0,0,0,0,0,0,259.442917595754,0,208.005106191961,0,0
0,0,306.344527664232,146.465927798921,0,219.040656038919,0,217.157696745803,74.7304794244225,0,104.369974912428,178.748963182352,97.5855511246009,173.201474590904,0,0,0,0,173.059382066957,87.8456058929559,204.084074037941,0,140.574866691684,206.912707094411,321.124897279917,119.728129215699,80.4367166559625,175.196329314064,131.969743415579,151.036729364761,0,94.7529894315991,0,0,186.973586461633,0,236.681907140956,204.481117647118,261.440278806413,85.7623170715703,0
195.822649557859,124.853650664477,0,93.5029580098427,167.066576495979,198.528111506785,220.901129804706,160.530221557972,0,0,205.09013266389,0,0,133.984214699576,0,0,0,0,0,188.936291522747,153.609372090384,0,0,0,108.381749703452,221.805809452716,353.822894641502,218.045528847001,219.078548227669,0,163.945208919892,96.7845769653343,0,186.973586461633,0,173.538155409849,101.5853655613,201.100640800745,252.487290983309,300.031143529538,80.8080171296381
0,0,115.871357769661,0,0,0,0,0,0,211.840482897052,112.793316814908,94.8881692391942,0,259.055025639447,241.682021696872,73.4795582048751,0,0,348.674510760064,0,238.934743274142,0,0,143.005810983322,0,81.2827395071039,241.635434294794,347.376449530863,0,188.851177466023,0,0,0,0,173.538155409849,0,92.3502314520023,165.597665022977,146.770754374523,135.667029391615,0
0,70.4221432298295,0,338.131802716296,222.053792850439,303.527509149359,164.032723165762,192.693757128262,0,78.8552325762656,122.106946855269,228.792310020318,157.852515740516,90.7216186966914,0,104.915316975638,151.695570509541,0,111.226326353722,0,180.355266595273,261.605527103798,154.142998692322,321.864157986053,81.9664354533492,66.5008477853491,220.963068032256,199.492852797962,161.275817184598,0,0,0,259.442917595754,236.681907140956,101.5853655613,92.3502314520023,0,357.423078228283,0,153.672550905948,153.453047983244
58.3493451392805,325.937289045041,0,0,0,96.5937438588657,242.790381480436,0,0,201.44584889478,151.075371308616,0,0,139.654362654449,82.6426202489162,0,0,0,135.294330067913,153.876396855887,0,0,0,186.348837226466,225.013371621378,255.441154257905,0,0,0,0,0,151.01089327964,0,204.481117647118,201.100640800745,165.597665022977,357.423078228283,0,171.906398392157,0,198.964527389285
0,0,133.218162784108,0,179.718364159796,0,0,0,0,0,71.4788760670054,0,0,0,0,128.846764897717,115.868441404982,0,0,0,224.523755099568,0,0,228.075434767255,0,0,115.332064605654,0,101.85207633558,0,0,0,208.005106191961,261.440278806413,252.487290983309,146.770754374523,0,171.906398392157,0,0,136.792307586862
0,0,110.384905066973,193.659409924573,0,89.707245288964,214.116367924649,92.5568465385234,206.472608421747,0,0,125.994729980093,197.893790332676,0,191.519780382943,0,241.57250333243,0,0,139.792601838991,142.054529471577,0,161.74915061469,150.161410108805,125.416941482916,0,148.808626413748,142.385058730083,155.24952173131,0,193.055010680236,101.895308036513,0,85.7623170715703,300.031143529538,135.667029391615,153.672550905948,0,0,0,226.825099357786
345.797434674459,192.601533877686,0,71.5579325720569,219.430938885781,0,134.960780198024,95.7590805983148,97.3232815600345,224.551207449728,0,192.135034768848,0,0,0,0,0,0,0,263.534399241887,0,89.1590885155172,118.522099274347,197.486504603685,0,137.189596148386,101.350815329073,0,0,0,174.013630695256,0,0,0,80.8080171296381,0,153.453047983244,198.964527389285,136.792307586862,226.825099357786,0
