0,0,0,0,0,0,0,0,0,0,0,0,0,0,0,0,0,0,0,0,0,0,0,0,0,0,0,160.530221557972,175.196329314064,173.201474590904,0,0,0,0,0,192.135034768848,137.239127032733,151.695570509541,0,0,0
0,0,0,0,0,0,0,0,0,0,0,0,0,0,0,0,0,115.114253591495,192.693757128262,323.781250289068,0,0,0,0,0,0,0,0,195.378266313867,0,0,0,0,100.812745974529,0,226.825099357786,0,0,0,193.63278243493,0
0,0,0,0,0,0,0,119.728129215699,0,0,0,0,0,0,0,0,0,0,0,0,0,0,0,0,0,0,81.9664354533492,0,0,0,0,0,0,0,236.681907140956,0,314.611698427915,0,0,247.66948903751,0
0,0,0,0,94.7529894315991,0,0,0,0,309.997227542691,0,193.777661225572,0,0,148.808626413748,214.116367924649,0,0,0,146.465927798921,0,0,0,0,0,0,146.814226519809,208.005106191961,101.443495235174,0,0,0,0,0,0,0,153.609372090384,113.144980278377,163.059043292369,0,161.694997919804
0,0,0,94.7529894315991,0,0,0,0,122.106946855269,0,78.9559315574845,76.5072790361762,0,0,0,0,0,0,0,58.3493451392805,0,0,0,0,0,0,155.901486485736,211.840482897052,82.6299537488922,120.567029282014,0,0,0,93.4234866874731,74.4197823064597,101.350815329073,0,0,0,224.551207449728,98.417953423071
0,0,0,0,0,0,0,0,0,300.031143529538,0,151.036729364761,108.381749703452,0,62.311273509377,0,97.5855511246009,0,145.74089716123,188.936291522747,0,0,0,0,0,0,0,92.3502314520023,0,0,0,92.5568465385234,225.013371621378,104.915316975638,125.416941482916,0,0,0,0,193.055010680236,320.356811100276
0,0,0,0,0,0,0,0,0,178.224497384947,0,138.425725342224,0,160.537522273714,241.682021696872,0,0,0,0,0,0,0,146.770754374523,242.790381480436,0,0,231.715271819474,195.314816908693,0,0,0,128.530575464043,0,224.523755099568,188.851177466023,0,0,173.059382066957,0,112.823430872325,0
0,0,119.728129215699,0,0,0,0,0,0,241.635434294794,212.592150359921,0,0,353.822894641502,0,113.059176128709,0,0,0,0,199.492852797962,0,222.053792850439,84.3635741045246,0,0,0,0,0,162.833808134102,0,0,0,329.719143597451,94.027247878695,94.8881692391942,197.486504603685,0,169.453147353278,153.672550905948,153.453047983244
0,0,0,0,122.106946855269,0,0,0,0,0,262.382215657622,276.620869034647,219.430938885781,0,0,115.332064605654,0,0,0,0,0,0,0,0,0,0,169.742003380707,92.5207898118833,118.522099274347,0,0,0,0,0,181.316358113209,306.640284138334,0,0,161.275817184598,0,0
0,0,0,309.997227542691,0,300.031143529538,178.224497384947,241.635434294794,0,0,0,0,0,0,0,0,117.208001126138,151.075371308616,202.712457066107,0,97.3232815600345,0,158.567996645797,0,0,205.839960264176,178.748963182352,191.519780382943,139.792601838991,0,0,0,0,0,0,0,133.984214699576,101.5853655613,80.8080171296381,82.1742780037132,108.136066660554
0,0,0,0,78.9559315574845,0,0,212.592150359921,262.382215657622,0,0,192.601533877686,0,184.249961885477,0,111.435629183184,0,73.4795582048751,232.945974238958,0,0,0,97.3506957544063,101.85207633558,0,75.4497121078207,154.070293657878,0,0,0,0,238.934743274142,0,106.33736463831,154.784755881607,0,89.9429017381717,0,0,0,0
0,0,0,193.777661225572,76.5072790361762,151.036729364761,138.425725342224,0,276.620869034647,0,192.601533877686,0,0,0,180.543851962045,0,115.194491798135,0,269.936825670274,249.798812580765,0,114.649126378906,0,0,0,0,71.4788760670054,168.241326865882,196.032358954952,0,0,0,0,90.7216186966914,103.519938150021,231.050882209,193.659409924573,134.960780198024,0,179.718364159796,357.423078228283
0,0,0,0,0,108.381749703452,0,0,219.430938885781,0,0,0,0,0,0,0,0,0,0,116.176698124939,0,0,0,0,0,240.185081663983,0,120.912756812582,0,0,0,0,0,0,0,0,0,106.128596538706,0,0,0
0,0,0,0,0,0,160.537522273714,353.822894641502,0,0,184.249961885477,0,0,0,0,0,0,0,0,0,283.88658203332,0,0,0,0,206.472608421747,249.905610015455,0,0,0,153.876396855887,0,89.1590885155172,155.24952173131,0,280.376028997576,221.805809452716,70.4221432298295,115.868441404982,200.878319874537,0
0,0,0,148.808626413748,0,62.311273509377,241.682021696872,0,0,0,0,180.543851962045,0,0,0,0,0,0,0,0,0,0,0,198.528111506785,0,0,158.955087279859,115.871357769661,180.355266595273,0,0,0,0,0,0,213.67670887414,205.09013266389,98.6790043377568,0,0,335.371040201042
0,0,0,214.116367924649,0,0,0,113.059176128709,115.332064605654,0,111.435629183184,0,0,0,0,0,0,0,0,95.7590805983148,0,125.994729980093,0,114.511014214502,0,0,0,173.001559092555,0,0,0,0,0,0,0,0,146.99041817625,135.667029391615,0,61.0664810463559,0
0,0,0,0,0,97.5855511246009,0,0,0,117.208001126138,0,115.194491798135,0,0,0,0,0,112.349934713559,0,0,0,0,0,0,0,0,190.185165668632,0,0,0,0,180.90030328818,0,141.204637091722,0,0,0,139.93285932648,109.093416850988,186.973586461633,0
0,115.114253591495,0,0,0,0,0,0,0,151.075371308616,73.4795582048751,0,0,0,0,0,112.349934713559,0,0,0,0,0,0,0,0,205.183249704085,0,0,183.786860782462,0,0,0,0,110.384905066973,0,0,165.893015276821,0,138.33942793804,0,0
0,192.693757128262,0,0,0,145.74089716123,0,0,0,202.712457066107,232.945974238958,269.936825670274,0,0,0,0,0,0,0,0,0,0,0,284.529238481835,0,0,151.01089327964,159.183173818572,0,137.177378802006,0,0,0,161.302948562323,74.7304794244225,0,96.5937438588657,0,0,0,0
0,323.781250289068,0,146.465927798921,58.3493451392805,188.936291522747,0,0,0,0,0,249.798812580765,116.176698124939,0,0,95.7590805983148,0,0,0,0,0,0,0,0,0,85.7623170715703,124.853650664477,206.912707094411,201.100640800745,0,0,0,0,80.4367166559625,99.3508940827211,143.005810983322,101.895308036513,0,94.126460729827,0,124.698445421759
0,0,0,0,0,0,0,199.492852797962,0,97.3232815600345,0,0,0,283.88658203332,0,0,0,0,0,0,0,142.385058730083,0,131.969743415579,289.631679007608,0,0,106.926813611922,136.685314494491,0,0,0,0,0,74.5815074003433,0,209.996727521564,338.131802716296,0,164.032723165762,82.6426202489162
0,0,0,0,0,0,0,0,0,0,0,114.649126378906,0,0,0,125.994729980093,0,0,0,0,142.385058730083,0,0,0,0,0,0,0,195.822649557859,0,0,0,173.538155409849,171.230058197369,0,0,228.792310020318,0,0,259.055025639447,0
0,0,0,0,0,0,146.770754374523,222.053792850439,0,158.567996645797,97.3506957544063,0,0,0,0,0,0,0,0,0,0,0,0,140.574866691684,0,151.806152521152,0,321.864157986053,116.054372245433,0,0,167.066576495979,0,78.8552325762656,0,347.376449530863,163.945208919892,0,99.2646516363145,241.57250333243,89.3673883748406
0,0,0,0,0,0,242.790381480436,84.3635741045246,0,0,101.85207633558,0,0,0,198.528111506785,114.511014214502,0,0,284.529238481835,0,131.969743415579,0,140.574866691684,0,0,94.7280504127031,128.405764333981,186.348837226466,0,219.078548227669,0,0,0,104.369974912428,196.04190773555,218.045528847001,228.075434767255,161.74915061469,0,125.81518738273,89.707245288964
0,0,0,0,0,0,0,0,0,0,0,0,0,0,0,0,0,0,0,0,289.631679007608,0,0,0,0,174.013630695256,0,261.605527103798,0,0,171.906398392157,0,0,165.597665022977,197.893790332676,111.226326353722,134.566479261133,106.533627130087,0,0,119.345624434514
0,0,0,0,0,0,0,0,0,205.839960264176,75.4497121078207,0,240.185081663983,206.472608421747,0,0,0,205.183249704085,0,85.7623170715703,0,0,151.806152521152,94.7280504127031,174.013630695256,0,204.481117647118,73.1029054543569,0,0,112.793316814908,172.608400267715,0,0,161.325017232684,133.218162784108,150.161410108805,345.797434674459,82.4756938751058,71.5579325720569,135.294330067913
0,0,81.9664354533492,146.814226519809,155.901486485736,0,231.715271819474,0,169.742003380707,178.748963182352,154.070293657878,71.4788760670054,0,249.905610015455,158.955087279859,0,190.185165668632,0,151.01089327964,124.853650664477,0,0,0,128.405764333981,0,204.481117647118,0,101.605593487621,325.937289045041,0,0,0,0,66.5008477853491,177.763106506206,0,333.645516435298,0,0,0,0
160.530221557972,0,0,208.005106191961,211.840482897052,92.3502314520023,195.314816908693,0,92.5207898118833,191.519780382943,0,168.241326865882,120.912756812582,0,115.871357769661,173.001559092555,0,0,159.183173818572,206.912707094411,106.926813611922,0,321.864157986053,186.348837226466,261.605527103798,73.1029054543569,101.605593487621,0,157.852515740516,0,0,0,0,142.054529471577,217.157696745803,81.2827395071039,94.9380989123498,220.963068032256,0,128.846764897717,72.2278283150671
175.196329314064,195.378266313867,0,101.443495235174,82.6299537488922,0,0,0,118.522099274347,139.792601838991,0,196.032358954952,0,0,180.355266595273,0,0,183.786860782462,0,201.100640800745,136.685314494491,195.822649557859,116.054372245433,0,0,0,325.937289045041,157.852515740516,0,204.084074037941,0,0,0,220.901129804706,62.859596780235,215.611029055736,96.7845769653343,0,0,0,321.124897279917
173.201474590904,0,0,0,120.567029282014,0,0,162.833808134102,0,0,0,0,0,0,0,0,0,0,137.177378802006,0,0,0,0,219.078548227669,0,0,0,0,204.084074037941,0,0,0,0,0,261.440278806413,227.504408813069,0,0,67.8267069095267,194.442125915551,85.6072705949986
0,0,0,0,0,0,0,0,0,0,0,0,0,153.876396855887,0,0,0,0,0,0,0,0,0,0,171.906398392157,112.793316814908,0,0,0,0,0,263.534399241887,0,0,303.527509149359,0,259.442917595754,0,0,0,0
0,0,0,0,0,92.5568465385234,128.530575464043,0,0,0,238.934743274142,0,0,0,0,0,180.90030328818,0,0,0,0,0,167.066576495979,0,0,172.608400267715,0,0,0,0,263.534399241887,0,0,201.44584889478,98.2230592632363,0,0,0,0,283.248188884028,223.705816669619
0,0,0,0,0,225.013371621378,0,0,0,0,0,0,0,89.1590885155172,0,0,0,0,0,0,0,173.538155409849,0,0,0,0,0,0,0,0,0,0,0,0,0,0,0,154.065933476765,0,253.401634605989,0
0,100.812745974529,0,0,93.4234866874731,104.915316975638,224.523755099568,329.719143597451,0,0,106.33736463831,90.7216186966914,0,155.24952173131,0,0,141.204637091722,110.384905066973,161.302948562323,80.4367166559625,0,171.230058197369,78.8552325762656,104.369974912428,165.597665022977,0,66.5008477853491,142.054529471577,220.901129804706,0,0,201.44584889478,0,0,198.964527389285,250.461724766314,93.5029580098427,178.683678585178,136.792307586862,90.1317194604647,0
0,0,236.681907140956,0,74.4197823064597,125.416941482916,188.851177466023,94.027247878695,181.316358113209,0,154.784755881607,103.519938150021,0,0,0,0,0,0,74.7304794244225,99.3508940827211,74.5815074003433,0,0,196.04190773555,197.893790332676,161.325017232684,177.763106506206,217.157696745803,62.859596780235,261.440278806413,303.527509149359,98.2230592632363,0,198.964527389285,0,0,115.541295036174,0,306.344527664232,255.441154257905,252.487290983309
192.135034768848,226.825099357786,0,0,101.350815329073,0,0,94.8881692391942,306.640284138334,0,0,231.050882209,0,280.376028997576,213.67670887414,0,0,0,0,143.005810983322,0,0,347.376449530863,218.045528847001,111.226326353722,133.218162784108,0,81.2827395071039,215.611029055736,227.504408813069,0,0,0,250.461724766314,0,0,219.040656038919,0,0,0,251.098274723989
137.239127032733,0,314.611698427915,153.609372090384,0,0,0,197.486504603685,0,133.984214699576,89.9429017381717,193.659409924573,0,221.805809452716,205.09013266389,146.99041817625,0,165.893015276821,96.5937438588657,101.895308036513,209.996727521564,228.792310020318,163.945208919892,228.075434767255,134.566479261133,150.161410108805,333.645516435298,94.9380989123498,96.7845769653343,0,259.442917595754,0,0,93.5029580098427,115.541295036174,219.040656038919,0,139.654362654449,87.8456058929559,187.77054666536,172.892533368851
151.695570509541,0,0,113.144980278377,0,0,173.059382066957,0,0,101.5853655613,0,134.960780198024,106.128596538706,70.4221432298295,98.6790043377568,135.667029391615,139.93285932648,0,0,0,338.131802716296,0,0,161.74915061469,106.533627130087,345.797434674459,0,220.963068032256,0,0,0,0,154.065933476765,178.683678585178,0,0,139.654362654449,0,154.142998692322,137.189596148386,0
0,0,0,163.059043292369,0,0,0,169.453147353278,161.275817184598,80.8080171296381,0,0,0,115.868441404982,0,0,109.093416850988,138.33942793804,0,94.126460729827,0,0,99.2646516363145,0,0,82.4756938751058,0,0,0,67.8267069095267,0,0,0,136.792307586862,306.344527664232,0,87.8456058929559,154.142998692322,0,0,0
0,193.63278243493,247.66948903751,0,224.551207449728,193.055010680236,112.823430872325,153.672550905948,0,82.1742780037132,0,179.718364159796,0,200.878319874537,0,61.0664810463559,186.973586461633,0,0,0,164.032723165762,259.055025639447,241.57250333243,125.81518738273,0,71.5579325720569,0,128.846764897717,0,194.442125915551,0,283.248188884028,253.401634605989,90.1317194604647,255.441154257905,0,187.77054666536,137.189596148386,0,0,348.674510760064
0,0,0,161.694997919804,98.417953423071,320.356811100276,0,153.453047983244,0,108.136066660554,0,357.423078228283,0,0,335.371040201042,0,0,0,0,124.698445421759,82.6426202489162,0,89.3673883748406,89.707245288964,119.345624434514,135.294330067913,0,72.2278283150671,321.124897279917,85.6072705949986,0,223.705816669619,0,0,252.487290983309,251.098274723989,172.892533368851,0,0,348.674510760064,0
