0,0,0,0,0,0,0,0,0,0,0,353.822894641502,0,0,0,0,0,0,0,0,0,0,0,0,0,0,0,0,0,0,0,0,0,198.528111506785,169.453147353278,0,181.316358113209,0,154.065933476765,0,222.053792850439
0,0,0,67.8267069095267,0,0,0,0,0,0,0,0,0,0,0,0,0,62.859596780235,0,0,0,0,0,320.356811100276,0,124.853650664477,0,0,0,0,0,0,0,0,0,0,261.440278806413,241.57250333243,0,125.994729980093,0
0,0,0,0,0,0,241.635434294794,0,0,0,0,217.157696745803,0,0,0,0,0,0,0,0,0,0,0,0,0,0,0,151.806152521152,0,0,0,0,0,82.6426202489162,0,0,0,0,321.124897279917,0,0
0,67.8267069095267,0,0,0,0,0,0,0,198.964527389285,0,204.481117647118,0,0,0,80.8080171296381,153.672550905948,215.611029055736,100.812745974529,0,92.3502314520023,0,0,197.486504603685,0,128.846764897717,0,0,0,0,0,0,0,192.693757128262,0,0,0,85.7623170715703,0,154.142998692322,0
0,0,0,0,0,0,0,163.945208919892,0,0,0,112.793316814908,106.533627130087,0,136.685314494491,66.5008477853491,0,0,0,164.032723165762,0,0,0,158.955087279859,0,0,0,160.530221557972,74.4197823064597,0,0,323.781250289068,0,348.674510760064,0,0,72.2278283150671,106.128596538706,0,0,169.742003380707
0,0,0,0,0,0,0,219.078548227669,0,0,0,0,0,0,0,0,146.465927798921,0,0,71.4788760670054,192.601533877686,99.3508940827211,0,178.224497384947,115.871357769661,0,0,0,0,195.378266313867,0,71.5579325720569,0,74.7304794244225,167.066576495979,0,0,178.683678585178,347.376449530863,201.44584889478,0
0,0,241.635434294794,0,0,0,0,0,0,204.084074037941,0,0,0,61.0664810463559,0,0,220.963068032256,0,0,249.798812580765,0,0,0,84.3635741045246,0,0,187.77054666536,303.527509149359,191.519780382943,0,0,0,0,161.694997919804,136.792307586862,0,137.177378802006,0,0,0,90.1317194604647
0,0,0,0,163.945208919892,219.078548227669,0,0,0,205.839960264176,199.492852797962,0,0,173.059382066957,0,0,0,0,0,0,104.369974912428,0,0,0,0,101.605593487621,113.144980278377,276.620869034647,97.3506957544063,0,0,0,0,138.33942793804,125.81518738273,224.523755099568,0,0,89.3673883748406,145.74089716123,357.423078228283
0,0,0,0,0,0,0,0,0,97.3232815600345,0,89.707245288964,0,0,151.01089327964,0,0,0,0,0,0,0,0,139.93285932648,0,0,139.654362654449,0,0,0,0,180.355266595273,173.001559092555,175.196329314064,155.24952173131,0,150.161410108805,0,0,142.385058730083,0
0,0,0,198.964527389285,0,0,204.084074037941,205.839960264176,97.3232815600345,0,120.567029282014,148.808626413748,0,0,98.2230592632363,231.050882209,0,0,0,0,208.005106191961,171.230058197369,98.6790043377568,0,0,193.659409924573,0,228.075434767255,0,0,0,0,94.126460729827,0,250.461724766314,0,195.822649557859,0,0,131.969743415579,209.996727521564
0,0,0,0,0,0,0,199.492852797962,0,120.567029282014,0,0,0,0,0,135.294330067913,116.176698124939,0,0,0,0,0,103.519938150021,95.7590805983148,0,0,0,0,188.851177466023,0,0,101.85207633558,0,134.566479261133,99.2646516363145,151.036729364761,134.960780198024,219.040656038919,120.912756812582,75.4497121078207,173.538155409849
353.822894641502,0,217.157696745803,204.481117647118,112.793316814908,0,0,0,89.707245288964,148.808626413748,0,0,0,0,138.425725342224,108.381749703452,0,0,116.054372245433,0,146.814226519809,0,137.239127032733,0,0,111.435629183184,338.131802716296,0,180.90030328818,0,74.5815074003433,0,0,161.302948562323,284.529238481835,0,283.88658203332,101.443495235174,206.472608421747,158.567996645797,0
0,0,0,0,106.533627130087,0,0,0,0,0,0,0,0,0,0,0,0,0,0,0,0,0,0,0,0,0,242.790381480436,0,0,0,0,0,0,0,0,159.183173818572,309.997227542691,115.868441404982,0,165.597665022977,0
0,0,0,0,0,0,61.0664810463559,173.059382066957,0,0,0,0,0,0,0,109.093416850988,0,92.5568465385234,0,0,0,101.5853655613,0,0,335.371040201042,160.537522273714,0,0,76.5072790361762,135.667029391615,0,0,0,200.878319874537,0,119.728129215699,241.682021696872,0,81.2827395071039,101.350815329073,0
0,0,0,0,136.685314494491,0,0,0,151.01089327964,98.2230592632363,0,138.425725342224,0,0,0,0,0,82.4756938751058,0,0,0,0,184.249961885477,0,0,62.311273509377,0,280.376028997576,183.786860782462,0,0,0,0,0,300.031143529538,0,227.504408813069,0,0,0,93.4234866874731
0,0,0,80.8080171296381,66.5008477853491,0,0,0,0,231.050882209,135.294330067913,108.381749703452,0,109.093416850988,0,0,0,0,0,0,0,0,0,0,0,0,0,157.852515740516,0,0,0,0,0,195.314816908693,58.3493451392805,0,0,0,0,225.013371621378,115.541295036174
0,0,0,153.672550905948,0,146.465927798921,220.963068032256,0,0,0,116.176698124939,0,0,0,0,0,0,0,0,0,0,0,80.4367166559625,124.698445421759,0,0,0,221.805809452716,0,219.430938885781,0,0,0,0,111.226326353722,0,0,0,0,193.055010680236,0
0,62.859596780235,0,215.611029055736,0,0,0,0,0,0,0,0,0,92.5568465385234,82.4756938751058,0,0,0,0,0,0,0,0,0,0,0,115.194491798135,73.4795582048751,0,0,0,96.7845769653343,0,0,0,161.74915061469,0,194.442125915551,0,0,0
0,0,0,100.812745974529,0,0,0,0,0,0,0,116.054372245433,0,0,0,0,0,0,0,188.936291522747,0,333.645516435298,0,0,0,101.895308036513,0,223.705816669619,141.204637091722,0,0,0,0,177.763106506206,232.945974238958,192.135034768848,87.8456058929559,0,0,0,262.382215657622
0,0,0,0,164.032723165762,71.4788760670054,249.798812580765,0,0,0,0,0,0,0,0,0,0,0,188.936291522747,0,178.748963182352,0,89.9429017381717,0,0,190.185165668632,115.114253591495,151.075371308616,133.218162784108,263.534399241887,0,255.441154257905,0,236.681907140956,0,0,206.912707094411,133.984214699576,261.605527103798,0,259.055025639447
0,0,0,92.3502314520023,0,192.601533877686,0,104.369974912428,0,208.005106191961,0,146.814226519809,0,0,0,0,0,0,0,178.748963182352,0,0,0,0,0,128.530575464043,214.116367924649,259.442917595754,0,153.876396855887,0,0,0,345.797434674459,94.7280504127031,0,314.611698427915,0,0,0,0
0,0,0,0,0,99.3508940827211,0,0,0,171.230058197369,0,0,0,101.5853655613,0,0,0,0,333.645516435298,0,0,0,70.4221432298295,0,0,196.04190773555,0,0,0,0,0,0,321.864157986053,0,0,0,0,0,202.712457066107,0,0
0,0,0,0,0,0,0,0,0,98.6790043377568,103.519938150021,137.239127032733,0,0,184.249961885477,0,80.4367166559625,0,0,89.9429017381717,0,70.4221432298295,0,161.325017232684,171.906398392157,0,85.6072705949986,205.183249704085,0,0,0,0,0,174.013630695256,0,98.417953423071,140.574866691684,0,0,179.718364159796,0
0,320.356811100276,0,197.486504603685,158.955087279859,178.224497384947,84.3635741045246,0,139.93285932648,0,95.7590805983148,0,0,0,0,0,124.698445421759,0,0,0,0,0,161.325017232684,0,0,96.5937438588657,115.332064605654,224.551207449728,0,0,161.275817184598,0,0,0,114.649126378906,306.344527664232,82.1742780037132,94.9380989123498,306.640284138334,139.792601838991,0
0,0,0,0,0,115.871357769661,0,0,0,0,0,0,0,335.371040201042,0,0,0,0,0,0,0,0,171.906398392157,0,0,0,193.63278243493,0,325.937289045041,0,0,0,154.070293657878,220.901129804706,0,212.592150359921,143.005810983322,0,0,93.5029580098427,0
0,124.853650664477,0,128.846764897717,0,0,0,101.605593487621,0,193.659409924573,0,111.435629183184,0,160.537522273714,62.311273509377,0,0,0,101.895308036513,190.185165668632,128.530575464043,196.04190773555,0,96.5937438588657,0,0,0,153.453047983244,94.7529894315991,122.106946855269,163.059043292369,0,0,0,0,0,106.33736463831,283.248188884028,0,128.405764333981,81.9664354533492
0,0,0,0,0,0,187.77054666536,113.144980278377,139.654362654449,0,0,338.131802716296,242.790381480436,0,0,0,0,115.194491798135,0,115.114253591495,214.116367924649,0,85.6072705949986,115.332064605654,193.63278243493,0,0,0,104.915316975638,110.384905066973,0,108.136066660554,0,0,94.8881692391942,146.770754374523,211.840482897052,97.5855511246009,162.833808134102,0,205.09013266389
0,0,151.806152521152,0,160.530221557972,0,303.527509149359,276.620869034647,0,228.075434767255,0,0,0,0,280.376028997576,157.852515740516,221.805809452716,73.4795582048751,223.705816669619,151.075371308616,259.442917595754,0,205.183249704085,224.551207449728,0,153.453047983244,0,0,112.349934713559,78.9559315574845,0,137.189596148386,89.1590885155172,172.892533368851,329.719143597451,173.201474590904,253.401634605989,78.8552325762656,218.045528847001,252.487290983309,289.631679007608
0,0,0,0,74.4197823064597,0,191.519780382943,97.3506957544063,0,0,188.851177466023,180.90030328818,0,76.5072790361762,183.786860782462,0,0,0,141.204637091722,133.218162784108,0,0,0,0,325.937289045041,94.7529894315991,104.915316975638,112.349934713559,0,0,0,0,0,251.098274723989,82.6299537488922,153.609372090384,197.893790332676,119.345624434514,247.66948903751,249.905610015455,90.7216186966914
0,0,0,0,0,195.378266313867,0,0,0,0,0,0,0,135.667029391615,0,0,219.430938885781,0,0,263.534399241887,153.876396855887,0,0,0,0,122.106946855269,110.384905066973,78.9559315574845,0,0,0,0,0,0,172.608400267715,0,112.823430872325,0,0,0,213.67670887414
0,0,0,0,0,0,0,0,0,0,0,74.5815074003433,0,0,0,0,0,0,0,0,0,0,0,161.275817184598,0,163.059043292369,0,0,0,0,0,0,0,155.901486485736,165.893015276821,0,0,0,0,228.792310020318,0
0,0,0,0,323.781250289068,71.5579325720569,0,0,180.355266595273,0,101.85207633558,0,0,0,0,0,0,96.7845769653343,0,255.441154257905,0,0,0,0,0,0,108.136066660554,137.189596148386,0,0,0,0,0,0,0,151.695570509541,201.100640800745,0,0,73.1029054543569,0
0,0,0,0,0,0,0,0,173.001559092555,94.126460729827,0,0,0,0,0,0,0,0,0,0,0,321.864157986053,0,0,154.070293657878,0,0,89.1590885155172,0,0,0,0,0,0,0,0,0,0,0,0,0
198.528111506785,0,82.6426202489162,192.693757128262,348.674510760064,74.7304794244225,161.694997919804,138.33942793804,175.196329314064,0,134.566479261133,161.302948562323,0,200.878319874537,0,195.314816908693,0,0,177.763106506206,236.681907140956,345.797434674459,0,174.013630695256,0,220.901129804706,0,0,172.892533368851,251.098274723989,0,155.901486485736,0,0,0,231.715271819474,238.934743274142,92.5207898118833,186.973586461633,0,113.059176128709,117.208001126138
169.453147353278,0,0,0,0,167.066576495979,136.792307586862,125.81518738273,155.24952173131,250.461724766314,99.2646516363145,284.529238481835,0,0,300.031143529538,58.3493451392805,111.226326353722,0,232.945974238958,0,94.7280504127031,0,0,114.649126378906,0,0,94.8881692391942,329.719143597451,82.6299537488922,172.608400267715,165.893015276821,0,0,231.715271819474,0,142.054529471577,196.032358954952,180.543851962045,0,240.185081663983,269.936825670274
0,0,0,0,0,0,0,224.523755099568,0,0,151.036729364761,0,159.183173818572,119.728129215699,0,0,0,161.74915061469,192.135034768848,0,0,0,98.417953423071,306.344527664232,212.592150359921,0,146.770754374523,173.201474590904,153.609372090384,0,0,151.695570509541,0,238.934743274142,142.054529471577,0,106.926813611922,125.416941482916,0,193.777661225572,146.99041817625
181.316358113209,261.440278806413,0,0,72.2278283150671,0,137.177378802006,0,150.161410108805,195.822649557859,134.960780198024,283.88658203332,309.997227542691,241.682021696872,227.504408813069,0,0,0,87.8456058929559,206.912707094411,314.611698427915,0,140.574866691684,82.1742780037132,143.005810983322,106.33736463831,211.840482897052,253.401634605989,197.893790332676,112.823430872325,0,201.100640800745,0,92.5207898118833,196.032358954952,106.926813611922,0,154.784755881607,186.348837226466,94.027247878695,114.511014214502
0,241.57250333243,0,85.7623170715703,106.128596538706,178.683678585178,0,0,0,0,219.040656038919,101.443495235174,115.868441404982,0,0,0,0,194.442125915551,0,133.984214699576,0,0,0,94.9380989123498,0,283.248188884028,97.5855511246009,78.8552325762656,119.345624434514,0,0,0,0,186.973586461633,180.543851962045,125.416941482916,154.784755881607,0,0,168.241326865882,118.522099274347
154.065933476765,0,321.124897279917,0,0,347.376449530863,0,89.3673883748406,0,0,120.912756812582,206.472608421747,0,81.2827395071039,0,0,0,0,0,261.605527103798,0,202.712457066107,0,306.640284138334,0,0,162.833808134102,218.045528847001,247.66948903751,0,0,0,0,0,0,0,186.348837226466,0,0,0,226.825099357786
0,125.994729980093,0,154.142998692322,0,201.44584889478,0,145.74089716123,142.385058730083,131.969743415579,75.4497121078207,158.567996645797,165.597665022977,101.350815329073,0,225.013371621378,193.055010680236,0,0,0,0,0,179.718364159796,139.792601838991,93.5029580098427,128.405764333981,0,252.487290983309,249.905610015455,0,228.792310020318,73.1029054543569,0,113.059176128709,240.185081663983,193.777661225572,94.027247878695,168.241326865882,0,0,0
222.053792850439,0,0,0,169.742003380707,0,90.1317194604647,357.423078228283,0,209.996727521564,173.538155409849,0,0,0,93.4234866874731,115.541295036174,0,0,262.382215657622,259.055025639447,0,0,0,0,0,81.9664354533492,205.09013266389,289.631679007608,90.7216186966914,213.67670887414,0,0,0,117.208001126138,269.936825670274,146.99041817625,114.511014214502,118.522099274347,226.825099357786,0,0
