0,0,0,0,0,173.538155409849,0,0,0,193.777661225572,0,0,0,0,0,0,0,0,0,0,0,0,0,0,0,0,198.528111506785,0,0,0,0,0,0,113.144980278377,0,0,228.075434767255,251.098274723989,0,0,0
0,0,0,0,0,0,263.534399241887,0,0,0,111.435629183184,0,0,0,0,0,0,0,0,0,0,0,0,73.4795582048751,0,0,247.66948903751,259.442917595754,0,0,0,0,0,0,0,0,0,150.161410108805,0,0,76.5072790361762
0,0,0,0,0,0,0,0,0,191.519780382943,0,201.100640800745,0,0,0,0,0,0,0,0,0,0,0,0,0,97.3232815600345,0,136.792307586862,0,0,0,0,0,0,0,0,323.781250289068,0,0,0,0
0,0,0,0,0,153.876396855887,0,0,0,0,208.005106191961,171.230058197369,0,0,0,0,0,0,0,134.566479261133,241.682021696872,0,0,0,146.99041817625,139.93285932648,0,300.031143529538,89.9429017381717,0,0,173.201474590904,0,283.248188884028,151.01089327964,0,0,0,0,75.4497121078207,0
0,0,0,0,0,0,0,115.114253591495,0,0,0,193.63278243493,0,106.533627130087,0,0,0,0,0,0,0,0,0,200.878319874537,85.7623170715703,0,0,321.124897279917,236.681907140956,0,0,0,0,122.106946855269,163.059043292369,84.3635741045246,219.078548227669,161.302948562323,0,163.945208919892,155.24952173131
173.538155409849,0,0,153.876396855887,0,0,0,0,119.728129215699,0,0,169.742003380707,0,0,0,0,0,0,0,0,73.1029054543569,0,151.695570509541,136.685314494491,0,0,329.719143597451,106.128596538706,212.592150359921,0,0,0,0,0,0,94.9380989123498,205.09013266389,0,0,137.189596148386,146.465927798921
0,263.534399241887,0,0,0,0,0,0,0,71.5579325720569,0,0,0,87.8456058929559,0,0,0,0,128.530575464043,0,0,0,116.176698124939,0,0,78.9559315574845,161.74915061469,0,0,0,114.511014214502,0,0,0,0,93.4234866874731,101.350815329073,173.059382066957,197.893790332676,98.6790043377568,0
0,0,0,0,115.114253591495,0,0,0,0,124.698445421759,0,97.5855511246009,0,0,347.376449530863,0,0,160.537522273714,0,66.5008477853491,140.574866691684,168.241326865882,0,231.050882209,74.7304794244225,261.605527103798,333.645516435298,0,61.0664810463559,0,0,97.3506957544063,0,96.7845769653343,0,74.5815074003433,0,0,0,0,0
0,0,0,0,0,119.728129215699,0,0,0,0,0,0,0,0,0,0,0,0,195.378266313867,146.814226519809,309.997227542691,85.6072705949986,0,0,0,0,0,223.705816669619,0,0,0,0,0,0,231.715271819474,0,183.786860782462,348.674510760064,94.126460729827,283.88658203332,0
193.777661225572,0,191.519780382943,0,0,0,71.5579325720569,124.698445421759,0,0,0,81.2827395071039,0,112.793316814908,0,241.635434294794,0,0,0,0,0,0,0,128.846764897717,0,241.57250333243,116.054372245433,213.67670887414,72.2278283150671,0,0,0,0,306.344527664232,0,82.4756938751058,209.996727521564,289.631679007608,0,157.852515740516,165.597665022977
0,111.435629183184,0,208.005106191961,0,0,0,0,0,0,0,0,0,196.032358954952,139.792601838991,0,143.005810983322,0,0,0,155.901486485736,0,82.6426202489162,148.808626413748,0,0,0,169.453147353278,0,0,92.5207898118833,118.522099274347,0,99.2646516363145,104.915316975638,0,137.177378802006,284.529238481835,314.611698427915,0,0
0,0,201.100640800745,171.230058197369,193.63278243493,169.742003380707,0,97.5855511246009,0,81.2827395071039,0,0,0,0,0,0,0,201.44584889478,0,101.85207633558,0,90.1317194604647,186.973586461633,154.784755881607,0,196.04190773555,255.441154257905,120.567029282014,0,218.045528847001,0,0,0,154.142998692322,238.934743274142,220.963068032256,253.401634605989,0,335.371040201042,165.893015276821,0
0,0,0,0,0,0,0,0,0,0,0,0,0,0,188.936291522747,0,0,0,0,78.8552325762656,0,0,0,0,0,0,0,94.027247878695,0,0,0,0,0,108.136066660554,261.440278806413,0,0,0,0,58.3493451392805,0
0,0,0,0,106.533627130087,0,87.8456058929559,0,0,112.793316814908,196.032358954952,0,0,0,0,120.912756812582,0,259.055025639447,221.805809452716,0,0,0,0,0,0,192.601533877686,0,0,0,224.551207449728,0,0,0,128.405764333981,135.667029391615,0,89.3673883748406,219.040656038919,0,0,306.640284138334
0,0,0,0,0,0,0,347.376449530863,0,0,139.792601838991,0,188.936291522747,0,0,0,0,0,0,0,0,0,0,0,0,0,262.382215657622,82.1742780037132,187.77054666536,135.294330067913,0,0,0,0,0,175.196329314064,142.385058730083,134.960780198024,0,205.839960264176,249.905610015455
0,0,0,0,0,0,0,0,0,241.635434294794,0,0,0,120.912756812582,0,0,0,0,280.376028997576,0,0,0,0,0,0,172.892533368851,151.806152521152,192.693757128262,0,0,0,0,0,195.314816908693,67.8267069095267,173.001559092555,195.822649557859,0,154.065933476765,0,0
0,0,0,0,0,0,0,0,0,0,143.005810983322,0,0,0,0,0,0,0,0,0,0,113.059176128709,180.543851962045,0,108.381749703452,303.527509149359,0,138.425725342224,80.8080171296381,0,0,0,0,0,321.864157986053,0,338.131802716296,0,0,0,178.748963182352
0,0,0,0,0,0,0,160.537522273714,0,0,0,201.44584889478,0,259.055025639447,0,0,0,0,0,0,0,0,240.185081663983,0,0,0,89.1590885155172,0,0,138.33942793804,0,142.054529471577,0,0,0,0,0,0,0,141.204637091722,184.249961885477
0,0,0,0,0,0,128.530575464043,0,195.378266313867,0,0,0,0,221.805809452716,0,280.376028997576,0,0,0,0,0,0,0,0,0,0,204.481117647118,188.851177466023,0,115.871357769661,0,0,0,0,101.895308036513,0,250.461724766314,0,159.183173818572,125.81518738273,99.3508940827211
0,0,0,134.566479261133,0,0,0,66.5008477853491,146.814226519809,0,0,101.85207633558,78.8552325762656,0,0,0,0,0,0,0,206.472608421747,89.707245288964,320.356811100276,0,0,80.4367166559625,0,198.964527389285,0,0,0,0,0,0,81.9664354533492,171.906398392157,124.853650664477,151.075371308616,178.224497384947,353.822894641502,193.055010680236
0,0,0,241.682021696872,0,73.1029054543569,0,140.574866691684,309.997227542691,0,155.901486485736,0,0,0,0,0,0,0,0,206.472608421747,0,0,0,197.486504603685,0,115.332064605654,145.74089716123,0,227.504408813069,0,0,0,0,204.084074037941,0,0,325.937289045041,0,0,101.5853655613,0
0,0,0,0,0,0,0,168.241326865882,85.6072705949986,0,0,90.1317194604647,0,0,0,0,113.059176128709,0,0,89.707245288964,0,0,206.912707094411,0,0,0,0,0,0,0,0,0,0,0,115.868441404982,0,94.7280504127031,0,0,0,0
0,0,0,0,0,151.695570509541,116.176698124939,0,0,0,82.6426202489162,186.973586461633,0,0,0,0,180.543851962045,240.185081663983,0,320.356811100276,0,206.912707094411,0,0,0,0,0,0,146.770754374523,211.840482897052,0,0,0,225.013371621378,0,232.945974238958,0,139.654362654449,0,167.066576495979,160.530221557972
0,73.4795582048751,0,0,200.878319874537,136.685314494491,0,231.050882209,0,128.846764897717,148.808626413748,154.784755881607,0,0,0,0,0,0,0,0,197.486504603685,0,0,0,0,109.093416850988,158.567996645797,115.194491798135,177.763106506206,0,0,0,0,125.994729980093,186.348837226466,162.833808134102,0,115.541295036174,180.90030328818,252.487290983309,92.3502314520023
0,0,0,146.99041817625,85.7623170715703,0,0,74.7304794244225,0,0,0,0,0,0,0,0,108.381749703452,0,0,0,0,0,0,0,0,180.355266595273,0,110.384905066973,0,0,0,0,112.349934713559,345.797434674459,190.185165668632,153.672550905948,0,0,0,0,0
0,0,97.3232815600345,139.93285932648,0,0,78.9559315574845,261.605527103798,0,241.57250333243,0,196.04190773555,0,192.601533877686,0,172.892533368851,303.527509149359,0,0,80.4367166559625,115.332064605654,0,0,109.093416850988,180.355266595273,0,0,0,205.183249704085,0,0,357.423078228283,0,94.7529894315991,222.053792850439,0,137.239127032733,0,0,101.443495235174,70.4221432298295
198.528111506785,247.66948903751,0,0,0,329.719143597451,161.74915061469,333.645516435298,0,116.054372245433,0,255.441154257905,0,0,262.382215657622,151.806152521152,0,89.1590885155172,204.481117647118,0,145.74089716123,0,0,158.567996645797,0,0,0,92.5568465385234,82.6299537488922,0,0,0,0,74.4197823064597,228.792310020318,0,90.7216186966914,0,0,125.416941482916,117.208001126138
0,259.442917595754,136.792307586862,300.031143529538,321.124897279917,106.128596538706,0,0,223.705816669619,213.67670887414,169.453147353278,120.567029282014,94.027247878695,0,82.1742780037132,192.693757128262,138.425725342224,0,188.851177466023,198.964527389285,0,0,0,115.194491798135,110.384905066973,0,92.5568465385234,0,194.442125915551,0,0,178.683678585178,217.157696745803,101.605593487621,0,215.611029055736,153.609372090384,226.825099357786,96.5937438588657,0,172.608400267715
0,0,0,89.9429017381717,236.681907140956,212.592150359921,0,61.0664810463559,0,72.2278283150671,0,0,0,0,187.77054666536,0,80.8080171296381,0,0,0,227.504408813069,0,146.770754374523,177.763106506206,0,205.183249704085,82.6299537488922,194.442125915551,0,219.430938885781,104.369974912428,0,0,249.798812580765,181.316358113209,71.4788760670054,179.718364159796,0,192.135034768848,133.984214699576,0
0,0,0,0,0,0,0,0,0,0,0,218.045528847001,0,224.551207449728,135.294330067913,0,0,138.33942793804,115.871357769661,0,0,0,211.840482897052,0,0,0,0,0,219.430938885781,0,0,202.712457066107,0,100.812745974529,199.492852797962,0,0,0,0,112.823430872325,0
0,0,0,0,0,0,114.511014214502,0,0,0,92.5207898118833,0,0,0,0,0,0,0,0,0,0,0,0,0,0,0,0,0,104.369974912428,0,0,0,0,0,0,0,106.926813611922,242.790381480436,0,0,161.694997919804
0,0,0,173.201474590904,0,0,0,97.3506957544063,0,0,118.522099274347,0,0,0,0,0,0,142.054529471577,0,0,0,0,0,0,0,357.423078228283,0,178.683678585178,0,202.712457066107,0,0,0,0,111.226326353722,0,220.901129804706,103.519938150021,0,94.8881692391942,0
0,0,0,0,0,0,0,0,0,0,0,0,0,0,0,0,0,0,0,0,0,0,0,0,112.349934713559,0,0,217.157696745803,0,0,0,0,0,0,62.311273509377,0,158.955087279859,0,62.859596780235,0,0
113.144980278377,0,0,283.248188884028,122.106946855269,0,0,96.7845769653343,0,306.344527664232,99.2646516363145,154.142998692322,108.136066660554,128.405764333981,0,195.314816908693,0,0,0,0,204.084074037941,0,225.013371621378,125.994729980093,345.797434674459,94.7529894315991,74.4197823064597,101.605593487621,249.798812580765,100.812745974529,0,0,0,0,154.070293657878,161.325017232684,174.013630695256,269.936825670274,133.218162784108,161.275817184598,131.969743415579
0,0,0,151.01089327964,163.059043292369,0,0,0,231.715271819474,0,104.915316975638,238.934743274142,261.440278806413,135.667029391615,0,67.8267069095267,321.864157986053,0,101.895308036513,81.9664354533492,0,115.868441404982,0,186.348837226466,190.185165668632,222.053792850439,228.792310020318,0,181.316358113209,199.492852797962,0,111.226326353722,62.311273509377,154.070293657878,0,0,93.5029580098427,193.659409924573,0,153.453047983244,114.649126378906
0,0,0,0,84.3635741045246,94.9380989123498,93.4234866874731,74.5815074003433,0,82.4756938751058,0,220.963068032256,0,0,175.196329314064,173.001559092555,0,0,0,171.906398392157,0,0,232.945974238958,162.833808134102,153.672550905948,0,0,215.611029055736,71.4788760670054,0,0,0,0,161.325017232684,0,0,224.523755099568,214.116367924649,98.417953423071,0,151.036729364761
228.075434767255,0,323.781250289068,0,219.078548227669,205.09013266389,101.350815329073,0,183.786860782462,209.996727521564,137.177378802006,253.401634605989,0,89.3673883748406,142.385058730083,195.822649557859,338.131802716296,0,250.461724766314,124.853650664477,325.937289045041,94.7280504127031,0,0,0,137.239127032733,90.7216186966914,153.609372090384,179.718364159796,0,106.926813611922,220.901129804706,158.955087279859,174.013630695256,93.5029580098427,224.523755099568,0,119.345624434514,0,106.33736463831,95.7590805983148
251.098274723989,150.161410108805,0,0,161.302948562323,0,173.059382066957,0,348.674510760064,289.631679007608,284.529238481835,0,0,219.040656038919,134.960780198024,0,0,0,0,151.075371308616,0,0,139.654362654449,115.541295036174,0,0,0,226.825099357786,0,0,242.790381480436,103.519938150021,0,269.936825670274,193.659409924573,214.116367924649,119.345624434514,0,276.620869034647,0,0
0,0,0,0,0,0,197.893790332676,0,94.126460729827,0,314.611698427915,335.371040201042,0,0,0,154.065933476765,0,0,159.183173818572,178.224497384947,0,0,0,180.90030328818,0,0,0,96.5937438588657,192.135034768848,0,0,0,62.859596780235,133.218162784108,0,98.417953423071,0,276.620869034647,0,164.032723165762,0
0,0,0,75.4497121078207,163.945208919892,137.189596148386,98.6790043377568,0,283.88658203332,157.852515740516,0,165.893015276821,58.3493451392805,0,205.839960264176,0,0,141.204637091722,125.81518738273,353.822894641502,101.5853655613,0,167.066576495979,252.487290983309,0,101.443495235174,125.416941482916,0,133.984214699576,112.823430872325,0,94.8881692391942,0,161.275817184598,153.453047983244,0,106.33736463831,0,164.032723165762,0,98.2230592632363
0,76.5072790361762,0,0,155.24952173131,146.465927798921,0,0,0,165.597665022977,0,0,0,306.640284138334,249.905610015455,0,178.748963182352,184.249961885477,99.3508940827211,193.055010680236,0,0,160.530221557972,92.3502314520023,0,70.4221432298295,117.208001126138,172.608400267715,0,0,161.694997919804,0,0,131.969743415579,114.649126378906,151.036729364761,95.7590805983148,0,0,98.2230592632363,0
