0,0,0,97.3232815600345,0,0,0,0,134.566479261133,0,0,0,0,0,0,0,0,0,110.384905066973,0,0,0,0,0,0,0,0,0,139.93285932648,0,0,0,0,0,224.551207449728,0,66.5008477853491,0,0,0,0
0,0,0,0,0,0,0,0,0,195.378266313867,0,0,0,0,0,0,0,0,0,99.3508940827211,0,0,0,180.355266595273,0,0,0,0,120.912756812582,0,0,0,0,0,78.9559315574845,0,0,236.681907140956,0,0,154.784755881607
0,0,0,0,0,138.425725342224,0,0,0,90.7216186966914,0,0,0,0,0,0,0,0,0,0,0,0,0,0,0,0,0,249.905610015455,357.423078228283,0,0,0,97.5855511246009,0,0,0,0,0,0,0,0
97.3232815600345,0,0,0,151.01089327964,0,0,241.57250333243,0,0,0,0,0,0,0,0,0,98.6790043377568,0,0,157.852515740516,0,108.381749703452,133.984214699576,0,0,0,276.620869034647,0,0,0,0,0,104.915316975638,283.248188884028,137.177378802006,0,146.465927798921,82.6299537488922,0,0
0,0,0,151.01089327964,0,0,0,115.332064605654,321.124897279917,0,0,251.098274723989,0,0,106.533627130087,269.936825670274,0,0,151.036729364761,0,261.605527103798,0,0,0,195.314816908693,0,0,0,0,204.084074037941,206.472608421747,0,0,188.936291522747,92.3502314520023,0,0,0,0,0,140.574866691684
0,0,138.425725342224,0,0,0,155.24952173131,0,0,0,0,0,0,0,146.814226519809,0,0,0,0,103.519938150021,0,0,0,74.4197823064597,0,145.74089716123,0,0,195.822649557859,0,0,158.567996645797,0,0,0,151.806152521152,173.201474590904,106.128596538706,169.742003380707,109.093416850988,221.805809452716
0,0,0,0,0,155.24952173131,0,0,0,241.635434294794,0,201.100640800745,0,0,0,0,0,0,0,0,163.059043292369,0,0,0,0,242.790381480436,0,218.045528847001,0,0,0,197.893790332676,0,115.871357769661,119.345624434514,72.2278283150671,71.4788760670054,0,284.529238481835,0,180.90030328818
0,0,0,241.57250333243,115.332064605654,0,0,0,106.33736463831,0,0,0,0,154.142998692322,0,0,0,82.4756938751058,0,74.5815074003433,101.605593487621,0,161.275817184598,200.878319874537,94.7280504127031,0,0,150.161410108805,76.5072790361762,0,0,0,0,0,335.371040201042,0,325.937289045041,0,99.2646516363145,135.294330067913,0
134.566479261133,0,0,0,321.124897279917,0,0,106.33736463831,0,0,0,0,0,111.435629183184,0,0,131.969743415579,98.2230592632363,0,0,0,0,0,0,0,0,0,125.994729980093,0,0,0,0,0,0,0,187.77054666536,101.85207633558,155.901486485736,0,115.541295036174,0
0,195.378266313867,90.7216186966914,0,0,0,241.635434294794,0,0,0,136.792307586862,146.770754374523,0,0,0,0,0,0,0,159.183173818572,0,0,194.442125915551,97.3506957544063,0,280.376028997576,94.027247878695,92.5568465385234,116.176698124939,345.797434674459,0,0,0,183.786860782462,0,0,0,161.694997919804,89.1590885155172,178.748963182352,154.070293657878
0,0,0,0,0,0,0,0,0,136.792307586862,0,0,0,0,0,0,226.825099357786,172.892533368851,167.066576495979,138.33942793804,139.792601838991,323.781250289068,0,219.078548227669,0,0,228.075434767255,220.901129804706,0,0,0,100.812745974529,0,0,135.667029391615,205.839960264176,202.712457066107,89.707245288964,0,158.955087279859,0
0,0,0,0,251.098274723989,0,201.100640800745,0,0,146.770754374523,0,0,0,0,321.864157986053,124.853650664477,112.823430872325,0,0,0,0,0,165.597665022977,89.9429017381717,0,108.136066660554,0,122.106946855269,174.013630695256,222.053792850439,0,0,306.640284138334,93.4234866874731,115.194491798135,101.350815329073,219.040656038919,193.777661225572,173.059382066957,153.672550905948,225.013371621378
0,0,0,0,0,0,0,0,0,0,0,0,0,209.996727521564,0,0,0,0,0,104.369974912428,0,0,0,0,0,112.793316814908,0,89.3673883748406,0,0,0,0,0,0,0,0,124.698445421759,0,0,168.241326865882,0
0,0,0,0,0,0,0,154.142998692322,111.435629183184,0,0,0,209.996727521564,0,0,0,0,0,0,101.443495235174,0,84.3635741045246,0,353.822894641502,0,0,0,137.239127032733,0,0,0,329.719143597451,0,193.055010680236,0,154.065933476765,128.846764897717,71.5579325720569,196.032358954952,0,259.055025639447
0,0,0,0,106.533627130087,146.814226519809,0,0,0,0,0,321.864157986053,0,0,0,0,0,0,0,0,348.674510760064,70.4221432298295,117.208001126138,0,0,0,113.059176128709,0,188.851177466023,0,0,0,0,180.543851962045,247.66948903751,175.196329314064,0,0,0,0,227.504408813069
0,0,0,0,269.936825670274,0,0,0,0,0,0,124.853650664477,0,0,0,0,0,0,0,0,0,0,0,255.441154257905,73.1029054543569,111.226326353722,162.833808134102,0,115.868441404982,0,0,283.88658203332,0,0,0,163.945208919892,0,249.798812580765,0,114.649126378906,0
0,0,0,0,0,0,0,0,131.969743415579,0,226.825099357786,112.823430872325,0,0,0,0,0,0,0,80.8080171296381,0,0,0,0,208.005106191961,0,0,0,0,0,0,0,190.185165668632,0,0,0,178.683678585178,0,143.005810983322,178.224497384947,253.401634605989
0,0,0,98.6790043377568,0,0,0,82.4756938751058,98.2230592632363,0,172.892533368851,0,0,0,0,0,0,0,0,78.8552325762656,0,0,0,0,0,137.189596148386,197.486504603685,0,0,0,0,0,0,0,0,0,106.926813611922,0,0,205.09013266389,0
110.384905066973,0,0,0,151.036729364761,0,0,0,0,0,167.066576495979,0,0,0,0,0,0,0,0,161.325017232684,0,0,0,0,0,0,0,82.1742780037132,333.645516435298,0,0,153.609372090384,0,213.67670887414,133.218162784108,252.487290983309,81.9664354533492,0,0,0,151.695570509541
0,99.3508940827211,0,0,0,103.519938150021,0,74.5815074003433,0,159.183173818572,138.33942793804,0,104.369974912428,101.443495235174,0,0,80.8080171296381,78.8552325762656,161.325017232684,0,0,0,0,0,232.945974238958,0,206.912707094411,0,0,128.530575464043,0,0,0,160.537522273714,250.461724766314,0,169.453147353278,0,62.859596780235,0,0
0,0,0,157.852515740516,261.605527103798,0,163.059043292369,101.605593487621,0,0,139.792601838991,0,0,0,348.674510760064,0,0,0,0,0,0,0,0,0,0,80.4367166559625,193.659409924573,173.001559092555,160.530221557972,0,0,0,0,201.44584889478,0,0,98.417953423071,0,0,0,94.8881692391942
0,0,0,0,0,0,0,0,0,0,323.781250289068,0,0,84.3635741045246,70.4221432298295,0,0,0,0,0,0,0,0,0,0,0,0,93.5029580098427,0,0,0,0,0,92.5207898118833,164.032723165762,0,338.131802716296,196.04190773555,0,0,0
0,0,0,108.381749703452,0,0,0,161.275817184598,0,194.442125915551,0,165.597665022977,0,0,117.208001126138,0,0,0,0,0,0,0,0,0,0,0,85.7623170715703,74.7304794244225,113.144980278377,306.344527664232,0,0,61.0664810463559,198.964527389285,62.311273509377,0,94.7529894315991,0,81.2827395071039,223.705816669619,0
0,180.355266595273,0,133.984214699576,0,74.4197823064597,0,200.878319874537,0,97.3506957544063,219.078548227669,89.9429017381717,0,353.822894641502,0,255.441154257905,0,0,0,0,0,0,0,0,0,172.608400267715,186.348837226466,215.611029055736,186.973586461633,0,0,0,0,118.522099274347,191.519780382943,112.349934713559,90.1317194604647,289.631679007608,0,0,151.075371308616
0,0,0,0,195.314816908693,0,0,94.7280504127031,0,0,0,0,0,0,0,73.1029054543569,208.005106191961,0,0,232.945974238958,0,0,0,0,0,184.249961885477,0,0,0,0,0,0,0,58.3493451392805,238.934743274142,0,114.511014214502,0,0,309.997227542691,0
0,0,0,0,0,145.74089716123,242.790381480436,0,0,280.376028997576,0,108.136066660554,112.793316814908,0,0,111.226326353722,0,137.189596148386,0,0,80.4367166559625,0,0,172.608400267715,184.249961885477,0,96.7845769653343,347.376449530863,0,146.99041817625,120.567029282014,96.5937438588657,0,161.302948562323,173.538155409849,0,261.440278806413,141.204637091722,0,220.963068032256,0
0,0,0,0,0,0,0,0,0,94.027247878695,228.075434767255,0,0,0,113.059176128709,162.833808134102,0,197.486504603685,0,206.912707094411,193.659409924573,0,85.7623170715703,186.348837226466,0,96.7845769653343,0,165.893015276821,125.416941482916,0,171.906398392157,0,0,0,87.8456058929559,231.715271819474,259.442917595754,181.316358113209,148.808626413748,139.654362654449,82.6426202489162
0,0,249.905610015455,276.620869034647,0,0,218.045528847001,150.161410108805,125.994729980093,92.5568465385234,220.901129804706,122.106946855269,89.3673883748406,137.239127032733,0,0,0,0,82.1742780037132,0,173.001559092555,93.5029580098427,74.7304794244225,215.611029055736,0,347.376449530863,165.893015276821,0,177.763106506206,0,0,303.527509149359,192.693757128262,142.054529471577,134.960780198024,142.385058730083,320.356811100276,0,214.116367924649,171.230058197369,240.185081663983
139.93285932648,120.912756812582,357.423078228283,0,0,195.822649557859,0,76.5072790361762,0,116.176698124939,0,174.013630695256,0,0,188.851177466023,115.868441404982,0,0,333.645516435298,0,160.530221557972,0,113.144980278377,186.973586461633,0,0,125.416941482916,177.763106506206,0,0,0,0,0,153.876396855887,231.050882209,115.114253591495,228.792310020318,198.528111506785,0,125.81518738273,0
0,0,0,0,204.084074037941,0,0,0,0,345.797434674459,0,222.053792850439,0,0,0,0,0,0,0,128.530575464043,0,0,306.344527664232,0,0,146.99041817625,0,0,0,0,0,0,0,192.135034768848,0,0,193.63278243493,262.382215657622,0,241.682021696872,94.9380989123498
0,0,0,0,206.472608421747,0,0,0,0,0,0,0,0,0,0,0,0,0,0,0,0,0,0,0,0,120.567029282014,171.906398392157,0,0,0,0,0,0,0,0,136.685314494491,0,0,0,128.405764333981,314.611698427915
0,0,0,0,0,158.567996645797,197.893790332676,0,0,0,100.812745974529,0,0,329.719143597451,0,283.88658203332,0,0,153.609372090384,0,0,0,0,0,0,96.5937438588657,0,303.527509149359,0,0,0,0,0,219.430938885781,0,0,75.4497121078207,0,0,95.7590805983148,0
0,0,97.5855511246009,0,0,0,0,0,0,0,0,306.640284138334,0,0,0,0,190.185165668632,0,0,0,0,0,61.0664810463559,0,0,0,0,192.693757128262,0,0,0,0,0,0,0,0,0,0,0,0,0
0,0,0,104.915316975638,188.936291522747,0,115.871357769661,0,0,183.786860782462,0,93.4234866874731,0,193.055010680236,180.543851962045,0,0,0,213.67670887414,160.537522273714,201.44584889478,92.5207898118833,198.964527389285,118.522099274347,58.3493451392805,161.302948562323,0,142.054529471577,153.876396855887,192.135034768848,0,219.430938885781,0,0,179.718364159796,153.453047983244,161.74915061469,224.523755099568,211.840482897052,94.126460729827,263.534399241887
224.551207449728,78.9559315574845,0,283.248188884028,92.3502314520023,0,119.345624434514,335.371040201042,0,0,135.667029391615,115.194491798135,0,0,247.66948903751,0,0,0,133.218162784108,250.461724766314,0,164.032723165762,62.311273509377,191.519780382943,238.934743274142,173.538155409849,87.8456058929559,134.960780198024,231.050882209,0,0,0,0,179.718364159796,0,0,217.157696745803,73.4795582048751,85.6072705949986,212.592150359921,192.601533877686
0,0,0,137.177378802006,0,151.806152521152,72.2278283150671,0,187.77054666536,0,205.839960264176,101.350815329073,0,154.065933476765,175.196329314064,163.945208919892,0,0,252.487290983309,0,0,0,0,112.349934713559,0,0,231.715271819474,142.385058730083,115.114253591495,0,136.685314494491,0,0,153.453047983244,0,0,67.8267069095267,116.054372245433,0,0,101.5853655613
66.5008477853491,0,0,0,0,173.201474590904,71.4788760670054,325.937289045041,101.85207633558,0,202.712457066107,219.040656038919,124.698445421759,128.846764897717,0,0,178.683678585178,106.926813611922,81.9664354533492,169.453147353278,98.417953423071,338.131802716296,94.7529894315991,90.1317194604647,114.511014214502,261.440278806413,259.442917595754,320.356811100276,228.792310020318,193.63278243493,0,75.4497121078207,0,161.74915061469,217.157696745803,67.8267069095267,0,205.183249704085,0,199.492852797962,300.031143529538
0,236.681907140956,0,146.465927798921,0,106.128596538706,0,0,155.901486485736,161.694997919804,89.707245288964,193.777661225572,0,71.5579325720569,0,249.798812580765,0,0,0,0,0,196.04190773555,0,289.631679007608,0,141.204637091722,181.316358113209,0,198.528111506785,262.382215657622,0,0,0,224.523755099568,73.4795582048751,116.054372245433,205.183249704085,0,0,101.895308036513,0
0,0,0,82.6299537488922,0,169.742003380707,284.529238481835,99.2646516363145,0,89.1590885155172,0,173.059382066957,0,196.032358954952,0,0,143.005810983322,0,0,62.859596780235,0,0,81.2827395071039,0,0,0,148.808626413748,214.116367924649,0,0,0,0,0,211.840482897052,85.6072705949986,0,0,0,0,119.728129215699,0
0,0,0,0,0,109.093416850988,0,135.294330067913,115.541295036174,178.748963182352,158.955087279859,153.672550905948,168.241326865882,0,0,114.649126378906,178.224497384947,205.09013266389,0,0,0,0,223.705816669619,0,309.997227542691,220.963068032256,139.654362654449,171.230058197369,125.81518738273,241.682021696872,128.405764333981,95.7590805983148,0,94.126460729827,212.592150359921,0,199.492852797962,101.895308036513,119.728129215699,0,204.481117647118
0,154.784755881607,0,0,140.574866691684,221.805809452716,180.90030328818,0,0,154.070293657878,0,225.013371621378,0,259.055025639447,227.504408813069,0,253.401634605989,0,151.695570509541,0,94.8881692391942,0,0,151.075371308616,0,0,82.6426202489162,240.185081663983,0,94.9380989123498,314.611698427915,0,0,263.534399241887,192.601533877686,101.5853655613,300.031143529538,0,0,204.481117647118,0
