0,0,0,0,0,0,0,0,0,0,0,345.797434674459,120.912756812582,0,0,0,0,0,0,72.2278283150671,178.748963182352,0,0,0,0,347.376449530863,0,0,0,0,0,0,0,0,0,0,259.442917595754,0,0,0,0
0,0,0,0,0,0,0,0,0,101.85207633558,0,0,0,0,0,0,0,0,0,191.519780382943,0,0,323.781250289068,0,0,0,0,262.382215657622,0,0,0,0,0,0,0,0,180.90030328818,0,146.465927798921,240.185081663983,0
0,0,0,357.423078228283,0,0,0,0,0,0,0,0,0,0,0,0,0,0,0,0,0,0,0,224.551207449728,0,0,136.685314494491,115.541295036174,0,0,0,0,0,0,0,0,0,0,119.345624434514,0,0
0,0,357.423078228283,0,0,0,0,0,0,82.1742780037132,124.853650664477,122.106946855269,0,0,0,168.241326865882,0,0,192.135034768848,0,0,0,0,74.5815074003433,0,0,0,198.964527389285,0,0,0,0,81.2827395071039,255.441154257905,193.659409924573,0,155.901486485736,0,92.5207898118833,0,0
0,0,0,0,0,193.777661225572,0,0,135.667029391615,0,104.369974912428,0,0,0,0,0,0,0,0,0,106.926813611922,0,0,0,250.461724766314,348.674510760064,78.9559315574845,117.208001126138,0,0,0,0,0,0,224.523755099568,128.530575464043,163.059043292369,283.248188884028,0,154.142998692322,125.994729980093
0,0,0,0,193.777661225572,0,0,155.24952173131,0,153.453047983244,0,0,0,0,0,0,0,0,0,0,172.608400267715,195.822649557859,0,151.01089327964,82.6426202489162,115.868441404982,0,0,0,179.718364159796,0,0,0,238.934743274142,0,188.936291522747,306.640284138334,99.2646516363145,193.63278243493,0,0
0,0,0,0,0,0,0,116.054372245433,0,0,0,0,0,0,173.201474590904,0,0,0,0,184.249961885477,0,0,0,118.522099274347,115.114253591495,100.812745974529,94.7280504127031,58.3493451392805,0,167.066576495979,0,0,0,0,124.698445421759,0,95.7590805983148,104.915316975638,0,169.742003380707,0
0,0,0,0,0,155.24952173131,116.054372245433,0,0,0,215.611029055736,94.8881692391942,0,0,0,114.649126378906,261.440278806413,0,0,71.5579325720569,0,0,220.963068032256,150.161410108805,0,309.997227542691,0,0,0,0,0,173.001559092555,0,0,106.128596538706,178.683678585178,161.74915061469,0,0,206.472608421747,74.4197823064597
0,0,0,0,135.667029391615,0,0,0,0,0,0,0,0,153.876396855887,0,89.1590885155172,0,0,0,0,0,0,0,0,73.1029054543569,0,153.609372090384,97.3232815600345,0,97.3506957544063,0,0,0,284.529238481835,225.013371621378,0,0,209.996727521564,0,205.183249704085,0
0,101.85207633558,0,82.1742780037132,0,153.453047983244,0,0,0,0,205.09013266389,0,98.6790043377568,0,0,0,119.728129215699,0,0,103.519938150021,151.695570509541,0,62.311273509377,146.770754374523,0,0,0,217.157696745803,131.969743415579,280.376028997576,0,0,0,61.0664810463559,125.416941482916,0,120.567029282014,0,151.806152521152,0,212.592150359921
0,0,0,124.853650664477,104.369974912428,0,0,215.611029055736,0,205.09013266389,0,198.528111506785,0,0,0,141.204637091722,0,0,231.715271819474,0,0,165.597665022977,80.8080171296381,0,0,134.566479261133,199.492852797962,0,0,0,0,0,0,0,228.792310020318,0,0,208.005106191961,114.511014214502,172.892533368851,136.792307586862
345.797434674459,0,0,122.106946855269,0,0,0,94.8881692391942,0,0,198.528111506785,0,0,180.543851962045,183.786860782462,137.239127032733,0,223.705816669619,0,241.57250333243,0,0,0,98.417953423071,0,252.487290983309,218.045528847001,219.078548227669,188.851177466023,0,173.059382066957,0,0,78.8552325762656,289.631679007608,157.852515740516,111.226326353722,94.027247878695,0,112.349934713559,0
120.912756812582,0,0,0,0,0,0,0,0,98.6790043377568,0,0,0,0,0,0,0,0,0,0,0,0,0,0,0,112.793316814908,0,0,101.895308036513,0,0,0,0,192.601533877686,151.075371308616,0,0,0,0,0,0
0,0,0,0,0,0,0,0,153.876396855887,0,0,180.543851962045,0,0,0,0,0,0,97.5855511246009,186.973586461633,110.384905066973,0,142.054529471577,259.055025639447,0,0,0,90.1317194604647,82.4756938751058,0,0,196.04190773555,0,0,148.808626413748,139.93285932648,0,0,89.707245288964,0,226.825099357786
0,0,0,0,0,0,173.201474590904,0,0,0,0,183.786860782462,0,0,0,70.4221432298295,0,0,0,0,0,139.792601838991,92.3502314520023,0,0,82.6299537488922,0,241.682021696872,76.5072790361762,0,0,213.67670887414,0,0,151.036729364761,0,89.9429017381717,0,0,0,205.839960264176
0,0,0,168.241326865882,0,0,0,114.649126378906,89.1590885155172,0,141.204637091722,137.239127032733,0,0,70.4221432298295,0,0,0,0,0,0,0,0,0,0,0,173.538155409849,300.031143529538,0,0,0,0,0,177.763106506206,0,0,165.893015276821,0,0,228.075434767255,0
0,0,0,0,0,0,0,261.440278806413,0,119.728129215699,0,0,0,0,0,0,0,0,0,0,0,0,0,0,0,0,0,0,159.183173818572,94.9380989123498,0,0,0,197.486504603685,93.5029580098427,169.453147353278,84.3635741045246,106.533627130087,0,0,133.218162784108
0,0,0,0,0,0,0,0,0,0,0,223.705816669619,0,0,0,0,0,0,0,162.833808134102,0,0,0,261.605527103798,0,0,0,253.401634605989,115.194491798135,0,0,0,0,0,269.936825670274,116.176698124939,333.645516435298,353.822894641502,0,0,0
0,0,0,192.135034768848,0,0,0,0,0,0,231.715271819474,0,0,97.5855511246009,0,0,0,0,0,0,0,0,0,194.442125915551,0,0,0,276.620869034647,108.136066660554,0,158.567996645797,0,0,0,164.032723165762,0,98.2230592632363,101.443495235174,321.124897279917,115.332064605654,0
72.2278283150671,191.519780382943,0,0,0,0,184.249961885477,71.5579325720569,0,103.519938150021,0,241.57250333243,0,186.973586461633,0,0,0,162.833808134102,0,0,0,0,101.350815329073,0,0,0,325.937289045041,0,201.100640800745,0,0,161.694997919804,0,187.77054666536,80.4367166559625,306.344527664232,0,220.901129804706,0,0,106.33736463831
178.748963182352,0,0,0,106.926813611922,172.608400267715,0,0,0,151.695570509541,0,0,0,110.384905066973,0,0,0,0,0,0,0,96.7845769653343,0,113.144980278377,0,0,0,92.5568465385234,154.065933476765,171.906398392157,0,0,0,0,211.840482897052,0,160.537522273714,0,0,236.681907140956,0
0,0,0,0,0,195.822649557859,0,0,0,0,165.597665022977,0,0,0,139.792601838991,0,0,0,0,0,96.7845769653343,0,67.8267069095267,0,0,0,0,135.294330067913,0,0,0,0,0,161.325017232684,0,0,0,204.084074037941,0,0,0
0,323.781250289068,0,0,0,0,0,220.963068032256,0,62.311273509377,80.8080171296381,0,0,142.054529471577,92.3502314520023,0,0,0,0,101.350815329073,0,67.8267069095267,0,0,0,0,133.984214699576,0,146.99041817625,0,0,0,0,192.693757128262,0,0,227.504408813069,74.7304794244225,73.4795582048751,71.4788760670054,0
0,0,224.551207449728,74.5815074003433,0,151.01089327964,118.522099274347,150.161410108805,0,146.770754374523,0,98.417953423071,0,259.055025639447,0,0,0,261.605527103798,194.442125915551,0,113.144980278377,0,0,0,0,0,0,108.381749703452,89.3673883748406,115.871357769661,0,0,0,247.66948903751,143.005810983322,154.070293657878,338.131802716296,0,0,0,163.945208919892
0,0,0,0,250.461724766314,82.6426202489162,115.114253591495,0,73.1029054543569,0,0,0,0,0,0,0,0,0,0,0,0,0,0,0,0,0,138.425725342224,0,200.878319874537,0,0,0,303.527509149359,186.348837226466,0,0,241.635434294794,0,0,128.405764333981,0
347.376449530863,0,0,0,348.674510760064,115.868441404982,100.812745974529,309.997227542691,0,0,134.566479261133,252.487290983309,112.793316814908,0,82.6299537488922,0,0,0,0,0,0,0,0,0,0,0,125.81518738273,0,0,0,137.177378802006,180.355266595273,0,99.3508940827211,138.33942793804,202.712457066107,101.605593487621,314.611698427915,146.814226519809,197.893790332676,251.098274723989
0,0,136.685314494491,0,78.9559315574845,0,94.7280504127031,0,153.609372090384,0,199.492852797962,218.045528847001,0,0,0,173.538155409849,0,0,0,325.937289045041,0,0,133.984214699576,0,138.425725342224,125.81518738273,0,153.672550905948,0,113.059176128709,0,0,0,193.055010680236,242.790381480436,81.9664354533492,109.093416850988,0,204.481117647118,160.530221557972,134.960780198024
0,262.382215657622,115.541295036174,198.964527389285,117.208001126138,0,58.3493451392805,0,97.3232815600345,217.157696745803,0,219.078548227669,0,90.1317194604647,241.682021696872,300.031143529538,0,253.401634605989,276.620869034647,0,92.5568465385234,135.294330067913,0,108.381749703452,0,0,153.672550905948,0,101.5853655613,0,0,221.805809452716,137.189596148386,62.859596780235,174.013630695256,158.955087279859,178.224497384947,139.654362654449,0,112.823430872325,161.275817184598
0,0,0,0,0,0,0,0,0,131.969743415579,0,188.851177466023,101.895308036513,82.4756938751058,76.5072790361762,0,159.183173818572,115.194491798135,108.136066660554,201.100640800745,154.065933476765,0,146.99041817625,89.3673883748406,200.878319874537,0,0,101.5853655613,0,0,0,201.44584889478,94.7529894315991,128.846764897717,0,0,175.196329314064,0,96.5937438588657,87.8456058929559,219.430938885781
0,0,0,0,0,179.718364159796,167.066576495979,0,97.3506957544063,280.376028997576,0,0,0,0,0,0,94.9380989123498,0,0,0,171.906398392157,0,0,115.871357769661,0,0,113.059176128709,0,0,0,0,0,0,219.040656038919,0,0,94.126460729827,0,0,249.798812580765,0
0,0,0,0,0,0,0,0,0,0,0,173.059382066957,0,0,0,0,0,0,158.567996645797,0,0,0,0,0,0,137.177378802006,0,0,0,0,0,0,0,93.4234866874731,0,214.116367924649,0,0,0,0,335.371040201042
0,0,0,0,0,0,0,173.001559092555,0,0,0,0,0,196.04190773555,213.67670887414,0,0,0,0,161.694997919804,0,0,0,0,0,180.355266595273,0,221.805809452716,201.44584889478,0,0,0,0,249.905610015455,0,0,142.385058730083,111.435629183184,0,231.050882209,0
0,0,0,81.2827395071039,0,0,0,0,0,0,0,0,0,0,0,0,0,0,0,0,0,0,0,0,303.527509149359,0,0,137.189596148386,94.7529894315991,0,0,0,0,0,0,0,0,0,0,195.378266313867,0
0,0,0,255.441154257905,0,238.934743274142,0,0,284.529238481835,61.0664810463559,0,78.8552325762656,192.601533877686,0,0,177.763106506206,197.486504603685,0,0,187.77054666536,0,161.325017232684,192.693757128262,247.66948903751,186.348837226466,99.3508940827211,193.055010680236,62.859596780235,128.846764897717,219.040656038919,93.4234866874731,249.905610015455,0,0,283.88658203332,181.316358113209,140.574866691684,329.719143597451,85.6072705949986,0,263.534399241887
0,0,0,193.659409924573,224.523755099568,0,124.698445421759,106.128596538706,225.013371621378,125.416941482916,228.792310020318,289.631679007608,151.075371308616,148.808626413748,151.036729364761,0,93.5029580098427,269.936825670274,164.032723165762,80.4367166559625,211.840482897052,0,0,143.005810983322,0,138.33942793804,242.790381480436,174.013630695256,0,0,0,0,0,283.88658203332,0,321.864157986053,75.4497121078207,0,0,171.230058197369,161.302948562323
0,0,0,0,128.530575464043,188.936291522747,0,178.683678585178,0,0,0,157.852515740516,0,139.93285932648,0,0,169.453147353278,116.176698124939,0,306.344527664232,0,0,0,154.070293657878,0,202.712457066107,81.9664354533492,158.955087279859,0,0,214.116367924649,0,0,181.316358113209,321.864157986053,0,232.945974238958,196.032358954952,0,154.784755881607,90.7216186966914
259.442917595754,180.90030328818,0,155.901486485736,163.059043292369,306.640284138334,95.7590805983148,161.74915061469,0,120.567029282014,0,111.226326353722,0,0,89.9429017381717,165.893015276821,84.3635741045246,333.645516435298,98.2230592632363,0,160.537522273714,0,227.504408813069,338.131802716296,241.635434294794,101.605593487621,109.093416850988,178.224497384947,175.196329314064,94.126460729827,0,142.385058730083,0,140.574866691684,75.4497121078207,232.945974238958,0,195.314816908693,0,320.356811100276,85.7623170715703
0,0,0,0,283.248188884028,99.2646516363145,104.915316975638,0,209.996727521564,0,208.005106191961,94.027247878695,0,0,0,0,106.533627130087,353.822894641502,101.443495235174,220.901129804706,0,204.084074037941,74.7304794244225,0,0,314.611698427915,0,139.654362654449,0,0,0,111.435629183184,0,329.719143597451,0,196.032358954952,195.314816908693,0,0,206.912707094411,222.053792850439
0,146.465927798921,119.345624434514,92.5207898118833,0,193.63278243493,0,0,0,151.806152521152,114.511014214502,0,0,89.707245288964,0,0,0,0,321.124897279917,0,0,0,73.4795582048751,0,0,146.814226519809,204.481117647118,0,96.5937438588657,0,0,0,0,85.6072705949986,0,0,0,0,0,145.74089716123,190.185165668632
0,240.185081663983,0,0,154.142998692322,0,169.742003380707,206.472608421747,205.183249704085,0,172.892533368851,112.349934713559,0,0,0,228.075434767255,0,0,115.332064605654,0,236.681907140956,0,71.4788760670054,0,128.405764333981,197.893790332676,160.530221557972,112.823430872325,87.8456058929559,249.798812580765,0,231.050882209,195.378266313867,0,171.230058197369,154.784755881607,320.356811100276,206.912707094411,145.74089716123,0,66.5008477853491
0,0,0,0,125.994729980093,0,0,74.4197823064597,0,212.592150359921,136.792307586862,0,0,226.825099357786,205.839960264176,0,133.218162784108,0,0,106.33736463831,0,0,0,163.945208919892,0,251.098274723989,134.960780198024,161.275817184598,219.430938885781,0,335.371040201042,0,0,263.534399241887,161.302948562323,90.7216186966914,85.7623170715703,222.053792850439,190.185165668632,66.5008477853491,0
