0,0,0,0,0,0,0,0,0,0,0,173.059382066957,0,0,197.486504603685,0,0,0,0,154.142998692322,0,0,0,0,0,0,0,219.078548227669,0,0,0,0,0,0,184.249961885477,0,0,0,187.77054666536,0,0
0,0,0,180.355266595273,0,0,0,0,0,0,0,0,0,0,0,0,0,0,0,0,0,0,0,0,0,158.955087279859,300.031143529538,0,0,143.005810983322,0,0,173.201474590904,338.131802716296,0,0,0,0,0,128.846764897717,0
0,0,0,0,0,115.541295036174,0,0,0,0,113.144980278377,0,0,0,0,0,0,0,0,0,0,0,78.8552325762656,0,0,0,0,0,0,0,0,0,0,0,0,0,0,0,0,174.013630695256,251.098274723989
0,180.355266595273,0,0,0,0,0,0,0,0,0,101.605593487621,0,173.001559092555,0,0,73.4795582048751,141.204637091722,0,0,145.74089716123,0,0,0,0,0,172.892533368851,134.566479261133,0,0,0,252.487290983309,0,195.378266313867,74.5815074003433,0,101.895308036513,137.189596148386,0,0,0
0,0,0,0,0,106.128596538706,120.912756812582,110.384905066973,0,0,0,0,0,0,0,0,214.116367924649,101.85207633558,0,0,0,0,222.053792850439,0,0,0,100.812745974529,201.44584889478,303.527509149359,0,0,0,0,0,220.963068032256,0,236.681907140956,186.348837226466,192.693757128262,151.695570509541,0
0,0,115.541295036174,0,106.128596538706,0,0,0,0,0,0,0,0,0,0,0,196.04190773555,0,0,0,0,0,0,325.937289045041,0,89.707245288964,161.275817184598,0,165.597665022977,62.859596780235,0,0,0,199.492852797962,283.248188884028,320.356811100276,93.4234866874731,250.461724766314,0,179.718364159796,0
0,0,0,0,120.912756812582,0,0,0,0,0,0,0,0,0,0,90.7216186966914,0,180.90030328818,85.6072705949986,97.3506957544063,0,0,0,221.805809452716,0,90.1317194604647,76.5072790361762,94.7280504127031,0,0,0,0,0,62.311273509377,231.050882209,213.67670887414,0,0,0,0,160.537522273714
0,0,0,0,110.384905066973,0,0,0,0,163.059043292369,125.994729980093,0,0,154.070293657878,0,162.833808134102,0,137.239127032733,0,71.5579325720569,0,97.5855511246009,0,0,0,0,0,186.973586461633,0,0,0,0,0,241.682021696872,0,262.382215657622,117.208001126138,131.969743415579,151.036729364761,165.893015276821,118.522099274347
0,0,0,0,0,0,0,0,0,0,193.777661225572,135.667029391615,259.055025639447,0,0,0,0,0,0,81.9664354533492,0,0,0,139.93285932648,0,92.5207898118833,94.027247878695,150.161410108805,0,0,0,0,0,125.416941482916,211.840482897052,0,0,0,0,231.715271819474,0
0,0,0,0,0,0,0,163.059043292369,0,0,309.997227542691,154.065933476765,0,0,0,94.9380989123498,0,113.059176128709,0,101.5853655613,0,0,208.005106191961,58.3493451392805,0,195.822649557859,204.084074037941,314.611698427915,335.371040201042,0,0,0,0,82.4756938751058,195.314816908693,116.054372245433,89.1590885155172,163.945208919892,0,80.8080171296381,0
0,0,113.144980278377,0,0,0,0,125.994729980093,193.777661225572,309.997227542691,0,82.1742780037132,0,0,0,106.926813611922,0,0,115.332064605654,98.2230592632363,0,0,114.511014214502,66.5008477853491,0,0,0,114.649126378906,0,0,0,0,0,0,108.381749703452,0,175.196329314064,108.136066660554,0,95.7590805983148,192.601533877686
173.059382066957,0,0,101.605593487621,0,0,0,0,135.667029391615,154.065933476765,82.1742780037132,0,0,0,232.945974238958,202.712457066107,97.3232815600345,0,0,224.523755099568,0,168.241326865882,0,142.054529471577,161.74915061469,188.936291522747,238.934743274142,283.88658203332,80.4367166559625,72.2278283150671,0,0,0,146.770754374523,0,0,161.325017232684,217.157696745803,0,0,306.344527664232
0,0,0,0,0,0,0,0,259.055025639447,0,0,0,0,0,0,0,0,0,0,0,0,0,0,200.878319874537,0,0,0,93.5029580098427,133.218162784108,0,0,0,0,0,0,0,0,0,348.674510760064,92.3502314520023,0
0,0,0,173.001559092555,0,0,0,154.070293657878,0,0,0,0,0,0,0,142.385058730083,0,0,155.24952173131,78.9559315574845,306.640284138334,0,0,181.316358113209,0,225.013371621378,0,0,164.032723165762,0,0,201.100640800745,0,0,0,128.530575464043,289.631679007608,136.685314494491,0,0,111.435629183184
197.486504603685,0,0,0,0,0,0,0,0,0,0,232.945974238958,0,0,0,0,0,0,347.376449530863,0,0,0,0,0,74.7304794244225,85.7623170715703,193.659409924573,119.345624434514,0,261.440278806413,0,0,0,321.864157986053,101.350815329073,99.2646516363145,0,0,0,96.5937438588657,0
0,0,0,0,0,0,90.7216186966914,162.833808134102,0,94.9380989123498,106.926813611922,202.712457066107,0,142.385058730083,0,0,0,0,0,0,0,0,0,124.698445421759,138.425725342224,0,0,0,0,0,0,0,0,0,0,0,193.055010680236,140.574866691684,0,74.4197823064597,0
0,0,0,73.4795582048751,214.116367924649,196.04190773555,0,0,0,0,0,97.3232815600345,0,0,0,0,0,0,0,0,353.822894641502,0,0,0,0,0,0,0,94.7529894315991,0,0,106.533627130087,247.66948903751,220.901129804706,0,0,206.472608421747,0,0,0,0
0,0,0,141.204637091722,101.85207633558,0,180.90030328818,137.239127032733,0,113.059176128709,0,0,0,0,0,0,0,0,0,0,0,0,0,0,0,0,0,0,194.442125915551,87.8456058929559,0,0,0,0,205.09013266389,0,0,0,0,0,169.453147353278
0,0,0,0,0,0,85.6072705949986,0,0,0,115.332064605654,0,0,155.24952173131,347.376449530863,0,0,0,0,125.81518738273,0,0,0,0,0,0,0,159.183173818572,0,212.592150359921,0,0,196.032358954952,0,0,191.519780382943,227.504408813069,146.99041817625,0,209.996727521564,0
154.142998692322,0,0,0,0,0,97.3506957544063,71.5579325720569,81.9664354533492,101.5853655613,98.2230592632363,224.523755099568,0,78.9559315574845,0,0,0,0,125.81518738273,0,133.984214699576,0,0,0,0,0,0,357.423078228283,0,0,0,0,139.792601838991,218.045528847001,0,0,171.230058197369,204.481117647118,0,280.376028997576,135.294330067913
0,0,0,145.74089716123,0,0,0,0,0,0,0,0,0,306.640284138334,0,0,353.822894641502,0,0,133.984214699576,0,154.784755881607,0,0,0,178.683678585178,240.185081663983,128.405764333981,284.529238481835,0,0,0,0,98.417953423071,157.852515740516,0,223.705816669619,263.534399241887,0,0,0
0,0,0,0,0,0,0,97.5855511246009,0,0,0,168.241326865882,0,0,0,0,0,0,0,0,154.784755881607,0,0,0,0,178.748963182352,0,0,151.806152521152,0,0,0,0,0,0,158.567996645797,67.8267069095267,0,0,94.8881692391942,0
0,0,78.8552325762656,0,222.053792850439,0,0,0,0,208.005106191961,114.511014214502,0,0,0,0,0,0,0,0,0,0,0,0,0,193.63278243493,0,160.530221557972,321.124897279917,241.57250333243,0,82.6426202489162,323.781250289068,0,228.075434767255,104.915316975638,0,148.808626413748,0,0,206.912707094411,241.635434294794
0,0,0,0,0,325.937289045041,221.805809452716,0,139.93285932648,58.3493451392805,66.5008477853491,142.054529471577,200.878319874537,181.316358113209,0,124.698445421759,0,0,0,0,0,0,0,0,61.0664810463559,153.609372090384,0,197.893790332676,276.620869034647,0,0,0,0,259.442917595754,188.851177466023,122.106946855269,151.01089327964,0,192.135034768848,116.176698124939,0
0,0,0,0,0,0,0,0,0,0,0,161.74915061469,0,0,74.7304794244225,138.425725342224,0,0,0,0,0,0,193.63278243493,61.0664810463559,0,0,136.792307586862,0,0,0,0,0,0,0,345.797434674459,0,101.443495235174,205.183249704085,0,0,124.853650664477
0,158.955087279859,0,0,0,89.707245288964,90.1317194604647,0,92.5207898118833,195.822649557859,0,188.936291522747,0,225.013371621378,85.7623170715703,0,0,0,0,0,178.683678585178,178.748963182352,0,153.609372090384,0,0,0,120.567029282014,106.33736463831,169.742003380707,0,0,0,112.793316814908,115.871357769661,269.936825670274,215.611029055736,0,112.823430872325,98.6790043377568,0
0,300.031143529538,0,172.892533368851,100.812745974529,161.275817184598,76.5072790361762,0,94.027247878695,204.084074037941,0,238.934743274142,0,0,193.659409924573,0,0,0,0,0,240.185081663983,0,160.530221557972,0,136.792307586862,0,0,226.825099357786,0,0,161.694997919804,172.608400267715,0,219.040656038919,0,115.868441404982,137.177378802006,0,0,82.6299537488922,183.786860782462
219.078548227669,0,0,134.566479261133,201.44584889478,0,94.7280504127031,186.973586461633,150.161410108805,314.611698427915,114.649126378906,283.88658203332,93.5029580098427,0,119.345624434514,0,0,0,159.183173818572,357.423078228283,128.405764333981,0,321.124897279917,197.893790332676,0,120.567029282014,226.825099357786,0,161.302948562323,0,0,180.543851962045,0,171.906398392157,115.114253591495,81.2827395071039,219.430938885781,177.763106506206,0,73.1029054543569,75.4497121078207
0,0,0,0,303.527509149359,165.597665022977,0,0,0,335.371040201042,0,80.4367166559625,133.218162784108,164.032723165762,0,0,94.7529894315991,194.442125915551,0,0,284.529238481835,151.806152521152,241.57250333243,276.620869034647,0,106.33736463831,0,161.302948562323,0,0,0,228.792310020318,0,0,0,115.194491798135,253.401634605989,255.441154257905,96.7845769653343,112.349934713559,99.3508940827211
0,143.005810983322,0,0,0,62.859596780235,0,0,0,0,0,72.2278283150671,0,0,261.440278806413,0,0,87.8456058929559,212.592150359921,0,0,0,0,0,0,169.742003380707,0,0,0,0,153.672550905948,71.4788760670054,0,249.798812580765,0,0,0,0,153.876396855887,0,0
0,0,0,0,0,0,0,0,0,0,0,0,0,0,0,0,0,0,0,0,0,0,82.6426202489162,0,0,0,161.694997919804,0,0,153.672550905948,0,0,0,0,153.453047983244,0,333.645516435298,0,0,0,119.728129215699
0,0,0,252.487290983309,0,0,0,0,0,0,0,0,0,201.100640800745,0,0,106.533627130087,0,0,0,0,0,323.781250289068,0,0,0,172.608400267715,180.543851962045,228.792310020318,71.4788760670054,0,0,0,111.226326353722,249.905610015455,0,70.4221432298295,0,0,0,0
0,173.201474590904,0,0,0,0,0,0,0,0,0,0,0,0,0,0,247.66948903751,0,196.032358954952,139.792601838991,0,0,0,0,0,0,0,0,0,0,0,0,0,0,0,0,0,0,92.5568465385234,0,0
0,338.131802716296,0,195.378266313867,0,199.492852797962,62.311273509377,241.682021696872,125.416941482916,82.4756938751058,0,146.770754374523,0,0,321.864157986053,0,220.901129804706,0,0,218.045528847001,98.417953423071,0,228.075434767255,259.442917595754,0,112.793316814908,219.040656038919,171.906398392157,0,249.798812580765,0,111.226326353722,0,0,151.075371308616,173.538155409849,198.528111506785,242.790381480436,205.839960264176,94.126460729827,198.964527389285
184.249961885477,0,0,74.5815074003433,220.963068032256,283.248188884028,231.050882209,0,211.840482897052,195.314816908693,108.381749703452,0,0,0,101.350815329073,0,0,205.09013266389,0,0,157.852515740516,0,104.915316975638,188.851177466023,345.797434674459,115.871357769661,0,115.114253591495,0,0,153.453047983244,249.905610015455,0,151.075371308616,0,329.719143597451,109.093416850988,104.369974912428,146.814226519809,190.185165668632,138.33942793804
0,0,0,0,0,320.356811100276,213.67670887414,262.382215657622,0,116.054372245433,0,0,0,128.530575464043,99.2646516363145,0,0,0,191.519780382943,0,0,158.567996645797,0,122.106946855269,0,269.936825670274,115.868441404982,81.2827395071039,115.194491798135,0,0,0,0,173.538155409849,329.719143597451,0,139.654362654449,0,89.3673883748406,84.3635741045246,155.901486485736
0,0,0,101.895308036513,236.681907140956,93.4234866874731,0,117.208001126138,0,89.1590885155172,175.196329314064,161.325017232684,0,289.631679007608,0,193.055010680236,206.472608421747,0,227.504408813069,171.230058197369,223.705816669619,67.8267069095267,148.808626413748,151.01089327964,101.443495235174,215.611029055736,137.177378802006,219.430938885781,253.401634605989,0,333.645516435298,70.4221432298295,0,198.528111506785,109.093416850988,139.654362654449,0,224.551207449728,89.9429017381717,146.465927798921,134.960780198024
0,0,0,137.189596148386,186.348837226466,250.461724766314,0,131.969743415579,0,163.945208919892,108.136066660554,217.157696745803,0,136.685314494491,0,140.574866691684,0,0,146.99041817625,204.481117647118,263.534399241887,0,0,0,205.183249704085,0,0,177.763106506206,255.441154257905,0,0,0,0,242.790381480436,104.369974912428,0,224.551207449728,0,167.066576495979,0,261.605527103798
187.77054666536,0,0,0,192.693757128262,0,0,151.036729364761,0,0,0,0,348.674510760064,0,0,0,0,0,0,0,0,0,0,192.135034768848,0,112.823430872325,0,0,96.7845769653343,153.876396855887,0,0,92.5568465385234,205.839960264176,146.814226519809,89.3673883748406,89.9429017381717,167.066576495979,0,0,178.224497384947
0,128.846764897717,174.013630695256,0,151.695570509541,179.718364159796,0,165.893015276821,231.715271819474,80.8080171296381,95.7590805983148,0,92.3502314520023,0,96.5937438588657,74.4197823064597,0,0,209.996727521564,280.376028997576,0,94.8881692391942,206.912707094411,116.176698124939,0,98.6790043377568,82.6299537488922,73.1029054543569,112.349934713559,0,0,0,0,94.126460729827,190.185165668632,84.3635741045246,146.465927798921,0,0,0,103.519938150021
0,0,251.098274723989,0,0,0,160.537522273714,118.522099274347,0,0,192.601533877686,306.344527664232,0,111.435629183184,0,0,0,169.453147353278,0,135.294330067913,0,0,241.635434294794,0,124.853650664477,0,183.786860782462,75.4497121078207,99.3508940827211,0,119.728129215699,0,0,198.964527389285,138.33942793804,155.901486485736,134.960780198024,261.605527103798,178.224497384947,103.519938150021,0
