0,0,0,0,0,0,0,0,0,0,0,0,0,0,0,0,0,0,116.176698124939,0,0,0,0,0,250.461724766314,0,153.672550905948,171.906398392157,0,0,0,211.840482897052,0,0,0,0,0,0,0,0,206.912707094411
0,0,0,0,0,0,0,0,0,214.116367924649,0,0,0,0,204.084074037941,0,0,0,0,0,0,0,0,0,0,0,138.33942793804,0,0,0,0,0,0,227.504408813069,161.325017232684,0,163.059043292369,124.853650664477,0,0,0
0,0,0,0,0,0,0,0,0,0,0,219.078548227669,0,0,0,0,0,0,0,128.405764333981,0,0,0,0,0,0,0,0,0,0,0,0,0,100.812745974529,0,0,0,0,58.3493451392805,74.4197823064597,0
0,0,0,0,0,0,0,0,0,104.915316975638,0,0,0,119.728129215699,0,0,0,0,0,261.605527103798,0,0,80.4367166559625,0,0,94.126460729827,208.005106191961,219.040656038919,82.4756938751058,0,0,0,0,163.945208919892,195.378266313867,0,113.059176128709,94.8881692391942,0,71.4788760670054,0
0,0,0,0,0,133.218162784108,0,0,0,0,97.5855511246009,94.9380989123498,0,205.183249704085,115.114253591495,0,0,0,0,0,194.442125915551,0,0,220.963068032256,0,180.90030328818,180.543851962045,115.541295036174,161.74915061469,0,96.5937438588657,0,0,0,0,0,172.608400267715,0,0,0,159.183173818572
0,0,0,0,133.218162784108,0,0,95.7590805983148,0,125.416941482916,0,146.814226519809,0,161.694997919804,0,0,151.695570509541,0,201.100640800745,0,0,0,0,0,0,62.311273509377,0,160.530221557972,231.050882209,0,0,0,0,190.185165668632,0,85.6072705949986,0,289.631679007608,0,186.973586461633,0
0,0,0,0,0,0,0,0,0,122.106946855269,113.144980278377,0,0,0,0,0,0,236.681907140956,186.348837226466,0,0,0,116.054372245433,162.833808134102,348.674510760064,283.248188884028,0,0,76.5072790361762,0,0,0,0,153.609372090384,171.230058197369,0,94.027247878695,0,112.349934713559,0,0
0,0,0,0,0,95.7590805983148,0,0,142.054529471577,193.659409924573,0,196.04190773555,0,0,74.5815074003433,0,0,0,353.822894641502,165.597665022977,0,0,103.519938150021,0,206.472608421747,0,0,0,205.839960264176,0,0,120.567029282014,0,139.93285932648,202.712457066107,0,0,145.74089716123,151.806152521152,84.3635741045246,0
0,0,0,0,0,0,0,142.054529471577,0,0,0,0,0,0,0,0,0,0,0,241.682021696872,0,0,0,345.797434674459,0,0,178.748963182352,118.522099274347,188.851177466023,197.893790332676,0,0,0,198.964527389285,0,153.453047983244,0,0,0,106.33736463831,115.332064605654
0,214.116367924649,0,104.915316975638,0,125.416941482916,122.106946855269,193.659409924573,0,0,0,119.345624434514,0,0,205.09013266389,155.901486485736,0,0,200.878319874537,0,323.781250289068,0,0,108.136066660554,241.57250333243,0,0,93.5029580098427,0,0,0,155.24952173131,0,179.718364159796,139.792601838991,259.442917595754,106.533627130087,0,0,0,0
0,0,0,0,97.5855511246009,0,113.144980278377,0,0,0,0,204.481117647118,82.6299537488922,0,115.194491798135,259.055025639447,0,0,247.66948903751,133.984214699576,0,0,0,125.81518738273,0,0,221.805809452716,99.3508940827211,0,0,224.551207449728,0,0,0,357.423078228283,112.793316814908,0,78.9559315574845,0,0,73.4795582048751
0,0,219.078548227669,0,94.9380989123498,146.814226519809,0,196.04190773555,0,119.345624434514,204.481117647118,0,0,0,0,0,0,0,150.161410108805,138.425725342224,0,109.093416850988,161.302948562323,141.204637091722,0,154.065933476765,224.523755099568,0,325.937289045041,0,178.683678585178,97.3506957544063,0,136.685314494491,90.7216186966914,209.996727521564,81.2827395071039,173.059382066957,0,0,0
0,0,0,0,0,0,0,0,0,0,82.6299537488922,0,0,0,0,0,0,0,0,0,0,0,0,333.645516435298,0,0,151.036729364761,0,309.997227542691,0,0,0,0,0,184.249961885477,269.936825670274,0,0,0,0,0
0,0,0,119.728129215699,205.183249704085,161.694997919804,0,0,0,0,0,0,0,0,66.5008477853491,0,0,0,0,225.013371621378,73.1029054543569,0,197.486504603685,0,0,240.185081663983,0,115.868441404982,89.3673883748406,0,110.384905066973,0,0,0,0,168.241326865882,192.693757128262,0,0,0,335.371040201042
0,204.084074037941,0,0,115.114253591495,0,0,74.5815074003433,0,205.09013266389,115.194491798135,0,0,66.5008477853491,0,0,0,0,0,0,0,0,0,249.905610015455,0,0,0,104.369974912428,0,0,0,0,0,0,92.5207898118833,0,262.382215657622,167.066576495979,0,329.719143597451,0
0,0,0,0,0,0,0,0,0,155.901486485736,259.055025639447,0,0,0,0,0,0,300.031143529538,0,0,0,0,0,0,0,0,101.5853655613,146.770754374523,0,125.994729980093,0,0,0,151.01089327964,0,0,338.131802716296,241.635434294794,0,263.534399241887,173.201474590904
0,0,0,0,0,151.695570509541,0,0,0,0,0,0,0,0,0,0,0,0,0,220.901129804706,0,0,0,0,0,0,101.605593487621,78.8552325762656,0,306.344527664232,0,0,0,0,169.742003380707,106.926813611922,0,137.239127032733,0,157.852515740516,111.226326353722
0,0,0,0,0,0,236.681907140956,0,0,0,0,0,0,0,0,300.031143529538,0,0,0,0,94.7280504127031,0,0,117.208001126138,0,0,0,196.032358954952,0,0,0,0,0,101.85207633558,0,0,94.7529894315991,0,0,142.385058730083,108.381749703452
116.176698124939,0,0,0,0,201.100640800745,186.348837226466,353.822894641502,0,200.878319874537,247.66948903751,150.161410108805,0,0,0,0,0,0,0,0,0,0,0,0,0,0,0,0,0,173.538155409849,0,0,0,0,321.124897279917,165.893015276821,136.792307586862,249.798812580765,0,0,0
0,0,128.405764333981,261.605527103798,0,0,0,165.597665022977,241.682021696872,0,133.984214699576,138.425725342224,0,225.013371621378,0,0,220.901129804706,0,0,0,0,0,114.511014214502,0,0,188.936291522747,0,96.7845769653343,0,173.001559092555,0,0,0,169.453147353278,192.135034768848,0,238.934743274142,0,0,120.912756812582,320.356811100276
0,0,0,0,194.442125915551,0,0,0,0,323.781250289068,0,0,0,73.1029054543569,0,0,0,94.7280504127031,0,0,0,0,0,61.0664810463559,99.2646516363145,0,0,89.707245288964,284.529238481835,0,0,0,0,131.969743415579,172.892533368851,0,347.376449530863,0,0,146.465927798921,192.601533877686
0,0,0,0,0,0,0,0,0,0,0,109.093416850988,0,0,0,0,0,0,0,0,0,0,74.7304794244225,134.566479261133,0,0,226.825099357786,183.786860782462,0,0,0,0,0,223.705816669619,0,0,195.314816908693,0,0,70.4221432298295,0
0,0,0,80.4367166559625,0,0,116.054372245433,103.519938150021,0,0,0,161.302948562323,0,197.486504603685,0,0,0,0,0,114.511014214502,0,74.7304794244225,0,0,0,115.871357769661,101.350815329073,0,128.846764897717,134.960780198024,0,154.784755881607,0,135.294330067913,0,0,154.070293657878,0,0,306.640284138334,0
0,0,0,0,220.963068032256,0,162.833808134102,0,345.797434674459,108.136066660554,125.81518738273,141.204637091722,333.645516435298,0,249.905610015455,0,0,117.208001126138,0,0,61.0664810463559,134.566479261133,0,0,0,98.417953423071,67.8267069095267,0,242.790381480436,0,0,0,0,101.895308036513,0,0,135.667029391615,199.492852797962,314.611698427915,0,191.519780382943
250.461724766314,0,0,0,0,0,348.674510760064,206.472608421747,0,241.57250333243,0,0,0,0,0,0,0,0,0,0,99.2646516363145,0,0,0,0,177.763106506206,0,231.715271819474,0,0,0,0,0,81.9664354533492,0,0,101.443495235174,0,0,158.567996645797,0
0,0,0,94.126460729827,180.90030328818,62.311273509377,283.248188884028,0,0,0,0,154.065933476765,0,240.185081663983,0,0,0,0,0,188.936291522747,0,0,115.871357769661,98.417953423071,177.763106506206,0,0,187.77054666536,0,112.823430872325,0,193.777661225572,0,146.99041817625,98.6790043377568,75.4497121078207,62.859596780235,0,106.128596538706,93.4234866874731,114.649126378906
153.672550905948,138.33942793804,0,208.005106191961,180.543851962045,0,0,0,178.748963182352,0,221.805809452716,224.523755099568,151.036729364761,0,0,101.5853655613,101.605593487621,0,0,0,0,226.825099357786,101.350815329073,67.8267069095267,0,0,0,0,89.9429017381717,0,0,0,0,0,0,97.3232815600345,195.822649557859,193.63278243493,124.698445421759,178.224497384947,80.8080171296381
171.906398392157,0,0,219.040656038919,115.541295036174,160.530221557972,0,0,118.522099274347,93.5029580098427,99.3508940827211,0,0,115.868441404982,104.369974912428,146.770754374523,78.8552325762656,196.032358954952,0,96.7845769653343,89.707245288964,183.786860782462,0,0,231.715271819474,187.77054666536,0,0,228.792310020318,72.2278283150671,0,0,164.032723165762,218.045528847001,87.8456058929559,222.053792850439,280.376028997576,137.189596148386,89.1590885155172,198.528111506785,0
0,0,0,82.4756938751058,161.74915061469,231.050882209,76.5072790361762,205.839960264176,188.851177466023,0,0,325.937289045041,309.997227542691,89.3673883748406,0,0,0,0,0,0,284.529238481835,0,128.846764897717,242.790381480436,0,0,89.9429017381717,228.792310020318,0,137.177378802006,0,0,0,0,228.075434767255,0,139.654362654449,98.2230592632363,128.530575464043,215.611029055736,180.355266595273
0,0,0,0,0,0,0,0,197.893790332676,0,0,0,0,0,0,125.994729980093,306.344527664232,0,173.538155409849,173.001559092555,0,0,134.960780198024,0,0,112.823430872325,0,72.2278283150671,137.177378802006,0,0,0,0,213.67670887414,217.157696745803,0,0,0,0,0,0
0,0,0,0,96.5937438588657,0,0,0,0,0,224.551207449728,178.683678585178,0,110.384905066973,0,0,0,0,0,0,0,0,0,0,0,0,0,0,0,0,0,0,0,0,0,283.88658203332,0,0,158.955087279859,0,0
211.840482897052,0,0,0,0,0,0,120.567029282014,0,155.24952173131,0,97.3506957544063,0,0,0,0,0,0,0,0,0,0,154.784755881607,0,0,193.777661225572,0,0,0,0,0,0,193.055010680236,0,148.808626413748,201.44584889478,232.945974238958,0,90.1317194604647,0,0
0,0,0,0,0,0,0,0,0,0,0,0,0,0,0,0,0,0,0,0,0,0,0,0,0,0,0,164.032723165762,0,0,0,193.055010680236,0,111.435629183184,0,0,140.574866691684,0,0,174.013630695256,0
0,227.504408813069,100.812745974529,163.945208919892,0,190.185165668632,153.609372090384,139.93285932648,198.964527389285,179.718364159796,0,136.685314494491,0,0,0,151.01089327964,0,101.85207633558,0,169.453147353278,131.969743415579,223.705816669619,135.294330067913,101.895308036513,81.9664354533492,146.99041817625,0,218.045528847001,0,213.67670887414,0,0,111.435629183184,0,85.7623170715703,0,161.275817184598,175.196329314064,0,82.1742780037132,151.075371308616
0,161.325017232684,0,195.378266313867,0,0,171.230058197369,202.712457066107,0,139.792601838991,357.423078228283,90.7216186966914,184.249961885477,0,92.5207898118833,0,169.742003380707,0,321.124897279917,192.135034768848,172.892533368851,0,0,0,0,98.6790043377568,0,87.8456058929559,228.075434767255,217.157696745803,0,148.808626413748,0,85.7623170715703,0,143.005810983322,276.620869034647,321.864157986053,252.487290983309,303.527509149359,153.876396855887
0,0,0,0,0,85.6072705949986,0,0,153.453047983244,259.442917595754,112.793316814908,209.996727521564,269.936825670274,168.241326865882,0,0,106.926813611922,0,165.893015276821,0,0,0,0,0,0,75.4497121078207,97.3232815600345,222.053792850439,0,0,283.88658203332,201.44584889478,0,0,143.005810983322,0,92.3502314520023,154.142998692322,160.537522273714,0,261.440278806413
0,163.059043292369,0,113.059176128709,172.608400267715,0,94.027247878695,0,0,106.533627130087,0,81.2827395071039,0,192.693757128262,262.382215657622,338.131802716296,0,94.7529894315991,136.792307586862,238.934743274142,347.376449530863,195.314816908693,154.070293657878,135.667029391615,101.443495235174,62.859596780235,195.822649557859,280.376028997576,139.654362654449,0,0,232.945974238958,140.574866691684,161.275817184598,276.620869034647,92.3502314520023,0,92.5568465385234,181.316358113209,212.592150359921,82.6426202489162
0,124.853650664477,0,94.8881692391942,0,289.631679007608,0,145.74089716123,0,0,78.9559315574845,173.059382066957,0,0,167.066576495979,241.635434294794,137.239127032733,0,249.798812580765,0,0,0,0,199.492852797962,0,0,193.63278243493,137.189596148386,98.2230592632363,0,0,0,0,175.196329314064,321.864157986053,154.142998692322,92.5568465385234,0,0,255.441154257905,71.5579325720569
0,0,58.3493451392805,0,0,0,112.349934713559,151.806152521152,0,0,0,0,0,0,0,0,0,0,0,0,0,0,0,314.611698427915,0,106.128596538706,124.698445421759,89.1590885155172,128.530575464043,0,158.955087279859,90.1317194604647,0,0,252.487290983309,160.537522273714,181.316358113209,0,0,251.098274723989,253.401634605989
0,0,74.4197823064597,71.4788760670054,0,186.973586461633,0,84.3635741045246,106.33736463831,0,0,0,0,0,329.719143597451,263.534399241887,157.852515740516,142.385058730083,0,120.912756812582,146.465927798921,70.4221432298295,306.640284138334,0,158.567996645797,93.4234866874731,178.224497384947,198.528111506785,215.611029055736,0,0,0,174.013630695256,82.1742780037132,303.527509149359,0,212.592150359921,255.441154257905,251.098274723989,0,219.430938885781
206.912707094411,0,0,0,159.183173818572,0,0,0,115.332064605654,0,73.4795582048751,0,0,335.371040201042,0,173.201474590904,111.226326353722,108.381749703452,0,320.356811100276,192.601533877686,0,0,191.519780382943,0,114.649126378906,80.8080171296381,0,180.355266595273,0,0,0,0,151.075371308616,153.876396855887,261.440278806413,82.6426202489162,71.5579325720569,253.401634605989,219.430938885781,0
