0,0,0,0,135.294330067913,0,0,0,0,0,0,0,0,0,0,0,0,0,0,251.098274723989,0,0,0,0,0,0,0,0,181.316358113209,0,0,93.5029580098427,0,0,0,0,76.5072790361762,0,0,0,71.5579325720569
0,0,0,0,0,0,0,0,0,151.806152521152,0,0,0,0,0,125.81518738273,0,0,0,199.492852797962,0,0,0,0,0,169.453147353278,58.3493451392805,0,0,0,0,0,0,0,0,0,94.7529894315991,0,0,0,78.8552325762656
0,0,0,0,0,0,0,0,0,0,0,0,0,0,0,0,0,138.425725342224,101.350815329073,0,0,0,0,0,0,0,0,0,0,0,0,0,0,0,0,0,0,161.275817184598,190.185165668632,0,155.901486485736
0,0,0,0,0,0,111.435629183184,259.442917595754,0,0,0,0,0,0,0,0,0,0,0,74.5815074003433,108.381749703452,0,0,0,0,0,131.969743415579,136.685314494491,0,0,0,0,172.892533368851,89.9429017381717,345.797434674459,165.893015276821,90.7216186966914,197.486504603685,175.196329314064,0,0
135.294330067913,0,0,0,0,151.01089327964,0,0,134.566479261133,0,0,0,0,172.608400267715,0,0,0,66.5008477853491,252.487290983309,0,0,73.4795582048751,0,0,0,0,71.4788760670054,0,0,0,0,0,0,124.698445421759,85.7623170715703,173.538155409849,137.189596148386,0,183.786860782462,241.635434294794,0
0,0,0,0,151.01089327964,0,0,92.3502314520023,0,0,113.059176128709,283.88658203332,0,0,0,0,0,0,0,90.1317194604647,0,0,0,0,0,82.4756938751058,161.325017232684,85.6072705949986,178.224497384947,0,0,0,0,0,335.371040201042,174.013630695256,225.013371621378,0,0,153.609372090384,284.529238481835
0,0,0,111.435629183184,0,0,0,180.90030328818,201.100640800745,0,0,219.078548227669,0,94.7280504127031,0,153.876396855887,0,0,0,0,0,0,0,0,0,0,0,0,0,320.356811100276,0,0,0,93.4234866874731,162.833808134102,201.44584889478,0,0,112.793316814908,115.541295036174,141.204637091722
0,0,0,259.442917595754,0,92.3502314520023,180.90030328818,0,0,196.032358954952,0,0,0,0,0,0,92.5568465385234,151.075371308616,0,0,0,101.443495235174,242.790381480436,0,0,0,0,0,228.792310020318,0,0,0,167.066576495979,97.3232815600345,115.871357769661,0,70.4221432298295,0,177.763106506206,125.416941482916,117.208001126138
0,0,0,0,134.566479261133,0,201.100640800745,0,0,101.895308036513,0,154.070293657878,0,0,94.9380989123498,0,110.384905066973,0,0,0,205.09013266389,0,0,192.693757128262,0,0,0,143.005810983322,0,0,0,0,0,0,0,0,124.853650664477,0,0,0,236.681907140956
0,151.806152521152,0,0,0,0,0,196.032358954952,101.895308036513,0,0,109.093416850988,0,249.905610015455,0,82.6299537488922,0,0,0,99.2646516363145,171.906398392157,0,0,146.814226519809,0,115.114253591495,0,134.960780198024,0,0,0,0,0,187.77054666536,193.055010680236,0,128.846764897717,219.430938885781,200.878319874537,263.534399241887,214.116367924649
0,0,0,0,0,113.059176128709,0,0,0,0,0,0,0,224.523755099568,0,0,84.3635741045246,0,0,0,122.106946855269,0,80.8080171296381,0,221.805809452716,82.1742780037132,157.852515740516,98.2230592632363,0,146.99041817625,0,191.519780382943,0,247.66948903751,0,180.355266595273,146.770754374523,0,309.997227542691,0,106.533627130087
0,0,0,0,0,283.88658203332,219.078548227669,0,154.070293657878,109.093416850988,0,0,208.005106191961,0,227.504408813069,220.963068032256,357.423078228283,303.527509149359,0,0,0,136.792307586862,0,209.996727521564,0,140.574866691684,142.385058730083,259.055025639447,0,0,0,0,224.551207449728,0,188.936291522747,0,197.893790332676,211.840482897052,220.901129804706,333.645516435298,150.161410108805
0,0,0,0,0,0,0,0,0,0,0,208.005106191961,0,0,0,0,0,0,0,0,0,0,192.601533877686,0,113.144980278377,0,97.5855511246009,0,0,92.5207898118833,0,0,0,0,0,0,0,0,0,0,186.348837226466
0,0,0,0,172.608400267715,0,94.7280504127031,0,0,249.905610015455,224.523755099568,0,0,0,89.707245288964,0,0,0,0,0,0,0,161.74915061469,104.915316975638,0,67.8267069095267,0,94.8881692391942,74.4197823064597,0,0,0,0,0,154.142998692322,193.777661225572,0,0,95.7590805983148,101.5853655613,0
0,0,0,0,0,0,0,0,94.9380989123498,0,0,227.504408813069,0,89.707245288964,0,0,0,0,204.481117647118,249.798812580765,0,0,0,0,0,111.226326353722,0,139.93285932648,0,0,0,0,0,347.376449530863,223.705816669619,173.001559092555,89.3673883748406,112.349934713559,0,0,0
0,125.81518738273,0,0,0,0,153.876396855887,0,0,82.6299537488922,0,220.963068032256,0,0,0,0,0,0,0,82.6426202489162,0,0,0,0,0,0,0,94.027247878695,195.378266313867,0,62.311273509377,0,0,89.1590885155172,269.936825670274,119.345624434514,0,0,0,0,0
0,0,0,0,0,0,0,92.5568465385234,110.384905066973,0,84.3635741045246,357.423078228283,0,0,0,0,0,0,99.3508940827211,0,0,0,0,139.792601838991,0,0,0,232.945974238958,192.135034768848,0,0,0,0,153.453047983244,0,0,0,0,0,0,100.812745974529
0,0,138.425725342224,0,66.5008477853491,0,0,151.075371308616,0,0,0,303.527509149359,0,0,0,0,0,0,0,120.567029282014,0,0,0,145.74089716123,0,0,0,240.185081663983,0,0,0,0,0,0,0,0,0,128.405764333981,0,0,241.57250333243
0,0,101.350815329073,0,252.487290983309,0,0,0,0,0,0,0,0,0,204.481117647118,0,99.3508940827211,0,0,133.984214699576,0,0,0,139.654362654449,0,212.592150359921,171.230058197369,0,178.683678585178,0,0,0,0,155.24952173131,0,0,215.611029055736,329.719143597451,0,0,0
251.098274723989,199.492852797962,0,74.5815074003433,0,90.1317194604647,0,0,0,99.2646516363145,0,0,0,0,249.798812580765,82.6426202489162,0,120.567029282014,133.984214699576,0,0,0,0,115.868441404982,0,0,255.441154257905,163.945208919892,0,202.712457066107,0,0,0,0,160.530221557972,0,178.748963182352,0,163.059043292369,179.718364159796,0
0,0,0,108.381749703452,0,0,0,0,205.09013266389,171.906398392157,122.106946855269,0,0,0,0,0,0,0,0,0,0,0,338.131802716296,0,128.530575464043,0,0,146.465927798921,213.67670887414,0,154.784755881607,0,0,148.808626413748,0,0,103.519938150021,180.543851962045,0,160.537522273714,0
0,0,0,0,73.4795582048751,0,0,101.443495235174,0,0,0,136.792307586862,0,0,0,0,0,0,0,0,0,0,206.472608421747,0,0,196.04190773555,0,353.822894641502,168.241326865882,0,0,0,0,195.314816908693,0,0,0,0,0,0,0
0,0,0,0,0,0,0,242.790381480436,0,0,80.8080171296381,0,192.601533877686,161.74915061469,0,0,0,0,0,0,338.131802716296,206.472608421747,0,61.0664810463559,0,198.964527389285,0,186.973586461633,0,96.5937438588657,0,0,161.302948562323,228.075434767255,106.33736463831,0,0,164.032723165762,0,204.084074037941,0
0,0,0,0,0,0,0,0,192.693757128262,146.814226519809,0,209.996727521564,0,104.915316975638,0,0,139.792601838991,145.74089716123,139.654362654449,115.868441404982,0,0,61.0664810463559,0,97.3506957544063,0,0,193.659409924573,173.201474590904,0,0,0,0,73.1029054543569,226.825099357786,74.7304794244225,80.4367166559625,222.053792850439,0,306.344527664232,195.822649557859
0,0,0,0,0,0,0,0,0,0,221.805809452716,0,113.144980278377,0,0,0,0,0,0,0,128.530575464043,0,0,97.3506957544063,0,0,0,0,0,0,0,94.126460729827,0,306.640284138334,108.136066660554,0,101.85207633558,194.442125915551,0,62.859596780235,0
0,169.453147353278,0,0,0,82.4756938751058,0,0,0,115.114253591495,82.1742780037132,140.574866691684,0,67.8267069095267,111.226326353722,0,0,0,212.592150359921,0,0,196.04190773555,198.964527389285,0,0,0,219.040656038919,0,98.6790043377568,0,0,0,0,158.955087279859,206.912707094411,118.522099274347,238.934743274142,106.926813611922,135.667029391615,153.672550905948,231.050882209
0,58.3493451392805,0,131.969743415579,71.4788760670054,161.325017232684,0,0,0,0,157.852515740516,142.385058730083,97.5855511246009,0,0,0,0,0,171.230058197369,255.441154257905,0,0,0,0,0,219.040656038919,0,321.864157986053,205.839960264176,0,0,115.194491798135,0,120.912756812582,169.742003380707,0,205.183249704085,261.605527103798,75.4497121078207,96.7845769653343,137.177378802006
0,0,0,136.685314494491,0,85.6072705949986,0,0,143.005810983322,134.960780198024,98.2230592632363,259.055025639447,0,94.8881692391942,139.93285932648,94.027247878695,232.945974238958,240.185081663983,0,163.945208919892,146.465927798921,353.822894641502,186.973586461633,193.659409924573,0,0,321.864157986053,0,137.239127032733,98.417953423071,241.682021696872,0,0,125.994729980093,114.649126378906,154.065933476765,119.728129215699,158.567996645797,0,262.382215657622,165.597665022977
181.316358113209,0,0,0,0,178.224497384947,0,228.792310020318,0,0,0,0,0,74.4197823064597,0,195.378266313867,192.135034768848,0,178.683678585178,0,213.67670887414,168.241326865882,0,173.201474590904,0,98.6790043377568,205.839960264176,137.239127032733,0,0,87.8456058929559,184.249961885477,0,101.605593487621,159.183173818572,106.128596538706,276.620869034647,0,0,78.9559315574845,261.440278806413
0,0,0,0,0,0,320.356811100276,0,0,0,146.99041817625,0,92.5207898118833,0,0,0,0,0,0,202.712457066107,0,0,96.5937438588657,0,0,0,0,98.417953423071,0,0,0,0,0,0,253.401634605989,321.124897279917,81.2827395071039,112.823430872325,0,142.054529471577,0
0,0,0,0,0,0,0,0,0,0,0,0,0,0,0,62.311273509377,0,0,0,0,154.784755881607,0,0,0,0,0,0,241.682021696872,87.8456058929559,0,0,0,0,0,0,0,323.781250289068,0,0,173.059382066957,0
93.5029580098427,0,0,0,0,0,0,0,0,0,191.519780382943,0,0,0,0,0,0,0,0,0,0,0,0,0,94.126460729827,0,115.194491798135,0,184.249961885477,0,0,0,0,300.031143529538,116.054372245433,161.694997919804,151.695570509541,0,283.248188884028,116.176698124939,0
0,0,0,172.892533368851,0,0,0,167.066576495979,0,0,0,224.551207449728,0,0,0,0,0,0,0,0,0,0,161.302948562323,0,0,0,0,0,0,0,0,0,0,0,0,0,250.461724766314,0,0,0,0
0,0,0,89.9429017381717,124.698445421759,0,93.4234866874731,97.3232815600345,0,187.77054666536,247.66948903751,0,0,0,347.376449530863,89.1590885155172,153.453047983244,0,155.24952173131,0,148.808626413748,195.314816908693,228.075434767255,73.1029054543569,306.640284138334,158.955087279859,120.912756812582,125.994729980093,101.605593487621,0,0,300.031143529538,0,0,218.045528847001,114.511014214502,314.611698427915,104.369974912428,151.036729364761,280.376028997576,0
0,0,0,345.797434674459,85.7623170715703,335.371040201042,162.833808134102,115.871357769661,0,193.055010680236,0,188.936291522747,0,154.142998692322,223.705816669619,269.936825670274,0,0,0,160.530221557972,0,0,106.33736463831,226.825099357786,108.136066660554,206.912707094411,169.742003380707,114.649126378906,159.183173818572,253.401634605989,0,116.054372245433,0,218.045528847001,0,0,133.218162784108,72.2278283150671,0,81.9664354533492,348.674510760064
0,0,0,165.893015276821,173.538155409849,174.013630695256,201.44584889478,0,0,0,180.355266595273,0,0,193.777661225572,173.001559092555,119.345624434514,0,0,0,0,0,0,0,74.7304794244225,0,118.522099274347,0,154.065933476765,106.128596538706,321.124897279917,0,161.694997919804,0,114.511014214502,0,0,193.63278243493,188.851177466023,231.715271819474,289.631679007608,0
76.5072790361762,94.7529894315991,0,90.7216186966914,137.189596148386,225.013371621378,0,70.4221432298295,124.853650664477,128.846764897717,146.770754374523,197.893790332676,0,0,89.3673883748406,0,0,0,215.611029055736,178.748963182352,103.519938150021,0,0,80.4367166559625,101.85207633558,238.934743274142,205.183249704085,119.728129215699,276.620869034647,81.2827395071039,323.781250289068,151.695570509541,250.461724766314,314.611698427915,133.218162784108,193.63278243493,0,325.937289045041,0,198.528111506785,217.157696745803
0,0,161.275817184598,197.486504603685,0,0,0,0,0,219.430938885781,0,211.840482897052,0,0,112.349934713559,0,0,128.405764333981,329.719143597451,0,180.543851962045,0,164.032723165762,222.053792850439,194.442125915551,106.926813611922,261.605527103798,158.567996645797,0,112.823430872325,0,0,0,104.369974912428,72.2278283150671,188.851177466023,325.937289045041,0,0,115.332064605654,0
0,0,190.185165668632,175.196329314064,183.786860782462,0,112.793316814908,177.763106506206,0,200.878319874537,309.997227542691,220.901129804706,0,95.7590805983148,0,0,0,0,0,163.059043292369,0,0,0,0,0,135.667029391615,75.4497121078207,0,0,0,0,283.248188884028,0,151.036729364761,0,231.715271819474,0,0,0,0,0
0,0,0,0,241.635434294794,153.609372090384,115.541295036174,125.416941482916,0,263.534399241887,0,333.645516435298,0,101.5853655613,0,0,0,0,0,179.718364159796,160.537522273714,0,204.084074037941,306.344527664232,62.859596780235,153.672550905948,96.7845769653343,262.382215657622,78.9559315574845,142.054529471577,173.059382066957,116.176698124939,0,280.376028997576,81.9664354533492,289.631679007608,198.528111506785,115.332064605654,0,0,138.33942793804
71.5579325720569,78.8552325762656,155.901486485736,0,0,284.529238481835,141.204637091722,117.208001126138,236.681907140956,214.116367924649,106.533627130087,150.161410108805,186.348837226466,0,0,0,100.812745974529,241.57250333243,0,0,0,0,0,195.822649557859,0,231.050882209,137.177378802006,165.597665022977,261.440278806413,0,0,0,0,0,348.674510760064,0,217.157696745803,0,0,138.33942793804,0
