0,0,0,0,0,0,93.4234866874731,0,116.054372245433,0,0,0,0,0,0,0,0,0,0,0,0,0,0,0,348.674510760064,153.453047983244,0,0,0,0,0,0,0,0,247.66948903751,0,0,0,0,92.5568465385234,0
0,0,0,0,0,0,0,0,0,0,0,0,0,0,0,120.567029282014,0,0,338.131802716296,173.201474590904,0,0,0,0,0,180.543851962045,0,214.116367924649,0,0,0,0,0,198.964527389285,0,0,0,0,0,0,135.667029391615
0,0,0,0,0,0,0,0,0,0,0,0,0,0,0,0,0,98.6790043377568,0,0,0,0,0,0,0,0,0,0,0,0,0,110.384905066973,0,0,0,94.7280504127031,146.99041817625,0,0,0,163.945208919892
0,0,0,0,0,145.74089716123,0,0,0,112.793316814908,0,0,0,0,0,0,206.912707094411,0,181.316358113209,0,0,0,0,172.608400267715,183.786860782462,0,73.1029054543569,205.09013266389,165.597665022977,0,0,0,0,89.707245288964,0,180.355266595273,193.777661225572,0,0,220.963068032256,0
0,0,0,0,0,0,125.416941482916,0,0,0,103.519938150021,0,0,0,0,0,0,0,212.592150359921,90.7216186966914,0,0,133.218162784108,0,249.905610015455,0,81.9664354533492,0,202.712457066107,0,0,150.161410108805,0,0,113.059176128709,155.24952173131,192.601533877686,0,0,146.770754374523,74.4197823064597
0,0,0,145.74089716123,0,0,0,0,0,0,87.8456058929559,82.4756938751058,0,0,106.128596538706,0,0,0,0,300.031143529538,174.013630695256,0,0,231.050882209,0,283.248188884028,0,101.443495235174,151.075371308616,97.5855511246009,82.6299537488922,0,0,92.5207898118833,0,0,0,0,169.742003380707,0,0
93.4234866874731,0,0,0,125.416941482916,0,0,0,0,224.551207449728,94.126460729827,0,122.106946855269,76.5072790361762,0,0,0,0,151.695570509541,0,252.487290983309,0,0,0,0,0,0,192.693757128262,0,0,0,0,0,0,179.718364159796,0,289.631679007608,0,259.055025639447,0,347.376449530863
0,0,0,0,0,0,0,0,0,0,0,151.01089327964,0,159.183173818572,0,333.645516435298,0,0,0,168.241326865882,115.194491798135,0,0,205.839960264176,219.040656038919,193.055010680236,0,201.100640800745,97.3232815600345,0,0,0,0,75.4497121078207,240.185081663983,224.523755099568,0,178.748963182352,0,263.534399241887,227.504408813069
116.054372245433,0,0,0,0,0,0,0,0,0,0,94.7529894315991,0,0,0,0,0,0,0,0,0,0,0,101.5853655613,0,62.859596780235,0,0,0,67.8267069095267,0,128.405764333981,0,94.9380989123498,231.715271819474,0,128.846764897717,284.529238481835,0,111.226326353722,0
0,0,0,112.793316814908,0,0,224.551207449728,0,0,0,0,195.314816908693,0,250.461724766314,238.934743274142,173.538155409849,125.81518738273,0,329.719143597451,192.135034768848,283.88658203332,0,178.683678585178,0,90.1317194604647,0,0,111.435629183184,0,0,0,0,0,136.685314494491,115.114253591495,0,146.465927798921,0,220.901129804706,226.825099357786,0
0,0,0,0,103.519938150021,87.8456058929559,94.126460729827,0,0,0,0,0,0,0,0,0,0,0,0,0,0,0,101.605593487621,158.955087279859,140.574866691684,0,345.797434674459,253.401634605989,249.798812580765,0,109.093416850988,0,94.8881692391942,115.868441404982,353.822894641502,0,139.93285932648,204.481117647118,0,0,151.806152521152
0,0,0,0,0,82.4756938751058,0,151.01089327964,94.7529894315991,195.314816908693,0,0,0,85.6072705949986,143.005810983322,0,335.371040201042,0,0,0,0,223.705816669619,0,98.417953423071,0,0,142.054529471577,204.084074037941,139.654362654449,98.2230592632363,0,228.792310020318,0,261.605527103798,262.382215657622,153.876396855887,72.2278283150671,177.763106506206,0,180.90030328818,160.537522273714
0,0,0,0,0,0,122.106946855269,0,0,0,0,0,0,217.157696745803,0,0,0,0,0,0,0,0,0,0,0,0,0,221.805809452716,0,0,0,161.74915061469,0,0,0,0,84.3635741045246,0,0,321.124897279917,0
0,0,0,0,0,0,76.5072790361762,159.183173818572,0,250.461724766314,0,85.6072705949986,217.157696745803,0,0,167.066576495979,0,0,0,325.937289045041,173.001559092555,157.852515740516,0,0,0,0,133.984214699576,0,0,0,89.9429017381717,0,0,200.878319874537,0,0,104.915316975638,0,0,0,161.302948562323
0,0,0,0,0,106.128596538706,0,0,0,238.934743274142,0,143.005810983322,0,0,0,0,0,0,95.7590805983148,195.822649557859,0,0,171.230058197369,74.7304794244225,0,0,0,0,0,0,0,0,0,0,0,137.189596148386,0,71.5579325720569,101.895308036513,191.519780382943,186.348837226466
0,120.567029282014,0,0,0,0,0,333.645516435298,0,173.538155409849,0,0,0,167.066576495979,0,0,0,0,0,320.356811100276,0,0,0,0,0,163.059043292369,164.032723165762,0,0,0,0,0,0,0,213.67670887414,236.681907140956,0,142.385058730083,115.871357769661,0,0
0,0,0,206.912707094411,0,0,0,0,0,125.81518738273,0,335.371040201042,0,0,0,0,0,0,0,0,0,0,62.311273509377,0,0,0,0,0,225.013371621378,82.6426202489162,0,0,0,0,113.144980278377,0,94.027247878695,137.239127032733,0,146.814226519809,0
0,0,98.6790043377568,0,0,0,0,0,0,0,0,0,0,0,0,0,0,0,160.530221557972,117.208001126138,0,100.812745974529,0,154.070293657878,0,0,309.997227542691,0,0,0,0,0,0,306.344527664232,218.045528847001,0,108.381749703452,0,0,0,0
0,338.131802716296,0,181.316358113209,212.592150359921,0,151.695570509541,0,0,329.719143597451,0,0,0,0,95.7590805983148,0,0,160.530221557972,0,0,0,0,0,0,0,106.926813611922,0,162.833808134102,70.4221432298295,0,0,112.349934713559,0,0,0,0,114.649126378906,0,0,0,0
0,173.201474590904,0,0,90.7216186966914,300.031143529538,0,168.241326865882,0,192.135034768848,0,0,0,325.937289045041,195.822649557859,320.356811100276,0,117.208001126138,0,0,0,0,0,314.611698427915,0,73.4795582048751,161.694997919804,108.136066660554,188.851177466023,0,173.059382066957,0,0,0,178.224497384947,0,0,119.345624434514,0,0,0
0,0,0,0,0,174.013630695256,252.487290983309,115.194491798135,0,283.88658203332,0,0,0,173.001559092555,0,0,0,0,0,0,0,0,71.4788760670054,0,0,0,0,118.522099274347,154.142998692322,0,0,0,0,261.440278806413,134.566479261133,0,0,158.567996645797,172.892533368851,198.528111506785,0
0,0,0,0,0,0,0,0,0,0,0,223.705816669619,0,157.852515740516,0,0,0,100.812745974529,0,0,0,0,0,58.3493451392805,0,0,0,78.9559315574845,0,0,0,0,0,0,0,0,124.853650664477,0,0,196.032358954952,259.442917595754
0,0,0,0,133.218162784108,0,0,0,0,178.683678585178,101.605593487621,0,0,0,171.230058197369,0,62.311273509377,0,0,0,71.4788760670054,0,0,0,0,219.078548227669,321.864157986053,92.3502314520023,276.620869034647,0,0,0,0,280.376028997576,193.63278243493,193.659409924573,228.075434767255,0,323.781250289068,0,0
0,0,0,172.608400267715,0,231.050882209,0,205.839960264176,101.5853655613,0,158.955087279859,98.417953423071,0,0,74.7304794244225,0,0,154.070293657878,0,314.611698427915,0,58.3493451392805,0,0,0,0,101.350815329073,99.2646516363145,112.823430872325,0,205.183249704085,138.33942793804,0,99.3508940827211,0,0,153.672550905948,93.5029580098427,0,197.893790332676,0
348.674510760064,0,0,183.786860782462,249.905610015455,0,0,219.040656038919,0,90.1317194604647,140.574866691684,0,0,0,0,0,0,0,0,0,0,0,0,0,0,0,0,0,169.453147353278,0,0,0,0,131.969743415579,0,0,0,74.5815074003433,0,106.33736463831,0
153.453047983244,180.543851962045,0,0,0,283.248188884028,0,193.055010680236,62.859596780235,0,0,0,0,0,0,163.059043292369,0,0,106.926813611922,73.4795582048751,0,0,219.078548227669,0,0,0,104.369974912428,206.472608421747,165.893015276821,0,0,0,241.682021696872,61.0664810463559,195.378266313867,136.792307586862,255.441154257905,0,80.8080171296381,80.4367166559625,78.8552325762656
0,0,0,73.1029054543569,81.9664354533492,0,0,0,0,0,345.797434674459,142.054529471577,0,133.984214699576,0,164.032723165762,0,309.997227542691,0,161.694997919804,0,0,321.864157986053,101.350815329073,0,104.369974912428,0,66.5008477853491,186.973586461633,0,0,0,0,155.901486485736,303.527509149359,85.7623170715703,232.945974238958,139.792601838991,0,187.77054666536,209.996727521564
0,214.116367924649,0,205.09013266389,0,101.443495235174,192.693757128262,201.100640800745,0,111.435629183184,253.401634605989,204.084074037941,221.805809452716,0,0,0,0,0,162.833808134102,108.136066660554,118.522099274347,78.9559315574845,92.3502314520023,99.2646516363145,0,206.472608421747,66.5008477853491,0,241.57250333243,269.936825670274,0,0,0,120.912756812582,154.065933476765,128.530575464043,222.053792850439,96.5937438588657,101.85207633558,215.611029055736,199.492852797962
0,0,0,165.597665022977,202.712457066107,151.075371308616,0,97.3232815600345,0,0,249.798812580765,139.654362654449,0,0,0,0,225.013371621378,0,70.4221432298295,188.851177466023,154.142998692322,0,276.620869034647,112.823430872325,169.453147353278,165.893015276821,186.973586461633,241.57250333243,0,0,0,0,0,0,211.840482897052,135.294330067913,196.04190773555,241.635434294794,0,0,242.790381480436
0,0,0,0,0,97.5855511246009,0,0,67.8267069095267,0,0,98.2230592632363,0,0,0,0,82.6426202489162,0,0,0,0,0,0,0,0,0,0,269.936825670274,0,0,0,0,0,116.176698124939,81.2827395071039,82.1742780037132,89.1590885155172,148.808626413748,0,119.728129215699,0
0,0,0,0,0,82.6299537488922,0,0,0,0,109.093416850988,0,0,89.9429017381717,0,0,0,0,0,173.059382066957,0,0,0,205.183249704085,0,0,0,0,0,0,0,0,0,0,0,0,115.332064605654,0,0,0,0
0,0,110.384905066973,0,150.161410108805,0,0,0,128.405764333981,0,0,228.792310020318,161.74915061469,0,0,0,0,0,112.349934713559,0,0,0,0,138.33942793804,0,0,0,0,0,0,0,0,0,96.7845769653343,0,0,151.036729364761,0,171.906398392157,208.005106191961,0
0,0,0,0,0,0,0,0,0,0,94.8881692391942,0,0,0,0,0,0,0,0,0,0,0,0,0,0,241.682021696872,0,0,0,0,0,0,0,201.44584889478,0,0,0,114.511014214502,0,153.609372090384,0
0,198.964527389285,0,89.707245288964,0,92.5207898118833,0,75.4497121078207,94.9380989123498,136.685314494491,115.868441404982,261.605527103798,0,200.878319874537,0,0,0,306.344527664232,0,0,261.440278806413,0,280.376028997576,99.3508940827211,131.969743415579,61.0664810463559,155.901486485736,120.912756812582,0,116.176698124939,0,96.7845769653343,201.44584889478,0,219.430938885781,306.640284138334,357.423078228283,0,175.196329314064,115.541295036174,251.098274723989
247.66948903751,0,0,0,113.059176128709,0,179.718364159796,240.185081663983,231.715271819474,115.114253591495,353.822894641502,262.382215657622,0,0,0,213.67670887414,113.144980278377,218.045528847001,0,178.224497384947,134.566479261133,0,193.63278243493,0,0,195.378266313867,303.527509149359,154.065933476765,211.840482897052,81.2827395071039,0,0,0,219.430938885781,0,184.249961885477,194.442125915551,125.994729980093,0,161.325017232684,124.698445421759
0,0,94.7280504127031,180.355266595273,155.24952173131,0,0,224.523755099568,0,0,0,153.876396855887,0,0,137.189596148386,236.681907140956,0,0,0,0,0,0,193.659409924573,0,0,136.792307586862,85.7623170715703,128.530575464043,135.294330067913,82.1742780037132,0,0,0,306.640284138334,184.249961885477,0,197.486504603685,154.784755881607,137.177378802006,0,188.936291522747
0,0,146.99041817625,193.777661225572,192.601533877686,0,289.631679007608,0,128.846764897717,146.465927798921,139.93285932648,72.2278283150671,84.3635741045246,104.915316975638,0,0,94.027247878695,108.381749703452,114.649126378906,0,0,124.853650664477,228.075434767255,153.672550905948,0,255.441154257905,232.945974238958,222.053792850439,196.04190773555,89.1590885155172,115.332064605654,151.036729364761,0,357.423078228283,194.442125915551,197.486504603685,0,106.533627130087,141.204637091722,89.3673883748406,190.185165668632
0,0,0,0,0,0,0,178.748963182352,284.529238481835,0,204.481117647118,177.763106506206,0,0,71.5579325720569,142.385058730083,137.239127032733,0,0,119.345624434514,158.567996645797,0,0,93.5029580098427,74.5815074003433,0,139.792601838991,96.5937438588657,241.635434294794,148.808626413748,0,0,114.511014214502,0,125.994729980093,154.784755881607,106.533627130087,0,0,0,134.960780198024
0,0,0,0,0,169.742003380707,259.055025639447,0,0,220.901129804706,0,0,0,0,101.895308036513,115.871357769661,0,0,0,0,172.892533368851,0,323.781250289068,0,0,80.8080171296381,0,101.85207633558,0,0,0,171.906398392157,0,175.196329314064,0,137.177378802006,141.204637091722,0,0,138.425725342224,161.275817184598
92.5568465385234,0,0,220.963068032256,146.770754374523,0,0,263.534399241887,111.226326353722,226.825099357786,0,180.90030328818,321.124897279917,0,191.519780382943,0,146.814226519809,0,0,0,198.528111506785,196.032358954952,0,197.893790332676,106.33736463831,80.4367166559625,187.77054666536,215.611029055736,0,119.728129215699,0,208.005106191961,153.609372090384,115.541295036174,161.325017232684,0,89.3673883748406,0,138.425725342224,0,97.3506957544063
0,135.667029391615,163.945208919892,0,74.4197823064597,0,347.376449530863,227.504408813069,0,0,151.806152521152,160.537522273714,0,161.302948562323,186.348837226466,0,0,0,0,0,0,259.442917595754,0,0,0,78.8552325762656,209.996727521564,199.492852797962,242.790381480436,0,0,0,0,251.098274723989,124.698445421759,188.936291522747,190.185165668632,134.960780198024,161.275817184598,97.3506957544063,0
