0,0,0,0,0,0,200.878319874537,0,0,0,0,0,0,321.864157986053,0,0,0,0,0,0,0,0,0,205.183249704085,0,0,0,180.90030328818,0,0,0,0,0,140.574866691684,0,0,0,0,0,157.852515740516,0
0,0,0,0,137.189596148386,0,0,0,0,85.7623170715703,0,0,0,0,0,0,0,0,0,169.742003380707,0,0,0,0,0,0,0,0,165.893015276821,141.204637091722,0,0,0,284.529238481835,0,0,0,0,261.605527103798,0,0
0,0,0,0,0,0,0,0,0,0,0,0,0,0,0,146.99041817625,0,0,0,0,0,0,0,0,0,0,0,338.131802716296,0,0,0,0,0,111.226326353722,0,0,161.325017232684,0,178.683678585178,0,0
0,0,0,0,0,0,0,0,161.694997919804,153.609372090384,0,329.719143597451,195.314816908693,193.055010680236,0,0,89.9429017381717,0,0,0,0,0,0,0,0,0,96.7845769653343,165.597665022977,219.040656038919,154.070293657878,0,0,0,0,0,93.5029580098427,128.846764897717,194.442125915551,0,0,0
0,137.189596148386,0,0,0,0,0,195.822649557859,0,137.239127032733,153.672550905948,333.645516435298,0,0,0,0,0,0,0,0,197.893790332676,0,0,158.955087279859,161.74915061469,80.4367166559625,0,0,115.541295036174,0,0,0,0,0,198.964527389285,0,106.533627130087,0,89.707245288964,306.344527664232,0
0,0,0,0,0,0,0,195.378266313867,0,0,0,0,0,0,0,0,0,0,0,0,151.806152521152,111.435629183184,214.116367924649,87.8456058929559,0,220.901129804706,106.33736463831,0,201.100640800745,0,0,173.201474590904,0,0,283.88658203332,0,262.382215657622,0,142.385058730083,227.504408813069,187.77054666536
200.878319874537,0,0,0,0,0,0,280.376028997576,0,0,0,0,0,95.7590805983148,0,0,0,0,249.905610015455,0,0,0,0,0,0,0,66.5008477853491,90.7216186966914,94.126460729827,0,0,0,0,162.833808134102,306.640284138334,178.748963182352,96.5937438588657,0,228.792310020318,0,82.4756938751058
0,0,0,0,195.822649557859,195.378266313867,280.376028997576,0,0,154.784755881607,135.667029391615,208.005106191961,0,78.8552325762656,108.136066660554,0,0,0,0,0,0,0,217.157696745803,0,0,0,138.33942793804,125.81518738273,0,0,0,0,0,0,71.4788760670054,89.3673883748406,145.74089716123,89.1590885155172,0,0,104.915316975638
0,0,0,161.694997919804,0,0,0,0,0,0,0,0,0,0,0,186.348837226466,0,211.840482897052,0,0,0,0,0,0,0,0,0,0,163.059043292369,0,0,0,0,71.5579325720569,0,82.1742780037132,115.871357769661,255.441154257905,151.695570509541,219.430938885781,103.519938150021
0,85.7623170715703,0,153.609372090384,137.239127032733,0,0,154.784755881607,0,0,0,219.078548227669,0,179.718364159796,0,0,0,0,154.065933476765,128.405764333981,0,197.486504603685,0,101.605593487621,0,247.66948903751,0,190.185165668632,241.57250333243,0,0,0,0,0,0,115.114253591495,347.376449530863,160.530221557972,0,133.984214699576,135.294330067913
0,0,0,0,153.672550905948,0,0,135.667029391615,0,0,0,231.715271819474,0,0,0,0,0,142.054529471577,0,119.345624434514,0,0,58.3493451392805,249.798812580765,0,74.7304794244225,61.0664810463559,118.522099274347,0,146.770754374523,0,0,183.786860782462,101.5853655613,188.936291522747,0,238.934743274142,0,0,151.036729364761,0
0,0,0,329.719143597451,333.645516435298,0,0,208.005106191961,0,219.078548227669,231.715271819474,0,0,62.311273509377,173.001559092555,0,0,146.465927798921,98.2230592632363,92.5568465385234,0,309.997227542691,0,269.936825670274,224.551207449728,106.926813611922,175.196329314064,0,115.194491798135,134.960780198024,0,0,0,0,101.443495235174,215.611029055736,120.912756812582,116.054372245433,0,0,0
0,0,0,195.314816908693,0,0,0,0,0,0,0,0,0,0,0,0,0,0,0,0,0,0,94.9380989123498,113.059176128709,0,0,0,139.93285932648,0,0,0,0,0,0,0,67.8267069095267,0,70.4221432298295,0,0,0
321.864157986053,0,0,193.055010680236,0,0,95.7590805983148,78.8552325762656,0,179.718364159796,0,62.311273509377,0,0,0,112.793316814908,0,0,0,0,0,0,0,0,0,114.511014214502,0,81.9664354533492,0,0,0,0,0,0,148.808626413748,193.63278243493,137.177378802006,75.4497121078207,0,205.09013266389,0
0,0,0,0,0,0,0,108.136066660554,0,0,0,173.001559092555,0,0,0,143.005810983322,0,0,0,0,136.792307586862,0,0,74.4197823064597,0,0,0,198.528111506785,0,0,0,0,172.892533368851,124.698445421759,251.098274723989,101.895308036513,0,222.053792850439,0,100.812745974529,0
0,0,146.99041817625,0,0,0,0,0,186.348837226466,0,0,0,0,112.793316814908,143.005810983322,0,0,0,0,93.4234866874731,0,0,76.5072790361762,0,131.969743415579,0,0,193.659409924573,0,0,0,0,0,241.682021696872,0,0,0,124.853650664477,0,250.461724766314,0
0,0,0,89.9429017381717,0,0,0,0,0,0,0,0,0,0,0,0,0,0,167.066576495979,335.371040201042,0,0,153.876396855887,0,0,0,97.3232815600345,0,109.093416850988,0,0,94.027247878695,0,205.839960264176,136.685314494491,0,0,0,0,180.543851962045,0
0,0,0,0,0,0,0,0,211.840482897052,0,142.054529471577,146.465927798921,0,0,0,0,0,0,0,0,128.530575464043,0,0,0,174.013630695256,158.567996645797,314.611698427915,0,0,0,0,0,0,199.492852797962,0,0,0,0,0,0,72.2278283150671
0,0,0,0,0,0,249.905610015455,0,0,154.065933476765,0,98.2230592632363,0,0,0,0,167.066576495979,0,0,0,0,0,97.5855511246009,0,0,0,85.6072705949986,0,0,0,0,0,0,0,110.384905066973,73.4795582048751,154.142998692322,0,125.994729980093,155.24952173131,125.416941482916
0,169.742003380707,0,0,0,0,0,0,0,128.405764333981,119.345624434514,92.5568465385234,0,0,0,93.4234866874731,335.371040201042,0,0,0,122.106946855269,0,0,138.425725342224,0,0,192.135034768848,225.013371621378,0,0,0,0,0,345.797434674459,80.8080171296381,92.3502314520023,186.973586461633,163.945208919892,0,171.230058197369,82.6426202489162
0,0,0,0,197.893790332676,151.806152521152,0,0,0,0,0,0,0,0,136.792307586862,0,0,128.530575464043,0,122.106946855269,0,0,0,0,0,151.01089327964,0,221.805809452716,160.537522273714,0,0,0,0,348.674510760064,0,0,164.032723165762,92.5207898118833,173.538155409849,0,146.814226519809
0,0,0,0,0,111.435629183184,0,0,0,197.486504603685,0,309.997227542691,0,0,0,0,0,0,0,0,0,0,0,0,0,0,0,259.055025639447,0,0,0,0,0,204.084074037941,0,0,169.453147353278,0,0,232.945974238958,161.302948562323
0,0,0,0,0,214.116367924649,0,217.157696745803,0,0,58.3493451392805,0,94.9380989123498,0,0,76.5072790361762,153.876396855887,0,97.5855511246009,0,0,0,0,0,0,253.401634605989,0,300.031143529538,226.825099357786,0,0,117.208001126138,0,0,0,0,99.2646516363145,0,112.823430872325,202.712457066107,323.781250289068
205.183249704085,0,0,0,158.955087279859,87.8456058929559,0,0,0,101.605593487621,249.798812580765,269.936825670274,113.059176128709,0,74.4197823064597,0,0,0,0,138.425725342224,0,0,0,0,0,0,78.9559315574845,209.996727521564,99.3508940827211,0,0,0,0,150.161410108805,220.963068032256,0,81.2827395071039,153.453047983244,204.481117647118,161.275817184598,228.075434767255
0,0,0,0,161.74915061469,0,0,0,0,0,0,224.551207449728,0,0,0,131.969743415579,0,174.013630695256,0,0,0,0,0,0,0,0,0,193.777661225572,0,0,0,177.763106506206,0,357.423078228283,151.075371308616,0,113.144980278377,0,0,0,320.356811100276
0,0,0,0,80.4367166559625,220.901129804706,0,0,0,247.66948903751,74.7304794244225,106.926813611922,0,114.511014214502,0,0,0,158.567996645797,0,0,151.01089327964,0,253.401634605989,0,0,0,191.519780382943,115.332064605654,0,173.059382066957,62.859596780235,0,74.5815074003433,84.3635741045246,0,201.44584889478,236.681907140956,240.185081663983,94.7529894315991,0,116.176698124939
0,0,0,96.7845769653343,0,106.33736463831,66.5008477853491,138.33942793804,0,0,61.0664810463559,175.196329314064,0,0,0,0,97.3232815600345,314.611698427915,85.6072705949986,192.135034768848,0,0,0,78.9559315574845,0,191.519780382943,0,218.045528847001,0,353.822894641502,0,0,0,259.442917595754,261.440278806413,241.635434294794,155.901486485736,178.224497384947,0,0,206.472608421747
180.90030328818,0,338.131802716296,165.597665022977,0,0,90.7216186966914,125.81518738273,0,190.185165668632,118.522099274347,0,139.93285932648,81.9664354533492,198.528111506785,193.659409924573,0,0,0,225.013371621378,221.805809452716,259.055025639447,300.031143529538,209.996727521564,193.777661225572,115.332064605654,218.045528847001,0,73.1029054543569,101.350815329073,0,0,184.249961885477,0,192.601533877686,231.050882209,101.85207633558,0,0,283.248188884028,139.654362654449
0,165.893015276821,0,219.040656038919,115.541295036174,201.100640800745,94.126460729827,0,163.059043292369,241.57250333243,0,115.194491798135,0,0,0,0,109.093416850988,0,0,0,160.537522273714,0,226.825099357786,99.3508940827211,0,0,0,73.1029054543569,0,114.649126378906,0,108.381749703452,0,94.7280504127031,206.912707094411,242.790381480436,120.567029282014,252.487290983309,106.128596538706,0,0
0,141.204637091722,0,154.070293657878,0,0,0,0,0,0,146.770754374523,134.960780198024,0,0,0,0,0,0,0,0,0,0,0,0,0,173.059382066957,353.822894641502,101.350815329073,114.649126378906,0,0,0,0,0,263.534399241887,0,0,0,303.527509149359,212.592150359921,0
0,0,0,0,0,0,0,0,0,0,0,0,0,0,0,0,0,0,0,0,0,0,0,0,0,62.859596780235,0,0,0,0,0,0,0,192.693757128262,98.6790043377568,0,133.218162784108,289.631679007608,0,181.316358113209,0
0,0,0,0,0,173.201474590904,0,0,0,0,0,0,0,0,0,0,94.027247878695,0,0,0,0,0,117.208001126138,0,177.763106506206,0,0,0,108.381749703452,0,0,0,0,104.369974912428,172.608400267715,112.349934713559,188.851177466023,180.355266595273,0,196.032358954952,0
0,0,0,0,0,0,0,0,0,0,183.786860782462,0,0,0,172.892533368851,0,0,0,0,0,0,0,0,0,0,74.5815074003433,0,184.249961885477,0,0,0,0,0,0,0,0,0,0,0,134.566479261133,0
140.574866691684,284.529238481835,111.226326353722,0,0,0,162.833808134102,0,71.5579325720569,0,101.5853655613,0,0,0,124.698445421759,241.682021696872,205.839960264176,199.492852797962,0,345.797434674459,348.674510760064,204.084074037941,0,150.161410108805,357.423078228283,84.3635741045246,259.442917595754,0,94.7280504127031,0,192.693757128262,104.369974912428,0,0,82.6299537488922,0,98.417953423071,321.124897279917,139.792601838991,224.523755099568,94.8881692391942
0,0,0,0,198.964527389285,283.88658203332,306.640284138334,71.4788760670054,0,0,188.936291522747,101.443495235174,0,148.808626413748,251.098274723989,0,136.685314494491,0,110.384905066973,80.8080171296381,0,0,0,220.963068032256,151.075371308616,0,261.440278806413,192.601533877686,206.912707094411,263.534399241887,98.6790043377568,172.608400267715,0,82.6299537488922,0,276.620869034647,325.937289045041,196.04190773555,0,168.241326865882,213.67670887414
0,0,0,93.5029580098427,0,0,178.748963182352,89.3673883748406,82.1742780037132,115.114253591495,0,215.611029055736,67.8267069095267,193.63278243493,101.895308036513,0,0,0,73.4795582048751,92.3502314520023,0,0,0,0,0,201.44584889478,241.635434294794,231.050882209,242.790381480436,0,0,112.349934713559,0,0,276.620869034647,0,90.1317194604647,0,0,119.728129215699,0
0,0,161.325017232684,128.846764897717,106.533627130087,262.382215657622,96.5937438588657,145.74089716123,115.871357769661,347.376449530863,238.934743274142,120.912756812582,0,137.177378802006,0,0,0,0,154.142998692322,186.973586461633,164.032723165762,169.453147353278,99.2646516363145,81.2827395071039,113.144980278377,236.681907140956,155.901486485736,101.85207633558,120.567029282014,0,133.218162784108,188.851177466023,0,98.417953423071,325.937289045041,90.1317194604647,0,115.868441404982,0,223.705816669619,171.906398392157
0,0,0,194.442125915551,0,0,0,89.1590885155172,255.441154257905,160.530221557972,0,116.054372245433,70.4221432298295,75.4497121078207,222.053792850439,124.853650664477,0,0,0,163.945208919892,92.5207898118833,0,0,153.453047983244,0,240.185081663983,178.224497384947,0,252.487290983309,0,289.631679007608,180.355266595273,0,321.124897279917,196.04190773555,0,115.868441404982,0,0,0,0
0,261.605527103798,178.683678585178,0,89.707245288964,142.385058730083,228.792310020318,0,151.695570509541,0,0,0,0,0,0,0,0,0,125.994729980093,0,173.538155409849,0,112.823430872325,204.481117647118,0,94.7529894315991,0,0,106.128596538706,303.527509149359,0,0,0,139.792601838991,0,0,0,0,0,0,159.183173818572
157.852515740516,0,0,0,306.344527664232,227.504408813069,0,0,219.430938885781,133.984214699576,151.036729364761,0,0,205.09013266389,100.812745974529,250.461724766314,180.543851962045,0,155.24952173131,171.230058197369,0,232.945974238958,202.712457066107,161.275817184598,0,0,0,283.248188884028,0,212.592150359921,181.316358113209,196.032358954952,134.566479261133,224.523755099568,168.241326865882,119.728129215699,223.705816669619,0,0,0,97.3506957544063
0,0,0,0,0,187.77054666536,82.4756938751058,104.915316975638,103.519938150021,135.294330067913,0,0,0,0,0,0,0,72.2278283150671,125.416941482916,82.6426202489162,146.814226519809,161.302948562323,323.781250289068,228.075434767255,320.356811100276,116.176698124939,206.472608421747,139.654362654449,0,0,0,0,0,94.8881692391942,213.67670887414,0,171.906398392157,0,159.183173818572,97.3506957544063,0
