0,0,0,0,0,0,0,0,128.846764897717,138.33942793804,0,0,0,0,0,0,205.839960264176,0,0,167.066576495979,0,0,0,0,249.798812580765,0,0,0,0,0,0,0,0,0,0,0,0,0,0,101.443495235174,0
0,0,0,0,0,0,0,0,0,0,151.806152521152,89.707245288964,0,0,151.036729364761,0,0,0,0,0,0,0,0,0,0,0,0,0,0,99.2646516363145,0,0,0,0,160.530221557972,161.275817184598,0,89.9429017381717,0,0,0
0,0,0,0,0,0,0,0,0,0,0,0,0,0,0,0,0,0,0,0,0,0,0,0,0,0,161.325017232684,98.6790043377568,0,0,0,0,0,0,0,0,198.964527389285,116.054372245433,0,0,95.7590805983148
0,0,0,0,0,0,0,214.116367924649,0,84.3635741045246,0,0,0,0,0,0,154.142998692322,0,238.934743274142,0,0,0,173.001559092555,172.892533368851,0,247.66948903751,0,0,186.973586461633,0,0,0,0,137.189596148386,0,0,159.183173818572,137.239127032733,0,109.093416850988,104.369974912428
0,0,0,0,0,255.441154257905,0,0,0,0,146.99041817625,173.538155409849,0,0,0,112.349934713559,0,0,0,0,0,0,0,333.645516435298,0,0,0,164.032723165762,204.481117647118,0,0,73.4795582048751,58.3493451392805,323.781250289068,113.144980278377,338.131802716296,357.423078228283,169.453147353278,0,0,0
0,0,0,0,255.441154257905,0,0,160.537522273714,0,0,0,0,196.04190773555,0,0,0,0,0,0,96.5937438588657,0,0,0,108.381749703452,0,212.592150359921,98.2230592632363,0,205.09013266389,0,0,0,0,173.059382066957,180.543851962045,197.893790332676,345.797434674459,0,0,151.695570509541,284.529238481835
0,0,0,0,0,0,0,0,0,0,0,0,0,135.667029391615,0,153.876396855887,0,0,87.8456058929559,101.85207633558,0,0,0,0,0,0,81.9664354533492,211.840482897052,0,0,178.683678585178,139.654362654449,133.984214699576,163.059043292369,71.5579325720569,0,0,0,0,74.5815074003433,259.442917595754
0,0,0,214.116367924649,0,160.537522273714,0,0,0,142.385058730083,0,192.693757128262,0,0,173.201474590904,0,0,0,0,283.88658203332,231.715271819474,0,195.378266313867,0,0,92.5207898118833,0,162.833808134102,0,0,0,75.4497121078207,0,261.440278806413,242.790381480436,0,0,157.852515740516,0,197.486504603685,74.7304794244225
128.846764897717,0,0,0,0,0,0,0,0,0,97.3232815600345,0,0,143.005810983322,72.2278283150671,0,0,0,0,201.100640800745,0,0,115.871357769661,232.945974238958,198.528111506785,0,220.963068032256,0,0,0,0,0,0,0,283.248188884028,0,187.77054666536,0,0,0,0
138.33942793804,0,0,84.3635741045246,0,0,0,142.385058730083,0,0,0,99.3508940827211,0,0,106.33736463831,168.241326865882,90.1317194604647,0,0,113.059176128709,0,0,0,215.611029055736,0,82.4756938751058,117.208001126138,98.417953423071,0,0,0,0,0,0,0,353.822894641502,140.574866691684,94.7529894315991,67.8267069095267,118.522099274347,78.8552325762656
0,151.806152521152,0,0,146.99041817625,0,0,0,97.3232815600345,0,0,94.9380989123498,0,111.435629183184,202.712457066107,0,0,0,219.040656038919,0,0,0,0,0,0,213.67670887414,66.5008477853491,139.792601838991,0,236.681907140956,0,175.196329314064,154.784755881607,141.204637091722,0,0,0,114.511014214502,0,0,224.551207449728
0,89.707245288964,0,0,173.538155409849,0,0,192.693757128262,0,99.3508940827211,94.9380989123498,0,0,62.859596780235,0,0,0,0,231.050882209,0,200.878319874537,249.905610015455,0,320.356811100276,80.8080171296381,97.3506957544063,193.659409924573,269.936825670274,161.302948562323,0,0,0,0,138.425725342224,137.177378802006,0,253.401634605989,226.825099357786,0,227.504408813069,263.534399241887
0,0,0,0,0,196.04190773555,0,0,0,0,0,0,0,0,0,0,0,0,0,153.609372090384,0,0,0,0,0,0,0,139.93285932648,241.682021696872,0,0,0,0,0,221.805809452716,0,225.013371621378,0,0,0,0
0,0,0,0,0,0,135.667029391615,0,143.005810983322,0,111.435629183184,62.859596780235,0,0,0,0,0,78.9559315574845,0,0,0,0,205.183249704085,0,0,0,151.075371308616,222.053792850439,188.851177466023,0,0,0,0,0,101.895308036513,0,179.718364159796,0,111.226326353722,142.054529471577,219.078548227669
0,151.036729364761,0,0,0,0,0,173.201474590904,72.2278283150671,106.33736463831,202.712457066107,0,0,0,0,0,94.8881692391942,0,112.823430872325,0,0,0,0,0,0,0,134.960780198024,0,101.5853655613,0,0,0,0,145.74089716123,241.57250333243,0,0,108.136066660554,0,0,0
0,0,0,0,112.349934713559,0,153.876396855887,0,0,168.241326865882,0,0,0,0,0,0,300.031143529538,0,259.055025639447,0,289.631679007608,0,0,0,0,0,93.5029580098427,119.345624434514,0,0,0,0,0,0,82.6299537488922,240.185081663983,104.915316975638,0,0,0,0
205.839960264176,0,0,154.142998692322,0,0,0,0,0,90.1317194604647,0,0,0,0,94.8881692391942,300.031143529538,0,0,0,0,0,0,106.926813611922,0,0,0,0,136.685314494491,89.3673883748406,0,0,0,0,0,97.5855511246009,122.106946855269,0,0,0,0,0
0,0,0,0,0,0,0,0,0,0,0,0,0,78.9559315574845,0,0,0,0,195.314816908693,0,0,0,262.382215657622,81.2827395071039,0,112.793316814908,0,0,0,0,0,0,0,82.1742780037132,0,220.901129804706,191.519780382943,0,0,0,186.348837226466
0,0,0,238.934743274142,0,0,87.8456058929559,0,0,0,219.040656038919,231.050882209,0,0,112.823430872325,259.055025639447,0,195.314816908693,0,115.868441404982,0,0,0,0,0,183.786860782462,155.901486485736,120.567029282014,151.01089327964,0,0,0,0,0,0,0,0,0,0,0,0
167.066576495979,0,0,0,0,96.5937438588657,101.85207633558,283.88658203332,201.100640800745,113.059176128709,0,0,153.609372090384,0,0,0,0,0,115.868441404982,0,0,0,0,0,0,124.853650664477,0,0,241.635434294794,0,0,0,0,146.770754374523,62.311273509377,71.4788760670054,146.465927798921,103.519938150021,101.350815329073,70.4221432298295,0
0,0,0,0,0,0,0,231.715271819474,0,0,0,200.878319874537,0,0,0,289.631679007608,0,0,0,0,0,0,115.114253591495,209.996727521564,0,0,0,180.90030328818,0,0,0,0,0,306.640284138334,174.013630695256,218.045528847001,177.763106506206,217.157696745803,0,314.611698427915,224.523755099568
0,0,0,0,0,0,0,0,0,0,0,249.905610015455,0,0,0,0,0,0,0,0,0,0,0,0,0,135.294330067913,125.994729980093,116.176698124939,0,0,0,0,0,115.332064605654,0,89.1590885155172,158.955087279859,0,0,195.822649557859,0
0,0,0,173.001559092555,0,0,0,195.378266313867,115.871357769661,0,0,0,0,205.183249704085,0,0,106.926813611922,262.382215657622,0,0,115.114253591495,0,0,228.792310020318,0,193.63278243493,93.4234866874731,0,0,0,0,0,0,219.430938885781,0,0,192.601533877686,172.608400267715,201.44584889478,171.230058197369,0
0,0,0,172.892533368851,333.645516435298,108.381749703452,0,0,232.945974238958,215.611029055736,0,320.356811100276,0,0,0,0,0,81.2827395071039,0,0,209.996727521564,0,228.792310020318,0,0,155.24952173131,0,188.936291522747,128.530575464043,80.4367166559625,0,0,0,154.065933476765,251.098274723989,0,114.649126378906,0,124.698445421759,85.7623170715703,180.355266595273
249.798812580765,0,0,0,0,0,0,0,198.528111506785,0,0,80.8080171296381,0,0,0,0,0,0,0,0,0,0,0,0,0,0,0,0,0,94.126460729827,0,0,0,303.527509149359,194.442125915551,0,325.937289045041,0,192.135034768848,161.74915061469,85.6072705949986
0,0,0,247.66948903751,0,212.592150359921,0,92.5207898118833,0,82.4756938751058,213.67670887414,97.3506957544063,0,0,0,0,0,112.793316814908,183.786860782462,124.853650664477,0,135.294330067913,193.63278243493,155.24952173131,0,0,169.742003380707,163.945208919892,0,0,0,223.705816669619,0,131.969743415579,0,0,276.620869034647,90.7216186966914,208.005106191961,74.4197823064597,0
0,0,161.325017232684,0,0,98.2230592632363,81.9664354533492,0,220.963068032256,117.208001126138,66.5008477853491,193.659409924573,0,151.075371308616,134.960780198024,93.5029580098427,0,0,155.901486485736,0,0,125.994729980093,93.4234866874731,0,0,169.742003380707,0,161.694997919804,0,228.075434767255,0,0,0,101.605593487621,0,115.194491798135,206.472608421747,0,0,119.728129215699,0
0,0,98.6790043377568,0,164.032723165762,0,211.840482897052,162.833808134102,0,98.417953423071,139.792601838991,269.936825670274,139.93285932648,222.053792850439,0,119.345624434514,136.685314494491,0,120.567029282014,0,180.90030328818,116.176698124939,0,188.936291522747,0,163.945208919892,161.694997919804,0,321.864157986053,92.3502314520023,335.371040201042,261.605527103798,0,158.567996645797,347.376449530863,181.316358113209,165.893015276821,184.249961885477,0,165.597665022977,0
0,0,0,186.973586461633,204.481117647118,205.09013266389,0,0,0,0,0,161.302948562323,241.682021696872,188.851177466023,101.5853655613,0,89.3673883748406,0,151.01089327964,241.635434294794,0,0,0,128.530575464043,0,0,0,321.864157986053,0,190.185165668632,321.124897279917,0,0,0,306.344527664232,94.7280504127031,309.997227542691,106.533627130087,110.384905066973,204.084074037941,193.777661225572
0,99.2646516363145,0,0,0,0,0,0,0,0,236.681907140956,0,0,0,0,0,0,0,0,0,0,0,0,80.4367166559625,94.126460729827,0,228.075434767255,92.3502314520023,190.185165668632,0,0,0,0,76.5072790361762,106.128596538706,0,171.906398392157,125.416941482916,0,0,0
0,0,0,0,0,0,178.683678585178,0,0,0,0,0,0,0,0,0,0,0,0,0,0,0,0,0,0,0,0,335.371040201042,321.124897279917,0,0,348.674510760064,0,61.0664810463559,0,0,0,0,0,206.912707094411,0
0,0,0,0,73.4795582048751,0,139.654362654449,75.4497121078207,0,0,175.196329314064,0,0,0,0,0,0,0,0,0,0,0,0,0,0,223.705816669619,0,261.605527103798,0,0,348.674510760064,0,0,0,0,0,134.566479261133,0,115.541295036174,154.070293657878,100.812745974529
0,0,0,0,58.3493451392805,0,133.984214699576,0,0,0,154.784755881607,0,0,0,0,0,0,0,0,0,0,0,0,0,0,0,0,0,0,0,0,0,0,125.81518738273,0,0,252.487290983309,0,0,0,0
0,0,0,137.189596148386,323.781250289068,173.059382066957,163.059043292369,261.440278806413,0,0,141.204637091722,138.425725342224,0,0,145.74089716123,0,0,82.1742780037132,0,146.770754374523,306.640284138334,115.332064605654,219.430938885781,154.065933476765,303.527509149359,131.969743415579,101.605593487621,158.567996645797,0,76.5072790361762,61.0664810463559,0,125.81518738273,0,153.453047983244,178.748963182352,128.405764333981,0,193.055010680236,0,136.792307586862
0,160.530221557972,0,0,113.144980278377,180.543851962045,71.5579325720569,242.790381480436,283.248188884028,0,0,137.177378802006,221.805809452716,101.895308036513,241.57250333243,82.6299537488922,97.5855511246009,0,0,62.311273509377,174.013630695256,0,0,251.098274723989,194.442125915551,0,0,347.376449530863,306.344527664232,106.128596538706,0,0,0,153.453047983244,0,0,329.719143597451,120.912756812582,280.376028997576,73.1029054543569,148.808626413748
0,161.275817184598,0,0,338.131802716296,197.893790332676,0,0,0,353.822894641502,0,0,0,0,0,240.185081663983,122.106946855269,220.901129804706,0,71.4788760670054,218.045528847001,89.1590885155172,0,0,0,0,115.194491798135,181.316358113209,94.7280504127031,0,0,0,0,178.748963182352,0,0,199.492852797962,94.027247878695,96.7845769653343,153.672550905948,178.224497384947
0,0,198.964527389285,159.183173818572,357.423078228283,345.797434674459,0,0,187.77054666536,140.574866691684,0,253.401634605989,225.013371621378,179.718364159796,0,104.915316975638,0,191.519780382943,0,146.465927798921,177.763106506206,158.955087279859,192.601533877686,114.649126378906,325.937289045041,276.620869034647,206.472608421747,165.893015276821,309.997227542691,171.906398392157,0,134.566479261133,252.487290983309,128.405764333981,329.719143597451,199.492852797962,0,92.5568465385234,146.814226519809,150.161410108805,0
0,89.9429017381717,116.054372245433,137.239127032733,169.453147353278,0,0,157.852515740516,0,94.7529894315991,114.511014214502,226.825099357786,0,0,108.136066660554,0,0,0,0,103.519938150021,217.157696745803,0,172.608400267715,0,0,90.7216186966914,0,184.249961885477,106.533627130087,125.416941482916,0,0,0,0,120.912756812582,94.027247878695,92.5568465385234,0,0,0,250.461724766314
0,0,0,0,0,0,0,0,0,67.8267069095267,0,0,0,111.226326353722,0,0,0,0,0,101.350815329073,0,0,201.44584889478,124.698445421759,192.135034768848,208.005106191961,0,0,110.384905066973,0,0,115.541295036174,0,193.055010680236,280.376028997576,96.7845769653343,146.814226519809,0,0,82.6426202489162,196.032358954952
101.443495235174,0,0,109.093416850988,0,151.695570509541,74.5815074003433,197.486504603685,0,118.522099274347,0,227.504408813069,0,142.054529471577,0,0,0,0,0,70.4221432298295,314.611698427915,195.822649557859,171.230058197369,85.7623170715703,161.74915061469,74.4197823064597,119.728129215699,165.597665022977,204.084074037941,0,206.912707094411,154.070293657878,0,0,73.1029054543569,153.672550905948,150.161410108805,0,82.6426202489162,0,133.218162784108
0,0,95.7590805983148,104.369974912428,0,284.529238481835,259.442917595754,74.7304794244225,0,78.8552325762656,224.551207449728,263.534399241887,0,219.078548227669,0,0,0,186.348837226466,0,0,224.523755099568,0,0,180.355266595273,85.6072705949986,0,0,0,193.777661225572,0,0,100.812745974529,0,136.792307586862,148.808626413748,178.224497384947,0,250.461724766314,196.032358954952,133.218162784108,0
