0,0,0,0,0,0,0,82.1742780037132,201.100640800745,0,0,220.963068032256,0,0,0,0,0,0,0,0,0,0,157.852515740516,0,0,0,0,0,0,0,0,0,0,0,0,0,329.719143597451,0,0,161.275817184598,0
0,0,0,0,0,0,0,0,0,0,192.601533877686,0,0,0,0,0,84.3635741045246,154.142998692322,0,0,0,0,0,0,0,0,0,0,357.423078228283,306.344527664232,0,0,0,0,82.6299537488922,0,0,167.066576495979,0,0,0
0,0,0,0,0,0,0,0,0,0,0,0,0,0,0,0,228.792310020318,0,0,0,0,0,0,81.2827395071039,0,0,0,94.9380989123498,0,0,0,0,0,0,0,151.695570509541,0,0,0,0,136.685314494491
0,0,0,0,188.851177466023,0,0,81.9664354533492,0,0,0,0,177.763106506206,0,0,0,0,0,0,0,115.868441404982,0,0,193.055010680236,82.4756938751058,224.551207449728,146.770754374523,0,0,0,0,0,0,200.878319874537,208.005106191961,155.24952173131,261.605527103798,0,0,0,111.226326353722
0,0,0,188.851177466023,0,0,0,0,221.805809452716,0,0,111.435629183184,0,0,0,0,0,0,0,139.654362654449,0,62.859596780235,161.694997919804,0,0,0,0,178.683678585178,118.522099274347,0,0,89.9429017381717,0,94.7529894315991,198.964527389285,0,252.487290983309,172.892533368851,0,0,240.185081663983
0,0,0,0,0,0,333.645516435298,0,0,116.054372245433,124.853650664477,0,0,0,0,0,0,0,0,0,0,0,0,0,0,122.106946855269,85.7623170715703,101.5853655613,186.348837226466,0,0,163.945208919892,0,98.2230592632363,226.825099357786,0,165.597665022977,259.442917595754,0,133.984214699576,173.001559092555
0,0,0,0,0,333.645516435298,0,0,0,150.161410108805,0,0,0,0,97.3506957544063,0,0,0,0,114.649126378906,0,0,92.3502314520023,151.01089327964,0,168.241326865882,204.481117647118,80.8080171296381,0,0,106.926813611922,134.566479261133,0,0,191.519780382943,0,0,0,0,61.0664810463559,0
82.1742780037132,0,0,81.9664354533492,0,0,0,0,0,0,89.707245288964,198.528111506785,0,0,0,0,153.453047983244,0,0,106.533627130087,0,115.114253591495,92.5568465385234,73.1029054543569,0,0,106.128596538706,72.2278283150671,89.1590885155172,0,0,180.90030328818,0,73.4795582048751,0,0,0,247.66948903751,0,96.7845769653343,0
201.100640800745,0,0,0,221.805809452716,0,0,0,0,0,219.430938885781,171.906398392157,0,0,0,0,0,0,0,0,78.8552325762656,0,0,0,99.2646516363145,0,0,0,135.667029391615,0,0,155.901486485736,0,0,0,223.705816669619,238.934743274142,0,241.682021696872,0,0
0,0,0,0,0,116.054372245433,150.161410108805,0,0,0,0,74.4197823064597,0,0,0,153.672550905948,125.81518738273,98.6790043377568,101.85207633558,0,125.416941482916,0,0,0,0,0,99.3508940827211,180.355266595273,347.376449530863,116.176698124939,145.74089716123,0,0,82.6426202489162,109.093416850988,0,158.955087279859,112.793316814908,0,0,231.715271819474
0,192.601533877686,0,0,0,124.853650664477,0,89.707245288964,219.430938885781,0,0,206.472608421747,0,0,0,0,0,0,151.075371308616,181.316358113209,67.8267069095267,0,0,62.311273509377,0,0,231.050882209,169.742003380707,90.7216186966914,0,0,0,0,108.381749703452,148.808626413748,0,306.640284138334,0,0,0,142.385058730083
220.963068032256,0,0,0,111.435629183184,0,0,198.528111506785,171.906398392157,74.4197823064597,206.472608421747,0,0,173.201474590904,0,0,0,89.3673883748406,0,135.294330067913,125.994729980093,0,137.177378802006,0,325.937289045041,196.032358954952,214.116367924649,76.5072790361762,0,0,0,0,0,204.084074037941,120.567029282014,0,104.369974912428,0,184.249961885477,172.608400267715,249.798812580765
0,0,0,177.763106506206,0,0,0,0,0,0,0,0,0,0,0,0,0,0,0,321.124897279917,0,0,0,117.208001126138,0,0,108.136066660554,0,151.036729364761,0,0,0,0,0,0,0,253.401634605989,0,0,0,0
0,0,0,0,0,0,0,0,0,0,0,173.201474590904,0,0,300.031143529538,101.350815329073,0,0,0,0,114.511014214502,0,139.93285932648,175.196329314064,0,0,224.523755099568,136.792307586862,338.131802716296,0,0,0,0,71.5579325720569,0,202.712457066107,115.871357769661,0,0,94.126460729827,153.876396855887
0,0,0,0,0,0,97.3506957544063,0,0,0,0,0,0,300.031143529538,0,0,101.605593487621,0,0,134.960780198024,0,0,0,164.032723165762,0,250.461724766314,242.790381480436,280.376028997576,0,0,0,284.529238481835,0,154.070293657878,146.99041817625,0,201.44584889478,0,0,0,0
0,0,0,0,0,0,0,0,0,153.672550905948,0,0,0,101.350815329073,0,0,0,0,0,142.054529471577,0,0,0,71.4788760670054,94.7280504127031,0,161.302948562323,0,205.183249704085,0,0,0,0,160.537522273714,0,100.812745974529,335.371040201042,161.74915061469,0,0,0
0,84.3635741045246,228.792310020318,0,0,0,0,153.453047983244,0,125.81518738273,0,0,0,0,101.605593487621,0,0,0,0,0,0,205.839960264176,0,0,0,0,0,0,0,0,0,0,0,0,211.840482897052,128.846764897717,0,0,0,197.893790332676,219.078548227669
0,154.142998692322,0,0,0,0,0,0,0,98.6790043377568,0,89.3673883748406,0,0,0,0,0,0,0,0,0,0,0,93.5029580098427,0,213.67670887414,0,220.901129804706,146.465927798921,0,0,0,0,0,0,0,303.527509149359,131.969743415579,0,0,0
0,0,0,0,0,0,0,0,0,101.85207633558,151.075371308616,0,0,0,0,0,0,0,0,0,0,0,94.8881692391942,314.611698427915,0,0,0,137.189596148386,113.059176128709,0,0,95.7590805983148,0,187.77054666536,115.194491798135,0,209.996727521564,0,112.349934713559,174.013630695256,0
0,0,0,0,139.654362654449,0,114.649126378906,106.533627130087,0,0,181.316358113209,135.294330067913,321.124897279917,0,134.960780198024,142.054529471577,0,0,0,0,0,0,0,0,241.635434294794,0,0,195.822649557859,217.157696745803,0,0,0,0,262.382215657622,173.059382066957,0,178.224497384947,261.440278806413,0,309.997227542691,139.792601838991
0,0,0,115.868441404982,0,0,0,0,78.8552325762656,125.416941482916,67.8267069095267,125.994729980093,0,114.511014214502,0,0,0,0,0,0,0,0,0,0,0,0,0,320.356811100276,0,196.04190773555,0,0,0,0,0,0,98.417953423071,159.183173818572,323.781250289068,158.567996645797,227.504408813069
0,0,0,0,62.859596780235,0,0,115.114253591495,0,0,0,0,0,0,0,0,205.839960264176,0,0,0,0,0,0,0,154.784755881607,0,0,137.239127032733,0,228.075434767255,0,0,0,0,0,0,0,0,263.534399241887,0,171.230058197369
157.852515740516,0,0,0,161.694997919804,0,92.3502314520023,92.5568465385234,0,0,0,137.177378802006,0,139.93285932648,0,0,0,0,94.8881692391942,0,0,0,0,0,0,0,93.4234866874731,119.345624434514,0,205.09013266389,0,0,0,0,0,106.33736463831,103.519938150021,269.936825670274,0,218.045528847001,179.718364159796
0,0,81.2827395071039,193.055010680236,0,0,151.01089327964,73.1029054543569,0,0,62.311273509377,0,117.208001126138,175.196329314064,164.032723165762,71.4788760670054,0,93.5029580098427,314.611698427915,0,0,0,0,0,0,70.4221432298295,96.5937438588657,0,94.027247878695,276.620869034647,0,0,0,133.218162784108,0,180.543851962045,97.5855511246009,0,0,348.674510760064,0
0,0,0,82.4756938751058,0,0,0,0,99.2646516363145,0,0,325.937289045041,0,0,0,94.7280504127031,0,0,0,241.635434294794,0,154.784755881607,0,0,0,58.3493451392805,0,0,0,0,0,0,0,0,199.492852797962,0,141.204637091722,173.538155409849,0,0,0
0,0,0,224.551207449728,0,122.106946855269,168.241326865882,0,0,0,0,196.032358954952,0,0,250.461724766314,0,0,213.67670887414,0,0,0,0,0,70.4221432298295,58.3493451392805,0,0,193.777661225572,140.574866691684,153.609372090384,143.005810983322,0,0,183.786860782462,80.4367166559625,197.486504603685,120.912756812582,321.864157986053,162.833808134102,283.88658203332,104.915316975638
0,0,0,146.770754374523,0,85.7623170715703,204.481117647118,106.128596538706,0,99.3508940827211,231.050882209,214.116367924649,108.136066660554,224.523755099568,242.790381480436,161.302948562323,0,0,0,0,0,0,93.4234866874731,96.5937438588657,0,0,0,113.144980278377,0,0,0,0,192.693757128262,345.797434674459,87.8456058929559,188.936291522747,128.530575464043,0,0,0,219.040656038919
0,0,94.9380989123498,0,178.683678585178,101.5853655613,80.8080171296381,72.2278283150671,0,180.355266595273,169.742003380707,76.5072790361762,0,136.792307586862,280.376028997576,0,0,220.901129804706,137.189596148386,195.822649557859,320.356811100276,137.239127032733,119.345624434514,0,0,193.777661225572,113.144980278377,0,0,0,0,241.57250333243,192.135034768848,289.631679007608,186.973586461633,124.698445421759,255.441154257905,0,195.314816908693,75.4497121078207,112.823430872325
0,357.423078228283,0,0,118.522099274347,186.348837226466,0,89.1590885155172,135.667029391615,347.376449530863,90.7216186966914,0,151.036729364761,338.131802716296,0,205.183249704085,0,146.465927798921,113.059176128709,217.157696745803,0,0,0,94.027247878695,0,140.574866691684,0,0,0,163.059043292369,0,0,0,66.5008477853491,236.681907140956,190.185165668632,0,97.3232815600345,0,194.442125915551,0
0,306.344527664232,0,0,0,0,0,0,0,116.176698124939,0,0,0,0,0,0,0,0,0,0,196.04190773555,228.075434767255,205.09013266389,276.620869034647,0,153.609372090384,0,0,163.059043292369,0,0,0,0,110.384905066973,259.055025639447,0,0,0,0,138.425725342224,0
0,0,0,0,0,0,106.926813611922,0,0,145.74089716123,0,0,0,0,0,0,0,0,0,0,0,0,0,0,0,143.005810983322,0,0,0,0,0,0,0,0,0,115.541295036174,178.748963182352,0,0,151.806152521152,0
0,0,0,0,89.9429017381717,163.945208919892,134.566479261133,180.90030328818,155.901486485736,0,0,0,0,0,284.529238481835,0,0,0,95.7590805983148,0,0,0,0,0,0,0,0,241.57250333243,0,0,0,0,0,193.659409924573,0,0,0,0,212.592150359921,165.893015276821,0
0,0,0,0,0,0,0,0,0,0,0,0,0,0,0,0,0,0,0,0,0,0,0,0,0,0,192.693757128262,192.135034768848,0,0,0,0,0,169.453147353278,0,0,0,78.9559315574845,161.325017232684,0,0
0,0,0,200.878319874537,94.7529894315991,98.2230592632363,0,73.4795582048751,0,82.6426202489162,108.381749703452,204.084074037941,0,71.5579325720569,154.070293657878,160.537522273714,0,0,187.77054666536,262.382215657622,0,0,0,133.218162784108,0,183.786860782462,345.797434674459,289.631679007608,66.5008477853491,110.384905066973,0,193.659409924573,169.453147353278,0,206.912707094411,160.530221557972,353.822894641502,115.332064605654,74.5815074003433,195.378266313867,0
0,82.6299537488922,0,208.005106191961,198.964527389285,226.825099357786,191.519780382943,0,0,109.093416850988,148.808626413748,120.567029282014,0,0,146.99041817625,0,211.840482897052,0,115.194491798135,173.059382066957,0,0,0,0,199.492852797962,80.4367166559625,87.8456058929559,186.973586461633,236.681907140956,259.055025639447,0,0,0,206.912707094411,0,283.248188884028,92.5207898118833,85.6072705949986,249.905610015455,154.065933476765,101.443495235174
0,0,151.695570509541,155.24952173131,0,0,0,0,223.705816669619,0,0,0,0,202.712457066107,0,100.812745974529,128.846764897717,0,0,0,0,0,106.33736463831,180.543851962045,0,197.486504603685,188.936291522747,124.698445421759,190.185165668632,0,115.541295036174,0,0,160.530221557972,283.248188884028,0,232.945974238958,193.63278243493,101.895308036513,146.814226519809,0
329.719143597451,0,0,261.605527103798,252.487290983309,165.597665022977,0,0,238.934743274142,158.955087279859,306.640284138334,104.369974912428,253.401634605989,115.871357769661,201.44584889478,335.371040201042,0,303.527509149359,209.996727521564,178.224497384947,98.417953423071,0,103.519938150021,97.5855511246009,141.204637091722,120.912756812582,128.530575464043,255.441154257905,0,0,178.748963182352,0,0,353.822894641502,92.5207898118833,232.945974238958,0,128.405764333981,138.33942793804,119.728129215699,90.1317194604647
0,167.066576495979,0,0,172.892533368851,259.442917595754,0,247.66948903751,0,112.793316814908,0,0,0,0,0,161.74915061469,0,131.969743415579,0,261.440278806413,159.183173818572,0,269.936825670274,0,173.538155409849,321.864157986053,0,0,97.3232815600345,0,0,0,78.9559315574845,115.332064605654,85.6072705949986,193.63278243493,128.405764333981,0,0,74.7304794244225,225.013371621378
0,0,0,0,0,0,0,0,241.682021696872,0,0,184.249961885477,0,0,0,0,0,0,112.349934713559,0,323.781250289068,263.534399241887,0,0,0,162.833808134102,0,195.314816908693,0,0,0,212.592150359921,161.325017232684,74.5815074003433,249.905610015455,101.895308036513,138.33942793804,0,0,251.098274723989,222.053792850439
161.275817184598,0,0,0,0,133.984214699576,61.0664810463559,96.7845769653343,0,0,0,172.608400267715,0,94.126460729827,0,0,197.893790332676,0,174.013630695256,309.997227542691,158.567996645797,0,218.045528847001,348.674510760064,0,283.88658203332,0,75.4497121078207,194.442125915551,138.425725342224,151.806152521152,165.893015276821,0,195.378266313867,154.065933476765,146.814226519809,119.728129215699,74.7304794244225,251.098274723989,0,215.611029055736
0,0,136.685314494491,111.226326353722,240.185081663983,173.001559092555,0,0,0,231.715271819474,142.385058730083,249.798812580765,0,153.876396855887,0,0,219.078548227669,0,0,139.792601838991,227.504408813069,171.230058197369,179.718364159796,0,0,104.915316975638,219.040656038919,112.823430872325,0,0,0,0,0,0,101.443495235174,0,90.1317194604647,225.013371621378,222.053792850439,215.611029055736,0
