0,0,0,0,0,0,0,0,0,0,0,0,0,0,0,0,0,0,0,0,0,0,0,276.620869034647,0,0,0,89.3673883748406,0,0,0,0,0,228.075434767255,145.74089716123,0,303.527509149359,0,0,151.806152521152,0
0,0,0,0,0,0,0,0,0,0,0,0,0,0,0,93.4234866874731,0,0,134.960780198024,0,0,0,0,0,0,0,146.465927798921,158.955087279859,94.8881692391942,0,0,0,0,0,115.332064605654,0,62.859596780235,0,0,0,0
0,0,0,0,0,0,0,0,0,0,0,0,0,0,78.9559315574845,0,0,0,0,0,0,0,0,0,0,0,146.770754374523,70.4221432298295,172.892533368851,0,0,0,0,114.649126378906,0,0,0,0,0,0,0
0,0,0,0,0,0,0,0,0,0,0,109.093416850988,80.4367166559625,180.90030328818,0,0,87.8456058929559,0,0,142.054529471577,0,0,0,0,0,82.4756938751058,99.3508940827211,0,0,153.453047983244,0,0,94.126460729827,0,232.945974238958,240.185081663983,198.528111506785,253.401634605989,0,0,0
0,0,0,0,0,0,0,0,106.33736463831,172.608400267715,58.3493451392805,162.833808134102,0,0,146.814226519809,100.812745974529,0,0,0,136.792307586862,0,0,0,151.695570509541,0,0,0,284.529238481835,0,0,0,0,0,169.742003380707,74.4197823064597,0,108.381749703452,158.567996645797,0,85.6072705949986,0
0,0,0,0,0,0,231.050882209,0,213.67670887414,188.851177466023,0,0,0,217.157696745803,0,0,0,262.382215657622,0,222.053792850439,0,0,206.912707094411,106.926813611922,231.715271819474,97.5855511246009,0,0,0,0,0,0,0,0,125.416941482916,0,153.876396855887,197.893790332676,0,0,163.945208919892
0,0,0,0,0,231.050882209,0,194.442125915551,0,0,0,196.032358954952,0,320.356811100276,0,0,0,0,0,0,0,201.44584889478,0,0,241.57250333243,0,0,0,220.901129804706,0,205.839960264176,137.189596148386,0,242.790381480436,0,0,116.176698124939,0,0,112.793316814908,226.825099357786
0,0,0,0,0,0,194.442125915551,0,0,0,0,117.208001126138,0,0,0,169.453147353278,0,0,0,0,0,0,251.098274723989,174.013630695256,0,184.249961885477,263.534399241887,201.100640800745,0,0,141.204637091722,150.161410108805,0,188.936291522747,115.114253591495,74.7304794244225,161.302948562323,97.3506957544063,333.645516435298,0,0
0,0,0,0,106.33736463831,213.67670887414,0,0,0,0,0,0,259.442917595754,0,155.901486485736,0,0,0,0,0,0,0,0,0,0,119.728129215699,113.144980278377,0,221.805809452716,0,0,133.984214699576,0,0,0,0,0,137.239127032733,159.183173818572,177.763106506206,0
0,0,0,0,172.608400267715,188.851177466023,0,0,0,0,186.973586461633,348.674510760064,0,180.543851962045,82.6299537488922,0,115.541295036174,0,0,0,111.435629183184,122.106946855269,219.078548227669,0,0,154.070293657878,261.440278806413,338.131802716296,0,0,0,0,0,92.5568465385234,98.2230592632363,321.864157986053,0,0,220.963068032256,0,120.567029282014
0,0,0,0,58.3493451392805,0,0,0,0,186.973586461633,0,0,61.0664810463559,227.504408813069,0,0,90.7216186966914,192.601533877686,157.852515740516,204.481117647118,224.523755099568,0,0,142.385058730083,250.461724766314,0,206.472608421747,335.371040201042,0,0,0,0,0,81.2827395071039,0,0,0,161.275817184598,0,0,101.895308036513
0,0,0,109.093416850988,162.833808134102,0,196.032358954952,117.208001126138,0,348.674510760064,0,0,0,0,0,99.2646516363145,0,154.142998692322,82.1742780037132,0,247.66948903751,0,321.124897279917,0,124.698445421759,0,190.185165668632,98.6790043377568,115.194491798135,0,0,212.592150359921,0,112.349934713559,104.369974912428,85.7623170715703,249.905610015455,0,0,151.075371308616,241.682021696872
0,0,0,80.4367166559625,0,0,0,0,259.442917595754,0,61.0664810463559,0,0,347.376449530863,0,0,0,0,0,0,0,0,0,0,0,0,0,138.425725342224,0,0,0,0,0,0,164.032723165762,0,0,0,0,0,0
0,0,0,180.90030328818,0,217.157696745803,320.356811100276,0,0,180.543851962045,227.504408813069,0,347.376449530863,0,0,0,0,329.719143597451,0,0,0,0,0,0,0,0,0,195.822649557859,0,0,0,178.748963182352,0,113.059176128709,96.5937438588657,75.4497121078207,0,0,183.786860782462,0,208.005106191961
0,0,78.9559315574845,0,146.814226519809,0,0,0,155.901486485736,82.6299537488922,0,0,0,0,0,0,0,0,0,323.781250289068,0,0,0,249.798812580765,0,74.5815074003433,0,0,0,0,0,0,0,178.224497384947,133.218162784108,0,136.685314494491,0,0,94.9380989123498,82.6426202489162
0,93.4234866874731,0,0,100.812745974529,0,0,169.453147353278,0,0,0,99.2646516363145,0,0,0,0,0,0,0,0,0,0,71.5579325720569,0,0,101.350815329073,0,153.609372090384,238.934743274142,0,0,0,0,151.036729364761,0,255.441154257905,66.5008477853491,0,0,0,0
0,0,0,87.8456058929559,0,0,0,0,0,115.541295036174,90.7216186966914,0,0,0,0,0,0,0,193.659409924573,0,0,0,0,103.519938150021,0,0,73.4795582048751,0,0,0,0,0,0,199.492852797962,345.797434674459,0,95.7590805983148,0,0,106.533627130087,0
0,0,0,0,0,262.382215657622,0,0,0,0,192.601533877686,154.142998692322,0,329.719143597451,0,0,0,0,0,0,139.93285932648,0,0,280.376028997576,0,0,0,0,0,0,168.241326865882,0,0,0,0,76.5072790361762,125.81518738273,0,0,0,0
0,134.960780198024,0,0,0,0,0,0,0,0,157.852515740516,82.1742780037132,0,0,0,0,193.659409924573,0,0,0,0,0,0,0,0,0,128.405764333981,205.09013266389,120.912756812582,115.871357769661,0,154.784755881607,0,0,0,154.065933476765,283.88658203332,0,0,135.294330067913,0
0,0,0,142.054529471577,136.792307586862,222.053792850439,0,0,0,0,204.481117647118,0,0,0,323.781250289068,0,0,0,0,0,0,0,252.487290983309,80.8080171296381,0,186.348837226466,173.201474590904,0,81.9664354533492,0,269.936825670274,0,0,0,124.853650664477,325.937289045041,112.823430872325,196.04190773555,92.5207898118833,0,214.116367924649
0,0,0,0,0,0,0,0,0,111.435629183184,224.523755099568,247.66948903751,0,0,0,0,0,139.93285932648,0,0,0,0,175.196329314064,0,0,0,110.384905066973,218.045528847001,131.969743415579,0,0,0,0,78.8552325762656,0,0,151.01089327964,0,94.7280504127031,171.906398392157,108.136066660554
0,0,0,0,0,0,201.44584889478,0,0,122.106946855269,0,0,0,0,0,0,0,0,0,0,0,0,161.325017232684,193.055010680236,0,0,0,160.530221557972,0,0,0,0,0,101.443495235174,228.792310020318,0,0,0,0,89.707245288964,0
0,0,0,0,0,206.912707094411,0,251.098274723989,0,219.078548227669,0,321.124897279917,0,0,0,71.5579325720569,0,0,0,252.487290983309,175.196329314064,161.325017232684,0,0,0,173.059382066957,89.9429017381717,0,160.537522273714,0,0,0,0,0,0,0,71.4788760670054,143.005810983322,0,179.718364159796,94.7529894315991
276.620869034647,0,0,0,151.695570509541,106.926813611922,0,174.013630695256,0,0,142.385058730083,0,0,0,249.798812580765,0,103.519938150021,280.376028997576,0,80.8080171296381,0,193.055010680236,0,0,0,309.997227542691,0,0,0,289.631679007608,0,0,0,94.027247878695,128.846764897717,241.635434294794,195.378266313867,0,180.355266595273,84.3635741045246,97.3232815600345
0,0,0,0,0,231.715271819474,241.57250333243,0,0,0,250.461724766314,124.698445421759,0,0,0,0,0,0,0,0,0,0,0,0,0,101.605593487621,0,0,0,204.084074037941,0,0,0,171.230058197369,0,0,90.1317194604647,0,0,261.605527103798,200.878319874537
0,0,0,82.4756938751058,0,97.5855511246009,0,184.249961885477,119.728129215699,154.070293657878,0,0,0,0,74.5815074003433,101.350815329073,0,0,0,186.348837226466,0,0,173.059382066957,309.997227542691,101.605593487621,0,0,146.99041817625,135.667029391615,0,0,0,0,73.1029054543569,114.511014214502,178.683678585178,161.74915061469,62.311273509377,0,173.538155409849,96.7845769653343
0,146.465927798921,146.770754374523,99.3508940827211,0,0,0,263.534399241887,113.144980278377,261.440278806413,206.472608421747,190.185165668632,0,0,0,0,73.4795582048751,0,128.405764333981,173.201474590904,110.384905066973,0,89.9429017381717,0,0,0,0,353.822894641502,0,0,0,101.85207633558,0,0,357.423078228283,259.055025639447,215.611029055736,139.792601838991,0,106.128596538706,0
89.3673883748406,158.955087279859,70.4221432298295,0,284.529238481835,0,0,201.100640800745,0,338.131802716296,335.371040201042,98.6790043377568,138.425725342224,195.822649557859,0,153.609372090384,0,0,205.09013266389,0,218.045528847001,160.530221557972,0,0,0,146.99041817625,353.822894641502,0,192.693757128262,225.013371621378,0,118.522099274347,193.63278243493,173.001559092555,192.135034768848,119.345624434514,0,93.5029580098427,138.33942793804,116.054372245433,211.840482897052
0,94.8881692391942,172.892533368851,0,0,0,220.901129804706,0,221.805809452716,0,0,115.194491798135,0,0,0,238.934743274142,0,0,120.912756812582,81.9664354533492,131.969743415579,0,160.537522273714,0,0,135.667029391615,0,192.693757128262,0,0,0,191.519780382943,0,236.681907140956,140.574866691684,89.1590885155172,197.486504603685,115.868441404982,72.2278283150671,128.530575464043,209.996727521564
0,0,0,153.453047983244,0,0,0,0,0,0,0,0,0,0,0,0,0,0,115.871357769661,0,0,0,0,289.631679007608,204.084074037941,0,0,225.013371621378,0,0,0,0,0,219.040656038919,0,0,125.994729980093,104.915316975638,67.8267069095267,165.893015276821,219.430938885781
0,0,0,0,0,0,205.839960264176,141.204637091722,0,0,0,0,0,0,0,0,0,168.241326865882,0,269.936825670274,0,0,0,0,0,0,0,0,0,0,0,0,0,0,0,0,0,224.551207449728,0,306.640284138334,0
0,0,0,0,0,0,137.189596148386,150.161410108805,133.984214699576,0,0,212.592150359921,0,178.748963182352,0,0,0,0,154.784755881607,0,0,0,0,0,0,0,101.85207633558,118.522099274347,191.519780382943,0,0,0,0,0,0,0,134.566479261133,0,0,165.597665022977,0
0,0,0,94.126460729827,0,0,0,0,0,0,0,0,0,0,0,0,0,0,0,0,0,0,0,0,0,0,0,193.63278243493,0,0,0,0,0,148.808626413748,111.226326353722,0,0,0,0,161.694997919804,0
228.075434767255,0,114.649126378906,0,169.742003380707,0,242.790381480436,188.936291522747,0,92.5568465385234,81.2827395071039,112.349934713559,0,113.059176128709,178.224497384947,151.036729364761,199.492852797962,0,0,0,78.8552325762656,101.443495235174,0,94.027247878695,171.230058197369,73.1029054543569,0,173.001559092555,236.681907140956,219.040656038919,0,0,148.808626413748,0,139.654362654449,0,283.248188884028,0,98.417953423071,155.24952173131,314.611698427915
145.74089716123,115.332064605654,0,232.945974238958,74.4197823064597,125.416941482916,0,115.114253591495,0,98.2230592632363,0,104.369974912428,164.032723165762,96.5937438588657,133.218162784108,0,345.797434674459,0,0,124.853650664477,0,228.792310020318,0,128.846764897717,0,114.511014214502,357.423078228283,192.135034768848,140.574866691684,0,0,0,111.226326353722,139.654362654449,0,306.344527664232,137.177378802006,181.316358113209,0,0,187.77054666536
0,0,0,240.185081663983,0,0,0,74.7304794244225,0,321.864157986053,0,85.7623170715703,0,75.4497121078207,0,255.441154257905,0,76.5072790361762,154.065933476765,325.937289045041,0,0,0,241.635434294794,0,178.683678585178,259.055025639447,119.345624434514,89.1590885155172,0,0,0,0,0,306.344527664232,0,223.705816669619,202.712457066107,198.964527389285,0,101.5853655613
303.527509149359,62.859596780235,0,198.528111506785,108.381749703452,153.876396855887,116.176698124939,161.302948562323,0,0,0,249.905610015455,0,0,136.685314494491,66.5008477853491,95.7590805983148,125.81518738273,283.88658203332,112.823430872325,151.01089327964,0,71.4788760670054,195.378266313867,90.1317194604647,161.74915061469,215.611029055736,0,197.486504603685,125.994729980093,0,134.566479261133,0,283.248188884028,137.177378802006,223.705816669619,0,193.777661225572,167.066576495979,153.672550905948,300.031143529538
0,0,0,253.401634605989,158.567996645797,197.893790332676,0,97.3506957544063,137.239127032733,0,161.275817184598,0,0,0,0,0,0,0,0,196.04190773555,0,0,143.005810983322,0,0,62.311273509377,139.792601838991,93.5029580098427,115.868441404982,104.915316975638,224.551207449728,0,0,0,181.316358113209,202.712457066107,193.777661225572,0,205.183249704085,195.314816908693,92.3502314520023
0,0,0,0,0,0,0,333.645516435298,159.183173818572,220.963068032256,0,0,0,183.786860782462,0,0,0,0,0,92.5207898118833,94.7280504127031,0,0,180.355266595273,0,0,0,138.33942793804,72.2278283150671,67.8267069095267,0,0,0,98.417953423071,0,198.964527389285,167.066576495979,205.183249704085,0,163.059043292369,0
151.806152521152,0,0,0,85.6072705949986,0,112.793316814908,0,177.763106506206,0,0,151.075371308616,0,0,94.9380989123498,0,106.533627130087,0,135.294330067913,0,171.906398392157,89.707245288964,179.718364159796,84.3635741045246,261.605527103798,173.538155409849,106.128596538706,116.054372245433,128.530575464043,165.893015276821,306.640284138334,165.597665022977,161.694997919804,155.24952173131,0,0,153.672550905948,195.314816908693,163.059043292369,0,0
0,0,0,0,0,163.945208919892,226.825099357786,0,0,120.567029282014,101.895308036513,241.682021696872,0,208.005106191961,82.6426202489162,0,0,0,0,214.116367924649,108.136066660554,0,94.7529894315991,97.3232815600345,200.878319874537,96.7845769653343,0,211.840482897052,209.996727521564,219.430938885781,0,0,0,314.611698427915,187.77054666536,101.5853655613,300.031143529538,92.3502314520023,0,0,0
