0,0,0,175.196329314064,0,0,0,0,0,0,87.8456058929559,0,0,0,0,0,0,0,0,0,0,0,0,0,0,0,0,117.208001126138,0,0,0,0,0,0,125.81518738273,0,98.417953423071,0,0,141.204637091722,0
0,0,0,58.3493451392805,0,0,0,89.707245288964,0,0,0,0,0,0,0,0,0,0,101.605593487621,0,0,0,0,0,0,335.371040201042,164.032723165762,0,0,0,0,0,0,74.4197823064597,0,0,198.528111506785,0,0,0,0
0,0,0,173.538155409849,0,0,0,0,0,0,0,0,0,0,0,0,0,0,0,0,0,0,0,0,0,0,0,128.846764897717,0,0,0,0,0,137.239127032733,259.055025639447,177.763106506206,0,0,0,0,0
175.196329314064,58.3493451392805,173.538155409849,0,0,0,0,0,0,0,94.8881692391942,0,0,0,0,0,0,115.871357769661,0,0,95.7590805983148,0,0,161.302948562323,0,0,0,195.378266313867,333.645516435298,0,0,0,0,179.718364159796,222.053792850439,209.996727521564,0,0,0,181.316358113209,0
0,0,0,0,0,0,0,321.864157986053,0,0,0,224.551207449728,0,0,0,0,116.054372245433,0,0,0,0,0,0,0,283.88658203332,139.93285932648,178.748963182352,82.1742780037132,0,0,0,0,262.382215657622,113.144980278377,228.792310020318,329.719143597451,120.567029282014,0,108.136066660554,158.567996645797,0
0,0,0,0,0,0,0,0,0,0,0,0,0,151.036729364761,165.597665022977,0,111.435629183184,0,94.126460729827,0,0,0,128.405764333981,200.878319874537,0,171.230058197369,98.2230592632363,106.533627130087,131.969743415579,112.823430872325,0,0,0,0,199.492852797962,0,238.934743274142,0,0,103.519938150021,0
0,0,0,0,0,0,0,0,84.3635741045246,0,0,0,0,0,0,104.369974912428,0,0,0,0,0,0,0,81.2827395071039,0,125.416941482916,154.142998692322,197.893790332676,306.344527664232,0,0,0,0,134.960780198024,161.275817184598,92.3502314520023,67.8267069095267,188.851177466023,0,104.915316975638,0
0,89.707245288964,0,0,321.864157986053,0,0,0,0,0,0,0,0,0,0,0,0,0,0,0,196.032358954952,89.9429017381717,0,201.100640800745,136.685314494491,204.481117647118,98.6790043377568,0,115.541295036174,0,0,193.777661225572,0,219.040656038919,106.33736463831,0,193.63278243493,202.712457066107,249.905610015455,0,251.098274723989
0,0,0,0,0,0,84.3635741045246,0,0,0,0,106.128596538706,0,0,0,241.635434294794,283.248188884028,0,137.189596148386,99.2646516363145,0,0,0,0,0,97.3506957544063,0,78.9559315574845,0,0,0,0,0,219.078548227669,193.055010680236,138.33942793804,0,0,0,0,0
0,0,0,0,0,0,0,0,0,0,214.116367924649,66.5008477853491,0,89.3673883748406,109.093416850988,225.013371621378,0,108.381749703452,0,81.9664354533492,186.973586461633,0,0,93.4234866874731,0,153.672550905948,0,236.681907140956,115.194491798135,0,0,0,187.77054666536,303.527509149359,0,154.070293657878,191.519780382943,0,0,106.926813611922,188.936291522747
87.8456058929559,0,0,94.8881692391942,0,0,0,0,0,214.116367924649,0,0,0,0,0,0,0,0,71.4788760670054,0,0,0,0,0,92.5568465385234,135.667029391615,208.005106191961,115.332064605654,0,158.955087279859,0,0,0,226.825099357786,323.781250289068,0,284.529238481835,154.065933476765,133.218162784108,192.601533877686,338.131802716296
0,0,0,0,224.551207449728,0,0,0,106.128596538706,66.5008477853491,0,0,242.790381480436,0,0,195.822649557859,0,0,0,0,0,0,157.852515740516,0,0,74.7304794244225,215.611029055736,321.124897279917,139.654362654449,252.487290983309,142.054529471577,300.031143529538,0,101.85207633558,173.201474590904,180.355266595273,151.075371308616,101.5853655613,306.640284138334,186.348837226466,212.592150359921
0,0,0,0,0,0,0,0,0,0,0,242.790381480436,0,0,0,151.806152521152,0,0,119.728129215699,165.893015276821,0,0,0,0,0,160.537522273714,0,0,0,0,0,0,0,0,0,0,97.3232815600345,0,0,0,0
0,0,0,0,0,151.036729364761,0,0,0,89.3673883748406,0,0,0,0,217.157696745803,0,0,145.74089716123,0,0,0,0,0,0,0,90.1317194604647,161.694997919804,97.5855511246009,0,0,0,151.01089327964,0,184.249961885477,194.442125915551,101.895308036513,197.486504603685,193.659409924573,0,0,73.4795582048751
0,0,0,0,0,165.597665022977,0,0,0,109.093416850988,0,0,0,217.157696745803,0,231.050882209,0,0,0,0,0,0,280.376028997576,0,0,0,0,161.325017232684,0,163.059043292369,314.611698427915,0,0,190.185165668632,80.8080171296381,0,155.24952173131,0,0,263.534399241887,0
0,0,0,0,0,0,104.369974912428,0,241.635434294794,225.013371621378,0,195.822649557859,151.806152521152,0,231.050882209,0,0,0,0,0,0,0,0,101.350815329073,0,0,0,0,94.9380989123498,0,0,0,0,0,0,0,206.472608421747,82.6426202489162,0,0,118.522099274347
0,0,0,0,116.054372245433,111.435629183184,0,0,283.248188884028,0,0,0,0,0,0,0,0,0,0,205.09013266389,0,0,0,205.839960264176,0,0,0,0,0,0,0,0,137.177378802006,0,0,0,142.385058730083,0,124.853650664477,101.443495235174,162.833808134102
0,0,0,115.871357769661,0,0,0,0,0,108.381749703452,0,0,0,145.74089716123,0,0,0,0,0,0,136.792307586862,0,261.605527103798,0,0,0,0,0,99.3508940827211,0,0,0,0,0,0,78.8552325762656,219.430938885781,0,0,218.045528847001,0
0,101.605593487621,0,0,0,94.126460729827,0,0,137.189596148386,0,71.4788760670054,0,119.728129215699,0,0,0,0,0,0,0,0,0,0,140.574866691684,0,0,0,0,220.901129804706,0,0,0,0,160.530221557972,261.440278806413,0,111.226326353722,276.620869034647,0,247.66948903751,0
0,0,0,0,0,0,0,0,99.2646516363145,81.9664354533492,0,0,165.893015276821,0,0,0,205.09013266389,0,0,0,72.2278283150671,0,0,228.075434767255,0,120.912756812582,0,180.543851962045,169.453147353278,114.511014214502,0,255.441154257905,0,113.059176128709,80.4367166559625,0,138.425725342224,153.453047983244,61.0664810463559,0,159.183173818572
0,0,0,95.7590805983148,0,0,0,196.032358954952,0,186.973586461633,0,0,0,0,0,0,0,136.792307586862,0,72.2278283150671,0,249.798812580765,148.808626413748,0,0,0,0,0,0,0,134.566479261133,0,0,94.027247878695,82.4756938751058,174.013630695256,250.461724766314,0,0,82.6299537488922,0
0,0,0,0,0,0,0,89.9429017381717,0,0,0,0,0,0,0,0,0,0,0,0,249.798812580765,0,0,0,240.185081663983,171.906398392157,0,151.695570509541,0,0,0,0,0,0,0,172.608400267715,135.294330067913,96.7845769653343,0,0,0
0,0,0,0,0,128.405764333981,0,0,0,0,0,157.852515740516,0,0,280.376028997576,0,0,261.605527103798,0,0,148.808626413748,0,0,100.812745974529,0,253.401634605989,0,167.066576495979,73.1029054543569,0,0,0,0,0,161.74915061469,227.504408813069,173.059382066957,220.963068032256,0,325.937289045041,198.964527389285
0,0,0,161.302948562323,0,200.878319874537,81.2827395071039,201.100640800745,0,93.4234866874731,0,0,0,0,0,101.350815329073,205.839960264176,0,140.574866691684,228.075434767255,0,0,100.812745974529,0,192.693757128262,70.4221432298295,195.314816908693,75.4497121078207,0,0,0,169.742003380707,114.649126378906,62.859596780235,0,0,0,347.376449530863,172.892533368851,0,0
0,0,0,0,283.88658203332,0,0,136.685314494491,0,0,92.5568465385234,0,0,0,0,0,0,0,0,0,0,240.185081663983,0,192.693757128262,0,0,85.7623170715703,0,0,0,0,0,0,192.135034768848,119.345624434514,0,0,0,0,173.001559092555,163.945208919892
0,335.371040201042,0,0,139.93285932648,171.230058197369,125.416941482916,204.481117647118,97.3506957544063,153.672550905948,135.667029391615,74.7304794244225,160.537522273714,90.1317194604647,0,0,0,0,0,120.912756812582,0,171.906398392157,253.401634605989,70.4221432298295,0,0,94.7529894315991,0,0,115.114253591495,0,0,0,92.5207898118833,0,211.840482897052,0,0,0,348.674510760064,0
0,164.032723165762,0,0,178.748963182352,98.2230592632363,154.142998692322,98.6790043377568,0,0,208.005106191961,215.611029055736,0,161.694997919804,0,0,0,0,0,0,0,0,0,195.314816908693,85.7623170715703,94.7529894315991,0,146.814226519809,125.994729980093,0,143.005810983322,0,0,124.698445421759,0,223.705816669619,112.793316814908,0,153.876396855887,320.356811100276,146.465927798921
117.208001126138,0,128.846764897717,195.378266313867,82.1742780037132,106.533627130087,197.893790332676,0,78.9559315574845,236.681907140956,115.332064605654,321.124897279917,0,97.5855511246009,161.325017232684,0,0,0,0,180.543851962045,0,151.695570509541,167.066576495979,75.4497121078207,0,0,146.814226519809,0,201.44584889478,0,112.349934713559,345.797434674459,0,94.7280504127031,74.5815074003433,259.442917595754,0,85.6072705949986,110.384905066973,180.90030328818,150.161410108805
0,0,0,333.645516435298,0,131.969743415579,306.344527664232,115.541295036174,0,115.194491798135,0,139.654362654449,0,0,0,94.9380989123498,0,99.3508940827211,220.901129804706,169.453147353278,0,0,73.1029054543569,0,0,0,125.994729980093,201.44584889478,0,62.311273509377,0,0,0,0,357.423078228283,133.984214699576,269.936825670274,76.5072790361762,353.822894641502,116.176698124939,289.631679007608
0,0,0,0,0,112.823430872325,0,0,0,0,158.955087279859,252.487290983309,0,0,163.059043292369,0,0,0,0,114.511014214502,0,0,0,0,0,115.114253591495,0,0,62.311273509377,0,0,0,0,204.084074037941,0,309.997227542691,0,241.682021696872,0,0,89.1590885155172
0,0,0,0,0,0,0,0,0,0,0,142.054529471577,0,0,314.611698427915,0,0,0,0,0,134.566479261133,0,0,0,0,0,143.005810983322,112.349934713559,0,0,0,0,0,0,0,0,0,93.5029580098427,0,0,0
0,0,0,0,0,0,0,193.777661225572,0,0,0,300.031143529538,0,151.01089327964,0,0,0,0,0,255.441154257905,0,0,0,169.742003380707,0,0,0,345.797434674459,0,0,0,0,0,154.784755881607,206.912707094411,0,224.523755099568,0,0,146.770754374523,231.715271819474
0,0,0,0,262.382215657622,0,0,0,0,187.77054666536,0,0,0,0,0,0,137.177378802006,0,0,0,0,0,0,114.649126378906,0,0,0,0,0,0,0,0,0,0,0,0,196.04190773555,0,0,0,0
0,74.4197823064597,137.239127032733,179.718364159796,113.144980278377,0,134.960780198024,219.040656038919,219.078548227669,303.527509149359,226.825099357786,101.85207633558,0,184.249961885477,190.185165668632,0,0,0,160.530221557972,113.059176128709,94.027247878695,0,0,62.859596780235,192.135034768848,92.5207898118833,124.698445421759,94.7280504127031,0,204.084074037941,0,154.784755881607,0,0,128.530575464043,0,0,178.224497384947,0,221.805809452716,213.67670887414
125.81518738273,0,259.055025639447,222.053792850439,228.792310020318,199.492852797962,161.275817184598,106.33736463831,193.055010680236,0,323.781250289068,173.201474590904,0,194.442125915551,80.8080171296381,0,0,0,261.440278806413,80.4367166559625,82.4756938751058,0,161.74915061469,0,119.345624434514,0,0,74.5815074003433,357.423078228283,0,0,206.912707094411,0,128.530575464043,0,0,241.57250333243,0,178.683678585178,155.901486485736,90.7216186966914
0,0,177.763106506206,209.996727521564,329.719143597451,0,92.3502314520023,0,138.33942793804,154.070293657878,0,180.355266595273,0,101.895308036513,0,0,0,78.8552325762656,0,0,174.013630695256,172.608400267715,227.504408813069,0,0,211.840482897052,223.705816669619,259.442917595754,133.984214699576,309.997227542691,0,0,0,0,0,0,146.99041817625,0,0,0,232.945974238958
98.417953423071,198.528111506785,0,0,120.567029282014,238.934743274142,67.8267069095267,193.63278243493,0,191.519780382943,284.529238481835,151.075371308616,97.3232815600345,197.486504603685,155.24952173131,206.472608421747,142.385058730083,219.430938885781,111.226326353722,138.425725342224,250.461724766314,135.294330067913,173.059382066957,0,0,0,112.793316814908,0,269.936825670274,0,0,224.523755099568,196.04190773555,0,241.57250333243,146.99041817625,0,122.106946855269,115.868441404982,139.792601838991,168.241326865882
0,0,0,0,0,0,188.851177466023,202.712457066107,0,0,154.065933476765,101.5853655613,0,193.659409924573,0,82.6426202489162,0,0,276.620869034647,153.453047983244,0,96.7845769653343,220.963068032256,347.376449530863,0,0,0,85.6072705949986,76.5072790361762,241.682021696872,93.5029580098427,0,0,178.224497384947,0,0,122.106946855269,0,153.609372090384,205.183249704085,71.5579325720569
0,0,0,0,108.136066660554,0,0,249.905610015455,0,0,133.218162784108,306.640284138334,0,0,0,0,124.853650664477,0,0,61.0664810463559,0,0,0,172.892533368851,0,0,153.876396855887,110.384905066973,353.822894641502,0,0,0,0,0,178.683678585178,0,115.868441404982,153.609372090384,0,96.5937438588657,183.786860782462
141.204637091722,0,0,181.316358113209,158.567996645797,103.519938150021,104.915316975638,0,0,106.926813611922,192.601533877686,186.348837226466,0,0,263.534399241887,0,101.443495235174,218.045528847001,247.66948903751,0,82.6299537488922,0,325.937289045041,0,173.001559092555,348.674510760064,320.356811100276,180.90030328818,116.176698124939,0,0,146.770754374523,0,221.805809452716,155.901486485736,0,139.792601838991,205.183249704085,96.5937438588657,0,0
0,0,0,0,0,0,0,251.098274723989,0,188.936291522747,338.131802716296,212.592150359921,0,73.4795582048751,0,118.522099274347,162.833808134102,0,0,159.183173818572,0,0,198.964527389285,0,163.945208919892,0,146.465927798921,150.161410108805,289.631679007608,89.1590885155172,0,231.715271819474,0,213.67670887414,90.7216186966914,232.945974238958,168.241326865882,71.5579325720569,183.786860782462,0,0
