0,0,0,0,0,0,0,0,202.712457066107,0,0,0,0,0,0,0,0,0,0,171.906398392157,0,0,0,0,0,0,0,353.822894641502,0,0,0,0,0,142.054529471577,0,92.5568465385234,211.840482897052,0,0,0,0
0,0,0,0,0,0,0,0,0,162.833808134102,0,0,0,0,0,95.7590805983148,0,0,0,0,0,0,113.144980278377,338.131802716296,0,0,153.876396855887,0,0,0,0,0,0,0,0,0,195.314816908693,125.416941482916,0,0,0
0,0,0,0,0,0,0,0,0,0,0,0,0,0,0,0,0,0,0,0,0,0,0,0,0,0,0,153.609372090384,0,0,0,0,0,0,0,99.2646516363145,0,269.936825670274,87.8456058929559,97.5855511246009,0
0,0,0,0,0,280.376028997576,0,0,186.348837226466,0,0,82.6299537488922,151.695570509541,0,0,0,250.461724766314,0,0,94.7529894315991,0,0,0,160.537522273714,0,161.275817184598,0,178.683678585178,236.681907140956,0,0,0,0,169.742003380707,108.136066660554,0,253.401634605989,0,0,0,0
0,0,0,0,0,0,172.892533368851,0,0,0,0,163.945208919892,0,0,0,0,213.67670887414,0,125.81518738273,0,195.822649557859,0,171.230058197369,0,0,0,101.895308036513,217.157696745803,0,0,0,219.078548227669,0,74.4197823064597,0,97.3506957544063,0,178.224497384947,71.5579325720569,0,82.1742780037132
0,0,0,280.376028997576,0,0,101.85207633558,0,0,345.797434674459,78.9559315574845,0,0,0,0,0,0,0,0,226.825099357786,138.33942793804,0,124.853650664477,0,0,240.185081663983,67.8267069095267,0,0,0,0,0,0,136.685314494491,112.793316814908,0,0,0,137.239127032733,197.893790332676,93.5029580098427
0,0,0,0,172.892533368851,101.85207633558,0,0,0,150.161410108805,0,180.543851962045,0,198.964527389285,0,0,0,238.934743274142,0,93.4234866874731,0,0,0,104.915316975638,0,145.74089716123,0,0,0,0,0,0,0,0,300.031143529538,184.249961885477,85.7623170715703,0,0,194.442125915551,0
0,0,0,0,0,0,0,0,0,241.635434294794,191.519780382943,335.371040201042,0,188.851177466023,0,0,74.5815074003433,0,62.311273509377,283.88658203332,0,154.070293657878,0,110.384905066973,0,0,0,0,261.440278806413,0,0,0,0,180.90030328818,357.423078228283,0,103.519938150021,81.9664354533492,0,139.654362654449,73.4795582048751
202.712457066107,0,0,186.348837226466,0,0,0,0,0,0,0,119.728129215699,0,106.33736463831,0,0,0,196.04190773555,0,128.846764897717,0,0,58.3493451392805,0,0,0,0,0,0,0,0,0,0,0,0,173.001559092555,186.973586461633,98.417953423071,0,0,179.718364159796
0,162.833808134102,0,0,0,345.797434674459,150.161410108805,241.635434294794,0,0,0,0,0,0,209.996727521564,0,0,180.355266595273,218.045528847001,134.566479261133,241.682021696872,0,106.128596538706,0,0,96.7845769653343,0,139.93285932648,0,0,0,96.5937438588657,0,0,146.814226519809,94.126460729827,116.054372245433,71.4788760670054,0,128.405764333981,0
0,0,0,0,0,78.9559315574845,0,191.519780382943,0,0,0,0,0,220.901129804706,0,0,0,0,0,0,224.523755099568,0,80.8080171296381,0,142.385058730083,158.567996645797,0,159.183173818572,329.719143597451,0,0,223.705816669619,0,195.378266313867,242.790381480436,139.792601838991,0,70.4221432298295,251.098274723989,0,192.135034768848
0,0,0,82.6299537488922,163.945208919892,0,180.543851962045,335.371040201042,119.728129215699,0,0,0,0,263.534399241887,98.2230592632363,90.1317194604647,0,0,118.522099274347,0,321.124897279917,0,0,309.997227542691,0,0,113.059176128709,75.4497121078207,219.430938885781,0,0,204.481117647118,0,0,177.763106506206,212.592150359921,140.574866691684,222.053792850439,155.24952173131,0,62.859596780235
0,0,0,151.695570509541,0,0,0,0,0,0,0,0,0,0,0,0,0,0,0,0,0,0,0,0,0,0,181.316358113209,224.551207449728,0,0,0,0,0,94.8881692391942,0,0,173.538155409849,0,0,348.674510760064,0
0,0,0,0,0,0,198.964527389285,188.851177466023,106.33736463831,0,220.901129804706,263.534399241887,0,0,0,112.349934713559,66.5008477853491,0,0,0,0,165.597665022977,0,111.435629183184,0,0,0,200.878319874537,76.5072790361762,0,0,0,0,225.013371621378,0,0,131.969743415579,193.055010680236,0,0,0
0,0,0,0,0,0,0,0,0,209.996727521564,0,98.2230592632363,0,0,0,0,0,154.065933476765,0,0,193.659409924573,0,116.176698124939,0,0,137.189596148386,323.781250289068,0,228.075434767255,0,0,0,0,172.608400267715,0,92.5207898118833,125.994729980093,0,0,0,108.381749703452
0,95.7590805983148,0,0,0,0,0,0,0,0,0,90.1317194604647,0,112.349934713559,0,0,0,0,0,0,0,0,0,0,160.530221557972,0,164.032723165762,192.601533877686,0,0,0,0,0,137.177378802006,0,124.698445421759,0,115.194491798135,106.533627130087,73.1029054543569,0
0,0,0,250.461724766314,213.67670887414,0,0,74.5815074003433,0,0,0,0,0,66.5008477853491,0,0,0,0,0,0,0,0,0,117.208001126138,0,0,0,0,168.241326865882,161.74915061469,0,0,0,0,201.44584889478,0,120.567029282014,0,0,169.453147353278,0
0,0,0,0,0,0,238.934743274142,0,196.04190773555,180.355266595273,0,0,0,0,154.065933476765,0,0,0,0,0,0,0,0,0,0,122.106946855269,0,0,0,0,0,0,0,249.798812580765,89.3673883748406,0,215.611029055736,0,0,0,231.715271819474
0,0,0,0,125.81518738273,0,0,62.311273509377,0,218.045528847001,0,118.522099274347,0,0,0,0,0,0,0,0,0,0,0,0,0,0,193.777661225572,284.529238481835,151.075371308616,173.201474590904,0,0,0,0,151.01089327964,0,134.960780198024,0,347.376449530863,94.7280504127031,0
171.906398392157,0,0,94.7529894315991,0,226.825099357786,93.4234866874731,283.88658203332,128.846764897717,134.566479261133,0,0,0,0,0,0,0,0,0,0,0,61.0664810463559,0,0,0,0,101.443495235174,80.4367166559625,0,0,0,0,0,112.823430872325,206.472608421747,115.332064605654,228.792310020318,89.9429017381717,0,199.492852797962,193.63278243493
0,0,0,0,195.822649557859,138.33942793804,0,0,0,241.682021696872,224.523755099568,321.124897279917,0,0,193.659409924573,0,0,0,0,0,0,0,206.912707094411,0,0,0,0,0,208.005106191961,0,0,161.302948562323,0,261.605527103798,0,192.693757128262,196.032358954952,0,0,128.530575464043,0
0,0,0,0,0,0,0,154.070293657878,0,0,0,0,0,165.597665022977,0,0,0,0,0,61.0664810463559,0,0,0,0,0,101.5853655613,0,0,0,0,0,0,0,252.487290983309,306.344527664232,0,0,198.528111506785,0,190.185165668632,0
0,113.144980278377,0,0,171.230058197369,124.853650664477,0,0,58.3493451392805,106.128596538706,80.8080171296381,0,0,0,116.176698124939,0,0,0,0,0,206.912707094411,0,0,141.204637091722,161.325017232684,0,78.8552325762656,114.649126378906,0,0,0,82.6426202489162,0,151.036729364761,0,0,0,0,0,89.1590885155172,0
0,338.131802716296,0,160.537522273714,0,0,104.915316975638,110.384905066973,0,0,0,309.997227542691,0,111.435629183184,0,0,117.208001126138,0,0,0,0,0,141.204637091722,0,0,0,85.6072705949986,205.183249704085,90.7216186966914,0,0,221.805809452716,0,106.926813611922,153.672550905948,94.027247878695,205.839960264176,84.3635741045246,0,320.356811100276,111.226326353722
0,0,0,0,0,0,0,0,0,0,142.385058730083,0,0,0,0,160.530221557972,0,0,0,0,0,0,161.325017232684,0,0,133.218162784108,0,0,0,306.640284138334,0,0,0,303.527509149359,0,0,325.937289045041,101.605593487621,0,115.871357769661,289.631679007608
0,0,0,161.275817184598,0,240.185081663983,145.74089716123,0,0,96.7845769653343,158.567996645797,0,0,0,137.189596148386,0,0,122.106946855269,0,0,0,101.5853655613,0,0,133.218162784108,0,178.748963182352,101.350815329073,100.812745974529,72.2278283150671,0,0,0,119.345624434514,135.667029391615,0,262.382215657622,98.6790043377568,163.059043292369,89.707245288964,114.511014214502
0,153.876396855887,0,0,101.895308036513,67.8267069095267,0,0,0,0,0,113.059176128709,181.316358113209,0,323.781250289068,164.032723165762,0,0,193.777661225572,101.443495235174,0,0,78.8552325762656,85.6072705949986,0,178.748963182352,0,183.786860782462,158.955087279859,104.369974912428,0,0,175.196329314064,135.294330067913,0,155.901486485736,92.3502314520023,0,321.864157986053,0,0
353.822894641502,0,153.609372090384,178.683678585178,217.157696745803,0,0,0,0,139.93285932648,159.183173818572,75.4497121078207,224.551207449728,200.878319874537,0,192.601533877686,0,0,284.529238481835,80.4367166559625,0,0,114.649126378906,205.183249704085,0,101.350815329073,183.786860782462,0,153.453047983244,138.425725342224,148.808626413748,82.4756938751058,0,109.093416850988,0,201.100640800745,97.3232815600345,197.486504603685,161.694997919804,146.99041817625,143.005810983322
0,0,0,236.681907140956,0,0,0,261.440278806413,0,0,329.719143597451,219.430938885781,0,76.5072790361762,228.075434767255,0,168.241326865882,0,151.075371308616,0,208.005106191961,0,0,90.7216186966914,0,100.812745974529,158.955087279859,153.453047983244,0,115.868441404982,259.442917595754,0,0,219.040656038919,231.050882209,0,174.013630695256,165.893015276821,247.66948903751,133.984214699576,0
0,0,0,0,0,0,0,0,0,0,0,0,0,0,0,0,161.74915061469,0,173.201474590904,0,0,0,0,0,306.640284138334,72.2278283150671,104.369974912428,138.425725342224,115.868441404982,0,0,0,0,214.116367924649,157.852515740516,0,0,0,146.770754374523,167.066576495979,0
0,0,0,0,0,0,0,0,0,0,0,0,0,0,0,0,0,0,0,0,0,0,0,0,0,0,0,148.808626413748,259.442917595754,0,0,0,0,0,81.2827395071039,0,115.114253591495,0,0,227.504408813069,255.441154257905
0,0,0,0,219.078548227669,0,0,0,0,96.5937438588657,223.705816669619,204.481117647118,0,0,0,0,0,0,0,0,161.302948562323,0,82.6426202489162,221.805809452716,0,0,0,82.4756938751058,0,0,0,0,0,0,333.645516435298,314.611698427915,94.9380989123498,0,0,0,0
0,0,0,0,0,0,0,0,0,0,0,0,0,0,0,0,0,0,0,0,0,0,0,0,0,0,175.196329314064,0,0,0,0,0,0,0,154.784755881607,0,120.912756812582,0,0,136.792307586862,187.77054666536
142.054529471577,0,0,169.742003380707,74.4197823064597,136.685314494491,0,180.90030328818,0,0,195.378266313867,0,94.8881692391942,225.013371621378,172.608400267715,137.177378802006,0,249.798812580765,0,112.823430872325,261.605527103798,252.487290983309,151.036729364761,106.926813611922,303.527509149359,119.345624434514,135.294330067913,109.093416850988,219.040656038919,214.116367924649,0,0,0,0,276.620869034647,0,151.806152521152,0,0,283.248188884028,99.3508940827211
0,0,0,108.136066660554,0,112.793316814908,300.031143529538,357.423078228283,0,146.814226519809,242.790381480436,177.763106506206,0,0,0,0,201.44584889478,89.3673883748406,151.01089327964,206.472608421747,0,306.344527664232,0,153.672550905948,0,135.667029391615,0,0,231.050882209,157.852515740516,81.2827395071039,333.645516435298,154.784755881607,276.620869034647,0,0,154.142998692322,74.7304794244225,241.57250333243,146.465927798921,173.059382066957
92.5568465385234,0,99.2646516363145,0,97.3506957544063,0,184.249961885477,0,173.001559092555,94.126460729827,139.792601838991,212.592150359921,0,0,92.5207898118833,124.698445421759,0,0,0,115.332064605654,192.693757128262,0,0,94.027247878695,0,0,155.901486485736,201.100640800745,0,0,0,314.611698427915,0,0,0,0,0,205.09013266389,0,259.055025639447,115.541295036174
211.840482897052,195.314816908693,0,253.401634605989,0,0,85.7623170715703,103.519938150021,186.973586461633,116.054372245433,0,140.574866691684,173.538155409849,131.969743415579,125.994729980093,0,120.567029282014,215.611029055736,134.960780198024,228.792310020318,196.032358954952,0,0,205.839960264176,325.937289045041,262.382215657622,92.3502314520023,97.3232815600345,174.013630695256,0,115.114253591495,94.9380989123498,120.912756812582,151.806152521152,154.142998692322,0,0,0,220.963068032256,188.936291522747,232.945974238958
0,125.416941482916,269.936825670274,0,178.224497384947,0,0,81.9664354533492,98.417953423071,71.4788760670054,70.4221432298295,222.053792850439,0,193.055010680236,0,115.194491798135,0,0,0,89.9429017381717,0,198.528111506785,0,84.3635741045246,101.605593487621,98.6790043377568,0,197.486504603685,165.893015276821,0,0,0,0,0,74.7304794244225,205.09013266389,0,0,0,0,249.905610015455
0,0,87.8456058929559,0,71.5579325720569,137.239127032733,0,0,0,0,251.098274723989,155.24952173131,0,0,0,106.533627130087,0,0,347.376449530863,0,0,0,0,0,0,163.059043292369,321.864157986053,161.694997919804,247.66948903751,146.770754374523,0,0,0,0,241.57250333243,0,220.963068032256,0,0,0,204.084074037941
0,0,97.5855511246009,0,0,197.893790332676,194.442125915551,139.654362654449,0,128.405764333981,0,0,348.674510760064,0,0,73.1029054543569,169.453147353278,0,94.7280504127031,199.492852797962,128.530575464043,190.185165668632,89.1590885155172,320.356811100276,115.871357769661,89.707245288964,0,146.99041817625,133.984214699576,167.066576495979,227.504408813069,0,136.792307586862,283.248188884028,146.465927798921,259.055025639447,188.936291522747,0,0,0,0
0,0,0,0,82.1742780037132,93.5029580098427,0,73.4795582048751,179.718364159796,0,192.135034768848,62.859596780235,0,0,108.381749703452,0,0,231.715271819474,0,193.63278243493,0,0,0,111.226326353722,289.631679007608,114.511014214502,0,143.005810983322,0,0,255.441154257905,0,187.77054666536,99.3508940827211,173.059382066957,115.541295036174,232.945974238958,249.905610015455,204.084074037941,0,0
