0,0,0,0,206.472608421747,0,0,0,0,0,0,113.144980278377,0,0,110.384905066973,0,0,0,0,0,0,0,0,0,0,0,0,158.567996645797,0,0,0,0,0,0,232.945974238958,0,0,0,0,276.620869034647,0
0,0,0,0,0,0,338.131802716296,0,0,0,0,0,0,0,0,0,0,0,0,172.892533368851,0,0,0,0,0,0,0,183.786860782462,89.3673883748406,0,0,96.7845769653343,0,0,0,0,125.416941482916,0,0,124.698445421759,0
0,0,0,0,0,0,0,0,0,0,0,0,0,0,0,0,0,0,0,0,0,0,0,347.376449530863,0,142.385058730083,0,0,0,0,0,0,109.093416850988,226.825099357786,0,82.6299537488922,0,0,0,0,0
0,0,0,0,108.136066660554,113.059176128709,0,0,0,173.201474590904,178.683678585178,128.846764897717,0,0,0,0,0,0,0,0,0,0,0,0,0,154.065933476765,0,188.851177466023,0,0,0,0,0,224.551207449728,0,133.218162784108,283.88658203332,94.8881692391942,145.74089716123,198.528111506785,0
206.472608421747,0,0,108.136066660554,0,0,0,0,0,62.311273509377,0,353.822894641502,0,197.893790332676,0,0,211.840482897052,0,0,0,0,215.611029055736,101.605593487621,0,263.534399241887,0,0,0,112.793316814908,0,0,0,0,139.654362654449,174.013630695256,180.543851962045,0,0,0,71.5579325720569,0
0,0,0,113.059176128709,0,0,314.611698427915,0,0,0,0,0,0,0,303.527509149359,106.128596538706,0,0,0,0,154.784755881607,0,217.157696745803,0,0,175.196329314064,153.672550905948,150.161410108805,0,116.054372245433,0,0,0,78.8552325762656,0,154.142998692322,224.523755099568,0,0,0,238.934743274142
0,338.131802716296,0,0,0,314.611698427915,0,0,0,249.798812580765,222.053792850439,0,0,0,97.3232815600345,0,0,0,0,0,0,0,0,146.814226519809,0,0,0,61.0664810463559,0,284.529238481835,0,0,0,0,106.33736463831,98.6790043377568,177.763106506206,141.204637091722,0,345.797434674459,0
0,0,0,0,0,0,0,0,84.3635741045246,0,0,119.728129215699,0,78.9559315574845,0,0,0,325.937289045041,0,94.027247878695,0,0,0,0,171.230058197369,171.906398392157,0,82.6426202489162,223.705816669619,58.3493451392805,0,0,253.401634605989,306.640284138334,231.050882209,0,128.530575464043,269.936825670274,0,0,143.005810983322
0,0,0,0,0,0,0,84.3635741045246,0,0,0,94.7280504127031,0,0,0,0,0,0,0,0,0,0,0,98.2230592632363,0,213.67670887414,0,90.1317194604647,194.442125915551,0,0,0,0,122.106946855269,192.601533877686,0,200.878319874537,0,115.871357769661,89.9429017381717,0
0,0,0,173.201474590904,62.311273509377,0,249.798812580765,0,0,0,81.2827395071039,101.85207633558,0,148.808626413748,0,0,115.114253591495,212.592150359921,97.5855511246009,0,0,0,104.369974912428,112.349934713559,0,87.8456058929559,219.430938885781,0,161.325017232684,0,0,151.036729364761,0,0,99.3508940827211,0,0,0,0,137.189596148386,196.032358954952
0,0,0,178.683678585178,0,0,222.053792850439,0,0,81.2827395071039,0,161.302948562323,0,80.8080171296381,0,0,0,0,0,195.314816908693,193.777661225572,0,114.649126378906,137.177378802006,0,0,116.176698124939,73.1029054543569,357.423078228283,0,0,0,0,0,240.185081663983,93.5029580098427,173.001559092555,106.926813611922,0,0,0
113.144980278377,0,0,128.846764897717,353.822894641502,0,0,119.728129215699,94.7280504127031,101.85207633558,161.302948562323,0,0,101.443495235174,0,0,0,0,0,186.973586461633,0,0,164.032723165762,138.425725342224,151.01089327964,0,146.99041817625,94.9380989123498,151.806152521152,0,225.013371621378,0,0,0,163.059043292369,94.126460729827,161.694997919804,0,0,204.084074037941,169.742003380707
0,0,0,0,0,0,0,0,0,0,0,0,0,0,0,202.712457066107,0,0,0,0,0,0,0,0,0,0,0,0,112.823430872325,0,0,0,0,0,250.461724766314,0,196.04190773555,323.781250289068,0,0,101.350815329073
0,0,0,0,197.893790332676,0,0,78.9559315574845,0,148.808626413748,80.8080171296381,101.443495235174,0,0,0,0,0,0,0,186.348837226466,0,0,0,204.481117647118,0,0,0,0,205.839960264176,0,139.93285932648,0,0,114.511014214502,0,306.344527664232,138.33942793804,0,0,191.519780382943,155.901486485736
110.384905066973,0,0,0,0,303.527509149359,97.3232815600345,0,0,0,0,0,0,0,0,0,0,0,0,255.441154257905,0,0,0,0,0,115.194491798135,74.5815074003433,118.522099274347,321.124897279917,0,0,0,0,169.453147353278,0,0,236.681907140956,0,227.504408813069,81.9664354533492,0
0,0,0,0,0,106.128596538706,0,0,0,0,0,0,202.712457066107,0,0,0,0,0,97.3506957544063,178.224497384947,0,0,218.045528847001,0,0,0,309.997227542691,0,0,0,0,0,0,139.792601838991,134.566479261133,0,136.792307586862,0,0,94.7529894315991,89.707245288964
0,0,0,0,211.840482897052,0,0,0,0,115.114253591495,0,0,0,0,0,0,0,0,0,0,101.895308036513,0,0,193.055010680236,0,0,0,0,0,0,0,0,0,154.070293657878,192.135034768848,193.659409924573,219.078548227669,0,153.453047983244,195.378266313867,0
0,0,0,0,0,0,0,325.937289045041,0,212.592150359921,0,0,0,0,0,0,0,0,0,0,0,0,0,197.486504603685,0,115.868441404982,198.964527389285,0,0,321.864157986053,0,0,0,261.440278806413,0,0,120.912756812582,251.098274723989,0,0,0
0,0,0,0,0,0,0,0,0,97.5855511246009,0,0,0,0,0,97.3506957544063,0,0,0,0,0,193.63278243493,0,0,0,0,0,0,0,0,0,247.66948903751,0,333.645516435298,214.116367924649,67.8267069095267,92.5207898118833,188.936291522747,131.969743415579,119.345624434514,205.09013266389
0,172.892533368851,0,0,0,0,0,94.027247878695,0,0,195.314816908693,186.973586461633,0,186.348837226466,255.441154257905,178.224497384947,0,0,0,0,0,0,0,82.4756938751058,0,329.719143597451,228.075434767255,106.533627130087,0,0,0,0,0,0,0,300.031143529538,146.770754374523,103.519938150021,201.100640800745,157.852515740516,74.4197823064597
0,0,0,0,0,154.784755881607,0,0,0,0,193.777661225572,0,0,0,0,0,101.895308036513,0,0,0,0,0,0,134.960780198024,0,0,115.541295036174,73.4795582048751,241.57250333243,0,261.605527103798,172.608400267715,0,155.24952173131,120.567029282014,0,0,0,0,92.3502314520023,125.81518738273
0,0,0,0,215.611029055736,0,0,0,0,0,0,0,0,0,0,0,0,0,193.63278243493,0,0,0,173.538155409849,135.667029391615,0,98.417953423071,0,111.435629183184,108.381749703452,0,0,0,0,0,335.371040201042,0,0,0,0,0,0
0,0,0,0,101.605593487621,217.157696745803,0,0,0,104.369974912428,114.649126378906,164.032723165762,0,0,0,218.045528847001,0,0,0,0,0,173.538155409849,0,0,259.055025639447,0,0,0,0,115.332064605654,0,82.1742780037132,0,0,153.609372090384,0,173.059382066957,180.90030328818,0,159.183173818572,74.7304794244225
0,0,347.376449530863,0,0,0,146.814226519809,0,98.2230592632363,112.349934713559,137.177378802006,138.425725342224,0,204.481117647118,0,0,193.055010680236,197.486504603685,0,82.4756938751058,134.960780198024,135.667029391615,0,0,0,0,0,90.7216186966914,161.275817184598,0,0,0,0,96.5937438588657,0,0,162.833808134102,201.44584889478,0,252.487290983309,93.4234866874731
0,0,0,0,263.534399241887,0,0,171.230058197369,0,0,0,151.01089327964,0,0,0,0,0,0,0,0,0,0,259.055025639447,0,0,280.376028997576,0,192.693757128262,0,241.682021696872,0,0,0,0,0,187.77054666536,242.790381480436,0,0,62.859596780235,0
0,0,142.385058730083,154.065933476765,0,175.196329314064,0,171.906398392157,213.67670887414,87.8456058929559,0,0,0,0,115.194491798135,0,0,115.868441404982,0,329.719143597451,0,98.417953423071,0,0,280.376028997576,0,219.040656038919,89.1590885155172,161.74915061469,0,0,128.405764333981,0,75.4497121078207,104.915316975638,0,0,124.853650664477,180.355266595273,0,70.4221432298295
0,0,0,0,0,153.672550905948,0,0,0,219.430938885781,116.176698124939,146.99041817625,0,0,74.5815074003433,309.997227542691,0,198.964527389285,0,228.075434767255,115.541295036174,0,0,0,0,219.040656038919,0,220.963068032256,0,101.5853655613,146.465927798921,140.574866691684,0,199.492852797962,220.901129804706,262.382215657622,135.294330067913,0,0,95.7590805983148,117.208001126138
158.567996645797,183.786860782462,0,188.851177466023,0,150.161410108805,61.0664810463559,82.6426202489162,90.1317194604647,0,73.1029054543569,94.9380989123498,0,0,118.522099274347,0,0,0,0,106.533627130087,73.4795582048751,111.435629183184,0,90.7216186966914,192.693757128262,89.1590885155172,220.963068032256,0,163.945208919892,181.316358113209,0,165.893015276821,0,231.715271819474,0,259.442917595754,160.530221557972,249.905610015455,168.241326865882,205.183249704085,100.812745974529
0,89.3673883748406,0,0,112.793316814908,0,0,223.705816669619,194.442125915551,161.325017232684,357.423078228283,151.806152521152,112.823430872325,205.839960264176,321.124897279917,0,0,0,0,0,241.57250333243,108.381749703452,0,161.275817184598,0,161.74915061469,0,163.945208919892,0,228.792310020318,0,0,0,0,221.805809452716,190.185165668632,195.822649557859,0,208.005106191961,0,125.994729980093
0,0,0,0,0,116.054372245433,284.529238481835,58.3493451392805,0,0,0,0,0,0,0,0,0,321.864157986053,0,0,0,0,115.332064605654,0,241.682021696872,0,101.5853655613,181.316358113209,228.792310020318,0,0,0,0,0,179.718364159796,0,0,178.748963182352,0,0,0
0,0,0,0,0,0,0,0,0,0,0,225.013371621378,0,139.93285932648,0,0,0,0,0,0,261.605527103798,0,0,0,0,0,146.465927798921,0,0,0,0,0,0,0,0,0,151.695570509541,0,0,0,241.635434294794
0,96.7845769653343,0,0,0,0,0,0,0,151.036729364761,0,0,0,0,0,0,0,0,247.66948903751,0,172.608400267715,0,82.1742780037132,0,0,128.405764333981,140.574866691684,165.893015276821,0,0,0,0,0,151.075371308616,0,0,72.2278283150671,0,85.7623170715703,0,0
0,0,109.093416850988,0,0,0,0,253.401634605989,0,0,0,0,0,0,0,0,0,0,0,0,0,0,0,0,0,0,0,0,0,0,0,0,0,184.249961885477,0,165.597665022977,0,111.226326353722,0,0,0
0,0,226.825099357786,224.551207449728,139.654362654449,78.8552325762656,0,306.640284138334,122.106946855269,0,0,0,0,114.511014214502,169.453147353278,139.792601838991,154.070293657878,261.440278806413,333.645516435298,0,155.24952173131,0,0,96.5937438588657,0,75.4497121078207,199.492852797962,231.715271819474,0,0,0,151.075371308616,184.249961885477,0,85.6072705949986,289.631679007608,206.912707094411,167.066576495979,92.5568465385234,209.996727521564,153.876396855887
232.945974238958,0,0,0,174.013630695256,0,106.33736463831,231.050882209,192.601533877686,99.3508940827211,240.185081663983,163.059043292369,250.461724766314,0,0,134.566479261133,192.135034768848,0,214.116367924649,0,120.567029282014,335.371040201042,153.609372090384,0,0,104.915316975638,220.901129804706,0,221.805809452716,179.718364159796,0,0,0,85.6072705949986,0,66.5008477853491,283.248188884028,71.4788760670054,158.955087279859,0,80.4367166559625
0,0,82.6299537488922,133.218162784108,180.543851962045,154.142998692322,98.6790043377568,0,0,0,93.5029580098427,94.126460729827,0,306.344527664232,0,0,193.659409924573,0,67.8267069095267,300.031143529538,0,0,0,0,187.77054666536,0,262.382215657622,259.442917595754,190.185165668632,0,0,0,165.597665022977,289.631679007608,66.5008477853491,0,0,0,0,160.537522273714,0
0,125.416941482916,0,283.88658203332,0,224.523755099568,177.763106506206,128.530575464043,200.878319874537,0,173.001559092555,161.694997919804,196.04190773555,138.33942793804,236.681907140956,136.792307586862,219.078548227669,120.912756812582,92.5207898118833,146.770754374523,0,0,173.059382066957,162.833808134102,242.790381480436,0,135.294330067913,160.530221557972,195.822649557859,0,151.695570509541,72.2278283150671,0,206.912707094411,283.248188884028,0,0,99.2646516363145,133.984214699576,76.5072790361762,348.674510760064
0,0,0,94.8881692391942,0,0,141.204637091722,269.936825670274,0,0,106.926813611922,0,323.781250289068,0,0,0,0,251.098274723989,188.936291522747,103.519938150021,0,0,180.90030328818,201.44584889478,0,124.853650664477,0,249.905610015455,0,178.748963182352,0,0,111.226326353722,167.066576495979,71.4788760670054,0,99.2646516363145,0,137.239127032733,142.054529471577,136.685314494491
0,0,0,145.74089716123,0,0,0,0,115.871357769661,0,0,0,0,0,227.504408813069,0,153.453047983244,0,131.969743415579,201.100640800745,0,0,0,0,0,180.355266595273,0,168.241326865882,208.005106191961,0,0,85.7623170715703,0,92.5568465385234,158.955087279859,0,133.984214699576,137.239127032733,0,320.356811100276,0
276.620869034647,124.698445421759,0,198.528111506785,71.5579325720569,0,345.797434674459,0,89.9429017381717,137.189596148386,0,204.084074037941,0,191.519780382943,81.9664354533492,94.7529894315991,195.378266313867,0,119.345624434514,157.852515740516,92.3502314520023,0,159.183173818572,252.487290983309,62.859596780235,0,95.7590805983148,205.183249704085,0,0,0,0,0,209.996727521564,0,160.537522273714,76.5072790361762,142.054529471577,320.356811100276,0,0
0,0,0,0,0,238.934743274142,0,143.005810983322,0,196.032358954952,0,169.742003380707,101.350815329073,155.901486485736,0,89.707245288964,0,0,205.09013266389,74.4197823064597,125.81518738273,0,74.7304794244225,93.4234866874731,0,70.4221432298295,117.208001126138,100.812745974529,125.994729980093,0,241.635434294794,0,0,153.876396855887,80.4367166559625,0,348.674510760064,136.685314494491,0,0,0
