0,0,0,0,320.356811100276,0,0,0,0,0,0,0,0,0,98.417953423071,0,0,0,92.5568465385234,0,0,0,0,0,0,0,0,90.7216186966914,0,0,0,0,0,0,283.248188884028,0,0,0,0,0,99.2646516363145
0,0,0,204.084074037941,0,0,95.7590805983148,112.793316814908,231.715271819474,0,0,0,0,0,0,0,0,0,0,0,0,0,0,0,0,335.371040201042,0,0,0,0,0,0,0,111.226326353722,0,0,0,0,0,300.031143529538,0
0,0,0,227.504408813069,0,0,0,101.443495235174,0,0,0,0,0,0,0,114.649126378906,0,0,0,0,0,0,0,0,0,0,0,0,0,0,0,0,0,0,0,0,93.5029580098427,0,0,191.519780382943,0
0,204.084074037941,227.504408813069,0,0,0,181.316358113209,218.045528847001,0,154.070293657878,0,0,113.059176128709,173.201474590904,0,0,0,0,0,0,0,0,0,0,0,0,112.823430872325,204.481117647118,78.9559315574845,0,0,0,0,224.551207449728,94.7529894315991,0,253.401634605989,0,0,0,0
320.356811100276,0,0,0,0,0,0,0,0,0,195.314816908693,251.098274723989,0,208.005106191961,136.792307586862,214.116367924649,0,0,0,221.805809452716,0,0,238.934743274142,0,0,0,197.486504603685,146.465927798921,133.218162784108,0,0,0,0,192.135034768848,0,0,99.3508940827211,109.093416850988,0,0,0
0,0,0,0,0,0,0,0,81.9664354533492,0,0,0,0,0,183.786860782462,0,0,0,0,128.846764897717,0,89.1590885155172,0,106.33736463831,0,112.349934713559,0,205.183249704085,206.912707094411,0,0,0,0,202.712457066107,0,325.937289045041,115.332064605654,199.492852797962,161.302948562323,0,153.609372090384
0,95.7590805983148,0,181.316358113209,0,0,0,158.567996645797,0,0,0,0,0,0,0,89.3673883748406,0,0,0,0,0,0,333.645516435298,0,73.4795582048751,0,151.01089327964,306.344527664232,108.381749703452,0,0,0,0,118.522099274347,0,0,103.519938150021,173.001559092555,0,137.189596148386,0
0,112.793316814908,101.443495235174,218.045528847001,0,0,158.567996645797,0,0,125.416941482916,0,0,0,0,0,94.027247878695,0,0,82.6426202489162,196.032358954952,0,0,178.748963182352,148.808626413748,0,0,0,0,0,0,0,0,0,0,138.33942793804,155.901486485736,345.797434674459,303.527509149359,0,151.075371308616,120.912756812582
0,231.715271819474,0,0,0,81.9664354533492,0,0,0,0,0,0,0,228.792310020318,0,0,0,0,0,0,0,0,0,74.5815074003433,0,175.196329314064,0,146.770754374523,167.066576495979,0,0,0,0,142.054529471577,0,0,119.345624434514,0,0,314.611698427915,241.682021696872
0,0,0,154.070293657878,0,0,0,125.416941482916,0,0,165.597665022977,96.5937438588657,0,139.792601838991,0,101.85207633558,0,155.24952173131,0,151.695570509541,0,0,195.378266313867,72.2278283150671,0,0,219.430938885781,217.157696745803,0,0,0,0,0,98.6790043377568,78.8552325762656,0,0,172.892533368851,61.0664810463559,85.7623170715703,190.185165668632
0,0,0,0,195.314816908693,0,0,0,0,165.597665022977,0,92.3502314520023,247.66948903751,209.996727521564,198.964527389285,0,0,0,0,0,106.926813611922,124.853650664477,0,179.718364159796,0,153.876396855887,197.893790332676,84.3635741045246,0,0,0,0,0,0,188.936291522747,146.814226519809,0,0,0,284.529238481835,178.683678585178
0,0,0,0,251.098274723989,0,0,0,0,96.5937438588657,92.3502314520023,0,0,188.851177466023,94.126460729827,186.348837226466,140.574866691684,252.487290983309,0,259.055025639447,0,0,259.442917595754,120.567029282014,0,0,154.784755881607,309.997227542691,0,0,0,0,228.075434767255,193.63278243493,212.592150359921,241.57250333243,151.036729364761,137.239127032733,0,255.441154257905,329.719143597451
0,0,0,113.059176128709,0,0,0,0,0,0,247.66948903751,0,0,0,0,0,0,0,0,0,0,0,0,0,263.534399241887,0,0,0,0,0,0,0,0,87.8456058929559,0,0,0,0,289.631679007608,220.901129804706,0
0,0,0,173.201474590904,208.005106191961,0,0,0,228.792310020318,139.792601838991,209.996727521564,188.851177466023,0,0,0,97.5855511246009,119.728129215699,0,0,0,0,192.693757128262,0,0,0,153.453047983244,0,276.620869034647,150.161410108805,0,0,0,0,0,0,125.994729980093,0,58.3493451392805,0,0,0
98.417953423071,0,0,0,136.792307586862,183.786860782462,0,0,0,0,198.964527389285,94.126460729827,0,0,0,0,0,133.984214699576,137.177378802006,161.275817184598,0,0,0,0,0,0,0,0,115.871357769661,0,122.106946855269,0,0,0,101.350815329073,0,0,0,0,0,171.230058197369
0,0,114.649126378906,0,214.116367924649,0,89.3673883748406,94.027247878695,0,101.85207633558,0,186.348837226466,0,97.5855511246009,0,0,0,0,306.640284138334,0,0,0,0,0,0,71.4788760670054,0,0,219.040656038919,0,0,0,0,0,0,0,0,143.005810983322,0,0,0
0,0,0,0,0,0,0,0,0,0,0,140.574866691684,0,119.728129215699,0,0,0,0,0,161.325017232684,0,0,113.144980278377,92.5207898118833,0,0,0,250.461724766314,0,0,0,0,0,101.605593487621,201.44584889478,0,90.1317194604647,0,0,196.04190773555,0
0,0,0,0,0,0,0,0,0,155.24952173131,0,252.487290983309,0,0,133.984214699576,0,0,0,0,0,0,0,85.6072705949986,80.4367166559625,0,0,0,0,0,0,139.93285932648,0,0,0,0,0,323.781250289068,0,321.864157986053,0,162.833808134102
92.5568465385234,0,0,0,0,0,0,82.6426202489162,0,0,0,0,0,0,137.177378802006,306.640284138334,0,0,0,0,0,0,0,0,81.2827395071039,82.6299537488922,0,0,0,0,0,104.369974912428,93.4234866874731,0,353.822894641502,0,128.530575464043,0,0,158.955087279859,164.032723165762
0,0,0,0,221.805809452716,128.846764897717,0,196.032358954952,0,151.695570509541,0,259.055025639447,0,0,161.275817184598,0,161.325017232684,0,0,0,136.685314494491,241.635434294794,0,0,0,0,0,0,215.611029055736,0,0,0,0,232.945974238958,0,131.969743415579,97.3506957544063,138.425725342224,165.893015276821,348.674510760064,96.7845769653343
0,0,0,0,0,0,0,0,0,0,106.926813611922,0,0,0,0,0,0,0,0,136.685314494491,0,0,249.905610015455,0,0,213.67670887414,198.528111506785,97.3232815600345,82.4756938751058,0,0,0,0,94.7280504127031,82.1742780037132,0,180.90030328818,186.973586461633,110.384905066973,177.763106506206,0
0,0,0,0,0,89.1590885155172,0,0,0,0,124.853650664477,0,0,192.693757128262,0,0,0,0,0,241.635434294794,0,0,0,0,0,0,124.698445421759,153.672550905948,0,0,0,0,0,0,0,194.442125915551,0,0,0,0,283.88658203332
0,0,0,0,238.934743274142,0,333.645516435298,178.748963182352,0,195.378266313867,0,259.442917595754,0,0,0,0,113.144980278377,85.6072705949986,0,0,249.905610015455,0,0,0,0,0,163.059043292369,62.859596780235,0,174.013630695256,0,0,0,117.208001126138,0,0,184.249961885477,146.99041817625,0,168.241326865882,0
0,0,0,0,0,106.33736463831,0,148.808626413748,74.5815074003433,72.2278283150671,179.718364159796,120.567029282014,0,0,0,0,92.5207898118833,80.4367166559625,0,0,0,0,0,0,0,193.777661225572,71.5579325720569,75.4497121078207,321.124897279917,135.294330067913,0,0,0,225.013371621378,111.435629183184,106.533627130087,180.543851962045,0,226.825099357786,0,73.1029054543569
0,0,0,0,0,0,73.4795582048751,0,0,0,0,0,263.534399241887,0,0,0,0,0,81.2827395071039,0,0,0,0,0,0,116.054372245433,0,195.822649557859,0,0,0,0,0,0,125.81518738273,192.601533877686,139.654362654449,161.74915061469,201.100640800745,0,0
0,335.371040201042,0,0,0,112.349934713559,0,0,175.196329314064,0,153.876396855887,0,0,153.453047983244,0,71.4788760670054,0,0,82.6299537488922,0,213.67670887414,0,0,193.777661225572,116.054372245433,0,128.405764333981,242.790381480436,104.915316975638,0,0,0,0,205.09013266389,74.4197823064597,357.423078228283,240.185081663983,205.839960264176,0,134.566479261133,98.2230592632363
0,0,0,112.823430872325,197.486504603685,0,151.01089327964,0,0,219.430938885781,197.893790332676,154.784755881607,0,0,0,0,0,0,0,0,198.528111506785,124.698445421759,163.059043292369,71.5579325720569,0,128.405764333981,0,211.840482897052,0,171.906398392157,0,261.605527103798,0,115.194491798135,89.9429017381717,0,161.694997919804,0,206.472608421747,141.204637091722,169.453147353278
90.7216186966914,0,0,204.481117647118,146.465927798921,205.183249704085,306.344527664232,0,146.770754374523,217.157696745803,84.3635741045246,309.997227542691,0,276.620869034647,0,0,250.461724766314,0,0,0,97.3232815600345,153.672550905948,62.859596780235,75.4497121078207,195.822649557859,242.790381480436,211.840482897052,0,74.7304794244225,223.705816669619,0,173.538155409849,0,80.8080171296381,115.114253591495,220.963068032256,134.960780198024,0,169.742003380707,0,115.541295036174
0,0,0,78.9559315574845,133.218162784108,206.912707094411,108.381749703452,0,167.066576495979,0,0,0,0,150.161410108805,115.871357769661,219.040656038919,0,0,0,215.611029055736,82.4756938751058,0,0,321.124897279917,0,104.915316975638,0,74.7304794244225,0,0,67.8267069095267,178.224497384947,94.9380989123498,0,262.382215657622,100.812745974529,62.311273509377,0,0,106.128596538706,249.798812580765
0,0,0,0,0,0,0,0,0,0,0,0,0,0,0,0,0,0,0,0,0,0,174.013630695256,135.294330067913,0,0,171.906398392157,223.705816669619,0,0,145.74089716123,0,0,269.936825670274,101.5853655613,338.131802716296,154.065933476765,0,0,159.183173818572,142.385058730083
0,0,0,0,0,0,0,0,0,0,0,0,0,0,122.106946855269,0,0,139.93285932648,0,0,0,0,0,0,0,0,0,0,67.8267069095267,145.74089716123,0,0,0,231.050882209,66.5008477853491,0,0,0,0,0,0
0,0,0,0,0,0,0,0,0,0,0,0,0,0,0,0,0,0,104.369974912428,0,0,0,0,0,0,0,261.605527103798,173.538155409849,178.224497384947,0,0,0,0,114.511014214502,94.8881692391942,160.530221557972,116.176698124939,76.5072790361762,0,151.806152521152,115.868441404982
0,0,0,0,0,0,0,0,0,0,0,228.075434767255,0,0,0,0,0,0,93.4234866874731,0,0,0,0,0,0,0,0,0,94.9380989123498,0,0,0,0,0,0,0,236.681907140956,135.667029391615,0,0,0
0,111.226326353722,0,224.551207449728,192.135034768848,202.712457066107,118.522099274347,0,142.054529471577,98.6790043377568,0,193.63278243493,87.8456058929559,0,0,0,101.605593487621,0,0,232.945974238958,94.7280504127031,0,117.208001126138,225.013371621378,0,205.09013266389,115.194491798135,80.8080171296381,0,269.936825670274,231.050882209,114.511014214502,0,0,160.537522273714,261.440278806413,70.4221432298295,193.659409924573,154.142998692322,173.059382066957,0
283.248188884028,0,0,94.7529894315991,0,0,0,138.33942793804,0,78.8552325762656,188.936291522747,212.592150359921,0,0,101.350815329073,0,201.44584889478,0,353.822894641502,0,82.1742780037132,0,0,111.435629183184,125.81518738273,74.4197823064597,89.9429017381717,115.114253591495,262.382215657622,101.5853655613,66.5008477853491,94.8881692391942,0,160.537522273714,0,163.945208919892,193.055010680236,0,200.878319874537,187.77054666536,180.355266595273
0,0,0,0,0,325.937289045041,0,155.901486485736,0,0,146.814226519809,241.57250333243,0,125.994729980093,0,0,0,0,0,131.969743415579,0,194.442125915551,0,106.533627130087,192.601533877686,357.423078228283,0,220.963068032256,100.812745974529,338.131802716296,0,160.530221557972,0,261.440278806413,163.945208919892,0,89.707245288964,101.895308036513,0,172.608400267715,0
0,0,93.5029580098427,253.401634605989,99.3508940827211,115.332064605654,103.519938150021,345.797434674459,119.345624434514,0,0,151.036729364761,0,0,0,0,90.1317194604647,323.781250289068,128.530575464043,97.3506957544063,180.90030328818,0,184.249961885477,180.543851962045,139.654362654449,240.185081663983,161.694997919804,134.960780198024,62.311273509377,154.065933476765,0,116.176698124939,236.681907140956,70.4221432298295,193.055010680236,89.707245288964,0,219.078548227669,108.136066660554,347.376449530863,280.376028997576
0,0,0,0,109.093416850988,199.492852797962,173.001559092555,303.527509149359,0,172.892533368851,0,137.239127032733,0,58.3493451392805,0,143.005810983322,0,0,0,138.425725342224,186.973586461633,0,146.99041817625,0,161.74915061469,205.839960264176,0,0,0,0,0,76.5072790361762,135.667029391615,193.659409924573,0,101.895308036513,219.078548227669,0,222.053792850439,157.852515740516,0
0,0,0,0,0,161.302948562323,0,0,0,61.0664810463559,0,0,289.631679007608,0,0,0,0,321.864157986053,0,165.893015276821,110.384905066973,0,0,226.825099357786,201.100640800745,0,206.472608421747,169.742003380707,0,0,0,0,0,154.142998692322,200.878319874537,0,108.136066660554,222.053792850439,0,224.523755099568,0
0,300.031143529538,191.519780382943,0,0,0,137.189596148386,151.075371308616,314.611698427915,85.7623170715703,284.529238481835,255.441154257905,220.901129804706,0,0,0,196.04190773555,0,158.955087279859,348.674510760064,177.763106506206,0,168.241326865882,0,0,134.566479261133,141.204637091722,0,106.128596538706,159.183173818572,0,151.806152521152,0,173.059382066957,187.77054666536,172.608400267715,347.376449530863,157.852515740516,224.523755099568,0,0
99.2646516363145,0,0,0,0,153.609372090384,0,120.912756812582,241.682021696872,190.185165668632,178.683678585178,329.719143597451,0,0,171.230058197369,0,0,162.833808134102,164.032723165762,96.7845769653343,0,283.88658203332,0,73.1029054543569,0,98.2230592632363,169.453147353278,115.541295036174,249.798812580765,142.385058730083,0,115.868441404982,0,0,180.355266595273,0,280.376028997576,0,0,0,0
