0,0,0,90.7216186966914,0,0,90.1317194604647,348.674510760064,0,0,0,0,0,0,0,0,0,0,0,0,0,0,205.09013266389,0,0,0,0,0,0,0,0,0,0,0,0,0,250.461724766314,142.385058730083,0,0,0
0,0,0,0,0,160.537522273714,0,0,0,0,0,0,0,0,0,0,89.9429017381717,0,0,143.005810983322,0,0,0,0,0,0,0,0,0,0,0,0,0,0,137.177378802006,0,110.384905066973,0,134.960780198024,180.90030328818,0
0,0,0,0,0,0,0,0,0,0,186.973586461633,0,0,154.142998692322,0,0,0,0,0,0,0,0,0,0,0,0,231.715271819474,0,0,0,0,0,0,0,0,0,0,164.032723165762,0,0,153.453047983244
90.7216186966914,0,0,0,0,101.605593487621,289.631679007608,0,0,0,345.797434674459,0,0,0,0,0,122.106946855269,0,211.840482897052,314.611698427915,0,0,0,0,0,0,0,113.144980278377,325.937289045041,0,0,0,0,0,161.74915061469,0,0,85.6072705949986,0,276.620869034647,94.126460729827
0,0,0,0,0,0,0,117.208001126138,251.098274723989,0,0,0,0,0,0,138.33942793804,0,0,0,0,0,0,173.001559092555,241.635434294794,221.805809452716,150.161410108805,199.492852797962,109.093416850988,133.984214699576,0,0,0,0,259.442917595754,0,0,106.533627130087,0,261.605527103798,98.417953423071,0
0,160.537522273714,0,101.605593487621,0,0,97.5855511246009,0,80.8080171296381,154.784755881607,0,93.5029580098427,0,106.33736463831,0,0,0,0,0,231.050882209,153.672550905948,0,0,0,0,0,0,0,0,0,0,0,0,70.4221432298295,0,198.964527389285,106.128596538706,0,0,124.698445421759,153.876396855887
90.1317194604647,0,0,289.631679007608,0,97.5855511246009,0,0,0,0,0,151.075371308616,108.136066660554,0,0,0,0,0,0,0,0,115.868441404982,0,62.311273509377,0,0,195.822649557859,197.893790332676,0,0,0,0,0,0,0,112.823430872325,0,115.332064605654,206.472608421747,253.401634605989,0
348.674510760064,0,0,0,117.208001126138,0,0,0,101.443495235174,78.9559315574845,0,0,0,0,320.356811100276,171.230058197369,0,131.969743415579,0,0,200.878319874537,0,0,0,0,85.7623170715703,146.770754374523,62.859596780235,0,0,75.4497121078207,0,0,0,309.997227542691,173.538155409849,125.81518738273,0,0,0,108.381749703452
0,0,0,0,251.098274723989,80.8080171296381,0,101.443495235174,0,0,0,0,0,0,0,0,0,0,0,0,0,0,0,347.376449530863,0,323.781250289068,197.486504603685,226.825099357786,159.183173818572,0,0,183.786860782462,0,0,0,0,0,0,0,146.814226519809,204.481117647118
0,0,0,0,0,154.784755881607,0,78.9559315574845,0,0,357.423078228283,0,118.522099274347,0,61.0664810463559,0,0,0,92.5568465385234,168.241326865882,187.77054666536,0,80.4367166559625,0,0,0,178.224497384947,101.350815329073,0,151.806152521152,0,188.851177466023,0,0,180.355266595273,204.084074037941,202.712457066107,161.275817184598,0,0,155.901486485736
0,0,186.973586461633,345.797434674459,0,0,0,0,0,357.423078228283,0,128.530575464043,0,0,0,255.441154257905,0,73.1029054543569,0,0,0,0,153.609372090384,0,98.6790043377568,0,169.742003380707,72.2278283150671,0,0,225.013371621378,139.654362654449,0,82.4756938751058,0,0,67.8267069095267,94.7529894315991,0,116.176698124939,0
0,0,0,0,0,93.5029580098427,151.075371308616,0,0,0,128.530575464043,0,0,120.912756812582,139.792601838991,173.059382066957,240.185081663983,0,0,115.871357769661,0,0,0,181.316358113209,0,0,169.453147353278,212.592150359921,95.7590805983148,125.994729980093,0,96.7845769653343,0,0,241.57250333243,205.839960264176,161.302948562323,261.440278806413,160.530221557972,116.054372245433,165.893015276821
0,0,0,0,0,0,108.136066660554,0,0,118.522099274347,0,0,0,0,0,0,0,0,0,0,0,0,0,0,201.100640800745,0,0,208.005106191961,0,0,0,0,0,0,0,0,0,101.895308036513,0,0,220.901129804706
0,0,154.142998692322,0,0,106.33736463831,0,0,0,0,0,120.912756812582,0,0,157.852515740516,0,0,306.640284138334,321.864157986053,0,0,0,0,0,0,242.790381480436,0,0,220.963068032256,134.566479261133,0,0,0,0,100.812745974529,89.1590885155172,161.325017232684,0,0,146.99041817625,196.04190773555
0,0,0,0,0,0,0,320.356811100276,0,61.0664810463559,0,139.792601838991,0,157.852515740516,0,115.194491798135,0,0,0,0,0,0,114.511014214502,0,0,76.5072790361762,0,0,0,101.85207633558,0,0,0,136.792307586862,0,0,92.5207898118833,158.567996645797,0,139.93285932648,0
0,0,0,0,138.33942793804,0,0,171.230058197369,0,0,255.441154257905,173.059382066957,0,0,115.194491798135,0,0,0,0,0,0,0,0,173.201474590904,0,66.5008477853491,0,0,0,0,0,0,0,120.567029282014,201.44584889478,0,0,71.5579325720569,0,137.239127032733,0
0,89.9429017381717,0,122.106946855269,0,0,0,0,0,0,0,240.185081663983,0,0,0,0,0,0,223.705816669619,0,0,0,0,0,0,321.124897279917,128.846764897717,0,0,99.2646516363145,0,0,0,112.349934713559,228.075434767255,0,137.189596148386,0,0,0,0
0,0,0,0,0,0,0,131.969743415579,0,0,73.1029054543569,0,0,306.640284138334,0,0,0,0,0,0,0,93.4234866874731,0,0,0,0,0,0,236.681907140956,0,0,0,0,0,89.3673883748406,249.798812580765,247.66948903751,0,148.808626413748,0,0
0,0,0,211.840482897052,0,0,0,0,0,92.5568465385234,0,0,0,321.864157986053,0,0,223.705816669619,0,0,0,0,0,0,125.416941482916,0,94.027247878695,0,172.892533368851,0,0,0,0,0,138.425725342224,191.519780382943,0,192.135034768848,111.435629183184,0,92.3502314520023,0
0,143.005810983322,0,314.611698427915,0,231.050882209,0,0,0,168.241326865882,0,115.871357769661,0,0,0,0,0,0,0,0,0,0,0,84.3635741045246,119.345624434514,119.728129215699,193.055010680236,165.597665022977,0,0,0,97.3232815600345,329.719143597451,228.792310020318,0,280.376028997576,172.608400267715,99.3508940827211,269.936825670274,0,0
0,0,0,0,0,153.672550905948,0,200.878319874537,0,187.77054666536,0,0,0,0,0,0,0,0,0,0,0,0,0,140.574866691684,0,0,78.8552325762656,300.031143529538,161.694997919804,151.695570509541,0,0,0,97.3506957544063,0,94.9380989123498,353.822894641502,146.465927798921,303.527509149359,0,0
0,0,0,0,0,0,115.868441404982,0,0,0,0,0,0,0,0,0,0,93.4234866874731,0,0,0,0,158.955087279859,151.036729364761,0,0,0,0,0,0,0,0,0,82.6426202489162,154.065933476765,0,178.683678585178,0,104.369974912428,0,0
205.09013266389,0,0,0,173.001559092555,0,0,0,0,80.4367166559625,153.609372090384,0,0,0,114.511014214502,0,0,0,0,0,0,158.955087279859,0,224.523755099568,0,0,0,94.7280504127031,262.382215657622,214.116367924649,0,0,0,135.294330067913,193.659409924573,252.487290983309,0,0,0,263.534399241887,190.185165668632
0,0,0,0,241.635434294794,0,62.311273509377,0,347.376449530863,0,0,181.316358113209,0,0,0,173.201474590904,0,0,125.416941482916,84.3635741045246,140.574866691684,151.036729364761,224.523755099568,0,0,0,283.88658203332,184.249961885477,206.912707094411,0,0,0,0,179.718364159796,74.7304794244225,0,0,188.936291522747,74.4197823064597,111.226326353722,106.926813611922
0,0,0,0,221.805809452716,0,0,0,0,0,98.6790043377568,0,201.100640800745,0,0,0,0,0,0,119.345624434514,0,0,0,0,0,0,195.378266313867,163.059043292369,0,0,0,0,0,213.67670887414,338.131802716296,0,0,241.682021696872,0,217.157696745803,0
0,0,0,0,150.161410108805,0,0,85.7623170715703,323.781250289068,0,0,0,0,242.790381480436,76.5072790361762,66.5008477853491,321.124897279917,0,94.027247878695,119.728129215699,0,0,0,0,0,0,333.645516435298,218.045528847001,219.430938885781,0,0,0,104.915316975638,82.1742780037132,124.853650664477,209.996727521564,71.4788760670054,0,142.054529471577,219.040656038919,128.405764333981
0,0,231.715271819474,0,199.492852797962,0,195.822649557859,146.770754374523,197.486504603685,178.224497384947,169.742003380707,169.453147353278,0,0,0,0,128.846764897717,0,0,193.055010680236,78.8552325762656,0,0,283.88658203332,195.378266313867,333.645516435298,0,94.8881692391942,177.763106506206,0,0,0,0,0,151.01089327964,0,335.371040201042,136.685314494491,0,135.667029391615,0
0,0,0,113.144980278377,109.093416850988,0,197.893790332676,62.859596780235,226.825099357786,101.350815329073,72.2278283150671,212.592150359921,208.005106191961,0,0,0,0,0,172.892533368851,165.597665022977,300.031143529538,0,94.7280504127031,184.249961885477,163.059043292369,218.045528847001,94.8881692391942,0,284.529238481835,0,0,215.611029055736,0,192.601533877686,73.4795582048751,227.504408813069,145.74089716123,112.793316814908,87.8456058929559,174.013630695256,101.5853655613
0,0,0,325.937289045041,133.984214699576,0,0,0,159.183173818572,0,0,95.7590805983148,0,220.963068032256,0,0,0,236.681907140956,0,0,161.694997919804,0,262.382215657622,206.912707094411,0,219.430938885781,177.763106506206,284.529238481835,0,175.196329314064,82.6299537488922,0,194.442125915551,163.945208919892,259.055025639447,81.2827395071039,232.945974238958,0,219.078548227669,74.5815074003433,0
0,0,0,0,0,0,0,0,0,151.806152521152,0,125.994729980093,0,134.566479261133,101.85207633558,0,99.2646516363145,0,0,0,151.695570509541,0,214.116367924649,0,0,0,0,0,175.196329314064,0,0,0,0,155.24952173131,0,0,198.528111506785,0,0,193.777661225572,0
0,0,0,0,0,0,0,75.4497121078207,0,0,225.013371621378,0,0,0,0,0,0,0,0,0,0,0,0,0,0,0,0,0,82.6299537488922,0,0,0,0,113.059176128709,0,0,0,0,98.2230592632363,0,306.344527664232
0,0,0,0,0,0,0,0,183.786860782462,188.851177466023,139.654362654449,96.7845769653343,0,0,0,0,0,0,0,97.3232815600345,0,0,0,0,0,0,0,215.611029055736,0,0,0,0,0,249.905610015455,180.543851962045,222.053792850439,162.833808134102,0,0,0,114.649126378906
0,0,0,0,0,0,0,0,0,0,0,0,0,0,0,0,0,0,0,329.719143597451,0,0,0,0,0,104.915316975638,0,0,194.442125915551,0,0,0,0,178.748963182352,0,0,195.314816908693,0,0,0,0
0,0,0,0,259.442917595754,70.4221432298295,0,0,0,0,82.4756938751058,0,0,0,136.792307586862,120.567029282014,112.349934713559,0,138.425725342224,228.792310020318,97.3506957544063,82.6426202489162,135.294330067913,179.718364159796,213.67670887414,82.1742780037132,0,192.601533877686,163.945208919892,155.24952173131,113.059176128709,249.905610015455,178.748963182352,0,186.348837226466,171.906398392157,193.63278243493,133.218162784108,0,96.5937438588657,205.183249704085
0,137.177378802006,0,161.74915061469,0,0,0,309.997227542691,0,180.355266595273,0,241.57250333243,0,100.812745974529,0,201.44584889478,228.075434767255,89.3673883748406,191.519780382943,0,0,154.065933476765,193.659409924573,74.7304794244225,338.131802716296,124.853650664477,151.01089327964,73.4795582048751,259.055025639447,0,0,180.543851962045,0,186.348837226466,0,192.693757128262,58.3493451392805,196.032358954952,0,141.204637091722,283.248188884028
0,0,0,0,0,198.964527389285,112.823430872325,173.538155409849,0,204.084074037941,0,205.839960264176,0,89.1590885155172,0,0,0,249.798812580765,0,280.376028997576,94.9380989123498,0,252.487290983309,0,0,209.996727521564,0,227.504408813069,81.2827395071039,0,0,222.053792850439,0,171.906398392157,192.693757128262,0,103.519938150021,0,0,81.9664354533492,167.066576495979
250.461724766314,110.384905066973,0,0,106.533627130087,106.128596538706,0,125.81518738273,0,202.712457066107,67.8267069095267,161.302948562323,0,161.325017232684,92.5207898118833,0,137.189596148386,247.66948903751,192.135034768848,172.608400267715,353.822894641502,178.683678585178,0,0,0,71.4788760670054,335.371040201042,145.74089716123,232.945974238958,198.528111506785,0,162.833808134102,195.314816908693,193.63278243493,58.3493451392805,103.519938150021,0,89.707245288964,238.934743274142,154.070293657878,224.551207449728
142.385058730083,0,164.032723165762,85.6072705949986,0,0,115.332064605654,0,0,161.275817184598,94.7529894315991,261.440278806413,101.895308036513,0,158.567996645797,71.5579325720569,0,0,111.435629183184,99.3508940827211,146.465927798921,0,0,188.936291522747,241.682021696872,0,136.685314494491,112.793316814908,0,0,0,0,0,133.218162784108,196.032358954952,0,89.707245288964,0,0,0,0
0,134.960780198024,0,0,261.605527103798,0,206.472608421747,0,0,0,0,160.530221557972,0,0,0,0,0,148.808626413748,0,269.936825670274,303.527509149359,104.369974912428,0,74.4197823064597,0,142.054529471577,0,87.8456058929559,219.078548227669,0,98.2230592632363,0,0,0,0,0,238.934743274142,0,0,0,115.541295036174
0,180.90030328818,0,276.620869034647,98.417953423071,124.698445421759,253.401634605989,0,146.814226519809,0,116.176698124939,116.054372245433,0,146.99041817625,139.93285932648,137.239127032733,0,0,92.3502314520023,0,0,0,263.534399241887,111.226326353722,217.157696745803,219.040656038919,135.667029391615,174.013630695256,74.5815074003433,193.777661225572,0,0,0,96.5937438588657,141.204637091722,81.9664354533492,154.070293657878,0,0,0,115.114253591495
0,0,153.453047983244,94.126460729827,0,153.876396855887,0,108.381749703452,204.481117647118,155.901486485736,0,165.893015276821,220.901129804706,196.04190773555,0,0,0,0,0,0,0,0,190.185165668632,106.926813611922,0,128.405764333981,0,101.5853655613,0,0,306.344527664232,114.649126378906,0,205.183249704085,283.248188884028,167.066576495979,224.551207449728,0,115.541295036174,115.114253591495,0
