0,0,0,0,0,0,0,0,72.2278283150671,180.90030328818,0,115.194491798135,0,0,0,0,0,0,0,89.1590885155172,0,0,0,0,0,0,0,0,0,0,0,241.57250333243,0,0,0,0,153.876396855887,0,0,0,0
0,0,0,0,0,0,0,0,0,0,0,178.683678585178,82.6426202489162,0,0,0,0,0,0,0,0,0,0,188.936291522747,0,0,0,114.649126378906,0,171.906398392157,0,0,0,0,186.973586461633,0,215.611029055736,0,0,0,0
0,0,0,202.712457066107,212.592150359921,0,0,0,161.325017232684,0,0,0,0,0,0,0,0,0,128.530575464043,0,0,0,173.059382066957,0,0,0,0,0,0,0,0,0,0,0,0,0,0,0,0,0,0
0,0,202.712457066107,0,0,0,0,98.417953423071,0,164.032723165762,0,0,0,223.705816669619,0,0,0,0,0,117.208001126138,98.2230592632363,0,0,0,0,160.530221557972,115.868441404982,135.294330067913,0,0,165.597665022977,151.806152521152,0,0,0,0,0,198.964527389285,0,0,104.915316975638
0,0,212.592150359921,0,0,116.054372245433,0,0,0,160.537522273714,70.4221432298295,154.065933476765,0,122.106946855269,90.1317194604647,0,0,94.9380989123498,0,0,0,0,0,0,0,0,0,89.3673883748406,124.698445421759,0,0,0,0,0,0,220.963068032256,0,196.04190773555,0,104.369974912428,108.381749703452
0,0,0,0,116.054372245433,0,0,0,224.523755099568,174.013630695256,0,177.763106506206,0,0,0,71.5579325720569,0,74.5815074003433,0,73.4795582048751,253.401634605989,0,0,205.09013266389,0,0,154.142998692322,0,0,0,0,0,0,153.609372090384,154.070293657878,193.63278243493,137.239127032733,0,0,0,0
0,0,0,0,0,0,0,0,0,81.2827395071039,0,154.784755881607,0,0,109.093416850988,0,0,241.682021696872,0,0,0,214.116367924649,0,66.5008477853491,0,75.4497121078207,0,0,218.045528847001,190.185165668632,0,0,0,125.81518738273,0,58.3493451392805,159.183173818572,0,0,321.864157986053,0
0,0,0,98.417953423071,0,0,0,0,0,0,0,89.9429017381717,0,173.538155409849,0,0,0,0,205.183249704085,0,0,0,280.376028997576,94.027247878695,78.8552325762656,0,0,222.053792850439,191.519780382943,0,0,0,0,228.792310020318,161.275817184598,183.786860782462,314.611698427915,115.541295036174,95.7590805983148,133.984214699576,0
72.2278283150671,0,161.325017232684,0,0,224.523755099568,0,0,0,0,0,0,0,0,0,0,241.635434294794,0,0,146.770754374523,0,0,0,157.852515740516,0,0,0,0,94.8881692391942,0,0,0,0,112.793316814908,0,0,195.378266313867,172.892533368851,0,0,209.996727521564
180.90030328818,0,0,164.032723165762,160.537522273714,174.013630695256,81.2827395071039,0,0,0,348.674510760064,153.453047983244,0,0,0,145.74089716123,0,0,0,151.036729364761,0,0,173.201474590904,0,0,0,106.128596538706,0,76.5072790361762,0,0,0,0,169.453147353278,97.3232815600345,0,161.74915061469,146.465927798921,0,231.050882209,103.519938150021
0,0,0,0,70.4221432298295,0,0,0,0,348.674510760064,0,320.356811100276,0,0,0,0,0,0,0,101.350815329073,82.4756938751058,238.934743274142,200.878319874537,184.249961885477,90.7216186966914,345.797434674459,0,62.859596780235,0,0,0,135.667029391615,0,178.224497384947,0,0,82.1742780037132,128.846764897717,0,114.511014214502,0
115.194491798135,178.683678585178,0,0,154.065933476765,177.763106506206,154.784755881607,89.9429017381717,0,153.453047983244,320.356811100276,0,0,0,0,124.853650664477,249.905610015455,0,0,0,0,204.084074037941,0,0,0,158.955087279859,197.486504603685,146.99041817625,192.601533877686,138.33942793804,0,0,0,142.054529471577,306.344527664232,0,263.534399241887,0,0,261.440278806413,171.230058197369
0,82.6426202489162,0,0,0,0,0,0,0,0,0,0,0,0,0,0,0,0,0,98.6790043377568,0,219.430938885781,0,0,0,0,0,0,139.93285932648,0,0,0,0,0,0,0,89.707245288964,0,80.8080171296381,0,0
0,0,0,223.705816669619,122.106946855269,0,0,173.538155409849,0,0,0,0,0,0,0,0,0,0,0,0,180.543851962045,0,136.792307586862,0,206.912707094411,119.345624434514,333.645516435298,148.808626413748,211.840482897052,0,0,0,0,0,143.005810983322,0,251.098274723989,193.055010680236,0,250.461724766314,0
0,0,0,0,90.1317194604647,0,109.093416850988,0,0,0,0,0,0,0,0,97.3506957544063,0,0,0,219.078548227669,194.442125915551,0,0,0,0,199.492852797962,0,269.936825670274,140.574866691684,0,0,0,0,0,0,106.926813611922,201.44584889478,0,180.355266595273,0,142.385058730083
0,0,0,0,0,71.5579325720569,0,0,0,145.74089716123,0,124.853650664477,0,0,97.3506957544063,0,0,0,0,0,0,0,0,0,0,0,151.075371308616,197.893790332676,219.040656038919,0,0,0,0,0,195.822649557859,163.945208919892,0,0,0,172.608400267715,120.567029282014
0,0,0,0,0,0,0,0,241.635434294794,0,0,249.905610015455,0,0,0,0,0,0,0,187.77054666536,0,0,0,0,0,131.969743415579,0,133.218162784108,0,0,224.551207449728,0,0,232.945974238958,201.100640800745,81.9664354533492,0,96.7845769653343,0,0,0
0,0,0,0,94.9380989123498,74.5815074003433,241.682021696872,0,0,0,0,0,0,0,0,0,0,0,101.895308036513,0,0,0,0,0,0,0,0,0,0,0,0,0,0,0,0,353.822894641502,101.85207633558,192.135034768848,0,247.66948903751,158.567996645797
0,0,128.530575464043,0,0,0,0,205.183249704085,0,0,0,0,0,0,0,0,0,101.895308036513,0,0,0,0,0,0,0,306.640284138334,0,82.6299537488922,87.8456058929559,0,0,128.405764333981,0,169.742003380707,163.059043292369,0,0,138.425725342224,0,178.748963182352,120.912756812582
89.1590885155172,0,0,117.208001126138,0,73.4795582048751,0,0,146.770754374523,151.036729364761,101.350815329073,0,98.6790043377568,0,219.078548227669,0,187.77054666536,0,0,0,259.055025639447,0,0,151.695570509541,0,115.114253591495,85.7623170715703,227.504408813069,0,0,0,0,0,206.472608421747,96.5937438588657,0,0,0,0,0,74.4197823064597
0,0,0,98.2230592632363,0,253.401634605989,0,0,0,0,82.4756938751058,0,0,180.543851962045,194.442125915551,0,0,0,0,259.055025639447,0,0,0,225.013371621378,118.522099274347,0,0,0,208.005106191961,0,0,0,0,205.839960264176,0,0,92.5568465385234,0,0,139.792601838991,325.937289045041
0,0,0,0,0,0,214.116367924649,0,0,0,238.934743274142,204.084074037941,219.430938885781,0,0,0,0,0,0,0,0,0,0,0,151.01089327964,0,0,161.302948562323,0,0,0,0,0,78.9559315574845,0,0,242.790381480436,0,0,0,0
0,0,173.059382066957,0,0,0,0,280.376028997576,0,173.201474590904,200.878319874537,0,0,136.792307586862,0,0,0,0,0,0,0,0,0,0,0,303.527509149359,221.805809452716,175.196329314064,0,101.605593487621,125.994729980093,0,0,134.566479261133,125.416941482916,0,74.7304794244225,0,150.161410108805,168.241326865882,0
0,188.936291522747,0,0,0,205.09013266389,66.5008477853491,94.027247878695,157.852515740516,0,184.249961885477,0,0,0,0,0,0,0,0,151.695570509541,225.013371621378,0,0,0,0,71.4788760670054,67.8267069095267,228.075434767255,0,0,0,0,0,139.654362654449,309.997227542691,108.136066660554,181.316358113209,62.311273509377,155.24952173131,173.001559092555,198.528111506785
0,0,0,0,0,0,0,78.8552325762656,0,0,90.7216186966914,0,0,206.912707094411,0,0,0,0,0,0,118.522099274347,151.01089327964,0,0,0,338.131802716296,0,0,0,0,0,0,0,0,85.6072705949986,93.5029580098427,226.825099357786,0,0,73.1029054543569,0
0,0,0,160.530221557972,0,0,75.4497121078207,0,0,0,345.797434674459,158.955087279859,0,119.345624434514,199.492852797962,0,131.969743415579,0,306.640284138334,115.114253591495,0,0,303.527509149359,71.4788760670054,338.131802716296,0,0,188.851177466023,0,0,0,61.0664810463559,0,289.631679007608,0,84.3635741045246,137.189596148386,220.901129804706,0,284.529238481835,153.672550905948
0,0,0,115.868441404982,0,154.142998692322,0,0,0,106.128596538706,0,197.486504603685,0,333.645516435298,0,151.075371308616,0,0,0,85.7623170715703,0,0,221.805809452716,67.8267069095267,0,0,0,259.442917595754,252.487290983309,92.3502314520023,94.7529894315991,0,0,113.059176128709,213.67670887414,99.3508940827211,193.777661225572,0,106.533627130087,300.031143529538,93.4234866874731
0,114.649126378906,0,135.294330067913,89.3673883748406,0,0,222.053792850439,0,0,62.859596780235,146.99041817625,0,148.808626413748,269.936825670274,197.893790332676,133.218162784108,0,82.6299537488922,227.504408813069,0,161.302948562323,175.196329314064,228.075434767255,0,188.851177466023,259.442917595754,0,94.126460729827,0,141.204637091722,80.4367166559625,161.694997919804,167.066576495979,106.33736463831,119.728129215699,0,0,255.441154257905,204.481117647118,92.5207898118833
0,0,0,0,124.698445421759,0,218.045528847001,191.519780382943,94.8881692391942,76.5072790361762,0,192.601533877686,139.93285932648,211.840482897052,140.574866691684,219.040656038919,0,0,87.8456058929559,0,208.005106191961,0,0,0,0,0,252.487290983309,94.126460729827,0,111.226326353722,0,0,0,0,231.715271819474,0,162.833808134102,329.719143597451,249.798812580765,283.88658203332,357.423078228283
0,171.906398392157,0,0,0,0,190.185165668632,0,0,0,0,138.33942793804,0,0,0,0,0,0,0,0,0,0,101.605593487621,0,0,0,92.3502314520023,0,111.226326353722,0,0,0,0,155.901486485736,217.157696745803,0,97.5855511246009,0,112.823430872325,0,101.443495235174
0,0,0,165.597665022977,0,0,0,0,0,0,0,0,0,0,0,0,224.551207449728,0,0,0,0,0,125.994729980093,0,0,0,94.7529894315991,141.204637091722,0,0,0,0,0,0,136.685314494491,0,0,0,0,0,0
241.57250333243,0,0,151.806152521152,0,0,0,0,0,0,135.667029391615,0,0,0,0,0,0,0,128.405764333981,0,0,0,0,0,0,61.0664810463559,0,80.4367166559625,0,0,0,0,0,110.384905066973,195.314816908693,262.382215657622,0,0,323.781250289068,240.185081663983,0
0,0,0,0,0,0,0,0,0,0,0,0,0,0,0,0,0,0,0,0,0,0,0,0,0,0,0,161.694997919804,0,0,0,0,0,0,179.718364159796,0,134.960780198024,236.681907140956,0,0,100.812745974529
0,0,0,0,0,153.609372090384,125.81518738273,228.792310020318,112.793316814908,169.453147353278,178.224497384947,142.054529471577,0,0,0,0,232.945974238958,0,169.742003380707,206.472608421747,205.839960264176,78.9559315574845,134.566479261133,139.654362654449,0,289.631679007608,113.059176128709,167.066576495979,0,155.901486485736,0,110.384905066973,0,0,283.248188884028,186.348837226466,196.032358954952,116.176698124939,261.605527103798,165.893015276821,193.659409924573
0,186.973586461633,0,0,0,154.070293657878,0,161.275817184598,0,97.3232815600345,0,306.344527664232,0,143.005810983322,0,195.822649557859,201.100640800745,0,163.059043292369,96.5937438588657,0,0,125.416941482916,309.997227542691,85.6072705949986,0,213.67670887414,106.33736463831,231.715271819474,217.157696745803,136.685314494491,195.314816908693,179.718364159796,283.248188884028,0,276.620869034647,115.871357769661,0,101.5853655613,94.7280504127031,0
0,0,0,0,220.963068032256,193.63278243493,58.3493451392805,183.786860782462,0,0,0,0,0,0,106.926813611922,163.945208919892,81.9664354533492,353.822894641502,0,0,0,0,0,108.136066660554,93.5029580098427,84.3635741045246,99.3508940827211,119.728129215699,0,0,0,262.382215657622,0,186.348837226466,276.620869034647,0,112.349934713559,335.371040201042,0,192.693757128262,0
153.876396855887,215.611029055736,0,0,0,137.239127032733,159.183173818572,314.611698427915,195.378266313867,161.74915061469,82.1742780037132,263.534399241887,89.707245288964,251.098274723989,201.44584889478,0,0,101.85207633558,0,0,92.5568465385234,242.790381480436,74.7304794244225,181.316358113209,226.825099357786,137.189596148386,193.777661225572,0,162.833808134102,97.5855511246009,0,0,134.960780198024,196.032358954952,115.871357769661,112.349934713559,0,111.435629183184,137.177378802006,115.332064605654,113.144980278377
0,0,0,198.964527389285,196.04190773555,0,0,115.541295036174,172.892533368851,146.465927798921,128.846764897717,0,0,193.055010680236,0,0,96.7845769653343,192.135034768848,138.425725342224,0,0,0,0,62.311273509377,0,220.901129804706,0,0,329.719143597451,0,0,0,236.681907140956,116.176698124939,0,335.371040201042,111.435629183184,0,347.376449530863,99.2646516363145,146.814226519809
0,0,0,0,0,0,0,95.7590805983148,0,0,0,0,80.8080171296381,0,180.355266595273,0,0,0,0,0,0,0,150.161410108805,155.24952173131,0,0,106.533627130087,255.441154257905,249.798812580765,112.823430872325,0,323.781250289068,0,261.605527103798,101.5853655613,0,137.177378802006,347.376449530863,0,321.124897279917,0
0,0,0,0,104.369974912428,0,321.864157986053,133.984214699576,0,231.050882209,114.511014214502,261.440278806413,0,250.461724766314,0,172.608400267715,0,247.66948903751,178.748963182352,0,139.792601838991,0,168.241326865882,173.001559092555,73.1029054543569,284.529238481835,300.031143529538,204.481117647118,283.88658203332,0,0,240.185081663983,0,165.893015276821,94.7280504127031,192.693757128262,115.332064605654,99.2646516363145,321.124897279917,0,0
0,0,0,104.915316975638,108.381749703452,0,0,0,209.996727521564,103.519938150021,0,171.230058197369,0,0,142.385058730083,120.567029282014,0,158.567996645797,120.912756812582,74.4197823064597,325.937289045041,0,0,198.528111506785,0,153.672550905948,93.4234866874731,92.5207898118833,357.423078228283,101.443495235174,0,0,100.812745974529,193.659409924573,0,0,113.144980278377,146.814226519809,0,0,0
