0,0,0,0,0,329.719143597451,0,0,0,0,0,0,0,0,0,0,89.707245288964,228.075434767255,0,0,0,0,0,0,0,0,0,106.926813611922,0,0,0,0,0,0,0,228.792310020318,201.100640800745,0,0,0,0
0,0,0,0,0,0,0,0,0,0,0,0,173.538155409849,186.348837226466,0,0,0,0,0,135.294330067913,0,0,161.275817184598,151.806152521152,0,0,0,0,0,0,0,0,0,333.645516435298,101.5853655613,0,0,0,0,0,0
0,0,0,0,0,0,0,0,0,0,0,0,0,0,0,0,0,0,0,303.527509149359,0,0,99.3508940827211,0,0,180.543851962045,0,179.718364159796,0,0,0,0,0,74.7304794244225,0,0,0,0,0,0,0
0,0,0,0,178.683678585178,0,75.4497121078207,0,0,0,0,0,261.605527103798,0,0,136.792307586862,0,113.059176128709,94.7529894315991,82.6426202489162,0,0,0,0,0,232.945974238958,0,0,0,0,0,0,0,0,0,161.302948562323,276.620869034647,120.912756812582,0,101.443495235174,199.492852797962
0,0,0,178.683678585178,0,205.839960264176,0,153.672550905948,0,0,0,0,0,0,0,138.425725342224,0,0,0,0,219.430938885781,0,0,87.8456058929559,0,321.864157986053,0,98.2230592632363,153.453047983244,0,0,0,0,0,173.201474590904,138.33942793804,101.85207633558,0,0,320.356811100276,151.695570509541
329.719143597451,0,0,0,205.839960264176,0,0,0,0,0,0,0,0,249.905610015455,131.969743415579,0,0,0,0,181.316358113209,0,0,0,0,0,0,178.224497384947,192.135034768848,137.239127032733,0,0,0,0,259.442917595754,61.0664810463559,62.311273509377,160.530221557972,0,71.4788760670054,0,178.748963182352
0,0,0,75.4497121078207,0,0,0,0,0,0,0,209.996727521564,211.840482897052,0,0,0,0,0,0,249.798812580765,161.325017232684,94.7280504127031,0,103.519938150021,0,0,0,125.416941482916,100.812745974529,0,0,0,0,0,251.098274723989,115.114253591495,168.241326865882,0,0,284.529238481835,0
0,0,0,0,153.672550905948,0,0,0,0,357.423078228283,0,101.350815329073,0,0,0,196.032358954952,0,0,0,0,120.567029282014,0,0,0,119.345624434514,0,98.417953423071,0,134.960780198024,0,0,0,0,157.852515740516,92.5568465385234,231.715271819474,174.013630695256,280.376028997576,136.685314494491,164.032723165762,353.822894641502
0,0,0,0,0,0,0,0,0,224.551207449728,0,225.013371621378,0,177.763106506206,0,153.609372090384,0,0,0,0,0,85.6072705949986,0,0,0,0,0,146.465927798921,217.157696745803,0,0,0,0,188.936291522747,0,0,133.984214699576,0,261.440278806413,306.344527664232,0
0,0,0,0,0,0,0,357.423078228283,224.551207449728,0,0,0,0,163.059043292369,0,78.9559315574845,0,0,82.1742780037132,195.378266313867,0,167.066576495979,0,117.208001126138,0,212.592150359921,78.8552325762656,283.248188884028,0,0,0,162.833808134102,0,289.631679007608,115.871357769661,0,200.878319874537,0,196.04190773555,283.88658203332,90.7216186966914
0,0,0,0,0,0,0,0,0,0,0,142.385058730083,67.8267069095267,106.533627130087,0,0,240.185081663983,112.823430872325,0,314.611698427915,0,306.640284138334,0,0,325.937289045041,115.541295036174,0,221.805809452716,0,215.611029055736,0,0,0,0,252.487290983309,154.142998692322,223.705816669619,0,134.566479261133,259.055025639447,0
0,0,0,0,0,0,209.996727521564,101.350815329073,225.013371621378,0,142.385058730083,0,97.3232815600345,0,0,139.792601838991,236.681907140956,0,0,0,0,0,0,72.2278283150671,0,0,0,92.3502314520023,116.054372245433,206.912707094411,158.567996645797,90.1317194604647,0,94.9380989123498,139.654362654449,195.822649557859,93.4234866874731,128.846764897717,124.698445421759,204.481117647118,150.161410108805
0,173.538155409849,0,261.605527103798,0,0,211.840482897052,0,0,0,67.8267069095267,97.3232815600345,0,0,0,0,0,0,0,0,0,0,0,0,0,0,0,0,0,0,0,0,0,0,0,227.504408813069,0,0,0,0,0
0,186.348837226466,0,0,0,249.905610015455,0,0,177.763106506206,163.059043292369,106.533627130087,0,0,0,0,73.1029054543569,0,0,0,0,0,0,0,161.694997919804,0,348.674510760064,128.530575464043,172.608400267715,0,97.3506957544063,0,0,0,0,0,0,214.116367924649,106.33736463831,0,309.997227542691,0
0,0,0,0,0,131.969743415579,0,0,0,0,0,0,0,0,0,0,0,0,263.534399241887,0,0,0,0,0,183.786860782462,108.381749703452,114.511014214502,96.7845769653343,172.892533368851,104.915316975638,0,0,0,218.045528847001,347.376449530863,0,119.728129215699,0,0,193.055010680236,0
0,0,0,136.792307586862,138.425725342224,0,0,196.032358954952,153.609372090384,78.9559315574845,0,139.792601838991,0,73.1029054543569,0,0,0,0,0,0,0,0,0,173.059382066957,0,0,0,112.793316814908,0,0,0,0,0,0,0,125.81518738273,0,0,0,241.682021696872,0
89.707245288964,0,0,0,0,0,0,0,0,0,240.185081663983,236.681907140956,0,0,0,0,0,0,0,0,92.5207898118833,0,0,0,0,84.3635741045246,146.814226519809,0,0,0,0,0,80.8080171296381,0,0,0,151.075371308616,194.442125915551,0,0,180.355266595273
228.075434767255,0,0,113.059176128709,0,0,0,0,0,0,112.823430872325,0,0,0,0,0,0,0,0,0,0,0,0,154.070293657878,0,165.597665022977,0,0,0,242.790381480436,0,0,0,82.6299537488922,0,0,169.742003380707,0,0,224.523755099568,0
0,0,0,94.7529894315991,0,0,0,0,0,82.1742780037132,0,0,0,0,263.534399241887,0,0,0,0,0,0,0,0,197.486504603685,0,195.314816908693,192.601533877686,180.90030328818,0,0,0,0,0,115.868441404982,0,160.537522273714,135.667029391615,241.635434294794,191.519780382943,0,0
0,135.294330067913,303.527509149359,82.6426202489162,0,181.316358113209,249.798812580765,0,0,195.378266313867,314.611698427915,0,0,0,0,0,0,0,0,0,187.77054666536,0,89.1590885155172,0,128.405764333981,0,95.7590805983148,122.106946855269,198.528111506785,0,250.461724766314,0,0,0,0,0,82.4756938751058,104.369974912428,0,0,206.472608421747
0,0,0,0,219.430938885781,0,161.325017232684,120.567029282014,0,0,0,0,0,0,0,0,92.5207898118833,0,0,187.77054666536,0,93.5029580098427,0,0,0,0,0,80.4367166559625,125.994729980093,0,0,0,0,109.093416850988,321.124897279917,0,0,345.797434674459,143.005810983322,111.435629183184,0
0,0,0,0,0,0,94.7280504127031,0,85.6072705949986,167.066576495979,306.640284138334,0,0,0,0,0,0,0,0,0,93.5029580098427,0,241.57250333243,0,0,0,0,0,0,0,0,220.901129804706,0,0,0,0,139.93285932648,0,0,0,0
0,161.275817184598,99.3508940827211,0,0,0,0,0,0,0,0,0,0,0,0,0,0,0,0,89.1590885155172,0,241.57250333243,0,0,0,111.226326353722,73.4795582048751,81.2827395071039,151.01089327964,0,0,0,0,146.770754374523,110.384905066973,335.371040201042,89.3673883748406,133.218162784108,0,253.401634605989,66.5008477853491
0,151.806152521152,0,0,87.8456058929559,0,103.519938150021,0,0,117.208001126138,0,72.2278283150671,0,161.694997919804,0,173.059382066957,0,154.070293657878,197.486504603685,0,0,0,0,0,190.185165668632,0,101.605593487621,115.194491798135,0,89.9429017381717,0,0,0,300.031143529538,94.126460729827,0,155.24952173131,58.3493451392805,0,140.574866691684,193.777661225572
0,0,0,0,0,0,0,119.345624434514,0,0,325.937289045041,0,0,0,183.786860782462,0,0,0,0,128.405764333981,0,0,0,190.185165668632,0,0,145.74089716123,0,0,0,0,0,154.784755881607,0,101.895308036513,161.74915061469,0,247.66948903751,0,0,0
0,0,180.543851962045,232.945974238958,321.864157986053,0,0,0,0,212.592150359921,115.541295036174,0,0,348.674510760064,108.381749703452,0,84.3635741045246,165.597665022977,195.314816908693,0,0,0,111.226326353722,0,0,0,118.522099274347,106.128596538706,112.349934713559,0,0,71.5579325720569,0,197.893790332676,226.825099357786,175.196329314064,0,0,0,99.2646516363145,219.078548227669
0,0,0,0,0,178.224497384947,0,98.417953423071,0,78.8552325762656,0,0,0,128.530575464043,114.511014214502,0,146.814226519809,0,192.601533877686,95.7590805983148,0,0,73.4795582048751,101.605593487621,145.74089716123,118.522099274347,0,169.453147353278,201.44584889478,0,96.5937438588657,0,0,146.99041817625,188.851177466023,0,262.382215657622,184.249961885477,0,0,219.040656038919
106.926813611922,0,179.718364159796,0,98.2230592632363,192.135034768848,125.416941482916,0,146.465927798921,283.248188884028,221.805809452716,92.3502314520023,0,172.608400267715,96.7845769653343,112.793316814908,0,0,180.90030328818,122.106946855269,80.4367166559625,0,81.2827395071039,115.194491798135,0,106.128596538706,169.453147353278,0,158.955087279859,0,0,269.936825670274,0,141.204637091722,192.693757128262,171.906398392157,0,165.893015276821,0,142.054529471577,153.876396855887
0,0,0,0,153.453047983244,137.239127032733,100.812745974529,134.960780198024,217.157696745803,0,0,116.054372245433,0,0,172.892533368851,0,0,0,0,198.528111506785,125.994729980093,0,151.01089327964,0,0,112.349934713559,201.44584889478,158.955087279859,0,0,173.001559092555,0,338.131802716296,98.6790043377568,113.144980278377,208.005106191961,205.183249704085,193.63278243493,0,0,163.945208919892
0,0,0,0,0,0,0,0,0,0,215.611029055736,206.912707094411,0,97.3506957544063,104.915316975638,0,0,242.790381480436,0,0,0,0,0,89.9429017381717,0,0,0,0,0,0,0,0,0,205.09013266389,0,0,151.036729364761,137.177378802006,85.7623170715703,231.050882209,0
0,0,0,0,0,0,0,0,0,0,0,158.567996645797,0,0,0,0,0,0,0,250.461724766314,0,0,0,0,0,0,96.5937438588657,0,173.001559092555,0,0,0,0,116.176698124939,114.649126378906,0,0,0,0,0,0
0,0,0,0,0,0,0,0,0,162.833808134102,0,90.1317194604647,0,0,0,0,0,0,0,0,0,220.901129804706,0,0,0,71.5579325720569,0,269.936825670274,0,0,0,0,108.136066660554,148.808626413748,76.5072790361762,0,159.183173818572,124.853650664477,0,0,154.065933476765
0,0,0,0,0,0,0,0,0,0,0,0,0,0,0,0,80.8080171296381,0,0,0,0,0,0,0,154.784755881607,0,0,0,338.131802716296,0,0,108.136066660554,0,0,0,0,323.781250289068,0,0,0,0
0,333.645516435298,74.7304794244225,0,0,259.442917595754,0,157.852515740516,188.936291522747,289.631679007608,0,94.9380989123498,0,0,218.045528847001,0,0,82.6299537488922,115.868441404982,0,109.093416850988,0,146.770754374523,300.031143529538,0,197.893790332676,146.99041817625,141.204637091722,98.6790043377568,205.09013266389,116.176698124939,148.808626413748,0,0,255.441154257905,115.332064605654,204.084074037941,0,97.5855511246009,70.4221432298295,137.189596148386
0,101.5853655613,0,0,173.201474590904,61.0664810463559,251.098274723989,92.5568465385234,0,115.871357769661,252.487290983309,139.654362654449,0,0,347.376449530863,0,0,0,0,0,321.124897279917,0,110.384905066973,94.126460729827,101.895308036513,226.825099357786,188.851177466023,192.693757128262,113.144980278377,0,114.649126378906,76.5072790361762,0,255.441154257905,0,0,202.712457066107,186.973586461633,94.8881692391942,238.934743274142,193.659409924573
228.792310020318,0,0,161.302948562323,138.33942793804,62.311273509377,115.114253591495,231.715271819474,0,0,154.142998692322,195.822649557859,227.504408813069,0,0,125.81518738273,0,0,160.537522273714,0,0,0,335.371040201042,0,161.74915061469,175.196329314064,0,171.906398392157,208.005106191961,0,0,0,0,115.332064605654,0,0,0,0,222.053792850439,62.859596780235,0
201.100640800745,0,0,276.620869034647,101.85207633558,160.530221557972,168.241326865882,174.013630695256,133.984214699576,200.878319874537,223.705816669619,93.4234866874731,0,214.116367924649,119.728129215699,0,151.075371308616,169.742003380707,135.667029391615,82.4756938751058,0,139.93285932648,89.3673883748406,155.24952173131,0,0,262.382215657622,0,205.183249704085,151.036729364761,0,159.183173818572,323.781250289068,204.084074037941,202.712457066107,0,0,213.67670887414,198.964527389285,74.4197823064597,74.5815074003433
0,0,0,120.912756812582,0,0,0,280.376028997576,0,0,0,128.846764897717,0,106.33736463831,0,0,194.442125915551,0,241.635434294794,104.369974912428,345.797434674459,0,133.218162784108,58.3493451392805,247.66948903751,0,184.249961885477,165.893015276821,193.63278243493,137.177378802006,0,124.853650664477,0,0,186.973586461633,0,213.67670887414,0,0,155.901486485736,171.230058197369
0,0,0,0,0,71.4788760670054,0,136.685314494491,261.440278806413,196.04190773555,134.566479261133,124.698445421759,0,0,0,0,0,0,191.519780382943,0,143.005810983322,0,0,0,0,0,0,0,0,85.7623170715703,0,0,0,97.5855511246009,94.8881692391942,222.053792850439,198.964527389285,0,0,81.9664354533492,94.027247878695
0,0,0,101.443495235174,320.356811100276,0,284.529238481835,164.032723165762,306.344527664232,283.88658203332,259.055025639447,204.481117647118,0,309.997227542691,193.055010680236,241.682021696872,0,224.523755099568,0,0,111.435629183184,0,253.401634605989,140.574866691684,0,99.2646516363145,0,142.054529471577,0,231.050882209,0,0,0,70.4221432298295,238.934743274142,62.859596780235,74.4197823064597,155.901486485736,81.9664354533492,0,220.963068032256
0,0,0,199.492852797962,151.695570509541,178.748963182352,0,353.822894641502,0,90.7216186966914,0,150.161410108805,0,0,0,0,180.355266595273,0,0,206.472608421747,0,0,66.5008477853491,193.777661225572,0,219.078548227669,219.040656038919,153.876396855887,163.945208919892,0,0,154.065933476765,0,137.189596148386,193.659409924573,0,74.5815074003433,171.230058197369,94.027247878695,220.963068032256,0
