0,208.005106191961,0,0,0,0,0,0,0,0,0,0,0,0,0,0,0,0,0,0,0,255.441154257905,0,0,0,0,94.7280504127031,110.384905066973,0,0,0,133.984214699576,0,0,158.567996645797,0,0,0,0,0,0
208.005106191961,0,0,0,0,0,0,0,0,0,0,0,0,0,0,0,0,0,0,0,0,0,99.3508940827211,0,0,0,0,178.224497384947,0,0,0,0,0,231.715271819474,0,93.5029580098427,0,82.6299537488922,0,94.027247878695,0
0,0,0,0,0,0,0,196.04190773555,0,0,0,0,0,0,0,0,0,0,0,0,0,0,0,0,0,0,198.528111506785,0,0,117.208001126138,0,0,0,0,0,0,172.892533368851,0,0,74.5815074003433,0
0,0,0,0,0,252.487290983309,115.332064605654,0,0,0,0,112.823430872325,0,161.694997919804,115.194491798135,0,0,0,0,251.098274723989,0,97.3232815600345,0,85.7623170715703,0,0,0,0,0,0,220.963068032256,0,0,0,0,193.659409924573,241.635434294794,0,0,80.8080171296381,259.055025639447
0,0,0,0,0,0,0,120.912756812582,0,111.435629183184,0,0,187.77054666536,0,0,0,194.442125915551,0,128.405764333981,280.376028997576,262.382215657622,0,0,201.44584889478,0,114.511014214502,0,160.530221557972,0,0,0,0,0,82.1742780037132,306.344527664232,89.9429017381717,0,168.241326865882,0,0,0
0,0,0,252.487290983309,0,0,0,73.1029054543569,0,0,0,0,0,180.90030328818,0,0,66.5008477853491,0,137.189596148386,224.551207449728,0,0,0,0,0,109.093416850988,193.055010680236,209.996727521564,289.631679007608,0,0,0,0,75.4497121078207,357.423078228283,0,184.249961885477,0,347.376449530863,0,0
0,0,0,115.332064605654,0,0,0,242.790381480436,0,162.833808134102,161.325017232684,0,0,0,134.566479261133,0,0,0,0,0,0,0,0,0,329.719143597451,220.901129804706,0,263.534399241887,0,0,0,0,0,0,213.67670887414,227.504408813069,173.059382066957,138.33942793804,0,186.973586461633,0
0,0,196.04190773555,0,120.912756812582,73.1029054543569,242.790381480436,0,0,98.417953423071,0,81.2827395071039,0,0,0,0,0,206.472608421747,0,0,0,0,0,188.851177466023,0,0,169.742003380707,131.969743415579,247.66948903751,0,0,224.523755099568,0,128.530575464043,221.805809452716,0,58.3493451392805,0,113.059176128709,0,0
0,0,0,0,0,0,0,0,0,0,0,202.712457066107,0,173.001559092555,0,0,0,0,101.350815329073,0,0,0,222.053792850439,0,0,0,174.013630695256,78.9559315574845,154.065933476765,0,0,0,0,0,223.705816669619,0,261.605527103798,0,0,228.792310020318,225.013371621378
0,0,0,0,111.435629183184,0,162.833808134102,98.417953423071,0,0,0,0,0,0,0,0,0,0,0,249.798812580765,143.005810983322,0,151.01089327964,192.601533877686,81.9664354533492,195.314816908693,100.812745974529,241.57250333243,125.416941482916,139.93285932648,0,0,0,0,146.770754374523,94.9380989123498,157.852515740516,284.529238481835,0,125.81518738273,0
0,0,0,0,0,0,161.325017232684,0,0,0,0,0,0,101.895308036513,0,0,0,193.63278243493,120.567029282014,0,197.893790332676,0,97.5855511246009,0,0,0,219.078548227669,309.997227542691,236.681907140956,0,0,112.793316814908,0,154.070293657878,0,0,200.878319874537,253.401634605989,159.183173818572,276.620869034647,205.839960264176
0,0,0,112.823430872325,0,0,0,81.2827395071039,202.712457066107,0,0,0,0,133.218162784108,161.74915061469,204.084074037941,115.871357769661,93.4234866874731,0,148.808626413748,62.859596780235,0,0,180.543851962045,0,163.059043292369,135.294330067913,0,118.522099274347,0,0,0,106.926813611922,154.784755881607,104.369974912428,0,165.893015276821,179.718364159796,0,206.912707094411,90.7216186966914
0,0,0,0,187.77054666536,0,0,0,0,0,0,0,0,0,158.955087279859,0,0,0,0,0,0,0,134.960780198024,0,0,0,0,314.611698427915,0,0,0,0,0,250.461724766314,0,0,94.7529894315991,0,0,0,0
0,0,0,161.694997919804,0,180.90030328818,0,0,173.001559092555,0,101.895308036513,133.218162784108,0,0,0,0,0,154.142998692322,71.4788760670054,0,240.185081663983,0,173.538155409849,0,0,0,0,94.8881692391942,108.136066660554,196.032358954952,0,0,0,0,0,0,145.74089716123,164.032723165762,0,0,0
0,0,0,115.194491798135,0,0,134.566479261133,0,0,0,0,161.74915061469,158.955087279859,0,0,175.196329314064,80.4367166559625,0,303.527509149359,0,125.994729980093,0,353.822894641502,0,0,195.378266313867,241.682021696872,0,0,0,0,0,0,0,0,0,0,0,0,0,92.3502314520023
0,0,0,0,0,0,0,0,0,0,0,204.084074037941,0,0,175.196329314064,0,0,0,0,0,0,0,0,87.8456058929559,0,172.608400267715,0,92.5568465385234,61.0664810463559,146.814226519809,0,0,0,0,0,0,140.574866691684,0,142.054529471577,89.707245288964,128.846764897717
0,0,0,0,194.442125915551,66.5008477853491,0,0,0,0,0,115.871357769661,0,0,80.4367166559625,0,0,0,0,139.792601838991,0,0,0,0,0,0,0,0,115.541295036174,0,160.537522273714,0,0,0,150.161410108805,0,269.936825670274,0,0,0,177.763106506206
0,0,0,0,0,0,0,206.472608421747,0,0,193.63278243493,93.4234866874731,0,154.142998692322,0,0,0,0,0,0,0,0,0,188.936291522747,0,97.3506957544063,300.031143529538,259.442917595754,0,0,0,0,0,0,0,106.33736463831,0,0,0,0,0
0,0,0,0,128.405764333981,137.189596148386,0,0,101.350815329073,0,120.567029282014,0,0,71.4788760670054,303.527509149359,0,0,0,0,0,101.605593487621,0,0,0,142.385058730083,0,0,0,0,0,0,0,0,0,0,0,111.226326353722,0,171.230058197369,101.85207633558,169.453147353278
0,0,0,251.098274723989,280.376028997576,224.551207449728,0,0,0,249.798812580765,0,148.808626413748,0,0,0,0,139.792601838991,0,0,0,0,0,0,0,0,108.381749703452,112.349934713559,218.045528847001,70.4221432298295,0,0,0,0,136.685314494491,323.781250289068,96.5937438588657,106.128596538706,119.728129215699,153.672550905948,94.126460729827,0
0,0,0,0,262.382215657622,0,0,0,0,143.005810983322,197.893790332676,62.859596780235,0,240.185081663983,125.994729980093,0,0,0,101.605593487621,0,0,0,0,231.050882209,0,0,0,232.945974238958,0,0,0,0,0,151.695570509541,201.100640800745,0,153.453047983244,0,62.311273509377,0,0
255.441154257905,0,0,97.3232815600345,0,0,0,0,0,0,0,0,0,0,0,0,0,0,0,0,0,0,0,0,0,192.693757128262,0,0,122.106946855269,345.797434674459,0,0,0,82.6426202489162,0,0,98.6790043377568,0,0,0,74.4197823064597
0,99.3508940827211,0,0,0,0,0,0,222.053792850439,151.01089327964,97.5855511246009,0,134.960780198024,173.538155409849,353.822894641502,0,0,0,0,0,0,0,0,76.5072790361762,0,325.937289045041,0,0,226.825099357786,0,0,0,193.777661225572,0,0,116.176698124939,0,98.2230592632363,106.533627130087,0,90.1317194604647
0,0,0,85.7623170715703,201.44584889478,0,0,188.851177466023,0,192.601533877686,0,180.543851962045,0,0,0,87.8456058929559,0,188.936291522747,0,0,231.050882209,0,76.5072790361762,0,204.481117647118,228.075434767255,163.945208919892,238.934743274142,211.840482897052,0,0,151.036729364761,0,249.905610015455,306.640284138334,0,0,0,89.1590885155172,321.864157986053,0
0,0,0,0,0,0,329.719143597451,0,0,81.9664354533492,0,0,0,0,0,0,0,0,142.385058730083,0,0,0,0,204.481117647118,0,0,0,153.876396855887,0,0,0,0,0,124.853650664477,114.649126378906,135.667029391615,161.302948562323,0,0,0,146.465927798921
0,0,0,0,114.511014214502,109.093416850988,220.901129804706,0,0,195.314816908693,0,163.059043292369,0,0,195.378266313867,172.608400267715,0,97.3506957544063,0,108.381749703452,0,192.693757128262,325.937289045041,228.075434767255,0,0,0,180.355266595273,0,0,0,181.316358113209,0,178.748963182352,92.5207898118833,0,151.806152521152,101.5853655613,0,101.443495235174,104.915316975638
94.7280504127031,0,198.528111506785,0,0,193.055010680236,0,169.742003380707,174.013630695256,100.812745974529,219.078548227669,135.294330067913,0,0,241.682021696872,0,0,300.031143529538,0,112.349934713559,0,0,0,163.945208919892,0,0,0,178.683678585178,0,99.2646516363145,0,67.8267069095267,195.822649557859,146.99041817625,136.792307586862,0,139.654362654449,171.906398392157,0,0,0
110.384905066973,178.224497384947,0,0,160.530221557972,209.996727521564,263.534399241887,131.969743415579,78.9559315574845,241.57250333243,309.997227542691,0,314.611698427915,94.8881692391942,0,92.5568465385234,0,259.442917595754,0,218.045528847001,232.945974238958,0,0,238.934743274142,153.876396855887,180.355266595273,178.683678585178,0,0,215.611029055736,0,0,0,85.6072705949986,183.786860782462,190.185165668632,198.964527389285,0,95.7590805983148,283.88658203332,103.519938150021
0,0,0,0,0,289.631679007608,0,247.66948903751,154.065933476765,125.416941482916,236.681907140956,118.522099274347,0,108.136066660554,0,61.0664810463559,115.541295036174,0,0,70.4221432298295,0,122.106946855269,226.825099357786,211.840482897052,0,0,0,0,0,261.440278806413,0,0,0,115.868441404982,186.348837226466,74.7304794244225,335.371040201042,151.075371308616,0,115.114253591495,137.239127032733
0,0,117.208001126138,0,0,0,0,0,0,139.93285932648,0,0,0,196.032358954952,0,146.814226519809,0,0,0,0,0,345.797434674459,0,0,0,0,99.2646516363145,215.611029055736,261.440278806413,0,0,0,0,0,192.135034768848,0,214.116367924649,0,0,73.4795582048751,0
0,0,0,220.963068032256,0,0,0,0,0,0,0,0,0,0,0,0,160.537522273714,0,0,0,0,0,0,0,0,0,0,0,0,0,0,0,0,155.901486485736,0,0,348.674510760064,338.131802716296,0,191.519780382943,0
133.984214699576,0,0,0,0,0,0,224.523755099568,0,0,112.793316814908,0,0,0,0,0,0,0,0,0,0,0,0,151.036729364761,0,181.316358113209,67.8267069095267,0,0,0,0,0,0,84.3635741045246,0,165.597665022977,0,78.8552325762656,0,205.183249704085,89.3673883748406
0,0,0,0,0,0,0,0,0,0,0,106.926813611922,0,0,0,0,0,0,0,0,0,0,193.777661225572,0,0,0,195.822649557859,0,0,0,0,0,0,124.698445421759,0,0,0,0,0,155.24952173131,0
0,231.715271819474,0,0,82.1742780037132,75.4497121078207,0,128.530575464043,0,0,154.070293657878,154.784755881607,250.461724766314,0,0,0,0,0,0,136.685314494491,151.695570509541,82.6426202489162,0,249.905610015455,124.853650664477,178.748963182352,146.99041817625,85.6072705949986,115.868441404982,0,155.901486485736,84.3635741045246,124.698445421759,0,333.645516435298,96.7845769653343,138.425725342224,137.177378802006,141.204637091722,167.066576495979,72.2278283150671
158.567996645797,0,0,0,306.344527664232,357.423078228283,213.67670887414,221.805809452716,223.705816669619,146.770754374523,0,104.369974912428,0,0,0,0,150.161410108805,0,0,323.781250289068,201.100640800745,0,0,306.640284138334,114.649126378906,92.5207898118833,136.792307586862,183.786860782462,186.348837226466,192.135034768848,0,0,0,333.645516435298,0,173.201474590904,205.09013266389,161.275817184598,71.5579325720569,283.248188884028,197.486504603685
0,93.5029580098427,0,193.659409924573,89.9429017381717,0,227.504408813069,0,0,94.9380989123498,0,0,0,0,0,0,0,106.33736463831,0,96.5937438588657,0,0,116.176698124939,0,135.667029391615,0,0,190.185165668632,74.7304794244225,0,0,165.597665022977,0,96.7845769653343,173.201474590904,0,321.124897279917,217.157696745803,199.492852797962,320.356811100276,153.609372090384
0,0,172.892533368851,241.635434294794,0,184.249961885477,173.059382066957,58.3493451392805,261.605527103798,157.852515740516,200.878319874537,165.893015276821,94.7529894315991,145.74089716123,0,140.574866691684,269.936825670274,0,111.226326353722,106.128596538706,153.453047983244,98.6790043377568,0,0,161.302948562323,151.806152521152,139.654362654449,198.964527389285,335.371040201042,214.116367924649,348.674510760064,0,0,138.425725342224,205.09013266389,321.124897279917,0,219.040656038919,82.4756938751058,0,116.054372245433
0,82.6299537488922,0,0,168.241326865882,0,138.33942793804,0,0,284.529238481835,253.401634605989,179.718364159796,0,164.032723165762,0,0,0,0,0,119.728129215699,0,0,98.2230592632363,0,0,101.5853655613,171.906398392157,0,151.075371308616,0,338.131802716296,78.8552325762656,0,137.177378802006,161.275817184598,217.157696745803,219.040656038919,0,0,113.144980278377,119.345624434514
0,0,0,0,0,347.376449530863,0,113.059176128709,0,0,159.183173818572,0,0,0,0,142.054529471577,0,0,171.230058197369,153.672550905948,62.311273509377,0,106.533627130087,89.1590885155172,0,0,0,95.7590805983148,0,0,0,0,0,141.204637091722,71.5579325720569,199.492852797962,82.4756938751058,0,0,219.430938885781,0
0,94.027247878695,74.5815074003433,80.8080171296381,0,0,186.973586461633,0,228.792310020318,125.81518738273,276.620869034647,206.912707094411,0,0,0,89.707245288964,0,0,101.85207633558,94.126460729827,0,0,0,321.864157986053,0,101.443495235174,0,283.88658203332,115.114253591495,73.4795582048751,191.519780382943,205.183249704085,155.24952173131,167.066576495979,283.248188884028,320.356811100276,0,113.144980278377,219.430938885781,0,212.592150359921
0,0,0,259.055025639447,0,0,0,0,225.013371621378,0,205.839960264176,90.7216186966914,0,0,92.3502314520023,128.846764897717,177.763106506206,0,169.453147353278,0,0,74.4197823064597,90.1317194604647,0,146.465927798921,104.915316975638,0,103.519938150021,137.239127032733,0,0,89.3673883748406,0,72.2278283150671,197.486504603685,153.609372090384,116.054372245433,119.345624434514,0,212.592150359921,0
