0,0,0,72.2278283150671,0,0,0,0,0,0,135.667029391615,0,0,0,0,161.325017232684,0,0,0,0,0,0,0,222.053792850439,0,0,0,0,188.851177466023,0,0,0,0,0,0,0,325.937289045041,0,0,0,0
0,0,0,0,208.005106191961,0,0,0,0,163.059043292369,0,115.332064605654,0,0,0,0,178.224497384947,0,0,194.442125915551,0,0,0,0,0,0,0,192.601533877686,0,0,0,0,0,0,0,0,0,0,109.093416850988,0,0
0,0,0,0,0,0,87.8456058929559,0,192.135034768848,0,0,0,0,0,0,0,0,0,0,0,0,0,0,0,0,0,205.09013266389,0,0,0,0,0,0,0,0,0,0,0,0,333.645516435298,138.425725342224
72.2278283150671,0,0,0,0,0,0,345.797434674459,0,0,0,90.7216186966914,0,197.893790332676,71.4788760670054,0,0,0,0,242.790381480436,0,0,0,0,0,111.226326353722,93.5029580098427,163.945208919892,0,0,0,161.302948562323,0,320.356811100276,74.5815074003433,0,0,0,321.124897279917,0,0
0,208.005106191961,0,0,0,106.926813611922,0,232.945974238958,0,95.7590805983148,0,0,0,0,0,0,347.376449530863,0,0,0,0,0,82.6299537488922,217.157696745803,0,201.100640800745,0,131.969743415579,193.659409924573,0,0,74.4197823064597,0,0,0,0,172.608400267715,94.027247878695,0,303.527509149359,0
0,0,0,0,106.926813611922,0,169.453147353278,66.5008477853491,0,0,0,0,0,0,0,251.098274723989,0,0,0,0,160.537522273714,0,0,202.712457066107,0,73.4795582048751,0,153.609372090384,0,0,0,0,0,94.126460729827,120.567029282014,94.7529894315991,98.2230592632363,0,82.6426202489162,0,125.416941482916
0,0,87.8456058929559,0,0,169.453147353278,0,0,0,0,0,280.376028997576,0,0,0,0,0,0,0,0,0,0,0,94.9380989123498,323.781250289068,219.040656038919,101.350815329073,191.519780382943,151.075371308616,314.611698427915,0,0,0,0,81.2827395071039,0,161.275817184598,0,0,0,180.90030328818
0,0,0,345.797434674459,232.945974238958,66.5008477853491,0,0,261.440278806413,0,0,0,0,114.511014214502,0,0,0,0,0,80.4367166559625,0,183.786860782462,0,0,0,133.984214699576,111.435629183184,150.161410108805,228.792310020318,0,0,124.853650664477,0,70.4221432298295,0,153.453047983244,0,0,0,62.859596780235,92.5207898118833
0,0,192.135034768848,0,0,0,0,261.440278806413,0,0,205.839960264176,187.77054666536,0,80.8080171296381,0,0,0,0,0,0,0,0,0,211.840482897052,0,0,0,221.805809452716,0,148.808626413748,0,0,0,0,78.9559315574845,0,162.833808134102,0,0,0,81.9664354533492
0,163.059043292369,0,0,95.7590805983148,0,0,0,0,0,0,96.5937438588657,0,155.901486485736,0,0,0,225.013371621378,159.183173818572,0,188.936291522747,0,140.574866691684,195.378266313867,139.93285932648,0,0,142.054529471577,137.189596148386,0,0,199.492852797962,0,250.461724766314,135.294330067913,106.128596538706,145.74089716123,0,0,0,158.567996645797
135.667029391615,0,0,0,0,0,0,0,205.839960264176,0,0,0,0,0,215.611029055736,0,180.543851962045,0,353.822894641502,138.33942793804,0,0,276.620869034647,161.694997919804,0,93.4234866874731,0,0,262.382215657622,101.895308036513,0,0,0,0,219.430938885781,0,195.314816908693,253.401634605989,0,255.441154257905,108.381749703452
0,115.332064605654,0,90.7216186966914,0,0,280.376028997576,0,187.77054666536,96.5937438588657,0,0,197.486504603685,0,120.912756812582,0,0,0,117.208001126138,82.4756938751058,0,178.683678585178,0,0,0,154.142998692322,284.529238481835,184.249961885477,0,224.551207449728,0,0,0,357.423078228283,249.798812580765,0,269.936825670274,157.852515740516,338.131802716296,106.533627130087,94.7280504127031
0,0,0,0,0,0,0,0,0,0,0,197.486504603685,0,0,0,0,0,0,0,0,0,0,0,158.955087279859,0,0,0,0,101.5853655613,0,0,0,0,186.973586461633,0,0,0,0,0,99.2646516363145,114.649126378906
0,0,0,197.893790332676,0,0,0,114.511014214502,80.8080171296381,155.901486485736,0,0,0,0,0,0,0,0,0,220.963068032256,0,0,212.592150359921,0,0,238.934743274142,0,198.528111506785,154.065933476765,0,0,0,0,306.344527664232,71.5579325720569,128.530575464043,0,0,134.960780198024,223.705816669619,0
0,0,0,71.4788760670054,0,0,0,0,0,0,215.611029055736,120.912756812582,0,0,0,0,0,0,0,0,0,0,101.605593487621,143.005810983322,0,62.311273509377,0,0,0,0,136.792307586862,0,0,0,206.912707094411,195.822649557859,247.66948903751,85.7623170715703,0,252.487290983309,0
161.325017232684,0,0,0,0,251.098274723989,0,0,0,0,0,0,0,0,0,0,0,164.032723165762,160.530221557972,89.707245288964,0,0,0,0,0,0,181.316358113209,112.823430872325,198.964527389285,0,0,0,0,0,0,0,213.67670887414,289.631679007608,0,0,177.763106506206
0,178.224497384947,0,0,347.376449530863,0,0,0,0,0,180.543851962045,0,0,0,0,0,0,0,0,0,0,0,0,0,0,173.059382066957,0,0,241.682021696872,0,0,0,0,116.054372245433,0,0,101.85207633558,0,226.825099357786,153.876396855887,151.01089327964
0,0,0,0,0,0,0,0,0,225.013371621378,0,0,0,0,0,164.032723165762,0,0,0,0,0,0,0,85.6072705949986,0,0,0,75.4497121078207,139.792601838991,0,0,0,0,204.481117647118,0,97.3232815600345,151.695570509541,0,0,103.519938150021,0
0,0,0,0,0,0,0,0,0,159.183173818572,353.822894641502,117.208001126138,0,0,0,160.530221557972,0,0,0,0,0,0,89.1590885155172,0,0,0,0,115.541295036174,178.748963182352,0,0,0,0,146.465927798921,89.3673883748406,171.906398392157,169.742003380707,241.57250333243,0,0,0
0,194.442125915551,0,242.790381480436,0,0,0,80.4367166559625,0,0,138.33942793804,82.4756938751058,0,220.963068032256,0,89.707245288964,0,0,0,0,209.996727521564,0,113.144980278377,97.3506957544063,0,125.994729980093,227.504408813069,98.417953423071,74.7304794244225,0,0,0,0,0,108.136066660554,249.905610015455,0,0,0,231.050882209,0
0,0,0,0,0,160.537522273714,0,0,0,188.936291522747,0,0,0,0,0,0,0,0,0,209.996727521564,0,0,92.5568465385234,0,193.777661225572,61.0664810463559,97.5855511246009,204.084074037941,0,0,0,0,0,115.871357769661,0,186.348837226466,196.032358954952,118.522099274347,0,0,84.3635741045246
0,0,0,0,0,0,0,183.786860782462,0,0,0,178.683678585178,0,0,0,0,0,0,0,0,0,0,205.183249704085,0,0,0,154.070293657878,89.9429017381717,0,0,0,0,0,220.901129804706,0,0,180.355266595273,0,0,104.915316975638,0
0,0,0,0,82.6299537488922,0,0,0,0,140.574866691684,276.620869034647,0,0,212.592150359921,101.605593487621,0,0,0,89.1590885155172,113.144980278377,92.5568465385234,205.183249704085,0,0,0,0,0,0,0,0,0,0,73.1029054543569,90.1317194604647,241.635434294794,0,228.075434767255,67.8267069095267,0,0,96.7845769653343
222.053792850439,0,0,0,217.157696745803,202.712457066107,94.9380989123498,0,211.840482897052,195.378266313867,161.694997919804,0,158.955087279859,0,143.005810983322,0,0,85.6072705949986,0,97.3506957544063,0,0,0,0,0,0,309.997227542691,0,283.248188884028,0,0,173.201474590904,0,58.3493451392805,0,101.443495235174,99.3508940827211,193.63278243493,0,0,119.728129215699
0,0,0,0,0,0,323.781250289068,0,0,139.93285932648,0,0,0,0,0,0,0,0,0,0,193.777661225572,0,0,0,0,0,0,165.893015276821,0,125.81518738273,0,0,0,0,128.846764897717,0,142.385058730083,112.349934713559,0,321.864157986053,224.523755099568
0,0,0,111.226326353722,201.100640800745,73.4795582048751,219.040656038919,133.984214699576,0,0,93.4234866874731,154.142998692322,0,238.934743274142,62.311273509377,0,173.059382066957,0,0,125.994729980093,61.0664810463559,0,0,0,0,0,0,165.597665022977,0,0,104.369974912428,0,0,151.806152521152,137.239127032733,153.672550905948,112.793316814908,200.878319874537,0,218.045528847001,0
0,0,205.09013266389,93.5029580098427,0,0,101.350815329073,111.435629183184,0,0,0,284.529238481835,0,0,0,181.316358113209,0,0,0,227.504408813069,97.5855511246009,154.070293657878,0,309.997227542691,0,0,0,146.99041817625,173.001559092555,78.8552325762656,0,0,116.176698124939,171.230058197369,0,0,240.185081663983,168.241326865882,161.74915061469,206.472608421747,263.534399241887
0,192.601533877686,0,163.945208919892,131.969743415579,153.609372090384,191.519780382943,150.161410108805,221.805809452716,142.054529471577,0,184.249961885477,0,198.528111506785,0,112.823430872325,0,75.4497121078207,115.541295036174,98.417953423071,204.084074037941,89.9429017381717,0,0,165.893015276821,165.597665022977,146.99041817625,0,0,259.442917595754,0,122.106946855269,0,110.384905066973,236.681907140956,151.036729364761,98.6790043377568,348.674510760064,0,0,261.605527103798
188.851177466023,0,0,0,193.659409924573,0,151.075371308616,228.792310020318,0,137.189596148386,262.382215657622,0,101.5853655613,154.065933476765,0,198.964527389285,241.682021696872,139.792601838991,178.748963182352,74.7304794244225,0,0,0,283.248188884028,0,0,173.001559092555,0,0,0,0,0,0,0,92.3502314520023,179.718364159796,0,174.013630695256,154.784755881607,173.538155409849,167.066576495979
0,0,0,0,0,0,314.611698427915,0,148.808626413748,0,101.895308036513,224.551207449728,0,0,0,0,0,0,0,0,0,0,0,0,125.81518738273,0,78.8552325762656,259.442917595754,0,0,0,0,0,115.194491798135,306.640284138334,0,231.715271819474,0,0,175.196329314064,0
0,0,0,0,0,0,0,0,0,0,0,0,0,0,136.792307586862,0,0,0,0,0,0,0,0,0,0,104.369974912428,0,0,0,0,0,0,0,82.1742780037132,196.04190773555,0,0,219.078548227669,134.566479261133,0,0
0,0,0,161.302948562323,74.4197823064597,0,0,124.853650664477,0,199.492852797962,0,0,0,0,0,0,0,0,0,0,0,0,0,173.201474590904,0,0,0,122.106946855269,0,0,0,0,124.698445421759,0,141.204637091722,192.693757128262,190.185165668632,0,0,115.868441404982,0
0,0,0,0,0,0,0,0,0,0,0,0,0,0,0,0,0,0,0,0,0,0,73.1029054543569,0,0,0,116.176698124939,0,0,0,0,124.698445421759,0,193.055010680236,0,0,0,172.892533368851,0,0,0
0,0,0,320.356811100276,0,94.126460729827,0,70.4221432298295,0,250.461724766314,0,357.423078228283,186.973586461633,306.344527664232,0,0,116.054372245433,204.481117647118,146.465927798921,0,115.871357769661,220.901129804706,90.1317194604647,58.3493451392805,0,151.806152521152,171.230058197369,110.384905066973,0,115.194491798135,82.1742780037132,0,193.055010680236,0,136.685314494491,300.031143529538,146.770754374523,0,283.88658203332,137.177378802006,155.24952173131
0,0,0,74.5815074003433,0,120.567029282014,81.2827395071039,0,78.9559315574845,135.294330067913,219.430938885781,249.798812580765,0,71.5579325720569,206.912707094411,0,0,0,89.3673883748406,108.136066660554,0,0,241.635434294794,0,128.846764897717,137.239127032733,0,236.681907140956,92.3502314520023,306.640284138334,196.04190773555,141.204637091722,0,136.685314494491,0,128.405764333981,214.116367924649,146.814226519809,335.371040201042,329.719143597451,0
0,0,0,0,0,94.7529894315991,0,153.453047983244,0,106.128596538706,0,0,0,128.530575464043,195.822649557859,0,0,97.3232815600345,171.906398392157,249.905610015455,186.348837226466,0,0,101.443495235174,0,153.672550905948,0,151.036729364761,179.718364159796,0,0,192.693757128262,0,300.031143529538,128.405764333981,0,201.44584889478,0,133.218162784108,76.5072790361762,0
325.937289045041,0,0,0,172.608400267715,98.2230592632363,161.275817184598,0,162.833808134102,145.74089716123,195.314816908693,269.936825670274,0,0,247.66948903751,213.67670887414,101.85207633558,151.695570509541,169.742003380707,0,196.032358954952,180.355266595273,228.075434767255,99.3508940827211,142.385058730083,112.793316814908,240.185081663983,98.6790043377568,0,231.715271819474,0,190.185165668632,0,146.770754374523,214.116367924649,201.44584889478,0,115.114253591495,94.8881692391942,100.812745974529,259.055025639447
0,0,0,0,94.027247878695,0,0,0,0,0,253.401634605989,157.852515740516,0,0,85.7623170715703,289.631679007608,0,0,241.57250333243,0,118.522099274347,0,67.8267069095267,193.63278243493,112.349934713559,200.878319874537,168.241326865882,348.674510760064,174.013630695256,0,219.078548227669,0,172.892533368851,0,146.814226519809,0,115.114253591495,0,119.345624434514,106.33736463831,0
0,109.093416850988,0,321.124897279917,0,82.6426202489162,0,0,0,0,0,338.131802716296,0,134.960780198024,0,0,226.825099357786,0,0,0,0,0,0,0,0,0,161.74915061469,0,154.784755881607,0,134.566479261133,0,0,283.88658203332,335.371040201042,133.218162784108,94.8881692391942,119.345624434514,0,139.654362654449,0
0,0,333.645516435298,0,303.527509149359,0,0,62.859596780235,0,0,255.441154257905,106.533627130087,99.2646516363145,223.705816669619,252.487290983309,0,153.876396855887,103.519938150021,0,231.050882209,0,104.915316975638,0,0,321.864157986053,218.045528847001,206.472608421747,0,173.538155409849,175.196329314064,0,115.868441404982,0,137.177378802006,329.719143597451,76.5072790361762,100.812745974529,106.33736463831,139.654362654449,0,113.059176128709
0,0,138.425725342224,0,0,125.416941482916,180.90030328818,92.5207898118833,81.9664354533492,158.567996645797,108.381749703452,94.7280504127031,114.649126378906,0,0,177.763106506206,151.01089327964,0,0,0,84.3635741045246,0,96.7845769653343,119.728129215699,224.523755099568,0,263.534399241887,261.605527103798,167.066576495979,0,0,0,0,155.24952173131,0,0,259.055025639447,0,0,113.059176128709,0
