0,0,0,0,0,0,0,0,0,0,0,0,0,0,0,82.4756938751058,0,0,0,0,269.936825670274,0,0,0,0,146.814226519809,0,284.529238481835,128.530575464043,0,0,0,0,0,111.226326353722,0,0,0,0,0,0
0,0,0,0,184.249961885477,0,150.161410108805,0,0,0,0,0,0,0,0,0,0,0,0,131.969743415579,0,0,0,0,0,0,87.8456058929559,0,0,73.1029054543569,0,0,0,0,0,0,0,0,0,80.8080171296381,85.6072705949986
0,0,0,0,0,0,0,0,0,0,0,0,0,0,0,0,0,0,0,0,0,0,0,0,0,0,0,151.01089327964,0,0,0,0,101.443495235174,0,101.5853655613,0,115.871357769661,0,112.793316814908,0,0
0,0,0,0,0,323.781250289068,94.027247878695,0,0,0,173.059382066957,96.5937438588657,0,0,0,0,0,0,0,0,0,0,0,0,0,0,0,0,135.294330067913,169.742003380707,0,0,0,241.57250333243,133.984214699576,280.376028997576,259.442917595754,191.519780382943,0,66.5008477853491,139.93285932648
0,184.249961885477,0,0,0,0,0,146.465927798921,0,0,0,0,0,74.4197823064597,0,0,0,0,0,142.385058730083,0,133.218162784108,0,0,89.707245288964,153.876396855887,309.997227542691,276.620869034647,0,0,140.574866691684,0,0,225.013371621378,0,0,96.7845769653343,97.3506957544063,0,0,252.487290983309
0,0,0,323.781250289068,0,0,195.378266313867,0,0,0,321.864157986053,164.032723165762,0,67.8267069095267,0,0,0,0,0,0,0,183.786860782462,231.715271819474,0,325.937289045041,0,160.530221557972,348.674510760064,221.805809452716,0,0,0,0,0,0,116.054372245433,0,0,0,208.005106191961,196.032358954952
0,150.161410108805,0,94.027247878695,0,195.378266313867,0,0,0,0,0,0,0,0,93.5029580098427,0,73.4795582048751,0,0,0,0,0,0,0,0,0,196.04190773555,153.453047983244,0,0,90.1317194604647,199.492852797962,0,261.440278806413,217.157696745803,0,0,0,160.537522273714,0,92.5568465385234
0,0,0,0,146.465927798921,0,0,0,161.325017232684,347.376449530863,0,192.601533877686,0,0,0,0,0,0,249.798812580765,0,0,0,0,205.183249704085,0,338.131802716296,0,161.302948562323,80.4367166559625,0,0,0,0,320.356811100276,125.994729980093,262.382215657622,157.852515740516,62.311273509377,201.100640800745,0,148.808626413748
0,0,0,0,0,0,0,161.325017232684,0,232.945974238958,0,0,0,0,0,0,181.316358113209,0,0,224.551207449728,0,0,0,0,0,0,115.194491798135,306.640284138334,71.5579325720569,0,0,0,0,173.001559092555,114.511014214502,0,78.8552325762656,0,0,122.106946855269,0
0,0,0,0,0,0,0,347.376449530863,232.945974238958,0,0,125.416941482916,190.185165668632,0,240.185081663983,0,0,0,0,173.201474590904,175.196329314064,0,145.74089716123,82.6426202489162,219.040656038919,241.635434294794,158.955087279859,84.3635741045246,0,0,0,0,0,101.895308036513,200.878319874537,0,165.597665022977,215.611029055736,0,0,333.645516435298
0,0,0,173.059382066957,0,321.864157986053,0,0,0,0,0,0,104.915316975638,0,198.964527389285,151.036729364761,0,0,0,128.846764897717,0,0,0,253.401634605989,0,137.239127032733,0,0,116.176698124939,0,0,0,0,180.543851962045,125.81518738273,82.1742780037132,97.5855511246009,172.608400267715,0,109.093416850988,70.4221432298295
0,0,0,96.5937438588657,0,164.032723165762,0,192.601533877686,0,125.416941482916,0,0,0,146.770754374523,101.85207633558,0,0,213.67670887414,0,0,161.74915061469,0,194.442125915551,0,119.728129215699,136.685314494491,0,154.065933476765,0,205.839960264176,0,0,0,76.5072790361762,329.719143597451,206.912707094411,98.417953423071,167.066576495979,120.912756812582,101.605593487621,188.936291522747
0,0,0,0,0,0,0,0,0,190.185165668632,104.915316975638,0,0,0,0,0,0,0,0,0,0,0,0,0,0,0,0,0,0,106.33736463831,0,0,0,0,0,0,72.2278283150671,0,171.906398392157,228.792310020318,0
0,0,0,0,74.4197823064597,67.8267069095267,0,0,0,0,0,146.770754374523,0,0,0,0,0,0,142.054529471577,211.840482897052,134.960780198024,0,0,178.748963182352,0,0,0,169.453147353278,173.538155409849,0,0,0,138.425725342224,209.996727521564,206.472608421747,0,111.435629183184,250.461724766314,0,0,0
0,0,0,0,0,0,93.5029580098427,0,0,240.185081663983,198.964527389285,101.85207633558,0,0,0,0,0,0,0,0,0,0,151.075371308616,0,0,97.3232815600345,78.9559315574845,115.332064605654,165.893015276821,0,0,0,0,0,0,193.659409924573,89.1590885155172,0,0,154.142998692322,0
82.4756938751058,0,0,0,0,0,0,0,0,0,151.036729364761,0,0,0,0,0,251.098274723989,0,0,61.0664810463559,0,0,0,154.070293657878,0,223.705816669619,98.2230592632363,0,89.9429017381717,0,0,0,0,0,108.381749703452,0,0,0,0,224.523755099568,231.050882209
0,0,0,0,0,0,73.4795582048751,0,181.316358113209,0,0,0,0,0,0,251.098274723989,0,0,0,0,0,0,0,179.718364159796,0,112.349934713559,154.784755881607,136.792307586862,0,0,0,0,0,0,100.812745974529,0,0,283.248188884028,0,0,74.7304794244225
0,0,0,0,0,0,0,0,0,0,0,213.67670887414,0,0,0,0,0,0,0,0,0,0,0,99.2646516363145,0,94.126460729827,0,0,219.078548227669,0,0,0,153.672550905948,193.055010680236,106.128596538706,115.868441404982,0,141.204637091722,0,0,0
0,0,0,0,0,0,0,249.798812580765,0,0,0,0,0,142.054529471577,0,0,0,0,0,114.649126378906,94.7529894315991,0,0,0,161.694997919804,0,201.44584889478,247.66948903751,82.6299537488922,0,0,219.430938885781,0,0,0,92.3502314520023,180.355266595273,0,0,306.344527664232,0
0,131.969743415579,0,0,142.385058730083,0,0,0,224.551207449728,173.201474590904,128.846764897717,0,0,211.840482897052,0,61.0664810463559,0,0,114.649126378906,0,0,74.5815074003433,0,95.7590805983148,0,168.241326865882,0,134.566479261133,0,212.592150359921,0,0,0,0,0,0,139.792601838991,99.3508940827211,0,303.527509149359,112.823430872325
269.936825670274,0,0,0,0,0,0,0,0,175.196329314064,0,161.74915061469,0,134.960780198024,0,0,0,0,94.7529894315991,0,0,0,0,0,0,0,162.833808134102,335.371040201042,0,108.136066660554,0,155.901486485736,222.053792850439,92.5207898118833,0,0,98.6790043377568,0,180.90030328818,0,0
0,0,0,0,133.218162784108,183.786860782462,0,0,0,0,0,0,0,0,0,0,0,0,0,74.5815074003433,0,0,0,0,0,187.77054666536,0,0,0,0,0,0,0,115.114253591495,0,263.534399241887,81.2827395071039,0,0,90.7216186966914,0
0,0,0,0,0,231.715271819474,0,0,0,145.74089716123,0,194.442125915551,0,0,151.075371308616,0,0,0,0,0,0,0,0,151.806152521152,0,289.631679007608,0,71.4788760670054,261.605527103798,146.99041817625,0,0,0,118.522099274347,178.224497384947,115.541295036174,128.405764333981,0,0,242.790381480436,197.486504603685
0,0,0,0,0,0,0,205.183249704085,0,82.6426202489162,253.401634605989,0,0,178.748963182352,0,154.070293657878,179.718364159796,99.2646516363145,0,95.7590805983148,0,0,151.806152521152,0,0,0,124.853650664477,58.3493451392805,255.441154257905,0,0,178.683678585178,0,101.350815329073,151.695570509541,172.892533368851,259.055025639447,188.851177466023,0,204.084074037941,0
0,0,0,0,89.707245288964,325.937289045041,0,0,0,219.040656038919,0,119.728129215699,0,0,0,0,0,0,161.694997919804,0,0,0,0,0,0,0,0,0,0,186.348837226466,226.825099357786,0,0,155.24952173131,0,0,0,0,283.88658203332,220.963068032256,0
146.814226519809,0,0,0,153.876396855887,0,0,338.131802716296,0,241.635434294794,137.239127032733,136.685314494491,0,0,97.3232815600345,223.705816669619,112.349934713559,94.126460729827,0,168.241326865882,0,187.77054666536,289.631679007608,0,0,0,0,0,0,104.369974912428,0,321.124897279917,0,228.075434767255,0,197.893790332676,106.926813611922,177.763106506206,0,174.013630695256,0
0,87.8456058929559,0,0,309.997227542691,160.530221557972,196.04190773555,0,115.194491798135,158.955087279859,0,0,0,0,78.9559315574845,98.2230592632363,154.784755881607,0,201.44584889478,0,162.833808134102,0,0,124.853650664477,0,0,0,195.822649557859,193.63278243493,0,0,0,0,113.059176128709,85.7623170715703,0,171.230058197369,143.005810983322,135.667029391615,153.609372090384,0
284.529238481835,0,151.01089327964,0,276.620869034647,348.674510760064,153.453047983244,161.302948562323,306.640284138334,84.3635741045246,0,154.065933476765,0,169.453147353278,115.332064605654,0,136.792307586862,0,247.66948903751,134.566479261133,335.371040201042,0,71.4788760670054,58.3493451392805,0,0,195.822649557859,0,220.901129804706,0,0,138.33942793804,357.423078228283,159.183173818572,236.681907140956,0,204.481117647118,158.567996645797,192.135034768848,0,195.314816908693
128.530575464043,0,0,135.294330067913,0,221.805809452716,0,80.4367166559625,71.5579325720569,0,116.176698124939,0,0,173.538155409849,165.893015276821,89.9429017381717,0,219.078548227669,82.6299537488922,0,0,0,261.605527103798,255.441154257905,0,0,193.63278243493,220.901129804706,0,0,0,0,0,137.177378802006,89.3673883748406,62.859596780235,94.7280504127031,110.384905066973,0,0,81.9664354533492
0,73.1029054543569,0,169.742003380707,0,0,0,0,0,0,0,205.839960264176,106.33736463831,0,0,0,0,0,0,212.592150359921,108.136066660554,0,146.99041817625,0,186.348837226466,104.369974912428,0,0,0,0,0,0,0,0,0,137.189596148386,117.208001126138,0,0,0,0
0,0,0,0,140.574866691684,0,90.1317194604647,0,0,0,0,0,0,0,0,0,0,0,0,0,0,0,0,0,226.825099357786,0,0,0,0,0,0,0,0,0,113.144980278377,0,0,0,0,93.4234866874731,163.945208919892
0,0,0,0,0,0,199.492852797962,0,0,0,0,0,0,0,0,0,0,0,219.430938885781,0,155.901486485736,0,0,178.683678585178,0,321.124897279917,0,138.33942793804,0,0,0,0,0,0,198.528111506785,0,214.116367924649,120.567029282014,345.797434674459,75.4497121078207,0
0,0,101.443495235174,0,0,0,0,0,0,0,0,0,0,138.425725342224,0,0,0,153.672550905948,0,0,222.053792850439,0,0,0,0,0,0,357.423078228283,0,0,0,0,0,0,0,0,0,0,0,0,0
0,0,0,241.57250333243,225.013371621378,0,261.440278806413,320.356811100276,173.001559092555,101.895308036513,180.543851962045,76.5072790361762,0,209.996727521564,0,0,0,193.055010680236,0,0,92.5207898118833,115.114253591495,118.522099274347,101.350815329073,155.24952173131,228.075434767255,113.059176128709,159.183173818572,137.177378802006,0,0,0,0,0,249.905610015455,353.822894641502,163.059043292369,300.031143529538,94.9380989123498,119.345624434514,139.654362654449
111.226326353722,0,101.5853655613,133.984214699576,0,0,217.157696745803,125.994729980093,114.511014214502,200.878319874537,125.81518738273,329.719143597451,0,206.472608421747,0,108.381749703452,100.812745974529,106.128596538706,0,0,0,0,178.224497384947,151.695570509541,0,0,85.7623170715703,236.681907140956,89.3673883748406,0,113.144980278377,198.528111506785,0,249.905610015455,0,238.934743274142,192.693757128262,0,0,186.973586461633,103.519938150021
0,0,0,280.376028997576,0,116.054372245433,0,262.382215657622,0,0,82.1742780037132,206.912707094411,0,0,193.659409924573,0,0,115.868441404982,92.3502314520023,0,0,263.534399241887,115.541295036174,172.892533368851,0,197.893790332676,0,0,62.859596780235,137.189596148386,0,0,0,353.822894641502,238.934743274142,0,314.611698427915,0,0,94.8881692391942,202.712457066107
0,0,115.871357769661,259.442917595754,96.7845769653343,0,0,157.852515740516,78.8552325762656,165.597665022977,97.5855511246009,98.417953423071,72.2278283150671,111.435629183184,89.1590885155172,0,0,0,180.355266595273,139.792601838991,98.6790043377568,81.2827395071039,128.405764333981,259.055025639447,0,106.926813611922,171.230058197369,204.481117647118,94.7280504127031,117.208001126138,0,214.116367924649,0,163.059043292369,192.693757128262,314.611698427915,0,218.045528847001,161.275817184598,193.777661225572,241.682021696872
0,0,0,191.519780382943,97.3506957544063,0,0,62.311273509377,0,215.611029055736,172.608400267715,167.066576495979,0,250.461724766314,0,0,283.248188884028,141.204637091722,0,99.3508940827211,0,0,0,188.851177466023,0,177.763106506206,143.005810983322,158.567996645797,110.384905066973,0,0,120.567029282014,0,300.031143529538,0,0,218.045528847001,0,227.504408813069,205.09013266389,0
0,0,112.793316814908,0,0,0,160.537522273714,201.100640800745,0,0,0,120.912756812582,171.906398392157,0,0,0,0,0,0,0,180.90030328818,0,0,0,283.88658203332,0,135.667029391615,192.135034768848,0,0,0,345.797434674459,0,94.9380989123498,0,0,161.275817184598,227.504408813069,0,124.698445421759,106.533627130087
0,80.8080171296381,0,66.5008477853491,0,208.005106191961,0,0,122.106946855269,0,109.093416850988,101.605593487621,228.792310020318,0,154.142998692322,224.523755099568,0,0,306.344527664232,303.527509149359,0,90.7216186966914,242.790381480436,204.084074037941,220.963068032256,174.013630695256,153.609372090384,0,0,0,93.4234866874731,75.4497121078207,0,119.345624434514,186.973586461633,94.8881692391942,193.777661225572,205.09013266389,124.698445421759,0,0
0,85.6072705949986,0,139.93285932648,252.487290983309,196.032358954952,92.5568465385234,148.808626413748,0,333.645516435298,70.4221432298295,188.936291522747,0,0,0,231.050882209,74.7304794244225,0,0,112.823430872325,0,0,197.486504603685,0,0,0,0,195.314816908693,81.9664354533492,0,163.945208919892,0,0,139.654362654449,103.519938150021,202.712457066107,241.682021696872,0,106.533627130087,0,0
