0,0,0,0,0,0,0,0,178.748963182352,0,0,0,0,0,0,0,0,0,0,0,0,0,0,174.013630695256,0,0,0,306.344527664232,0,0,0,0,114.511014214502,215.611029055736,73.1029054543569,0,0,0,0,0,0
0,0,0,0,0,0,0,0,0,0,0,89.9429017381717,0,0,0,0,0,0,0,0,0,0,0,303.527509149359,0,333.645516435298,0,0,0,81.2827395071039,0,0,0,241.635434294794,0,0,0,155.24952173131,0,335.371040201042,0
0,0,0,199.492852797962,0,0,0,0,0,0,0,94.7529894315991,0,0,0,0,0,0,0,0,0,0,0,0,0,0,0,0,205.183249704085,0,0,0,0,155.901486485736,0,0,0,0,0,289.631679007608,0
0,0,199.492852797962,0,0,309.997227542691,0,78.8552325762656,220.963068032256,0,0,353.822894641502,0,0,125.81518738273,0,0,0,0,0,0,0,0,136.685314494491,0,0,214.116367924649,0,0,0,0,115.868441404982,0,179.718364159796,0,0,98.417953423071,154.784755881607,115.114253591495,0,0
0,0,0,0,0,0,0,0,0,0,120.912756812582,0,0,0,320.356811100276,259.055025639447,0,0,0,93.5029580098427,0,0,112.349934713559,232.945974238958,0,142.054529471577,0,184.249961885477,178.683678585178,0,0,0,0,0,154.070293657878,0,204.084074037941,202.712457066107,0,113.059176128709,151.01089327964
0,0,0,309.997227542691,0,0,94.9380989123498,125.994729980093,0,198.528111506785,0,0,0,262.382215657622,228.792310020318,0,0,0,0,0,0,0,0,0,0,0,87.8456058929559,137.177378802006,183.786860782462,0,0,0,0,219.078548227669,171.906398392157,66.5008477853491,224.551207449728,92.5207898118833,0,0,0
0,0,0,0,0,94.9380989123498,0,0,173.001559092555,0,97.3232815600345,97.3506957544063,188.936291522747,0,0,0,0,0,0,116.176698124939,0,0,0,71.5579325720569,134.960780198024,0,133.218162784108,0,97.5855511246009,0,0,0,0,0,0,98.6790043377568,0,0,0,283.248188884028,201.44584889478
0,0,0,78.8552325762656,0,125.994729980093,0,0,0,0,160.530221557972,0,0,0,0,85.7623170715703,122.106946855269,0,0,0,0,0,92.3502314520023,0,58.3493451392805,151.075371308616,0,108.381749703452,101.350815329073,0,0,0,0,115.541295036174,192.693757128262,82.1742780037132,139.792601838991,0,161.74915061469,0,242.790381480436
178.748963182352,0,0,220.963068032256,0,0,173.001559092555,0,0,76.5072790361762,163.945208919892,0,0,0,0,0,0,0,0,186.973586461633,0,0,151.036729364761,161.275817184598,0,321.864157986053,0,112.823430872325,0,0,0,0,0,106.533627130087,0,0,0,0,0,0,0
0,0,0,0,0,198.528111506785,0,0,76.5072790361762,0,90.7216186966914,0,0,173.201474590904,0,0,171.230058197369,0,306.640284138334,0,0,192.601533877686,119.345624434514,0,128.530575464043,101.605593487621,175.196329314064,0,255.441154257905,0,0,284.529238481835,0,148.808626413748,173.538155409849,345.797434674459,0,0,82.6299537488922,0,82.6426202489162
0,0,0,0,120.912756812582,0,97.3232815600345,160.530221557972,163.945208919892,90.7216186966914,0,94.7280504127031,0,0,0,0,0,153.672550905948,0,90.1317194604647,0,0,224.523755099568,0,0,0,206.472608421747,208.005106191961,89.3673883748406,0,0,0,0,0,195.822649557859,0,197.893790332676,92.5568465385234,0,0,221.805809452716
0,89.9429017381717,94.7529894315991,353.822894641502,0,0,97.3506957544063,0,0,0,94.7280504127031,0,0,85.6072705949986,252.487290983309,0,181.316358113209,196.04190773555,0,80.8080171296381,104.369974912428,0,0,0,116.054372245433,124.698445421759,0,0,0,0,0,172.608400267715,120.567029282014,178.224497384947,347.376449530863,84.3635741045246,160.537522273714,0,106.33736463831,172.892533368851,0
0,0,0,0,0,0,188.936291522747,0,0,0,0,0,0,0,0,0,0,0,99.2646516363145,0,0,0,0,0,0,134.566479261133,0,0,0,0,0,0,0,0,261.440278806413,0,150.161410108805,0,0,146.770754374523,0
0,0,0,0,0,262.382215657622,0,0,0,173.201474590904,0,85.6072705949986,0,0,0,0,0,0,0,0,0,0,0,0,0,72.2278283150671,70.4221432298295,89.707245288964,109.093416850988,0,188.851177466023,0,0,200.878319874537,193.055010680236,0,205.09013266389,80.4367166559625,0,226.825099357786,212.592150359921
0,0,0,125.81518738273,320.356811100276,228.792310020318,0,0,0,0,0,252.487290983309,0,0,0,0,0,0,0,0,329.719143597451,0,153.453047983244,0,0,98.2230592632363,0,236.681907140956,0,0,0,0,0,228.075434767255,145.74089716123,0,249.798812580765,0,0,0,263.534399241887
0,0,0,0,259.055025639447,0,0,85.7623170715703,0,0,0,0,0,0,0,0,0,0,0,0,128.405764333981,0,0,0,0,250.461724766314,0,211.840482897052,231.050882209,0,241.682021696872,0,0,117.208001126138,0,323.781250289068,115.332064605654,161.694997919804,0,0,0
0,0,0,0,0,0,0,122.106946855269,0,171.230058197369,0,181.316358113209,0,0,0,0,0,0,0,0,0,0,0,124.853650664477,0,0,338.131802716296,0,0,204.481117647118,0,0,0,240.185081663983,0,168.241326865882,0,161.325017232684,0,177.763106506206,0
0,0,0,0,0,0,0,0,0,0,153.672550905948,196.04190773555,0,0,0,0,0,0,0,94.126460729827,0,0,0,0,314.611698427915,0,0,154.142998692322,0,0,0,0,0,110.384905066973,0,249.905610015455,104.915316975638,0,0,146.465927798921,0
0,0,0,0,0,0,0,0,0,306.640284138334,0,0,99.2646516363145,0,0,0,0,0,0,96.5937438588657,0,0,0,0,0,0,111.435629183184,0,138.33942793804,0,0,133.984214699576,0,225.013371621378,153.609372090384,119.728129215699,169.453147353278,0,0,161.302948562323,158.955087279859
0,0,0,0,93.5029580098427,0,116.176698124939,0,186.973586461633,0,90.1317194604647,80.8080171296381,0,0,0,0,0,94.126460729827,96.5937438588657,0,0,0,191.519780382943,0,0,100.812745974529,0,101.443495235174,73.4795582048751,0,0,0,0,94.027247878695,0,231.715271819474,78.9559315574845,0,61.0664810463559,223.705816669619,151.806152521152
0,0,0,0,0,0,0,0,0,0,0,104.369974912428,0,0,329.719143597451,128.405764333981,0,0,0,0,0,0,74.4197823064597,0,0,283.88658203332,196.032358954952,0,0,197.486504603685,0,0,0,180.543851962045,251.098274723989,0,198.964527389285,118.522099274347,213.67670887414,0,140.574866691684
0,0,0,0,0,0,0,0,0,192.601533877686,0,0,0,0,0,0,0,0,0,0,0,0,0,0,0,0,180.355266595273,95.7590805983148,135.667029391615,0,0,0,0,0,218.045528847001,0,259.442917595754,0,89.1590885155172,93.4234866874731,0
0,0,0,0,112.349934713559,0,0,92.3502314520023,151.036729364761,119.345624434514,224.523755099568,0,0,0,153.453047983244,0,0,0,0,191.519780382943,74.4197823064597,0,0,0,0,146.99041817625,0,0,0,0,0,0,0,0,62.311273509377,0,276.620869034647,186.348837226466,125.416941482916,146.814226519809,169.742003380707
174.013630695256,303.527509149359,0,136.685314494491,232.945974238958,0,71.5579325720569,0,161.275817184598,0,0,0,0,0,0,0,124.853650664477,0,0,0,0,0,0,0,139.654362654449,0,0,206.912707094411,108.136066660554,348.674510760064,0,187.77054666536,0,101.5853655613,164.032723165762,0,139.93285932648,193.777661225572,180.90030328818,81.9664354533492,135.294330067913
0,0,0,0,0,0,134.960780198024,58.3493451392805,0,128.530575464043,0,116.054372245433,0,0,0,0,0,314.611698427915,0,0,0,0,0,139.654362654449,0,0,0,0,94.8881692391942,0,0,0,0,0,0,241.57250333243,300.031143529538,0,0,165.597665022977,0
0,333.645516435298,0,0,142.054529471577,0,0,151.075371308616,321.864157986053,101.605593487621,0,124.698445421759,134.566479261133,72.2278283150671,98.2230592632363,250.461724766314,0,0,0,100.812745974529,283.88658203332,0,146.99041817625,0,0,0,157.852515740516,128.846764897717,0,190.185165668632,0,112.793316814908,0,0,62.859596780235,106.926813611922,114.649126378906,0,0,0,0
0,0,0,214.116367924649,0,87.8456058929559,133.218162784108,0,0,175.196329314064,206.472608421747,0,0,70.4221432298295,0,0,338.131802716296,0,111.435629183184,0,196.032358954952,180.355266595273,0,0,0,157.852515740516,0,195.314816908693,0,219.040656038919,205.839960264176,0,0,96.7845769653343,154.065933476765,192.135034768848,153.876396855887,0,75.4497121078207,222.053792850439,0
306.344527664232,0,0,0,184.249961885477,137.177378802006,0,108.381749703452,112.823430872325,0,208.005106191961,0,0,89.707245288964,236.681907140956,211.840482897052,0,154.142998692322,0,101.443495235174,0,95.7590805983148,0,206.912707094411,0,128.846764897717,195.314816908693,0,167.066576495979,103.519938150021,0,261.605527103798,219.430938885781,321.124897279917,138.425725342224,141.204637091722,74.5815074003433,101.895308036513,99.3508940827211,131.969743415579,111.226326353722
0,0,205.183249704085,0,178.683678585178,183.786860782462,97.5855511246009,101.350815329073,0,255.441154257905,89.3673883748406,0,0,109.093416850988,0,231.050882209,0,0,138.33942793804,73.4795582048751,0,135.667029391615,0,108.136066660554,94.8881692391942,0,0,167.066576495979,0,0,0,165.893015276821,0,238.934743274142,113.144980278377,0,0,136.792307586862,0,163.059043292369,101.85207633558
0,81.2827395071039,0,0,0,0,0,0,0,0,0,0,0,0,0,0,204.481117647118,0,0,0,197.486504603685,0,0,348.674510760064,0,190.185165668632,219.040656038919,103.519938150021,0,0,0,0,0,0,220.901129804706,0,0,280.376028997576,0,106.128596538706,227.504408813069
0,0,0,0,0,0,0,0,0,0,0,0,0,188.851177466023,0,241.682021696872,0,0,0,0,0,0,0,0,0,0,205.839960264176,0,0,0,0,0,0,0,0,357.423078228283,115.194491798135,0,0,217.157696745803,0
0,0,0,115.868441404982,0,0,0,0,0,284.529238481835,0,172.608400267715,0,0,0,0,0,0,133.984214699576,0,0,0,0,187.77054666536,0,112.793316814908,0,261.605527103798,165.893015276821,0,0,0,0,0,0,0,195.378266313867,162.833808134102,0,253.401634605989,0
114.511014214502,0,0,0,0,0,0,0,0,0,0,120.567029282014,0,0,0,0,0,0,0,0,0,0,0,0,0,0,0,219.430938885781,0,0,0,0,0,137.239127032733,0,0,194.442125915551,0,0,0,0
215.611029055736,241.635434294794,155.901486485736,179.718364159796,0,219.078548227669,0,115.541295036174,106.533627130087,148.808626413748,0,178.224497384947,0,200.878319874537,228.075434767255,117.208001126138,240.185081663983,110.384905066973,225.013371621378,94.027247878695,180.543851962045,0,0,101.5853655613,0,0,96.7845769653343,321.124897279917,238.934743274142,0,0,0,137.239127032733,0,151.695570509541,143.005810983322,158.567996645797,0,173.059382066957,0,0
73.1029054543569,0,0,0,154.070293657878,171.906398392157,0,192.693757128262,0,173.538155409849,195.822649557859,347.376449530863,261.440278806413,193.055010680236,145.74089716123,0,0,0,153.609372090384,0,251.098274723989,218.045528847001,62.311273509377,164.032723165762,0,62.859596780235,154.065933476765,138.425725342224,113.144980278377,220.901129804706,0,0,0,151.695570509541,0,0,209.996727521564,0,142.385058730083,269.936825670274,71.4788760670054
0,0,0,0,0,66.5008477853491,98.6790043377568,82.1742780037132,0,345.797434674459,0,84.3635741045246,0,0,0,323.781250289068,168.241326865882,249.905610015455,119.728129215699,231.715271819474,0,0,0,0,241.57250333243,106.926813611922,192.135034768848,141.204637091722,0,0,357.423078228283,0,0,143.005810983322,0,0,201.100640800745,74.7304794244225,0,0,67.8267069095267
0,0,0,98.417953423071,204.084074037941,224.551207449728,0,139.792601838991,0,0,197.893790332676,160.537522273714,150.161410108805,205.09013266389,249.798812580765,115.332064605654,0,104.915316975638,169.453147353278,78.9559315574845,198.964527389285,259.442917595754,276.620869034647,139.93285932648,300.031143529538,114.649126378906,153.876396855887,74.5815074003433,0,0,115.194491798135,195.378266313867,194.442125915551,158.567996645797,209.996727521564,201.100640800745,0,193.659409924573,0,159.183173818572,325.937289045041
0,155.24952173131,0,154.784755881607,202.712457066107,92.5207898118833,0,0,0,0,92.5568465385234,0,0,80.4367166559625,0,161.694997919804,161.325017232684,0,0,0,118.522099274347,0,186.348837226466,193.777661225572,0,0,0,101.895308036513,136.792307586862,280.376028997576,0,162.833808134102,0,0,0,74.7304794244225,193.659409924573,0,247.66948903751,193.63278243493,82.4756938751058
0,0,0,115.114253591495,0,0,0,161.74915061469,0,82.6299537488922,0,106.33736463831,0,0,0,0,0,0,0,61.0664810463559,213.67670887414,89.1590885155172,125.416941482916,180.90030328818,0,0,75.4497121078207,99.3508940827211,0,0,0,0,0,173.059382066957,142.385058730083,0,0,247.66948903751,0,0,137.189596148386
0,335.371040201042,289.631679007608,0,113.059176128709,0,283.248188884028,0,0,0,0,172.892533368851,146.770754374523,226.825099357786,0,0,177.763106506206,146.465927798921,161.302948562323,223.705816669619,0,93.4234866874731,146.814226519809,81.9664354533492,165.597665022977,0,222.053792850439,131.969743415579,163.059043292369,106.128596538706,217.157696745803,253.401634605989,0,0,269.936825670274,0,159.183173818572,193.63278243493,0,0,115.871357769661
0,0,0,0,151.01089327964,0,201.44584889478,242.790381480436,0,82.6426202489162,221.805809452716,0,0,212.592150359921,263.534399241887,0,0,0,158.955087279859,151.806152521152,140.574866691684,0,169.742003380707,135.294330067913,0,0,0,111.226326353722,101.85207633558,227.504408813069,0,0,0,0,71.4788760670054,67.8267069095267,325.937289045041,82.4756938751058,137.189596148386,115.871357769661,0
