0,0,0,0,0,0,0,0,259.055025639447,0,0,0,0,0,0,0,0,0,0,0,0,0,0,0,0,96.7845769653343,0,0,0,0,0,0,0,0,0,202.712457066107,180.543851962045,0,0,172.892533368851,153.609372090384
0,0,0,0,0,0,0,0,0,249.905610015455,0,0,0,81.9664354533492,0,0,0,0,0,242.790381480436,0,0,0,0,0,0,0,0,109.093416850988,0,0,0,0,0,180.355266595273,0,0,0,154.784755881607,0,221.805809452716
0,0,0,0,0,0,0,0,0,0,137.177378802006,0,0,0,0,0,0,0,0,0,0,0,133.984214699576,0,0,0,0,151.036729364761,0,0,0,0,0,0,236.681907140956,0,100.812745974529,0,0,0,0
0,0,0,0,163.945208919892,0,219.040656038919,0,222.053792850439,117.208001126138,0,0,0,0,0,95.7590805983148,0,289.631679007608,0,0,250.461724766314,0,212.592150359921,0,0,0,0,259.442917595754,0,112.823430872325,0,0,0,119.728129215699,0,0,92.5207898118833,0,0,219.430938885781,0
0,0,0,163.945208919892,0,0,0,0,94.126460729827,0,190.185165668632,188.936291522747,0,0,0,0,0,111.226326353722,0,0,0,0,0,131.969743415579,0,0,0,0,155.901486485736,87.8456058929559,138.33942793804,0,0,199.492852797962,115.332064605654,191.519780382943,0,0,0,211.840482897052,240.185081663983
0,0,0,0,0,0,0,0,0,157.852515740516,0,0,0,186.973586461633,0,0,0,0,0,0,0,0,0,0,353.822894641502,81.2827395071039,0,325.937289045041,106.128596538706,0,0,0,171.230058197369,92.5568465385234,345.797434674459,94.027247878695,0,73.1029054543569,101.443495235174,224.551207449728,192.693757128262
0,0,0,219.040656038919,0,0,0,0,0,151.695570509541,98.6790043377568,153.453047983244,0,0,89.1590885155172,0,0,0,0,0,125.416941482916,0,0,0,0,0,0,323.781250289068,89.707245288964,0,0,0,0,161.275817184598,228.792310020318,184.249961885477,0,0,0,120.567029282014,209.996727521564
0,0,0,0,0,0,0,0,139.792601838991,0,0,98.417953423071,227.504408813069,0,192.601533877686,0,0,0,192.135034768848,0,106.33736463831,0,0,94.8881692391942,146.99041817625,0,338.131802716296,0,0,205.839960264176,0,0,82.6299537488922,128.405764333981,201.44584889478,0,113.144980278377,0,137.239127032733,158.955087279859,0
259.055025639447,0,0,222.053792850439,94.126460729827,0,0,139.792601838991,0,0,0,0,0,0,0,0,0,0,0,329.719143597451,0,0,0,0,0,215.611029055736,283.248188884028,0,0,0,0,0,0,0,146.465927798921,93.5029580098427,90.7216186966914,78.9559315574845,0,0,0
0,249.905610015455,0,117.208001126138,0,157.852515740516,151.695570509541,0,0,0,0,0,161.694997919804,172.608400267715,75.4497121078207,0,0,0,0,0,124.853650664477,0,335.371040201042,148.808626413748,0,115.541295036174,187.77054666536,111.435629183184,0,134.566479261133,0,0,0,0,180.90030328818,165.893015276821,0,333.645516435298,0,0,225.013371621378
0,0,137.177378802006,0,190.185165668632,0,98.6790043377568,0,0,0,0,161.325017232684,0,0,0,314.611698427915,145.74089716123,0,0,160.537522273714,0,0,153.876396855887,0,169.453147353278,0,101.605593487621,224.523755099568,0,0,0,0,0,0,0,161.302948562323,186.348837226466,167.066576495979,99.3508940827211,241.57250333243,0
0,0,0,0,188.936291522747,0,153.453047983244,98.417953423071,0,0,161.325017232684,0,0,241.682021696872,196.04190773555,0,196.032358954952,223.705816669619,0,67.8267069095267,0,0,0,85.7623170715703,101.350815329073,231.050882209,195.378266313867,0,0,0,0,122.106946855269,0,320.356811100276,106.533627130087,124.698445421759,143.005810983322,198.964527389285,93.4234866874731,139.654362654449,0
0,0,0,0,0,0,0,227.504408813069,0,161.694997919804,0,0,0,0,0,0,0,0,0,231.715271819474,92.3502314520023,0,0,0,0,0,0,0,0,0,0,0,0,0,173.059382066957,0,0,163.059043292369,0,0,0
0,81.9664354533492,0,0,0,186.973586461633,0,0,0,172.608400267715,0,241.682021696872,0,0,0,0,0,0,165.597665022977,206.472608421747,0,0,0,0,0,0,99.2646516363145,247.66948903751,101.85207633558,0,0,0,0,204.481117647118,263.534399241887,0,146.814226519809,193.055010680236,0,136.792307586862,0
0,0,0,0,0,0,89.1590885155172,192.601533877686,0,75.4497121078207,0,196.04190773555,0,0,0,0,0,0,0,0,82.6426202489162,0,0,0,0,0,197.486504603685,115.871357769661,164.032723165762,0,0,0,0,112.793316814908,0,0,118.522099274347,0,0,178.224497384947,89.9429017381717
0,0,0,95.7590805983148,0,0,0,0,0,0,314.611698427915,0,0,0,0,0,0,168.241326865882,0,0,0,0,0,0,0,193.659409924573,97.3506957544063,151.075371308616,0,0,0,0,0,71.5579325720569,108.381749703452,0,193.63278243493,0,0,174.013630695256,155.24952173131
0,0,0,0,0,0,0,0,0,0,145.74089716123,196.032358954952,0,0,0,0,0,0,0,0,154.070293657878,104.369974912428,0,0,0,321.864157986053,0,195.822649557859,198.528111506785,0,0,0,0,0,0,0,347.376449530863,97.5855511246009,0,0,74.5815074003433
0,0,0,289.631679007608,111.226326353722,0,0,0,0,0,0,223.705816669619,0,0,0,168.241326865882,0,0,0,0,0,0,125.994729980093,0,0,89.3673883748406,0,0,97.3232815600345,116.054372245433,0,0,0,0,0,0,193.777661225572,0,0,0,0
0,0,0,0,0,0,0,192.135034768848,0,0,0,0,0,165.597665022977,0,0,0,0,0,0,0,0,108.136066660554,76.5072790361762,0,0,0,0,220.901129804706,0,0,62.311273509377,0,159.183173818572,0,71.4788760670054,115.194491798135,61.0664810463559,0,194.442125915551,300.031143529538
0,242.790381480436,0,0,0,0,0,0,329.719143597451,0,160.537522273714,67.8267069095267,231.715271819474,206.472608421747,0,0,0,0,0,0,0,0,0,262.382215657622,0,0,103.519938150021,309.997227542691,284.529238481835,0,0,0,0,228.075434767255,80.8080171296381,0,151.01089327964,154.142998692322,214.116367924649,241.635434294794,238.934743274142
0,0,0,250.461724766314,0,0,125.416941482916,106.33736463831,0,124.853650664477,0,0,92.3502314520023,0,82.6426202489162,0,154.070293657878,0,0,0,0,113.059176128709,0,348.674510760064,0,0,0,178.748963182352,0,115.114253591495,0,0,0,0,0,0,74.7304794244225,0,0,269.936825670274,0
0,0,0,0,0,0,0,0,0,0,0,0,0,0,0,0,104.369974912428,0,0,0,113.059176128709,0,0,0,0,119.345624434514,0,179.718364159796,0,0,0,0,0,82.1742780037132,138.425725342224,110.384905066973,0,175.196329314064,0,0,0
0,0,133.984214699576,212.592150359921,0,0,0,0,0,335.371040201042,153.876396855887,0,0,0,0,0,0,125.994729980093,108.136066660554,0,0,0,0,104.915316975638,0,137.189596148386,183.786860782462,98.2230592632363,0,0,0,251.098274723989,0,142.385058730083,205.09013266389,0,150.161410108805,0,0,177.763106506206,0
0,0,0,0,131.969743415579,0,0,94.8881692391942,0,148.808626413748,0,85.7623170715703,0,0,0,0,0,0,76.5072790361762,262.382215657622,348.674510760064,0,104.915316975638,0,0,0,94.7280504127031,208.005106191961,213.67670887414,255.441154257905,78.8552325762656,80.4367166559625,0,120.912756812582,128.846764897717,0,162.833808134102,135.294330067913,0,106.926813611922,0
0,0,0,0,0,353.822894641502,0,146.99041817625,0,0,169.453147353278,101.350815329073,0,0,0,0,0,0,0,0,0,0,0,0,0,0,321.124897279917,197.893790332676,195.314816908693,0,0,160.530221557972,0,0,0,0,0,94.9380989123498,0,0,125.81518738273
96.7845769653343,0,0,0,0,81.2827395071039,0,0,215.611029055736,115.541295036174,0,231.050882209,0,0,0,193.659409924573,321.864157986053,89.3673883748406,0,0,0,119.345624434514,137.189596148386,0,0,0,84.3635741045246,153.672550905948,139.93285932648,0,0,0,0,0,154.065933476765,261.440278806413,70.4221432298295,173.001559092555,115.868441404982,232.945974238958,62.859596780235
0,0,0,0,0,0,0,338.131802716296,283.248188884028,187.77054666536,101.605593487621,195.378266313867,0,99.2646516363145,197.486504603685,97.3506957544063,0,0,0,103.519938150021,0,0,183.786860782462,94.7280504127031,321.124897279917,84.3635741045246,0,73.4795582048751,0,134.960780198024,0,0,0,140.574866691684,72.2278283150671,303.527509149359,201.100640800745,94.7529894315991,0,0,0
0,0,151.036729364761,259.442917595754,0,325.937289045041,323.781250289068,0,0,111.435629183184,224.523755099568,0,0,247.66948903751,115.871357769661,151.075371308616,195.822649557859,0,0,309.997227542691,178.748963182352,179.718364159796,98.2230592632363,208.005106191961,197.893790332676,153.672550905948,73.4795582048751,0,0,280.376028997576,101.5853655613,200.878319874537,0,306.640284138334,357.423078228283,114.511014214502,178.683678585178,261.605527103798,101.895308036513,0,0
0,109.093416850988,0,0,155.901486485736,106.128596538706,89.707245288964,0,0,0,0,0,0,101.85207633558,164.032723165762,0,198.528111506785,97.3232815600345,220.901129804706,284.529238481835,0,0,0,213.67670887414,195.314816908693,139.93285932648,0,0,0,0,0,0,142.054529471577,82.4756938751058,161.74915061469,0,283.88658203332,135.667029391615,112.349934713559,253.401634605989,173.201474590904
0,0,0,112.823430872325,87.8456058929559,0,0,205.839960264176,0,134.566479261133,0,0,0,0,0,0,0,116.054372245433,0,0,115.114253591495,0,0,255.441154257905,0,0,134.960780198024,280.376028997576,0,0,0,0,0,0,0,217.157696745803,171.906398392157,0,0,0,0
0,0,0,0,138.33942793804,0,0,0,0,0,0,0,0,0,0,0,0,0,0,0,0,0,0,78.8552325762656,0,0,0,101.5853655613,0,0,0,0,0,158.567996645797,0,0,0,0,0,114.649126378906,226.825099357786
0,0,0,0,0,0,0,0,0,0,0,122.106946855269,0,0,0,0,0,0,62.311273509377,0,0,0,251.098274723989,80.4367166559625,160.530221557972,0,0,200.878319874537,0,0,0,0,0,206.912707094411,188.851177466023,169.742003380707,96.5937438588657,0,0,0,252.487290983309
0,0,0,0,0,171.230058197369,0,82.6299537488922,0,0,0,0,0,0,0,0,0,0,0,0,0,0,0,0,0,0,0,0,142.054529471577,0,0,0,0,116.176698124939,0,0,0,0,0,249.798812580765,0
0,0,0,119.728129215699,199.492852797962,92.5568465385234,161.275817184598,128.405764333981,0,0,0,320.356811100276,0,204.481117647118,112.793316814908,71.5579325720569,0,0,159.183173818572,228.075434767255,0,82.1742780037132,142.385058730083,120.912756812582,0,0,140.574866691684,306.640284138334,82.4756938751058,0,158.567996645797,206.912707094411,116.176698124939,0,0,276.620869034647,151.806152521152,173.538155409849,218.045528847001,66.5008477853491,219.078548227669
0,180.355266595273,236.681907140956,0,115.332064605654,345.797434674459,228.792310020318,201.44584889478,146.465927798921,180.90030328818,0,106.533627130087,173.059382066957,263.534399241887,0,108.381749703452,0,0,0,80.8080171296381,0,138.425725342224,205.09013266389,128.846764897717,0,154.065933476765,72.2278283150671,357.423078228283,161.74915061469,0,0,188.851177466023,0,0,0,181.316358113209,58.3493451392805,0,220.963068032256,136.685314494491,0
202.712457066107,0,0,0,191.519780382943,94.027247878695,184.249961885477,0,93.5029580098427,165.893015276821,161.302948562323,124.698445421759,0,0,0,0,0,0,71.4788760670054,0,0,110.384905066973,0,0,0,261.440278806413,303.527509149359,114.511014214502,0,217.157696745803,0,169.742003380707,0,276.620869034647,181.316358113209,0,205.183249704085,0,90.1317194604647,0,0
180.543851962045,0,100.812745974529,92.5207898118833,0,0,0,113.144980278377,90.7216186966914,0,186.348837226466,143.005810983322,0,146.814226519809,118.522099274347,193.63278243493,347.376449530863,193.777661225572,115.194491798135,151.01089327964,74.7304794244225,0,150.161410108805,162.833808134102,0,70.4221432298295,201.100640800745,178.683678585178,283.88658203332,171.906398392157,0,96.5937438588657,0,151.806152521152,58.3493451392805,205.183249704085,0,128.530575464043,74.4197823064597,146.770754374523,133.218162784108
0,0,0,0,0,73.1029054543569,0,0,78.9559315574845,333.645516435298,167.066576495979,198.964527389285,163.059043292369,193.055010680236,0,0,97.5855511246009,0,61.0664810463559,154.142998692322,0,175.196329314064,0,135.294330067913,94.9380989123498,173.001559092555,94.7529894315991,261.605527103798,135.667029391615,0,0,0,0,173.538155409849,0,0,128.530575464043,0,0,0,204.084074037941
0,154.784755881607,0,0,0,101.443495235174,0,137.239127032733,0,0,99.3508940827211,93.4234866874731,0,0,0,0,0,0,0,214.116367924649,0,0,0,0,0,115.868441404982,0,101.895308036513,112.349934713559,0,0,0,0,218.045528847001,220.963068032256,90.1317194604647,74.4197823064597,0,0,141.204637091722,85.6072705949986
172.892533368851,0,0,219.430938885781,211.840482897052,224.551207449728,120.567029282014,158.955087279859,0,0,241.57250333243,139.654362654449,0,136.792307586862,178.224497384947,174.013630695256,0,0,194.442125915551,241.635434294794,269.936825670274,0,177.763106506206,106.926813611922,0,232.945974238958,0,0,253.401634605989,0,114.649126378906,0,249.798812580765,66.5008477853491,136.685314494491,0,146.770754374523,0,141.204637091722,0,306.344527664232
153.609372090384,221.805809452716,0,0,240.185081663983,192.693757128262,209.996727521564,0,0,225.013371621378,0,0,0,0,89.9429017381717,155.24952173131,74.5815074003433,0,300.031143529538,238.934743274142,0,0,0,0,125.81518738273,62.859596780235,0,0,173.201474590904,0,226.825099357786,252.487290983309,0,219.078548227669,0,0,133.218162784108,204.084074037941,85.6072705949986,306.344527664232,0
