0,0,0,0,0,0,154.070293657878,0,0,0,0,0,0,0,0,0,0,0,0,0,128.530575464043,0,0,0,0,0,0,0,158.567996645797,0,0,0,0,173.001559092555,134.566479261133,0,0,136.792307586862,0,0,0
0,0,0,0,0,0,0,214.116367924649,0,0,0,0,0,151.695570509541,0,0,0,0,0,0,0,0,0,0,0,92.3502314520023,66.5008477853491,75.4497121078207,0,0,0,0,0,0,0,0,172.892533368851,262.382215657622,0,0,0
0,0,0,0,0,0,0,0,0,0,0,0,0,0,0,0,0,0,92.5568465385234,314.611698427915,0,0,0,0,0,0,0,232.945974238958,0,0,0,0,0,0,0,0,209.996727521564,0,0,0,146.465927798921
0,0,0,0,0,0,0,0,0,0,0,0,0,0,0,0,0,0,111.226326353722,0,80.4367166559625,106.128596538706,0,0,135.294330067913,198.964527389285,0,0,0,180.90030328818,0,0,0,193.055010680236,196.032358954952,146.770754374523,211.840482897052,134.960780198024,0,114.649126378906,142.054529471577
0,0,0,0,0,0,0,0,0,289.631679007608,0,0,82.6299537488922,0,0,0,0,0,0,0,0,0,0,87.8456058929559,0,165.893015276821,0,137.177378802006,191.519780382943,0,0,215.611029055736,0,183.786860782462,94.126460729827,199.492852797962,131.969743415579,0,76.5072790361762,192.601533877686,161.325017232684
0,0,0,0,0,0,0,128.846764897717,0,0,0,171.230058197369,0,259.055025639447,0,0,0,0,74.7304794244225,120.567029282014,0,0,0,115.332064605654,0,188.936291522747,98.417953423071,204.084074037941,106.33736463831,0,0,0,0,335.371040201042,205.839960264176,0,0,112.349934713559,0,180.543851962045,0
154.070293657878,0,0,0,0,0,0,0,0,111.435629183184,81.9664354533492,0,0,0,0,0,236.681907140956,0,151.036729364761,0,0,0,0,173.201474590904,0,0,171.906398392157,119.728129215699,219.078548227669,0,0,0,0,0,151.01089327964,136.685314494491,0,325.937289045041,0,151.075371308616,0
0,214.116367924649,0,0,0,128.846764897717,0,0,0,0,219.040656038919,250.461724766314,0,96.5937438588657,0,178.224497384947,252.487290983309,0,0,0,0,0,0,0,0,0,62.859596780235,0,0,90.7216186966914,139.792601838991,0,0,78.8552325762656,133.984214699576,82.4756938751058,329.719143597451,0,159.183173818572,101.5853655613,0
0,0,0,0,0,0,0,0,0,96.7845769653343,0,72.2278283150671,0,0,300.031143529538,0,0,0,0,82.1742780037132,0,0,0,226.825099357786,154.142998692322,0,0,269.936825670274,0,0,0,0,0,0,224.551207449728,99.2646516363145,116.054372245433,0,104.915316975638,0,0
0,0,0,0,289.631679007608,0,111.435629183184,0,96.7845769653343,0,0,220.901129804706,231.715271819474,0,0,89.1590885155172,0,0,0,0,0,0,160.530221557972,241.635434294794,0,178.683678585178,193.63278243493,187.77054666536,0,0,0,0,0,179.718364159796,195.314816908693,142.385058730083,247.66948903751,280.376028997576,0,178.748963182352,81.2827395071039
0,0,0,0,0,0,81.9664354533492,219.040656038919,0,0,0,94.027247878695,220.963068032256,345.797434674459,0,58.3493451392805,0,0,0,0,0,251.098274723989,146.99041817625,163.059043292369,0,0,154.784755881607,0,0,0,0,0,104.369974912428,97.5855511246009,357.423078228283,0,0,0,138.425725342224,101.85207633558,164.032723165762
0,0,0,0,0,171.230058197369,0,250.461724766314,72.2278283150671,220.901129804706,94.027247878695,0,0,140.574866691684,195.822649557859,193.659409924573,0,348.674510760064,0,0,306.344527664232,0,0,128.405764333981,0,101.443495235174,249.905610015455,0,161.302948562323,195.378266313867,261.440278806413,0,0,0,255.441154257905,112.793316814908,74.4197823064597,0,0,158.955087279859,110.384905066973
0,0,0,0,82.6299537488922,0,0,0,0,231.715271819474,220.963068032256,0,0,0,0,0,0,0,0,0,0,0,0,0,0,0,0,0,353.822894641502,0,0,0,0,0,0,0,253.401634605989,0,197.893790332676,0,0
0,151.695570509541,0,0,0,259.055025639447,0,96.5937438588657,0,0,345.797434674459,140.574866691684,0,0,0,0,0,0,0,0,0,0,0,0,0,0,0,276.620869034647,0,0,115.871357769661,155.901486485736,0,124.698445421759,231.050882209,0,201.100640800745,101.605593487621,192.135034768848,228.792310020318,0
0,0,0,0,0,0,0,0,300.031143529538,0,0,195.822649557859,0,0,0,0,190.185165668632,0,0,106.533627130087,0,118.522099274347,0,0,143.005810983322,92.5207898118833,309.997227542691,74.5815074003433,0,0,0,261.605527103798,0,0,0,0,0,321.864157986053,0,0,205.183249704085
0,0,0,0,0,0,0,178.224497384947,0,89.1590885155172,58.3493451392805,193.659409924573,0,0,0,0,0,0,0,0,0,0,0,0,151.806152521152,0,0,125.81518738273,0,0,0,0,0,0,213.67670887414,196.04190773555,98.2230592632363,0,283.88658203332,0,94.8881692391942
0,0,0,0,0,0,236.681907140956,252.487290983309,0,0,0,0,0,0,190.185165668632,0,0,145.74089716123,205.09013266389,306.640284138334,0,0,0,0,0,0,0,0,0,0,0,0,0,320.356811100276,0,0,0,238.934743274142,208.005106191961,177.763106506206,0
0,0,0,0,0,0,0,0,0,0,0,348.674510760064,0,0,0,0,145.74089716123,0,0,223.705816669619,0,0,0,0,0,0,0,0,94.7529894315991,0,0,0,0,113.144980278377,180.355266595273,0,222.053792850439,0,0,150.161410108805,103.519938150021
0,0,92.5568465385234,111.226326353722,0,74.7304794244225,151.036729364761,0,0,0,0,0,0,0,0,0,205.09013266389,0,0,0,0,0,0,263.534399241887,0,138.33942793804,168.241326865882,0,0,0,0,0,0,115.868441404982,0,137.189596148386,163.945208919892,0,0,114.511014214502,0
0,0,314.611698427915,0,0,120.567029282014,0,0,82.1742780037132,0,0,0,0,0,106.533627130087,0,306.640284138334,223.705816669619,0,0,120.912756812582,0,0,135.667029391615,219.430938885781,0,321.124897279917,119.345624434514,94.9380989123498,0,0,0,0,85.6072705949986,157.852515740516,133.218162784108,173.059382066957,225.013371621378,0,0,0
128.530575464043,0,0,80.4367166559625,0,0,0,0,0,0,0,306.344527664232,0,0,0,0,0,0,0,120.912756812582,0,0,0,0,0,165.597665022977,0,162.833808134102,0,0,0,101.350815329073,0,0,93.5029580098427,0,218.045528847001,153.609372090384,139.93285932648,73.4795582048751,161.275817184598
0,0,0,106.128596538706,0,0,0,0,0,0,251.098274723989,0,0,0,118.522099274347,0,0,0,0,0,0,0,89.707245288964,0,155.24952173131,0,284.529238481835,206.472608421747,0,0,0,0,0,115.114253591495,0,0,0,0,0,0,0
0,0,0,0,0,0,0,0,0,160.530221557972,146.99041817625,0,0,0,0,0,0,0,0,0,0,89.707245288964,0,194.442125915551,0,188.851177466023,240.185081663983,241.57250333243,0,90.1317194604647,0,153.672550905948,204.481117647118,101.895308036513,108.136066660554,153.876396855887,172.608400267715,0,0,108.381749703452,0
0,0,0,0,87.8456058929559,115.332064605654,173.201474590904,0,226.825099357786,241.635434294794,163.059043292369,128.405764333981,0,0,0,0,0,0,263.534399241887,135.667029391615,0,0,194.442125915551,0,0,221.805809452716,323.781250289068,242.790381480436,173.538155409849,169.453147353278,0,0,0,206.912707094411,78.9559315574845,0,82.6426202489162,0,146.814226519809,0,0
0,0,0,135.294330067913,0,0,0,0,154.142998692322,0,0,0,0,0,143.005810983322,151.806152521152,0,0,0,219.430938885781,0,155.24952173131,0,0,0,94.7280504127031,0,0,0,0,0,109.093416850988,0,0,0,0,0,0,0,122.106946855269,67.8267069095267
0,92.3502314520023,0,198.964527389285,165.893015276821,188.936291522747,0,0,0,178.683678585178,0,101.443495235174,0,0,92.5207898118833,0,0,0,138.33942793804,0,165.597665022977,0,188.851177466023,221.805809452716,94.7280504127031,0,0,115.194491798135,192.693757128262,259.442917595754,0,0,0,0,0,80.8080171296381,0,113.059176128709,89.9429017381717,98.6790043377568,115.541295036174
0,66.5008477853491,0,0,0,98.417953423071,171.906398392157,62.859596780235,0,193.63278243493,154.784755881607,249.905610015455,0,0,309.997227542691,0,0,0,168.241326865882,321.124897279917,0,284.529238481835,240.185081663983,323.781250289068,0,0,0,201.44584889478,197.486504603685,125.994729980093,0,0,0,97.3506957544063,0,0,198.528111506785,89.3673883748406,0,0,202.712457066107
0,75.4497121078207,232.945974238958,0,137.177378802006,204.084074037941,119.728129215699,0,269.936825670274,187.77054666536,0,0,0,276.620869034647,74.5815074003433,125.81518738273,0,0,0,119.345624434514,162.833808134102,206.472608421747,241.57250333243,242.790381480436,0,115.194491798135,201.44584889478,0,338.131802716296,0,333.645516435298,0,0,71.5579325720569,154.065933476765,100.812745974529,137.239127032733,212.592150359921,303.527509149359,200.878319874537,181.316358113209
158.567996645797,0,0,0,191.519780382943,106.33736463831,219.078548227669,0,0,0,0,161.302948562323,353.822894641502,0,0,0,0,94.7529894315991,0,94.9380989123498,0,0,0,173.538155409849,0,192.693757128262,197.486504603685,338.131802716296,0,106.926813611922,0,73.1029054543569,0,139.654362654449,186.348837226466,62.311273509377,161.74915061469,117.208001126138,0,61.0664810463559,241.682021696872
0,0,0,180.90030328818,0,0,0,90.7216186966914,0,0,0,195.378266313867,0,0,0,0,0,0,0,0,0,0,90.1317194604647,169.453147353278,0,259.442917595754,125.994729980093,0,106.926813611922,0,0,0,0,0,0,112.823430872325,224.523755099568,0,0,0,347.376449530863
0,0,0,0,0,0,0,139.792601838991,0,0,0,261.440278806413,0,115.871357769661,0,0,0,0,0,0,0,0,0,0,0,0,0,333.645516435298,0,0,0,0,0,0,0,0,186.973586461633,161.694997919804,0,0,0
0,0,0,0,215.611029055736,0,0,0,0,0,0,0,0,155.901486485736,261.605527103798,0,0,0,0,0,101.350815329073,0,153.672550905948,0,109.093416850988,0,0,0,73.1029054543569,0,0,0,0,184.249961885477,93.4234866874731,0,70.4221432298295,0,0,283.248188884028,0
0,0,0,0,0,0,0,0,0,0,104.369974912428,0,0,0,0,0,0,0,0,0,0,0,204.481117647118,0,0,0,0,0,0,0,0,0,0,169.742003380707,0,0,124.853650664477,0,0,217.157696745803,0
173.001559092555,0,0,193.055010680236,183.786860782462,335.371040201042,0,78.8552325762656,0,179.718364159796,97.5855511246009,0,0,124.698445421759,0,0,320.356811100276,113.144980278377,115.868441404982,85.6072705949986,0,115.114253591495,101.895308036513,206.912707094411,0,0,97.3506957544063,71.5579325720569,139.654362654449,0,0,184.249961885477,169.742003380707,0,116.176698124939,228.075434767255,174.013630695256,148.808626413748,0,175.196329314064,97.3232815600345
134.566479261133,0,0,196.032358954952,94.126460729827,205.839960264176,151.01089327964,133.984214699576,224.551207449728,195.314816908693,357.423078228283,255.441154257905,0,231.050882209,0,213.67670887414,0,180.355266595273,0,157.852515740516,93.5029580098427,0,108.136066660554,78.9559315574845,0,0,0,154.065933476765,186.348837226466,0,0,93.4234866874731,0,116.176698124939,0,153.453047983244,167.066576495979,0,0,125.416941482916,227.504408813069
0,0,0,146.770754374523,199.492852797962,0,136.685314494491,82.4756938751058,99.2646516363145,142.385058730083,0,112.793316814908,0,0,0,196.04190773555,0,0,137.189596148386,133.218162784108,0,0,153.876396855887,0,0,80.8080171296381,0,100.812745974529,62.311273509377,112.823430872325,0,0,0,228.075434767255,153.453047983244,0,249.798812580765,0,0,141.204637091722,0
0,172.892533368851,209.996727521564,211.840482897052,131.969743415579,0,0,329.719143597451,116.054372245433,247.66948903751,0,74.4197823064597,253.401634605989,201.100640800745,0,98.2230592632363,0,222.053792850439,163.945208919892,173.059382066957,218.045528847001,0,172.608400267715,82.6426202489162,0,0,198.528111506785,137.239127032733,161.74915061469,224.523755099568,186.973586461633,70.4221432298295,124.853650664477,174.013630695256,167.066576495979,249.798812580765,0,84.3635741045246,160.537522273714,0,71.4788760670054
136.792307586862,262.382215657622,0,134.960780198024,0,112.349934713559,325.937289045041,0,0,280.376028997576,0,0,0,101.605593487621,321.864157986053,0,238.934743274142,0,0,225.013371621378,153.609372090384,0,0,0,0,113.059176128709,89.3673883748406,212.592150359921,117.208001126138,0,161.694997919804,0,0,148.808626413748,0,0,84.3635741045246,0,95.7590805983148,0,99.3508940827211
0,0,0,0,76.5072790361762,0,0,159.183173818572,104.915316975638,0,138.425725342224,0,197.893790332676,192.135034768848,0,283.88658203332,208.005106191961,0,0,0,139.93285932648,0,0,146.814226519809,0,89.9429017381717,0,303.527509149359,0,0,0,0,0,0,0,0,160.537522273714,95.7590805983148,0,193.777661225572,0
0,0,0,114.649126378906,192.601533877686,180.543851962045,151.075371308616,101.5853655613,0,178.748963182352,101.85207633558,158.955087279859,0,228.792310020318,0,0,177.763106506206,150.161410108805,114.511014214502,0,73.4795582048751,0,108.381749703452,0,122.106946855269,98.6790043377568,0,200.878319874537,61.0664810463559,0,0,283.248188884028,217.157696745803,175.196329314064,125.416941482916,141.204637091722,0,0,193.777661225572,0,85.7623170715703
0,0,146.465927798921,142.054529471577,161.325017232684,0,0,0,0,81.2827395071039,164.032723165762,110.384905066973,0,0,205.183249704085,94.8881692391942,0,103.519938150021,0,0,161.275817184598,0,0,0,67.8267069095267,115.541295036174,202.712457066107,181.316358113209,241.682021696872,347.376449530863,0,0,0,97.3232815600345,227.504408813069,0,71.4788760670054,99.3508940827211,0,85.7623170715703,0
