0,0,0,0,0,0,0,181.316358113209,0,0,0,177.763106506206,0,0,0,0,0,0,0,0,0,0,0,0,0,0,0,97.5855511246009,0,0,0,0,0,0,0,0,106.926813611922,0,154.070293657878,259.442917595754,0
0,0,0,0,0,0,0,0,0,0,92.3502314520023,0,0,192.135034768848,0,0,0,0,0,0,0,0,0,0,0,0,0,160.537522273714,0,0,0,0,0,201.44584889478,199.492852797962,0,186.348837226466,0,0,89.1590885155172,0
0,0,0,0,0,96.5937438588657,0,0,0,0,0,0,0,165.893015276821,0,238.934743274142,0,0,0,0,0,0,0,0,0,0,0,0,0,0,0,0,0,112.793316814908,0,0,134.566479261133,0,0,0,0
0,0,0,0,0,0,106.128596538706,78.8552325762656,0,151.075371308616,0,191.519780382943,0,0,0,0,0,0,0,0,0,309.997227542691,320.356811100276,0,151.806152521152,0,0,0,0,0,0,0,0,62.859596780235,167.066576495979,0,94.8881692391942,70.4221432298295,153.609372090384,0,348.674510760064
0,0,0,0,0,211.840482897052,101.85207633558,67.8267069095267,220.901129804706,247.66948903751,80.4367166559625,0,0,0,0,314.611698427915,0,0,0,0,115.332064605654,0,0,280.376028997576,0,0,0,133.218162784108,0,81.2827395071039,0,0,0,0,0,61.0664810463559,0,0,0,200.878319874537,253.401634605989
0,0,96.5937438588657,0,211.840482897052,0,0,0,92.5568465385234,0,0,0,0,0,94.126460729827,0,0,198.964527389285,0,0,0,195.822649557859,120.567029282014,96.7845769653343,0,0,325.937289045041,73.1029054543569,90.7216186966914,0,0,0,0,110.384905066973,353.822894641502,0,0,0,0,0,116.176698124939
0,0,0,106.128596538706,101.85207633558,0,0,0,0,0,0,0,0,0,0,106.533627130087,0,249.905610015455,0,138.33942793804,0,0,115.194491798135,0,0,175.196329314064,145.74089716123,0,0,0,0,338.131802716296,0,136.685314494491,194.442125915551,0,192.693757128262,0,0,197.893790332676,0
181.316358113209,0,0,78.8552325762656,67.8267069095267,0,0,0,0,101.605593487621,204.481117647118,151.036729364761,0,0,0,74.4197823064597,0,0,0,0,0,0,0,0,178.224497384947,0,0,136.792307586862,0,94.027247878695,0,0,0,84.3635741045246,151.695570509541,0,263.534399241887,98.417953423071,0,165.597665022977,195.314816908693
0,0,0,0,220.901129804706,92.5568465385234,0,0,0,0,0,0,0,0,0,0,0,0,0,101.5853655613,128.846764897717,0,0,163.945208919892,0,0,252.487290983309,228.075434767255,217.157696745803,0,0,0,0,0,321.124897279917,137.189596148386,94.7529894315991,0,0,0,0
0,0,0,151.075371308616,247.66948903751,0,0,101.605593487621,0,0,0,142.385058730083,0,0,94.9380989123498,0,0,0,0,119.728129215699,0,188.851177466023,80.8080171296381,0,0,0,161.325017232684,161.275817184598,276.620869034647,158.955087279859,323.781250289068,0,0,283.88658203332,0,81.9664354533492,151.01089327964,0,0,289.631679007608,146.770754374523
0,92.3502314520023,0,0,80.4367166559625,0,0,204.481117647118,0,0,0,0,0,0,0,0,0,0,125.416941482916,0,0,0,222.053792850439,0,164.032723165762,94.7280504127031,0,197.486504603685,283.248188884028,0,0,205.183249704085,0,262.382215657622,202.712457066107,0,155.901486485736,89.3673883748406,0,116.054372245433,206.912707094411
177.763106506206,0,0,191.519780382943,0,0,0,151.036729364761,0,142.385058730083,0,0,0,153.453047983244,0,0,333.645516435298,172.892533368851,0,141.204637091722,0,300.031143529538,269.936825670274,113.059176128709,205.09013266389,0,173.201474590904,241.635434294794,284.529238481835,0,0,0,0,219.040656038919,111.226326353722,82.6426202489162,306.640284138334,101.443495235174,0,174.013630695256,0
0,0,0,0,0,0,0,0,0,0,0,0,0,0,0,0,0,0,0,162.833808134102,0,0,0,0,0,100.812745974529,180.355266595273,82.6299537488922,0,0,0,0,0,0,0,0,240.185081663983,0,0,0,150.161410108805
0,192.135034768848,165.893015276821,0,0,0,0,0,0,0,0,153.453047983244,0,0,0,0,0,0,78.9559315574845,0,0,93.4234866874731,76.5072790361762,0,0,97.3506957544063,206.472608421747,0,178.683678585178,0,0,0,0,92.5207898118833,0,173.538155409849,93.5029580098427,114.649126378906,0,329.719143597451,0
0,0,0,0,0,94.126460729827,0,0,0,94.9380989123498,0,0,0,0,0,85.6072705949986,0,0,0,0,0,0,0,158.567996645797,0,0,219.430938885781,117.208001126138,0,111.435629183184,82.1742780037132,0,0,137.177378802006,0,104.369974912428,0,71.5579325720569,72.2278283150671,0,0
0,0,238.934743274142,0,314.611698427915,0,106.533627130087,74.4197823064597,0,0,0,0,0,0,85.6072705949986,0,0,0,0,231.715271819474,0,0,0,0,0,168.241326865882,0,0,90.1317194604647,0,0,0,0,0,215.611029055736,0,192.601533877686,0,0,125.994729980093,0
0,0,0,0,0,0,0,0,0,0,0,333.645516435298,0,0,0,0,0,0,73.4795582048751,146.465927798921,139.654362654449,232.945974238958,0,0,0,0,0,0,0,124.853650664477,0,0,0,221.805809452716,0,0,153.876396855887,89.9429017381717,0,259.055025639447,0
0,0,0,0,0,198.964527389285,249.905610015455,0,0,0,0,172.892533368851,0,0,0,0,0,0,0,58.3493451392805,0,0,0,198.528111506785,0,0,0,173.059382066957,255.441154257905,0,0,0,0,106.33736463831,0,0,124.698445421759,0,0,0,0
0,0,0,0,0,0,0,0,0,0,125.416941482916,0,0,78.9559315574845,0,0,73.4795582048751,0,0,303.527509149359,190.185165668632,0,0,335.371040201042,0,0,0,224.523755099568,0,0,0,0,161.74915061469,137.239127032733,0,98.6790043377568,0,193.659409924573,155.24952173131,0,0
0,0,0,0,0,0,138.33942793804,0,101.5853655613,119.728129215699,0,141.204637091722,162.833808134102,0,0,231.715271819474,146.465927798921,58.3493451392805,303.527509149359,0,0,0,0,0,0,228.792310020318,0,82.4756938751058,184.249961885477,0,0,131.969743415579,0,0,74.7304794244225,241.682021696872,0,0,225.013371621378,95.7590805983148,0
0,0,0,0,115.332064605654,0,0,0,128.846764897717,0,0,0,0,0,0,0,139.654362654449,0,190.185165668632,0,0,0,0,0,0,219.078548227669,0,153.672550905948,0,208.005106191961,0,0,0,195.378266313867,143.005810983322,0,171.230058197369,89.707245288964,0,204.084074037941,261.440278806413
0,0,0,309.997227542691,0,195.822649557859,0,0,0,188.851177466023,0,300.031143529538,0,93.4234866874731,0,0,232.945974238958,0,0,0,0,0,0,0,115.868441404982,0,0,0,0,0,0,0,0,0,0,0,0,0,75.4497121078207,0,0
0,0,0,320.356811100276,0,120.567029282014,115.194491798135,0,0,80.8080171296381,222.053792850439,269.936825670274,0,76.5072790361762,0,0,0,0,0,0,0,0,0,251.098274723989,87.8456058929559,115.871357769661,357.423078228283,0,0,0,0,140.574866691684,0,99.3508940827211,0,0,0,0,104.915316975638,186.973586461633,0
0,0,0,0,280.376028997576,96.7845769653343,0,0,163.945208919892,0,0,113.059176128709,0,0,158.567996645797,0,0,198.528111506785,335.371040201042,0,0,0,251.098274723989,0,0,193.63278243493,0,161.694997919804,154.784755881607,0,160.530221557972,171.906398392157,0,0,236.681907140956,119.345624434514,115.541295036174,227.504408813069,172.608400267715,0,196.032358954952
0,0,0,151.806152521152,0,0,0,178.224497384947,0,0,164.032723165762,205.09013266389,0,0,0,0,0,0,0,0,0,115.868441404982,87.8456058929559,0,0,0,250.461724766314,0,209.996727521564,0,0,0,0,0,180.90030328818,0,0,0,0,62.311273509377,0
0,0,0,0,0,0,175.196329314064,0,0,0,94.7280504127031,0,100.812745974529,97.3506957544063,0,168.241326865882,0,0,0,228.792310020318,219.078548227669,0,115.871357769661,193.63278243493,0,0,180.543851962045,169.453147353278,85.7623170715703,108.381749703452,0,0,139.93285932648,115.114253591495,261.605527103798,134.960780198024,214.116367924649,161.302948562323,0,0,220.963068032256
0,0,0,0,0,325.937289045041,145.74089716123,0,252.487290983309,161.325017232684,0,173.201474590904,180.355266595273,206.472608421747,219.430938885781,0,0,0,0,0,0,0,357.423078228283,0,250.461724766314,180.543851962045,0,187.77054666536,231.050882209,0,0,0,0,128.530575464043,223.705816669619,205.839960264176,224.551207449728,154.065933476765,0,133.984214699576,201.100640800745
97.5855511246009,160.537522273714,0,0,133.218162784108,73.1029054543569,0,136.792307586862,228.075434767255,161.275817184598,197.486504603685,241.635434294794,82.6299537488922,0,117.208001126138,0,0,173.059382066957,224.523755099568,82.4756938751058,153.672550905948,0,0,161.694997919804,0,169.453147353278,187.77054666536,0,66.5008477853491,139.792601838991,193.055010680236,0,0,0,108.136066660554,112.349934713559,347.376449530863,112.823430872325,0,218.045528847001,148.808626413748
0,0,0,0,0,90.7216186966914,0,0,217.157696745803,276.620869034647,283.248188884028,284.529238481835,0,178.683678585178,0,90.1317194604647,0,255.441154257905,0,184.249961885477,0,0,0,154.784755881607,209.996727521564,85.7623170715703,231.050882209,66.5008477853491,0,125.81518738273,178.748963182352,0,0,0,242.790381480436,196.04190773555,146.814226519809,226.825099357786,0,0,193.777661225572
0,0,0,0,81.2827395071039,0,0,94.027247878695,0,158.955087279859,0,0,0,0,111.435629183184,0,124.853650664477,0,0,0,208.005106191961,0,0,0,0,108.381749703452,0,139.792601838991,125.81518738273,0,0,0,0,71.4788760670054,101.895308036513,0,0,0,0,0,0
0,0,0,0,0,0,0,0,0,323.781250289068,0,0,0,0,82.1742780037132,0,0,0,0,0,0,0,0,160.530221557972,0,0,0,193.055010680236,178.748963182352,0,0,0,0,188.936291522747,0,0,0,0,0,0,0
0,0,0,0,0,0,338.131802716296,0,0,0,205.183249704085,0,0,0,0,0,0,0,0,131.969743415579,0,0,140.574866691684,171.906398392157,0,0,0,0,0,0,0,0,0,0,128.405764333981,98.2230592632363,169.742003380707,0,306.344527664232,97.3232815600345,101.350815329073
0,0,0,0,0,0,0,0,0,0,0,0,0,0,0,0,0,0,161.74915061469,0,0,0,0,0,0,139.93285932648,0,0,0,0,0,0,0,0,114.511014214502,0,173.001559092555,0,99.2646516363145,0,0
0,201.44584889478,112.793316814908,62.859596780235,0,110.384905066973,136.685314494491,84.3635741045246,0,283.88658203332,262.382215657622,219.040656038919,0,92.5207898118833,137.177378802006,0,221.805809452716,106.33736463831,137.239127032733,0,195.378266313867,0,99.3508940827211,0,0,115.114253591495,128.530575464043,0,0,71.4788760670054,188.936291522747,0,0,0,0,146.99041817625,213.67670887414,321.864157986053,74.5815074003433,163.059043292369,179.718364159796
0,199.492852797962,0,167.066576495979,0,353.822894641502,194.442125915551,151.695570509541,321.124897279917,0,202.712457066107,111.226326353722,0,0,0,215.611029055736,0,0,0,74.7304794244225,143.005810983322,0,0,236.681907140956,180.90030328818,261.605527103798,223.705816669619,108.136066660554,242.790381480436,101.895308036513,0,128.405764333981,114.511014214502,0,0,154.142998692322,157.852515740516,183.786860782462,0,212.592150359921,113.144980278377
0,0,0,0,61.0664810463559,0,0,0,137.189596148386,81.9664354533492,0,82.6426202489162,0,173.538155409849,104.369974912428,0,0,0,98.6790043377568,241.682021696872,0,0,0,119.345624434514,0,134.960780198024,205.839960264176,112.349934713559,196.04190773555,0,0,98.2230592632363,0,146.99041817625,154.142998692322,0,142.054529471577,0,0,138.425725342224,109.093416850988
106.926813611922,186.348837226466,134.566479261133,94.8881692391942,0,0,192.693757128262,263.534399241887,94.7529894315991,151.01089327964,155.901486485736,306.640284138334,240.185081663983,93.5029580098427,0,192.601533877686,153.876396855887,124.698445421759,0,0,171.230058197369,0,0,115.541295036174,0,214.116367924649,224.551207449728,347.376449530863,146.814226519809,0,0,169.742003380707,173.001559092555,213.67670887414,157.852515740516,142.054529471577,0,118.522099274347,135.667029391615,135.294330067913,159.183173818572
0,0,0,70.4221432298295,0,0,0,98.417953423071,0,0,89.3673883748406,101.443495235174,0,114.649126378906,71.5579325720569,0,89.9429017381717,0,193.659409924573,0,89.707245288964,0,0,227.504408813069,0,161.302948562323,154.065933476765,112.823430872325,226.825099357786,0,0,0,0,321.864157986053,183.786860782462,0,118.522099274347,0,241.57250333243,345.797434674459,120.912756812582
154.070293657878,0,0,153.609372090384,0,0,0,0,0,0,0,0,0,0,72.2278283150671,0,0,0,155.24952173131,225.013371621378,0,75.4497121078207,104.915316975638,172.608400267715,0,0,0,0,0,0,0,306.344527664232,99.2646516363145,74.5815074003433,0,0,135.667029391615,241.57250333243,0,103.519938150021,249.798812580765
259.442917595754,89.1590885155172,0,0,200.878319874537,0,197.893790332676,165.597665022977,0,289.631679007608,116.054372245433,174.013630695256,0,329.719143597451,0,125.994729980093,259.055025639447,0,0,95.7590805983148,204.084074037941,0,186.973586461633,0,62.311273509377,0,133.984214699576,218.045528847001,0,0,0,97.3232815600345,0,163.059043292369,212.592150359921,138.425725342224,135.294330067913,345.797434674459,103.519938150021,0,122.106946855269
0,0,0,348.674510760064,253.401634605989,116.176698124939,0,195.314816908693,0,146.770754374523,206.912707094411,0,150.161410108805,0,0,0,0,0,0,0,261.440278806413,0,0,196.032358954952,0,220.963068032256,201.100640800745,148.808626413748,193.777661225572,0,0,101.350815329073,0,179.718364159796,113.144980278377,109.093416850988,159.183173818572,120.912756812582,249.798812580765,122.106946855269,0
