0,0,0,0,0,0,0,0,0,0,0,0,0,0,0,0,0,197.486504603685,0,161.275817184598,0,0,0,0,0,0,0,0,0,0,0,116.054372245433,0,101.895308036513,0,0,90.7216186966914,0,306.344527664232,0,0
0,0,0,0,0,0,155.901486485736,0,0,0,0,0,0,0,321.124897279917,0,0,0,335.371040201042,0,186.973586461633,0,0,300.031143529538,0,0,0,0,0,0,0,0,0,338.131802716296,151.806152521152,0,0,0,0,0,0
0,0,0,0,0,196.04190773555,0,0,0,0,0,242.790381480436,0,0,0,0,0,0,0,0,0,0,0,0,0,151.695570509541,0,0,0,0,0,95.7590805983148,0,0,0,0,0,0,0,173.201474590904,0
0,0,0,0,0,0,78.9559315574845,0,0,190.185165668632,0,202.712457066107,0,0,0,0,0,163.059043292369,0,76.5072790361762,0,0,0,0,0,220.963068032256,78.8552325762656,0,0,0,0,0,0,104.369974912428,0,193.055010680236,228.075434767255,98.2230592632363,0,93.5029580098427,139.792601838991
0,0,0,0,0,112.823430872325,96.5937438588657,0,0,125.416941482916,128.405764333981,0,0,0,0,0,0,221.805809452716,0,238.934743274142,0,0,0,150.161410108805,0,66.5008477853491,0,74.4197823064597,0,0,0,0,0,80.8080171296381,94.7529894315991,0,321.864157986053,75.4497121078207,259.442917595754,0,0
0,0,196.04190773555,0,112.823430872325,0,0,135.294330067913,0,154.070293657878,0,0,0,0,0,0,249.905610015455,0,0,0,0,0,0,0,81.2827395071039,161.302948562323,0,87.8456058929559,128.846764897717,0,108.381749703452,0,0,0,80.4367166559625,89.1590885155172,222.053792850439,0,0,70.4221432298295,0
0,155.901486485736,0,78.9559315574845,96.5937438588657,0,0,0,0,0,0,128.530575464043,0,0,0,0,0,0,0,0,0,175.196329314064,0,0,0,0,218.045528847001,0,0,0,0,151.075371308616,0,0,269.936825670274,97.3506957544063,111.435629183184,348.674510760064,118.522099274347,106.128596538706,0
0,0,0,0,0,135.294330067913,0,0,112.793316814908,115.868441404982,0,192.693757128262,0,0,0,0,0,0,0,0,133.984214699576,0,0,94.7280504127031,0,0,262.382215657622,204.481117647118,215.611029055736,0,165.597665022977,0,0,195.314816908693,62.311273509377,0,82.4756938751058,106.33736463831,0,162.833808134102,205.183249704085
0,0,0,0,0,0,0,112.793316814908,0,0,0,0,0,0,142.385058730083,283.88658203332,0,251.098274723989,0,0,0,0,253.401634605989,0,114.649126378906,0,0,82.6426202489162,0,98.417953423071,0,0,0,0,209.996727521564,0,0,168.241326865882,0,161.74915061469,0
0,0,0,190.185165668632,125.416941482916,154.070293657878,0,115.868441404982,0,0,0,200.878319874537,0,115.332064605654,0,142.054529471577,0,115.114253591495,0,0,0,0,0,250.461724766314,193.659409924573,0,0,180.90030328818,97.3232815600345,0,0,0,0,195.822649557859,119.345624434514,0,113.059176128709,94.126460729827,120.567029282014,249.798812580765,0
0,0,0,0,128.405764333981,0,0,0,0,0,0,0,0,0,0,85.7623170715703,0,94.9380989123498,85.6072705949986,205.839960264176,0,180.355266595273,101.605593487621,0,0,98.6790043377568,169.742003380707,119.728129215699,111.226326353722,0,0,0,92.5207898118833,120.912756812582,106.533627130087,0,255.441154257905,0,0,188.936291522747,0
0,0,242.790381480436,202.712457066107,0,0,128.530575464043,192.693757128262,0,200.878319874537,0,0,97.5855511246009,197.893790332676,0,206.912707094411,0,0,148.808626413748,188.851177466023,0,0,0,110.384905066973,0,0,0,140.574866691684,193.63278243493,0,0,0,0,115.194491798135,357.423078228283,93.4234866874731,172.608400267715,205.09013266389,173.538155409849,154.065933476765,178.683678585178
0,0,0,0,0,0,0,0,0,0,0,97.5855511246009,0,0,0,0,0,0,0,0,208.005106191961,0,219.430938885781,0,0,0,0,320.356811100276,0,0,0,0,0,0,0,0,198.528111506785,183.786860782462,0,0,0
0,0,0,0,0,0,0,0,0,115.332064605654,0,197.893790332676,0,0,195.378266313867,0,0,0,153.453047983244,0,0,0,0,101.443495235174,306.640284138334,0,201.44584889478,283.248188884028,154.784755881607,0,0,261.440278806413,0,134.960780198024,124.698445421759,0,0,353.822894641502,0,0,117.208001126138
0,321.124897279917,0,0,0,0,0,0,142.385058730083,0,0,0,0,195.378266313867,0,0,0,0,0,0,231.050882209,0,158.567996645797,0,0,0,0,173.059382066957,133.218162784108,0,0,0,0,206.472608421747,89.9429017381717,0,192.135034768848,0,0,284.529238481835,109.093416850988
0,0,0,0,0,0,0,0,283.88658203332,142.054529471577,85.7623170715703,206.912707094411,0,0,0,0,0,0,0,0,0,0,0,276.620869034647,0,303.527509149359,92.3502314520023,0,0,0,0,0,0,100.812745974529,0,139.654362654449,247.66948903751,0,153.672550905948,0,0
0,0,0,0,0,249.905610015455,0,0,0,0,0,0,0,0,0,0,0,0,0,163.945208919892,0,0,225.013371621378,0,0,141.204637091722,174.013630695256,0,0,145.74089716123,101.85207633558,0,0,0,204.084074037941,0,201.100640800745,82.1742780037132,0,0,0
197.486504603685,0,0,163.059043292369,221.805809452716,0,0,0,251.098274723989,115.114253591495,94.9380989123498,0,0,0,0,0,0,0,0,0,0,0,0,0,0,0,0,220.901129804706,0,0,0,0,0,0,0,224.523755099568,173.001559092555,0,0,0,0
0,335.371040201042,0,0,0,0,0,0,0,0,85.6072705949986,148.808626413748,0,153.453047983244,0,0,0,0,0,0,0,0,0,263.534399241887,0,0,0,82.6299537488922,240.185081663983,113.144980278377,0,0,0,136.792307586862,0,0,0,0,159.183173818572,125.81518738273,172.892533368851
161.275817184598,0,0,76.5072790361762,238.934743274142,0,0,0,0,0,205.839960264176,188.851177466023,0,0,0,0,163.945208919892,0,0,0,0,0,0,0,0,158.955087279859,71.5579325720569,0,74.7304794244225,139.93285932648,0,84.3635741045246,0,0,67.8267069095267,241.682021696872,108.136066660554,199.492852797962,0,114.511014214502,192.601533877686
0,186.973586461633,0,0,0,0,0,133.984214699576,0,0,0,0,208.005106191961,0,231.050882209,0,0,0,0,0,0,0,227.504408813069,62.859596780235,0,146.814226519809,0,231.715271819474,160.537522273714,135.667029391615,0,0,0,211.840482897052,0,0,0,0,0,219.040656038919,309.997227542691
0,0,0,0,0,0,175.196329314064,0,0,0,180.355266595273,0,0,0,0,0,0,0,0,0,0,0,171.906398392157,0,0,347.376449530863,0,73.1029054543569,0,0,0,0,0,0,0,0,177.763106506206,116.176698124939,0,0,154.142998692322
0,0,0,0,0,0,0,0,253.401634605989,0,101.605593487621,0,219.430938885781,0,158.567996645797,0,225.013371621378,0,0,0,227.504408813069,171.906398392157,0,0,171.230058197369,0,0,71.4788760670054,0,261.605527103798,0,223.705816669619,0,90.1317194604647,0,137.189596148386,0,0,0,280.376028997576,232.945974238958
0,300.031143529538,0,0,150.161410108805,0,0,94.7280504127031,0,250.461724766314,0,110.384905066973,0,101.443495235174,0,276.620869034647,0,0,263.534399241887,0,62.859596780235,0,0,0,89.3673883748406,146.465927798921,89.707245288964,187.77054666536,0,0,0,0,0,101.5853655613,193.777661225572,138.425725342224,153.609372090384,0,0,241.57250333243,61.0664810463559
0,0,0,0,0,81.2827395071039,0,0,114.649126378906,193.659409924573,0,0,0,306.640284138334,0,0,0,0,0,0,0,0,171.230058197369,89.3673883748406,0,259.055025639447,241.635434294794,0,0,0,0,0,0,0,212.592150359921,155.24952173131,0,0,0,0,0
0,0,151.695570509541,220.963068032256,66.5008477853491,161.302948562323,0,0,0,0,98.6790043377568,0,0,0,0,303.527509149359,141.204637091722,0,0,158.955087279859,146.814226519809,347.376449530863,0,146.465927798921,259.055025639447,0,0,146.99041817625,213.67670887414,0,0,0,137.239127032733,96.7845769653343,124.853650664477,0,153.876396855887,0,165.893015276821,0,160.530221557972
0,0,0,78.8552325762656,0,0,218.045528847001,262.382215657622,0,0,169.742003380707,0,0,201.44584889478,0,92.3502314520023,174.013630695256,0,0,71.5579325720569,0,0,0,89.707245288964,241.635434294794,0,0,325.937289045041,289.631679007608,217.157696745803,0,0,0,151.036729364761,0,323.781250289068,115.541295036174,314.611698427915,214.116367924649,138.33942793804,104.915316975638
0,0,0,0,74.4197823064597,87.8456058929559,0,204.481117647118,82.6426202489162,180.90030328818,119.728129215699,140.574866691684,320.356811100276,283.248188884028,173.059382066957,0,0,220.901129804706,82.6299537488922,0,231.715271819474,73.1029054543569,71.4788760670054,187.77054666536,0,146.99041817625,325.937289045041,0,196.032358954952,219.078548227669,0,0,0,169.453147353278,131.969743415579,191.519780382943,94.8881692391942,92.5568465385234,0,161.694997919804,161.325017232684
0,0,0,0,0,128.846764897717,0,215.611029055736,0,97.3232815600345,111.226326353722,193.63278243493,0,154.784755881607,133.218162784108,0,0,0,240.185081663983,74.7304794244225,160.537522273714,0,0,0,0,213.67670887414,289.631679007608,196.032358954952,0,0,0,72.2278283150671,198.964527389285,151.01089327964,112.349934713559,94.027247878695,178.748963182352,122.106946855269,181.316358113209,0,0
0,0,0,0,0,0,0,0,98.417953423071,0,0,0,0,0,0,0,145.74089716123,0,113.144980278377,139.93285932648,135.667029391615,0,261.605527103798,0,0,0,217.157696745803,219.078548227669,0,0,0,0,0,228.792310020318,0,0,58.3493451392805,0,0,0,143.005810983322
0,0,0,0,0,108.381749703452,0,165.597665022977,0,0,0,0,0,0,0,0,101.85207633558,0,0,0,0,0,0,0,0,0,0,0,0,0,0,0,329.719143597451,333.645516435298,0,0,0,0,106.926813611922,0,0
116.054372245433,0,95.7590805983148,0,0,0,151.075371308616,0,0,0,0,0,0,261.440278806413,0,0,0,0,0,84.3635741045246,0,0,223.705816669619,0,0,0,0,0,72.2278283150671,0,0,0,0,0,137.177378802006,125.994729980093,0,0,0,103.519938150021,345.797434674459
0,0,0,0,0,0,0,0,0,0,92.5207898118833,0,0,0,0,0,0,0,0,0,0,0,0,0,0,137.239127032733,0,0,198.964527389285,0,329.719143597451,0,0,0,0,0,134.566479261133,0,0,0,0
101.895308036513,338.131802716296,0,104.369974912428,80.8080171296381,0,0,195.314816908693,0,195.822649557859,120.912756812582,115.194491798135,0,134.960780198024,206.472608421747,100.812745974529,0,0,136.792307586862,0,211.840482897052,0,90.1317194604647,101.5853655613,0,96.7845769653343,151.036729364761,169.453147353278,151.01089327964,228.792310020318,333.645516435298,0,0,0,136.685314494491,252.487290983309,226.825099357786,0,0,167.066576495979,101.350815329073
0,151.806152521152,0,0,94.7529894315991,80.4367166559625,269.936825670274,62.311273509377,209.996727521564,119.345624434514,106.533627130087,357.423078228283,0,124.698445421759,89.9429017381717,0,204.084074037941,0,0,67.8267069095267,0,0,0,193.777661225572,212.592150359921,124.853650664477,0,131.969743415579,112.349934713559,0,0,137.177378802006,0,136.685314494491,0,99.2646516363145,236.681907140956,178.224497384947,0,99.3508940827211,194.442125915551
0,0,0,193.055010680236,0,89.1590885155172,97.3506957544063,0,0,0,0,93.4234866874731,0,0,0,139.654362654449,0,224.523755099568,0,241.682021696872,0,0,137.189596148386,138.425725342224,155.24952173131,0,323.781250289068,191.519780382943,94.027247878695,0,0,125.994729980093,0,252.487290983309,99.2646516363145,0,224.551207449728,180.543851962045,0,184.249961885477,0
90.7216186966914,0,0,228.075434767255,321.864157986053,222.053792850439,111.435629183184,82.4756938751058,0,113.059176128709,255.441154257905,172.608400267715,198.528111506785,0,192.135034768848,247.66948903751,201.100640800745,173.001559092555,0,108.136066660554,0,177.763106506206,0,153.609372090384,0,153.876396855887,115.541295036174,94.8881692391942,178.748963182352,58.3493451392805,0,0,134.566479261133,226.825099357786,236.681907140956,224.551207449728,0,81.9664354533492,179.718364159796,157.852515740516,115.871357769661
0,0,0,98.2230592632363,75.4497121078207,0,348.674510760064,106.33736463831,168.241326865882,94.126460729827,0,205.09013266389,183.786860782462,353.822894641502,0,0,82.1742780037132,0,0,199.492852797962,0,116.176698124939,0,0,0,0,314.611698427915,92.5568465385234,122.106946855269,0,0,0,0,0,178.224497384947,180.543851962045,81.9664354533492,0,164.032723165762,73.4795582048751,0
306.344527664232,0,0,0,259.442917595754,0,118.522099274347,0,0,120.567029282014,0,173.538155409849,0,0,0,153.672550905948,0,0,159.183173818572,0,0,0,0,0,0,165.893015276821,214.116367924649,0,181.316358113209,0,106.926813611922,0,0,0,0,0,179.718364159796,164.032723165762,0,186.348837226466,146.770754374523
0,0,173.201474590904,93.5029580098427,0,70.4221432298295,106.128596538706,162.833808134102,161.74915061469,249.798812580765,188.936291522747,154.065933476765,0,0,284.529238481835,0,0,0,125.81518738273,114.511014214502,219.040656038919,0,280.376028997576,241.57250333243,0,0,138.33942793804,161.694997919804,0,0,0,103.519938150021,0,167.066576495979,99.3508940827211,184.249961885477,157.852515740516,73.4795582048751,186.348837226466,0,74.5815074003433
0,0,0,139.792601838991,0,0,0,205.183249704085,0,0,0,178.683678585178,0,117.208001126138,109.093416850988,0,0,0,172.892533368851,192.601533877686,309.997227542691,154.142998692322,232.945974238958,61.0664810463559,0,160.530221557972,104.915316975638,161.325017232684,0,143.005810983322,0,345.797434674459,0,101.350815329073,194.442125915551,0,115.871357769661,0,146.770754374523,74.5815074003433,0
