0,0,0,0,0,0,0,0,0,0,0,0,241.635434294794,0,0,0,0,0,0,0,140.574866691684,0,0,0,125.994729980093,0,133.984214699576,0,0,0,0,0,0,0,153.453047983244,0,0,112.349934713559,0,0,0
0,0,0,0,0,0,0,66.5008477853491,0,0,0,0,0,0,94.9380989123498,0,0,0,0,0,0,0,0,115.868441404982,0,154.070293657878,0,151.806152521152,0,0,0,0,0,0,0,174.013630695256,192.693757128262,0,0,0,0
0,0,0,0,0,0,0,0,0,0,0,103.519938150021,0,0,0,0,0,0,0,0,0,0,0,163.945208919892,0,0,0,200.878319874537,173.538155409849,0,0,0,0,321.124897279917,0,0,0,0,0,0,0
0,0,0,0,0,0,173.001559092555,99.3508940827211,0,163.059043292369,101.85207633558,98.2230592632363,0,0,0,0,0,0,0,0,0,0,323.781250289068,0,0,0,0,95.7590805983148,161.302948562323,0,0,0,0,201.44584889478,320.356811100276,0,178.683678585178,0,112.793316814908,73.1029054543569,0
0,0,0,0,0,0,0,0,0,0,0,0,0,146.814226519809,0,155.901486485736,0,0,139.654362654449,0,0,0,0,82.6426202489162,164.032723165762,80.4367166559625,67.8267069095267,153.609372090384,0,0,0,249.905610015455,0,0,124.853650664477,236.681907140956,76.5072790361762,131.969743415579,179.718364159796,0,0
0,0,0,0,0,0,139.93285932648,100.812745974529,0,0,0,137.177378802006,0,0,0,0,0,0,0,0,0,0,196.032358954952,220.963068032256,0,242.790381480436,198.528111506785,111.435629183184,0,0,0,0,0,309.997227542691,0,161.694997919804,306.344527664232,0,169.742003380707,202.712457066107,81.2827395071039
0,0,0,173.001559092555,0,139.93285932648,0,262.382215657622,178.748963182352,0,0,101.5853655613,0,0,0,0,0,0,0,168.241326865882,0,180.90030328818,0,0,0,97.3232815600345,0,193.777661225572,0,0,0,0,0,84.3635741045246,276.620869034647,0,0,0,0,94.8881692391942,204.481117647118
0,66.5008477853491,0,99.3508940827211,0,100.812745974529,262.382215657622,0,0,217.157696745803,178.224497384947,145.74089716123,0,0,0,0,0,0,0,190.185165668632,113.144980278377,0,0,0,0,0,0,0,0,0,0,0,0,113.059176128709,0,241.57250333243,193.659409924573,96.7845769653343,228.075434767255,120.567029282014,347.376449530863
0,0,0,0,0,0,178.748963182352,0,0,0,0,0,0,135.667029391615,0,148.808626413748,0,283.248188884028,0,0,0,92.5568465385234,0,0,98.6790043377568,0,151.695570509541,357.423078228283,0,0,0,0,0,0,0,0,180.543851962045,160.537522273714,0,82.6299537488922,0
0,0,0,163.059043292369,0,0,0,217.157696745803,0,0,0,333.645516435298,108.136066660554,0,128.405764333981,0,0,0,0,122.106946855269,99.2646516363145,0,0,325.937289045041,0,212.592150359921,0,249.798812580765,206.912707094411,0,0,115.114253591495,0,0,232.945974238958,263.534399241887,209.996727521564,73.4795582048751,335.371040201042,0,118.522099274347
0,0,0,101.85207633558,0,0,0,178.224497384947,0,0,0,180.355266595273,0,195.314816908693,119.728129215699,0,0,0,0,80.8080171296381,0,0,0,0,186.973586461633,0,225.013371621378,97.3506957544063,251.098274723989,171.230058197369,0,85.6072705949986,0,0,146.465927798921,0,205.09013266389,0,0,181.316358113209,173.059382066957
0,0,103.519938150021,98.2230592632363,0,137.177378802006,101.5853655613,145.74089716123,0,333.645516435298,180.355266595273,0,0,261.605527103798,0,0,116.176698124939,0,345.797434674459,138.33942793804,0,0,82.1742780037132,194.442125915551,0,101.605593487621,0,160.530221557972,0,0,0,89.707245288964,0,75.4497121078207,0,0,280.376028997576,306.640284138334,0,101.350815329073,252.487290983309
241.635434294794,0,0,0,0,0,0,0,0,108.136066660554,0,0,0,0,115.332064605654,0,0,0,0,0,0,0,0,0,0,0,0,0,0,0,0,89.9429017381717,0,128.846764897717,0,0,0,0,0,116.054372245433,0
0,0,0,0,146.814226519809,0,0,0,135.667029391615,0,195.314816908693,261.605527103798,0,0,0,0,0,0,124.698445421759,0,0,0,0,0,220.901129804706,223.705816669619,0,112.823430872325,0,0,0,0,253.401634605989,0,87.8456058929559,224.523755099568,0,211.840482897052,192.135034768848,300.031143529538,0
0,94.9380989123498,0,0,0,0,0,0,0,128.405764333981,119.728129215699,0,115.332064605654,0,0,0,0,0,0,195.822649557859,0,0,0,177.763106506206,0,98.417953423071,93.4234866874731,0,0,0,0,0,0,198.964527389285,136.792307586862,94.7280504127031,0,0,0,85.7623170715703,0
0,0,0,0,155.901486485736,0,0,0,148.808626413748,0,0,0,0,0,0,0,0,0,0,0,0,0,0,0,106.926813611922,187.77054666536,110.384905066973,196.04190773555,206.472608421747,0,0,0,0,0,231.050882209,0,261.440278806413,120.912756812582,0,0,219.040656038919
0,0,0,0,0,0,0,0,0,0,0,116.176698124939,0,0,0,0,0,0,193.63278243493,0,0,0,0,0,0,0,214.116367924649,188.851177466023,125.81518738273,0,0,0,0,115.871357769661,0,106.33736463831,137.189596148386,111.226326353722,0,0,70.4221432298295
0,0,0,0,0,0,0,0,283.248188884028,0,0,0,0,0,0,0,0,0,0,0,0,0,0,165.893015276821,0,141.204637091722,227.504408813069,94.126460729827,58.3493451392805,0,0,0,0,0,219.430938885781,97.5855511246009,191.519780382943,0,0,0,0
0,0,0,0,139.654362654449,0,0,0,0,0,0,345.797434674459,0,124.698445421759,0,0,193.63278243493,0,0,0,0,0,0,195.378266313867,0,192.601533877686,0,151.075371308616,172.892533368851,0,0,0,0,0,0,155.24952173131,125.416941482916,0,90.7216186966914,94.7529894315991,0
0,0,0,0,0,0,168.241326865882,190.185165668632,0,122.106946855269,80.8080171296381,138.33942793804,0,0,195.822649557859,0,0,0,0,0,201.100640800745,0,0,193.055010680236,0,208.005106191961,183.786860782462,0,0,0,0,74.7304794244225,0,104.369974912428,101.443495235174,199.492852797962,0,0,226.825099357786,96.5937438588657,101.895308036513
140.574866691684,0,0,0,0,0,0,113.144980278377,0,99.2646516363145,0,0,0,0,0,0,0,0,0,201.100640800745,0,0,158.567996645797,0,0,0,153.672550905948,0,238.934743274142,228.792310020318,0,186.348837226466,0,259.442917595754,221.805809452716,0,0,0,0,289.631679007608,136.685314494491
0,0,0,0,0,0,180.90030328818,0,92.5568465385234,0,0,0,0,0,0,0,0,0,0,0,0,0,219.078548227669,283.88658203332,0,0,0,0,150.161410108805,0,0,0,0,117.208001126138,0,0,135.294330067913,0,0,61.0664810463559,0
0,0,0,323.781250289068,0,196.032358954952,0,0,0,0,0,82.1742780037132,0,0,0,0,0,0,0,0,158.567996645797,219.078548227669,0,0,0,0,115.541295036174,71.5579325720569,204.084074037941,133.218162784108,321.864157986053,0,0,205.183249704085,0,154.142998692322,119.345624434514,215.611029055736,0,151.036729364761,0
0,115.868441404982,163.945208919892,0,82.6426202489162,220.963068032256,0,0,0,325.937289045041,0,194.442125915551,0,0,177.763106506206,0,0,165.893015276821,195.378266313867,193.055010680236,0,283.88658203332,0,0,0,0,184.249961885477,338.131802716296,0,0,109.093416850988,0,0,115.194491798135,159.183173818572,146.99041817625,247.66948903751,0,0,0,161.275817184598
125.994729980093,0,0,0,164.032723165762,0,0,0,98.6790043377568,0,186.973586461633,0,0,220.901129804706,0,106.926813611922,0,0,0,0,0,0,0,0,0,0,0,0,0,0,106.533627130087,0,0,0,0,0,143.005810983322,0,0,134.566479261133,92.5207898118833
0,154.070293657878,0,0,80.4367166559625,242.790381480436,97.3232815600345,0,0,212.592150359921,0,101.605593487621,0,223.705816669619,98.417953423071,187.77054666536,0,141.204637091722,192.601533877686,208.005106191961,0,0,0,0,0,0,0,314.611698427915,138.425725342224,0,0,205.839960264176,0,197.893790332676,153.876396855887,0,162.833808134102,167.066576495979,0,224.551207449728,0
133.984214699576,0,0,0,67.8267069095267,198.528111506785,0,0,151.695570509541,0,225.013371621378,0,0,0,93.4234866874731,110.384905066973,214.116367924649,227.504408813069,0,183.786860782462,153.672550905948,0,115.541295036174,184.249961885477,0,0,0,94.027247878695,0,62.859596780235,0,0,0,172.608400267715,151.01089327964,175.196329314064,154.784755881607,0,0,0,269.936825670274
0,151.806152521152,200.878319874537,95.7590805983148,153.609372090384,111.435629183184,193.777661225572,0,357.423078228283,249.798812580765,97.3506957544063,160.530221557972,0,112.823430872325,0,196.04190773555,188.851177466023,94.126460729827,151.075371308616,0,0,0,71.5579325720569,338.131802716296,0,314.611698427915,94.027247878695,0,114.511014214502,0,0,0,0,284.529238481835,74.4197823064597,104.915316975638,0,78.8552325762656,231.715271819474,197.486504603685,89.3673883748406
0,0,173.538155409849,161.302948562323,0,0,0,0,0,206.912707094411,251.098274723989,0,0,0,0,206.472608421747,125.81518738273,58.3493451392805,172.892533368851,0,238.934743274142,150.161410108805,204.084074037941,0,0,138.425725342224,0,114.511014214502,0,114.649126378906,303.527509149359,0,0,62.311273509377,134.960780198024,72.2278283150671,161.325017232684,0,0,165.597665022977,71.4788760670054
0,0,0,0,0,0,0,0,0,0,171.230058197369,0,0,0,0,0,0,0,0,0,228.792310020318,0,133.218162784108,0,0,0,62.859596780235,0,114.649126378906,0,74.5815074003433,0,0,329.719143597451,146.770754374523,0,0,81.9664354533492,106.128596538706,240.185081663983,0
0,0,0,0,0,0,0,0,0,0,0,0,0,0,0,0,0,0,0,0,0,0,321.864157986053,109.093416850988,106.533627130087,0,0,0,303.527509149359,74.5815074003433,0,0,0,0,0,0,139.792601838991,0,0,0,0
0,0,0,0,249.905610015455,0,0,0,0,115.114253591495,85.6072705949986,89.707245288964,89.9429017381717,0,0,0,0,0,0,74.7304794244225,186.348837226466,0,0,0,0,205.839960264176,0,0,0,0,0,0,0,0,0,0,353.822894641502,188.936291522747,0,0,241.682021696872
0,0,0,0,0,0,0,0,0,0,0,0,0,253.401634605989,0,0,0,0,0,0,0,0,0,0,0,0,0,0,0,0,0,0,0,348.674510760064,259.055025639447,0,173.201474590904,169.453147353278,0,0,0
0,0,321.124897279917,201.44584889478,0,309.997227542691,84.3635741045246,113.059176128709,0,0,0,75.4497121078207,128.846764897717,0,198.964527389285,0,115.871357769661,0,0,104.369974912428,259.442917595754,117.208001126138,205.183249704085,115.194491798135,0,197.893790332676,172.608400267715,284.529238481835,62.311273509377,329.719143597451,0,0,348.674510760064,0,142.385058730083,158.955087279859,157.852515740516,0,89.1590885155172,213.67670887414,171.906398392157
153.453047983244,0,0,320.356811100276,124.853650664477,0,276.620869034647,0,0,232.945974238958,146.465927798921,0,0,87.8456058929559,136.792307586862,231.050882209,0,219.430938885781,0,101.443495235174,221.805809452716,0,0,159.183173818572,0,153.876396855887,151.01089327964,74.4197823064597,134.960780198024,146.770754374523,0,0,259.055025639447,142.385058730083,0,108.381749703452,78.9559315574845,222.053792850439,161.74915061469,154.065933476765,0
0,174.013630695256,0,0,236.681907140956,161.694997919804,0,241.57250333243,0,263.534399241887,0,0,0,224.523755099568,94.7280504127031,0,106.33736463831,97.5855511246009,155.24952173131,199.492852797962,0,0,154.142998692322,146.99041817625,0,0,175.196329314064,104.915316975638,72.2278283150671,0,0,0,0,158.955087279859,108.381749703452,0,255.441154257905,0,0,0,0
0,192.693757128262,0,178.683678585178,76.5072790361762,306.344527664232,0,193.659409924573,180.543851962045,209.996727521564,205.09013266389,280.376028997576,0,0,0,261.440278806413,137.189596148386,191.519780382943,125.416941482916,0,0,135.294330067913,119.345624434514,247.66948903751,143.005810983322,162.833808134102,154.784755881607,0,161.325017232684,0,139.792601838991,353.822894641502,173.201474590904,157.852515740516,78.9559315574845,255.441154257905,0,90.1317194604647,218.045528847001,92.3502314520023,142.054529471577
112.349934713559,0,0,0,131.969743415579,0,0,96.7845769653343,160.537522273714,73.4795582048751,0,306.640284138334,0,211.840482897052,0,120.912756812582,111.226326353722,0,0,0,0,0,215.611029055736,0,0,167.066576495979,0,78.8552325762656,0,81.9664354533492,0,188.936291522747,169.453147353278,0,222.053792850439,0,90.1317194604647,0,93.5029580098427,137.239127032733,128.530575464043
0,0,0,112.793316814908,179.718364159796,169.742003380707,0,228.075434767255,0,335.371040201042,0,0,0,192.135034768848,0,0,0,0,90.7216186966914,226.825099357786,0,0,0,0,0,0,0,231.715271819474,0,106.128596538706,0,0,0,89.1590885155172,161.74915061469,0,218.045528847001,93.5029580098427,0,0,82.4756938751058
0,0,0,73.1029054543569,0,202.712457066107,94.8881692391942,120.567029282014,82.6299537488922,0,181.316358113209,101.350815329073,116.054372245433,300.031143529538,85.7623170715703,0,0,0,94.7529894315991,96.5937438588657,289.631679007608,61.0664810463559,151.036729364761,0,134.566479261133,224.551207449728,0,197.486504603685,165.597665022977,240.185081663983,0,0,0,213.67670887414,154.065933476765,0,92.3502314520023,137.239127032733,0,0,250.461724766314
0,0,0,0,0,81.2827395071039,204.481117647118,347.376449530863,0,118.522099274347,173.059382066957,252.487290983309,0,0,0,219.040656038919,70.4221432298295,0,0,101.895308036513,136.685314494491,0,0,161.275817184598,92.5207898118833,0,269.936825670274,89.3673883748406,71.4788760670054,0,0,241.682021696872,0,171.906398392157,0,0,142.054529471577,128.530575464043,82.4756938751058,250.461724766314,0
