0,0,0,0,0,0,0,101.895308036513,0,0,0,0,0,0,0,124.853650664477,0,0,0,0,0,0,0,0,0,289.631679007608,0,0,0,0,0,0,0,0,0,0,92.5207898118833,151.01089327964,0,184.249961885477,0
0,0,0,0,0,0,0,0,0,191.519780382943,0,0,0,0,0,253.401634605989,0,0,0,0,0,0,280.376028997576,0,0,0,94.8881692391942,0,0,0,0,0,0,206.472608421747,0,338.131802716296,163.059043292369,0,0,0,0
0,0,0,0,0,0,0,0,0,0,214.116367924649,0,0,0,0,0,0,0,0,0,0,0,208.005106191961,0,0,0,98.417953423071,120.567029282014,0,0,0,0,0,0,0,0,0,0,0,138.33942793804,0
0,0,0,0,0,0,0,0,240.185081663983,0,0,0,0,0,0,0,0,0,0,198.964527389285,0,0,0,206.912707094411,115.871357769661,0,154.142998692322,269.936825670274,92.3502314520023,0,71.5579325720569,0,0,165.597665022977,84.3635741045246,0,73.4795582048751,224.551207449728,0,61.0664810463559,0
0,0,0,0,0,0,217.157696745803,0,0,0,0,238.934743274142,0,154.070293657878,0,0,0,0,196.04190773555,114.649126378906,158.567996645797,0,0,160.530221557972,0,193.055010680236,0,0,124.698445421759,0,0,172.608400267715,0,94.7529894315991,153.672550905948,0,0,0,223.705816669619,192.601533877686,0
0,0,0,0,0,0,0,0,108.381749703452,0,151.036729364761,111.435629183184,0,0,93.5029580098427,0,146.465927798921,0,0,0,196.032358954952,0,72.2278283150671,0,0,0,94.9380989123498,112.793316814908,0,0,0,0,0,0,97.5855511246009,0,175.196329314064,99.2646516363145,0,222.053792850439,90.7216186966914
0,0,0,0,217.157696745803,0,0,0,0,0,128.530575464043,0,0,162.833808134102,0,0,0,0,0,0,0,0,0,62.859596780235,228.075434767255,228.792310020318,146.814226519809,96.5937438588657,314.611698427915,0,0,0,0,101.5853655613,95.7590805983148,161.302948562323,0,0,0,221.805809452716,0
101.895308036513,0,0,0,0,0,0,0,0,139.654362654449,0,0,0,0,0,186.973586461633,0,0,113.059176128709,74.5815074003433,348.674510760064,0,0,106.926813611922,74.7304794244225,0,0,259.442917595754,357.423078228283,58.3493451392805,0,204.084074037941,213.67670887414,205.09013266389,0,0,165.893015276821,0,0,0,85.7623170715703
0,0,0,240.185081663983,0,108.381749703452,0,0,0,0,0,0,197.486504603685,0,0,0,0,0,0,0,0,0,140.574866691684,249.905610015455,0,0,0,0,0,116.054372245433,0,0,151.806152521152,250.461724766314,97.3232815600345,0,205.183249704085,0,161.74915061469,0,0
0,191.519780382943,0,0,0,0,0,139.654362654449,0,0,109.093416850988,247.66948903751,0,0,101.350815329073,0,0,0,0,320.356811100276,115.332064605654,0,0,0,284.529238481835,82.6426202489162,201.44584889478,139.93285932648,255.441154257905,134.960780198024,0,0,0,195.378266313867,146.99041817625,173.059382066957,309.997227542691,0,135.667029391615,0,0
0,0,214.116367924649,0,0,151.036729364761,128.530575464043,0,0,109.093416850988,0,201.100640800745,0,101.605593487621,0,0,0,202.712457066107,117.208001126138,0,0,94.7280504127031,0,0,188.936291522747,0,0,193.659409924573,0,183.786860782462,0,0,0,0,0,125.416941482916,242.790381480436,0,193.777661225572,241.682021696872,0
0,0,0,0,238.934743274142,111.435629183184,0,0,0,247.66948903751,201.100640800745,0,0,306.344527664232,225.013371621378,0,0,0,179.718364159796,0,0,89.707245288964,0,215.611029055736,0,187.77054666536,146.770754374523,119.345624434514,134.566479261133,0,0,161.275817184598,0,211.840482897052,195.822649557859,0,236.681907140956,261.605527103798,259.055025639447,115.194491798135,128.405764333981
0,0,0,0,0,0,0,0,197.486504603685,0,0,0,0,0,188.851177466023,0,0,0,0,0,0,0,0,0,0,0,0,0,0,0,0,0,0,125.81518738273,169.742003380707,0,98.2230592632363,122.106946855269,0,0,0
0,0,0,0,154.070293657878,0,162.833808134102,0,0,0,101.605593487621,306.344527664232,0,0,0,241.635434294794,0,0,0,0,0,0,0,0,0,0,0,135.294330067913,0,151.695570509541,0,251.098274723989,0,0,78.9559315574845,174.013630695256,168.241326865882,80.4367166559625,0,101.85207633558,159.183173818572
0,0,0,0,0,93.5029580098427,0,0,0,101.350815329073,0,225.013371621378,188.851177466023,0,0,0,0,0,0,0,0,0,0,0,0,0,177.763106506206,197.893790332676,173.001559092555,0,0,0,0,75.4497121078207,0,153.876396855887,192.693757128262,0,0,180.355266595273,171.906398392157
124.853650664477,253.401634605989,0,0,0,0,0,186.973586461633,0,0,0,0,0,241.635434294794,0,0,0,0,0,115.541295036174,0,0,0,0,0,0,100.812745974529,0,0,0,0,0,0,66.5008477853491,0,231.050882209,87.8456058929559,226.825099357786,0,0,104.369974912428
0,0,0,0,0,146.465927798921,0,0,0,0,0,0,0,0,0,0,0,0,0,0,171.230058197369,0,0,0,0,0,276.620869034647,139.792601838991,120.912756812582,0,82.4756938751058,0,0,0,0,154.784755881607,145.74089716123,0,0,283.248188884028,115.868441404982
0,0,0,0,0,0,0,0,0,0,202.712457066107,0,0,0,0,0,0,0,0,0,0,0,143.005810983322,116.176698124939,0,0,0,0,178.224497384947,0,0,0,0,0,333.645516435298,76.5072790361762,136.792307586862,0,0,219.430938885781,178.683678585178
0,0,0,0,196.04190773555,0,0,113.059176128709,0,0,117.208001126138,179.718364159796,0,0,0,0,0,0,0,148.808626413748,0,0,0,73.1029054543569,173.538155409849,99.3508940827211,0,0,0,0,0,0,0,325.937289045041,0,118.522099274347,106.33736463831,110.384905066973,0,0,0
0,0,0,198.964527389285,114.649126378906,0,0,74.5815074003433,0,320.356811100276,0,0,0,0,0,115.541295036174,0,0,148.808626413748,0,0,0,0,157.852515740516,0,70.4221432298295,0,172.892533368851,115.114253591495,0,0,0,0,82.6299537488922,90.1317194604647,167.066576495979,94.126460729827,0,252.487290983309,142.054529471577,141.204637091722
0,0,0,0,158.567996645797,196.032358954952,0,348.674510760064,0,115.332064605654,0,0,0,0,0,0,171.230058197369,0,0,0,0,0,0,0,0,303.527509149359,0,96.7845769653343,0,80.8080171296381,345.797434674459,0,0,160.537522273714,0,224.523755099568,323.781250289068,0,0,131.969743415579,0
0,0,0,0,0,0,0,0,0,0,94.7280504127031,89.707245288964,0,0,0,0,0,0,0,0,0,0,0,85.6072705949986,0,0,89.3673883748406,0,0,0,0,0,0,263.534399241887,137.177378802006,136.685314494491,0,0,0,0,101.443495235174
0,280.376028997576,208.005106191961,0,0,72.2278283150671,0,0,140.574866691684,0,0,0,0,0,0,0,0,143.005810983322,0,0,0,0,0,150.161410108805,199.492852797962,0,205.839960264176,0,261.440278806413,0,0,0,0,137.239127032733,195.314816908693,0,89.1590885155172,262.382215657622,0,161.694997919804,62.311273509377
0,0,0,206.912707094411,160.530221557972,0,62.859596780235,106.926813611922,249.905610015455,0,0,215.611029055736,0,0,0,0,0,116.176698124939,73.1029054543569,157.852515740516,0,85.6072705949986,150.161410108805,0,0,192.135034768848,0,81.2827395071039,0,0,180.90030328818,0,78.8552325762656,193.63278243493,219.040656038919,0,155.24952173131,0,0,231.715271819474,0
0,0,0,115.871357769661,0,0,228.075434767255,74.7304794244225,0,284.529238481835,188.936291522747,0,0,0,0,0,0,0,173.538155409849,0,0,0,199.492852797962,0,0,0,128.846764897717,0,0,0,0,0,0,0,0,0,335.371040201042,241.57250333243,0,0,0
289.631679007608,0,0,0,193.055010680236,0,228.792310020318,0,0,82.6426202489162,0,187.77054666536,0,0,0,0,0,0,99.3508940827211,70.4221432298295,303.527509149359,0,0,192.135034768848,0,0,97.3506957544063,198.528111506785,113.144980278377,180.543851962045,0,0,0,111.226326353722,133.218162784108,249.798812580765,137.189596148386,106.533627130087,0,321.124897279917,220.901129804706
0,94.8881692391942,98.417953423071,154.142998692322,0,94.9380989123498,146.814226519809,0,0,201.44584889478,0,146.770754374523,0,0,177.763106506206,100.812745974529,276.620869034647,0,0,0,0,89.3673883748406,205.839960264176,0,128.846764897717,97.3506957544063,0,71.4788760670054,190.185165668632,0,0,0,0,0,158.955087279859,94.027247878695,103.519938150021,0,138.425725342224,0,0
0,0,120.567029282014,269.936825670274,0,112.793316814908,96.5937438588657,259.442917595754,0,139.93285932648,193.659409924573,119.345624434514,0,135.294330067913,197.893790332676,0,139.792601838991,0,0,172.892533368851,96.7845769653343,0,0,81.2827395071039,0,198.528111506785,71.4788760670054,0,142.385058730083,219.078548227669,173.201474590904,181.316358113209,0,125.994729980093,218.045528847001,0,220.963068032256,154.065933476765,89.9429017381717,93.4234866874731,92.5568465385234
0,0,0,92.3502314520023,124.698445421759,0,314.611698427915,357.423078228283,0,255.441154257905,0,134.566479261133,0,0,173.001559092555,0,120.912756812582,178.224497384947,0,115.114253591495,0,0,261.440278806413,0,0,113.144980278377,190.185165668632,142.385058730083,0,0,0,0,67.8267069095267,0,112.823430872325,163.945208919892,178.748963182352,108.136066660554,0,169.453147353278,186.348837226466
0,0,0,0,0,0,0,58.3493451392805,116.054372245433,134.960780198024,183.786860782462,0,0,151.695570509541,0,0,0,0,0,0,80.8080171296381,0,0,0,0,180.543851962045,0,219.078548227669,0,0,0,0,0,0,112.349934713559,0,0,0,0,329.719143597451,82.1742780037132
0,0,0,71.5579325720569,0,0,0,0,0,0,0,0,0,0,0,0,82.4756938751058,0,0,0,345.797434674459,0,0,180.90030328818,0,0,0,173.201474590904,0,0,0,153.609372090384,0,0,0,0,0,0,0,0,0
0,0,0,0,172.608400267715,0,0,204.084074037941,0,0,0,161.275817184598,0,251.098274723989,0,0,0,0,0,0,0,0,0,0,0,0,0,181.316358113209,0,0,153.609372090384,0,0,0,283.88658203332,0,106.128596538706,321.864157986053,227.504408813069,0,119.728129215699
0,0,0,0,0,0,0,213.67670887414,151.806152521152,0,0,0,0,0,0,0,0,0,0,0,0,0,0,78.8552325762656,0,0,0,0,67.8267069095267,0,0,0,0,0,0,0,0,0,0,0,155.901486485736
0,206.472608421747,0,165.597665022977,94.7529894315991,0,101.5853655613,205.09013266389,250.461724766314,195.378266313867,0,211.840482897052,125.81518738273,0,75.4497121078207,66.5008477853491,0,0,325.937289045041,82.6299537488922,160.537522273714,263.534399241887,137.239127032733,193.63278243493,0,111.226326353722,0,125.994729980093,0,0,0,0,0,0,151.075371308616,204.481117647118,98.6790043377568,114.511014214502,200.878319874537,232.945974238958,81.9664354533492
0,0,0,84.3635741045246,153.672550905948,97.5855511246009,95.7590805983148,0,97.3232815600345,146.99041817625,0,195.822649557859,169.742003380707,78.9559315574845,0,0,0,333.645516435298,0,90.1317194604647,0,137.177378802006,195.314816908693,219.040656038919,0,133.218162784108,158.955087279859,218.045528847001,112.823430872325,112.349934713559,0,283.88658203332,0,151.075371308616,0,0,0,133.984214699576,74.4197823064597,153.453047983244,194.442125915551
0,338.131802716296,0,0,0,0,161.302948562323,0,0,173.059382066957,125.416941482916,0,0,174.013630695256,153.876396855887,231.050882209,154.784755881607,76.5072790361762,118.522099274347,167.066576495979,224.523755099568,136.685314494491,0,0,0,249.798812580765,94.027247878695,0,163.945208919892,0,0,0,0,204.481117647118,0,0,347.376449530863,212.592150359921,0,0,0
92.5207898118833,163.059043292369,0,73.4795582048751,0,175.196329314064,0,165.893015276821,205.183249704085,309.997227542691,242.790381480436,236.681907140956,98.2230592632363,168.241326865882,192.693757128262,87.8456058929559,145.74089716123,136.792307586862,106.33736463831,94.126460729827,323.781250289068,0,89.1590885155172,155.24952173131,335.371040201042,137.189596148386,103.519938150021,220.963068032256,178.748963182352,0,0,106.128596538706,0,98.6790043377568,0,347.376449530863,0,104.915316975638,353.822894641502,0,0
151.01089327964,0,0,224.551207449728,0,99.2646516363145,0,0,0,0,0,261.605527103798,122.106946855269,80.4367166559625,0,226.825099357786,0,0,110.384905066973,0,0,0,262.382215657622,0,241.57250333243,106.533627130087,0,154.065933476765,108.136066660554,0,0,321.864157986053,0,114.511014214502,133.984214699576,212.592150359921,104.915316975638,0,209.996727521564,306.640284138334,0
0,0,0,0,223.705816669619,0,0,0,161.74915061469,135.667029391615,193.777661225572,259.055025639447,0,0,0,0,0,0,0,252.487290983309,0,0,0,0,0,0,138.425725342224,89.9429017381717,0,0,0,227.504408813069,0,200.878319874537,74.4197823064597,0,353.822894641502,209.996727521564,0,164.032723165762,161.325017232684
184.249961885477,0,138.33942793804,61.0664810463559,192.601533877686,222.053792850439,221.805809452716,0,0,0,241.682021696872,115.194491798135,0,101.85207633558,180.355266595273,0,283.248188884028,219.430938885781,0,142.054529471577,131.969743415579,0,161.694997919804,231.715271819474,0,321.124897279917,0,93.4234866874731,169.453147353278,329.719143597451,0,0,0,232.945974238958,153.453047983244,0,0,306.640284138334,164.032723165762,0,300.031143529538
0,0,0,0,0,90.7216186966914,0,85.7623170715703,0,0,0,128.405764333981,0,159.183173818572,171.906398392157,104.369974912428,115.868441404982,178.683678585178,0,141.204637091722,0,101.443495235174,62.311273509377,0,0,220.901129804706,0,92.5568465385234,186.348837226466,82.1742780037132,0,119.728129215699,155.901486485736,81.9664354533492,194.442125915551,0,0,0,161.325017232684,300.031143529538,0
