0,0,0,0,0,0,0,0,0,0,0,0,0,0,0,333.645516435298,0,0,0,0,0,0,128.846764897717,0,0,112.823430872325,0,0,0,0,155.901486485736,0,0,0,0,227.504408813069,0,0,0,202.712457066107,0
0,0,0,314.611698427915,0,186.973586461633,0,0,0,138.425725342224,0,0,0,0,0,0,0,259.055025639447,0,0,0,0,0,0,0,115.194491798135,0,0,0,0,0,0,0,0,0,154.784755881607,106.128596538706,0,0,0,0
0,0,0,0,0,0,0,0,0,0,0,0,0,0,0,0,0,0,0,0,0,0,0,0,0,0,0,94.7529894315991,303.527509149359,190.185165668632,0,0,0,0,228.075434767255,0,0,146.770754374523,0,0,0
0,314.611698427915,0,0,0,0,0,0,0,0,94.027247878695,225.013371621378,0,224.551207449728,0,0,0,0,0,184.249961885477,0,0,0,280.376028997576,0,219.040656038919,0,0,0,0,0,0,0,192.601533877686,114.511014214502,163.945208919892,0,104.915316975638,0,180.355266595273,114.649126378906
0,0,0,0,0,58.3493451392805,0,85.7623170715703,0,74.7304794244225,0,0,0,0,0,0,0,0,0,0,0,0,0,220.963068032256,205.09013266389,115.114253591495,62.859596780235,261.440278806413,0,0,0,0,0,101.605593487621,199.492852797962,0,62.311273509377,0,139.792601838991,108.136066660554,183.786860782462
0,186.973586461633,0,0,58.3493451392805,0,0,0,148.808626413748,0,201.44584889478,0,0,0,160.537522273714,0,0,0,0,201.100640800745,0,0,269.936825670274,0,0,194.442125915551,0,81.2827395071039,154.065933476765,0,0,0,0,103.519938150021,161.275817184598,0,74.5815074003433,80.4367166559625,0,0,0
0,0,0,0,0,0,0,0,0,125.81518738273,223.705816669619,215.611029055736,0,0,0,159.183173818572,0,0,0,98.417953423071,0,174.013630695256,0,0,0,163.059043292369,95.7590805983148,0,348.674510760064,0,0,0,0,84.3635741045246,0,0,136.792307586862,94.8881692391942,0,0,187.77054666536
0,0,0,0,85.7623170715703,0,0,0,0,0,178.748963182352,0,0,158.567996645797,0,0,0,0,0,0,0,133.984214699576,101.443495235174,115.868441404982,0,106.926813611922,164.032723165762,128.405764333981,117.208001126138,247.66948903751,90.1317194604647,0,0,80.8080171296381,153.876396855887,0,0,0,0,241.57250333243,85.6072705949986
0,0,0,0,0,148.808626413748,0,0,0,0,0,94.7280504127031,0,0,0,0,0,0,0,289.631679007608,0,0,0,0,0,124.698445421759,0,0,0,193.63278243493,0,0,151.806152521152,0,0,131.969743415579,89.3673883748406,0,157.852515740516,175.196329314064,146.99041817625
0,138.425725342224,0,0,74.7304794244225,0,125.81518738273,0,0,0,0,101.350815329073,226.825099357786,108.381749703452,136.685314494491,0,0,0,0,0,0,0,101.5853655613,71.4788760670054,81.9664354533492,283.248188884028,0,70.4221432298295,241.682021696872,0,0,178.683678585178,0,224.523755099568,0,193.659409924573,0,0,0,116.054372245433,345.797434674459
0,0,0,94.027247878695,0,201.44584889478,223.705816669619,178.748963182352,0,0,0,0,0,0,0,0,0,0,160.530221557972,204.481117647118,300.031143529538,0,0,151.036729364761,0,171.906398392157,96.5937438588657,0,0,177.763106506206,0,306.640284138334,0,87.8456058929559,0,180.90030328818,195.314816908693,0,0,125.416941482916,0
0,0,0,225.013371621378,0,0,215.611029055736,0,94.7280504127031,101.350815329073,0,0,0,0,325.937289045041,0,90.7216186966914,0,93.5029580098427,205.839960264176,284.529238481835,0,191.519780382943,96.7845769653343,212.592150359921,153.672550905948,169.453147353278,0,219.430938885781,0,116.176698124939,0,0,97.3506957544063,0,118.522099274347,236.681907140956,146.465927798921,0,162.833808134102,0
0,0,0,0,0,0,0,0,0,226.825099357786,0,0,0,0,0,0,0,0,0,0,72.2278283150671,0,0,0,0,0,173.538155409849,0,0,0,0,0,0,0,0,112.793316814908,161.74915061469,173.201474590904,0,0,0
0,0,0,224.551207449728,0,0,0,158.567996645797,0,108.381749703452,0,0,0,0,0,0,97.3232815600345,0,0,0,0,0,0,249.905610015455,168.241326865882,82.6299537488922,140.574866691684,71.5579325720569,0,0,0,0,188.851177466023,134.566479261133,115.871357769661,0,192.693757128262,0,0,240.185081663983,0
0,0,0,0,0,160.537522273714,0,0,0,136.685314494491,0,325.937289045041,0,0,0,0,0,0,0,0,0,0,0,0,0,193.777661225572,232.945974238958,0,329.719143597451,74.4197823064597,0,0,0,97.5855511246009,204.084074037941,0,137.189596148386,0,211.840482897052,0,67.8267069095267
333.645516435298,0,0,0,0,0,159.183173818572,0,0,0,0,0,0,0,0,0,0,0,172.608400267715,241.635434294794,0,0,0,0,0,0,0,75.4497121078207,78.9559315574845,0,0,0,0,193.055010680236,173.059382066957,0,135.294330067913,0,154.142998692322,98.6790043377568,0
0,0,0,0,0,0,0,0,0,0,0,90.7216186966914,0,97.3232815600345,0,0,0,0,0,253.401634605989,0,0,228.792310020318,0,323.781250289068,0,0,197.893790332676,0,0,173.001559092555,0,0,357.423078228283,0,0,181.316358113209,0,0,0,321.864157986053
0,259.055025639447,0,0,0,0,0,0,0,0,0,0,0,0,0,0,0,0,0,0,0,0,0,0,0,0,101.895308036513,92.3502314520023,250.461724766314,0,0,0,0,161.694997919804,195.822649557859,0,179.718364159796,0,0,92.5207898118833,73.1029054543569
0,0,0,0,0,0,0,0,0,0,160.530221557972,93.5029580098427,0,0,0,172.608400267715,0,0,0,0,0,0,82.4756938751058,255.441154257905,137.177378802006,0,0,0,0,172.892533368851,0,0,0,0,180.543851962045,113.144980278377,0,0,141.204637091722,154.070293657878,219.078548227669
0,0,0,184.249961885477,0,201.100640800745,98.417953423071,0,289.631679007608,0,204.481117647118,205.839960264176,0,0,0,241.635434294794,253.401634605989,0,0,0,0,165.893015276821,0,217.157696745803,0,0,0,120.912756812582,151.01089327964,139.93285932648,0,0,0,89.707245288964,0,94.9380989123498,106.533627130087,0,0,0,353.822894641502
0,0,0,0,0,0,0,0,0,0,300.031143529538,284.529238481835,72.2278283150671,0,0,0,0,0,0,0,0,0,0,145.74089716123,0,135.667029391615,100.812745974529,283.88658203332,92.5568465385234,0,0,0,0,0,213.67670887414,137.239127032733,150.161410108805,178.224497384947,0,125.994729980093,0
0,0,0,0,0,0,174.013630695256,133.984214699576,0,0,0,0,0,0,0,0,0,0,0,165.893015276821,0,0,0,0,0,0,0,139.654362654449,0,206.472608421747,0,0,0,0,222.053792850439,0,0,252.487290983309,0,76.5072790361762,0
128.846764897717,0,0,0,0,269.936825670274,0,101.443495235174,0,101.5853655613,0,191.519780382943,0,0,0,0,228.792310020318,0,82.4756938751058,0,0,0,0,0,0,0,143.005810983322,113.059176128709,82.1742780037132,0,0,119.728129215699,0,169.742003380707,249.798812580765,195.378266313867,276.620869034647,0,0,0,0
0,0,0,280.376028997576,220.963068032256,0,0,115.868441404982,0,71.4788760670054,151.036729364761,96.7845769653343,0,249.905610015455,0,0,0,0,255.441154257905,217.157696745803,145.74089716123,0,0,0,0,78.8552325762656,0,338.131802716296,208.005106191961,0,0,0,0,111.435629183184,220.901129804706,0,0,209.996727521564,94.126460729827,196.032358954952,134.960780198024
0,0,0,0,205.09013266389,0,0,0,0,81.9664354533492,0,212.592150359921,0,168.241326865882,0,0,323.781250289068,0,137.177378802006,0,0,0,0,0,0,0,0,214.116367924649,0,0,0,0,0,335.371040201042,0,0,231.050882209,0,0,99.3508940827211,0
112.823430872325,115.194491798135,0,219.040656038919,115.114253591495,194.442125915551,163.059043292369,106.926813611922,124.698445421759,283.248188884028,171.906398392157,153.672550905948,0,82.6299537488922,193.777661225572,0,0,0,0,0,135.667029391615,0,0,78.8552325762656,0,0,0,0,151.695570509541,0,0,0,0,98.2230592632363,205.183249704085,0,0,192.135034768848,0,0,124.853650664477
0,0,0,0,62.859596780235,0,95.7590805983148,164.032723165762,0,0,96.5937438588657,169.453147353278,173.538155409849,140.574866691684,232.945974238958,0,0,101.895308036513,0,0,100.812745974529,0,143.005810983322,0,0,0,0,167.066576495979,198.964527389285,206.912707094411,0,0,0,0,0,196.04190773555,238.934743274142,151.075371308616,119.345624434514,111.226326353722,320.356811100276
0,0,94.7529894315991,0,261.440278806413,81.2827395071039,0,128.405764333981,0,70.4221432298295,0,0,0,71.5579325720569,0,75.4497121078207,197.893790332676,92.3502314520023,0,120.912756812582,283.88658203332,139.654362654449,113.059176128709,338.131802716296,214.116367924649,0,167.066576495979,0,0,0,110.384905066973,197.486504603685,66.5008477853491,106.33736463831,73.4795582048751,153.609372090384,221.805809452716,109.093416850988,101.85207633558,198.528111506785,104.369974912428
0,0,303.527509149359,0,0,154.065933476765,348.674510760064,117.208001126138,0,241.682021696872,0,219.430938885781,0,0,329.719143597451,78.9559315574845,0,250.461724766314,0,151.01089327964,92.5568465385234,0,82.1742780037132,208.005106191961,0,151.695570509541,198.964527389285,0,0,0,0,89.9429017381717,146.814226519809,93.4234866874731,0,259.442917595754,89.1590885155172,171.230058197369,0,0,0
0,0,190.185165668632,0,0,0,0,247.66948903751,193.63278243493,0,177.763106506206,0,0,0,74.4197823064597,0,0,0,172.892533368851,139.93285932648,0,206.472608421747,0,0,0,0,206.912707094411,0,0,0,0,0,0,0,0,0,231.715271819474,0,165.597665022977,0,0
155.901486485736,0,0,0,0,0,0,90.1317194604647,0,0,0,116.176698124939,0,0,0,0,173.001559092555,0,0,0,0,0,0,0,0,0,0,110.384905066973,0,0,0,0,0,0,0,0,99.2646516363145,0,0,0,0
0,0,0,0,0,0,0,0,0,178.683678585178,306.640284138334,0,0,0,0,0,0,0,0,0,0,0,119.728129215699,0,0,0,0,197.486504603685,89.9429017381717,0,0,0,0,82.6426202489162,142.385058730083,161.302948562323,115.541295036174,0,0,263.534399241887,186.348837226466
0,0,0,0,0,0,0,0,151.806152521152,0,0,0,0,188.851177466023,0,0,0,0,0,0,0,0,0,0,0,0,0,66.5008477853491,146.814226519809,0,0,0,0,0,61.0664810463559,0,0,0,0,0,0
0,0,0,192.601533877686,101.605593487621,103.519938150021,84.3635741045246,80.8080171296381,0,224.523755099568,87.8456058929559,97.3506957544063,0,134.566479261133,97.5855511246009,193.055010680236,357.423078228283,161.694997919804,0,89.707245288964,0,0,169.742003380707,111.435629183184,335.371040201042,98.2230592632363,0,106.33736463831,93.4234866874731,0,0,82.6426202489162,0,0,155.24952173131,0,120.567029282014,347.376449530863,128.530575464043,133.218162784108,0
0,0,228.075434767255,114.511014214502,199.492852797962,161.275817184598,0,153.876396855887,0,0,0,0,0,115.871357769661,204.084074037941,173.059382066957,0,195.822649557859,180.543851962045,0,213.67670887414,222.053792850439,249.798812580765,220.901129804706,0,205.183249704085,0,73.4795582048751,0,0,0,142.385058730083,61.0664810463559,155.24952173131,0,161.325017232684,158.955087279859,242.790381480436,138.33942793804,261.605527103798,200.878319874537
227.504408813069,154.784755881607,0,163.945208919892,0,0,0,0,131.969743415579,193.659409924573,180.90030328818,118.522099274347,112.793316814908,0,0,0,0,0,113.144980278377,94.9380989123498,137.239127032733,0,195.378266313867,0,0,0,196.04190773555,153.609372090384,259.442917595754,0,0,161.302948562323,0,0,161.325017232684,0,115.332064605654,262.382215657622,0,0,0
0,106.128596538706,0,0,62.311273509377,74.5815074003433,136.792307586862,0,89.3673883748406,0,195.314816908693,236.681907140956,161.74915061469,192.693757128262,137.189596148386,135.294330067913,181.316358113209,179.718364159796,0,106.533627130087,150.161410108805,0,276.620869034647,0,231.050882209,0,238.934743274142,221.805809452716,89.1590885155172,231.715271819474,99.2646516363145,115.541295036174,0,120.567029282014,158.955087279859,115.332064605654,0,112.349934713559,188.936291522747,153.453047983244,251.098274723989
0,0,146.770754374523,104.915316975638,0,80.4367166559625,94.8881692391942,0,0,0,0,146.465927798921,173.201474590904,0,0,0,0,0,0,0,178.224497384947,252.487290983309,0,209.996727521564,0,192.135034768848,151.075371308616,109.093416850988,171.230058197369,0,0,0,0,347.376449530863,242.790381480436,262.382215657622,112.349934713559,0,142.054529471577,218.045528847001,309.997227542691
0,0,0,0,139.792601838991,0,0,0,157.852515740516,0,0,0,0,0,211.840482897052,154.142998692322,0,0,141.204637091722,0,0,0,0,94.126460729827,0,0,119.345624434514,101.85207633558,0,165.597665022977,0,0,0,128.530575464043,138.33942793804,0,188.936291522747,142.054529471577,0,321.124897279917,122.106946855269
202.712457066107,0,0,180.355266595273,108.136066660554,0,0,241.57250333243,175.196329314064,116.054372245433,125.416941482916,162.833808134102,0,240.185081663983,0,98.6790043377568,0,92.5207898118833,154.070293657878,0,125.994729980093,76.5072790361762,0,196.032358954952,99.3508940827211,0,111.226326353722,198.528111506785,0,0,0,263.534399241887,0,133.218162784108,261.605527103798,0,153.453047983244,218.045528847001,321.124897279917,0,306.344527664232
0,0,0,114.649126378906,183.786860782462,0,187.77054666536,85.6072705949986,146.99041817625,345.797434674459,0,0,0,0,67.8267069095267,0,321.864157986053,73.1029054543569,219.078548227669,353.822894641502,0,0,0,134.960780198024,0,124.853650664477,320.356811100276,104.369974912428,0,0,0,186.348837226466,0,0,200.878319874537,0,251.098274723989,309.997227542691,122.106946855269,306.344527664232,0
