0,0,0,0,0,0,0,0,0,0,0,0,0,0,94.9380989123498,0,183.786860782462,0,0,0,0,0,0,115.868441404982,0,0,0,192.135034768848,0,0,0,0,0,0,0,0,115.194491798135,0,0,0,101.443495235174
0,0,0,0,0,0,0,0,0,0,0,250.461724766314,0,0,0,0,0,94.8881692391942,0,0,0,0,0,0,0,98.6790043377568,0,0,0,0,0,0,0,0,0,219.430938885781,153.672550905948,262.382215657622,0,143.005810983322,0
0,0,0,0,0,0,0,0,0,0,0,0,0,0,0,0,241.57250333243,0,0,0,0,0,0,0,0,0,0,0,0,0,0,0,0,0,0,179.718364159796,173.059382066957,0,0,283.88658203332,321.864157986053
0,0,0,0,206.912707094411,225.013371621378,198.528111506785,0,0,353.822894641502,175.196329314064,0,220.963068032256,0,0,0,62.859596780235,71.4788760670054,113.144980278377,0,0,0,0,241.635434294794,0,0,0,0,0,0,217.157696745803,0,0,70.4221432298295,0,0,0,0,0,0,157.852515740516
0,0,0,206.912707094411,0,0,0,0,0,146.465927798921,154.065933476765,89.9429017381717,0,0,188.851177466023,0,0,0,0,0,338.131802716296,0,128.846764897717,0,205.839960264176,224.523755099568,161.694997919804,124.853650664477,0,0,0,0,0,0,0,0,0,134.960780198024,97.3506957544063,124.698445421759,0
0,0,0,225.013371621378,0,0,0,0,0,0,142.054529471577,0,0,0,0,115.114253591495,0,0,0,0,321.124897279917,0,193.777661225572,151.075371308616,0,0,194.442125915551,0,139.792601838991,0,0,0,0,136.792307586862,195.822649557859,0,348.674510760064,94.027247878695,96.7845769653343,0,198.964527389285
0,0,0,198.528111506785,0,0,0,0,0,188.936291522747,0,145.74089716123,0,85.6072705949986,0,0,187.77054666536,0,0,231.715271819474,0,0,0,0,0,119.728129215699,0,192.693757128262,62.311273509377,74.7304794244225,0,0,0,153.609372090384,116.176698124939,0,0,0,0,204.481117647118,0
0,0,0,0,0,0,0,0,0,125.994729980093,161.302948562323,0,0,303.527509149359,199.492852797962,0,0,186.973586461633,276.620869034647,0,0,0,0,0,0,0,306.344527664232,154.784755881607,197.893790332676,0,0,0,0,80.4367166559625,193.659409924573,178.224497384947,231.050882209,0,180.355266595273,211.840482897052,153.453047983244
0,0,0,0,0,0,0,0,0,0,0,196.04190773555,0,0,0,0,0,0,158.955087279859,0,335.371040201042,205.183249704085,0,138.33942793804,0,0,101.350815329073,0,0,0,0,0,135.667029391615,227.504408813069,112.349934713559,0,251.098274723989,0,0,74.4197823064597,0
0,0,0,353.822894641502,146.465927798921,0,188.936291522747,125.994729980093,0,0,0,81.9664354533492,0,137.239127032733,169.742003380707,0,0,0,0,284.529238481835,0,0,104.369974912428,146.770754374523,161.74915061469,137.189596148386,139.93285932648,142.385058730083,138.425725342224,0,0,0,0,220.901129804706,241.682021696872,0,89.3673883748406,0,0,0,0
0,0,0,175.196329314064,154.065933476765,142.054529471577,0,161.302948562323,0,0,0,84.3635741045246,0,0,71.5579325720569,0,0,0,109.093416850988,259.442917595754,0,0,0,78.9559315574845,0,154.070293657878,146.814226519809,0,0,0,0,0,0,137.177378802006,180.90030328818,0,218.045528847001,115.332064605654,0,201.44584889478,0
0,250.461724766314,0,0,89.9429017381717,0,145.74089716123,0,196.04190773555,81.9664354533492,84.3635741045246,0,0,0,0,0,0,0,0,0,94.7280504127031,155.901486485736,0,0,280.376028997576,0,178.683678585178,174.013630695256,133.218162784108,0,155.24952173131,78.8552325762656,333.645516435298,158.567996645797,125.81518738273,190.185165668632,106.128596538706,0,0,106.926813611922,85.7623170715703
0,0,0,220.963068032256,0,0,0,0,0,0,0,0,0,167.066576495979,0,0,0,0,0,0,222.053792850439,0,0,0,0,0,0,196.032358954952,0,0,0,0,0,0,345.797434674459,106.33736463831,0,0,0,0,0
0,0,0,0,0,0,85.6072705949986,303.527509149359,0,137.239127032733,0,0,167.066576495979,0,163.059043292369,0,0,0,0,0,0,0,0,73.1029054543569,0,0,0,161.275817184598,108.136066660554,0,0,0,0,314.611698427915,146.99041817625,0,74.5815074003433,325.937289045041,98.2230592632363,151.01089327964,0
94.9380989123498,0,0,0,188.851177466023,0,0,199.492852797962,0,169.742003380707,71.5579325720569,0,0,163.059043292369,0,0,261.605527103798,0,0,0,0,0,0,0,0,186.348837226466,184.249961885477,0,0,66.5008477853491,0,0,0,0,0,0,173.538155409849,181.316358113209,0,0,0
0,0,0,0,0,115.114253591495,0,0,0,0,0,0,0,0,0,0,0,0,200.878319874537,0,118.522099274347,0,0,0,0,73.4795582048751,0,97.5855511246009,117.208001126138,0,0,309.997227542691,0,82.4756938751058,0,112.823430872325,0,0,0,92.5568465385234,249.905610015455
183.786860782462,0,241.57250333243,62.859596780235,0,0,187.77054666536,0,0,0,0,0,0,0,261.605527103798,0,0,0,0,0,0,0,0,0,0,0,0,0,128.530575464043,0,0,0,0,0,0,0,92.3502314520023,195.378266313867,171.230058197369,159.183173818572,0
0,94.8881692391942,0,71.4788760670054,0,0,0,186.973586461633,0,0,0,0,0,0,0,0,0,0,0,0,347.376449530863,0,0,0,0,0,269.936825670274,99.3508940827211,0,0,0,0,0,0,165.893015276821,0,223.705816669619,98.417953423071,0,0,0
0,0,0,113.144980278377,0,0,0,276.620869034647,158.955087279859,0,109.093416850988,0,0,0,0,200.878319874537,0,0,0,252.487290983309,172.608400267715,0,0,192.601533877686,0,89.1590885155172,263.534399241887,115.541295036174,0,0,0,0,0,0,114.649126378906,0,0,0,0,0,0
0,0,0,0,0,0,231.715271819474,0,0,284.529238481835,259.442917595754,0,0,0,0,0,0,0,252.487290983309,0,82.6299537488922,208.005106191961,114.511014214502,201.100640800745,0,0,0,215.611029055736,193.055010680236,0,0,0,0,162.833808134102,249.798812580765,0,133.984214699576,221.805809452716,151.695570509541,191.519780382943,193.63278243493
0,0,0,0,338.131802716296,321.124897279917,0,0,335.371040201042,0,0,94.7280504127031,222.053792850439,0,0,118.522099274347,0,347.376449530863,172.608400267715,82.6299537488922,0,0,0,0,0,242.790381480436,0,0,120.567029282014,0,0,0,0,0,0,0,228.792310020318,0,76.5072790361762,0,0
0,0,0,0,0,0,0,0,205.183249704085,0,0,155.901486485736,0,0,0,0,0,0,0,208.005106191961,0,0,0,0,0,140.574866691684,0,0,0,0,0,115.871357769661,0,104.915316975638,0,58.3493451392805,0,177.763106506206,0,0,0
0,0,0,0,128.846764897717,193.777661225572,0,0,0,104.369974912428,0,0,0,0,0,0,0,0,0,114.511014214502,0,0,0,283.248188884028,0,0,205.09013266389,120.912756812582,329.719143597451,236.681907140956,0,228.075434767255,0,111.226326353722,128.405764333981,0,240.185081663983,0,90.1317194604647,238.934743274142,0
115.868441404982,0,0,241.635434294794,0,151.075371308616,0,0,138.33942793804,146.770754374523,78.9559315574845,0,0,73.1029054543569,0,0,0,0,192.601533877686,201.100640800745,0,0,283.248188884028,0,0,206.472608421747,0,80.8080171296381,0,0,82.6426202489162,0,0,81.2827395071039,72.2278283150671,202.712457066107,131.969743415579,141.204637091722,0,161.325017232684,0
0,0,0,0,205.839960264176,0,0,0,0,161.74915061469,0,280.376028997576,0,0,0,0,0,0,0,0,0,0,0,0,0,112.793316814908,94.7529894315991,0,101.5853655613,0,0,0,0,92.5207898118833,0,101.85207633558,0,0,0,90.7216186966914,96.5937438588657
0,98.6790043377568,0,0,224.523755099568,0,119.728129215699,0,0,137.189596148386,154.070293657878,0,0,0,186.348837226466,73.4795582048751,0,0,89.1590885155172,0,242.790381480436,140.574866691684,0,206.472608421747,112.793316814908,0,0,178.748963182352,247.66948903751,116.054372245433,0,0,0,0,89.707245288964,0,139.654362654449,171.906398392157,0,209.996727521564,289.631679007608
0,0,0,0,161.694997919804,194.442125915551,0,306.344527664232,101.350815329073,139.93285932648,146.814226519809,178.683678585178,0,0,184.249961885477,0,0,269.936825670274,263.534399241887,0,0,0,205.09013266389,0,94.7529894315991,0,0,232.945974238958,134.566479261133,261.440278806413,0,0,0,214.116367924649,204.084074037941,0,150.161410108805,93.5029580098427,0,0,99.2646516363145
192.135034768848,0,0,0,124.853650664477,0,192.693757128262,154.784755881607,0,142.385058730083,0,174.013630695256,196.032358954952,161.275817184598,0,97.5855511246009,0,99.3508940827211,115.541295036174,215.611029055736,0,0,120.912756812582,80.8080171296381,0,178.748963182352,232.945974238958,0,164.032723165762,212.592150359921,101.895308036513,219.040656038919,0,259.055025639447,100.812745974529,151.806152521152,169.453147353278,136.685314494491,95.7590805983148,0,122.106946855269
0,0,0,0,0,139.792601838991,62.311273509377,197.893790332676,0,138.425725342224,0,133.218162784108,0,108.136066660554,0,117.208001126138,128.530575464043,0,0,193.055010680236,120.567029282014,0,329.719143597451,0,101.5853655613,247.66948903751,134.566479261133,164.032723165762,0,0,0,0,0,135.294330067913,106.533627130087,148.808626413748,110.384905066973,0,0,93.4234866874731,94.126460729827
0,0,0,0,0,0,74.7304794244225,0,0,0,0,0,0,0,66.5008477853491,0,0,0,0,0,0,0,236.681907140956,0,0,116.054372245433,261.440278806413,212.592150359921,0,0,0,0,0,75.4497121078207,224.551207449728,180.543851962045,0,0,101.605593487621,173.001559092555,0
0,0,0,217.157696745803,0,0,0,0,0,0,0,155.24952173131,0,0,0,0,0,0,0,0,0,0,0,82.6426202489162,0,0,0,101.895308036513,0,0,0,168.241326865882,0,0,0,0,0,0,0,0,213.67670887414
0,0,0,0,0,0,0,0,0,0,0,78.8552325762656,0,0,0,309.997227542691,0,0,0,0,0,115.871357769661,228.075434767255,0,0,0,0,219.040656038919,0,0,168.241326865882,0,0,113.059176128709,0,111.435629183184,108.381749703452,0,0,172.892533368851,153.876396855887
0,0,0,0,0,0,0,0,135.667029391615,0,0,333.645516435298,0,0,0,0,0,0,0,0,0,0,0,0,0,0,0,0,0,0,0,0,0,0,173.201474590904,87.8456058929559,119.345624434514,0,0,0,0
0,0,0,70.4221432298295,0,136.792307586862,153.609372090384,80.4367166559625,227.504408813069,220.901129804706,137.177378802006,158.567996645797,0,314.611698427915,0,82.4756938751058,0,0,0,162.833808134102,0,104.915316975638,111.226326353722,81.2827395071039,92.5207898118833,0,214.116367924649,259.055025639447,135.294330067913,75.4497121078207,0,113.059176128709,0,0,0,195.314816908693,97.3232815600345,320.356811100276,154.142998692322,357.423078228283,67.8267069095267
0,0,0,0,0,195.822649557859,116.176698124939,193.659409924573,112.349934713559,241.682021696872,180.90030328818,125.81518738273,345.797434674459,146.99041817625,0,0,0,165.893015276821,114.649126378906,249.798812580765,0,0,128.405764333981,72.2278283150671,0,89.707245288964,204.084074037941,100.812745974529,106.533627130087,224.551207449728,0,0,173.201474590904,0,0,151.036729364761,165.597665022977,253.401634605989,0,160.537522273714,197.486504603685
0,219.430938885781,179.718364159796,0,0,0,0,178.224497384947,0,0,0,190.185165668632,106.33736463831,0,0,112.823430872325,0,0,0,0,0,58.3493451392805,0,202.712457066107,101.85207633558,0,0,151.806152521152,148.808626413748,180.543851962045,0,111.435629183184,87.8456058929559,195.314816908693,151.036729364761,0,219.078548227669,226.825099357786,0,0,160.530221557972
115.194491798135,153.672550905948,173.059382066957,0,0,348.674510760064,0,231.050882209,251.098274723989,89.3673883748406,218.045528847001,106.128596538706,0,74.5815074003433,173.538155409849,0,92.3502314520023,223.705816669619,0,133.984214699576,228.792310020318,0,240.185081663983,131.969743415579,0,139.654362654449,150.161410108805,169.453147353278,110.384905066973,0,0,108.381749703452,119.345624434514,97.3232815600345,165.597665022977,219.078548227669,0,103.519938150021,323.781250289068,255.441154257905,61.0664810463559
0,262.382215657622,0,0,134.960780198024,94.027247878695,0,0,0,0,115.332064605654,0,0,325.937289045041,181.316358113209,0,195.378266313867,98.417953423071,0,221.805809452716,0,177.763106506206,0,141.204637091722,0,171.906398392157,93.5029580098427,136.685314494491,0,0,0,0,0,320.356811100276,253.401634605989,226.825099357786,103.519938150021,0,125.416941482916,82.1742780037132,0
0,0,0,0,97.3506957544063,96.7845769653343,0,180.355266595273,0,0,0,0,0,98.2230592632363,0,0,171.230058197369,0,0,151.695570509541,76.5072790361762,0,90.1317194604647,0,0,0,0,95.7590805983148,0,101.605593487621,0,0,0,154.142998692322,0,0,323.781250289068,125.416941482916,0,300.031143529538,306.640284138334
0,143.005810983322,283.88658203332,0,124.698445421759,0,204.481117647118,211.840482897052,74.4197823064597,0,201.44584889478,106.926813611922,0,151.01089327964,0,92.5568465385234,159.183173818572,0,0,191.519780382943,0,0,238.934743274142,161.325017232684,90.7216186966914,209.996727521564,0,0,93.4234866874731,173.001559092555,0,172.892533368851,0,357.423078228283,160.537522273714,0,255.441154257905,82.1742780037132,300.031143529538,0,163.945208919892
101.443495235174,0,321.864157986053,157.852515740516,0,198.964527389285,0,153.453047983244,0,0,0,85.7623170715703,0,0,0,249.905610015455,0,0,0,193.63278243493,0,0,0,0,96.5937438588657,289.631679007608,99.2646516363145,122.106946855269,94.126460729827,0,213.67670887414,153.876396855887,0,67.8267069095267,197.486504603685,160.530221557972,61.0664810463559,0,306.640284138334,163.945208919892,0
