0,0,0,0,0,0,0,0,0,0,0,0,0,347.376449530863,241.57250333243,0,0,0,0,0,0,0,0,231.715271819474,0,0,0,0,0,0,0,0,0,0,161.325017232684,0,0,154.142998692322,195.314816908693,0,0
0,0,0,0,0,0,0,0,0,169.742003380707,0,0,0,0,0,0,0,0,146.99041817625,0,0,0,0,0,0,0,96.5937438588657,0,188.936291522747,0,0,0,0,212.592150359921,0,0,249.798812580765,0,0,0,71.5579325720569
0,0,0,183.786860782462,0,0,0,0,0,0,0,0,0,72.2278283150671,0,0,0,0,0,151.01089327964,0,0,0,128.405764333981,0,101.5853655613,0,0,0,0,0,0,0,0,0,0,0,0,0,0,0
0,0,183.786860782462,0,0,0,134.566479261133,214.116367924649,0,0,0,0,0,0,0,0,0,0,0,219.430938885781,0,0,0,228.792310020318,0,153.609372090384,114.511014214502,0,191.519780382943,0,0,0,0,211.840482897052,0,0,215.611029055736,113.059176128709,0,205.09013266389,180.543851962045
0,0,0,0,0,192.601533877686,0,0,0,0,193.659409924573,0,0,0,85.6072705949986,0,0,0,0,197.893790332676,0,0,0,320.356811100276,162.833808134102,173.201474590904,0,139.93285932648,80.4367166559625,94.7529894315991,0,0,0,241.682021696872,0,0,78.9559315574845,0,0,206.472608421747,117.208001126138
0,0,0,0,192.601533877686,0,0,0,0,321.864157986053,0,74.7304794244225,0,0,0,335.371040201042,0,0,178.748963182352,261.605527103798,0,0,0,155.24952173131,0,0,89.9429017381717,181.316358113209,93.5029580098427,0,0,0,0,192.693757128262,89.3673883748406,0,0,0,136.685314494491,97.3232815600345,0
0,0,0,134.566479261133,0,0,0,153.672550905948,0,137.189596148386,0,0,0,0,0,0,0,0,0,252.487290983309,0,0,0,0,0,0,0,0,70.4221432298295,0,0,115.871357769661,0,113.144980278377,309.997227542691,104.915316975638,195.378266313867,98.6790043377568,99.2646516363145,283.248188884028,0
0,0,0,214.116367924649,0,0,153.672550905948,0,96.7845769653343,0,120.567029282014,0,125.994729980093,101.895308036513,0,0,0,0,0,0,0,0,0,0,0,161.302948562323,0,306.344527664232,143.005810983322,0,0,0,0,66.5008477853491,115.114253591495,101.605593487621,0,151.806152521152,150.161410108805,78.8552325762656,158.955087279859
0,0,0,0,0,0,0,96.7845769653343,0,0,0,0,0,219.078548227669,0,0,0,0,259.442917595754,119.345624434514,0,0,0,0,0,0,253.401634605989,220.901129804706,0,0,0,0,0,115.541295036174,325.937289045041,139.654362654449,131.969743415579,0,0,67.8267069095267,0
0,169.742003380707,0,0,0,321.864157986053,137.189596148386,0,0,0,0,61.0664810463559,0,133.984214699576,0,0,0,0,242.790381480436,120.912756812582,0,128.846764897717,226.825099357786,80.8080171296381,0,0,0,136.792307586862,0,0,103.519938150021,0,0,146.770754374523,173.059382066957,106.128596538706,190.185165668632,0,0,111.435629183184,142.054529471577
0,0,0,0,193.659409924573,0,0,120.567029282014,0,0,0,172.608400267715,0,0,169.453147353278,249.905610015455,0,0,284.529238481835,0,197.486504603685,0,0,0,0,92.5207898118833,0,0,184.249961885477,0,0,0,0,300.031143529538,101.350815329073,0,108.136066660554,154.070293657878,269.936825670274,199.492852797962,119.728129215699
0,0,0,0,0,74.7304794244225,0,0,0,61.0664810463559,172.608400267715,0,0,0,0,0,160.537522273714,124.698445421759,0,116.054372245433,0,236.681907140956,0,218.045528847001,99.3508940827211,345.797434674459,163.059043292369,193.63278243493,0,200.878319874537,0,314.611698427915,259.055025639447,204.084074037941,137.239127032733,125.416941482916,116.176698124939,161.694997919804,94.027247878695,0,0
0,0,0,0,0,0,0,125.994729980093,0,0,0,0,0,0,0,0,0,0,0,0,0,167.066576495979,124.853650664477,158.567996645797,0,323.781250289068,0,0,0,0,0,0,0,0,0,0,0,0,0,153.876396855887,0
347.376449530863,0,72.2278283150671,0,0,0,0,101.895308036513,219.078548227669,133.984214699576,0,0,0,0,0,0,186.973586461633,0,0,106.533627130087,95.7590805983148,154.065933476765,0,0,0,194.442125915551,0,134.960780198024,0,225.013371621378,0,0,0,0,0,0,98.417953423071,0,0,348.674510760064,0
241.57250333243,0,0,0,85.6072705949986,0,0,0,0,0,169.453147353278,0,0,0,0,0,94.7280504127031,0,0,0,263.534399241887,0,0,283.88658203332,92.3502314520023,58.3493451392805,0,155.901486485736,0,0,0,0,0,0,164.032723165762,0,93.4234866874731,82.6426202489162,0,0,0
0,0,0,0,0,335.371040201042,0,0,0,0,249.905610015455,0,0,0,0,0,0,148.808626413748,0,0,76.5072790361762,0,74.4197823064597,0,0,0,173.001559092555,0,0,115.194491798135,0,0,0,180.90030328818,0,206.912707094411,139.792601838991,0,209.996727521564,0,0
0,0,0,0,0,0,0,0,0,0,0,160.537522273714,0,186.973586461633,94.7280504127031,0,0,0,0,0,174.013630695256,357.423078228283,205.839960264176,0,0,0,0,217.157696745803,0,0,0,0,0,333.645516435298,0,0,0,0,128.530575464043,0,161.275817184598
0,0,0,0,0,0,0,0,0,0,0,124.698445421759,0,0,0,148.808626413748,0,0,0,178.683678585178,222.053792850439,0,0,0,0,0,0,171.230058197369,0,0,0,104.369974912428,0,81.2827395071039,82.1742780037132,0,142.385058730083,0,0,0,0
0,146.99041817625,0,0,0,178.748963182352,0,0,259.442917595754,242.790381480436,284.529238481835,0,0,0,0,0,0,0,0,0,0,0,0,0,0,0,0,0,161.74915061469,0,0,163.945208919892,0,90.7216186966914,219.040656038919,0,157.852515740516,145.74089716123,0,0,85.7623170715703
0,0,151.01089327964,219.430938885781,197.893790332676,261.605527103798,252.487290983309,0,119.345624434514,120.912756812582,0,116.054372245433,0,106.533627130087,0,0,0,178.683678585178,0,0,0,0,0,0,0,146.814226519809,0,82.4756938751058,90.1317194604647,0,0,0,94.9380989123498,0,0,0,276.620869034647,193.777661225572,0,0,138.425725342224
0,0,0,0,0,0,0,0,0,0,197.486504603685,0,0,95.7590805983148,263.534399241887,76.5072790361762,174.013630695256,222.053792850439,0,0,0,0,0,0,0,0,112.349934713559,138.33942793804,0,0,0,0,0,62.311273509377,115.868441404982,153.453047983244,208.005106191961,0,0,0,100.812745974529
0,0,0,0,0,0,0,0,0,128.846764897717,0,236.681907140956,167.066576495979,154.065933476765,0,0,357.423078228283,0,0,0,0,0,0,0,0,0,238.934743274142,0,0,0,0,0,0,0,0,0,0,0,0,192.135034768848,175.196329314064
0,0,0,0,0,0,0,0,0,226.825099357786,0,0,124.853650664477,0,0,74.4197823064597,205.839960264176,0,0,0,0,0,0,0,0,201.100640800745,133.218162784108,154.784755881607,228.075434767255,137.177378802006,198.528111506785,0,224.523755099568,0,227.504408813069,0,112.823430872325,321.124897279917,0,135.294330067913,0
231.715271819474,0,128.405764333981,228.792310020318,320.356811100276,155.24952173131,0,0,0,80.8080171296381,0,218.045528847001,158.567996645797,0,283.88658203332,0,0,0,0,0,0,0,0,0,165.597665022977,0,62.859596780235,247.66948903751,110.384905066973,0,201.44584889478,0,0,0,240.185081663983,173.538155409849,114.649126378906,0,0,97.5855511246009,241.635434294794
0,0,0,0,162.833808134102,0,0,0,0,0,0,99.3508940827211,0,0,92.3502314520023,0,0,0,0,0,0,0,0,165.597665022977,0,0,280.376028997576,0,89.1590885155172,0,0,0,0,101.85207633558,0,0,0,82.6299537488922,159.183173818572,202.712457066107,0
0,0,101.5853655613,153.609372090384,173.201474590904,0,0,161.302948562323,0,0,92.5207898118833,345.797434674459,323.781250289068,194.442125915551,58.3493451392805,0,0,0,0,146.814226519809,0,0,201.100640800745,0,0,0,0,84.3635741045246,0,0,0,178.224497384947,0,73.1029054543569,106.926813611922,151.036729364761,193.055010680236,177.763106506206,0,98.2230592632363,306.640284138334
0,96.5937438588657,0,114.511014214502,0,89.9429017381717,0,0,253.401634605989,0,0,163.059043292369,0,0,0,173.001559092555,0,0,0,0,112.349934713559,238.934743274142,133.218162784108,62.859596780235,280.376028997576,0,0,353.822894641502,165.893015276821,112.793316814908,0,0,0,0,303.527509149359,146.465927798921,81.9664354533492,204.481117647118,0,87.8456058929559,220.963068032256
0,0,0,0,139.93285932648,181.316358113209,0,306.344527664232,220.901129804706,136.792307586862,0,193.63278243493,0,134.960780198024,155.901486485736,0,217.157696745803,171.230058197369,0,82.4756938751058,138.33942793804,0,154.784755881607,247.66948903751,0,84.3635741045246,353.822894641502,0,171.906398392157,140.574866691684,251.098274723989,231.050882209,0,289.631679007608,160.530221557972,262.382215657622,172.892533368851,0,196.032358954952,89.707245288964,75.4497121078207
0,188.936291522747,0,191.519780382943,80.4367166559625,93.5029580098427,70.4221432298295,143.005810983322,0,0,184.249961885477,0,0,0,0,0,0,0,161.74915061469,90.1317194604647,0,0,228.075434767255,110.384905066973,89.1590885155172,0,165.893015276821,171.906398392157,0,329.719143597451,0,0,0,255.441154257905,198.964527389285,0,224.551207449728,106.33736463831,0,122.106946855269,125.81518738273
0,0,0,0,94.7529894315991,0,0,0,0,0,0,200.878319874537,0,225.013371621378,0,115.194491798135,0,0,0,0,0,0,137.177378802006,0,0,0,112.793316814908,140.574866691684,329.719143597451,0,0,0,0,0,0,168.241326865882,179.718364159796,0,0,221.805809452716,0
0,0,0,0,0,0,0,0,0,103.519938150021,0,0,0,0,0,0,0,0,0,0,0,0,198.528111506785,201.44584889478,0,0,0,251.098274723989,0,0,0,0,0,0,94.126460729827,0,0,0,118.522099274347,0,0
0,0,0,0,0,0,115.871357769661,0,0,0,0,314.611698427915,0,0,0,0,0,104.369974912428,163.945208919892,0,0,0,0,0,0,178.224497384947,0,231.050882209,0,0,0,0,0,250.461724766314,0,223.705816669619,338.131802716296,261.440278806413,0,0,92.5568465385234
0,0,0,0,0,0,0,0,0,0,0,259.055025639447,0,0,0,0,0,0,0,94.9380989123498,0,0,224.523755099568,0,0,0,0,0,0,0,0,0,0,0,0,109.093416850988,0,0,0,0,141.204637091722
0,212.592150359921,0,211.840482897052,241.682021696872,192.693757128262,113.144980278377,66.5008477853491,115.541295036174,146.770754374523,300.031143529538,204.084074037941,0,0,0,180.90030328818,333.645516435298,81.2827395071039,90.7216186966914,0,62.311273509377,0,0,0,101.85207633558,73.1029054543569,0,289.631679007608,255.441154257905,0,0,250.461724766314,0,0,74.5815074003433,135.667029391615,180.355266595273,232.945974238958,73.4795582048751,97.3506957544063,0
161.325017232684,0,0,0,0,89.3673883748406,309.997227542691,115.114253591495,325.937289045041,173.059382066957,101.350815329073,137.239127032733,0,0,164.032723165762,0,0,82.1742780037132,219.040656038919,0,115.868441404982,0,227.504408813069,240.185081663983,0,106.926813611922,303.527509149359,160.530221557972,198.964527389285,0,94.126460729827,0,0,74.5815074003433,0,115.332064605654,195.822649557859,188.851177466023,71.4788760670054,186.348837226466,0
0,0,0,0,0,0,104.915316975638,101.605593487621,139.654362654449,106.128596538706,0,125.416941482916,0,0,0,206.912707094411,0,0,0,0,153.453047983244,0,0,173.538155409849,0,151.036729364761,146.465927798921,262.382215657622,0,168.241326865882,0,223.705816669619,109.093416850988,135.667029391615,115.332064605654,0,205.183249704085,101.443495235174,0,0,151.075371308616
0,249.798812580765,0,215.611029055736,78.9559315574845,0,195.378266313867,0,131.969743415579,190.185165668632,108.136066660554,116.176698124939,0,98.417953423071,93.4234866874731,139.792601838991,0,142.385058730083,157.852515740516,276.620869034647,208.005106191961,0,112.823430872325,114.649126378906,0,193.055010680236,81.9664354533492,172.892533368851,224.551207449728,179.718364159796,0,338.131802716296,0,180.355266595273,195.822649557859,205.183249704085,0,196.04190773555,108.381749703452,213.67670887414,94.8881692391942
154.142998692322,0,0,113.059176128709,0,0,98.6790043377568,151.806152521152,0,0,154.070293657878,161.694997919804,0,0,82.6426202489162,0,0,0,145.74089716123,193.777661225572,0,0,321.124897279917,0,82.6299537488922,177.763106506206,204.481117647118,0,106.33736463831,0,0,261.440278806413,0,232.945974238958,188.851177466023,101.443495235174,196.04190773555,0,0,151.695570509541,0
195.314816908693,0,0,0,0,136.685314494491,99.2646516363145,150.161410108805,0,0,269.936825670274,94.027247878695,0,0,0,209.996727521564,128.530575464043,0,0,0,0,0,0,0,159.183173818572,0,0,196.032358954952,0,0,118.522099274347,0,0,73.4795582048751,71.4788760670054,0,108.381749703452,0,0,187.77054666536,0
0,0,0,205.09013266389,206.472608421747,97.3232815600345,283.248188884028,78.8552325762656,67.8267069095267,111.435629183184,199.492852797962,0,153.876396855887,348.674510760064,0,0,0,0,0,0,0,192.135034768848,135.294330067913,97.5855511246009,202.712457066107,98.2230592632363,87.8456058929559,89.707245288964,122.106946855269,221.805809452716,0,0,0,97.3506957544063,186.348837226466,0,213.67670887414,151.695570509541,187.77054666536,0,111.226326353722
0,71.5579325720569,0,180.543851962045,117.208001126138,0,0,158.955087279859,0,142.054529471577,119.728129215699,0,0,0,0,0,161.275817184598,0,85.7623170715703,138.425725342224,100.812745974529,175.196329314064,0,241.635434294794,0,306.640284138334,220.963068032256,75.4497121078207,125.81518738273,0,0,92.5568465385234,141.204637091722,0,0,151.075371308616,94.8881692391942,0,0,111.226326353722,0
