0,208.005106191961,0,0,0,0,0,0,0,0,0,0,0,0,0,186.973586461633,0,0,0,263.534399241887,0,0,0,0,0,0,0,0,0,0,0,0,0,151.695570509541,0,0,0,134.960780198024,0,154.784755881607,0
208.005106191961,0,0,143.005810983322,0,0,0,0,0,0,0,0,0,0,0,0,94.9380989123498,0,0,0,0,0,183.786860782462,0,0,0,0,0,0,0,0,0,0,0,96.5937438588657,0,0,0,0,128.530575464043,228.075434767255
0,0,0,0,0,193.055010680236,0,0,0,0,104.915316975638,0,0,0,0,0,0,0,284.529238481835,0,0,0,0,0,0,0,0,0,0,0,0,0,0,178.224497384947,0,0,242.790381480436,0,0,0,0
0,143.005810983322,0,0,0,161.275817184598,0,0,0,0,0,0,115.332064605654,137.189596148386,0,0,0,138.425725342224,0,252.487290983309,0,135.667029391615,0,136.685314494491,0,0,0,112.793316814908,0,0,0,217.157696745803,0,0,0,0,140.574866691684,0,89.9429017381717,117.208001126138,0
0,0,0,0,0,0,0,85.7623170715703,0,0,0,0,269.936825670274,0,0,0,0,0,226.825099357786,137.177378802006,0,0,0,0,0,193.777661225572,106.33736463831,71.5579325720569,99.2646516363145,0,0,0,0,82.6299537488922,74.5815074003433,0,94.7280504127031,0,84.3635741045246,153.609372090384,66.5008477853491
0,0,193.055010680236,161.275817184598,0,0,0,158.955087279859,0,151.075371308616,0,67.8267069095267,0,0,0,0,92.5568465385234,0,0,0,0,0,0,169.453147353278,115.194491798135,0,108.381749703452,0,198.528111506785,0,249.798812580765,0,0,0,139.654362654449,0,157.852515740516,0,0,179.718364159796,0
0,0,0,0,0,0,0,89.1590885155172,0,96.7845769653343,192.135034768848,212.592150359921,0,211.840482897052,0,255.441154257905,186.348837226466,249.905610015455,0,0,0,0,0,201.100640800745,0,231.715271819474,0,155.24952173131,0,0,180.90030328818,0,0,0,0,0,112.823430872325,0,0,0,0
0,0,0,0,85.7623170715703,158.955087279859,89.1590885155172,0,204.084074037941,0,0,0,0,0,0,0,0,0,81.2827395071039,0,180.543851962045,0,0,0,0,236.681907140956,139.93285932648,153.672550905948,224.523755099568,0,0,94.8881692391942,0,76.5072790361762,0,0,89.707245288964,72.2278283150671,0,300.031143529538,114.511014214502
0,0,0,0,0,0,0,204.084074037941,0,0,0,173.538155409849,0,134.566479261133,347.376449530863,0,0,0,0,0,0,0,0,0,175.196329314064,0,0,106.926813611922,0,0,0,0,199.492852797962,0,259.442917595754,0,321.864157986053,115.541295036174,198.964527389285,0,0
0,0,0,0,0,151.075371308616,96.7845769653343,0,0,0,240.185081663983,0,0,0,0,0,0,0,219.040656038919,110.384905066973,90.7216186966914,213.67670887414,190.185165668632,0,0,165.893015276821,146.770754374523,0,163.059043292369,171.906398392157,262.382215657622,0,0,125.994729980093,133.984214699576,154.065933476765,221.805809452716,162.833808134102,0,0,0
0,0,104.915316975638,0,0,0,192.135034768848,0,0,240.185081663983,0,0,0,128.846764897717,0,0,0,0,0,0,154.070293657878,196.032358954952,227.504408813069,92.3502314520023,0,283.88658203332,0,78.9559315574845,188.851177466023,0,0,0,0,94.7529894315991,276.620869034647,204.481117647118,82.6426202489162,0,0,193.63278243493,0
0,0,0,0,0,67.8267069095267,212.592150359921,0,173.538155409849,0,0,0,0,115.114253591495,124.853650664477,106.533627130087,348.674510760064,0,0,0,188.936291522747,0,101.5853655613,177.763106506206,0,115.871357769661,98.2230592632363,99.3508940827211,241.635434294794,193.659409924573,0,0,0,0,224.551207449728,159.183173818572,171.230058197369,192.693757128262,0,196.04190773555,92.5207898118833
0,0,0,115.332064605654,269.936825670274,0,0,0,0,0,0,0,0,0,0,0,0,0,0,0,0,0,0,0,0,0,153.453047983244,0,0,0,0,0,0,165.597665022977,131.969743415579,0,0,0,0,0,172.608400267715
0,0,0,137.189596148386,0,0,211.840482897052,0,134.566479261133,0,128.846764897717,115.114253591495,0,0,0,0,146.99041817625,125.416941482916,0,0,0,0,0,0,0,0,0,158.567996645797,0,0,0,161.325017232684,0,218.045528847001,0,220.901129804706,154.142998692322,0,101.350815329073,0,71.4788760670054
0,0,0,0,0,0,0,0,347.376449530863,0,0,124.853650664477,0,0,0,0,0,151.01089327964,0,0,184.249961885477,0,0,0,0,90.1317194604647,141.204637091722,164.032723165762,0,228.792310020318,0,0,0,109.093416850988,0,0,206.472608421747,219.430938885781,0,289.631679007608,0
186.973586461633,0,0,0,0,0,255.441154257905,0,0,0,0,106.533627130087,0,0,0,0,0,0,0,0,0,0,0,0,0,119.345624434514,0,0,0,0,0,70.4221432298295,0,61.0664810463559,247.66948903751,0,113.059176128709,104.369974912428,0,155.901486485736,80.8080171296381
0,94.9380989123498,0,0,0,92.5568465385234,186.348837226466,0,0,0,0,348.674510760064,0,146.99041817625,0,0,0,0,0,0,0,0,241.57250333243,0,0,138.33942793804,0,0,0,0,0,0,0,0,0,124.698445421759,0,0,238.934743274142,0,145.74089716123
0,0,0,138.425725342224,0,0,249.905610015455,0,0,0,0,0,0,125.416941482916,151.01089327964,0,0,0,0,0,0,0,87.8456058929559,0,0,0,0,0,0,161.694997919804,0,0,0,0,253.401634605989,0,0,261.440278806413,0,202.712457066107,0
0,0,284.529238481835,0,226.825099357786,0,0,81.2827395071039,0,219.040656038919,0,0,0,0,0,0,0,0,0,0,0,0,120.567029282014,0,205.839960264176,0,0,168.241326865882,0,0,0,151.806152521152,0,200.878319874537,0,161.302948562323,169.742003380707,0,0,85.6072705949986,0
263.534399241887,0,0,252.487290983309,137.177378802006,0,0,0,0,110.384905066973,0,0,0,0,0,0,0,0,0,0,74.7304794244225,0,0,98.417953423071,93.4234866874731,0,0,335.371040201042,181.316358113209,114.649126378906,0,0,0,261.605527103798,0,173.001559092555,106.128596538706,101.605593487621,135.294330067913,191.519780382943,101.443495235174
0,0,0,0,0,0,0,180.543851962045,0,90.7216186966914,154.070293657878,188.936291522747,0,0,184.249961885477,0,0,0,0,74.7304794244225,0,0,0,122.106946855269,0,0,259.055025639447,0,0,0,80.4367166559625,0,0,0,75.4497121078207,0,223.705816669619,0,160.530221557972,0,95.7590805983148
0,0,0,135.667029391615,0,0,0,0,0,213.67670887414,196.032358954952,0,0,0,0,0,0,0,0,0,0,0,0,0,0,0,0,0,0,0,0,0,0,173.201474590904,0,0,125.81518738273,74.4197823064597,62.311273509377,0,215.611029055736
0,183.786860782462,0,0,0,0,0,0,0,190.185165668632,227.504408813069,101.5853655613,0,0,0,0,241.57250333243,87.8456058929559,120.567029282014,0,0,0,0,146.814226519809,0,161.74915061469,357.423078228283,101.895308036513,0,0,0,0,0,133.218162784108,0,128.405764333981,0,0,0,111.435629183184,111.226326353722
0,0,0,136.685314494491,0,169.453147353278,201.100640800745,0,0,0,92.3502314520023,177.763106506206,0,0,0,0,0,0,0,98.417953423071,122.106946855269,0,146.814226519809,0,173.059382066957,73.1029054543569,0,94.126460729827,178.683678585178,62.859596780235,0,0,0,103.519938150021,58.3493451392805,174.013630695256,98.6790043377568,353.822894641502,0,0,205.183249704085
0,0,0,0,0,115.194491798135,0,0,175.196329314064,0,0,0,0,0,0,0,0,0,205.839960264176,93.4234866874731,0,0,0,173.059382066957,0,115.868441404982,0,194.442125915551,0,0,0,0,0,0,89.3673883748406,0,0,0,93.5029580098427,142.385058730083,0
0,0,0,0,193.777661225572,0,231.715271819474,236.681907140956,0,165.893015276821,283.88658203332,115.871357769661,0,0,90.1317194604647,119.345624434514,138.33942793804,0,0,0,0,0,161.74915061469,73.1029054543569,115.868441404982,0,220.963068032256,167.066576495979,150.161410108805,306.640284138334,0,0,0,97.5855511246009,0,0,178.748963182352,0,197.486504603685,0,320.356811100276
0,0,0,0,106.33736463831,108.381749703452,0,139.93285932648,0,146.770754374523,0,98.2230592632363,153.453047983244,0,141.204637091722,0,0,0,0,0,259.055025639447,0,357.423078228283,0,0,220.963068032256,0,148.808626413748,101.85207633558,163.945208919892,0,195.314816908693,0,222.053792850439,231.050882209,197.893790332676,251.098274723989,0,0,82.4756938751058,94.027247878695
0,0,0,112.793316814908,71.5579325720569,0,155.24952173131,153.672550905948,106.926813611922,0,78.9559315574845,99.3508940827211,0,158.567996645797,164.032723165762,0,0,0,168.241326865882,335.371040201042,0,0,101.895308036513,94.126460729827,194.442125915551,167.066576495979,148.808626413748,0,120.912756812582,146.465927798921,0,329.719143597451,219.078548227669,137.239127032733,160.537522273714,116.176698124939,309.997227542691,153.876396855887,0,280.376028997576,303.527509149359
0,0,0,0,99.2646516363145,198.528111506785,0,224.523755099568,0,163.059043292369,188.851177466023,241.635434294794,0,0,0,0,0,0,0,181.316358113209,0,0,0,178.683678585178,0,150.161410108805,101.85207633558,120.912756812582,0,0,0,139.792601838991,209.996727521564,187.77054666536,195.378266313867,325.937289045041,151.036729364761,241.682021696872,172.892533368851,314.611698427915,321.124897279917
0,0,0,0,0,0,0,0,0,171.906398392157,0,193.659409924573,0,0,228.792310020318,0,0,161.694997919804,0,114.649126378906,0,0,0,62.859596780235,0,306.640284138334,163.945208919892,146.465927798921,0,0,0,0,0,0,97.3506957544063,195.822649557859,0,0,0,0,0
0,0,0,0,0,249.798812580765,180.90030328818,0,0,262.382215657622,0,0,0,0,0,0,0,0,0,0,80.4367166559625,0,0,0,0,0,0,0,0,0,0,0,0,0,323.781250289068,97.3232815600345,0,0,0,0,0
0,0,0,217.157696745803,0,0,0,94.8881692391942,0,0,0,0,0,161.325017232684,0,70.4221432298295,0,0,151.806152521152,0,0,0,0,0,0,0,195.314816908693,329.719143597451,139.792601838991,0,0,0,0,0,205.09013266389,0,0,214.116367924649,0,78.8552325762656,0
0,0,0,0,0,0,0,0,199.492852797962,0,0,0,0,0,0,0,0,0,0,0,0,0,0,0,0,0,0,219.078548227669,209.996727521564,0,0,0,0,0,0,0,192.601533877686,283.248188884028,0,0,0
151.695570509541,0,178.224497384947,0,82.6299537488922,0,0,76.5072790361762,0,125.994729980093,94.7529894315991,0,165.597665022977,218.045528847001,109.093416850988,61.0664810463559,0,0,200.878319874537,261.605527103798,0,173.201474590904,133.218162784108,103.519938150021,0,97.5855511246009,222.053792850439,137.239127032733,187.77054666536,0,0,0,0,0,82.1742780037132,116.054372245433,250.461724766314,201.44584889478,119.728129215699,206.912707094411,113.144980278377
0,96.5937438588657,0,0,74.5815074003433,139.654362654449,0,0,259.442917595754,133.984214699576,276.620869034647,224.551207449728,131.969743415579,0,0,247.66948903751,0,253.401634605989,0,0,75.4497121078207,0,0,58.3493451392805,89.3673883748406,0,231.050882209,160.537522273714,195.378266313867,97.3506957544063,323.781250289068,205.09013266389,0,82.1742780037132,0,81.9664354533492,338.131802716296,142.054529471577,0,136.792307586862,100.812745974529
0,0,0,0,0,0,0,0,0,154.065933476765,204.481117647118,159.183173818572,0,220.901129804706,0,0,124.698445421759,0,161.302948562323,173.001559092555,0,0,128.405764333981,174.013630695256,0,0,197.893790332676,116.176698124939,325.937289045041,195.822649557859,97.3232815600345,0,0,116.054372245433,81.9664354533492,0,345.797434674459,0,180.355266595273,108.136066660554,0
0,0,242.790381480436,140.574866691684,94.7280504127031,157.852515740516,112.823430872325,89.707245288964,321.864157986053,221.805809452716,82.6426202489162,171.230058197369,0,154.142998692322,206.472608421747,113.059176128709,0,0,169.742003380707,106.128596538706,223.705816669619,125.81518738273,0,98.6790043377568,0,178.748963182352,251.098274723989,309.997227542691,151.036729364761,0,0,0,192.601533877686,250.461724766314,338.131802716296,345.797434674459,0,232.945974238958,118.522099274347,306.344527664232,73.4795582048751
134.960780198024,0,0,0,0,0,0,72.2278283150671,115.541295036174,162.833808134102,0,192.693757128262,0,0,219.430938885781,104.369974912428,0,261.440278806413,0,101.605593487621,0,74.4197823064597,0,353.822894641502,0,0,0,153.876396855887,241.682021696872,0,0,214.116367924649,283.248188884028,201.44584889478,142.054529471577,0,232.945974238958,0,0,225.013371621378,112.349934713559
0,0,0,89.9429017381717,84.3635741045246,0,0,0,198.964527389285,0,0,0,0,101.350815329073,0,0,238.934743274142,0,0,135.294330067913,160.530221557972,62.311273509377,0,0,93.5029580098427,197.486504603685,0,0,172.892533368851,0,0,0,0,119.728129215699,0,180.355266595273,118.522099274347,0,0,333.645516435298,0
154.784755881607,128.530575464043,0,117.208001126138,153.609372090384,179.718364159796,0,300.031143529538,0,0,193.63278243493,196.04190773555,0,0,289.631679007608,155.901486485736,0,202.712457066107,85.6072705949986,191.519780382943,0,0,111.435629183184,0,142.385058730083,0,82.4756938751058,280.376028997576,314.611698427915,0,0,78.8552325762656,0,206.912707094411,136.792307586862,108.136066660554,306.344527664232,225.013371621378,333.645516435298,0,0
0,228.075434767255,0,0,66.5008477853491,0,0,114.511014214502,0,0,0,92.5207898118833,172.608400267715,71.4788760670054,0,80.8080171296381,145.74089716123,0,0,101.443495235174,95.7590805983148,215.611029055736,111.226326353722,205.183249704085,0,320.356811100276,94.027247878695,303.527509149359,321.124897279917,0,0,0,0,113.144980278377,100.812745974529,0,73.4795582048751,112.349934713559,0,0,0
