0,0,0,0,0,0,0,0,0,0,0,0,0,0,0,0,0,0,0,0,0,0,0,0,0,0,0,81.2827395071039,94.7280504127031,0,0,219.078548227669,0,119.345624434514,0,0,133.984214699576,0,0,136.792307586862,0
0,0,0,0,0,0,81.9664354533492,0,188.936291522747,0,0,0,0,0,0,0,0,0,0,0,0,0,0,0,0,0,173.538155409849,201.100640800745,0,0,0,0,0,0,94.8881692391942,0,146.465927798921,0,0,223.705816669619,0
0,0,0,0,0,0,289.631679007608,0,0,0,0,0,0,0,0,0,0,0,0,111.226326353722,0,0,0,0,0,0,0,0,0,128.530575464043,0,0,0,125.416941482916,0,113.059176128709,0,0,0,0,0
0,0,0,0,0,0,0,0,0,0,0,212.592150359921,0,178.748963182352,236.681907140956,0,241.682021696872,0,0,0,0,136.685314494491,0,0,99.3508940827211,206.472608421747,0,94.027247878695,161.74915061469,0,0,0,0,226.825099357786,0,0,192.135034768848,0,145.74089716123,0,214.116367924649
0,0,0,0,0,0,321.124897279917,78.8552325762656,0,0,139.93285932648,0,0,0,187.77054666536,0,0,0,0,0,0,0,198.964527389285,0,0,205.839960264176,74.5815074003433,193.055010680236,219.430938885781,0,0,0,184.249961885477,0,151.075371308616,0,280.376028997576,0,162.833808134102,106.533627130087,0
0,0,0,0,0,0,0,192.693757128262,0,0,155.24952173131,0,0,0,0,0,0,0,0,200.878319874537,0,0,0,0,58.3493451392805,0,213.67670887414,215.611029055736,66.5008477853491,0,0,0,0,125.994729980093,345.797434674459,165.597665022977,98.6790043377568,241.635434294794,89.707245288964,194.442125915551,0
0,81.9664354533492,289.631679007608,0,321.124897279917,0,0,0,0,98.2230592632363,0,0,198.528111506785,0,0,0,153.609372090384,0,0,0,0,0,0,94.7529894315991,0,0,0,242.790381480436,97.5855511246009,321.864157986053,0,0,0,104.915316975638,92.5568465385234,0,0,259.442917595754,0,0,0
0,0,0,0,78.8552325762656,192.693757128262,0,0,0,219.040656038919,0,90.7216186966914,169.742003380707,192.601533877686,0,193.63278243493,0,0,0,251.098274723989,193.659409924573,0,0,0,0,353.822894641502,154.142998692322,218.045528847001,0,0,0,0,0,0,0,0,250.461724766314,113.144980278377,99.2646516363145,0,151.695570509541
0,188.936291522747,0,0,0,0,0,0,0,112.793316814908,259.055025639447,222.053792850439,0,0,0,0,0,0,0,300.031143529538,0,89.9429017381717,0,0,0,179.718364159796,85.6072705949986,0,72.2278283150671,0,0,0,0,0,0,0,0,97.3506957544063,199.492852797962,0,0
0,0,0,0,0,0,98.2230592632363,219.040656038919,112.793316814908,0,67.8267069095267,0,0,0,0,0,0,0,92.3502314520023,135.667029391615,0,98.417953423071,0,228.075434767255,0,0,151.036729364761,262.382215657622,0,82.1742780037132,139.654362654449,0,0,119.728129215699,191.519780382943,116.054372245433,124.698445421759,0,0,101.350815329073,114.511014214502
0,0,0,0,139.93285932648,155.24952173131,0,0,259.055025639447,67.8267069095267,0,174.013630695256,0,0,0,0,0,115.541295036174,0,0,325.937289045041,0,0,357.423078228283,137.177378802006,0,183.786860782462,220.963068032256,0,0,0,0,0,323.781250289068,117.208001126138,205.183249704085,135.294330067913,0,0,197.893790332676,0
0,0,0,212.592150359921,0,0,0,90.7216186966914,222.053792850439,0,174.013630695256,0,0,283.88658203332,151.806152521152,0,0,62.859596780235,0,87.8456058929559,92.5207898118833,0,208.005106191961,177.763106506206,0,0,165.893015276821,228.792310020318,161.275817184598,175.196329314064,0,0,0,140.574866691684,153.876396855887,0,153.453047983244,211.840482897052,0,241.57250333243,320.356811100276
0,0,0,0,0,0,198.528111506785,169.742003380707,0,0,0,0,0,0,0,0,0,0,0,0,173.059382066957,0,0,0,0,0,0,0,0,0,138.33942793804,0,0,0,0,0,61.0664810463559,0,0,0,225.013371621378
0,0,0,178.748963182352,0,0,0,192.601533877686,0,0,0,283.88658203332,0,0,0,0,0,0,0,0,161.302948562323,0,0,0,85.7623170715703,128.846764897717,0,283.248188884028,134.566479261133,0,0,0,0,171.906398392157,151.01089327964,75.4497121078207,161.694997919804,347.376449530863,0,155.901486485736,0
0,0,0,236.681907140956,187.77054666536,0,0,0,0,0,0,151.806152521152,0,0,0,0,0,0,263.534399241887,0,0,0,93.4234866874731,276.620869034647,0,157.852515740516,70.4221432298295,249.798812580765,137.189596148386,0,0,0,0,196.04190773555,0,0,0,0,0,306.640284138334,0
0,0,0,0,0,0,0,193.63278243493,0,0,0,0,0,0,0,0,0,0,0,0,120.912756812582,0,146.814226519809,0,101.895308036513,0,173.201474590904,0,0,0,0,0,0,104.369974912428,0,146.770754374523,224.551207449728,217.157696745803,0,195.314816908693,180.543851962045
0,0,0,241.682021696872,0,0,153.609372090384,0,0,0,0,0,0,0,0,0,0,0,0,196.032358954952,0,0,172.892533368851,0,0,0,0,158.567996645797,0,0,0,0,0,158.955087279859,0,106.33736463831,78.9559315574845,0,0,101.605593487621,118.522099274347
0,0,0,0,0,0,0,0,0,0,115.541295036174,62.859596780235,0,0,0,0,0,0,0,0,0,0,0,178.683678585178,0,247.66948903751,0,181.316358113209,0,0,0,0,303.527509149359,154.070293657878,0,0,0,0,0,90.1317194604647,114.649126378906
0,0,0,0,0,0,0,0,0,92.3502314520023,0,0,0,0,263.534399241887,0,0,0,0,0,0,0,168.241326865882,0,0,96.7845769653343,0,0,209.996727521564,220.901129804706,0,309.997227542691,0,115.871357769661,141.204637091722,0,82.6299537488922,0,0,73.4795582048751,335.371040201042
0,0,111.226326353722,0,0,200.878319874537,0,251.098274723989,300.031143529538,135.667029391615,0,87.8456058929559,0,0,0,0,196.032358954952,0,0,0,0,95.7590805983148,0,0,0,269.936825670274,0,93.5029580098427,329.719143597451,0,0,0,0,204.084074037941,0,74.7304794244225,180.355266595273,128.405764333981,138.425725342224,261.440278806413,0
0,0,0,0,0,0,0,193.659409924573,0,0,325.937289045041,92.5207898118833,173.059382066957,161.302948562323,0,120.912756812582,0,0,0,0,0,0,0,124.853650664477,0,0,108.136066660554,240.185081663983,0,0,0,80.8080171296381,0,171.230058197369,160.530221557972,0,0,82.4756938751058,0,0,0
0,0,0,136.685314494491,0,0,0,0,89.9429017381717,98.417953423071,0,0,0,0,0,0,0,0,0,95.7590805983148,0,0,0,0,205.09013266389,0,0,154.784755881607,0,0,0,204.481117647118,0,0,0,0,0,232.945974238958,0,0,0
0,0,0,0,198.964527389285,0,0,0,0,0,0,208.005106191961,0,0,93.4234866874731,146.814226519809,172.892533368851,0,168.241326865882,0,0,0,0,71.5579325720569,0,338.131802716296,0,0,0,0,0,0,122.106946855269,261.605527103798,306.344527664232,0,188.851177466023,133.218162784108,0,109.093416850988,139.792601838991
0,0,0,0,0,0,94.7529894315991,0,0,228.075434767255,357.423078228283,177.763106506206,0,0,276.620869034647,0,0,178.683678585178,0,0,124.853650664477,0,71.5579325720569,0,0,0,159.183173818572,112.349934713559,82.6426202489162,0,0,186.973586461633,0,252.487290983309,197.486504603685,142.054529471577,193.777661225572,115.194491798135,180.90030328818,101.5853655613,0
0,0,0,99.3508940827211,0,58.3493451392805,0,0,0,0,137.177378802006,0,0,85.7623170715703,0,101.895308036513,0,0,0,0,0,205.09013266389,0,0,0,0,0,0,150.161410108805,0,0,0,0,0,103.519938150021,0,0,160.537522273714,0,0,71.4788760670054
0,0,0,206.472608421747,205.839960264176,0,0,353.822894641502,179.718364159796,0,0,0,0,128.846764897717,157.852515740516,0,0,247.66948903751,96.7845769653343,269.936825670274,0,0,338.131802716296,0,0,0,108.381749703452,0,73.1029054543569,0,0,115.114253591495,0,284.529238481835,100.812745974529,62.311273509377,163.945208919892,154.065933476765,115.868441404982,0,169.453147353278
0,173.538155409849,0,0,74.5815074003433,213.67670887414,0,154.142998692322,85.6072705949986,151.036729364761,183.786860782462,165.893015276821,0,0,70.4221432298295,173.201474590904,0,0,0,0,108.136066660554,0,0,159.183173818572,0,108.381749703452,0,0,0,231.050882209,0,0,0,224.523755099568,255.441154257905,202.712457066107,137.239127032733,0,253.401634605989,89.3673883748406,0
81.2827395071039,201.100640800745,0,94.027247878695,193.055010680236,215.611029055736,242.790381480436,218.045528847001,0,262.382215657622,220.963068032256,228.792310020318,0,283.248188884028,249.798812580765,0,158.567996645797,181.316358113209,0,93.5029580098427,240.185081663983,154.784755881607,0,112.349934713559,0,0,0,0,89.1590885155172,116.176698124939,0,0,0,0,348.674510760064,74.4197823064597,143.005810983322,125.81518738273,178.224497384947,76.5072790361762,238.934743274142
94.7280504127031,0,0,161.74915061469,219.430938885781,66.5008477853491,97.5855511246009,0,72.2278283150671,0,0,161.275817184598,0,134.566479261133,137.189596148386,0,0,0,209.996727521564,329.719143597451,0,0,0,82.6426202489162,150.161410108805,73.1029054543569,0,89.1590885155172,0,0,227.504408813069,0,0,112.823430872325,115.332064605654,106.926813611922,0,0,153.672550905948,0,94.126460729827
0,0,128.530575464043,0,0,0,321.864157986053,0,0,82.1742780037132,0,175.196329314064,0,0,0,0,0,0,220.901129804706,0,0,0,0,0,0,0,231.050882209,116.176698124939,0,0,0,0,0,0,161.325017232684,190.185165668632,94.9380989123498,0,0,0,97.3232815600345
0,0,0,0,0,0,0,0,0,139.654362654449,0,0,138.33942793804,0,0,0,0,0,0,0,0,0,0,0,0,0,0,0,227.504408813069,0,0,0,0,148.808626413748,0,0,195.378266313867,0,0,201.44584889478,0
219.078548227669,0,0,0,0,0,0,0,0,0,0,0,0,0,0,0,0,0,309.997227542691,0,80.8080171296381,204.481117647118,0,186.973586461633,0,115.114253591495,0,0,0,0,0,0,0,0,0,134.960780198024,167.066576495979,0,84.3635741045246,195.822649557859,186.348837226466
0,0,0,0,184.249961885477,0,0,0,0,0,0,0,0,0,0,0,0,303.527509149359,0,0,0,0,122.106946855269,0,0,0,0,0,0,0,0,0,0,0,0,0,172.608400267715,0,0,0,146.99041817625
119.345624434514,0,125.416941482916,226.825099357786,0,125.994729980093,104.915316975638,0,0,119.728129215699,323.781250289068,140.574866691684,0,171.906398392157,196.04190773555,104.369974912428,158.955087279859,154.070293657878,115.871357769661,204.084074037941,171.230058197369,0,261.605527103798,252.487290983309,0,284.529238481835,224.523755099568,0,112.823430872325,0,148.808626413748,0,0,0,231.715271819474,249.905610015455,131.969743415579,333.645516435298,0,0,0
0,94.8881692391942,0,0,151.075371308616,345.797434674459,92.5568465385234,0,0,191.519780382943,117.208001126138,153.876396855887,0,151.01089327964,0,0,0,0,141.204637091722,0,160.530221557972,0,306.344527664232,197.486504603685,103.519938150021,100.812745974529,255.441154257905,348.674510760064,115.332064605654,161.325017232684,0,0,0,231.715271819474,0,314.611698427915,101.443495235174,106.128596538706,96.5937438588657,120.567029282014,164.032723165762
0,0,113.059176128709,0,0,165.597665022977,0,0,0,116.054372245433,205.183249704085,0,0,75.4497121078207,0,146.770754374523,106.33736463831,0,0,74.7304794244225,0,0,0,142.054529471577,0,62.311273509377,202.712457066107,74.4197823064597,106.926813611922,190.185165668632,0,134.960780198024,0,249.905610015455,314.611698427915,0,0,206.912707094411,0,110.384905066973,0
133.984214699576,146.465927798921,0,192.135034768848,280.376028997576,98.6790043377568,0,250.461724766314,0,124.698445421759,135.294330067913,153.453047983244,61.0664810463559,161.694997919804,0,224.551207449728,78.9559315574845,0,82.6299537488922,180.355266595273,0,0,188.851177466023,193.777661225572,0,163.945208919892,137.239127032733,143.005810983322,0,94.9380989123498,195.378266313867,167.066576495979,172.608400267715,131.969743415579,101.443495235174,0,0,111.435629183184,221.805809452716,163.059043292369,142.385058730083
0,0,0,0,0,241.635434294794,259.442917595754,113.144980278377,97.3506957544063,0,0,211.840482897052,0,347.376449530863,0,217.157696745803,0,0,0,128.405764333981,82.4756938751058,232.945974238958,133.218162784108,115.194491798135,160.537522273714,154.065933476765,0,125.81518738273,0,0,0,0,0,333.645516435298,106.128596538706,206.912707094411,111.435629183184,0,0,0,101.85207633558
0,0,0,145.74089716123,162.833808134102,89.707245288964,0,99.2646516363145,199.492852797962,0,0,0,0,0,0,0,0,0,0,138.425725342224,0,0,0,180.90030328818,0,115.868441404982,253.401634605989,178.224497384947,153.672550905948,0,0,84.3635741045246,0,0,96.5937438588657,0,221.805809452716,0,0,80.4367166559625,0
136.792307586862,223.705816669619,0,0,106.533627130087,194.442125915551,0,0,0,101.350815329073,197.893790332676,241.57250333243,0,155.901486485736,306.640284138334,195.314816908693,101.605593487621,90.1317194604647,73.4795582048751,261.440278806413,0,0,109.093416850988,101.5853655613,0,0,89.3673883748406,76.5072790361762,0,0,201.44584889478,195.822649557859,0,0,120.567029282014,110.384905066973,163.059043292369,0,80.4367166559625,0,173.001559092555
0,0,0,214.116367924649,0,0,0,151.695570509541,0,114.511014214502,0,320.356811100276,225.013371621378,0,0,180.543851962045,118.522099274347,114.649126378906,335.371040201042,0,0,0,139.792601838991,0,71.4788760670054,169.453147353278,0,238.934743274142,94.126460729827,97.3232815600345,0,186.348837226466,146.99041817625,0,164.032723165762,0,142.385058730083,101.85207633558,0,173.001559092555,0
