0,0,0,0,303.527509149359,0,0,0,0,120.912756812582,0,0,0,0,0,0,146.770754374523,0,0,0,0,0,0,0,0,238.934743274142,0,0,0,0,0,0,0,338.131802716296,0,0,0,0,0,0,353.822894641502
0,0,0,0,0,259.055025639447,0,0,0,0,0,0,0,0,0,0,0,0,0,0,0,0,0,0,0,0,160.530221557972,0,202.712457066107,0,0,0,263.534399241887,101.85207633558,205.183249704085,0,262.382215657622,0,0,0,0
0,0,0,0,0,0,0,0,0,0,0,0,0,0,0,0,0,0,0,0,333.645516435298,0,0,0,0,0,193.055010680236,167.066576495979,0,124.853650664477,0,0,0,90.1317194604647,0,0,0,0,0,0,0
0,0,0,0,0,173.001559092555,0,0,0,0,0,180.543851962045,0,80.8080171296381,0,0,0,0,0,0,188.851177466023,0,125.994729980093,0,0,0,0,173.538155409849,345.797434674459,0,0,125.416941482916,0,136.685314494491,66.5008477853491,0,161.694997919804,0,0,62.311273509377,161.74915061469
303.527509149359,0,0,0,0,0,101.895308036513,0,0,0,0,0,0,116.176698124939,0,0,0,74.4197823064597,0,124.698445421759,0,153.672550905948,0,0,0,0,112.793316814908,0,198.964527389285,0,0,0,0,357.423078228283,94.7280504127031,82.4756938751058,108.136066660554,0,0,201.44584889478,218.045528847001
0,259.055025639447,0,173.001559092555,0,0,0,223.705816669619,0,97.5855511246009,0,143.005810983322,0,0,0,0,321.124897279917,0,0,151.695570509541,0,0,0,134.566479261133,0,0,128.530575464043,0,0,0,0,0,0,146.814226519809,0,186.973586461633,82.6426202489162,261.440278806413,0,335.371040201042,0
0,0,0,0,101.895308036513,0,0,0,116.054372245433,0,101.350815329073,314.611698427915,0,198.528111506785,0,0,0,0,0,0,0,0,0,97.3506957544063,188.936291522747,0,0,306.344527664232,89.3673883748406,0,0,111.435629183184,0,0,99.2646516363145,0,0,0,0,259.442917595754,192.135034768848
0,0,0,0,0,223.705816669619,0,0,0,0,0,173.059382066957,0,106.926813611922,139.792601838991,0,0,0,0,219.430938885781,0,0,92.5568465385234,0,0,306.640284138334,193.63278243493,193.777661225572,0,226.825099357786,0,0,155.24952173131,194.442125915551,0,122.106946855269,0,73.4795582048751,0,74.5815074003433,131.969743415579
0,0,0,0,0,0,116.054372245433,0,0,0,225.013371621378,0,153.453047983244,0,99.3508940827211,0,0,0,0,193.659409924573,0,0,0,164.032723165762,0,0,0,117.208001126138,0,0,0,0,0,0,329.719143597451,249.798812580765,0,159.183173818572,0,208.005106191961,0
120.912756812582,0,0,0,0,97.5855511246009,0,0,0,0,106.33736463831,101.605593487621,0,78.9559315574845,220.901129804706,0,0,180.355266595273,0,178.224497384947,0,0,0,224.523755099568,0,142.385058730083,0,236.681907140956,0,0,0,0,93.4234866874731,199.492852797962,255.441154257905,195.314816908693,85.6072705949986,0,0,169.453147353278,154.142998692322
0,0,0,0,0,0,101.350815329073,0,225.013371621378,106.33736463831,0,133.984214699576,94.027247878695,0,0,0,0,0,0,0,0,0,154.065933476765,219.040656038919,0,87.8456058929559,104.369974912428,284.529238481835,161.302948562323,0,101.5853655613,0,0,0,240.185081663983,0,97.3232815600345,89.1590885155172,0,0,128.405764333981
0,0,0,180.543851962045,0,143.005810983322,314.611698427915,173.059382066957,0,101.605593487621,133.984214699576,0,0,154.070293657878,180.90030328818,0,138.425725342224,0,232.945974238958,184.249961885477,0,0,128.846764897717,112.823430872325,0,0,154.784755881607,205.839960264176,82.1742780037132,0,0,0,0,0,78.8552325762656,172.892533368851,215.611029055736,0,219.078548227669,0,145.74089716123
0,0,0,0,0,0,0,0,153.453047983244,0,94.027247878695,0,0,0,0,0,0,0,0,0,0,151.806152521152,0,347.376449530863,0,0,0,228.792310020318,0,0,0,0,0,0,0,0,146.99041817625,0,0,0,0
0,0,0,80.8080171296381,116.176698124939,0,198.528111506785,106.926813611922,0,78.9559315574845,0,154.070293657878,0,0,0,0,0,0,249.905610015455,0,0,0,0,276.620869034647,0,0,0,151.01089327964,96.7845769653343,0,0,0,0,0,252.487290983309,283.248188884028,72.2278283150671,0,0,241.635434294794,0
0,0,0,0,0,0,0,139.792601838991,99.3508940827211,220.901129804706,0,180.90030328818,0,0,0,0,81.2827395071039,0,115.868441404982,0,141.204637091722,0,115.332064605654,0,0,0,114.511014214502,76.5072790361762,0,0,0,0,0,0,0,0,0,171.230058197369,81.9664354533492,0,0
0,0,0,0,0,0,0,0,0,0,0,0,0,0,0,0,0,0,0,0,0,204.084074037941,0,0,241.682021696872,0,191.519780382943,0,165.893015276821,0,0,0,0,228.075434767255,175.196329314064,0,209.996727521564,195.822649557859,118.522099274347,71.5579325720569,241.57250333243
146.770754374523,0,0,0,0,321.124897279917,0,0,0,0,0,138.425725342224,0,0,81.2827395071039,0,0,168.241326865882,0,0,0,0,0,0,115.194491798135,0,0,0,0,0,0,0,0,136.792307586862,0,0,197.486504603685,0,0,231.050882209,174.013630695256
0,0,0,0,74.4197823064597,0,0,0,0,180.355266595273,0,0,0,0,0,0,168.241326865882,0,0,0,320.356811100276,0,115.871357769661,0,0,0,0,0,103.519938150021,0,0,0,0,178.683678585178,0,106.128596538706,0,0,0,0,100.812745974529
0,0,0,0,0,0,0,0,0,0,0,232.945974238958,0,249.905610015455,115.868441404982,0,0,0,0,75.4497121078207,0,0,0,111.226326353722,0,222.053792850439,0,70.4221432298295,0,108.381749703452,0,0,0,0,58.3493451392805,0,165.597665022977,269.936825670274,146.465927798921,0,0
0,0,0,0,124.698445421759,151.695570509541,0,219.430938885781,193.659409924573,178.224497384947,0,184.249961885477,0,0,0,0,0,0,75.4497121078207,0,0,171.906398392157,92.5207898118833,0,0,0,0,74.7304794244225,186.348837226466,200.878319874537,133.218162784108,163.945208919892,0,205.09013266389,0,0,0,95.7590805983148,0,204.481117647118,0
0,0,333.645516435298,188.851177466023,0,0,0,0,0,0,0,0,0,0,141.204637091722,0,0,320.356811100276,0,0,0,0,211.840482897052,0,283.88658203332,93.5029580098427,0,0,139.654362654449,0,0,0,0,196.04190773555,192.601533877686,0,309.997227542691,195.378266313867,179.718364159796,0,0
0,0,0,0,153.672550905948,0,0,0,0,0,0,0,151.806152521152,0,0,204.084074037941,0,0,0,171.906398392157,0,0,0,161.275817184598,0,0,178.748963182352,85.7623170715703,0,0,0,0,0,0,0,0,94.9380989123498,0,0,0,0
0,0,0,125.994729980093,0,0,0,92.5568465385234,0,0,154.065933476765,128.846764897717,0,0,115.332064605654,0,0,115.871357769661,0,92.5207898118833,211.840482897052,0,0,0,0,71.4788760670054,137.189596148386,0,0,0,151.036729364761,0,0,0,206.472608421747,0,120.567029282014,0,169.742003380707,181.316358113209,0
0,0,0,0,0,134.566479261133,97.3506957544063,0,164.032723165762,224.523755099568,219.040656038919,112.823430872325,347.376449530863,276.620869034647,0,0,0,0,111.226326353722,0,0,161.275817184598,0,0,0,190.185165668632,0,114.649126378906,212.592150359921,0,0,113.144980278377,0,94.7529894315991,138.33942793804,0,140.574866691684,98.6790043377568,0,115.541295036174,0
0,0,0,0,0,0,188.936291522747,0,0,0,0,0,0,0,0,241.682021696872,115.194491798135,0,0,0,283.88658203332,0,0,0,0,0,0,0,142.054529471577,0,0,0,137.239127032733,247.66948903751,101.443495235174,0,0,177.763106506206,0,251.098274723989,0
238.934743274142,0,0,0,0,0,0,306.640284138334,0,142.385058730083,87.8456058929559,0,0,0,0,0,0,0,222.053792850439,0,93.5029580098427,0,71.4788760670054,190.185165668632,0,0,113.059176128709,348.674510760064,94.8881692391942,137.177378802006,0,187.77054666536,0,261.605527103798,250.461724766314,196.032358954952,112.349934713559,214.116367924649,80.4367166559625,89.9429017381717,0
0,160.530221557972,193.055010680236,0,112.793316814908,128.530575464043,0,193.63278243493,0,0,104.369974912428,154.784755881607,0,0,114.511014214502,191.519780382943,0,0,0,0,0,178.748963182352,137.189596148386,0,0,113.059176128709,0,0,160.537522273714,0,0,0,0,119.728129215699,220.963068032256,0,73.1029054543569,323.781250289068,125.81518738273,104.915316975638,224.551207449728
0,0,167.066576495979,173.538155409849,0,0,306.344527664232,193.777661225572,117.208001126138,236.681907140956,284.529238481835,205.839960264176,228.792310020318,151.01089327964,76.5072790361762,0,0,0,70.4221432298295,74.7304794244225,0,85.7623170715703,0,114.649126378906,0,348.674510760064,0,0,321.864157986053,134.960780198024,139.93285932648,153.876396855887,0,183.786860782462,84.3635741045246,280.376028997576,135.667029391615,148.808626413748,94.126460729827,115.114253591495,0
0,202.712457066107,0,345.797434674459,198.964527389285,0,89.3673883748406,0,0,0,161.302948562323,82.1742780037132,0,96.7845769653343,0,165.893015276821,0,103.519938150021,0,186.348837226466,139.654362654449,0,0,212.592150359921,142.054529471577,94.8881692391942,160.537522273714,321.864157986053,0,0,0,0,0,0,253.401634605989,0,98.2230592632363,153.609372090384,151.075371308616,158.567996645797,0
0,0,124.853650664477,0,0,0,0,226.825099357786,0,0,0,0,0,0,0,0,0,0,108.381749703452,200.878319874537,0,0,0,0,0,137.177378802006,0,134.960780198024,0,0,161.325017232684,0,0,0,150.161410108805,67.8267069095267,325.937289045041,0,0,0,82.6299537488922
0,0,0,0,0,0,0,0,0,0,101.5853655613,0,0,0,0,0,0,0,0,133.218162784108,0,0,151.036729364761,0,0,0,0,139.93285932648,0,161.325017232684,0,0,0,0,0,0,98.417953423071,0,0,0,0
0,0,0,125.416941482916,0,0,111.435629183184,0,0,0,0,0,0,0,0,0,0,0,0,163.945208919892,0,0,0,113.144980278377,0,187.77054666536,0,153.876396855887,0,0,0,0,0,172.608400267715,0,242.790381480436,289.631679007608,0,157.852515740516,0,201.100640800745
0,263.534399241887,0,0,0,0,0,155.24952173131,0,93.4234866874731,0,0,0,0,0,0,0,0,0,0,0,0,0,0,137.239127032733,0,0,0,0,0,0,0,0,155.901486485736,0,0,0,0,0,0,0
338.131802716296,101.85207633558,90.1317194604647,136.685314494491,357.423078228283,146.814226519809,0,194.442125915551,0,199.492852797962,0,0,0,0,0,228.075434767255,136.792307586862,178.683678585178,0,205.09013266389,196.04190773555,0,0,94.7529894315991,247.66948903751,261.605527103798,119.728129215699,183.786860782462,0,0,0,172.608400267715,155.901486485736,0,119.345624434514,206.912707094411,217.157696745803,197.893790332676,0,213.67670887414,62.859596780235
0,205.183249704085,0,66.5008477853491,94.7280504127031,0,99.2646516363145,0,329.719143597451,255.441154257905,240.185081663983,78.8552325762656,0,252.487290983309,0,175.196329314064,0,0,58.3493451392805,0,192.601533877686,0,206.472608421747,138.33942793804,101.443495235174,250.461724766314,220.963068032256,84.3635741045246,253.401634605989,150.161410108805,0,0,0,119.345624434514,0,110.384905066973,227.504408813069,0,0,300.031143529538,231.715271819474
0,0,0,0,82.4756938751058,186.973586461633,0,122.106946855269,249.798812580765,195.314816908693,0,172.892533368851,0,283.248188884028,0,0,0,106.128596538706,0,0,0,0,0,0,0,196.032358954952,0,280.376028997576,0,67.8267069095267,0,242.790381480436,0,206.912707094411,110.384905066973,0,96.5937438588657,135.294330067913,163.059043292369,92.3502314520023,61.0664810463559
0,262.382215657622,0,161.694997919804,108.136066660554,82.6426202489162,0,0,0,85.6072705949986,97.3232815600345,215.611029055736,146.99041817625,72.2278283150671,0,209.996727521564,197.486504603685,0,165.597665022977,0,309.997227542691,94.9380989123498,120.567029282014,140.574866691684,0,112.349934713559,73.1029054543569,135.667029391615,98.2230592632363,325.937289045041,98.417953423071,289.631679007608,0,217.157696745803,227.504408813069,96.5937438588657,0,90.7216186966914,106.533627130087,221.805809452716,162.833808134102
0,0,0,0,0,261.440278806413,0,73.4795582048751,159.183173818572,0,89.1590885155172,0,0,0,171.230058197369,195.822649557859,0,0,269.936825670274,95.7590805983148,195.378266313867,0,0,98.6790043377568,177.763106506206,214.116367924649,323.781250289068,148.808626413748,153.609372090384,0,0,0,0,197.893790332676,0,135.294330067913,90.7216186966914,0,0,192.693757128262,173.201474590904
0,0,0,0,0,0,0,0,0,0,0,219.078548227669,0,0,81.9664354533492,118.522099274347,0,0,146.465927798921,0,179.718364159796,0,169.742003380707,0,0,80.4367166559625,125.81518738273,94.126460729827,151.075371308616,0,0,157.852515740516,0,0,0,163.059043292369,106.533627130087,0,0,109.093416850988,89.707245288964
0,0,0,62.311273509377,201.44584889478,335.371040201042,259.442917595754,74.5815074003433,208.005106191961,169.453147353278,0,0,0,241.635434294794,0,71.5579325720569,231.050882209,0,0,204.481117647118,0,0,181.316358113209,115.541295036174,251.098274723989,89.9429017381717,104.915316975638,115.114253591495,158.567996645797,0,0,0,0,213.67670887414,300.031143529538,92.3502314520023,221.805809452716,192.693757128262,109.093416850988,0,158.955087279859
353.822894641502,0,0,161.74915061469,218.045528847001,0,192.135034768848,131.969743415579,0,154.142998692322,128.405764333981,145.74089716123,0,0,0,241.57250333243,174.013630695256,100.812745974529,0,0,0,0,0,0,0,0,224.551207449728,0,0,82.6299537488922,0,201.100640800745,0,62.859596780235,231.715271819474,61.0664810463559,162.833808134102,173.201474590904,89.707245288964,158.955087279859,0
