0,0,0,0,0,196.04190773555,0,160.530221557972,0,0,0,0,0,0,0,0,0,0,0,0,0,0,0,0,0,197.486504603685,0,0,242.790381480436,0,0,0,0,205.09013266389,0,0,159.183173818572,0,0,0,0
0,0,0,0,0,0,0,0,0,0,0,0,0,137.177378802006,92.5568465385234,171.906398392157,0,0,0,0,0,0,0,0,0,0,0,0,0,0,0,0,0,155.24952173131,135.667029391615,283.248188884028,0,0,0,300.031143529538,0
0,0,0,0,0,0,0,0,0,0,0,0,0,0,0,0,0,0,0,82.4756938751058,0,0,195.378266313867,0,0,0,0,151.806152521152,0,0,0,0,0,97.5855511246009,0,0,329.719143597451,0,0,0,0
0,0,0,0,97.3232815600345,0,0,177.763106506206,0,113.059176128709,0,92.3502314520023,0,139.93285932648,0,0,0,0,0,0,335.371040201042,0,0,0,0,231.715271819474,0,206.472608421747,136.792307586862,0,0,100.812745974529,0,0,106.926813611922,0,223.705816669619,0,0,67.8267069095267,0
0,0,0,97.3232815600345,0,0,0,0,82.6299537488922,0,74.7304794244225,0,0,150.161410108805,0,0,0,0,0,0,0,0,165.597665022977,151.695570509541,0,0,0,0,0,232.945974238958,0,0,0,81.9664354533492,93.5029580098427,231.050882209,220.901129804706,154.142998692322,96.5937438588657,198.964527389285,0
196.04190773555,0,0,0,0,0,0,0,0,0,180.355266595273,0,0,0,0,226.825099357786,0,0,101.5853655613,0,0,0,0,0,0,0,96.7845769653343,85.7623170715703,115.871357769661,0,323.781250289068,0,0,124.698445421759,0,196.032358954952,306.640284138334,161.275817184598,0,58.3493451392805,143.005810983322
0,0,0,0,0,0,0,76.5072790361762,0,0,90.1317194604647,0,0,162.833808134102,0,101.605593487621,201.44584889478,0,0,115.868441404982,0,0,0,0,0,0,0,145.74089716123,183.786860782462,139.654362654449,0,0,0,116.176698124939,119.728129215699,0,333.645516435298,0,0,146.465927798921,0
160.530221557972,0,0,177.763106506206,0,0,76.5072790361762,0,0,186.973586461633,250.461724766314,163.945208919892,0,0,0,0,263.534399241887,0,0,103.519938150021,0,181.316358113209,89.707245288964,0,0,0,218.045528847001,0,0,0,0,104.915316975638,0,62.311273509377,112.823430872325,80.8080171296381,0,0,0,0,93.4234866874731
0,0,0,0,82.6299537488922,0,0,0,0,0,0,84.3635741045246,0,194.442125915551,280.376028997576,0,0,0,160.537522273714,0,0,0,0,89.9429017381717,0,0,0,236.681907140956,101.443495235174,0,0,0,0,0,0,241.635434294794,306.344527664232,0,0,163.059043292369,0
0,0,0,113.059176128709,0,0,0,186.973586461633,0,0,0,0,95.7590805983148,0,0,0,73.4795582048751,0,188.936291522747,0,0,0,247.66948903751,128.405764333981,134.960780198024,99.3508940827211,241.682021696872,137.239127032733,125.81518738273,0,0,0,0,0,225.013371621378,219.078548227669,74.4197823064597,62.859596780235,0,269.936825670274,61.0664810463559
0,0,0,0,74.7304794244225,180.355266595273,90.1317194604647,250.461724766314,0,0,0,0,128.846764897717,0,204.084074037941,0,0,0,0,0,0,0,0,115.114253591495,0,219.040656038919,0,73.1029054543569,0,0,0,0,0,238.934743274142,161.74915061469,133.218162784108,259.055025639447,345.797434674459,0,262.382215657622,142.054529471577
0,0,0,92.3502314520023,0,0,0,163.945208919892,84.3635741045246,0,0,0,173.059382066957,0,172.608400267715,115.541295036174,0,0,0,0,205.183249704085,0,240.185081663983,178.748963182352,0,112.793316814908,321.864157986053,94.126460729827,111.226326353722,171.230058197369,0,115.194491798135,0,125.416941482916,0,261.605527103798,136.685314494491,208.005106191961,0,114.649126378906,89.3673883748406
0,0,0,0,0,0,0,0,0,95.7590805983148,128.846764897717,173.059382066957,0,215.611029055736,0,0,0,0,209.996727521564,0,0,0,0,0,0,0,0,0,0,0,0,0,0,0,0,0,200.878319874537,0,0,0,0
0,137.177378802006,0,139.93285932648,150.161410108805,0,162.833808134102,0,194.442125915551,0,0,0,215.611029055736,0,0,0,0,193.055010680236,0,0,0,117.208001126138,0,0,0,70.4221432298295,357.423078228283,142.385058730083,0,0,0,0,0,118.522099274347,0,0,0,0,187.77054666536,0,153.453047983244
0,92.5568465385234,0,0,0,0,0,0,280.376028997576,0,204.084074037941,172.608400267715,0,0,0,174.013630695256,0,0,0,87.8456058929559,0,0,205.839960264176,0,151.01089327964,0,0,0,0,161.694997919804,0,0,0,0,169.742003380707,0,0,0,94.8881692391942,0,173.538155409849
0,171.906398392157,0,0,0,226.825099357786,101.605593487621,0,0,0,0,115.541295036174,0,0,174.013630695256,0,0,0,0,0,0,0,0,191.519780382943,0,0,101.350815329073,180.90030328818,0,0,0,0,0,255.441154257905,0,0,0,0,154.065933476765,146.770754374523,0
0,0,0,0,0,0,201.44584889478,263.534399241887,0,73.4795582048751,0,0,0,0,0,0,0,0,0,0,206.912707094411,0,0,175.196329314064,71.5579325720569,0,74.5815074003433,0,158.567996645797,0,0,0,0,0,173.201474590904,0,0,0,201.100640800745,0,0
0,0,0,0,0,0,0,0,0,0,0,0,0,193.055010680236,0,0,0,0,168.241326865882,108.381749703452,0,0,0,0,0,0,172.892533368851,190.185165668632,0,0,0,0,0,138.425725342224,314.611698427915,0,134.566479261133,0,0,0,325.937289045041
0,0,0,0,0,101.5853655613,0,0,160.537522273714,188.936291522747,0,0,209.996727521564,0,0,0,0,168.241326865882,0,0,0,0,0,289.631679007608,347.376449530863,0,109.093416850988,124.853650664477,0,0,0,0,0,0,0,0,114.511014214502,120.567029282014,0,0,338.131802716296
0,0,82.4756938751058,0,0,0,115.868441404982,103.519938150021,0,0,0,0,0,0,87.8456058929559,0,0,108.381749703452,0,0,140.574866691684,0,0,241.57250333243,154.784755881607,0,253.401634605989,66.5008477853491,0,0,0,0,220.963068032256,320.356811100276,98.2230592632363,90.7216186966914,169.453147353278,0,0,283.88658203332,193.63278243493
0,0,0,335.371040201042,0,0,0,0,0,0,0,205.183249704085,0,0,0,0,206.912707094411,0,0,140.574866691684,0,0,0,0,75.4497121078207,0,111.435629183184,0,188.851177466023,0,161.302948562323,0,0,261.440278806413,184.249961885477,0,97.3506957544063,321.124897279917,0,0,164.032723165762
0,0,0,0,0,0,0,181.316358113209,0,0,0,0,0,117.208001126138,0,0,0,0,0,0,0,0,0,0,0,0,0,251.098274723989,0,0,0,0,0,94.7280504127031,0,0,199.492852797962,227.504408813069,213.67670887414,0,161.325017232684
0,0,195.378266313867,0,165.597665022977,0,0,89.707245288964,0,247.66948903751,0,240.185081663983,0,0,205.839960264176,0,0,0,0,0,0,0,0,0,0,115.332064605654,148.808626413748,0,104.369974912428,158.955087279859,0,0,0,165.893015276821,0,78.8552325762656,0,167.066576495979,0,195.822649557859,113.144980278377
0,0,0,0,151.695570509541,0,0,0,89.9429017381717,128.405764333981,115.114253591495,178.748963182352,0,0,0,191.519780382943,175.196329314064,0,289.631679007608,241.57250333243,0,0,0,0,0,214.116367924649,101.85207633558,81.2827395071039,154.070293657878,202.712457066107,0,178.683678585178,0,80.4367166559625,138.33942793804,0,120.912756812582,0,0,173.001559092555,0
0,0,0,0,0,0,0,0,0,134.960780198024,0,0,0,0,151.01089327964,0,71.5579325720569,0,347.376449530863,154.784755881607,75.4497121078207,0,0,0,0,0,0,0,71.4788760670054,0,0,0,0,0,78.9559315574845,0,0,94.9380989123498,0,0,180.543851962045
197.486504603685,0,0,231.715271819474,0,0,0,0,0,99.3508940827211,219.040656038919,112.793316814908,0,70.4221432298295,0,0,0,0,0,0,0,0,115.332064605654,214.116367924649,0,0,186.348837226466,94.027247878695,82.1742780037132,353.822894641502,0,128.530575464043,146.99041817625,0,195.314816908693,0,348.674510760064,106.533627130087,212.592150359921,192.135034768848,106.33736463831
0,0,0,0,0,96.7845769653343,0,218.045528847001,0,241.682021696872,0,321.864157986053,0,357.423078228283,0,101.350815329073,74.5815074003433,172.892533368851,109.093416850988,253.401634605989,111.435629183184,0,148.808626413748,101.85207633558,0,186.348837226466,0,178.224497384947,276.620869034647,0,0,0,0,0,219.430938885781,151.036729364761,0,204.481117647118,0,0,119.345624434514
0,0,151.806152521152,206.472608421747,0,85.7623170715703,145.74089716123,0,236.681907140956,137.239127032733,73.1029054543569,94.126460729827,0,142.385058730083,0,180.90030328818,0,190.185165668632,124.853650664477,66.5008477853491,0,251.098274723989,0,81.2827395071039,0,94.027247878695,178.224497384947,0,192.601533877686,0,110.384905066973,85.6072705949986,0,0,211.840482897052,82.6426202489162,249.798812580765,179.718364159796,224.551207449728,137.189596148386,89.1590885155172
242.790381480436,0,0,136.792307586862,0,115.871357769661,183.786860782462,0,101.443495235174,125.81518738273,0,111.226326353722,0,0,0,0,158.567996645797,0,0,0,188.851177466023,0,104.369974912428,154.070293657878,71.4788760670054,82.1742780037132,276.620869034647,192.601533877686,0,0,98.6790043377568,0,0,197.893790332676,222.053792850439,0,92.5207898118833,0,153.609372090384,192.693757128262,0
0,0,0,0,232.945974238958,0,139.654362654449,0,0,0,0,171.230058197369,0,0,161.694997919804,0,0,0,0,0,0,0,158.955087279859,202.712457066107,0,353.822894641502,0,0,0,0,0,0,0,193.777661225572,0,0,133.984214699576,193.659409924573,0,0,72.2278283150671
0,0,0,0,0,323.781250289068,0,0,0,0,0,0,0,0,0,0,0,0,0,0,161.302948562323,0,0,0,0,0,0,110.384905066973,98.6790043377568,0,0,221.805809452716,0,125.994729980093,0,0,0,0,0,0,0
0,0,0,100.812745974529,0,0,0,104.915316975638,0,0,0,115.194491798135,0,0,0,0,0,0,0,0,0,0,0,178.683678585178,0,128.530575464043,0,85.6072705949986,0,0,221.805809452716,0,0,0,94.7529894315991,0,101.895308036513,0,116.054372245433,259.442917595754,0
0,0,0,0,0,0,0,0,0,0,0,0,0,0,0,0,0,0,0,220.963068032256,0,0,0,0,0,146.99041817625,0,0,0,0,0,0,0,0,139.792601838991,0,198.528111506785,0,0,108.136066660554,0
205.09013266389,155.24952173131,97.5855511246009,0,81.9664354533492,124.698445421759,116.176698124939,62.311273509377,0,0,238.934743274142,125.416941482916,0,118.522099274347,0,255.441154257905,0,138.425725342224,0,320.356811100276,261.440278806413,94.7280504127031,165.893015276821,80.4367166559625,0,0,0,0,197.893790332676,193.777661225572,125.994729980093,0,0,0,303.527509149359,153.876396855887,153.672550905948,98.417953423071,135.294330067913,249.905610015455,0
0,135.667029391615,0,106.926813611922,93.5029580098427,0,119.728129215699,112.823430872325,0,225.013371621378,161.74915061469,0,0,0,169.742003380707,0,173.201474590904,314.611698427915,0,98.2230592632363,184.249961885477,0,0,138.33942793804,78.9559315574845,195.314816908693,219.430938885781,211.840482897052,222.053792850439,0,0,94.7529894315991,139.792601838991,303.527509149359,0,112.349934713559,252.487290983309,151.075371308616,0,217.157696745803,0
0,283.248188884028,0,0,231.050882209,196.032358954952,0,80.8080171296381,241.635434294794,219.078548227669,133.218162784108,261.605527103798,0,0,0,0,0,0,0,90.7216186966914,0,0,78.8552325762656,0,0,0,151.036729364761,82.6426202489162,0,0,0,0,0,153.876396855887,112.349934713559,0,284.529238481835,157.852515740516,155.901486485736,146.814226519809,122.106946855269
159.183173818572,0,329.719143597451,223.705816669619,220.901129804706,306.640284138334,333.645516435298,0,306.344527664232,74.4197823064597,259.055025639447,136.685314494491,200.878319874537,0,0,0,0,134.566479261133,114.511014214502,169.453147353278,97.3506957544063,199.492852797962,0,120.912756812582,0,348.674510760064,0,249.798812580765,92.5207898118833,133.984214699576,0,101.895308036513,198.528111506785,153.672550905948,252.487290983309,284.529238481835,0,131.969743415579,106.128596538706,224.523755099568,228.792310020318
0,0,0,0,154.142998692322,161.275817184598,0,0,0,62.859596780235,345.797434674459,208.005106191961,0,0,0,0,0,0,120.567029282014,0,321.124897279917,227.504408813069,167.066576495979,0,94.9380989123498,106.533627130087,204.481117647118,179.718364159796,0,193.659409924573,0,0,0,98.417953423071,151.075371308616,157.852515740516,131.969743415579,0,141.204637091722,309.997227542691,0
0,0,0,0,96.5937438588657,0,0,0,0,0,0,0,0,187.77054666536,94.8881692391942,154.065933476765,201.100640800745,0,0,0,0,213.67670887414,0,0,0,212.592150359921,0,224.551207449728,153.609372090384,0,0,116.054372245433,0,135.294330067913,0,155.901486485736,106.128596538706,141.204637091722,0,99.2646516363145,0
0,300.031143529538,0,67.8267069095267,198.964527389285,58.3493451392805,146.465927798921,0,163.059043292369,269.936825670274,262.382215657622,114.649126378906,0,0,0,146.770754374523,0,0,0,283.88658203332,0,0,195.822649557859,173.001559092555,0,192.135034768848,0,137.189596148386,192.693757128262,0,0,259.442917595754,108.136066660554,249.905610015455,217.157696745803,146.814226519809,224.523755099568,309.997227542691,99.2646516363145,0,228.075434767255
0,0,0,0,0,143.005810983322,0,93.4234866874731,0,61.0664810463559,142.054529471577,89.3673883748406,0,153.453047983244,173.538155409849,0,0,325.937289045041,338.131802716296,193.63278243493,164.032723165762,161.325017232684,113.144980278377,0,180.543851962045,106.33736463831,119.345624434514,89.1590885155172,0,72.2278283150671,0,0,0,0,0,122.106946855269,228.792310020318,0,0,228.075434767255,0
