0,0,0,0,0,0,0,321.124897279917,0,184.249961885477,0,198.528111506785,0,0,0,0,0,0,0,0,0,113.144980278377,0,0,0,0,0,151.01089327964,0,0,0,0,0,0,0,0,153.453047983244,0,0,0,0
0,0,0,0,0,0,0,0,0,0,0,0,0,0,0,0,0,0,0,0,0,0,0,175.196329314064,0,0,0,78.8552325762656,0,0,0,0,0,115.332064605654,0,0,161.275817184598,0,179.718364159796,94.027247878695,90.1317194604647
0,0,0,0,0,0,0,0,0,0,0,0,0,0,0,0,0,0,0,0,0,0,0,0,0,128.530575464043,357.423078228283,0,0,0,0,89.9429017381717,0,0,0,0,0,0,101.605593487621,0,155.901486485736
0,0,0,0,0,97.3232815600345,0,208.005106191961,0,93.5029580098427,0,193.777661225572,0,0,95.7590805983148,0,0,200.878319874537,177.763106506206,0,0,0,0,101.85207633558,201.44584889478,0,0,0,0,0,0,96.5937438588657,133.218162784108,106.128596538706,0,0,0,0,0,259.055025639447,0
0,0,0,0,0,0,111.435629183184,0,0,136.685314494491,0,0,0,0,0,0,0,173.201474590904,0,0,0,0,209.996727521564,0,0,122.106946855269,173.001559092555,231.050882209,114.649126378906,0,0,0,219.040656038919,193.055010680236,222.053792850439,0,221.805809452716,0,0,188.936291522747,139.792601838991
0,0,0,97.3232815600345,0,0,219.078548227669,142.054529471577,0,146.814226519809,231.715271819474,125.81518738273,0,0,134.566479261133,0,74.5815074003433,0,0,0,0,0,0,0,0,263.534399241887,0,186.348837226466,169.742003380707,212.592150359921,0,0,0,0,0,0,0,161.302948562323,0,0,101.895308036513
0,0,0,0,111.435629183184,219.078548227669,0,0,0,97.5855511246009,0,0,0,108.136066660554,0,0,0,0,300.031143529538,0,155.24952173131,0,0,173.538155409849,0,180.355266595273,0,0,119.728129215699,0,0,0,0,92.5568465385234,0,0,158.567996645797,103.519938150021,0,269.936825670274,0
321.124897279917,0,0,208.005106191961,0,142.054529471577,0,0,128.846764897717,117.208001126138,0,0,0,183.786860782462,0,0,0,0,0,162.833808134102,204.481117647118,335.371040201042,0,0,0,0,0,112.793316814908,206.472608421747,0,193.63278243493,0,0,232.945974238958,131.969743415579,0,0,114.511014214502,161.694997919804,0,0
0,0,0,0,0,0,0,128.846764897717,0,0,153.609372090384,0,0,0,119.345624434514,0,0,0,0,0,0,0,82.4756938751058,0,0,0,98.417953423071,73.4795582048751,171.906398392157,0,0,0,0,181.316358113209,118.522099274347,0,0,80.4367166559625,0,154.070293657878,0
184.249961885477,0,0,93.5029580098427,136.685314494491,146.814226519809,97.5855511246009,117.208001126138,0,0,0,151.695570509541,0,0,104.369974912428,0,0,0,0,249.798812580765,247.66948903751,0,0,284.529238481835,0,78.9559315574845,0,198.964527389285,0,0,0,120.912756812582,0,0,164.032723165762,0,67.8267069095267,0,0,148.808626413748,253.401634605989
0,0,0,0,0,231.715271819474,0,0,153.609372090384,0,0,204.084074037941,276.620869034647,0,0,0,135.294330067913,0,219.430938885781,146.465927798921,0,106.533627130087,0,0,205.09013266389,0,94.9380989123498,0,0,0,0,159.183173818572,0,0,225.013371621378,161.325017232684,211.840482897052,0,0,140.574866691684,188.851177466023
198.528111506785,0,0,193.777661225572,0,125.81518738273,0,0,0,151.695570509541,204.084074037941,0,0,125.416941482916,113.059176128709,220.901129804706,135.667029391615,0,220.963068032256,250.461724766314,0,157.852515740516,0,0,0,180.90030328818,0,0,99.2646516363145,146.770754374523,0,163.059043292369,0,90.7216186966914,89.1590885155172,0,261.605527103798,81.9664354533492,0,0,154.065933476765
0,0,0,0,0,0,0,0,0,0,276.620869034647,0,0,0,0,0,0,0,106.33736463831,0,0,0,0,241.635434294794,0,0,0,0,0,0,0,0,0,0,0,74.7304794244225,217.157696745803,0,0,0,283.248188884028
0,0,0,0,0,0,108.136066660554,183.786860782462,0,0,0,125.416941482916,0,0,0,0,0,0,0,199.492852797962,0,0,62.859596780235,280.376028997576,0,0,0,115.194491798135,116.176698124939,0,0,0,0,320.356811100276,128.405764333981,153.672550905948,172.608400267715,0,241.57250333243,73.1029054543569,0
0,0,0,95.7590805983148,0,134.566479261133,0,0,119.345624434514,104.369974912428,0,113.059176128709,0,0,0,0,0,0,201.100640800745,0,0,0,0,101.443495235174,0,0,0,137.189596148386,0,0,0,0,0,75.4497121078207,0,0,240.185081663983,74.4197823064597,0,0,173.059382066957
0,0,0,0,0,0,0,0,0,0,0,220.901129804706,0,0,0,0,0,137.239127032733,0,0,0,0,195.822649557859,92.5207898118833,85.7623170715703,236.681907140956,255.441154257905,0,0,0,0,0,139.93285932648,82.6299537488922,0,0,138.33942793804,145.74089716123,0,0,0
0,0,0,0,0,74.5815074003433,0,0,0,0,135.294330067913,135.667029391615,0,0,0,0,0,0,0,0,171.230058197369,0,165.893015276821,0,0,0,0,0,0,0,0,0,0,0,259.442917595754,0,214.116367924649,0,224.551207449728,238.934743274142,138.425725342224
0,0,0,200.878319874537,173.201474590904,0,0,0,0,0,0,0,0,0,0,137.239127032733,0,0,0,0,0,0,0,115.114253591495,0,0,154.784755881607,323.781250289068,0,0,218.045528847001,0,0,0,0,0,160.537522273714,71.4788760670054,0,0,0
0,0,0,177.763106506206,0,0,300.031143529538,0,0,0,219.430938885781,220.963068032256,106.33736463831,0,201.100640800745,0,0,0,0,82.1742780037132,0,0,72.2278283150671,0,0,0,309.997227542691,0,0,104.915316975638,0,0,0,0,241.682021696872,0,139.654362654449,0,0,0,0
0,0,0,0,0,0,0,162.833808134102,0,249.798812580765,146.465927798921,250.461724766314,0,199.492852797962,0,0,0,0,82.1742780037132,0,0,0,193.659409924573,0,0,89.3673883748406,213.67670887414,116.054372245433,98.2230592632363,0,0,0,0,190.185165668632,0,167.066576495979,169.453147353278,84.3635741045246,96.7845769653343,192.693757128262,0
0,0,0,0,0,0,155.24952173131,204.481117647118,0,247.66948903751,0,0,0,0,0,0,171.230058197369,0,0,0,0,0,0,0,0,195.378266313867,151.036729364761,94.8881692391942,192.135034768848,0,0,0,0,0,101.5853655613,120.567029282014,226.825099357786,0,125.994729980093,94.7529894315991,0
113.144980278377,0,0,0,0,0,0,335.371040201042,0,0,106.533627130087,157.852515740516,0,0,0,0,0,0,0,0,0,0,0,0,0,0,0,0,196.04190773555,0,0,0,0,205.839960264176,0,228.075434767255,0,0,0,137.177378802006,0
0,0,0,0,209.996727521564,0,0,0,82.4756938751058,0,0,0,0,62.859596780235,0,195.822649557859,165.893015276821,0,72.2278283150671,193.659409924573,0,0,0,0,0,0,0,146.99041817625,98.6790043377568,0,0,0,0,124.698445421759,70.4221432298295,215.611029055736,325.937289045041,0,192.601533877686,93.4234866874731,0
0,175.196329314064,0,101.85207633558,0,0,173.538155409849,0,0,284.529238481835,0,0,241.635434294794,280.376028997576,101.443495235174,92.5207898118833,0,115.114253591495,0,0,0,0,0,0,0,142.385058730083,0,106.926813611922,0,0,100.812745974529,0,0,197.893790332676,62.311273509377,178.748963182352,151.806152521152,338.131802716296,0,321.864157986053,115.541295036174
0,0,0,201.44584889478,0,0,0,0,0,0,205.09013266389,0,0,0,0,85.7623170715703,0,0,0,0,0,0,0,0,0,0,0,197.486504603685,306.344527664232,0,0,0,0,0,314.611698427915,163.945208919892,115.868441404982,0,194.442125915551,0,186.973586461633
0,0,128.530575464043,0,122.106946855269,263.534399241887,180.355266595273,0,0,78.9559315574845,0,180.90030328818,0,0,0,236.681907140956,0,0,0,89.3673883748406,195.378266313867,0,0,142.385058730083,0,0,150.161410108805,0,110.384905066973,108.381749703452,0,252.487290983309,0,196.032358954952,178.224497384947,124.853650664477,160.530221557972,87.8456058929559,0,141.204637091722,0
0,0,357.423078228283,0,173.001559092555,0,0,0,98.417953423071,0,94.9380989123498,0,0,0,0,255.441154257905,0,154.784755881607,309.997227542691,213.67670887414,151.036729364761,0,0,0,0,150.161410108805,0,115.871357769661,195.314816908693,0,0,283.88658203332,0,92.3502314520023,172.892533368851,224.523755099568,223.705816669619,242.790381480436,202.712457066107,0,251.098274723989
151.01089327964,78.8552325762656,0,0,231.050882209,186.348837226466,0,112.793316814908,73.4795582048751,198.964527389285,0,0,0,115.194491798135,137.189596148386,0,0,323.781250289068,0,116.054372245433,94.8881692391942,0,146.99041817625,106.926813611922,197.486504603685,0,115.871357769661,0,178.683678585178,0,303.527509149359,0,99.3508940827211,89.707245288964,151.075371308616,153.876396855887,61.0664810463559,249.905610015455,80.8080171296381,174.013630695256,66.5008477853491
0,0,0,0,114.649126378906,169.742003380707,119.728129215699,206.472608421747,171.906398392157,0,0,99.2646516363145,0,116.176698124939,0,0,0,0,0,98.2230592632363,192.135034768848,196.04190773555,98.6790043377568,0,306.344527664232,110.384905066973,195.314816908693,178.683678585178,0,289.631679007608,0,112.823430872325,0,306.640284138334,94.7280504127031,0,187.77054666536,0,111.226326353722,0,0
0,0,0,0,0,212.592150359921,0,0,0,0,0,146.770754374523,0,0,0,0,0,0,104.915316975638,0,0,0,0,0,0,108.381749703452,0,0,289.631679007608,0,0,0,0,97.3506957544063,347.376449530863,262.382215657622,136.792307586862,191.519780382943,0,0,158.955087279859
0,0,0,0,0,0,0,193.63278243493,0,0,0,0,0,0,0,0,0,218.045528847001,0,0,0,0,0,100.812745974529,0,0,0,303.527509149359,0,0,0,0,0,0,0,0,0,0,0,348.674510760064,58.3493451392805
0,0,89.9429017381717,96.5937438588657,0,0,0,0,0,120.912756812582,159.183173818572,163.059043292369,0,0,0,0,0,0,0,0,0,0,0,0,0,252.487290983309,283.88658203332,0,112.823430872325,0,0,0,0,345.797434674459,0,180.543851962045,0,0,0,227.504408813069,0
0,0,0,133.218162784108,219.040656038919,0,0,0,0,0,0,0,0,0,0,139.93285932648,0,0,0,0,0,0,0,0,0,0,0,99.3508940827211,0,0,0,0,0,0,0,0,0,0,0,133.984214699576,0
0,115.332064605654,0,106.128596538706,193.055010680236,0,92.5568465385234,232.945974238958,181.316358113209,0,0,90.7216186966914,0,320.356811100276,75.4497121078207,82.6299537488922,0,0,0,190.185165668632,0,205.839960264176,124.698445421759,197.893790332676,0,196.032358954952,92.3502314520023,89.707245288964,306.640284138334,97.3506957544063,0,345.797434674459,0,0,76.5072790361762,134.960780198024,82.6426202489162,71.5579325720569,0,206.912707094411,168.241326865882
0,0,0,0,222.053792850439,0,0,131.969743415579,118.522099274347,164.032723165762,225.013371621378,89.1590885155172,0,128.405764333981,0,0,259.442917595754,0,241.682021696872,0,101.5853655613,0,70.4221432298295,62.311273509377,314.611698427915,178.224497384947,172.892533368851,151.075371308616,94.7280504127031,347.376449530863,0,0,0,76.5072790361762,0,261.440278806413,85.6072705949986,94.126460729827,165.597665022977,154.142998692322,143.005810983322
0,0,0,0,0,0,0,0,0,0,161.325017232684,0,74.7304794244225,153.672550905948,0,0,0,0,0,167.066576495979,120.567029282014,228.075434767255,215.611029055736,178.748963182352,163.945208919892,124.853650664477,224.523755099568,153.876396855887,0,262.382215657622,0,180.543851962045,0,134.960780198024,261.440278806413,0,0,205.183249704085,0,353.822894641502,101.350815329073
153.453047983244,161.275817184598,0,0,221.805809452716,0,158.567996645797,0,0,67.8267069095267,211.840482897052,261.605527103798,217.157696745803,172.608400267715,240.185081663983,138.33942793804,214.116367924649,160.537522273714,139.654362654449,169.453147353278,226.825099357786,0,325.937289045041,151.806152521152,115.868441404982,160.530221557972,223.705816669619,61.0664810463559,187.77054666536,136.792307586862,0,0,0,82.6426202489162,85.6072705949986,0,0,109.093416850988,81.2827395071039,161.74915061469,112.349934713559
0,0,0,0,0,161.302948562323,103.519938150021,114.511014214502,80.4367166559625,0,0,81.9664354533492,0,0,74.4197823064597,145.74089716123,0,71.4788760670054,0,84.3635741045246,0,0,0,338.131802716296,0,87.8456058929559,242.790381480436,249.905610015455,0,191.519780382943,0,0,0,71.5579325720569,94.126460729827,205.183249704085,109.093416850988,0,0,329.719143597451,228.792310020318
0,179.718364159796,101.605593487621,0,0,0,0,161.694997919804,0,0,0,0,0,241.57250333243,0,0,224.551207449728,0,0,96.7845769653343,125.994729980093,0,192.601533877686,0,194.442125915551,0,202.712457066107,80.8080171296381,111.226326353722,0,0,0,0,0,165.597665022977,0,81.2827395071039,0,0,333.645516435298,0
0,94.027247878695,0,259.055025639447,188.936291522747,0,269.936825670274,0,154.070293657878,148.808626413748,140.574866691684,0,0,73.1029054543569,0,0,238.934743274142,0,0,192.693757128262,94.7529894315991,137.177378802006,93.4234866874731,321.864157986053,0,141.204637091722,0,174.013630695256,0,0,348.674510760064,227.504408813069,133.984214699576,206.912707094411,154.142998692322,353.822894641502,161.74915061469,329.719143597451,333.645516435298,0,0
0,90.1317194604647,155.901486485736,0,139.792601838991,101.895308036513,0,0,0,253.401634605989,188.851177466023,154.065933476765,283.248188884028,0,173.059382066957,0,138.425725342224,0,0,0,0,0,0,115.541295036174,186.973586461633,0,251.098274723989,66.5008477853491,0,158.955087279859,58.3493451392805,0,0,168.241326865882,143.005810983322,101.350815329073,112.349934713559,228.792310020318,0,0,0
