0,0,0,0,0,0,0,0,0,0,0,157.852515740516,0,0,0,0,151.036729364761,0,0,0,0,0,0,0,0,0,0,276.620869034647,241.635434294794,0,0,0,0,139.792601838991,236.681907140956,0,0,0,0,0,0
0,0,0,0,0,0,0,0,0,0,0,0,0,284.529238481835,0,0,0,0,0,0,0,0,0,0,321.864157986053,0,0,164.032723165762,0,0,0,0,0,0,0,0,119.728129215699,0,151.806152521152,146.465927798921,103.519938150021
0,0,0,0,0,0,70.4221432298295,0,0,0,0,0,0,0,0,0,0,0,0,0,0,0,0,0,0,262.382215657622,0,139.654362654449,0,0,0,0,0,0,108.381749703452,0,0,0,0,0,194.442125915551
0,0,0,0,0,0,0,84.3635741045246,0,128.405764333981,138.33942793804,148.808626413748,0,0,0,0,0,116.176698124939,0,0,0,0,0,0,0,78.9559315574845,283.88658203332,73.1029054543569,153.609372090384,0,0,0,0,150.161410108805,0,0,186.348837226466,186.973586461633,78.8552325762656,0,0
0,0,0,0,0,193.659409924573,219.430938885781,357.423078228283,0,0,0,0,0,0,0,89.1590885155172,0,67.8267069095267,0,0,0,0,0,98.417953423071,190.185165668632,0,198.964527389285,193.055010680236,0,0,0,0,0,201.44584889478,92.3502314520023,0,0,111.435629183184,134.960780198024,0,154.784755881607
0,0,0,0,193.659409924573,0,0,0,0,0,0,0,0,125.81518738273,0,0,0,94.126460729827,62.311273509377,0,0,0,0,163.059043292369,0,140.574866691684,0,179.718364159796,0,71.4788760670054,0,242.790381480436,0,333.645516435298,0,0,241.682021696872,141.204637091722,193.63278243493,323.781250289068,0
0,0,70.4221432298295,0,219.430938885781,0,0,93.5029580098427,0,0,161.325017232684,0,0,0,115.194491798135,0,0,0,0,99.2646516363145,0,0,0,0,0,97.3506957544063,159.183173818572,192.135034768848,0,0,0,0,0,0,0,202.712457066107,146.99041817625,224.523755099568,0,142.054529471577,0
0,0,0,84.3635741045246,357.423078228283,0,93.5029580098427,0,0,0,303.527509149359,0,0,0,0,0,108.136066660554,0,89.707245288964,90.1317194604647,0,0,0,172.608400267715,0,112.349934713559,0,197.486504603685,200.878319874537,195.822649557859,0,0,0,0,321.124897279917,0,115.868441404982,348.674510760064,0,0,154.065933476765
0,0,0,0,0,0,0,0,0,0,0,133.984214699576,92.5207898118833,90.7216186966914,0,75.4497121078207,0,0,0,115.541295036174,0,0,211.840482897052,0,0,97.3232815600345,74.4197823064597,0,0,180.90030328818,0,0,0,0,220.901129804706,0,110.384905066973,0,0,0,0
0,0,0,128.405764333981,0,0,0,0,0,0,0,177.763106506206,0,0,255.441154257905,0,0,95.7590805983148,0,187.77054666536,106.926813611922,0,238.934743274142,0,0,191.519780382943,76.5072790361762,188.851177466023,116.054372245433,0,0,0,192.601533877686,175.196329314064,247.66948903751,160.530221557972,94.027247878695,137.239127032733,228.075434767255,0,0
0,0,0,138.33942793804,0,0,161.325017232684,303.527509149359,0,0,0,165.597665022977,81.2827395071039,0,338.131802716296,109.093416850988,0,0,0,94.7529894315991,0,215.611029055736,0,0,0,0,94.8881692391942,155.24952173131,72.2278283150671,0,0,0,0,195.378266313867,115.871357769661,158.955087279859,219.078548227669,0,0,0,0
157.852515740516,0,0,148.808626413748,0,0,0,0,133.984214699576,177.763106506206,165.597665022977,0,0,188.936291522747,0,0,0,85.6072705949986,112.823430872325,0,0,0,80.4367166559625,101.350815329073,241.57250333243,0,128.530575464043,204.084074037941,250.461724766314,0,0,97.5855511246009,0,101.85207633558,0,161.302948562323,173.538155409849,206.472608421747,249.905610015455,212.592150359921,0
0,0,0,0,0,0,0,0,92.5207898118833,0,81.2827395071039,0,0,0,0,0,0,0,0,0,0,0,0,98.2230592632363,0,82.6426202489162,169.453147353278,0,0,0,0,0,0,0,223.705816669619,0,0,0,0,0,0
0,284.529238481835,0,0,0,125.81518738273,0,0,90.7216186966914,0,0,188.936291522747,0,0,0,0,0,137.177378802006,0,0,158.567996645797,112.793316814908,192.693757128262,89.3673883748406,0,0,0,0,193.777661225572,0,0,0,0,74.5815074003433,196.04190773555,0,135.667029391615,82.6299537488922,0,0,0
0,0,0,0,0,0,115.194491798135,0,0,255.441154257905,338.131802716296,0,0,0,0,0,0,0,0,96.7845769653343,0,0,160.537522273714,0,0,0,0,0,205.183249704085,259.055025639447,0,0,0,0,345.797434674459,183.786860782462,120.912756812582,151.075371308616,0,0,306.640284138334
0,0,0,0,89.1590885155172,0,0,0,75.4497121078207,0,109.093416850988,0,0,0,0,0,0,0,0,0,0,0,0,171.906398392157,0,0,0,0,0,0,113.144980278377,0,0,146.814226519809,0,251.098274723989,66.5008477853491,101.895308036513,135.294330067913,184.249961885477,0
151.036729364761,0,0,0,0,0,0,108.136066660554,0,0,0,0,0,0,0,0,0,0,0,0,0,0,0,104.915316975638,0,138.425725342224,219.040656038919,300.031143529538,0,0,0,0,0,0,0,151.01089327964,181.316358113209,0,136.685314494491,142.385058730083,0
0,0,0,116.176698124939,67.8267069095267,94.126460729827,0,0,0,95.7590805983148,0,85.6072705949986,0,137.177378802006,0,0,0,0,0,0,0,0,0,0,0,0,0,0,0,0,0,0,0,0,0,259.442917595754,0,0,0,85.7623170715703,196.032358954952
0,0,0,0,0,62.311273509377,0,89.707245288964,0,0,0,112.823430872325,0,0,0,0,0,0,0,0,0,204.481117647118,0,0,0,0,195.314816908693,0,58.3493451392805,0,0,0,249.798812580765,0,221.805809452716,89.9429017381717,0,0,280.376028997576,73.4795582048751,74.7304794244225
0,0,0,0,0,0,99.2646516363145,90.1317194604647,115.541295036174,187.77054666536,94.7529894315991,0,0,0,96.7845769653343,0,0,0,0,0,82.1742780037132,0,314.611698427915,0,99.3508940827211,0,80.8080171296381,289.631679007608,125.416941482916,0,0,0,0,205.839960264176,329.719143597451,0,169.742003380707,0,0,71.5579325720569,178.748963182352
0,0,0,0,0,0,0,0,0,106.926813611922,0,0,0,158.567996645797,0,0,0,0,0,82.1742780037132,0,0,0,0,0,178.683678585178,0,0,172.892533368851,0,0,205.09013266389,168.241326865882,209.996727521564,0,0,240.185081663983,101.605593487621,111.226326353722,119.345624434514,87.8456058929559
0,0,0,0,0,0,0,0,0,0,215.611029055736,0,0,112.793316814908,0,0,0,0,204.481117647118,0,0,0,0,0,0,231.715271819474,0,114.649126378906,0,0,0,0,0,178.224497384947,120.567029282014,0,214.116367924649,0,0,0,0
0,0,0,0,0,0,0,0,211.840482897052,238.934743274142,0,80.4367166559625,0,192.693757128262,160.537522273714,0,0,0,0,314.611698427915,0,0,0,0,0,0,0,306.344527664232,136.792307586862,0,0,0,335.371040201042,161.74915061469,226.825099357786,217.157696745803,213.67670887414,231.050882209,0,0,106.533627130087
0,0,0,0,98.417953423071,163.059043292369,0,172.608400267715,0,0,0,101.350815329073,98.2230592632363,89.3673883748406,0,171.906398392157,104.915316975638,0,0,0,0,0,0,0,0,93.4234866874731,269.936825670274,151.695570509541,0,0,173.001559092555,0,222.053792850439,125.994729980093,61.0664810463559,82.4756938751058,208.005106191961,309.997227542691,0,118.522099274347,0
0,321.864157986053,0,0,190.185165668632,0,0,0,0,0,0,241.57250333243,0,0,0,0,0,0,0,99.3508940827211,0,0,0,0,0,0,0,145.74089716123,0,171.230058197369,0,0,0,325.937289045041,174.013630695256,0,347.376449530863,0,0,153.876396855887,0
0,0,262.382215657622,78.9559315574845,0,140.574866691684,97.3506957544063,112.349934713559,97.3232815600345,191.519780382943,0,0,82.6426202489162,0,0,0,138.425725342224,0,0,0,178.683678585178,231.715271819474,0,93.4234866874731,0,0,124.698445421759,227.504408813069,0,0,0,0,0,0,197.893790332676,0,173.059382066957,263.534399241887,154.142998692322,100.812745974529,98.6790043377568
0,0,0,283.88658203332,198.964527389285,0,159.183173818572,0,74.4197823064597,76.5072790361762,94.8881692391942,128.530575464043,169.453147353278,0,0,0,219.040656038919,0,195.314816908693,80.8080171296381,0,0,0,269.936825670274,0,124.698445421759,0,0,0,0,218.045528847001,0,0,180.543851962045,320.356811100276,253.401634605989,117.208001126138,0,0,162.833808134102,92.5568465385234
276.620869034647,164.032723165762,139.654362654449,73.1029054543569,193.055010680236,179.718364159796,192.135034768848,197.486504603685,0,188.851177466023,155.24952173131,204.084074037941,0,0,0,0,300.031143529538,0,0,289.631679007608,0,114.649126378906,306.344527664232,151.695570509541,145.74089716123,227.504408813069,0,0,106.128596538706,353.822894641502,0,153.672550905948,0,161.694997919804,0,283.248188884028,167.066576495979,94.9380989123498,0,153.453047983244,228.792310020318
241.635434294794,0,0,153.609372090384,0,0,0,200.878319874537,0,116.054372245433,72.2278283150671,250.461724766314,0,193.777661225572,205.183249704085,0,0,0,58.3493451392805,125.416941482916,172.892533368851,0,136.792307586862,0,0,0,0,106.128596538706,0,137.189596148386,0,128.846764897717,0,0,143.005810983322,0,201.100640800745,261.440278806413,155.901486485736,114.511014214502,124.853650664477
0,0,0,0,0,71.4788760670054,0,195.822649557859,180.90030328818,0,0,0,0,0,259.055025639447,0,0,0,0,0,0,0,0,0,171.230058197369,0,0,353.822894641502,137.189596148386,0,0,0,0,163.945208919892,0,0,104.369974912428,224.551207449728,0,225.013371621378,0
0,0,0,0,0,0,0,0,0,0,0,0,0,0,0,113.144980278377,0,0,0,0,0,0,0,173.001559092555,0,0,218.045528847001,0,0,0,0,0,0,261.605527103798,0,0,0,0,0,146.770754374523,180.355266595273
0,0,0,0,0,242.790381480436,0,0,0,0,0,97.5855511246009,0,0,0,0,0,0,0,0,205.09013266389,0,0,0,0,0,0,153.672550905948,128.846764897717,0,0,0,0,62.859596780235,154.070293657878,113.059176128709,101.443495235174,0,0,220.963068032256,81.9664354533492
0,0,0,0,0,0,0,0,0,192.601533877686,0,0,0,0,0,0,0,0,249.798812580765,0,168.241326865882,0,335.371040201042,222.053792850439,0,0,0,0,0,0,0,0,0,0,0,0,0,0,0,0,0
139.792601838991,0,0,150.161410108805,201.44584889478,333.645516435298,0,0,0,175.196329314064,195.378266313867,101.85207633558,0,74.5815074003433,0,146.814226519809,0,0,0,205.839960264176,209.996727521564,178.224497384947,161.74915061469,125.994729980093,325.937289045041,0,180.543851962045,161.694997919804,0,163.945208919892,261.605527103798,62.859596780235,0,0,96.5937438588657,131.969743415579,94.7280504127031,122.106946855269,0,101.5853655613,139.93285932648
236.681907140956,0,108.381749703452,0,92.3502314520023,0,0,321.124897279917,220.901129804706,247.66948903751,115.871357769661,0,223.705816669619,196.04190773555,345.797434674459,0,0,0,221.805809452716,329.719143597451,0,120.567029282014,226.825099357786,61.0664810463559,174.013630695256,197.893790332676,320.356811100276,0,143.005810983322,0,0,154.070293657878,0,96.5937438588657,0,198.528111506785,165.893015276821,0,161.275817184598,106.33736463831,0
0,0,0,0,0,0,202.712457066107,0,0,160.530221557972,158.955087279859,161.302948562323,0,0,183.786860782462,251.098274723989,151.01089327964,259.442917595754,89.9429017381717,0,0,0,217.157696745803,82.4756938751058,0,0,253.401634605989,283.248188884028,0,0,0,113.059176128709,0,131.969743415579,198.528111506785,0,115.332064605654,0,133.218162784108,173.201474590904,0
0,119.728129215699,0,186.348837226466,0,241.682021696872,146.99041817625,115.868441404982,110.384905066973,94.027247878695,219.078548227669,173.538155409849,0,135.667029391615,120.912756812582,66.5008477853491,181.316358113209,0,0,169.742003380707,240.185081663983,214.116367924649,213.67670887414,208.005106191961,347.376449530863,173.059382066957,117.208001126138,167.066576495979,201.100640800745,104.369974912428,0,101.443495235174,0,94.7280504127031,165.893015276821,115.332064605654,0,0,0,206.912707094411,199.492852797962
0,0,0,186.973586461633,111.435629183184,141.204637091722,224.523755099568,348.674510760064,0,137.239127032733,0,206.472608421747,0,82.6299537488922,151.075371308616,101.895308036513,0,0,0,0,101.605593487621,0,231.050882209,309.997227542691,0,263.534399241887,0,94.9380989123498,261.440278806413,224.551207449728,0,0,0,122.106946855269,0,0,0,0,0,134.566479261133,232.945974238958
0,151.806152521152,0,78.8552325762656,134.960780198024,193.63278243493,0,0,0,228.075434767255,0,249.905610015455,0,0,0,135.294330067913,136.685314494491,0,280.376028997576,0,111.226326353722,0,0,0,0,154.142998692322,0,0,155.901486485736,0,0,0,0,0,161.275817184598,133.218162784108,0,0,0,0,115.114253591495
0,146.465927798921,0,0,0,323.781250289068,142.054529471577,0,0,0,0,212.592150359921,0,0,0,184.249961885477,142.385058730083,85.7623170715703,73.4795582048751,71.5579325720569,119.345624434514,0,0,118.522099274347,153.876396855887,100.812745974529,162.833808134102,153.453047983244,114.511014214502,225.013371621378,146.770754374523,220.963068032256,0,101.5853655613,106.33736463831,173.201474590904,206.912707094411,134.566479261133,0,0,252.487290983309
0,103.519938150021,194.442125915551,0,154.784755881607,0,0,154.065933476765,0,0,0,0,0,0,306.640284138334,0,0,196.032358954952,74.7304794244225,178.748963182352,87.8456058929559,0,106.533627130087,0,0,98.6790043377568,92.5568465385234,228.792310020318,124.853650664477,0,180.355266595273,81.9664354533492,0,139.93285932648,0,0,199.492852797962,232.945974238958,115.114253591495,252.487290983309,0
