0,321.864157986053,0,0,0,0,0,0,0,0,0,0,0,0,0,0,0,194.442125915551,0,0,0,0,0,0,0,0,0,0,111.226326353722,0,0,0,0,94.7280504127031,137.239127032733,0,0,202.712457066107,0,0,0
321.864157986053,0,0,0,0,0,0,0,0,73.1029054543569,0,0,0,0,0,0,247.66948903751,0,314.611698427915,92.3502314520023,0,0,0,320.356811100276,0,0,0,0,0,0,0,0,0,0,0,0,0,0,0,0,106.128596538706
0,0,0,125.416941482916,0,0,0,0,0,0,0,0,0,0,0,0,0,0,0,0,0,0,0,0,0,0,0,0,0,0,0,0,0,0,252.487290983309,110.384905066973,96.5937438588657,0,0,191.519780382943,0
0,0,125.416941482916,0,0,0,0,0,0,161.302948562323,0,198.964527389285,0,161.74915061469,73.4795582048751,0,0,0,209.996727521564,178.748963182352,0,0,0,0,0,0,0,0,0,0,0,0,0,74.4197823064597,353.822894641502,116.054372245433,108.381749703452,112.349934713559,0,0,154.784755881607
0,0,0,0,0,0,259.442917595754,0,0,0,0,0,0,0,106.926813611922,125.994729980093,0,196.032358954952,0,112.793316814908,0,289.631679007608,0,0,142.385058730083,0,113.144980278377,101.895308036513,0,0,0,0,0,74.7304794244225,232.945974238958,0,140.574866691684,81.9664354533492,0,338.131802716296,0
0,0,0,0,0,0,0,223.705816669619,0,0,146.99041817625,0,0,206.912707094411,58.3493451392805,0,0,0,0,0,0,0,0,228.792310020318,0,90.7216186966914,137.189596148386,89.707245288964,108.136066660554,0,0,0,0,0,255.441154257905,212.592150359921,306.344527664232,0,251.098274723989,0,261.605527103798
0,0,0,0,259.442917595754,0,0,98.6790043377568,0,101.85207633558,0,104.369974912428,0,0,0,335.371040201042,128.846764897717,134.960780198024,0,115.114253591495,0,0,0,161.694997919804,0,62.311273509377,98.2230592632363,0,0,0,0,0,0,0,98.417953423071,0,136.685314494491,0,0,0,0
0,0,0,0,0,223.705816669619,98.6790043377568,0,0,0,0,82.6426202489162,154.070293657878,171.906398392157,0,89.3673883748406,0,0,236.681907140956,125.81518738273,0,0,0,94.8881692391942,0,192.135034768848,174.013630695256,0,0,94.9380989123498,0,0,0,0,0,0,241.57250333243,111.435629183184,138.33942793804,197.486504603685,0
0,0,0,0,0,0,0,0,0,0,0,0,0,0,0,0,0,0,0,0,241.635434294794,146.465927798921,71.5579325720569,0,97.3506957544063,0,228.075434767255,135.667029391615,0,0,0,0,0,70.4221432298295,0,0,219.430938885781,71.4788760670054,0,106.33736463831,173.059382066957
0,73.1029054543569,0,161.302948562323,0,0,101.85207633558,0,0,0,0,215.611029055736,165.597665022977,162.833808134102,0,0,116.176698124939,0,0,178.224497384947,173.538155409849,0,0,0,0,196.04190773555,180.90030328818,347.376449530863,186.348837226466,82.6299537488922,0,0,0,0,0,0,139.93285932648,192.693757128262,0,224.551207449728,206.472608421747
0,0,0,0,0,146.99041817625,0,0,0,0,0,143.005810983322,0,0,0,0,0,0,0,345.797434674459,0,0,106.533627130087,309.997227542691,94.027247878695,205.09013266389,250.461724766314,124.853650664477,117.208001126138,0,0,0,0,153.453047983244,146.814226519809,0,72.2278283150671,97.3232815600345,0,214.116367924649,151.695570509541
0,0,0,198.964527389285,0,0,104.369974912428,82.6426202489162,0,215.611029055736,143.005810983322,0,0,137.177378802006,211.840482897052,0,195.314816908693,0,0,0,165.893015276821,333.645516435298,0,0,99.2646516363145,197.893790332676,0,186.973586461633,193.63278243493,0,155.24952173131,0,0,133.984214699576,321.124897279917,141.204637091722,89.1590885155172,0,0,357.423078228283,238.934743274142
0,0,0,0,0,0,0,154.070293657878,0,165.597665022977,0,0,0,0,0,0,0,0,0,0,0,0,0,0,0,0,158.567996645797,323.781250289068,0,0,0,0,0,0,0,0,348.674510760064,0,0,92.5568465385234,0
0,0,0,161.74915061469,0,206.912707094411,0,171.906398392157,0,162.833808134102,0,137.177378802006,0,0,0,0,0,0,0,173.001559092555,0,0,0,0,205.839960264176,0,0,180.543851962045,0,0,0,249.798812580765,0,0,0,103.519938150021,300.031143529538,82.4756938751058,0,164.032723165762,145.74089716123
0,0,0,73.4795582048751,106.926813611922,58.3493451392805,0,0,0,0,0,211.840482897052,0,0,0,0,0,97.5855511246009,0,0,0,0,0,231.715271819474,0,0,173.201474590904,0,0,169.453147353278,195.378266313867,0,0,172.608400267715,0,0,219.078548227669,0,0,198.528111506785,0
0,0,0,0,125.994729980093,0,335.371040201042,89.3673883748406,0,0,0,0,0,0,0,0,0,95.7590805983148,0,0,0,0,0,0,175.196329314064,101.5853655613,0,115.541295036174,0,0,0,0,0,262.382215657622,325.937289045041,219.040656038919,329.719143597451,0,0,0,0
0,247.66948903751,0,0,0,0,128.846764897717,0,0,116.176698124939,0,195.314816908693,0,0,0,0,0,0,0,0,0,0,0,151.01089327964,0,0,0,160.537522273714,153.876396855887,112.823430872325,0,0,0,135.294330067913,177.763106506206,0,0,0,0,0,0
194.442125915551,0,0,0,196.032358954952,0,134.960780198024,0,0,0,0,0,0,0,97.5855511246009,95.7590805983148,0,0,0,0,0,0,0,0,0,101.605593487621,201.100640800745,66.5008477853491,0,0,0,0,0,0,114.511014214502,0,0,0,0,0,0
0,314.611698427915,0,209.996727521564,0,0,0,236.681907140956,0,0,0,0,0,0,0,0,0,0,0,0,200.878319874537,0,0,0,0,114.649126378906,0,0,0,0,0,0,0,153.672550905948,62.859596780235,78.8552325762656,78.9559315574845,159.183173818572,0,171.230058197369,195.822649557859
0,92.3502314520023,0,178.748963182352,112.793316814908,0,115.114253591495,125.81518738273,0,178.224497384947,345.797434674459,0,0,173.001559092555,0,0,0,0,0,0,259.055025639447,184.249961885477,128.530575464043,169.742003380707,0,0,0,208.005106191961,101.350815329073,0,0,0,0,136.792307586862,0,94.126460729827,0,0,0,0,204.084074037941
0,0,0,0,0,0,0,0,241.635434294794,173.538155409849,0,165.893015276821,0,0,0,0,0,0,200.878319874537,259.055025639447,0,0,113.059176128709,227.504408813069,0,0,0,92.5207898118833,192.601533877686,0,193.055010680236,0,0,218.045528847001,0,131.969743415579,0,0,224.523755099568,0,0
0,0,0,0,289.631679007608,0,0,0,146.465927798921,0,0,333.645516435298,0,0,0,0,0,0,0,184.249961885477,0,0,0,0,0,0,0,0,0,0,0,0,0,263.534399241887,133.218162784108,0,154.142998692322,0,148.808626413748,0,0
0,0,0,0,0,0,0,0,71.5579325720569,0,106.533627130087,0,0,0,0,0,0,0,0,128.530575464043,113.059176128709,0,0,134.566479261133,81.2827395071039,0,0,187.77054666536,0,0,0,163.059043292369,172.892533368851,0,0,276.620869034647,261.440278806413,160.530221557972,82.1742780037132,89.9429017381717,100.812745974529
0,320.356811100276,0,0,0,228.792310020318,161.694997919804,94.8881692391942,0,0,309.997227542691,0,0,0,231.715271819474,0,151.01089327964,0,0,169.742003380707,227.504408813069,0,134.566479261133,0,0,0,84.3635741045246,115.868441404982,128.405764333981,0,0,0,0,220.963068032256,154.065933476765,0,76.5072790361762,161.325017232684,0,193.777661225572,80.8080171296381
0,0,0,0,142.385058730083,0,0,0,97.3506957544063,0,94.027247878695,99.2646516363145,0,205.839960264176,0,175.196329314064,0,0,0,0,0,0,81.2827395071039,0,0,0,283.248188884028,0,0,0,0,0,0,0,0,0,0,115.871357769661,0,220.901129804706,0
0,0,0,0,0,90.7216186966914,62.311273509377,192.135034768848,0,196.04190773555,205.09013266389,197.893790332676,0,0,0,101.5853655613,0,101.605593487621,114.649126378906,0,0,0,0,0,0,0,221.805809452716,280.376028997576,0,0,115.194491798135,139.654362654449,151.806152521152,253.401634605989,222.053792850439,0,157.852515740516,0,99.3508940827211,204.481117647118,120.567029282014
0,0,0,0,113.144980278377,137.189596148386,98.2230592632363,174.013630695256,228.075434767255,180.90030328818,250.461724766314,0,158.567996645797,0,173.201474590904,0,0,201.100640800745,0,0,0,0,0,84.3635741045246,283.248188884028,221.805809452716,0,0,0,188.936291522747,0,0,0,151.036729364761,226.825099357786,0,151.075371308616,0,87.8456058929559,283.88658203332,119.345624434514
0,0,0,0,101.895308036513,89.707245288964,0,0,135.667029391615,347.376449530863,124.853650664477,186.973586461633,323.781250289068,180.543851962045,0,115.541295036174,160.537522273714,66.5008477853491,0,208.005106191961,92.5207898118833,0,187.77054666536,115.868441404982,0,280.376028997576,0,0,188.851177466023,150.161410108805,0,303.527509149359,0,178.683678585178,217.157696745803,61.0664810463559,213.67670887414,284.529238481835,93.4234866874731,94.7529894315991,153.609372090384
111.226326353722,0,0,0,0,108.136066660554,0,0,0,186.348837226466,117.208001126138,193.63278243493,0,0,0,0,153.876396855887,0,0,101.350815329073,192.601533877686,0,0,128.405764333981,0,0,0,188.851177466023,0,139.792601838991,168.241326865882,67.8267069095267,231.050882209,161.275817184598,199.492852797962,155.901486485736,115.332064605654,0,109.093416850988,193.659409924573,249.905610015455
0,0,0,0,0,0,0,94.9380989123498,0,82.6299537488922,0,0,0,0,169.453147353278,0,112.823430872325,0,0,0,0,0,0,0,0,0,188.936291522747,150.161410108805,139.792601838991,0,0,0,0,0,74.5815074003433,75.4497121078207,190.185165668632,142.054529471577,0,0,0
0,0,0,0,0,0,0,0,0,0,0,155.24952173131,0,0,195.378266313867,0,0,0,0,0,193.055010680236,0,0,0,0,115.194491798135,0,0,168.241326865882,0,0,0,0,80.4367166559625,0,0,0,0,0,0,0
0,0,0,0,0,0,0,0,0,0,0,0,0,249.798812580765,0,0,0,0,0,0,0,0,163.059043292369,0,0,139.654362654449,0,303.527509149359,67.8267069095267,0,0,0,0,96.7845769653343,167.066576495979,241.682021696872,0,163.945208919892,205.183249704085,85.7623170715703,0
0,0,0,0,0,0,0,0,0,0,0,0,0,0,0,0,0,0,0,0,0,0,172.892533368851,0,0,151.806152521152,0,0,231.050882209,0,0,0,0,0,0,0,181.316358113209,0,0,124.698445421759,0
94.7280504127031,0,0,74.4197823064597,74.7304794244225,0,0,0,70.4221432298295,0,153.453047983244,133.984214699576,0,0,172.608400267715,262.382215657622,135.294330067913,0,153.672550905948,136.792307586862,218.045528847001,263.534399241887,0,220.963068032256,0,253.401634605989,151.036729364761,178.683678585178,161.275817184598,0,80.4367166559625,96.7845769653343,0,0,118.522099274347,101.443495235174,183.786860782462,122.106946855269,242.790381480436,306.640284138334,0
137.239127032733,0,252.487290983309,353.822894641502,232.945974238958,255.441154257905,98.417953423071,0,0,0,146.814226519809,321.124897279917,0,0,0,325.937289045041,177.763106506206,114.511014214502,62.859596780235,0,0,133.218162784108,0,154.065933476765,0,222.053792850439,226.825099357786,217.157696745803,199.492852797962,74.5815074003433,0,167.066576495979,0,118.522099274347,0,201.44584889478,0,269.936825670274,225.013371621378,0,180.355266595273
0,0,110.384905066973,116.054372245433,0,212.592150359921,0,0,0,0,0,141.204637091722,0,103.519938150021,0,219.040656038919,0,0,78.8552325762656,94.126460729827,131.969743415579,0,276.620869034647,0,0,0,0,61.0664810463559,155.901486485736,75.4497121078207,0,241.682021696872,0,101.443495235174,201.44584889478,0,120.912756812582,0,240.185081663983,90.1317194604647,0
0,0,96.5937438588657,108.381749703452,140.574866691684,306.344527664232,136.685314494491,241.57250333243,219.430938885781,139.93285932648,72.2278283150671,89.1590885155172,348.674510760064,300.031143529538,219.078548227669,329.719143597451,0,0,78.9559315574845,0,0,154.142998692322,261.440278806413,76.5072790361762,0,157.852515740516,151.075371308616,213.67670887414,115.332064605654,190.185165668632,0,0,181.316358113209,183.786860782462,0,120.912756812582,0,146.770754374523,93.5029580098427,104.915316975638,85.6072705949986
202.712457066107,0,0,112.349934713559,81.9664354533492,0,0,111.435629183184,71.4788760670054,192.693757128262,97.3232815600345,0,0,82.4756938751058,0,0,0,0,159.183173818572,0,0,0,160.530221557972,161.325017232684,115.871357769661,0,0,284.529238481835,0,142.054529471577,0,163.945208919892,0,122.106946855269,269.936825670274,0,146.770754374523,0,0,138.425725342224,158.955087279859
0,0,0,0,0,251.098274723989,0,138.33942793804,0,0,0,0,0,0,0,0,0,0,0,0,224.523755099568,148.808626413748,82.1742780037132,0,0,99.3508940827211,87.8456058929559,93.4234866874731,109.093416850988,0,0,205.183249704085,0,242.790381480436,225.013371621378,240.185081663983,93.5029580098427,0,0,0,179.718364159796
0,0,191.519780382943,0,338.131802716296,0,0,197.486504603685,106.33736463831,224.551207449728,214.116367924649,357.423078228283,92.5568465385234,164.032723165762,198.528111506785,0,0,0,171.230058197369,0,0,0,89.9429017381717,193.777661225572,220.901129804706,204.481117647118,283.88658203332,94.7529894315991,193.659409924573,0,0,85.7623170715703,124.698445421759,306.640284138334,0,90.1317194604647,104.915316975638,138.425725342224,0,0,119.728129215699
0,106.128596538706,0,154.784755881607,0,261.605527103798,0,0,173.059382066957,206.472608421747,151.695570509541,238.934743274142,0,145.74089716123,0,0,0,0,195.822649557859,204.084074037941,0,0,100.812745974529,80.8080171296381,0,120.567029282014,119.345624434514,153.609372090384,249.905610015455,0,0,0,0,0,180.355266595273,0,85.6072705949986,158.955087279859,179.718364159796,119.728129215699,0
