0,0,0,0,284.529238481835,0,0,0,0,0,0,0,0,0,0,0,0,89.1590885155172,0,0,0,0,0,115.332064605654,0,0,0,0,87.8456058929559,0,0,0,250.461724766314,0,0,0,215.611029055736,0,0,0,0
0,0,101.85207633558,0,0,0,0,106.33736463831,0,0,0,0,0,0,0,0,0,0,0,0,70.4221432298295,0,0,0,0,0,92.5207898118833,0,0,0,0,0,0,0,217.157696745803,76.5072790361762,219.040656038919,0,0,0,0
0,101.85207633558,0,97.5855511246009,0,0,0,0,0,0,0,124.698445421759,0,0,0,0,0,0,0,0,0,0,0,0,0,193.055010680236,0,146.814226519809,0,0,0,0,0,0,0,0,0,0,0,0,0
0,0,97.5855511246009,0,0,0,0,219.078548227669,0,0,175.196329314064,0,0,113.144980278377,0,136.685314494491,0,0,0,0,0,0,93.4234866874731,98.6790043377568,0,0,0,0,67.8267069095267,0,186.973586461633,0,0,71.4788760670054,125.81518738273,0,247.66948903751,0,0,0,236.681907140956
284.529238481835,0,0,0,0,187.77054666536,0,0,0,136.792307586862,178.748963182352,137.239127032733,0,0,0,120.912756812582,0,0,0,0,0,226.825099357786,0,0,0,58.3493451392805,100.812745974529,85.6072705949986,0,0,0,97.3232815600345,0,0,201.44584889478,0,252.487290983309,163.945208919892,0,0,0
0,0,0,0,187.77054666536,0,0,306.344527664232,0,117.208001126138,0,183.786860782462,0,0,0,0,169.453147353278,0,0,0,0,0,0,0,0,114.511014214502,180.90030328818,353.822894641502,74.5815074003433,0,0,0,0,276.620869034647,116.176698124939,221.805809452716,115.541295036174,0,0,133.984214699576,0
0,0,0,0,0,0,0,125.416941482916,197.486504603685,0,0,0,174.013630695256,348.674510760064,0,0,0,218.045528847001,0,90.7216186966914,0,0,0,0,0,0,0,125.994729980093,0,139.93285932648,347.376449530863,0,0,108.136066660554,0,0,0,212.592150359921,78.8552325762656,180.355266595273,0
0,106.33736463831,0,219.078548227669,0,306.344527664232,125.416941482916,0,0,0,0,0,0,0,172.892533368851,0,0,0,0,104.915316975638,0,0,164.032723165762,0,0,191.519780382943,0,0,238.934743274142,0,106.533627130087,0,0,199.492852797962,283.88658203332,0,283.248188884028,0,173.001559092555,72.2278283150671,222.053792850439
0,0,0,0,0,0,197.486504603685,0,0,0,0,0,0,0,249.798812580765,142.385058730083,0,0,0,201.100640800745,0,0,0,0,0,0,74.4197823064597,115.114253591495,108.381749703452,0,0,0,0,0,241.635434294794,0,0,161.302948562323,141.204637091722,0,162.833808134102
0,0,0,0,136.792307586862,117.208001126138,0,0,0,0,202.712457066107,0,165.893015276821,169.742003380707,0,0,329.719143597451,0,0,205.839960264176,160.537522273714,0,193.63278243493,0,300.031143529538,138.33942793804,259.055025639447,128.846764897717,0,0,195.822649557859,0,0,225.013371621378,0,251.098274723989,94.126460729827,262.382215657622,0,0,0
0,0,0,175.196329314064,178.748963182352,0,0,0,0,202.712457066107,0,74.7304794244225,0,0,0,0,0,0,0,0,0,0,116.054372245433,261.440278806413,320.356811100276,0,204.481117647118,200.878319874537,206.912707094411,0,0,0,0,73.4795582048751,92.5568465385234,196.032358954952,231.715271819474,0,0,261.605527103798,188.936291522747
0,0,124.698445421759,0,137.239127032733,183.786860782462,0,0,0,0,74.7304794244225,0,0,0,0,0,198.528111506785,241.682021696872,155.24952173131,0,0,0,0,193.659409924573,173.538155409849,0,112.823430872325,219.430938885781,112.349934713559,223.705816669619,0,0,0,82.4756938751058,153.672550905948,134.566479261133,184.249961885477,94.027247878695,154.784755881607,158.567996645797,159.183173818572
0,0,0,0,0,0,174.013630695256,0,0,165.893015276821,0,0,0,0,0,0,0,0,0,0,0,0,0,0,0,325.937289045041,0,0,0,0,0,0,0,80.4367166559625,93.5029580098427,0,0,0,0,99.2646516363145,0
0,0,0,113.144980278377,0,0,348.674510760064,0,0,169.742003380707,0,0,0,0,0,101.5853655613,178.683678585178,0,109.093416850988,194.442125915551,0,0,0,0,0,82.6426202489162,0,0,115.871357769661,231.050882209,0,171.230058197369,0,0,146.770754374523,0,0,241.57250333243,0,139.792601838991,0
0,0,0,0,0,0,0,172.892533368851,249.798812580765,0,0,0,0,0,0,0,0,0,163.059043292369,137.177378802006,143.005810983322,0,0,122.106946855269,0,0,0,139.654362654449,0,0,0,303.527509149359,0,89.707245288964,0,0,192.601533877686,0,0,85.7623170715703,242.790381480436
0,0,0,136.685314494491,120.912756812582,0,0,0,142.385058730083,0,0,0,0,101.5853655613,0,0,0,0,0,289.631679007608,0,0,0,0,0,0,0,179.718364159796,0,0,0,66.5008477853491,0,0,0,197.893790332676,192.693757128262,140.574866691684,0,134.960780198024,0
0,0,0,0,0,169.453147353278,0,0,0,329.719143597451,0,198.528111506785,0,178.683678585178,0,0,0,0,0,161.74915061469,0,0,0,112.793316814908,0,0,0,0,118.522099274347,0,98.2230592632363,0,0,269.936825670274,0,0,0,0,0,0,94.9380989123498
89.1590885155172,0,0,0,0,0,218.045528847001,0,0,0,0,241.682021696872,0,0,0,0,0,0,0,0,0,0,0,213.67670887414,0,249.905610015455,0,0,0,0,0,0,0,0,0,128.530575464043,160.530221557972,227.504408813069,0,0,101.895308036513
0,0,0,0,0,0,0,0,0,0,0,155.24952173131,0,109.093416850988,163.059043292369,0,0,0,0,0,228.792310020318,0,0,0,0,0,128.405764333981,0,0,0,0,0,0,155.901486485736,114.649126378906,165.597665022977,151.806152521152,0,321.124897279917,161.694997919804,92.3502314520023
0,0,0,0,0,0,90.7216186966914,104.915316975638,201.100640800745,205.839960264176,0,0,0,194.442125915551,137.177378802006,289.631679007608,161.74915061469,0,0,0,101.443495235174,0,0,161.275817184598,0,0,94.7280504127031,167.066576495979,0,0,0,0,154.142998692322,0,0,0,195.314816908693,224.523755099568,181.316358113209,153.609372090384,0
0,70.4221432298295,0,0,0,0,0,0,0,160.537522273714,0,0,0,0,143.005810983322,0,0,0,228.792310020318,101.443495235174,0,0,0,98.417953423071,0,96.7845769653343,0,111.435629183184,0,0,0,0,0,138.425725342224,94.8881692391942,97.3506957544063,255.441154257905,306.640284138334,0,0,0
0,0,0,0,226.825099357786,0,0,0,0,0,0,0,0,0,0,0,0,0,0,0,0,0,154.070293657878,0,0,0,0,173.059382066957,0,89.3673883748406,0,0,0,0,178.224497384947,62.859596780235,0,0,62.311273509377,0,119.728129215699
0,0,0,93.4234866874731,0,0,0,164.032723165762,0,193.63278243493,116.054372245433,0,0,0,0,0,0,0,0,0,0,154.070293657878,0,232.945974238958,0,94.7529894315991,263.534399241887,150.161410108805,172.608400267715,0,0,205.09013266389,0,119.345624434514,101.350815329073,0,153.453047983244,168.241326865882,0,0,0
115.332064605654,0,0,98.6790043377568,0,0,0,0,0,0,261.440278806413,193.659409924573,0,0,122.106946855269,0,112.793316814908,213.67670887414,0,161.275817184598,98.417953423071,0,232.945974238958,0,0,148.808626413748,135.667029391615,151.075371308616,157.852515740516,0,0,96.5937438588657,0,204.084074037941,0,151.036729364761,338.131802716296,0,0,193.777661225572,0
0,0,0,0,0,0,0,0,0,300.031143529538,320.356811100276,173.538155409849,0,0,0,0,0,0,0,0,0,0,0,0,0,0,0,71.5579325720569,0,0,0,0,0,0,214.116367924649,206.472608421747,171.906398392157,0,115.868441404982,190.185165668632,75.4497121078207
0,0,193.055010680236,0,58.3493451392805,114.511014214502,0,191.519780382943,0,138.33942793804,0,0,325.937289045041,82.6426202489162,0,0,0,249.905610015455,0,0,96.7845769653343,0,94.7529894315991,148.808626413748,0,0,0,82.6299537488922,309.997227542691,0,0,0,196.04190773555,106.128596538706,0,186.348837226466,314.611698427915,80.8080171296381,0,173.201474590904,188.851177466023
0,92.5207898118833,0,0,100.812745974529,180.90030328818,0,0,74.4197823064597,259.055025639447,204.481117647118,112.823430872325,0,0,0,0,0,0,128.405764333981,94.7280504127031,0,0,263.534399241887,135.667029391615,0,0,0,158.955087279859,133.218162784108,0,0,61.0664810463559,0,321.864157986053,111.226326353722,89.9429017381717,0,146.465927798921,0,82.1742780037132,345.797434674459
0,0,146.814226519809,0,85.6072705949986,353.822894641502,125.994729980093,0,115.114253591495,128.846764897717,200.878319874537,219.430938885781,0,0,139.654362654449,179.718364159796,0,0,0,167.066576495979,111.435629183184,173.059382066957,150.161410108805,151.075371308616,71.5579325720569,82.6299537488922,158.955087279859,0,192.135034768848,0,0,333.645516435298,0,220.901129804706,195.378266313867,0,228.075434767255,335.371040201042,224.551207449728,78.9559315574845,208.005106191961
87.8456058929559,0,0,67.8267069095267,0,74.5815074003433,0,238.934743274142,108.381749703452,0,206.912707094411,112.349934713559,0,115.871357769661,0,0,118.522099274347,0,0,0,0,0,172.608400267715,157.852515740516,0,309.997227542691,133.218162784108,192.135034768848,0,0,0,0,0,110.384905066973,209.996727521564,323.781250289068,259.442917595754,81.9664354533492,0,81.2827395071039,280.376028997576
0,0,0,0,0,0,139.93285932648,0,0,0,0,223.705816669619,0,231.050882209,0,0,0,0,0,0,0,89.3673883748406,0,0,0,0,0,0,0,0,0,0,154.065933476765,124.853650664477,95.7590805983148,0,205.183249704085,120.567029282014,0,198.964527389285,240.185081663983
0,0,0,186.973586461633,0,0,347.376449530863,106.533627130087,0,195.822649557859,0,0,0,0,0,0,98.2230592632363,0,0,0,0,0,0,0,0,0,0,0,0,0,0,0,0,0,0,0,253.401634605989,0,0,0,0
0,0,0,0,97.3232815600345,0,0,0,0,0,0,0,0,171.230058197369,303.527509149359,66.5008477853491,0,0,0,0,0,0,205.09013266389,96.5937438588657,0,0,61.0664810463559,333.645516435298,0,0,0,0,0,137.189596148386,0,0,0,0,115.194491798135,0,153.876396855887
250.461724766314,0,0,0,0,0,0,0,0,0,0,0,0,0,0,0,0,0,0,154.142998692322,0,0,0,0,0,196.04190773555,0,0,0,154.065933476765,0,0,0,0,0,0,101.605593487621,0,0,0,0
0,0,0,71.4788760670054,0,276.620869034647,108.136066660554,199.492852797962,0,225.013371621378,73.4795582048751,82.4756938751058,80.4367166559625,0,89.707245288964,0,269.936825670274,0,155.901486485736,0,138.425725342224,0,119.345624434514,204.084074037941,0,106.128596538706,321.864157986053,220.901129804706,110.384905066973,124.853650664477,0,137.189596148386,0,0,145.74089716123,0,177.763106506206,73.1029054543569,103.519938150021,104.369974912428,131.969743415579
0,217.157696745803,0,125.81518738273,201.44584889478,116.176698124939,0,283.88658203332,241.635434294794,0,92.5568465385234,153.672550905948,93.5029580098427,146.770754374523,0,0,0,0,114.649126378906,0,94.8881692391942,178.224497384947,101.350815329073,0,214.116367924649,0,111.226326353722,195.378266313867,209.996727521564,95.7590805983148,0,0,0,145.74089716123,0,161.325017232684,220.963068032256,106.926813611922,84.3635741045246,211.840482897052,0
0,76.5072790361762,0,0,0,221.805809452716,0,0,0,251.098274723989,196.032358954952,134.566479261133,0,0,0,197.893790332676,0,128.530575464043,165.597665022977,0,97.3506957544063,62.859596780235,0,151.036729364761,206.472608421747,186.348837226466,89.9429017381717,0,323.781250289068,0,0,0,0,0,161.325017232684,0,90.1317194604647,0,0,180.543851962045,151.01089327964
215.611029055736,219.040656038919,0,247.66948903751,252.487290983309,115.541295036174,0,283.248188884028,0,94.126460729827,231.715271819474,184.249961885477,0,0,192.601533877686,192.693757128262,0,160.530221557972,151.806152521152,195.314816908693,255.441154257905,0,153.453047983244,338.131802716296,171.906398392157,314.611698427915,0,228.075434767255,259.442917595754,205.183249704085,253.401634605989,0,101.605593487621,177.763106506206,220.963068032256,90.1317194604647,0,151.695570509541,99.3508940827211,357.423078228283,0
0,0,0,0,163.945208919892,0,212.592150359921,0,161.302948562323,262.382215657622,0,94.027247878695,0,241.57250333243,0,140.574866691684,0,227.504408813069,0,224.523755099568,306.640284138334,0,168.241326865882,0,0,80.8080171296381,146.465927798921,335.371040201042,81.9664354533492,120.567029282014,0,0,0,73.1029054543569,106.926813611922,0,151.695570509541,0,0,135.294330067913,0
0,0,0,0,0,0,78.8552325762656,173.001559092555,141.204637091722,0,0,154.784755881607,0,0,0,0,0,0,321.124897279917,181.316358113209,0,62.311273509377,0,0,115.868441404982,0,0,224.551207449728,0,0,0,115.194491798135,0,103.519938150021,84.3635741045246,0,99.3508940827211,0,0,146.99041817625,142.054529471577
0,0,0,0,0,133.984214699576,180.355266595273,72.2278283150671,0,0,261.605527103798,158.567996645797,99.2646516363145,139.792601838991,85.7623170715703,134.960780198024,0,0,161.694997919804,153.609372090384,0,0,0,193.777661225572,190.185165668632,173.201474590904,82.1742780037132,78.9559315574845,81.2827395071039,198.964527389285,0,0,0,104.369974912428,211.840482897052,180.543851962045,357.423078228283,135.294330067913,146.99041817625,0,113.059176128709
0,0,0,236.681907140956,0,0,0,222.053792850439,162.833808134102,0,188.936291522747,159.183173818572,0,0,242.790381480436,0,94.9380989123498,101.895308036513,92.3502314520023,0,0,119.728129215699,0,0,75.4497121078207,188.851177466023,345.797434674459,208.005106191961,280.376028997576,240.185081663983,0,153.876396855887,0,131.969743415579,0,151.01089327964,0,0,142.054529471577,113.059176128709,0
