0,0,0,0,220.963068032256,0,0,146.465927798921,0,0,0,0,0,0,0,0,0,0,0,106.33736463831,0,0,0,120.912756812582,0,0,0,0,112.793316814908,0,114.511014214502,0,0,0,0,0,0,0,0,0,0
0,0,0,0,0,0,309.997227542691,0,0,0,0,0,0,0,0,0,0,0,0,75.4497121078207,0,0,0,0,0,0,0,0,0,0,0,0,0,300.031143529538,142.385058730083,138.33942793804,240.185081663983,0,116.176698124939,0,0
0,0,0,0,0,249.798812580765,0,0,0,238.934743274142,0,0,0,0,0,0,0,0,131.969743415579,204.084074037941,0,0,0,0,0,0,0,0,0,0,0,0,0,95.7590805983148,0,0,0,0,0,0,0
0,0,0,0,101.350815329073,0,0,80.8080171296381,0,0,0,184.249961885477,0,0,0,186.348837226466,0,0,0,134.566479261133,0,0,0,192.135034768848,0,0,217.157696745803,0,201.44584889478,0,0,0,0,222.053792850439,251.098274723989,141.204637091722,0,143.005810983322,0,151.075371308616,0
220.963068032256,0,0,101.350815329073,0,0,0,0,0,0,231.050882209,181.316358113209,0,74.5815074003433,0,205.183249704085,154.784755881607,0,0,0,0,0,173.001559092555,0,0,0,0,89.9429017381717,0,0,0,262.382215657622,0,0,161.325017232684,0,193.63278243493,99.2646516363145,0,161.694997919804,0
0,0,249.798812580765,0,0,0,0,261.440278806413,139.792601838991,0,0,0,0,227.504408813069,0,173.059382066957,0,0,0,0,120.567029282014,0,0,211.840482897052,0,163.059043292369,0,137.177378802006,0,0,0,0,0,154.142998692322,128.405764333981,192.693757128262,101.895308036513,0,0,0,168.241326865882
0,309.997227542691,0,0,0,0,0,177.763106506206,0,0,0,118.522099274347,145.74089716123,306.640284138334,0,0,0,0,0,101.5853655613,0,0,117.208001126138,0,0,0,321.124897279917,150.161410108805,0,0,0,0,0,160.530221557972,0,139.93285932648,173.538155409849,0,231.715271819474,0,0
146.465927798921,0,0,80.8080171296381,0,261.440278806413,177.763106506206,0,0,128.846764897717,92.5207898118833,90.7216186966914,0,0,0,0,0,0,335.371040201042,0,0,0,0,190.185165668632,0,0,0,94.7280504127031,139.654362654449,0,0,0,180.355266595273,0,0,158.567996645797,94.126460729827,0,187.77054666536,82.6299537488922,0
0,0,0,0,0,139.792601838991,0,0,0,0,0,0,0,0,0,0,0,0,0,0,0,0,0,0,0,0,84.3635741045246,125.81518738273,108.136066660554,0,0,0,0,320.356811100276,220.901129804706,186.973586461633,0,174.013630695256,160.537522273714,115.332064605654,225.013371621378
0,0,238.934743274142,0,0,0,0,128.846764897717,0,0,194.442125915551,151.01089327964,0,0,161.302948562323,236.681907140956,0,180.90030328818,0,0,0,0,136.792307586862,135.667029391615,0,0,72.2278283150671,172.892533368851,208.005106191961,0,0,0,0,180.543851962045,73.1029054543569,93.5029580098427,97.3232815600345,103.519938150021,0,0,87.8456058929559
0,0,0,0,231.050882209,0,0,92.5207898118833,0,194.442125915551,0,0,0,0,0,0,0,0,0,206.912707094411,0,0,0,218.045528847001,219.430938885781,94.8881692391942,276.620869034647,58.3493451392805,289.631679007608,0,0,135.294330067913,0,101.605593487621,228.792310020318,0,140.574866691684,0,0,157.852515740516,213.67670887414
0,0,0,184.249961885477,181.316358113209,0,118.522099274347,90.7216186966914,0,151.01089327964,0,0,0,0,0,0,169.453147353278,0,0,0,284.529238481835,81.9664354533492,0,104.915316975638,0,0,94.9380989123498,241.57250333243,219.040656038919,62.859596780235,0,89.707245288964,0,76.5072790361762,202.712457066107,197.893790332676,321.864157986053,221.805809452716,0,74.4197823064597,226.825099357786
0,0,0,0,0,0,145.74089716123,0,0,0,0,0,0,0,0,0,175.196329314064,0,0,0,0,0,0,0,0,241.635434294794,0,199.492852797962,0,0,0,0,0,0,112.349934713559,0,0,0,0,0,110.384905066973
0,0,0,0,74.5815074003433,227.504408813069,306.640284138334,0,0,0,0,0,0,0,0,0,0,0,0,0,0,161.275817184598,325.937289045041,155.901486485736,0,71.4788760670054,338.131802716296,0,247.66948903751,0,0,0,80.4367166559625,198.528111506785,0,205.09013266389,70.4221432298295,0,0,94.7529894315991,0
0,0,0,0,0,0,0,0,0,161.302948562323,0,0,0,0,0,0,0,0,0,0,98.2230592632363,241.682021696872,0,0,0,0,188.851177466023,153.672550905948,0,0,0,0,0,104.369974912428,92.5568465385234,0,212.592150359921,347.376449530863,195.822649557859,280.376028997576,191.519780382943
0,0,0,186.348837226466,205.183249704085,173.059382066957,0,0,0,236.681907140956,0,0,0,0,0,0,0,0,0,198.964527389285,94.027247878695,0,0,0,0,73.4795582048751,0,0,0,0,0,0,0,242.790381480436,0,0,357.423078228283,193.659409924573,0,85.7623170715703,0
0,0,0,0,154.784755881607,0,0,0,0,0,0,169.453147353278,175.196329314064,0,0,0,0,0,0,85.6072705949986,205.839960264176,0,0,0,0,96.7845769653343,0,142.054529471577,0,0,0,0,0,195.378266313867,159.183173818572,0,0,0,0,197.486504603685,0
0,0,0,0,0,0,0,0,0,180.90030328818,0,0,0,0,0,0,0,0,161.74915061469,0,0,0,0,0,0,119.345624434514,89.3673883748406,0,122.106946855269,0,0,67.8267069095267,0,0,111.226326353722,0,82.4756938751058,0,0,134.960780198024,0
0,0,131.969743415579,0,0,0,0,335.371040201042,0,0,0,0,0,0,0,0,0,161.74915061469,0,0,0,0,151.806152521152,0,106.128596538706,314.611698427915,0,115.194491798135,173.201474590904,0,0,0,0,165.597665022977,0,0,138.425725342224,128.530575464043,0,0,115.541295036174
106.33736463831,75.4497121078207,204.084074037941,134.566479261133,0,0,101.5853655613,0,0,0,206.912707094411,0,0,0,0,198.964527389285,85.6072705949986,0,0,0,0,0,0,201.100640800745,0,0,204.481117647118,119.728129215699,137.239127032733,0,0,0,0,0,214.116367924649,333.645516435298,109.093416850988,0,172.608400267715,0,163.945208919892
0,0,0,0,0,120.567029282014,0,0,0,0,0,284.529238481835,0,0,98.2230592632363,94.027247878695,205.839960264176,0,0,0,0,0,0,0,171.906398392157,165.893015276821,215.611029055736,0,151.695570509541,0,0,125.994729980093,0,153.876396855887,192.601533877686,0,78.9559315574845,0,0,0,0
0,0,0,0,0,0,0,0,0,0,0,81.9664354533492,0,161.275817184598,241.682021696872,0,0,0,0,0,0,0,0,78.8552325762656,0,113.144980278377,92.3502314520023,306.344527664232,0,97.5855511246009,0,0,0,0,0,0,0,0,0,0,0
0,0,0,0,173.001559092555,0,117.208001126138,0,0,136.792307586862,0,0,0,325.937289045041,0,0,0,0,151.806152521152,0,0,0,0,100.812745974529,0,164.032723165762,0,0,0,116.054372245433,101.85207633558,0,0,154.065933476765,124.853650664477,0,0,89.1590885155172,259.442917595754,81.2827395071039,179.718364159796
120.912756812582,0,0,192.135034768848,0,211.840482897052,0,190.185165668632,0,135.667029391615,218.045528847001,104.915316975638,0,155.901486485736,0,0,0,0,0,201.100640800745,0,78.8552325762656,100.812745974529,0,0,0,253.401634605989,261.605527103798,0,0,0,0,0,249.905610015455,188.936291522747,82.1742780037132,183.786860782462,0,0,158.955087279859,111.435629183184
0,0,0,0,0,0,0,0,0,0,219.430938885781,0,0,0,0,0,0,0,106.128596538706,0,171.906398392157,0,0,0,0,0,0,303.527509149359,0,0,0,0,0,0,137.189596148386,283.248188884028,82.6426202489162,195.314816908693,0,263.534399241887,71.5579325720569
0,0,0,0,0,163.059043292369,0,0,0,0,94.8881692391942,0,241.635434294794,71.4788760670054,0,73.4795582048751,96.7845769653343,119.345624434514,314.611698427915,0,165.893015276821,113.144980278377,164.032723165762,0,0,0,0,115.114253591495,0,112.823430872325,0,232.945974238958,0,153.609372090384,0,219.078548227669,0,196.04190773555,206.472608421747,115.871357769661,93.4234866874731
0,0,0,217.157696745803,0,0,321.124897279917,0,84.3635741045246,72.2278283150671,276.620869034647,94.9380989123498,0,338.131802716296,188.851177466023,0,0,89.3673883748406,0,204.481117647118,215.611029055736,92.3502314520023,0,253.401634605989,0,0,0,223.705816669619,114.649126378906,0,0,0,133.984214699576,66.5008477853491,0,0,133.218162784108,0,0,125.416941482916,228.075434767255
0,0,0,0,89.9429017381717,137.177378802006,150.161410108805,94.7280504127031,125.81518738273,172.892533368851,58.3493451392805,241.57250333243,199.492852797962,0,153.672550905948,0,142.054529471577,0,115.194491798135,119.728129215699,0,306.344527664232,0,261.605527103798,303.527509149359,115.114253591495,223.705816669619,0,323.781250289068,0,0,200.878319874537,0,106.926813611922,0,98.417953423071,148.808626413748,115.868441404982,171.230058197369,193.777661225572,106.533627130087
112.793316814908,0,0,201.44584889478,0,0,0,139.654362654449,108.136066660554,208.005106191961,289.631679007608,219.040656038919,0,247.66948903751,0,0,0,122.106946855269,173.201474590904,137.239127032733,151.695570509541,0,0,0,0,0,114.649126378906,323.781250289068,0,0,209.996727521564,0,0,0,154.070293657878,90.1317194604647,283.88658203332,0,224.523755099568,167.066576495979,146.814226519809
0,0,0,0,0,0,0,0,0,0,0,62.859596780235,0,0,0,0,0,0,0,0,0,97.5855511246009,116.054372245433,0,0,112.823430872325,0,0,0,0,0,178.224497384947,0,224.551207449728,97.3506957544063,0,162.833808134102,155.24952173131,136.685314494491,61.0664810463559,0
114.511014214502,0,0,0,0,0,0,0,0,0,0,0,0,0,0,0,0,0,0,0,0,0,101.85207633558,0,0,0,0,0,209.996727521564,0,0,0,0,0,153.453047983244,0,348.674510760064,0,0,146.99041817625,0
0,0,0,0,262.382215657622,0,0,0,0,0,135.294330067913,89.707245288964,0,0,0,0,0,67.8267069095267,0,0,125.994729980093,0,0,0,0,232.945974238958,0,200.878319874537,0,178.224497384947,0,0,108.381749703452,151.036729364761,0,0,345.797434674459,0,0,0,0
0,0,0,0,0,0,0,180.355266595273,0,0,0,0,0,80.4367166559625,0,0,0,0,0,0,0,0,0,0,0,0,133.984214699576,0,0,0,0,108.381749703452,0,0,178.683678585178,0,0,0,0,0,0
0,300.031143529538,95.7590805983148,222.053792850439,0,154.142998692322,160.530221557972,0,320.356811100276,180.543851962045,101.605593487621,76.5072790361762,0,198.528111506785,104.369974912428,242.790381480436,195.378266313867,0,165.597665022977,0,153.876396855887,0,154.065933476765,249.905610015455,0,153.609372090384,66.5008477853491,106.926813611922,0,224.551207449728,0,151.036729364761,0,0,98.6790043377568,0,193.055010680236,259.055025639447,0,353.822894641502,0
0,142.385058730083,0,251.098274723989,161.325017232684,128.405764333981,0,0,220.901129804706,73.1029054543569,228.792310020318,202.712457066107,112.349934713559,0,92.5568465385234,0,159.183173818572,111.226326353722,0,214.116367924649,192.601533877686,0,124.853650664477,188.936291522747,137.189596148386,0,0,0,154.070293657878,97.3506957544063,153.453047983244,0,178.683678585178,98.6790043377568,0,0,169.742003380707,329.719143597451,0,0,74.7304794244225
0,138.33942793804,0,141.204637091722,0,192.693757128262,139.93285932648,158.567996645797,186.973586461633,93.5029580098427,0,197.893790332676,0,205.09013266389,0,0,0,0,0,333.645516435298,0,0,0,82.1742780037132,283.248188884028,219.078548227669,0,98.417953423071,90.1317194604647,0,0,0,0,0,0,0,124.698445421759,62.311273509377,0,269.936825670274,196.032358954952
0,240.185081663983,0,0,193.63278243493,101.895308036513,173.538155409849,94.126460729827,0,97.3232815600345,140.574866691684,321.864157986053,0,70.4221432298295,212.592150359921,357.423078228283,0,82.4756938751058,138.425725342224,109.093416850988,78.9559315574845,0,0,183.786860782462,82.6426202489162,0,133.218162784108,148.808626413748,283.88658203332,162.833808134102,348.674510760064,345.797434674459,0,193.055010680236,169.742003380707,124.698445421759,0,96.5937438588657,99.3508940827211,252.487290983309,101.443495235174
0,0,0,143.005810983322,99.2646516363145,0,0,0,174.013630695256,103.519938150021,0,221.805809452716,0,0,347.376449530863,193.659409924573,0,0,128.530575464043,0,0,0,89.1590885155172,0,195.314816908693,196.04190773555,0,115.868441404982,0,155.24952173131,0,0,0,259.055025639447,329.719143597451,62.311273509377,96.5937438588657,0,250.461724766314,113.059176128709,146.770754374523
0,116.176698124939,0,0,0,0,231.715271819474,187.77054666536,160.537522273714,0,0,0,0,0,195.822649557859,0,0,0,0,172.608400267715,0,0,259.442917595754,0,0,206.472608421747,0,171.230058197369,224.523755099568,136.685314494491,0,0,0,0,0,0,99.3508940827211,250.461724766314,0,255.441154257905,178.748963182352
0,0,0,151.075371308616,161.694997919804,0,0,82.6299537488922,115.332064605654,0,157.852515740516,74.4197823064597,0,94.7529894315991,280.376028997576,85.7623170715703,197.486504603685,134.960780198024,0,0,0,0,81.2827395071039,158.955087279859,263.534399241887,115.871357769661,125.416941482916,193.777661225572,167.066576495979,61.0664810463559,146.99041817625,0,0,353.822894641502,0,269.936825670274,252.487290983309,113.059176128709,255.441154257905,0,0
0,0,0,0,0,168.241326865882,0,0,225.013371621378,87.8456058929559,213.67670887414,226.825099357786,110.384905066973,0,191.519780382943,0,0,0,115.541295036174,163.945208919892,0,0,179.718364159796,111.435629183184,71.5579325720569,93.4234866874731,228.075434767255,106.533627130087,146.814226519809,0,0,0,0,0,74.7304794244225,196.032358954952,101.443495235174,146.770754374523,178.748963182352,0,0
