0,0,0,151.075371308616,0,0,0,0,0,0,119.345624434514,262.382215657622,0,0,0,0,0,0,0,0,0,0,0,0,0,0,89.9429017381717,0,0,0,0,0,0,0,0,0,115.332064605654,0,0,82.4756938751058,0
0,0,0,0,0,0,0,0,0,0,0,0,196.032358954952,0,0,0,0,0,0,0,150.161410108805,0,148.808626413748,0,0,269.936825670274,0,137.189596148386,0,0,0,0,0,0,0,0,0,0,0,226.825099357786,160.537522273714
0,0,0,0,0,0,0,0,0,0,0,0,0,120.567029282014,137.177378802006,0,333.645516435298,0,0,0,0,0,0,309.997227542691,0,0,0,0,0,0,0,0,0,0,151.01089327964,0,0,0,0,0,0
151.075371308616,0,0,0,0,108.381749703452,175.196329314064,0,0,0,0,119.728129215699,0,161.325017232684,0,0,0,0,0,125.994729980093,284.529238481835,0,0,0,249.905610015455,97.5855511246009,0,0,0,0,0,0,0,154.065933476765,146.99041817625,0,338.131802716296,0,96.5937438588657,0,0
0,0,0,0,0,0,0,219.078548227669,0,0,0,201.44584889478,0,58.3493451392805,0,0,0,0,0,75.4497121078207,0,0,0,0,139.792601838991,0,0,0,228.792310020318,0,0,114.511014214502,251.098274723989,101.605593487621,0,236.681907140956,206.912707094411,74.4197823064597,158.955087279859,212.592150359921,0
0,0,0,108.381749703452,0,0,197.486504603685,0,0,181.316358113209,94.7529894315991,0,0,0,0,133.984214699576,0,0,0,0,0,198.528111506785,0,0,0,0,117.208001126138,87.8456058929559,224.551207449728,0,0,0,101.895308036513,161.275817184598,0,0,208.005106191961,263.534399241887,0,190.185165668632,0
0,0,0,175.196329314064,0,197.486504603685,0,0,0,138.425725342224,357.423078228283,140.574866691684,0,0,0,0,0,0,195.314816908693,100.812745974529,0,0,0,0,0,111.435629183184,98.6790043377568,276.620869034647,0,0,0,0,0,138.33942793804,94.7280504127031,0,220.901129804706,0,0,0,0
0,0,0,0,219.078548227669,0,0,0,0,219.430938885781,0,0,0,0,151.036729364761,231.050882209,0,0,0,249.798812580765,0,0,0,252.487290983309,0,241.635434294794,0,125.416941482916,92.3502314520023,0,0,104.369974912428,0,82.6426202489162,113.144980278377,0,184.249961885477,103.519938150021,0,300.031143529538,80.8080171296381
0,0,0,0,0,0,0,0,0,0,0,0,0,124.853650664477,0,0,218.045528847001,0,0,280.376028997576,0,0,106.128596538706,0,115.871357769661,0,0,348.674510760064,168.241326865882,0,0,0,0,160.530221557972,0,200.878319874537,0,195.822649557859,106.926813611922,0,0
0,0,0,0,0,181.316358113209,138.425725342224,219.430938885781,0,0,0,158.567996645797,0,303.527509149359,0,0,0,205.839960264176,146.814226519809,261.605527103798,335.371040201042,0,74.7304794244225,0,0,353.822894641502,74.5815074003433,0,94.9380989123498,106.533627130087,84.3635741045246,0,146.465927798921,223.705816669619,0,0,0,0,0,329.719143597451,0
119.345624434514,0,0,0,0,94.7529894315991,357.423078228283,0,0,0,0,162.833808134102,0,0,259.055025639447,0,0,0,134.960780198024,0,0,0,0,240.185081663983,0,139.654362654449,289.631679007608,0,247.66948903751,0,0,0,0,110.384905066973,0,67.8267069095267,89.3673883748406,0,188.851177466023,135.667029391615,241.682021696872
262.382215657622,0,0,119.728129215699,201.44584889478,0,140.574866691684,0,0,158.567996645797,162.833808134102,0,0,78.8552325762656,228.075434767255,0,0,193.63278243493,0,214.116367924649,219.040656038919,0,180.355266595273,125.81518738273,0,205.183249704085,193.055010680236,0,0,118.522099274347,0,173.201474590904,0,0,101.350815329073,0,164.032723165762,80.4367166559625,0,321.864157986053,0
0,196.032358954952,0,0,0,0,0,0,0,0,0,0,0,0,0,0,0,0,0,172.892533368851,0,0,0,192.135034768848,0,0,143.005810983322,0,0,0,0,0,0,173.001559092555,199.492852797962,0,0,0,0,0,0
0,0,120.567029282014,161.325017232684,58.3493451392805,0,0,0,124.853650664477,303.527509149359,0,78.8552325762656,0,0,0,0,0,0,178.748963182352,0,155.901486485736,0,0,161.694997919804,0,0,153.876396855887,174.013630695256,0,0,0,0,0,0,114.649126378906,161.74915061469,242.790381480436,0,0,0,0
0,0,137.177378802006,0,0,0,0,151.036729364761,0,0,259.055025639447,228.075434767255,0,0,0,0,231.715271819474,0,0,173.538155409849,0,0,0,0,0,261.440278806413,0,85.7623170715703,94.126460729827,0,0,0,0,0,163.059043292369,0,227.504408813069,0,0,0,325.937289045041
0,0,0,0,0,133.984214699576,0,231.050882209,0,0,0,0,0,0,0,0,0,0,0,0,0,0,0,0,0,0,0,347.376449530863,178.683678585178,98.417953423071,0,0,0,238.934743274142,61.0664810463559,66.5008477853491,0,109.093416850988,0,193.777661225572,116.054372245433
0,0,333.645516435298,0,0,0,0,0,218.045528847001,0,0,0,0,0,231.715271819474,0,0,0,137.239127032733,0,0,0,0,0,0,0,0,128.405764333981,323.781250289068,0,0,0,0,0,108.136066660554,0,99.2646516363145,202.712457066107,0,96.7845769653343,0
0,0,0,0,0,0,0,0,0,205.839960264176,0,193.63278243493,0,0,0,0,0,0,0,0,0,0,0,204.084074037941,0,0,0,101.85207633558,89.707245288964,0,0,0,0,180.90030328818,241.57250333243,131.969743415579,97.3232815600345,0,0,0,0
0,0,0,0,0,0,195.314816908693,0,0,146.814226519809,134.960780198024,0,0,178.748963182352,0,0,137.239127032733,0,0,0,0,0,0,0,0,0,0,76.5072790361762,0,306.344527664232,0,0,0,0,211.840482897052,186.348837226466,82.6299537488922,0,146.770754374523,0,177.763106506206
0,0,0,125.994729980093,75.4497121078207,0,100.812745974529,249.798812580765,280.376028997576,261.605527103798,0,214.116367924649,172.892533368851,0,173.538155409849,0,0,0,0,0,0,0,0,90.7216186966914,0,259.442917595754,93.4234866874731,0,0,0,0,0,0,169.742003380707,90.1317194604647,0,93.5029580098427,0,283.88658203332,0,70.4221432298295
0,150.161410108805,0,284.529238481835,0,0,0,0,0,335.371040201042,0,219.040656038919,0,155.901486485736,0,0,0,0,0,0,0,192.601533877686,0,0,0,0,0,222.053792850439,115.541295036174,0,0,120.912756812582,0,178.224497384947,136.685314494491,0,206.472608421747,0,0,128.846764897717,0
0,0,0,0,0,198.528111506785,0,0,0,0,0,0,0,0,0,0,0,0,0,0,192.601533877686,0,0,0,0,165.893015276821,0,225.013371621378,122.106946855269,0,0,0,0,154.784755881607,0,0,209.996727521564,197.893790332676,0,0,0
0,148.808626413748,0,0,0,0,0,0,106.128596538706,74.7304794244225,0,180.355266595273,0,0,0,0,0,0,0,0,0,0,0,0,224.523755099568,250.461724766314,320.356811100276,0,151.695570509541,183.786860782462,0,115.194491798135,0,0,97.3506957544063,221.805809452716,133.218162784108,0,0,112.349934713559,62.311273509377
0,0,309.997227542691,0,0,0,0,252.487290983309,0,0,240.185081663983,125.81518738273,192.135034768848,161.694997919804,0,0,0,204.084074037941,0,90.7216186966914,0,0,0,0,72.2278283150671,0,0,204.481117647118,98.2230592632363,213.67670887414,0,89.1590885155172,0,205.09013266389,0,142.054529471577,169.453147353278,139.93285932648,154.142998692322,111.226326353722,0
0,0,0,249.905610015455,139.792601838991,0,0,0,115.871357769661,0,0,0,0,0,0,0,0,0,0,0,0,0,224.523755099568,72.2278283150671,0,73.4795582048751,0,201.100640800745,0,0,0,0,0,0,0,0,101.5853655613,0,0,188.936291522747,220.963068032256
0,269.936825670274,0,97.5855511246009,0,0,111.435629183184,241.635434294794,0,353.822894641502,139.654362654449,205.183249704085,0,0,261.440278806413,0,0,0,0,259.442917595754,0,165.893015276821,250.461724766314,0,73.4795582048751,0,321.124897279917,171.906398392157,0,0,0,115.868441404982,0,173.059382066957,0,135.294330067913,106.33736463831,283.248188884028,0,94.027247878695,0
89.9429017381717,0,0,0,0,117.208001126138,98.6790043377568,0,0,74.5815074003433,289.631679007608,193.055010680236,143.005810983322,153.876396855887,0,0,0,0,0,93.4234866874731,0,0,320.356811100276,0,0,321.124897279917,0,151.806152521152,0,0,0,0,180.543851962045,134.566479261133,71.4788760670054,0,172.608400267715,128.530575464043,94.8881692391942,196.04190773555,165.597665022977
0,137.189596148386,0,0,0,87.8456058929559,276.620869034647,125.416941482916,348.674510760064,0,0,0,0,174.013630695256,85.7623170715703,347.376449530863,128.405764333981,101.85207633558,76.5072790361762,0,222.053792850439,225.013371621378,0,204.481117647118,201.100640800745,171.906398392157,151.806152521152,0,159.183173818572,0,116.176698124939,0,0,192.693757128262,187.77054666536,154.070293657878,186.973586461633,112.823430872325,73.1029054543569,161.302948562323,153.453047983244
0,0,0,0,228.792310020318,224.551207449728,0,92.3502314520023,168.241326865882,94.9380989123498,247.66948903751,0,0,0,94.126460729827,178.683678585178,323.781250289068,89.707245288964,0,0,115.541295036174,122.106946855269,151.695570509541,98.2230592632363,0,0,0,159.183173818572,0,345.797434674459,78.9559315574845,0,0,163.945208919892,0,217.157696745803,232.945974238958,0,0,95.7590805983148,0
0,0,0,0,0,0,0,0,0,106.533627130087,0,118.522099274347,0,0,0,98.417953423071,0,0,306.344527664232,0,0,0,183.786860782462,213.67670887414,0,0,0,0,345.797434674459,0,0,0,0,0,99.3508940827211,253.401634605989,0,314.611698427915,0,0,171.230058197369
0,0,0,0,0,0,0,0,0,84.3635741045246,0,0,0,0,0,0,0,0,0,0,0,0,0,0,0,0,0,116.176698124939,78.9559315574845,0,0,0,0,81.2827395071039,0,0,0,0,0,104.915316975638,92.5568465385234
0,0,0,0,114.511014214502,0,0,104.369974912428,0,0,0,173.201474590904,0,0,0,0,0,0,0,0,120.912756812582,0,115.194491798135,89.1590885155172,0,115.868441404982,0,0,0,0,0,0,0,0,0,193.659409924573,0,306.640284138334,0,142.385058730083,157.852515740516
0,0,0,0,251.098274723989,101.895308036513,0,0,0,146.465927798921,0,0,0,0,0,0,0,0,0,0,0,0,0,0,0,0,180.543851962045,0,0,0,0,0,0,0,92.5207898118833,0,0,0,0,0,0
0,0,0,154.065933476765,101.605593487621,161.275817184598,138.33942793804,82.6426202489162,160.530221557972,223.705816669619,110.384905066973,0,173.001559092555,0,0,238.934743274142,0,180.90030328818,0,169.742003380707,178.224497384947,154.784755881607,0,205.09013266389,0,173.059382066957,134.566479261133,192.693757128262,163.945208919892,0,81.2827395071039,0,0,0,112.793316814908,0,198.964527389285,141.204637091722,85.6072705949986,191.519780382943,136.792307586862
0,0,151.01089327964,146.99041817625,0,0,94.7280504127031,113.144980278377,0,0,0,101.350815329073,199.492852797962,114.649126378906,163.059043292369,61.0664810463559,108.136066660554,241.57250333243,211.840482897052,90.1317194604647,136.685314494491,0,97.3506957544063,0,0,0,71.4788760670054,187.77054666536,0,99.3508940827211,0,0,92.5207898118833,112.793316814908,0,195.378266313867,145.74089716123,179.718364159796,153.672550905948,0,255.441154257905
0,0,0,0,236.681907140956,0,0,0,200.878319874537,0,67.8267069095267,0,0,161.74915061469,0,66.5008477853491,0,131.969743415579,186.348837226466,0,0,0,221.805809452716,142.054529471577,0,135.294330067913,0,154.070293657878,217.157696745803,253.401634605989,0,193.659409924573,0,0,195.378266313867,0,81.9664354533492,0,101.443495235174,62.859596780235,115.114253591495
115.332064605654,0,0,338.131802716296,206.912707094411,208.005106191961,220.901129804706,184.249961885477,0,0,89.3673883748406,164.032723165762,0,242.790381480436,227.504408813069,0,99.2646516363145,97.3232815600345,82.6299537488922,93.5029580098427,206.472608421747,209.996727521564,133.218162784108,169.453147353278,101.5853655613,106.33736463831,172.608400267715,186.973586461633,232.945974238958,0,0,0,0,198.964527389285,145.74089716123,81.9664354533492,0,194.442125915551,155.24952173131,71.5579325720569,153.609372090384
0,0,0,0,74.4197823064597,263.534399241887,0,103.519938150021,195.822649557859,0,0,80.4367166559625,0,0,0,109.093416850988,202.712457066107,0,0,0,0,197.893790332676,0,139.93285932648,0,283.248188884028,128.530575464043,112.823430872325,0,314.611698427915,0,306.640284138334,0,141.204637091722,179.718364159796,0,194.442125915551,0,215.611029055736,113.059176128709,124.698445421759
0,0,0,96.5937438588657,158.955087279859,0,0,0,106.926813611922,0,188.851177466023,0,0,0,0,0,0,0,146.770754374523,283.88658203332,0,0,0,154.142998692322,0,0,94.8881692391942,73.1029054543569,0,0,0,0,0,85.6072705949986,153.672550905948,101.443495235174,155.24952173131,215.611029055736,0,0,167.066576495979
82.4756938751058,226.825099357786,0,0,212.592150359921,190.185165668632,0,300.031143529538,0,329.719143597451,135.667029391615,321.864157986053,0,0,0,193.777661225572,96.7845769653343,0,0,0,128.846764897717,0,112.349934713559,111.226326353722,188.936291522747,94.027247878695,196.04190773555,161.302948562323,95.7590805983148,0,104.915316975638,142.385058730083,0,191.519780382943,0,62.859596780235,71.5579325720569,113.059176128709,0,0,82.1742780037132
0,160.537522273714,0,0,0,0,0,80.8080171296381,0,0,241.682021696872,0,0,0,325.937289045041,116.054372245433,0,0,177.763106506206,70.4221432298295,0,0,62.311273509377,0,220.963068032256,0,165.597665022977,153.453047983244,0,171.230058197369,92.5568465385234,157.852515740516,0,136.792307586862,255.441154257905,115.114253591495,153.609372090384,124.698445421759,167.066576495979,82.1742780037132,0
