0,85.6072705949986,0,0,0,0,0,0,0,0,0,0,0,0,0,0,0,0,300.031143529538,0,0,0,0,0,0,0,0,320.356811100276,0,0,0,0,0,179.718364159796,0,0,131.969743415579,0,0,0,169.453147353278
85.6072705949986,0,0,0,0,0,0,0,0,0,94.9380989123498,0,0,0,0,0,0,0,0,283.248188884028,0,81.2827395071039,0,0,0,0,92.5568465385234,0,142.054529471577,0,0,0,0,0,0,0,0,0,0,71.5579325720569,0
0,0,0,0,0,0,0,0,0,0,124.853650664477,0,0,0,0,0,0,0,0,180.543851962045,0,0,0,0,0,0,0,116.054372245433,0,0,0,261.605527103798,0,0,0,0,0,0,0,98.2230592632363,0
0,0,0,0,0,0,0,220.901129804706,0,125.416941482916,99.3508940827211,0,0,0,0,205.09013266389,160.537522273714,0,0,222.053792850439,205.839960264176,0,0,168.241326865882,0,151.695570509541,0,164.032723165762,204.481117647118,0,0,0,0,97.5855511246009,0,136.685314494491,0,0,0,0,0
0,0,0,0,0,0,0,0,0,0,0,120.567029282014,0,173.201474590904,0,0,0,0,0,0,74.7304794244225,0,215.611029055736,98.417953423071,186.973586461633,347.376449530863,0,106.533627130087,0,218.045528847001,0,141.204637091722,0,259.442917595754,106.128596538706,0,175.196329314064,0,0,162.833808134102,0
0,0,0,0,0,0,171.230058197369,0,139.654362654449,0,0,154.784755881607,0,146.814226519809,0,0,329.719143597451,87.8456058929559,193.055010680236,0,0,0,0,0,0,0,62.859596780235,249.905610015455,0,0,0,0,0,0,0,0,171.906398392157,213.67670887414,98.6790043377568,163.945208919892,62.311273509377
0,0,0,0,0,171.230058197369,0,0,0,104.369974912428,0,206.912707094411,0,0,0,0,0,0,173.001559092555,128.530575464043,112.349934713559,0,0,262.382215657622,0,0,284.529238481835,338.131802716296,160.530221557972,0,0,0,0,0,0,0,89.1590885155172,0,94.7280504127031,153.453047983244,0
0,0,0,220.901129804706,0,0,0,0,0,321.864157986053,0,0,153.609372090384,0,157.852515740516,0,180.355266595273,0,0,276.620869034647,0,0,306.344527664232,191.519780382943,0,0,0,113.144980278377,0,0,0,0,345.797434674459,118.522099274347,112.793316814908,134.566479261133,97.3506957544063,0,0,181.316358113209,188.851177466023
0,0,0,0,0,139.654362654449,0,0,0,193.659409924573,0,138.33942793804,0,0,0,0,0,0,0,0,0,0,0,204.084074037941,0,180.90030328818,75.4497121078207,0,0,0,0,0,0,224.523755099568,187.77054666536,209.996727521564,228.075434767255,101.605593487621,0,0,0
0,0,0,125.416941482916,0,0,104.369974912428,321.864157986053,193.659409924573,0,0,125.81518738273,0,0,0,0,178.683678585178,236.681907140956,0,148.808626413748,0,0,0,0,0,255.441154257905,250.461724766314,89.9429017381717,0,0,200.878319874537,0,0,111.226326353722,0,74.4197823064597,153.876396855887,242.790381480436,0,192.135034768848,110.384905066973
0,94.9380989123498,124.853650664477,99.3508940827211,0,0,0,0,0,0,0,0,212.592150359921,78.9559315574845,85.7623170715703,82.6426202489162,0,0,0,0,0,0,0,0,0,84.3635741045246,0,283.88658203332,93.4234866874731,231.050882209,0,0,151.075371308616,161.694997919804,0,0,120.912756812582,0,0,221.805809452716,177.763106506206
0,0,0,0,120.567029282014,154.784755881607,206.912707094411,0,138.33942793804,125.81518738273,0,0,122.106946855269,114.649126378906,94.7529894315991,0,0,325.937289045041,96.7845769653343,227.504408813069,0,0,0,161.74915061469,0,0,0,135.294330067913,238.934743274142,0,0,100.812745974529,0,309.997227542691,108.136066660554,0,74.5815074003433,89.707245288964,0,128.846764897717,173.538155409849
0,0,0,0,0,0,0,153.609372090384,0,0,212.592150359921,122.106946855269,0,0,0,0,0,202.712457066107,184.249961885477,0,0,0,0,0,0,0,0,72.2278283150671,0,0,0,0,0,0,0,0,0,0,0,0,0
0,0,0,0,173.201474590904,146.814226519809,0,0,0,0,78.9559315574845,114.649126378906,0,0,0,0,0,0,196.04190773555,0,0,0,0,0,303.527509149359,133.218162784108,0,138.425725342224,119.345624434514,0,0,0,0,94.126460729827,89.3673883748406,145.74089716123,73.1029054543569,251.098274723989,0,0,0
0,0,0,0,0,0,0,157.852515740516,0,0,85.7623170715703,94.7529894315991,0,0,0,0,0,0,0,0,0,0,0,0,232.945974238958,172.608400267715,146.465927798921,0,0,97.3232815600345,0,0,0,0,0,119.728129215699,92.5207898118833,0,125.994729980093,172.892533368851,139.93285932648
0,0,0,205.09013266389,0,0,0,0,0,0,82.6426202489162,0,0,0,0,0,0,0,0,0,0,0,217.157696745803,0,0,0,0,161.275817184598,161.302948562323,0,0,0,0,0,114.511014214502,115.194491798135,135.667029391615,0,195.314816908693,173.059382066957,115.114253591495
0,0,0,160.537522273714,0,329.719143597451,0,180.355266595273,0,178.683678585178,0,0,0,0,0,0,0,0,0,112.823430872325,0,0,0,0,0,95.7590805983148,0,0,0,0,0,82.4756938751058,0,261.440278806413,0,0,0,80.4367166559625,106.926813611922,0,0
0,0,0,0,0,87.8456058929559,0,0,0,236.681907140956,0,325.937289045041,202.712457066107,0,0,0,0,0,0,0,0,0,0,348.674510760064,0,0,0,226.825099357786,0,186.348837226466,0,0,0,0,193.63278243493,0,249.798812580765,0,0,0,0
300.031143529538,0,0,0,0,193.055010680236,173.001559092555,0,0,0,0,96.7845769653343,184.249961885477,196.04190773555,0,0,0,0,0,0,0,0,0,0,0,0,0,137.189596148386,247.66948903751,0,0,0,0,0,99.2646516363145,94.027247878695,103.519938150021,154.065933476765,0,0,0
0,283.248188884028,180.543851962045,222.053792850439,0,0,128.530575464043,276.620869034647,0,148.808626413748,0,227.504408813069,0,0,0,0,112.823430872325,0,0,0,0,96.5937438588657,192.601533877686,206.472608421747,0,158.955087279859,0,136.792307586862,0,155.901486485736,0,0,0,158.567996645797,0,0,314.611698427915,0,0,0,115.868441404982
0,0,0,205.839960264176,74.7304794244225,0,112.349934713559,0,0,0,0,0,0,0,0,0,0,0,0,0,0,323.781250289068,94.8881692391942,0,0,208.005106191961,196.032358954952,0,0,0,0,0,0,289.631679007608,169.742003380707,71.4788760670054,151.806152521152,240.185081663983,0,161.325017232684,0
0,81.2827395071039,0,0,0,0,0,0,0,0,0,0,0,0,0,0,0,0,0,96.5937438588657,323.781250289068,0,0,0,259.055025639447,0,0,0,223.705816669619,0,0,0,0,195.822649557859,82.6299537488922,0,195.378266313867,0,0,0,0
0,0,0,0,215.611029055736,0,0,306.344527664232,0,0,0,0,0,0,0,217.157696745803,0,0,0,192.601533877686,94.8881692391942,0,0,0,137.239127032733,101.85207633558,192.693757128262,280.376028997576,357.423078228283,0,0,0,0,154.070293657878,0,211.840482897052,335.371040201042,0,0,67.8267069095267,198.528111506785
0,0,0,168.241326865882,98.417953423071,0,262.382215657622,191.519780382943,204.084074037941,0,0,161.74915061469,0,0,0,0,0,348.674510760064,0,206.472608421747,0,0,0,0,66.5008477853491,333.645516435298,178.748963182352,0,241.57250333243,0,353.822894641502,219.040656038919,199.492852797962,228.792310020318,80.8080171296381,0,81.9664354533492,0,0,0,201.100640800745
0,0,0,0,186.973586461633,0,0,0,0,0,0,0,0,303.527509149359,232.945974238958,0,0,0,0,0,0,259.055025639447,137.239127032733,66.5008477853491,0,0,0,0,0,0,0,0,0,90.1317194604647,78.8552325762656,0,139.792601838991,0,0,225.013371621378,0
0,0,0,151.695570509541,347.376449530863,0,0,0,180.90030328818,255.441154257905,84.3635741045246,0,0,133.218162784108,172.608400267715,0,95.7590805983148,0,0,158.955087279859,208.005106191961,0,101.85207633558,333.645516435298,0,0,115.332064605654,0,128.405764333981,0,0,0,0,241.682021696872,101.350815329073,0,0,104.915316975638,165.893015276821,194.442125915551,137.177378802006
0,92.5568465385234,0,0,0,62.859596780235,284.529238481835,0,75.4497121078207,250.461724766314,0,0,0,0,146.465927798921,0,0,0,0,0,196.032358954952,0,192.693757128262,178.748963182352,0,115.332064605654,0,134.960780198024,178.224497384947,0,0,0,159.183173818572,111.435629183184,165.597665022977,108.381749703452,90.7216186966914,101.895308036513,0,183.786860782462,113.059176128709
320.356811100276,0,116.054372245433,164.032723165762,106.533627130087,249.905610015455,338.131802716296,113.144980278377,0,89.9429017381717,283.88658203332,135.294330067913,72.2278283150671,138.425725342224,0,161.275817184598,0,226.825099357786,137.189596148386,136.792307586862,0,0,280.376028997576,0,0,0,134.960780198024,0,140.574866691684,0,0,154.142998692322,0,101.443495235174,241.635434294794,0,150.161410108805,153.672550905948,117.208001126138,197.893790332676,143.005810983322
0,142.054529471577,0,204.481117647118,0,0,160.530221557972,0,0,0,93.4234866874731,238.934743274142,0,119.345624434514,0,161.302948562323,0,0,247.66948903751,0,0,223.705816669619,357.423078228283,241.57250333243,0,128.405764333981,178.224497384947,140.574866691684,0,0,0,73.4795582048751,0,269.936825670274,306.640284138334,174.013630695256,321.124897279917,224.551207449728,0,0,151.036729364761
0,0,0,0,218.045528847001,0,0,0,0,0,231.050882209,0,0,0,97.3232815600345,0,0,186.348837226466,0,155.901486485736,0,0,0,0,0,0,0,0,0,0,0,0,115.541295036174,0,116.176698124939,167.066576495979,0,106.33736463831,163.059043292369,219.078548227669,0
0,0,0,0,0,0,0,0,0,200.878319874537,0,0,0,0,0,0,0,0,0,0,0,0,0,353.822894641502,0,0,0,0,0,0,0,0,0,146.770754374523,109.093416850988,0,0,0,0,115.871357769661,76.5072790361762
0,0,261.605527103798,0,141.204637091722,0,0,0,0,0,0,100.812745974529,0,0,0,0,82.4756938751058,0,0,0,0,0,0,219.040656038919,0,0,0,154.142998692322,73.4795582048751,0,0,0,0,0,93.5029580098427,0,0,133.984214699576,0,197.486504603685,198.964527389285
0,0,0,0,0,0,0,345.797434674459,0,0,151.075371308616,0,0,0,0,0,0,0,0,0,0,0,0,199.492852797962,0,0,159.183173818572,0,0,115.541295036174,0,0,0,0,0,0,0,0,0,0,0
179.718364159796,0,0,97.5855511246009,259.442917595754,0,0,118.522099274347,224.523755099568,111.226326353722,161.694997919804,309.997227542691,0,94.126460729827,0,0,261.440278806413,0,0,158.567996645797,289.631679007608,195.822649557859,154.070293657878,228.792310020318,90.1317194604647,241.682021696872,111.435629183184,101.443495235174,269.936825670274,0,146.770754374523,0,0,0,214.116367924649,205.183249704085,151.01089327964,124.698445421759,190.185165668632,0,0
0,0,0,0,106.128596538706,0,0,112.793316814908,187.77054666536,0,0,108.136066660554,0,89.3673883748406,0,114.511014214502,0,193.63278243493,99.2646516363145,0,169.742003380707,82.6299537488922,0,80.8080171296381,78.8552325762656,101.350815329073,165.597665022977,241.635434294794,306.640284138334,116.176698124939,109.093416850988,93.5029580098427,0,214.116367924649,0,61.0664810463559,193.777661225572,219.430938885781,142.385058730083,0,101.5853655613
0,0,0,136.685314494491,0,0,0,134.566479261133,209.996727521564,74.4197823064597,0,0,0,145.74089716123,119.728129215699,115.194491798135,0,0,94.027247878695,0,71.4788760670054,0,211.840482897052,0,0,0,108.381749703452,0,174.013630695256,167.066576495979,0,0,0,205.183249704085,61.0664810463559,0,201.44584889478,155.24952173131,82.1742780037132,220.963068032256,0
131.969743415579,0,0,0,175.196329314064,171.906398392157,89.1590885155172,97.3506957544063,228.075434767255,153.876396855887,120.912756812582,74.5815074003433,0,73.1029054543569,92.5207898118833,135.667029391615,0,249.798812580765,103.519938150021,314.611698427915,151.806152521152,195.378266313867,335.371040201042,81.9664354533492,139.792601838991,0,90.7216186966914,150.161410108805,321.124897279917,0,0,0,0,151.01089327964,193.777661225572,201.44584889478,0,146.99041817625,263.534399241887,231.715271819474,70.4221432298295
0,0,0,0,0,213.67670887414,0,0,101.605593487621,242.790381480436,0,89.707245288964,0,251.098274723989,0,0,80.4367166559625,0,154.065933476765,0,240.185081663983,0,0,0,0,104.915316975638,101.895308036513,153.672550905948,224.551207449728,106.33736463831,0,133.984214699576,0,124.698445421759,219.430938885781,155.24952173131,146.99041817625,0,252.487290983309,253.401634605989,0
0,0,0,0,0,98.6790043377568,94.7280504127031,0,0,0,0,0,0,0,125.994729980093,195.314816908693,106.926813611922,0,0,0,0,0,0,0,0,165.893015276821,0,117.208001126138,0,163.059043292369,0,0,0,190.185165668632,142.385058730083,82.1742780037132,263.534399241887,252.487290983309,0,92.3502314520023,58.3493451392805
0,71.5579325720569,98.2230592632363,0,162.833808134102,163.945208919892,153.453047983244,181.316358113209,0,192.135034768848,221.805809452716,128.846764897717,0,0,172.892533368851,173.059382066957,0,0,0,0,161.325017232684,0,67.8267069095267,0,225.013371621378,194.442125915551,183.786860782462,197.893790332676,0,219.078548227669,115.871357769661,197.486504603685,0,0,0,220.963068032256,231.715271819474,253.401634605989,92.3502314520023,0,188.936291522747
169.453147353278,0,0,0,0,62.311273509377,0,188.851177466023,0,110.384905066973,177.763106506206,173.538155409849,0,0,139.93285932648,115.114253591495,0,0,0,115.868441404982,0,0,198.528111506785,201.100640800745,0,137.177378802006,113.059176128709,143.005810983322,151.036729364761,0,76.5072790361762,198.964527389285,0,0,101.5853655613,0,70.4221432298295,0,58.3493451392805,188.936291522747,0
