0,0,0,0,0,0,0,0,0,0,0,206.912707094411,0,0,335.371040201042,0,0,0,0,0,0,0,0,0,0,180.355266595273,0,0,0,0,0,0,0,0,173.059382066957,0,115.114253591495,0,0,0,164.032723165762
0,0,0,205.09013266389,0,0,0,0,0,200.878319874537,183.786860782462,0,0,173.538155409849,0,0,0,0,0,0,0,0,0,0,0,0,142.054529471577,0,0,0,221.805809452716,0,0,0,180.90030328818,0,0,0,0,0,0
0,0,0,0,98.6790043377568,0,0,0,193.055010680236,0,0,0,104.915316975638,0,0,0,0,0,0,232.945974238958,0,0,0,0,0,0,0,0,0,0,0,0,0,0,0,0,137.177378802006,0,0,0,0
0,205.09013266389,0,0,66.5008477853491,0,0,150.161410108805,0,357.423078228283,0,92.3502314520023,0,114.649126378906,96.7845769653343,0,0,195.378266313867,0,0,0,0,0,0,0,0,0,136.792307586862,218.045528847001,0,0,124.853650664477,0,0,0,0,224.523755099568,0,0,151.01089327964,0
0,0,98.6790043377568,66.5008477853491,0,163.059043292369,323.781250289068,0,110.384905066973,0,0,81.2827395071039,0,0,0,0,0,0,0,0,329.719143597451,0,87.8456058929559,0,321.124897279917,219.430938885781,0,0,0,0,0,168.241326865882,0,106.926813611922,0,0,0,162.833808134102,0,211.840482897052,0
0,0,0,0,163.059043292369,0,0,90.7216186966914,0,0,0,223.705816669619,0,0,0,0,175.196329314064,0,0,80.4367166559625,0,253.401634605989,0,0,0,133.984214699576,0,188.936291522747,255.441154257905,0,0,0,0,125.81518738273,94.7529894315991,154.070293657878,0,0,0,214.116367924649,217.157696745803
0,0,0,0,323.781250289068,0,0,0,0,0,0,75.4497121078207,0,0,0,125.994729980093,198.964527389285,192.693757128262,0,0,0,0,167.066576495979,62.859596780235,0,178.224497384947,0,82.4756938751058,89.9429017381717,0,0,0,0,0,0,0,0,0,205.839960264176,94.9380989123498,151.075371308616
0,0,0,150.161410108805,0,90.7216186966914,0,0,108.136066660554,133.218162784108,219.078548227669,74.7304794244225,0,0,0,0,0,0,169.742003380707,242.790381480436,0,0,0,154.142998692322,0,0,0,0,283.248188884028,0,0,0,0,0,118.522099274347,115.332064605654,89.1590885155172,112.823430872325,58.3493451392805,158.955087279859,0
0,0,193.055010680236,0,110.384905066973,0,0,108.136066660554,0,82.6299537488922,0,0,0,0,0,101.350815329073,0,0,0,0,0,0,0,0,0,138.33942793804,111.226326353722,172.608400267715,0,201.44584889478,0,0,0,173.201474590904,0,0,153.876396855887,0,0,0,0
0,200.878319874537,0,357.423078228283,0,0,0,133.218162784108,82.6299537488922,0,283.88658203332,0,0,0,94.126460729827,0,0,0,0,0,306.344527664232,73.4795582048751,0,0,0,241.57250333243,0,0,146.99041817625,135.294330067913,155.901486485736,0,0,241.635434294794,261.605527103798,0,191.519780382943,120.912756812582,74.4197823064597,347.376449530863,0
0,183.786860782462,0,0,0,0,0,219.078548227669,0,283.88658203332,0,0,0,153.672550905948,72.2278283150671,0,0,0,184.249961885477,0,247.66948903751,78.9559315574845,0,0,0,0,161.275817184598,101.85207633558,124.698445421759,0,0,201.100640800745,0,289.631679007608,197.486504603685,0,0,0,0,193.63278243493,169.453147353278
206.912707094411,0,0,92.3502314520023,81.2827395071039,223.705816669619,75.4497121078207,74.7304794244225,0,0,0,0,0,0,0,0,0,0,0,0,0,0,0,143.005810983322,259.442917595754,194.442125915551,160.530221557972,146.770754374523,196.04190773555,241.682021696872,0,0,0,353.822894641502,145.74089716123,101.605593487621,178.683678585178,116.054372245433,85.6072705949986,321.864157986053,146.465927798921
0,0,104.915316975638,0,0,0,0,0,0,0,0,0,0,0,0,0,0,0,0,0,0,0,0,0,0,0,157.852515740516,92.5207898118833,0,0,0,0,0,114.511014214502,137.189596148386,0,0,0,280.376028997576,0,0
0,173.538155409849,0,114.649126378906,0,0,0,0,0,0,153.672550905948,0,0,0,0,0,0,0,226.825099357786,0,0,0,0,198.528111506785,0,0,171.906398392157,140.574866691684,153.609372090384,0,0,97.3232815600345,0,238.934743274142,224.551207449728,0,115.868441404982,174.013630695256,0,106.128596538706,0
335.371040201042,0,0,96.7845769653343,0,0,0,0,0,94.126460729827,72.2278283150671,0,0,0,0,0,0,0,0,0,0,0,0,122.106946855269,161.74915061469,113.059176128709,0,151.036729364761,0,0,0,222.053792850439,0,193.777661225572,0,99.2646516363145,0,0,0,0,186.973586461633
0,0,0,0,0,0,125.994729980093,0,101.350815329073,0,0,0,0,0,0,0,0,0,0,0,0,125.416941482916,0,0,0,251.098274723989,0,0,0,236.681907140956,0,0,0,106.533627130087,276.620869034647,219.040656038919,320.356811100276,0,0,94.8881692391942,325.937289045041
0,0,0,0,0,175.196329314064,198.964527389285,0,0,0,0,0,0,0,0,0,0,259.055025639447,0,117.208001126138,0,0,0,0,0,208.005106191961,0,82.6426202489162,0,0,0,0,0,95.7590805983148,300.031143529538,0,100.812745974529,187.77054666536,0,0,0
0,0,0,195.378266313867,0,0,192.693757128262,0,0,0,0,0,0,0,0,0,259.055025639447,0,0,0,0,0,0,0,0,141.204637091722,0,220.901129804706,0,0,0,0,0,112.793316814908,204.481117647118,0,159.183173818572,0,0,195.314816908693,0
0,0,0,0,0,0,0,169.742003380707,0,0,184.249961885477,0,0,226.825099357786,0,0,0,0,0,0,0,0,73.1029054543569,215.611029055736,193.659409924573,0,146.814226519809,0,0,78.8552325762656,0,0,190.185165668632,0,0,0,97.5855511246009,0,89.3673883748406,62.311273509377,0
0,0,232.945974238958,0,0,80.4367166559625,0,242.790381480436,0,0,0,0,0,0,0,0,117.208001126138,0,0,0,104.369974912428,128.530575464043,0,0,0,197.893790332676,165.893015276821,101.443495235174,119.728129215699,0,0,76.5072790361762,139.654362654449,0,113.144980278377,161.325017232684,109.093416850988,0,0,151.806152521152,82.1742780037132
0,0,0,0,329.719143597451,0,0,0,0,306.344527664232,247.66948903751,0,0,0,0,0,0,0,0,104.369974912428,0,0,227.504408813069,116.176698124939,0,61.0664810463559,93.4234866874731,93.5029580098427,0,0,0,0,0,92.5568465385234,0,0,228.792310020318,0,0,173.001559092555,136.685314494491
0,0,0,0,0,253.401634605989,0,0,0,73.4795582048751,78.9559315574845,0,0,0,0,125.416941482916,0,0,0,128.530575464043,0,0,0,0,0,0,0,0,0,0,0,0,0,0,0,106.33736463831,128.405764333981,181.316358113209,0,0,0
0,0,0,0,87.8456058929559,0,167.066576495979,0,0,0,0,0,0,0,0,0,0,0,73.1029054543569,0,227.504408813069,0,0,252.487290983309,0,0,74.5815074003433,0,269.936825670274,131.969743415579,70.4221432298295,0,153.453047983244,231.050882209,0,303.527509149359,179.718364159796,0,0,261.440278806413,263.534399241887
0,0,0,0,0,0,62.859596780235,154.142998692322,0,0,0,143.005810983322,0,198.528111506785,122.106946855269,0,0,0,215.611029055736,0,116.176698124939,0,252.487290983309,0,0,240.185081663983,309.997227542691,84.3635741045246,192.135034768848,0,0,134.960780198024,0,186.348837226466,155.24952173131,154.065933476765,115.871357769661,120.567029282014,0,284.529238481835,0
0,0,0,0,321.124897279917,0,0,0,0,0,0,259.442917595754,0,0,161.74915061469,0,0,0,193.659409924573,0,0,0,0,0,0,0,0,199.492852797962,0,0,151.695570509541,0,0,212.592150359921,0,0,135.667029391615,89.707245288964,0,180.543851962045,0
180.355266595273,0,0,0,219.430938885781,133.984214699576,178.224497384947,0,138.33942793804,241.57250333243,0,194.442125915551,0,0,113.059176128709,251.098274723989,208.005106191961,141.204637091722,0,197.893790332676,61.0664810463559,0,0,240.185081663983,0,0,0,192.601533877686,0,0,0,0,0,80.8080171296381,0,81.9664354533492,115.194491798135,112.349934713559,0,0,71.4788760670054
0,142.054529471577,0,0,0,0,0,0,111.226326353722,0,161.275817184598,160.530221557972,157.852515740516,171.906398392157,0,0,0,0,146.814226519809,165.893015276821,93.4234866874731,0,74.5815074003433,309.997227542691,0,0,0,94.7280504127031,345.797434674459,0,0,0,0,119.345624434514,161.694997919804,177.763106506206,206.472608421747,163.945208919892,348.674510760064,0,111.435629183184
0,0,0,136.792307586862,0,188.936291522747,82.4756938751058,0,172.608400267715,0,101.85207633558,146.770754374523,92.5207898118833,140.574866691684,151.036729364761,0,82.6426202489162,220.901129804706,0,101.443495235174,93.5029580098427,0,0,84.3635741045246,199.492852797962,192.601533877686,94.7280504127031,0,171.230058197369,158.567996645797,0,108.381749703452,0,0,137.239127032733,98.417953423071,172.892533368851,139.93285932648,148.808626413748,188.851177466023,71.5579325720569
0,0,0,218.045528847001,0,255.441154257905,89.9429017381717,283.248188884028,0,146.99041817625,124.698445421759,196.04190773555,0,153.609372090384,0,0,0,0,0,119.728129215699,0,0,269.936825670274,192.135034768848,0,0,345.797434674459,171.230058197369,0,138.425725342224,0,0,0,205.183249704085,96.5937438588657,249.798812580765,228.075434767255,314.611698427915,0,220.963068032256,160.537522273714
0,0,0,0,0,0,0,0,201.44584889478,135.294330067913,0,241.682021696872,0,0,0,236.681907140956,0,0,78.8552325762656,0,0,0,131.969743415579,0,0,0,0,158.567996645797,138.425725342224,0,0,0,0,0,115.541295036174,0,0,0,249.905610015455,0,142.385058730083
0,221.805809452716,0,0,0,0,0,0,0,155.901486485736,0,0,0,0,0,0,0,0,0,0,0,0,70.4221432298295,0,151.695570509541,0,0,0,0,0,0,0,0,0,0,0,165.597665022977,0,0,85.7623170715703,0
0,0,0,124.853650664477,168.241326865882,0,0,0,0,0,201.100640800745,0,0,97.3232815600345,222.053792850439,0,0,0,0,76.5072790361762,0,0,0,134.960780198024,0,0,0,108.381749703452,0,0,0,0,0,134.566479261133,0,0,0,213.67670887414,0,0,97.3506957544063
0,0,0,0,0,0,0,0,0,0,0,0,0,0,0,0,0,0,190.185165668632,139.654362654449,0,0,153.453047983244,0,0,0,0,0,0,0,0,0,0,0,0,0,67.8267069095267,0,262.382215657622,0,0
0,0,0,0,106.926813611922,125.81518738273,0,0,173.201474590904,241.635434294794,289.631679007608,353.822894641502,114.511014214502,238.934743274142,193.777661225572,106.533627130087,95.7590805983148,112.793316814908,0,0,92.5568465385234,0,231.050882209,186.348837226466,212.592150359921,80.8080171296381,119.345624434514,0,205.183249704085,0,0,134.566479261133,0,0,103.519938150021,306.640284138334,195.822649557859,0,99.3508940827211,139.792601838991,202.712457066107
173.059382066957,180.90030328818,0,0,0,94.7529894315991,0,118.522099274347,0,261.605527103798,197.486504603685,145.74089716123,137.189596148386,224.551207449728,0,276.620869034647,300.031143529538,204.481117647118,0,113.144980278377,0,0,0,155.24952173131,0,0,161.694997919804,137.239127032733,96.5937438588657,115.541295036174,0,0,0,103.519938150021,0,231.715271819474,196.032358954952,101.5853655613,90.1317194604647,128.846764897717,250.461724766314
0,0,0,0,0,154.070293657878,0,115.332064605654,0,0,0,101.605593487621,0,0,99.2646516363145,219.040656038919,0,0,0,161.325017232684,0,106.33736463831,303.527509149359,154.065933476765,0,81.9664354533492,177.763106506206,98.417953423071,249.798812580765,0,0,0,0,306.640284138334,231.715271819474,0,209.996727521564,204.084074037941,0,154.784755881607,225.013371621378
115.114253591495,0,137.177378802006,224.523755099568,0,0,0,89.1590885155172,153.876396855887,191.519780382943,0,178.683678585178,0,115.868441404982,0,320.356811100276,100.812745974529,159.183173818572,97.5855511246009,109.093416850988,228.792310020318,128.405764333981,179.718364159796,115.871357769661,135.667029391615,115.194491798135,206.472608421747,172.892533368851,228.075434767255,0,165.597665022977,0,67.8267069095267,195.822649557859,196.032358954952,209.996727521564,0,101.895308036513,333.645516435298,0,94.027247878695
0,0,0,0,162.833808134102,0,0,112.823430872325,0,120.912756812582,0,116.054372245433,0,174.013630695256,0,0,187.77054666536,0,0,0,0,181.316358113209,0,120.567029282014,89.707245288964,112.349934713559,163.945208919892,139.93285932648,314.611698427915,0,0,213.67670887414,0,0,101.5853655613,204.084074037941,101.895308036513,0,161.302948562323,178.748963182352,98.2230592632363
0,0,0,0,0,0,205.839960264176,58.3493451392805,0,74.4197823064597,0,85.6072705949986,280.376028997576,0,0,0,0,0,89.3673883748406,0,0,0,0,0,0,0,348.674510760064,148.808626413748,0,249.905610015455,0,0,262.382215657622,99.3508940827211,90.1317194604647,0,333.645516435298,161.302948562323,0,338.131802716296,0
0,0,0,151.01089327964,211.840482897052,214.116367924649,94.9380989123498,158.955087279859,0,347.376449530863,193.63278243493,321.864157986053,0,106.128596538706,0,94.8881692391942,0,195.314816908693,62.311273509377,151.806152521152,173.001559092555,0,261.440278806413,284.529238481835,180.543851962045,0,0,188.851177466023,220.963068032256,0,85.7623170715703,0,0,139.792601838991,128.846764897717,154.784755881607,0,178.748963182352,338.131802716296,0,0
164.032723165762,0,0,0,0,217.157696745803,151.075371308616,0,0,0,169.453147353278,146.465927798921,0,0,186.973586461633,325.937289045041,0,0,0,82.1742780037132,136.685314494491,0,263.534399241887,0,0,71.4788760670054,111.435629183184,71.5579325720569,160.537522273714,142.385058730083,0,97.3506957544063,0,202.712457066107,250.461724766314,225.013371621378,94.027247878695,98.2230592632363,0,0,0
