0,0,0,0,284.529238481835,0,0,0,0,0,0,0,0,0,0,0,0,0,0,0,0,0,0,0,0,259.442917595754,0,0,0,0,0,0,0,99.2646516363145,0,115.868441404982,124.853650664477,0,0,0,66.5008477853491
0,0,0,0,0,139.654362654449,0,160.530221557972,101.605593487621,0,0,0,0,0,101.895308036513,0,0,0,0,0,0,0,0,0,0,106.33736463831,0,0,0,0,0,0,0,173.201474590904,0,0,0,0,172.892533368851,0,0
0,0,0,0,0,146.770754374523,0,0,0,114.511014214502,0,0,0,0,0,0,0,0,0,0,0,0,0,0,0,0,0,0,0,0,0,0,0,0,151.075371308616,0,283.248188884028,0,0,0,134.566479261133
0,0,0,0,0,142.385058730083,0,0,0,0,0,0,0,0,201.44584889478,0,0,222.053792850439,0,92.5207898118833,140.574866691684,0,0,0,0,0,0,98.6790043377568,0,0,0,0,0,206.472608421747,98.2230592632363,0,89.707245288964,306.640284138334,321.864157986053,242.790381480436,333.645516435298
284.529238481835,0,0,0,0,142.054529471577,92.5568465385234,0,0,89.9429017381717,0,78.8552325762656,0,0,136.685314494491,0,0,0,0,193.777661225572,0,0,0,0,0,195.822649557859,128.846764897717,71.5579325720569,0,0,0,0,0,0,321.124897279917,0,0,154.142998692322,87.8456058929559,0,120.912756812582
0,139.654362654449,146.770754374523,142.385058730083,142.054529471577,0,0,0,0,0,115.541295036174,0,240.185081663983,0,0,202.712457066107,0,0,0,118.522099274347,0,0,300.031143529538,0,171.906398392157,0,0,125.81518738273,0,0,0,0,171.230058197369,89.1590885155172,0,0,141.204637091722,0,0,0,0
0,0,0,0,92.5568465385234,0,0,112.793316814908,184.249961885477,0,0,0,0,154.070293657878,0,67.8267069095267,93.5029580098427,0,0,0,231.715271819474,0,153.876396855887,0,0,0,0,101.5853655613,167.066576495979,0,0,153.453047983244,0,161.302948562323,0,0,109.093416850988,0,0,0,0
0,160.530221557972,0,0,0,0,112.793316814908,0,76.5072790361762,0,0,0,0,206.912707094411,165.893015276821,223.705816669619,0,0,283.88658203332,0,0,0,188.851177466023,0,0,199.492852797962,0,139.93285932648,92.3502314520023,0,0,0,0,0,119.345624434514,263.534399241887,0,303.527509149359,0,98.417953423071,218.045528847001
0,101.605593487621,0,0,0,0,184.249961885477,76.5072790361762,0,0,0,0,178.748963182352,0,0,0,0,253.401634605989,0,0,0,0,0,133.984214699576,0,226.825099357786,120.567029282014,0,0,0,0,0,0,169.453147353278,0,0,0,0,0,111.226326353722,158.955087279859
0,0,114.511014214502,0,89.9429017381717,0,0,0,0,0,338.131802716296,95.7590805983148,0,195.378266313867,219.430938885781,0,115.194491798135,0,62.859596780235,0,0,0,0,0,173.001559092555,0,241.682021696872,209.996727521564,187.77054666536,0,0,280.376028997576,0,190.185165668632,0,162.833808134102,81.2827395071039,0,90.7216186966914,138.33942793804,0
0,0,0,0,0,115.541295036174,0,0,0,338.131802716296,0,224.551207449728,146.814226519809,186.348837226466,289.631679007608,0,0,0,0,0,0,0,104.915316975638,178.224497384947,0,0,183.786860782462,81.9664354533492,0,80.8080171296381,0,0,0,0,241.57250333243,0,70.4221432298295,110.384905066973,0,112.349934713559,208.005106191961
0,0,0,0,78.8552325762656,0,0,0,0,95.7590805983148,224.551207449728,0,0,131.969743415579,0,137.177378802006,195.314816908693,0,0,125.416941482916,100.812745974529,136.792307586862,0,82.6426202489162,198.964527389285,0,211.840482897052,179.718364159796,0,0,251.098274723989,0,0,164.032723165762,249.798812580765,161.694997919804,323.781250289068,157.852515740516,0,94.027247878695,145.74089716123
0,0,0,0,0,240.185081663983,0,0,178.748963182352,0,146.814226519809,0,0,220.901129804706,101.85207633558,0,0,0,0,0,0,0,0,0,0,0,0,0,0,0,0,0,0,0,0,0,0,0,0,85.6072705949986,0
0,0,0,0,0,0,154.070293657878,206.912707094411,0,195.378266313867,186.348837226466,131.969743415579,220.901129804706,0,0,0,0,0,0,0,97.5855511246009,0,0,0,0,94.7529894315991,0,0,0,0,0,194.442125915551,0,139.792601838991,113.144980278377,221.805809452716,178.683678585178,0,0,262.382215657622,0
0,101.895308036513,0,201.44584889478,136.685314494491,0,0,165.893015276821,0,219.430938885781,289.631679007608,0,101.85207633558,0,0,0,0,0,151.695570509541,0,0,0,82.6299537488922,0,0,0,0,0,0,0,0,0,0,250.461724766314,0,0,0,231.050882209,165.597665022977,0,0
0,0,0,0,0,202.712457066107,67.8267069095267,223.705816669619,0,0,0,137.177378802006,0,0,0,0,0,0,0,0,219.040656038919,97.3232815600345,137.189596148386,0,0,0,0,329.719143597451,0,238.934743274142,306.344527664232,0,0,0,115.332064605654,0,0,0,0,0,0
0,0,0,0,0,0,93.5029580098427,0,0,115.194491798135,0,195.314816908693,0,0,0,0,0,0,0,0,0,0,0,0,0,0,0,0,143.005810983322,0,0,0,146.465927798921,0,0,72.2278283150671,101.443495235174,180.543851962045,0,198.528111506785,353.822894641502
0,0,0,222.053792850439,0,0,0,0,253.401634605989,0,0,0,0,0,0,0,0,0,0,0,0,0,0,58.3493451392805,0,228.075434767255,0,163.945208919892,94.9380989123498,0,0,0,0,150.161410108805,0,0,191.519780382943,0,84.3635741045246,0,0
0,0,0,0,0,0,0,283.88658203332,0,62.859596780235,0,0,0,0,151.695570509541,0,0,0,0,0,0,0,0,0,0,219.078548227669,348.674510760064,135.294330067913,73.4795582048751,101.350815329073,0,161.325017232684,0,160.537522273714,94.7280504127031,0,0,0,0,116.054372245433,0
0,0,0,92.5207898118833,193.777661225572,118.522099274347,0,0,0,0,0,125.416941482916,0,0,0,0,0,0,0,0,0,0,0,193.63278243493,0,205.839960264176,175.196329314064,0,225.013371621378,241.635434294794,0,154.784755881607,0,94.8881692391942,80.4367166559625,73.1029054543569,186.973586461633,128.405764333981,155.901486485736,75.4497121078207,0
0,0,0,140.574866691684,0,0,231.715271819474,0,0,0,0,100.812745974529,0,97.5855511246009,0,219.040656038919,0,0,0,0,0,0,0,82.4756938751058,0,0,151.806152521152,232.945974238958,0,0,0,0,0,192.601533877686,215.611029055736,0,193.659409924573,158.567996645797,0,204.084074037941,0
0,0,0,0,0,0,0,0,0,0,0,136.792307586862,0,0,0,97.3232815600345,0,0,0,0,0,0,0,0,0,0,0,276.620869034647,0,0,0,205.09013266389,0,134.960780198024,0,181.316358113209,228.792310020318,0,0,0,236.681907140956
0,0,0,0,0,300.031143529538,153.876396855887,188.851177466023,0,0,104.915316975638,0,0,0,82.6299537488922,137.189596148386,0,0,0,0,0,0,0,314.611698427915,0,119.728129215699,252.487290983309,74.4197823064597,196.04190773555,169.742003380707,0,0,0,0,163.059043292369,0,155.24952173131,0,0,93.4234866874731,0
0,0,0,0,0,0,0,0,133.984214699576,0,178.224497384947,82.6426202489162,0,0,0,0,0,58.3493451392805,0,193.63278243493,82.4756938751058,0,314.611698427915,0,62.311273509377,347.376449530863,193.055010680236,85.7623170715703,261.440278806413,188.936291522747,0,0,106.926813611922,0,125.994729980093,103.519938150021,112.823430872325,106.533627130087,0,0,172.608400267715
0,0,0,0,0,171.906398392157,0,0,0,173.001559092555,0,198.964527389285,0,0,0,0,0,0,0,0,0,0,0,62.311273509377,0,0,153.672550905948,217.157696745803,335.371040201042,0,0,0,0,0,96.7845769653343,0,261.605527103798,0,0,122.106946855269,0
259.442917595754,106.33736463831,0,0,195.822649557859,0,0,199.492852797962,226.825099357786,0,0,0,0,94.7529894315991,0,0,0,228.075434767255,219.078548227669,205.839960264176,0,0,119.728129215699,347.376449530863,0,0,0,0,0,204.481117647118,0,0,173.059382066957,116.176698124939,201.100640800745,96.5937438588657,82.1742780037132,161.275817184598,0,138.425725342224,74.5815074003433
0,0,0,0,128.846764897717,0,0,0,120.567029282014,241.682021696872,183.786860782462,211.840482897052,0,0,0,0,0,0,348.674510760064,175.196329314064,151.806152521152,0,252.487290983309,193.055010680236,153.672550905948,0,0,0,108.381749703452,90.1317194604647,0,0,0,78.9559315574845,212.592150359921,137.239127032733,133.218162784108,74.7304794244225,192.135034768848,0,71.4788760670054
0,0,0,98.6790043377568,71.5579325720569,125.81518738273,101.5853655613,139.93285932648,0,209.996727521564,81.9664354533492,179.718364159796,0,0,0,329.719143597451,0,163.945208919892,135.294330067913,0,232.945974238958,276.620869034647,74.4197823064597,85.7623170715703,217.157696745803,0,0,0,197.486504603685,180.90030328818,0,97.3506957544063,0,99.3508940827211,124.698445421759,214.116367924649,220.963068032256,114.649126378906,196.032358954952,357.423078228283,259.055025639447
0,0,0,0,0,0,167.066576495979,92.3502314520023,0,187.77054666536,0,0,0,0,0,0,143.005810983322,94.9380989123498,73.4795582048751,225.013371621378,0,0,196.04190773555,261.440278806413,335.371040201042,0,108.381749703452,197.486504603685,0,0,146.99041817625,320.356811100276,0,205.183249704085,153.609372090384,197.893790332676,108.136066660554,161.74915061469,0,345.797434674459,159.183173818572
0,0,0,0,0,0,0,0,0,0,80.8080171296381,0,0,0,0,238.934743274142,0,0,101.350815329073,241.635434294794,0,0,169.742003380707,188.936291522747,0,204.481117647118,90.1317194604647,180.90030328818,0,0,0,0,0,0,0,0,151.036729364761,0,128.530575464043,0,0
0,0,0,0,0,0,0,0,0,0,0,251.098274723989,0,0,0,306.344527664232,0,0,0,0,0,0,0,0,0,0,0,0,146.99041817625,0,0,0,0,113.059176128709,0,0,0,0,0,61.0664810463559,135.667029391615
0,0,0,0,0,0,153.453047983244,0,0,280.376028997576,0,0,0,194.442125915551,0,0,0,0,161.325017232684,154.784755881607,0,205.09013266389,0,0,0,0,0,97.3506957544063,320.356811100276,0,0,0,0,173.538155409849,0,0,325.937289045041,0,0,0,269.936825670274
0,0,0,0,0,171.230058197369,0,0,0,0,0,0,0,0,0,0,146.465927798921,0,0,0,0,0,0,106.926813611922,0,173.059382066957,0,0,0,0,0,0,0,0,0,0,0,151.01089327964,0,0,0
99.2646516363145,173.201474590904,0,206.472608421747,0,89.1590885155172,161.302948562323,0,169.453147353278,190.185165668632,0,164.032723165762,0,139.792601838991,250.461724766314,0,0,150.161410108805,160.537522273714,94.8881692391942,192.601533877686,134.960780198024,0,0,0,116.176698124939,78.9559315574845,99.3508940827211,205.183249704085,0,113.059176128709,173.538155409849,0,0,213.67670887414,106.128596538706,154.065933476765,0,247.66948903751,227.504408813069,0
0,0,151.075371308616,98.2230592632363,321.124897279917,0,0,119.345624434514,0,0,241.57250333243,249.798812580765,0,113.144980278377,0,115.332064605654,0,0,94.7280504127031,80.4367166559625,215.611029055736,0,163.059043292369,125.994729980093,96.7845769653343,201.100640800745,212.592150359921,124.698445421759,153.609372090384,0,0,0,0,213.67670887414,0,115.114253591495,174.013630695256,192.693757128262,89.3673883748406,177.763106506206,200.878319874537
115.868441404982,0,0,0,0,0,0,263.534399241887,0,162.833808134102,0,161.694997919804,0,221.805809452716,0,0,72.2278283150671,0,0,73.1029054543569,0,181.316358113209,0,103.519938150021,0,96.5937438588657,137.239127032733,214.116367924649,197.893790332676,0,0,0,0,106.128596538706,115.114253591495,0,111.435629183184,180.355266595273,309.997227542691,255.441154257905,0
124.853650664477,0,283.248188884028,89.707245288964,0,141.204637091722,109.093416850988,0,0,81.2827395071039,70.4221432298295,323.781250289068,0,178.683678585178,0,0,101.443495235174,191.519780382943,0,186.973586461633,193.659409924573,228.792310020318,155.24952173131,112.823430872325,261.605527103798,82.1742780037132,133.218162784108,220.963068032256,108.136066660554,151.036729364761,0,325.937289045041,0,154.065933476765,174.013630695256,111.435629183184,0,104.369974912428,148.808626413748,249.905610015455,117.208001126138
0,0,0,306.640284138334,154.142998692322,0,0,303.527509149359,0,0,110.384905066973,157.852515740516,0,0,231.050882209,0,180.543851962045,0,0,128.405764333981,158.567996645797,0,0,106.533627130087,0,161.275817184598,74.7304794244225,114.649126378906,161.74915061469,0,0,0,151.01089327964,0,192.693757128262,180.355266595273,104.369974912428,0,0,224.523755099568,115.871357769661
0,172.892533368851,0,321.864157986053,87.8456058929559,0,0,0,0,90.7216186966914,0,0,0,0,165.597665022977,0,0,84.3635741045246,0,155.901486485736,0,0,0,0,0,0,192.135034768848,196.032358954952,0,128.530575464043,0,0,0,247.66948903751,89.3673883748406,309.997227542691,148.808626413748,0,0,94.126460729827,0
0,0,0,242.790381480436,0,0,0,98.417953423071,111.226326353722,138.33942793804,112.349934713559,94.027247878695,85.6072705949986,262.382215657622,0,0,198.528111506785,0,116.054372245433,75.4497121078207,204.084074037941,0,93.4234866874731,0,122.106946855269,138.425725342224,0,357.423078228283,345.797434674459,0,61.0664810463559,0,0,227.504408813069,177.763106506206,255.441154257905,249.905610015455,224.523755099568,94.126460729827,0,168.241326865882
66.5008477853491,0,134.566479261133,333.645516435298,120.912756812582,0,0,218.045528847001,158.955087279859,0,208.005106191961,145.74089716123,0,0,0,0,353.822894641502,0,0,0,0,236.681907140956,0,172.608400267715,0,74.5815074003433,71.4788760670054,259.055025639447,159.183173818572,0,135.667029391615,269.936825670274,0,0,200.878319874537,0,117.208001126138,115.871357769661,0,168.241326865882,0
