0,0,0,0,0,0,0,101.350815329073,0,0,0,0,0,0,0,0,0,92.3502314520023,0,0,0,0,0,0,0,75.4497121078207,259.442917595754,0,0,0,0,0,0,0,0,0,0,82.6426202489162,0,74.5815074003433,0
0,0,0,0,0,0,71.5579325720569,0,0,0,0,0,0,0,151.075371308616,74.7304794244225,0,0,0,0,0,0,0,0,0,238.934743274142,0,0,0,0,0,0,0,131.969743415579,0,0,247.66948903751,0,0,135.294330067913,0
0,0,0,0,164.032723165762,0,0,0,0,0,0,0,0,0,0,0,0,0,0,94.7529894315991,0,0,0,0,0,0,0,125.81518738273,0,0,0,0,0,66.5008477853491,122.106946855269,0,0,0,0,0,0
0,0,0,0,306.640284138334,241.635434294794,0,0,167.066576495979,0,0,134.566479261133,0,0,0,81.2827395071039,0,0,0,0,70.4221432298295,0,124.698445421759,0,0,208.005106191961,206.912707094411,0,0,0,0,0,0,108.136066660554,0,0,174.013630695256,0,222.053792850439,0,142.054529471577
0,0,164.032723165762,306.640284138334,0,82.6299537488922,0,224.523755099568,119.728129215699,0,225.013371621378,0,0,0,0,0,74.4197823064597,175.196329314064,0,0,0,0,0,0,115.871357769661,0,151.036729364761,0,100.812745974529,0,0,0,0,0,101.895308036513,62.859596780235,177.763106506206,0,0,0,0
0,0,0,241.635434294794,82.6299537488922,0,163.059043292369,0,0,0,0,160.537522273714,0,0,0,78.8552325762656,0,0,0,0,0,0,0,205.839960264176,0,184.249961885477,0,153.609372090384,58.3493451392805,0,138.425725342224,306.344527664232,0,82.1742780037132,249.905610015455,196.032358954952,0,0,0,0,0
0,71.5579325720569,0,0,0,163.059043292369,0,0,0,0,0,0,0,0,205.183249704085,0,0,168.241326865882,333.645516435298,219.040656038919,250.461724766314,0,181.316358113209,0,0,0,348.674510760064,0,0,0,0,0,0,161.325017232684,0,0,81.9664354533492,89.707245288964,0,94.126460729827,0
101.350815329073,0,0,0,224.523755099568,0,0,0,0,329.719143597451,0,195.314816908693,0,0,186.348837226466,151.01089327964,0,0,0,151.806152521152,269.936825670274,0,0,0,0,0,187.77054666536,209.996727521564,303.527509149359,0,0,0,0,0,125.416941482916,0,165.893015276821,90.1317194604647,136.685314494491,0,180.90030328818
0,0,0,167.066576495979,119.728129215699,0,0,0,0,0,0,0,0,289.631679007608,0,0,0,0,0,139.654362654449,0,0,0,0,0,0,85.6072705949986,96.5937438588657,95.7590805983148,0,0,0,0,300.031143529538,98.6790043377568,0,252.487290983309,120.567029282014,0,0,0
0,0,0,0,0,0,0,329.719143597451,0,0,0,101.5853655613,0,0,0,0,321.124897279917,93.5029580098427,0,283.88658203332,0,97.5855511246009,0,99.3508940827211,115.541295036174,0,0,211.840482897052,116.176698124939,155.901486485736,0,0,220.901129804706,0,309.997227542691,280.376028997576,67.8267069095267,357.423078228283,136.792307586862,0,139.93285932648
0,0,0,0,225.013371621378,0,0,0,0,0,0,0,0,0,219.078548227669,231.715271819474,0,0,0,0,106.533627130087,0,220.963068032256,138.33942793804,0,133.218162784108,153.672550905948,165.597665022977,0,111.435629183184,94.8881692391942,0,140.574866691684,0,0,0,195.822649557859,128.405764333981,0,146.99041817625,196.04190773555
0,0,0,134.566479261133,0,160.537522273714,0,195.314816908693,0,101.5853655613,0,0,0,325.937289045041,198.964527389285,0,0,0,116.054372245433,99.2646516363145,120.912756812582,0,236.681907140956,231.050882209,101.605593487621,153.876396855887,172.608400267715,124.853650664477,242.790381480436,0,0,0,0,158.567996645797,261.440278806413,0,180.355266595273,0,115.194491798135,0,94.9380989123498
0,0,0,0,0,0,0,0,0,0,0,0,0,0,0,0,0,0,0,0,0,0,0,0,0,223.705816669619,0,119.345624434514,62.311273509377,0,0,0,0,0,146.770754374523,0,0,194.442125915551,0,0,197.486504603685
0,0,0,0,0,0,0,0,289.631679007608,0,0,325.937289045041,0,0,0,0,0,0,0,0,82.4756938751058,0,0,94.7280504127031,0,218.045528847001,0,110.384905066973,114.511014214502,0,0,0,0,284.529238481835,261.605527103798,0,255.441154257905,173.059382066957,320.356811100276,101.85207633558,314.611698427915
0,151.075371308616,0,0,0,0,205.183249704085,186.348837226466,0,0,219.078548227669,198.964527389285,0,0,0,0,0,0,0,0,0,0,0,0,0,0,0,347.376449530863,117.208001126138,221.805809452716,0,224.551207449728,0,0,0,0,128.846764897717,0,0,201.44584889478,85.7623170715703
0,74.7304794244225,0,81.2827395071039,0,78.8552325762656,0,151.01089327964,0,0,231.715271819474,0,0,0,0,0,0,0,115.332064605654,0,0,0,226.825099357786,73.1029054543569,0,0,128.530575464043,0,0,0,0,0,0,186.973586461633,0,0,171.906398392157,0,0,0,0
0,0,0,0,74.4197823064597,0,0,0,0,321.124897279917,0,0,0,0,0,0,0,0,0,0,0,0,241.682021696872,212.592150359921,0,0,0,146.465927798921,61.0664810463559,0,0,0,0,143.005810983322,0,0,241.57250333243,0,0,161.694997919804,146.814226519809
92.3502314520023,0,0,0,175.196329314064,0,168.241326865882,0,0,93.5029580098427,0,0,0,0,0,0,0,0,0,0,0,0,0,0,0,0,0,178.683678585178,98.417953423071,0,0,0,0,0,150.161410108805,0,160.530221557972,0,0,0,151.695570509541
0,0,0,0,0,0,333.645516435298,0,0,0,0,116.054372245433,0,0,0,115.332064605654,0,0,0,0,191.519780382943,0,141.204637091722,0,0,139.792601838991,137.177378802006,0,0,0,0,114.649126378906,0,228.792310020318,76.5072790361762,0,228.075434767255,0,0,251.098274723989,0
0,0,94.7529894315991,0,0,0,219.040656038919,151.806152521152,139.654362654449,283.88658203332,0,99.2646516363145,0,0,0,0,0,0,0,0,217.157696745803,0,0,125.994729980093,0,112.793316814908,0,0,161.302948562323,0,158.955087279859,0,197.893790332676,193.659409924573,249.798812580765,0,192.601533877686,0,0,98.2230592632363,101.443495235174
0,0,0,70.4221432298295,0,0,250.461724766314,269.936825670274,0,0,106.533627130087,120.912756812582,0,82.4756938751058,0,0,0,0,191.519780382943,217.157696745803,0,155.24952173131,0,0,0,232.945974238958,0,92.5207898118833,0,0,0,0,0,106.33736463831,0,0,0,0,0,276.620869034647,0
0,0,0,0,0,0,0,0,0,97.5855511246009,0,0,0,0,0,0,0,0,0,0,155.24952173131,0,201.100640800745,0,0,0,0,153.453047983244,0,0,0,0,0,0,0,171.230058197369,145.74089716123,162.833808134102,0,80.8080171296381,0
0,0,0,124.698445421759,0,0,181.316358113209,0,0,0,220.963068032256,236.681907140956,0,0,0,226.825099357786,241.682021696872,0,141.204637091722,0,0,201.100640800745,0,0,148.808626413748,0,0,142.385058730083,0,0,133.984214699576,0,0,0,0,103.519938150021,90.7216186966914,96.7845769653343,0,338.131802716296,0
0,0,0,0,0,205.839960264176,0,0,0,99.3508940827211,138.33942793804,231.050882209,0,94.7280504127031,0,73.1029054543569,212.592150359921,0,0,125.994729980093,0,0,0,0,137.239127032733,0,178.748963182352,193.055010680236,78.9559315574845,72.2278283150671,0,111.226326353722,0,180.543851962045,213.67670887414,193.777661225572,0,0,188.851177466023,109.093416850988,0
0,0,0,0,115.871357769661,0,0,0,0,115.541295036174,0,101.605593487621,0,0,0,0,0,0,0,0,0,0,148.808626413748,137.239127032733,0,0,0,0,0,0,0,0,0,108.381749703452,335.371040201042,0,0,259.055025639447,199.492852797962,161.74915061469,0
75.4497121078207,238.934743274142,0,208.005106191961,0,184.249961885477,0,0,0,0,133.218162784108,153.876396855887,223.705816669619,218.045528847001,0,0,0,0,139.792601838991,112.793316814908,232.945974238958,0,0,0,0,0,163.945208919892,193.63278243493,0,0,0,154.784755881607,0,0,214.116367924649,73.4795582048751,183.786860782462,87.8456058929559,97.3506957544063,0,92.5568465385234
259.442917595754,0,0,206.912707094411,151.036729364761,0,348.674510760064,187.77054666536,85.6072705949986,0,153.672550905948,172.608400267715,0,0,0,128.530575464043,0,0,137.177378802006,0,0,0,0,178.748963182352,0,163.945208919892,0,0,157.852515740516,104.915316975638,0,0,0,0,104.369974912428,173.201474590904,134.960780198024,0,188.936291522747,200.878319874537,93.4234866874731
0,0,125.81518738273,0,0,153.609372090384,0,209.996727521564,96.5937438588657,211.840482897052,165.597665022977,124.853650664477,119.345624434514,110.384905066973,347.376449530863,0,146.465927798921,178.683678585178,0,0,92.5207898118833,153.453047983244,142.385058730083,193.055010680236,0,193.63278243493,0,0,202.712457066107,115.868441404982,0,198.528111506785,0,159.183173818572,195.378266313867,97.3232815600345,137.189596148386,0,89.9429017381717,89.1590885155172,94.027247878695
0,0,0,0,100.812745974529,58.3493451392805,0,303.527509149359,95.7590805983148,116.176698124939,0,242.790381480436,62.311273509377,114.511014214502,117.208001126138,0,61.0664810463559,98.417953423071,0,161.302948562323,0,0,0,78.9559315574845,0,0,157.852515740516,202.712457066107,0,227.504408813069,0,0,0,205.09013266389,0,169.453147353278,240.185081663983,0,112.349934713559,204.481117647118,0
0,0,0,0,0,0,0,0,0,155.901486485736,111.435629183184,0,0,0,221.805809452716,0,0,0,0,0,0,0,0,72.2278283150671,0,0,104.915316975638,115.868441404982,227.504408813069,0,0,0,0,204.084074037941,263.534399241887,0,106.926813611922,161.275817184598,0,0,0
0,0,0,0,0,138.425725342224,0,0,0,0,94.8881692391942,0,0,0,0,0,0,0,0,158.955087279859,0,0,133.984214699576,0,0,0,0,0,0,0,0,0,0,0,0,135.667029391615,0,0,169.742003380707,0,0
0,0,0,0,0,306.344527664232,0,0,0,0,0,0,0,0,224.551207449728,0,0,0,114.649126378906,0,0,0,0,111.226326353722,0,154.784755881607,0,198.528111506785,0,0,0,0,0,192.693757128262,0,192.135034768848,113.144980278377,0,0,178.224497384947,283.248188884028
0,0,0,0,0,0,0,0,0,220.901129804706,140.574866691684,0,0,0,0,0,0,0,0,197.893790332676,0,0,0,0,0,0,0,0,0,0,0,0,0,0,321.864157986053,106.128596538706,0,0,0,0,0
0,131.969743415579,66.5008477853491,108.136066660554,0,82.1742780037132,161.325017232684,0,300.031143529538,0,0,158.567996645797,0,284.529238481835,0,186.973586461633,143.005810983322,0,228.792310020318,193.659409924573,106.33736463831,0,0,180.543851962045,108.381749703452,0,0,159.183173818572,205.09013266389,204.084074037941,0,192.693757128262,0,0,172.892533368851,190.185165668632,154.070293657878,80.4367166559625,262.382215657622,215.611029055736,353.822894641502
0,0,122.106946855269,0,101.895308036513,249.905610015455,0,125.416941482916,98.6790043377568,309.997227542691,0,261.440278806413,146.770754374523,261.605527103798,0,0,0,150.161410108805,76.5072790361762,249.798812580765,0,0,0,213.67670887414,335.371040201042,214.116367924649,104.369974912428,195.378266313867,0,263.534399241887,0,0,321.864157986053,172.892533368851,0,118.522099274347,115.114253591495,206.472608421747,0,323.781250289068,253.401634605989
0,0,0,0,62.859596780235,196.032358954952,0,0,0,280.376028997576,0,0,0,0,0,0,0,0,0,0,0,171.230058197369,103.519938150021,193.777661225572,0,73.4795582048751,173.201474590904,97.3232815600345,169.453147353278,0,135.667029391615,192.135034768848,106.128596538706,190.185165668632,118.522099274347,0,71.4788760670054,113.059176128709,0,112.823430872325,84.3635741045246
0,247.66948903751,0,174.013630695256,177.763106506206,0,81.9664354533492,165.893015276821,252.487290983309,67.8267069095267,195.822649557859,180.355266595273,0,255.441154257905,128.846764897717,171.906398392157,241.57250333243,160.530221557972,228.075434767255,192.601533877686,0,145.74089716123,90.7216186966914,0,0,183.786860782462,134.960780198024,137.189596148386,240.185081663983,106.926813611922,0,113.144980278377,0,154.070293657878,115.114253591495,71.4788760670054,0,154.065933476765,0,154.142998692322,219.430938885781
82.6426202489162,0,0,0,0,0,89.707245288964,90.1317194604647,120.567029282014,357.423078228283,128.405764333981,0,194.442125915551,173.059382066957,0,0,0,0,0,0,0,162.833808134102,96.7845769653343,0,259.055025639447,87.8456058929559,0,0,0,161.275817184598,0,0,0,80.4367166559625,206.472608421747,113.059176128709,154.065933476765,0,173.001559092555,179.718364159796,173.538155409849
0,0,0,222.053792850439,0,0,0,136.685314494491,0,136.792307586862,0,115.194491798135,0,320.356811100276,0,0,0,0,0,0,0,0,0,188.851177466023,199.492852797962,97.3506957544063,188.936291522747,89.9429017381717,112.349934713559,0,169.742003380707,0,0,262.382215657622,0,0,0,173.001559092555,0,89.3673883748406,0
74.5815074003433,135.294330067913,0,0,0,0,94.126460729827,0,0,0,146.99041817625,0,0,101.85207633558,201.44584889478,0,161.694997919804,0,251.098274723989,98.2230592632363,276.620869034647,80.8080171296381,338.131802716296,109.093416850988,161.74915061469,0,200.878319874537,89.1590885155172,204.481117647118,0,0,178.224497384947,0,215.611029055736,323.781250289068,112.823430872325,154.142998692322,179.718364159796,89.3673883748406,0,345.797434674459
0,0,0,142.054529471577,0,0,0,180.90030328818,0,139.93285932648,196.04190773555,94.9380989123498,197.486504603685,314.611698427915,85.7623170715703,0,146.814226519809,151.695570509541,0,101.443495235174,0,0,0,0,0,92.5568465385234,93.4234866874731,94.027247878695,0,0,0,283.248188884028,0,353.822894641502,253.401634605989,84.3635741045246,219.430938885781,173.538155409849,0,345.797434674459,0
