0,0,0,0,0,0,0,0,0,0,0,87.8456058929559,0,100.812745974529,0,0,0,0,0,0,0,104.369974912428,0,280.376028997576,0,61.0664810463559,0,0,0,0,0,0,0,0,0,0,0,0,0,66.5008477853491,0
0,0,0,0,0,0,0,0,0,0,0,0,0,0,0,0,0,0,101.5853655613,184.249961885477,90.1317194604647,97.5855511246009,0,0,0,0,204.481117647118,177.763106506206,0,0,0,0,0,0,128.405764333981,0,0,0,0,0,0
0,0,0,0,0,0,0,0,179.718364159796,0,0,0,0,0,0,0,0,0,0,0,0,0,0,0,0,0,0,0,0,0,0,0,0,223.705816669619,0,0,98.417953423071,220.901129804706,0,0,92.5207898118833
0,0,0,0,0,0,0,0,0,74.7304794244225,0,0,0,0,0,250.461724766314,0,0,0,186.973586461633,115.868441404982,0,0,142.054529471577,0,0,192.601533877686,92.3502314520023,0,0,101.605593487621,0,0,71.5579325720569,122.106946855269,0,161.74915061469,125.994729980093,0,0,110.384905066973
0,0,0,0,0,0,134.960780198024,213.67670887414,0,106.926813611922,0,0,0,151.01089327964,96.7845769653343,0,0,0,0,259.442917595754,160.530221557972,0,0,0,0,0,0,165.597665022977,193.777661225572,0,0,109.093416850988,0,0,163.945208919892,172.608400267715,75.4497121078207,0,0,195.378266313867,0
0,0,0,0,0,0,0,0,0,101.443495235174,0,249.905610015455,0,0,0,0,94.126460729827,0,0,62.311273509377,0,0,89.1590885155172,0,0,174.013630695256,0,80.8080171296381,0,0,0,160.537522273714,0,193.055010680236,0,101.895308036513,153.876396855887,321.124897279917,128.530575464043,193.63278243493,0
0,0,0,0,134.960780198024,0,0,0,0,0,0,158.955087279859,0,0,0,0,0,0,236.681907140956,0,241.635434294794,0,90.7216186966914,192.693757128262,0,0,0,329.719143597451,0,0,0,124.853650664477,0,180.355266595273,161.325017232684,0,81.2827395071039,249.798812580765,73.1029054543569,0,0
0,0,0,0,213.67670887414,0,0,0,0,0,135.294330067913,98.6790043377568,0,108.136066660554,113.144980278377,0,0,0,0,0,0,0,0,178.224497384947,283.88658203332,0,0,165.893015276821,117.208001126138,192.135034768848,0,0,0,82.6299537488922,217.157696745803,0,186.348837226466,204.084074037941,0,163.059043292369,162.833808134102
0,0,179.718364159796,0,0,0,0,0,0,0,0,0,0,0,0,106.533627130087,0,0,173.538155409849,0,215.611029055736,0,153.672550905948,0,0,0,0,357.423078228283,0,0,0,112.349934713559,0,198.528111506785,0,345.797434674459,220.963068032256,269.936825670274,0,0,0
0,0,0,74.7304794244225,106.926813611922,101.443495235174,0,0,0,0,0,0,201.44584889478,238.934743274142,0,71.4788760670054,0,93.4234866874731,0,259.055025639447,0,0,106.33736463831,0,0,188.851177466023,0,101.350815329073,164.032723165762,0,0,242.790381480436,0,146.770754374523,114.649126378906,137.189596148386,0,196.04190773555,209.996727521564,0,0
0,0,0,0,0,0,0,135.294330067913,0,0,0,89.9429017381717,0,0,0,0,98.2230592632363,169.453147353278,104.915316975638,120.567029282014,0,0,111.435629183184,0,128.846764897717,199.492852797962,0,0,231.715271819474,158.567996645797,241.682021696872,116.054372245433,0,0,138.33942793804,0,0,0,0,221.805809452716,283.248188884028
87.8456058929559,0,0,0,0,249.905610015455,158.955087279859,98.6790043377568,0,0,89.9429017381717,0,195.822649557859,118.522099274347,187.77054666536,0,0,226.825099357786,0,0,335.371040201042,0,0,0,0,276.620869034647,0,251.098274723989,240.185081663983,140.574866691684,0,202.712457066107,0,347.376449530863,231.050882209,0,151.806152521152,214.116367924649,225.013371621378,0,106.128596538706
0,0,0,0,0,0,0,0,0,201.44584889478,0,195.822649557859,0,0,0,197.893790332676,0,0,0,0,0,0,0,0,0,0,0,206.912707094411,0,0,0,0,0,0,0,143.005810983322,0,0,0,219.040656038919,0
100.812745974529,0,0,0,151.01089327964,0,0,108.136066660554,0,238.934743274142,0,118.522099274347,0,0,0,0,0,0,0,0,0,0,219.078548227669,0,200.878319874537,155.24952173131,0,0,190.185165668632,0,0,0,0,0,0,139.792601838991,198.964527389285,115.332064605654,101.85207633558,0,227.504408813069
0,0,0,0,96.7845769653343,0,0,113.144980278377,0,0,0,187.77054666536,0,0,0,0,0,0,0,139.654362654449,0,173.059382066957,74.5815074003433,0,0,0,92.5568465385234,0,0,0,0,0,0,112.793316814908,167.066576495979,103.519938150021,0,112.823430872325,0,67.8267069095267,0
0,0,0,250.461724766314,0,0,0,0,106.533627130087,71.4788760670054,0,0,197.893790332676,0,0,0,0,0,0,0,0,0,0,94.027247878695,0,169.742003380707,0,0,219.430938885781,0,0,0,0,0,0,80.4367166559625,212.592150359921,224.551207449728,0,96.5937438588657,0
0,0,0,0,0,94.126460729827,0,0,0,0,98.2230592632363,0,0,0,0,0,0,0,0,94.7280504127031,0,0,97.3232815600345,201.100640800745,0,0,0,153.453047983244,70.4221432298295,0,0,0,0,0,0,62.859596780235,196.032358954952,0,115.194491798135,0,0
0,0,0,0,0,0,0,0,0,93.4234866874731,169.453147353278,226.825099357786,0,0,0,0,0,0,0,303.527509149359,0,0,0,137.177378802006,0,0,0,0,0,253.401634605989,0,0,0,73.4795582048751,85.6072705949986,0,175.196329314064,0,0,0,0
0,101.5853655613,0,0,0,0,236.681907140956,0,173.538155409849,0,104.915316975638,0,0,0,0,0,0,0,0,0,0,0,0,78.9559315574845,0,172.892533368851,99.3508940827211,136.792307586862,0,0,0,0,0,142.385058730083,353.822894641502,0,136.685314494491,0,0,261.605527103798,0
0,184.249961885477,0,186.973586461633,259.442917595754,62.311273509377,0,0,0,259.055025639447,120.567029282014,0,0,0,139.654362654449,0,94.7280504127031,303.527509149359,0,0,0,0,0,0,0,0,306.344527664232,0,108.381749703452,0,0,178.683678585178,0,97.3506957544063,0,154.065933476765,178.748963182352,0,0,241.57250333243,146.99041817625
0,90.1317194604647,0,115.868441404982,160.530221557972,0,241.635434294794,0,215.611029055736,0,0,335.371040201042,0,0,0,0,0,0,0,0,0,0,0,58.3493451392805,0,0,113.059176128709,0,81.9664354533492,0,0,0,0,0,321.864157986053,0,115.871357769661,0,131.969743415579,222.053792850439,0
104.369974912428,97.5855511246009,0,0,0,0,0,0,0,0,0,0,0,0,173.059382066957,0,0,0,0,0,0,0,0,0,0,284.529238481835,151.075371308616,0,146.465927798921,0,0,0,0,124.698445421759,0,0,0,0,0,0,114.511014214502
0,0,0,0,0,89.1590885155172,90.7216186966914,0,153.672550905948,106.33736463831,111.435629183184,0,0,219.078548227669,74.5815074003433,0,97.3232815600345,0,0,0,0,0,0,194.442125915551,0,133.984214699576,306.640284138334,348.674510760064,0,0,0,0,0,85.7623170715703,323.781250289068,0,0,0,0,0,180.90030328818
280.376028997576,0,0,142.054529471577,0,0,192.693757128262,178.224497384947,0,0,0,0,0,0,0,94.027247878695,201.100640800745,137.177378802006,78.9559315574845,0,58.3493451392805,0,194.442125915551,0,0,0,76.5072790361762,205.839960264176,0,0,0,0,218.045528847001,146.814226519809,228.792310020318,0,82.4756938751058,320.356811100276,0,161.275817184598,255.441154257905
0,0,0,0,0,0,0,283.88658203332,0,0,128.846764897717,0,0,200.878319874537,0,0,0,0,0,0,0,0,0,0,0,0,0,150.161410108805,0,0,0,0,0,154.142998692322,115.114253591495,139.93285932648,0,154.070293657878,138.425725342224,155.901486485736,0
61.0664810463559,0,0,0,0,174.013630695256,0,0,0,188.851177466023,199.492852797962,276.620869034647,0,155.24952173131,0,169.742003380707,0,0,172.892533368851,0,0,284.529238481835,133.984214699576,0,0,0,232.945974238958,151.036729364761,137.239127032733,0,0,0,0,148.808626413748,95.7590805983148,206.472608421747,135.667029391615,0,193.659409924573,94.7529894315991,153.609372090384
0,204.481117647118,0,192.601533877686,0,0,0,0,0,0,0,0,0,0,92.5568465385234,0,0,0,99.3508940827211,306.344527664232,113.059176128709,151.075371308616,306.640284138334,76.5072790361762,0,232.945974238958,0,116.176698124939,145.74089716123,0,161.694997919804,0,99.2646516363145,141.204637091722,151.695570509541,133.218162784108,115.541295036174,0,0,161.302948562323,168.241326865882
0,177.763106506206,0,92.3502314520023,165.597665022977,80.8080171296381,329.719143597451,165.893015276821,357.423078228283,101.350815329073,0,251.098274723989,206.912707094411,0,0,0,153.453047983244,0,136.792307586862,0,0,0,348.674510760064,205.839960264176,150.161410108805,151.036729364761,116.176698124939,0,0,195.314816908693,0,325.937289045041,262.382215657622,173.201474590904,289.631679007608,180.543851962045,157.852515740516,125.416941482916,0,208.005106191961,171.906398392157
0,0,0,0,193.777661225572,0,0,117.208001126138,0,164.032723165762,231.715271819474,240.185081663983,0,190.185165668632,0,219.430938885781,70.4221432298295,0,0,108.381749703452,81.9664354533492,146.465927798921,0,0,0,137.239127032733,145.74089716123,0,0,211.840482897052,0,0,0,119.345624434514,89.707245288964,0,120.912756812582,74.4197823064597,309.997227542691,111.226326353722,125.81518738273
0,0,0,0,0,0,0,192.135034768848,0,0,158.567996645797,140.574866691684,0,0,0,0,0,253.401634605989,0,0,0,0,0,0,0,0,0,195.314816908693,211.840482897052,0,0,0,0,228.075434767255,89.3673883748406,0,0,0,191.519780382943,205.09013266389,82.1742780037132
0,0,0,101.605593487621,0,0,0,0,0,0,241.682021696872,0,0,0,0,0,0,0,0,0,0,0,0,0,0,0,161.694997919804,0,0,0,0,0,0,0,338.131802716296,0,224.523755099568,0,0,0,252.487290983309
0,0,0,0,109.093416850988,160.537522273714,124.853650664477,0,112.349934713559,242.790381480436,116.054372245433,202.712457066107,0,0,0,0,0,0,0,178.683678585178,0,0,0,0,0,0,0,325.937289045041,0,0,0,0,0,171.230058197369,0,0,134.566479261133,0,0,0,0
0,0,0,0,0,0,0,0,0,0,0,0,0,0,0,0,0,0,0,0,0,0,0,218.045528847001,0,0,99.2646516363145,262.382215657622,0,0,0,0,0,0,0,0,94.8881692391942,0,0,0,183.786860782462
0,0,223.705816669619,71.5579325720569,0,193.055010680236,180.355266595273,82.6299537488922,198.528111506785,146.770754374523,0,347.376449530863,0,0,112.793316814908,0,0,73.4795582048751,142.385058730083,97.3506957544063,0,124.698445421759,85.7623170715703,146.814226519809,154.142998692322,148.808626413748,141.204637091722,173.201474590904,119.345624434514,228.075434767255,0,171.230058197369,0,0,0,0,247.66948903751,0,84.3635741045246,205.183249704085,154.784755881607
0,128.405764333981,0,122.106946855269,163.945208919892,0,161.325017232684,217.157696745803,0,114.649126378906,138.33942793804,231.050882209,0,0,167.066576495979,0,0,85.6072705949986,353.822894641502,0,321.864157986053,0,323.781250289068,228.792310020318,115.114253591495,95.7590805983148,151.695570509541,289.631679007608,89.707245288964,89.3673883748406,338.131802716296,0,0,0,0,300.031143529538,78.8552325762656,72.2278283150671,0,119.728129215699,0
0,0,0,0,172.608400267715,101.895308036513,0,0,345.797434674459,137.189596148386,0,0,143.005810983322,139.792601838991,103.519938150021,80.4367166559625,62.859596780235,0,0,154.065933476765,0,0,0,0,139.93285932648,206.472608421747,133.218162784108,180.543851962045,0,0,0,0,0,0,300.031143529538,0,93.5029580098427,197.486504603685,0,261.440278806413,94.9380989123498
0,0,98.417953423071,161.74915061469,75.4497121078207,153.876396855887,81.2827395071039,186.348837226466,220.963068032256,0,0,151.806152521152,0,198.964527389285,0,212.592150359921,196.032358954952,175.196329314064,136.685314494491,178.748963182352,115.871357769661,0,0,82.4756938751058,0,135.667029391615,115.541295036174,157.852515740516,120.912756812582,0,224.523755099568,134.566479261133,94.8881692391942,247.66948903751,78.8552325762656,93.5029580098427,0,314.611698427915,263.534399241887,82.6426202489162,333.645516435298
0,0,220.901129804706,125.994729980093,0,321.124897279917,249.798812580765,204.084074037941,269.936825670274,196.04190773555,0,214.116367924649,0,115.332064605654,112.823430872325,224.551207449728,0,0,0,0,0,0,0,320.356811100276,154.070293657878,0,0,125.416941482916,74.4197823064597,0,0,0,0,0,72.2278283150671,197.486504603685,314.611698427915,0,181.316358113209,159.183173818572,0
0,0,0,0,0,128.530575464043,73.1029054543569,0,0,209.996727521564,0,225.013371621378,0,101.85207633558,0,0,115.194491798135,0,0,0,131.969743415579,0,0,0,138.425725342224,193.659409924573,0,0,309.997227542691,191.519780382943,0,0,0,84.3635741045246,0,0,263.534399241887,181.316358113209,0,188.936291522747,0
66.5008477853491,0,0,0,195.378266313867,193.63278243493,0,163.059043292369,0,0,221.805809452716,0,219.040656038919,0,67.8267069095267,96.5937438588657,0,0,261.605527103798,241.57250333243,222.053792850439,0,0,161.275817184598,155.901486485736,94.7529894315991,161.302948562323,208.005106191961,111.226326353722,205.09013266389,0,0,0,205.183249704085,119.728129215699,261.440278806413,82.6426202489162,159.183173818572,188.936291522747,0,173.001559092555
0,0,92.5207898118833,110.384905066973,0,0,0,162.833808134102,0,0,283.248188884028,106.128596538706,0,227.504408813069,0,0,0,0,0,146.99041817625,0,114.511014214502,180.90030328818,255.441154257905,0,153.609372090384,168.241326865882,171.906398392157,125.81518738273,82.1742780037132,252.487290983309,0,183.786860782462,154.784755881607,0,94.9380989123498,333.645516435298,0,0,173.001559092555,0
