0,0,0,0,0,0,0,0,0,0,0,154.784755881607,0,0,0,0,0,0,0,0,0,0,0,0,0,309.997227542691,165.597665022977,220.901129804706,0,0,0,0,0,0,197.893790332676,0,100.812745974529,0,0,0,0
0,0,0,0,0,0,0,0,0,101.443495235174,0,190.185165668632,0,0,173.001559092555,0,0,0,0,0,0,0,0,109.093416850988,0,74.7304794244225,0,155.24952173131,0,0,0,0,0,0,0,0,0,0,0,333.645516435298,0
0,0,0,0,0,0,0,0,0,0,0,192.135034768848,0,0,0,0,0,0,0,0,0,0,0,0,0,0,0,0,0,0,0,0,0,347.376449530863,0,0,289.631679007608,0,139.93285932648,345.797434674459,0
0,0,0,0,0,0,195.822649557859,0,139.792601838991,0,0,0,0,0,0,0,0,0,0,0,0,314.611698427915,0,0,0,193.055010680236,0,0,186.973586461633,154.065933476765,0,112.349934713559,0,219.040656038919,184.249961885477,0,119.345624434514,98.6790043377568,193.777661225572,66.5008477853491,0
0,0,0,0,0,0,0,0,0,261.440278806413,0,0,0,0,228.792310020318,0,0,0,0,0,0,0,227.504408813069,179.718364159796,161.275817184598,0,192.693757128262,200.878319874537,118.522099274347,0,198.528111506785,0,0,122.106946855269,187.77054666536,242.790381480436,173.059382066957,0,0,0,82.1742780037132
0,0,0,0,0,0,82.6426202489162,0,115.114253591495,219.430938885781,0,220.963068032256,0,0,0,0,0,0,0,89.9429017381717,128.530575464043,0,0,0,0,161.694997919804,249.905610015455,117.208001126138,204.084074037941,0,0,0,0,115.871357769661,225.013371621378,172.608400267715,0,0,0,0,205.183249704085
0,0,0,195.822649557859,0,82.6426202489162,0,320.356811100276,62.859596780235,0,96.5937438588657,0,0,186.348837226466,0,0,0,97.3232815600345,0,0,0,93.4234866874731,0,0,0,0,0,0,158.567996645797,0,0,0,0,0,171.906398392157,0,125.81518738273,160.537522273714,0,0,104.369974912428
0,0,0,0,0,0,320.356811100276,0,0,0,238.934743274142,0,0,204.481117647118,0,154.070293657878,103.519938150021,0,252.487290983309,0,175.196329314064,0,0,101.895308036513,0,0,0,226.825099357786,0,92.5568465385234,0,0,0,171.230058197369,0,241.635434294794,221.805809452716,95.7590805983148,247.66948903751,142.054529471577,0
0,0,0,139.792601838991,0,115.114253591495,62.859596780235,0,0,0,94.7529894315991,0,0,0,231.715271819474,0,0,0,0,219.078548227669,0,0,0,0,0,0,151.695570509541,136.685314494491,0,0,0,0,0,113.144980278377,0,0,0,0,76.5072790361762,0,115.541295036174
0,101.443495235174,0,0,261.440278806413,219.430938885781,0,0,0,0,188.936291522747,108.136066660554,0,0,205.839960264176,0,0,92.3502314520023,0,0,259.442917595754,0,151.036729364761,0,0,74.4197823064597,0,165.893015276821,180.90030328818,0,0,325.937289045041,0,85.7623170715703,114.649126378906,0,0,0,128.846764897717,180.543851962045,193.63278243493
0,0,0,0,0,0,96.5937438588657,238.934743274142,94.7529894315991,188.936291522747,0,67.8267069095267,0,249.798812580765,0,0,0,0,0,81.2827395071039,0,0,223.705816669619,211.840482897052,0,194.442125915551,280.376028997576,0,241.682021696872,0,0,0,0,259.055025639447,231.050882209,0,106.33736463831,0,0,0,135.667029391615
154.784755881607,190.185165668632,192.135034768848,0,0,220.963068032256,0,0,0,108.136066660554,67.8267069095267,0,262.382215657622,0,158.955087279859,335.371040201042,0,0,0,146.465927798921,0,0,0,61.0664810463559,0,0,0,240.185081663983,0,116.176698124939,0,0,101.605593487621,213.67670887414,106.128596538706,178.224497384947,217.157696745803,321.864157986053,0,250.461724766314,202.712457066107
0,0,0,0,0,0,0,0,0,0,0,262.382215657622,0,0,0,0,0,0,0,0,0,0,0,0,0,0,153.609372090384,0,0,0,0,0,0,0,133.218162784108,0,114.511014214502,141.204637091722,0,84.3635741045246,0
0,0,0,0,0,0,186.348837226466,204.481117647118,0,0,249.798812580765,0,0,0,153.453047983244,0,0,0,0,269.936825670274,0,0,94.9380989123498,172.892533368851,0,0,178.683678585178,209.996727521564,0,353.822894641502,0,0,0,0,0,201.44584889478,94.8881692391942,0,124.698445421759,101.350815329073,0
0,173.001559092555,0,0,228.792310020318,0,0,0,231.715271819474,205.839960264176,0,158.955087279859,0,153.453047983244,0,98.2230592632363,0,0,0,0,0,0,0,0,0,232.945974238958,137.177378802006,0,0,0,0,0,0,199.492852797962,0,197.486504603685,192.601533877686,0,0,0,0
0,0,0,0,0,0,0,154.070293657878,0,0,0,335.371040201042,0,0,98.2230592632363,0,0,0,0,174.013630695256,0,163.059043292369,137.189596148386,119.728129215699,0,0,128.405764333981,92.5207898118833,124.853650664477,0,0,0,0,0,161.74915061469,0,0,0,0,0,0
0,0,0,0,0,0,0,103.519938150021,0,0,0,0,0,0,0,0,0,0,0,0,160.530221557972,0,0,0,215.611029055736,94.027247878695,0,0,0,0,82.6299537488922,0,0,108.381749703452,241.57250333243,89.1590885155172,0,153.672550905948,0,195.378266313867,0
0,0,0,0,0,0,97.3232815600345,0,0,92.3502314520023,0,0,0,0,0,0,0,0,0,0,99.3508940827211,0,0,58.3493451392805,94.7280504127031,0,0,161.302948562323,0,0,0,0,0,0,0,0,137.239127032733,115.194491798135,0,150.161410108805,0
0,0,0,0,0,0,0,252.487290983309,0,0,0,0,0,0,0,0,0,0,0,0,321.124897279917,0,104.915316975638,0,0,0,338.131802716296,251.098274723989,0,0,0,163.945208919892,0,206.472608421747,133.984214699576,0,111.435629183184,116.054372245433,0,80.4367166559625,80.8080171296381
0,0,0,0,0,89.9429017381717,0,0,219.078548227669,0,81.2827395071039,146.465927798921,0,269.936825670274,0,174.013630695256,0,0,0,0,71.5579325720569,0,0,0,0,0,0,96.7845769653343,159.183173818572,0,0,0,0,164.032723165762,87.8456058929559,283.88658203332,93.5029580098427,157.852515740516,115.332064605654,236.681907140956,89.3673883748406
0,0,0,0,0,128.530575464043,0,175.196329314064,0,259.442917595754,0,0,0,0,0,0,160.530221557972,99.3508940827211,321.124897279917,71.5579325720569,0,198.964527389285,0,0,0,0,0,0,0,145.74089716123,0,0,0,0,85.6072705949986,0,99.2646516363145,106.533627130087,153.876396855887,0,0
0,0,0,314.611698427915,0,0,93.4234866874731,0,0,0,0,0,0,0,0,163.059043292369,0,0,0,0,198.964527389285,0,89.707245288964,0,0,0,0,0,0,0,0,0,0,140.574866691684,0,0,115.868441404982,0,0,112.823430872325,0
0,0,0,0,227.504408813069,0,0,0,0,151.036729364761,223.705816669619,0,0,94.9380989123498,0,137.189596148386,0,0,104.915316975638,0,0,89.707245288964,0,131.969743415579,0,0,183.786860782462,168.241326865882,0,78.8552325762656,0,0,0,125.416941482916,0,224.551207449728,0,224.523755099568,0,0,306.344527664232
0,109.093416850988,0,0,179.718364159796,0,0,101.895308036513,0,0,211.840482897052,61.0664810463559,0,172.892533368851,0,119.728129215699,0,58.3493451392805,0,0,0,0,131.969743415579,0,134.566479261133,0,138.33942793804,161.325017232684,195.314816908693,0,0,0,0,97.5855511246009,73.4795582048751,283.248188884028,0,196.04190773555,162.833808134102,0,106.926813611922
0,0,0,0,161.275817184598,0,0,0,0,0,0,0,0,0,0,0,215.611029055736,94.7280504127031,0,0,0,0,0,134.566479261133,0,193.659409924573,0,196.032358954952,97.3506957544063,0,0,0,0,0,0,348.674510760064,82.4756938751058,146.770754374523,0,0,0
309.997227542691,74.7304794244225,0,193.055010680236,0,161.694997919804,0,0,0,74.4197823064597,194.442125915551,0,0,0,232.945974238958,0,94.027247878695,0,0,0,0,0,0,0,193.659409924573,0,169.453147353278,143.005810983322,148.808626413748,0,284.529238481835,154.142998692322,0,0,261.605527103798,112.793316814908,300.031143529538,0,151.01089327964,90.1317194604647,120.567029282014
165.597665022977,0,0,0,192.693757128262,249.905610015455,0,0,151.695570509541,0,280.376028997576,0,153.609372090384,178.683678585178,137.177378802006,128.405764333981,0,0,338.131802716296,0,0,0,183.786860782462,138.33942793804,0,169.453147353278,0,0,0,0,0,357.423078228283,255.441154257905,136.792307586862,0,0,0,228.075434767255,146.99041817625,70.4221432298295,178.748963182352
220.901129804706,155.24952173131,0,0,200.878319874537,117.208001126138,0,226.825099357786,136.685314494491,165.893015276821,0,240.185081663983,0,209.996727521564,0,92.5207898118833,0,161.302948562323,251.098274723989,96.7845769653343,0,0,168.241326865882,161.325017232684,196.032358954952,143.005810983322,0,0,181.316358113209,188.851177466023,0,155.901486485736,303.527509149359,276.620869034647,62.311273509377,0,151.806152521152,101.5853655613,75.4497121078207,101.85207633558,0
0,0,0,186.973586461633,118.522099274347,204.084074037941,158.567996645797,0,0,180.90030328818,241.682021696872,0,0,0,0,124.853650664477,0,0,0,159.183173818572,0,0,0,195.314816908693,97.3506957544063,148.808626413748,0,181.316358113209,0,125.994729980093,0,253.401634605989,0,169.742003380707,146.814226519809,78.9559315574845,81.9664354533492,201.100640800745,0,120.912756812582,329.719143597451
0,0,0,154.065933476765,0,0,0,92.5568465385234,0,0,0,116.176698124939,0,353.822894641502,0,0,0,0,0,0,145.74089716123,0,78.8552325762656,0,0,0,0,188.851177466023,125.994729980093,0,0,0,0,0,98.417953423071,0,0,0,0,74.5815074003433,263.534399241887
0,0,0,0,198.528111506785,0,0,0,0,0,0,0,0,0,0,0,82.6299537488922,0,0,0,0,0,0,0,0,284.529238481835,0,0,0,0,0,0,0,0,0,90.7216186966914,151.075371308616,0,0,306.640284138334,0
0,0,0,112.349934713559,0,0,0,0,0,325.937289045041,0,0,0,0,0,0,0,0,163.945208919892,0,0,0,0,0,0,154.142998692322,357.423078228283,155.901486485736,253.401634605989,0,0,0,0,0,113.059176128709,0,214.116367924649,142.385058730083,0,180.355266595273,0
0,0,0,0,0,0,0,0,0,0,0,101.605593487621,0,0,0,0,0,0,0,0,0,0,0,0,0,0,255.441154257905,303.527509149359,0,0,0,0,0,222.053792850439,0,0,323.781250289068,0,0,0,0
0,0,347.376449530863,219.040656038919,122.106946855269,115.871357769661,0,171.230058197369,113.144980278377,85.7623170715703,259.055025639447,213.67670887414,0,0,199.492852797962,0,108.381749703452,0,206.472608421747,164.032723165762,0,140.574866691684,125.416941482916,97.5855511246009,0,0,136.792307586862,276.620869034647,169.742003380707,0,0,0,222.053792850439,0,218.045528847001,173.201474590904,177.763106506206,139.654362654449,208.005106191961,0,167.066576495979
197.893790332676,0,0,184.249961885477,187.77054666536,225.013371621378,171.906398392157,0,0,114.649126378906,231.050882209,106.128596538706,133.218162784108,0,0,161.74915061469,241.57250333243,0,133.984214699576,87.8456058929559,85.6072705949986,0,0,73.4795582048751,0,261.605527103798,0,62.311273509377,146.814226519809,98.417953423071,0,113.059176128709,0,218.045528847001,0,191.519780382943,205.09013266389,0,0,94.126460729827,206.912707094411
0,0,0,0,242.790381480436,172.608400267715,0,241.635434294794,0,0,0,178.224497384947,0,201.44584889478,197.486504603685,0,89.1590885155172,0,0,283.88658203332,0,0,224.551207449728,283.248188884028,348.674510760064,112.793316814908,0,0,78.9559315574845,0,90.7216186966914,0,0,173.201474590904,191.519780382943,0,73.1029054543569,0,0,138.425725342224,111.226326353722
100.812745974529,0,289.631679007608,119.345624434514,173.059382066957,0,125.81518738273,221.805809452716,0,0,106.33736463831,217.157696745803,114.511014214502,94.8881692391942,192.601533877686,0,0,137.239127032733,111.435629183184,93.5029580098427,99.2646516363145,115.868441404982,0,0,82.4756938751058,300.031143529538,0,151.806152521152,81.9664354533492,0,151.075371308616,214.116367924649,323.781250289068,177.763106506206,205.09013266389,73.1029054543569,0,212.592150359921,173.538155409849,110.384905066973,134.960780198024
0,0,0,98.6790043377568,0,0,160.537522273714,95.7590805983148,0,0,0,321.864157986053,141.204637091722,0,0,0,153.672550905948,115.194491798135,116.054372245433,157.852515740516,106.533627130087,0,224.523755099568,196.04190773555,146.770754374523,0,228.075434767255,101.5853655613,201.100640800745,0,0,142.385058730083,0,139.654362654449,0,0,212.592150359921,0,0,135.294330067913,0
0,0,139.93285932648,193.777661225572,0,0,0,247.66948903751,76.5072790361762,128.846764897717,0,0,0,124.698445421759,0,0,0,0,0,115.332064605654,153.876396855887,0,0,162.833808134102,0,151.01089327964,146.99041817625,75.4497121078207,0,0,0,0,0,208.005106191961,0,0,173.538155409849,0,0,0,71.4788760670054
0,333.645516435298,345.797434674459,66.5008477853491,0,0,0,142.054529471577,0,180.543851962045,0,250.461724766314,84.3635741045246,101.350815329073,0,0,195.378266313867,150.161410108805,80.4367166559625,236.681907140956,0,112.823430872325,0,0,0,90.1317194604647,70.4221432298295,101.85207633558,120.912756812582,74.5815074003433,306.640284138334,180.355266595273,0,0,94.126460729827,138.425725342224,110.384905066973,135.294330067913,0,0,72.2278283150671
0,0,0,0,82.1742780037132,205.183249704085,104.369974912428,0,115.541295036174,193.63278243493,135.667029391615,202.712457066107,0,0,0,0,0,0,80.8080171296381,89.3673883748406,0,0,306.344527664232,106.926813611922,0,120.567029282014,178.748963182352,0,329.719143597451,263.534399241887,0,0,0,167.066576495979,206.912707094411,111.226326353722,134.960780198024,0,71.4788760670054,72.2278283150671,0
