0,0,0,0,0,0,0,0,0,0,0,0,0,200.878319874537,0,0,0,0,0,0,0,0,0,0,186.973586461633,0,0,0,0,0,0,0,0,204.481117647118,119.345624434514,0,0,0,218.045528847001,148.808626413748,0
0,0,0,0,0,0,0,0,0,76.5072790361762,0,0,0,0,89.3673883748406,0,0,0,0,0,0,133.984214699576,0,0,0,0,0,0,0,97.3232815600345,0,300.031143529538,0,199.492852797962,0,0,348.674510760064,0,0,0,0
0,0,0,146.465927798921,0,0,0,0,0,0,0,0,0,0,0,0,0,0,0,289.631679007608,0,0,0,0,0,0,128.530575464043,193.055010680236,0,0,0,0,0,0,0,0,0,81.2827395071039,0,0,0
0,0,146.465927798921,0,0,259.442917595754,106.128596538706,0,0,78.8552325762656,0,94.9380989123498,0,0,0,125.416941482916,0,0,0,172.608400267715,0,0,0,0,0,0,93.4234866874731,0,0,96.7845769653343,0,0,0,0,74.4197823064597,80.8080171296381,0,0,0,178.224497384947,198.964527389285
0,0,0,0,0,0,284.529238481835,116.054372245433,0,0,0,134.960780198024,0,0,0,0,0,0,0,0,0,74.5815074003433,173.059382066957,142.054529471577,0,219.430938885781,120.912756812582,179.718364159796,0,0,0,0,0,119.728129215699,0,89.707245288964,67.8267069095267,172.892533368851,329.719143597451,0,0
0,0,0,259.442917595754,0,0,0,153.453047983244,0,0,0,122.106946855269,0,241.57250333243,177.763106506206,0,0,0,0,0,0,0,0,113.059176128709,0,125.994729980093,82.6299537488922,85.7623170715703,0,145.74089716123,0,0,0,0,0,161.74915061469,136.685314494491,0,0,231.050882209,188.936291522747
0,0,0,106.128596538706,284.529238481835,0,0,338.131802716296,0,263.534399241887,101.443495235174,206.912707094411,0,0,0,0,0,0,0,0,0,108.381749703452,0,0,0,115.194491798135,0,98.2230592632363,0,0,0,0,0,197.486504603685,0,0,347.376449530863,167.066576495979,0,0,135.294330067913
0,0,0,0,116.054372245433,153.453047983244,338.131802716296,0,0,0,90.7216186966914,94.8881692391942,0,261.440278806413,0,0,0,309.997227542691,0,192.693757128262,0,0,116.176698124939,333.645516435298,0,0,224.551207449728,0,0,0,154.070293657878,0,0,0,259.055025639447,197.893790332676,191.519780382943,0,0,141.204637091722,0
0,0,0,0,0,0,0,0,0,0,306.344527664232,357.423078228283,0,101.85207633558,0,0,0,0,221.805809452716,151.695570509541,173.538155409849,0,0,0,0,227.504408813069,0,0,0,0,0,0,0,0,0,201.100640800745,175.196329314064,0,66.5008477853491,240.185081663983,0
0,76.5072790361762,0,78.8552325762656,0,0,263.534399241887,0,0,0,138.33942793804,0,0,0,0,98.6790043377568,0,131.969743415579,142.385058730083,0,134.566479261133,0,161.325017232684,155.24952173131,0,222.053792850439,208.005106191961,0,71.4788760670054,0,0,0,0,214.116367924649,135.667029391615,220.963068032256,0,87.8456058929559,0,204.084074037941,0
0,0,0,0,0,0,101.443495235174,90.7216186966914,306.344527664232,138.33942793804,0,0,0,0,0,0,0,112.793316814908,0,223.705816669619,206.472608421747,0,190.185165668632,120.567029282014,0,192.135034768848,0,193.63278243493,151.036729364761,249.905610015455,0,0,0,247.66948903751,0,217.157696745803,0,72.2278283150671,0,0,0
0,0,0,94.9380989123498,134.960780198024,122.106946855269,206.912707094411,94.8881692391942,357.423078228283,0,0,0,0,180.543851962045,0,241.682021696872,202.712457066107,103.519938150021,0,143.005810983322,0,0,0,0,0,0,160.530221557972,111.226326353722,250.461724766314,85.6072705949986,0,154.784755881607,0,0,236.681907140956,0,211.840482897052,158.567996645797,0,219.078548227669,306.640284138334
0,0,0,0,0,0,0,0,0,0,0,0,0,0,0,0,0,251.098274723989,0,283.88658203332,0,0,0,0,0,0,0,195.314816908693,0,0,0,0,0,0,0,0,228.792310020318,0,0,113.144980278377,220.901129804706
200.878319874537,0,0,0,0,241.57250333243,0,261.440278806413,101.85207633558,0,0,180.543851962045,0,0,0,0,0,0,0,0,0,151.075371308616,0,0,0,196.04190773555,115.541295036174,303.527509149359,162.833808134102,0,0,0,0,232.945974238958,184.249961885477,0,353.822894641502,0,0,128.846764897717,0
0,89.3673883748406,0,0,0,177.763106506206,0,0,0,0,0,0,0,0,0,280.376028997576,0,0,0,0,0,0,153.609372090384,92.3502314520023,0,0,98.417953423071,0,153.876396855887,0,0,0,0,124.698445421759,154.142998692322,0,193.659409924573,0,0,154.065933476765,111.435629183184
0,0,0,125.416941482916,0,0,0,0,0,98.6790043377568,0,241.682021696872,0,0,280.376028997576,0,0,92.5568465385234,0,0,0,0,0,0,115.868441404982,0,0,0,0,0,0,178.683678585178,0,321.124897279917,193.777661225572,0,0,73.1029054543569,0,180.355266595273,0
0,0,0,0,0,0,0,0,0,0,0,202.712457066107,0,0,0,0,0,0,0,101.895308036513,99.2646516363145,0,325.937289045041,0,0,165.597665022977,0,0,0,0,0,252.487290983309,0,96.5937438588657,0,0,0,0,146.814226519809,61.0664810463559,115.871357769661
0,0,0,0,0,0,0,309.997227542691,0,131.969743415579,112.793316814908,103.519938150021,251.098274723989,0,0,92.5568465385234,0,0,0,0,0,0,150.161410108805,0,0,0,0,0,226.825099357786,0,0,0,0,0,0,0,163.945208919892,0,0,0,0
0,0,0,0,0,0,0,0,221.805809452716,142.385058730083,0,0,0,0,0,0,0,0,0,0,0,0,0,0,0,114.649126378906,158.955087279859,323.781250289068,0,0,0,0,209.996727521564,180.90030328818,101.605593487621,0,89.1590885155172,161.694997919804,0,136.792307586862,82.6426202489162
0,0,289.631679007608,172.608400267715,0,0,0,192.693757128262,151.695570509541,0,223.705816669619,143.005810983322,283.88658203332,0,0,0,101.895308036513,0,0,0,231.715271819474,0,0,269.936825670274,104.369974912428,139.792601838991,0,118.522099274347,114.511014214502,0,0,0,0,181.316358113209,262.382215657622,0,161.302948562323,0,0,0,0
0,0,0,0,0,0,0,0,173.538155409849,134.566479261133,206.472608421747,0,0,0,0,0,99.2646516363145,0,0,231.715271819474,0,0,82.1742780037132,321.864157986053,0,0,0,0,58.3493451392805,0,0,0,0,173.001559092555,70.4221432298295,0,345.797434674459,0,196.032358954952,101.350815329073,0
0,133.984214699576,0,0,74.5815074003433,0,108.381749703452,0,0,0,0,0,0,151.075371308616,0,0,0,0,0,0,0,0,0,0,0,0,0,137.189596148386,0,0,0,0,0,314.611698427915,0,283.248188884028,0,0,0,0,155.901486485736
0,0,0,0,173.059382066957,0,0,116.176698124939,0,161.325017232684,190.185165668632,0,0,0,153.609372090384,0,325.937289045041,150.161410108805,0,0,82.1742780037132,0,0,0,0,163.059043292369,0,94.7529894315991,112.823430872325,0,0,0,0,74.7304794244225,0,0,94.7280504127031,0,160.537522273714,104.915316975638,0
0,0,0,0,142.054529471577,113.059176128709,0,333.645516435298,0,155.24952173131,120.567029282014,0,0,0,92.3502314520023,0,0,0,0,269.936825670274,321.864157986053,0,0,0,0,0,0,124.853650664477,106.533627130087,205.183249704085,201.44584889478,159.183173818572,0,146.99041817625,75.4497121078207,195.378266313867,125.81518738273,0,249.798812580765,0,146.770754374523
186.973586461633,0,0,0,0,0,0,0,0,0,0,0,0,0,0,115.868441404982,0,0,0,104.369974912428,0,0,0,0,0,165.893015276821,0,0,173.201474590904,0,0,0,0,0,215.611029055736,0,62.859596780235,71.5579325720569,212.592150359921,0,80.4367166559625
0,0,0,0,219.430938885781,125.994729980093,115.194491798135,0,227.504408813069,222.053792850439,192.135034768848,0,0,196.04190773555,0,0,165.597665022977,0,114.649126378906,139.792601838991,0,0,163.059043292369,0,165.893015276821,0,101.5853655613,171.230058197369,241.635434294794,178.748963182352,0,0,0,186.348837226466,112.349934713559,0,106.926813611922,139.93285932648,0,0,0
0,0,128.530575464043,93.4234866874731,120.912756812582,82.6299537488922,0,224.551207449728,0,208.005106191961,0,160.530221557972,0,115.541295036174,98.417953423071,0,0,0,158.955087279859,0,0,0,0,0,0,101.5853655613,0,108.136066660554,0,0,0,198.528111506785,255.441154257905,168.241326865882,73.4795582048751,109.093416850988,225.013371621378,0,62.311273509377,139.654362654449,0
0,0,193.055010680236,0,179.718364159796,85.7623170715703,98.2230592632363,0,0,0,193.63278243493,111.226326353722,195.314816908693,303.527509149359,0,0,0,0,323.781250289068,118.522099274347,0,137.189596148386,94.7529894315991,124.853650664477,0,171.230058197369,108.136066660554,0,169.742003380707,320.356811100276,81.9664354533492,90.1317194604647,0,138.425725342224,94.126460729827,194.442125915551,137.239127032733,110.384905066973,171.906398392157,92.5207898118833,106.33736463831
0,0,0,0,0,0,0,0,0,71.4788760670054,151.036729364761,250.461724766314,0,162.833808134102,153.876396855887,0,0,226.825099357786,0,114.511014214502,58.3493451392805,0,112.823430872325,106.533627130087,173.201474590904,241.635434294794,0,169.742003380707,0,0,0,219.040656038919,157.852515740516,0,205.09013266389,95.7590805983148,261.605527103798,0,161.275817184598,213.67670887414,335.371040201042
0,97.3232815600345,0,96.7845769653343,0,145.74089716123,0,0,0,0,249.905610015455,85.6072705949986,0,0,0,0,0,0,0,0,0,0,0,205.183249704085,0,178.748963182352,0,320.356811100276,0,0,188.851177466023,0,0,0,0,0,100.812745974529,93.5029580098427,0,0,0
0,0,0,0,0,0,0,154.070293657878,0,0,0,0,0,0,0,0,0,0,0,0,0,0,0,201.44584889478,0,0,0,81.9664354533492,0,188.851177466023,0,0,0,0,0,0,0,89.9429017381717,0,0,115.332064605654
0,300.031143529538,0,0,0,0,0,0,0,0,0,154.784755881607,0,0,0,178.683678585178,252.487290983309,0,0,0,0,0,0,159.183173818572,0,0,198.528111506785,90.1317194604647,219.040656038919,0,0,0,0,0,117.208001126138,0,164.032723165762,0,0,140.574866691684,0
0,0,0,0,0,0,0,0,0,0,0,0,0,0,0,0,0,0,209.996727521564,0,0,0,0,0,0,0,255.441154257905,0,157.852515740516,0,0,0,0,0,78.9559315574845,224.523755099568,0,0,0,0,0
204.481117647118,199.492852797962,0,0,119.728129215699,0,197.486504603685,0,0,214.116367924649,247.66948903751,0,0,232.945974238958,124.698445421759,321.124897279917,96.5937438588657,0,180.90030328818,181.316358113209,173.001559092555,314.611698427915,74.7304794244225,146.99041817625,0,186.348837226466,168.241326865882,138.425725342224,0,0,0,0,0,0,84.3635741045246,253.401634605989,97.5855511246009,99.3508940827211,205.839960264176,115.114253591495,238.934743274142
119.345624434514,0,0,74.4197823064597,0,0,0,259.055025639447,0,135.667029391615,0,236.681907140956,0,184.249961885477,154.142998692322,193.777661225572,0,0,101.605593487621,262.382215657622,70.4221432298295,0,0,75.4497121078207,215.611029055736,112.349934713559,73.4795582048751,94.126460729827,205.09013266389,0,0,117.208001126138,78.9559315574845,84.3635741045246,0,133.218162784108,169.453147353278,151.806152521152,0,137.177378802006,276.620869034647
0,0,0,80.8080171296381,89.707245288964,161.74915061469,0,197.893790332676,201.100640800745,220.963068032256,217.157696745803,0,0,0,0,0,0,0,0,0,0,283.248188884028,0,195.378266313867,0,0,109.093416850988,194.442125915551,95.7590805983148,0,0,0,224.523755099568,253.401634605989,133.218162784108,0,94.027247878695,195.822649557859,0,187.77054666536,128.405764333981
0,348.674510760064,0,0,67.8267069095267,136.685314494491,347.376449530863,191.519780382943,175.196329314064,0,0,211.840482897052,228.792310020318,353.822894641502,193.659409924573,0,0,163.945208919892,89.1590885155172,161.302948562323,345.797434674459,0,94.7280504127031,125.81518738273,62.859596780235,106.926813611922,225.013371621378,137.239127032733,261.605527103798,100.812745974529,0,164.032723165762,0,97.5855511246009,169.453147353278,94.027247878695,0,82.4756938751058,228.075434767255,174.013630695256,192.601533877686
0,0,81.2827395071039,0,172.892533368851,0,167.066576495979,0,0,87.8456058929559,72.2278283150671,158.567996645797,0,0,0,73.1029054543569,0,0,161.694997919804,0,0,0,0,0,71.5579325720569,139.93285932648,0,110.384905066973,0,93.5029580098427,89.9429017381717,0,0,99.3508940827211,151.806152521152,195.822649557859,82.4756938751058,0,183.786860782462,97.3506957544063,242.790381480436
218.045528847001,0,0,0,329.719143597451,0,0,0,66.5008477853491,0,0,0,0,0,0,0,146.814226519809,0,0,0,196.032358954952,0,160.537522273714,249.798812580765,212.592150359921,0,62.311273509377,171.906398392157,161.275817184598,0,0,0,0,205.839960264176,0,0,228.075434767255,183.786860782462,0,0,151.01089327964
148.808626413748,0,0,178.224497384947,0,231.050882209,0,141.204637091722,240.185081663983,204.084074037941,0,219.078548227669,113.144980278377,128.846764897717,154.065933476765,180.355266595273,61.0664810463559,0,136.792307586862,0,101.350815329073,0,104.915316975638,0,0,0,139.654362654449,92.5207898118833,213.67670887414,0,0,140.574866691684,0,115.114253591495,137.177378802006,187.77054666536,174.013630695256,97.3506957544063,0,0,153.672550905948
0,0,0,198.964527389285,0,188.936291522747,135.294330067913,0,0,0,0,306.640284138334,220.901129804706,0,111.435629183184,0,115.871357769661,0,82.6426202489162,0,0,155.901486485736,0,146.770754374523,80.4367166559625,0,0,106.33736463831,335.371040201042,0,115.332064605654,0,0,238.934743274142,276.620869034647,128.405764333981,192.601533877686,242.790381480436,151.01089327964,153.672550905948,0
