0,0,0,0,0,0,0,0,0,0,0,0,0,0,178.224497384947,0,0,0,0,171.906398392157,139.93285932648,0,0,0,0,0,0,0,0,0,0,0,0,211.840482897052,0,135.667029391615,172.608400267715,0,0,0,0
0,0,0,0,0,0,154.142998692322,0,0,0,0,0,280.376028997576,0,0,0,0,0,0,0,0,0,0,0,0,357.423078228283,0,190.185165668632,0,0,0,0,0,0,0,219.040656038919,158.567996645797,0,0,106.128596538706,0
0,0,0,0,0,0,0,0,0,0,0,0,0,0,0,0,0,0,0,0,0,0,0,0,0,0,160.530221557972,62.311273509377,0,0,0,157.852515740516,0,195.822649557859,0,0,263.534399241887,0,0,0,0
0,0,0,0,0,0,0,208.005106191961,174.013630695256,0,0,62.859596780235,0,0,0,0,82.1742780037132,202.712457066107,0,98.2230592632363,0,0,0,0,0,85.6072705949986,0,198.528111506785,232.945974238958,0,0,137.177378802006,0,78.9559315574845,206.912707094411,0,0,192.601533877686,0,0,0
0,0,0,0,0,0,0,0,0,0,0,89.707245288964,0,0,0,0,197.486504603685,0,0,0,0,0,0,196.032358954952,0,165.893015276821,0,193.659409924573,224.523755099568,136.792307586862,338.131802716296,0,0,251.098274723989,75.4497121078207,224.551207449728,101.443495235174,0,101.605593487621,112.823430872325,0
0,0,0,0,0,0,199.492852797962,0,0,283.88658203332,115.332064605654,225.013371621378,0,0,0,0,0,0,0,0,125.416941482916,0,0,74.7304794244225,249.905610015455,0,82.4756938751058,97.3506957544063,196.04190773555,0,114.511014214502,0,0,0,0,0,0,137.189596148386,0,167.066576495979,108.136066660554
0,154.142998692322,0,0,0,199.492852797962,0,0,249.798812580765,115.194491798135,0,155.24952173131,0,153.672550905948,0,0,0,0,0,0,0,0,206.472608421747,151.01089327964,0,0,0,0,161.325017232684,0,0,0,0,114.649126378906,151.806152521152,0,0,151.036729364761,141.204637091722,0,0
0,0,0,208.005106191961,0,0,0,0,0,120.567029282014,125.994729980093,180.90030328818,0,94.126460729827,0,0,133.984214699576,0,153.876396855887,124.698445421759,0,0,0,0,94.7280504127031,151.075371308616,0,0,101.85207633558,0,0,0,0,223.705816669619,0,0,70.4221432298295,113.059176128709,0,183.786860782462,80.8080171296381
0,0,0,174.013630695256,0,0,249.798812580765,0,0,0,204.481117647118,0,0,0,0,0,0,0,0,276.620869034647,209.996727521564,0,0,0,0,0,0,178.748963182352,0,0,0,320.356811100276,0,0,92.5207898118833,0,173.538155409849,0,0,135.294330067913,240.185081663983
0,0,0,0,0,283.88658203332,115.194491798135,120.567029282014,0,0,0,0,112.793316814908,0,0,0,0,0,128.530575464043,0,214.116367924649,0,238.934743274142,98.6790043377568,0,154.784755881607,180.355266595273,124.853650664477,0,0,0,178.683678585178,0,0,218.045528847001,96.5937438588657,306.344527664232,0,73.1029054543569,115.114253591495,128.405764333981
0,0,0,0,0,115.332064605654,0,125.994729980093,204.481117647118,0,0,108.381749703452,0,0,0,140.574866691684,0,0,0,153.453047983244,0,0,0,0,262.382215657622,255.441154257905,115.871357769661,82.6299537488922,0,0,0,143.005810983322,0,145.74089716123,0,104.369974912428,193.63278243493,193.055010680236,0,0,314.611698427915
0,0,0,62.859596780235,89.707245288964,225.013371621378,155.24952173131,180.90030328818,0,0,108.381749703452,0,0,192.693757128262,283.248188884028,0,0,0,110.384905066973,106.533627130087,0,0,175.196329314064,0,0,0,0,188.936291522747,306.640284138334,241.682021696872,0,118.522099274347,0,134.960780198024,142.054529471577,0,164.032723165762,169.742003380707,353.822894641502,335.371040201042,0
0,280.376028997576,0,0,0,0,0,0,0,112.793316814908,0,0,0,115.541295036174,0,0,0,0,0,0,0,0,0,0,0,146.465927798921,0,0,0,0,0,0,0,0,159.183173818572,0,0,0,0,89.3673883748406,0
0,0,0,0,0,0,153.672550905948,94.126460729827,0,0,0,192.693757128262,115.541295036174,0,0,95.7590805983148,0,0,0,0,0,195.314816908693,0,0,309.997227542691,0,269.936825670274,329.719143597451,0,104.915316975638,0,0,0,201.44584889478,150.161410108805,0,131.969743415579,0,0,0,195.378266313867
178.224497384947,0,0,0,0,0,0,0,0,0,0,283.248188884028,0,0,0,323.781250289068,0,0,0,0,0,0,187.77054666536,116.054372245433,0,221.805809452716,0,103.519938150021,0,0,0,0,0,93.4234866874731,162.833808134102,220.901129804706,115.868441404982,0,82.6426202489162,0,0
0,0,0,0,0,0,0,0,0,0,140.574866691684,0,0,95.7590805983148,323.781250289068,0,0,0,0,0,0,0,67.8267069095267,0,0,284.529238481835,0,0,0,300.031143529538,119.728129215699,0,0,0,204.084074037941,242.790381480436,98.417953423071,0,0,0,94.8881692391942
0,0,0,82.1742780037132,197.486504603685,0,0,133.984214699576,0,0,0,0,0,0,0,0,0,0,87.8456058929559,0,0,0,0,231.050882209,0,0,0,78.8552325762656,0,0,0,0,0,213.67670887414,303.527509149359,0,188.851177466023,0,0,0,139.654362654449
0,0,0,202.712457066107,0,0,0,0,0,0,0,0,0,0,0,0,0,0,113.144980278377,0,0,0,0,160.537522273714,94.7529894315991,0,0,80.4367166559625,231.715271819474,0,0,0,0,227.504408813069,0,0,99.2646516363145,0,0,0,289.631679007608
0,0,0,0,0,0,0,153.876396855887,0,128.530575464043,0,110.384905066973,0,0,0,0,87.8456058929559,113.144980278377,0,0,0,0,0,0,247.66948903751,0,73.4795582048751,61.0664810463559,138.33942793804,0,134.566479261133,0,0,93.5029580098427,0,0,0,0,0,0,117.208001126138
171.906398392157,0,0,98.2230592632363,0,0,0,124.698445421759,276.620869034647,0,153.453047983244,106.533627130087,0,0,0,0,0,0,0,0,0,97.5855511246009,0,0,0,0,94.027247878695,201.100640800745,84.3635741045246,0,0,0,0,76.5072790361762,96.7845769653343,161.74915061469,58.3493451392805,0,191.519780382943,158.955087279859,347.376449530863
139.93285932648,0,0,0,0,125.416941482916,0,0,209.996727521564,214.116367924649,0,0,0,0,0,0,0,0,0,0,0,0,197.893790332676,0,0,0,154.065933476765,90.1317194604647,0,0,217.157696745803,186.973586461633,0,0,89.9429017381717,0,81.9664354533492,261.605527103798,0,106.33736463831,0
0,0,0,0,0,0,0,0,0,0,0,0,0,195.314816908693,0,0,0,0,0,97.5855511246009,0,0,0,0,0,0,92.3502314520023,0,0,0,0,0,0,215.611029055736,128.846764897717,0,0,219.430938885781,146.814226519809,222.053792850439,0
0,0,0,0,0,0,206.472608421747,0,0,238.934743274142,0,175.196329314064,0,0,187.77054666536,67.8267069095267,0,0,0,0,197.893790332676,0,0,111.435629183184,0,168.241326865882,0,81.2827395071039,0,120.912756812582,0,0,0,0,137.239127032733,148.808626413748,0,90.7216186966914,71.4788760670054,139.792601838991,0
0,0,0,0,196.032358954952,74.7304794244225,151.01089327964,0,0,98.6790043377568,0,0,0,0,116.054372245433,0,231.050882209,160.537522273714,0,0,0,0,111.435629183184,0,125.81518738273,146.770754374523,116.176698124939,0,205.839960264176,138.425725342224,74.4197823064597,0,0,111.226326353722,0,99.3508940827211,194.442125915551,85.7623170715703,0,241.635434294794,0
0,0,0,0,0,249.905610015455,0,94.7280504127031,0,0,262.382215657622,0,0,309.997227542691,0,0,0,94.7529894315991,247.66948903751,0,0,0,0,125.81518738273,0,0,0,0,205.09013266389,0,0,0,0,0,0,0,200.878319874537,0,0,228.075434767255,0
0,357.423078228283,0,85.6072705949986,165.893015276821,0,0,151.075371308616,0,154.784755881607,255.441154257905,0,146.465927798921,0,221.805809452716,284.529238481835,0,0,0,0,0,0,168.241326865882,146.770754374523,0,0,163.945208919892,177.763106506206,101.350815329073,0,0,0,71.5579325720569,101.5853655613,0,212.592150359921,186.348837226466,198.964527389285,0,0,72.2278283150671
0,0,160.530221557972,0,0,82.4756938751058,0,0,0,180.355266595273,115.871357769661,0,0,269.936825670274,0,0,0,0,73.4795582048751,94.027247878695,154.065933476765,92.3502314520023,0,116.176698124939,0,163.945208919892,0,228.792310020318,0,321.124897279917,0,250.461724766314,0,163.059043292369,161.275817184598,252.487290983309,219.078548227669,153.609372090384,0,155.901486485736,0
0,190.185165668632,62.311273509377,198.528111506785,193.659409924573,97.3506957544063,0,0,178.748963182352,124.853650664477,82.6299537488922,188.936291522747,0,329.719143597451,103.519938150021,0,78.8552325762656,80.4367166559625,61.0664810463559,201.100640800745,90.1317194604647,0,81.2827395071039,0,0,177.763106506206,228.792310020318,0,0,0,0,0,192.135034768848,184.249961885477,236.681907140956,348.674510760064,92.5568465385234,0,119.345624434514,161.694997919804,333.645516435298
0,0,0,232.945974238958,224.523755099568,196.04190773555,161.325017232684,101.85207633558,0,0,0,306.640284138334,0,0,0,0,0,231.715271819474,138.33942793804,84.3635741045246,0,0,0,205.839960264176,205.09013266389,101.350815329073,0,0,0,261.440278806413,0,0,171.230058197369,172.892533368851,321.864157986053,0,345.797434674459,173.059382066957,66.5008477853491,179.718364159796,259.442917595754
0,0,0,0,136.792307586862,0,0,0,0,0,0,241.682021696872,0,104.915316975638,0,300.031143529538,0,0,0,0,0,0,120.912756812582,138.425725342224,0,0,321.124897279917,0,261.440278806413,0,0,0,0,0,169.453147353278,0,226.825099357786,0,0,0,193.777661225572
0,0,0,0,338.131802716296,114.511014214502,0,0,0,0,0,0,0,0,0,119.728129215699,0,0,134.566479261133,0,217.157696745803,0,0,74.4197823064597,0,0,0,0,0,0,0,0,0,0,0,0,0,0,0,0,0
0,0,157.852515740516,137.177378802006,0,0,0,0,320.356811100276,178.683678585178,143.005810983322,118.522099274347,0,0,0,0,0,0,0,0,186.973586461633,0,0,0,0,0,250.461724766314,0,0,0,0,0,0,0,0,100.812745974529,0,0,0,173.201474590904,106.926813611922
0,0,0,0,0,0,0,0,0,0,0,0,0,0,0,0,0,0,0,0,0,0,0,0,0,71.5579325720569,0,192.135034768848,171.230058197369,0,0,0,0,109.093416850988,0,0,0,161.302948562323,0,0,0
211.840482897052,0,195.822649557859,78.9559315574845,251.098274723989,0,114.649126378906,223.705816669619,0,0,145.74089716123,134.960780198024,0,201.44584889478,93.4234866874731,0,213.67670887414,227.504408813069,93.5029580098427,76.5072790361762,0,215.611029055736,0,111.226326353722,0,101.5853655613,163.059043292369,184.249961885477,172.892533368851,0,0,0,109.093416850988,0,0,241.57250333243,154.070293657878,89.1590885155172,181.316358113209,97.3232815600345,0
0,0,0,206.912707094411,75.4497121078207,0,151.806152521152,0,92.5207898118833,218.045528847001,0,142.054529471577,159.183173818572,150.161410108805,162.833808134102,204.084074037941,303.527509149359,0,0,96.7845769653343,89.9429017381717,128.846764897717,137.239127032733,0,0,0,161.275817184598,236.681907140956,321.864157986053,169.453147353278,0,0,0,0,0,122.106946855269,173.001559092555,142.385058730083,205.183249704085,136.685314494491,133.218162784108
135.667029391615,219.040656038919,0,0,224.551207449728,0,0,0,0,96.5937438588657,104.369974912428,0,0,0,220.901129804706,242.790381480436,0,0,0,161.74915061469,0,0,148.808626413748,99.3508940827211,0,212.592150359921,252.487290983309,348.674510760064,0,0,0,100.812745974529,0,241.57250333243,122.106946855269,0,259.055025639447,165.597665022977,0,94.9380989123498,0
172.608400267715,158.567996645797,263.534399241887,0,101.443495235174,0,0,70.4221432298295,173.538155409849,306.344527664232,193.63278243493,164.032723165762,0,131.969743415579,115.868441404982,98.417953423071,188.851177466023,99.2646516363145,0,58.3493451392805,81.9664354533492,0,0,194.442125915551,200.878319874537,186.348837226466,219.078548227669,92.5568465385234,345.797434674459,226.825099357786,0,0,0,154.070293657878,173.001559092555,259.055025639447,0,180.543851962045,325.937289045041,253.401634605989,112.349934713559
0,0,0,192.601533877686,0,137.189596148386,151.036729364761,113.059176128709,0,0,193.055010680236,169.742003380707,0,0,0,0,0,0,0,0,261.605527103798,219.430938885781,90.7216186966914,85.7623170715703,0,198.964527389285,153.609372090384,0,173.059382066957,0,0,0,161.302948562323,89.1590885155172,142.385058730083,165.597665022977,180.543851962045,0,0,146.99041817625,101.895308036513
0,0,0,0,101.605593487621,0,141.204637091722,0,0,73.1029054543569,0,353.822894641502,0,0,82.6426202489162,0,0,0,0,191.519780382943,0,146.814226519809,71.4788760670054,0,0,0,0,119.345624434514,66.5008477853491,0,0,0,0,181.316358113209,205.183249704085,0,325.937289045041,0,0,151.695570509541,220.963068032256
0,106.128596538706,0,0,112.823430872325,167.066576495979,0,183.786860782462,135.294330067913,115.114253591495,0,335.371040201042,89.3673883748406,0,0,0,0,0,0,158.955087279859,106.33736463831,222.053792850439,139.792601838991,241.635434294794,228.075434767255,0,155.901486485736,161.694997919804,179.718364159796,0,0,173.201474590904,0,97.3232815600345,136.685314494491,94.9380989123498,253.401634605989,146.99041817625,151.695570509541,0,74.5815074003433
0,0,0,0,0,108.136066660554,0,80.8080171296381,240.185081663983,128.405764333981,314.611698427915,0,0,195.378266313867,0,94.8881692391942,139.654362654449,289.631679007608,117.208001126138,347.376449530863,0,0,0,0,0,72.2278283150671,0,333.645516435298,259.442917595754,193.777661225572,0,106.926813611922,0,0,133.218162784108,0,112.349934713559,101.895308036513,220.963068032256,74.5815074003433,0
