0,0,0,0,0,0,0,0,0,0,0,0,0,0,0,0,113.144980278377,0,0,217.157696745803,0,0,0,0,111.435629183184,180.543851962045,143.005810983322,0,0,0,0,0,0,345.797434674459,0,0,0,0,0,0,0
0,0,0,0,0,106.33736463831,0,0,0,0,89.3673883748406,0,0,0,0,0,0,0,0,0,0,0,0,0,0,0,212.592150359921,187.77054666536,137.177378802006,0,0,0,0,133.984214699576,82.4756938751058,0,0,0,0,0,0
0,0,0,0,0,0,0,0,0,0,0,120.567029282014,0,0,0,0,0,128.846764897717,0,0,0,0,0,0,0,82.6426202489162,0,172.608400267715,0,0,0,0,0,0,0,0,0,0,0,197.486504603685,0
0,0,0,0,0,0,0,101.5853655613,0,0,0,0,0,0,0,249.798812580765,0,0,0,0,0,0,161.302948562323,0,181.316358113209,224.523755099568,106.533627130087,0,0,0,223.705816669619,0,0,0,206.472608421747,139.93285932648,178.748963182352,168.241326865882,115.194491798135,231.050882209,0
0,0,0,0,0,0,204.481117647118,0,224.551207449728,154.784755881607,0,261.440278806413,0,0,115.541295036174,0,0,0,0,0,0,0,0,160.530221557972,0,0,0,314.611698427915,321.124897279917,108.136066660554,104.915316975638,0,0,125.994729980093,71.5579325720569,0,81.9664354533492,94.126460729827,0,0,0
0,106.33736463831,0,0,0,0,139.792601838991,0,0,137.189596148386,228.075434767255,157.852515740516,0,0,0,0,0,0,161.74915061469,0,252.487290983309,0,0,0,141.204637091722,0,0,173.201474590904,0,0,0,119.345624434514,0,0,0,135.294330067913,227.504408813069,0,0,133.218162784108,67.8267069095267
0,0,0,0,204.481117647118,139.792601838991,0,151.695570509541,0,94.7529894315991,154.065933476765,95.7590805983148,0,146.99041817625,0,0,0,0,0,0,0,0,0,195.378266313867,0,0,0,74.4197823064597,93.5029580098427,0,0,0,0,0,0,84.3635741045246,155.901486485736,0,0,0,99.2646516363145
0,0,0,101.5853655613,0,0,151.695570509541,0,191.519780382943,219.040656038919,101.895308036513,323.781250289068,0,0,0,0,0,0,0,184.249961885477,199.492852797962,0,357.423078228283,0,193.777661225572,0,0,238.934743274142,0,0,0,0,0,0,131.969743415579,90.7216186966914,320.356811100276,0,106.926813611922,0,338.131802716296
0,0,0,0,224.551207449728,0,0,191.519780382943,0,0,0,0,0,209.996727521564,0,0,0,0,0,0,0,161.694997919804,0,128.530575464043,0,186.348837226466,0,262.382215657622,0,0,0,0,0,236.681907140956,146.465927798921,0,232.945974238958,0,180.355266595273,0,0
0,0,0,0,154.784755881607,137.189596148386,94.7529894315991,219.040656038919,0,0,0,115.868441404982,0,161.325017232684,0,0,0,0,0,0,0,0,154.070293657878,78.8552325762656,0,75.4497121078207,104.369974912428,178.224497384947,221.805809452716,0,0,0,0,97.5855511246009,353.822894641502,145.74089716123,120.912756812582,0,151.075371308616,0,205.839960264176
0,89.3673883748406,0,0,0,228.075434767255,154.065933476765,101.895308036513,0,0,0,0,0,0,0,0,0,0,0,303.527509149359,0,0,146.814226519809,150.161410108805,321.864157986053,0,0,202.712457066107,163.059043292369,0,92.5207898118833,0,0,173.001559092555,0,70.4221432298295,85.6072705949986,347.376449530863,0,94.9380989123498,0
0,0,120.567029282014,0,261.440278806413,157.852515740516,95.7590805983148,323.781250289068,0,115.868441404982,0,0,0,0,329.719143597451,0,0,200.878319874537,0,80.8080171296381,124.698445421759,0,175.196329314064,169.453147353278,0,142.054529471577,193.659409924573,101.85207633558,0,0,0,0,0,142.385058730083,0,148.808626413748,89.1590885155172,153.453047983244,0,114.511014214502,87.8456058929559
0,0,0,0,0,0,0,0,0,0,0,0,0,255.441154257905,0,0,0,0,0,180.90030328818,0,192.601533877686,0,0,0,0,192.135034768848,0,0,0,0,0,0,0,174.013630695256,231.715271819474,0,0,0,0,0
0,0,0,0,0,0,146.99041817625,0,209.996727521564,161.325017232684,0,0,255.441154257905,0,0,0,0,0,0,0,284.529238481835,0,134.960780198024,0,0,0,0,73.1029054543569,197.893790332676,0,0,0,0,306.344527664232,194.442125915551,96.7845769653343,137.239127032733,103.519938150021,0,116.054372245433,0
0,0,0,0,115.541295036174,0,0,0,0,0,0,329.719143597451,0,0,0,0,0,0,0,98.2230592632363,0,0,0,169.742003380707,0,0,112.793316814908,62.859596780235,0,0,0,201.100640800745,0,0,89.9429017381717,0,0,90.1317194604647,125.416941482916,206.912707094411,259.055025639447
0,0,0,249.798812580765,0,0,0,0,0,0,0,0,0,0,0,0,82.1742780037132,0,0,0,0,0,0,81.2827395071039,241.635434294794,158.567996645797,113.059176128709,0,0,0,0,0,0,0,0,153.672550905948,111.226326353722,85.7623170715703,0,76.5072790361762,119.728129215699
113.144980278377,0,0,0,0,0,0,0,0,0,0,0,0,0,0,82.1742780037132,0,219.430938885781,0,0,0,283.248188884028,0,253.401634605989,0,155.24952173131,0,333.645516435298,139.654362654449,0,0,0,0,179.718364159796,0,0,115.332064605654,0,0,0,0
0,0,128.846764897717,0,0,0,0,0,0,0,0,200.878319874537,0,0,0,0,219.430938885781,0,0,0,0,0,98.417953423071,0,0,0,0,0,94.7280504127031,0,0,222.053792850439,0,0,0,0,241.57250333243,193.055010680236,0,0,73.4795582048751
0,0,0,0,0,161.74915061469,0,0,0,0,0,0,0,0,0,0,0,0,0,89.707245288964,198.528111506785,196.04190773555,135.667029391615,0,309.997227542691,186.973586461633,0,0,93.4234866874731,0,0,0,0,138.33942793804,219.078548227669,0,242.790381480436,0,0,0,99.3508940827211
217.157696745803,0,0,0,0,0,0,184.249961885477,0,0,303.527509149359,80.8080171296381,180.90030328818,0,98.2230592632363,0,0,0,89.707245288964,0,241.682021696872,0,0,0,0,94.027247878695,225.013371621378,0,196.032358954952,124.853650664477,0,300.031143529538,0,136.792307586862,208.005106191961,71.4788760670054,0,0,0,214.116367924649,0
0,0,0,0,0,252.487290983309,0,199.492852797962,0,0,0,124.698445421759,0,284.529238481835,0,0,0,0,198.528111506785,241.682021696872,0,0,0,101.350815329073,0,0,0,269.936825670274,161.275817184598,0,0,0,0,263.534399241887,0,0,100.812745974529,117.208001126138,140.574866691684,0,0
0,0,0,0,0,0,0,0,161.694997919804,0,0,0,192.601533877686,0,0,0,283.248188884028,0,196.04190773555,0,0,0,0,0,0,0,0,82.6299537488922,108.381749703452,0,0,0,0,0,0,0,159.183173818572,0,0,0,153.876396855887
0,0,0,161.302948562323,0,0,0,357.423078228283,0,154.070293657878,146.814226519809,175.196329314064,0,134.960780198024,0,0,0,98.417953423071,135.667029391615,0,0,0,0,0,0,0,106.128596538706,0,0,0,0,0,0,228.792310020318,61.0664810463559,0,198.964527389285,163.945208919892,250.461724766314,251.098274723989,0
0,0,0,0,160.530221557972,0,195.378266313867,0,128.530575464043,78.8552325762656,150.161410108805,169.453147353278,0,0,169.742003380707,81.2827395071039,253.401634605989,0,0,0,101.350815329073,0,0,0,136.685314494491,0,0,165.893015276821,173.059382066957,72.2278283150671,0,0,0,164.032723165762,78.9559315574845,0,154.142998692322,0,0,97.3232815600345,289.631679007608
111.435629183184,0,0,181.316358113209,0,141.204637091722,0,193.777661225572,0,0,321.864157986053,0,0,0,0,241.635434294794,0,0,309.997227542691,0,0,0,0,136.685314494491,0,0,0,0,0,0,0,0,0,0,0,192.693757128262,0,0,0,283.88658203332,0
180.543851962045,0,82.6426202489162,224.523755099568,0,0,0,0,186.348837226466,75.4497121078207,0,142.054529471577,0,0,0,158.567996645797,155.24952173131,0,186.973586461633,94.027247878695,0,0,0,0,0,0,151.01089327964,325.937289045041,162.833808134102,92.5568465385234,0,0,0,62.311273509377,195.822649557859,0,0,92.3502314520023,193.63278243493,101.605593487621,98.6790043377568
143.005810983322,212.592150359921,0,106.533627130087,0,0,0,0,0,104.369974912428,0,193.659409924573,192.135034768848,0,112.793316814908,113.059176128709,0,0,0,225.013371621378,0,0,106.128596538706,0,0,151.01089327964,0,205.183249704085,306.640284138334,160.537522273714,0,215.611029055736,0,0,109.093416850988,0,211.840482897052,167.066576495979,112.349934713559,0,66.5008477853491
0,187.77054666536,172.608400267715,0,314.611698427915,173.201474590904,74.4197823064597,238.934743274142,262.382215657622,178.224497384947,202.712457066107,101.85207633558,0,73.1029054543569,62.859596780235,0,333.645516435298,0,0,0,269.936825670274,82.6299537488922,0,165.893015276821,0,325.937289045041,205.183249704085,0,96.5937438588657,0,0,0,261.605527103798,158.955087279859,276.620869034647,138.425725342224,280.376028997576,151.036729364761,0,58.3493451392805,128.405764333981
0,137.177378802006,0,0,321.124897279917,0,93.5029580098427,0,0,221.805809452716,163.059043292369,0,0,197.893790332676,0,0,139.654362654449,94.7280504127031,93.4234866874731,196.032358954952,161.275817184598,108.381749703452,0,173.059382066957,0,162.833808134102,306.640284138334,96.5937438588657,0,172.892533368851,0,240.185081663983,0,122.106946855269,173.538155409849,0,101.443495235174,0,0,0,0
0,0,0,0,108.136066660554,0,0,0,0,0,0,0,0,0,0,0,0,0,0,124.853650664477,0,0,0,72.2278283150671,0,92.5568465385234,160.537522273714,0,172.892533368851,0,0,0,0,110.384905066973,0,0,188.851177466023,335.371040201042,0,171.230058197369,74.5815074003433
0,0,0,223.705816669619,104.915316975638,0,0,0,0,0,92.5207898118833,0,0,0,0,0,0,0,0,0,0,0,0,0,0,0,0,0,0,0,0,0,0,0,0,0,125.81518738273,115.871357769661,0,190.185165668632,0
0,0,0,0,0,119.345624434514,0,0,0,0,0,0,0,0,201.100640800745,0,0,222.053792850439,0,300.031143529538,0,0,0,0,0,0,215.611029055736,0,240.185081663983,0,0,0,0,153.609372090384,348.674510760064,183.786860782462,0,0,0,195.314816908693,118.522099274347
0,0,0,0,0,0,0,0,0,0,0,0,0,0,0,0,0,0,0,0,0,0,0,0,0,0,0,261.605527103798,0,0,0,0,0,171.906398392157,220.901129804706,0,0,0,0,177.763106506206,201.44584889478
345.797434674459,133.984214699576,0,0,125.994729980093,0,0,0,236.681907140956,97.5855511246009,173.001559092555,142.385058730083,0,306.344527664232,0,0,179.718364159796,0,138.33942793804,136.792307586862,263.534399241887,0,228.792310020318,164.032723165762,0,62.311273509377,0,158.955087279859,122.106946855269,110.384905066973,0,153.609372090384,171.906398392157,0,188.936291522747,218.045528847001,151.806152521152,247.66948903751,115.114253591495,249.905610015455,0
0,82.4756938751058,0,206.472608421747,71.5579325720569,0,0,131.969743415579,146.465927798921,353.822894641502,0,0,174.013630695256,194.442125915551,89.9429017381717,0,0,0,219.078548227669,208.005106191961,0,0,61.0664810463559,78.9559315574845,0,195.822649557859,109.093416850988,276.620869034647,173.538155409849,0,0,348.674510760064,220.901129804706,188.936291522747,0,80.4367166559625,226.825099357786,134.566479261133,205.09013266389,220.963068032256,0
0,0,0,139.93285932648,0,135.294330067913,84.3635741045246,90.7216186966914,0,145.74089716123,70.4221432298295,148.808626413748,231.715271819474,96.7845769653343,0,153.672550905948,0,0,0,71.4788760670054,0,0,0,0,192.693757128262,0,0,138.425725342224,0,0,0,183.786860782462,0,218.045528847001,80.4367166559625,0,97.3506957544063,0,0,259.442917595754,178.683678585178
0,0,0,178.748963182352,81.9664354533492,227.504408813069,155.901486485736,320.356811100276,232.945974238958,120.912756812582,85.6072705949986,89.1590885155172,0,137.239127032733,0,111.226326353722,115.332064605654,241.57250333243,242.790381480436,0,100.812745974529,159.183173818572,198.964527389285,154.142998692322,0,0,211.840482897052,280.376028997576,101.443495235174,188.851177466023,125.81518738273,0,0,151.806152521152,226.825099357786,97.3506957544063,0,146.770754374523,116.176698124939,74.7304794244225,165.597665022977
0,0,0,168.241326865882,94.126460729827,0,0,0,0,0,347.376449530863,153.453047983244,0,103.519938150021,90.1317194604647,85.7623170715703,0,193.055010680236,0,0,117.208001126138,0,163.945208919892,0,0,92.3502314520023,167.066576495979,151.036729364761,0,335.371040201042,115.871357769661,0,0,247.66948903751,134.566479261133,0,146.770754374523,0,94.8881692391942,114.649126378906,0
0,0,0,115.194491798135,0,0,0,106.926813611922,180.355266595273,151.075371308616,0,0,0,0,125.416941482916,0,0,0,0,0,140.574866691684,0,250.461724766314,0,0,193.63278243493,112.349934713559,0,0,0,0,0,0,115.114253591495,205.09013266389,0,116.176698124939,94.8881692391942,0,112.823430872325,204.084074037941
0,0,197.486504603685,231.050882209,0,133.218162784108,0,0,0,0,94.9380989123498,114.511014214502,0,116.054372245433,206.912707094411,76.5072790361762,0,0,0,214.116367924649,0,0,251.098274723989,97.3232815600345,283.88658203332,101.605593487621,0,58.3493451392805,0,171.230058197369,190.185165668632,195.314816908693,177.763106506206,249.905610015455,220.963068032256,259.442917595754,74.7304794244225,114.649126378906,112.823430872325,0,213.67670887414
0,0,0,0,0,67.8267069095267,99.2646516363145,338.131802716296,0,205.839960264176,0,87.8456058929559,0,0,259.055025639447,119.728129215699,0,73.4795582048751,99.3508940827211,0,0,153.876396855887,0,289.631679007608,0,98.6790043377568,66.5008477853491,128.405764333981,0,74.5815074003433,0,118.522099274347,201.44584889478,0,0,178.683678585178,165.597665022977,0,204.084074037941,213.67670887414,0
