0,0,0,0,0,0,0,0,0,0,0,0,137.177378802006,0,0,0,0,0,0,0,0,101.443495235174,0,0,0,0,0,131.969743415579,0,0,0,98.6790043377568,0,0,223.705816669619,0,134.960780198024,0,0,0,0
0,0,0,0,0,0,74.5815074003433,0,0,0,0,184.249961885477,0,0,0,0,0,0,0,0,222.053792850439,0,0,0,0,0,0,151.036729364761,0,0,0,0,0,0,0,165.597665022977,169.742003380707,0,0,194.442125915551,0
0,0,0,0,150.161410108805,0,0,0,0,0,0,0,0,0,0,0,225.013371621378,0,0,0,0,0,0,0,0,0,0,241.682021696872,154.070293657878,0,0,0,0,0,0,0,0,0,0,0,238.934743274142
0,0,0,0,0,0,0,0,0,0,0,191.519780382943,0,0,0,0,0,0,122.106946855269,259.442917595754,0,0,0,217.157696745803,0,136.685314494491,178.683678585178,115.868441404982,0,0,0,154.065933476765,0,124.698445421759,70.4221432298295,0,165.893015276821,0,117.208001126138,163.945208919892,0
0,0,150.161410108805,0,0,0,119.345624434514,0,0,0,125.994729980093,101.5853655613,0,0,0,0,0,0,134.566479261133,314.611698427915,155.24952173131,0,0,142.054529471577,0,0,193.055010680236,0,0,0,0,0,0,0,0,76.5072790361762,71.4788760670054,289.631679007608,321.124897279917,128.846764897717,0
0,0,0,0,0,0,0,0,0,115.194491798135,0,92.3502314520023,0,0,0,84.3635741045246,135.294330067913,0,0,71.5579325720569,0,219.040656038919,142.385058730083,0,0,284.529238481835,0,276.620869034647,0,75.4497121078207,0,0,0,195.314816908693,0,99.2646516363145,0,353.822894641502,0,145.74089716123,0
0,74.5815074003433,0,0,119.345624434514,0,0,0,0,74.7304794244225,0,115.114253591495,0,137.189596148386,118.522099274347,0,0,0,0,0,0,0,0,108.136066660554,0,0,96.5937438588657,177.763106506206,320.356811100276,0,0,0,0,167.066576495979,0,0,206.472608421747,0,0,173.538155409849,0
0,0,0,0,0,0,0,0,255.441154257905,231.050882209,98.417953423071,180.90030328818,0,0,0,0,101.895308036513,0,0,85.7623170715703,0,0,0,0,0,0,94.027247878695,0,0,253.401634605989,0,120.912756812582,206.912707094411,172.892533368851,226.825099357786,155.901486485736,146.465927798921,198.964527389285,106.128596538706,0,0
0,0,0,0,0,0,0,255.441154257905,0,197.486504603685,0,0,0,0,90.7216186966914,0,0,0,0,0,0,104.915316975638,135.667029391615,0,0,325.937289045041,0,78.9559315574845,0,0,0,0,0,0,0,0,228.792310020318,188.936291522747,0,94.7280504127031,61.0664810463559
0,0,0,0,0,115.194491798135,74.7304794244225,231.050882209,197.486504603685,0,0,0,0,67.8267069095267,0,62.311273509377,0,0,0,133.984214699576,0,0,94.9380989123498,115.541295036174,0,338.131802716296,262.382215657622,0,0,0,0,205.183249704085,0,193.777661225572,0,94.126460729827,323.781250289068,205.839960264176,0,251.098274723989,89.9429017381717
0,0,0,0,125.994729980093,0,0,98.417953423071,0,0,0,0,218.045528847001,0,0,0,0,94.8881692391942,85.6072705949986,82.6299537488922,0,0,0,0,0,114.649126378906,0,193.63278243493,114.511014214502,0,0,0,141.204637091722,214.116367924649,161.325017232684,0,111.435629183184,0,116.176698124939,269.936825670274,196.04190773555
0,184.249961885477,0,191.519780382943,101.5853655613,92.3502314520023,115.114253591495,180.90030328818,0,0,0,0,0,259.055025639447,0,300.031143529538,0,0,190.185165668632,0,173.201474590904,0,0,162.833808134102,0,247.66948903751,335.371040201042,192.135034768848,0,0,0,151.695570509541,0,80.4367166559625,87.8456058929559,0,345.797434674459,0,96.7845769653343,198.528111506785,171.906398392157
137.177378802006,0,0,0,0,0,0,0,0,0,218.045528847001,0,0,0,0,0,0,306.640284138334,0,0,0,0,0,73.1029054543569,0,0,0,0,158.955087279859,0,261.440278806413,0,0,0,0,0,0,0,0,0,0
0,0,0,0,0,0,137.189596148386,0,0,67.8267069095267,0,259.055025639447,0,0,161.302948562323,0,0,120.567029282014,0,99.3508940827211,164.032723165762,0,0,146.814226519809,0,0,0,236.681907140956,0,95.7590805983148,0,0,0,0,212.592150359921,0,0,205.09013266389,241.635434294794,128.530575464043,0
0,0,0,0,0,0,118.522099274347,0,90.7216186966914,0,0,0,0,161.302948562323,0,0,0,0,106.33736463831,215.611029055736,0,0,0,0,0,0,0,219.430938885781,172.608400267715,73.4795582048751,0,0,0,115.871357769661,0,0,0,200.878319874537,0,101.350815329073,136.792307586862
0,0,0,0,0,84.3635741045246,0,0,0,62.311273509377,0,300.031143529538,0,0,0,0,153.876396855887,0,0,0,0,0,72.2278283150671,252.487290983309,0,192.601533877686,0,0,94.7529894315991,0,0,0,0,193.659409924573,0,0,173.001559092555,154.784755881607,0,0,0
0,0,225.013371621378,0,0,135.294330067913,0,101.895308036513,0,0,0,0,0,0,0,153.876396855887,0,0,0,0,0,0,82.6426202489162,0,0,0,0,0,97.5855511246009,0,0,0,0,0,241.57250333243,78.8552325762656,128.405764333981,0,227.504408813069,0,0
0,0,0,0,0,0,0,0,0,0,94.8881692391942,0,306.640284138334,120.567029282014,0,0,0,0,0,0,0,0,0,0,0,0,348.674510760064,0,151.01089327964,0,0,0,0,199.492852797962,93.5029580098427,0,232.945974238958,0,112.823430872325,0,0
0,0,0,122.106946855269,134.566479261133,0,0,0,0,0,85.6072705949986,190.185165668632,0,0,106.33736463831,0,0,0,0,0,0,0,0,0,163.059043292369,0,0,220.901129804706,0,0,0,0,0,0,98.2230592632363,113.059176128709,139.654362654449,0,80.8080171296381,153.453047983244,0
0,0,0,259.442917595754,314.611698427915,71.5579325720569,0,85.7623170715703,0,133.984214699576,82.6299537488922,0,0,99.3508940827211,215.611029055736,0,0,0,0,0,173.059382066957,0,115.332064605654,0,0,0,249.905610015455,159.183173818572,333.645516435298,0,0,0,112.349934713559,160.537522273714,0,0,0,0,0,283.88658203332,197.893790332676
0,222.053792850439,0,0,155.24952173131,0,0,0,0,0,0,173.201474590904,0,164.032723165762,0,0,0,0,0,173.059382066957,0,211.840482897052,90.1317194604647,0,228.075434767255,0,74.4197823064597,250.461724766314,0,0,0,0,0,0,231.715271819474,0,321.864157986053,97.3506957544063,0,0,0
101.443495235174,0,0,0,0,219.040656038919,0,0,104.915316975638,0,0,0,0,0,0,0,0,0,0,0,211.840482897052,0,0,0,0,0,0,187.77054666536,0,0,0,0,0,242.790381480436,209.996727521564,0,158.567996645797,0,0,0,0
0,0,0,0,0,142.385058730083,0,0,135.667029391615,94.9380989123498,0,0,0,0,0,72.2278283150671,82.6426202489162,0,0,115.332064605654,90.1317194604647,0,0,0,137.239127032733,0,0,188.851177466023,169.453147353278,0,0,0,0,125.81518738273,146.770754374523,0,153.672550905948,0,139.93285932648,103.519938150021,0
0,0,0,217.157696745803,142.054529471577,0,108.136066660554,0,0,115.541295036174,0,162.833808134102,73.1029054543569,146.814226519809,0,252.487290983309,0,0,0,0,0,0,0,0,0,138.425725342224,62.859596780235,249.798812580765,92.5207898118833,161.275817184598,0,329.719143597451,0,93.4234866874731,146.99041817625,224.551207449728,0,0,183.786860782462,0,153.609372090384
0,0,0,0,0,0,0,0,0,0,0,0,0,0,0,0,0,0,163.059043292369,0,228.075434767255,0,137.239127032733,0,0,204.481117647118,89.3673883748406,112.793316814908,154.142998692322,0,213.67670887414,0,0,0,0,0,0,0,0,101.85207633558,110.384905066973
0,0,0,136.685314494491,0,284.529238481835,0,0,325.937289045041,338.131802716296,114.649126378906,247.66948903751,0,0,0,192.601533877686,0,0,0,0,0,0,0,138.425725342224,204.481117647118,0,116.054372245433,240.185081663983,0,0,0,347.376449530863,195.822649557859,151.075371308616,133.218162784108,180.355266595273,280.376028997576,106.533627130087,0,171.230058197369,81.2827395071039
0,0,0,178.683678585178,193.055010680236,0,96.5937438588657,94.027247878695,0,262.382215657622,0,335.371040201042,0,0,0,0,0,348.674510760064,0,249.905610015455,74.4197823064597,0,0,62.859596780235,89.3673883748406,116.054372245433,0,143.005810983322,92.5568465385234,0,0,0,0,261.605527103798,224.523755099568,100.812745974529,148.808626413748,263.534399241887,0,0,66.5008477853491
131.969743415579,151.036729364761,241.682021696872,115.868441404982,0,276.620869034647,177.763106506206,0,78.9559315574845,0,193.63278243493,192.135034768848,0,236.681907140956,219.430938885781,0,0,0,220.901129804706,159.183173818572,250.461724766314,187.77054666536,188.851177466023,249.798812580765,112.793316814908,240.185081663983,143.005810983322,0,174.013630695256,0,0,138.33942793804,0,108.381749703452,0,186.973586461633,119.728129215699,192.693757128262,0,0,89.1590885155172
0,0,154.070293657878,0,0,0,320.356811100276,0,0,0,114.511014214502,0,158.955087279859,0,172.608400267715,94.7529894315991,97.5855511246009,151.01089327964,0,333.645516435298,0,0,169.453147353278,92.5207898118833,154.142998692322,0,92.5568465385234,174.013630695256,0,0,0,0,0,139.792601838991,151.806152521152,168.241326865882,208.005106191961,58.3493451392805,106.926813611922,0,306.344527664232
0,0,0,0,0,75.4497121078207,0,253.401634605989,0,0,0,0,0,95.7590805983148,73.4795582048751,0,0,0,0,0,0,0,0,161.275817184598,0,0,0,0,0,0,0,0,0,220.963068032256,0,178.224497384947,204.084074037941,283.248188884028,0,101.605593487621,179.718364159796
0,0,0,0,0,0,0,0,0,0,0,0,261.440278806413,0,0,0,0,0,0,0,0,0,0,0,213.67670887414,0,0,0,0,0,0,0,0,0,124.853650664477,196.032358954952,81.9664354533492,0,0,309.997227542691,0
98.6790043377568,0,0,154.065933476765,0,0,0,120.912756812582,0,205.183249704085,0,151.695570509541,0,0,0,0,0,0,0,0,0,0,0,329.719143597451,0,347.376449530863,0,138.33942793804,0,0,0,0,0,0,109.093416850988,0,82.4756938751058,0,0,0,175.196329314064
0,0,0,0,0,0,0,206.912707094411,0,0,141.204637091722,0,0,0,0,0,0,0,0,112.349934713559,0,0,0,0,0,195.822649557859,0,0,0,0,0,0,0,104.369974912428,0,0,0,0,0,0,0
0,0,0,124.698445421759,0,195.314816908693,167.066576495979,172.892533368851,0,193.777661225572,214.116367924649,80.4367166559625,0,0,115.871357769661,193.659409924573,0,199.492852797962,0,160.537522273714,0,242.790381480436,125.81518738273,93.4234866874731,0,151.075371308616,261.605527103798,108.381749703452,139.792601838991,220.963068032256,0,0,104.369974912428,0,140.574866691684,0,157.852515740516,89.707245288964,161.694997919804,82.1742780037132,113.144980278377
223.705816669619,0,0,70.4221432298295,0,0,0,226.825099357786,0,0,161.325017232684,87.8456058929559,0,212.592150359921,0,0,241.57250333243,93.5029580098427,98.2230592632363,0,231.715271819474,209.996727521564,146.770754374523,146.99041817625,0,133.218162784108,224.523755099568,0,151.806152521152,0,124.853650664477,109.093416850988,0,140.574866691684,0,195.378266313867,97.3232815600345,161.74915061469,219.078548227669,357.423078228283,202.712457066107
0,165.597665022977,0,0,76.5072790361762,99.2646516363145,0,155.901486485736,0,94.126460729827,0,0,0,0,0,0,78.8552325762656,0,113.059176128709,0,0,0,0,224.551207449728,0,180.355266595273,100.812745974529,186.973586461633,168.241326865882,178.224497384947,196.032358954952,0,0,0,195.378266313867,0,303.527509149359,160.530221557972,0,201.44584889478,181.316358113209
134.960780198024,169.742003380707,0,165.893015276821,71.4788760670054,0,206.472608421747,146.465927798921,228.792310020318,323.781250289068,111.435629183184,345.797434674459,0,0,0,173.001559092555,128.405764333981,232.945974238958,139.654362654449,0,321.864157986053,158.567996645797,153.672550905948,0,0,280.376028997576,148.808626413748,119.728129215699,208.005106191961,204.084074037941,81.9664354533492,82.4756938751058,0,157.852515740516,97.3232815600345,303.527509149359,0,111.226326353722,0,221.805809452716,125.416941482916
0,0,0,0,289.631679007608,353.822894641502,0,198.964527389285,188.936291522747,205.839960264176,0,0,0,205.09013266389,200.878319874537,154.784755881607,0,0,0,0,97.3506957544063,0,0,0,0,106.533627130087,263.534399241887,192.693757128262,58.3493451392805,283.248188884028,0,0,0,89.707245288964,161.74915061469,160.530221557972,111.226326353722,0,0,178.748963182352,201.100640800745
0,0,0,117.208001126138,321.124897279917,0,0,106.128596538706,0,0,116.176698124939,96.7845769653343,0,241.635434294794,0,0,227.504408813069,112.823430872325,80.8080171296381,0,0,0,139.93285932648,183.786860782462,0,0,0,0,106.926813611922,0,0,0,0,161.694997919804,219.078548227669,0,0,0,0,180.543851962045,0
0,194.442125915551,0,163.945208919892,128.846764897717,145.74089716123,173.538155409849,0,94.7280504127031,251.098274723989,269.936825670274,198.528111506785,0,128.530575464043,101.350815329073,0,0,0,153.453047983244,283.88658203332,0,0,103.519938150021,0,101.85207633558,171.230058197369,0,0,0,101.605593487621,309.997227542691,0,0,82.1742780037132,357.423078228283,201.44584889478,221.805809452716,178.748963182352,180.543851962045,0,186.348837226466
0,0,238.934743274142,0,0,0,0,0,61.0664810463559,89.9429017381717,196.04190773555,171.906398392157,0,0,136.792307586862,0,0,0,0,197.893790332676,0,0,0,153.609372090384,110.384905066973,81.2827395071039,66.5008477853491,89.1590885155172,306.344527664232,179.718364159796,0,175.196329314064,0,113.144980278377,202.712457066107,181.316358113209,125.416941482916,201.100640800745,0,186.348837226466,0
