0,0,0,0,0,0,0,247.66948903751,0,93.5029580098427,0,0,0,0,186.973586461633,219.430938885781,0,0,0,0,0,0,0,0,0,0,0,0,163.945208919892,0,0,0,0,0,0,0,101.895308036513,0,0,0,0
0,0,0,0,0,0,173.001559092555,0,0,0,0,0,0,0,0,0,0,0,0,0,0,0,0,0,0,192.135034768848,0,142.054529471577,241.57250333243,276.620869034647,0,0,0,0,112.823430872325,0,0,0,0,90.1317194604647,0
0,0,0,0,0,0,0,0,0,0,0,0,0,0,0,0,0,0,0,0,0,0,0,0,0,0,78.8552325762656,154.070293657878,0,0,0,0,0,0,0,163.059043292369,138.33942793804,0,0,0,161.74915061469
0,0,0,0,0,338.131802716296,0,0,0,193.777661225572,171.906398392157,94.9380989123498,0,0,0,0,0,0,0,0,0,164.032723165762,101.443495235174,206.472608421747,0,58.3493451392805,0,0,0,0,0,0,0,115.332064605654,85.7623170715703,0,98.417953423071,0,0,197.486504603685,217.157696745803
0,0,0,0,0,0,195.822649557859,0,314.611698427915,0,0,141.204637091722,0,173.201474590904,179.718364159796,0,161.325017232684,0,104.915316975638,82.6299537488922,181.316358113209,335.371040201042,0,150.161410108805,184.249961885477,0,0,0,0,0,0,0,0,0,0,0,0,201.100640800745,0,0,115.114253591495
0,0,0,338.131802716296,0,0,0,0,0,0,0,329.719143597451,0,0,145.74089716123,0,0,103.519938150021,0,0,0,0,0,333.645516435298,0,116.054372245433,0,171.230058197369,0,0,0,0,0,238.934743274142,205.09013266389,158.955087279859,222.053792850439,92.3502314520023,0,101.5853655613,80.4367166559625
0,173.001559092555,0,0,195.822649557859,0,0,0,0,160.537522273714,347.376449530863,117.208001126138,0,0,0,0,134.566479261133,0,0,263.534399241887,0,0,0,0,143.005810983322,113.059176128709,0,139.654362654449,0,0,0,0,61.0664810463559,0,0,0,153.672550905948,0,0,114.511014214502,0
247.66948903751,0,0,0,0,0,0,0,120.567029282014,0,111.226326353722,197.893790332676,0,357.423078228283,289.631679007608,0,0,0,75.4497121078207,0,0,0,0,115.541295036174,0,0,0,0,161.694997919804,0,0,0,0,226.825099357786,106.926813611922,228.075434767255,85.6072705949986,162.833808134102,135.667029391615,0,94.027247878695
0,0,0,0,314.611698427915,0,0,120.567029282014,0,0,0,161.275817184598,0,0,128.846764897717,0,0,0,0,191.519780382943,0,0,0,0,0,0,345.797434674459,259.055025639447,0,321.864157986053,0,0,0,284.529238481835,89.1590885155172,0,108.381749703452,0,0,0,0
93.5029580098427,0,0,193.777661225572,0,0,160.537522273714,0,0,0,94.7280504127031,225.013371621378,0,167.066576495979,219.040656038919,283.88658203332,0,201.44584889478,0,0,0,0,0,0,0,0,231.050882209,0,218.045528847001,0,0,73.1029054543569,0,135.294330067913,178.748963182352,192.693757128262,148.808626413748,0,180.90030328818,0,348.674510760064
0,0,0,171.906398392157,0,0,347.376449530863,111.226326353722,0,94.7280504127031,0,92.5207898118833,158.567996645797,0,0,0,0,0,0,0,219.078548227669,0,0,0,0,198.528111506785,90.7216186966914,0,0,0,0,169.453147353278,0,0,146.465927798921,188.851177466023,155.24952173131,213.67670887414,106.128596538706,0,89.9429017381717
0,0,0,94.9380989123498,141.204637091722,329.719143597451,117.208001126138,197.893790332676,161.275817184598,225.013371621378,92.5207898118833,0,0,84.3635741045246,0,353.822894641502,0,0,0,0,110.384905066973,0,0,0,0,0,0,178.683678585178,94.7529894315991,81.2827395071039,223.705816669619,0,0,0,62.311273509377,0,306.344527664232,139.93285932648,306.640284138334,172.892533368851,320.356811100276
0,0,0,0,0,0,0,0,0,0,158.567996645797,0,0,0,0,0,0,0,0,0,0,0,0,0,261.440278806413,155.901486485736,0,0,0,0,0,0,0,62.859596780235,200.878319874537,269.936825670274,0,0,0,0,0
0,0,0,0,173.201474590904,0,0,357.423078228283,0,167.066576495979,0,84.3635741045246,0,0,0,0,224.551207449728,0,0,0,0,0,0,0,0,157.852515740516,113.144980278377,87.8456058929559,0,0,0,0,0,192.601533877686,0,193.63278243493,180.355266595273,249.798812580765,0,128.405764333981,220.901129804706
186.973586461633,0,0,0,179.718364159796,145.74089716123,0,289.631679007608,128.846764897717,219.040656038919,0,0,0,0,0,0,0,0,0,0,0,325.937289045041,0,0,0,0,0,0,74.4197823064597,255.441154257905,99.2646516363145,124.698445421759,0,0,0,231.715271819474,0,0,0,0,0
219.430938885781,0,0,0,0,0,0,0,0,283.88658203332,0,353.822894641502,0,0,0,0,0,0,0,112.349934713559,112.793316814908,0,82.4756938751058,0,0,0,0,137.189596148386,0,0,71.5579325720569,0,67.8267069095267,0,173.059382066957,0,0,0,0,98.6790043377568,0
0,0,0,0,161.325017232684,0,134.566479261133,0,0,0,0,0,0,224.551207449728,0,0,0,0,151.806152521152,0,0,0,196.04190773555,0,0,0,173.538155409849,153.876396855887,0,0,0,0,0,71.4788760670054,206.912707094411,0,0,0,0,97.3232815600345,0
0,0,0,0,0,103.519938150021,0,0,0,201.44584889478,0,0,0,0,0,0,0,0,0,0,0,0,0,0,0,0,0,138.425725342224,261.605527103798,119.345624434514,195.378266313867,0,0,0,133.984214699576,0,321.124897279917,0,0,109.093416850988,0
0,0,0,0,104.915316975638,0,0,75.4497121078207,0,0,0,0,0,0,0,0,151.806152521152,0,0,0,0,0,0,100.812745974529,151.01089327964,0,227.504408813069,0,211.840482897052,0,0,0,0,165.893015276821,0,300.031143529538,78.9559315574845,99.3508940827211,283.248188884028,0,0
0,0,0,0,82.6299537488922,0,263.534399241887,0,191.519780382943,0,0,0,0,0,0,112.349934713559,0,0,0,0,236.681907140956,0,96.5937438588657,151.036729364761,169.742003380707,186.348837226466,111.435629183184,0,0,0,0,0,0,72.2278283150671,183.786860782462,249.905610015455,92.5568465385234,172.608400267715,193.055010680236,76.5072790361762,0
0,0,0,0,181.316358113209,0,0,0,0,0,219.078548227669,110.384905066973,0,0,0,112.793316814908,0,0,0,236.681907140956,0,0,0,114.649126378906,0,0,66.5008477853491,81.9664354533492,154.784755881607,0,0,0,0,204.481117647118,0,0,177.763106506206,0,0,175.196329314064,131.969743415579
0,0,0,164.032723165762,335.371040201042,0,0,0,0,0,0,0,0,0,325.937289045041,0,0,0,0,0,0,0,0,188.936291522747,151.075371308616,0,74.7304794244225,101.85207633558,0,0,0,0,0,0,0,0,115.868441404982,0,0,0,0
0,0,0,101.443495235174,0,0,0,0,0,0,0,0,0,0,0,82.4756938751058,196.04190773555,0,0,96.5937438588657,0,0,0,134.960780198024,198.964527389285,0,0,82.1742780037132,97.3506957544063,0,0,0,0,212.592150359921,115.194491798135,253.401634605989,224.523755099568,262.382215657622,0,228.792310020318,146.814226519809
0,0,0,206.472608421747,150.161410108805,333.645516435298,0,115.541295036174,0,0,0,0,0,0,0,0,0,0,100.812745974529,151.036729364761,114.649126378906,188.936291522747,134.960780198024,0,0,252.487290983309,139.792601838991,82.6426202489162,0,0,0,96.7845769653343,0,89.3673883748406,125.416941482916,0,136.685314494491,94.126460729827,119.728129215699,215.611029055736,0
0,0,0,0,184.249961885477,0,143.005810983322,0,0,0,0,0,261.440278806413,0,0,0,0,0,151.01089327964,169.742003380707,0,151.075371308616,198.964527389285,0,0,0,0,0,120.912756812582,0,0,0,0,0,0,0,73.4795582048751,0,190.185165668632,0,0
0,192.135034768848,0,58.3493451392805,0,116.054372245433,113.059176128709,0,0,0,198.528111506785,0,155.901486485736,157.852515740516,0,0,0,0,0,186.348837226466,0,0,0,252.487290983309,0,0,0,178.224497384947,240.185081663983,0,0,232.945974238958,0,280.376028997576,116.176698124939,98.2230592632363,323.781250289068,221.805809452716,214.116367924649,125.81518738273,195.314816908693
0,0,78.8552325762656,0,0,0,0,0,345.797434674459,231.050882209,90.7216186966914,0,0,113.144980278377,0,0,173.538155409849,0,227.504408813069,111.435629183184,66.5008477853491,74.7304794244225,0,139.792601838991,0,0,0,106.33736463831,124.853650664477,0,0,0,0,196.032358954952,187.77054666536,259.442917595754,202.712457066107,133.218162784108,160.530221557972,154.065933476765,0
0,142.054529471577,154.070293657878,0,0,171.230058197369,139.654362654449,0,259.055025639447,0,0,178.683678585178,0,87.8456058929559,0,137.189596148386,153.876396855887,138.425725342224,0,0,81.9664354533492,101.85207633558,82.1742780037132,82.6426202489162,0,178.224497384947,106.33736463831,0,122.106946855269,241.635434294794,0,154.142998692322,0,125.994729980093,161.302948562323,118.522099274347,142.385058730083,205.839960264176,205.183249704085,251.098274723989,194.442125915551
163.945208919892,241.57250333243,0,0,0,0,0,161.694997919804,0,218.045528847001,0,94.7529894315991,0,0,74.4197823064597,0,0,261.605527103798,211.840482897052,0,154.784755881607,0,97.3506957544063,0,120.912756812582,240.185081663983,124.853650664477,122.106946855269,0,0,0,0,0,101.350815329073,0,159.183173818572,74.5815074003433,242.790381480436,104.369974912428,199.492852797962,168.241326865882
0,276.620869034647,0,0,0,0,0,0,321.864157986053,0,0,81.2827395071039,0,0,255.441154257905,0,0,119.345624434514,0,0,0,0,0,0,0,0,0,241.635434294794,0,0,0,0,146.99041817625,303.527509149359,0,0,193.659409924573,153.453047983244,0,220.963068032256,0
0,0,0,0,0,0,0,0,0,0,0,223.705816669619,0,0,99.2646516363145,71.5579325720569,0,195.378266313867,0,0,0,0,0,0,0,0,0,0,0,0,0,0,0,0,80.8080171296381,0,0,0,0,128.530575464043,0
0,0,0,0,0,0,0,0,0,73.1029054543569,169.453147353278,0,0,0,124.698445421759,0,0,0,0,0,0,0,0,96.7845769653343,0,232.945974238958,0,154.142998692322,0,0,0,0,0,204.084074037941,180.543851962045,115.871357769661,0,0,0,95.7590805983148,89.707245288964
0,0,0,0,0,0,61.0664810463559,0,0,0,0,0,0,0,0,67.8267069095267,0,0,0,0,0,0,0,0,0,0,0,0,0,146.99041817625,0,0,0,0,0,101.605593487621,0,0,0,94.8881692391942,0
0,0,0,115.332064605654,0,238.934743274142,0,226.825099357786,284.529238481835,135.294330067913,0,0,62.859596780235,192.601533877686,0,0,71.4788760670054,0,165.893015276821,72.2278283150671,204.481117647118,0,212.592150359921,89.3673883748406,0,280.376028997576,196.032358954952,125.994729980093,101.350815329073,303.527509149359,0,204.084074037941,0,0,250.461724766314,151.695570509541,106.533627130087,146.770754374523,97.5855511246009,137.177378802006,174.013630695256
0,112.823430872325,0,85.7623170715703,0,205.09013266389,0,106.926813611922,89.1590885155172,178.748963182352,146.465927798921,62.311273509377,200.878319874537,0,0,173.059382066957,206.912707094411,133.984214699576,0,183.786860782462,0,0,115.194491798135,125.416941482916,0,116.176698124939,187.77054666536,161.302948562323,0,0,80.8080171296381,180.543851962045,0,250.461724766314,0,0,140.574866691684,165.597665022977,70.4221432298295,0,208.005106191961
0,0,163.059043292369,0,0,158.955087279859,0,228.075434767255,0,192.693757128262,188.851177466023,0,269.936825670274,193.63278243493,231.715271819474,0,0,0,300.031143529538,249.905610015455,0,0,253.401634605989,0,0,98.2230592632363,259.442917595754,118.522099274347,159.183173818572,0,0,115.871357769661,101.605593487621,151.695570509541,0,0,209.996727521564,0,0,0,0
101.895308036513,0,138.33942793804,98.417953423071,0,222.053792850439,153.672550905948,85.6072705949986,108.381749703452,148.808626413748,155.24952173131,306.344527664232,0,180.355266595273,0,0,0,321.124897279917,78.9559315574845,92.5568465385234,177.763106506206,115.868441404982,224.523755099568,136.685314494491,73.4795582048751,323.781250289068,202.712457066107,142.385058730083,74.5815074003433,193.659409924573,0,0,0,106.533627130087,140.574866691684,209.996727521564,0,108.136066660554,0,241.682021696872,153.609372090384
0,0,0,0,201.100640800745,92.3502314520023,0,162.833808134102,0,0,213.67670887414,139.93285932648,0,249.798812580765,0,0,0,0,99.3508940827211,172.608400267715,0,0,262.382215657622,94.126460729827,0,221.805809452716,133.218162784108,205.839960264176,242.790381480436,153.453047983244,0,0,0,146.770754374523,165.597665022977,0,108.136066660554,0,0,137.239127032733,93.4234866874731
0,0,0,0,0,0,0,135.667029391615,0,180.90030328818,106.128596538706,306.640284138334,0,0,0,0,0,0,283.248188884028,193.055010680236,0,0,0,119.728129215699,190.185165668632,214.116367924649,160.530221557972,205.183249704085,104.369974912428,0,0,0,0,97.5855511246009,70.4221432298295,0,0,0,0,0,309.997227542691
0,90.1317194604647,0,197.486504603685,0,101.5853655613,114.511014214502,0,0,0,0,172.892533368851,0,128.405764333981,0,98.6790043377568,97.3232815600345,109.093416850988,0,76.5072790361762,175.196329314064,0,228.792310020318,215.611029055736,0,125.81518738273,154.065933476765,251.098274723989,199.492852797962,220.963068032256,128.530575464043,95.7590805983148,94.8881692391942,137.177378802006,0,0,241.682021696872,137.239127032733,0,0,136.792307586862
0,0,161.74915061469,217.157696745803,115.114253591495,80.4367166559625,0,94.027247878695,0,348.674510760064,89.9429017381717,320.356811100276,0,220.901129804706,0,0,0,0,0,0,131.969743415579,0,146.814226519809,0,0,195.314816908693,0,194.442125915551,168.241326865882,0,0,89.707245288964,0,174.013630695256,208.005106191961,0,153.609372090384,93.4234866874731,309.997227542691,136.792307586862,0
