0,0,0,0,0,0,0,0,0,0,0,0,0,0,0,0,0,58.3493451392805,181.316358113209,0,0,0,0,0,0,0,348.674510760064,0,101.5853655613,0,0,0,0,0,0,0,101.605593487621,0,0,74.4197823064597,0
0,0,0,0,0,0,154.784755881607,0,0,0,0,226.825099357786,0,0,0,0,0,0,0,197.486504603685,0,0,0,153.672550905948,184.249961885477,0,0,0,0,0,0,0,0,85.7623170715703,96.5937438588657,0,0,0,0,0,0
0,0,0,0,0,0,0,0,0,0,0,0,0,0,0,0,0,0,0,0,0,0,0,0,0,0,0,205.09013266389,0,0,0,0,0,101.443495235174,0,0,197.893790332676,0,0,338.131802716296,94.9380989123498
0,0,0,0,214.116367924649,0,0,263.534399241887,0,111.226326353722,0,0,0,150.161410108805,155.901486485736,0,0,161.325017232684,0,98.6790043377568,0,0,0,154.070293657878,0,76.5072790361762,0,0,163.059043292369,0,0,0,0,0,0,0,206.912707094411,146.814226519809,0,141.204637091722,0
0,0,0,214.116367924649,0,0,0,151.806152521152,0,124.698445421759,0,253.401634605989,0,0,261.440278806413,0,0,0,0,115.114253591495,0,0,0,0,0,0,219.078548227669,173.059382066957,0,0,0,0,0,122.106946855269,125.81518738273,0,205.839960264176,138.33942793804,0,171.230058197369,241.57250333243
0,0,0,0,0,0,0,224.523755099568,0,0,0,0,0,0,0,0,0,0,0,0,212.592150359921,0,114.649126378906,106.926813611922,0,284.529238481835,137.177378802006,195.822649557859,0,0,0,106.128596538706,0,146.465927798921,321.124897279917,0,193.055010680236,137.239127032733,0,192.135034768848,115.332064605654
0,154.784755881607,0,0,0,0,0,0,0,0,0,0,173.001559092555,0,259.055025639447,0,0,0,0,251.098274723989,218.045528847001,190.185165668632,0,0,0,0,0,136.685314494491,195.378266313867,0,0,0,0,113.059176128709,231.050882209,0,158.567996645797,0,0,175.196329314064,183.786860782462
0,0,0,263.534399241887,151.806152521152,224.523755099568,0,0,0,173.538155409849,106.533627130087,228.075434767255,0,124.853650664477,0,158.955087279859,0,0,0,78.9559315574845,180.355266595273,0,0,0,0,0,0,145.74089716123,0,0,0,0,0,0,309.997227542691,98.417953423071,213.67670887414,100.812745974529,0,204.084074037941,0
0,0,0,0,0,0,0,0,0,125.416941482916,94.126460729827,0,0,0,0,84.3635741045246,0,0,0,169.742003380707,0,0,0,276.620869034647,0,0,211.840482897052,0,220.901129804706,0,0,101.895308036513,0,0,0,61.0664810463559,0,0,94.027247878695,0,89.707245288964
0,0,0,111.226326353722,124.698445421759,0,0,173.538155409849,125.416941482916,0,335.371040201042,104.915316975638,0,209.996727521564,0,172.608400267715,0,115.871357769661,0,0,0,174.013630695256,0,0,0,194.442125915551,0,0,0,112.793316814908,0,0,157.852515740516,93.4234866874731,169.453147353278,0,94.8881692391942,186.348837226466,0,255.441154257905,0
0,0,0,0,0,0,0,106.533627130087,94.126460729827,335.371040201042,0,0,0,89.1590885155172,177.763106506206,0,198.964527389285,0,0,0,0,0,206.472608421747,90.7216186966914,0,97.5855511246009,0,0,0,0,320.356811100276,0,0,222.053792850439,120.912756812582,192.601533877686,0,0,103.519938150021,283.248188884028,155.24952173131
0,226.825099357786,0,0,253.401634605989,0,0,228.075434767255,0,104.915316975638,0,0,205.183249704085,0,0,0,0,0,137.189596148386,0,117.208001126138,0,333.645516435298,172.892533368851,0,249.905610015455,146.99041817625,131.969743415579,180.543851962045,0,289.631679007608,0,0,202.712457066107,112.349934713559,353.822894641502,96.7845769653343,345.797434674459,0,179.718364159796,89.3673883748406
0,0,0,0,0,0,173.001559092555,0,0,0,0,205.183249704085,0,0,0,252.487290983309,0,0,0,0,0,0,0,0,0,0,0,0,0,0,0,0,0,0,300.031143529538,0,357.423078228283,323.781250289068,0,0,0
0,0,0,150.161410108805,0,0,0,124.853650664477,0,209.996727521564,89.1590885155172,0,0,0,0,0,62.311273509377,0,0,238.934743274142,0,89.9429017381717,74.5815074003433,0,0,193.777661225572,0,0,151.695570509541,128.530575464043,0,116.054372245433,0,0,0,0,191.519780382943,0,70.4221432298295,0,0
0,0,0,155.901486485736,261.440278806413,0,259.055025639447,0,0,0,177.763106506206,0,0,0,0,0,0,0,0,104.369974912428,139.792601838991,0,0,193.63278243493,0,0,0,118.522099274347,0,0,0,0,0,187.77054666536,106.33736463831,0,159.183173818572,0,0,115.541295036174,0
0,0,0,0,0,0,0,158.955087279859,84.3635741045246,172.608400267715,0,0,252.487290983309,0,0,0,0,0,0,0,0,81.2827395071039,0,0,0,0,153.609372090384,74.7304794244225,0,0,0,0,0,0,249.798812580765,109.093416850988,0,228.792310020318,0,167.066576495979,0
0,0,0,0,0,0,0,0,0,0,198.964527389285,0,0,62.311273509377,0,0,0,0,0,0,201.44584889478,0,0,241.682021696872,0,82.4756938751058,0,62.859596780235,0,0,0,0,0,217.157696745803,0,114.511014214502,151.075371308616,0,269.936825670274,0,0
58.3493451392805,0,0,161.325017232684,0,0,0,0,0,115.871357769661,0,0,0,0,0,0,0,0,0,0,0,0,0,220.963068032256,0,0,303.527509149359,193.659409924573,101.350815329073,0,0,0,0,140.574866691684,99.2646516363145,0,0,0,0,0,0
181.316358113209,0,0,0,0,0,0,0,0,0,0,137.189596148386,0,0,0,0,0,0,0,0,0,186.973586461633,0,128.846764897717,0,0,0,173.201474590904,0,259.442917595754,0,247.66948903751,0,306.640284138334,95.7590805983148,115.194491798135,221.805809452716,0,0,225.013371621378,0
0,197.486504603685,0,98.6790043377568,115.114253591495,0,251.098274723989,78.9559315574845,169.742003380707,0,0,0,0,238.934743274142,104.369974912428,0,0,0,0,0,0,0,108.136066660554,0,0,314.611698427915,0,188.936291522747,143.005810983322,283.88658203332,0,0,0,180.90030328818,0,92.5568465385234,227.504408813069,0,134.566479261133,0,0
0,0,0,0,0,212.592150359921,218.045528847001,180.355266595273,0,0,0,117.208001126138,0,0,139.792601838991,0,201.44584889478,0,0,0,0,0,0,0,0,0,0,329.719143597451,146.770754374523,0,0,161.694997919804,119.345624434514,0,0,240.185081663983,80.4367166559625,81.9664354533492,0,0,0
0,0,0,0,0,0,190.185165668632,0,0,174.013630695256,0,0,0,89.9429017381717,0,81.2827395071039,0,0,186.973586461633,0,0,0,0,0,0,0,0,92.3502314520023,0,0,0,0,0,0,73.4795582048751,0,0,0,0,0,171.906398392157
0,0,0,0,0,114.649126378906,0,0,0,0,206.472608421747,333.645516435298,0,74.5815074003433,0,0,0,0,0,108.136066660554,0,0,0,128.405764333981,98.2230592632363,178.748963182352,195.314816908693,97.3506957544063,161.74915061469,0,0,0,0,0,178.224497384947,0,66.5008477853491,73.1029054543569,0,0,154.142998692322
0,153.672550905948,0,154.070293657878,0,106.926813611922,0,0,276.620869034647,0,90.7216186966914,172.892533368851,0,0,193.63278243493,0,241.682021696872,220.963068032256,128.846764897717,0,0,0,128.405764333981,0,0,0,0,160.530221557972,0,151.036729364761,0,113.144980278377,0,67.8267069095267,90.1317194604647,0,135.667029391615,71.5579325720569,116.176698124939,0,0
0,184.249961885477,0,0,0,0,0,0,0,0,0,0,0,0,0,0,0,0,0,0,0,0,98.2230592632363,0,0,94.7280504127031,136.792307586862,160.537522273714,125.994729980093,0,0,0,0,112.823430872325,82.6299537488922,0,0,0,0,110.384905066973,111.435629183184
0,0,0,76.5072790361762,0,284.529238481835,0,0,0,194.442125915551,97.5855511246009,249.905610015455,0,193.777661225572,0,0,82.4756938751058,0,0,314.611698427915,0,0,178.748963182352,0,94.7280504127031,0,133.984214699576,0,223.705816669619,0,71.4788760670054,208.005106191961,0,94.7529894315991,241.635434294794,148.808626413748,72.2278283150671,236.681907140956,0,0,92.5207898118833
348.674510760064,0,0,0,219.078548227669,137.177378802006,0,0,211.840482897052,0,0,146.99041817625,0,0,0,153.609372090384,0,303.527509149359,0,0,0,0,195.314816908693,0,136.792307586862,133.984214699576,0,0,192.693757128262,306.344527664232,196.04190773555,0,0,231.715271819474,0,101.85207633558,120.567029282014,196.032358954952,87.8456058929559,219.040656038919,85.6072705949986
0,0,205.09013266389,0,173.059382066957,195.822649557859,136.685314494491,145.74089716123,0,0,0,131.969743415579,0,0,118.522099274347,74.7304794244225,62.859596780235,193.659409924573,173.201474590904,188.936291522747,329.719143597451,92.3502314520023,97.3506957544063,160.530221557972,160.537522273714,0,0,0,250.461724766314,0,0,204.481117647118,165.597665022977,115.868441404982,178.683678585178,154.065933476765,232.945974238958,0,262.382215657622,80.8080171296381,164.032723165762
101.5853655613,0,0,163.059043292369,0,0,195.378266313867,0,220.901129804706,0,0,180.543851962045,0,151.695570509541,0,0,0,101.350815329073,0,143.005810983322,146.770754374523,0,161.74915061469,0,125.994729980093,223.705816669619,192.693757128262,250.461724766314,0,0,82.6426202489162,139.93285932648,0,0,0,119.728129215699,133.218162784108,219.430938885781,224.551207449728,325.937289045041,0
0,0,0,0,0,0,0,0,0,112.793316814908,0,0,0,128.530575464043,0,0,0,0,259.442917595754,283.88658203332,0,0,0,151.036729364761,0,0,306.344527664232,0,0,0,0,0,0,142.054529471577,0,188.851177466023,139.654362654449,0,165.893015276821,280.376028997576,0
0,0,0,0,0,0,0,0,0,0,320.356811100276,289.631679007608,0,0,0,0,0,0,0,0,0,0,0,0,0,71.4788760670054,196.04190773555,0,82.6426202489162,0,0,0,0,0,0,0,0,0,0,261.605527103798,0
0,0,0,0,0,106.128596538706,0,0,101.895308036513,0,0,0,0,116.054372245433,0,0,0,0,247.66948903751,0,161.694997919804,0,0,113.144980278377,0,208.005106191961,0,204.481117647118,139.93285932648,0,0,0,0,0,0,0,0,0,93.5029580098427,0,162.833808134102
0,0,0,0,0,0,0,0,0,157.852515740516,0,0,0,0,0,0,0,0,0,0,119.345624434514,0,0,0,0,0,0,165.597665022977,0,0,0,0,0,0,0,0,138.425725342224,0,0,0,215.611029055736
0,85.7623170715703,101.443495235174,0,122.106946855269,146.465927798921,113.059176128709,0,0,93.4234866874731,222.053792850439,202.712457066107,0,0,187.77054666536,0,217.157696745803,140.574866691684,306.640284138334,180.90030328818,0,0,0,67.8267069095267,112.823430872325,94.7529894315991,231.715271819474,115.868441404982,0,142.054529471577,0,0,0,0,161.302948562323,163.945208919892,153.453047983244,151.01089327964,75.4497121078207,199.492852797962,168.241326865882
0,96.5937438588657,0,0,125.81518738273,321.124897279917,231.050882209,309.997227542691,0,169.453147353278,120.912756812582,112.349934713559,300.031143529538,0,106.33736463831,249.798812580765,0,99.2646516363145,95.7590805983148,0,0,73.4795582048751,178.224497384947,90.1317194604647,82.6299537488922,241.635434294794,0,178.683678585178,0,0,0,0,0,161.302948562323,0,0,198.528111506785,200.878319874537,201.100640800745,108.381749703452,82.1742780037132
0,0,0,0,0,0,0,98.417953423071,61.0664810463559,0,192.601533877686,353.822894641502,0,0,0,109.093416850988,114.511014214502,0,115.194491798135,92.5568465385234,240.185081663983,0,0,0,0,148.808626413748,101.85207633558,154.065933476765,119.728129215699,188.851177466023,0,0,0,163.945208919892,0,0,78.8552325762656,347.376449530863,0,142.385058730083,242.790381480436
101.605593487621,0,197.893790332676,206.912707094411,205.839960264176,193.055010680236,158.567996645797,213.67670887414,0,94.8881692391942,0,96.7845769653343,357.423078228283,191.519780382943,159.183173818572,0,151.075371308616,0,221.805809452716,227.504408813069,80.4367166559625,0,66.5008477853491,135.667029391615,0,72.2278283150671,120.567029282014,232.945974238958,133.218162784108,139.654362654449,0,0,138.425725342224,153.453047983244,198.528111506785,78.8552325762656,0,99.3508940827211,0,161.275817184598,153.876396855887
0,0,0,146.814226519809,138.33942793804,137.239127032733,0,100.812745974529,0,186.348837226466,0,345.797434674459,323.781250289068,0,0,228.792310020318,0,0,0,0,81.9664354533492,0,73.1029054543569,71.5579325720569,0,236.681907140956,196.032358954952,0,219.430938885781,0,0,0,0,151.01089327964,200.878319874537,347.376449530863,99.3508940827211,0,97.3232815600345,0,135.294330067913
0,0,0,0,0,0,0,0,94.027247878695,0,103.519938150021,0,0,70.4221432298295,0,0,269.936825670274,0,0,134.566479261133,0,0,0,116.176698124939,0,0,87.8456058929559,262.382215657622,224.551207449728,165.893015276821,0,93.5029580098427,0,75.4497121078207,201.100640800745,0,0,97.3232815600345,0,321.864157986053,0
74.4197823064597,0,338.131802716296,141.204637091722,171.230058197369,192.135034768848,175.196329314064,204.084074037941,0,255.441154257905,283.248188884028,179.718364159796,0,0,115.541295036174,167.066576495979,0,0,225.013371621378,0,0,0,0,0,110.384905066973,0,219.040656038919,80.8080171296381,325.937289045041,280.376028997576,261.605527103798,0,0,199.492852797962,108.381749703452,142.385058730083,161.275817184598,0,321.864157986053,0,134.960780198024
0,0,94.9380989123498,0,241.57250333243,115.332064605654,183.786860782462,0,89.707245288964,0,155.24952173131,89.3673883748406,0,0,0,0,0,0,0,0,0,171.906398392157,154.142998692322,0,111.435629183184,92.5207898118833,85.6072705949986,164.032723165762,0,0,0,162.833808134102,215.611029055736,168.241326865882,82.1742780037132,242.790381480436,153.876396855887,135.294330067913,0,134.960780198024,0
