0,0,0,0,0,0,84.3635741045246,0,0,0,0,0,0,0,0,0,94.027247878695,0,0,0,0,0,0,0,0,174.013630695256,0,0,0,0,0,0,0,0,325.937289045041,0,0,153.672550905948,0,0,89.1590885155172
0,0,0,0,0,0,0,0,97.3506957544063,0,0,112.823430872325,241.682021696872,0,0,0,306.640284138334,0,0,0,0,0,0,0,0,0,0,89.707245288964,155.901486485736,0,0,0,0,0,0,0,167.066576495979,0,0,0,0
0,0,0,118.522099274347,0,0,0,0,0,0,0,0,0,0,0,0,0,0,0,0,0,0,101.5853655613,0,0,0,0,0,0,0,0,0,0,238.934743274142,0,82.4756938751058,89.3673883748406,0,0,0,0
0,0,118.522099274347,0,0,136.685314494491,0,0,0,0,0,163.059043292369,0,0,0,0,0,0,231.715271819474,115.194491798135,0,0,0,0,0,0,0,115.332064605654,181.316358113209,0,0,62.311273509377,131.969743415579,0,75.4497121078207,157.852515740516,106.926813611922,0,0,93.4234866874731,0
0,0,0,0,0,195.378266313867,0,0,0,94.8881692391942,0,259.442917595754,0,0,0,0,0,0,0,0,78.9559315574845,0,196.04190773555,61.0664810463559,205.183249704085,226.825099357786,220.963068032256,0,0,0,0,0,0,221.805809452716,0,198.964527389285,193.659409924573,0,0,335.371040201042,134.566479261133
0,0,0,136.685314494491,195.378266313867,0,0,0,0,0,92.5207898118833,160.530221557972,0,0,125.81518738273,0,0,0,104.369974912428,0,0,0,0,314.611698427915,200.878319874537,0,125.994729980093,201.100640800745,0,0,0,0,0,213.67670887414,0,0,94.7529894315991,211.840482897052,0,0,283.88658203332
84.3635741045246,0,0,0,0,0,0,0,0,0,154.070293657878,164.032723165762,0,0,0,0,0,150.161410108805,0,0,0,0,0,0,0,151.075371308616,204.481117647118,357.423078228283,0,0,242.790381480436,0,0,173.059382066957,0,0,261.440278806413,98.6790043377568,0,161.325017232684,220.901129804706
0,0,0,0,0,0,0,0,168.241326865882,74.7304794244225,0,165.597665022977,0,0,0,0,58.3493451392805,0,135.667029391615,165.893015276821,0,249.798812580765,0,263.534399241887,0,0,96.7845769653343,0,0,0,0,0,0,97.3232815600345,115.541295036174,323.781250289068,300.031143529538,236.681907140956,0,276.620869034647,142.054529471577
0,97.3506957544063,0,0,0,0,0,168.241326865882,0,347.376449530863,0,262.382215657622,0,0,0,0,241.635434294794,0,0,0,0,0,0,0,0,78.8552325762656,92.5568465385234,0,0,0,0,0,0,108.136066660554,0,141.204637091722,0,0,138.425725342224,137.239127032733,0
0,0,0,0,94.8881692391942,0,0,74.7304794244225,347.376449530863,0,151.036729364761,161.74915061469,0,0,0,206.472608421747,0,0,124.853650664477,0,0,0,303.527509149359,125.416941482916,100.812745974529,0,209.996727521564,284.529238481835,251.098274723989,0,0,0,0,128.405764333981,0,0,114.649126378906,172.892533368851,183.786860782462,95.7590805983148,0
0,0,0,0,0,92.5207898118833,154.070293657878,0,0,151.036729364761,0,0,0,353.822894641502,222.053792850439,0,0,0,0,191.519780382943,0,0,119.728129215699,0,0,0,0,140.574866691684,101.443495235174,0,0,0,0,186.348837226466,192.693757128262,0,193.055010680236,171.906398392157,184.249961885477,82.1742780037132,249.905610015455
0,112.823430872325,0,163.059043292369,259.442917595754,160.530221557972,164.032723165762,165.597665022977,262.382215657622,161.74915061469,0,0,0,0,0,0,0,0,0,128.530575464043,345.797434674459,0,0,0,0,89.9429017381717,0,215.611029055736,180.355266595273,0,321.864157986053,0,0,201.44584889478,0,116.176698124939,228.792310020318,208.005106191961,261.605527103798,155.24952173131,204.084074037941
0,241.682021696872,0,0,0,0,0,0,0,0,0,0,0,0,0,0,0,0,0,0,0,0,161.694997919804,0,0,151.01089327964,0,0,0,0,0,0,0,103.519938150021,0,0,122.106946855269,0,0,112.349934713559,0
0,0,0,0,0,0,0,0,0,0,353.822894641502,0,0,0,119.345624434514,0,178.748963182352,0,0,0,0,309.997227542691,71.5579325720569,96.5937438588657,0,0,0,338.131802716296,99.3508940827211,146.770754374523,0,0,0,320.356811100276,85.6072705949986,72.2278283150671,283.248188884028,0,0,214.116367924649,0
0,0,0,0,0,125.81518738273,0,0,0,0,222.053792850439,0,0,119.345624434514,0,0,0,0,101.350815329073,0,0,192.601533877686,0,112.793316814908,0,0,0,74.5815074003433,0,0,0,0,0,0,219.078548227669,0,180.90030328818,80.4367166559625,0,169.742003380707,188.851177466023
0,0,0,0,0,0,0,0,0,206.472608421747,0,0,0,0,0,0,101.895308036513,0,138.33942793804,0,0,0,259.055025639447,0,0,136.792307586862,289.631679007608,93.5029580098427,306.344527664232,0,0,0,153.453047983244,0,0,177.763106506206,154.065933476765,0,0,0,0
94.027247878695,306.640284138334,0,0,0,0,0,58.3493451392805,241.635434294794,0,0,0,0,178.748963182352,0,101.895308036513,0,0,62.859596780235,0,0,0,0,0,0,0,0,0,205.839960264176,0,0,0,0,128.846764897717,199.492852797962,0,0,0,0,0,0
0,0,0,0,0,0,150.161410108805,0,0,0,0,0,0,0,0,0,0,0,0,0,0,0,0,333.645516435298,0,0,0,0,0,90.7216186966914,0,139.93285932648,0,172.608400267715,232.945974238958,0,0,252.487290983309,217.157696745803,162.833808134102,0
0,0,0,231.715271819474,0,104.369974912428,0,135.667029391615,0,124.853650664477,0,0,0,0,101.350815329073,138.33942793804,62.859596780235,0,0,0,0,0,0,0,0,0,98.2230592632363,0,114.511014214502,0,0,0,0,241.57250333243,0,0,0,82.6426202489162,0,120.912756812582,0
0,0,0,115.194491798135,0,0,0,165.893015276821,0,0,191.519780382943,128.530575464043,0,0,0,0,0,0,0,0,250.461724766314,0,0,0,173.201474590904,113.144980278377,0,240.185081663983,228.075434767255,66.5008477853491,0,113.059176128709,0,202.712457066107,137.189596148386,280.376028997576,269.936825670274,0,0,224.551207449728,106.533627130087
0,0,0,0,78.9559315574845,0,0,0,0,0,0,345.797434674459,0,0,0,0,0,0,0,250.461724766314,0,194.442125915551,218.045528847001,0,85.7623170715703,161.275817184598,0,115.871357769661,0,0,219.430938885781,0,0,71.4788760670054,0,0,115.114253591495,224.523755099568,0,0,205.09013266389
0,0,0,0,0,0,0,249.798812580765,0,0,0,0,0,309.997227542691,192.601533877686,0,0,0,0,0,194.442125915551,0,146.99041817625,0,0,0,0,348.674510760064,0,0,0,0,0,0,0,0,101.85207633558,0,80.8080171296381,0,0
0,0,101.5853655613,0,196.04190773555,0,0,0,0,303.527509149359,119.728129215699,0,161.694997919804,71.5579325720569,0,259.055025639447,0,0,0,0,218.045528847001,146.99041817625,0,169.453147353278,0,0,0,255.441154257905,0,197.486504603685,0,0,0,160.537522273714,0,0,0,0,146.814226519809,175.196329314064,0
0,0,0,0,61.0664810463559,314.611698427915,0,263.534399241887,0,125.416941482916,0,0,0,96.5937438588657,112.793316814908,0,0,333.645516435298,0,0,0,0,169.453147353278,0,0,0,231.050882209,187.77054666536,0,171.230058197369,0,227.504408813069,0,133.218162784108,158.955087279859,0,151.695570509541,139.654362654449,329.719143597451,106.128596538706,115.868441404982
0,0,0,0,205.183249704085,200.878319874537,0,0,0,100.812745974529,0,0,0,0,0,0,0,0,0,173.201474590904,85.7623170715703,0,0,0,0,0,190.185165668632,0,0,0,0,193.777661225572,0,0,154.142998692322,146.465927798921,0,0,0,0,153.876396855887
174.013630695256,0,0,0,226.825099357786,0,151.075371308616,0,78.8552325762656,0,0,89.9429017381717,151.01089327964,0,0,136.792307586862,0,0,0,113.144980278377,161.275817184598,0,0,0,0,0,106.33736463831,198.528111506785,197.893790332676,120.567029282014,0,0,0,70.4221432298295,76.5072790361762,124.698445421759,154.784755881607,225.013371621378,97.5855511246009,0,134.960780198024
0,0,0,0,220.963068032256,125.994729980093,204.481117647118,96.7845769653343,92.5568465385234,209.996727521564,0,0,0,0,0,289.631679007608,0,0,98.2230592632363,0,0,0,0,231.050882209,190.185165668632,106.33736463831,0,82.6299537488922,74.4197823064597,158.567996645797,0,0,0,137.177378802006,73.4795582048751,111.226326353722,0,116.054372245433,0,108.381749703452,180.543851962045
0,89.707245288964,0,115.332064605654,0,201.100640800745,357.423078228283,0,0,284.529238481835,140.574866691684,215.611029055736,0,338.131802716296,74.5815074003433,93.5029580098427,0,0,0,240.185081663983,115.871357769661,348.674510760064,255.441154257905,187.77054666536,0,198.528111506785,82.6299537488922,0,81.9664354533492,151.806152521152,0,94.126460729827,109.093416850988,0,161.302948562323,145.74089716123,135.294330067913,186.973586461633,0,219.040656038919,73.1029054543569
0,155.901486485736,0,181.316358113209,0,0,0,0,0,251.098274723989,101.443495235174,180.355266595273,0,99.3508940827211,0,306.344527664232,205.839960264176,0,114.511014214502,228.075434767255,0,0,0,0,0,197.893790332676,74.4197823064597,81.9664354533492,0,0,178.224497384947,0,0,195.822649557859,193.63278243493,212.592150359921,90.1317194604647,173.538155409849,321.124897279917,0,206.912707094411
0,0,0,0,0,0,0,0,0,0,0,0,0,146.770754374523,0,0,0,90.7216186966914,0,66.5008477853491,0,0,197.486504603685,171.230058197369,0,120.567029282014,158.567996645797,151.806152521152,0,0,0,0,0,0,139.792601838991,0,67.8267069095267,179.718364159796,0,0,0
0,0,0,0,0,0,242.790381480436,0,0,0,0,321.864157986053,0,0,0,0,0,0,0,0,219.430938885781,0,0,0,0,0,0,0,178.224497384947,0,0,0,0,0,111.435629183184,0,0,0,98.417953423071,0,0
0,0,0,62.311273509377,0,0,0,0,0,0,0,0,0,0,0,0,0,139.93285932648,0,113.059176128709,0,0,0,227.504408813069,193.777661225572,0,0,94.126460729827,0,0,0,0,92.3502314520023,0,223.705816669619,0,117.208001126138,0,188.936291522747,195.314816908693,0
0,0,0,131.969743415579,0,0,0,0,0,0,0,0,0,0,0,153.453047983244,0,0,0,0,0,0,0,0,0,0,0,109.093416850988,0,0,0,92.3502314520023,0,0,159.183173818572,0,0,0,0,0,0
0,0,238.934743274142,0,221.805809452716,213.67670887414,173.059382066957,97.3232815600345,108.136066660554,128.405764333981,186.348837226466,201.44584889478,103.519938150021,320.356811100276,0,0,128.846764897717,172.608400267715,241.57250333243,202.712457066107,71.4788760670054,0,160.537522273714,133.218162784108,0,70.4221432298295,137.177378802006,0,195.822649557859,0,0,0,0,0,87.8456058929559,104.915316975638,163.945208919892,142.385058730083,0,94.7280504127031,0
325.937289045041,0,0,75.4497121078207,0,0,0,115.541295036174,0,0,192.693757128262,0,0,85.6072705949986,219.078548227669,0,199.492852797962,232.945974238958,0,137.189596148386,0,0,0,158.955087279859,154.142998692322,76.5072790361762,73.4795582048751,161.302948562323,193.63278243493,139.792601838991,111.435629183184,223.705816669619,159.183173818572,87.8456058929559,0,101.605593487621,110.384905066973,0,173.001559092555,81.2827395071039,99.2646516363145
0,0,82.4756938751058,157.852515740516,198.964527389285,0,0,323.781250289068,141.204637091722,0,0,116.176698124939,0,72.2278283150671,0,177.763106506206,0,0,0,280.376028997576,0,0,0,0,146.465927798921,124.698445421759,111.226326353722,145.74089716123,212.592150359921,0,0,0,0,104.915316975638,101.605593487621,0,94.9380989123498,0,0,178.683678585178,148.808626413748
0,167.066576495979,89.3673883748406,106.926813611922,193.659409924573,94.7529894315991,261.440278806413,300.031143529538,0,114.649126378906,193.055010680236,228.792310020318,122.106946855269,283.248188884028,180.90030328818,154.065933476765,0,0,0,269.936825670274,115.114253591495,101.85207633558,0,151.695570509541,0,154.784755881607,0,135.294330067913,90.1317194604647,67.8267069095267,0,117.208001126138,0,163.945208919892,110.384905066973,94.9380989123498,0,143.005810983322,196.032358954952,253.401634605989,133.984214699576
153.672550905948,0,0,0,0,211.840482897052,98.6790043377568,236.681907140956,0,172.892533368851,171.906398392157,208.005106191961,0,0,80.4367166559625,0,0,252.487290983309,82.6426202489162,0,224.523755099568,0,0,139.654362654449,0,225.013371621378,116.054372245433,186.973586461633,173.538155409849,179.718364159796,0,0,0,142.385058730083,0,0,143.005810983322,0,0,0,247.66948903751
0,0,0,0,0,0,0,0,138.425725342224,183.786860782462,184.249961885477,261.605527103798,0,0,0,0,0,217.157696745803,0,0,0,80.8080171296381,146.814226519809,329.719143597451,0,97.5855511246009,0,0,321.124897279917,0,98.417953423071,188.936291522747,0,0,173.001559092555,0,196.032358954952,0,0,153.609372090384,0
0,0,0,93.4234866874731,335.371040201042,0,161.325017232684,276.620869034647,137.239127032733,95.7590805983148,82.1742780037132,155.24952173131,112.349934713559,214.116367924649,169.742003380707,0,0,162.833808134102,120.912756812582,224.551207449728,0,0,175.196329314064,106.128596538706,0,0,108.381749703452,219.040656038919,0,0,0,195.314816908693,0,94.7280504127031,81.2827395071039,178.683678585178,253.401634605989,0,153.609372090384,0,192.135034768848
89.1590885155172,0,0,0,134.566479261133,283.88658203332,220.901129804706,142.054529471577,0,0,249.905610015455,204.084074037941,0,0,188.851177466023,0,0,0,0,106.533627130087,205.09013266389,0,0,115.868441404982,153.876396855887,134.960780198024,180.543851962045,73.1029054543569,206.912707094411,0,0,0,0,0,99.2646516363145,148.808626413748,133.984214699576,247.66948903751,0,192.135034768848,0
