0,0,0,0,0,314.611698427915,0,0,0,0,0,0,0,0,0,0,172.892533368851,0,0,0,0,0,0,106.33736463831,0,0,0,0,0,0,0,0,0,220.963068032256,179.718364159796,0,306.640284138334,0,0,0,0
0,0,0,0,119.345624434514,0,0,0,0,0,0,0,0,0,0,0,0,0,109.093416850988,0,0,0,0,180.355266595273,0,0,0,162.833808134102,125.81518738273,0,0,0,0,232.945974238958,0,0,101.443495235174,0,0,0,0
0,0,0,0,0,0,0,0,0,0,0,158.567996645797,0,0,241.635434294794,0,0,0,0,0,0,0,0,0,0,0,0,97.5855511246009,0,0,0,0,0,0,0,0,98.2230592632363,167.066576495979,0,0,0
0,0,0,0,0,0,0,219.040656038919,0,0,0,0,0,201.44584889478,0,0,0,0,0,0,103.519938150021,0,0,108.381749703452,0,0,0,71.5579325720569,205.839960264176,118.522099274347,0,0,0,348.674510760064,93.4234866874731,139.654362654449,116.176698124939,0,138.33942793804,0,142.054529471577
0,119.345624434514,0,0,0,172.608400267715,0,115.541295036174,0,309.997227542691,0,0,0,0,0,0,0,0,0,151.036729364761,0,0,0,0,0,173.001559092555,195.822649557859,96.7845769653343,0,0,0,0,0,101.350815329073,236.681907140956,188.851177466023,284.529238481835,0,0,161.74915061469,333.645516435298
314.611698427915,0,0,0,172.608400267715,0,0,0,0,171.230058197369,110.384905066973,116.054372245433,0,242.790381480436,0,0,0,94.027247878695,0,122.106946855269,0,0,0,0,0,0,0,137.239127032733,0,0,0,0,0,173.201474590904,215.611029055736,124.698445421759,74.4197823064597,0,0,226.825099357786,0
0,0,0,0,0,0,0,261.440278806413,0,0,0,0,0,70.4221432298295,0,0,0,0,113.059176128709,206.912707094411,0,78.8552325762656,238.934743274142,0,0,0,0,177.763106506206,0,0,0,0,0,101.5853655613,136.792307586862,155.901486485736,158.955087279859,192.601533877686,0,0,181.316358113209
0,0,0,219.040656038919,115.541295036174,0,261.440278806413,0,0,0,0,146.465927798921,0,0,0,0,0,0,0,187.77054666536,0,0,0,0,0,338.131802716296,161.275817184598,142.385058730083,0,73.1029054543569,0,0,347.376449530863,78.9559315574845,161.325017232684,0,283.248188884028,72.2278283150671,0,218.045528847001,112.349934713559
0,0,0,0,0,0,0,0,0,197.893790332676,0,151.695570509541,95.7590805983148,0,0,94.7280504127031,0,0,0,175.196329314064,0,0,160.530221557972,192.693757128262,0,0,214.116367924649,0,0,0,0,0,0,138.425725342224,0,0,61.0664810463559,353.822894641502,0,0,0
0,0,0,0,309.997227542691,171.230058197369,0,0,197.893790332676,0,134.960780198024,80.4367166559625,0,0,0,0,137.177378802006,0,0,0,201.100640800745,0,119.728129215699,0,0,0,112.823430872325,106.128596538706,213.67670887414,0,0,96.5937438588657,0,115.114253591495,0,94.8881692391942,178.224497384947,140.574866691684,300.031143529538,115.194491798135,0
0,0,0,0,0,110.384905066973,0,0,0,134.960780198024,0,0,85.7623170715703,164.032723165762,98.417953423071,0,0,0,0,0,0,0,174.013630695256,120.912756812582,0,198.528111506785,357.423078228283,0,190.185165668632,0,0,0,0,191.519780382943,0,0,111.226326353722,240.185081663983,133.218162784108,80.8080171296381,199.492852797962
0,0,158.567996645797,0,0,116.054372245433,0,146.465927798921,151.695570509541,80.4367166559625,0,0,0,90.1317194604647,0,0,0,0,0,0,0,0,252.487290983309,173.059382066957,0,329.719143597451,0,0,89.1590885155172,171.906398392157,153.609372090384,74.5815074003433,0,89.707245288964,306.344527664232,219.078548227669,146.814226519809,220.901129804706,169.453147353278,89.9429017381717,251.098274723989
0,0,0,0,0,0,0,0,95.7590805983148,0,85.7623170715703,0,0,0,0,0,0,0,0,0,0,0,0,0,0,0,115.868441404982,0,0,0,0,0,0,90.7216186966914,249.798812580765,0,0,131.969743415579,0,0,0
0,0,0,201.44584889478,0,242.790381480436,70.4221432298295,0,0,0,164.032723165762,90.1317194604647,0,0,0,247.66948903751,125.994729980093,0,241.57250333243,0,0,202.712457066107,0,0,219.430938885781,141.204637091722,0,0,0,0,0,0,225.013371621378,0,0,180.543851962045,101.895308036513,0,0,0,0
0,0,241.635434294794,0,0,0,0,0,0,0,98.417953423071,0,0,0,0,0,0,0,0,0,100.812745974529,0,0,196.04190773555,212.592150359921,0,101.85207633558,139.93285932648,0,0,0,0,0,163.945208919892,82.1742780037132,81.2827395071039,82.6299537488922,0,0,208.005106191961,0
0,0,0,0,0,0,0,0,94.7280504127031,0,0,0,0,247.66948903751,0,0,111.435629183184,120.567029282014,0,325.937289045041,0,0,0,0,0,0,228.075434767255,0,194.442125915551,106.533627130087,0,0,0,0,195.314816908693,0,321.864157986053,0,0,87.8456058929559,0
172.892533368851,0,0,0,0,0,0,0,0,137.177378802006,0,0,0,125.994729980093,0,111.435629183184,0,0,0,0,0,163.059043292369,153.672550905948,0,0,0,0,193.055010680236,73.4795582048751,0,0,0,0,0,0,261.605527103798,0,0,0,0,303.527509149359
0,0,0,0,0,94.027247878695,0,0,0,0,0,0,0,0,0,120.567029282014,0,0,0,0,0,0,0,186.348837226466,0,0,169.742003380707,0,154.065933476765,0,0,0,0,0,0,62.859596780235,115.871357769661,101.605593487621,335.371040201042,0,0
0,109.093416850988,0,0,0,0,113.059176128709,0,0,0,0,0,0,241.57250333243,0,0,0,0,0,0,82.4756938751058,0,153.453047983244,0,0,0,0,98.6790043377568,0,161.302948562323,0,0,168.241326865882,262.382215657622,184.249961885477,0,206.472608421747,0,0,128.405764333981,0
0,0,0,0,151.036729364761,122.106946855269,206.912707094411,187.77054666536,175.196329314064,0,0,0,0,0,0,325.937289045041,0,0,0,0,0,0,0,0,0,205.09013266389,0,224.551207449728,0,58.3493451392805,0,151.075371308616,0,106.926813611922,99.2646516363145,62.311273509377,195.378266313867,92.3502314520023,154.784755881607,0,165.893015276821
0,0,0,103.519938150021,0,0,0,0,0,201.100640800745,0,0,0,0,100.812745974529,0,0,0,82.4756938751058,0,0,0,0,104.369974912428,0,255.441154257905,0,283.88658203332,92.5207898118833,94.7529894315991,0,0,0,104.915316975638,323.781250289068,0,160.537522273714,0,0,99.3508940827211,0
0,0,0,0,0,0,78.8552325762656,0,0,0,0,0,0,202.712457066107,0,0,163.059043292369,0,0,0,0,0,0,259.055025639447,146.770754374523,0,0,97.3506957544063,0,0,0,0,0,0,0,227.504408813069,0,114.649126378906,0,0,0
0,0,0,0,0,0,238.934743274142,0,160.530221557972,119.728129215699,174.013630695256,252.487290983309,0,0,0,0,153.672550905948,0,153.453047983244,0,0,0,0,0,0,0,0,0,85.6072705949986,0,0,0,193.659409924573,249.905610015455,231.050882209,0,253.401634605989,0,157.852515740516,209.996727521564,211.840482897052
106.33736463831,180.355266595273,0,108.381749703452,0,0,0,0,192.693757128262,0,120.912756812582,173.059382066957,0,0,196.04190773555,0,0,186.348837226466,0,0,104.369974912428,259.055025639447,0,0,0,178.683678585178,117.208001126138,193.63278243493,198.964527389285,0,0,0,0,165.597665022977,159.183173818572,135.667029391615,0,0,0,188.936291522747,67.8267069095267
0,0,0,0,0,0,0,0,0,0,0,0,0,219.430938885781,212.592150359921,0,0,0,0,0,0,146.770754374523,0,0,0,92.5568465385234,0,0,178.748963182352,0,0,0,0,0,146.99041817625,0,150.161410108805,231.715271819474,204.084074037941,196.032358954952,0
0,0,0,0,173.001559092555,0,0,338.131802716296,0,0,198.528111506785,329.719143597451,0,141.204637091722,0,0,0,0,0,205.09013266389,255.441154257905,0,0,178.683678585178,92.5568465385234,0,128.846764897717,345.797434674459,154.070293657878,74.7304794244225,0,148.808626413748,0,0,151.01089327964,289.631679007608,94.9380989123498,217.157696745803,0,224.523755099568,143.005810983322
0,0,0,0,195.822649557859,0,0,161.275817184598,214.116367924649,112.823430872325,357.423078228283,0,115.868441404982,0,101.85207633558,228.075434767255,0,169.742003380707,0,0,0,0,0,117.208001126138,0,128.846764897717,0,250.461724766314,241.682021696872,0,0,0,125.416941482916,0,128.530575464043,0,204.481117647118,173.538155409849,114.511014214502,139.792601838991,222.053792850439
0,162.833808134102,97.5855511246009,71.5579325720569,96.7845769653343,137.239127032733,177.763106506206,142.385058730083,0,106.128596538706,0,0,0,0,139.93285932648,0,193.055010680236,0,98.6790043377568,224.551207449728,283.88658203332,97.3506957544063,0,193.63278243493,0,345.797434674459,250.461724766314,0,134.566479261133,135.294330067913,0,205.183249704085,0,269.936825670274,82.6426202489162,133.984214699576,263.534399241887,221.805809452716,137.189596148386,154.142998692322,0
0,125.81518738273,0,205.839960264176,0,0,0,0,0,213.67670887414,190.185165668632,89.1590885155172,0,0,0,194.442125915551,73.4795582048751,154.065933476765,0,0,92.5207898118833,0,85.6072705949986,198.964527389285,178.748963182352,154.070293657878,241.682021696872,134.566479261133,0,0,0,89.3673883748406,0,0,151.806152521152,0,183.786860782462,197.486504603685,0,192.135034768848,200.878319874537
0,0,0,118.522099274347,0,0,0,73.1029054543569,0,0,0,171.906398392157,0,0,0,106.533627130087,0,0,161.302948562323,58.3493451392805,94.7529894315991,0,0,0,0,74.7304794244225,0,135.294330067913,0,0,153.876396855887,0,0,0,145.74089716123,0,0,0,0,0,0
0,0,0,0,0,0,0,0,0,0,0,153.609372090384,0,0,0,0,0,0,0,0,0,0,0,0,0,0,0,0,0,153.876396855887,0,0,0,76.5072790361762,0,0,0,0,94.126460729827,84.3635741045246,276.620869034647
0,0,0,0,0,0,0,0,0,96.5937438588657,0,74.5815074003433,0,0,0,0,0,0,0,151.075371308616,0,0,0,0,0,148.808626413748,0,205.183249704085,89.3673883748406,0,0,0,0,93.5029580098427,0,124.853650664477,0,0,113.144980278377,136.685314494491,193.777661225572
0,0,0,0,0,0,0,347.376449530863,0,0,0,0,0,225.013371621378,0,0,0,0,168.241326865882,0,0,0,193.659409924573,0,0,0,125.416941482916,0,0,0,0,0,0,0,0,0,0,0,0,0,0
220.963068032256,232.945974238958,0,348.674510760064,101.350815329073,173.201474590904,101.5853655613,78.9559315574845,138.425725342224,115.114253591495,191.519780382943,89.707245288964,90.7216186966914,0,163.945208919892,0,0,0,262.382215657622,106.926813611922,104.915316975638,0,249.905610015455,165.597665022977,0,0,0,269.936825670274,0,0,76.5072790361762,93.5029580098427,0,0,155.24952173131,259.442917595754,112.793316814908,81.9664354533492,0,115.332064605654,0
179.718364159796,0,0,93.4234866874731,236.681907140956,215.611029055736,136.792307586862,161.325017232684,0,0,0,306.344527664232,249.798812580765,0,82.1742780037132,195.314816908693,0,0,184.249961885477,99.2646516363145,323.781250289068,0,231.050882209,159.183173818572,146.99041817625,151.01089327964,128.530575464043,82.6426202489162,151.806152521152,145.74089716123,0,0,0,155.24952173131,0,0,186.973586461633,0,0,223.705816669619,321.124897279917
0,0,0,139.654362654449,188.851177466023,124.698445421759,155.901486485736,0,0,94.8881692391942,0,219.078548227669,0,180.543851962045,81.2827395071039,0,261.605527103798,62.859596780235,0,62.311273509377,0,227.504408813069,0,135.667029391615,0,289.631679007608,0,133.984214699576,0,0,0,124.853650664477,0,259.442917595754,0,0,0,0,0,97.3232815600345,228.792310020318
306.640284138334,101.443495235174,98.2230592632363,116.176698124939,284.529238481835,74.4197823064597,158.955087279859,283.248188884028,61.0664810463559,178.224497384947,111.226326353722,146.814226519809,0,101.895308036513,82.6299537488922,321.864157986053,0,115.871357769661,206.472608421747,195.378266313867,160.537522273714,0,253.401634605989,0,150.161410108805,94.9380989123498,204.481117647118,263.534399241887,183.786860782462,0,0,0,0,112.793316814908,186.973586461633,0,0,108.136066660554,320.356811100276,0,180.90030328818
0,0,167.066576495979,0,0,0,192.601533877686,72.2278283150671,353.822894641502,140.574866691684,240.185081663983,220.901129804706,131.969743415579,0,0,0,0,101.605593487621,0,92.3502314520023,0,114.649126378906,0,0,231.715271819474,217.157696745803,173.538155409849,221.805809452716,197.486504603685,0,0,0,0,81.9664354533492,0,0,108.136066660554,0,0,161.694997919804,280.376028997576
0,0,0,138.33942793804,0,0,0,0,0,300.031143529538,133.218162784108,169.453147353278,0,0,0,0,0,335.371040201042,0,154.784755881607,0,0,157.852515740516,0,204.084074037941,0,114.511014214502,137.189596148386,0,0,94.126460729827,113.144980278377,0,0,0,0,320.356811100276,0,0,71.4788760670054,75.4497121078207
0,0,0,0,161.74915061469,226.825099357786,0,218.045528847001,0,115.194491798135,80.8080171296381,89.9429017381717,0,0,208.005106191961,87.8456058929559,0,0,128.405764333981,0,99.3508940827211,0,209.996727521564,188.936291522747,196.032358954952,224.523755099568,139.792601838991,154.142998692322,192.135034768848,0,84.3635741045246,136.685314494491,0,115.332064605654,223.705816669619,97.3232815600345,0,161.694997919804,71.4788760670054,0,66.5008477853491
0,0,0,142.054529471577,333.645516435298,0,181.316358113209,112.349934713559,0,0,199.492852797962,251.098274723989,0,0,0,0,303.527509149359,0,0,165.893015276821,0,0,211.840482897052,67.8267069095267,0,143.005810983322,222.053792850439,0,200.878319874537,0,276.620869034647,193.777661225572,0,0,321.124897279917,228.792310020318,180.90030328818,280.376028997576,75.4497121078207,66.5008477853491,0
