0,0,0,0,0,0,0,0,0,94.7280504127031,0,0,0,0,0,220.901129804706,116.054372245433,0,0,143.005810983322,0,0,0,0,0,0,0,0,0,191.519780382943,0,0,0,0,269.936825670274,0,0,0,0,0,0
0,0,0,0,0,0,0,0,124.698445421759,0,0,0,0,0,0,71.5579325720569,0,0,249.905610015455,0,0,0,0,112.823430872325,0,199.492852797962,0,0,0,0,0,0,0,0,0,0,134.960780198024,0,0,115.114253591495,0
0,0,0,0,180.90030328818,0,0,0,0,0,76.5072790361762,320.356811100276,0,0,0,0,0,0,0,0,0,0,0,0,0,0,0,0,0,0,0,0,0,0,0,0,276.620869034647,0,161.325017232684,0,0
0,0,0,0,0,0,0,0,0,0,224.551207449728,227.504408813069,0,0,0,0,0,137.177378802006,0,0,198.964527389285,0,0,0,0,0,224.523755099568,140.574866691684,62.859596780235,0,0,0,0,212.592150359921,146.465927798921,0,173.001559092555,231.715271819474,218.045528847001,0,82.1742780037132
0,0,180.90030328818,0,0,238.934743274142,89.707245288964,0,0,0,0,0,139.654362654449,103.519938150021,0,0,0,0,0,0,0,0,0,148.808626413748,0,0,0,146.99041817625,226.825099357786,0,0,0,0,0,0,178.748963182352,219.430938885781,150.161410108805,116.176698124939,117.208001126138,112.349934713559
0,0,0,0,238.934743274142,0,0,0,0,0,0,114.511014214502,0,0,0,0,0,106.926813611922,0,261.440278806413,104.915316975638,0,106.128596538706,0,96.7845769653343,0,0,184.249961885477,0,0,0,0,0,153.672550905948,0,146.814226519809,81.9664354533492,208.005106191961,0,138.33942793804,186.348837226466
0,0,0,0,89.707245288964,0,0,0,0,115.871357769661,0,0,0,0,115.194491798135,134.566479261133,0,0,178.224497384947,242.790381480436,0,0,0,0,131.969743415579,90.1317194604647,0,193.659409924573,0,0,0,0,0,0,101.443495235174,0,353.822894641502,0,0,171.230058197369,85.6072705949986
0,0,0,0,0,0,0,0,0,94.8881692391942,100.812745974529,231.050882209,0,0,0,0,284.529238481835,0,119.345624434514,0,0,190.185165668632,120.912756812582,133.984214699576,0,0,112.793316814908,84.3635741045246,160.530221557972,125.416941482916,0,255.441154257905,0,0,157.852515740516,0,249.798812580765,0,0,0,137.189596148386
0,124.698445421759,0,0,0,0,0,0,0,0,0,0,221.805809452716,0,169.453147353278,0,0,151.695570509541,303.527509149359,0,0,0,214.116367924649,0,0,0,0,0,0,136.792307586862,0,0,0,228.792310020318,321.864157986053,0,155.901486485736,180.355266595273,0,0,0
94.7280504127031,0,0,0,0,0,115.871357769661,94.8881692391942,0,0,0,78.9559315574845,0,325.937289045041,159.183173818572,321.124897279917,0,202.712457066107,0,122.106946855269,0,0,188.851177466023,289.631679007608,0,333.645516435298,72.2278283150671,0,0,0,314.611698427915,0,0,80.4367166559625,193.63278243493,74.4197823064597,0,0,0,128.846764897717,0
0,0,76.5072790361762,224.551207449728,0,0,0,100.812745974529,0,0,0,309.997227542691,0,0,94.9380989123498,0,0,0,97.5855511246009,0,173.538155409849,0,0,0,0,0,0,137.239127032733,209.996727521564,205.183249704085,0,98.6790043377568,0,232.945974238958,0,198.528111506785,196.032358954952,241.635434294794,0,94.7529894315991,0
0,0,320.356811100276,227.504408813069,0,114.511014214502,0,231.050882209,0,78.9559315574845,309.997227542691,0,0,0,98.2230592632363,151.806152521152,195.378266313867,0,0,167.066576495979,0,263.534399241887,0,0,0,153.453047983244,0,164.032723165762,158.955087279859,0,0,111.226326353722,200.878319874537,338.131802716296,106.33736463831,161.74915061469,345.797434674459,82.6299537488922,0,0,0
0,0,0,0,139.654362654449,0,0,0,221.805809452716,0,0,0,0,0,0,0,0,0,0,0,0,0,0,0,0,0,196.04190773555,0,0,0,0,0,0,82.4756938751058,283.88658203332,0,0,0,114.649126378906,0,0
0,0,0,0,103.519938150021,0,0,0,0,325.937289045041,0,0,0,0,0,0,0,0,97.3232815600345,0,136.685314494491,0,89.1590885155172,253.401634605989,0,101.895308036513,61.0664810463559,135.294330067913,0,74.5815074003433,0,0,0,78.8552325762656,197.893790332676,240.185081663983,329.719143597451,0,0,0,0
0,0,0,0,0,0,115.194491798135,0,169.453147353278,159.183173818572,94.9380989123498,98.2230592632363,0,0,0,0,0,0,0,0,0,0,0,0,0,173.201474590904,201.44584889478,0,128.405764333981,0,0,0,0,0,125.81518738273,89.9429017381717,142.385058730083,0,0,186.973586461633,0
220.901129804706,71.5579325720569,0,0,0,0,134.566479261133,0,0,321.124897279917,0,151.806152521152,0,0,0,0,0,0,0,160.537522273714,0,0,172.892533368851,0,0,0,0,0,141.204637091722,0,0,153.876396855887,0,153.609372090384,0,0,0,0,0,0,87.8456058929559
116.054372245433,0,0,0,0,0,0,284.529238481835,0,0,0,195.378266313867,0,0,0,0,0,0,0,0,0,0,135.667029391615,0,0,0,0,113.144980278377,101.85207633558,0,0,0,0,0,115.541295036174,201.100640800745,223.705816669619,0,0,142.054529471577,0
0,0,0,137.177378802006,0,106.926813611922,0,0,151.695570509541,202.712457066107,0,0,0,0,0,0,0,0,0,0,0,0,0,0,0,0,280.376028997576,162.833808134102,0,0,0,0,0,165.597665022977,97.3506957544063,0,0,0,0,62.311273509377,0
0,249.905610015455,0,0,0,0,178.224497384947,119.345624434514,303.527509149359,0,97.5855511246009,0,0,97.3232815600345,0,0,0,0,0,0,0,0,0,0,0,0,195.822649557859,171.906398392157,197.486504603685,0,0,205.839960264176,0,0,0,0,108.136066660554,0,0,0,125.994729980093
143.005810983322,0,0,0,0,261.440278806413,242.790381480436,0,0,122.106946855269,0,167.066576495979,0,0,0,160.537522273714,0,0,0,0,115.332064605654,0,115.868441404982,0,0,0,0,225.013371621378,193.777661225572,0,0,0,0,357.423078228283,161.302948562323,259.442917595754,219.040656038919,283.248188884028,213.67670887414,175.196329314064,0
0,0,0,198.964527389285,0,104.915316975638,0,0,0,0,173.538155409849,0,0,136.685314494491,0,0,0,0,0,115.332064605654,0,96.5937438588657,0,67.8267069095267,0,128.530575464043,0,0,139.792601838991,0,0,0,0,94.126460729827,80.8080171296381,158.567996645797,0,0,0,222.053792850439,0
0,0,0,0,0,0,0,190.185165668632,0,0,0,263.534399241887,0,0,0,0,0,0,0,0,96.5937438588657,0,0,0,0,0,0,0,0,206.912707094411,0,0,0,0,323.781250289068,0,154.065933476765,94.027247878695,0,192.135034768848,0
0,0,0,0,0,106.128596538706,0,120.912756812582,214.116367924649,188.851177466023,0,0,0,89.1590885155172,0,172.892533368851,135.667029391615,0,0,115.868441404982,0,0,0,217.157696745803,0,0,0,219.078548227669,251.098274723989,0,0,0,0,192.693757128262,0,0,154.784755881607,181.316358113209,0,99.3508940827211,0
0,112.823430872325,0,0,148.808626413748,0,0,133.984214699576,0,289.631679007608,0,0,0,253.401634605989,0,0,0,0,0,0,67.8267069095267,0,217.157696745803,0,173.059382066957,0,165.893015276821,99.2646516363145,172.608400267715,0,151.036729364761,0,0,119.728129215699,155.24952173131,163.945208919892,0,247.66948903751,174.013630695256,180.543851962045,194.442125915551
0,0,0,0,0,96.7845769653343,131.969743415579,0,0,0,0,0,0,0,0,0,0,0,0,0,0,0,0,173.059382066957,0,139.93285932648,211.840482897052,154.070293657878,0,0,0,0,0,111.435629183184,0,0,118.522099274347,0,0,204.084074037941,145.74089716123
0,199.492852797962,0,0,0,0,90.1317194604647,0,0,333.645516435298,0,153.453047983244,0,101.895308036513,173.201474590904,0,0,0,0,0,128.530575464043,0,0,0,139.93285932648,0,163.059043292369,205.09013266389,92.5207898118833,0,0,220.963068032256,193.055010680236,138.425725342224,259.055025639447,195.314816908693,124.853650664477,85.7623170715703,0,169.742003380707,192.601533877686
0,0,0,224.523755099568,0,0,0,112.793316814908,0,72.2278283150671,0,0,196.04190773555,61.0664810463559,201.44584889478,0,0,280.376028997576,195.822649557859,0,0,0,0,165.893015276821,211.840482897052,163.059043292369,0,250.461724766314,177.763106506206,0,179.718364159796,0,98.417953423071,92.5568465385234,0,261.605527103798,151.01089327964,70.4221432298295,0,0,178.683678585178
0,0,0,140.574866691684,146.99041817625,184.249961885477,193.659409924573,84.3635741045246,0,0,137.239127032733,164.032723165762,0,135.294330067913,0,0,113.144980278377,162.833808134102,171.906398392157,225.013371621378,0,0,219.078548227669,99.2646516363145,154.070293657878,205.09013266389,250.461724766314,0,300.031143529538,252.487290983309,0,0,0,106.533627130087,74.7304794244225,58.3493451392805,95.7590805983148,204.481117647118,228.075434767255,120.567029282014,101.5853655613
0,0,0,62.859596780235,226.825099357786,0,0,160.530221557972,0,0,209.996727521564,158.955087279859,0,0,128.405764333981,141.204637091722,101.85207633558,0,197.486504603685,193.777661225572,139.792601838991,0,251.098274723989,172.608400267715,0,92.5207898118833,177.763106506206,300.031143529538,0,0,0,187.77054666536,0,81.2827395071039,0,0,206.472608421747,183.786860782462,0,0,92.3502314520023
191.519780382943,0,0,0,0,0,0,125.416941482916,136.792307586862,0,205.183249704085,0,0,74.5815074003433,0,0,0,0,0,0,0,206.912707094411,0,0,0,0,0,252.487290983309,0,0,0,0,0,0,241.682021696872,0,0,306.344527664232,0,89.3673883748406,215.611029055736
0,0,0,0,0,0,0,0,0,314.611698427915,0,0,0,0,0,0,0,0,0,0,0,0,0,151.036729364761,0,0,179.718364159796,0,0,0,0,0,0,75.4497121078207,0,0,0,0,188.936291522747,104.369974912428,0
0,0,0,0,0,0,0,255.441154257905,0,0,98.6790043377568,111.226326353722,0,0,0,153.876396855887,0,0,205.839960264176,0,0,0,0,0,0,220.963068032256,0,0,187.77054666536,0,0,0,0,0,0,168.241326865882,0,347.376449530863,0,66.5008477853491,262.382215657622
0,0,0,0,0,0,0,0,0,0,0,200.878319874537,0,0,0,0,0,0,0,0,0,0,0,0,0,193.055010680236,98.417953423071,0,0,0,0,0,0,0,0,0,71.4788760670054,0,0,82.6426202489162,0
0,0,0,212.592150359921,0,153.672550905948,0,0,228.792310020318,80.4367166559625,232.945974238958,338.131802716296,82.4756938751058,78.8552325762656,0,153.609372090384,0,165.597665022977,0,357.423078228283,94.126460729827,0,192.693757128262,119.728129215699,111.435629183184,138.425725342224,92.5568465385234,106.533627130087,81.2827395071039,0,75.4497121078207,0,0,0,236.681907140956,133.218162784108,101.605593487621,241.57250333243,161.275817184598,0,109.093416850988
269.936825670274,0,0,146.465927798921,0,0,101.443495235174,157.852515740516,321.864157986053,193.63278243493,0,106.33736463831,283.88658203332,197.893790332676,125.81518738273,0,115.541295036174,97.3506957544063,0,161.302948562323,80.8080171296381,323.781250289068,0,155.24952173131,0,259.055025639447,0,74.7304794244225,0,241.682021696872,0,0,0,236.681907140956,0,93.5029580098427,146.770754374523,0,93.4234866874731,306.640284138334,73.4795582048751
0,0,0,0,178.748963182352,146.814226519809,0,0,0,74.4197823064597,198.528111506785,161.74915061469,0,240.185081663983,89.9429017381717,0,201.100640800745,0,0,259.442917595754,158.567996645797,0,0,163.945208919892,0,195.314816908693,261.605527103798,58.3493451392805,0,0,0,168.241326865882,0,133.218162784108,93.5029580098427,0,154.142998692322,0,108.381749703452,0,0
0,134.960780198024,276.620869034647,173.001559092555,219.430938885781,81.9664354533492,353.822894641502,249.798812580765,155.901486485736,0,196.032358954952,345.797434674459,0,329.719143597451,142.385058730083,0,223.705816669619,0,108.136066660554,219.040656038919,0,154.065933476765,154.784755881607,0,118.522099274347,124.853650664477,151.01089327964,95.7590805983148,206.472608421747,0,0,0,71.4788760670054,101.605593487621,146.770754374523,154.142998692322,0,73.1029054543569,335.371040201042,113.059176128709,151.075371308616
0,0,0,231.715271819474,150.161410108805,208.005106191961,0,0,180.355266595273,0,241.635434294794,82.6299537488922,0,0,0,0,0,0,0,283.248188884028,0,94.027247878695,181.316358113209,247.66948903751,0,85.7623170715703,70.4221432298295,204.481117647118,183.786860782462,306.344527664232,0,347.376449530863,0,241.57250333243,0,0,73.1029054543569,0,161.694997919804,0,348.674510760064
0,0,161.325017232684,218.045528847001,116.176698124939,0,0,0,0,0,0,0,114.649126378906,0,0,0,0,0,0,213.67670887414,0,0,0,174.013630695256,0,0,0,228.075434767255,0,0,188.936291522747,0,0,161.275817184598,93.4234866874731,108.381749703452,335.371040201042,161.694997919804,0,90.7216186966914,110.384905066973
0,115.114253591495,0,0,117.208001126138,138.33942793804,171.230058197369,0,0,128.846764897717,94.7529894315991,0,0,0,186.973586461633,0,142.054529471577,62.311273509377,0,175.196329314064,222.053792850439,192.135034768848,99.3508940827211,180.543851962045,204.084074037941,169.742003380707,0,120.567029282014,0,89.3673883748406,104.369974912428,66.5008477853491,82.6426202489162,0,306.640284138334,0,113.059176128709,0,90.7216186966914,0,101.350815329073
0,0,0,82.1742780037132,112.349934713559,186.348837226466,85.6072705949986,137.189596148386,0,0,0,0,0,0,0,87.8456058929559,0,0,125.994729980093,0,0,0,0,194.442125915551,145.74089716123,192.601533877686,178.683678585178,101.5853655613,92.3502314520023,215.611029055736,0,262.382215657622,0,109.093416850988,73.4795582048751,0,151.075371308616,348.674510760064,110.384905066973,101.350815329073,0
