0,0,0,0,0,0,0,0,0,0,0,0,0,0,0,0,0,0,0,0,0,0,0,89.707245288964,0,0,0,0,0,0,0,241.57250333243,0,78.8552325762656,188.936291522747,0,0,197.893790332676,0,0,165.893015276821
0,0,0,0,0,0,0,0,0,142.054529471577,0,0,0,76.5072790361762,0,0,0,0,0,0,0,0,0,151.695570509541,0,0,0,177.763106506206,0,0,0,0,0,0,151.036729364761,0,101.443495235174,0,0,200.878319874537,0
0,0,0,0,0,0,0,0,0,0,0,73.1029054543569,0,0,137.177378802006,0,0,0,0,0,72.2278283150671,0,0,0,0,0,0,101.895308036513,0,0,0,0,0,0,0,0,62.859596780235,0,0,0,0
0,0,0,0,0,0,0,0,0,98.417953423071,0,0,0,93.4234866874731,0,0,0,0,106.533627130087,165.597665022977,171.230058197369,0,0,0,157.852515740516,0,0,108.136066660554,338.131802716296,139.654362654449,0,0,0,259.442917595754,195.378266313867,0,96.7845769653343,0,71.5579325720569,0,0
0,0,0,0,0,0,0,0,0,236.681907140956,0,81.9664354533492,0,198.964527389285,321.864157986053,0,0,0,0,0,0,94.7280504127031,0,0,0,110.384905066973,0,179.718364159796,71.4788760670054,0,0,0,0,96.5937438588657,75.4497121078207,104.369974912428,153.609372090384,114.649126378906,0,0,193.777661225572
0,0,0,0,0,0,97.3506957544063,0,0,0,0,241.635434294794,0,231.715271819474,154.070293657878,0,0,204.481117647118,128.530575464043,117.208001126138,0,0,161.325017232684,95.7590805983148,0,0,0,283.248188884028,115.871357769661,0,0,0,0,0,160.530221557972,87.8456058929559,0,220.901129804706,0,0,0
0,0,0,0,0,97.3506957544063,0,120.912756812582,0,205.09013266389,0,217.157696745803,0,0,0,0,0,0,276.620869034647,314.611698427915,0,0,115.194491798135,0,0,220.963068032256,0,187.77054666536,0,0,0,74.5815074003433,0,85.7623170715703,0,0,0,0,178.224497384947,212.592150359921,0
0,0,0,0,0,0,120.912756812582,0,0,0,154.784755881607,0,119.728129215699,178.748963182352,108.381749703452,204.084074037941,0,0,139.792601838991,112.793316814908,92.5568465385234,0,0,124.698445421759,0,0,161.694997919804,0,139.93285932648,116.054372245433,0,0,0,0,199.492852797962,0,0,82.6426202489162,0,0,81.2827395071039
0,0,0,0,0,0,0,0,0,0,153.672550905948,0,0,0,0,0,0,0,0,0,191.519780382943,194.442125915551,192.135034768848,113.059176128709,0,0,0,160.537522273714,173.001559092555,0,0,0,0,259.055025639447,241.682021696872,0,335.371040201042,0,0,263.534399241887,0
0,142.054529471577,0,98.417953423071,236.681907140956,0,205.09013266389,0,0,0,0,58.3493451392805,0,0,0,0,0,0,0,173.538155409849,0,0,201.100640800745,0,97.5855511246009,103.519938150021,98.2230592632363,89.9429017381717,101.85207633558,0,0,0,283.88658203332,0,141.204637091722,154.142998692322,0,106.926813611922,303.527509149359,211.840482897052,0
0,0,0,0,0,0,0,154.784755881607,153.672550905948,0,0,106.33736463831,0,0,0,0,0,0,0,94.8881692391942,222.053792850439,0,249.905610015455,0,0,249.798812580765,0,0,201.44584889478,206.912707094411,0,0,0,94.027247878695,219.040656038919,192.601533877686,188.851177466023,145.74089716123,0,93.5029580098427,158.955087279859
0,0,73.1029054543569,0,81.9664354533492,241.635434294794,217.157696745803,0,0,58.3493451392805,106.33736463831,0,133.984214699576,0,0,112.349934713559,0,0,0,104.915316975638,180.355266595273,161.302948562323,0,0,0,228.792310020318,0,128.846764897717,0,0,205.183249704085,0,0,227.504408813069,125.994729980093,174.013630695256,125.81518738273,213.67670887414,224.551207449728,219.078548227669,0
0,0,0,0,0,0,0,119.728129215699,0,0,0,133.984214699576,0,173.059382066957,0,0,0,0,0,205.839960264176,0,0,0,0,0,0,0,0,0,0,0,0,320.356811100276,0,0,0,0,89.3673883748406,0,0,0
0,76.5072790361762,0,93.4234866874731,198.964527389285,231.715271819474,0,178.748963182352,0,0,0,0,173.059382066957,0,0,62.311273509377,0,106.128596538706,0,0,0,0,0,0,0,61.0664810463559,198.528111506785,0,0,0,0,0,0,196.04190773555,228.075434767255,0,0,0,0,115.114253591495,224.523755099568
0,0,137.177378802006,0,321.864157986053,154.070293657878,0,108.381749703452,0,0,0,0,0,0,0,0,89.1590885155172,323.781250289068,0,0,0,0,161.275817184598,0,0,0,0,0,225.013371621378,0,0,162.833808134102,0,325.937289045041,0,0,82.4756938751058,0,0,195.822649557859,0
0,0,0,0,0,0,0,204.084074037941,0,0,0,112.349934713559,0,62.311273509377,0,0,0,0,0,306.640284138334,0,0,0,0,193.63278243493,0,180.543851962045,148.808626413748,192.693757128262,0,0,0,0,84.3635741045246,231.050882209,0,92.5207898118833,0,0,0,0
0,0,0,0,0,0,0,0,0,0,0,0,0,0,89.1590885155172,0,0,0,269.936825670274,94.126460729827,0,0,0,0,0,195.314816908693,0,128.405764333981,0,0,0,0,0,101.350815329073,97.3232815600345,0,134.566479261133,0,0,115.332064605654,169.742003380707
0,0,0,0,0,204.481117647118,0,0,0,0,0,0,0,106.128596538706,323.781250289068,0,0,0,0,0,109.093416850988,0,0,0,0,0,163.059043292369,202.712457066107,163.945208919892,0,0,0,0,345.797434674459,0,0,232.945974238958,0,0,0,0
0,0,0,106.533627130087,0,128.530575464043,276.620869034647,139.792601838991,0,0,0,0,0,0,0,0,269.936825670274,0,0,0,0,0,0,250.461724766314,0,0,209.996727521564,90.7216186966914,0,0,0,0,0,0,0,180.90030328818,206.472608421747,190.185165668632,0,289.631679007608,0
0,0,0,165.597665022977,0,117.208001126138,314.611698427915,112.793316814908,0,173.538155409849,94.8881692391942,104.915316975638,205.839960264176,0,0,306.640284138334,94.126460729827,0,0,0,0,0,0,101.5853655613,0,247.66948903751,154.065933476765,0,0,0,0,0,0,253.401634605989,66.5008477853491,0,153.876396855887,0,0,80.4367166559625,0
0,0,72.2278283150671,171.230058197369,0,0,0,92.5568465385234,191.519780382943,0,222.053792850439,180.355266595273,0,0,0,0,0,109.093416850988,0,0,0,0,0,0,0,0,101.605593487621,300.031143529538,0,0,0,136.685314494491,0,0,0,0,184.249961885477,0,74.7304794244225,0,215.611029055736
0,0,0,0,94.7280504127031,0,0,0,194.442125915551,0,0,161.302948562323,0,0,0,0,0,0,0,0,0,0,115.541295036174,155.24952173131,0,153.453047983244,0,0,0,0,136.792307586862,0,0,0,0,0,125.416941482916,0,0,0,0
0,0,0,0,0,161.325017232684,115.194491798135,0,192.135034768848,201.100640800745,249.905610015455,0,0,0,161.275817184598,0,0,0,0,0,0,115.541295036174,0,306.344527664232,0,221.805809452716,0,172.608400267715,151.075371308616,0,0,0,0,0,0,67.8267069095267,140.574866691684,347.376449530863,0,0,122.106946855269
89.707245288964,151.695570509541,0,0,0,95.7590805983148,0,124.698445421759,113.059176128709,0,0,0,0,0,0,0,0,0,250.461724766314,101.5853655613,0,155.24952173131,306.344527664232,0,0,0,0,252.487290983309,0,261.605527103798,0,0,0,143.005810983322,135.294330067913,197.486504603685,261.440278806413,118.522099274347,169.453147353278,116.176698124939,134.960780198024
0,0,0,157.852515740516,0,0,0,0,0,97.5855511246009,0,0,0,0,0,193.63278243493,0,0,0,0,0,0,0,0,0,137.239127032733,70.4221432298295,0,0,175.196329314064,0,0,0,99.2646516363145,0,255.441154257905,146.814226519809,0,0,168.241326865882,0
0,0,0,0,110.384905066973,0,220.963068032256,0,0,103.519938150021,249.798812580765,228.792310020318,0,61.0664810463559,0,0,195.314816908693,0,0,247.66948903751,0,153.453047983244,221.805809452716,0,137.239127032733,0,240.185081663983,262.382215657622,0,164.032723165762,0,0,0,92.3502314520023,142.385058730083,146.770754374523,161.74915061469,251.098274723989,0,181.316358113209,0
0,0,0,0,0,0,0,161.694997919804,0,98.2230592632363,0,0,0,198.528111506785,0,180.543851962045,0,163.059043292369,209.996727521564,154.065933476765,101.605593487621,0,0,0,70.4221432298295,240.185081663983,0,0,0,280.376028997576,119.345624434514,214.116367924649,158.567996645797,329.719143597451,0,0,124.853650664477,120.567029282014,94.7529894315991,111.226326353722,146.465927798921
0,177.763106506206,101.895308036513,108.136066660554,179.718364159796,283.248188884028,187.77054666536,0,160.537522273714,89.9429017381717,0,128.846764897717,0,0,0,148.808626413748,128.405764333981,202.712457066107,90.7216186966914,0,300.031143529538,0,172.608400267715,252.487290983309,0,262.382215657622,0,0,219.430938885781,137.189596148386,0,218.045528847001,0,183.786860782462,171.906398392157,284.529238481835,113.144980278377,0,159.183173818572,357.423078228283,131.969743415579
0,0,0,338.131802716296,71.4788760670054,115.871357769661,0,139.93285932648,173.001559092555,101.85207633558,201.44584889478,0,0,0,225.013371621378,192.693757128262,0,163.945208919892,0,0,0,0,151.075371308616,0,0,0,0,219.430938885781,0,0,0,242.790381480436,0,138.33942793804,99.3508940827211,115.868441404982,193.055010680236,151.01089327964,112.823430872325,178.683678585178,100.812745974529
0,0,0,139.654362654449,0,0,0,116.054372245433,0,0,206.912707094411,0,0,0,0,0,0,0,0,0,0,0,0,261.605527103798,175.196329314064,164.032723165762,280.376028997576,137.189596148386,0,0,0,0,0,0,0,0,114.511014214502,0,0,348.674510760064,82.6299537488922
0,0,0,0,0,0,0,0,0,0,0,205.183249704085,0,0,0,0,0,0,0,0,0,136.792307586862,0,0,0,0,119.345624434514,0,0,0,0,0,0,0,0,173.201474590904,0,0,0,146.99041817625,321.124897279917
241.57250333243,0,0,0,0,0,74.5815074003433,0,0,0,0,0,0,0,162.833808134102,0,0,0,0,0,136.685314494491,0,0,0,0,0,214.116367924649,218.045528847001,242.790381480436,0,0,0,0,0,151.806152521152,0,0,196.032358954952,94.9380989123498,155.901486485736,0
0,0,0,0,0,0,0,0,0,283.88658203332,0,0,320.356811100276,0,0,0,0,0,0,0,0,0,0,0,0,0,158.567996645797,0,0,0,0,0,0,0,0,0,150.161410108805,0,133.218162784108,0,0
78.8552325762656,0,0,259.442917595754,96.5937438588657,0,85.7623170715703,0,259.055025639447,0,94.027247878695,227.504408813069,0,196.04190773555,325.937289045041,84.3635741045246,101.350815329073,345.797434674459,0,253.401634605989,0,0,0,143.005810983322,99.2646516363145,92.3502314520023,329.719143597451,183.786860782462,138.33942793804,0,0,0,0,0,333.645516435298,82.1742780037132,238.934743274142,73.4795582048751,193.659409924573,309.997227542691,80.8080171296381
188.936291522747,151.036729364761,0,195.378266313867,75.4497121078207,160.530221557972,0,199.492852797962,241.682021696872,141.204637091722,219.040656038919,125.994729980093,0,228.075434767255,0,231.050882209,97.3232815600345,0,0,66.5008477853491,0,0,0,135.294330067913,0,142.385058730083,0,171.906398392157,99.3508940827211,0,0,151.806152521152,0,333.645516435298,0,353.822894641502,0,98.6790043377568,111.435629183184,172.892533368851,74.4197823064597
0,0,0,0,104.369974912428,87.8456058929559,0,0,0,154.142998692322,192.601533877686,174.013630695256,0,0,0,0,0,0,180.90030328818,0,0,0,67.8267069095267,197.486504603685,255.441154257905,146.770754374523,0,284.529238481835,115.868441404982,0,173.201474590904,0,0,82.1742780037132,353.822894641502,0,90.1317194604647,167.066576495979,0,186.348837226466,135.667029391615
0,101.443495235174,62.859596780235,96.7845769653343,153.609372090384,0,0,0,335.371040201042,0,188.851177466023,125.81518738273,0,0,82.4756938751058,92.5207898118833,134.566479261133,232.945974238958,206.472608421747,153.876396855887,184.249961885477,125.416941482916,140.574866691684,261.440278806413,146.814226519809,161.74915061469,124.853650664477,113.144980278377,193.055010680236,114.511014214502,0,0,150.161410108805,238.934743274142,0,90.1317194604647,0,138.425725342224,78.9559315574845,208.005106191961,186.973586461633
197.893790332676,0,0,0,114.649126378906,220.901129804706,0,82.6426202489162,0,106.926813611922,145.74089716123,213.67670887414,89.3673883748406,0,0,0,0,0,190.185165668632,0,0,0,347.376449530863,118.522099274347,0,251.098274723989,120.567029282014,0,151.01089327964,0,0,196.032358954952,0,73.4795582048751,98.6790043377568,167.066576495979,138.425725342224,0,0,0,223.705816669619
0,0,0,71.5579325720569,0,0,178.224497384947,0,0,303.527509149359,0,224.551207449728,0,0,0,0,0,0,0,0,74.7304794244225,0,0,169.453147353278,0,0,94.7529894315991,159.183173818572,112.823430872325,0,0,94.9380989123498,133.218162784108,193.659409924573,111.435629183184,0,78.9559315574845,0,0,0,226.825099357786
0,200.878319874537,0,0,0,0,212.592150359921,0,263.534399241887,211.840482897052,93.5029580098427,219.078548227669,0,115.114253591495,195.822649557859,0,115.332064605654,0,289.631679007608,80.4367166559625,0,0,0,116.176698124939,168.241326865882,181.316358113209,111.226326353722,357.423078228283,178.683678585178,348.674510760064,146.99041817625,155.901486485736,0,309.997227542691,172.892533368851,186.348837226466,208.005106191961,0,0,0,85.6072705949986
165.893015276821,0,0,0,193.777661225572,0,0,81.2827395071039,0,0,158.955087279859,0,0,224.523755099568,0,0,169.742003380707,0,0,0,215.611029055736,0,122.106946855269,134.960780198024,0,0,146.465927798921,131.969743415579,100.812745974529,82.6299537488922,321.124897279917,0,0,80.8080171296381,74.4197823064597,135.667029391615,186.973586461633,223.705816669619,226.825099357786,85.6072705949986,0
