0,0,0,89.3673883748406,0,0,0,0,0,0,0,228.792310020318,0,0,0,0,0,0,309.997227542691,0,0,0,0,0,0,0,0,0,0,218.045528847001,0,0,0,167.066576495979,101.605593487621,0,0,0,0,0,0
0,0,0,0,0,153.876396855887,0,0,0,0,0,0,0,0,0,0,0,0,0,0,0,0,131.969743415579,0,0,0,249.905610015455,0,0,0,0,0,0,94.9380989123498,0,0,96.7845769653343,112.823430872325,0,151.806152521152,0
0,0,0,0,0,0,0,0,0,0,0,0,0,0,0,0,0,0,0,0,0,0,0,0,300.031143529538,0,0,0,0,0,133.218162784108,0,0,0,0,208.005106191961,219.078548227669,0,0,221.805809452716,0
89.3673883748406,0,0,0,249.798812580765,0,125.416941482916,155.24952173131,0,261.440278806413,345.797434674459,92.5207898118833,0,0,0,0,0,0,0,0,0,0,0,0,0,0,0,194.442125915551,162.833808134102,0,314.611698427915,0,0,0,0,197.486504603685,325.937289045041,0,0,0,188.851177466023
0,0,0,249.798812580765,0,0,0,263.534399241887,113.059176128709,0,154.784755881607,0,0,0,0,136.792307586862,138.33942793804,238.934743274142,103.519938150021,0,0,0,0,158.955087279859,0,172.892533368851,0,116.176698124939,224.523755099568,164.032723165762,0,0,0,0,0,0,0,0,0,146.814226519809,0
0,153.876396855887,0,0,0,0,0,195.822649557859,0,153.453047983244,0,0,0,0,142.054529471577,0,0,0,0,0,192.693757128262,0,0,0,303.527509149359,0,348.674510760064,128.846764897717,0,0,0,0,0,173.538155409849,85.7623170715703,98.417953423071,112.349934713559,0,0,321.864157986053,139.654362654449
0,0,0,125.416941482916,0,0,0,0,0,0,128.530575464043,0,0,0,0,338.131802716296,0,0,0,82.6299537488922,0,0,0,138.425725342224,93.5029580098427,353.822894641502,0,0,0,0,0,0,0,0,0,196.04190773555,168.241326865882,97.3506957544063,204.481117647118,209.996727521564,192.601533877686
0,0,0,155.24952173131,263.534399241887,195.822649557859,0,0,0,94.7529894315991,76.5072790361762,0,0,201.100640800745,0,0,0,0,0,0,0,0,201.44584889478,0,0,111.435629183184,0,135.294330067913,0,227.504408813069,0,0,0,124.698445421759,320.356811100276,0,90.7216186966914,261.605527103798,106.926813611922,0,205.839960264176
0,0,0,0,113.059176128709,0,0,0,0,0,0,0,116.054372245433,0,197.893790332676,0,171.230058197369,115.871357769661,0,0,0,0,0,0,0,0,96.5937438588657,136.685314494491,157.852515740516,0,0,0,0,0,140.574866691684,0,115.332064605654,0,0,142.385058730083,0
0,0,0,261.440278806413,0,153.453047983244,0,94.7529894315991,0,0,0,92.3502314520023,0,115.868441404982,186.348837226466,0,0,0,200.878319874537,0,0,196.032358954952,0,124.853650664477,0,101.350815329073,155.901486485736,212.592150359921,219.040656038919,0,0,0,188.936291522747,154.142998692322,191.519780382943,0,120.912756812582,0,0,80.4367166559625,0
0,0,0,345.797434674459,154.784755881607,0,128.530575464043,76.5072790361762,0,0,0,0,357.423078228283,0,180.543851962045,0,0,0,0,0,0,0,151.036729364761,0,171.906398392157,58.3493451392805,0,178.683678585178,225.013371621378,0,0,0,0,159.183173818572,0,153.672550905948,71.5579325720569,241.57250333243,241.635434294794,0,0
228.792310020318,0,0,92.5207898118833,0,0,0,0,0,92.3502314520023,0,0,0,180.90030328818,139.792601838991,145.74089716123,98.2230592632363,94.7280504127031,323.781250289068,259.055025639447,110.384905066973,104.915316975638,0,161.74915061469,0,0,67.8267069095267,202.712457066107,0,0,0,175.196329314064,0,190.185165668632,99.2646516363145,0,70.4221432298295,283.248188884028,0,0,231.715271819474
0,0,0,0,0,0,0,0,116.054372245433,0,357.423078228283,0,0,0,0,0,0,0,0,0,0,0,0,0,0,0,0,108.136066660554,0,0,0,81.9664354533492,262.382215657622,0,0,222.053792850439,0,0,0,0,0
0,0,0,0,0,0,0,201.100640800745,0,115.868441404982,0,180.90030328818,0,0,0,0,0,0,0,250.461724766314,0,0,173.059382066957,0,0,195.378266313867,74.4197823064597,119.728129215699,0,223.705816669619,0,0,0,146.465927798921,269.936825670274,0,151.01089327964,0,0,112.793316814908,224.551207449728
0,0,0,0,0,142.054529471577,0,0,197.893790332676,186.348837226466,180.543851962045,139.792601838991,0,0,0,0,0,0,114.511014214502,0,0,0,0,180.355266595273,0,0,173.201474590904,0,137.177378802006,0,0,0,0,0,0,0,0,0,174.013630695256,231.050882209,117.208001126138
0,0,0,0,136.792307586862,0,338.131802716296,0,0,0,0,145.74089716123,0,0,0,0,0,0,106.33736463831,0,139.93285932648,0,0,0,0,0,195.314816908693,255.441154257905,306.344527664232,0,0,0,0,0,95.7590805983148,89.707245288964,0,0,0,101.895308036513,0
0,0,0,0,138.33942793804,0,0,0,171.230058197369,0,0,98.2230592632363,0,0,0,0,0,0,219.430938885781,151.695570509541,0,0,0,0,0,99.3508940827211,0,80.8080171296381,0,0,0,0,0,0,0,0,0,333.645516435298,0,94.8881692391942,177.763106506206
0,0,0,0,238.934743274142,0,0,0,115.871357769661,0,0,94.7280504127031,0,0,0,0,0,0,0,0,0,0,97.5855511246009,0,0,0,0,113.144980278377,0,0,0,0,0,146.99041817625,143.005810983322,0,186.973586461633,0,0,0,98.6790043377568
309.997227542691,0,0,0,103.519938150021,0,0,0,0,200.878319874537,0,323.781250289068,0,0,114.511014214502,106.33736463831,219.430938885781,0,0,240.185081663983,0,0,0,228.075434767255,0,0,0,0,119.345624434514,0,0,0,0,0,73.4795582048751,0,161.694997919804,0,0,0,0
0,0,0,0,0,0,82.6299537488922,0,0,0,0,259.055025639447,0,250.461724766314,0,0,151.695570509541,0,240.185081663983,0,101.443495235174,0,0,0,141.204637091722,75.4497121078207,172.608400267715,61.0664810463559,0,0,0,0,0,0,213.67670887414,82.6426202489162,74.7304794244225,241.682021696872,193.777661225572,85.6072705949986,111.226326353722
0,0,0,0,0,192.693757128262,0,0,0,0,0,110.384905066973,0,0,0,139.93285932648,0,0,0,101.443495235174,0,0,118.522099274347,247.66948903751,0,253.401634605989,160.537522273714,78.9559315574845,0,0,0,0,0,0,179.718364159796,0,134.566479261133,0,0,236.681907140956,92.5568465385234
0,0,0,0,0,0,0,0,0,196.032358954952,0,104.915316975638,0,0,0,0,0,0,0,0,0,0,0,0,0,0,0,198.964527389285,104.369974912428,161.275817184598,0,0,0,165.597665022977,0,125.81518738273,0,0,0,90.1317194604647,0
0,131.969743415579,0,0,0,0,0,201.44584889478,0,0,151.036729364761,0,0,173.059382066957,0,0,0,97.5855511246009,0,0,118.522099274347,0,0,252.487290983309,0,335.371040201042,0,101.5853655613,0,106.533627130087,0,97.3232815600345,0,192.135034768848,154.065933476765,0,193.659409924573,206.472608421747,0,0,0
0,0,0,0,158.955087279859,0,138.425725342224,0,0,124.853650664477,0,161.74915061469,0,0,180.355266595273,0,0,0,228.075434767255,0,247.66948903751,0,252.487290983309,0,0,0,161.302948562323,289.631679007608,125.994729980093,137.189596148386,0,187.77054666536,0,283.88658203332,215.611029055736,0,169.453147353278,87.8456058929559,178.748963182352,0,205.09013266389
0,0,300.031143529538,0,0,303.527509149359,93.5029580098427,0,0,0,171.906398392157,0,0,0,0,0,0,0,0,141.204637091722,0,0,0,0,0,0,232.945974238958,276.620869034647,0,0,193.055010680236,0,0,0,259.442917595754,0,0,165.893015276821,0,0,0
0,0,0,0,172.892533368851,0,353.822894641502,111.435629183184,0,101.350815329073,58.3493451392805,0,0,195.378266313867,0,0,99.3508940827211,0,0,75.4497121078207,253.401634605989,0,335.371040201042,0,0,0,0,0,0,0,115.541295036174,72.2278283150671,0,122.106946855269,134.960780198024,321.124897279917,150.161410108805,153.609372090384,94.027247878695,204.084074037941,115.114253591495
0,249.905610015455,0,0,0,348.674510760064,0,0,96.5937438588657,155.901486485736,0,67.8267069095267,0,74.4197823064597,173.201474590904,195.314816908693,0,0,0,172.608400267715,160.537522273714,0,0,161.302948562323,232.945974238958,0,0,84.3635741045246,158.567996645797,0,0,137.239127032733,0,135.667029391615,0,0,81.2827395071039,169.742003380707,0,148.808626413748,306.640284138334
0,0,0,194.442125915551,116.176698124939,128.846764897717,0,135.294330067913,136.685314494491,212.592150359921,178.683678585178,202.712457066107,108.136066660554,119.728129215699,0,255.441154257905,80.8080171296381,113.144980278377,0,61.0664810463559,78.9559315574845,198.964527389285,101.5853655613,289.631679007608,276.620869034647,0,84.3635741045246,0,205.183249704085,0,0,0,0,199.492852797962,0,284.529238481835,108.381749703452,82.1742780037132,0,120.567029282014,114.649126378906
0,0,0,162.833808134102,224.523755099568,0,0,0,157.852515740516,219.040656038919,225.013371621378,0,0,0,137.177378802006,306.344527664232,0,0,119.345624434514,0,0,104.369974912428,0,125.994729980093,0,0,158.567996645797,205.183249704085,0,160.530221557972,329.719143597451,0,0,193.63278243493,62.311273509377,347.376449530863,73.1029054543569,0,211.840482897052,89.9429017381717,173.001559092555
218.045528847001,0,0,0,164.032723165762,0,0,227.504408813069,0,0,0,0,0,223.705816669619,0,0,0,0,0,0,0,161.275817184598,106.533627130087,137.189596148386,0,0,0,0,160.530221557972,0,0,161.325017232684,0,0,0,0,66.5008477853491,183.786860782462,0,0,0
0,0,133.218162784108,314.611698427915,0,0,0,0,0,0,0,0,0,0,0,0,0,0,0,0,0,0,0,0,193.055010680236,115.541295036174,0,0,329.719143597451,0,0,0,0,242.790381480436,0,0,0,0,0,0,0
0,0,0,0,0,0,0,0,0,0,0,175.196329314064,81.9664354533492,0,0,0,0,0,0,0,0,0,97.3232815600345,187.77054666536,0,72.2278283150671,137.239127032733,0,0,161.325017232684,0,0,0,82.4756938751058,151.075371308616,0,217.157696745803,0,94.126460729827,0,0
0,0,0,0,0,0,0,0,0,188.936291522747,0,0,262.382215657622,0,0,0,0,0,0,0,0,0,0,0,0,0,0,0,0,0,0,0,0,78.8552325762656,0,0,0,163.059043292369,251.098274723989,0,0
167.066576495979,94.9380989123498,0,0,0,173.538155409849,0,124.698445421759,0,154.142998692322,159.183173818572,190.185165668632,0,146.465927798921,0,0,0,146.99041817625,0,0,0,165.597665022977,192.135034768848,283.88658203332,0,122.106946855269,135.667029391615,199.492852797962,193.63278243493,0,242.790381480436,82.4756938751058,78.8552325762656,0,184.249961885477,93.4234866874731,128.405764333981,71.4788760670054,146.770754374523,133.984214699576,89.1590885155172
101.605593487621,0,0,0,0,85.7623170715703,0,320.356811100276,140.574866691684,191.519780382943,0,99.2646516363145,0,269.936825670274,0,95.7590805983148,0,143.005810983322,73.4795582048751,213.67670887414,179.718364159796,0,154.065933476765,215.611029055736,259.442917595754,134.960780198024,0,0,62.311273509377,0,0,151.075371308616,0,184.249961885477,0,62.859596780235,106.128596538706,109.093416850988,163.945208919892,100.812745974529,74.5815074003433
0,0,208.005106191961,197.486504603685,0,98.417953423071,196.04190773555,0,0,0,153.672550905948,0,222.053792850439,0,0,89.707245288964,0,0,0,82.6426202489162,0,125.81518738273,0,0,0,321.124897279917,0,284.529238481835,347.376449530863,0,0,0,0,93.4234866874731,62.859596780235,0,115.194491798135,154.070293657878,198.528111506785,280.376028997576,101.85207633558
0,96.7845769653343,219.078548227669,325.937289045041,0,112.349934713559,168.241326865882,90.7216186966914,115.332064605654,120.912756812582,71.5579325720569,70.4221432298295,0,151.01089327964,0,0,0,186.973586461633,161.694997919804,74.7304794244225,134.566479261133,0,193.659409924573,169.453147353278,0,150.161410108805,81.2827395071039,108.381749703452,73.1029054543569,66.5008477853491,0,217.157696745803,0,128.405764333981,106.128596538706,115.194491798135,0,220.901129804706,226.825099357786,181.316358113209,214.116367924649
0,112.823430872325,0,0,0,0,97.3506957544063,261.605527103798,0,0,241.57250333243,283.248188884028,0,0,0,0,333.645516435298,0,0,241.682021696872,0,0,206.472608421747,87.8456058929559,165.893015276821,153.609372090384,169.742003380707,82.1742780037132,0,183.786860782462,0,0,163.059043292369,71.4788760670054,109.093416850988,154.070293657878,220.901129804706,0,0,206.912707094411,0
0,0,0,0,0,0,204.481117647118,106.926813611922,0,0,241.635434294794,0,0,0,174.013630695256,0,0,0,0,193.777661225572,0,0,0,178.748963182352,0,94.027247878695,0,0,211.840482897052,0,0,94.126460729827,251.098274723989,146.770754374523,163.945208919892,198.528111506785,226.825099357786,0,0,178.224497384947,0
0,151.806152521152,221.805809452716,0,146.814226519809,321.864157986053,209.996727521564,0,142.385058730083,80.4367166559625,0,0,0,112.793316814908,231.050882209,101.895308036513,94.8881692391942,0,0,85.6072705949986,236.681907140956,90.1317194604647,0,0,0,204.084074037941,148.808626413748,120.567029282014,89.9429017381717,0,0,0,0,133.984214699576,100.812745974529,280.376028997576,181.316358113209,206.912707094411,178.224497384947,0,220.963068032256
0,0,0,188.851177466023,0,139.654362654449,192.601533877686,205.839960264176,0,0,0,231.715271819474,0,224.551207449728,117.208001126138,0,177.763106506206,98.6790043377568,0,111.226326353722,92.5568465385234,0,0,205.09013266389,0,115.114253591495,306.640284138334,114.649126378906,173.001559092555,0,0,0,0,89.1590885155172,74.5815074003433,101.85207633558,214.116367924649,0,0,220.963068032256,0
