0,0,0,0,0,0,0,0,0,0,0,0,0,306.640284138334,0,0,0,0,284.529238481835,0,0,0,0,0,0,0,0,0,283.88658203332,62.311273509377,0,0,0,0,0,0,0,0,225.013371621378,175.196329314064,0
0,0,0,0,0,194.442125915551,0,0,0,0,0,0,0,0,211.840482897052,0,200.878319874537,0,0,94.126460729827,0,0,0,0,0,0,0,0,148.808626413748,0,0,0,0,164.032723165762,0,0,0,0,0,241.635434294794,0
0,0,0,0,0,0,0,0,0,0,0,0,0,0,186.348837226466,0,0,0,0,0,0,0,0,160.530221557972,0,0,0,0,0,192.601533877686,0,0,0,0,110.384905066973,0,0,151.075371308616,0,0,0
0,0,0,0,0,0,0,155.901486485736,0,357.423078228283,0,0,0,0,0,0,0,0,0,249.798812580765,0,0,329.719143597451,70.4221432298295,0,80.8080171296381,0,238.934743274142,101.85207633558,0,0,204.481117647118,0,0,134.960780198024,0,104.915316975638,0,153.453047983244,82.4756938751058,0
0,0,0,0,0,0,111.435629183184,0,0,0,0,314.611698427915,0,154.784755881607,0,0,106.533627130087,195.378266313867,0,0,0,0,97.5855511246009,209.996727521564,0,72.2278283150671,347.376449530863,0,0,0,0,0,0,228.075434767255,198.528111506785,0,195.822649557859,0,158.567996645797,187.77054666536,0
0,194.442125915551,0,0,0,0,0,0,0,108.136066660554,0,173.001559092555,0,0,0,0,0,345.797434674459,201.44584889478,62.859596780235,0,0,0,125.416941482916,0,193.777661225572,0,193.659409924573,111.226326353722,0,0,0,0,0,115.194491798135,0,80.4367166559625,112.823430872325,0,0,215.611029055736
0,0,0,0,111.435629183184,0,0,173.538155409849,0,0,0,113.144980278377,0,0,0,0,0,303.527509149359,0,0,0,0,75.4497121078207,0,178.224497384947,219.078548227669,146.814226519809,66.5008477853491,0,0,0,214.116367924649,0,0,218.045528847001,0,0,0,247.66948903751,269.936825670274,0
0,0,0,155.901486485736,0,0,173.538155409849,0,0,98.6790043377568,0,0,251.098274723989,321.124897279917,0,0,0,114.511014214502,0,188.936291522747,0,0,0,0,224.551207449728,0,0,139.792601838991,0,0,0,76.5072790361762,89.1590885155172,101.350815329073,197.486504603685,140.574866691684,159.183173818572,0,0,0,89.707245288964
0,0,0,0,0,0,0,0,0,174.013630695256,227.504408813069,124.853650664477,0,0,0,0,0,0,0,0,85.7623170715703,0,0,0,0,0,206.472608421747,90.7216186966914,106.926813611922,0,0,0,0,232.945974238958,84.3635741045246,241.57250333243,241.682021696872,0,0,0,0
0,0,0,357.423078228283,0,108.136066660554,0,98.6790043377568,174.013630695256,0,161.275817184598,137.189596148386,0,101.895308036513,99.3508940827211,165.893015276821,0,321.864157986053,0,0,0,0,199.492852797962,82.6426202489162,0,323.781250289068,0,115.114253591495,128.530575464043,0,0,0,0,263.534399241887,0,300.031143529538,0,0,0,335.371040201042,0
0,0,0,0,0,0,0,0,227.504408813069,161.275817184598,0,0,183.786860782462,0,0,0,142.385058730083,0,161.302948562323,0,195.314816908693,0,125.994729980093,0,0,0,146.465927798921,172.892533368851,261.605527103798,0,0,78.8552325762656,0,150.161410108805,320.356811100276,0,115.868441404982,0,112.349934713559,190.185165668632,0
0,0,0,0,314.611698427915,173.001559092555,113.144980278377,0,124.853650664477,137.189596148386,0,0,0,89.3673883748406,0,219.040656038919,0,0,0,0,0,82.6299537488922,0,0,0,131.969743415579,0,204.084074037941,146.99041817625,0,67.8267069095267,134.566479261133,153.672550905948,0,85.6072705949986,163.945208919892,73.4795582048751,81.2827395071039,90.1317194604647,122.106946855269,113.059176128709
0,0,0,0,0,0,0,251.098274723989,0,0,183.786860782462,0,0,0,0,0,0,0,0,0,0,0,0,0,0,0,0,0,93.5029580098427,333.645516435298,0,0,0,0,0,0,252.487290983309,348.674510760064,0,0,0
306.640284138334,0,0,0,154.784755881607,0,0,321.124897279917,0,101.895308036513,0,89.3673883748406,0,0,0,0,0,0,112.793316814908,133.218162784108,0,0,120.912756812582,0,0,205.09013266389,0,96.7845769653343,0,0,0,0,0,0,89.9429017381717,101.443495235174,0,92.5568465385234,0,139.93285932648,0
0,211.840482897052,186.348837226466,0,0,0,0,0,0,99.3508940827211,0,0,0,0,0,0,0,0,0,139.654362654449,71.4788760670054,253.401634605989,0,0,0,0,0,138.425725342224,158.955087279859,0,0,0,0,115.541295036174,0,169.453147353278,0,99.2646516363145,0,93.4234866874731,0
0,0,0,0,0,0,0,0,0,165.893015276821,0,219.040656038919,0,0,0,0,0,0,0,0,0,0,262.382215657622,226.825099357786,0,325.937289045041,162.833808134102,0,0,178.683678585178,0,0,0,196.032358954952,0,0,0,0,261.440278806413,117.208001126138,119.728129215699
0,200.878319874537,0,0,106.533627130087,0,0,0,0,0,142.385058730083,0,0,0,0,0,0,0,0,0,0,0,0,219.430938885781,0,0,0,160.537522273714,255.441154257905,0,0,0,0,0,108.381749703452,0,151.036729364761,171.230058197369,0,309.997227542691,0
0,0,0,0,195.378266313867,345.797434674459,303.527509149359,114.511014214502,0,321.864157986053,0,0,0,0,0,0,0,0,0,0,0,0,0,0,0,0,0,94.8881692391942,0,0,0,82.1742780037132,0,205.183249704085,0,0,115.871357769661,0,0,0,0
284.529238481835,0,0,0,0,201.44584889478,0,0,0,0,161.302948562323,0,0,112.793316814908,0,0,0,0,0,81.9664354533492,0,0,0,0,0,172.608400267715,167.066576495979,0,0,0,0,0,0,118.522099274347,125.81518738273,0,181.316358113209,173.201474590904,0,228.792310020318,0
0,94.126460729827,0,249.798812580765,0,62.859596780235,0,188.936291522747,0,0,0,0,0,133.218162784108,139.654362654449,0,0,0,81.9664354533492,0,338.131802716296,0,94.9380989123498,151.806152521152,143.005810983322,0,106.128596538706,0,283.248188884028,0,0,0,0,242.790381480436,0,0,173.059382066957,0,240.185081663983,0,61.0664810463559
0,0,0,0,0,0,0,0,85.7623170715703,0,195.314816908693,0,0,0,71.4788760670054,0,0,0,0,338.131802716296,0,0,0,151.01089327964,0,0,212.592150359921,197.893790332676,0,201.100640800745,0,0,0,186.973586461633,94.027247878695,0,184.249961885477,276.620869034647,193.63278243493,0,0
0,0,0,0,0,0,0,0,0,0,0,82.6299537488922,0,0,253.401634605989,0,0,0,0,0,0,0,0,0,0,157.852515740516,0,0,0,0,0,0,116.054372245433,0,0,0,161.694997919804,96.5937438588657,0,236.681907140956,128.405764333981
0,0,0,329.719143597451,97.5855511246009,0,75.4497121078207,0,0,199.492852797962,125.994729980093,0,0,120.912756812582,0,262.382215657622,0,0,0,94.9380989123498,0,0,0,0,0,0,180.90030328818,98.2230592632363,0,0,0,78.9559315574845,0,141.204637091722,124.698445421759,0,224.523755099568,0,0,0,161.325017232684
0,0,160.530221557972,70.4221432298295,209.996727521564,125.416941482916,0,0,0,82.6426202489162,0,0,0,0,0,226.825099357786,219.430938885781,0,0,151.806152521152,151.01089327964,0,0,0,0,0,97.3232815600345,191.519780382943,250.461724766314,0,0,101.605593487621,0,94.7280504127031,205.839960264176,153.609372090384,58.3493451392805,0,0,169.742003380707,120.567029282014
0,0,0,0,0,0,178.224497384947,224.551207449728,0,0,0,0,0,0,0,0,0,0,0,143.005810983322,0,0,0,0,0,0,0,220.901129804706,0,213.67670887414,0,0,0,188.851177466023,136.792307586862,177.763106506206,0,178.748963182352,0,0,94.7529894315991
0,0,0,80.8080171296381,72.2278283150671,193.777661225572,219.078548227669,0,0,323.781250289068,0,131.969743415579,0,205.09013266389,0,325.937289045041,0,0,172.608400267715,0,0,157.852515740516,0,0,0,0,87.8456058929559,92.5207898118833,206.912707094411,222.053792850439,0,0,0,179.718364159796,154.142998692322,138.33942793804,151.695570509541,0,0,202.712457066107,217.157696745803
0,0,0,0,347.376449530863,0,146.814226519809,0,206.472608421747,0,146.465927798921,0,0,0,0,162.833808134102,0,0,167.066576495979,106.128596538706,212.592150359921,0,180.90030328818,97.3232815600345,0,87.8456058929559,0,98.417953423071,135.667029391615,0,0,0,0,0,71.5579325720569,208.005106191961,168.241326865882,95.7590805983148,137.177378802006,145.74089716123,223.705816669619
0,0,0,238.934743274142,0,193.659409924573,66.5008477853491,139.792601838991,90.7216186966914,115.114253591495,172.892533368851,204.084074037941,0,96.7845769653343,138.425725342224,0,160.537522273714,94.8881692391942,0,0,197.893790332676,0,98.2230592632363,191.519780382943,220.901129804706,92.5207898118833,98.417953423071,0,193.055010680236,135.294330067913,0,0,0,100.812745974529,137.239127032733,74.5815074003433,249.905610015455,0,92.3502314520023,104.369974912428,128.846764897717
283.88658203332,148.808626413748,0,101.85207633558,0,111.226326353722,0,0,106.926813611922,128.530575464043,261.605527103798,146.99041817625,93.5029580098427,0,158.955087279859,0,255.441154257905,0,0,283.248188884028,0,0,0,250.461724766314,0,206.912707094411,135.667029391615,193.055010680236,0,0,0,0,0,196.04190773555,0,0,231.715271819474,119.345624434514,198.964527389285,0,192.693757128262
62.311273509377,0,192.601533877686,0,0,0,0,0,0,0,0,0,333.645516435298,0,0,178.683678585178,0,0,0,0,201.100640800745,0,0,0,213.67670887414,222.053792850439,0,135.294330067913,0,0,0,114.649126378906,0,0,0,0,0,180.355266595273,0,0,154.070293657878
0,0,0,0,0,0,0,0,0,0,0,67.8267069095267,0,0,0,0,0,0,0,0,0,0,0,0,0,0,0,0,0,0,0,0,0,133.984214699576,0,115.332064605654,136.685314494491,0,153.876396855887,0,74.7304794244225
0,0,0,204.481117647118,0,0,214.116367924649,76.5072790361762,0,0,78.8552325762656,134.566479261133,0,0,0,0,0,82.1742780037132,0,0,0,0,78.9559315574845,101.605593487621,0,0,0,0,0,114.649126378906,0,0,0,109.093416850988,0,0,353.822894641502,0,0,0,0
0,0,0,0,0,0,0,89.1590885155172,0,0,0,153.672550905948,0,0,0,0,0,0,0,0,0,116.054372245433,0,0,0,0,0,0,0,0,0,0,0,0,0,0,192.135034768848,0,0,97.3506957544063,0
0,164.032723165762,0,0,228.075434767255,0,0,101.350815329073,232.945974238958,263.534399241887,150.161410108805,0,0,0,115.541295036174,196.032358954952,0,205.183249704085,118.522099274347,242.790381480436,186.973586461633,0,141.204637091722,94.7280504127031,188.851177466023,179.718364159796,0,100.812745974529,196.04190773555,0,133.984214699576,109.093416850988,0,0,280.376028997576,289.631679007608,171.906398392157,180.543851962045,0,116.176698124939,221.805809452716
0,0,110.384905066973,134.960780198024,198.528111506785,115.194491798135,218.045528847001,197.486504603685,84.3635741045246,0,320.356811100276,85.6072705949986,0,89.9429017381717,0,0,108.381749703452,0,125.81518738273,0,94.027247878695,0,124.698445421759,205.839960264176,136.792307586862,154.142998692322,71.5579325720569,137.239127032733,0,0,0,0,0,280.376028997576,0,161.74915061469,231.050882209,259.055025639447,0,146.770754374523,101.5853655613
0,0,0,0,0,0,0,140.574866691684,241.57250333243,300.031143529538,0,163.945208919892,0,101.443495235174,169.453147353278,0,0,0,0,0,0,0,0,153.609372090384,177.763106506206,138.33942793804,208.005106191961,74.5815074003433,0,0,115.332064605654,0,0,289.631679007608,161.74915061469,0,74.4197823064597,306.344527664232,103.519938150021,73.1029054543569,259.442917595754
0,0,0,104.915316975638,195.822649557859,80.4367166559625,0,159.183173818572,241.682021696872,0,115.868441404982,73.4795582048751,252.487290983309,0,0,0,151.036729364761,115.871357769661,181.316358113209,173.059382066957,184.249961885477,161.694997919804,224.523755099568,58.3493451392805,0,151.695570509541,168.241326865882,249.905610015455,231.715271819474,0,136.685314494491,353.822894641502,192.135034768848,171.906398392157,231.050882209,74.4197823064597,0,165.597665022977,155.24952173131,220.963068032256,106.33736463831
0,0,151.075371308616,0,0,112.823430872325,0,0,0,0,0,81.2827395071039,348.674510760064,92.5568465385234,99.2646516363145,0,171.230058197369,0,173.201474590904,0,276.620869034647,96.5937438588657,0,0,178.748963182352,0,95.7590805983148,0,119.345624434514,180.355266595273,0,0,0,180.543851962045,259.055025639447,306.344527664232,165.597665022977,0,0,142.054529471577,163.059043292369
225.013371621378,0,0,153.453047983244,158.567996645797,0,247.66948903751,0,0,0,112.349934713559,90.1317194604647,0,0,0,261.440278806413,0,0,0,240.185081663983,193.63278243493,0,0,0,0,0,137.177378802006,92.3502314520023,198.964527389285,0,153.876396855887,0,0,0,0,103.519938150021,155.24952173131,0,0,0,0
175.196329314064,241.635434294794,0,82.4756938751058,187.77054666536,0,269.936825670274,0,0,335.371040201042,190.185165668632,122.106946855269,0,139.93285932648,93.4234866874731,117.208001126138,309.997227542691,0,228.792310020318,0,0,236.681907140956,0,169.742003380707,0,202.712457066107,145.74089716123,104.369974912428,0,0,0,0,97.3506957544063,116.176698124939,146.770754374523,73.1029054543569,220.963068032256,142.054529471577,0,0,154.065933476765
0,0,0,0,0,215.611029055736,0,89.707245288964,0,0,0,113.059176128709,0,0,0,119.728129215699,0,0,0,61.0664810463559,0,128.405764333981,161.325017232684,120.567029282014,94.7529894315991,217.157696745803,223.705816669619,128.846764897717,192.693757128262,154.070293657878,74.7304794244225,0,0,221.805809452716,101.5853655613,259.442917595754,106.33736463831,163.059043292369,0,154.065933476765,0
