0,0,0,0,0,0,0,0,0,0,0,0,0,0,0,0,0,0,0,151.01089327964,0,0,0,111.226326353722,0,201.100640800745,0,0,0,0,0,0,0,220.901129804706,0,0,165.893015276821,0,0,0,167.066576495979
0,0,0,0,0,0,0,0,0,280.376028997576,0,0,0,125.416941482916,0,289.631679007608,0,0,0,172.892533368851,0,0,0,0,0,120.912756812582,190.185165668632,0,0,0,0,0,0,0,0,0,323.781250289068,0,0,0,0
0,0,0,0,0,0,0,0,0,0,0,0,0,0,0,0,0,0,0,0,0,0,0,0,0,0,113.144980278377,135.667029391615,0,0,0,0,0,0,0,231.715271819474,0,0,0,154.784755881607,259.055025639447
0,0,0,0,157.852515740516,242.790381480436,139.792601838991,0,0,224.551207449728,0,0,221.805809452716,0,89.3673883748406,0,0,0,0,0,0,0,0,241.57250333243,0,0,114.649126378906,186.348837226466,309.997227542691,0,0,0,0,0,0,0,0,94.9380989123498,0,193.777661225572,78.9559315574845
0,0,0,157.852515740516,0,106.533627130087,114.511014214502,89.707245288964,0,116.054372245433,110.384905066973,161.694997919804,0,0,0,0,0,0,128.846764897717,0,0,0,0,0,0,0,153.453047983244,0,0,232.945974238958,224.523755099568,0,0,0,0,193.659409924573,238.934743274142,0,208.005106191961,0,0
0,0,0,242.790381480436,106.533627130087,0,0,249.798812580765,0,112.349934713559,0,94.027247878695,0,116.176698124939,0,335.371040201042,0,0,0,0,108.136066660554,0,0,0,0,71.5579325720569,165.597665022977,62.311273509377,0,0,0,0,0,98.417953423071,106.128596538706,0,314.611698427915,0,0,0,0
0,0,0,139.792601838991,114.511014214502,0,0,0,193.63278243493,0,0,0,99.2646516363145,0,0,0,0,0,0,194.442125915551,0,0,0,0,0,173.538155409849,347.376449530863,92.5568465385234,92.3502314520023,0,0,0,0,75.4497121078207,115.194491798135,0,0,0,338.131802716296,333.645516435298,0
0,0,0,0,89.707245288964,249.798812580765,0,0,146.814226519809,106.926813611922,0,247.66948903751,0,0,151.695570509541,0,0,0,87.8456058929559,0,0,0,0,92.5207898118833,0,0,219.430938885781,171.906398392157,0,0,0,0,0,357.423078228283,72.2278283150671,195.378266313867,209.996727521564,0,0,206.912707094411,155.24952173131
0,0,0,0,0,0,193.63278243493,146.814226519809,0,0,0,159.183173818572,0,94.8881692391942,0,0,0,0,0,0,0,0,0,115.868441404982,140.574866691684,0,0,0,99.3508940827211,0,0,0,0,0,214.116367924649,0,249.905610015455,0,94.7529894315991,0,66.5008477853491
0,280.376028997576,0,224.551207449728,116.054372245433,112.349934713559,0,106.926813611922,0,0,240.185081663983,0,0,143.005810983322,204.481117647118,0,0,0,154.070293657878,161.302948562323,0,0,0,0,0,97.3506957544063,0,136.792307586862,198.528111506785,0,0,0,0,0,0,0,122.106946855269,206.472608421747,134.960780198024,101.443495235174,74.4197823064597
0,0,0,0,110.384905066973,0,0,0,0,240.185081663983,0,0,0,142.385058730083,0,0,0,192.693757128262,259.442917595754,0,163.059043292369,0,181.316358113209,0,0,151.806152521152,0,97.3232815600345,154.065933476765,0,0,0,0,108.381749703452,139.654362654449,0,103.519938150021,104.369974912428,0,223.705816669619,70.4221432298295
0,0,0,0,161.694997919804,94.027247878695,0,247.66948903751,159.183173818572,0,0,0,0,158.567996645797,283.88658203332,163.945208919892,188.851177466023,134.566479261133,0,345.797434674459,0,0,0,96.5937438588657,177.763106506206,195.314816908693,0,93.4234866874731,0,0,0,180.355266595273,0,205.839960264176,222.053792850439,85.6072705949986,67.8267069095267,226.825099357786,0,118.522099274347,0
0,0,0,221.805809452716,0,0,99.2646516363145,0,0,0,0,0,0,0,0,0,0,0,0,0,0,0,0,0,0,0,0,0,183.786860782462,0,0,0,0,200.878319874537,161.275817184598,0,0,0,0,0,146.770754374523
0,125.416941482916,0,0,0,116.176698124939,0,0,94.8881692391942,143.005810983322,142.385058730083,158.567996645797,0,0,0,161.325017232684,0,0,0,0,0,0,0,175.196329314064,0,171.230058197369,0,0,0,0,0,0,0,74.7304794244225,115.332064605654,0,0,162.833808134102,0,128.405764333981,269.936825670274
0,0,0,89.3673883748406,0,0,0,151.695570509541,0,204.481117647118,0,283.88658203332,0,0,0,0,227.504408813069,0,0,0,0,0,101.895308036513,180.543851962045,74.5815074003433,0,0,76.5072790361762,0,0,0,0,0,173.059382066957,151.036729364761,0,261.440278806413,0,0,0,0
0,289.631679007608,0,0,0,335.371040201042,0,0,0,0,0,163.945208919892,0,161.325017232684,0,0,0,0,151.075371308616,0,0,0,0,0,0,197.486504603685,0,0,0,0,0,0,0,71.4788760670054,0,0,0,89.9429017381717,348.674510760064,124.853650664477,284.529238481835
0,0,0,0,0,0,0,0,0,0,0,188.851177466023,0,0,227.504408813069,0,0,0,0,0,0,0,0,0,205.183249704085,0,0,100.812745974529,135.294330067913,0,0,0,0,0,0,192.601533877686,202.712457066107,220.963068032256,0,62.859596780235,58.3493451392805
0,0,0,0,0,0,0,0,0,0,192.693757128262,134.566479261133,0,0,0,0,0,0,160.537522273714,218.045528847001,84.3635741045246,0,0,0,0,0,0,154.142998692322,196.032358954952,0,0,0,0,228.075434767255,0,80.8080171296381,0,0,0,0,0
0,0,0,0,128.846764897717,0,0,87.8456058929559,0,154.070293657878,259.442917595754,0,0,0,0,151.075371308616,0,160.537522273714,0,0,241.635434294794,0,0,0,0,0,160.530221557972,125.994729980093,0,136.685314494491,0,0,0,0,0,109.093416850988,0,94.126460729827,0,0,0
151.01089327964,172.892533368851,0,0,0,0,194.442125915551,0,0,161.302948562323,0,345.797434674459,0,0,0,0,0,218.045528847001,0,0,0,197.893790332676,0,0,0,188.936291522747,78.8552325762656,0,0,112.823430872325,0,133.984214699576,0,82.1742780037132,164.032723165762,119.345624434514,192.135034768848,142.054529471577,128.530575464043,0,0
0,0,0,0,0,108.136066660554,0,0,0,0,163.059043292369,0,0,0,0,0,0,84.3635741045246,241.635434294794,0,0,0,0,104.915316975638,0,73.4795582048751,161.74915061469,0,329.719143597451,0,0,0,0,0,0,262.382215657622,191.519780382943,187.77054666536,137.239127032733,283.248188884028,0
0,0,0,0,0,0,0,0,0,0,0,0,0,0,0,0,0,0,0,197.893790332676,0,0,178.224497384947,0,0,0,0,0,0,0,0,158.955087279859,0,0,141.204637091722,138.33942793804,306.344527664232,225.013371621378,0,169.742003380707,0
0,0,0,0,0,0,0,0,0,0,181.316358113209,0,0,0,101.895308036513,0,0,0,0,0,0,178.224497384947,0,115.541295036174,0,0,303.527509149359,219.040656038919,0,101.605593487621,0,101.350815329073,0,212.592150359921,95.7590805983148,153.672550905948,215.611029055736,0,115.871357769661,106.33736463831,125.81518738273
111.226326353722,0,0,241.57250333243,0,0,0,92.5207898118833,115.868441404982,0,0,96.5937438588657,0,175.196329314064,180.543851962045,0,0,0,0,0,104.915316975638,0,115.541295036174,0,0,0,0,276.620869034647,198.964527389285,0,0,0,0,179.718364159796,93.5029580098427,153.609372090384,81.9664354533492,112.793316814908,172.608400267715,81.2827395071039,320.356811100276
0,0,0,0,0,0,0,0,140.574866691684,0,0,177.763106506206,0,0,74.5815074003433,0,205.183249704085,0,0,0,0,0,0,0,0,145.74089716123,0,0,0,101.85207633558,241.682021696872,0,0,124.698445421759,0,0,173.201474590904,0,178.748963182352,0,0
201.100640800745,120.912756812582,0,0,0,71.5579325720569,173.538155409849,0,0,97.3506957544063,151.806152521152,195.314816908693,0,171.230058197369,0,197.486504603685,0,0,0,188.936291522747,73.4795582048751,0,0,0,145.74089716123,0,0,82.6299537488922,90.1317194604647,0,0,0,117.208001126138,73.1029054543569,98.2230592632363,325.937289045041,231.050882209,0,195.822649557859,0,0
0,190.185165668632,113.144980278377,114.649126378906,153.453047983244,165.597665022977,347.376449530863,219.430938885781,0,0,0,0,0,0,0,0,0,0,160.530221557972,78.8552325762656,161.74915061469,0,303.527509149359,0,0,0,0,168.241326865882,137.177378802006,146.99041817625,0,199.492852797962,0,90.7216186966914,178.683678585178,0,211.840482897052,0,148.808626413748,0,96.7845769653343
0,0,135.667029391615,186.348837226466,0,62.311273509377,92.5568465385234,171.906398392157,0,136.792307586862,97.3232815600345,93.4234866874731,0,0,76.5072790361762,0,100.812745974529,154.142998692322,125.994729980093,0,0,0,219.040656038919,276.620869034647,0,82.6299537488922,168.241326865882,0,0,184.249961885477,261.605527103798,353.822894641502,0,217.157696745803,89.1590885155172,204.084074037941,101.5853655613,193.055010680236,150.161410108805,321.864157986053,82.6426202489162
0,0,0,309.997227542691,0,0,92.3502314520023,0,99.3508940827211,198.528111506785,154.065933476765,0,183.786860782462,0,0,0,135.294330067913,196.032358954952,0,0,329.719143597451,0,0,198.964527389285,0,90.1317194604647,137.177378802006,0,0,0,0,0,252.487290983309,219.078548227669,133.218162784108,97.5855511246009,139.93285932648,251.098274723989,263.534399241887,138.425725342224,155.901486485736
0,0,0,0,232.945974238958,0,0,0,0,0,0,0,0,0,0,0,0,0,136.685314494491,112.823430872325,0,0,101.605593487621,0,101.85207633558,0,146.99041817625,184.249961885477,0,0,0,0,0,146.465927798921,119.728129215699,0,306.640284138334,0,0,80.4367166559625,0
0,0,0,0,224.523755099568,0,0,0,0,0,0,0,0,0,0,0,0,0,0,0,0,0,0,0,241.682021696872,0,0,261.605527103798,0,0,0,113.059176128709,0,0,300.031143529538,0,0,0,0,250.461724766314,0
0,0,0,0,0,0,0,0,0,0,0,180.355266595273,0,0,0,0,0,0,0,133.984214699576,0,158.955087279859,101.350815329073,0,0,0,199.492852797962,353.822894641502,0,0,113.059176128709,0,0,0,174.013630695256,0,131.969743415579,153.876396855887,0,98.6790043377568,0
0,0,0,0,0,0,0,0,0,0,0,0,0,0,0,0,0,0,0,0,0,0,0,0,0,117.208001126138,0,0,252.487290983309,0,0,0,0,0,111.435629183184,0,205.09013266389,0,0,82.4756938751058,0
220.901129804706,0,0,0,0,98.417953423071,75.4497121078207,357.423078228283,0,0,108.381749703452,205.839960264176,200.878319874537,74.7304794244225,173.059382066957,71.4788760670054,0,228.075434767255,0,82.1742780037132,0,0,212.592150359921,179.718364159796,124.698445421759,73.1029054543569,90.7216186966914,217.157696745803,219.078548227669,146.465927798921,0,0,0,0,255.441154257905,0,94.7280504127031,173.001559092555,201.44584889478,228.792310020318,115.114253591495
0,0,0,0,0,106.128596538706,115.194491798135,72.2278283150671,214.116367924649,0,139.654362654449,222.053792850439,161.275817184598,115.332064605654,151.036729364761,0,0,0,0,164.032723165762,0,141.204637091722,95.7590805983148,93.5029580098427,0,98.2230592632363,178.683678585178,89.1590885155172,133.218162784108,119.728129215699,300.031143529538,174.013630695256,111.435629183184,255.441154257905,0,0,120.567029282014,169.453147353278,0,61.0664810463559,0
0,0,231.715271819474,0,193.659409924573,0,0,195.378266313867,0,0,0,85.6072705949986,0,0,0,0,192.601533877686,80.8080171296381,109.093416850988,119.345624434514,262.382215657622,138.33942793804,153.672550905948,153.609372090384,0,325.937289045041,0,204.084074037941,97.5855511246009,0,0,0,0,0,0,0,85.7623170715703,253.401634605989,0,213.67670887414,321.124897279917
165.893015276821,323.781250289068,0,0,238.934743274142,314.611698427915,0,209.996727521564,249.905610015455,122.106946855269,103.519938150021,67.8267069095267,0,0,261.440278806413,0,202.712457066107,0,0,192.135034768848,191.519780382943,306.344527664232,215.611029055736,81.9664354533492,173.201474590904,231.050882209,211.840482897052,101.5853655613,139.93285932648,306.640284138334,0,131.969743415579,205.09013266389,94.7280504127031,120.567029282014,85.7623170715703,0,137.189596148386,0,180.90030328818,196.04190773555
0,0,0,94.9380989123498,0,0,0,0,0,206.472608421747,104.369974912428,226.825099357786,0,162.833808134102,0,89.9429017381717,220.963068032256,0,94.126460729827,142.054529471577,187.77054666536,225.013371621378,0,112.793316814908,0,0,0,193.055010680236,251.098274723989,0,0,153.876396855887,0,173.001559092555,169.453147353278,253.401634605989,137.189596148386,0,0,0,186.973586461633
0,0,0,0,208.005106191961,0,338.131802716296,0,94.7529894315991,134.960780198024,0,0,0,0,0,348.674510760064,0,0,0,128.530575464043,137.239127032733,0,115.871357769661,172.608400267715,178.748963182352,195.822649557859,148.808626413748,150.161410108805,263.534399241887,0,0,0,0,201.44584889478,0,0,0,0,0,0,0
0,0,154.784755881607,193.777661225572,0,0,333.645516435298,206.912707094411,0,101.443495235174,223.705816669619,118.522099274347,0,128.405764333981,0,124.853650664477,62.859596780235,0,0,0,283.248188884028,169.742003380707,106.33736463831,81.2827395071039,0,0,0,321.864157986053,138.425725342224,80.4367166559625,250.461724766314,98.6790043377568,82.4756938751058,228.792310020318,61.0664810463559,213.67670887414,180.90030328818,0,0,0,236.681907140956
167.066576495979,0,259.055025639447,78.9559315574845,0,0,0,155.24952173131,66.5008477853491,74.4197823064597,70.4221432298295,0,146.770754374523,269.936825670274,0,284.529238481835,58.3493451392805,0,0,0,0,0,125.81518738273,320.356811100276,0,0,96.7845769653343,82.6426202489162,155.901486485736,0,0,0,0,115.114253591495,0,321.124897279917,196.04190773555,186.973586461633,0,236.681907140956,0
