0,0,0,0,0,0,314.611698427915,0,202.712457066107,0,204.084074037941,0,0,0,0,0,0,0,0,0,0,0,0,303.527509149359,112.793316814908,0,139.654362654449,0,0,0,0,0,0,0,0,0,0,0,0,0,0
0,0,0,0,0,0,0,0,0,84.3635741045246,0,0,0,0,0,0,0,0,0,0,0,0,80.4367166559625,0,0,0,89.1590885155172,0,169.742003380707,0,0,0,0,143.005810983322,0,0,0,0,81.2827395071039,0,306.344527664232
0,0,0,0,0,0,90.7216186966914,0,0,0,0,0,0,0,0,0,0,0,0,0,137.177378802006,0,0,0,0,0,0,0,0,0,0,0,0,284.529238481835,89.9429017381717,0,0,153.453047983244,0,0,0
0,0,0,0,222.053792850439,0,0,90.1317194604647,0,0,146.814226519809,276.620869034647,0,0,0,0,167.066576495979,283.88658203332,0,0,0,280.376028997576,0,0,0,0,0,171.906398392157,106.533627130087,0,0,206.472608421747,0,255.441154257905,0,0,114.511014214502,0,0,115.114253591495,0
0,0,0,222.053792850439,0,0,0,0,0,0,249.905610015455,0,158.567996645797,0,0,0,0,0,0,181.316358113209,0,0,106.128596538706,0,0,193.055010680236,94.126460729827,158.955087279859,191.519780382943,0,0,0,0,94.7529894315991,0,115.871357769661,94.027247878695,0,321.864157986053,0,188.851177466023
0,0,0,0,0,0,0,208.005106191961,0,192.135034768848,224.523755099568,0,0,0,151.695570509541,0,0,0,0,0,0,0,0,145.74089716123,0,0,0,118.522099274347,154.065933476765,0,0,0,0,0,150.161410108805,142.054529471577,115.332064605654,259.442917595754,137.239127032733,82.6299537488922,74.4197823064597
314.611698427915,0,90.7216186966914,0,0,0,0,225.013371621378,0,0,0,0,0,180.543851962045,0,0,0,0,0,92.3502314520023,0,75.4497121078207,98.2230592632363,262.382215657622,0,70.4221432298295,0,178.748963182352,0,0,0,227.504408813069,0,165.893015276821,198.964527389285,0,0,0,0,0,0
0,0,0,90.1317194604647,0,208.005106191961,225.013371621378,0,0,128.530575464043,0,0,0,0,0,0,0,0,0,115.194491798135,0,0,347.376449530863,106.926813611922,0,99.3508940827211,67.8267069095267,138.425725342224,0,0,0,0,0,92.5568465385234,0,231.050882209,154.784755881607,113.144980278377,0,109.093416850988,247.66948903751
202.712457066107,0,0,0,0,0,0,0,0,214.116367924649,0,139.792601838991,0,0,0,196.032358954952,0,0,205.183249704085,0,0,180.90030328818,0,0,100.812745974529,0,0,112.823430872325,0,0,0,0,0,0,0,74.5815074003433,0,0,0,192.601533877686,323.781250289068
0,84.3635741045246,0,0,0,192.135034768848,0,128.530575464043,214.116367924649,0,0,200.878319874537,0,0,66.5008477853491,0,241.635434294794,0,195.378266313867,151.036729364761,0,0,0,165.597665022977,113.059176128709,177.763106506206,0,180.355266595273,111.435629183184,0,0,306.640284138334,0,0,0,0,162.833808134102,0,0,108.381749703452,193.659409924573
204.084074037941,0,0,146.814226519809,249.905610015455,224.523755099568,0,0,0,0,0,153.876396855887,0,0,0,0,0,0,111.226326353722,0,0,0,155.901486485736,136.685314494491,61.0664810463559,0,0,142.385058730083,193.777661225572,0,0,0,0,140.574866691684,0,163.059043292369,345.797434674459,0,0,78.9559315574845,97.3506957544063
0,0,0,276.620869034647,0,0,0,0,139.792601838991,200.878319874537,153.876396855887,0,87.8456058929559,0,0,0,85.7623170715703,283.248188884028,0,241.682021696872,99.2646516363145,0,0,204.481117647118,0,241.57250333243,133.218162784108,228.792310020318,98.417953423071,0,110.384905066973,0,0,0,73.1029054543569,173.538155409849,161.694997919804,201.44584889478,0,148.808626413748,199.492852797962
0,0,0,0,158.567996645797,0,0,0,0,0,0,87.8456058929559,0,198.528111506785,0,0,0,0,0,0,0,0,0,0,0,329.719143597451,0,0,0,0,0,0,0,0,120.567029282014,0,0,238.934743274142,0,0,0
0,0,0,0,0,0,180.543851962045,0,0,0,0,0,198.528111506785,0,0,226.825099357786,0,0,0,134.566479261133,0,0,122.106946855269,134.960780198024,0,93.4234866874731,0,0,197.893790332676,325.937289045041,0,188.936291522747,0,160.530221557972,0,116.054372245433,219.040656038919,0,179.718364159796,0,0
0,0,0,0,0,151.695570509541,0,0,0,66.5008477853491,0,0,0,0,0,97.3232815600345,0,0,242.790381480436,0,0,0,0,155.24952173131,0,104.915316975638,0,101.895308036513,224.551207449728,0,0,0,0,153.609372090384,195.314816908693,195.822649557859,261.605527103798,0,0,0,0
0,0,0,0,0,0,0,0,196.032358954952,0,0,0,0,226.825099357786,97.3232815600345,0,0,0,0,0,125.416941482916,0,96.5937438588657,0,0,0,81.9664354533492,0,0,215.611029055736,0,0,0,0,0,0,0,161.74915061469,221.805809452716,335.371040201042,178.683678585178
0,0,0,167.066576495979,0,0,0,0,0,241.635434294794,0,85.7623170715703,0,0,0,0,0,0,0,0,333.645516435298,0,0,0,0,0,0,160.537522273714,0,0,0,0,0,112.349934713559,263.534399241887,0,253.401634605989,0,173.201474590904,108.136066660554,0
0,0,0,283.88658203332,0,0,0,0,0,0,0,283.248188884028,0,0,0,0,0,0,168.241326865882,0,0,0,0,211.840482897052,0,0,212.592150359921,348.674510760064,0,0,0,0,0,0,58.3493451392805,0,0,194.442125915551,0,249.798812580765,0
0,0,0,0,0,0,0,0,205.183249704085,195.378266313867,111.226326353722,0,0,0,242.790381480436,0,0,168.241326865882,0,0,0,0,0,0,0,0,76.5072790361762,184.249961885477,0,0,186.973586461633,0,0,153.672550905948,154.142998692322,0,0,300.031143529538,0,120.912756812582,0
0,0,0,0,181.316358113209,0,92.3502314520023,115.194491798135,0,151.036729364761,0,241.682021696872,0,134.566479261133,0,0,0,0,0,0,309.997227542691,178.224497384947,0,0,190.185165668632,223.705816669619,0,101.443495235174,0,0,154.070293657878,0,0,71.4788760670054,136.792307586862,187.77054666536,228.075434767255,171.230058197369,0,0,0
0,0,137.177378802006,0,0,0,0,0,0,0,0,99.2646516363145,0,0,0,125.416941482916,333.645516435298,0,0,309.997227542691,0,0,0,164.032723165762,0,0,173.059382066957,94.9380989123498,0,128.846764897717,0,0,0,0,183.786860782462,219.078548227669,0,0,151.01089327964,0,138.33942793804
0,0,0,280.376028997576,0,0,75.4497121078207,0,180.90030328818,0,0,0,0,0,0,0,0,0,0,178.224497384947,0,0,0,0,0,209.996727521564,0,0,0,0,0,0,0,0,125.81518738273,0,161.325017232684,0,0,250.461724766314,0
0,80.4367166559625,0,0,106.128596538706,0,98.2230592632363,347.376449530863,0,0,155.901486485736,0,0,122.106946855269,0,96.5937438588657,0,0,0,0,0,0,0,0,0,103.519938150021,197.486504603685,82.1742780037132,0,0,0,0,0,135.294330067913,101.85207633558,0,151.075371308616,78.8552325762656,0,219.430938885781,0
303.527509149359,0,0,0,0,145.74089716123,262.382215657622,106.926813611922,0,165.597665022977,136.685314494491,204.481117647118,0,134.960780198024,155.24952173131,0,0,211.840482897052,0,0,164.032723165762,0,0,0,0,101.605593487621,161.302948562323,71.5579325720569,0,0,0,0,0,104.369974912428,94.7280504127031,0,193.63278243493,0,0,172.608400267715,321.124897279917
112.793316814908,0,0,0,0,0,0,0,100.812745974529,113.059176128709,61.0664810463559,0,0,0,0,0,0,0,0,190.185165668632,0,0,0,0,0,0,240.185081663983,0,0,0,0,0,0,0,0,259.055025639447,192.693757128262,89.3673883748406,0,0,106.33736463831
0,0,0,0,193.055010680236,0,70.4221432298295,99.3508940827211,0,177.763106506206,0,241.57250333243,329.719143597451,93.4234866874731,104.915316975638,0,0,0,0,223.705816669619,0,209.996727521564,103.519938150021,101.605593487621,0,0,97.5855511246009,82.4756938751058,157.852515740516,72.2278283150671,0,0,0,353.822894641502,0,161.275817184598,205.839960264176,0,0,95.7590805983148,0
139.654362654449,89.1590885155172,0,0,94.126460729827,0,0,67.8267069095267,0,0,0,133.218162784108,0,0,0,81.9664354533492,0,212.592150359921,76.5072790361762,0,173.059382066957,0,197.486504603685,161.302948562323,240.185081663983,97.5855511246009,0,0,0,0,0,0,0,92.5207898118833,85.6072705949986,220.963068032256,101.350815329073,206.912707094411,0,163.945208919892,94.8881692391942
0,0,0,171.906398392157,158.955087279859,118.522099274347,178.748963182352,138.425725342224,112.823430872325,180.355266595273,142.385058730083,228.792310020318,0,0,101.895308036513,0,160.537522273714,348.674510760064,184.249961885477,101.443495235174,94.9380989123498,0,82.1742780037132,71.5579325720569,0,82.4756938751058,0,0,289.631679007608,98.6790043377568,0,82.6426202489162,114.649126378906,137.189596148386,135.667029391615,0,124.698445421759,0,0,169.453147353278,269.936825670274
0,169.742003380707,0,106.533627130087,191.519780382943,154.065933476765,0,0,0,111.435629183184,193.777661225572,98.417953423071,0,197.893790332676,224.551207449728,0,0,0,0,0,0,0,0,0,0,157.852515740516,0,289.631679007608,0,0,0,186.348837226466,125.994729980093,101.5853655613,119.728129215699,251.098274723989,236.681907140956,80.8080171296381,141.204637091722,261.440278806413,116.176698124939
0,0,0,0,0,0,0,0,0,0,0,0,0,325.937289045041,0,215.611029055736,0,0,0,0,128.846764897717,0,0,0,0,72.2278283150671,0,98.6790043377568,0,0,196.04190773555,133.984214699576,0,232.945974238958,0,0,252.487290983309,220.901129804706,159.183173818572,0,0
0,0,0,0,0,0,0,0,0,0,0,110.384905066973,0,0,0,0,0,0,186.973586461633,154.070293657878,0,0,0,0,0,0,0,0,0,196.04190773555,0,0,0,0,62.859596780235,0,74.7304794244225,0,0,0,0
0,0,0,206.472608421747,0,0,227.504408813069,0,0,306.640284138334,0,0,0,188.936291522747,0,0,0,0,0,0,0,0,0,0,0,0,0,82.6426202489162,186.348837226466,133.984214699576,0,0,0,0,0,146.770754374523,93.5029580098427,0,357.423078228283,0,338.131802716296
0,0,0,0,0,0,0,0,0,0,0,0,0,0,0,0,0,0,0,0,0,0,0,0,0,0,0,114.649126378906,125.994729980093,0,0,0,0,139.93285932648,0,0,205.09013266389,0,0,231.715271819474,0
0,143.005810983322,284.529238481835,255.441154257905,94.7529894315991,0,165.893015276821,92.5568465385234,0,0,140.574866691684,0,0,160.530221557972,153.609372090384,0,112.349934713559,0,153.672550905948,71.4788760670054,0,0,135.294330067913,104.369974912428,0,353.822894641502,92.5207898118833,137.189596148386,101.5853655613,232.945974238958,0,0,139.93285932648,0,175.196329314064,218.045528847001,119.345624434514,146.465927798921,201.100640800745,117.208001126138,0
0,0,89.9429017381717,0,0,150.161410108805,198.964527389285,0,0,0,0,73.1029054543569,120.567029282014,0,195.314816908693,0,263.534399241887,58.3493451392805,154.142998692322,136.792307586862,183.786860782462,125.81518738273,101.85207633558,94.7280504127031,0,0,85.6072705949986,135.667029391615,119.728129215699,0,62.859596780235,0,0,175.196329314064,0,174.013630695256,62.311273509377,320.356811100276,124.853650664477,146.99041817625,89.707245288964
0,0,0,0,115.871357769661,142.054529471577,0,231.050882209,74.5815074003433,0,163.059043292369,173.538155409849,0,116.054372245433,195.822649557859,0,0,0,0,187.77054666536,219.078548227669,0,0,0,259.055025639447,161.275817184598,220.963068032256,0,251.098274723989,0,0,146.770754374523,0,218.045528847001,174.013630695256,0,172.892533368851,0,0,73.4795582048751,0
0,0,0,114.511014214502,94.027247878695,115.332064605654,0,154.784755881607,0,162.833808134102,345.797434674459,161.694997919804,0,219.040656038919,261.605527103798,0,253.401634605989,0,0,228.075434767255,0,161.325017232684,151.075371308616,193.63278243493,192.693757128262,205.839960264176,101.350815329073,124.698445421759,236.681907140956,252.487290983309,74.7304794244225,93.5029580098427,205.09013266389,119.345624434514,62.311273509377,172.892533368851,0,128.405764333981,115.541295036174,213.67670887414,173.001559092555
0,0,153.453047983244,0,0,259.442917595754,0,113.144980278377,0,0,0,201.44584889478,238.934743274142,0,0,161.74915061469,0,194.442125915551,300.031143529538,171.230058197369,0,0,78.8552325762656,0,89.3673883748406,0,206.912707094411,0,80.8080171296381,220.901129804706,0,0,0,146.465927798921,320.356811100276,0,128.405764333981,0,115.868441404982,131.969743415579,96.7845769653343
0,81.2827395071039,0,0,321.864157986053,137.239127032733,0,0,0,0,0,0,0,179.718364159796,0,221.805809452716,173.201474590904,0,0,0,151.01089327964,0,0,0,0,0,0,0,141.204637091722,159.183173818572,0,357.423078228283,0,201.100640800745,124.853650664477,0,115.541295036174,115.868441404982,0,0,151.806152521152
0,0,0,115.114253591495,0,82.6299537488922,0,109.093416850988,192.601533877686,108.381749703452,78.9559315574845,148.808626413748,0,0,0,335.371040201042,108.136066660554,249.798812580765,120.912756812582,0,0,250.461724766314,219.430938885781,172.608400267715,0,95.7590805983148,163.945208919892,169.453147353278,261.440278806413,0,0,0,231.715271819474,117.208001126138,146.99041817625,73.4795582048751,213.67670887414,131.969743415579,0,0,217.157696745803
0,306.344527664232,0,0,188.851177466023,74.4197823064597,0,247.66948903751,323.781250289068,193.659409924573,97.3506957544063,199.492852797962,0,0,0,178.683678585178,0,0,0,0,138.33942793804,0,0,321.124897279917,106.33736463831,0,94.8881692391942,269.936825670274,116.176698124939,0,0,338.131802716296,0,0,89.707245288964,0,173.001559092555,96.7845769653343,151.806152521152,217.157696745803,0
