0,0,0,220.901129804706,0,0,0,0,0,0,0,204.481117647118,0,0,0,0,0,0,0,250.461724766314,0,0,0,0,0,0,0,0,165.893015276821,0,0,0,0,0,0,0,202.712457066107,0,255.441154257905,0,0
0,0,0,0,0,0,0,0,0,0,0,0,0,0,0,0,0,0,0,0,0,0,104.369974912428,95.7590805983148,0,0,0,67.8267069095267,0,87.8456058929559,0,0,0,0,303.527509149359,0,0,306.344527664232,0,82.6426202489162,0
0,0,0,0,0,0,0,0,0,0,0,0,0,0,0,136.792307586862,0,0,0,0,0,0,0,99.3508940827211,0,0,0,0,0,0,0,0,0,0,0,192.135034768848,125.81518738273,135.294330067913,0,0,0
220.901129804706,0,0,0,0,62.311273509377,0,0,0,0,0,231.050882209,0,0,0,173.059382066957,0,0,0,201.100640800745,0,82.1742780037132,348.674510760064,0,0,0,0,0,0,0,0,0,146.465927798921,148.808626413748,224.551207449728,125.416941482916,131.969743415579,0,283.248188884028,0,0
0,0,0,0,0,0,0,0,184.249961885477,0,0,0,0,117.208001126138,347.376449530863,0,0,71.4788760670054,0,93.4234866874731,161.74915061469,0,0,0,0,0,200.878319874537,0,253.401634605989,191.519780382943,0,0,0,113.059176128709,194.442125915551,193.055010680236,175.196329314064,0,0,209.996727521564,0
0,0,0,62.311273509377,0,0,103.519938150021,116.176698124939,0,188.936291522747,0,0,0,0,219.430938885781,0,0,89.1590885155172,0,0,0,0,0,283.88658203332,0,221.805809452716,0,0,236.681907140956,0,0,72.2278283150671,0,118.522099274347,142.054529471577,0,94.126460729827,0,0,217.157696745803,0
0,0,0,0,0,103.519938150021,0,0,78.8552325762656,193.63278243493,0,0,0,0,0,0,0,0,0,81.2827395071039,0,0,196.04190773555,106.533627130087,0,0,0,158.955087279859,0,0,0,269.936825670274,0,357.423078228283,0,115.868441404982,78.9559315574845,231.715271819474,0,0,186.973586461633
0,0,0,0,0,116.176698124939,0,0,0,0,80.8080171296381,0,0,0,0,0,154.784755881607,0,228.792310020318,0,0,0,62.859596780235,153.672550905948,0,177.763106506206,242.790381480436,171.906398392157,158.567996645797,0,0,0,0,0,247.66948903751,0,106.33736463831,101.5853655613,220.963068032256,173.538155409849,94.8881692391942
0,0,0,0,184.249961885477,0,78.8552325762656,0,0,0,196.032358954952,97.3506957544063,0,0,0,0,0,0,0,104.915316975638,0,0,0,0,0,0,0,0,0,0,300.031143529538,0,0,329.719143597451,0,0,193.659409924573,101.85207633558,0,214.116367924649,193.777661225572
0,0,0,0,0,188.936291522747,193.63278243493,0,0,0,0,197.486504603685,0,92.3502314520023,0,0,154.070293657878,81.9664354533492,75.4497121078207,206.912707094411,0,0,0,173.201474590904,0,85.6072705949986,0,198.964527389285,66.5008477853491,0,0,0,135.667029391615,143.005810983322,178.748963182352,0,252.487290983309,0,241.682021696872,134.566479261133,0
0,0,0,0,0,0,0,80.8080171296381,196.032358954952,0,0,0,0,0,0,0,142.385058730083,110.384905066973,0,161.694997919804,0,0,0,0,125.994729980093,146.814226519809,85.7623170715703,90.7216186966914,115.541295036174,0,0,0,0,178.224497384947,0,151.806152521152,94.027247878695,0,261.440278806413,108.136066660554,168.241326865882
204.481117647118,0,0,231.050882209,0,0,0,0,97.3506957544063,197.486504603685,0,0,0,0,89.3673883748406,140.574866691684,76.5072790361762,0,151.695570509541,169.742003380707,0,0,58.3493451392805,211.840482897052,345.797434674459,0,89.707245288964,204.084074037941,146.99041817625,0,0,89.9429017381717,0,219.078548227669,161.275817184598,192.693757128262,0,213.67670887414,0,115.194491798135,0
0,0,0,0,0,0,0,0,0,0,0,0,0,0,0,112.349934713559,0,0,0,0,71.5579325720569,0,0,0,0,0,150.161410108805,320.356811100276,0,325.937289045041,0,0,0,0,0,122.106946855269,0,0,0,0,0
0,0,0,0,117.208001126138,0,0,0,0,92.3502314520023,0,0,0,0,0,0,96.7845769653343,0,111.226326353722,154.065933476765,0,208.005106191961,0,0,0,82.6299537488922,0,280.376028997576,212.592150359921,0,0,0,0,0,171.230058197369,101.605593487621,109.093416850988,249.798812580765,0,101.350815329073,0
0,0,0,0,347.376449530863,219.430938885781,0,0,0,0,0,89.3673883748406,0,0,0,0,0,0,0,0,0,0,115.114253591495,119.728129215699,0,161.302948562323,0,0,0,263.534399241887,0,0,0,0,97.3232815600345,0,206.472608421747,161.325017232684,0,338.131802716296,226.825099357786
0,0,136.792307586862,173.059382066957,0,0,0,0,0,0,0,140.574866691684,112.349934713559,0,0,0,0,0,151.01089327964,0,151.075371308616,0,153.609372090384,133.218162784108,0,0,0,0,73.4795582048751,0,0,113.144980278377,0,0,0,0,0,0,0,0,172.892533368851
0,0,0,0,0,0,0,154.784755881607,0,154.070293657878,142.385058730083,76.5072790361762,0,96.7845769653343,0,0,0,0,0,0,98.6790043377568,0,0,0,0,0,0,241.57250333243,0,0,0,0,0,0,61.0664810463559,284.529238481835,0,0,0,0,167.066576495979
0,0,0,0,71.4788760670054,89.1590885155172,0,0,0,81.9664354533492,110.384905066973,0,0,0,0,0,0,0,0,0,0,0,0,0,0,201.44584889478,0,228.075434767255,0,0,0,139.654362654449,0,0,146.770754374523,0,0,0,0,93.5029580098427,0
0,0,0,0,0,0,0,228.792310020318,0,75.4497121078207,0,151.695570509541,0,111.226326353722,0,151.01089327964,0,0,0,0,0,139.93285932648,0,0,101.895308036513,215.611029055736,111.435629183184,0,0,0,0,0,0,0,74.4197823064597,0,180.543851962045,0,0,205.183249704085,0
250.461724766314,0,0,201.100640800745,93.4234866874731,0,81.2827395071039,0,104.915316975638,206.912707094411,161.694997919804,169.742003380707,0,154.065933476765,0,0,0,0,0,0,0,0,0,0,323.781250289068,195.378266313867,137.177378802006,0,160.530221557972,0,0,0,0,0,120.567029282014,151.036729364761,141.204637091722,0,0,112.823430872325,0
0,0,0,0,161.74915061469,0,0,0,0,0,0,0,71.5579325720569,0,0,151.075371308616,98.6790043377568,0,0,0,0,0,0,0,240.185081663983,0,0,261.605527103798,0,232.945974238958,0,0,0,241.635434294794,0,74.7304794244225,96.5937438588657,0,124.853650664477,108.381749703452,187.77054666536
0,0,0,82.1742780037132,0,0,0,0,0,0,0,0,0,208.005106191961,0,0,0,0,139.93285932648,0,0,0,0,0,0,0,0,181.316358113209,219.040656038919,0,137.189596148386,0,262.382215657622,186.348837226466,0,0,0,0,0,0,0
0,104.369974912428,0,348.674510760064,0,0,196.04190773555,62.859596780235,0,0,0,58.3493451392805,0,0,115.114253591495,153.609372090384,0,0,0,0,0,0,0,0,0,0,183.786860782462,195.822649557859,0,0,0,0,0,70.4221432298295,0,92.5207898118833,98.2230592632363,119.345624434514,0,276.620869034647,227.504408813069
0,95.7590805983148,99.3508940827211,0,0,283.88658203332,106.533627130087,153.672550905948,0,173.201474590904,0,211.840482897052,0,0,119.728129215699,133.218162784108,0,0,0,0,0,0,0,0,353.822894641502,137.239127032733,134.960780198024,138.33942793804,165.597665022977,0,0,0,0,218.045528847001,0,0,112.793316814908,128.846764897717,0,249.905610015455,205.09013266389
0,0,0,0,0,0,0,0,0,0,125.994729980093,345.797434674459,0,0,0,0,0,0,101.895308036513,323.781250289068,240.185081663983,0,0,353.822894641502,0,94.9380989123498,0,289.631679007608,0,0,0,0,0,205.839960264176,0,0,100.812745974529,0,0,0,0
0,0,0,0,0,221.805809452716,0,177.763106506206,0,85.6072705949986,146.814226519809,0,0,82.6299537488922,161.302948562323,0,0,201.44584889478,215.611029055736,195.378266313867,0,0,0,137.239127032733,94.9380989123498,0,114.511014214502,80.4367166559625,0,173.001559092555,0,0,0,169.453147353278,0,0,115.871357769661,321.124897279917,94.7280504127031,128.530575464043,195.314816908693
0,0,0,0,200.878319874537,0,0,242.790381480436,0,0,85.7623170715703,89.707245288964,150.161410108805,0,0,0,0,0,111.435629183184,137.177378802006,0,0,183.786860782462,134.960780198024,0,114.511014214502,0,145.74089716123,124.698445421759,0,0,99.2646516363145,0,157.852515740516,178.683678585178,251.098274723989,92.5568465385234,0,120.912756812582,188.851177466023,179.718364159796
0,67.8267069095267,0,0,0,0,158.955087279859,171.906398392157,0,198.964527389285,90.7216186966914,204.084074037941,320.356811100276,280.376028997576,0,0,241.57250333243,228.075434767255,0,0,261.605527103798,181.316358113209,195.822649557859,138.33942793804,289.631679007608,80.4367166559625,145.74089716123,0,106.128596538706,74.5815074003433,0,0,0,192.601533877686,114.649126378906,174.013630695256,115.332064605654,139.792601838991,314.611698427915,106.926813611922,223.705816669619
165.893015276821,0,0,0,253.401634605989,236.681907140956,0,158.567996645797,0,66.5008477853491,115.541295036174,146.99041817625,0,212.592150359921,0,73.4795582048751,0,0,0,160.530221557972,0,219.040656038919,0,165.597665022977,0,0,124.698445421759,106.128596538706,0,0,198.528111506785,0,116.054372245433,259.442917595754,73.1029054543569,0,160.537522273714,0,98.417953423071,0,180.90030328818
0,87.8456058929559,0,0,191.519780382943,0,0,0,0,0,0,0,325.937289045041,0,263.534399241887,0,0,0,0,0,232.945974238958,0,0,0,0,173.001559092555,0,74.5815074003433,0,0,0,0,0,309.997227542691,0,0,0,238.934743274142,224.523755099568,0,101.443495235174
0,0,0,0,0,0,0,0,300.031143529538,0,0,0,0,0,0,0,0,0,0,0,0,137.189596148386,0,0,0,0,0,0,198.528111506785,0,0,0,0,0,163.945208919892,0,0,190.185165668632,199.492852797962,0,0
0,0,0,0,0,72.2278283150671,269.936825670274,0,0,0,0,89.9429017381717,0,0,0,113.144980278377,0,139.654362654449,0,0,0,0,0,0,0,0,99.2646516363145,0,0,0,0,0,0,333.645516435298,159.183173818572,0,154.142998692322,97.5855511246009,0,155.24952173131,0
0,0,0,146.465927798921,0,0,0,0,0,135.667029391615,0,0,0,0,0,0,0,0,0,0,0,262.382215657622,0,0,0,0,0,0,116.054372245433,0,0,0,0,0,164.032723165762,0,0,0,0,0,0
0,0,0,148.808626413748,113.059176128709,118.522099274347,357.423078228283,0,329.719143597451,143.005810983322,178.224497384947,219.078548227669,0,0,0,0,0,0,0,0,241.635434294794,186.348837226466,70.4221432298295,218.045528847001,205.839960264176,169.453147353278,157.852515740516,192.601533877686,259.442917595754,309.997227542691,0,333.645516435298,0,0,172.608400267715,128.405764333981,94.7529894315991,197.893790332676,136.685314494491,163.059043292369,82.4756938751058
0,303.527509149359,0,224.551207449728,194.442125915551,142.054529471577,0,247.66948903751,0,178.748963182352,0,161.275817184598,0,171.230058197369,97.3232815600345,0,61.0664810463559,146.770754374523,74.4197823064597,120.567029282014,0,0,0,0,0,0,178.683678585178,114.649126378906,73.1029054543569,0,163.945208919892,159.183173818572,164.032723165762,172.608400267715,0,90.1317194604647,321.864157986053,222.053792850439,155.901486485736,0,84.3635741045246
0,0,192.135034768848,125.416941482916,193.055010680236,0,115.868441404982,0,0,0,151.806152521152,192.693757128262,122.106946855269,101.605593487621,0,0,284.529238481835,0,0,151.036729364761,74.7304794244225,0,92.5207898118833,0,0,0,251.098274723989,174.013630695256,0,0,0,0,0,128.405764333981,90.1317194604647,0,153.453047983244,0,0,133.984214699576,138.425725342224
202.712457066107,0,125.81518738273,131.969743415579,175.196329314064,94.126460729827,78.9559315574845,106.33736463831,193.659409924573,252.487290983309,94.027247878695,0,0,109.093416850988,206.472608421747,0,0,0,180.543851962045,141.204637091722,96.5937438588657,0,98.2230592632363,112.793316814908,100.812745974529,115.871357769661,92.5568465385234,115.332064605654,160.537522273714,0,0,154.142998692322,0,94.7529894315991,321.864157986053,153.453047983244,0,162.833808134102,153.876396855887,335.371040201042,225.013371621378
0,306.344527664232,135.294330067913,0,0,0,231.715271819474,101.5853655613,101.85207633558,0,0,213.67670887414,0,249.798812580765,161.325017232684,0,0,0,0,0,0,0,119.345624434514,128.846764897717,0,321.124897279917,0,139.792601838991,0,238.934743274142,190.185165668632,97.5855511246009,0,197.893790332676,222.053792850439,0,162.833808134102,0,0,180.355266595273,306.640284138334
255.441154257905,0,0,283.248188884028,0,0,0,220.963068032256,0,241.682021696872,261.440278806413,0,0,0,0,0,0,0,0,0,124.853650664477,0,0,0,0,94.7280504127031,120.912756812582,314.611698427915,98.417953423071,224.523755099568,199.492852797962,0,0,136.685314494491,155.901486485736,0,153.876396855887,0,0,0,0
0,82.6426202489162,0,0,209.996727521564,217.157696745803,0,173.538155409849,214.116367924649,134.566479261133,108.136066660554,115.194491798135,0,101.350815329073,338.131802716296,0,0,93.5029580098427,205.183249704085,112.823430872325,108.381749703452,0,276.620869034647,249.905610015455,0,128.530575464043,188.851177466023,106.926813611922,0,0,0,155.24952173131,0,163.059043292369,0,133.984214699576,335.371040201042,180.355266595273,0,0,259.055025639447
0,0,0,0,0,0,186.973586461633,94.8881692391942,193.777661225572,0,168.241326865882,0,0,0,226.825099357786,172.892533368851,167.066576495979,0,0,0,187.77054666536,0,227.504408813069,205.09013266389,0,195.314816908693,179.718364159796,223.705816669619,180.90030328818,101.443495235174,0,0,0,82.4756938751058,84.3635741045246,138.425725342224,225.013371621378,306.640284138334,0,259.055025639447,0
