0,0,0,0,0,0,0,0,0,0,0,168.241326865882,0,0,0,0,0,0,158.567996645797,214.116367924649,0,0,0,0,0,0,0,94.126460729827,0,0,0,0,0,137.239127032733,0,0,71.5579325720569,0,0,0,0
0,0,0,0,0,225.013371621378,0,0,0,0,241.682021696872,0,0,0,0,188.936291522747,0,0,0,0,262.382215657622,0,0,0,0,0,0,0,0,0,0,0,0,0,169.453147353278,0,161.275817184598,0,0,0,116.054372245433
0,0,0,106.33736463831,0,135.667029391615,0,0,0,0,92.5568465385234,0,0,0,0,0,0,0,0,0,0,0,0,0,0,0,0,204.481117647118,0,0,0,0,0,0,0,0,0,0,0,119.345624434514,0
0,0,106.33736463831,0,0,0,0,0,0,0,0,101.895308036513,0,0,0,0,0,0,0,136.792307586862,0,0,73.1029054543569,0,249.905610015455,67.8267069095267,215.611029055736,184.249961885477,0,94.027247878695,0,0,0,0,151.806152521152,0,131.969743415579,0,249.798812580765,196.032358954952,0
0,0,0,0,0,0,335.371040201042,0,0,110.384905066973,0,0,0,0,0,0,280.376028997576,0,0,0,0,0,259.442917595754,161.694997919804,0,0,0,101.350815329073,0,0,0,0,0,75.4497121078207,221.805809452716,231.715271819474,338.131802716296,155.901486485736,195.822649557859,263.534399241887,160.537522273714
0,225.013371621378,135.667029391615,0,0,0,0,180.543851962045,289.631679007608,0,0,0,0,0,259.055025639447,325.937289045041,236.681907140956,0,0,0,0,0,181.316358113209,0,0,0,0,202.712457066107,188.851177466023,0,0,0,0,82.6426202489162,93.5029580098427,231.050882209,94.9380989123498,0,0,0,0
0,0,0,0,335.371040201042,0,0,0,0,119.728129215699,0,0,0,0,0,0,0,0,0,0,0,0,197.486504603685,106.128596538706,206.912707094411,0,0,0,211.840482897052,0,163.945208919892,0,0,0,94.8881692391942,250.461724766314,228.075434767255,192.135034768848,145.74089716123,0,100.812745974529
0,0,0,0,0,180.543851962045,0,0,0,0,0,0,0,0,0,0,101.85207633558,138.33942793804,0,303.527509149359,134.960780198024,0,0,0,206.472608421747,97.3232815600345,0,0,111.435629183184,0,153.609372090384,0,0,139.792601838991,90.1317194604647,224.523755099568,124.853650664477,205.09013266389,0,227.504408813069,94.7280504127031
0,0,0,0,0,289.631679007608,0,0,0,0,0,0,0,72.2278283150671,0,0,0,0,0,0,0,0,0,187.77054666536,0,61.0664810463559,151.01089327964,0,84.3635741045246,0,0,0,0,92.3502314520023,0,0,104.369974912428,0,178.683678585178,113.059176128709,309.997227542691
0,0,0,0,110.384905066973,0,119.728129215699,0,0,0,171.906398392157,74.7304794244225,0,205.839960264176,198.964527389285,0,0,0,0,163.059043292369,193.63278243493,0,0,192.693757128262,0,0,122.106946855269,253.401634605989,357.423078228283,0,0,0,0,255.441154257905,66.5008477853491,213.67670887414,0,179.718364159796,178.224497384947,142.054529471577,0
0,241.682021696872,92.5568465385234,0,0,0,0,0,0,171.906398392157,0,353.822894641502,200.878319874537,0,0,139.654362654449,160.530221557972,0,151.695570509541,0,0,0,0,118.522099274347,0,241.635434294794,195.378266313867,219.430938885781,0,0,0,0,0,82.1742780037132,0,135.294330067913,99.3508940827211,159.183173818572,0,0,0
168.241326865882,0,0,101.895308036513,0,0,0,0,0,74.7304794244225,353.822894641502,0,0,101.605593487621,0,0,0,224.551207449728,219.078548227669,0,89.3673883748406,93.4234866874731,0,161.74915061469,0,97.5855511246009,89.1590885155172,112.793316814908,92.5207898118833,154.784755881607,0,0,0,283.248188884028,117.208001126138,0,134.566479261133,333.645516435298,165.597665022977,247.66948903751,0
0,0,0,0,0,0,0,0,0,0,200.878319874537,0,0,0,0,0,0,0,0,0,0,0,0,0,0,0,0,140.574866691684,114.511014214502,0,0,0,0,112.823430872325,0,180.355266595273,146.814226519809,0,0,0,0
0,0,0,0,0,0,0,0,72.2278283150671,205.839960264176,0,101.605593487621,0,0,0,153.876396855887,0,0,0,0,82.6299537488922,194.442125915551,169.742003380707,0,0,232.945974238958,0,0,0,0,0,165.893015276821,0,143.005810983322,172.608400267715,0,95.7590805983148,115.868441404982,148.808626413748,0,0
0,0,0,0,0,259.055025639447,0,0,0,198.964527389285,0,0,0,0,0,0,0,78.9559315574845,0,0,0,0,0,0,0,115.194491798135,137.177378802006,0,220.901129804706,0,0,0,0,128.530575464043,226.825099357786,62.311273509377,103.519938150021,0,0,120.567029282014,141.204637091722
0,188.936291522747,0,0,0,325.937289045041,0,0,0,0,139.654362654449,0,0,153.876396855887,0,0,0,0,0,0,0,0,0,157.852515740516,0,0,0,228.792310020318,0,0,0,0,0,154.142998692322,146.99041817625,175.196329314064,146.465927798921,0,347.376449530863,0,0
0,0,0,0,280.376028997576,236.681907140956,0,101.85207633558,0,0,160.530221557972,0,0,0,0,0,0,0,0,0,0,0,82.4756938751058,0,0,0,0,128.846764897717,348.674510760064,0,0,0,0,0,0,0,0,186.973586461633,101.443495235174,196.04190773555,0
0,0,0,0,0,0,0,138.33942793804,0,0,0,224.551207449728,0,0,78.9559315574845,0,0,0,0,0,201.44584889478,0,0,0,0,115.114253591495,0,0,199.492852797962,0,0,0,0,0,0,0,0,137.189596148386,0,89.9429017381717,112.349934713559
158.567996645797,0,0,0,0,0,0,0,0,0,151.695570509541,219.078548227669,0,0,0,0,0,0,0,0,251.098274723989,0,0,70.4221432298295,0,0,0,139.93285932648,89.707245288964,153.672550905948,0,0,0,0,192.601533877686,0,154.070293657878,0,0,201.100640800745,125.994729980093
214.116367924649,0,0,136.792307586862,0,0,0,303.527509149359,0,163.059043292369,0,0,0,0,0,0,0,0,0,0,0,151.036729364761,0,161.302948562323,0,0,167.066576495979,197.893790332676,284.529238481835,222.053792850439,193.777661225572,164.032723165762,0,173.538155409849,0,97.3506957544063,104.915316975638,0,0,74.5815074003433,96.7845769653343
0,262.382215657622,0,0,0,0,0,134.960780198024,0,193.63278243493,0,89.3673883748406,0,82.6299537488922,0,0,0,201.44584889478,251.098274723989,0,0,0,0,0,158.955087279859,0,0,113.144980278377,0,0,0,80.4367166559625,0,195.314816908693,0,0,0,73.4795582048751,0,0,191.519780382943
0,0,0,0,0,0,0,0,0,0,0,93.4234866874731,0,194.442125915551,0,0,0,0,0,151.036729364761,0,0,0,0,0,0,0,0,321.864157986053,0,0,0,0,133.984214699576,106.533627130087,0,0,173.201474590904,0,0,329.719143597451
0,0,0,73.1029054543569,259.442917595754,181.316358113209,197.486504603685,0,0,0,0,0,0,169.742003380707,0,0,82.4756938751058,0,0,0,0,0,0,0,98.417953423071,205.183249704085,125.81518738273,261.605527103798,0,0,0,0,0,177.763106506206,218.045528847001,0,98.2230592632363,172.892533368851,0,138.425725342224,0
0,0,0,0,161.694997919804,0,106.128596538706,0,187.77054666536,192.693757128262,118.522099274347,161.74915061469,0,0,0,157.852515740516,0,0,70.4221432298295,161.302948562323,0,0,0,0,0,193.055010680236,125.416941482916,219.040656038919,0,0,0,0,0,128.405764333981,111.226326353722,85.6072705949986,151.075371308616,142.385058730083,269.936825670274,74.4197823064597,0
0,0,0,249.905610015455,0,0,206.912707094411,206.472608421747,0,0,0,0,0,0,0,0,0,0,0,0,158.955087279859,0,98.417953423071,0,0,0,252.487290983309,0,124.698445421759,0,0,0,0,0,173.059382066957,0,306.640284138334,0,0,300.031143529538,0
0,0,0,67.8267069095267,0,0,0,97.3232815600345,61.0664810463559,0,241.635434294794,97.5855511246009,0,232.945974238958,115.194491798135,0,0,115.114253591495,0,0,0,0,205.183249704085,193.055010680236,0,0,80.8080171296381,161.325017232684,0,0,0,321.124897279917,136.685314494491,345.797434674459,71.4788760670054,98.6790043377568,155.24952173131,81.2827395071039,0,0,283.88658203332
0,0,0,215.611029055736,0,0,0,0,151.01089327964,122.106946855269,195.378266313867,89.1590885155172,0,0,137.177378802006,0,0,0,0,167.066576495979,0,0,125.81518738273,125.416941482916,252.487290983309,80.8080171296381,0,115.541295036174,90.7216186966914,0,0,85.7623170715703,0,212.592150359921,0,146.770754374523,198.528111506785,0,120.912756812582,116.176698124939,94.7529894315991
94.126460729827,0,204.481117647118,184.249961885477,101.350815329073,202.712457066107,0,0,0,253.401634605989,219.430938885781,112.793316814908,140.574866691684,0,0,228.792310020318,128.846764897717,0,139.93285932648,197.893790332676,113.144980278377,0,261.605527103798,219.040656038919,0,161.325017232684,115.541295036174,0,0,115.332064605654,238.934743274142,217.157696745803,180.90030328818,0,0,58.3493451392805,183.786860782462,87.8456058929559,0,174.013630695256,154.065933476765
0,0,0,0,0,188.851177466023,211.840482897052,111.435629183184,84.3635741045246,357.423078228283,0,92.5207898118833,114.511014214502,0,220.901129804706,0,348.674510760064,199.492852797962,89.707245288964,284.529238481835,0,321.864157986053,0,0,124.698445421759,0,90.7216186966914,0,0,0,0,0,0,220.963068032256,0,261.440278806413,150.161410108805,209.996727521564,0,109.093416850988,178.748963182352
0,0,0,94.027247878695,0,0,0,0,0,0,0,154.784755881607,0,0,0,0,0,0,153.672550905948,222.053792850439,0,0,0,0,0,0,0,115.332064605654,0,0,0,0,0,99.2646516363145,223.705816669619,171.230058197369,0,78.8552325762656,0,186.348837226466,240.185081663983
0,0,0,0,0,0,163.945208919892,153.609372090384,0,0,0,0,0,0,0,0,0,0,0,193.777661225572,0,0,0,0,0,0,0,238.934743274142,0,0,0,0,0,0,0,162.833808134102,173.001559092555,0,0,0,0
0,0,0,0,0,0,0,0,0,0,0,0,0,165.893015276821,0,0,0,0,0,164.032723165762,80.4367166559625,0,0,0,0,321.124897279917,85.7623170715703,217.157696745803,0,0,0,0,81.9664354533492,114.649126378906,241.57250333243,0,0,108.381749703452,0,153.453047983244,0
0,0,0,0,0,0,0,0,0,0,0,0,0,0,0,0,0,0,0,0,0,0,0,0,0,136.685314494491,0,180.90030328818,0,0,0,81.9664354533492,0,0,0,0,320.356811100276,0,0,0,242.790381480436
137.239127032733,0,0,0,75.4497121078207,82.6426202489162,0,139.792601838991,92.3502314520023,255.441154257905,82.1742780037132,283.248188884028,112.823430872325,143.005810983322,128.530575464043,154.142998692322,0,0,0,173.538155409849,195.314816908693,133.984214699576,177.763106506206,128.405764333981,0,345.797434674459,212.592150359921,0,220.963068032256,99.2646516363145,0,114.649126378906,0,0,115.871357769661,0,96.5937438588657,0,0,323.781250289068,106.926813611922
0,169.453147353278,0,151.806152521152,221.805809452716,93.5029580098427,94.8881692391942,90.1317194604647,0,66.5008477853491,0,117.208001126138,0,172.608400267715,226.825099357786,146.99041817625,0,0,192.601533877686,0,0,106.533627130087,218.045528847001,111.226326353722,173.059382066957,71.4788760670054,0,0,0,223.705816669619,0,241.57250333243,0,115.871357769661,0,101.5853655613,190.185165668632,0,108.136066660554,276.620869034647,62.859596780235
0,0,0,0,231.715271819474,231.050882209,250.461724766314,224.523755099568,0,213.67670887414,135.294330067913,0,180.355266595273,0,62.311273509377,175.196329314064,0,0,0,97.3506957544063,0,0,0,85.6072705949986,0,98.6790043377568,146.770754374523,58.3493451392805,261.440278806413,171.230058197369,162.833808134102,0,0,0,101.5853655613,0,0,0,193.659409924573,0,0
71.5579325720569,161.275817184598,0,131.969743415579,338.131802716296,94.9380989123498,228.075434767255,124.853650664477,104.369974912428,0,99.3508940827211,134.566479261133,146.814226519809,95.7590805983148,103.519938150021,146.465927798921,0,0,154.070293657878,104.915316975638,0,0,98.2230592632363,151.075371308616,306.640284138334,155.24952173131,198.528111506785,183.786860782462,150.161410108805,0,173.001559092555,0,320.356811100276,96.5937438588657,190.185165668632,0,0,314.611698427915,0,208.005106191961,76.5072790361762
0,0,0,0,155.901486485736,0,192.135034768848,205.09013266389,0,179.718364159796,159.183173818572,333.645516435298,0,115.868441404982,0,0,186.973586461633,137.189596148386,0,0,73.4795582048751,173.201474590904,172.892533368851,142.385058730083,0,81.2827395071039,0,87.8456058929559,209.996727521564,78.8552325762656,0,108.381749703452,0,0,0,0,314.611698427915,0,0,306.344527664232,0
0,0,0,249.798812580765,195.822649557859,0,145.74089716123,0,178.683678585178,178.224497384947,0,165.597665022977,0,148.808626413748,0,347.376449530863,101.443495235174,0,0,0,0,0,0,269.936825670274,0,0,120.912756812582,0,0,0,0,0,0,0,108.136066660554,193.659409924573,0,0,0,204.084074037941,133.218162784108
0,0,119.345624434514,196.032358954952,263.534399241887,0,0,227.504408813069,113.059176128709,142.054529471577,0,247.66948903751,0,0,120.567029282014,0,196.04190773555,89.9429017381717,201.100640800745,74.5815074003433,0,0,138.425725342224,74.4197823064597,300.031143529538,0,116.176698124939,174.013630695256,109.093416850988,186.348837226466,0,153.453047983244,0,323.781250289068,276.620869034647,0,208.005106191961,306.344527664232,204.084074037941,0,0
0,116.054372245433,0,0,160.537522273714,0,100.812745974529,94.7280504127031,309.997227542691,0,0,0,0,0,141.204637091722,0,0,112.349934713559,125.994729980093,96.7845769653343,191.519780382943,329.719143597451,0,0,0,283.88658203332,94.7529894315991,154.065933476765,178.748963182352,240.185081663983,0,0,242.790381480436,106.926813611922,62.859596780235,0,76.5072790361762,0,133.218162784108,0,0
