0,0,0,0,0,142.385058730083,0,0,0,0,173.201474590904,0,0,0,0,0,0,0,0,0,0,0,0,0,0,0,214.116367924649,0,0,0,0,0,0,0,0,0,136.685314494491,112.349934713559,0,0,71.5579325720569
0,0,0,0,0,0,0,0,0,188.936291522747,0,0,0,0,0,0,0,289.631679007608,223.705816669619,0,0,0,0,0,0,192.135034768848,0,0,73.4795582048751,0,0,0,0,0,128.405764333981,0,0,0,0,247.66948903751,0
0,0,0,0,0,0,228.792310020318,0,0,0,0,306.344527664232,0,0,0,0,0,0,0,0,0,0,0,0,0,0,0,0,0,145.74089716123,0,0,0,186.348837226466,0,0,0,0,0,0,90.7216186966914
0,0,0,0,153.453047983244,0,0,115.871357769661,0,0,0,106.33736463831,0,0,159.183173818572,0,78.9559315574845,0,0,0,0,0,0,0,0,128.846764897717,99.3508940827211,231.715271819474,241.682021696872,101.443495235174,0,0,0,0,155.901486485736,199.492852797962,153.876396855887,0,0,0,0
0,0,0,153.453047983244,0,178.224497384947,0,92.3502314520023,94.126460729827,180.90030328818,252.487290983309,0,0,212.592150359921,0,0,0,0,348.674510760064,0,161.275817184598,0,0,0,0,0,0,0,0,0,0,0,0,0,169.742003380707,197.486504603685,119.345624434514,0,0,101.350815329073,119.728129215699
142.385058730083,0,0,0,178.224497384947,0,0,0,0,0,122.106946855269,89.707245288964,0,0,217.157696745803,76.5072790361762,0,195.314816908693,0,62.311273509377,0,0,0,139.93285932648,0,0,220.963068032256,232.945974238958,148.808626413748,0,0,0,0,134.960780198024,179.718364159796,0,0,0,0,0,0
0,0,228.792310020318,0,0,0,0,0,0,146.99041817625,197.893790332676,155.24952173131,0,0,0,0,82.6426202489162,0,154.784755881607,108.381749703452,94.8881692391942,0,0,0,0,0,0,0,0,0,0,0,0,115.114253591495,202.712457066107,0,172.608400267715,0,115.541295036174,0,139.654362654449
0,0,0,115.871357769661,92.3502314520023,0,0,0,314.611698427915,0,161.74915061469,0,0,0,205.183249704085,0,0,0,0,193.659409924573,0,113.144980278377,0,112.793316814908,219.430938885781,104.915316975638,0,0,85.7623170715703,0,0,0,0,106.926813611922,0,133.984214699576,146.465927798921,192.693757128262,0,0,335.371040201042
0,0,0,0,94.126460729827,0,0,314.611698427915,0,0,0,249.798812580765,0,0,0,0,151.01089327964,0,0,0,0,0,0,238.934743274142,0,0,0,0,74.7304794244225,0,0,0,0,137.239127032733,80.4367166559625,92.5568465385234,242.790381480436,0,115.194491798135,0,0
0,188.936291522747,0,0,180.90030328818,0,146.99041817625,0,0,0,0,180.355266595273,0,0,94.027247878695,0,0,85.6072705949986,154.065933476765,201.44584889478,0,0,0,0,0,151.036729364761,259.055025639447,137.177378802006,0,0,0,115.868441404982,0,95.7590805983148,181.316358113209,0,168.241326865882,0,124.853650664477,100.812745974529,224.523755099568
173.201474590904,0,0,0,252.487290983309,122.106946855269,197.893790332676,161.74915061469,0,0,0,259.442917595754,114.511014214502,0,309.997227542691,0,0,0,0,226.825099357786,98.417953423071,0,108.136066660554,0,0,0,0,0,81.9664354533492,0,0,321.864157986053,94.9380989123498,106.128596538706,0,0,0,187.77054666536,0,0,0
0,0,306.344527664232,106.33736463831,0,89.707245288964,155.24952173131,0,249.798812580765,180.355266595273,259.442917595754,0,283.88658203332,0,154.070293657878,0,0,0,101.605593487621,0,0,0,142.054529471577,0,211.840482897052,0,138.33942793804,157.852515740516,0,0,116.054372245433,0,0,215.611029055736,220.901129804706,0,357.423078228283,150.161410108805,213.67670887414,139.792601838991,0
0,0,0,0,0,0,0,0,0,0,114.511014214502,283.88658203332,0,0,0,0,0,0,0,0,0,0,0,0,0,0,0,0,0,0,0,0,0,89.1590885155172,196.032358954952,146.770754374523,109.093416850988,0,0,0,0
0,0,0,0,212.592150359921,0,0,0,0,0,0,0,0,0,269.936825670274,0,231.050882209,135.667029391615,0,92.5207898118833,0,0,0,125.81518738273,0,200.878319874537,0,0,221.805809452716,0,74.4197823064597,0,0,227.504408813069,0,205.839960264176,0,163.945208919892,161.694997919804,0,146.814226519809
0,0,0,159.183173818572,0,217.157696745803,0,205.183249704085,0,94.027247878695,309.997227542691,154.070293657878,0,269.936825670274,0,0,0,0,0,0,0,0,120.912756812582,204.084074037941,0,0,0,333.645516435298,0,0,0,0,0,0,0,0,0,205.09013266389,0,0,345.797434674459
0,0,0,0,0,76.5072790361762,0,0,0,0,0,0,0,0,0,0,0,0,0,0,0,0,118.522099274347,280.376028997576,0,0,0,125.416941482916,98.6790043377568,0,0,0,195.822649557859,173.001559092555,73.1029054543569,0,0,193.63278243493,0,78.8552325762656,160.530221557972
0,0,0,78.9559315574845,0,0,82.6426202489162,0,151.01089327964,0,0,0,0,231.050882209,0,0,0,192.601533877686,0,0,0,0,0,171.906398392157,0,158.955087279859,0,183.786860782462,0,0,0,0,0,0,125.994729980093,0,138.425725342224,0,0,0,0
0,289.631679007608,0,0,0,195.314816908693,0,0,0,85.6072705949986,0,0,0,135.667029391615,0,0,192.601533877686,0,0,0,0,0,0,0,0,167.066576495979,0,225.013371621378,276.620869034647,0,0,0,0,0,0,0,0,300.031143529538,0,0,0
0,223.705816669619,0,0,348.674510760064,0,154.784755881607,0,0,154.065933476765,0,101.605593487621,0,0,0,0,0,0,0,0,0,0,0,0,198.528111506785,0,81.2827395071039,306.640284138334,0,0,0,0,0,0,173.059382066957,93.4234866874731,171.230058197369,0,0,58.3493451392805,0
0,0,0,0,0,62.311273509377,108.381749703452,193.659409924573,0,201.44584889478,226.825099357786,0,0,92.5207898118833,0,0,0,0,0,0,0,0,0,0,283.248188884028,0,191.519780382943,87.8456058929559,262.382215657622,165.597665022977,0,0,0,94.7280504127031,206.472608421747,198.964527389285,201.100640800745,75.4497121078207,0,169.453147353278,0
0,0,0,0,161.275817184598,0,94.8881692391942,0,0,0,98.417953423071,0,0,0,0,0,0,0,0,0,0,80.8080171296381,0,66.5008477853491,0,186.973586461633,188.851177466023,111.226326353722,164.032723165762,0,0,0,0,0,0,241.57250333243,228.075434767255,196.04190773555,0,162.833808134102,0
0,0,0,0,0,0,0,113.144980278377,0,0,0,0,0,0,0,0,0,0,0,0,80.8080171296381,0,0,0,0,0,0,90.1317194604647,0,253.401634605989,0,180.543851962045,0,0,0,219.040656038919,0,0,0,251.098274723989,153.609372090384
0,0,0,0,0,0,0,0,0,0,108.136066660554,142.054529471577,0,0,120.912756812582,118.522099274347,0,0,0,0,0,0,0,0,325.937289045041,115.332064605654,96.7845769653343,133.218162784108,222.053792850439,0,0,0,0,120.567029282014,140.574866691684,0,61.0664810463559,82.1742780037132,0,136.792307586862,104.369974912428
0,0,0,0,0,139.93285932648,0,112.793316814908,238.934743274142,0,0,0,0,125.81518738273,204.084074037941,280.376028997576,171.906398392157,0,0,0,66.5008477853491,0,0,0,0,0,106.533627130087,89.9429017381717,219.078548227669,0,255.441154257905,321.124897279917,0,0,153.672550905948,99.2646516363145,178.683678585178,128.530575464043,165.893015276821,0,177.763106506206
0,0,0,0,0,0,0,219.430938885781,0,0,0,211.840482897052,0,0,0,0,0,0,198.528111506785,283.248188884028,0,0,325.937289045041,0,0,0,0,195.378266313867,112.823430872325,0,0,0,0,0,0,0,329.719143597451,0,0,240.185081663983,236.681907140956
0,192.135034768848,0,128.846764897717,0,0,0,104.915316975638,0,151.036729364761,0,0,0,200.878319874537,0,0,158.955087279859,167.066576495979,0,0,186.973586461633,0,115.332064605654,0,0,0,0,141.204637091722,175.196329314064,0,0,0,74.5815074003433,261.605527103798,89.3673883748406,174.013630695256,82.6299537488922,110.384905066973,97.5855511246009,97.3232815600345,84.3635741045246
214.116367924649,0,0,99.3508940827211,0,220.963068032256,0,0,0,259.055025639447,0,138.33942793804,0,0,0,0,0,0,81.2827395071039,191.519780382943,188.851177466023,0,96.7845769653343,106.533627130087,0,0,0,347.376449530863,96.5937438588657,172.892533368851,0,137.189596148386,0,124.698445421759,0,0,323.781250289068,151.806152521152,116.176698124939,70.4221432298295,193.055010680236
0,0,0,231.715271819474,0,232.945974238958,0,0,0,137.177378802006,0,157.852515740516,0,0,333.645516435298,125.416941482916,183.786860782462,225.013371621378,306.640284138334,87.8456058929559,111.226326353722,90.1317194604647,133.218162784108,89.9429017381717,195.378266313867,141.204637091722,347.376449530863,0,0,338.131802716296,161.302948562323,0,0,178.748963182352,94.7529894315991,114.649126378906,134.566479261133,303.527509149359,113.059176128709,131.969743415579,160.537522273714
0,73.4795582048751,0,241.682021696872,0,148.808626413748,0,85.7623170715703,74.7304794244225,0,81.9664354533492,0,0,221.805809452716,0,98.6790043377568,0,276.620869034647,0,262.382215657622,164.032723165762,0,222.053792850439,219.078548227669,112.823430872325,175.196329314064,96.5937438588657,0,0,0,0,0,0,161.325017232684,143.005810983322,0,284.529238481835,0,0,158.567996645797,101.895308036513
0,0,145.74089716123,101.443495235174,0,0,0,0,0,0,0,0,0,0,0,0,0,0,0,165.597665022977,0,253.401634605989,0,0,0,0,172.892533368851,338.131802716296,0,0,0,0,0,208.005106191961,111.435629183184,117.208001126138,67.8267069095267,0,0,206.912707094411,0
0,0,0,0,0,0,0,0,0,0,0,116.054372245433,0,74.4197823064597,0,0,0,0,0,0,0,0,0,255.441154257905,0,0,0,161.302948562323,0,0,0,0,0,0,0,0,82.4756938751058,0,0,154.142998692322,0
0,0,0,0,0,0,0,0,0,115.868441404982,321.864157986053,0,0,0,0,0,0,0,0,0,0,180.543851962045,0,321.124897279917,0,0,137.189596148386,0,0,0,0,0,0,184.249961885477,97.3506957544063,0,190.185165668632,204.481117647118,93.5029580098427,0,62.859596780235
0,0,0,0,0,0,0,0,0,0,94.9380989123498,0,0,0,0,195.822649557859,0,0,0,0,0,0,0,0,0,74.5815074003433,0,0,0,0,0,0,0,0,0,0,241.635434294794,0,0,194.442125915551,0
0,0,186.348837226466,0,0,134.960780198024,115.114253591495,106.926813611922,137.239127032733,95.7590805983148,106.128596538706,215.611029055736,89.1590885155172,227.504408813069,0,173.001559092555,0,0,0,94.7280504127031,0,0,120.567029282014,0,0,261.605527103798,124.698445421759,178.748963182352,161.325017232684,208.005106191961,0,184.249961885477,0,0,263.534399241887,98.2230592632363,224.551207449728,209.996727521564,101.5853655613,151.695570509541,151.075371308616
0,128.405764333981,0,155.901486485736,169.742003380707,179.718364159796,202.712457066107,0,80.4367166559625,181.316358113209,0,220.901129804706,196.032358954952,0,0,73.1029054543569,125.994729980093,0,173.059382066957,206.472608421747,0,0,140.574866691684,153.672550905948,0,89.3673883748406,0,94.7529894315991,143.005810983322,111.435629183184,0,97.3506957544063,0,263.534399241887,0,218.045528847001,193.777661225572,173.538155409849,0,249.905610015455,0
0,0,0,199.492852797962,197.486504603685,0,0,133.984214699576,92.5568465385234,0,0,0,146.770754374523,205.839960264176,0,0,0,0,93.4234866874731,198.964527389285,241.57250333243,219.040656038919,0,99.2646516363145,0,174.013630695256,0,114.649126378906,0,117.208001126138,0,0,0,98.2230592632363,218.045528847001,0,353.822894641502,0,101.85207633558,72.2278283150671,0
136.685314494491,0,0,153.876396855887,119.345624434514,0,172.608400267715,146.465927798921,242.790381480436,168.241326865882,0,357.423078228283,109.093416850988,0,0,0,138.425725342224,0,171.230058197369,201.100640800745,228.075434767255,0,61.0664810463559,178.683678585178,329.719143597451,82.6299537488922,323.781250289068,134.566479261133,284.529238481835,67.8267069095267,82.4756938751058,190.185165668632,241.635434294794,224.551207449728,193.777661225572,353.822894641502,0,163.059043292369,71.4788760670054,103.519938150021,0
112.349934713559,0,0,0,0,0,0,192.693757128262,0,0,187.77054666536,150.161410108805,0,163.945208919892,205.09013266389,193.63278243493,0,300.031143529538,0,75.4497121078207,196.04190773555,0,82.1742780037132,128.530575464043,0,110.384905066973,151.806152521152,303.527509149359,0,0,0,204.481117647118,0,209.996727521564,173.538155409849,0,163.059043292369,0,0,320.356811100276,0
0,0,0,0,0,0,115.541295036174,0,115.194491798135,124.853650664477,0,213.67670887414,0,161.694997919804,0,0,0,0,0,0,0,0,0,165.893015276821,0,97.5855511246009,116.176698124939,113.059176128709,0,0,0,93.5029580098427,0,101.5853655613,0,101.85207633558,71.4788760670054,0,0,261.440278806413,250.461724766314
0,247.66948903751,0,0,101.350815329073,0,0,0,0,100.812745974529,0,139.792601838991,0,0,0,78.8552325762656,0,0,58.3493451392805,169.453147353278,162.833808134102,251.098274723989,136.792307586862,0,240.185081663983,97.3232815600345,70.4221432298295,131.969743415579,158.567996645797,206.912707094411,154.142998692322,0,194.442125915551,151.695570509541,249.905610015455,72.2278283150671,103.519938150021,320.356811100276,261.440278806413,0,135.294330067913
71.5579325720569,0,90.7216186966914,0,119.728129215699,0,139.654362654449,335.371040201042,0,224.523755099568,0,0,0,146.814226519809,345.797434674459,160.530221557972,0,0,0,0,0,153.609372090384,104.369974912428,177.763106506206,236.681907140956,84.3635741045246,193.055010680236,160.537522273714,101.895308036513,0,0,62.859596780235,0,151.075371308616,0,0,0,0,250.461724766314,135.294330067913,0
