0,0,0,0,61.0664810463559,0,0,0,0,0,78.8552325762656,0,0,0,0,0,0,0,0,0,0,0,0,0,0,0,0,116.054372245433,0,0,0,0,0,0,0,0,228.075434767255,125.416941482916,0,154.070293657878,0
0,0,0,0,0,0,0,0,0,0,0,0,0,0,0,115.871357769661,0,0,251.098274723989,0,0,0,0,0,0,0,0,113.059176128709,0,0,0,0,0,95.7590805983148,0,0,164.032723165762,138.33942793804,250.461724766314,0,0
0,0,0,158.955087279859,0,0,0,112.793316814908,0,0,0,0,0,0,0,0,0,0,0,0,0,0,0,0,0,111.226326353722,0,0,0,0,0,0,0,0,323.781250289068,0,0,0,259.442917595754,0,0
0,0,158.955087279859,0,0,0,101.350815329073,0,0,0,219.430938885781,0,0,249.905610015455,187.77054666536,0,0,0,0,0,0,0,0,0,0,137.239127032733,158.567996645797,289.631679007608,261.605527103798,0,0,0,0,206.912707094411,0,300.031143529538,0,263.534399241887,0,0,221.805809452716
61.0664810463559,0,0,0,0,0,0,157.852515740516,94.7529894315991,0,104.915316975638,0,0,0,0,0,0,136.792307586862,0,193.659409924573,0,0,180.543851962045,108.136066660554,0,232.945974238958,178.683678585178,0,67.8267069095267,0,0,0,0,153.672550905948,0,0,199.492852797962,94.8881692391942,0,0,0
0,0,0,0,0,0,0,220.963068032256,172.608400267715,201.44584889478,215.611029055736,118.522099274347,0,0,0,139.93285932648,0,0,0,0,0,309.997227542691,0,0,0,0,0,153.453047983244,0,0,0,0,146.814226519809,219.040656038919,0,168.241326865882,188.851177466023,0,238.934743274142,193.777661225572,0
0,0,0,101.350815329073,0,0,0,0,0,99.2646516363145,0,0,180.90030328818,0,0,0,0,0,240.185081663983,196.04190773555,0,0,0,0,0,193.63278243493,0,190.185165668632,0,0,0,106.926813611922,0,306.344527664232,134.566479261133,80.4367166559625,140.574866691684,0,0,333.645516435298,0
0,0,112.793316814908,0,157.852515740516,220.963068032256,0,0,0,114.511014214502,0,0,0,186.348837226466,0,0,78.9559315574845,0,222.053792850439,0,0,0,0,0,0,0,276.620869034647,236.681907140956,82.6426202489162,325.937289045041,0,0,0,183.786860782462,249.798812580765,0,0,241.682021696872,0,247.66948903751,219.078548227669
0,0,0,0,94.7529894315991,172.608400267715,0,0,0,0,0,75.4497121078207,0,0,0,0,0,0,0,0,0,0,0,139.654362654449,0,0,161.694997919804,104.369974912428,0,0,0,0,0,0,85.7623170715703,169.453147353278,192.693757128262,82.1742780037132,0,58.3493451392805,0
0,0,0,0,0,201.44584889478,99.2646516363145,114.511014214502,0,0,155.901486485736,0,0,329.719143597451,0,0,0,0,148.808626413748,225.013371621378,173.201474590904,135.667029391615,120.567029282014,0,0,151.01089327964,154.142998692322,98.6790043377568,136.685314494491,0,0,0,0,0,0,0,204.481117647118,269.936825670274,163.059043292369,0,96.7845769653343
78.8552325762656,0,0,219.430938885781,104.915316975638,215.611029055736,0,0,0,155.901486485736,0,133.984214699576,0,89.707245288964,0,0,0,0,0,146.465927798921,0,0,0,150.161410108805,0,0,0,197.893790332676,0,0,0,139.792601838991,0,122.106946855269,0,125.81518738273,0,94.7280504127031,0,90.7216186966914,119.728129215699
0,0,0,0,0,118.522099274347,0,0,75.4497121078207,0,133.984214699576,0,0,133.218162784108,0,0,165.597665022977,0,154.065933476765,0,0,0,173.059382066957,155.24952173131,101.895308036513,179.718364159796,108.381749703452,0,92.5568465385234,0,0,128.846764897717,205.09013266389,141.204637091722,96.5937438588657,283.88658203332,153.876396855887,0,97.5855511246009,101.443495235174,120.912756812582
0,0,0,0,0,0,180.90030328818,0,0,0,0,0,0,0,0,89.9429017381717,0,0,0,0,0,0,0,0,0,0,0,0,94.126460729827,0,0,0,0,0,0,0,227.504408813069,0,0,161.302948562323,62.311273509377
0,0,0,249.905610015455,0,0,0,186.348837226466,0,329.719143597451,89.707245288964,133.218162784108,0,0,0,0,116.176698124939,0,0,194.442125915551,0,0,0,0,0,151.806152521152,0,0,73.1029054543569,0,0,0,0,259.055025639447,0,0,241.57250333243,0,81.2827395071039,66.5008477853491,195.378266313867
0,0,0,187.77054666536,0,0,0,0,0,0,0,0,0,0,0,0,0,0,84.3635741045246,0,153.609372090384,0,0,0,0,0,184.249961885477,146.770754374523,283.248188884028,74.7304794244225,0,0,0,321.124897279917,124.853650664477,0,169.742003380707,0,173.538155409849,223.705816669619,0
0,115.871357769661,0,0,0,139.93285932648,0,0,0,0,0,0,89.9429017381717,0,0,0,0,0,0,0,0,0,94.027247878695,160.530221557972,0,201.100640800745,106.33736463831,284.529238481835,0,0,0,0,0,0,0,0,114.649126378906,0,192.601533877686,71.4788760670054,0
0,0,0,0,0,0,0,78.9559315574845,0,0,0,165.597665022977,0,116.176698124939,0,0,0,0,0,0,224.551207449728,0,0,205.183249704085,0,0,0,0,0,0,163.945208919892,0,0,161.74915061469,89.3673883748406,306.640284138334,159.183173818572,0,0,0,0
0,0,0,0,136.792307586862,0,0,0,0,0,0,0,0,0,0,0,0,0,0,138.425725342224,0,0,0,0,134.960780198024,146.99041817625,0,0,161.325017232684,191.519780382943,0,0,0,0,0,92.3502314520023,0,0,0,175.196329314064,98.2230592632363
0,251.098274723989,0,0,0,0,240.185081663983,222.053792850439,0,148.808626413748,0,154.065933476765,0,0,84.3635741045246,0,0,0,0,0,0,0,0,165.893015276821,192.135034768848,0,97.3506957544063,335.371040201042,172.892533368851,0,0,0,0,0,113.144980278377,0,0,0,0,0,0
0,0,0,0,193.659409924573,0,196.04190773555,0,0,225.013371621378,146.465927798921,0,0,194.442125915551,0,0,0,138.425725342224,0,0,0,0,0,167.066576495979,0,338.131802716296,0,231.715271819474,0,82.6299537488922,255.441154257905,0,0,0,115.114253591495,106.128596538706,80.8080171296381,85.6072705949986,214.116367924649,0,115.541295036174
0,0,0,0,0,0,0,0,0,173.201474590904,0,0,0,0,153.609372090384,0,224.551207449728,0,0,0,0,0,195.822649557859,321.864157986053,0,0,151.695570509541,0,202.712457066107,119.345624434514,186.973586461633,0,0,0,195.314816908693,0,0,261.440278806413,0,125.994729980093,206.472608421747
0,0,0,0,0,309.997227542691,0,0,0,135.667029391615,0,0,0,0,0,0,0,0,0,0,0,0,0,161.275817184598,0,0,197.486504603685,211.840482897052,0,0,0,0,0,142.054529471577,0,345.797434674459,0,0,0,0,71.5579325720569
0,0,0,0,180.543851962045,0,0,0,0,120.567029282014,0,173.059382066957,0,0,0,94.027247878695,0,0,0,0,195.822649557859,0,0,115.868441404982,74.5815074003433,253.401634605989,0,241.635434294794,0,0,0,0,0,0,94.9380989123498,224.523755099568,101.605593487621,103.519938150021,97.3232815600345,218.045528847001,0
0,0,0,0,108.136066660554,0,0,0,139.654362654449,0,150.161410108805,155.24952173131,0,0,0,160.530221557972,205.183249704085,0,165.893015276821,167.066576495979,321.864157986053,161.275817184598,115.868441404982,0,0,70.4221432298295,173.001559092555,0,0,0,0,82.4756938751058,0,177.763106506206,280.376028997576,0,115.332064605654,0,0,228.792310020318,205.839960264176
0,0,0,0,0,0,0,0,0,0,0,101.895308036513,0,0,0,0,0,134.960780198024,192.135034768848,0,0,0,74.5815074003433,0,0,0,0,208.005106191961,0,0,0,188.936291522747,0,196.032358954952,171.230058197369,0,198.964527389285,303.527509149359,0,0,0
0,0,111.226326353722,137.239127032733,232.945974238958,0,193.63278243493,0,0,151.01089327964,0,179.718364159796,0,151.806152521152,0,201.100640800745,0,146.99041817625,0,338.131802716296,0,0,253.401634605989,70.4221432298295,0,0,0,124.698445421759,154.784755881607,0,0,0,0,98.417953423071,262.382215657622,0,62.859596780235,131.969743415579,0,320.356811100276,151.036729364761
0,0,0,158.567996645797,178.683678585178,0,0,276.620869034647,161.694997919804,154.142998692322,0,108.381749703452,0,0,184.249961885477,106.33736463831,0,0,97.3506957544063,0,151.695570509541,197.486504603685,0,173.001559092555,0,0,0,180.355266595273,0,174.013630695256,0,348.674510760064,0,242.790381480436,171.906398392157,0,357.423078228283,89.1590885155172,0,73.4795582048751,0
116.054372245433,113.059176128709,0,289.631679007608,0,153.453047983244,190.185165668632,236.681907140956,104.369974912428,98.6790043377568,197.893790332676,0,0,0,146.770754374523,284.529238481835,0,0,335.371040201042,231.715271819474,0,211.840482897052,241.635434294794,0,208.005106191961,124.698445421759,180.355266595273,0,109.093416850988,117.208001126138,209.996727521564,0,0,87.8456058929559,0,106.533627130087,220.901129804706,198.528111506785,0,93.5029580098427,181.316358113209
0,0,0,261.605527103798,67.8267069095267,0,0,82.6426202489162,0,136.685314494491,0,92.5568465385234,94.126460729827,73.1029054543569,283.248188884028,0,0,161.325017232684,172.892533368851,0,202.712457066107,0,0,0,0,154.784755881607,0,109.093416850988,0,143.005810983322,0,193.055010680236,0,135.294330067913,137.189596148386,213.67670887414,0,0,111.435629183184,252.487290983309,200.878319874537
0,0,0,0,0,0,0,325.937289045041,0,0,0,0,0,0,74.7304794244225,0,0,191.519780382943,0,82.6299537488922,119.345624434514,0,0,0,0,0,174.013630695256,117.208001126138,143.005810983322,0,204.084074037941,0,0,0,0,0,212.592150359921,0,0,0,347.376449530863
0,0,0,0,0,0,0,0,0,0,0,0,0,0,0,0,163.945208919892,0,0,255.441154257905,186.973586461633,0,0,0,0,0,0,209.996727521564,0,204.084074037941,0,0,0,0,0,0,178.748963182352,0,0,0,0
0,0,0,0,0,0,106.926813611922,0,0,0,139.792601838991,128.846764897717,0,0,0,0,0,0,0,0,0,0,0,82.4756938751058,188.936291522747,0,348.674510760064,0,193.055010680236,0,0,0,0,231.050882209,74.4197823064597,162.833808134102,81.9664354533492,0,0,0,0
0,0,0,0,0,146.814226519809,0,0,0,0,0,205.09013266389,0,0,0,0,0,0,0,0,0,0,0,0,0,0,0,0,0,0,0,0,0,0,110.384905066973,0,93.4234866874731,0,0,90.1317194604647,0
0,95.7590805983148,0,206.912707094411,153.672550905948,219.040656038919,306.344527664232,183.786860782462,0,0,122.106946855269,141.204637091722,0,259.055025639447,321.124897279917,0,161.74915061469,0,0,0,0,142.054529471577,0,177.763106506206,196.032358954952,98.417953423071,242.790381480436,87.8456058929559,135.294330067913,0,0,231.050882209,0,0,137.177378802006,99.3508940827211,353.822894641502,142.385058730083,145.74089716123,226.825099357786,76.5072790361762
0,0,323.781250289068,0,0,0,134.566479261133,249.798812580765,85.7623170715703,0,0,96.5937438588657,0,0,124.853650664477,0,89.3673883748406,0,113.144980278377,115.114253591495,195.314816908693,0,94.9380989123498,280.376028997576,171.230058197369,262.382215657622,171.906398392157,0,137.189596148386,0,0,74.4197823064597,110.384905066973,137.177378802006,0,112.349934713559,112.823430872325,314.611698427915,160.537522273714,128.530575464043,178.224497384947
0,0,0,300.031143529538,0,168.241326865882,80.4367166559625,0,169.453147353278,0,125.81518738273,283.88658203332,0,0,0,0,306.640284138334,92.3502314520023,0,106.128596538706,0,345.797434674459,224.523755099568,0,0,0,0,106.533627130087,213.67670887414,0,0,162.833808134102,0,99.3508940827211,112.349934713559,0,0,101.85207633558,0,92.5207898118833,72.2278283150671
228.075434767255,164.032723165762,0,0,199.492852797962,188.851177466023,140.574866691684,0,192.693757128262,204.481117647118,0,153.876396855887,227.504408813069,241.57250333243,169.742003380707,114.649126378906,159.183173818572,0,0,80.8080171296381,0,0,101.605593487621,115.332064605654,198.964527389285,62.859596780235,357.423078228283,220.901129804706,0,212.592150359921,178.748963182352,81.9664354533492,93.4234866874731,353.822894641502,112.823430872325,0,0,101.5853655613,217.157696745803,115.194491798135,151.075371308616
125.416941482916,138.33942793804,0,263.534399241887,94.8881692391942,0,0,241.682021696872,82.1742780037132,269.936825670274,94.7280504127031,0,0,0,0,0,0,0,0,85.6072705949986,261.440278806413,0,103.519938150021,0,303.527509149359,131.969743415579,89.1590885155172,198.528111506785,0,0,0,0,0,142.385058730083,314.611698427915,101.85207633558,101.5853655613,0,128.405764333981,0,0
0,250.461724766314,259.442917595754,0,0,238.934743274142,0,0,0,163.059043292369,0,97.5855511246009,0,81.2827395071039,173.538155409849,192.601533877686,0,0,0,214.116367924649,0,0,97.3232815600345,0,0,0,0,0,111.435629183184,0,0,0,0,145.74089716123,160.537522273714,0,217.157696745803,128.405764333981,0,0,0
154.070293657878,0,0,0,0,193.777661225572,333.645516435298,247.66948903751,58.3493451392805,0,90.7216186966914,101.443495235174,161.302948562323,66.5008477853491,223.705816669619,71.4788760670054,0,175.196329314064,0,0,125.994729980093,0,218.045528847001,228.792310020318,0,320.356811100276,73.4795582048751,93.5029580098427,252.487290983309,0,0,0,90.1317194604647,226.825099357786,128.530575464043,92.5207898118833,115.194491798135,0,0,0,100.812745974529
0,0,0,221.805809452716,0,0,0,219.078548227669,0,96.7845769653343,119.728129215699,120.912756812582,62.311273509377,195.378266313867,0,0,0,98.2230592632363,0,115.541295036174,206.472608421747,71.5579325720569,0,205.839960264176,0,151.036729364761,0,181.316358113209,200.878319874537,347.376449530863,0,0,0,76.5072790361762,178.224497384947,72.2278283150671,151.075371308616,0,0,100.812745974529,0
