0,0,0,0,0,0,0,0,0,163.059043292369,0,0,0,0,0,0,0,0,0,139.792601838991,0,0,0,120.912756812582,0,0,0,74.4197823064597,78.8552325762656,0,0,0,0,0,0,0,0,0,0,255.441154257905,0
0,0,0,0,0,0,0,0,0,154.070293657878,0,125.81518738273,0,0,0,0,0,0,0,0,0,0,0,146.814226519809,0,0,115.114253591495,0,0,0,0,0,82.4756938751058,183.786860782462,0,0,106.128596538706,0,0,0,0
0,0,0,0,0,0,0,0,0,0,0,0,0,0,0,0,140.574866691684,0,0,0,0,0,0,0,0,0,120.567029282014,0,74.5815074003433,0,0,0,0,0,241.57250333243,0,75.4497121078207,0,0,0,0
0,0,0,0,231.715271819474,0,0,0,0,112.823430872325,0,0,0,0,0,92.3502314520023,0,0,0,163.945208919892,0,0,0,96.5937438588657,0,250.461724766314,0,172.892533368851,0,0,0,0,0,0,226.825099357786,124.698445421759,58.3493451392805,113.059176128709,165.597665022977,148.808626413748,0
0,0,0,231.715271819474,0,0,0,0,0,0,0,261.605527103798,0,136.685314494491,0,0,0,0,0,0,175.196329314064,0,90.1317194604647,0,0,110.384905066973,0,80.4367166559625,259.442917595754,93.5029580098427,0,0,0,173.059382066957,173.001559092555,0,333.645516435298,173.538155409849,259.055025639447,0,0
0,0,0,0,0,0,0,125.416941482916,78.9559315574845,0,62.859596780235,0,0,160.537522273714,198.528111506785,0,0,0,0,0,0,188.936291522747,153.876396855887,0,0,314.611698427915,76.5072790361762,0,0,0,0,0,0,97.5855511246009,0,0,205.183249704085,249.905610015455,0,93.4234866874731,241.682021696872
0,0,0,0,0,0,0,145.74089716123,0,0,0,0,0,0,0,0,0,0,0,200.878319874537,249.798812580765,0,225.013371621378,0,0,0,74.7304794244225,206.472608421747,106.926813611922,0,0,96.7845769653343,0,0,0,82.6299537488922,89.9429017381717,196.04190773555,0,146.99041817625,162.833808134102
0,0,0,0,0,125.416941482916,145.74089716123,0,0,158.567996645797,104.915316975638,214.116367924649,0,103.519938150021,261.440278806413,0,0,0,0,0,0,128.846764897717,212.592150359921,0,0,90.7216186966914,94.027247878695,0,119.345624434514,0,0,0,0,0,133.984214699576,0,0,0,128.530575464043,154.784755881607,192.135034768848
0,0,0,0,0,78.9559315574845,0,0,0,71.4788760670054,0,0,0,178.748963182352,0,0,134.566479261133,0,0,0,153.672550905948,0,0,0,0,0,0,184.249961885477,0,201.44584889478,0,0,0,84.3635741045246,353.822894641502,167.066576495979,98.2230592632363,0,0,0,0
163.059043292369,154.070293657878,0,112.823430872325,0,0,0,158.567996645797,71.4788760670054,0,161.302948562323,0,0,0,0,150.161410108805,0,0,0,0,0,0,0,0,104.369974912428,208.005106191961,306.640284138334,158.955087279859,240.185081663983,168.241326865882,0,0,0,142.054529471577,213.67670887414,0,222.053792850439,227.504408813069,0,0,345.797434674459
0,0,0,0,0,62.859596780235,0,104.915316975638,0,161.302948562323,0,0,115.332064605654,0,0,100.812745974529,236.681907140956,323.781250289068,0,137.189596148386,119.728129215699,0,0,115.868441404982,0,134.960780198024,0,0,72.2278283150671,0,0,0,0,262.382215657622,348.674510760064,0,188.851177466023,0,0,0,101.443495235174
0,125.81518738273,0,0,261.605527103798,0,0,214.116367924649,0,0,0,0,0,135.667029391615,198.964527389285,178.683678585178,0,0,89.3673883748406,94.8881692391942,0,0,98.6790043377568,0,0,224.523755099568,306.344527664232,115.194491798135,325.937289045041,82.6426202489162,0,0,0,309.997227542691,66.5008477853491,218.045528847001,97.3506957544063,206.912707094411,94.7280504127031,0,109.093416850988
0,0,0,0,0,0,0,0,0,0,115.332064605654,0,0,0,0,0,0,0,0,0,0,0,0,0,0,0,0,0,0,0,0,0,0,335.371040201042,0,0,137.177378802006,321.864157986053,98.417953423071,0,81.2827395071039
0,0,0,0,136.685314494491,160.537522273714,0,103.519938150021,178.748963182352,0,0,135.667029391615,0,0,0,283.248188884028,0,0,0,0,0,115.541295036174,0,193.055010680236,0,0,0,220.963068032256,139.654362654449,0,276.620869034647,0,0,0,0,0,177.763106506206,0,0,320.356811100276,118.522099274347
0,0,0,0,0,198.528111506785,0,261.440278806413,0,0,0,198.964527389285,0,0,0,0,0,0,0,0,0,0,0,0,219.078548227669,0,180.543851962045,0,71.5579325720569,0,0,195.314816908693,0,161.275817184598,232.945974238958,0,0,180.90030328818,0,82.1742780037132,251.098274723989
0,0,0,92.3502314520023,0,0,0,0,0,150.161410108805,100.812745974529,178.683678585178,0,283.248188884028,0,0,0,220.901129804706,0,0,0,0,0,195.822649557859,0,0,0,135.294330067913,0,0,0,0,0,0,0,0,128.405764333981,0,0,114.511014214502,338.131802716296
0,0,140.574866691684,0,0,0,0,0,134.566479261133,0,236.681907140956,0,0,0,0,0,0,0,0,0,0,0,0,157.852515740516,0,0,0,247.66948903751,0,0,0,138.425725342224,0,252.487290983309,0,141.204637091722,0,0,0,173.201474590904,221.805809452716
0,0,0,0,0,0,0,0,0,0,323.781250289068,0,0,0,0,220.901129804706,0,0,300.031143529538,0,67.8267069095267,0,0,161.325017232684,0,0,0,0,0,0,0,0,0,0,113.144980278377,0,0,197.893790332676,81.9664354533492,201.100640800745,0
0,0,0,0,0,0,0,0,0,0,0,89.3673883748406,0,0,0,0,0,300.031143529538,0,155.901486485736,0,0,0,269.936825670274,0,94.9380989123498,228.075434767255,171.230058197369,0,0,202.712457066107,0,0,0,0,0,155.24952173131,171.906398392157,0,238.934743274142,133.218162784108
139.792601838991,0,0,163.945208919892,0,0,200.878319874537,0,0,0,137.189596148386,94.8881692391942,0,0,0,0,0,0,155.901486485736,0,0,0,151.075371308616,101.895308036513,0,0,62.311273509377,114.649126378906,151.695570509541,193.63278243493,0,0,0,164.032723165762,111.435629183184,0,228.792310020318,0,242.790381480436,85.7623170715703,0
0,0,0,0,175.196329314064,0,249.798812580765,0,153.672550905948,0,119.728129215699,0,0,0,0,0,0,67.8267069095267,0,0,0,0,329.719143597451,0,204.084074037941,125.994729980093,0,151.806152521152,0,0,0,0,0,116.176698124939,0,0,117.208001126138,193.777661225572,192.601533877686,0,0
0,0,0,0,0,188.936291522747,0,128.846764897717,0,0,0,0,0,115.541295036174,0,0,0,0,0,0,0,0,0,0,0,85.6072705949986,186.348837226466,92.5568465385234,0,0,0,0,0,0,303.527509149359,112.793316814908,0,0,0,0,0
0,0,0,0,90.1317194604647,153.876396855887,225.013371621378,212.592150359921,0,0,0,98.6790043377568,0,0,0,0,0,0,0,151.075371308616,329.719143597451,0,0,154.142998692322,169.453147353278,172.608400267715,136.792307586862,0,0,0,0,0,0,165.893015276821,0,289.631679007608,0,0,178.224497384947,146.770754374523,0
120.912756812582,146.814226519809,0,96.5937438588657,0,0,0,0,0,0,115.868441404982,0,0,193.055010680236,0,195.822649557859,157.852515740516,161.325017232684,269.936825670274,101.895308036513,0,0,154.142998692322,0,0,160.530221557972,0,197.486504603685,73.1029054543569,87.8456058929559,0,169.742003380707,0,0,0,154.065933476765,70.4221432298295,0,0,115.871357769661,0
0,0,0,0,0,0,0,0,0,104.369974912428,0,0,0,0,219.078548227669,0,0,0,0,0,204.084074037941,0,169.453147353278,0,0,0,0,0,0,193.659409924573,0,0,0,112.349934713559,124.853650664477,138.33942793804,159.183173818572,0,0,0,101.605593487621
0,0,0,250.461724766314,110.384905066973,314.611698427915,0,90.7216186966914,0,208.005106191961,134.960780198024,224.523755099568,0,0,0,0,0,0,94.9380989123498,0,125.994729980093,85.6072705949986,172.608400267715,160.530221557972,0,0,0,94.126460729827,0,153.609372090384,0,0,199.492852797962,284.529238481835,0,205.09013266389,211.840482897052,0,0,101.5853655613,195.378266313867
0,115.114253591495,120.567029282014,0,0,76.5072790361762,74.7304794244225,94.027247878695,0,306.640284138334,0,306.344527664232,0,0,180.543851962045,0,0,0,228.075434767255,62.311273509377,0,186.348837226466,136.792307586862,0,0,0,0,0,108.381749703452,0,151.01089327964,0,0,253.401634605989,321.124897279917,219.430938885781,209.996727521564,0,0,89.707245288964,95.7590805983148
74.4197823064597,0,0,172.892533368851,80.4367166559625,0,206.472608421747,0,184.249961885477,158.955087279859,0,115.194491798135,0,220.963068032256,0,135.294330067913,247.66948903751,0,171.230058197369,114.649126378906,151.806152521152,92.5568465385234,0,197.486504603685,0,94.126460729827,0,0,151.036729364761,0,283.88658203332,89.1590885155172,219.040656038919,106.33736463831,137.239127032733,194.442125915551,97.3232815600345,0,161.74915061469,143.005810983322,139.93285932648
78.8552325762656,0,74.5815074003433,0,259.442917595754,0,106.926813611922,119.345624434514,0,240.185081663983,72.2278283150671,325.937289045041,0,139.654362654449,71.5579325720569,0,0,0,0,151.695570509541,0,0,0,73.1029054543569,0,0,108.381749703452,151.036729364761,0,0,0,0,187.77054666536,161.694997919804,180.355266595273,108.136066660554,146.465927798921,174.013630695256,0,215.611029055736,0
0,0,0,0,93.5029580098427,0,0,0,201.44584889478,168.241326865882,0,82.6426202489162,0,0,0,0,0,0,0,193.63278243493,0,0,0,87.8456058929559,193.659409924573,153.609372090384,0,0,0,0,0,0,0,0,0,111.226326353722,61.0664810463559,192.693757128262,0,0,0
0,0,0,0,0,0,0,0,0,0,0,0,0,276.620869034647,0,0,0,0,202.712457066107,0,0,0,0,0,0,0,151.01089327964,283.88658203332,0,0,0,0,0,99.2646516363145,347.376449530863,0,0,0,0,0,0
0,0,0,0,0,0,96.7845769653343,0,0,0,0,0,0,0,195.314816908693,0,138.425725342224,0,0,0,0,0,0,169.742003380707,0,0,0,89.1590885155172,0,0,0,0,0,92.5207898118833,217.157696745803,80.8080171296381,181.316358113209,263.534399241887,0,204.481117647118,0
0,82.4756938751058,0,0,0,0,0,0,0,0,0,0,0,0,0,0,0,0,0,0,0,0,0,0,0,199.492852797962,0,219.040656038919,187.77054666536,0,0,0,0,0,0,0,0,0,153.453047983244,0,0
0,183.786860782462,0,0,173.059382066957,97.5855511246009,0,0,84.3635741045246,142.054529471577,262.382215657622,309.997227542691,335.371040201042,0,161.275817184598,0,252.487290983309,0,0,164.032723165762,116.176698124939,0,165.893015276821,0,112.349934713559,284.529238481835,253.401634605989,106.33736463831,161.694997919804,0,99.2646516363145,92.5207898118833,0,0,191.519780382943,186.973586461633,106.533627130087,231.050882209,131.969743415579,116.054372245433,0
0,0,241.57250333243,226.825099357786,173.001559092555,0,0,133.984214699576,353.822894641502,213.67670887414,348.674510760064,66.5008477853491,0,0,232.945974238958,0,0,113.144980278377,0,111.435629183184,0,303.527509149359,0,0,124.853650664477,0,321.124897279917,137.239127032733,180.355266595273,0,347.376449530863,217.157696745803,0,191.519780382943,0,122.106946855269,99.3508940827211,241.635434294794,357.423078228283,280.376028997576,101.85207633558
0,0,0,124.698445421759,0,0,82.6299537488922,0,167.066576495979,0,0,218.045528847001,0,0,0,0,141.204637091722,0,0,0,0,112.793316814908,289.631679007608,154.065933476765,138.33942793804,205.09013266389,219.430938885781,194.442125915551,108.136066660554,111.226326353722,0,80.8080171296381,0,186.973586461633,122.106946855269,0,224.551207449728,94.7529894315991,0,0,0
0,106.128596538706,75.4497121078207,58.3493451392805,333.645516435298,205.183249704085,89.9429017381717,0,98.2230592632363,222.053792850439,188.851177466023,97.3506957544063,137.177378802006,177.763106506206,0,128.405764333981,0,0,155.24952173131,228.792310020318,117.208001126138,0,0,70.4221432298295,159.183173818572,211.840482897052,209.996727521564,97.3232815600345,146.465927798921,61.0664810463559,0,181.316358113209,0,106.533627130087,99.3508940827211,224.551207449728,0,179.718364159796,0,223.705816669619,196.032358954952
0,0,0,113.059176128709,173.538155409849,249.905610015455,196.04190773555,0,0,227.504408813069,0,206.912707094411,321.864157986053,0,180.90030328818,0,0,197.893790332676,171.906398392157,0,193.777661225572,0,0,0,0,0,0,0,174.013630695256,192.693757128262,0,263.534399241887,0,231.050882209,241.635434294794,94.7529894315991,179.718364159796,0,0,190.185165668632,73.4795582048751
0,0,0,165.597665022977,259.055025639447,0,0,128.530575464043,0,0,0,94.7280504127031,98.417953423071,0,0,0,0,81.9664354533492,0,242.790381480436,192.601533877686,0,178.224497384947,0,0,0,0,161.74915061469,0,0,0,0,153.453047983244,131.969743415579,357.423078228283,0,0,0,0,205.839960264176,142.385058730083
255.441154257905,0,0,148.808626413748,0,93.4234866874731,146.99041817625,154.784755881607,0,0,0,0,0,320.356811100276,82.1742780037132,114.511014214502,173.201474590904,201.100640800745,238.934743274142,85.7623170715703,0,0,146.770754374523,115.871357769661,0,101.5853655613,89.707245288964,143.005810983322,215.611029055736,0,0,204.481117647118,0,116.054372245433,280.376028997576,0,223.705816669619,190.185165668632,205.839960264176,0,101.350815329073
0,0,0,0,0,241.682021696872,162.833808134102,192.135034768848,0,345.797434674459,101.443495235174,109.093416850988,81.2827395071039,118.522099274347,251.098274723989,338.131802716296,221.805809452716,0,133.218162784108,0,0,0,0,0,101.605593487621,195.378266313867,95.7590805983148,139.93285932648,0,0,0,0,0,0,101.85207633558,0,196.032358954952,73.4795582048751,142.385058730083,101.350815329073,0
