0,0,0,0,0,0,0,0,0,115.541295036174,183.786860782462,0,0,0,0,0,0,0,0,0,0,0,0,0,0,0,0,0,205.09013266389,0,0,0,0,125.994729980093,74.4197823064597,0,0,0,228.792310020318,0,0
0,0,0,0,0,0,0,0,0,80.4367166559625,104.369974912428,0,0,0,0,0,0,0,0,0,0,0,0,101.85207633558,0,0,0,0,0,0,0,0,0,172.608400267715,196.032358954952,0,0,0,0,204.481117647118,195.822649557859
0,0,0,0,323.781250289068,0,0,0,0,0,0,0,0,0,0,0,0,0,0,0,0,0,0,0,0,0,0,0,0,0,120.567029282014,0,0,0,139.654362654449,82.6426202489162,137.177378802006,0,0,0,0
0,0,0,0,0,198.528111506785,0,0,276.620869034647,0,0,227.504408813069,0,93.4234866874731,0,173.201474590904,0,76.5072790361762,0,0,163.945208919892,0,0,161.325017232684,0,157.852515740516,0,188.851177466023,0,0,0,202.712457066107,0,0,0,0,198.964527389285,215.611029055736,0,0,0
0,0,323.781250289068,0,0,0,0,0,0,85.7623170715703,193.63278243493,134.960780198024,0,0,0,0,0,0,0,0,119.728129215699,0,0,0,0,58.3493451392805,0,112.793316814908,0,0,0,0,0,208.005106191961,74.7304794244225,0,98.417953423071,99.3508940827211,309.997227542691,92.3502314520023,151.806152521152
0,0,0,198.528111506785,0,0,0,154.142998692322,0,0,0,218.045528847001,0,0,187.77054666536,0,0,89.3673883748406,153.672550905948,188.936291522747,0,0,0,333.645516435298,0,0,0,0,0,0,0,0,0,306.344527664232,158.955087279859,92.5568465385234,158.567996645797,0,161.694997919804,117.208001126138,0
0,0,0,0,0,0,0,0,0,0,0,92.5207898118833,0,201.100640800745,153.609372090384,249.905610015455,0,0,0,0,253.401634605989,0,93.5029580098427,0,0,141.204637091722,262.382215657622,70.4221432298295,0,0,0,82.1742780037132,0,0,0,0,171.230058197369,0,0,71.5579325720569,338.131802716296
0,0,0,0,0,154.142998692322,0,0,0,241.682021696872,197.486504603685,0,0,89.9429017381717,0,220.963068032256,0,0,0,118.522099274347,0,0,0,247.66948903751,0,223.705816669619,101.605593487621,145.74089716123,0,0,0,0,0,180.543851962045,151.075371308616,174.013630695256,94.9380989123498,128.530575464043,0,135.294330067913,0
0,0,0,276.620869034647,0,0,0,0,0,0,160.530221557972,225.013371621378,0,0,0,0,165.893015276821,0,0,190.185165668632,0,0,136.685314494491,0,0,206.472608421747,0,98.6790043377568,0,0,0,0,0,240.185081663983,0,0,0,0,0,116.054372245433,226.825099357786
115.541295036174,80.4367166559625,0,0,85.7623170715703,0,0,241.682021696872,0,0,0,0,0,0,81.9664354533492,101.350815329073,0,0,283.88658203332,143.005810983322,108.381749703452,0,0,0,0,201.44584889478,222.053792850439,154.784755881607,221.805809452716,0,0,0,0,289.631679007608,0,82.4756938751058,162.833808134102,94.027247878695,0,169.742003380707,0
183.786860782462,104.369974912428,0,0,193.63278243493,0,0,197.486504603685,160.530221557972,0,0,0,314.611698427915,0,0,0,0,0,78.8552325762656,0,0,0,0,94.7529894315991,138.425725342224,81.2827395071039,62.859596780235,0,0,0,0,192.693757128262,94.126460729827,0,146.99041817625,0,0,241.635434294794,0,96.5937438588657,0
0,0,0,227.504408813069,134.960780198024,218.045528847001,92.5207898118833,0,225.013371621378,0,0,0,0,219.078548227669,164.032723165762,138.33942793804,325.937289045041,0,0,357.423078228283,0,0,220.901129804706,168.241326865882,0,0,242.790381480436,116.176698124939,0,192.135034768848,0,0,0,0,251.098274723989,73.1029054543569,115.868441404982,252.487290983309,171.906398392157,0,196.04190773555
0,0,0,0,0,0,0,0,0,0,314.611698427915,0,0,0,0,0,177.763106506206,0,0,0,0,153.876396855887,0,303.527509149359,0,0,0,0,0,0,0,0,0,153.453047983244,0,0,0,0,0,106.33736463831,0
0,0,0,93.4234866874731,0,0,201.100640800745,89.9429017381717,0,0,0,219.078548227669,0,0,0,0,0,0,0,112.349934713559,241.57250333243,0,146.814226519809,0,0,0,232.945974238958,115.871357769661,186.973586461633,146.465927798921,0,284.529238481835,0,0,0,219.430938885781,0,0,0,259.442917595754,0
0,0,0,0,0,187.77054666536,153.609372090384,0,0,81.9664354533492,0,164.032723165762,0,0,0,0,0,0,0,0,0,0,0,0,0,155.901486485736,151.695570509541,0,178.748963182352,0,0,0,255.441154257905,0,161.302948562323,125.81518738273,111.226326353722,0,0,133.218162784108,0
0,0,0,173.201474590904,0,0,249.905610015455,220.963068032256,0,101.350815329073,0,138.33942793804,0,0,0,0,0,0,0,0,0,0,0,0,0,0,0,173.001559092555,74.5815074003433,0,0,0,0,0,61.0664810463559,0,114.649126378906,0,0,115.332064605654,119.345624434514
0,0,0,0,0,0,0,0,165.893015276821,0,0,325.937289045041,177.763106506206,0,0,0,0,0,0,0,0,0,0,0,0,0,0,110.384905066973,0,181.316358113209,0,0,0,78.9559315574845,0,0,214.116367924649,94.8881692391942,0,236.681907140956,98.2230592632363
0,0,0,76.5072790361762,0,89.3673883748406,0,0,0,0,0,0,0,0,0,0,0,0,0,0,0,0,193.659409924573,0,0,124.853650664477,0,180.90030328818,167.066576495979,0,0,0,0,178.683678585178,122.106946855269,0,261.605527103798,0,0,0,0
0,0,0,0,0,153.672550905948,0,0,0,283.88658203332,78.8552325762656,0,0,0,0,0,0,0,0,85.6072705949986,0,211.840482897052,0,0,0,72.2278283150671,0,120.912756812582,0,0,0,0,0,0,96.7845769653343,263.534399241887,199.492852797962,0,213.67670887414,217.157696745803,0
0,0,0,0,0,188.936291522747,0,118.522099274347,190.185165668632,143.005810983322,0,357.423078228283,0,112.349934713559,0,0,0,0,85.6072705949986,0,0,0,173.538155409849,0,0,155.24952173131,193.055010680236,89.1590885155172,104.915316975638,0,0,161.275817184598,0,0,0,0,212.592150359921,0,206.912707094411,191.519780382943,90.7216186966914
0,0,0,163.945208919892,119.728129215699,0,253.401634605989,0,0,108.381749703452,0,0,0,241.57250333243,0,0,0,0,0,0,0,0,66.5008477853491,0,0,193.777661225572,0,136.792307586862,0,0,0,67.8267069095267,0,0,0,125.416941482916,0,348.674510760064,0,320.356811100276,269.936825670274
0,0,0,0,0,0,0,0,0,0,0,0,153.876396855887,0,0,0,0,0,211.840482897052,0,0,0,0,0,0,0,73.4795582048751,0,62.311273509377,0,0,0,0,106.533627130087,353.822894641502,0,205.183249704085,0,0,0,178.224497384947
0,0,0,0,0,0,93.5029580098427,0,136.685314494491,0,0,220.901129804706,0,146.814226519809,0,0,0,193.659409924573,0,173.538155409849,66.5008477853491,0,0,111.435629183184,0,0,128.846764897717,175.196329314064,0,0,0,0,0,97.3506957544063,142.385058730083,131.969743415579,124.698445421759,195.314816908693,0,0,0
0,101.85207633558,0,161.325017232684,0,333.645516435298,0,247.66948903751,0,0,94.7529894315991,168.241326865882,303.527509149359,0,0,0,0,0,0,0,0,0,111.435629183184,0,0,97.3232815600345,150.161410108805,71.4788760670054,0,205.839960264176,0,0,151.036729364761,115.194491798135,0,0,184.249961885477,146.770754374523,250.461724766314,347.376449530863,94.7280504127031
0,0,0,0,0,0,0,0,0,0,138.425725342224,0,0,0,0,0,0,0,0,0,0,0,0,0,0,0,106.128596538706,133.984214699576,109.093416850988,108.136066660554,0,0,0,101.443495235174,0,0,100.812745974529,0,321.864157986053,231.050882209,95.7590805983148
0,0,0,157.852515740516,58.3493451392805,0,141.204637091722,223.705816669619,206.472608421747,201.44584889478,81.2827395071039,0,0,0,155.901486485736,0,0,124.853650664477,72.2278283150671,155.24952173131,193.777661225572,0,0,97.3232815600345,0,0,0,0,0,0,283.248188884028,0,0,103.519938150021,113.059176128709,0,154.065933476765,82.6299537488922,228.075434767255,329.719143597451,0
0,0,0,0,0,0,262.382215657622,101.605593487621,0,222.053792850439,62.859596780235,242.790381480436,0,232.945974238958,151.695570509541,0,0,0,0,193.055010680236,0,73.4795582048751,128.846764897717,150.161410108805,106.128596538706,0,0,0,172.892533368851,154.070293657878,97.5855511246009,306.640284138334,0,321.124897279917,224.551207449728,249.798812580765,0,0,0,0,142.054529471577
0,0,0,188.851177466023,112.793316814908,0,70.4221432298295,145.74089716123,98.6790043377568,154.784755881607,0,116.176698124939,0,115.871357769661,0,173.001559092555,110.384905066973,180.90030328818,120.912756812582,89.1590885155172,136.792307586862,0,175.196329314064,71.4788760670054,133.984214699576,0,0,0,84.3635741045246,101.895308036513,137.239127032733,0,0,87.8456058929559,106.926813611922,192.601533877686,197.893790332676,238.934743274142,139.792601838991,165.597665022977,0
205.09013266389,0,0,0,0,0,0,0,0,221.805809452716,0,0,0,186.973586461633,178.748963182352,74.5815074003433,0,167.066576495979,0,104.915316975638,0,62.311273509377,0,0,109.093416850988,0,172.892533368851,84.3635741045246,0,0,209.996727521564,173.059382066957,137.189596148386,151.01089327964,186.348837226466,0,180.355266595273,80.8080171296381,224.523755099568,99.2646516363145,135.667029391615
0,0,0,0,0,0,0,0,0,0,0,192.135034768848,0,146.465927798921,0,0,181.316358113209,0,0,0,0,0,0,205.839960264176,108.136066660554,0,154.070293657878,101.895308036513,0,0,0,0,0,161.74915061469,0,0,148.808626413748,163.059043292369,0,0,300.031143529538
0,0,120.567029282014,0,0,0,0,0,0,0,0,0,0,0,0,0,0,0,0,0,0,0,0,0,0,283.248188884028,97.5855511246009,137.239127032733,209.996727521564,0,0,0,0,0,0,194.442125915551,0,0,0,0,0
0,0,0,202.712457066107,0,0,82.1742780037132,0,0,0,192.693757128262,0,0,284.529238481835,0,0,0,0,0,161.275817184598,67.8267069095267,0,0,0,0,0,306.640284138334,0,173.059382066957,0,0,0,0,0,0,0,139.93285932648,179.718364159796,0,280.376028997576,0
0,0,0,0,0,0,0,0,0,0,94.126460729827,0,0,0,255.441154257905,0,0,0,0,0,0,0,0,151.036729364761,0,0,0,0,137.189596148386,0,0,0,0,345.797434674459,0,0,0,0,0,0,0
125.994729980093,172.608400267715,0,0,208.005106191961,306.344527664232,0,180.543851962045,240.185081663983,289.631679007608,0,0,153.453047983244,0,0,0,78.9559315574845,178.683678585178,0,0,0,106.533627130087,97.3506957544063,115.194491798135,101.443495235174,103.519938150021,321.124897279917,87.8456058929559,151.01089327964,161.74915061469,0,0,345.797434674459,0,335.371040201042,128.405764333981,200.878319874537,101.5853655613,231.715271819474,0,113.144980278377
74.4197823064597,196.032358954952,139.654362654449,0,74.7304794244225,158.955087279859,0,151.075371308616,0,0,146.99041817625,251.098274723989,0,0,161.302948562323,61.0664810463559,0,122.106946855269,96.7845769653343,0,0,353.822894641502,142.385058730083,0,0,113.059176128709,224.551207449728,106.926813611922,186.348837226466,0,0,0,0,335.371040201042,0,261.440278806413,134.566479261133,90.1317194604647,89.707245288964,169.453147353278,114.511014214502
0,0,82.6426202489162,0,0,92.5568465385234,0,174.013630695256,0,82.4756938751058,0,73.1029054543569,0,219.430938885781,125.81518738273,0,0,0,263.534399241887,0,125.416941482916,0,131.969743415579,0,0,0,249.798812580765,192.601533877686,0,0,194.442125915551,0,0,128.405764333981,261.440278806413,0,160.537522273714,259.055025639447,115.114253591495,0,75.4497121078207
0,0,137.177378802006,198.964527389285,98.417953423071,158.567996645797,171.230058197369,94.9380989123498,0,162.833808134102,0,115.868441404982,0,0,111.226326353722,114.649126378906,214.116367924649,261.605527103798,199.492852797962,212.592150359921,0,205.183249704085,124.698445421759,184.249961885477,100.812745974529,154.065933476765,0,197.893790332676,180.355266595273,148.808626413748,0,139.93285932648,0,200.878319874537,134.566479261133,160.537522273714,0,204.084074037941,112.823430872325,140.574866691684,219.040656038919
0,0,0,215.611029055736,99.3508940827211,0,0,128.530575464043,0,94.027247878695,241.635434294794,252.487290983309,0,0,0,0,94.8881692391942,0,0,0,348.674510760064,0,195.314816908693,146.770754374523,0,82.6299537488922,0,238.934743274142,80.8080171296381,163.059043292369,0,179.718364159796,0,101.5853655613,90.1317194604647,259.055025639447,204.084074037941,0,0,0,195.378266313867
228.792310020318,0,0,0,309.997227542691,161.694997919804,0,0,0,0,0,171.906398392157,0,0,0,0,0,0,213.67670887414,206.912707094411,0,0,0,250.461724766314,321.864157986053,228.075434767255,0,139.792601838991,224.523755099568,0,0,0,0,231.715271819474,89.707245288964,115.114253591495,112.823430872325,0,0,0,0
0,204.481117647118,0,0,92.3502314520023,117.208001126138,71.5579325720569,135.294330067913,116.054372245433,169.742003380707,96.5937438588657,0,106.33736463831,259.442917595754,133.218162784108,115.332064605654,236.681907140956,0,217.157696745803,191.519780382943,320.356811100276,0,0,347.376449530863,231.050882209,329.719143597451,0,165.597665022977,99.2646516363145,0,0,280.376028997576,0,0,169.453147353278,0,140.574866691684,0,0,0,159.183173818572
0,195.822649557859,0,0,151.806152521152,0,338.131802716296,0,226.825099357786,0,0,196.04190773555,0,0,0,119.345624434514,98.2230592632363,0,0,90.7216186966914,269.936825670274,178.224497384947,0,94.7280504127031,95.7590805983148,0,142.054529471577,0,135.667029391615,300.031143529538,0,0,0,113.144980278377,114.511014214502,75.4497121078207,219.040656038919,195.378266313867,0,159.183173818572,0
