0,0,0,0,0,0,0,0,0,0,0,0,0,0,0,0,0,0,0,0,0,0,0,0,0,125.416941482916,0,138.33942793804,0,0,0,0,0,0,171.230058197369,112.823430872325,0,0,0,158.955087279859,165.597665022977
0,0,0,0,0,0,124.698445421759,321.864157986053,0,0,0,196.032358954952,0,0,0,0,0,0,0,0,0,0,0,0,0,0,0,0,205.183249704085,0,0,0,0,115.114253591495,198.528111506785,0,0,0,0,115.871357769661,0
0,0,0,0,206.472608421747,0,0,0,0,0,0,0,0,0,0,0,0,0,108.136066660554,0,0,0,0,198.964527389285,0,0,0,276.620869034647,128.405764333981,0,0,0,0,0,0,0,0,0,0,0,0
0,0,0,0,0,227.504408813069,0,0,131.969743415579,0,224.523755099568,0,284.529238481835,0,0,0,0,0,0,80.4367166559625,0,0,115.541295036174,0,0,151.695570509541,137.189596148386,178.224497384947,0,192.601533877686,0,0,0,0,0,155.901486485736,329.719143597451,0,0,221.805809452716,0
0,0,206.472608421747,0,0,0,163.945208919892,0,0,0,0,259.055025639447,0,228.792310020318,0,0,220.963068032256,0,0,0,191.519780382943,0,153.453047983244,62.311273509377,0,85.7623170715703,0,99.2646516363145,0,0,0,0,0,145.74089716123,100.812745974529,119.728129215699,228.075434767255,0,0,0,0
0,0,0,227.504408813069,0,0,0,0,113.059176128709,146.814226519809,0,0,0,0,151.075371308616,158.567996645797,0,133.984214699576,0,78.8552325762656,118.522099274347,0,224.551207449728,348.674510760064,119.345624434514,0,161.694997919804,0,0,0,0,0,0,188.936291522747,0,0,0,0,0,0,103.519938150021
0,124.698445421759,0,0,163.945208919892,0,0,0,0,0,0,0,104.369974912428,0,0,0,137.239127032733,0,0,109.093416850988,0,0,134.566479261133,0,0,0,214.116367924649,93.5029580098427,133.218162784108,0,0,75.4497121078207,0,78.9559315574845,101.350815329073,0,101.443495235174,0,0,0,0
0,321.864157986053,0,0,0,0,0,0,151.036729364761,0,0,0,0,0,82.1742780037132,0,0,0,0,223.705816669619,325.937289045041,0,0,0,111.435629183184,0,0,125.81518738273,261.440278806413,0,0,205.839960264176,0,209.996727521564,174.013630695256,205.09013266389,101.5853655613,115.868441404982,0,151.806152521152,201.100640800745
0,0,0,131.969743415579,0,113.059176128709,0,151.036729364761,0,0,114.511014214502,112.793316814908,0,116.054372245433,0,0,0,0,0,0,94.9380989123498,0,0,0,0,0,0,219.430938885781,0,0,0,259.442917595754,0,161.302948562323,0,0,97.3232815600345,0,0,0,0
0,0,0,0,0,146.814226519809,0,0,0,0,161.325017232684,190.185165668632,0,0,0,0,0,0,0,0,0,0,238.934743274142,89.3673883748406,0,84.3635741045246,231.050882209,82.6426202489162,93.4234866874731,0,162.833808134102,0,0,172.608400267715,72.2278283150671,232.945974238958,263.534399241887,179.718364159796,345.797434674459,173.201474590904,173.538155409849
0,0,0,224.523755099568,0,0,0,0,114.511014214502,161.325017232684,0,269.936825670274,0,0,0,71.5579325720569,96.5937438588657,0,0,0,0,187.77054666536,195.314816908693,0,0,253.401634605989,0,172.892533368851,250.461724766314,0,0,74.5815074003433,0,0,249.798812580765,0,169.453147353278,0,0,73.1029054543569,225.013371621378
0,196.032358954952,0,0,259.055025639447,0,0,0,112.793316814908,190.185165668632,269.936825670274,0,0,0,99.3508940827211,0,0,0,154.065933476765,218.045528847001,139.654362654449,0,106.33736463831,0,283.248188884028,98.6790043377568,213.67670887414,0,0,255.441154257905,262.382215657622,0,0,196.04190773555,335.371040201042,0,303.527509149359,139.792601838991,161.275817184598,0,175.196329314064
0,0,0,284.529238481835,0,0,104.369974912428,0,0,0,0,0,0,0,0,0,0,0,0,0,0,0,0,0,142.054529471577,0,0,0,0,0,0,0,0,0,206.912707094411,0,0,81.9664354533492,0,0,247.66948903751
0,0,0,0,228.792310020318,0,0,0,116.054372245433,0,0,0,0,0,94.027247878695,0,0,0,0,0,0,0,0,0,92.5568465385234,208.005106191961,0,110.384905066973,90.1317194604647,0,241.682021696872,178.748963182352,0,283.88658203332,0,0,122.106946855269,115.332064605654,249.905610015455,125.994729980093,0
0,0,0,0,0,151.075371308616,0,82.1742780037132,0,0,0,99.3508940827211,0,94.027247878695,0,101.605593487621,0,0,0,135.667029391615,0,0,0,0,0,0,87.8456058929559,241.57250333243,0,0,0,0,0,204.084074037941,0,0,323.781250289068,0,159.183173818572,101.85207633558,0
0,0,0,0,0,158.567996645797,0,0,0,0,71.5579325720569,0,0,0,101.605593487621,0,0,115.194491798135,0,0,0,0,0,0,0,0,0,0,0,0,0,0,0,94.7280504127031,94.7529894315991,120.567029282014,112.349934713559,261.605527103798,0,150.161410108805,89.1590885155172
0,0,0,0,220.963068032256,0,137.239127032733,0,0,0,96.5937438588657,0,0,0,0,0,0,0,0,0,0,0,0,0,0,0,106.533627130087,154.784755881607,0,0,0,0,0,154.142998692322,280.376028997576,108.381749703452,0,212.592150359921,0,0,236.681907140956
0,0,0,0,0,133.984214699576,0,0,0,0,0,0,0,0,0,115.194491798135,0,0,0,0,0,0,0,0,0,0,153.672550905948,0,80.8080171296381,0,0,0,0,0,157.852515740516,97.3506957544063,97.5855511246009,0,116.176698124939,74.7304794244225,0
0,0,108.136066660554,0,0,0,0,0,0,0,0,154.065933476765,0,0,0,0,0,0,0,71.4788760670054,0,0,0,338.131802716296,0,0,183.786860782462,306.344527664232,169.742003380707,0,201.44584889478,0,0,0,0,0,155.24952173131,333.645516435298,0,124.853650664477,89.707245288964
0,0,0,80.4367166559625,0,78.8552325762656,109.093416850988,223.705816669619,0,0,0,218.045528847001,0,0,135.667029391615,0,0,0,71.4788760670054,0,0,146.99041817625,309.997227542691,0,0,252.487290983309,0,0,193.777661225572,82.4756938751058,0,0,140.574866691684,0,81.2827395071039,320.356811100276,193.63278243493,0,231.715271819474,0,0
0,0,0,0,191.519780382943,118.522099274347,0,325.937289045041,94.9380989123498,0,0,139.654362654449,0,0,0,0,0,0,0,0,0,0,0,178.683678585178,0,0,347.376449530863,0,353.822894641502,0,0,67.8267069095267,0,168.241326865882,0,0,94.126460729827,0,177.763106506206,0,180.355266595273
0,0,0,0,0,0,0,0,0,0,187.77054666536,0,0,0,0,0,0,0,0,146.99041817625,0,0,0,136.685314494491,0,0,0,154.070293657878,197.893790332676,0,0,0,0,192.693757128262,0,0,0,300.031143529538,0,0,61.0664810463559
0,0,0,115.541295036174,153.453047983244,224.551207449728,134.566479261133,0,0,238.934743274142,195.314816908693,106.33736463831,0,0,0,0,0,0,0,309.997227542691,0,0,0,0,0,181.316358113209,0,160.530221557972,0,0,0,0,0,141.204637091722,165.893015276821,0,74.4197823064597,58.3493451392805,0,217.157696745803,0
0,0,198.964527389285,0,62.311273509377,348.674510760064,0,0,0,89.3673883748406,0,0,0,0,0,0,0,0,338.131802716296,0,178.683678585178,136.685314494491,0,0,0,139.93285932648,111.226326353722,321.124897279917,0,137.177378802006,0,193.055010680236,96.7845769653343,90.7216186966914,0,164.032723165762,188.851177466023,0,160.537522273714,106.128596538706,153.609372090384
0,0,0,0,0,119.345624434514,0,111.435629183184,0,0,0,283.248188884028,142.054529471577,92.5568465385234,0,0,0,0,0,0,0,0,0,0,0,204.481117647118,0,0,113.144980278377,0,0,0,0,0,146.465927798921,0,94.8881692391942,306.640284138334,0,0,0
125.416941482916,0,0,151.695570509541,85.7623170715703,0,0,0,0,84.3635741045246,253.401634605989,98.6790043377568,0,208.005106191961,0,0,0,0,0,252.487290983309,0,0,181.316358113209,139.93285932648,204.481117647118,0,0,0,89.9429017381717,66.5008477853491,0,0,0,134.960780198024,173.059382066957,98.2230592632363,0,202.712457066107,128.530575464043,180.543851962045,219.078548227669
0,0,0,137.189596148386,0,161.694997919804,214.116367924649,0,0,231.050882209,0,213.67670887414,0,0,87.8456058929559,0,106.533627130087,153.672550905948,183.786860782462,0,347.376449530863,0,0,111.226326353722,0,0,0,136.792307586862,192.135034768848,0,82.6299537488922,167.066576495979,0,0,146.770754374523,0,70.4221432298295,143.005810983322,0,114.649126378906,219.040656038919
138.33942793804,0,276.620869034647,178.224497384947,99.2646516363145,0,93.5029580098427,125.81518738273,219.430938885781,82.6426202489162,172.892533368851,0,0,110.384905066973,241.57250333243,0,154.784755881607,0,306.344527664232,0,0,154.070293657878,160.530221557972,321.124897279917,0,0,136.792307586862,0,92.5207898118833,153.876396855887,0,215.611029055736,194.442125915551,62.859596780235,0,117.208001126138,171.906398392157,128.846764897717,0,222.053792850439,148.808626413748
0,205.183249704085,128.405764333981,0,0,0,133.218162784108,261.440278806413,0,93.4234866874731,250.461724766314,0,0,90.1317194604647,0,0,0,80.8080171296381,169.742003380707,193.777661225572,353.822894641502,197.893790332676,0,0,113.144980278377,89.9429017381717,192.135034768848,92.5207898118833,0,0,186.973586461633,0,0,0,193.659409924573,0,200.878319874537,180.90030328818,0,211.840482897052,0
0,0,0,192.601533877686,0,0,0,0,0,0,0,255.441154257905,0,0,0,0,0,0,0,82.4756938751058,0,0,0,137.177378802006,0,66.5008477853491,0,153.876396855887,0,0,0,0,0,251.098274723989,241.635434294794,0,226.825099357786,357.423078228283,0,289.631679007608,0
0,0,0,0,0,0,0,0,0,162.833808134102,0,262.382215657622,0,241.682021696872,0,0,0,0,201.44584889478,0,0,0,0,0,0,0,82.6299537488922,0,186.973586461633,0,0,0,0,0,0,0,0,0,0,0,0
0,0,0,0,0,0,75.4497121078207,205.839960264176,259.442917595754,0,74.5815074003433,0,0,178.748963182352,0,0,0,0,0,0,67.8267069095267,0,0,193.055010680236,0,0,167.066576495979,215.611029055736,0,0,0,0,0,163.059043292369,0,0,195.822649557859,0,0,0,0
0,0,0,0,0,0,0,0,0,0,0,0,0,0,0,0,0,0,0,140.574866691684,0,0,0,96.7845769653343,0,0,0,194.442125915551,0,0,0,0,0,0,73.4795582048751,142.385058730083,0,0,0,0,0
0,115.114253591495,0,0,145.74089716123,188.936291522747,78.9559315574845,209.996727521564,161.302948562323,172.608400267715,0,196.04190773555,0,283.88658203332,204.084074037941,94.7280504127031,154.142998692322,0,0,0,168.241326865882,192.693757128262,141.204637091722,90.7216186966914,0,134.960780198024,0,62.859596780235,0,251.098274723989,0,163.059043292369,0,0,186.348837226466,314.611698427915,220.901129804706,0,197.486504603685,161.74915061469,184.249961885477
171.230058197369,198.528111506785,0,0,100.812745974529,0,101.350815329073,174.013630695256,0,72.2278283150671,249.798812580765,335.371040201042,206.912707094411,0,0,94.7529894315991,280.376028997576,157.852515740516,0,81.2827395071039,0,0,165.893015276821,0,146.465927798921,173.059382066957,146.770754374523,0,193.659409924573,241.635434294794,0,0,73.4795582048751,186.348837226466,0,104.915316975638,138.425725342224,0,151.01089327964,85.6072705949986,0
112.823430872325,0,0,155.901486485736,119.728129215699,0,0,205.09013266389,0,232.945974238958,0,0,0,0,0,120.567029282014,108.381749703452,97.3506957544063,0,320.356811100276,0,0,0,164.032723165762,0,98.2230592632363,0,117.208001126138,0,0,0,0,142.385058730083,314.611698427915,104.915316975638,0,106.926813611922,92.3502314520023,195.378266313867,98.417953423071,0
0,0,0,329.719143597451,228.075434767255,0,101.443495235174,101.5853655613,97.3232815600345,263.534399241887,169.453147353278,303.527509149359,0,122.106946855269,323.781250289068,112.349934713559,0,97.5855511246009,155.24952173131,193.63278243493,94.126460729827,0,74.4197823064597,188.851177466023,94.8881692391942,0,70.4221432298295,171.906398392157,200.878319874537,226.825099357786,0,195.822649557859,0,220.901129804706,138.425725342224,106.926813611922,0,199.492852797962,135.294330067913,76.5072790361762,101.895308036513
0,0,0,0,0,0,0,115.868441404982,0,179.718364159796,0,139.792601838991,81.9664354533492,115.332064605654,0,261.605527103798,212.592150359921,0,333.645516435298,0,0,300.031143529538,58.3493451392805,0,306.640284138334,202.712457066107,143.005810983322,128.846764897717,180.90030328818,357.423078228283,0,0,0,0,0,92.3502314520023,199.492852797962,0,0,120.912756812582,173.001559092555
0,0,0,0,0,0,0,0,0,345.797434674459,0,161.275817184598,0,249.905610015455,159.183173818572,0,0,116.176698124939,0,231.715271819474,177.763106506206,0,0,160.537522273714,0,128.530575464043,0,0,0,0,0,0,0,197.486504603685,151.01089327964,195.378266313867,135.294330067913,0,0,240.185081663983,95.7590805983148
158.955087279859,115.871357769661,0,221.805809452716,0,0,0,151.806152521152,0,173.201474590904,73.1029054543569,0,0,125.994729980093,101.85207633558,150.161410108805,0,74.7304794244225,124.853650664477,0,0,0,217.157696745803,106.128596538706,0,180.543851962045,114.649126378906,222.053792850439,211.840482897052,289.631679007608,0,0,0,161.74915061469,85.6072705949986,98.417953423071,76.5072790361762,120.912756812582,240.185081663983,0,242.790381480436
165.597665022977,0,0,0,0,103.519938150021,0,201.100640800745,0,173.538155409849,225.013371621378,175.196329314064,247.66948903751,0,0,89.1590885155172,236.681907140956,0,89.707245288964,0,180.355266595273,61.0664810463559,0,153.609372090384,0,219.078548227669,219.040656038919,148.808626413748,0,0,0,0,0,184.249961885477,0,0,101.895308036513,173.001559092555,95.7590805983148,242.790381480436,0
