0,0,0,224.551207449728,146.465927798921,0,0,0,0,165.597665022977,0,0,0,0,0,0,0,0,0,0,0,0,0,0,0,0,134.960780198024,0,0,0,0,0,0,0,0,0,173.538155409849,0,0,0,95.7590805983148
0,0,0,0,0,0,0,0,0,0,0,0,0,75.4497121078207,0,0,0,0,0,0,0,0,137.177378802006,0,81.2827395071039,62.859596780235,82.4756938751058,0,0,0,0,0,0,0,0,0,0,0,280.376028997576,0,249.905610015455
0,0,0,0,0,0,0,0,0,0,0,0,0,0,0,0,0,0,0,0,0,0,0,0,0,0,0,155.901486485736,220.963068032256,0,0,0,0,101.350815329073,177.763106506206,0,0,0,0,0,192.693757128262
224.551207449728,0,0,0,0,0,0,0,128.846764897717,146.99041817625,179.718364159796,89.707245288964,263.534399241887,227.504408813069,0,0,0,0,0,0,0,136.792307586862,0,0,0,0,0,73.1029054543569,0,0,0,0,0,153.453047983244,325.937289045041,0,71.5579325720569,97.3232815600345,0,0,0
146.465927798921,0,0,0,0,0,238.934743274142,0,0,0,184.249961885477,0,0,188.936291522747,0,0,0,187.77054666536,0,205.839960264176,0,0,0,0,0,0,222.053792850439,169.742003380707,172.608400267715,0,0,0,0,151.695570509541,0,0,321.864157986053,192.135034768848,195.378266313867,70.4221432298295,0
0,0,0,0,0,0,0,0,0,0,0,276.620869034647,0,0,0,76.5072790361762,0,154.784755881607,0,309.997227542691,120.912756812582,0,0,117.208001126138,0,0,112.793316814908,0,0,0,0,200.878319874537,0,99.2646516363145,164.032723165762,0,58.3493451392805,81.9664354533492,146.814226519809,101.443495235174,0
0,0,0,0,238.934743274142,0,0,0,0,0,220.901129804706,0,259.442917595754,0,104.369974912428,0,0,0,0,0,0,0,0,0,0,190.185165668632,0,0,231.715271819474,0,0,0,145.74089716123,0,173.001559092555,158.567996645797,115.332064605654,181.316358113209,73.4795582048751,160.530221557972,0
0,0,0,0,0,0,0,0,0,0,0,106.926813611922,0,0,0,61.0664810463559,0,0,0,247.66948903751,124.698445421759,0,347.376449530863,0,137.189596148386,0,85.6072705949986,0,112.349934713559,161.74915061469,242.790381480436,0,114.511014214502,338.131802716296,198.528111506785,0,135.294330067913,0,206.912707094411,96.5937438588657,0
0,0,0,128.846764897717,0,0,0,0,0,201.44584889478,249.798812580765,0,0,0,0,0,0,155.24952173131,0,0,0,195.822649557859,0,158.955087279859,0,82.6426202489162,0,197.486504603685,0,0,0,0,0,0,0,137.239127032733,193.63278243493,0,0,0,180.543851962045
165.597665022977,0,0,146.99041817625,0,0,0,0,201.44584889478,0,161.694997919804,122.106946855269,0,154.070293657878,0,124.853650664477,80.8080171296381,0,0,173.201474590904,0,0,0,0,0,110.384905066973,0,250.461724766314,0,162.833808134102,0,0,0,142.054529471577,66.5008477853491,154.142998692322,323.781250289068,0,151.01089327964,113.144980278377,0
0,0,0,179.718364159796,184.249961885477,0,220.901129804706,0,249.798812580765,161.694997919804,0,0,0,0,0,0,0,0,0,0,0,0,93.5029580098427,101.85207633558,289.631679007608,94.126460729827,0,284.529238481835,0,178.683678585178,0,115.541295036174,0,255.441154257905,161.275817184598,108.381749703452,0,0,300.031143529538,0,0
0,0,0,89.707245288964,0,276.620869034647,0,106.926813611922,0,122.106946855269,0,0,0,0,0,118.522099274347,0,0,208.005106191961,97.5855511246009,134.566479261133,0,0,140.574866691684,120.567029282014,74.5815074003433,89.1590885155172,154.065933476765,236.681907140956,0,0,193.055010680236,0,174.013630695256,62.311273509377,0,125.81518738273,209.996727521564,0,159.183173818572,193.659409924573
0,0,0,263.534399241887,0,0,259.442917595754,0,0,0,0,0,0,0,0,0,0,0,0,0,0,0,0,261.440278806413,0,0,0,0,0,0,0,0,0,0,0,0,306.344527664232,178.224497384947,0,0,131.969743415579
0,75.4497121078207,0,227.504408813069,188.936291522747,0,0,0,0,154.070293657878,0,0,0,0,0,0,0,0,0,0,0,106.128596538706,153.876396855887,0,92.5568465385234,0,196.032358954952,180.90030328818,82.1742780037132,0,0,0,0,98.2230592632363,92.5207898118833,0,0,0,153.672550905948,314.611698427915,0
0,0,0,0,0,0,104.369974912428,0,0,0,0,0,0,0,0,0,219.040656038919,0,74.7304794244225,0,0,171.906398392157,0,0,0,0,93.4234866874731,89.3673883748406,0,0,0,0,0,94.027247878695,168.241326865882,240.185081663983,151.806152521152,0,0,125.416941482916,116.054372245433
0,0,0,0,0,76.5072790361762,0,61.0664810463559,0,124.853650664477,0,118.522099274347,0,0,0,0,0,198.964527389285,0,0,0,0,241.682021696872,224.523755099568,0,0,0,0,0,0,0,0,0,0,103.519938150021,0,135.667029391615,0,0,142.385058730083,228.792310020318
0,0,0,0,0,0,0,0,0,80.8080171296381,0,0,0,0,219.040656038919,0,0,0,0,252.487290983309,0,0,0,163.945208919892,0,0,0,133.984214699576,0,0,0,0,0,125.994729980093,151.075371308616,0,97.3506957544063,0,0,100.812745974529,345.797434674459
0,0,0,0,187.77054666536,154.784755881607,0,0,155.24952173131,0,0,0,0,0,0,198.964527389285,0,0,67.8267069095267,0,0,0,0,0,0,219.430938885781,0,157.852515740516,112.823430872325,0,0,0,0,0,0,0,80.4367166559625,0,0,0,0
0,0,0,0,0,0,0,0,0,0,0,208.005106191961,0,0,74.7304794244225,0,0,67.8267069095267,0,165.893015276821,0,0,0,0,94.9380989123498,133.218162784108,115.194491798135,231.050882209,211.840482897052,0,0,0,0,0,0,218.045528847001,111.226326353722,178.748963182352,0,0,0
0,0,0,0,205.839960264176,309.997227542691,0,247.66948903751,0,173.201474590904,0,97.5855511246009,0,0,0,0,252.487290983309,0,165.893015276821,0,101.895308036513,0,193.777661225572,0,0,241.635434294794,0,141.204637091722,0,0,0,0,0,169.453147353278,353.822894641502,205.183249704085,0,329.719143597451,0,119.728129215699,115.114253591495
0,0,0,0,0,120.912756812582,0,124.698445421759,0,0,0,134.566479261133,0,0,0,0,0,0,0,101.895308036513,0,0,0,0,0,0,139.792601838991,283.88658203332,128.405764333981,0,306.640284138334,0,0,199.492852797962,96.7845769653343,0,85.7623170715703,0,0,180.355266595273,106.533627130087
0,0,0,136.792307586862,0,0,0,0,195.822649557859,0,0,0,0,106.128596538706,171.906398392157,0,0,0,0,0,0,0,0,0,0,0,197.893790332676,0,0,0,0,0,0,0,0,0,106.33736463831,225.013371621378,0,116.176698124939,0
0,137.177378802006,0,0,0,0,0,347.376449530863,0,0,93.5029580098427,0,0,153.876396855887,0,241.682021696872,0,0,0,193.777661225572,0,0,0,0,0,228.075434767255,188.851177466023,0,0,253.401634605989,0,139.93285932648,0,113.059176128709,0,0,0,138.425725342224,321.124897279917,98.417953423071,172.892533368851
0,0,0,0,0,117.208001126138,0,0,158.955087279859,0,101.85207633558,140.574866691684,261.440278806413,0,0,224.523755099568,163.945208919892,0,0,0,0,0,0,0,0,111.435629183184,163.059043292369,219.078548227669,191.519780382943,0,0,262.382215657622,0,94.8881692391942,101.5853655613,0,94.7280504127031,161.325017232684,87.8456058929559,194.442125915551,213.67670887414
0,81.2827395071039,0,0,0,0,0,137.189596148386,0,0,289.631679007608,120.567029282014,0,92.5568465385234,0,0,0,0,94.9380989123498,0,0,0,0,0,0,0,0,0,0,0,0,196.04190773555,0,333.645516435298,0,0,0,214.116367924649,0,0,205.09013266389
0,62.859596780235,0,0,0,0,190.185165668632,0,82.6426202489162,110.384905066973,94.126460729827,74.5815074003433,0,0,0,0,0,219.430938885781,133.218162784108,241.635434294794,0,0,228.075434767255,111.435629183184,0,0,92.3502314520023,99.3508940827211,204.084074037941,269.936825670274,0,0,0,192.601533877686,0,101.605593487621,320.356811100276,0,0,114.649126378906,82.6299537488922
134.960780198024,82.4756938751058,0,0,222.053792850439,112.793316814908,0,85.6072705949986,0,0,0,89.1590885155172,0,196.032358954952,93.4234866874731,0,0,0,115.194491798135,0,139.792601838991,197.893790332676,188.851177466023,163.059043292369,0,92.3502314520023,0,171.230058197369,0,0,0,0,0,0,160.537522273714,202.712457066107,167.066576495979,0,348.674510760064,89.9429017381717,0
0,0,155.901486485736,73.1029054543569,169.742003380707,0,0,0,197.486504603685,250.461724766314,284.529238481835,154.065933476765,0,180.90030328818,89.3673883748406,0,133.984214699576,157.852515740516,231.050882209,141.204637091722,283.88658203332,0,0,219.078548227669,0,99.3508940827211,171.230058197369,0,186.348837226466,0,0,0,204.481117647118,183.786860782462,357.423078228283,128.530575464043,303.527509149359,98.6790043377568,175.196329314064,84.3635741045246,223.705816669619
0,0,220.963068032256,0,172.608400267715,0,231.715271819474,112.349934713559,0,0,0,236.681907140956,0,82.1742780037132,0,0,0,112.823430872325,211.840482897052,0,128.405764333981,0,0,191.519780382943,0,204.084074037941,0,186.348837226466,0,259.055025639447,0,109.093416850988,0,241.57250333243,143.005810983322,153.609372090384,206.472608421747,74.4197823064597,0,78.8552325762656,90.1317194604647
0,0,0,0,0,0,0,161.74915061469,0,162.833808134102,178.683678585178,0,0,0,0,0,0,0,0,0,0,0,253.401634605989,0,0,269.936825670274,0,0,259.055025639447,0,151.036729364761,94.7529894315991,148.808626413748,0,0,226.825099357786,119.345624434514,0,0,0,0
0,0,0,0,0,0,0,242.790381480436,0,0,0,0,0,0,0,0,0,0,0,0,306.640284138334,0,0,0,0,0,0,0,0,151.036729364761,0,0,0,0,0,90.7216186966914,115.871357769661,0,0,283.248188884028,0
0,0,0,0,0,200.878319874537,0,0,0,0,115.541295036174,193.055010680236,0,0,0,0,0,0,0,0,0,0,139.93285932648,262.382215657622,196.04190773555,0,0,0,109.093416850988,94.7529894315991,0,0,0,173.059382066957,0,261.605527103798,0,0,0,0,251.098274723989
0,0,0,0,0,0,145.74089716123,114.511014214502,0,0,0,0,0,0,0,0,0,0,0,0,0,0,0,0,0,0,0,204.481117647118,0,148.808626413748,0,0,0,0,0,138.33942793804,0,0,0,0,0
0,0,101.350815329073,153.453047983244,151.695570509541,99.2646516363145,0,338.131802716296,0,142.054529471577,255.441154257905,174.013630695256,0,98.2230592632363,94.027247878695,0,125.994729980093,0,0,169.453147353278,199.492852797962,0,113.059176128709,94.8881692391942,333.645516435298,192.601533877686,0,183.786860782462,241.57250333243,0,0,173.059382066957,0,0,201.100640800745,108.136066660554,221.805809452716,212.592150359921,0,161.302948562323,150.161410108805
0,0,177.763106506206,325.937289045041,0,164.032723165762,173.001559092555,198.528111506785,0,66.5008477853491,161.275817184598,62.311273509377,0,92.5207898118833,168.241326865882,103.519938150021,151.075371308616,0,0,353.822894641502,96.7845769653343,0,0,101.5853655613,0,0,160.537522273714,357.423078228283,143.005810983322,0,0,0,0,201.100640800745,0,215.611029055736,195.314816908693,136.685314494491,217.157696745803,186.973586461633,146.770754374523
0,0,0,0,0,0,158.567996645797,0,137.239127032733,154.142998692322,108.381749703452,0,0,0,240.185081663983,0,0,0,218.045528847001,205.183249704085,0,0,0,0,0,101.605593487621,202.712457066107,128.530575464043,153.609372090384,226.825099357786,90.7216186966914,261.605527103798,138.33942793804,108.136066660554,215.611029055736,0,78.9559315574845,335.371040201042,0,0,0
173.538155409849,0,0,71.5579325720569,321.864157986053,58.3493451392805,115.332064605654,135.294330067913,193.63278243493,323.781250289068,0,125.81518738273,306.344527664232,0,151.806152521152,135.667029391615,97.3506957544063,80.4367166559625,111.226326353722,0,85.7623170715703,106.33736463831,0,94.7280504127031,0,320.356811100276,167.066576495979,303.527509149359,206.472608421747,119.345624434514,115.871357769661,0,0,221.805809452716,195.314816908693,78.9559315574845,0,232.945974238958,0,139.654362654449,71.4788760670054
0,0,0,97.3232815600345,192.135034768848,81.9664354533492,181.316358113209,0,0,0,0,209.996727521564,178.224497384947,0,0,0,0,0,178.748963182352,329.719143597451,0,225.013371621378,138.425725342224,161.325017232684,214.116367924649,0,0,98.6790043377568,74.4197823064597,0,0,0,0,212.592150359921,136.685314494491,335.371040201042,232.945974238958,0,115.868441404982,104.915316975638,0
0,280.376028997576,0,0,195.378266313867,146.814226519809,73.4795582048751,206.912707094411,0,151.01089327964,300.031143529538,0,0,153.672550905948,0,0,0,0,0,0,0,0,321.124897279917,87.8456058929559,0,0,348.674510760064,175.196329314064,0,0,0,0,0,0,217.157696745803,0,0,115.868441404982,0,72.2278283150671,0
0,0,0,0,70.4221432298295,101.443495235174,160.530221557972,96.5937438588657,0,113.144980278377,0,159.183173818572,0,314.611698427915,125.416941482916,142.385058730083,100.812745974529,0,0,119.728129215699,180.355266595273,116.176698124939,98.417953423071,194.442125915551,0,114.649126378906,89.9429017381717,84.3635741045246,78.8552325762656,0,283.248188884028,0,0,161.302948562323,186.973586461633,0,139.654362654449,104.915316975638,72.2278283150671,0,0
95.7590805983148,249.905610015455,192.693757128262,0,0,0,0,0,180.543851962045,0,0,193.659409924573,131.969743415579,0,116.054372245433,228.792310020318,345.797434674459,0,0,115.114253591495,106.533627130087,0,172.892533368851,213.67670887414,205.09013266389,82.6299537488922,0,223.705816669619,90.1317194604647,0,0,251.098274723989,0,150.161410108805,146.770754374523,0,71.4788760670054,0,0,0,0
