0,0,0,0,0,0,0,0,0,0,0,0,0,0,0,0,0,0,0,75.4497121078207,0,0,143.005810983322,0,0,0,0,106.926813611922,192.601533877686,0,0,0,0,0,0,0,0,0,103.519938150021,0,97.3232815600345
0,0,0,81.9664354533492,0,151.695570509541,0,0,0,0,0,0,0,0,0,0,0,0,0,0,0,0,173.201474590904,0,0,135.294330067913,0,119.728129215699,0,0,0,0,0,0,0,173.538155409849,0,0,0,111.435629183184,0
0,0,0,0,0,0,0,0,0,0,0,109.093416850988,0,0,0,0,0,0,0,0,0,0,0,101.605593487621,0,0,0,0,0,0,0,0,0,0,70.4221432298295,0,139.93285932648,0,67.8267069095267,0,0
0,81.9664354533492,0,0,0,141.204637091722,0,0,0,0,133.984214699576,0,0,249.905610015455,0,0,0,259.442917595754,0,0,0,0,0,325.937289045041,0,280.376028997576,0,98.6790043377568,0,0,72.2278283150671,228.792310020318,0,125.81518738273,241.682021696872,0,0,0,231.050882209,0,0
0,0,0,0,0,0,0,138.425725342224,0,146.814226519809,0,0,151.036729364761,0,0,99.3508940827211,0,0,128.530575464043,0,353.822894641502,82.6426202489162,247.66948903751,0,0,0,0,193.777661225572,0,0,0,0,0,219.040656038919,74.5815074003433,161.325017232684,0,0,238.934743274142,139.654362654449,0
0,151.695570509541,0,141.204637091722,0,0,137.239127032733,0,0,0,101.5853655613,90.7216186966914,0,0,0,0,160.530221557972,0,0,0,0,0,0,92.3502314520023,0,0,0,0,249.798812580765,0,0,0,228.075434767255,0,0,93.4234866874731,137.189596148386,98.417953423071,0,158.567996645797,71.5579325720569
0,0,0,0,0,137.239127032733,0,0,0,0,0,180.355266595273,0,0,151.075371308616,0,0,0,135.667029391615,122.106946855269,0,0,259.055025639447,146.770754374523,0,0,0,321.864157986053,0,0,0,0,0,0,221.805809452716,99.2646516363145,173.059382066957,89.9429017381717,0,0,357.423078228283
0,0,0,0,138.425725342224,0,0,0,0,0,0,78.9559315574845,0,184.249961885477,192.135034768848,0,0,128.405764333981,0,178.748963182352,0,187.77054666536,0,198.528111506785,0,175.196329314064,104.369974912428,0,0,124.853650664477,115.194491798135,0,0,241.635434294794,250.461724766314,0,0,153.876396855887,0,0,167.066576495979
0,0,0,0,0,0,0,0,0,0,0,0,0,93.5029580098427,146.99041817625,0,0,0,0,0,186.973586461633,0,0,0,0,0,0,108.136066660554,0,138.33942793804,0,0,0,204.084074037941,80.8080171296381,0,202.712457066107,198.964527389285,0,269.936825670274,179.718364159796
0,0,0,0,146.814226519809,0,0,0,0,0,0,0,173.001559092555,253.401634605989,101.85207633558,226.825099357786,0,0,172.608400267715,0,0,169.742003380707,150.161410108805,0,125.994729980093,218.045528847001,153.672550905948,82.1742780037132,0,0,0,154.142998692322,0,62.311273509377,0,192.693757128262,111.226326353722,321.124897279917,0,151.806152521152,0
0,0,0,133.984214699576,0,101.5853655613,0,0,0,0,0,165.597665022977,0,0,0,220.963068032256,0,0,0,0,0,193.63278243493,0,338.131802716296,87.8456058929559,81.2827395071039,0,0,0,232.945974238958,0,0,0,148.808626413748,208.005106191961,90.1317194604647,194.442125915551,255.441154257905,161.275817184598,0,89.707245288964
0,0,109.093416850988,0,0,90.7216186966914,180.355266595273,78.9559315574845,0,0,165.597665022977,0,0,0,0,164.032723165762,0,154.065933476765,0,0,0,0,128.846764897717,0,96.7845769653343,112.823430872325,115.541295036174,0,104.915316975638,205.09013266389,0,0,224.551207449728,157.852515740516,85.6072705949986,0,145.74089716123,151.01089327964,205.839960264176,155.901486485736,335.371040201042
0,0,0,0,151.036729364761,0,0,0,0,173.001559092555,0,0,0,101.895308036513,0,0,0,0,0,0,0,0,0,134.566479261133,0,0,0,0,0,0,0,0,0,0,0,0,188.851177466023,134.960780198024,0,0,0
0,0,0,249.905610015455,0,0,0,184.249961885477,93.5029580098427,253.401634605989,0,0,101.895308036513,0,0,0,181.316358113209,0,0,94.126460729827,0,0,0,0,0,137.177378802006,0,162.833808134102,0,0,0,0,0,142.054529471577,0,94.027247878695,195.822649557859,289.631679007608,0,0,261.440278806413
0,0,0,0,0,0,151.075371308616,192.135034768848,146.99041817625,101.85207633558,0,0,0,0,0,0,0,0,142.385058730083,0,116.176698124939,0,0,0,0,0,0,116.054372245433,0,0,0,0,333.645516435298,71.4788760670054,199.492852797962,0,153.609372090384,0,0,217.157696745803,0
0,0,0,0,99.3508940827211,0,0,0,0,226.825099357786,220.963068032256,164.032723165762,0,0,0,0,0,0,0,222.053792850439,178.224497384947,0,0,0,0,0,0,0,309.997227542691,0,0,0,0,154.784755881607,0,0,196.032358954952,0,0,114.511014214502,169.453147353278
0,0,0,0,0,160.530221557972,0,0,0,0,0,0,0,181.316358113209,0,0,0,0,0,0,0,0,0,0,89.1590885155172,0,284.529238481835,191.519780382943,252.487290983309,0,0,0,0,163.059043292369,82.4756938751058,0,329.719143597451,0,0,195.378266313867,0
0,0,0,259.442917595754,0,0,0,128.405764333981,0,0,0,154.065933476765,0,0,0,0,0,0,115.871357769661,0,0,125.416941482916,0,0,0,0,0,188.936291522747,0,0,0,0,0,0,161.302948562323,0,106.128596538706,0,0,165.893015276821,0
0,0,0,0,128.530575464043,0,135.667029391615,0,0,172.608400267715,0,0,0,0,142.385058730083,0,0,115.871357769661,0,0,0,0,197.486504603685,0,0,0,94.8881692391942,97.3506957544063,161.694997919804,0,0,0,0,118.522099274347,0,323.781250289068,345.797434674459,0,0,0,0
75.4497121078207,0,0,0,0,0,122.106946855269,178.748963182352,0,0,0,0,0,94.126460729827,0,222.053792850439,0,0,0,0,347.376449530863,195.314816908693,0,0,0,160.537522273714,136.792307586862,201.44584889478,186.348837226466,0,0,0,0,0,220.901129804706,0,261.605527103798,113.059176128709,193.659409924573,193.055010680236,215.611029055736
0,0,0,0,353.822894641502,0,0,0,186.973586461633,0,0,0,0,0,116.176698124939,178.224497384947,0,0,0,347.376449530863,0,0,0,146.465927798921,80.4367166559625,0,89.3673883748406,214.116367924649,0,0,0,0,73.4795582048751,0,108.381749703452,0,97.5855511246009,0,0,115.868441404982,0
0,0,0,0,82.6426202489162,0,0,187.77054666536,0,169.742003380707,193.63278243493,0,0,0,0,0,0,125.416941482916,0,195.314816908693,0,0,0,0,0,0,0,213.67670887414,117.208001126138,0,0,0,0,0,0,0,0,0,0,0,0
143.005810983322,173.201474590904,0,0,247.66948903751,0,259.055025639447,0,0,150.161410108805,0,128.846764897717,0,0,0,0,0,0,197.486504603685,0,0,0,0,58.3493451392805,0,106.33736463831,0,0,0,133.218162784108,0,82.6299537488922,0,62.859596780235,115.332064605654,0,201.100640800745,0,0,101.350815329073,0
0,0,101.605593487621,325.937289045041,0,92.3502314520023,146.770754374523,198.528111506785,0,0,338.131802716296,0,134.566479261133,0,0,0,0,0,0,0,146.465927798921,0,58.3493451392805,0,0,131.969743415579,0,0,92.5568465385234,114.649126378906,0,211.840482897052,155.24952173131,178.683678585178,0,101.443495235174,283.88658203332,94.9380989123498,0,139.792601838991,0
0,0,0,0,0,0,0,0,0,125.994729980093,87.8456058929559,96.7845769653343,0,0,0,0,89.1590885155172,0,0,0,80.4367166559625,0,0,0,0,0,0,262.382215657622,174.013630695256,0,0,0,0,92.5207898118833,153.453047983244,0,0,0,251.098274723989,0,0
0,135.294330067913,0,280.376028997576,0,0,0,175.196329314064,0,218.045528847001,81.2827395071039,112.823430872325,0,137.177378802006,0,0,0,0,0,160.537522273714,0,0,106.33736463831,131.969743415579,0,0,113.144980278377,263.534399241887,163.945208919892,0,0,212.592150359921,0,124.698445421759,227.504408813069,0,190.185165668632,200.878319874537,204.481117647118,306.344527664232,0
0,0,0,0,0,0,0,104.369974912428,0,153.672550905948,0,115.541295036174,0,0,0,0,284.529238481835,0,94.8881692391942,136.792307586862,89.3673883748406,0,0,0,0,113.144980278377,0,171.906398392157,158.955087279859,197.893790332676,225.013371621378,95.7590805983148,0,84.3635741045246,76.5072790361762,219.078548227669,154.070293657878,183.786860782462,0,74.7304794244225,61.0664810463559
106.926813611922,119.728129215699,0,98.6790043377568,193.777661225572,0,321.864157986053,0,108.136066660554,82.1742780037132,0,0,0,162.833808134102,116.054372245433,0,191.519780382943,188.936291522747,97.3506957544063,201.44584889478,214.116367924649,213.67670887414,0,0,262.382215657622,263.534399241887,171.906398392157,0,348.674510760064,0,236.681907140956,0,0,115.114253591495,140.574866691684,0,98.2230592632363,73.1029054543569,283.248188884028,96.5937438588657,196.04190773555
192.601533877686,0,0,0,0,249.798812580765,0,0,0,0,0,104.915316975638,0,0,0,309.997227542691,252.487290983309,0,161.694997919804,186.348837226466,0,117.208001126138,0,92.5568465385234,174.013630695256,163.945208919892,158.955087279859,348.674510760064,0,0,241.57250333243,0,0,219.430938885781,112.793316814908,94.7280504127031,306.640284138334,0,209.996727521564,205.183249704085,168.241326865882
0,0,0,0,0,0,0,124.853650664477,138.33942793804,0,232.945974238958,205.09013266389,0,0,0,0,0,0,0,0,0,0,133.218162784108,114.649126378906,0,0,197.893790332676,0,0,0,0,0,0,0,314.611698427915,0,159.183173818572,0,0,206.912707094411,224.523755099568
0,0,0,72.2278283150671,0,0,0,115.194491798135,0,0,0,0,0,0,0,0,0,0,0,0,0,0,0,0,0,0,225.013371621378,236.681907140956,241.57250333243,0,0,0,0,0,0,0,74.4197823064597,0,0,0,0
0,0,0,228.792310020318,0,0,0,0,0,154.142998692322,0,0,0,0,0,0,0,0,0,0,0,0,82.6299537488922,211.840482897052,0,212.592150359921,95.7590805983148,0,0,0,0,0,0,94.7529894315991,161.74915061469,120.912756812582,0,231.715271819474,0,0,85.7623170715703
0,0,0,0,0,228.075434767255,0,0,0,0,0,224.551207449728,0,0,333.645516435298,0,0,0,0,0,73.4795582048751,0,0,155.24952173131,0,0,0,0,0,0,0,0,0,0,0,0,0,0,0,0,0
0,0,0,125.81518738273,219.040656038919,0,0,241.635434294794,204.084074037941,62.311273509377,148.808626413748,157.852515740516,0,142.054529471577,71.4788760670054,154.784755881607,163.059043292369,0,118.522099274347,0,0,0,62.859596780235,178.683678585178,92.5207898118833,124.698445421759,84.3635741045246,115.114253591495,219.430938885781,0,0,94.7529894315991,0,0,0,242.790381480436,136.685314494491,320.356811100276,172.892533368851,303.527509149359,276.620869034647
0,0,70.4221432298295,241.682021696872,74.5815074003433,0,221.805809452716,250.461724766314,80.8080171296381,0,208.005106191961,85.6072705949986,0,0,199.492852797962,0,82.4756938751058,161.302948562323,0,220.901129804706,108.381749703452,0,115.332064605654,0,153.453047983244,227.504408813069,76.5072790361762,140.574866691684,112.793316814908,314.611698427915,0,161.74915061469,0,0,0,66.5008477853491,206.472608421747,0,119.345624434514,0,171.230058197369
0,173.538155409849,0,0,161.325017232684,93.4234866874731,99.2646516363145,0,0,192.693757128262,90.1317194604647,0,0,94.027247878695,0,0,0,0,323.781250289068,0,0,0,0,101.443495235174,0,0,219.078548227669,0,94.7280504127031,0,0,120.912756812582,0,242.790381480436,66.5008477853491,0,223.705816669619,112.349934713559,78.8552325762656,240.185081663983,120.567029282014
0,0,139.93285932648,0,0,137.189596148386,173.059382066957,0,202.712457066107,111.226326353722,194.442125915551,145.74089716123,188.851177466023,195.822649557859,153.609372090384,196.032358954952,329.719143597451,106.128596538706,345.797434674459,261.605527103798,97.5855511246009,0,201.100640800745,283.88658203332,0,190.185165668632,154.070293657878,98.2230592632363,306.640284138334,159.183173818572,74.4197823064597,0,0,136.685314494491,206.472608421747,223.705816669619,0,180.90030328818,0,180.543851962045,177.763106506206
0,0,0,0,0,98.417953423071,89.9429017381717,153.876396855887,198.964527389285,321.124897279917,255.441154257905,151.01089327964,134.960780198024,289.631679007608,0,0,0,0,0,113.059176128709,0,0,0,94.9380989123498,0,200.878319874537,183.786860782462,73.1029054543569,0,0,0,231.715271819474,0,320.356811100276,0,112.349934713559,180.90030328818,0,0,106.533627130087,110.384905066973
103.519938150021,0,67.8267069095267,231.050882209,238.934743274142,0,0,0,0,0,161.275817184598,205.839960264176,0,0,0,0,0,0,0,193.659409924573,0,0,0,0,251.098274723989,204.481117647118,0,283.248188884028,209.996727521564,0,0,0,0,172.892533368851,119.345624434514,78.8552325762656,0,0,0,300.031143529538,0
0,111.435629183184,0,0,139.654362654449,158.567996645797,0,0,269.936825670274,151.806152521152,0,155.901486485736,0,0,217.157696745803,114.511014214502,195.378266313867,165.893015276821,0,193.055010680236,115.868441404982,0,101.350815329073,139.792601838991,0,306.344527664232,74.7304794244225,96.5937438588657,205.183249704085,206.912707094411,0,0,0,303.527509149359,0,240.185081663983,180.543851962045,106.533627130087,300.031143529538,0,100.812745974529
97.3232815600345,0,0,0,0,71.5579325720569,357.423078228283,167.066576495979,179.718364159796,0,89.707245288964,335.371040201042,0,261.440278806413,0,169.453147353278,0,0,0,215.611029055736,0,0,0,0,0,0,61.0664810463559,196.04190773555,168.241326865882,224.523755099568,0,85.7623170715703,0,276.620869034647,171.230058197369,120.567029282014,177.763106506206,110.384905066973,0,100.812745974529,0
