0,0,0,0,0,139.792601838991,0,0,78.9559315574845,0,0,0,0,199.492852797962,0,0,0,0,263.534399241887,0,0,0,0,0,0,0,137.189596148386,134.566479261133,0,0,0,0,0,0,0,0,0,0,0,0,0
0,0,0,0,0,0,0,0,0,0,0,0,0,0,0,89.1590885155172,0,0,0,146.770754374523,0,0,0,0,0,0,0,205.839960264176,202.712457066107,82.1742780037132,0,0,0,119.728129215699,348.674510760064,0,0,0,0,0,0
0,0,0,0,98.2230592632363,0,0,0,0,0,0,0,0,119.345624434514,0,0,0,0,0,0,0,0,0,0,0,0,0,0,0,0,0,0,0,231.715271819474,0,0,321.864157986053,0,0,205.183249704085,0
0,0,0,0,0,0,0,0,0,0,173.059382066957,303.527509149359,85.6072705949986,0,0,231.050882209,0,0,0,0,0,0,259.055025639447,0,0,0,333.645516435298,0,0,0,0,177.763106506206,0,133.984214699576,98.6790043377568,208.005106191961,0,74.4197823064597,0,89.3673883748406,219.430938885781
0,0,98.2230592632363,0,0,224.551207449728,0,0,0,0,0,113.059176128709,0,0,0,0,0,0,0,81.2827395071039,0,0,0,0,0,108.381749703452,212.592150359921,161.302948562323,94.9380989123498,0,0,0,306.640284138334,205.09013266389,0,115.871357769661,141.204637091722,0,101.5853655613,0,228.075434767255
139.792601838991,0,0,0,224.551207449728,0,190.185165668632,125.994729980093,0,84.3635741045246,0,0,0,138.425725342224,0,178.748963182352,0,0,161.74915061469,0,0,0,0,0,0,136.792307586862,0,143.005810983322,161.275817184598,0,0,0,0,137.239127032733,0,94.027247878695,0,125.81518738273,0,0,0
0,0,0,0,0,190.185165668632,0,0,0,109.093416850988,0,0,0,0,0,82.4756938751058,261.605527103798,173.538155409849,0,0,0,0,0,218.045528847001,95.7590805983148,0,198.964527389285,0,217.157696745803,0,138.33942793804,0,0,0,193.777661225572,0,0,0,0,94.126460729827,184.249961885477
0,0,0,0,0,125.994729980093,0,0,0,200.878319874537,111.226326353722,222.053792850439,0,187.77054666536,0,0,58.3493451392805,0,186.973586461633,0,0,0,0,160.530221557972,0,0,0,135.294330067913,196.04190773555,0,116.176698124939,0,0,221.805809452716,120.567029282014,0,124.698445421759,131.969743415579,0,0,82.6299537488922
78.9559315574845,0,0,0,0,0,0,0,0,0,0,151.806152521152,0,0,0,0,0,0,0,0,215.611029055736,0,0,99.3508940827211,0,0,0,0,0,0,0,0,0,71.5579325720569,124.853650664477,178.683678585178,80.8080171296381,94.8881692391942,0,345.797434674459,357.423078228283
0,0,0,0,0,84.3635741045246,109.093416850988,200.878319874537,0,0,74.7304794244225,115.194491798135,0,192.601533877686,0,0,195.822649557859,163.059043292369,0,194.442125915551,61.0664810463559,0,142.054529471577,0,0,259.442917595754,0,73.1029054543569,0,0,0,0,0,134.960780198024,0,193.659409924573,255.441154257905,106.926813611922,115.332064605654,0,0
0,0,0,173.059382066957,0,0,0,111.226326353722,0,74.7304794244225,0,0,0,338.131802716296,249.905610015455,0,209.996727521564,0,0,0,0,0,0,62.311273509377,0,155.24952173131,155.901486485736,0,104.915316975638,0,0,0,204.084074037941,283.88658203332,283.248188884028,252.487290983309,188.851177466023,179.718364159796,0,0,0
0,0,0,303.527509149359,113.059176128709,0,0,222.053792850439,151.806152521152,115.194491798135,0,0,0,0,133.218162784108,0,0,0,0,158.955087279859,0,0,75.4497121078207,153.609372090384,0,154.142998692322,106.128596538706,220.901129804706,161.694997919804,0,0,214.116367924649,0,128.846764897717,89.707245288964,321.124897279917,197.893790332676,201.44584889478,204.481117647118,197.486504603685,0
0,0,0,85.6072705949986,0,0,0,0,0,0,0,0,0,0,82.6426202489162,0,115.114253591495,0,0,122.106946855269,0,0,0,94.7529894315991,0,0,0,241.682021696872,0,0,0,0,0,0,0,0,0,0,0,0,0
199.492852797962,0,119.345624434514,0,0,138.425725342224,0,187.77054666536,0,192.601533877686,338.131802716296,0,0,0,70.4221432298295,0,276.620869034647,0,0,0,0,0,241.635434294794,0,0,0,0,0,108.136066660554,0,0,0,0,116.054372245433,0,0,136.685314494491,0,140.574866691684,87.8456058929559,0
0,0,0,0,0,0,0,0,0,0,249.905610015455,133.218162784108,82.6426202489162,70.4221432298295,0,0,0,0,0,92.5568465385234,0,0,0,0,0,0,0,0,0,0,0,196.032358954952,0,162.833808134102,78.8552325762656,153.672550905948,151.075371308616,0,146.465927798921,250.461724766314,0
0,89.1590885155172,0,231.050882209,0,178.748963182352,82.4756938751058,0,0,0,0,0,0,0,0,0,0,0,0,0,0,0,128.530575464043,201.100640800745,0,0,0,0,0,0,67.8267069095267,0,347.376449530863,158.567996645797,172.608400267715,0,154.070293657878,0,0,0,0
0,0,0,0,0,0,261.605527103798,58.3493451392805,0,195.822649557859,209.996727521564,0,115.114253591495,276.620869034647,0,0,0,0,0,0,0,0,0,0,0,0,262.382215657622,0,0,0,0,0,0,0,0,154.065933476765,114.511014214502,0,0,0,112.349934713559
0,0,0,0,0,0,173.538155409849,0,0,163.059043292369,0,0,0,0,0,0,0,0,0,0,0,159.183173818572,0,0,0,0,0,284.529238481835,153.876396855887,0,0,0,0,0,0,0,142.385058730083,180.355266595273,0,157.852515740516,93.4234866874731
263.534399241887,0,0,0,0,161.74915061469,0,186.973586461633,0,0,0,0,0,0,0,0,0,0,0,0,0,0,0,175.196329314064,0,178.224497384947,106.33736463831,236.681907140956,0,0,0,0,241.57250333243,0,219.040656038919,0,242.790381480436,93.5029580098427,0,247.66948903751,0
0,146.770754374523,0,0,81.2827395071039,0,0,0,0,194.442125915551,0,158.955087279859,122.106946855269,0,92.5568465385234,0,0,0,0,0,0,0,150.161410108805,0,0,90.7216186966914,100.812745974529,101.443495235174,0,0,0,97.5855511246009,0,0,329.719143597451,101.895308036513,98.417953423071,0,89.9429017381717,309.997227542691,128.405764333981
0,0,0,0,0,0,0,0,215.611029055736,61.0664810463559,0,0,0,0,0,0,0,0,0,0,0,0,99.2646516363145,115.541295036174,62.859596780235,103.519938150021,139.654362654449,0,289.631679007608,0,0,0,0,325.937289045041,0,0,195.314816908693,0,112.823430872325,104.369974912428,253.401634605989
0,0,0,0,0,0,0,0,0,0,0,0,0,0,0,0,0,159.183173818572,0,0,0,0,192.135034768848,165.893015276821,0,0,0,164.032723165762,0,0,0,0,0,0,169.453147353278,160.537522273714,101.85207633558,0,0,0,225.013371621378
0,0,0,259.055025639447,0,0,0,0,0,142.054529471577,0,75.4497121078207,0,241.635434294794,0,128.530575464043,0,0,0,150.161410108805,99.2646516363145,192.135034768848,0,97.3506957544063,0,151.695570509541,0,0,188.936291522747,0,0,180.90030328818,0,0,0,0,146.99041817625,0,181.316358113209,226.825099357786,0
0,0,0,0,0,0,218.045528847001,160.530221557972,99.3508940827211,0,62.311273509377,153.609372090384,94.7529894315991,0,0,201.100640800745,0,0,175.196329314064,0,115.541295036174,165.893015276821,97.3506957544063,0,0,167.066576495979,154.784755881607,0,76.5072790361762,173.201474590904,0,0,0,0,96.5937438588657,0,72.2278283150671,0,0,180.543851962045,240.185081663983
0,0,0,0,0,0,95.7590805983148,0,0,0,0,0,0,0,0,0,0,0,0,0,62.859596780235,0,0,0,0,191.519780382943,0,0,251.098274723989,114.649126378906,0,0,0,0,0,146.814226519809,0,223.705816669619,261.440278806413,353.822894641502,171.906398392157
0,0,0,0,108.381749703452,136.792307586862,0,0,0,259.442917595754,155.24952173131,154.142998692322,0,0,0,0,0,0,178.224497384947,90.7216186966914,103.519938150021,0,151.695570509541,167.066576495979,191.519780382943,0,0,120.912756812582,111.435629183184,165.597665022977,0,101.605593487621,0,96.7845769653343,193.055010680236,0,335.371040201042,81.9664354533492,0,0,280.376028997576
137.189596148386,0,0,333.645516435298,212.592150359921,0,198.964527389285,0,0,0,155.901486485736,106.128596538706,0,0,0,0,262.382215657622,0,106.33736463831,100.812745974529,139.654362654449,0,0,154.784755881607,0,0,0,80.4367166559625,195.378266313867,125.416941482916,0,0,0,151.036729364761,224.523755099568,0,0,220.963068032256,135.667029391615,269.936825670274,232.945974238958
134.566479261133,205.839960264176,0,0,161.302948562323,143.005810983322,0,135.294330067913,0,73.1029054543569,0,220.901129804706,241.682021696872,0,0,0,0,284.529238481835,236.681907140956,101.443495235174,0,164.032723165762,0,0,0,120.912756812582,80.4367166559625,0,213.67670887414,300.031143529538,206.912707094411,113.144980278377,110.384905066973,151.01089327964,320.356811100276,112.793316814908,106.533627130087,101.350815329073,97.3232815600345,173.001559092555,169.742003380707
0,202.712457066107,0,0,94.9380989123498,161.275817184598,217.157696745803,196.04190773555,0,0,104.915316975638,161.694997919804,0,108.136066660554,0,0,0,153.876396855887,0,0,289.631679007608,0,188.936291522747,76.5072790361762,251.098274723989,111.435629183184,195.378266313867,213.67670887414,0,0,0,0,0,92.3502314520023,0,0,145.74089716123,198.528111506785,0,94.7280504127031,238.934743274142
0,82.1742780037132,0,0,0,0,0,0,0,0,0,0,0,0,0,0,0,0,0,0,0,0,0,173.201474590904,114.649126378906,165.597665022977,125.416941482916,300.031143529538,0,0,0,0,0,186.348837226466,0,71.4788760670054,66.5008477853491,306.344527664232,0,163.945208919892,0
0,0,0,0,0,0,138.33942793804,116.176698124939,0,0,0,0,0,0,0,67.8267069095267,0,0,0,0,0,0,0,0,0,0,0,206.912707094411,0,0,0,0,0,0,118.522099274347,0,228.792310020318,0,0,0,0
0,0,0,177.763106506206,0,0,0,0,0,0,0,214.116367924649,0,0,196.032358954952,0,0,0,0,97.5855511246009,0,0,180.90030328818,0,0,101.605593487621,0,113.144980278377,0,0,0,0,0,172.892533368851,183.786860782462,0,137.177378802006,0,227.504408813069,0,0
0,0,0,0,306.640284138334,0,0,0,0,0,204.084074037941,0,0,0,0,347.376449530863,0,0,241.57250333243,0,0,0,0,0,0,0,0,110.384905066973,0,0,0,0,0,0,0,0,0,0,0,0,0
0,119.728129215699,231.715271819474,133.984214699576,205.09013266389,137.239127032733,0,221.805809452716,71.5579325720569,134.960780198024,283.88658203332,128.846764897717,0,116.054372245433,162.833808134102,158.567996645797,0,0,0,0,325.937289045041,0,0,0,0,96.7845769653343,151.036729364761,151.01089327964,92.3502314520023,186.348837226466,0,172.892533368851,0,0,139.93285932648,148.808626413748,206.472608421747,174.013630695256,0,168.241326865882,314.611698427915
0,348.674510760064,0,98.6790043377568,0,0,193.777661225572,120.567029282014,124.853650664477,0,283.248188884028,89.707245288964,0,0,78.8552325762656,172.608400267715,0,0,219.040656038919,329.719143597451,0,169.453147353278,0,96.5937438588657,0,193.055010680236,224.523755099568,320.356811100276,0,0,118.522099274347,183.786860782462,0,139.93285932648,0,117.208001126138,161.325017232684,90.1317194604647,192.693757128262,115.868441404982,73.4795582048751
0,0,0,208.005106191961,115.871357769661,94.027247878695,0,0,178.683678585178,193.659409924573,252.487290983309,321.124897279917,0,0,153.672550905948,0,154.065933476765,0,0,101.895308036513,0,160.537522273714,0,0,146.814226519809,0,0,112.793316814908,0,71.4788760670054,0,0,0,148.808626413748,117.208001126138,0,211.840482897052,0,0,193.63278243493,74.5815074003433
0,0,321.864157986053,0,141.204637091722,0,0,124.698445421759,80.8080171296381,255.441154257905,188.851177466023,197.893790332676,0,136.685314494491,151.075371308616,154.070293657878,114.511014214502,142.385058730083,242.790381480436,98.417953423071,195.314816908693,101.85207633558,146.99041817625,72.2278283150671,0,335.371040201042,0,106.533627130087,145.74089716123,66.5008477853491,228.792310020318,137.177378802006,0,206.472608421747,161.325017232684,211.840482897052,0,171.230058197369,219.078548227669,85.7623170715703,0
0,0,0,74.4197823064597,0,125.81518738273,0,131.969743415579,94.8881692391942,106.926813611922,179.718364159796,201.44584889478,0,0,0,0,0,180.355266595273,93.5029580098427,0,0,0,0,0,223.705816669619,81.9664354533492,220.963068032256,101.350815329073,198.528111506785,306.344527664232,0,0,0,174.013630695256,90.1317194604647,0,171.230058197369,0,0,249.798812580765,92.5207898118833
0,0,0,0,101.5853655613,0,0,0,0,115.332064605654,0,204.481117647118,0,140.574866691684,146.465927798921,0,0,0,0,89.9429017381717,112.823430872325,0,181.316358113209,0,261.440278806413,0,135.667029391615,97.3232815600345,0,0,0,227.504408813069,0,0,192.693757128262,0,219.078548227669,0,0,323.781250289068,0
0,0,205.183249704085,89.3673883748406,0,0,94.126460729827,0,345.797434674459,0,0,197.486504603685,0,87.8456058929559,250.461724766314,0,0,157.852515740516,247.66948903751,309.997227542691,104.369974912428,0,226.825099357786,180.543851962045,353.822894641502,0,269.936825670274,173.001559092555,94.7280504127031,163.945208919892,0,0,0,168.241326865882,115.868441404982,193.63278243493,85.7623170715703,249.798812580765,323.781250289068,0,153.453047983244
0,0,0,219.430938885781,228.075434767255,0,184.249961885477,82.6299537488922,357.423078228283,0,0,0,0,0,0,0,112.349934713559,93.4234866874731,0,128.405764333981,253.401634605989,225.013371621378,0,240.185081663983,171.906398392157,280.376028997576,232.945974238958,169.742003380707,238.934743274142,0,0,0,0,314.611698427915,73.4795582048751,74.5815074003433,0,92.5207898118833,0,153.453047983244,0
