0,0,0,0,0,0,0,0,0,0,0,0,0,0,0,0,0,0,0,199.492852797962,0,0,0,113.144980278377,0,0,0,249.905610015455,0,0,0,0,0,0,112.823430872325,188.936291522747,0,0,0,0,202.712457066107
0,0,0,0,0,0,0,0,0,0,0,80.4367166559625,0,0,255.441154257905,0,0,0,0,228.792310020318,0,347.376449530863,0,0,0,0,0,0,112.793316814908,0,227.504408813069,0,0,0,0,0,0,0,0,0,262.382215657622
0,0,0,0,0,0,70.4221432298295,0,0,0,0,0,0,0,0,0,0,0,0,0,194.442125915551,0,0,0,0,0,335.371040201042,0,0,0,0,0,0,180.355266595273,0,0,133.984214699576,0,0,0,0
0,0,0,0,0,289.631679007608,0,0,0,0,0,136.685314494491,0,0,0,111.435629183184,82.1742780037132,196.04190773555,0,0,142.385058730083,0,0,0,96.7845769653343,0,0,169.742003380707,0,0,115.194491798135,0,0,0,164.032723165762,0,153.876396855887,0,0,150.161410108805,74.4197823064597
0,0,0,0,0,193.777661225572,213.67670887414,0,0,0,0,0,0,0,106.33736463831,0,0,98.6790043377568,0,151.806152521152,0,0,0,138.33942793804,197.893790332676,134.960780198024,0,171.906398392157,0,168.241326865882,0,0,0,0,0,193.63278243493,94.9380989123498,0,0,158.567996645797,97.3506957544063
0,0,0,289.631679007608,193.777661225572,0,0,0,124.853650664477,0,165.597665022977,0,0,0,94.126460729827,0,0,0,0,161.694997919804,0,0,90.7216186966914,0,0,195.378266313867,0,162.833808134102,0,0,0,0,0,106.128596538706,247.66948903751,115.114253591495,140.574866691684,0,0,0,101.350815329073
0,0,70.4221432298295,0,213.67670887414,0,0,0,0,0,0,101.85207633558,111.226326353722,119.728129215699,225.013371621378,108.381749703452,0,128.846764897717,0,0,0,139.93285932648,93.5029580098427,0,0,0,0,220.901129804706,0,0,0,0,0,98.2230592632363,0,0,73.4795582048751,0,0,0,0
0,0,0,0,0,0,0,0,160.530221557972,300.031143529538,106.926813611922,214.116367924649,0,0,0,242.790381480436,0,0,222.053792850439,0,0,0,259.055025639447,0,0,0,93.4234866874731,276.620869034647,195.822649557859,198.528111506785,0,0,0,0,323.781250289068,146.814226519809,96.5937438588657,197.486504603685,0,109.093416850988,0
0,0,0,0,0,124.853650664477,0,160.530221557972,0,100.812745974529,204.481117647118,0,0,0,92.3502314520023,0,0,0,333.645516435298,0,0,0,0,0,0,0,0,174.013630695256,0,0,0,0,0,0,158.955087279859,0,142.054529471577,0,0,78.8552325762656,161.325017232684
0,0,0,0,0,0,0,300.031143529538,100.812745974529,0,261.440278806413,206.472608421747,0,173.201474590904,0,89.3673883748406,0,0,0,0,0,0,192.601533877686,92.5207898118833,75.4497121078207,153.609372090384,0,219.430938885781,231.050882209,0,0,0,0,193.659409924573,85.7623170715703,303.527509149359,81.9664354533492,0,0,66.5008477853491,201.100640800745
0,0,0,0,0,165.597665022977,0,106.926813611922,204.481117647118,261.440278806413,0,0,0,0,0,0,114.511014214502,0,89.707245288964,0,0,0,0,161.74915061469,0,321.124897279917,169.453147353278,133.218162784108,261.605527103798,0,0,0,0,178.224497384947,241.682021696872,58.3493451392805,0,263.534399241887,0,226.825099357786,0
0,80.4367166559625,0,136.685314494491,0,0,101.85207633558,214.116367924649,0,206.472608421747,0,0,0,120.912756812582,0,0,0,146.465927798921,0,0,0,0,128.405764333981,151.036729364761,0,161.275817184598,348.674510760064,135.294330067913,148.808626413748,251.098274723989,0,115.332064605654,0,0,119.345624434514,0,215.611029055736,146.99041817625,128.530575464043,178.748963182352,124.698445421759
0,0,0,0,0,0,111.226326353722,0,0,0,0,0,0,0,0,0,0,0,0,0,0,0,0,172.892533368851,0,306.344527664232,0,0,90.1317194604647,0,0,0,0,137.177378802006,0,0,0,345.797434674459,0,0,0
0,0,0,0,0,0,119.728129215699,0,0,173.201474590904,0,120.912756812582,0,0,241.635434294794,0,186.348837226466,0,228.075434767255,0,92.5568465385234,0,0,0,0,0,0,0,138.425725342224,0,0,0,0,136.792307586862,192.693757128262,110.384905066973,94.7280504127031,0,104.369974912428,125.81518738273,0
0,255.441154257905,0,0,106.33736463831,94.126460729827,225.013371621378,0,92.3502314520023,0,0,0,0,241.635434294794,0,0,0,0,0,62.859596780235,0,0,0,0,0,0,101.895308036513,115.871357769661,106.533627130087,0,0,0,0,205.839960264176,0,0,71.5579325720569,0,0,0,0
0,0,0,111.435629183184,0,0,108.381749703452,242.790381480436,0,89.3673883748406,0,0,0,0,0,0,0,0,0,208.005106191961,0,0,101.605593487621,0,0,0,141.204637091722,154.784755881607,157.852515740516,0,0,0,0,101.443495235174,0,0,0,0,0,0,146.770754374523
0,0,0,82.1742780037132,0,0,0,0,0,0,114.511014214502,0,0,186.348837226466,0,0,0,0,0,0,0,187.77054666536,284.529238481835,0,0,155.901486485736,280.376028997576,0,0,0,0,0,0,137.239127032733,0,241.57250333243,219.078548227669,0,0,0,0
0,0,0,196.04190773555,98.6790043377568,0,128.846764897717,0,0,0,0,146.465927798921,0,0,0,0,0,0,0,0,114.649126378906,0,0,0,0,0,0,0,0,0,0,0,0,218.045528847001,0,0,143.005810983322,0,137.189596148386,224.551207449728,0
0,0,0,0,0,0,0,222.053792850439,333.645516435298,0,89.707245288964,0,0,228.075434767255,0,0,0,0,0,0,0,0,0,0,0,116.054372245433,231.715271819474,249.798812580765,0,0,0,94.027247878695,0,0,117.208001126138,125.416941482916,232.945974238958,0,0,252.487290983309,0
199.492852797962,228.792310020318,0,0,151.806152521152,161.694997919804,0,0,0,0,0,0,0,0,62.859596780235,208.005106191961,0,0,0,0,0,0,153.453047983244,160.537522273714,0,195.314816908693,0,94.7529894315991,0,0,240.185081663983,0,0,209.996727521564,104.915316975638,125.994729980093,112.349934713559,115.541295036174,71.4788760670054,0,0
0,0,194.442125915551,142.385058730083,0,0,0,0,0,0,0,0,0,92.5568465385234,0,0,0,114.649126378906,0,0,0,0,97.5855511246009,73.1029054543569,0,0,173.538155409849,74.5815074003433,0,0,181.316358113209,0,0,306.640284138334,0,0,0,154.065933476765,0,212.592150359921,78.9559315574845
0,347.376449530863,0,0,0,0,139.93285932648,0,0,0,0,0,0,0,0,0,187.77054666536,0,0,0,0,0,139.654362654449,0,0,0,0,0,175.196329314064,0,0,0,0,74.7304794244225,76.5072790361762,0,184.249961885477,0,0,0,0
0,0,0,0,0,90.7216186966914,93.5029580098427,259.055025639447,0,192.601533877686,0,128.405764333981,0,0,0,101.605593487621,284.529238481835,0,0,153.453047983244,97.5855511246009,139.654362654449,0,116.176698124939,0,0,0,0,62.311273509377,0,0,0,0,0,0,0,0,82.6299537488922,84.3635741045246,259.442917595754,0
113.144980278377,0,0,0,138.33942793804,0,0,0,0,92.5207898118833,161.74915061469,151.036729364761,172.892533368851,0,0,0,0,0,0,160.537522273714,73.1029054543569,0,116.176698124939,0,0,131.969743415579,120.567029282014,89.9429017381717,0,206.912707094411,0,0,0,0,61.0664810463559,0,357.423078228283,177.763106506206,103.519938150021,82.6426202489162,201.44584889478
0,0,0,96.7845769653343,197.893790332676,0,0,0,0,75.4497121078207,0,0,0,0,0,0,0,0,0,0,0,0,0,0,0,0,0,283.248188884028,236.681907140956,0,0,0,0,67.8267069095267,145.74089716123,0,224.523755099568,0,0,87.8456058929559,250.461724766314
0,0,0,0,134.960780198024,195.378266313867,0,0,0,153.609372090384,321.124897279917,161.275817184598,306.344527664232,0,0,0,155.901486485736,0,116.054372245433,195.314816908693,0,0,0,131.969743415579,0,0,155.24952173131,283.88658203332,0,159.183173818572,0,99.3508940827211,0,223.705816669619,85.6072705949986,113.059176128709,0,190.185165668632,183.786860782462,186.973586461633,0
0,0,335.371040201042,0,0,0,0,93.4234866874731,0,0,169.453147353278,348.674510760064,0,0,101.895308036513,141.204637091722,280.376028997576,0,231.715271819474,0,173.538155409849,0,0,120.567029282014,0,155.24952173131,0,0,0,151.01089327964,0,94.8881692391942,196.032358954952,0,0,99.2646516363145,204.084074037941,163.945208919892,115.868441404982,219.040656038919,205.183249704085
249.905610015455,0,0,169.742003380707,171.906398392157,162.833808134102,220.901129804706,276.620869034647,174.013630695256,219.430938885781,133.218162784108,135.294330067913,0,0,115.871357769661,154.784755881607,0,0,249.798812580765,94.7529894315991,74.5815074003433,0,0,89.9429017381717,283.248188884028,283.88658203332,0,0,122.106946855269,0,165.893015276821,238.934743274142,0,154.070293657878,82.4756938751058,0,180.543851962045,135.667029391615,0,178.683678585178,320.356811100276
0,112.793316814908,0,0,0,0,0,195.822649557859,0,231.050882209,261.605527103798,148.808626413748,90.1317194604647,138.425725342224,106.533627130087,157.852515740516,0,0,0,0,0,175.196329314064,62.311273509377,0,236.681907140956,0,0,122.106946855269,0,0,0,81.2827395071039,0,172.608400267715,205.09013266389,191.519780382943,0,325.937289045041,321.864157986053,217.157696745803,118.522099274347
0,0,0,0,168.241326865882,0,0,198.528111506785,0,0,0,251.098274723989,0,0,0,0,0,0,0,0,0,0,0,206.912707094411,0,159.183173818572,151.01089327964,0,0,0,0,101.5853655613,0,0,179.718364159796,314.611698427915,98.417953423071,269.936825670274,0,0,0
0,227.504408813069,0,115.194491798135,0,0,0,0,0,0,0,0,0,0,0,0,0,0,0,240.185081663983,181.316358113209,0,0,0,0,0,0,165.893015276821,0,0,0,0,0,0,0,0,309.997227542691,0,0,0,0
0,0,0,0,0,0,0,0,0,0,0,115.332064605654,0,0,0,0,0,0,94.027247878695,0,0,0,0,0,0,99.3508940827211,94.8881692391942,238.934743274142,81.2827395071039,101.5853655613,0,0,0,0,0,0,173.059382066957,253.401634605989,0,154.142998692322,151.695570509541
0,0,0,0,0,0,0,0,0,0,0,0,0,0,0,0,0,0,0,0,0,0,0,0,0,0,196.032358954952,0,0,0,0,0,0,329.719143597451,151.075371308616,167.066576495979,171.230058197369,0,0,0,0
0,0,180.355266595273,0,0,106.128596538706,98.2230592632363,0,0,193.659409924573,178.224497384947,0,137.177378802006,136.792307586862,205.839960264176,101.443495235174,137.239127032733,218.045528847001,0,209.996727521564,306.640284138334,74.7304794244225,0,0,67.8267069095267,223.705816669619,0,154.070293657878,172.608400267715,0,0,0,329.719143597451,0,161.302948562323,95.7590805983148,139.792601838991,211.840482897052,193.055010680236,200.878319874537,353.822894641502
112.823430872325,0,0,164.032723165762,0,247.66948903751,0,323.781250289068,158.955087279859,85.7623170715703,241.682021696872,119.345624434514,0,192.693757128262,0,0,0,0,117.208001126138,104.915316975638,0,76.5072790361762,0,61.0664810463559,145.74089716123,85.6072705949986,0,82.4756938751058,205.09013266389,179.718364159796,0,0,151.075371308616,161.302948562323,0,0,192.135034768848,173.001559092555,163.059043292369,220.963068032256,80.8080171296381
188.936291522747,0,0,0,193.63278243493,115.114253591495,0,146.814226519809,0,303.527509149359,58.3493451392805,0,0,110.384905066973,0,0,241.57250333243,0,125.416941482916,125.994729980093,0,0,0,0,0,113.059176128709,99.2646516363145,0,191.519780382943,314.611698427915,0,0,167.066576495979,95.7590805983148,0,0,188.851177466023,0,198.964527389285,338.131802716296,0
0,0,133.984214699576,153.876396855887,94.9380989123498,140.574866691684,73.4795582048751,96.5937438588657,142.054529471577,81.9664354533492,0,215.611029055736,0,94.7280504127031,71.5579325720569,0,219.078548227669,143.005810983322,232.945974238958,112.349934713559,0,184.249961885477,0,357.423078228283,224.523755099568,0,204.084074037941,180.543851962045,0,98.417953423071,309.997227542691,173.059382066957,171.230058197369,139.792601838991,192.135034768848,188.851177466023,0,180.90030328818,221.805809452716,0,153.672550905948
0,0,0,0,0,0,0,197.486504603685,0,0,263.534399241887,146.99041817625,345.797434674459,0,0,0,0,0,0,115.541295036174,154.065933476765,0,82.6299537488922,177.763106506206,0,190.185165668632,163.945208919892,135.667029391615,325.937289045041,269.936825670274,0,253.401634605989,0,211.840482897052,173.001559092555,0,180.90030328818,0,97.3232815600345,134.566479261133,72.2278283150671
0,0,0,0,0,0,0,0,0,0,0,128.530575464043,0,104.369974912428,0,0,0,137.189596148386,0,71.4788760670054,0,0,84.3635741045246,103.519938150021,0,183.786860782462,115.868441404982,0,321.864157986053,0,0,0,0,193.055010680236,163.059043292369,198.964527389285,221.805809452716,97.3232815600345,0,89.1590885155172,0
0,0,0,150.161410108805,158.567996645797,0,0,109.093416850988,78.8552325762656,66.5008477853491,226.825099357786,178.748963182352,0,125.81518738273,0,0,0,224.551207449728,252.487290983309,0,212.592150359921,0,259.442917595754,82.6426202489162,87.8456058929559,186.973586461633,219.040656038919,178.683678585178,217.157696745803,0,0,154.142998692322,0,200.878319874537,220.963068032256,338.131802716296,0,134.566479261133,89.1590885155172,0,108.136066660554
202.712457066107,262.382215657622,0,74.4197823064597,97.3506957544063,101.350815329073,0,0,161.325017232684,201.100640800745,0,124.698445421759,0,0,0,146.770754374523,0,0,0,0,78.9559315574845,0,0,201.44584889478,250.461724766314,0,205.183249704085,320.356811100276,118.522099274347,0,0,151.695570509541,0,353.822894641502,80.8080171296381,0,153.672550905948,72.2278283150671,0,108.136066660554,0
