0,0,0,0,242.790381480436,0,0,0,0,101.443495235174,0,0,0,0,0,0,0,0,0,0,0,0,0,71.4788760670054,0,0,0,0,0,0,0,0,0,74.7304794244225,0,0,0,76.5072790361762,0,74.4197823064597,0
0,0,0,0,112.349934713559,0,0,0,0,0,0,0,0,0,0,0,205.183249704085,0,0,0,159.183173818572,0,0,113.059176128709,0,0,115.114253591495,0,0,0,0,0,0,198.528111506785,0,0,0,206.472608421747,0,0,0
0,0,0,0,0,0,0,0,151.01089327964,0,0,0,0,0,0,0,0,0,0,0,0,0,0,0,0,0,0,0,0,0,0,0,0,112.823430872325,139.792601838991,0,247.66948903751,0,137.189596148386,0,0
0,0,0,0,0,0,99.3508940827211,0,0,0,0,158.567996645797,0,80.8080171296381,0,0,0,0,0,232.945974238958,0,0,0,0,111.435629183184,90.7216186966914,255.441154257905,82.6299537488922,172.608400267715,0,0,0,0,0,303.527509149359,0,192.693757128262,0,0,125.416941482916,193.777661225572
242.790381480436,112.349934713559,0,0,0,0,0,221.805809452716,154.065933476765,146.770754374523,0,320.356811100276,208.005106191961,0,200.878319874537,0,0,0,0,115.871357769661,0,0,0,145.74089716123,0,0,0,252.487290983309,0,0,0,0,0,0,0,0,0,205.839960264176,251.098274723989,106.926813611922,0
0,0,0,0,0,0,211.840482897052,0,0,0,249.905610015455,0,219.040656038919,165.597665022977,0,0,169.453147353278,191.519780382943,0,151.695570509541,0,0,0,0,0,66.5008477853491,284.529238481835,263.534399241887,0,0,0,0,0,0,194.442125915551,280.376028997576,192.135034768848,0,0,0,89.9429017381717
0,0,0,99.3508940827211,0,211.840482897052,0,174.013630695256,0,151.806152521152,155.24952173131,0,115.541295036174,0,0,0,0,0,81.2827395071039,0,0,0,0,178.748963182352,0,0,329.719143597451,115.868441404982,0,82.6426202489162,0,0,0,0,0,172.892533368851,104.915316975638,0,0,0,0
0,0,0,0,221.805809452716,0,174.013630695256,0,0,0,0,0,0,0,224.551207449728,228.075434767255,0,0,0,99.2646516363145,0,0,0,0,0,101.350815329073,106.128596538706,0,173.001559092555,0,114.649126378906,0,0,131.969743415579,259.442917595754,161.74915061469,0,67.8267069095267,187.77054666536,238.934743274142,89.707245288964
0,0,151.01089327964,0,154.065933476765,0,0,0,0,0,101.895308036513,0,0,97.5855511246009,0,0,0,0,220.963068032256,0,0,0,0,0,0,92.5207898118833,106.33736463831,226.825099357786,0,0,0,0,0,0,0,0,177.763106506206,0,85.7623170715703,137.239127032733,0
101.443495235174,0,0,0,146.770754374523,0,151.806152521152,0,0,0,0,120.912756812582,0,0,0,0,0,276.620869034647,192.601533877686,0,0,135.667029391615,309.997227542691,142.054529471577,0,119.345624434514,0,0,169.742003380707,80.4367166559625,0,0,0,138.425725342224,193.63278243493,0,160.530221557972,128.530575464043,0,73.4795582048751,153.672550905948
0,0,0,0,0,249.905610015455,155.24952173131,0,101.895308036513,0,0,0,0,323.781250289068,0,0,0,0,0,0,0,0,124.853650664477,0,253.401634605989,115.194491798135,0,202.712457066107,78.9559315574845,0,0,98.2230592632363,0,173.059382066957,219.078548227669,224.523755099568,0,0,87.8456058929559,195.822649557859,133.218162784108
0,0,0,158.567996645797,320.356811100276,0,0,0,0,120.912756812582,0,0,71.5579325720569,0,0,181.316358113209,165.893015276821,0,196.032358954952,141.204637091722,72.2278283150671,0,128.405764333981,122.106946855269,0,142.385058730083,205.09013266389,201.44584889478,0,0,0,241.57250333243,0,134.960780198024,0,348.674510760064,154.784755881607,175.196329314064,0,228.792310020318,146.814226519809
0,0,0,0,208.005106191961,219.040656038919,115.541295036174,0,0,0,0,71.5579325720569,0,0,0,0,0,0,0,0,0,0,0,0,0,0,0,0,136.792307586862,0,0,0,0,0,0,0,96.7845769653343,0,0,0,0
0,0,0,80.8080171296381,0,165.597665022977,0,0,97.5855511246009,0,323.781250289068,0,0,0,213.67670887414,0,0,0,0,0,0,0,0,109.093416850988,0,163.945208919892,0,219.430938885781,153.609372090384,0,0,0,0,111.226326353722,100.812745974529,0,231.715271819474,178.224497384947,73.1029054543569,0,0
0,0,0,0,200.878319874537,0,0,224.551207449728,0,0,0,0,0,213.67670887414,0,0,0,0,151.075371308616,128.846764897717,0,0,0,249.798812580765,168.241326865882,0,0,0,0,0,0,0,0,225.013371621378,124.698445421759,134.566479261133,110.384905066973,0,0,262.382215657622,0
0,0,0,0,0,0,0,228.075434767255,0,0,0,181.316358113209,0,0,0,0,0,0,0,0,0,345.797434674459,0,93.4234866874731,0,0,0,0,0,186.973586461633,0,250.461724766314,347.376449530863,0,188.936291522747,186.348837226466,195.314816908693,0,0,197.486504603685,0
0,205.183249704085,0,0,0,169.453147353278,0,0,0,0,0,165.893015276821,0,0,0,0,0,0,0,0,0,0,0,0,120.567029282014,0,0,104.369974912428,116.176698124939,0,154.070293657878,0,0,190.185165668632,101.605593487621,0,0,0,0,0,217.157696745803
0,0,0,0,0,191.519780382943,0,0,0,276.620869034647,0,0,0,0,0,0,0,0,0,0,0,0,0,0,0,0,241.682021696872,108.136066660554,0,0,0,0,0,198.964527389285,92.5568465385234,209.996727521564,139.654362654449,0,0,146.99041817625,0
0,0,0,0,0,0,81.2827395071039,0,220.963068032256,192.601533877686,0,196.032358954952,0,0,151.075371308616,0,0,0,0,0,0,0,0,0,135.294330067913,0,188.851177466023,114.511014214502,163.059043292369,0,0,0,0,0,218.045528847001,0,220.901129804706,0,0,223.705816669619,0
0,0,0,232.945974238958,115.871357769661,151.695570509541,0,99.2646516363145,0,0,0,141.204637091722,0,0,128.846764897717,0,0,0,0,0,108.381749703452,199.492852797962,0,0,0,206.912707094411,0,0,81.9664354533492,90.1317194604647,321.124897279917,0,0,101.5853655613,125.81518738273,0,314.611698427915,158.955087279859,241.635434294794,0,0
0,159.183173818572,0,0,0,0,0,0,0,0,0,72.2278283150671,0,0,0,0,0,0,0,108.381749703452,0,0,0,178.683678585178,0,0,139.93285932648,62.859596780235,0,61.0664810463559,0,0,0,0,197.893790332676,137.177378802006,153.453047983244,82.1742780037132,82.4756938751058,338.131802716296,0
0,0,0,0,0,0,0,0,0,135.667029391615,0,0,0,0,0,345.797434674459,0,0,0,199.492852797962,0,0,240.185081663983,0,0,0,0,0,0,0,0,0,101.85207633558,180.90030328818,0,0,0,0,215.611029055736,0,97.3506957544063
0,0,0,0,0,0,0,0,0,309.997227542691,124.853650664477,128.405764333981,0,0,0,0,0,0,0,0,0,240.185081663983,0,146.465927798921,0,193.055010680236,353.822894641502,148.808626413748,214.116367924649,95.7590805983148,0,160.537522273714,0,0,0,0,180.543851962045,58.3493451392805,0,171.230058197369,94.9380989123498
71.4788760670054,113.059176128709,0,0,145.74089716123,0,178.748963182352,0,0,142.054529471577,0,122.106946855269,0,109.093416850988,249.798812580765,93.4234866874731,0,0,0,0,178.683678585178,0,146.465927798921,0,0,283.248188884028,0,154.142998692322,0,0,161.302948562323,115.332064605654,0,0,259.055025639447,222.053792850439,204.084074037941,0,0,0,184.249961885477
0,0,0,111.435629183184,0,0,0,0,0,0,253.401634605989,0,0,0,168.241326865882,0,120.567029282014,0,135.294330067913,0,0,0,0,0,0,0,0,153.876396855887,0,0,0,0,0,0,119.728129215699,0,325.937289045041,231.050882209,0,116.054372245433,0
0,0,0,90.7216186966914,0,66.5008477853491,0,101.350815329073,92.5207898118833,119.345624434514,115.194491798135,142.385058730083,0,163.945208919892,0,0,0,0,0,206.912707094411,0,0,193.055010680236,283.248188884028,0,0,173.538155409849,125.994729980093,98.417953423071,0,0,0,0,306.344527664232,0,70.4221432298295,173.201474590904,164.032723165762,0,94.7529894315991,133.984214699576
0,115.114253591495,0,255.441154257905,0,284.529238481835,329.719143597451,106.128596538706,106.33736463831,0,0,205.09013266389,0,0,0,0,0,241.682021696872,188.851177466023,0,139.93285932648,0,353.822894641502,0,0,173.538155409849,0,195.378266313867,93.5029580098427,0,0,0,0,140.574866691684,269.936825670274,0,180.355266595273,106.533627130087,0,179.718364159796,335.371040201042
0,0,0,82.6299537488922,252.487290983309,263.534399241887,115.868441404982,0,226.825099357786,0,202.712457066107,201.44584889478,0,219.430938885781,0,0,104.369974912428,108.136066660554,114.511014214502,0,62.859596780235,0,148.808626413748,154.142998692322,153.876396855887,125.994729980093,195.378266313867,0,193.659409924573,227.504408813069,0,0,0,201.100640800745,212.592150359921,333.645516435298,94.7280504127031,118.522099274347,155.901486485736,84.3635741045246,62.311273509377
0,0,0,172.608400267715,0,0,0,173.001559092555,0,169.742003380707,78.9559315574845,0,136.792307586862,153.609372090384,0,0,116.176698124939,0,163.059043292369,81.9664354533492,0,0,214.116367924649,0,0,98.417953423071,93.5029580098427,193.659409924573,0,196.04190773555,0,89.3673883748406,0,98.6790043377568,143.005810983322,204.481117647118,138.33942793804,157.852515740516,0,321.864157986053,0
0,0,0,0,0,0,82.6426202489162,0,0,80.4367166559625,0,0,0,0,0,186.973586461633,0,0,0,90.1317194604647,61.0664810463559,0,95.7590805983148,0,0,0,0,227.504408813069,196.04190773555,0,0,0,0,0,161.275817184598,0,94.126460729827,0,0,306.640284138334,0
0,0,0,0,0,0,0,114.649126378906,0,0,0,0,0,0,0,0,154.070293657878,0,0,321.124897279917,0,0,0,161.302948562323,0,0,0,0,0,0,0,162.833808134102,0,357.423078228283,0,0,0,0,0,0,0
0,0,0,0,0,0,0,0,0,0,98.2230592632363,241.57250333243,0,0,0,250.461724766314,0,0,0,0,0,0,160.537522273714,115.332064605654,0,0,0,0,89.3673883748406,0,162.833808134102,0,0,112.793316814908,0,89.1590885155172,0,92.3502314520023,0,0,161.694997919804
0,0,0,0,0,0,0,0,0,0,0,0,0,0,0,347.376449530863,0,0,0,0,0,101.85207633558,0,0,0,0,0,0,0,0,0,0,0,261.440278806413,0,0,236.681907140956,0,0,0,283.88658203332
74.7304794244225,198.528111506785,112.823430872325,0,0,0,0,131.969743415579,0,138.425725342224,173.059382066957,134.960780198024,0,111.226326353722,225.013371621378,0,190.185165668632,198.964527389285,0,101.5853655613,0,180.90030328818,0,0,0,306.344527664232,140.574866691684,201.100640800745,98.6790043377568,0,357.423078228283,112.793316814908,261.440278806413,0,289.631679007608,0,150.161410108805,103.519938150021,94.027247878695,97.3232815600345,85.6072705949986
0,0,139.792601838991,303.527509149359,0,194.442125915551,0,259.442917595754,0,193.63278243493,219.078548227669,0,0,100.812745974529,124.698445421759,188.936291522747,101.605593487621,92.5568465385234,218.045528847001,125.81518738273,197.893790332676,0,0,259.055025639447,119.728129215699,0,269.936825670274,212.592150359921,143.005810983322,161.275817184598,0,0,0,289.631679007608,0,94.8881692391942,161.325017232684,0,96.5937438588657,0,74.5815074003433
0,0,0,0,0,280.376028997576,172.892533368851,161.74915061469,0,0,224.523755099568,348.674510760064,0,0,134.566479261133,186.348837226466,0,209.996727521564,0,0,137.177378802006,0,0,222.053792850439,0,70.4221432298295,0,333.645516435298,204.481117647118,0,0,89.1590885155172,0,0,94.8881692391942,0,136.685314494491,0,300.031143529538,75.4497121078207,261.605527103798
0,0,247.66948903751,192.693757128262,0,192.135034768848,104.915316975638,0,177.763106506206,160.530221557972,0,154.784755881607,96.7845769653343,231.715271819474,110.384905066973,195.314816908693,0,139.654362654449,220.901129804706,314.611698427915,153.453047983244,0,180.543851962045,204.084074037941,325.937289045041,173.201474590904,180.355266595273,94.7280504127031,138.33942793804,94.126460729827,0,0,236.681907140956,150.161410108805,161.325017232684,136.685314494491,0,171.906398392157,0,167.066576495979,113.144980278377
76.5072790361762,206.472608421747,0,0,205.839960264176,0,0,67.8267069095267,0,128.530575464043,0,175.196329314064,0,178.224497384947,0,0,0,0,0,158.955087279859,82.1742780037132,0,58.3493451392805,0,231.050882209,164.032723165762,106.533627130087,118.522099274347,157.852515740516,0,0,92.3502314520023,0,103.519938150021,0,0,171.906398392157,0,183.786860782462,0,151.036729364761
0,0,137.189596148386,0,251.098274723989,0,0,187.77054666536,85.7623170715703,0,87.8456058929559,0,0,73.1029054543569,0,0,0,0,0,241.635434294794,82.4756938751058,215.611029055736,0,0,0,0,0,155.901486485736,0,0,0,0,0,94.027247878695,96.5937438588657,300.031143529538,0,183.786860782462,0,117.208001126138,0
74.4197823064597,0,0,125.416941482916,106.926813611922,0,0,238.934743274142,137.239127032733,73.4795582048751,195.822649557859,228.792310020318,0,0,262.382215657622,197.486504603685,0,146.99041817625,223.705816669619,0,338.131802716296,0,171.230058197369,0,116.054372245433,94.7529894315991,179.718364159796,84.3635741045246,321.864157986053,306.640284138334,0,0,0,97.3232815600345,0,75.4497121078207,167.066576495979,0,117.208001126138,0,78.8552325762656
0,0,0,193.777661225572,0,89.9429017381717,0,89.707245288964,0,153.672550905948,133.218162784108,146.814226519809,0,0,0,0,217.157696745803,0,0,0,0,97.3506957544063,94.9380989123498,184.249961885477,0,133.984214699576,335.371040201042,62.311273509377,0,0,0,161.694997919804,283.88658203332,85.6072705949986,74.5815074003433,261.605527103798,113.144980278377,151.036729364761,0,78.8552325762656,0
