0,0,0,0,0,0,0,0,0,252.487290983309,0,0,0,0,0,0,0,0,0,0,0,0,0,0,0,0,0,0,133.218162784108,0,0,138.425725342224,0,0,108.136066660554,0,283.88658203332,0,0,0,67.8267069095267
0,0,148.808626413748,0,0,222.053792850439,0,0,0,0,0,120.912756812582,0,0,0,0,0,0,0,0,0,205.09013266389,0,0,165.597665022977,97.3506957544063,0,0,0,0,0,0,0,0,0,0,0,0,0,151.695570509541,0
0,148.808626413748,0,0,209.996727521564,0,0,0,0,0,0,303.527509149359,0,0,0,0,0,0,0,0,0,0,0,0,0,0,0,0,0,0,0,0,0,0,0,0,115.114253591495,0,0,0,193.63278243493
0,0,0,0,0,0,0,0,161.302948562323,0,0,106.33736463831,0,228.075434767255,115.541295036174,0,0,0,0,0,0,0,196.032358954952,0,81.2827395071039,0,181.316358113209,190.185165668632,0,0,0,0,0,193.659409924573,195.378266313867,0,214.116367924649,213.67670887414,0,82.1742780037132,0
0,0,209.996727521564,0,0,0,155.901486485736,0,85.7623170715703,253.401634605989,0,0,0,0,0,0,0,180.543851962045,134.960780198024,0,0,0,96.7845769653343,95.7590805983148,160.537522273714,114.511014214502,0,208.005106191961,81.9664354533492,0,0,0,0,97.3232815600345,179.718364159796,0,0,0,0,0,0
0,222.053792850439,0,0,0,0,103.519938150021,0,0,100.812745974529,0,0,0,138.33942793804,0,93.5029580098427,135.294330067913,0,0,0,0,0,0,113.144980278377,0,73.1029054543569,0,165.893015276821,151.806152521152,0,0,106.128596538706,0,0,0,242.790381480436,78.9559315574845,0,0,232.945974238958,0
0,0,0,0,155.901486485736,103.519938150021,0,0,0,137.189596148386,0,0,0,0,0,0,0,0,194.442125915551,114.649126378906,0,0,0,0,0,0,228.792310020318,241.635434294794,160.530221557972,0,0,0,0,180.355266595273,118.522099274347,0,321.864157986053,0,183.786860782462,0,175.196329314064
0,0,0,0,0,0,0,0,112.823430872325,151.036729364761,61.0664810463559,80.8080171296381,0,0,76.5072790361762,314.611698427915,0,0,0,0,0,0,289.631679007608,0,0,0,101.350815329073,139.654362654449,155.24952173131,0,0,173.538155409849,0,94.027247878695,219.040656038919,347.376449530863,164.032723165762,0,0,151.075371308616,0
0,0,0,161.302948562323,85.7623170715703,0,0,112.823430872325,0,0,0,119.728129215699,0,0,104.369974912428,0,0,0,0,0,0,161.325017232684,0,197.893790332676,188.936291522747,0,0,0,0,0,0,0,0,329.719143597451,0,0,137.239127032733,0,0,186.973586461633,0
252.487290983309,0,0,0,253.401634605989,100.812745974529,137.189596148386,151.036729364761,0,0,335.371040201042,0,0,0,0,321.124897279917,0,0,0,109.093416850988,0,0,131.969743415579,0,0,0,74.5815074003433,320.356811100276,0,0,0,0,172.608400267715,158.955087279859,0,133.984214699576,128.405764333981,0,169.742003380707,205.839960264176,223.705816669619
0,0,0,0,0,0,0,61.0664810463559,0,335.371040201042,0,142.385058730083,0,0,0,0,0,241.57250333243,136.685314494491,0,0,0,192.693757128262,238.934743274142,0,119.345624434514,85.6072705949986,0,0,0,0,0,0,161.275817184598,101.443495235174,261.605527103798,62.859596780235,348.674510760064,0,87.8456058929559,202.712457066107
0,120.912756812582,303.527509149359,106.33736463831,0,0,0,80.8080171296381,119.728129215699,0,142.385058730083,0,0,98.2230592632363,199.492852797962,153.453047983244,0,0,0,240.185081663983,0,157.852515740516,206.912707094411,0,0,71.5579325720569,0,0,178.683678585178,0,0,153.876396855887,0,0,306.344527664232,0,284.529238481835,135.667029391615,151.01089327964,241.682021696872,259.442917595754
0,0,0,0,0,0,0,0,0,0,0,0,0,0,0,111.435629183184,0,0,94.8881692391942,188.851177466023,0,0,0,0,0,0,0,92.3502314520023,0,0,0,0,0,89.9429017381717,0,0,0,338.131802716296,0,0,0
0,0,0,228.075434767255,0,138.33942793804,0,0,0,0,0,98.2230592632363,0,0,192.135034768848,0,0,0,0,0,0,0,0,66.5008477853491,0,0,0,72.2278283150671,75.4497121078207,0,0,195.314816908693,0,171.906398392157,262.382215657622,115.194491798135,117.208001126138,101.85207633558,0,62.311273509377,0
0,0,0,115.541295036174,0,0,0,76.5072790361762,104.369974912428,0,0,199.492852797962,0,192.135034768848,0,0,141.204637091722,0,0,217.157696745803,0,0,309.997227542691,0,0,0,0,200.878319874537,0,0,0,0,0,0,0,0,125.81518738273,0,115.868441404982,0,186.348837226466
0,0,0,0,0,93.5029580098427,0,314.611698427915,0,321.124897279917,0,153.453047983244,111.435629183184,0,0,0,0,0,0,0,71.4788760670054,0,0,231.715271819474,0,0,0,58.3493451392805,0,0,0,0,0,0,0,0,146.99041817625,92.5568465385234,193.055010680236,0,0
0,0,0,0,0,135.294330067913,0,0,0,0,0,0,0,0,141.204637091722,0,0,0,140.574866691684,0,191.519780382943,0,0,163.945208919892,0,0,263.534399241887,111.226326353722,0,113.059176128709,0,0,0,0,204.084074037941,0,143.005810983322,0,0,0,0
0,0,0,0,180.543851962045,0,0,0,0,0,241.57250333243,0,0,0,0,0,0,0,0,0,0,0,0,0,0,0,224.523755099568,247.66948903751,0,0,0,128.530575464043,0,206.472608421747,0,0,70.4221432298295,227.504408813069,0,99.2646516363145,0
0,0,0,0,134.960780198024,0,194.442125915551,0,0,0,136.685314494491,0,94.8881692391942,0,0,0,140.574866691684,0,0,106.533627130087,0,0,0,0,0,167.066576495979,0,0,0,0,0,0,0,236.681907140956,198.964527389285,0,116.054372245433,0,137.177378802006,0,333.645516435298
0,0,0,0,0,0,114.649126378906,0,0,109.093416850988,0,240.185081663983,188.851177466023,0,217.157696745803,0,0,0,106.533627130087,0,0,0,0,78.8552325762656,0,0,177.763106506206,0,94.7280504127031,150.161410108805,115.871357769661,0,187.77054666536,116.176698124939,0,82.6426202489162,0,276.620869034647,0,146.814226519809,104.915316975638
0,0,0,0,0,0,0,0,0,0,0,0,0,0,0,71.4788760670054,191.519780382943,0,0,0,0,0,122.106946855269,0,0,249.905610015455,90.7216186966914,0,255.441154257905,161.694997919804,0,0,0,323.781250289068,97.5855511246009,173.059382066957,92.5207898118833,0,178.224497384947,94.7529894315991,0
0,205.09013266389,0,0,0,0,0,0,161.325017232684,0,0,157.852515740516,0,0,0,0,0,0,0,0,0,0,0,283.248188884028,0,251.098274723989,0,261.440278806413,0,0,99.3508940827211,0,0,0,0,82.6299537488922,0,0,0,0,0
0,0,0,196.032358954952,96.7845769653343,0,0,289.631679007608,0,131.969743415579,192.693757128262,206.912707094411,0,0,309.997227542691,0,0,0,0,0,122.106946855269,0,0,154.142998692322,259.055025639447,0,0,0,94.126460729827,0,0,0,0,153.672550905948,96.5937438588657,0,0,0,0,101.895308036513,174.013630695256
0,0,0,0,95.7590805983148,113.144980278377,0,0,197.893790332676,0,238.934743274142,0,0,66.5008477853491,0,231.715271819474,163.945208919892,0,0,78.8552325762656,0,283.248188884028,154.142998692322,0,0,142.054529471577,193.777661225572,0,0,172.892533368851,0,0,0,120.567029282014,168.241326865882,101.605593487621,250.461724766314,300.031143529538,0,154.070293657878,0
0,165.597665022977,0,81.2827395071039,160.537522273714,0,0,0,188.936291522747,0,0,0,0,0,0,0,0,0,0,0,0,0,259.055025639447,0,0,178.748963182352,0,108.381749703452,0,201.100640800745,0,0,0,162.833808134102,280.376028997576,0,0,0,0,0,0
0,97.3506957544063,0,0,114.511014214502,73.1029054543569,0,0,0,0,119.345624434514,71.5579325720569,0,0,0,0,0,0,167.066576495979,0,249.905610015455,251.098274723989,0,142.054529471577,178.748963182352,0,124.853650664477,74.4197823064597,169.453147353278,0,0,0,0,212.592150359921,146.770754374523,161.74915061469,98.6790043377568,345.797434674459,112.793316814908,0,219.078548227669
0,0,0,181.316358113209,0,0,228.792310020318,101.350815329073,0,74.5815074003433,85.6072705949986,0,0,0,0,0,263.534399241887,224.523755099568,0,177.763106506206,90.7216186966914,0,0,193.777661225572,0,124.853650664477,0,74.7304794244225,204.481117647118,0,0,89.1590885155172,0,0,357.423078228283,226.825099357786,225.013371621378,124.698445421759,0,158.567996645797,128.846764897717
0,0,0,190.185165668632,208.005106191961,165.893015276821,241.635434294794,139.654362654449,0,320.356811100276,0,0,92.3502314520023,72.2278283150671,200.878319874537,58.3493451392805,111.226326353722,247.66948903751,0,0,0,261.440278806413,0,0,108.381749703452,74.4197823064597,74.7304794244225,0,219.430938885781,145.74089716123,0,0,134.566479261133,218.045528847001,215.611029055736,110.384905066973,90.1317194604647,73.4795582048751,93.4234866874731,139.93285932648,153.609372090384
133.218162784108,0,0,0,81.9664354533492,151.806152521152,160.530221557972,155.24952173131,0,0,0,178.683678585178,0,75.4497121078207,0,0,0,0,0,94.7280504127031,255.441154257905,0,94.126460729827,0,0,169.453147353278,204.481117647118,219.430938885781,0,98.417953423071,224.551207449728,0,0,205.183249704085,184.249961885477,0,163.059043292369,0,353.822894641502,195.822649557859,94.9380989123498
0,0,0,0,0,0,0,0,0,0,0,0,0,0,0,0,113.059176128709,0,0,150.161410108805,161.694997919804,0,0,172.892533368851,201.100640800745,0,0,145.74089716123,98.417953423071,0,106.926813611922,0,0,220.963068032256,0,0,139.792601838991,136.792307586862,0,0,0
0,0,0,0,0,0,0,0,0,0,0,0,0,0,0,0,0,0,0,115.871357769661,0,99.3508940827211,0,0,0,0,0,0,224.551207449728,106.926813611922,0,0,0,0,0,0,0,306.640284138334,0,0,89.707245288964
138.425725342224,0,0,0,0,106.128596538706,0,173.538155409849,0,0,0,153.876396855887,0,195.314816908693,0,0,0,128.530575464043,0,0,0,0,0,0,0,0,89.1590885155172,0,0,0,0,0,0,0,80.4367166559625,125.416941482916,0,0,0,201.44584889478,211.840482897052
0,0,0,0,0,0,0,0,0,172.608400267715,0,0,0,0,0,0,0,0,0,187.77054666536,0,0,0,0,0,0,0,134.566479261133,0,0,0,0,0,0,154.784755881607,0,0,0,0,325.937289045041,0
0,0,0,193.659409924573,97.3232815600345,0,180.355266595273,94.027247878695,329.719143597451,158.955087279859,161.275817184598,0,89.9429017381717,171.906398392157,0,0,0,206.472608421747,236.681907140956,116.176698124939,323.781250289068,0,153.672550905948,120.567029282014,162.833808134102,212.592150359921,0,218.045528847001,205.183249704085,220.963068032256,0,0,0,0,159.183173818572,197.486504603685,220.901129804706,192.601533877686,112.349934713559,231.050882209,0
108.136066660554,0,0,195.378266313867,179.718364159796,0,118.522099274347,219.040656038919,0,0,101.443495235174,306.344527664232,0,262.382215657622,0,0,204.084074037941,0,198.964527389285,0,97.5855511246009,0,96.5937438588657,168.241326865882,280.376028997576,146.770754374523,357.423078228283,215.611029055736,184.249961885477,0,0,80.4367166559625,154.784755881607,159.183173818572,0,196.04190773555,198.528111506785,82.4756938751058,0,0,180.90030328818
0,0,0,0,0,242.790381480436,0,347.376449530863,0,133.984214699576,261.605527103798,0,0,115.194491798135,0,0,0,0,0,82.6426202489162,173.059382066957,82.6299537488922,0,101.605593487621,0,161.74915061469,226.825099357786,110.384905066973,0,0,0,125.416941482916,0,197.486504603685,196.04190773555,0,84.3635741045246,125.994729980093,89.3673883748406,173.001559092555,0
283.88658203332,0,115.114253591495,214.116367924649,0,78.9559315574845,321.864157986053,164.032723165762,137.239127032733,128.405764333981,62.859596780235,284.529238481835,0,117.208001126138,125.81518738273,146.99041817625,143.005810983322,70.4221432298295,116.054372245433,0,92.5207898118833,0,0,250.461724766314,0,98.6790043377568,225.013371621378,90.1317194604647,163.059043292369,139.792601838991,0,0,0,220.901129804706,198.528111506785,84.3635741045246,0,146.465927798921,269.936825670274,221.805809452716,101.5853655613
0,0,0,213.67670887414,0,0,0,0,0,0,348.674510760064,135.667029391615,338.131802716296,101.85207633558,0,92.5568465385234,0,227.504408813069,0,276.620869034647,0,0,0,300.031143529538,0,345.797434674459,124.698445421759,73.4795582048751,0,136.792307586862,306.640284138334,0,0,192.601533877686,82.4756938751058,125.994729980093,146.465927798921,0,0,154.065933476765,171.230058197369
0,0,0,0,0,0,183.786860782462,0,0,169.742003380707,0,151.01089327964,0,0,115.868441404982,193.055010680236,0,0,137.177378802006,0,178.224497384947,0,0,0,0,112.793316814908,0,93.4234866874731,353.822894641502,0,0,0,0,112.349934713559,0,89.3673883748406,269.936825670274,0,0,249.798812580765,173.201474590904
0,151.695570509541,0,82.1742780037132,0,232.945974238958,0,151.075371308616,186.973586461633,205.839960264176,87.8456058929559,241.682021696872,0,62.311273509377,0,0,0,99.2646516363145,0,146.814226519809,94.7529894315991,0,101.895308036513,154.070293657878,0,0,158.567996645797,139.93285932648,195.822649557859,0,0,201.44584889478,325.937289045041,231.050882209,0,173.001559092555,221.805809452716,154.065933476765,249.798812580765,0,115.332064605654
67.8267069095267,0,193.63278243493,0,0,0,175.196329314064,0,0,223.705816669619,202.712457066107,259.442917595754,0,0,186.348837226466,0,0,0,333.645516435298,104.915316975638,0,0,174.013630695256,0,0,219.078548227669,128.846764897717,153.609372090384,94.9380989123498,0,89.707245288964,211.840482897052,0,0,180.90030328818,0,101.5853655613,171.230058197369,173.201474590904,115.332064605654,0
