0,0,0,0,0,0,0,0,0,0,0,0,0,0,0,0,0,0,0,133.984214699576,0,0,0,0,0,0,0,113.144980278377,0,0,0,0,0,289.631679007608,0,186.348837226466,160.530221557972,0,0,0,154.070293657878
0,0,0,0,151.01089327964,206.912707094411,0,0,0,0,0,0,0,0,0,0,0,0,0,0,196.04190773555,0,0,0,0,0,0,139.654362654449,0,0,145.74089716123,0,0,0,0,0,61.0664810463559,0,0,0,161.74915061469
0,0,0,250.461724766314,0,0,0,0,0,0,0,329.719143597451,0,0,0,0,0,0,0,0,0,0,0,0,0,0,0,0,0,0,0,0,0,178.748963182352,0,0,255.441154257905,214.116367924649,0,0,0
0,0,250.461724766314,0,0,0,0,0,0,0,0,0,0,0,0,0,164.032723165762,0,0,0,0,0,0,220.963068032256,0,0,0,283.88658203332,198.528111506785,151.075371308616,0,0,0,135.667029391615,151.806152521152,186.973586461633,196.032358954952,160.537522273714,0,347.376449530863,175.196329314064
0,151.01089327964,0,0,0,224.523755099568,0,0,0,137.189596148386,276.620869034647,99.2646516363145,97.5855511246009,0,0,0,0,0,0,0,0,193.659409924573,0,333.645516435298,212.592150359921,0,85.7623170715703,165.893015276821,253.401634605989,0,0,0,0,74.4197823064597,0,0,0,0,0,188.851177466023,0
0,206.912707094411,0,0,224.523755099568,0,0,0,0,0,0,0,0,263.534399241887,82.6426202489162,0,0,0,228.792310020318,201.100640800745,0,80.4367166559625,0,0,0,0,218.045528847001,353.822894641502,117.208001126138,0,0,0,0,89.3673883748406,205.839960264176,0,133.218162784108,0,0,284.529238481835,0
0,0,0,0,0,0,0,0,0,0,0,252.487290983309,111.226326353722,0,0,0,232.945974238958,0,0,0,0,0,135.294330067913,0,0,169.742003380707,215.611029055736,172.892533368851,162.833808134102,0,236.681907140956,0,0,108.136066660554,0,0,94.7529894315991,90.7216186966914,0,0,137.177378802006
0,0,0,0,0,0,0,0,199.492852797962,106.33736463831,0,0,0,78.9559315574845,0,125.81518738273,0,0,92.3502314520023,0,195.378266313867,0,0,89.9429017381717,0,115.868441404982,115.871357769661,0,219.078548227669,242.790381480436,309.997227542691,104.369974912428,174.013630695256,0,128.405764333981,0,0,205.09013266389,0,0,0
0,0,0,0,0,0,0,199.492852797962,0,303.527509149359,0,0,0,0,0,0,0,0,0,0,0,0,155.901486485736,0,74.7304794244225,0,96.7845769653343,0,227.504408813069,0,0,0,0,101.5853655613,136.792307586862,0,125.994729980093,106.926813611922,0,201.44584889478,0
0,0,0,0,137.189596148386,0,0,106.33736463831,303.527509149359,0,0,0,158.955087279859,0,0,0,0,192.693757128262,0,73.1029054543569,193.63278243493,0,238.934743274142,140.574866691684,0,101.895308036513,103.519938150021,0,0,0,220.901129804706,0,0,154.142998692322,200.878319874537,161.275817184598,306.344527664232,0,153.672550905948,0,259.055025639447
0,0,0,0,276.620869034647,0,0,0,0,0,0,204.481117647118,0,0,0,0,0,94.126460729827,0,95.7590805983148,0,0,153.453047983244,142.385058730083,0,323.781250289068,163.945208919892,231.715271819474,151.036729364761,0,0,0,0,109.093416850988,94.027247878695,178.224497384947,173.538155409849,154.065933476765,0,89.707245288964,0
0,0,329.719143597451,0,99.2646516363145,0,252.487290983309,0,0,0,204.481117647118,0,0,225.013371621378,0,0,197.486504603685,0,224.551207449728,0,0,71.4788760670054,0,112.793316814908,0,136.685314494491,306.640284138334,0,228.075434767255,345.797434674459,0,106.128596538706,98.6790043377568,139.792601838991,134.566479261133,0,101.85207633558,269.936825670274,108.381749703452,181.316358113209,0
0,0,0,0,97.5855511246009,0,111.226326353722,0,0,158.955087279859,0,0,0,0,0,0,0,0,0,0,0,0,0,0,0,0,0,137.239127032733,0,0,0,0,0,0,0,0,90.1317194604647,0,0,173.001559092555,0
0,0,0,0,0,263.534399241887,0,78.9559315574845,0,0,0,225.013371621378,0,0,75.4497121078207,0,84.3635741045246,0,180.90030328818,173.201474590904,0,0,188.936291522747,151.695570509541,0,173.059382066957,0,0,0,194.442125915551,0,0,0,0,110.384905066973,0,0,0,191.519780382943,100.812745974529,0
0,0,0,0,0,82.6426202489162,0,0,0,0,0,0,0,75.4497121078207,0,97.3232815600345,0,0,0,261.440278806413,0,204.084074037941,169.453147353278,338.131802716296,0,0,0,0,138.425725342224,0,0,0,0,98.2230592632363,81.9664354533492,321.124897279917,0,0,0,0,163.059043292369
0,0,0,0,0,0,0,125.81518738273,0,0,0,0,0,0,97.3232815600345,0,0,0,0,0,0,0,82.1742780037132,122.106946855269,0,62.859596780235,115.541295036174,251.098274723989,0,0,0,0,0,62.311273509377,0,0,179.718364159796,0,0,106.533627130087,93.4234866874731
0,0,0,164.032723165762,0,0,232.945974238958,0,0,0,0,197.486504603685,0,84.3635741045246,0,0,0,0,0,0,0,0,0,89.1590885155172,249.905610015455,0,0,114.511014214502,0,0,0,0,0,0,167.066576495979,183.786860782462,0,0,0,81.2827395071039,0
0,0,0,0,0,0,0,0,0,192.693757128262,94.126460729827,0,0,0,0,0,0,0,208.005106191961,261.605527103798,142.054529471577,0,0,0,0,146.770754374523,0,159.183173818572,0,0,0,0,0,0,0,241.635434294794,141.204637091722,0,0,0,0
0,0,0,0,0,228.792310020318,0,92.3502314520023,0,0,0,224.551207449728,0,180.90030328818,0,0,0,208.005106191961,0,0,0,0,0,0,205.183249704085,241.682021696872,0,87.8456058929559,0,0,0,0,0,0,0,116.054372245433,0,247.66948903751,0,209.996727521564,171.906398392157
133.984214699576,0,0,0,0,201.100640800745,0,0,0,73.1029054543569,95.7590805983148,0,0,173.201474590904,261.440278806413,0,0,261.605527103798,0,0,150.161410108805,0,0,0,0,217.157696745803,262.382215657622,219.430938885781,0,0,0,101.605593487621,0,165.597665022977,155.24952173131,0,112.823430872325,0,0,73.4795582048751,97.3506957544063
0,196.04190773555,0,0,0,0,0,195.378266313867,0,193.63278243493,0,0,0,0,0,0,0,142.054529471577,0,150.161410108805,0,94.9380989123498,0,0,0,0,283.248188884028,0,154.784755881607,0,0,0,0,206.472608421747,0,92.5568465385234,314.611698427915,172.608400267715,0,157.852515740516,0
0,0,0,0,193.659409924573,80.4367166559625,0,0,0,0,0,71.4788760670054,0,0,204.084074037941,0,0,0,0,0,94.9380989123498,0,0,0,0,0,0,0,0,0,0,0,0,94.7280504127031,146.465927798921,348.674510760064,0,0,0,0,0
0,0,0,0,0,0,135.294330067913,0,155.901486485736,238.934743274142,153.453047983244,0,0,188.936291522747,169.453147353278,82.1742780037132,0,0,0,0,0,0,0,0,168.241326865882,153.609372090384,93.5029580098427,221.805809452716,0,0,0,0,0,180.543851962045,300.031143529538,0,0,0,76.5072790361762,213.67670887414,0
0,0,0,220.963068032256,333.645516435298,0,0,89.9429017381717,0,140.574866691684,142.385058730083,112.793316814908,0,151.695570509541,338.131802716296,122.106946855269,89.1590885155172,0,0,0,0,0,0,0,0,0,161.325017232684,80.8080171296381,0,118.522099274347,0,0,0,171.230058197369,131.969743415579,125.416941482916,71.5579325720569,134.960780198024,0,161.302948562323,0
0,0,0,0,212.592150359921,0,0,0,74.7304794244225,0,0,0,0,0,0,0,249.905610015455,0,205.183249704085,0,0,0,168.241326865882,0,0,0,0,177.763106506206,192.135034768848,0,0,0,0,120.912756812582,111.435629183184,0,124.698445421759,0,0,0,0
0,0,0,0,0,0,169.742003380707,115.868441404982,0,101.895308036513,323.781250289068,136.685314494491,0,173.059382066957,0,62.859596780235,0,146.770754374523,241.682021696872,217.157696745803,0,0,153.609372090384,0,0,0,321.864157986053,178.683678585178,70.4221432298295,0,0,92.5207898118833,190.185165668632,0,124.853650664477,0,0,78.8552325762656,335.371040201042,0,249.798812580765
0,0,0,0,85.7623170715703,218.045528847001,215.611029055736,115.871357769661,96.7845769653343,103.519938150021,163.945208919892,306.640284138334,0,0,0,115.541295036174,0,0,0,262.382215657622,283.248188884028,0,93.5029580098427,161.325017232684,0,321.864157986053,0,82.6299537488922,99.3508940827211,0,0,0,0,0,0,115.194491798135,128.530575464043,0,222.053792850439,0,139.93285932648
113.144980278377,139.654362654449,0,283.88658203332,165.893015276821,353.822894641502,172.892533368851,0,0,0,231.715271819474,0,137.239127032733,0,0,251.098274723989,114.511014214502,159.183173818572,87.8456058929559,219.430938885781,0,0,221.805809452716,80.8080171296381,177.763106506206,178.683678585178,82.6299537488922,0,161.694997919804,0,0,193.777661225572,0,197.893790332676,223.705816669619,119.728129215699,116.176698124939,241.57250333243,115.114253591495,0,231.050882209
0,0,0,198.528111506785,253.401634605989,117.208001126138,162.833808134102,219.078548227669,227.504408813069,0,151.036729364761,228.075434767255,0,0,138.425725342224,0,0,0,0,0,154.784755881607,0,0,0,192.135034768848,70.4221432298295,99.3508940827211,161.694997919804,0,0,0,101.350815329073,0,0,0,128.846764897717,146.99041817625,82.4756938751058,202.712457066107,158.567996645797,66.5008477853491
0,0,0,151.075371308616,0,0,0,242.790381480436,0,0,0,345.797434674459,0,194.442125915551,0,0,0,0,0,0,0,0,0,118.522099274347,0,0,0,0,0,0,0,240.185081663983,0,259.442917595754,146.814226519809,0,98.417953423071,0,120.567029282014,67.8267069095267,0
0,145.74089716123,0,0,0,0,236.681907140956,309.997227542691,0,220.901129804706,0,0,0,0,0,0,0,0,0,0,0,0,0,0,0,0,0,0,0,0,0,0,0,0,0,0,148.808626413748,0,0,0,74.5815074003433
0,0,0,0,0,0,0,104.369974912428,0,0,0,106.128596538706,0,0,0,0,0,0,0,101.605593487621,0,0,0,0,0,92.5207898118833,0,193.777661225572,101.350815329073,240.185081663983,0,0,0,211.840482897052,0,0,280.376028997576,193.055010680236,0,112.349934713559,0
0,0,0,0,0,0,0,174.013630695256,0,0,0,98.6790043377568,0,0,0,0,0,0,0,0,0,0,0,0,0,190.185165668632,0,0,0,0,0,0,0,0,219.040656038919,0,0,0,0,0,94.8881692391942
289.631679007608,0,178.748963182352,135.667029391615,74.4197823064597,89.3673883748406,108.136066660554,0,101.5853655613,154.142998692322,109.093416850988,139.792601838991,0,0,98.2230592632363,62.311273509377,0,0,0,165.597665022977,206.472608421747,94.7280504127031,180.543851962045,171.230058197369,120.912756812582,0,0,197.893790332676,0,259.442917595754,0,211.840482897052,0,0,0,0,192.601533877686,115.332064605654,96.5937438588657,320.356811100276,195.822649557859
0,0,0,151.806152521152,0,205.839960264176,0,128.405764333981,136.792307586862,200.878319874537,94.027247878695,134.566479261133,0,110.384905066973,81.9664354533492,0,167.066576495979,0,0,155.24952173131,0,146.465927798921,300.031143529538,131.969743415579,111.435629183184,124.853650664477,0,223.705816669619,0,146.814226519809,0,0,219.040656038919,0,0,180.355266595273,195.314816908693,58.3493451392805,119.345624434514,184.249961885477,138.33942793804
186.348837226466,0,0,186.973586461633,0,0,0,0,0,161.275817184598,178.224497384947,0,0,0,321.124897279917,0,183.786860782462,241.635434294794,116.054372245433,0,92.5568465385234,348.674510760064,0,125.416941482916,0,0,115.194491798135,119.728129215699,128.846764897717,0,0,0,0,0,180.355266595273,0,101.443495235174,0,72.2278283150671,198.964527389285,114.649126378906
160.530221557972,61.0664810463559,255.441154257905,196.032358954952,0,133.218162784108,94.7529894315991,0,125.994729980093,306.344527664232,173.538155409849,101.85207633558,90.1317194604647,0,0,179.718364159796,0,141.204637091722,0,112.823430872325,314.611698427915,0,0,71.5579325720569,124.698445421759,0,128.530575464043,116.176698124939,146.99041817625,98.417953423071,148.808626413748,280.376028997576,0,192.601533877686,195.314816908693,101.443495235174,0,113.059176128709,143.005810983322,153.876396855887,357.423078228283
0,0,214.116367924649,160.537522273714,0,0,90.7216186966914,205.09013266389,106.926813611922,0,154.065933476765,269.936825670274,0,0,0,0,0,0,247.66948903751,0,172.608400267715,0,0,134.960780198024,0,78.8552325762656,0,241.57250333243,82.4756938751058,0,0,193.055010680236,0,115.332064605654,58.3493451392805,0,113.059176128709,0,226.825099357786,325.937289045041,104.915316975638
0,0,0,0,0,0,0,0,0,153.672550905948,0,108.381749703452,0,191.519780382943,0,0,0,0,0,0,0,0,76.5072790361762,0,0,335.371040201042,222.053792850439,115.114253591495,202.712457066107,120.567029282014,0,0,0,96.5937438588657,119.345624434514,72.2278283150671,143.005810983322,226.825099357786,0,187.77054666536,0
0,0,0,347.376449530863,188.851177466023,284.529238481835,0,0,201.44584889478,0,89.707245288964,181.316358113209,173.001559092555,100.812745974529,0,106.533627130087,81.2827395071039,0,209.996727521564,73.4795582048751,157.852515740516,0,213.67670887414,161.302948562323,0,0,0,0,158.567996645797,67.8267069095267,0,112.349934713559,0,320.356811100276,184.249961885477,198.964527389285,153.876396855887,325.937289045041,187.77054666536,0,85.6072705949986
154.070293657878,161.74915061469,0,175.196329314064,0,0,137.177378802006,0,0,259.055025639447,0,0,0,0,163.059043292369,93.4234866874731,0,0,171.906398392157,97.3506957544063,0,0,0,0,0,249.798812580765,139.93285932648,231.050882209,66.5008477853491,0,74.5815074003433,0,94.8881692391942,195.822649557859,138.33942793804,114.649126378906,357.423078228283,104.915316975638,0,85.6072705949986,0
