0,0,0,0,0,173.001559092555,0,0,0,0,0,0,0,0,252.487290983309,0,0,0,0,0,0,0,0,0,0,0,186.973586461633,0,0,0,0,0,0,143.005810983322,0,0,115.541295036174,73.4795582048751,0,0,0
0,0,0,168.241326865882,0,0,0,0,0,0,0,0,0,0,0,0,0,0,0,0,0,0,155.901486485736,0,0,0,74.4197823064597,106.33736463831,0,251.098274723989,0,0,0,104.915316975638,0,0,0,0,0,146.465927798921,0
0,0,0,0,0,306.640284138334,0,0,0,0,0,0,0,0,0,0,0,99.2646516363145,0,0,0,0,157.852515740516,0,0,221.805809452716,0,300.031143529538,0,0,0,0,0,0,0,0,0,0,0,0,0
0,168.241326865882,0,0,154.070293657878,0,240.185081663983,0,0,231.715271819474,93.4234866874731,236.681907140956,0,0,0,0,0,269.936825670274,323.781250289068,174.013630695256,0,0,0,0,0,0,0,0,0,0,0,160.530221557972,0,0,261.440278806413,180.90030328818,76.5072790361762,0,0,0,0
0,0,0,154.070293657878,0,0,0,0,0,106.926813611922,90.7216186966914,0,0,0,0,0,0,0,321.864157986053,0,0,0,0,0,0,74.5815074003433,0,0,255.441154257905,314.611698427915,0,0,249.798812580765,0,0,153.672550905948,172.892533368851,329.719143597451,82.4756938751058,98.2230592632363,115.194491798135
173.001559092555,0,306.640284138334,0,0,0,0,186.348837226466,0,0,0,0,0,0,0,113.059176128709,0,0,0,0,136.792307586862,0,0,320.356811100276,0,0,109.093416850988,0,193.63278243493,0,0,0,0,89.3673883748406,0,125.416941482916,146.770754374523,241.635434294794,194.442125915551,103.519938150021,0
0,0,0,240.185081663983,0,0,0,151.075371308616,0,0,0,0,0,0,0,263.534399241887,0,0,0,0,0,0,0,0,0,125.994729980093,0,190.185165668632,135.294330067913,163.945208919892,0,0,0,81.9664354533492,198.528111506785,0,101.85207633558,101.5853655613,0,204.084074037941,222.053792850439
0,0,0,0,0,186.348837226466,151.075371308616,0,0,0,220.901129804706,0,0,0,224.523755099568,0,99.3508940827211,0,0,0,120.567029282014,113.144980278377,0,0,0,151.01089327964,167.066576495979,214.116367924649,155.24952173131,0,0,0,0,0,78.9559315574845,0,250.461724766314,0,112.349934713559,75.4497121078207,70.4221432298295
0,0,0,0,0,0,0,0,0,134.960780198024,0,0,0,0,0,0,0,0,0,161.325017232684,0,0,0,0,0,0,199.492852797962,171.230058197369,171.906398392157,153.609372090384,0,0,0,115.332064605654,188.851177466023,219.040656038919,80.8080171296381,0,0,0,118.522099274347
0,0,0,231.715271819474,106.926813611922,0,0,0,134.960780198024,0,146.99041817625,0,0,0,62.311273509377,0,0,71.4788760670054,0,0,67.8267069095267,0,0,0,0,94.027247878695,101.443495235174,92.3502314520023,283.248188884028,0,0,196.04190773555,0,193.055010680236,142.385058730083,228.792310020318,133.984214699576,124.853650664477,347.376449530863,0,0
0,0,0,93.4234866874731,90.7216186966914,0,0,220.901129804706,0,146.99041817625,0,161.74915061469,345.797434674459,85.7623170715703,205.839960264176,0,223.705816669619,0,62.859596780235,0,0,0,84.3635741045246,0,0,0,0,180.543851962045,0,0,0,0,0,249.905610015455,0,0,137.177378802006,0,0,169.453147353278,289.631679007608
0,0,0,236.681907140956,0,0,0,0,0,0,161.74915061469,0,106.533627130087,146.814226519809,128.846764897717,353.822894641502,161.275817184598,0,108.136066660554,0,139.792601838991,151.695570509541,0,94.126460729827,195.822649557859,217.157696745803,0,0,114.649126378906,0,0,111.226326353722,0,94.7280504127031,178.224497384947,224.551207449728,193.659409924573,104.369974912428,165.893015276821,0,0
0,0,0,0,0,0,0,0,0,0,345.797434674459,106.533627130087,0,0,0,0,0,0,0,0,0,0,0,108.381749703452,0,0,0,161.302948562323,0,283.88658203332,0,0,0,0,0,0,0,0,0,0,280.376028997576
0,0,0,0,0,0,0,0,0,0,85.7623170715703,146.814226519809,0,0,0,0,193.777661225572,0,0,128.405764333981,0,0,0,338.131802716296,0,125.81518738273,0,96.7845769653343,0,164.032723165762,0,0,0,231.050882209,142.054529471577,92.5568465385234,211.840482897052,163.059043292369,0,201.100640800745,0
252.487290983309,0,0,0,0,0,0,224.523755099568,0,62.311273509377,205.839960264176,128.846764897717,0,0,0,0,0,0,0,0,0,0,261.605527103798,106.128596538706,0,0,0,122.106946855269,61.0664810463559,0,0,73.1029054543569,219.078548227669,0,0,0,197.893790332676,0,0,0,0
0,0,0,0,0,113.059176128709,263.534399241887,0,0,0,0,353.822894641502,0,0,0,0,0,0,0,0,0,0,0,92.5207898118833,0,165.597665022977,259.442917595754,158.955087279859,0,0,0,0,0,325.937289045041,0,112.793316814908,0,145.74089716123,0,333.645516435298,0
0,0,0,0,0,0,0,99.3508940827211,0,0,223.705816669619,161.275817184598,0,193.777661225572,0,0,0,309.997227542691,0,0,0,101.350815329073,0,0,0,0,138.425725342224,0,0,0,0,0,0,158.567996645797,0,133.218162784108,200.878319874537,0,0,0,0
0,0,99.2646516363145,269.936825670274,0,0,0,0,0,71.4788760670054,0,0,0,0,0,0,309.997227542691,0,0,206.472608421747,0,0,101.895308036513,0,0,0,0,0,0,0,0,0,0,0,128.530575464043,0,80.4367166559625,0,0,179.718364159796,0
0,0,0,323.781250289068,321.864157986053,0,0,0,0,0,62.859596780235,108.136066660554,0,0,0,0,0,0,0,184.249961885477,0,0,0,0,0,321.124897279917,97.5855511246009,116.176698124939,135.667029391615,0,0,0,0,204.481117647118,262.382215657622,0,0,0,89.707245288964,0,0
0,0,0,174.013630695256,0,0,0,0,161.325017232684,0,0,0,0,128.405764333981,0,0,0,206.472608421747,184.249961885477,0,90.1317194604647,0,134.566479261133,238.934743274142,0,97.3232815600345,82.6426202489162,153.876396855887,206.912707094411,0,0,0,0,96.5937438588657,119.728129215699,0,87.8456058929559,197.486504603685,0,169.742003380707,0
0,0,0,0,0,136.792307586862,0,120.567029282014,0,67.8267069095267,0,139.792601838991,0,0,0,0,0,0,0,90.1317194604647,0,0,181.316358113209,0,160.537522273714,357.423078228283,177.763106506206,0,192.693757128262,0,0,0,0,0,0,98.6790043377568,66.5008477853491,94.8881692391942,0,0,0
0,0,0,0,0,0,0,113.144980278377,0,0,0,151.695570509541,0,0,0,0,101.350815329073,0,0,0,0,0,0,94.9380989123498,0,0,0,0,0,0,0,0,0,137.189596148386,0,162.833808134102,220.963068032256,0,0,0,71.5579325720569
0,155.901486485736,157.852515740516,0,0,0,0,0,0,0,84.3635741045246,0,0,0,261.605527103798,0,0,101.895308036513,0,134.566479261133,181.316358113209,0,0,119.345624434514,0,148.808626413748,0,82.1742780037132,0,0,0,0,0,0,97.3506957544063,335.371040201042,0,0,116.054372245433,241.682021696872,117.208001126138
0,0,0,0,0,320.356811100276,0,0,0,0,0,94.126460729827,108.381749703452,338.131802716296,106.128596538706,92.5207898118833,0,0,0,238.934743274142,0,94.9380989123498,119.345624434514,0,0,0,0,89.9429017381717,111.435629183184,0,0,95.7590805983148,0,205.183249704085,100.812745974529,0,72.2278283150671,115.868441404982,188.936291522747,74.7304794244225,136.685314494491
0,0,0,0,0,0,0,0,0,0,0,195.822649557859,0,0,0,0,0,0,0,0,160.537522273714,0,0,0,0,178.748963182352,253.401634605989,0,0,0,0,0,0,218.045528847001,0,98.417953423071,131.969743415579,0,259.055025639447,209.996727521564,153.453047983244
0,0,221.805809452716,0,74.5815074003433,0,125.994729980093,151.01089327964,0,94.027247878695,0,217.157696745803,0,125.81518738273,0,165.597665022977,0,0,321.124897279917,97.3232815600345,357.423078228283,0,148.808626413748,0,178.748963182352,0,192.135034768848,213.67670887414,139.93285932648,0,0,0,227.504408813069,0,0,0,284.529238481835,225.013371621378,0,161.694997919804,0
186.973586461633,74.4197823064597,0,0,0,109.093416850988,0,167.066576495979,199.492852797962,101.443495235174,0,0,0,0,0,259.442917595754,138.425725342224,0,97.5855511246009,82.6426202489162,177.763106506206,0,0,0,253.401634605989,192.135034768848,0,115.871357769661,0,0,0,180.355266595273,0,198.964527389285,215.611029055736,0,232.945974238958,306.344527664232,0,151.806152521152,0
0,106.33736463831,300.031143529538,0,0,0,190.185165668632,214.116367924649,171.230058197369,92.3502314520023,180.543851962045,0,161.302948562323,96.7845769653343,122.106946855269,158.955087279859,0,0,116.176698124939,153.876396855887,0,0,82.1742780037132,89.9429017381717,0,213.67670887414,115.871357769661,0,178.683678585178,0,191.519780382943,85.6072705949986,0,195.378266313867,187.77054666536,82.6299537488922,201.44584889478,0,124.698445421759,205.09013266389,219.430938885781
0,0,0,0,255.441154257905,193.63278243493,135.294330067913,155.24952173131,171.906398392157,283.248188884028,0,114.649126378906,0,0,61.0664810463559,0,0,0,135.667029391615,206.912707094411,192.693757128262,0,0,111.435629183184,0,139.93285932648,0,178.683678585178,0,0,172.608400267715,0,0,120.912756812582,110.384905066973,0,242.790381480436,241.57250333243,0,173.538155409849,94.7529894315991
0,251.098274723989,0,0,314.611698427915,0,163.945208919892,0,153.609372090384,0,0,0,283.88658203332,164.032723165762,0,0,0,0,0,0,0,0,0,0,0,0,0,0,0,0,0,0,0,89.1590885155172,0,0,196.032358954952,212.592150359921,78.8552325762656,0,173.059382066957
0,0,0,0,0,0,0,0,0,0,0,0,0,0,0,0,0,0,0,0,0,0,0,0,0,0,0,191.519780382943,172.608400267715,0,0,0,0,202.712457066107,141.204637091722,0,0,154.784755881607,140.574866691684,0,0
0,0,0,160.530221557972,0,0,0,0,0,196.04190773555,0,111.226326353722,0,0,73.1029054543569,0,0,0,0,0,0,0,0,95.7590805983148,0,0,180.355266595273,85.6072705949986,0,0,0,0,0,112.823430872325,173.201474590904,0,81.2827395071039,0,0,0,137.239127032733
0,0,0,0,249.798812580765,0,0,0,0,0,0,0,0,0,219.078548227669,0,0,0,0,0,0,0,0,0,0,227.504408813069,0,0,0,0,0,0,0,0,139.654362654449,0,0,0,0,276.620869034647,0
143.005810983322,104.915316975638,0,0,0,89.3673883748406,81.9664354533492,0,115.332064605654,193.055010680236,249.905610015455,94.7280504127031,0,231.050882209,0,325.937289045041,158.567996645797,0,204.481117647118,96.5937438588657,0,137.189596148386,0,205.183249704085,218.045528847001,0,198.964527389285,195.378266313867,120.912756812582,89.1590885155172,202.712457066107,112.823430872325,0,0,228.075434767255,0,101.605593487621,0,0,208.005106191961,151.036729364761
0,0,0,261.440278806413,0,0,198.528111506785,78.9559315574845,188.851177466023,142.385058730083,0,178.224497384947,0,142.054529471577,0,0,0,128.530575464043,262.382215657622,119.728129215699,0,0,97.3506957544063,100.812745974529,0,0,215.611029055736,187.77054666536,110.384905066973,0,141.204637091722,173.201474590904,139.654362654449,228.075434767255,0,247.66948903751,192.601533877686,183.786860782462,159.183173818572,175.196329314064,226.825099357786
0,0,0,180.90030328818,153.672550905948,125.416941482916,0,0,219.040656038919,228.792310020318,0,224.551207449728,0,92.5568465385234,0,112.793316814908,133.218162784108,0,0,0,98.6790043377568,162.833808134102,335.371040201042,0,98.417953423071,0,0,82.6299537488922,0,0,0,0,0,0,247.66948903751,0,115.114253591495,195.314816908693,0,138.33942793804,154.142998692322
115.541295036174,0,0,76.5072790361762,172.892533368851,146.770754374523,101.85207633558,250.461724766314,80.8080171296381,133.984214699576,137.177378802006,193.659409924573,0,211.840482897052,197.893790332676,0,200.878319874537,80.4367166559625,0,87.8456058929559,66.5008477853491,220.963068032256,0,72.2278283150671,131.969743415579,284.529238481835,232.945974238958,201.44584889478,242.790381480436,196.032358954952,0,81.2827395071039,0,101.605593487621,192.601533877686,115.114253591495,0,0,0,150.161410108805,303.527509149359
73.4795582048751,0,0,0,329.719143597451,241.635434294794,101.5853655613,0,0,124.853650664477,0,104.369974912428,0,163.059043292369,0,145.74089716123,0,0,0,197.486504603685,94.8881692391942,0,0,115.868441404982,0,225.013371621378,306.344527664232,0,241.57250333243,212.592150359921,154.784755881607,0,0,0,183.786860782462,195.314816908693,0,0,0,58.3493451392805,114.511014214502
0,0,0,0,82.4756938751058,194.442125915551,0,112.349934713559,0,347.376449530863,0,165.893015276821,0,0,0,0,0,0,89.707245288964,0,0,0,116.054372245433,188.936291522747,259.055025639447,0,0,124.698445421759,0,78.8552325762656,140.574866691684,0,0,0,159.183173818572,0,0,0,0,348.674510760064,93.5029580098427
0,146.465927798921,0,0,98.2230592632363,103.519938150021,204.084074037941,75.4497121078207,0,0,169.453147353278,0,0,201.100640800745,0,333.645516435298,0,179.718364159796,0,169.742003380707,0,0,241.682021696872,74.7304794244225,209.996727521564,161.694997919804,151.806152521152,205.09013266389,173.538155409849,0,0,0,276.620869034647,208.005106191961,175.196329314064,138.33942793804,150.161410108805,58.3493451392805,348.674510760064,0,154.065933476765
0,0,0,0,115.194491798135,0,222.053792850439,70.4221432298295,118.522099274347,0,289.631679007608,0,280.376028997576,0,0,0,0,0,0,0,0,71.5579325720569,117.208001126138,136.685314494491,153.453047983244,0,0,219.430938885781,94.7529894315991,173.059382066957,0,137.239127032733,0,151.036729364761,226.825099357786,154.142998692322,303.527509149359,114.511014214502,93.5029580098427,154.065933476765,0
