0,0,0,0,0,0,0,0,0,0,0,0,0,0,0,199.492852797962,0,0,0,0,0,0,0,0,0,0,0,0,0,0,0,0,0,0,151.806152521152,0,204.084074037941,0,153.609372090384,236.681907140956,93.4234866874731
0,0,0,252.487290983309,0,0,0,0,0,0,0,0,0,0,0,0,0,0,0,0,0,0,0,0,0,0,92.5568465385234,191.519780382943,0,247.66948903751,0,0,0,232.945974238958,0,0,137.177378802006,0,0,195.822649557859,0
0,0,0,0,0,0,251.098274723989,71.4788760670054,0,0,0,0,0,0,0,0,0,0,0,116.176698124939,0,0,0,138.33942793804,0,0,0,0,0,0,0,0,0,0,0,0,0,172.892533368851,0,0,0
0,252.487290983309,0,0,0,0,0,0,104.915316975638,0,205.09013266389,259.055025639447,0,0,0,0,0,0,0,0,0,0,0,0,131.969743415579,0,94.7280504127031,348.674510760064,154.784755881607,0,0,0,111.435629183184,0,0,111.226326353722,241.635434294794,0,120.567029282014,0,219.078548227669
0,0,0,0,0,0,219.430938885781,190.185165668632,0,97.5855511246009,224.551207449728,212.592150359921,0,0,94.7529894315991,0,0,0,0,0,0,0,0,0,0,82.1742780037132,161.694997919804,0,0,0,0,0,146.465927798921,0,0,321.864157986053,193.055010680236,0,94.126460729827,173.059382066957,238.934743274142
0,0,0,0,0,0,0,0,0,0,0,0,289.631679007608,0,165.597665022977,193.659409924573,300.031143529538,0,0,0,0,82.6299537488922,0,0,0,0,321.124897279917,125.81518738273,0,0,95.7590805983148,178.683678585178,0,80.8080171296381,128.530575464043,280.376028997576,0,261.605527103798,0,0,101.350815329073
0,0,251.098274723989,0,219.430938885781,0,0,0,75.4497121078207,0,0,0,205.839960264176,0,0,0,0,66.5008477853491,204.481117647118,0,0,0,0,0,0,115.871357769661,0,174.013630695256,0,0,165.893015276821,0,0,178.748963182352,89.9429017381717,0,0,215.611029055736,0,186.973586461633,0
0,0,71.4788760670054,0,190.185165668632,0,0,0,0,89.1590885155172,0,259.442917595754,0,0,0,0,0,0,0,0,118.522099274347,0,0,0,139.93285932648,222.053792850439,181.316358113209,151.075371308616,138.425725342224,108.136066660554,0,0,0,187.77054666536,0,186.348837226466,119.728129215699,333.645516435298,0,0,76.5072790361762
0,0,0,104.915316975638,0,0,75.4497121078207,0,0,106.128596538706,0,0,0,0,0,0,90.1317194604647,0,117.208001126138,0,0,0,0,0,255.441154257905,0,0,161.325017232684,219.040656038919,0,0,0,0,197.893790332676,198.964527389285,0,0,0,116.054372245433,0,0
0,0,0,0,97.5855511246009,0,0,89.1590885155172,106.128596538706,0,171.906398392157,0,0,201.100640800745,0,0,115.541295036174,0,262.382215657622,175.196329314064,0,101.895308036513,0,0,0,114.649126378906,0,94.027247878695,0,0,0,0,92.5207898118833,70.4221432298295,161.275817184598,73.1029054543569,128.846764897717,58.3493451392805,0,153.453047983244,0
0,0,0,205.09013266389,224.551207449728,0,0,0,0,171.906398392157,0,0,0,0,206.472608421747,78.8552325762656,0,196.032358954952,0,125.994729980093,0,0,0,0,128.405764333981,249.798812580765,184.249961885477,139.654362654449,0,240.185081663983,0,0,0,0,171.230058197369,225.013371621378,0,0,0,140.574866691684,141.204637091722
0,0,0,259.055025639447,212.592150359921,0,0,259.442917595754,0,0,0,0,0,0,0,98.2230592632363,0,0,0,137.189596148386,179.718364159796,329.719143597451,81.2827395071039,0,0,84.3635741045246,115.868441404982,96.7845769653343,224.523755099568,0,0,168.241326865882,0,177.763106506206,309.997227542691,74.4197823064597,201.44584889478,241.682021696872,173.538155409849,97.3232815600345,94.8881692391942
0,0,0,0,0,289.631679007608,205.839960264176,0,0,0,0,0,0,67.8267069095267,0,0,0,0,0,0,0,0,0,0,0,0,0,0,0,0,0,0,0,154.142998692322,0,0,196.04190773555,0,0,124.853650664477,0
0,0,0,0,0,0,0,0,0,201.100640800745,0,0,67.8267069095267,0,0,0,0,85.6072705949986,0,0,61.0664810463559,0,0,115.194491798135,143.005810983322,192.135034768848,221.805809452716,0,0,0,0,198.528111506785,0,158.567996645797,0,320.356811100276,0,180.90030328818,0,87.8456058929559,157.852515740516
0,0,0,0,94.7529894315991,165.597665022977,0,0,0,0,206.472608421747,0,0,0,0,0,0,0,0,142.385058730083,0,0,0,0,0,0,0,169.742003380707,0,0,0,101.443495235174,0,120.912756812582,163.945208919892,0,205.183249704085,145.74089716123,101.5853655613,231.715271819474,0
199.492852797962,0,0,0,0,193.659409924573,0,0,0,0,78.8552325762656,98.2230592632363,0,0,0,0,0,0,0,0,0,0,0,0,0,217.157696745803,0,0,133.218162784108,0,72.2278283150671,0,0,0,74.7304794244225,0,161.302948562323,0,0,353.822894641502,125.416941482916
0,0,0,0,0,300.031143529538,0,0,90.1317194604647,115.541295036174,0,0,0,0,0,0,0,357.423078228283,0,227.504408813069,306.640284138334,0,250.461724766314,115.332064605654,0,0,0,0,0,0,0,0,0,228.075434767255,0,0,94.9380989123498,0,0,0,0
0,0,0,0,0,0,66.5008477853491,0,0,0,196.032358954952,0,0,85.6072705949986,0,0,357.423078228283,0,0,0,0,0,0,113.059176128709,0,0,0,0,0,0,0,0,0,306.344527664232,200.878319874537,0,231.050882209,202.712457066107,0,0,0
0,0,0,0,0,0,204.481117647118,0,117.208001126138,262.382215657622,0,0,0,0,0,0,0,0,0,137.239127032733,0,0,0,160.537522273714,0,0,90.7216186966914,150.161410108805,0,0,0,0,0,338.131802716296,194.442125915551,0,249.905610015455,283.248188884028,0,73.4795582048751,0
0,0,116.176698124939,0,0,0,0,0,0,175.196329314064,125.994729980093,137.189596148386,0,0,142.385058730083,0,227.504408813069,0,137.239127032733,0,0,0,96.5937438588657,0,220.963068032256,0,0,192.693757128262,112.823430872325,0,0,0,0,0,100.812745974529,0,197.486504603685,188.936291522747,155.901486485736,193.63278243493,163.059043292369
0,0,0,0,0,0,0,118.522099274347,0,0,0,179.718364159796,0,61.0664810463559,0,0,306.640284138334,0,0,0,0,0,122.106946855269,325.937289045041,89.707245288964,323.781250289068,0,97.3506957544063,0,0,0,0,0,112.349934713559,0,195.314816908693,0,0,208.005106191961,154.070293657878,0
0,0,0,0,0,82.6299537488922,0,0,0,101.895308036513,0,329.719143597451,0,0,0,0,0,0,0,0,0,0,0,261.440278806413,0,276.620869034647,0,0,269.936825670274,0,0,0,0,0,153.876396855887,0,161.74915061469,0,0,0,0
0,0,0,0,0,0,0,0,0,0,0,81.2827395071039,0,0,0,0,250.461724766314,0,0,96.5937438588657,122.106946855269,0,0,180.543851962045,172.608400267715,158.955087279859,0,162.833808134102,169.453147353278,173.201474590904,0,0,0,214.116367924649,0,347.376449530863,226.825099357786,0,82.6426202489162,345.797434674459,0
0,0,138.33942793804,0,0,0,0,0,0,0,0,0,0,115.194491798135,0,0,115.332064605654,113.059176128709,160.537522273714,0,325.937289045041,261.440278806413,180.543851962045,0,0,135.667029391615,0,220.901129804706,108.381749703452,134.960780198024,0,0,0,173.001559092555,153.672550905948,101.85207633558,113.144980278377,188.851177466023,0,183.786860782462,211.840482897052
0,0,0,131.969743415579,0,0,0,139.93285932648,255.441154257905,0,128.405764333981,0,0,143.005810983322,0,0,0,0,0,220.963068032256,89.707245288964,0,172.608400267715,0,0,0,0,0,62.859596780235,0,0,0,0,0,0,0,0,142.054529471577,0,0,0
0,0,0,0,82.1742780037132,0,115.871357769661,222.053792850439,0,114.649126378906,249.798812580765,84.3635741045246,0,192.135034768848,0,217.157696745803,0,0,0,0,323.781250289068,276.620869034647,158.955087279859,135.667029391615,0,0,314.611698427915,151.036729364761,0,115.114253591495,0,0,0,160.530221557972,159.183173818572,218.045528847001,0,106.926813611922,164.032723165762,0,0
0,92.5568465385234,0,94.7280504127031,161.694997919804,321.124897279917,0,181.316358113209,0,0,184.249961885477,115.868441404982,0,221.805809452716,0,0,0,0,90.7216186966914,0,0,0,0,0,0,314.611698427915,0,146.814226519809,253.401634605989,263.534399241887,0,0,151.01089327964,82.4756938751058,99.2646516363145,206.912707094411,85.7623170715703,0,89.3673883748406,0,112.793316814908
0,191.519780382943,0,348.674510760064,0,125.81518738273,174.013630695256,151.075371308616,161.325017232684,94.027247878695,139.654362654449,96.7845769653343,0,0,169.742003380707,0,0,0,150.161410108805,192.693757128262,97.3506957544063,0,162.833808134102,220.901129804706,0,151.036729364761,146.814226519809,0,0,209.996727521564,0,284.529238481835,104.369974912428,139.792601838991,242.790381480436,151.695570509541,193.777661225572,192.601533877686,0,109.093416850988,223.705816669619
0,0,0,154.784755881607,0,0,0,138.425725342224,219.040656038919,0,0,224.523755099568,0,0,0,133.218162784108,0,0,0,112.823430872325,0,269.936825670274,169.453147353278,108.381749703452,62.859596780235,0,253.401634605989,0,0,0,71.5579325720569,133.984214699576,0,228.792310020318,103.519938150021,148.808626413748,180.355266595273,98.417953423071,135.294330067913,106.533627130087,195.378266313867
0,247.66948903751,0,0,0,0,0,108.136066660554,0,0,240.185081663983,0,0,0,0,0,0,0,0,0,0,0,173.201474590904,134.960780198024,0,115.114253591495,263.534399241887,209.996727521564,0,0,0,0,0,154.065933476765,0,0,74.5815074003433,0,0,0,101.605593487621
0,0,0,0,0,95.7590805983148,165.893015276821,0,0,0,0,0,0,0,0,72.2278283150671,0,0,0,0,0,0,0,0,0,0,0,0,71.5579325720569,0,0,0,0,0,335.371040201042,0,241.57250333243,0,0,0,0
0,0,0,0,0,178.683678585178,0,0,0,0,0,168.241326865882,0,198.528111506785,101.443495235174,0,0,0,0,0,0,0,0,0,0,0,0,284.529238481835,133.984214699576,0,0,0,0,167.066576495979,0,0,178.224497384947,0,110.384905066973,98.6790043377568,106.33736463831
0,0,0,111.435629183184,146.465927798921,0,0,0,0,92.5207898118833,0,0,0,0,0,0,0,0,0,0,0,0,0,0,0,0,151.01089327964,104.369974912428,0,0,0,0,0,0,0,0,0,0,0,0,0
0,232.945974238958,0,0,0,80.8080171296381,178.748963182352,187.77054666536,197.893790332676,70.4221432298295,0,177.763106506206,154.142998692322,158.567996645797,120.912756812582,0,228.075434767255,306.344527664232,338.131802716296,0,112.349934713559,0,214.116367924649,173.001559092555,0,160.530221557972,82.4756938751058,139.792601838991,228.792310020318,154.065933476765,0,167.066576495979,0,0,99.3508940827211,0,283.88658203332,155.24952173131,0,0,303.527509149359
151.806152521152,0,0,0,0,128.530575464043,89.9429017381717,0,198.964527389285,161.275817184598,171.230058197369,309.997227542691,0,0,163.945208919892,74.7304794244225,0,200.878319874537,194.442125915551,100.812745974529,0,153.876396855887,0,153.672550905948,0,159.183173818572,99.2646516363145,242.790381480436,103.519938150021,0,335.371040201042,0,0,99.3508940827211,0,213.67670887414,78.9559315574845,114.511014214502,0,119.345624434514,136.792307586862
0,0,0,111.226326353722,321.864157986053,280.376028997576,0,186.348837226466,0,73.1029054543569,225.013371621378,74.4197823064597,0,320.356811100276,0,0,0,0,0,0,195.314816908693,0,347.376449530863,101.85207633558,0,218.045528847001,206.912707094411,151.695570509541,148.808626413748,0,0,0,0,0,213.67670887414,0,146.99041817625,0,0,93.5029580098427,81.9664354533492
204.084074037941,137.177378802006,0,241.635434294794,193.055010680236,0,0,119.728129215699,0,128.846764897717,0,201.44584889478,196.04190773555,0,205.183249704085,161.302948562323,94.9380989123498,231.050882209,249.905610015455,197.486504603685,0,161.74915061469,226.825099357786,113.144980278377,0,0,85.7623170715703,193.777661225572,180.355266595273,74.5815074003433,241.57250333243,178.224497384947,0,283.88658203332,78.9559315574845,146.99041817625,0,80.4367166559625,124.698445421759,92.3502314520023,136.685314494491
0,0,172.892533368851,0,0,261.605527103798,215.611029055736,333.645516435298,0,58.3493451392805,0,241.682021696872,0,180.90030328818,145.74089716123,0,0,202.712457066107,283.248188884028,188.936291522747,0,0,0,188.851177466023,142.054529471577,106.926813611922,0,192.601533877686,98.417953423071,0,0,0,0,155.24952173131,114.511014214502,0,80.4367166559625,0,0,134.566479261133,0
153.609372090384,0,0,120.567029282014,94.126460729827,0,0,0,116.054372245433,0,0,173.538155409849,0,0,101.5853655613,0,0,0,0,155.901486485736,208.005106191961,0,82.6426202489162,0,0,164.032723165762,89.3673883748406,0,135.294330067913,0,0,110.384905066973,0,0,0,0,124.698445421759,0,0,146.770754374523,0
236.681907140956,195.822649557859,0,0,173.059382066957,0,186.973586461633,0,0,153.453047983244,140.574866691684,97.3232815600345,124.853650664477,87.8456058929559,231.715271819474,353.822894641502,0,0,73.4795582048751,193.63278243493,154.070293657878,0,345.797434674459,183.786860782462,0,0,0,109.093416850988,106.533627130087,0,0,98.6790043377568,0,0,119.345624434514,93.5029580098427,92.3502314520023,134.566479261133,146.770754374523,0,62.311273509377
93.4234866874731,0,0,219.078548227669,238.934743274142,101.350815329073,0,76.5072790361762,0,0,141.204637091722,94.8881692391942,0,157.852515740516,0,125.416941482916,0,0,0,163.059043292369,0,0,0,211.840482897052,0,0,112.793316814908,223.705816669619,195.378266313867,101.605593487621,0,106.33736463831,0,303.527509149359,136.792307586862,81.9664354533492,136.685314494491,0,0,62.311273509377,0
