0,0,0,0,0,0,0,0,0,0,0,0,106.128596538706,0,0,0,0,0,205.09013266389,0,0,0,0,0,0,74.7304794244225,0,0,0,0,0,0,0,242.790381480436,145.74089716123,0,0,0,160.537522273714,0,0
0,0,0,0,0,82.4756938751058,353.822894641502,0,0,0,0,0,0,0,0,0,0,0,0,0,0,0,115.194491798135,0,0,0,0,134.960780198024,249.798812580765,0,0,0,0,0,0,0,0,161.275817184598,0,0,178.748963182352
0,0,0,0,0,0,0,0,0,0,0,0,0,0,0,0,0,0,0,0,0,0,93.4234866874731,157.852515740516,0,0,0,114.649126378906,0,0,0,195.378266313867,0,113.059176128709,0,0,0,0,0,0,0
0,0,0,0,0,0,0,0,115.332064605654,0,300.031143529538,269.936825670274,0,0,0,0,0,0,226.825099357786,159.183173818572,0,0,206.472608421747,251.098274723989,224.551207449728,138.33942793804,0,0,193.659409924573,0,0,0,0,0,0,0,0,173.538155409849,195.822649557859,0,82.6426202489162
0,0,0,0,0,0,0,0,0,112.823430872325,289.631679007608,0,0,0,0,0,0,0,0,153.876396855887,0,0,0,0,106.533627130087,0,116.054372245433,217.157696745803,309.997227542691,0,0,238.934743274142,0,89.3673883748406,168.241326865882,180.90030328818,146.814226519809,0,0,80.4367166559625,180.543851962045
0,82.4756938751058,0,0,0,0,212.592150359921,131.969743415579,0,188.851177466023,0,119.728129215699,0,0,0,0,0,0,0,151.036729364761,137.177378802006,198.528111506785,0,178.683678585178,0,103.519938150021,241.635434294794,0,0,0,0,0,0,153.453047983244,108.381749703452,0,0,0,114.511014214502,0,0
0,353.822894641502,0,0,0,212.592150359921,0,0,200.878319874537,0,0,329.719143597451,192.135034768848,0,240.185081663983,0,0,0,0,101.895308036513,0,0,169.453147353278,0,218.045528847001,0,0,135.294330067913,183.786860782462,0,0,0,0,0,0,106.33736463831,101.443495235174,0,0,0,0
0,0,0,0,0,131.969743415579,0,0,0,211.840482897052,162.833808134102,0,0,0,0,0,0,0,0,0,348.674510760064,0,0,0,0,0,283.248188884028,71.4788760670054,0,101.85207633558,167.066576495979,0,0,85.6072705949986,115.114253591495,228.792310020318,74.5815074003433,151.806152521152,96.5937438588657,225.013371621378,151.695570509541
0,0,0,115.332064605654,0,0,200.878319874537,0,0,0,118.522099274347,0,0,184.249961885477,0,94.7529894315991,0,0,0,0,0,247.66948903751,0,0,0,0,92.3502314520023,161.325017232684,219.040656038919,0,0,0,0,70.4221432298295,0,0,89.1590885155172,0,0,0,0
0,0,0,0,112.823430872325,188.851177466023,0,211.840482897052,0,0,0,110.384905066973,0,125.81518738273,0,186.348837226466,78.9559315574845,0,0,0,0,303.527509149359,90.7216186966914,0,0,160.530221557972,0,169.742003380707,197.893790332676,0,224.523755099568,0,0,263.534399241887,0,0,111.435629183184,0,175.196329314064,81.2827395071039,173.059382066957
0,0,0,300.031143529538,289.631679007608,0,0,162.833808134102,118.522099274347,0,0,0,0,0,75.4497121078207,136.792307586862,0,0,0,0,0,0,0,0,104.369974912428,163.059043292369,134.566479261133,62.859596780235,0,0,188.936291522747,0,0,154.065933476765,219.078548227669,0,0,222.053792850439,0,94.027247878695,202.712457066107
0,0,0,269.936825670274,0,119.728129215699,329.719143597451,0,0,110.384905066973,0,0,0,0,0,0,0,0,338.131802716296,0,0,0,0,0,133.984214699576,323.781250289068,153.609372090384,99.3508940827211,66.5008477853491,193.63278243493,0,250.461724766314,94.8881692391942,90.1317194604647,146.99041817625,345.797434674459,158.955087279859,357.423078228283,98.2230592632363,321.864157986053,194.442125915551
106.128596538706,0,0,0,0,0,192.135034768848,0,0,0,0,0,0,0,0,0,0,0,0,119.345624434514,0,97.5855511246009,0,204.481117647118,0,0,0,0,0,0,0,0,0,0,0,0,0,0,0,80.8080171296381,0
0,0,0,0,0,0,0,0,184.249961885477,125.81518738273,0,0,0,0,205.183249704085,333.645516435298,196.032358954952,0,0,112.793316814908,0,0,0,109.093416850988,0,101.5853655613,0,0,0,165.597665022977,0,61.0664810463559,0,0,120.567029282014,173.201474590904,58.3493451392805,0,0,306.344527664232,0
0,0,0,0,0,0,240.185081663983,0,0,0,75.4497121078207,0,0,205.183249704085,0,199.492852797962,0,0,195.314816908693,135.667029391615,0,0,0,0,0,261.605527103798,0,137.239127032733,0,0,0,0,0,151.01089327964,161.74915061469,76.5072790361762,228.075434767255,0,0,0,0
0,0,0,0,0,0,0,0,94.7529894315991,186.348837226466,136.792307586862,0,0,333.645516435298,199.492852797962,0,0,0,0,0,0,0,0,0,0,0,0,0,193.777661225572,0,0,0,0,115.541295036174,214.116367924649,171.906398392157,143.005810983322,0,0,221.805809452716,0
0,0,0,0,0,0,0,0,0,78.9559315574845,0,0,0,196.032358954952,0,0,0,171.230058197369,0,0,0,0,0,204.084074037941,155.24952173131,0,0,223.705816669619,0,0,0,0,0,178.224497384947,0,89.9429017381717,158.567996645797,0,0,0,206.912707094411
0,0,0,0,0,0,0,0,0,0,0,0,0,0,0,0,171.230058197369,0,0,0,0,0,0,0,0,0,101.605593487621,249.905610015455,136.685314494491,0,0,0,0,116.176698124939,181.316358113209,78.8552325762656,82.6299537488922,0,0,205.839960264176,0
205.09013266389,0,0,226.825099357786,0,0,0,0,0,0,0,338.131802716296,0,0,195.314816908693,0,0,0,0,252.487290983309,0,0,94.126460729827,0,0,0,0,151.075371308616,128.530575464043,0,0,0,0,0,0,82.1742780037132,71.5579325720569,0,0,219.430938885781,154.142998692322
0,0,0,159.183173818572,153.876396855887,151.036729364761,101.895308036513,0,0,0,0,0,119.345624434514,112.793316814908,135.667029391615,0,0,0,252.487290983309,0,259.055025639447,100.812745974529,0,0,62.311273509377,0,146.770754374523,84.3635741045246,0,0,0,0,0,120.912756812582,284.529238481835,0,148.808626413748,93.5029580098427,0,0,0
0,0,0,0,0,137.177378802006,0,348.674510760064,0,0,0,0,0,0,0,0,0,0,0,259.055025639447,0,0,0,124.853650664477,0,0,0,73.1029054543569,0,92.5568465385234,0,98.417953423071,0,253.401634605989,227.504408813069,0,154.070293657878,0,193.055010680236,85.7623170715703,255.441154257905
0,0,0,0,0,198.528111506785,0,0,247.66948903751,303.527509149359,0,0,97.5855511246009,0,0,0,0,0,0,100.812745974529,0,0,0,0,0,0,97.3232815600345,0,0,0,0,0,0,0,283.88658203332,0,261.440278806413,0,0,0,0
0,115.194491798135,93.4234866874731,206.472608421747,0,0,169.453147353278,0,0,90.7216186966914,0,0,0,0,0,0,0,0,94.126460729827,0,0,0,0,0,0,72.2278283150671,0,106.926813611922,0,325.937289045041,0,241.57250333243,0,0,213.67670887414,0,161.302948562323,94.9380989123498,0,220.963068032256,97.3506957544063
0,0,157.852515740516,251.098274723989,0,178.683678585178,0,0,0,0,0,0,204.481117647118,109.093416850988,0,0,204.084074037941,0,0,0,124.853650664477,0,0,0,0,173.001559092555,276.620869034647,125.416941482916,320.356811100276,165.893015276821,0,0,0,128.846764897717,180.355266595273,0,196.04190773555,96.7845769653343,140.574866691684,98.6790043377568,150.161410108805
0,0,0,224.551207449728,106.533627130087,0,218.045528847001,0,0,0,104.369974912428,133.984214699576,0,0,0,0,155.24952173131,0,0,62.311273509377,0,0,0,0,0,124.698445421759,0,92.5207898118833,0,0,0,0,0,347.376449530863,0,0,0,0,0,0,0
74.7304794244225,0,0,138.33942793804,0,103.519938150021,0,0,0,160.530221557972,163.059043292369,323.781250289068,0,101.5853655613,261.605527103798,0,0,0,0,0,0,0,72.2278283150671,173.001559092555,124.698445421759,0,208.005106191961,259.442917595754,125.994729980093,0,0,0,0,0,0,280.376028997576,321.124897279917,141.204637091722,95.7590805983148,172.608400267715,191.519780382943
0,0,0,0,116.054372245433,241.635434294794,0,283.248188884028,92.3502314520023,0,134.566479261133,153.609372090384,0,0,0,0,0,101.605593487621,0,146.770754374523,0,97.3232815600345,0,276.620869034647,0,208.005106191961,0,117.208001126138,177.763106506206,0,0,198.964527389285,87.8456058929559,0,0,73.4795582048751,153.672550905948,197.486504603685,128.405764333981,209.996727521564,0
0,134.960780198024,114.649126378906,0,217.157696745803,0,135.294330067913,71.4788760670054,161.325017232684,169.742003380707,62.859596780235,99.3508940827211,0,0,137.239127032733,0,223.705816669619,249.905610015455,151.075371308616,84.3635741045246,73.1029054543569,0,106.926813611922,125.416941482916,92.5207898118833,259.442917595754,117.208001126138,0,0,0,0,192.601533877686,0,306.640284138334,139.93285932648,0,236.681907140956,89.707245288964,0,201.100640800745,186.973586461633
0,249.798812580765,0,193.659409924573,309.997227542691,0,183.786860782462,0,219.040656038919,197.893790332676,0,66.5008477853491,0,0,0,193.777661225572,0,136.685314494491,128.530575464043,0,0,0,0,320.356811100276,0,125.994729980093,177.763106506206,0,0,0,108.136066660554,0,81.9664354533492,0,215.611029055736,115.871357769661,138.425725342224,94.7280504127031,111.226326353722,0,154.784755881607
0,0,0,0,0,0,0,101.85207633558,0,0,0,193.63278243493,0,165.597665022977,0,0,0,0,0,0,92.5568465385234,0,325.937289045041,165.893015276821,0,0,0,0,0,0,0,0,0,139.792601838991,133.218162784108,0,179.718364159796,137.189596148386,0,161.694997919804,0
0,0,0,0,0,0,0,167.066576495979,0,224.523755099568,188.936291522747,0,0,0,0,0,0,0,0,0,0,0,0,0,0,0,0,0,108.136066660554,0,0,0,0,0,0,0,163.945208919892,0,0,142.385058730083,0
0,0,195.378266313867,0,238.934743274142,0,0,0,0,0,0,250.461724766314,0,61.0664810463559,0,0,0,0,0,0,98.417953423071,0,241.57250333243,0,0,0,198.964527389285,192.601533877686,0,0,0,0,0,99.2646516363145,0,0,0,0,231.715271819474,187.77054666536,0
0,0,0,0,0,0,0,0,0,0,0,94.8881692391942,0,0,0,0,0,0,0,0,0,0,0,0,0,0,87.8456058929559,0,81.9664354533492,0,0,0,0,0,155.901486485736,0,0,0,0,241.682021696872,0
242.790381480436,0,113.059176128709,0,89.3673883748406,153.453047983244,0,85.6072705949986,70.4221432298295,263.534399241887,154.065933476765,90.1317194604647,0,0,151.01089327964,115.541295036174,178.224497384947,116.176698124939,0,120.912756812582,253.401634605989,0,0,128.846764897717,347.376449530863,0,0,306.640284138334,0,139.792601838991,0,99.2646516363145,0,0,192.693757128262,101.350815329073,172.892533368851,67.8267069095267,0,232.945974238958,146.465927798921
145.74089716123,0,0,0,168.241326865882,108.381749703452,0,115.114253591495,0,0,219.078548227669,146.99041817625,0,120.567029282014,161.74915061469,214.116367924649,0,181.316358113209,0,284.529238481835,227.504408813069,283.88658203332,213.67670887414,180.355266595273,0,0,0,139.93285932648,215.611029055736,133.218162784108,0,0,155.901486485736,192.693757128262,0,335.371040201042,201.44584889478,115.868441404982,104.915316975638,0,139.654362654449
0,0,0,0,180.90030328818,0,106.33736463831,228.792310020318,0,0,0,345.797434674459,0,173.201474590904,76.5072790361762,171.906398392157,89.9429017381717,78.8552325762656,82.1742780037132,0,0,0,0,0,0,280.376028997576,73.4795582048751,0,115.871357769661,0,0,0,0,101.350815329073,335.371040201042,0,74.4197823064597,164.032723165762,0,220.901129804706,113.144980278377
0,0,0,0,146.814226519809,0,101.443495235174,74.5815074003433,89.1590885155172,111.435629183184,0,158.955087279859,0,58.3493451392805,228.075434767255,143.005810983322,158.567996645797,82.6299537488922,71.5579325720569,148.808626413748,154.070293657878,261.440278806413,161.302948562323,196.04190773555,0,321.124897279917,153.672550905948,236.681907140956,138.425725342224,179.718364159796,163.945208919892,0,0,172.892533368851,201.44584889478,74.4197823064597,0,262.382215657622,231.050882209,174.013630695256,190.185165668632
0,161.275817184598,0,173.538155409849,0,0,0,151.806152521152,0,0,222.053792850439,357.423078228283,0,0,0,0,0,0,0,93.5029580098427,0,0,94.9380989123498,96.7845769653343,0,141.204637091722,197.486504603685,89.707245288964,94.7280504127031,137.189596148386,0,0,0,67.8267069095267,115.868441404982,164.032723165762,262.382215657622,0,122.106946855269,314.611698427915,112.349934713559
160.537522273714,0,0,195.822649557859,0,114.511014214502,0,96.5937438588657,0,175.196329314064,0,98.2230592632363,0,0,0,0,0,0,0,0,193.055010680236,0,0,140.574866691684,0,95.7590805983148,128.405764333981,0,111.226326353722,0,0,231.715271819474,0,0,104.915316975638,0,231.050882209,122.106946855269,0,0,0
0,0,0,0,80.4367166559625,0,0,225.013371621378,0,81.2827395071039,94.027247878695,321.864157986053,80.8080171296381,306.344527664232,0,221.805809452716,0,205.839960264176,219.430938885781,0,85.7623170715703,0,220.963068032256,98.6790043377568,0,172.608400267715,209.996727521564,201.100640800745,0,161.694997919804,142.385058730083,187.77054666536,241.682021696872,232.945974238958,0,220.901129804706,174.013630695256,314.611698427915,0,0,142.054529471577
0,178.748963182352,0,82.6426202489162,180.543851962045,0,0,151.695570509541,0,173.059382066957,202.712457066107,194.442125915551,0,0,0,0,206.912707094411,0,154.142998692322,0,255.441154257905,0,97.3506957544063,150.161410108805,0,191.519780382943,0,186.973586461633,154.784755881607,0,0,0,0,146.465927798921,139.654362654449,113.144980278377,190.185165668632,112.349934713559,0,142.054529471577,0
