0,0,0,0,115.868441404982,0,0,0,0,0,0,0,0,0,151.01089327964,0,0,0,0,0,0,0,161.694997919804,0,0,0,0,193.659409924573,0,0,0,0,0,0,0,0,0,151.075371308616,0,0,218.045528847001
0,0,0,0,0,0,0,0,223.705816669619,0,0,0,0,116.054372245433,303.527509149359,154.070293657878,0,0,0,0,0,0,0,0,0,0,0,0,153.453047983244,0,0,0,0,0,73.4795582048751,0,119.728129215699,0,0,0,0
0,0,0,0,0,0,0,0,0,0,0,0,0,0,0,0,0,0,0,0,0,0,0,0,0,0,97.5855511246009,0,0,0,0,0,0,119.345624434514,140.574866691684,71.5579325720569,96.7845769653343,0,0,0,0
0,0,0,0,0,0,0,0,0,0,0,0,0,0,173.001559092555,0,0,0,338.131802716296,0,0,0,0,0,280.376028997576,72.2278283150671,249.798812580765,306.344527664232,0,0,0,0,0,250.461724766314,62.311273509377,0,155.901486485736,78.8552325762656,188.851177466023,62.859596780235,125.994729980093
115.868441404982,0,0,0,0,0,357.423078228283,0,200.878319874537,177.763106506206,174.013630695256,348.674510760064,0,0,0,0,0,0,0,0,128.530575464043,0,0,98.417953423071,0,118.522099274347,0,0,160.537522273714,0,0,0,89.1590885155172,0,0,323.781250289068,0,0,206.912707094411,145.74089716123,0
0,0,0,0,0,0,0,0,0,98.2230592632363,115.871357769661,0,0,0,0,0,113.144980278377,0,0,70.4221432298295,0,0,0,164.032723165762,161.74915061469,335.371040201042,159.183173818572,92.5207898118833,76.5072790361762,0,0,209.996727521564,188.936291522747,0,172.892533368851,0,153.672550905948,0,0,0,0
0,0,0,0,357.423078228283,0,0,0,0,321.864157986053,115.114253591495,151.806152521152,0,116.176698124939,0,0,0,0,0,0,0,0,95.7590805983148,157.852515740516,0,0,0,204.481117647118,241.635434294794,0,0,0,0,142.385058730083,0,148.808626413748,0,345.797434674459,0,228.075434767255,0
0,0,0,0,0,0,0,0,94.7529894315991,141.204637091722,353.822894641502,0,0,0,0,122.106946855269,0,225.013371621378,220.963068032256,0,0,231.715271819474,179.718364159796,106.533627130087,0,0,0,111.226326353722,158.567996645797,0,0,0,0,99.3508940827211,0,0,75.4497121078207,0,90.1317194604647,178.683678585178,204.084074037941
0,223.705816669619,0,0,200.878319874537,0,0,94.7529894315991,0,139.654362654449,0,0,0,0,0,0,0,0,0,0,0,0,0,0,0,0,0,0,0,0,214.116367924649,154.142998692322,0,219.040656038919,74.5815074003433,333.645516435298,186.348837226466,0,0,199.492852797962,0
0,0,0,0,177.763106506206,98.2230592632363,321.864157986053,141.204637091722,139.654362654449,0,0,0,135.667029391615,255.441154257905,101.605593487621,0,0,0,0,0,0,131.969743415579,0,325.937289045041,0,101.5853655613,97.3506957544063,221.805809452716,161.325017232684,0,0,82.4756938751058,0,0,0,0,0,139.93285932648,219.430938885781,194.442125915551,0
0,0,0,0,174.013630695256,115.871357769661,115.114253591495,353.822894641502,0,0,0,220.901129804706,0,0,0,67.8267069095267,261.440278806413,117.208001126138,0,0,0,0,0,169.742003380707,0,0,94.8881692391942,0,0,212.592150359921,0,0,0,0,0,163.059043292369,150.161410108805,231.050882209,180.543851962045,0,205.839960264176
0,0,0,0,348.674510760064,0,151.806152521152,0,0,0,220.901129804706,0,0,0,0,181.316358113209,137.189596148386,0,0,115.194491798135,0,0,0,74.7304794244225,0,283.88658203332,161.275817184598,142.054529471577,61.0664810463559,192.601533877686,0,134.960780198024,0,186.973586461633,202.712457066107,80.4367166559625,89.3673883748406,178.748963182352,228.792310020318,284.529238481835,115.332064605654
0,0,0,0,0,0,0,0,0,135.667029391615,0,0,0,0,0,0,0,0,0,0,0,0,0,0,0,0,71.4788760670054,0,0,0,0,0,0,128.405764333981,205.183249704085,173.059382066957,0,320.356811100276,0,0,0
0,116.054372245433,0,0,0,0,116.176698124939,0,0,255.441154257905,0,0,0,0,0,0,153.876396855887,0,136.685314494491,0,120.912756812582,0,0,66.5008477853491,0,0,252.487290983309,241.682021696872,97.3232815600345,0,0,0,0,0,222.053792850439,98.6790043377568,0,208.005106191961,0,143.005810983322,0
151.01089327964,303.527509149359,0,173.001559092555,0,0,0,0,0,101.605593487621,0,0,0,0,0,0,0,94.9380989123498,0,0,0,0,0,0,0,306.640284138334,0,162.833808134102,0,0,171.906398392157,0,0,215.611029055736,198.528111506785,0,309.997227542691,0,0,96.5937438588657,0
0,154.070293657878,0,0,0,0,0,122.106946855269,0,0,67.8267069095267,181.316358113209,0,0,0,0,0,0,173.538155409849,196.04190773555,0,0,0,0,0,0,0,92.5568465385234,0,0,171.230058197369,0,0,259.055025639447,191.519780382943,0,251.098274723989,0,0,0,0
0,0,0,0,0,113.144980278377,0,0,0,0,261.440278806413,137.189596148386,0,153.876396855887,0,0,0,0,101.85207633558,0,0,0,0,0,0,178.224497384947,103.519938150021,0,0,0,92.3502314520023,0,0,0,347.376449530863,136.792307586862,0,0,0,0,0
0,0,0,0,0,0,0,225.013371621378,0,0,117.208001126138,0,0,0,94.9380989123498,0,0,0,0,89.707245288964,0,0,0,0,0,0,0,106.33736463831,0,0,0,0,0,193.055010680236,93.5029580098427,0,300.031143529538,134.566479261133,0,0,0
0,0,0,338.131802716296,0,0,0,220.963068032256,0,0,0,0,0,136.685314494491,0,173.538155409849,101.85207633558,0,0,0,0,0,0,94.126460729827,94.027247878695,0,0,0,154.065933476765,0,0,0,0,0,0,0,109.093416850988,224.523755099568,0,262.382215657622,153.609372090384
0,0,0,0,0,70.4221432298295,0,0,0,0,0,115.194491798135,0,0,0,196.04190773555,0,89.707245288964,0,0,269.936825670274,0,0,314.611698427915,192.693757128262,133.218162784108,283.248188884028,87.8456058929559,249.905610015455,124.853650664477,0,133.984214699576,0,0,0,0,94.7280504127031,110.384905066973,0,165.893015276821,93.4234866874731
0,0,0,0,128.530575464043,0,0,0,0,0,0,0,0,120.912756812582,0,0,0,0,0,269.936825670274,0,0,165.597665022977,0,0,125.416941482916,85.6072705949986,138.33942793804,135.294330067913,0,0,0,0,0,0,205.09013266389,108.381749703452,196.032358954952,0,89.9429017381717,175.196329314064
0,0,0,0,0,0,0,231.715271819474,0,131.969743415579,0,0,0,0,0,0,0,0,0,0,0,0,0,0,0,0,0,84.3635741045246,276.620869034647,0,0,0,0,82.6299537488922,263.534399241887,82.1742780037132,137.239127032733,0,0,0,0
161.694997919804,0,0,0,0,0,95.7590805983148,179.718364159796,0,0,0,0,0,0,0,0,0,0,0,0,165.597665022977,0,0,80.8080171296381,0,104.915316975638,112.823430872325,247.66948903751,0,0,198.964527389285,74.4197823064597,0,197.486504603685,206.472608421747,0,128.846764897717,0,0,146.814226519809,259.442917595754
0,0,0,0,98.417953423071,164.032723165762,157.852515740516,106.533627130087,0,325.937289045041,169.742003380707,74.7304794244225,0,66.5008477853491,0,0,0,0,94.126460729827,314.611698427915,0,0,80.8080171296381,0,0,114.511014214502,0,192.135034768848,106.128596538706,81.9664354533492,0,0,0,167.066576495979,187.77054666536,0,321.124897279917,0,0,0,163.945208919892
0,0,0,280.376028997576,0,161.74915061469,0,0,0,0,0,0,0,0,0,0,0,0,94.027247878695,192.693757128262,0,0,0,0,0,0,0,0,137.177378802006,0,0,0,0,115.541295036174,0,190.185165668632,0,58.3493451392805,227.504408813069,217.157696745803,0
0,0,0,72.2278283150671,118.522099274347,335.371040201042,0,0,0,101.5853655613,0,283.88658203332,0,0,306.640284138334,0,178.224497384947,0,0,133.218162784108,125.416941482916,0,104.915316975638,114.511014214502,0,0,78.9559315574845,241.57250333243,0,184.249961885477,0,0,201.100640800745,193.777661225572,154.784755881607,158.955087279859,120.567029282014,0,329.719143597451,0,0
0,0,97.5855511246009,249.798812580765,0,159.183173818572,0,0,0,97.3506957544063,94.8881692391942,161.275817184598,71.4788760670054,252.487290983309,0,0,103.519938150021,0,0,283.248188884028,85.6072705949986,0,112.823430872325,0,0,78.9559315574845,0,201.44584889478,0,0,0,0,0,73.1029054543569,0,238.934743274142,114.649126378906,0,151.036729364761,101.895308036513,108.136066660554
193.659409924573,0,0,306.344527664232,0,92.5207898118833,204.481117647118,111.226326353722,0,221.805809452716,0,142.054529471577,0,241.682021696872,162.833808134102,92.5568465385234,0,106.33736463831,0,87.8456058929559,138.33942793804,84.3635741045246,247.66948903751,192.135034768848,0,241.57250333243,201.44584889478,0,100.812745974529,138.425725342224,0,0,0,151.695570509541,195.822649557859,0,242.790381480436,112.793316814908,197.893790332676,160.530221557972,104.369974912428
0,153.453047983244,0,0,160.537522273714,76.5072790361762,241.635434294794,158.567996645797,0,161.325017232684,0,61.0664810463559,0,97.3232815600345,0,0,0,0,154.065933476765,249.905610015455,135.294330067913,276.620869034647,0,106.128596538706,137.177378802006,0,0,100.812745974529,0,0,0,0,0,101.350815329073,113.059176128709,0,112.349934713559,253.401634605989,168.241326865882,236.681907140956,0
0,0,0,0,0,0,0,0,0,0,212.592150359921,192.601533877686,0,0,0,0,0,0,0,124.853650664477,0,0,0,81.9664354533492,0,184.249961885477,0,138.425725342224,0,0,0,0,0,81.2827395071039,240.185081663983,0,172.608400267715,161.302948562323,0,180.355266595273,0
0,0,0,0,0,0,0,0,214.116367924649,0,0,0,0,0,171.906398392157,171.230058197369,92.3502314520023,0,0,0,0,0,198.964527389285,0,0,0,0,0,0,0,0,0,0,0,0,0,0,0,0,0,101.443495235174
0,0,0,0,0,209.996727521564,0,0,154.142998692322,82.4756938751058,0,134.960780198024,0,0,0,0,0,0,0,133.984214699576,0,0,74.4197823064597,0,0,0,0,0,0,0,0,0,0,90.7216186966914,0,99.2646516363145,82.6426202489162,0,0,180.90030328818,155.24952173131
0,0,0,0,89.1590885155172,188.936291522747,0,0,0,0,0,0,0,0,0,0,0,0,0,0,0,0,0,0,0,201.100640800745,0,0,0,0,0,0,0,0,0,0,232.945974238958,0,0,0,183.786860782462
0,0,119.345624434514,250.461724766314,0,0,142.385058730083,99.3508940827211,219.040656038919,0,0,186.973586461633,128.405764333981,0,215.611029055736,259.055025639447,0,193.055010680236,0,0,0,82.6299537488922,197.486504603685,167.066576495979,115.541295036174,193.777661225572,73.1029054543569,151.695570509541,101.350815329073,81.2827395071039,0,90.7216186966914,0,0,146.465927798921,85.7623170715703,146.99041817625,213.67670887414,0,106.926813611922,226.825099357786
0,73.4795582048751,140.574866691684,62.311273509377,0,172.892533368851,0,0,74.5815074003433,0,0,202.712457066107,205.183249704085,222.053792850439,198.528111506785,191.519780382943,347.376449530863,93.5029580098427,0,0,0,263.534399241887,206.472608421747,187.77054666536,0,154.784755881607,0,195.822649557859,113.059176128709,240.185081663983,0,0,0,146.465927798921,0,0,219.078548227669,146.770754374523,289.631679007608,169.453147353278,211.840482897052
0,0,71.5579325720569,0,323.781250289068,0,148.808626413748,0,333.645516435298,0,163.059043292369,80.4367166559625,173.059382066957,98.6790043377568,0,0,136.792307586862,0,0,0,205.09013266389,82.1742780037132,0,0,190.185165668632,158.955087279859,238.934743274142,0,0,0,0,99.2646516363145,0,85.7623170715703,0,0,139.792601838991,195.314816908693,0,125.81518738273,0
0,119.728129215699,96.7845769653343,155.901486485736,0,153.672550905948,0,75.4497121078207,186.348837226466,0,150.161410108805,89.3673883748406,0,0,309.997227542691,251.098274723989,0,300.031143529538,109.093416850988,94.7280504127031,108.381749703452,137.239127032733,128.846764897717,321.124897279917,0,120.567029282014,114.649126378906,242.790381480436,112.349934713559,172.608400267715,0,82.6426202489162,232.945974238958,146.99041817625,219.078548227669,139.792601838991,0,0,195.378266313867,193.63278243493,224.551207449728
151.075371308616,0,0,78.8552325762656,0,0,345.797434674459,0,0,139.93285932648,231.050882209,178.748963182352,320.356811100276,208.005106191961,0,0,0,134.566479261133,224.523755099568,110.384905066973,196.032358954952,0,0,0,58.3493451392805,0,0,112.793316814908,253.401634605989,161.302948562323,0,0,0,213.67670887414,146.770754374523,195.314816908693,0,0,0,0,124.698445421759
0,0,0,188.851177466023,206.912707094411,0,0,90.1317194604647,0,219.430938885781,180.543851962045,228.792310020318,0,0,0,0,0,0,0,0,0,0,0,0,227.504408813069,329.719143597451,151.036729364761,197.893790332676,168.241326865882,0,0,0,0,0,289.631679007608,0,195.378266313867,0,0,111.435629183184,173.201474590904
0,0,0,62.859596780235,145.74089716123,0,228.075434767255,178.683678585178,199.492852797962,194.442125915551,0,284.529238481835,0,143.005810983322,96.5937438588657,0,0,0,262.382215657622,165.893015276821,89.9429017381717,0,146.814226519809,0,217.157696745803,0,101.895308036513,160.530221557972,236.681907140956,180.355266595273,0,180.90030328818,0,106.926813611922,169.453147353278,125.81518738273,193.63278243493,0,111.435629183184,0,261.605527103798
218.045528847001,0,0,125.994729980093,0,0,0,204.084074037941,0,0,205.839960264176,115.332064605654,0,0,0,0,0,0,153.609372090384,93.4234866874731,175.196329314064,0,259.442917595754,163.945208919892,0,0,108.136066660554,104.369974912428,0,0,101.443495235174,155.24952173131,183.786860782462,226.825099357786,211.840482897052,0,224.551207449728,124.698445421759,173.201474590904,261.605527103798,0
