0,0,0,0,0,0,0,0,0,0,0,0,0,75.4497121078207,0,0,0,0,0,0,0,0,0,0,135.667029391615,0,0,314.611698427915,101.350815329073,0,0,0,0,0,0,219.040656038919,213.67670887414,0,0,0,0
0,0,93.4234866874731,0,0,180.355266595273,0,0,0,0,0,0,0,0,0,0,161.694997919804,0,0,0,0,0,0,300.031143529538,0,0,0,183.786860782462,0,0,0,0,0,0,111.435629183184,0,0,0,0,97.3232815600345,0
0,93.4234866874731,0,0,0,0,0,0,0,138.33942793804,0,0,0,0,0,0,0,0,0,0,98.417953423071,0,0,0,0,0,0,0,198.964527389285,0,0,0,0,0,0,0,0,169.453147353278,0,0,0
0,0,0,0,181.316358113209,194.442125915551,0,0,0,0,0,0,0,0,0,206.912707094411,0,0,0,192.693757128262,124.698445421759,0,155.901486485736,188.936291522747,0,145.74089716123,0,0,94.9380989123498,215.611029055736,0,0,0,66.5008477853491,0,0,0,0,172.892533368851,146.814226519809,0
0,0,0,181.316358113209,0,0,0,0,139.654362654449,0,240.185081663983,214.116367924649,0,0,0,0,0,0,0,0,0,0,0,202.712457066107,190.185165668632,136.792307586862,172.608400267715,0,165.893015276821,0,146.770754374523,0,0,220.963068032256,137.189596148386,0,153.609372090384,155.24952173131,0,0,0
0,180.355266595273,0,194.442125915551,0,0,0,0,0,0,241.57250333243,134.566479261133,0,0,0,0,0,0,187.77054666536,0,0,0,0,80.8080171296381,154.142998692322,169.742003380707,0,0,306.344527664232,0,0,0,0,67.8267069095267,104.915316975638,0,115.871357769661,0,249.798812580765,101.605593487621,0
0,0,0,0,0,0,0,160.530221557972,225.013371621378,0,0,0,212.592150359921,0,0,0,0,0,133.984214699576,0,231.715271819474,0,0,0,119.728129215699,178.748963182352,100.812745974529,0,0,0,131.969743415579,0,0,106.533627130087,171.230058197369,0,180.90030328818,0,0,171.906398392157,0
0,0,0,0,0,0,160.530221557972,0,0,80.4367166559625,0,137.177378802006,0,219.078548227669,73.1029054543569,0,0,0,0,122.106946855269,71.5579325720569,0,0,90.1317194604647,97.5855511246009,117.208001126138,0,85.6072705949986,0,0,0,0,0,179.718364159796,158.567996645797,0,78.8552325762656,0,0,198.528111506785,112.793316814908
0,0,0,0,139.654362654449,0,225.013371621378,0,0,0,0,0,0,0,0,0,0,0,0,0,252.487290983309,0,0,157.852515740516,0,71.4788760670054,0,178.683678585178,0,0,0,0,0,0,227.504408813069,133.218162784108,173.538155409849,276.620869034647,0,136.685314494491,0
0,0,138.33942793804,0,0,0,0,80.4367166559625,0,0,89.707245288964,217.157696745803,0,84.3635741045246,0,82.4756938751058,201.44584889478,174.013630695256,0,261.440278806413,0,0,0,192.601533877686,0,0,219.430938885781,0,101.85207633558,0,0,0,0,208.005106191961,62.859596780235,0,259.442917595754,120.912756812582,0,118.522099274347,163.945208919892
0,0,0,0,240.185081663983,241.57250333243,0,0,0,89.707245288964,0,0,0,199.492852797962,0,0,0,0,0,0,158.955087279859,0,153.453047983244,135.294330067913,0,241.635434294794,0,193.659409924573,140.574866691684,0,0,321.864157986053,0,333.645516435298,0,98.6790043377568,0,92.3502314520023,0,95.7590805983148,81.2827395071039
0,0,0,0,214.116367924649,134.566479261133,0,137.177378802006,0,217.157696745803,0,0,0,0,0,0,0,0,0,283.248188884028,0,143.005810983322,0,188.851177466023,0,263.534399241887,146.99041817625,128.530575464043,96.5937438588657,0,0,224.523755099568,347.376449530863,92.5207898118833,94.7529894315991,151.806152521152,195.822649557859,89.9429017381717,125.81518738273,115.194491798135,329.719143597451
0,0,0,0,0,0,212.592150359921,0,0,0,0,0,0,232.945974238958,0,0,0,0,0,0,0,0,197.486504603685,0,0,0,0,0,0,0,0,0,0,0,221.805809452716,223.705816669619,92.5568465385234,0,0,0,0
75.4497121078207,0,0,0,0,0,0,219.078548227669,0,84.3635741045246,199.492852797962,0,232.945974238958,0,0,0,0,0,0,0,0,0,87.8456058929559,0,0,0,253.401634605989,106.128596538706,0,0,0,0,0,0,283.88658203332,0,320.356811100276,115.114253591495,184.249961885477,137.239127032733,89.3673883748406
0,0,0,0,0,0,0,73.1029054543569,0,0,0,0,0,0,0,0,335.371040201042,0,173.201474590904,0,0,0,0,193.63278243493,0,205.09013266389,0,0,323.781250289068,0,0,0,0,348.674510760064,280.376028997576,197.893790332676,0,141.204637091722,0,82.1742780037132,251.098274723989
0,0,0,206.912707094411,0,0,0,0,0,82.4756938751058,0,0,0,0,0,0,0,0,0,0,200.878319874537,0,0,0,0,0,211.840482897052,96.7845769653343,173.001559092555,114.649126378906,0,0,0,0,161.275817184598,108.381749703452,163.059043292369,0,0,104.369974912428,0
0,161.694997919804,0,0,0,0,0,0,0,201.44584889478,0,0,0,0,335.371040201042,0,0,98.2230592632363,0,0,0,106.926813611922,0,0,0,0,0,120.567029282014,0,0,108.136066660554,0,0,0,0,78.9559315574845,228.075434767255,0,0,0,226.825099357786
0,0,0,0,0,0,0,0,0,174.013630695256,0,0,0,0,0,0,98.2230592632363,0,0,151.036729364761,0,0,151.01089327964,0,0,89.1590885155172,0,161.302948562323,154.784755881607,82.6426202489162,0,0,0,0,0,173.059382066957,0,0,0,0,0
0,0,0,0,0,187.77054666536,133.984214699576,0,0,0,0,0,0,0,173.201474590904,0,0,0,0,345.797434674459,0,0,74.7304794244225,0,0,0,128.405764333981,154.065933476765,0,0,0,306.640284138334,0,0,0,0,142.054529471577,204.481117647118,97.3506957544063,0,101.443495235174
0,0,0,192.693757128262,0,0,0,122.106946855269,0,261.440278806413,0,283.248188884028,0,0,0,0,0,151.036729364761,345.797434674459,0,0,0,196.032358954952,0,193.777661225572,0,186.348837226466,303.527509149359,112.823430872325,0,0,99.3508940827211,0,178.224497384947,0,206.472608421747,325.937289045041,250.461724766314,0,161.325017232684,0
0,0,98.417953423071,124.698445421759,0,0,231.715271819474,71.5579325720569,252.487290983309,0,158.955087279859,0,0,0,0,200.878319874537,0,0,0,0,0,0,0,0,115.541295036174,0,0,0,0,0,231.050882209,218.045528847001,0,269.936825670274,0,0,90.7216186966914,0,0,0,139.792601838991
0,0,0,0,0,0,0,0,0,0,0,143.005810983322,0,0,0,0,106.926813611922,0,0,0,0,0,153.672550905948,168.241326865882,0,0,0,0,0,0,0,0,0,309.997227542691,262.382215657622,255.441154257905,94.8881692391942,0,0,0,0
0,0,0,155.901486485736,0,0,0,0,0,0,153.453047983244,0,197.486504603685,87.8456058929559,0,0,0,151.01089327964,74.7304794244225,196.032358954952,0,153.672550905948,0,0,0,0,177.763106506206,125.416941482916,0,0,0,0,0,81.9664354533492,204.084074037941,0,134.960780198024,193.055010680236,0,0,191.519780382943
0,300.031143529538,0,188.936291522747,202.712457066107,80.8080171296381,0,90.1317194604647,157.852515740516,192.601533877686,135.294330067913,188.851177466023,0,0,193.63278243493,0,0,0,0,0,0,168.241326865882,0,0,0,85.7623170715703,209.996727521564,0,0,0,0,0,0,180.543851962045,261.605527103798,58.3493451392805,94.7280504127031,0,242.790381480436,0,247.66948903751
135.667029391615,0,0,0,190.185165668632,154.142998692322,119.728129215699,97.5855511246009,0,0,0,0,0,0,0,0,0,0,0,193.777661225572,115.541295036174,0,0,0,0,0,113.059176128709,0,0,0,0,0,0,146.465927798921,0,0,0,0,0,0,186.973586461633
0,0,0,145.74089716123,136.792307586862,169.742003380707,178.748963182352,117.208001126138,71.4788760670054,0,241.635434294794,263.534399241887,0,0,205.09013266389,0,0,89.1590885155172,0,0,0,0,0,85.7623170715703,0,0,119.345624434514,160.537522273714,0,0,0,0,0,228.792310020318,201.100640800745,0,113.144980278377,151.075371308616,101.5853655613,162.833808134102,196.04190773555
0,0,0,0,172.608400267715,0,100.812745974529,0,0,219.430938885781,0,146.99041817625,0,253.401634605989,0,211.840482897052,0,0,128.405764333981,186.348837226466,0,0,177.763106506206,209.996727521564,113.059176128709,119.345624434514,0,164.032723165762,109.093416850988,205.183249704085,0,0,0,116.054372245433,167.066576495979,0,165.597665022977,150.161410108805,0,205.839960264176,0
314.611698427915,183.786860782462,0,0,0,0,0,85.6072705949986,178.683678585178,0,193.659409924573,128.530575464043,0,106.128596538706,0,96.7845769653343,120.567029282014,161.302948562323,154.065933476765,303.527509149359,0,0,125.416941482916,0,0,160.537522273714,164.032723165762,0,357.423078228283,74.5815074003433,70.4221432298295,0,175.196329314064,289.631679007608,125.994729980093,116.176698124939,195.314816908693,61.0664810463559,154.070293657878,222.053792850439,338.131802716296
101.350815329073,0,198.964527389285,94.9380989123498,165.893015276821,306.344527664232,0,0,0,101.85207633558,140.574866691684,96.5937438588657,0,0,323.781250289068,173.001559092555,0,154.784755881607,0,112.823430872325,0,0,0,0,0,0,109.093416850988,357.423078228283,0,139.93285932648,0,76.5072790361762,0,93.5029580098427,94.027247878695,0,124.853650664477,0,0,153.876396855887,99.2646516363145
0,0,0,215.611029055736,0,0,0,0,0,0,0,0,0,0,0,114.649126378906,0,82.6426202489162,0,0,0,0,0,0,0,0,205.183249704085,74.5815074003433,139.93285932648,0,0,0,0,73.4795582048751,128.846764897717,151.695570509541,241.682021696872,0,0,142.385058730083,0
0,0,0,0,146.770754374523,0,131.969743415579,0,0,0,0,0,0,0,0,0,108.136066660554,0,0,0,231.050882209,0,0,0,0,0,0,70.4221432298295,0,0,0,0,0,0,0,353.822894641502,0,0,0,0,0
0,0,0,0,0,0,0,0,0,0,321.864157986053,224.523755099568,0,0,0,0,0,0,306.640284138334,99.3508940827211,218.045528847001,0,0,0,0,0,0,0,76.5072790361762,0,0,0,0,0,114.511014214502,0,148.808626413748,0,115.868441404982,284.529238481835,195.378266313867
0,0,0,0,0,0,0,0,0,0,0,347.376449530863,0,0,0,0,0,0,0,0,0,0,0,0,0,0,0,175.196329314064,0,0,0,0,0,238.934743274142,0,0,74.4197823064597,0,0,192.135034768848,0
0,0,0,66.5008477853491,220.963068032256,67.8267069095267,106.533627130087,179.718364159796,0,208.005106191961,333.645516435298,92.5207898118833,0,0,348.674510760064,0,0,0,0,178.224497384947,269.936825670274,309.997227542691,81.9664354533492,180.543851962045,146.465927798921,228.792310020318,116.054372245433,289.631679007608,93.5029580098427,73.4795582048751,0,0,238.934743274142,0,110.384905066973,0,106.33736463831,220.901129804706,0,159.183173818572,62.311273509377
0,111.435629183184,0,0,137.189596148386,104.915316975638,171.230058197369,158.567996645797,227.504408813069,62.859596780235,0,94.7529894315991,221.805809452716,283.88658203332,280.376028997576,161.275817184598,0,0,0,0,0,262.382215657622,204.084074037941,261.605527103798,0,201.100640800745,167.066576495979,125.994729980093,94.027247878695,128.846764897717,0,114.511014214502,0,110.384905066973,0,0,112.349934713559,94.126460729827,236.681907140956,0,0
219.040656038919,0,0,0,0,0,0,0,133.218162784108,0,98.6790043377568,151.806152521152,223.705816669619,0,197.893790332676,108.381749703452,78.9559315574845,173.059382066957,0,206.472608421747,0,255.441154257905,0,58.3493451392805,0,0,0,116.176698124939,0,151.695570509541,353.822894641502,0,0,0,0,0,111.226326353722,0,82.6299537488922,103.519938150021,161.74915061469
213.67670887414,0,0,0,153.609372090384,115.871357769661,180.90030328818,78.8552325762656,173.538155409849,259.442917595754,0,195.822649557859,92.5568465385234,320.356811100276,0,163.059043292369,228.075434767255,0,142.054529471577,325.937289045041,90.7216186966914,94.8881692391942,134.960780198024,94.7280504127031,0,113.144980278377,165.597665022977,195.314816908693,124.853650664477,241.682021696872,0,148.808626413748,74.4197823064597,106.33736463831,112.349934713559,111.226326353722,0,224.551207449728,101.895308036513,0,0
0,0,169.453147353278,0,155.24952173131,0,0,0,276.620869034647,120.912756812582,92.3502314520023,89.9429017381717,0,115.114253591495,141.204637091722,0,0,0,204.481117647118,250.461724766314,0,0,193.055010680236,0,0,151.075371308616,150.161410108805,61.0664810463559,0,0,0,0,0,220.901129804706,94.126460729827,0,224.551207449728,0,249.905610015455,138.425725342224,321.124897279917
0,0,0,172.892533368851,0,249.798812580765,0,0,0,0,0,125.81518738273,0,184.249961885477,0,0,0,0,97.3506957544063,0,0,0,0,242.790381480436,0,101.5853655613,0,154.070293657878,0,0,0,115.868441404982,0,0,236.681907140956,82.6299537488922,101.895308036513,249.905610015455,0,72.2278283150671,115.332064605654
0,97.3232815600345,0,146.814226519809,0,101.605593487621,171.906398392157,198.528111506785,136.685314494491,118.522099274347,95.7590805983148,115.194491798135,0,137.239127032733,82.1742780037132,104.369974912428,0,0,0,161.325017232684,0,0,0,0,0,162.833808134102,205.839960264176,222.053792850439,153.876396855887,142.385058730083,0,284.529238481835,192.135034768848,159.183173818572,0,103.519938150021,0,138.425725342224,72.2278283150671,0,259.055025639447
0,0,0,0,0,0,0,112.793316814908,0,163.945208919892,81.2827395071039,329.719143597451,0,89.3673883748406,251.098274723989,0,226.825099357786,0,101.443495235174,0,139.792601838991,0,191.519780382943,247.66948903751,186.973586461633,196.04190773555,0,338.131802716296,99.2646516363145,0,0,195.378266313867,0,62.311273509377,0,161.74915061469,0,321.124897279917,115.332064605654,259.055025639447,0
