0,0,0,0,0,0,0,0,0,0,0,0,0,146.99041817625,0,0,0,0,0,0,0,0,0,0,0,205.183249704085,0,154.142998692322,0,0,0,0,0,0,347.376449530863,0,289.631679007608,0,0,0,253.401634605989
0,0,0,0,148.808626413748,0,0,146.465927798921,300.031143529538,0,0,0,0,0,0,0,0,0,0,0,0,0,0,0,0,0,0,0,333.645516435298,145.74089716123,0,0,0,345.797434674459,0,0,0,0,0,0,223.705816669619
0,0,0,0,0,0,0,0,0,0,0,0,0,0,0,0,0,0,0,0,0,137.177378802006,0,73.1029054543569,0,0,0,0,160.530221557972,0,0,0,0,242.790381480436,0,151.075371308616,0,0,0,0,0
0,0,0,0,0,82.6299537488922,89.1590885155172,137.239127032733,165.597665022977,212.592150359921,0,0,0,0,0,0,0,0,0,124.698445421759,0,0,0,0,0,135.294330067913,136.792307586862,136.685314494491,0,0,0,0,0,321.124897279917,323.781250289068,0,0,0,255.441154257905,219.078548227669,0
0,148.808626413748,0,0,0,0,139.792601838991,0,283.248188884028,142.054529471577,87.8456058929559,0,0,227.504408813069,0,134.566479261133,0,0,139.93285932648,104.369974912428,0,0,94.9380989123498,0,0,0,0,122.106946855269,73.4795582048751,0,0,0,0,0,0,0,0,0,0,112.793316814908,120.567029282014
0,0,0,82.6299537488922,0,0,0,171.906398392157,0,174.013630695256,0,206.472608421747,0,0,115.871357769661,0,0,0,0,84.3635741045246,0,0,0,115.332064605654,0,0,0,259.055025639447,0,0,180.355266595273,193.055010680236,0,82.1742780037132,0,119.728129215699,177.763106506206,146.770754374523,0,0,0
0,0,0,89.1590885155172,139.792601838991,0,0,0,0,0,0,114.649126378906,153.876396855887,306.640284138334,0,0,0,0,0,0,0,161.325017232684,0,0,0,0,0,94.8881692391942,0,0,0,0,0,135.667029391615,192.693757128262,208.005106191961,101.605593487621,0,0,173.201474590904,180.90030328818
0,146.465927798921,0,137.239127032733,0,171.906398392157,0,0,0,0,0,125.416941482916,165.893015276821,0,0,0,0,0,106.128596538706,283.88658203332,0,0,97.5855511246009,225.013371621378,0,173.001559092555,97.3232815600345,0,173.059382066957,0,0,0,0,128.846764897717,228.792310020318,0,0,194.442125915551,202.712457066107,0,0
0,300.031143529538,0,165.597665022977,283.248188884028,0,0,0,0,0,0,163.059043292369,0,0,0,0,0,0,0,0,0,0,0,0,0,0,118.522099274347,92.3502314520023,0,0,0,0,0,184.249961885477,236.681907140956,0,153.453047983244,219.430938885781,0,195.314816908693,0
0,0,0,212.592150359921,142.054529471577,174.013630695256,0,0,0,0,99.2646516363145,0,0,0,261.440278806413,0,0,306.344527664232,0,0,0,0,0,263.534399241887,173.538155409849,90.7216186966914,206.912707094411,249.905610015455,0,74.7304794244225,0,0,0,153.609372090384,101.895308036513,0,151.036729364761,101.5853655613,101.85207633558,238.934743274142,0
0,0,0,0,87.8456058929559,0,0,0,0,99.2646516363145,0,0,0,241.57250333243,0,82.6426202489162,199.492852797962,0,0,0,0,0,0,90.1317194604647,0,200.878319874537,114.511014214502,0,0,0,259.442917595754,241.682021696872,231.715271819474,0,98.6790043377568,80.8080171296381,138.425725342224,0,0,115.541295036174,106.533627130087
0,0,0,0,0,206.472608421747,114.649126378906,125.416941482916,163.059043292369,0,0,0,0,0,171.230058197369,0,196.032358954952,113.144980278377,0,70.4221432298295,133.984214699576,0,0,201.44584889478,195.822649557859,188.936291522747,81.2827395071039,0,139.654362654449,0,0,164.032723165762,0,226.825099357786,338.131802716296,0,124.853650664477,106.926813611922,89.9429017381717,92.5568465385234,0
0,0,0,0,0,0,153.876396855887,165.893015276821,0,0,0,0,0,0,0,209.996727521564,0,0,0,0,0,0,0,0,0,0,0,252.487290983309,0,0,0,0,0,0,0,0,119.345624434514,154.070293657878,0,0,0
146.99041817625,0,0,0,227.504408813069,0,306.640284138334,0,0,0,241.57250333243,0,0,0,0,0,115.194491798135,0,193.63278243493,61.0664810463559,0,0,116.176698124939,0,192.135034768848,0,0,201.100640800745,191.519780382943,0,0,0,0,0,0,357.423078228283,186.973586461633,0,0,0,157.852515740516
0,0,0,0,0,115.871357769661,0,0,0,261.440278806413,0,171.230058197369,0,0,0,0,0,0,0,110.384905066973,0,162.833808134102,0,219.040656038919,247.66948903751,0,178.683678585178,94.7280504127031,151.01089327964,0,0,0,0,151.806152521152,0,0,269.936825670274,0,0,0,0
0,0,0,0,134.566479261133,0,0,0,0,0,82.6426202489162,0,209.996727521564,0,0,0,0,0,0,0,0,158.955087279859,143.005810983322,66.5008477853491,111.435629183184,0,0,0,0,82.4756938751058,0,0,0,155.24952173131,0,0,228.075434767255,198.528111506785,0,0,0
0,0,0,0,0,0,0,0,0,0,199.492852797962,196.032358954952,0,115.194491798135,0,0,0,0,179.718364159796,0,0,0,0,160.537522273714,0,0,89.3673883748406,0,0,0,0,0,0,0,133.218162784108,0,101.350815329073,353.822894641502,0,0,142.385058730083
0,0,0,0,0,0,0,0,0,306.344527664232,0,113.144980278377,0,0,0,0,0,0,0,0,0,0,172.608400267715,0,0,92.5207898118833,0,262.382215657622,0,0,0,0,0,0,0,0,205.839960264176,280.376028997576,0,97.3506957544063,85.6072705949986
0,0,0,0,139.93285932648,0,0,106.128596538706,0,0,0,0,0,193.63278243493,0,0,179.718364159796,0,0,0,0,0,0,72.2278283150671,0,0,309.997227542691,0,0,167.066576495979,0,0,0,183.786860782462,231.050882209,187.77054666536,0,0,204.481117647118,0,62.311273509377
0,0,0,124.698445421759,104.369974912428,84.3635741045246,0,283.88658203332,0,0,0,70.4221432298295,0,61.0664810463559,110.384905066973,0,0,0,0,0,112.349934713559,0,181.316358113209,0,303.527509149359,0,98.2230592632363,240.185081663983,120.912756812582,0,0,0,0,81.9664354533492,197.486504603685,0,0,0,0,276.620869034647,75.4497121078207
0,0,0,0,0,0,0,0,0,0,0,133.984214699576,0,0,0,0,0,0,0,112.349934713559,0,0,284.529238481835,0,0,161.275817184598,78.8552325762656,106.33736463831,0,0,0,0,251.098274723989,96.5937438588657,94.7529894315991,0,108.136066660554,198.964527389285,0,62.859596780235,58.3493451392805
0,0,137.177378802006,0,0,0,161.325017232684,0,0,0,0,0,0,0,162.833808134102,158.955087279859,0,0,0,0,0,0,0,0,0,175.196329314064,0,146.814226519809,0,0,0,0,0,0,0,0,348.674510760064,0,161.74915061469,0,0
0,0,0,0,94.9380989123498,0,0,97.5855511246009,0,0,0,0,0,116.176698124939,0,143.005810983322,0,172.608400267715,0,181.316358113209,284.529238481835,0,0,0,0,0,94.126460729827,0,0,224.551207449728,0,0,0,89.707245288964,0,125.81518738273,134.960780198024,85.7623170715703,67.8267069095267,115.114253591495,0
0,0,73.1029054543569,0,0,115.332064605654,0,225.013371621378,0,263.534399241887,90.1317194604647,201.44584889478,0,0,219.040656038919,66.5008477853491,160.537522273714,0,72.2278283150671,0,0,0,0,0,0,0,0,109.093416850988,153.672550905948,0,168.241326865882,0,0,217.157696745803,108.381749703452,98.417953423071,111.226326353722,0,0,141.204637091722,192.601533877686
0,0,0,0,0,0,0,0,0,173.538155409849,0,195.822649557859,0,192.135034768848,247.66948903751,111.435629183184,0,0,0,303.527509149359,0,0,0,0,0,112.823430872325,0,0,0,0,0,0,0,0,0,0,163.945208919892,188.851177466023,0,172.892533368851,0
205.183249704085,0,0,135.294330067913,0,0,0,173.001559092555,0,90.7216186966914,200.878319874537,188.936291522747,0,0,0,0,0,92.5207898118833,0,0,161.275817184598,175.196329314064,0,0,112.823430872325,0,116.054372245433,154.784755881607,115.868441404982,0,0,193.659409924573,0,215.611029055736,0,221.805809452716,71.5579325720569,0,96.7845769653343,335.371040201042,329.719143597451
0,0,0,136.792307586862,0,0,0,97.3232815600345,118.522099274347,206.912707094411,114.511014214502,81.2827395071039,0,0,178.683678585178,0,89.3673883748406,0,309.997227542691,98.2230592632363,78.8552325762656,0,94.126460729827,0,0,116.054372245433,0,0,140.574866691684,0,125.994729980093,0,0,0,0,195.378266313867,214.116367924649,178.224497384947,321.864157986053,94.027247878695,0
154.142998692322,0,0,136.685314494491,122.106946855269,259.055025639447,94.8881692391942,0,92.3502314520023,249.905610015455,0,0,252.487290983309,201.100640800745,94.7280504127031,0,0,262.382215657622,0,240.185081663983,106.33736463831,146.814226519809,0,109.093416850988,0,154.784755881607,0,0,128.530575464043,0,0,76.5072790361762,117.208001126138,169.742003380707,159.183173818572,74.5815074003433,78.9559315574845,232.945974238958,261.605527103798,178.748963182352,250.461724766314
0,333.645516435298,160.530221557972,0,73.4795582048751,0,0,173.059382066957,0,0,0,139.654362654449,0,191.519780382943,151.01089327964,0,0,0,0,120.912756812582,0,0,0,153.672550905948,0,115.868441404982,140.574866691684,128.530575464043,0,193.777661225572,0,150.161410108805,0,205.09013266389,131.969743415579,80.4367166559625,128.405764333981,93.4234866874731,0,249.798812580765,197.893790332676
0,145.74089716123,0,0,0,0,0,0,0,74.7304794244225,0,0,0,0,0,82.4756938751058,0,0,167.066576495979,0,0,0,224.551207449728,0,0,0,0,0,193.777661225572,0,0,0,0,0,161.694997919804,213.67670887414,325.937289045041,0,0,190.185165668632,154.065933476765
0,0,0,0,0,180.355266595273,0,0,0,0,259.442917595754,0,0,0,0,0,0,0,0,0,0,0,0,168.241326865882,0,0,125.994729980093,0,0,0,0,0,0,0,220.901129804706,99.3508940827211,0,0,0,0,0
0,0,0,0,0,193.055010680236,0,0,0,0,241.682021696872,164.032723165762,0,0,0,0,0,0,0,0,0,0,0,0,0,193.659409924573,0,76.5072790361762,150.161410108805,0,0,0,0,74.4197823064597,100.812745974529,0,180.543851962045,211.840482897052,0,0,196.04190773555
0,0,0,0,0,0,0,0,0,0,231.715271819474,0,0,0,0,0,0,0,0,0,251.098274723989,0,0,0,0,0,0,117.208001126138,0,0,0,0,0,0,155.901486485736,71.4788760670054,0,0,0,0,0
0,345.797434674459,242.790381480436,321.124897279917,0,82.1742780037132,135.667029391615,128.846764897717,184.249961885477,153.609372090384,0,226.825099357786,0,0,151.806152521152,155.24952173131,0,0,183.786860782462,81.9664354533492,96.5937438588657,0,89.707245288964,217.157696745803,0,215.611029055736,0,169.742003380707,205.09013266389,0,0,74.4197823064597,0,0,137.189596148386,95.7590805983148,0,224.523755099568,158.567996645797,101.443495235174,204.084074037941
347.376449530863,0,0,323.781250289068,0,0,192.693757128262,228.792310020318,236.681907140956,101.895308036513,98.6790043377568,338.131802716296,0,0,0,0,133.218162784108,0,231.050882209,197.486504603685,94.7529894315991,0,0,108.381749703452,0,0,0,159.183173818572,131.969743415579,161.694997919804,220.901129804706,100.812745974529,155.901486485736,137.189596148386,0,320.356811100276,138.33942793804,93.5029580098427,222.053792850439,314.611698427915,0
0,0,151.075371308616,0,0,119.728129215699,208.005106191961,0,0,0,80.8080171296381,0,0,357.423078228283,0,0,0,0,187.77054666536,0,0,0,125.81518738273,98.417953423071,0,221.805809452716,195.378266313867,74.5815074003433,80.4367166559625,213.67670887414,99.3508940827211,0,71.4788760670054,95.7590805983148,320.356811100276,0,104.915316975638,0,0,241.635434294794,0
289.631679007608,0,0,0,0,177.763106506206,101.605593487621,0,153.453047983244,151.036729364761,138.425725342224,124.853650664477,119.345624434514,186.973586461633,269.936825670274,228.075434767255,101.350815329073,205.839960264176,0,0,108.136066660554,348.674510760064,134.960780198024,111.226326353722,163.945208919892,71.5579325720569,214.116367924649,78.9559315574845,128.405764333981,325.937289045041,0,180.543851962045,0,0,138.33942793804,104.915316975638,0,151.695570509541,220.963068032256,103.519938150021,186.348837226466
0,0,0,0,0,146.770754374523,0,194.442125915551,219.430938885781,101.5853655613,0,106.926813611922,154.070293657878,0,0,198.528111506785,353.822894641502,280.376028997576,0,0,198.964527389285,0,85.7623170715703,0,188.851177466023,0,178.224497384947,232.945974238958,93.4234866874731,0,0,211.840482897052,0,224.523755099568,93.5029580098427,0,151.695570509541,0,0,218.045528847001,0
0,0,0,255.441154257905,0,0,0,202.712457066107,0,101.85207633558,0,89.9429017381717,0,0,0,0,0,0,204.481117647118,0,0,161.74915061469,67.8267069095267,0,0,96.7845769653343,321.864157986053,261.605527103798,0,0,0,0,0,158.567996645797,222.053792850439,0,220.963068032256,0,0,161.302948562323,169.453147353278
0,0,0,219.078548227669,112.793316814908,0,173.201474590904,0,195.314816908693,238.934743274142,115.541295036174,92.5568465385234,0,0,0,0,0,97.3506957544063,0,276.620869034647,62.859596780235,0,115.114253591495,141.204637091722,172.892533368851,335.371040201042,94.027247878695,178.748963182352,249.798812580765,190.185165668632,0,0,0,101.443495235174,314.611698427915,241.635434294794,103.519938150021,218.045528847001,161.302948562323,0,113.059176128709
253.401634605989,223.705816669619,0,0,120.567029282014,0,180.90030328818,0,0,0,106.533627130087,0,0,157.852515740516,0,0,142.385058730083,85.6072705949986,62.311273509377,75.4497121078207,58.3493451392805,0,0,192.601533877686,0,329.719143597451,0,250.461724766314,197.893790332676,154.065933476765,0,196.04190773555,0,204.084074037941,0,0,186.348837226466,0,169.453147353278,113.059176128709,0
