0,0,0,0,0,72.2278283150671,161.694997919804,0,0,0,0,0,0,0,0,0,0,0,0,173.538155409849,0,0,0,0,0,0,158.955087279859,0,0,0,0,0,0,0,62.311273509377,0,0,0,0,0,111.435629183184
0,0,0,0,0,0,0,0,0,0,0,101.895308036513,0,0,0,0,0,0,0,112.793316814908,0,0,0,84.3635741045246,0,213.67670887414,0,209.996727521564,134.960780198024,0,0,94.9380989123498,0,0,0,0,0,0,0,0,0
0,0,0,0,0,0,0,0,0,0,0,0,0,0,125.416941482916,0,0,0,0,0,0,0,0,249.798812580765,0,0,0,0,0,0,0,0,178.748963182352,0,0,0,0,0,255.441154257905,215.611029055736,0
0,0,0,0,0,0,0,238.934743274142,0,0,153.453047983244,153.876396855887,0,146.99041817625,0,231.050882209,0,0,0,0,82.4756938751058,0,125.994729980093,0,232.945974238958,0,0,0,92.3502314520023,0,0,0,0,0,0,0,115.194491798135,0,263.534399241887,151.695570509541,120.912756812582
0,0,0,0,0,0,0,0,0,158.567996645797,333.645516435298,0,0,0,0,0,0,0,0,0,226.825099357786,0,196.032358954952,94.7280504127031,280.376028997576,0,206.472608421747,0,0,0,0,0,0,122.106946855269,115.871357769661,0,114.649126378906,75.4497121078207,160.537522273714,172.608400267715,167.066576495979
72.2278283150671,0,0,0,0,0,0,94.126460729827,0,0,0,124.698445421759,0,0,0,0,98.6790043377568,151.036729364761,0,348.674510760064,357.423078228283,0,0,0,0,0,0,0,0,0,113.059176128709,148.808626413748,0,73.4795582048751,188.936291522747,0,201.44584889478,0,252.487290983309,160.530221557972,0
161.694997919804,0,0,0,0,0,0,0,0,58.3493451392805,0,171.906398392157,80.4367166559625,112.349934713559,0,0,0,0,0,0,0,242.790381480436,0,0,0,0,154.065933476765,0,0,0,0,0,0,106.128596538706,186.973586461633,100.812745974529,250.461724766314,0,0,125.81518738273,90.7216186966914
0,0,0,238.934743274142,0,94.126460729827,0,0,161.275817184598,0,0,184.249961885477,0,188.851177466023,92.5207898118833,0,0,0,146.814226519809,0,162.833808134102,0,0,180.90030328818,0,262.382215657622,0,138.425725342224,104.915316975638,0,0,0,0,329.719143597451,241.57250333243,0,0,161.74915061469,0,338.131802716296,0
0,0,0,0,0,0,0,161.275817184598,0,0,82.6426202489162,0,0,0,0,0,0,0,74.5815074003433,70.4221432298295,0,202.712457066107,0,128.530575464043,128.846764897717,0,0,0,0,0,0,117.208001126138,0,0,0,115.541295036174,236.681907140956,183.786860782462,0,0,0
0,0,0,0,158.567996645797,0,58.3493451392805,0,0,0,154.784755881607,62.859596780235,173.001559092555,0,0,0,0,0,0,159.183173818572,0,0,276.620869034647,96.7845769653343,314.611698427915,150.161410108805,0,219.078548227669,0,175.196329314064,0,0,0,241.682021696872,97.3232815600345,118.522099274347,93.4234866874731,200.878319874537,0,0,155.901486485736
0,0,0,153.453047983244,333.645516435298,0,0,0,82.6426202489162,154.784755881607,0,0,0,0,0,140.574866691684,0,219.430938885781,0,0,0,98.2230592632363,92.5568465385234,0,0,73.1029054543569,231.715271819474,225.013371621378,0,205.839960264176,0,0,0,133.218162784108,0,101.5853655613,259.055025639447,154.070293657878,0,0,0
0,101.895308036513,0,153.876396855887,0,124.698445421759,171.906398392157,184.249961885477,0,62.859596780235,0,0,0,0,0,0,112.823430872325,0,0,309.997227542691,0,0,0,113.144980278377,0,119.345624434514,178.683678585178,222.053792850439,115.114253591495,220.901129804706,0,0,0,89.3673883748406,228.075434767255,165.893015276821,104.369974912428,135.294330067913,0,192.693757128262,89.707245288964
0,0,0,0,0,0,80.4367166559625,0,0,173.001559092555,0,0,0,0,0,0,0,0,0,0,0,0,0,0,0,0,0,151.075371308616,0,0,0,0,0,192.135034768848,0,155.24952173131,71.4788760670054,0,0,0,0
0,0,0,146.99041817625,0,0,112.349934713559,188.851177466023,0,0,0,0,0,0,0,321.864157986053,0,0,137.239127032733,0,0,138.33942793804,0,0,0,0,81.2827395071039,0,101.443495235174,0,0,0,0,0,218.045528847001,0,82.1742780037132,145.74089716123,85.7623170715703,163.945208919892,96.5937438588657
0,0,125.416941482916,0,0,0,0,92.5207898118833,0,0,0,0,0,0,0,0,0,169.742003380707,0,220.963068032256,0,0,136.792307586862,0,0,249.905610015455,0,106.33736463831,224.551207449728,214.116367924649,0,0,0,0,0,217.157696745803,151.01089327964,0,0,98.417953423071,0
0,0,0,231.050882209,0,0,0,0,0,0,140.574866691684,0,0,321.864157986053,0,0,0,0,0,178.224497384947,0,0,0,0,135.667029391615,0,136.685314494491,134.566479261133,0,0,0,0,0,78.8552325762656,0,142.054529471577,103.519938150021,0,0,321.124897279917,0
0,0,0,0,0,98.6790043377568,0,0,0,0,0,112.823430872325,0,0,0,0,0,0,0,0,0,0,0,177.763106506206,0,119.728129215699,0,110.384905066973,0,0,0,0,133.984214699576,114.511014214502,306.640284138334,94.027247878695,0,0,0,289.631679007608,0
0,0,0,0,0,151.036729364761,0,0,0,0,219.430938885781,0,0,0,169.742003380707,0,0,0,0,0,0,0,0,0,0,173.059382066957,0,303.527509149359,0,0,0,153.609372090384,0,0,116.176698124939,0,0,0,0,253.401634605989,141.204637091722
0,0,0,0,0,0,0,146.814226519809,74.5815074003433,0,0,0,0,137.239127032733,0,0,0,0,0,0,0,0,0,0,169.453147353278,76.5072790361762,325.937289045041,99.3508940827211,241.635434294794,89.9429017381717,0,153.672550905948,0,0,251.098274723989,0,0,85.6072705949986,0,0,0
173.538155409849,112.793316814908,0,0,0,348.674510760064,0,0,70.4221432298295,159.183173818572,0,309.997227542691,0,0,220.963068032256,178.224497384947,0,0,0,0,0,0,0,186.348837226466,0,0,137.189596148386,228.792310020318,0,0,0,208.005106191961,0,164.032723165762,219.040656038919,174.013630695256,0,173.201474590904,0,0,165.597665022977
0,0,0,82.4756938751058,226.825099357786,357.423078228283,0,162.833808134102,0,0,0,0,0,0,0,0,0,0,0,0,0,0,0,0,0,0,146.770754374523,143.005810983322,204.481117647118,0,0,0,0,0,108.381749703452,90.1317194604647,97.3506957544063,101.350815329073,0,139.654362654449,195.378266313867
0,0,0,0,0,0,242.790381480436,0,202.712457066107,0,98.2230592632363,0,0,138.33942793804,0,0,0,0,0,0,0,0,0,0,0,0,0,0,157.852515740516,320.356811100276,0,0,0,180.355266595273,0,0,195.314816908693,0,0,0,0
0,0,0,125.994729980093,196.032358954952,0,0,0,0,276.620869034647,92.5568465385234,0,0,0,136.792307586862,0,0,0,0,0,0,0,0,0,0,212.592150359921,154.142998692322,205.09013266389,99.2646516363145,0,0,0,0,142.385058730083,261.605527103798,0,197.486504603685,120.567029282014,0,197.893790332676,172.892533368851
0,84.3635741045246,249.798812580765,0,94.7280504127031,0,0,180.90030328818,128.530575464043,96.7845769653343,0,113.144980278377,0,0,0,0,177.763106506206,0,0,186.348837226466,0,0,0,0,0,283.88658203332,240.185081663983,190.185165668632,74.7304794244225,0,0,137.177378802006,0,196.04190773555,193.63278243493,0,161.325017232684,0,306.344527664232,163.059043292369,0
0,0,0,232.945974238958,280.376028997576,0,0,0,128.846764897717,314.611698427915,0,0,0,0,0,135.667029391615,0,0,169.453147353278,0,0,0,0,0,0,0,198.964527389285,0,0,0,0,0,0,0,116.054372245433,0,131.969743415579,0,193.659409924573,0,0
0,213.67670887414,0,0,0,0,0,262.382215657622,0,150.161410108805,73.1029054543569,119.345624434514,0,0,249.905610015455,0,119.728129215699,173.059382066957,76.5072790361762,0,0,0,212.592150359921,283.88658203332,0,0,345.797434674459,108.136066660554,124.853650664477,0,0,0,89.1590885155172,0,168.241326865882,0,187.77054666536,191.519780382943,61.0664810463559,0,221.805809452716
158.955087279859,0,0,0,206.472608421747,0,154.065933476765,0,0,0,231.715271819474,178.683678585178,0,81.2827395071039,0,136.685314494491,0,0,325.937289045041,137.189596148386,146.770754374523,0,154.142998692322,240.185081663983,198.964527389285,345.797434674459,0,161.302948562323,335.371040201042,0,0,0,0,347.376449530863,201.100640800745,0,66.5008477853491,192.601533877686,0,0,0
0,209.996727521564,0,0,0,0,0,138.425725342224,0,219.078548227669,225.013371621378,222.053792850439,151.075371308616,0,106.33736463831,134.566479261133,110.384905066973,303.527509149359,99.3508940827211,228.792310020318,143.005810983322,0,205.09013266389,190.185165668632,0,108.136066660554,161.302948562323,0,106.533627130087,0,0,0,139.93285932648,193.055010680236,101.605593487621,283.248188884028,94.7529894315991,97.5855511246009,171.230058197369,323.781250289068,139.792601838991
0,134.960780198024,0,92.3502314520023,0,0,0,104.915316975638,0,0,0,115.114253591495,0,101.443495235174,224.551207449728,0,0,0,241.635434294794,0,204.481117647118,157.852515740516,99.2646516363145,74.7304794244225,0,124.853650664477,335.371040201042,106.533627130087,0,211.840482897052,0,0,0,353.822894641502,111.226326353722,146.465927798921,223.705816669619,0,0,204.084074037941,259.442917595754
0,0,0,0,0,0,0,0,0,175.196329314064,205.839960264176,220.901129804706,0,0,214.116367924649,0,0,0,89.9429017381717,0,0,320.356811100276,0,0,0,0,0,0,211.840482897052,0,0,0,0,0,0,93.5029580098427,128.405764333981,0,0,284.529238481835,269.936825670274
0,0,0,0,0,113.059176128709,0,0,0,0,0,0,0,0,0,0,0,0,0,0,0,0,0,0,0,0,0,0,0,0,0,0,0,106.926813611922,81.9664354533492,0,0,227.504408813069,0,94.8881692391942,300.031143529538
0,94.9380989123498,0,0,0,148.808626413748,0,0,117.208001126138,0,0,0,0,0,0,0,0,153.609372090384,153.672550905948,208.005106191961,0,0,0,137.177378802006,0,0,0,0,0,0,0,0,0,80.8080171296381,0,115.332064605654,247.66948903751,0,193.777661225572,0,0
0,0,178.748963182352,0,0,0,0,0,0,0,0,0,0,0,0,0,133.984214699576,0,0,0,0,0,0,0,0,89.1590885155172,0,139.93285932648,0,0,0,0,0,0,0,0,0,151.806152521152,0,0,0
0,0,0,0,122.106946855269,73.4795582048751,106.128596538706,329.719143597451,0,241.682021696872,133.218162784108,89.3673883748406,192.135034768848,0,0,78.8552325762656,114.511014214502,0,0,164.032723165762,0,180.355266595273,142.385058730083,196.04190773555,0,0,347.376449530863,193.055010680236,353.822894641502,0,106.926813611922,80.8080171296381,0,0,95.7590805983148,261.440278806413,71.5579325720569,109.093416850988,87.8456058929559,179.718364159796,205.183249704085
62.311273509377,0,0,0,115.871357769661,188.936291522747,186.973586461633,241.57250333243,0,97.3232815600345,0,228.075434767255,0,218.045528847001,0,0,306.640284138334,116.176698124939,251.098274723989,219.040656038919,108.381749703452,0,261.605527103798,193.63278243493,116.054372245433,168.241326865882,201.100640800745,101.605593487621,111.226326353722,0,81.9664354533492,0,0,95.7590805983148,0,0,180.543851962045,0,224.523755099568,115.868441404982,0
0,0,0,0,0,0,100.812745974529,0,115.541295036174,118.522099274347,101.5853655613,165.893015276821,155.24952173131,0,217.157696745803,142.054529471577,94.027247878695,0,0,174.013630695256,90.1317194604647,0,0,0,0,0,0,283.248188884028,146.465927798921,93.5029580098427,0,115.332064605654,0,261.440278806413,0,0,74.4197823064597,78.9559315574845,0,82.6299537488922,0
0,0,0,115.194491798135,114.649126378906,201.44584889478,250.461724766314,0,236.681907140956,93.4234866874731,259.055025639447,104.369974912428,71.4788760670054,82.1742780037132,151.01089327964,103.519938150021,0,0,0,0,97.3506957544063,195.314816908693,197.486504603685,161.325017232684,131.969743415579,187.77054666536,66.5008477853491,94.7529894315991,223.705816669619,128.405764333981,0,247.66948903751,0,71.5579325720569,180.543851962045,74.4197823064597,0,198.528111506785,194.442125915551,199.492852797962,181.316358113209
0,0,0,0,75.4497121078207,0,0,161.74915061469,183.786860782462,200.878319874537,154.070293657878,135.294330067913,0,145.74089716123,0,0,0,0,85.6072705949986,173.201474590904,101.350815329073,0,120.567029282014,0,0,191.519780382943,192.601533877686,97.5855511246009,0,0,227.504408813069,0,151.806152521152,109.093416850988,0,78.9559315574845,198.528111506785,0,0,0,101.85207633558
0,0,255.441154257905,263.534399241887,160.537522273714,252.487290983309,0,0,0,0,0,0,0,85.7623170715703,0,0,0,0,0,0,0,0,0,306.344527664232,193.659409924573,61.0664810463559,0,171.230058197369,0,0,0,193.777661225572,0,87.8456058929559,224.523755099568,0,194.442125915551,0,0,206.912707094411,195.822649557859
0,0,215.611029055736,151.695570509541,172.608400267715,160.530221557972,125.81518738273,338.131802716296,0,0,0,192.693757128262,0,163.945208919892,98.417953423071,321.124897279917,289.631679007608,253.401634605989,0,0,139.654362654449,0,197.893790332676,163.059043292369,0,0,0,323.781250289068,204.084074037941,284.529238481835,94.8881692391942,0,0,179.718364159796,115.868441404982,82.6299537488922,199.492852797962,0,206.912707094411,0,67.8267069095267
111.435629183184,0,0,120.912756812582,167.066576495979,0,90.7216186966914,0,0,155.901486485736,0,89.707245288964,0,96.5937438588657,0,0,0,141.204637091722,0,165.597665022977,195.378266313867,0,172.892533368851,0,0,221.805809452716,0,139.792601838991,259.442917595754,269.936825670274,300.031143529538,0,0,205.183249704085,0,0,181.316358113209,101.85207633558,195.822649557859,67.8267069095267,0
