0,0,0,0,224.523755099568,0,0,0,0,0,96.5937438588657,0,0,137.177378802006,0,0,0,0,0,0,0,0,0,0,0,0,0,222.053792850439,0,0,0,0,0,0,200.878319874537,0,117.208001126138,0,0,0,0
0,0,0,0,0,259.442917595754,0,0,0,92.5207898118833,0,0,0,0,0,0,0,0,0,0,0,0,90.1317194604647,106.926813611922,0,0,0,111.226326353722,0,0,0,0,0,0,335.371040201042,0,0,0,0,198.964527389285,0
0,0,0,0,0,0,0,0,0,0,0,0,0,0,0,0,0,0,0,0,0,0,0,0,0,0,0,93.4234866874731,188.936291522747,0,0,0,0,0,0,224.551207449728,111.435629183184,74.7304794244225,0,0,0
0,0,0,0,0,306.344527664232,0,0,0,125.994729980093,0,179.718364159796,0,0,0,0,0,0,0,206.912707094411,0,201.100640800745,0,0,0,0,138.425725342224,101.895308036513,0,158.955087279859,0,95.7590805983148,0,0,0,0,178.224497384947,0,162.833808134102,101.350815329073,114.649126378906
224.523755099568,0,0,0,0,0,0,0,180.355266595273,124.853650664477,171.230058197369,280.376028997576,0,146.814226519809,0,323.781250289068,0,0,0,0,0,0,0,153.876396855887,0,0,0,76.5072790361762,0,269.936825670274,0,0,0,187.77054666536,0,0,195.378266313867,0,173.059382066957,172.608400267715,0
0,259.442917595754,0,306.344527664232,0,0,0,0,0,0,209.996727521564,198.528111506785,0,0,0,0,0,120.567029282014,0,249.798812580765,0,0,0,0,0,252.487290983309,283.248188884028,145.74089716123,160.537522273714,0,0,0,0,220.901129804706,154.784755881607,217.157696745803,0,0,0,0,146.99041817625
0,0,0,0,0,0,0,137.239127032733,0,259.055025639447,0,0,0,89.9429017381717,0,0,0,0,204.084074037941,116.054372245433,0,0,353.822894641502,108.136066660554,0,0,0,154.070293657878,240.185081663983,0,0,0,0,0,128.405764333981,0,0,122.106946855269,0,135.667029391615,215.611029055736
0,0,0,0,0,0,137.239127032733,0,0,94.8881692391942,0,134.960780198024,0,0,0,0,151.036729364761,0,0,0,94.7280504127031,0,0,0,66.5008477853491,276.620869034647,115.868441404982,80.4367166559625,115.871357769661,0,0,0,0,219.040656038919,221.805809452716,171.906398392157,0,119.728129215699,161.694997919804,247.66948903751,0
0,0,0,0,180.355266595273,0,0,0,0,153.609372090384,0,0,0,0,0,0,0,227.504408813069,100.812745974529,178.683678585178,0,0,0,0,133.984214699576,0,0,163.945208919892,0,0,0,0,0,251.098274723989,0,128.846764897717,0,71.4788760670054,0,142.385058730083,0
0,92.5207898118833,0,125.994729980093,124.853650664477,0,259.055025639447,94.8881692391942,153.609372090384,0,67.8267069095267,90.7216186966914,199.492852797962,241.635434294794,115.332064605654,0,0,82.6299537488922,0,0,0,0,0,0,250.461724766314,58.3493451392805,0,0,0,0,0,321.124897279917,0,192.601533877686,0,0,104.915316975638,0,0,0,137.189596148386
96.5937438588657,0,0,0,171.230058197369,209.996727521564,0,0,0,67.8267069095267,0,0,0,150.161410108805,0,219.078548227669,0,0,82.6426202489162,0,0,0,0,0,0,181.316358113209,0,178.748963182352,0,125.81518738273,0,85.7623170715703,0,94.126460729827,72.2278283150671,98.417953423071,0,193.777661225572,0,0,134.566479261133
0,0,0,179.718364159796,280.376028997576,198.528111506785,0,134.960780198024,0,90.7216186966914,0,0,0,94.7529894315991,0,0,184.249961885477,106.128596538706,0,115.114253591495,0,0,173.001559092555,153.672550905948,208.005106191961,231.050882209,0,206.472608421747,0,0,99.3508940827211,0,0,115.194491798135,146.770754374523,321.864157986053,92.5568465385234,236.681907140956,89.1590885155172,0,0
0,0,0,0,0,0,0,0,0,199.492852797962,0,0,0,0,74.4197823064597,0,0,0,0,0,0,0,0,0,0,0,0,0,96.7845769653343,0,0,0,0,0,0,0,329.719143597451,345.797434674459,0,124.698445421759,0
137.177378802006,0,0,0,146.814226519809,0,89.9429017381717,0,0,241.635434294794,150.161410108805,94.7529894315991,0,0,0,0,0,0,0,112.793316814908,0,0,0,0,0,141.204637091722,205.09013266389,0,104.369974912428,0,0,0,73.4795582048751,212.592150359921,0,0,284.529238481835,0,0,98.6790043377568,0
0,0,0,0,0,0,0,0,0,115.332064605654,0,0,74.4197823064597,0,0,0,158.567996645797,0,169.453147353278,0,0,0,0,0,0,89.707245288964,0,0,241.57250333243,0,0,125.416941482916,0,89.3673883748406,300.031143529538,0,61.0664810463559,333.645516435298,0,133.218162784108,0
0,0,0,0,323.781250289068,0,0,0,0,0,219.078548227669,0,0,0,0,0,177.763106506206,0,0,0,192.693757128262,0,196.04190773555,0,0,289.631679007608,0,0,0,0,193.63278243493,0,0,0,195.822649557859,347.376449530863,0,70.4221432298295,0,0,136.792307586862
0,0,0,0,0,0,0,151.036729364761,0,0,0,184.249961885477,0,0,158.567996645797,177.763106506206,0,0,0,97.3232815600345,0,0,0,0,338.131802716296,0,0,0,0,0,0,0,0,136.685314494491,0,0,173.201474590904,0,0,85.6072705949986,180.90030328818
0,0,0,0,0,120.567029282014,0,0,227.504408813069,82.6299537488922,0,106.128596538706,0,0,0,0,0,0,0,75.4497121078207,139.792601838991,0,0,0,0,0,0,0,94.9380989123498,0,0,0,0,0,0,0,314.611698427915,0,0,0,73.1029054543569
0,0,0,0,0,0,204.084074037941,0,100.812745974529,0,82.6426202489162,0,0,0,169.453147353278,0,0,0,0,0,0,0,0,98.2230592632363,0,0,0,110.384905066973,0,357.423078228283,0,0,164.032723165762,0,161.74915061469,0,157.852515740516,0,163.059043292369,0,261.440278806413
0,0,0,206.912707094411,0,249.798812580765,116.054372245433,0,178.683678585178,0,0,115.114253591495,0,112.793316814908,0,0,97.3232815600345,75.4497121078207,0,0,78.9559315574845,0,120.912756812582,161.302948562323,0,0,0,196.032358954952,0,261.605527103798,81.9664354533492,0,0,0,92.3502314520023,183.786860782462,188.851177466023,0,0,0,0
0,0,0,0,0,0,0,94.7280504127031,0,0,0,0,0,0,0,192.693757128262,0,139.792601838991,0,78.9559315574845,0,0,0,153.453047983244,0,190.185165668632,255.441154257905,225.013371621378,0,0,0,0,0,84.3635741045246,238.934743274142,0,193.055010680236,0,0,226.825099357786,138.33942793804
0,0,0,201.100640800745,0,0,0,0,0,0,0,0,0,0,0,0,0,0,0,0,0,0,0,0,0,115.541295036174,0,93.5029580098427,143.005810983322,0,0,0,0,97.3506957544063,113.059176128709,0,0,0,0,151.075371308616,348.674510760064
0,90.1317194604647,0,0,0,0,353.822894641502,0,0,0,0,173.001559092555,0,0,0,196.04190773555,0,0,0,120.912756812582,0,0,0,0,0,205.183249704085,167.066576495979,131.969743415579,94.027247878695,0,0,0,0,140.574866691684,228.075434767255,0,306.640284138334,0,155.24952173131,186.973586461633,154.065933476765
0,106.926813611922,0,0,153.876396855887,0,108.136066660554,0,0,0,0,153.672550905948,0,0,0,0,0,0,98.2230592632363,161.302948562323,153.453047983244,0,0,0,172.892533368851,82.1742780037132,112.349934713559,135.294330067913,309.997227542691,202.712457066107,0,0,0,241.682021696872,211.840482897052,218.045528847001,0,169.742003380707,0,232.945974238958,78.8552325762656
0,0,0,0,0,0,0,66.5008477853491,133.984214699576,250.461724766314,0,208.005106191961,0,0,0,0,338.131802716296,0,0,0,0,0,0,172.892533368851,0,0,0,0,119.345624434514,0,0,0,0,0,0,193.659409924573,320.356811100276,174.013630695256,0,0,0
0,0,0,0,0,252.487290983309,0,276.620869034647,0,58.3493451392805,181.316358113209,231.050882209,0,141.204637091722,89.707245288964,289.631679007608,0,0,0,0,190.185165668632,115.541295036174,205.183249704085,82.1742780037132,0,0,161.325017232684,159.183173818572,0,0,0,0,0,106.533627130087,194.442125915551,128.530575464043,112.823430872325,0,0,71.5579325720569,249.905610015455
0,0,0,138.425725342224,0,283.248188884028,0,115.868441404982,0,0,0,0,0,205.09013266389,0,0,0,0,0,0,255.441154257905,0,167.066576495979,112.349934713559,0,161.325017232684,0,151.695570509541,223.705816669619,101.85207633558,0,0,151.01089327964,74.5815074003433,80.8080171296381,191.519780382943,101.605593487621,204.481117647118,62.859596780235,139.93285932648,228.792310020318
222.053792850439,111.226326353722,93.4234866874731,101.895308036513,76.5072790361762,145.74089716123,154.070293657878,80.4367166559625,163.945208919892,0,178.748963182352,206.472608421747,0,0,0,0,0,0,110.384905066973,196.032358954952,225.013371621378,93.5029580098427,131.969743415579,135.294330067913,0,159.183173818572,151.695570509541,0,139.654362654449,0,0,114.511014214502,0,263.534399241887,214.116367924649,0,62.311273509377,155.901486485736,165.597665022977,0,99.2646516363145
0,0,188.936291522747,0,0,160.537522273714,240.185081663983,115.871357769661,0,0,0,0,96.7845769653343,104.369974912428,241.57250333243,0,0,94.9380989123498,0,0,0,143.005810983322,94.027247878695,309.997227542691,119.345624434514,0,223.705816669619,139.654362654449,0,0,0,160.530221557972,0,197.486504603685,213.67670887414,154.142998692322,165.893015276821,101.5853655613,101.443495235174,0,0
0,0,0,158.955087279859,269.936825670274,0,0,0,0,0,125.81518738273,0,0,0,0,0,0,0,357.423078228283,261.605527103798,0,0,0,202.712457066107,0,0,101.85207633558,0,0,0,0,0,0,303.527509149359,0,0,197.893790332676,0,175.196329314064,81.2827395071039,0
0,0,0,0,0,0,0,0,0,0,0,99.3508940827211,0,0,0,193.63278243493,0,0,0,81.9664354533492,0,0,0,0,0,0,0,0,0,0,0,0,0,108.381749703452,0,0,283.88658203332,0,0,113.144980278377,0
0,0,0,95.7590805983148,0,0,0,0,0,321.124897279917,85.7623170715703,0,0,0,125.416941482916,0,0,0,0,0,0,0,0,0,0,0,0,114.511014214502,160.530221557972,0,0,0,0,0,148.808626413748,146.465927798921,231.715271819474,0,192.135034768848,253.401634605989,0
0,0,0,0,0,0,0,0,0,0,0,0,0,73.4795582048751,0,0,0,0,164.032723165762,0,0,0,0,0,0,0,151.01089327964,0,0,0,0,0,0,242.790381480436,0,0,0,0,0,180.543851962045,0
0,0,0,0,187.77054666536,220.901129804706,0,219.040656038919,251.098274723989,192.601533877686,94.126460729827,115.194491798135,0,212.592150359921,89.3673883748406,0,136.685314494491,0,0,0,84.3635741045246,97.3506957544063,140.574866691684,241.682021696872,0,106.533627130087,74.5815074003433,263.534399241887,197.486504603685,303.527509149359,108.381749703452,0,242.790381480436,0,0,118.522099274347,220.963068032256,262.382215657622,0,201.44584889478,97.5855511246009
200.878319874537,335.371040201042,0,0,0,154.784755881607,128.405764333981,221.805809452716,0,0,72.2278283150671,146.770754374523,0,0,300.031143529538,195.822649557859,0,0,161.74915061469,92.3502314520023,238.934743274142,113.059176128709,228.075434767255,211.840482897052,0,194.442125915551,80.8080171296381,214.116367924649,213.67670887414,0,0,148.808626413748,0,0,0,186.348837226466,205.839960264176,87.8456058929559,0,82.4756938751058,325.937289045041
0,0,224.551207449728,0,0,217.157696745803,0,171.906398392157,128.846764897717,0,98.417953423071,321.864157986053,0,0,0,347.376449530863,0,0,0,183.786860782462,0,0,0,218.045528847001,193.659409924573,128.530575464043,191.519780382943,0,154.142998692322,0,0,146.465927798921,0,118.522099274347,186.348837226466,0,195.314816908693,0,142.054529471577,0,106.33736463831
117.208001126138,0,111.435629183184,178.224497384947,195.378266313867,0,0,0,0,104.915316975638,0,92.5568465385234,329.719143597451,284.529238481835,61.0664810463559,0,173.201474590904,314.611698427915,157.852515740516,188.851177466023,193.055010680236,0,306.640284138334,0,320.356811100276,112.823430872325,101.605593487621,62.311273509377,165.893015276821,197.893790332676,283.88658203332,231.715271819474,0,220.963068032256,205.839960264176,195.314816908693,0,103.519938150021,219.430938885781,168.241326865882,109.093416850988
0,0,74.7304794244225,0,0,0,122.106946855269,119.728129215699,71.4788760670054,0,193.777661225572,236.681907140956,345.797434674459,0,333.645516435298,70.4221432298295,0,0,0,0,0,0,0,169.742003380707,174.013630695256,0,204.481117647118,155.901486485736,101.5853655613,0,0,0,0,262.382215657622,87.8456058929559,0,103.519938150021,0,116.176698124939,151.806152521152,161.275817184598
0,0,0,162.833808134102,173.059382066957,0,0,161.694997919804,0,0,0,89.1590885155172,0,0,0,0,0,0,163.059043292369,0,0,0,155.24952173131,0,0,0,62.859596780235,165.597665022977,101.443495235174,175.196329314064,0,192.135034768848,0,0,0,142.054529471577,219.430938885781,116.176698124939,0,173.538155409849,0
0,198.964527389285,0,101.350815329073,172.608400267715,0,135.667029391615,247.66948903751,142.385058730083,0,0,0,124.698445421759,98.6790043377568,133.218162784108,0,85.6072705949986,0,0,0,226.825099357786,151.075371308616,186.973586461633,232.945974238958,0,71.5579325720569,139.93285932648,0,0,81.2827395071039,113.144980278377,253.401634605989,180.543851962045,201.44584889478,82.4756938751058,0,168.241326865882,151.806152521152,173.538155409849,0,0
0,0,0,114.649126378906,0,146.99041817625,215.611029055736,0,0,137.189596148386,134.566479261133,0,0,0,0,136.792307586862,180.90030328818,73.1029054543569,261.440278806413,0,138.33942793804,348.674510760064,154.065933476765,78.8552325762656,0,249.905610015455,228.792310020318,99.2646516363145,0,0,0,0,0,97.5855511246009,325.937289045041,106.33736463831,109.093416850988,161.275817184598,0,0,0
