0,0,0,0,0,0,0,0,158.567996645797,0,0,122.106946855269,0,0,0,0,0,0,0,0,0,0,0,94.126460729827,0,0,0,0,0,0,0,0,0,205.839960264176,138.425725342224,0,94.027247878695,0,0,0,0
0,0,0,151.806152521152,0,0,0,0,0,0,0,171.906398392157,0,0,0,0,0,0,0,0,0,204.481117647118,300.031143529538,128.530575464043,0,0,0,0,0,0,104.915316975638,0,0,0,219.430938885781,0,0,0,0,0,0
0,0,0,0,0,0,0,0,0,0,0,0,0,0,61.0664810463559,0,0,0,0,0,0,0,0,179.718364159796,0,0,0,217.157696745803,180.90030328818,0,0,0,0,0,0,153.876396855887,0,0,0,0,0
0,151.806152521152,0,0,0,0,0,0,0,0,154.784755881607,82.1742780037132,0,0,0,0,0,0,0,89.3673883748406,0,0,205.09013266389,0,0,90.1317194604647,0,226.825099357786,0,0,0,0,0,0,115.332064605654,96.5937438588657,280.376028997576,111.226326353722,0,74.4197823064597,94.8881692391942
0,0,0,0,0,0,0,193.777661225572,0,92.5207898118833,0,0,106.128596538706,218.045528847001,0,133.984214699576,0,0,136.685314494491,335.371040201042,0,0,0,98.6790043377568,0,0,325.937289045041,0,212.592150359921,0,0,0,0,211.840482897052,0,0,116.054372245433,0,0,173.059382066957,150.161410108805
0,0,0,0,0,0,0,128.846764897717,0,0,0,85.6072705949986,0,221.805809452716,191.519780382943,231.050882209,0,0,0,0,0,0,0,0,0,224.523755099568,0,101.350815329073,255.441154257905,89.9429017381717,0,0,0,159.183173818572,84.3635741045246,99.2646516363145,153.609372090384,0,0,232.945974238958,0
0,0,0,0,0,0,0,0,161.74915061469,0,138.33942793804,124.853650664477,0,0,0,187.77054666536,0,0,169.742003380707,0,0,0,0,186.348837226466,0,0,184.249961885477,178.748963182352,0,0,0,0,0,0,196.032358954952,283.88658203332,93.4234866874731,118.522099274347,0,0,75.4497121078207
0,0,0,0,193.777661225572,128.846764897717,0,0,0,220.901129804706,66.5008477853491,97.3506957544063,0,0,100.812745974529,0,134.960780198024,0,0,0,225.013371621378,333.645516435298,153.672550905948,0,0,0,0,240.185081663983,0,0,0,0,0,194.442125915551,0,137.239127032733,99.3508940827211,0,0,201.44584889478,283.248188884028
158.567996645797,0,0,0,0,0,161.74915061469,0,0,0,0,0,0,0,0,160.530221557972,0,101.895308036513,0,269.936825670274,0,0,0,0,0,0,0,70.4221432298295,0,0,0,306.640284138334,0,192.601533877686,73.4795582048751,202.712457066107,0,0,0,106.33736463831,0
0,0,0,0,92.5207898118833,0,0,220.901129804706,0,0,0,165.597665022977,174.013630695256,0,92.5568465385234,0,161.325017232684,0,0,0,0,0,0,249.798812580765,82.6426202489162,181.316358113209,0,146.99041817625,241.682021696872,81.2827395071039,0,0,0,175.196329314064,155.24952173131,303.527509149359,263.534399241887,153.453047983244,0,136.792307586862,0
0,0,0,154.784755881607,0,0,138.33942793804,66.5008477853491,0,0,0,0,0,0,0,0,160.537522273714,253.401634605989,0,228.792310020318,0,0,0,0,0,238.934743274142,94.9380989123498,204.084074037941,0,0,0,0,146.465927798921,151.075371308616,158.955087279859,192.135034768848,193.659409924573,62.311273509377,0,95.7590805983148,0
122.106946855269,171.906398392157,0,82.1742780037132,0,85.6072705949986,124.853650664477,97.3506957544063,0,165.597665022977,0,0,0,213.67670887414,186.973586461633,131.969743415579,0,0,115.194491798135,0,0,0,195.378266313867,154.070293657878,321.864157986053,103.519938150021,143.005810983322,93.5029580098427,0,0,108.136066660554,0,0,0,259.442917595754,0,155.901486485736,0,0,125.81518738273,0
0,0,0,0,106.128596538706,0,0,0,0,174.013630695256,0,0,0,0,0,0,0,0,0,0,0,0,0,0,0,0,0,133.218162784108,0,0,0,0,0,252.487290983309,0,0,0,183.786860782462,0,0,115.868441404982
0,0,0,0,218.045528847001,221.805809452716,0,0,0,0,0,213.67670887414,0,0,0,0,0,0,98.2230592632363,135.294330067913,0,0,0,0,0,309.997227542691,135.667029391615,163.059043292369,0,0,0,208.005106191961,0,199.492852797962,289.631679007608,0,206.472608421747,0,314.611698427915,119.728129215699,0
0,0,61.0664810463559,0,0,191.519780382943,0,100.812745974529,0,92.5568465385234,0,186.973586461633,0,0,0,162.833808134102,0,0,0,0,0,0,137.189596148386,0,0,0,74.5815074003433,190.185165668632,0,0,0,0,0,0,71.4788760670054,0,180.543851962045,0,0,0,73.1029054543569
0,0,0,0,133.984214699576,231.050882209,187.77054666536,0,160.530221557972,0,0,131.969743415579,0,0,162.833808134102,0,0,0,0,0,0,0,0,0,0,0,0,0,259.055025639447,0,0,0,0,92.3502314520023,0,74.7304794244225,0,0,0,276.620869034647,146.814226519809
0,0,0,0,0,0,0,134.960780198024,0,161.325017232684,160.537522273714,0,0,0,0,0,0,0,0,151.036729364761,0,0,0,0,227.504408813069,0,58.3493451392805,0,0,0,0,0,0,113.059176128709,0,0,357.423078228283,262.382215657622,0,345.797434674459,0
0,0,0,0,0,0,0,0,101.895308036513,0,253.401634605989,0,0,0,0,0,0,0,0,112.793316814908,78.9559315574845,110.384905066973,0,0,0,197.486504603685,0,0,228.075434767255,0,0,0,0,0,0,198.964527389285,0,206.912707094411,0,0,0
0,0,0,0,136.685314494491,0,169.742003380707,0,0,0,0,115.194491798135,0,98.2230592632363,0,0,0,0,0,0,154.142998692322,0,0,0,0,0,139.792601838991,111.435629183184,0,0,0,0,0,137.177378802006,120.567029282014,0,151.695570509541,0,0,177.763106506206,205.183249704085
0,0,0,89.3673883748406,335.371040201042,0,0,0,269.936825670274,0,228.792310020318,0,0,135.294330067913,0,0,151.036729364761,112.793316814908,0,0,0,0,82.4756938751058,0,249.905610015455,261.440278806413,0,142.385058730083,142.054529471577,0,0,0,117.208001126138,0,0,0,0,82.6299537488922,109.093416850988,215.611029055736,112.349934713559
0,0,0,0,0,0,0,225.013371621378,0,0,0,0,0,0,0,0,0,78.9559315574845,154.142998692322,0,0,172.892533368851,0,0,0,167.066576495979,98.417953423071,0,0,0,320.356811100276,0,0,0,223.705816669619,0,261.605527103798,139.93285932648,90.7216186966914,224.551207449728,222.053792850439
0,204.481117647118,0,0,0,0,0,333.645516435298,0,0,0,0,0,0,0,0,0,110.384905066973,0,0,172.892533368851,0,0,151.01089327964,0,0,0,0,0,0,0,0,0,0,219.040656038919,188.936291522747,247.66948903751,0,0,0,0
0,300.031143529538,0,205.09013266389,0,0,0,153.672550905948,0,0,0,195.378266313867,0,0,137.189596148386,0,0,0,0,82.4756938751058,0,0,0,173.001559092555,241.635434294794,196.04190773555,0,163.945208919892,0,0,0,0,0,0,193.63278243493,0,125.994729980093,180.355266595273,348.674510760064,0,106.926813611922
94.126460729827,128.530575464043,179.718364159796,0,98.6790043377568,0,186.348837226466,0,0,249.798812580765,0,154.070293657878,0,0,0,0,0,0,0,0,0,151.01089327964,173.001559092555,0,0,197.893790332676,112.823430872325,94.7280504127031,178.683678585178,0,0,0,0,113.144980278377,141.204637091722,173.538155409849,119.345624434514,0,101.443495235174,0,81.9664354533492
0,0,0,0,0,0,0,0,0,82.6426202489162,0,321.864157986053,0,0,0,0,227.504408813069,0,0,249.905610015455,0,0,241.635434294794,0,0,0,0,0,0,0,0,0,0,323.781250289068,0,0,140.574866691684,101.5853655613,241.57250333243,161.694997919804,0
0,0,0,90.1317194604647,0,224.523755099568,0,0,0,181.316358113209,238.934743274142,103.519938150021,0,309.997227542691,0,0,0,197.486504603685,0,261.440278806413,167.066576495979,0,196.04190773555,197.893790332676,0,0,67.8267069095267,124.698445421759,284.529238481835,116.176698124939,0,0,89.707245288964,353.822894641502,0,193.055010680236,106.533627130087,0,0,62.859596780235,0
0,0,0,0,325.937289045041,0,184.249961885477,0,0,0,94.9380989123498,143.005810983322,0,135.667029391615,74.5815074003433,0,58.3493451392805,0,139.792601838991,0,98.417953423071,0,0,112.823430872325,0,67.8267069095267,0,0,172.608400267715,165.893015276821,0,154.065933476765,0,80.4367166559625,306.344527664232,0,219.078548227669,236.681907140956,192.693757128262,0,164.032723165762
0,0,217.157696745803,226.825099357786,0,101.350815329073,178.748963182352,240.185081663983,70.4221432298295,146.99041817625,204.084074037941,93.5029580098427,133.218162784108,163.059043292369,190.185165668632,0,0,0,111.435629183184,142.385058730083,0,0,163.945208919892,94.7280504127031,0,124.698445421759,0,0,214.116367924649,178.224497384947,148.808626413748,198.528111506785,0,114.649126378906,146.770754374523,85.7623170715703,201.100640800745,0,0,96.7845769653343,242.790381480436
0,0,180.90030328818,0,212.592150359921,255.441154257905,0,0,0,241.682021696872,0,0,0,0,0,259.055025639447,0,228.075434767255,0,142.054529471577,0,0,0,178.683678585178,0,284.529238481835,172.608400267715,214.116367924649,0,145.74089716123,0,115.541295036174,0,97.3232815600345,89.1590885155172,139.654362654449,173.201474590904,114.511014214502,209.996727521564,80.8080171296381,188.851177466023
0,0,0,0,0,89.9429017381717,0,0,0,81.2827395071039,0,0,0,0,0,0,0,0,0,0,0,0,0,0,0,116.176698124939,165.893015276821,178.224497384947,145.74089716123,0,0,168.241326865882,0,157.852515740516,0,0,0,108.381749703452,329.719143597451,0,347.376449530863
0,104.915316975638,0,0,0,0,0,0,0,0,0,108.136066660554,0,0,0,0,0,0,0,0,320.356811100276,0,0,0,0,0,0,148.808626413748,0,0,0,338.131802716296,0,0,0,0,76.5072790361762,0,0,0,0
0,0,0,0,0,0,0,0,306.640284138334,0,0,0,0,208.005106191961,0,0,0,0,0,0,0,0,0,0,0,0,154.065933476765,198.528111506785,115.541295036174,168.241326865882,338.131802716296,0,0,231.715271819474,97.5855511246009,87.8456058929559,321.124897279917,0,0,0,0
0,0,0,0,0,0,0,0,0,0,146.465927798921,0,0,0,0,0,0,0,0,117.208001126138,0,0,0,0,0,89.707245288964,0,0,0,0,0,0,0,0,0,0,0,251.098274723989,0,161.275817184598,0
205.839960264176,0,0,0,211.840482897052,159.183173818572,0,194.442125915551,192.601533877686,175.196329314064,151.075371308616,0,252.487290983309,199.492852797962,0,92.3502314520023,113.059176128709,0,137.177378802006,0,0,0,0,113.144980278377,323.781250289068,353.822894641502,80.4367166559625,114.649126378906,97.3232815600345,157.852515740516,0,231.715271819474,0,0,171.230058197369,0,115.114253591495,120.912756812582,200.878319874537,115.871357769661,71.5579325720569
138.425725342224,219.430938885781,0,115.332064605654,0,84.3635741045246,196.032358954952,0,73.4795582048751,155.24952173131,158.955087279859,259.442917595754,0,289.631679007608,71.4788760670054,0,0,0,120.567029282014,0,223.705816669619,219.040656038919,193.63278243493,141.204637091722,0,0,306.344527664232,146.770754374523,89.1590885155172,0,0,97.5855511246009,0,171.230058197369,0,195.822649557859,0,94.7529894315991,104.369974912428,0,250.461724766314
0,0,153.876396855887,96.5937438588657,0,99.2646516363145,283.88658203332,137.239127032733,202.712457066107,303.527509149359,192.135034768848,0,0,0,0,74.7304794244225,0,198.964527389285,0,0,0,188.936291522747,0,173.538155409849,0,193.055010680236,0,85.7623170715703,139.654362654449,0,0,87.8456058929559,0,0,195.822649557859,0,195.314816908693,0,0,220.963068032256,0
94.027247878695,0,0,280.376028997576,116.054372245433,153.609372090384,93.4234866874731,99.3508940827211,0,263.534399241887,193.659409924573,155.901486485736,0,206.472608421747,180.543851962045,0,357.423078228283,0,151.695570509541,0,261.605527103798,247.66948903751,125.994729980093,119.345624434514,140.574866691684,106.533627130087,219.078548227669,201.100640800745,173.201474590904,0,76.5072790361762,321.124897279917,0,115.114253591495,0,195.314816908693,0,101.605593487621,161.302948562323,169.453147353278,78.8552325762656
0,0,0,111.226326353722,0,0,118.522099274347,0,0,153.453047983244,62.311273509377,0,183.786860782462,0,0,0,262.382215657622,206.912707094411,0,82.6299537488922,139.93285932648,0,180.355266595273,0,101.5853655613,0,236.681907140956,0,114.511014214502,108.381749703452,0,0,251.098274723989,120.912756812582,94.7529894315991,0,101.605593487621,0,125.416941482916,128.405764333981,0
0,0,0,0,0,0,0,0,0,0,0,0,0,314.611698427915,0,0,0,0,0,109.093416850988,90.7216186966914,0,348.674510760064,101.443495235174,241.57250333243,0,192.693757128262,0,209.996727521564,329.719143597451,0,0,0,200.878319874537,104.369974912428,0,161.302948562323,125.416941482916,0,72.2278283150671,134.566479261133
0,0,0,74.4197823064597,173.059382066957,232.945974238958,0,201.44584889478,106.33736463831,136.792307586862,95.7590805983148,125.81518738273,0,119.728129215699,0,276.620869034647,345.797434674459,0,177.763106506206,215.611029055736,224.551207449728,0,0,0,161.694997919804,62.859596780235,0,96.7845769653343,80.8080171296381,0,0,0,161.275817184598,115.871357769661,0,220.963068032256,169.453147353278,128.405764333981,72.2278283150671,0,101.85207633558
0,0,0,94.8881692391942,150.161410108805,0,75.4497121078207,283.248188884028,0,0,0,0,115.868441404982,0,73.1029054543569,146.814226519809,0,0,205.183249704085,112.349934713559,222.053792850439,0,106.926813611922,81.9664354533492,0,0,164.032723165762,242.790381480436,188.851177466023,347.376449530863,0,0,0,71.5579325720569,250.461724766314,0,78.8552325762656,0,134.566479261133,101.85207633558,0
