0,0,0,0,0,0,204.481117647118,0,0,0,0,0,0,0,0,0,0,0,0,122.106946855269,0,0,0,197.486504603685,0,0,146.814226519809,0,0,0,0,0,0,321.124897279917,0,0,0,0,0,146.770754374523,0
0,0,0,0,0,0,0,0,0,0,0,199.492852797962,0,215.611029055736,0,0,0,0,0,0,0,125.81518738273,0,0,0,0,0,92.3502314520023,0,0,0,173.538155409849,0,0,0,76.5072790361762,194.442125915551,0,0,0,0
0,0,0,0,0,0,0,0,0,0,0,0,0,0,0,0,0,0,0,163.059043292369,0,0,154.070293657878,0,0,0,0,220.901129804706,178.748963182352,0,0,0,0,0,0,0,188.936291522747,0,0,0,0
0,0,0,0,0,0,115.194491798135,0,158.955087279859,0,0,142.054529471577,172.892533368851,0,0,0,0,0,106.33736463831,82.1742780037132,0,0,0,94.7280504127031,0,0,0,71.4788760670054,0,0,0,0,0,357.423078228283,236.681907140956,0,172.608400267715,97.3232815600345,0,99.3508940827211,0
0,0,0,0,0,0,0,94.126460729827,0,0,0,0,0,0,241.635434294794,0,347.376449530863,0,202.712457066107,0,89.1590885155172,0,0,139.654362654449,0,0,204.084074037941,85.6072705949986,112.823430872325,0,0,0,0,191.519780382943,165.597665022977,0,119.345624434514,0,0,261.605527103798,269.936825670274
0,0,0,0,0,0,0,0,0,0,353.822894641502,0,0,0,262.382215657622,0,0,0,0,178.683678585178,0,0,0,114.649126378906,0,89.9429017381717,113.059176128709,0,0,101.5853655613,251.098274723989,0,0,0,70.4221432298295,62.311273509377,173.001559092555,124.853650664477,0,153.609372090384,135.667029391615
204.481117647118,0,0,115.194491798135,0,0,0,0,0,114.511014214502,0,222.053792850439,0,0,197.893790332676,0,0,0,0,138.33942793804,0,0,0,0,219.040656038919,154.065933476765,173.059382066957,0,0,0,99.2646516363145,0,0,72.2278283150671,227.504408813069,159.183173818572,0,0,0,0,0
0,0,0,0,94.126460729827,0,0,0,0,113.144980278377,173.201474590904,0,0,96.5937438588657,325.937289045041,0,0,228.075434767255,206.912707094411,0,0,0,73.4795582048751,136.792307586862,0,205.183249704085,97.5855511246009,0,0,0,0,0,0,206.472608421747,98.6790043377568,106.533627130087,226.825099357786,0,0,128.405764333981,0
0,0,0,158.955087279859,0,0,0,0,0,0,94.7529894315991,300.031143529538,0,0,0,0,0,0,0,0,160.530221557972,0,92.5207898118833,133.984214699576,179.718364159796,0,0,323.781250289068,66.5008477853491,0,0,0,0,0,0,225.013371621378,167.066576495979,0,0,0,0
0,0,0,0,0,0,114.511014214502,113.144980278377,0,0,89.707245288964,82.4756938751058,0,0,101.350815329073,82.6299537488922,241.57250333243,0,0,135.294330067913,0,0,0,163.945208919892,0,0,0,161.74915061469,231.715271819474,139.93285932648,0,111.435629183184,0,338.131802716296,93.4234866874731,0,0,153.876396855887,0,101.443495235174,151.695570509541
0,0,0,0,0,353.822894641502,0,173.201474590904,94.7529894315991,89.707245288964,0,0,0,151.075371308616,0,0,0,0,0,94.027247878695,0,0,0,0,0,0,329.719143597451,90.7216186966914,224.551207449728,0,80.4367166559625,151.01089327964,0,0,0,87.8456058929559,283.88658203332,74.4197823064597,62.859596780235,89.3673883748406,0
0,199.492852797962,0,142.054529471577,0,0,222.053792850439,0,300.031143529538,82.4756938751058,0,0,0,171.230058197369,211.840482897052,0,0,0,0,0,96.7845769653343,247.66948903751,0,0,0,196.04190773555,103.519938150021,0,193.659409924573,161.275817184598,0,161.694997919804,115.541295036174,218.045528847001,0,104.915316975638,249.798812580765,0,187.77054666536,205.839960264176,106.926813611922
0,0,0,172.892533368851,0,0,0,0,0,0,0,0,0,0,0,0,0,0,0,0,0,0,0,0,0,0,0,134.566479261133,124.698445421759,0,0,0,0,0,0,0,111.226326353722,154.784755881607,0,137.189596148386,0
0,215.611029055736,0,0,0,0,0,96.5937438588657,0,0,151.075371308616,171.230058197369,0,0,125.416941482916,148.808626413748,0,0,0,253.401634605989,0,0,78.8552325762656,0,0,0,0,0,0,0,0,0,0,118.522099274347,255.441154257905,0,0,157.852515740516,155.24952173131,345.797434674459,240.185081663983
0,0,0,0,241.635434294794,262.382215657622,197.893790332676,325.937289045041,0,101.350815329073,0,211.840482897052,0,125.416941482916,0,0,0,0,0,0,90.1317194604647,0,0,0,0,231.050882209,74.5815074003433,0,0,0,0,0,0,0,158.567996645797,0,137.177378802006,0,0,0,0
0,0,0,0,0,0,0,0,0,82.6299537488922,0,0,0,148.808626413748,0,0,0,0,139.792601838991,214.116367924649,0,186.973586461633,0,0,0,0,178.224497384947,175.196329314064,0,0,0,0,0,0,131.969743415579,120.567029282014,101.605593487621,0,0,82.6426202489162,0
0,0,0,0,347.376449530863,0,0,0,0,241.57250333243,0,0,0,0,0,0,0,0,0,0,0,0,0,0,0,221.805809452716,0,0,208.005106191961,0,0,0,306.640284138334,116.054372245433,0,138.425725342224,0,217.157696745803,193.777661225572,0,284.529238481835
0,0,0,0,0,0,0,228.075434767255,0,0,0,0,0,0,0,0,0,0,0,0,0,0,0,0,168.241326865882,0,0,98.417953423071,0,0,0,0,0,0,180.543851962045,0,98.2230592632363,228.792310020318,252.487290983309,219.078548227669,186.348837226466
0,0,0,106.33736463831,202.712457066107,0,0,206.912707094411,0,0,0,0,0,0,0,139.792601838991,0,0,0,0,309.997227542691,0,261.440278806413,0,0,169.742003380707,0,108.136066660554,0,0,0,223.705816669619,0,0,0,205.09013266389,0,0,100.812745974529,201.100640800745,0
122.106946855269,0,163.059043292369,82.1742780037132,0,178.683678585178,138.33942793804,0,0,135.294330067913,94.027247878695,0,0,253.401634605989,0,214.116367924649,0,0,0,0,146.99041817625,0,0,0,0,137.239127032733,0,162.833808134102,0,0,0,0,0,81.2827395071039,71.5579325720569,0,181.316358113209,0,73.1029054543569,140.574866691684,0
0,0,0,0,89.1590885155172,0,0,0,160.530221557972,0,0,96.7845769653343,0,0,90.1317194604647,0,0,0,309.997227542691,146.99041817625,0,0,0,0,0,115.871357769661,0,93.5029580098427,0,314.611698427915,0,0,0,193.055010680236,201.44584889478,0,0,161.302948562323,0,0,128.530575464043
0,125.81518738273,0,0,0,0,0,0,0,0,0,247.66948903751,0,0,0,186.973586461633,0,0,0,0,0,0,259.442917595754,0,0,0,0,61.0664810463559,151.036729364761,0,0,0,0,128.846764897717,195.378266313867,0,0,0,0,0,0
0,0,154.070293657878,0,0,0,0,73.4795582048751,92.5207898118833,0,0,0,0,78.8552325762656,0,0,0,0,261.440278806413,0,0,259.442917595754,0,108.381749703452,0,212.592150359921,112.793316814908,0,160.537522273714,0,0,0,0,143.005810983322,192.693757128262,0,154.142998692322,213.67670887414,0,115.868441404982,0
197.486504603685,0,0,94.7280504127031,139.654362654449,114.649126378906,0,136.792307586862,133.984214699576,163.945208919892,0,0,0,0,0,0,0,0,0,0,0,0,108.381749703452,0,0,198.964527389285,0,153.453047983244,117.208001126138,0,0,224.523755099568,0,190.185165668632,289.631679007608,150.161410108805,155.901486485736,133.218162784108,78.9559315574845,0,241.682021696872
0,0,0,0,0,0,219.040656038919,0,179.718364159796,0,0,0,0,0,0,0,0,168.241326865882,0,0,0,0,0,0,0,0,238.934743274142,0,0,0,333.645516435298,0,0,219.430938885781,92.5568465385234,0,0,320.356811100276,0,250.461724766314,196.032358954952
0,0,0,0,0,89.9429017381717,154.065933476765,205.183249704085,0,0,0,196.04190773555,0,0,231.050882209,0,221.805809452716,0,169.742003380707,137.239127032733,115.871357769661,0,212.592150359921,198.964527389285,0,0,192.601533877686,75.4497121078207,164.032723165762,151.806152521152,0,0,0,276.620869034647,0,142.385058730083,85.7623170715703,153.672550905948,0,0,180.355266595273
146.814226519809,0,0,0,204.084074037941,113.059176128709,173.059382066957,97.5855511246009,0,0,329.719143597451,103.519938150021,0,0,74.5815074003433,178.224497384947,0,0,0,0,0,0,112.793316814908,0,238.934743274142,192.601533877686,0,195.314816908693,306.344527664232,161.325017232684,0,0,119.728129215699,0,0,0,321.864157986053,0,101.85207633558,242.790381480436,263.534399241887
0,92.3502314520023,220.901129804706,71.4788760670054,85.6072705949986,0,0,0,323.781250289068,161.74915061469,90.7216186966914,0,134.566479261133,0,0,175.196329314064,0,98.417953423071,108.136066660554,162.833808134102,93.5029580098427,61.0664810463559,0,153.453047983244,0,75.4497121078207,195.314816908693,0,280.376028997576,335.371040201042,141.204637091722,0,0,112.349934713559,74.7304794244225,193.63278243493,232.945974238958,0,110.384905066973,283.248188884028,165.893015276821
0,0,178.748963182352,0,112.823430872325,0,0,0,66.5008477853491,231.715271819474,224.551207449728,193.659409924573,124.698445421759,0,0,0,208.005106191961,0,0,0,0,151.036729364761,160.537522273714,117.208001126138,0,164.032723165762,306.344527664232,280.376028997576,0,192.135034768848,0,0,183.786860782462,120.912756812582,184.249961885477,0,97.3506957544063,0,0,134.960780198024,209.996727521564
0,0,0,0,0,101.5853655613,0,0,0,139.93285932648,0,161.275817184598,0,0,0,0,0,0,0,0,314.611698427915,0,0,0,0,151.806152521152,161.325017232684,335.371040201042,192.135034768848,0,0,0,0,0,0,0,94.9380989123498,101.895308036513,0,0,198.528111506785
0,0,0,0,0,251.098274723989,99.2646516363145,0,0,0,80.4367166559625,0,0,0,0,0,0,0,0,0,0,0,0,0,333.645516435298,0,0,141.204637091722,0,0,0,0,0,0,0,0,94.8881692391942,0,0,0,0
0,173.538155409849,0,0,0,0,0,0,0,111.435629183184,151.01089327964,161.694997919804,0,0,0,0,0,0,223.705816669619,0,0,0,0,224.523755099568,0,0,0,0,0,0,0,0,0,115.114253591495,0,106.128596538706,104.369974912428,115.332064605654,0,169.453147353278,0
0,0,0,0,0,0,0,0,0,0,0,115.541295036174,0,0,0,0,306.640284138334,0,0,0,0,0,0,0,0,0,119.728129215699,0,183.786860782462,0,0,0,0,0,95.7590805983148,0,0,0,0,0,0
321.124897279917,0,0,357.423078228283,191.519780382943,0,72.2278283150671,206.472608421747,0,338.131802716296,0,218.045528847001,0,118.522099274347,0,0,116.054372245433,0,0,81.2827395071039,193.055010680236,128.846764897717,143.005810983322,190.185165668632,219.430938885781,276.620869034647,0,112.349934713559,120.912756812582,0,0,115.114253591495,0,0,303.527509149359,174.013630695256,81.9664354533492,80.8080171296381,200.878319874537,145.74089716123,125.994729980093
0,0,0,236.681907140956,165.597665022977,70.4221432298295,227.504408813069,98.6790043377568,0,93.4234866874731,0,0,0,255.441154257905,158.567996645797,131.969743415579,0,180.543851962045,0,71.5579325720569,201.44584889478,195.378266313867,192.693757128262,289.631679007608,92.5568465385234,0,0,74.7304794244225,184.249961885477,0,0,0,95.7590805983148,303.527509149359,0,348.674510760064,171.906398392157,116.176698124939,0,84.3635741045246,67.8267069095267
0,76.5072790361762,0,0,0,62.311273509377,159.183173818572,106.533627130087,225.013371621378,0,87.8456058929559,104.915316975638,0,0,0,120.567029282014,138.425725342224,0,205.09013266389,0,0,0,0,150.161410108805,0,142.385058730083,0,193.63278243493,0,0,0,106.128596538706,0,174.013630695256,348.674510760064,0,249.905610015455,0,0,109.093416850988,146.465927798921
0,194.442125915551,188.936291522747,172.608400267715,119.345624434514,173.001559092555,0,226.825099357786,167.066576495979,0,283.88658203332,249.798812580765,111.226326353722,0,137.177378802006,101.605593487621,0,98.2230592632363,0,181.316358113209,0,0,154.142998692322,155.901486485736,0,85.7623170715703,321.864157986053,232.945974238958,97.3506957544063,94.9380989123498,94.8881692391942,104.369974912428,0,81.9664354533492,171.906398392157,249.905610015455,0,177.763106506206,136.685314494491,259.055025639447,58.3493451392805
0,0,0,97.3232815600345,0,124.853650664477,0,0,0,153.876396855887,74.4197823064597,0,154.784755881607,157.852515740516,0,0,217.157696745803,228.792310020318,0,0,161.302948562323,0,213.67670887414,133.218162784108,320.356811100276,153.672550905948,0,0,0,101.895308036513,0,115.332064605654,0,80.8080171296381,116.176698124939,0,177.763106506206,0,195.822649557859,0,220.963068032256
0,0,0,0,0,0,0,0,0,0,62.859596780235,187.77054666536,0,155.24952173131,0,0,193.777661225572,252.487290983309,100.812745974529,73.1029054543569,0,0,0,78.9559315574845,0,0,101.85207633558,110.384905066973,0,0,0,0,0,200.878319874537,0,0,136.685314494491,195.822649557859,0,180.90030328818,188.851177466023
146.770754374523,0,0,99.3508940827211,261.605527103798,153.609372090384,0,128.405764333981,0,101.443495235174,89.3673883748406,205.839960264176,137.189596148386,345.797434674459,0,82.6426202489162,0,219.078548227669,201.100640800745,140.574866691684,0,0,115.868441404982,0,250.461724766314,0,242.790381480436,283.248188884028,134.960780198024,0,0,169.453147353278,0,145.74089716123,84.3635741045246,109.093416850988,259.055025639447,0,180.90030328818,0,0
0,0,0,0,269.936825670274,135.667029391615,0,0,0,151.695570509541,0,106.926813611922,0,240.185081663983,0,0,284.529238481835,186.348837226466,0,0,128.530575464043,0,0,241.682021696872,196.032358954952,180.355266595273,263.534399241887,165.893015276821,209.996727521564,198.528111506785,0,0,0,125.994729980093,67.8267069095267,146.465927798921,58.3493451392805,220.963068032256,188.851177466023,0,0
