0,0,0,0,0,0,0,0,0,0,0,338.131802716296,0,0,0,0,0,0,0,0,0,0,0,0,0,0,0,0,0,0,0,0,0,110.384905066973,0,306.640284138334,202.712457066107,0,205.183249704085,128.846764897717,0
0,0,0,0,0,0,0,219.040656038919,0,0,252.487290983309,0,0,0,231.715271819474,0,0,0,90.1317194604647,0,0,0,329.719143597451,0,0,0,0,151.036729364761,0,0,0,0,0,0,0,0,0,151.075371308616,0,0,0
0,0,0,0,0,0,99.3508940827211,0,0,0,0,112.823430872325,0,0,0,0,0,0,0,0,0,0,0,0,0,0,0,93.4234866874731,0,0,0,0,0,269.936825670274,0,0,0,0,113.059176128709,0,0
0,0,0,0,139.93285932648,0,0,0,0,204.084074037941,0,0,0,0,0,0,0,0,82.1742780037132,0,0,0,0,211.840482897052,98.417953423071,109.093416850988,0,95.7590805983148,0,0,0,0,0,196.032358954952,140.574866691684,184.249961885477,135.294330067913,165.893015276821,0,0,115.332064605654
0,0,0,139.93285932648,0,73.4795582048751,0,0,0,0,0,232.945974238958,0,0,0,0,97.3506957544063,0,161.694997919804,0,0,0,321.124897279917,0,82.6299537488922,0,0,221.805809452716,348.674510760064,0,0,0,0,169.453147353278,0,242.790381480436,153.609372090384,101.350815329073,0,128.405764333981,0
0,0,0,0,73.4795582048751,0,92.5207898118833,0,80.8080171296381,163.945208919892,0,0,0,0,0,0,323.781250289068,0,0,183.786860782462,0,0,206.912707094411,219.078548227669,0,142.385058730083,0,62.311273509377,73.1029054543569,0,135.667029391615,0,0,0,0,0,0,124.698445421759,0,0,104.915316975638
0,0,99.3508940827211,0,0,92.5207898118833,0,0,0,0,179.718364159796,0,0,0,0,122.106946855269,0,0,0,0,0,0,0,0,0,0,133.218162784108,0,104.369974912428,114.511014214502,133.984214699576,195.314816908693,0,0,178.224497384947,0,71.5579325720569,0,241.635434294794,0,141.204637091722
0,219.040656038919,0,0,0,0,0,0,213.67670887414,255.441154257905,197.486504603685,0,0,143.005810983322,85.7623170715703,0,0,0,0,172.608400267715,0,0,0,193.777661225572,158.567996645797,125.994729980093,0,78.8552325762656,0,0,0,0,0,106.33736463831,173.001559092555,0,119.345624434514,90.7216186966914,0,0,200.878319874537
0,0,0,0,0,80.8080171296381,0,213.67670887414,0,0,0,89.9429017381717,0,259.055025639447,0,0,0,0,0,101.5853655613,111.226326353722,0,0,222.053792850439,0,100.812745974529,0,75.4497121078207,228.792310020318,0,0,0,0,0,249.905610015455,0,0,0,0,0,0
0,0,0,204.084074037941,0,163.945208919892,0,255.441154257905,0,0,78.9559315574845,0,0,0,201.44584889478,0,0,139.654362654449,0,81.9664354533492,289.631679007608,161.325017232684,0,0,161.74915061469,0,357.423078228283,192.693757128262,0,0,0,161.275817184598,0,0,192.601533877686,0,240.185081663983,136.685314494491,0,137.239127032733,148.808626413748
0,252.487290983309,0,0,0,0,179.718364159796,197.486504603685,0,78.9559315574845,0,195.378266313867,0,139.792601838991,0,0,180.355266595273,0,0,0,0,284.529238481835,0,0,0,0,0,89.1590885155172,58.3493451392805,120.912756812582,0,138.425725342224,263.534399241887,0,178.683678585178,219.430938885781,0,220.901129804706,0,0,0
338.131802716296,0,112.823430872325,0,232.945974238958,0,0,0,89.9429017381717,0,195.378266313867,0,0,112.349934713559,146.814226519809,0,0,0,231.050882209,0,0,236.681907140956,0,191.519780382943,0,142.054529471577,253.401634605989,154.065933476765,67.8267069095267,0,0,333.645516435298,0,0,276.620869034647,169.742003380707,89.3673883748406,94.126460729827,175.196329314064,228.075434767255,0
0,0,0,0,0,0,0,0,0,0,0,0,0,0,0,0,0,0,0,0,0,0,103.519938150021,161.302948562323,0,0,0,0,99.2646516363145,0,0,0,0,167.066576495979,0,0,82.4756938751058,0,0,131.969743415579,0
0,0,0,0,0,0,0,143.005810983322,259.055025639447,0,139.792601838991,112.349934713559,0,0,0,0,0,0,0,0,159.183173818572,0,0,0,0,0,97.5855511246009,125.81518738273,120.567029282014,0,314.611698427915,0,0,94.7529894315991,208.005106191961,0,227.504408813069,0,151.806152521152,325.937289045041,0
0,231.715271819474,0,0,0,0,0,85.7623170715703,0,201.44584889478,0,146.814226519809,0,0,0,0,0,194.442125915551,0,0,0,0,92.5568465385234,0,0,0,0,0,137.177378802006,0,0,0,0,193.659409924573,0,247.66948903751,241.57250333243,0,0,61.0664810463559,280.376028997576
0,0,0,0,0,0,122.106946855269,0,0,0,0,0,0,0,0,0,0,0,0,0,0,0,146.770754374523,300.031143529538,76.5072790361762,119.728129215699,162.833808134102,0,0,0,0,171.906398392157,0,306.344527664232,118.522099274347,204.481117647118,0,0,0,163.059043292369,0
0,0,0,0,97.3506957544063,323.781250289068,0,0,0,0,180.355266595273,0,0,0,0,0,0,81.2827395071039,0,0,173.201474590904,0,0,0,0,0,125.416941482916,0,146.99041817625,0,0,0,0,0,220.963068032256,0,96.7845769653343,0,0,138.33942793804,0
0,0,0,0,0,0,0,0,0,139.654362654449,0,0,0,0,194.442125915551,0,81.2827395071039,0,0,154.142998692322,0,0,0,0,0,0,0,0,0,153.453047983244,0,0,0,154.784755881607,0,0,112.793316814908,168.241326865882,0,303.527509149359,0
0,90.1317194604647,0,82.1742780037132,161.694997919804,0,0,0,0,0,0,231.050882209,0,0,0,0,0,0,0,0,0,0,0,198.528111506785,250.461724766314,0,0,157.852515740516,0,0,0,0,0,71.4788760670054,154.070293657878,0,0,0,116.054372245433,74.4197823064597,164.032723165762
0,0,0,0,0,183.786860782462,0,172.608400267715,101.5853655613,81.9664354533492,0,0,0,0,0,0,0,154.142998692322,0,0,0,0,173.538155409849,0,205.839960264176,115.541295036174,177.763106506206,214.116367924649,145.74089716123,261.440278806413,0,0,0,0,106.926813611922,0,0,206.472608421747,106.128596538706,192.135034768848,181.316358113209
0,0,0,0,0,0,0,0,111.226326353722,289.631679007608,0,0,0,159.183173818572,0,0,173.201474590904,0,0,0,0,0,0,115.868441404982,0,186.973586461633,0,115.871357769661,89.707245288964,0,174.013630695256,0,0,0,0,117.208001126138,98.2230592632363,0,0,85.6072705949986,223.705816669619
0,0,0,0,0,0,0,0,0,161.325017232684,284.529238481835,236.681907140956,0,0,0,0,0,0,0,0,0,0,0,0,0,180.90030328818,180.543851962045,178.748963182352,0,0,0,0,0,0,82.6426202489162,0,155.901486485736,0,0,0,0
0,329.719143597451,0,0,321.124897279917,206.912707094411,0,0,0,0,0,0,103.519938150021,0,92.5568465385234,146.770754374523,0,0,0,173.538155409849,0,0,0,153.672550905948,0,0,197.893790332676,0,187.77054666536,0,0,0,0,115.114253591495,111.435629183184,0,309.997227542691,249.798812580765,128.530575464043,0,0
0,0,0,211.840482897052,0,219.078548227669,0,193.777661225572,222.053792850439,0,0,191.519780382943,161.302948562323,0,0,300.031143529538,0,0,198.528111506785,0,115.868441404982,0,153.672550905948,0,0,0,136.792307586862,188.936291522747,0,0,0,0,0,153.876396855887,115.194491798135,92.3502314520023,0,96.5937438588657,108.381749703452,146.465927798921,262.382215657622
0,0,0,98.417953423071,82.6299537488922,0,0,158.567996645797,0,161.74915061469,0,0,0,0,0,76.5072790361762,0,0,250.461724766314,205.839960264176,0,0,0,0,0,0,0,0,0,0,0,0,0,66.5008477853491,0,94.027247878695,224.523755099568,0,0,0,0
0,0,0,109.093416850988,0,142.385058730083,0,125.994729980093,100.812745974529,0,0,142.054529471577,0,0,0,119.728129215699,0,0,0,115.541295036174,186.973586461633,180.90030328818,0,0,0,0,188.851177466023,224.551207449728,195.822649557859,101.895308036513,0,84.3635741045246,0,151.695570509541,0,283.248188884028,251.098274723989,155.24952173131,0,199.492852797962,345.797434674459
0,0,0,0,0,0,133.218162784108,0,0,357.423078228283,0,253.401634605989,0,97.5855511246009,0,162.833808134102,125.416941482916,0,0,177.763106506206,0,180.543851962045,197.893790332676,136.792307586862,0,188.851177466023,0,225.013371621378,218.045528847001,209.996727521564,0,0,0,0,0,320.356811100276,259.442917595754,151.01089327964,124.853650664477,186.348837226466,238.934743274142
0,151.036729364761,93.4234866874731,95.7590805983148,221.805809452716,62.311273509377,0,78.8552325762656,75.4497121078207,192.693757128262,89.1590885155172,154.065933476765,0,125.81518738273,0,0,0,0,157.852515740516,214.116367924649,115.871357769661,178.748963182352,0,188.936291522747,0,224.551207449728,225.013371621378,0,321.864157986053,0,0,0,94.9380989123498,101.443495235174,74.7304794244225,190.185165668632,94.7280504127031,150.161410108805,0,93.5029580098427,171.230058197369
0,0,0,0,348.674510760064,73.1029054543569,104.369974912428,0,228.792310020318,0,58.3493451392805,67.8267069095267,99.2646516363145,120.567029282014,137.177378802006,0,146.99041817625,0,0,145.74089716123,89.707245288964,0,187.77054666536,0,0,195.822649557859,218.045528847001,321.864157986053,0,94.8881692391942,0,0,0,160.530221557972,87.8456058929559,217.157696745803,241.682021696872,0,0,0,0
0,0,0,0,0,0,114.511014214502,0,0,0,120.912756812582,0,0,0,0,0,0,153.453047983244,0,261.440278806413,0,0,0,0,0,101.895308036513,209.996727521564,0,94.8881692391942,0,0,0,134.960780198024,173.059382066957,62.859596780235,0,226.825099357786,0,0,0,0
0,0,0,0,0,135.667029391615,133.984214699576,0,0,0,0,0,0,314.611698427915,0,0,0,0,0,0,174.013630695256,0,0,0,0,0,0,0,0,0,0,0,0,0,0,0,196.04190773555,0,0,98.6790043377568,0
0,0,0,0,0,0,195.314816908693,0,0,161.275817184598,138.425725342224,333.645516435298,0,0,0,171.906398392157,0,0,0,0,0,0,0,0,0,84.3635741045246,0,0,0,0,0,0,0,193.63278243493,108.136066660554,283.88658203332,0,0,0,347.376449530863,198.964527389285
0,0,0,0,0,0,0,0,0,0,263.534399241887,0,0,0,0,0,0,0,0,0,0,0,0,0,0,0,0,94.9380989123498,0,134.960780198024,0,0,0,114.649126378906,0,0,101.85207633558,0,0,0,0
110.384905066973,0,269.936825670274,196.032358954952,169.453147353278,0,0,106.33736463831,0,0,0,0,167.066576495979,94.7529894315991,193.659409924573,306.344527664232,0,154.784755881607,71.4788760670054,0,0,0,115.114253591495,153.876396855887,66.5008477853491,151.695570509541,0,101.443495235174,160.530221557972,173.059382066957,0,193.63278243493,114.649126378906,0,137.189596148386,0,215.611029055736,160.537522273714,134.566479261133,72.2278283150671,70.4221432298295
0,0,0,140.574866691684,0,0,178.224497384947,173.001559092555,249.905610015455,192.601533877686,178.683678585178,276.620869034647,0,208.005106191961,0,118.522099274347,220.963068032256,0,154.070293657878,106.926813611922,0,82.6426202489162,111.435629183184,115.194491798135,0,0,0,74.7304794244225,87.8456058929559,62.859596780235,0,108.136066660554,0,137.189596148386,0,97.3232815600345,353.822894641502,0,101.605593487621,172.892533368851,74.5815074003433
306.640284138334,0,0,184.249961885477,242.790381480436,0,0,0,0,0,219.430938885781,169.742003380707,0,0,247.66948903751,204.481117647118,0,0,0,0,117.208001126138,0,0,92.3502314520023,94.027247878695,283.248188884028,320.356811100276,190.185165668632,217.157696745803,0,0,283.88658203332,0,0,97.3232815600345,0,335.371040201042,201.100640800745,0,0,261.605527103798
202.712457066107,0,0,135.294330067913,153.609372090384,0,71.5579325720569,119.345624434514,0,240.185081663983,0,89.3673883748406,82.4756938751058,227.504408813069,241.57250333243,0,96.7845769653343,112.793316814908,0,0,98.2230592632363,155.901486485736,309.997227542691,0,224.523755099568,251.098274723989,259.442917595754,94.7280504127031,241.682021696872,226.825099357786,196.04190773555,0,101.85207633558,215.611029055736,353.822894641502,335.371040201042,0,116.176698124939,158.955087279859,113.144980278377,193.055010680236
0,151.075371308616,0,165.893015276821,101.350815329073,124.698445421759,0,90.7216186966914,0,136.685314494491,220.901129804706,94.126460729827,0,0,0,0,0,168.241326865882,0,206.472608421747,0,0,249.798812580765,96.5937438588657,0,155.24952173131,151.01089327964,150.161410108805,0,0,0,0,0,160.537522273714,0,201.100640800745,116.176698124939,0,0,106.533627130087,212.592150359921
205.183249704085,0,113.059176128709,0,0,0,241.635434294794,0,0,0,0,175.196329314064,0,151.806152521152,0,0,0,0,116.054372245433,106.128596538706,0,0,128.530575464043,108.381749703452,0,0,124.853650664477,0,0,0,0,0,0,134.566479261133,101.605593487621,0,158.955087279859,0,0,80.4367166559625,165.597665022977
128.846764897717,0,0,0,128.405764333981,0,0,0,0,137.239127032733,0,228.075434767255,131.969743415579,325.937289045041,61.0664810463559,163.059043292369,138.33942793804,303.527509149359,74.4197823064597,192.135034768848,85.6072705949986,0,0,146.465927798921,0,199.492852797962,186.348837226466,93.5029580098427,0,0,98.6790043377568,347.376449530863,0,72.2278283150671,172.892533368851,0,113.144980278377,106.533627130087,80.4367166559625,0,205.09013266389
0,0,0,115.332064605654,0,104.915316975638,141.204637091722,200.878319874537,0,148.808626413748,0,0,0,0,280.376028997576,0,0,0,164.032723165762,181.316358113209,223.705816669619,0,0,262.382215657622,0,345.797434674459,238.934743274142,171.230058197369,0,0,0,198.964527389285,0,70.4221432298295,74.5815074003433,261.605527103798,193.055010680236,212.592150359921,165.597665022977,205.09013266389,0
