0,0,0,0,0,193.055010680236,0,0,0,0,0,0,0,0,0,0,0,0,97.3506957544063,0,0,0,0,0,0,0,0,168.241326865882,0,0,0,0,0,173.001559092555,169.453147353278,0,0,0,0,0,178.224497384947
0,0,0,0,0,0,0,0,0,0,0,0,0,0,0,0,0,0,0,0,0,0,173.201474590904,94.027247878695,100.812745974529,0,0,0,0,0,0,0,0,133.984214699576,0,320.356811100276,196.032358954952,0,136.685314494491,0,0
0,0,0,0,0,0,0,0,0,0,0,219.040656038919,0,0,0,0,0,0,0,0,0,0,0,201.44584889478,0,255.441154257905,0,0,161.302948562323,0,0,0,0,0,0,0,0,116.054372245433,0,0,0
0,0,0,0,0,0,0,0,111.226326353722,0,252.487290983309,0,0,0,0,0,0,228.075434767255,0,0,0,0,0,325.937289045041,0,73.1029054543569,226.825099357786,284.529238481835,348.674510760064,0,0,0,0,202.712457066107,154.784755881607,104.369974912428,118.522099274347,0,0,173.059382066957,0
0,0,0,0,0,241.682021696872,0,0,82.1742780037132,259.055025639447,195.314816908693,222.053792850439,0,0,0,0,0,0,0,0,0,0,0,62.311273509377,0,94.9380989123498,0,0,94.8881692391942,195.378266313867,180.90030328818,0,0,0,0,128.846764897717,151.075371308616,0,0,161.325017232684,177.763106506206
193.055010680236,0,0,0,241.682021696872,0,0,95.7590805983148,345.797434674459,184.249961885477,0,0,0,0,0,94.7280504127031,0,0,0,159.183173818572,0,253.401634605989,93.5029580098427,0,0,0,300.031143529538,0,0,198.528111506785,0,0,0,0,71.5579325720569,101.5853655613,191.519780382943,0,0,0,0
0,0,0,0,0,0,0,0,0,0,145.74089716123,0,0,0,0,0,0,120.567029282014,0,0,158.955087279859,0,0,134.960780198024,0,171.230058197369,221.805809452716,259.442917595754,0,0,0,137.239127032733,0,0,70.4221432298295,0,224.551207449728,161.694997919804,97.3232815600345,0,280.376028997576
0,0,0,0,0,95.7590805983148,0,0,0,173.538155409849,67.8267069095267,112.349934713559,0,0,0,0,204.481117647118,0,0,0,178.683678585178,0,76.5072790361762,0,0,0,0,119.728129215699,135.667029391615,0,0,0,0,146.814226519809,128.530575464043,101.443495235174,219.430938885781,236.681907140956,0,153.609372090384,94.7529894315991
0,0,0,111.226326353722,82.1742780037132,345.797434674459,0,0,0,0,172.892533368851,160.530221557972,82.6299537488922,0,0,135.294330067913,0,0,0,0,0,0,283.88658203332,98.417953423071,0,231.050882209,0,0,195.822649557859,0,0,0,0,0,0,0,0,0,0,0,0
0,0,0,0,259.055025639447,184.249961885477,0,173.538155409849,0,0,0,154.065933476765,0,0,0,309.997227542691,227.504408813069,0,0,112.823430872325,0,0,0,0,0,151.806152521152,117.208001126138,137.177378802006,0,0,0,289.631679007608,0,238.934743274142,92.3502314520023,269.936825670274,165.893015276821,139.792601838991,0,240.185081663983,101.605593487621
0,0,0,252.487290983309,195.314816908693,0,145.74089716123,67.8267069095267,172.892533368851,0,0,0,0,90.7216186966914,0,92.5568465385234,0,0,0,157.852515740516,0,99.2646516363145,0,0,0,0,0,329.719143597451,0,0,0,186.348837226466,0,0,0,0,196.04190773555,146.99041817625,99.3508940827211,116.176698124939,82.6426202489162
0,0,219.040656038919,0,222.053792850439,0,0,112.349934713559,160.530221557972,154.065933476765,0,0,0,0,96.5937438588657,0,204.084074037941,0,188.936291522747,335.371040201042,89.1590885155172,0,213.67670887414,0,93.4234866874731,197.893790332676,0,80.8080171296381,306.344527664232,0,161.74915061469,0,0,0,192.601533877686,0,112.793316814908,306.640284138334,0,154.142998692322,119.345624434514
0,0,0,0,0,0,0,0,82.6299537488922,0,0,0,0,219.078548227669,0,0,72.2278283150671,0,0,0,0,262.382215657622,0,0,0,0,0,134.566479261133,0,0,0,0,0,0,0,0,0,0,0,94.126460729827,0
0,0,0,0,0,0,0,0,0,0,90.7216186966914,0,219.078548227669,0,0,0,0,0,109.093416850988,125.994729980093,0,0,143.005810983322,250.461724766314,193.777661225572,0,0,0,115.114253591495,0,0,71.4788760670054,0,0,192.693757128262,89.707245288964,98.6790043377568,146.770754374523,0,190.185165668632,0
0,0,0,0,0,0,0,0,0,0,0,96.5937438588657,0,0,0,0,0,0,321.124897279917,0,0,81.2827395071039,0,0,0,82.4756938751058,150.161410108805,0,181.316358113209,0,0,0,0,220.901129804706,232.945974238958,163.945208919892,125.81518738273,153.672550905948,0,96.7845769653343,0
0,0,0,0,0,94.7280504127031,0,0,135.294330067913,309.997227542691,92.5568465385234,0,0,0,0,0,0,0,0,0,0,0,0,338.131802716296,0,0,0,0,58.3493451392805,131.969743415579,0,0,0,0,314.611698427915,0,276.620869034647,0,0,128.405764333981,263.534399241887
0,0,0,0,0,0,0,204.481117647118,0,227.504408813069,0,204.084074037941,72.2278283150671,0,0,0,0,0,0,0,0,0,0,0,169.742003380707,115.871357769661,0,92.5207898118833,0,0,0,0,0,115.332064605654,0,206.472608421747,193.63278243493,0,0,0,0
0,0,0,228.075434767255,0,0,120.567029282014,0,0,0,0,0,0,0,0,0,0,0,0,155.901486485736,0,0,0,0,0,0,75.4497121078207,106.926813611922,0,0,0,0,0,201.100640800745,139.654362654449,0,124.853650664477,0,0,198.964527389285,0
97.3506957544063,0,0,0,0,0,0,0,0,0,0,188.936291522747,0,109.093416850988,321.124897279917,0,0,0,0,113.059176128709,224.523755099568,0,89.3673883748406,0,0,180.543851962045,0,0,0,0,0,0,0,138.33942793804,193.659409924573,140.574866691684,0,223.705816669619,0,0,0
0,0,0,0,0,159.183173818572,0,0,0,112.823430872325,157.852515740516,335.371040201042,0,125.994729980093,0,0,0,155.901486485736,113.059176128709,0,0,0,251.098274723989,0,87.8456058929559,209.996727521564,194.442125915551,0,0,218.045528847001,0,0,0,241.57250333243,73.4795582048751,0,108.381749703452,0,0,206.912707094411,158.567996645797
0,0,0,0,0,0,158.955087279859,178.683678585178,0,0,0,89.1590885155172,0,0,0,0,0,0,224.523755099568,0,0,0,0,0,0,214.116367924649,0,74.7304794244225,347.376449530863,200.878319874537,0,160.537522273714,0,78.9559315574845,172.608400267715,0,283.248188884028,0,0,0,323.781250289068
0,0,0,0,0,253.401634605989,0,0,0,0,99.2646516363145,0,262.382215657622,0,81.2827395071039,0,0,0,0,0,0,0,0,101.350815329073,0,0,0,183.786860782462,0,0,0,0,0,141.204637091722,0,0,0,0,0,0,85.6072705949986
0,173.201474590904,0,0,0,93.5029580098427,0,76.5072790361762,283.88658203332,0,0,213.67670887414,0,143.005810983322,0,0,0,0,89.3673883748406,251.098274723989,0,0,0,0,0,142.385058730083,261.605527103798,0,0,0,0,186.973586461633,0,303.527509149359,0,97.5855511246009,192.135034768848,151.036729364761,0,0,0
0,94.027247878695,201.44584889478,325.937289045041,62.311273509377,0,134.960780198024,0,98.417953423071,0,0,0,0,250.461724766314,0,338.131802716296,0,0,0,0,0,101.350815329073,0,0,0,124.698445421759,0,153.876396855887,155.24952173131,0,122.106946855269,175.196329314064,0,179.718364159796,211.840482897052,0,115.541295036174,0,0,142.054529471577,138.425725342224
0,100.812745974529,0,0,0,0,0,0,0,0,0,93.4234866874731,0,193.777661225572,0,0,169.742003380707,0,0,87.8456058929559,0,0,0,0,0,208.005106191961,0,163.059043292369,0,0,0,0,0,0,0,0,0,133.218162784108,74.4197823064597,106.128596538706,0
0,0,255.441154257905,73.1029054543569,94.9380989123498,0,171.230058197369,0,231.050882209,151.806152521152,0,197.893790332676,0,0,82.4756938751058,0,115.871357769661,0,180.543851962045,209.996727521564,214.116367924649,0,142.385058730083,124.698445421759,208.005106191961,0,148.808626413748,180.355266595273,249.798812580765,0,0,0,0,0,0,114.511014214502,333.645516435298,0,0,0,0
0,0,0,226.825099357786,0,300.031143529538,221.805809452716,0,0,117.208001126138,0,0,0,0,150.161410108805,0,0,75.4497121078207,0,194.442125915551,0,0,261.605527103798,0,0,148.808626413748,0,162.833808134102,0,81.9664354533492,231.715271819474,0,146.465927798921,106.533627130087,108.136066660554,0,249.905610015455,178.748963182352,165.597665022977,61.0664810463559,84.3635741045246
168.241326865882,0,0,284.529238481835,0,0,259.442917595754,119.728129215699,0,137.177378802006,329.719143597451,80.8080171296381,134.566479261133,0,0,0,92.5207898118833,106.926813611922,0,0,74.7304794244225,183.786860782462,0,153.876396855887,163.059043292369,180.355266595273,162.833808134102,0,151.01089327964,171.906398392157,62.859596780235,247.66948903751,0,111.435629183184,0,174.013630695256,154.070293657878,115.194491798135,212.592150359921,120.912756812582,205.183249704085
0,0,161.302948562323,348.674510760064,94.8881692391942,0,0,135.667029391615,195.822649557859,0,0,306.344527664232,0,115.114253591495,181.316358113209,58.3493451392805,0,0,0,0,347.376449530863,0,0,155.24952173131,0,249.798812580765,0,151.01089327964,0,0,0,0,205.839960264176,261.440278806413,242.790381480436,0,90.1317194604647,225.013371621378,167.066576495979,321.864157986053,89.9429017381717
0,0,0,0,195.378266313867,198.528111506785,0,0,0,0,0,0,0,0,0,131.969743415579,0,0,0,218.045528847001,200.878319874537,0,0,0,0,0,81.9664354533492,171.906398392157,0,0,0,0,0,217.157696745803,0,0,0,110.384905066973,161.275817184598,151.695570509541,0
0,0,0,0,180.90030328818,0,0,0,0,0,0,161.74915061469,0,0,0,0,0,0,0,0,0,0,0,122.106946855269,0,0,231.715271819474,62.859596780235,0,0,0,0,0,187.77054666536,0,0,0,0,0,0,0
0,0,0,0,0,0,137.239127032733,0,0,289.631679007608,186.348837226466,0,0,71.4788760670054,0,0,0,0,0,0,160.537522273714,0,186.973586461633,175.196329314064,0,0,0,247.66948903751,0,0,0,0,0,103.519938150021,199.492852797962,0,0,0,0,0,101.85207633558
0,0,0,0,0,0,0,0,0,0,0,0,0,0,0,0,0,0,0,0,0,0,0,0,0,0,146.465927798921,0,205.839960264176,0,0,0,0,139.93285932648,0,0,205.09013266389,0,357.423078228283,0,0
173.001559092555,133.984214699576,0,202.712457066107,0,0,0,146.814226519809,0,238.934743274142,0,0,0,0,220.901129804706,0,115.332064605654,201.100640800745,138.33942793804,241.57250333243,78.9559315574845,141.204637091722,303.527509149359,179.718364159796,0,0,106.533627130087,111.435629183184,261.440278806413,217.157696745803,187.77054666536,103.519938150021,139.93285932648,0,197.486504603685,66.5008477853491,74.5815074003433,0,228.792310020318,80.4367166559625,0
169.453147353278,0,0,154.784755881607,0,71.5579325720569,70.4221432298295,128.530575464043,0,92.3502314520023,0,192.601533877686,0,192.693757128262,232.945974238958,314.611698427915,0,139.654362654449,193.659409924573,73.4795582048751,172.608400267715,0,0,211.840482897052,0,0,108.136066660554,0,242.790381480436,0,0,199.492852797962,0,197.486504603685,0,85.7623170715703,98.2230592632363,137.189596148386,220.963068032256,101.895308036513,241.635434294794
0,320.356811100276,0,104.369974912428,128.846764897717,101.5853655613,0,101.443495235174,0,269.936825670274,0,0,0,89.707245288964,163.945208919892,0,206.472608421747,0,140.574866691684,0,0,0,97.5855511246009,0,0,114.511014214502,0,174.013630695256,0,0,0,0,0,66.5008477853491,85.7623170715703,0,125.416941482916,0,136.792307586862,353.822894641502,164.032723165762
0,196.032358954952,0,118.522099274347,151.075371308616,191.519780382943,224.551207449728,219.430938885781,0,165.893015276821,196.04190773555,112.793316814908,0,98.6790043377568,125.81518738273,276.620869034647,193.63278243493,124.853650664477,0,108.381749703452,283.248188884028,0,192.135034768848,115.541295036174,0,333.645516435298,249.905610015455,154.070293657878,90.1317194604647,0,0,0,205.09013266389,74.5815074003433,98.2230592632363,125.416941482916,0,188.851177466023,113.144980278377,153.453047983244,115.868441404982
0,0,116.054372245433,0,0,0,161.694997919804,236.681907140956,0,139.792601838991,146.99041817625,306.640284138334,0,146.770754374523,153.672550905948,0,0,0,223.705816669619,0,0,0,151.036729364761,0,133.218162784108,0,178.748963182352,115.194491798135,225.013371621378,110.384905066973,0,0,0,0,137.189596148386,0,188.851177466023,0,215.611029055736,114.649126378906,78.8552325762656
0,136.685314494491,0,0,0,0,97.3232815600345,0,0,0,99.3508940827211,0,0,0,0,0,0,0,0,0,0,0,0,0,74.4197823064597,0,165.597665022977,212.592150359921,167.066576495979,161.275817184598,0,0,357.423078228283,228.792310020318,220.963068032256,136.792307586862,113.144980278377,215.611029055736,0,106.33736463831,0
0,0,0,173.059382066957,161.325017232684,0,0,153.609372090384,0,240.185081663983,116.176698124939,154.142998692322,94.126460729827,190.185165668632,96.7845769653343,128.405764333981,0,198.964527389285,0,206.912707094411,0,0,0,142.054529471577,106.128596538706,0,61.0664810463559,120.912756812582,321.864157986053,151.695570509541,0,0,0,80.4367166559625,101.895308036513,353.822894641502,153.453047983244,114.649126378906,106.33736463831,0,104.915316975638
178.224497384947,0,0,0,177.763106506206,0,280.376028997576,94.7529894315991,0,101.605593487621,82.6426202489162,119.345624434514,0,0,0,263.534399241887,0,0,0,158.567996645797,323.781250289068,85.6072705949986,0,138.425725342224,0,0,84.3635741045246,205.183249704085,89.9429017381717,0,0,101.85207633558,0,0,241.635434294794,164.032723165762,115.868441404982,78.8552325762656,0,104.915316975638,0
