0,0,0,0,0,219.430938885781,0,0,71.4788760670054,0,0,0,0,0,0,0,0,0,0,0,0,0,0,0,66.5008477853491,139.93285932648,120.912756812582,0,0,0,0,0,0,128.405764333981,0,0,0,0,0,0,0
0,0,0,0,0,0,0,0,0,119.345624434514,106.533627130087,0,0,0,0,0,0,0,0,0,0,0,0,161.694997919804,0,161.275817184598,0,193.659409924573,0,0,0,0,0,0,0,0,0,209.996727521564,92.5207898118833,0,0
0,0,0,0,0,0,0,0,0,0,0,0,0,0,0,0,0,0,0,0,0,0,0,0,0,0,0,106.926813611922,87.8456058929559,0,0,0,0,0,115.541295036174,114.511014214502,89.3673883748406,0,0,0,0
0,0,0,0,0,0,188.851177466023,0,0,205.183249704085,0,0,0,0,329.719143597451,0,0,0,0,0,184.249961885477,0,0,0,0,0,0,0,255.441154257905,321.124897279917,0,95.7590805983148,0,115.194491798135,124.853650664477,0,116.176698124939,183.786860782462,160.537522273714,357.423078228283,0
0,0,0,0,0,173.538155409849,153.453047983244,212.592150359921,0,0,218.045528847001,0,179.718364159796,0,0,0,0,0,0,0,0,0,345.797434674459,0,0,0,0,73.1029054543569,174.013630695256,0,0,198.528111506785,0,300.031143529538,97.3506957544063,205.839960264176,241.682021696872,0,0,0,62.859596780235
219.430938885781,0,0,0,173.538155409849,0,353.822894641502,178.748963182352,0,338.131802716296,263.534399241887,0,0,0,0,0,0,0,0,0,139.792601838991,0,173.001559092555,171.230058197369,0,0,0,0,197.486504603685,0,0,0,0,128.530575464043,117.208001126138,0,321.864157986053,0,0,81.9664354533492,0
0,0,0,188.851177466023,153.453047983244,353.822894641502,0,0,0,0,0,138.425725342224,0,0,0,0,0,98.6790043377568,0,0,169.453147353278,0,0,0,0,153.672550905948,0,190.185165668632,0,0,0,0,0,211.840482897052,0,82.6426202489162,80.8080171296381,98.2230592632363,0,241.57250333243,0
0,0,0,0,212.592150359921,178.748963182352,0,0,128.846764897717,115.114253591495,0,0,0,197.893790332676,0,251.098274723989,0,0,89.707245288964,225.013371621378,0,0,0,0,0,0,94.8881692391942,84.3635741045246,168.241326865882,101.605593487621,0,0,0,0,0,0,0,103.519938150021,74.7304794244225,160.530221557972,172.608400267715
71.4788760670054,0,0,0,0,0,0,128.846764897717,0,0,0,0,0,213.67670887414,0,137.239127032733,0,0,261.440278806413,0,0,0,192.135034768848,0,0,0,0,0,0,0,0,0,0,94.7280504127031,0,232.945974238958,186.973586461633,261.605527103798,0,178.224497384947,0
0,119.345624434514,0,205.183249704085,0,338.131802716296,0,115.114253591495,0,0,200.878319874537,219.078548227669,0,157.852515740516,0,0,0,0,252.487290983309,148.808626413748,0,0,61.0664810463559,0,0,206.472608421747,89.9429017381717,153.876396855887,0,0,0,0,0,94.9380989123498,0,94.126460729827,163.059043292369,0,0,196.04190773555,104.369974912428
0,106.533627130087,0,0,218.045528847001,263.534399241887,0,0,0,200.878319874537,0,0,0,0,0,0,0,0,139.654362654449,0,0,136.685314494491,158.955087279859,146.99041817625,151.01089327964,0,73.4795582048751,0,186.348837226466,0,0,0,0,0,0,219.040656038919,0,224.523755099568,112.823430872325,253.401634605989,214.116367924649
0,0,0,0,0,0,138.425725342224,0,0,219.078548227669,0,0,0,133.218162784108,249.905610015455,173.201474590904,228.075434767255,0,108.381749703452,333.645516435298,124.698445421759,0,0,116.054372245433,0,165.597665022977,113.059176128709,94.027247878695,78.9559315574845,90.1317194604647,155.24952173131,191.519780382943,0,164.032723165762,0,153.609372090384,0,101.443495235174,180.90030328818,0,0
0,0,0,0,179.718364159796,0,0,0,0,0,0,0,0,0,0,0,0,0,0,0,0,0,0,0,0,0,0,0,306.344527664232,0,0,0,0,101.85207633558,119.728129215699,0,104.915316975638,0,306.640284138334,0,0
0,0,0,0,0,0,0,197.893790332676,213.67670887414,157.852515740516,0,133.218162784108,0,0,0,161.325017232684,0,0,250.461724766314,220.963068032256,155.901486485736,0,0,0,0,125.81518738273,0,143.005810983322,0,137.177378802006,192.601533877686,0,0,0,142.385058730083,0,335.371040201042,0,0,0,0
0,0,0,329.719143597451,0,0,0,0,0,0,0,249.905610015455,0,0,0,0,247.66948903751,0,199.492852797962,80.4367166559625,195.378266313867,118.522099274347,0,0,0,0,0,0,0,0,0,0,249.798812580765,180.355266595273,0,0,135.294330067913,0,0,137.189596148386,222.053792850439
0,0,0,0,0,0,0,251.098274723989,137.239127032733,0,0,173.201474590904,0,161.325017232684,0,0,0,0,0,0,0,0,0,0,0,205.09013266389,150.161410108805,309.997227542691,0,0,0,0,0,0,289.631679007608,0,125.416941482916,0,0,114.649126378906,169.742003380707
0,0,0,0,0,0,0,0,0,0,0,228.075434767255,0,0,247.66948903751,0,0,0,0,217.157696745803,0,0,154.065933476765,99.3508940827211,0,220.901129804706,0,259.055025639447,0,0,0,0,0,0,151.695570509541,0,172.892533368851,0,0,151.036729364761,0
0,0,0,0,0,0,98.6790043377568,0,0,0,0,0,0,0,0,0,0,0,0,0,0,0,0,323.781250289068,0,0,206.912707094411,175.196329314064,0,0,0,0,0,135.667029391615,0,215.611029055736,151.075371308616,142.054529471577,0,74.4197823064597,0
0,0,0,0,0,0,0,89.707245288964,261.440278806413,252.487290983309,139.654362654449,108.381749703452,0,250.461724766314,199.492852797962,0,0,0,0,0,0,0,0,0,0,0,0,0,0,320.356811100276,0,0,0,0,97.3232815600345,115.332064605654,146.814226519809,0,0,89.1590885155172,0
0,0,0,0,0,0,0,225.013371621378,0,148.808626413748,0,333.645516435298,0,220.963068032256,80.4367166559625,0,217.157696745803,0,0,0,146.770754374523,158.567996645797,0,111.226326353722,0,106.128596538706,0,62.311273509377,0,0,0,283.88658203332,0,0,94.7529894315991,193.055010680236,188.936291522747,0,284.529238481835,0,240.185081663983
0,0,0,184.249961885477,0,139.792601838991,169.453147353278,0,0,0,0,124.698445421759,0,155.901486485736,195.378266313867,0,0,0,0,146.770754374523,0,0,0,223.705816669619,101.895308036513,0,0,0,0,314.611698427915,0,125.994729980093,0,0,0,0,231.715271819474,100.812745974529,0,0,0
0,0,0,0,0,0,0,0,0,0,136.685314494491,0,0,0,118.522099274347,0,0,0,0,158.567996645797,0,0,0,0,0,0,154.784755881607,0,0,0,0,0,0,0,98.417953423071,0,167.066576495979,138.33942793804,0,134.960780198024,0
0,0,0,0,345.797434674459,173.001559092555,0,0,192.135034768848,61.0664810463559,158.955087279859,0,0,0,0,0,154.065933476765,0,0,0,0,0,0,0,0,259.442917595754,0,0,0,0,0,0,193.777661225572,67.8267069095267,269.936825670274,145.74089716123,208.005106191961,134.566479261133,198.964527389285,0,82.6299537488922
0,161.694997919804,0,0,0,171.230058197369,0,0,0,0,146.99041817625,116.054372245433,0,0,0,0,99.3508940827211,323.781250289068,0,111.226326353722,223.705816669619,0,0,0,0,276.620869034647,151.806152521152,161.74915061469,193.63278243493,0,0,81.2827395071039,0,162.833808134102,140.574866691684,201.44584889478,106.33736463831,0,0,113.144980278377,226.825099357786
66.5008477853491,0,0,0,0,0,0,0,0,0,151.01089327964,0,0,0,0,0,0,0,0,0,101.895308036513,0,0,0,0,0,115.871357769661,348.674510760064,0,0,0,0,0,93.5029580098427,72.2278283150671,0,96.5937438588657,0,280.376028997576,0,204.481117647118
139.93285932648,161.275817184598,0,0,0,0,153.672550905948,0,0,206.472608421747,0,165.597665022977,0,125.81518738273,0,205.09013266389,220.901129804706,0,0,106.128596538706,0,0,259.442917595754,276.620869034647,0,0,194.442125915551,74.5815074003433,171.906398392157,0,0,0,0,154.070293657878,303.527509149359,0,109.093416850988,111.435629183184,0,96.7845769653343,161.302948562323
120.912756812582,0,0,0,0,0,0,94.8881692391942,0,89.9429017381717,73.4795582048751,113.059176128709,0,0,0,150.161410108805,0,206.912707094411,0,0,0,154.784755881607,0,151.806152521152,115.871357769661,194.442125915551,0,325.937289045041,236.681907140956,82.4756938751058,0,0,133.984214699576,204.084074037941,0,0,165.893015276821,187.77054666536,0,241.635434294794,262.382215657622
0,193.659409924573,106.926813611922,0,73.1029054543569,0,190.185165668632,84.3635741045246,0,153.876396855887,0,94.027247878695,0,143.005810983322,0,309.997227542691,259.055025639447,175.196329314064,0,62.311273509377,0,0,0,161.74915061469,348.674510760064,74.5815074003433,325.937289045041,0,195.822649557859,76.5072790361762,0,85.6072705949986,227.504408813069,112.793316814908,192.693757128262,238.934743274142,231.050882209,0,221.805809452716,196.032358954952,101.350815329073
0,0,87.8456058929559,255.441154257905,174.013630695256,197.486504603685,0,168.241326865882,0,0,186.348837226466,78.9559315574845,306.344527664232,0,0,0,0,0,0,0,0,0,0,193.63278243493,0,171.906398392157,236.681907140956,195.822649557859,0,131.969743415579,101.5853655613,0,0,112.349934713559,78.8552325762656,122.106946855269,0,70.4221432298295,177.763106506206,75.4497121078207,178.683678585178
0,0,0,321.124897279917,0,0,0,101.605593487621,0,0,0,90.1317194604647,0,137.177378802006,0,0,0,0,320.356811100276,0,314.611698427915,0,0,0,0,0,82.4756938751058,76.5072790361762,131.969743415579,0,0,0,0,0,0,195.314816908693,92.3502314520023,0,0,0,0
0,0,0,0,0,0,0,0,0,0,0,155.24952173131,0,192.601533877686,0,0,0,0,0,0,0,0,0,0,0,0,0,0,101.5853655613,0,0,110.384905066973,0,202.712457066107,0,0,0,0,0,0,283.248188884028
0,0,0,95.7590805983148,198.528111506785,0,0,0,0,0,0,191.519780382943,0,0,0,0,0,0,0,283.88658203332,125.994729980093,0,0,81.2827395071039,0,0,0,85.6072705949986,0,0,110.384905066973,0,0,58.3493451392805,242.790381480436,0,82.1742780037132,0,0,0,0
0,0,0,0,0,0,0,0,0,0,0,0,0,0,249.798812580765,0,0,0,0,0,0,0,193.777661225572,0,0,0,133.984214699576,227.504408813069,0,0,0,0,0,0,0,0,0,0,0,90.7216186966914,0
128.405764333981,0,0,115.194491798135,300.031143529538,128.530575464043,211.840482897052,0,94.7280504127031,94.9380989123498,0,164.032723165762,101.85207633558,0,180.355266595273,0,0,135.667029391615,0,0,0,0,67.8267069095267,162.833808134102,93.5029580098427,154.070293657878,204.084074037941,112.793316814908,112.349934713559,0,202.712457066107,58.3493451392805,0,0,181.316358113209,115.868441404982,136.792307586862,154.142998692322,0,93.4234866874731,146.465927798921
0,0,115.541295036174,124.853650664477,97.3506957544063,117.208001126138,0,0,0,0,0,0,119.728129215699,142.385058730083,0,289.631679007608,151.695570509541,0,97.3232815600345,94.7529894315991,0,98.417953423071,269.936825670274,140.574866691684,72.2278283150671,303.527509149359,0,192.693757128262,78.8552325762656,0,0,242.790381480436,0,181.316358113209,0,159.183173818572,163.945208919892,120.567029282014,347.376449530863,71.5579325720569,201.100640800745
0,0,114.511014214502,0,205.839960264176,0,82.6426202489162,0,232.945974238958,94.126460729827,219.040656038919,153.609372090384,0,0,0,0,0,215.611029055736,115.332064605654,193.055010680236,0,0,145.74089716123,201.44584889478,0,0,0,238.934743274142,122.106946855269,195.314816908693,0,0,0,115.868441404982,159.183173818572,0,224.551207449728,0,0,0,228.792310020318
0,0,89.3673883748406,116.176698124939,241.682021696872,321.864157986053,80.8080171296381,0,186.973586461633,163.059043292369,0,0,104.915316975638,335.371040201042,135.294330067913,125.416941482916,172.892533368851,151.075371308616,146.814226519809,188.936291522747,231.715271819474,167.066576495979,208.005106191961,106.33736463831,96.5937438588657,109.093416850988,165.893015276821,231.050882209,0,92.3502314520023,0,82.1742780037132,0,136.792307586862,163.945208919892,224.551207449728,0,97.5855511246009,0,108.136066660554,0
0,209.996727521564,0,183.786860782462,0,0,98.2230592632363,103.519938150021,261.605527103798,0,224.523755099568,101.443495235174,0,0,0,0,0,142.054529471577,0,0,100.812745974529,138.33942793804,134.566479261133,0,0,111.435629183184,187.77054666536,0,70.4221432298295,0,0,0,0,154.142998692322,120.567029282014,0,97.5855511246009,0,99.2646516363145,173.059382066957,92.5568465385234
0,92.5207898118833,0,160.537522273714,0,0,0,74.7304794244225,0,0,112.823430872325,180.90030328818,306.640284138334,0,0,0,0,0,0,284.529238481835,0,0,198.964527389285,0,280.376028997576,0,0,221.805809452716,177.763106506206,0,0,0,0,0,347.376449530863,0,0,99.2646516363145,0,85.7623170715703,141.204637091722
0,0,0,357.423078228283,0,81.9664354533492,241.57250333243,160.530221557972,178.224497384947,196.04190773555,253.401634605989,0,0,0,137.189596148386,114.649126378906,151.036729364761,74.4197823064597,89.1590885155172,0,0,134.960780198024,0,113.144980278377,0,96.7845769653343,241.635434294794,196.032358954952,75.4497121078207,0,0,0,90.7216186966914,93.4234866874731,71.5579325720569,0,108.136066660554,173.059382066957,85.7623170715703,0,180.543851962045
0,0,0,0,62.859596780235,0,0,172.608400267715,0,104.369974912428,214.116367924649,0,0,0,222.053792850439,169.742003380707,0,0,0,240.185081663983,0,0,82.6299537488922,226.825099357786,204.481117647118,161.302948562323,262.382215657622,101.350815329073,178.683678585178,0,283.248188884028,0,0,146.465927798921,201.100640800745,228.792310020318,0,92.5568465385234,141.204637091722,180.543851962045,0
