0,114.511014214502,115.332064605654,0,0,0,0,0,0,219.040656038919,0,0,0,0,0,0,0,0,0,0,0,0,0,74.5815074003433,0,0,0,71.5579325720569,0,0,0,0,0,0,0,0,252.487290983309,0,0,0,0
114.511014214502,0,0,231.050882209,0,89.9429017381717,0,0,0,178.224497384947,0,0,180.90030328818,0,0,0,0,0,0,0,0,0,0,0,0,0,0,0,0,0,0,0,84.3635741045246,0,0,0,101.895308036513,0,0,0,0
115.332064605654,0,0,0,0,0,0,219.078548227669,0,0,0,0,0,0,0,0,0,0,0,75.4497121078207,0,0,0,0,0,0,0,0,0,0,0,161.74915061469,0,0,161.302948562323,0,0,0,0,0,0
0,231.050882209,0,0,0,0,0,0,0,0,0,228.075434767255,0,120.567029282014,0,131.969743415579,201.100640800745,0,0,0,0,0,0,0,78.9559315574845,0,249.798812580765,0,157.852515740516,0,0,0,0,0,113.059176128709,163.945208919892,190.185165668632,193.055010680236,0,309.997227542691,0
0,0,0,0,0,225.013371621378,0,0,0,0,0,0,0,171.906398392157,0,0,0,0,283.88658203332,200.878319874537,0,253.401634605989,0,151.695570509541,0,95.7590805983148,0,114.649126378906,81.9664354533492,0,0,0,0,231.715271819474,0,236.681907140956,124.698445421759,195.822649557859,0,135.294330067913,0
0,89.9429017381717,0,0,225.013371621378,0,0,0,82.4756938751058,115.114253591495,0,99.3508940827211,0,0,117.208001126138,0,0,0,0,0,0,0,120.912756812582,0,0,241.57250333243,0,146.465927798921,206.912707094411,0,0,0,0,135.667029391615,0,0,306.344527664232,85.6072705949986,0,333.645516435298,0
0,0,0,0,0,0,0,172.608400267715,174.013630695256,125.416941482916,0,172.892533368851,0,0,0,0,0,0,0,0,0,0,0,162.833808134102,180.355266595273,0,0,193.63278243493,224.551207449728,0,0,0,0,242.790381480436,158.567996645797,306.640284138334,151.01089327964,209.996727521564,0,0,0
0,0,219.078548227669,0,0,0,172.608400267715,0,0,0,0,241.682021696872,0,0,0,241.635434294794,0,0,0,0,0,0,112.793316814908,90.7216186966914,0,0,345.797434674459,85.7623170715703,201.44584889478,151.806152521152,0,186.348837226466,0,154.784755881607,72.2278283150671,0,188.851177466023,0,155.901486485736,82.6426202489162,0
0,0,0,0,0,82.4756938751058,174.013630695256,0,0,0,125.994729980093,165.893015276821,206.472608421747,205.839960264176,0,0,0,0,0,0,205.09013266389,0,0,0,0,0,0,159.183173818572,0,0,0,0,0,0,0,0,106.533627130087,0,173.001559092555,251.098274723989,0
219.040656038919,178.224497384947,0,0,0,115.114253591495,125.416941482916,0,0,0,0,0,0,0,0,94.027247878695,0,0,0,128.405764333981,146.99041817625,67.8267069095267,0,0,0,153.876396855887,173.059382066957,0,94.8881692391942,0,0,154.142998692322,213.67670887414,325.937289045041,218.045528847001,0,238.934743274142,0,106.926813611922,160.530221557972,0
0,0,0,0,0,0,0,0,125.994729980093,0,0,145.74089716123,0,0,0,0,0,0,0,0,139.792601838991,136.685314494491,82.6299537488922,240.185081663983,0,0,220.901129804706,103.519938150021,192.693757128262,155.24952173131,0,0,0,0,314.611698427915,153.672550905948,191.519780382943,0,139.654362654449,276.620869034647,175.196329314064
0,0,0,228.075434767255,0,99.3508940827211,172.892533368851,241.682021696872,165.893015276821,0,145.74089716123,0,0,0,0,71.4788760670054,0,0,0,269.936825670274,0,0,221.805809452716,0,0,92.5568465385234,0,180.543851962045,74.7304794244225,0,227.504408813069,118.522099274347,0,137.239127032733,98.6790043377568,142.054529471577,0,284.529238481835,255.441154257905,193.659409924573,178.683678585178
0,180.90030328818,0,0,0,0,0,0,206.472608421747,0,0,0,0,0,0,0,0,204.084074037941,0,0,0,0,0,0,104.369974912428,0,161.275817184598,0,0,0,0,0,0,0,0,0,228.792310020318,0,0,0,0
0,0,0,120.567029282014,171.906398392157,0,0,0,205.839960264176,0,0,0,0,0,161.325017232684,0,0,198.528111506785,0,0,0,0,133.984214699576,300.031143529538,0,0,115.541295036174,138.425725342224,0,0,0,0,0,0,151.075371308616,0,173.538155409849,224.523755099568,151.036729364761,0,73.4795582048751
0,0,0,0,0,117.208001126138,0,0,0,0,0,0,0,161.325017232684,0,0,0,0,112.349934713559,0,0,0,0,141.204637091722,0,169.453147353278,0,150.161410108805,106.128596538706,0,0,187.77054666536,0,115.194491798135,0,133.218162784108,0,0,338.131802716296,0,323.781250289068
0,0,0,131.969743415579,0,0,0,241.635434294794,0,94.027247878695,0,71.4788760670054,0,0,0,0,0,0,0,0,0,0,0,0,0,124.853650664477,0,110.384905066973,0,0,0,116.176698124939,0,220.963068032256,0,0,158.955087279859,0,0,115.871357769661,146.814226519809
0,0,0,201.100640800745,0,0,0,0,0,0,0,0,0,0,0,0,0,0,0,357.423078228283,0,0,0,0,0,111.435629183184,122.106946855269,0,0,0,0,0,0,92.5207898118833,94.7280504127031,223.705816669619,289.631679007608,0,0,100.812745974529,137.189596148386
0,0,0,0,0,0,0,0,0,0,0,0,204.084074037941,198.528111506785,0,0,0,0,0,262.382215657622,0,0,0,0,0,212.592150359921,58.3493451392805,98.417953423071,0,0,0,0,0,80.4367166559625,89.707245288964,0,89.3673883748406,0,0,0,0
0,0,0,0,283.88658203332,0,0,0,0,0,0,0,0,0,112.349934713559,0,0,0,0,173.201474590904,0,0,0,0,202.712457066107,96.7845769653343,0,263.534399241887,181.316358113209,97.5855511246009,0,0,204.481117647118,0,0,154.065933476765,183.786860782462,0,0,76.5072790361762,0
0,0,75.4497121078207,0,200.878319874537,0,0,0,0,128.405764333981,0,269.936825670274,0,0,0,0,357.423078228283,262.382215657622,173.201474590904,0,0,0,0,98.2230592632363,0,215.611029055736,125.81518738273,222.053792850439,0,0,0,0,0,0,74.4197823064597,0,165.597665022977,178.748963182352,143.005810983322,96.5937438588657,113.144980278377
0,0,0,0,0,0,0,0,205.09013266389,146.99041817625,139.792601838991,0,0,0,0,0,0,0,0,0,0,0,0,247.66948903751,0,112.823430872325,0,226.825099357786,153.609372090384,0,0,0,0,97.3506957544063,259.442917595754,0,0,259.055025639447,61.0664810463559,154.070293657878,70.4221432298295
0,0,0,0,253.401634605989,0,0,0,0,67.8267069095267,136.685314494491,0,0,0,0,0,0,0,0,0,0,0,104.915316975638,0,0,0,0,0,0,0,0,0,0,94.9380989123498,0,0,261.605527103798,219.430938885781,0,0,164.032723165762
0,0,0,0,0,120.912756812582,0,112.793316814908,0,0,82.6299537488922,221.805809452716,0,133.984214699576,0,0,0,0,0,0,0,104.915316975638,0,0,196.04190773555,0,101.350815329073,0,0,280.376028997576,0,347.376449530863,0,0,353.822894641502,128.846764897717,214.116367924649,186.973586461633,0,261.440278806413,0
74.5815074003433,0,0,0,151.695570509541,0,162.833808134102,90.7216186966914,0,0,240.185081663983,0,0,300.031143529538,141.204637091722,0,0,0,0,98.2230592632363,247.66948903751,0,0,0,0,197.893790332676,0,89.1590885155172,128.530575464043,195.314816908693,0,101.443495235174,0,139.93285932648,119.728129215699,0,73.1029054543569,250.461724766314,0,0,62.311273509377
0,0,0,78.9559315574845,0,0,180.355266595273,0,0,0,0,0,104.369974912428,0,0,0,0,0,202.712457066107,0,0,0,196.04190773555,0,0,232.945974238958,0,0,0,0,0,0,101.5853655613,320.356811100276,0,92.3502314520023,0,101.605593487621,0,0,0
0,0,0,0,95.7590805983148,241.57250333243,0,0,0,153.876396855887,0,92.5568465385234,0,0,169.453147353278,124.853650664477,111.435629183184,212.592150359921,96.7845769653343,215.611029055736,112.823430872325,0,0,197.893790332676,232.945974238958,0,0,195.378266313867,0,321.864157986053,0,94.7529894315991,0,153.453047983244,94.126460729827,0,0,0,0,348.674510760064,283.248188884028
0,0,0,249.798812580765,0,0,0,345.797434674459,0,173.059382066957,220.901129804706,0,161.275817184598,115.541295036174,0,0,122.106946855269,58.3493451392805,0,125.81518738273,0,0,101.350815329073,0,0,0,0,136.792307586862,208.005106191961,108.136066660554,0,0,0,116.054372245433,161.694997919804,93.4234866874731,205.183249704085,66.5008477853491,0,97.3232815600345,82.1742780037132
71.5579325720569,0,0,0,114.649126378906,146.465927798921,193.63278243493,85.7623170715703,159.183173818572,0,103.519938150021,180.543851962045,0,138.425725342224,150.161410108805,110.384905066973,0,98.417953423071,263.534399241887,222.053792850439,226.825099357786,0,0,89.1590885155172,0,195.378266313867,136.792307586862,0,167.066576495979,0,0,0,249.905610015455,137.177378802006,0,217.157696745803,329.719143597451,99.2646516363145,321.124897279917,171.230058197369,119.345624434514
0,0,0,157.852515740516,81.9664354533492,206.912707094411,224.551207449728,201.44584889478,0,94.8881692391942,192.693757128262,74.7304794244225,0,0,106.128596538706,0,0,0,181.316358113209,0,153.609372090384,0,0,128.530575464043,0,0,208.005106191961,167.066576495979,0,0,0,0,0,134.960780198024,146.770754374523,140.574866691684,168.241326865882,169.742003380707,0,188.936291522747,111.226326353722
0,0,0,0,0,0,0,151.806152521152,0,0,155.24952173131,0,0,0,0,0,0,0,97.5855511246009,0,0,0,280.376028997576,195.314816908693,0,321.864157986053,108.136066660554,0,0,0,192.601533877686,0,0,0,0,138.33942793804,194.442125915551,0,0,211.840482897052,0
0,0,0,0,0,0,0,0,0,0,0,227.504408813069,0,0,0,0,0,0,0,0,0,0,0,0,0,0,0,0,0,192.601533877686,0,0,0,197.486504603685,87.8456058929559,0,0,106.33736463831,0,335.371040201042,0
0,0,161.74915061469,0,0,0,0,186.348837226466,0,154.142998692322,0,118.522099274347,0,0,187.77054666536,116.176698124939,0,0,0,0,0,0,347.376449530863,101.443495235174,0,94.7529894315991,0,0,0,0,0,0,0,0,101.85207633558,0,0,0,0,0,81.2827395071039
0,84.3635741045246,0,0,0,0,0,0,0,213.67670887414,0,0,0,0,0,0,0,0,204.481117647118,0,0,0,0,0,101.5853655613,0,0,249.905610015455,0,0,0,0,0,0,0,0,0,0,0,0,0
0,0,0,0,231.715271819474,135.667029391615,242.790381480436,154.784755881607,0,325.937289045041,0,137.239127032733,0,0,115.194491798135,220.963068032256,92.5207898118833,80.4367166559625,0,0,97.3506957544063,94.9380989123498,0,139.93285932648,320.356811100276,153.453047983244,116.054372245433,137.177378802006,134.960780198024,0,197.486504603685,0,0,0,148.808626413748,80.8080171296381,193.777661225572,90.1317194604647,115.868441404982,163.059043292369,177.763106506206
0,0,161.302948562323,113.059176128709,0,0,158.567996645797,72.2278283150671,0,218.045528847001,314.611698427915,98.6790043377568,0,151.075371308616,0,0,94.7280504127031,89.707245288964,0,74.4197823064597,259.442917595754,0,353.822894641502,119.728129215699,0,94.126460729827,161.694997919804,0,146.770754374523,0,87.8456058929559,101.85207633558,0,148.808626413748,0,179.718364159796,134.566479261133,0,303.527509149359,78.8552325762656,184.249961885477
0,0,0,163.945208919892,236.681907140956,0,306.640284138334,0,0,0,153.672550905948,142.054529471577,0,0,133.218162784108,0,223.705816669619,0,154.065933476765,0,0,0,128.846764897717,0,92.3502314520023,0,93.4234866874731,217.157696745803,140.574866691684,138.33942793804,0,0,0,80.8080171296381,179.718364159796,0,108.381749703452,192.135034768848,0,196.032358954952,0
252.487290983309,101.895308036513,0,190.185165668632,124.698445421759,306.344527664232,151.01089327964,188.851177466023,106.533627130087,238.934743274142,191.519780382943,0,228.792310020318,173.538155409849,0,158.955087279859,289.631679007608,89.3673883748406,183.786860782462,165.597665022977,0,261.605527103798,214.116367924649,73.1029054543569,0,0,205.183249704085,329.719143597451,168.241326865882,194.442125915551,0,0,0,193.777661225572,134.566479261133,108.381749703452,0,109.093416850988,198.964527389285,0,199.492852797962
0,0,0,193.055010680236,195.822649557859,85.6072705949986,209.996727521564,0,0,0,0,284.529238481835,0,224.523755099568,0,0,0,0,0,178.748963182352,259.055025639447,219.430938885781,186.973586461633,250.461724766314,101.605593487621,0,66.5008477853491,99.2646516363145,169.742003380707,0,106.33736463831,0,0,90.1317194604647,0,192.135034768848,109.093416850988,0,0,0,93.5029580098427
0,0,0,0,0,0,0,155.901486485736,173.001559092555,106.926813611922,139.654362654449,255.441154257905,0,151.036729364761,338.131802716296,0,0,0,0,143.005810983322,61.0664810463559,0,0,0,0,0,0,321.124897279917,0,0,0,0,0,115.868441404982,303.527509149359,0,198.964527389285,0,0,62.859596780235,160.537522273714
0,0,0,309.997227542691,135.294330067913,333.645516435298,0,82.6426202489162,251.098274723989,160.530221557972,276.620869034647,193.659409924573,0,0,0,115.871357769661,100.812745974529,0,76.5072790361762,96.5937438588657,154.070293657878,0,261.440278806413,0,0,348.674510760064,97.3232815600345,171.230058197369,188.936291522747,211.840482897052,335.371040201042,0,0,163.059043292369,78.8552325762656,196.032358954952,0,0,62.859596780235,0,142.385058730083
0,0,0,0,0,0,0,0,0,0,175.196329314064,178.683678585178,0,73.4795582048751,323.781250289068,146.814226519809,137.189596148386,0,0,113.144980278377,70.4221432298295,164.032723165762,0,62.311273509377,0,283.248188884028,82.1742780037132,119.345624434514,111.226326353722,0,0,81.2827395071039,0,177.763106506206,184.249961885477,0,199.492852797962,93.5029580098427,160.537522273714,142.385058730083,0
