0,0,0,0,0,0,0,0,0,0,0,96.7845769653343,0,0,0,300.031143529538,0,0,0,0,0,0,0,0,0,0,119.728129215699,0,0,0,0,0,345.797434674459,0,280.376028997576,98.6790043377568,0,0,0,0,0
0,0,0,0,0,0,99.3508940827211,0,183.786860782462,0,0,0,0,0,0,0,184.249961885477,0,0,0,0,0,0,0,0,0,208.005106191961,0,0,231.715271819474,0,0,0,0,0,95.7590805983148,0,0,0,0,174.013630695256
0,0,0,0,70.4221432298295,0,0,0,0,0,0,0,0,0,0,0,0,0,151.695570509541,0,0,0,0,0,0,62.859596780235,0,215.611029055736,0,0,0,0,0,0,0,0,0,0,0,82.4756938751058,0
0,0,0,0,157.852515740516,0,0,81.2827395071039,0,101.5853655613,0,94.7280504127031,0,0,0,0,0,0,171.906398392157,74.7304794244225,0,0,0,0,0,0,0,0,276.620869034647,74.5815074003433,0,0,0,197.893790332676,173.059382066957,0,0,252.487290983309,173.538155409849,0,139.654362654449
0,0,70.4221432298295,157.852515740516,0,0,0,0,0,160.530221557972,0,0,0,0,161.275817184598,0,0,0,0,0,223.705816669619,0,173.001559092555,140.574866691684,0,0,94.9380989123498,179.718364159796,0,0,0,137.189596148386,0,0,218.045528847001,145.74089716123,139.93285932648,0,0,82.1742780037132,0
0,0,0,0,0,0,303.527509149359,0,0,259.442917595754,120.567029282014,167.066576495979,0,0,0,0,191.519780382943,0,0,0,0,0,0,154.784755881607,0,92.5207898118833,241.57250333243,0,0,0,0,0,0,169.742003380707,0,0,76.5072790361762,162.833808134102,138.425725342224,75.4497121078207,198.528111506785
0,99.3508940827211,0,0,0,303.527509149359,0,0,0,347.376449530863,0,101.350815329073,0,0,0,206.912707094411,133.984214699576,0,0,0,0,180.355266595273,0,0,0,192.693757128262,0,0,0,0,0,0,0,0,125.81518738273,0,73.1029054543569,228.792310020318,0,224.523755099568,134.566479261133
0,0,0,81.2827395071039,0,0,0,0,0,255.441154257905,0,188.936291522747,0,101.443495235174,0,0,0,0,115.868441404982,0,0,0,87.8456058929559,0,0,0,161.694997919804,213.67670887414,205.09013266389,0,0,0,0,357.423078228283,0,153.609372090384,80.4367166559625,323.781250289068,106.33736463831,253.401634605989,71.4788760670054
0,183.786860782462,0,0,0,0,0,0,0,0,0,128.405764333981,0,0,0,263.534399241887,0,0,0,0,0,0,221.805809452716,0,146.770754374523,0,241.635434294794,135.667029391615,0,0,0,0,0,0,205.183249704085,171.230058197369,90.7216186966914,0,0,211.840482897052,0
0,0,0,101.5853655613,160.530221557972,259.442917595754,347.376449530863,255.441154257905,0,0,0,96.5937438588657,0,0,0,0,0,0,195.822649557859,0,0,133.218162784108,204.084074037941,232.945974238958,0,224.551207449728,165.893015276821,0,0,0,0,158.955087279859,0,101.895308036513,153.876396855887,306.344527664232,212.592150359921,0,0,0,219.430938885781
0,0,0,0,0,120.567029282014,0,0,0,0,0,90.1317194604647,0,0,154.070293657878,0,0,0,0,0,249.905610015455,196.04190773555,172.892533368851,0,0,227.504408813069,141.204637091722,153.453047983244,241.682021696872,0,0,0,0,146.99041817625,205.839960264176,0,329.719143597451,112.793316814908,0,128.846764897717,321.864157986053
96.7845769653343,0,0,94.7280504127031,0,167.066576495979,101.350815329073,188.936291522747,128.405764333981,96.5937438588657,90.1317194604647,0,0,0,0,0,0,0,153.672550905948,73.4795582048751,85.6072705949986,0,108.381749703452,0,0,146.814226519809,175.196329314064,94.027247878695,143.005810983322,0,0,0,0,71.5579325720569,151.075371308616,0,142.054529471577,0,0,335.371040201042,168.241326865882
0,0,0,0,0,0,0,0,0,0,0,0,0,0,0,0,0,0,94.8881692391942,0,0,0,92.5568465385234,0,0,0,0,154.142998692322,0,0,0,0,0,128.530575464043,0,0,101.85207633558,0,92.3502314520023,0,0
0,0,0,0,0,0,0,101.443495235174,0,0,0,0,0,0,0,0,0,283.248188884028,0,97.3506957544063,238.934743274142,0,0,106.926813611922,178.224497384947,106.128596538706,0,0,225.013371621378,0,0,0,0,136.792307586862,84.3635741045246,112.823430872325,125.994729980093,124.853650664477,0,135.294330067913,0
0,0,0,0,161.275817184598,0,0,0,0,0,154.070293657878,0,0,0,0,0,0,0,0,0,151.01089327964,89.1590885155172,236.681907140956,62.311273509377,0,0,108.136066660554,333.645516435298,118.522099274347,0,160.537522273714,0,0,72.2278283150671,0,0,0,0,0,74.4197823064597,0
300.031143529538,0,0,0,0,0,206.912707094411,0,263.534399241887,0,0,0,0,0,0,0,0,0,0,0,0,0,0,193.055010680236,0,100.812745974529,0,111.435629183184,136.685314494491,0,0,0,0,104.369974912428,66.5008477853491,0,0,0,161.325017232684,0,82.6299537488922
0,184.249961885477,0,0,0,191.519780382943,133.984214699576,0,0,0,0,0,0,0,0,0,0,110.384905066973,0,0,0,0,0,106.533627130087,0,199.492852797962,0,226.825099357786,0,0,0,0,0,0,161.74915061469,0,148.808626413748,0,0,201.44584889478,0
0,0,0,0,0,0,0,0,0,0,0,0,0,283.248188884028,0,0,110.384905066973,0,0,0,0,0,0,164.032723165762,0,180.90030328818,114.511014214502,94.7529894315991,0,201.100640800745,0,0,0,181.316358113209,115.871357769661,0,0,0,0,0,0
0,0,151.695570509541,171.906398392157,0,0,0,115.868441404982,0,195.822649557859,0,153.672550905948,94.8881692391942,0,0,0,0,0,0,0,0,0,0,103.519938150021,0,0,0,120.912756812582,202.712457066107,99.2646516363145,0,0,0,0,0,0,0,0,0,283.88658203332,193.63278243493
0,0,0,74.7304794244225,0,0,0,0,0,0,0,73.4795582048751,0,97.3506957544063,0,0,0,0,0,0,0,0,195.378266313867,0,0,94.126460729827,0,193.659409924573,206.472608421747,204.481117647118,81.9664354533492,159.183173818572,0,261.605527103798,242.790381480436,154.065933476765,348.674510760064,220.963068032256,314.611698427915,0,146.465927798921
0,0,0,0,223.705816669619,0,0,0,0,0,249.905610015455,85.6072705949986,0,238.934743274142,151.01089327964,0,0,0,0,0,0,0,163.059043292369,195.314816908693,173.201474590904,0,0,177.763106506206,0,0,0,0,0,0,188.851177466023,0,137.177378802006,178.683678585178,0,158.567996645797,0
0,0,0,0,0,0,180.355266595273,0,0,133.218162784108,196.04190773555,0,0,0,89.1590885155172,0,0,0,0,0,0,0,0,0,0,0,0,0,0,0,0,0,0,134.960780198024,93.5029580098427,259.055025639447,151.036729364761,0,0,0,0
0,0,0,0,173.001559092555,0,0,87.8456058929559,221.805809452716,204.084074037941,172.892533368851,108.381749703452,92.5568465385234,0,236.681907140956,0,0,0,0,195.378266313867,163.059043292369,0,0,0,0,0,0,0,193.777661225572,0,0,0,0,0,0,0,97.3232815600345,67.8267069095267,0,89.3673883748406,320.356811100276
0,0,0,0,140.574866691684,154.784755881607,0,0,0,232.945974238958,0,0,0,106.926813611922,62.311273509377,193.055010680236,106.533627130087,164.032723165762,103.519938150021,0,195.314816908693,0,0,0,0,0,0,0,139.792601838991,231.050882209,0,228.075434767255,214.116367924649,250.461724766314,109.093416850988,0,269.936825670274,137.239127032733,200.878319874537,0,0
0,0,0,0,0,0,0,0,146.770754374523,0,0,0,0,178.224497384947,0,0,0,0,0,0,173.201474590904,0,0,0,0,116.176698124939,0,0,0,101.605593487621,0,0,0,251.098274723989,194.442125915551,0,220.901129804706,0,89.9429017381717,155.901486485736,0
0,0,62.859596780235,0,0,92.5207898118833,192.693757128262,0,0,224.551207449728,227.504408813069,146.814226519809,0,106.128596538706,0,100.812745974529,199.492852797962,180.90030328818,0,94.126460729827,0,0,0,0,116.176698124939,0,219.078548227669,0,111.226326353722,0,0,0,0,178.748963182352,172.608400267715,0,131.969743415579,0,113.144980278377,119.345624434514,115.541295036174
119.728129215699,208.005106191961,0,0,94.9380989123498,241.57250333243,0,161.694997919804,241.635434294794,165.893015276821,141.204637091722,175.196329314064,0,0,108.136066660554,0,0,114.511014214502,0,0,0,0,0,0,0,219.078548227669,0,190.185165668632,98.2230592632363,0,0,0,321.124897279917,113.059176128709,0,0,89.707245288964,353.822894641502,0,187.77054666536,117.208001126138
0,0,215.611029055736,0,179.718364159796,0,0,213.67670887414,135.667029391615,0,153.453047983244,94.027247878695,154.142998692322,0,333.645516435298,111.435629183184,226.825099357786,94.7529894315991,120.912756812582,193.659409924573,177.763106506206,0,0,0,0,0,190.185165668632,0,104.915316975638,240.185081663983,306.640284138334,247.66948903751,0,142.385058730083,165.597665022977,219.040656038919,80.8080171296381,163.945208919892,338.131802716296,309.997227542691,116.054372245433
0,0,0,276.620869034647,0,0,0,205.09013266389,0,0,241.682021696872,143.005810983322,0,225.013371621378,118.522099274347,136.685314494491,0,0,202.712457066107,206.472608421747,0,0,193.777661225572,139.792601838991,0,111.226326353722,98.2230592632363,104.915316975638,0,0,0,249.798812580765,0,0,192.601533877686,85.7623170715703,289.631679007608,262.382215657622,222.053792850439,209.996727521564,0
0,231.715271819474,0,74.5815074003433,0,0,0,0,0,0,0,0,0,0,0,0,0,201.100640800745,99.2646516363145,204.481117647118,0,0,0,231.050882209,101.605593487621,0,0,240.185081663983,0,0,0,0,0,0,0,217.157696745803,169.453147353278,284.529238481835,0,0,0
0,0,0,0,0,0,0,0,0,0,0,0,0,0,160.537522273714,0,0,0,0,81.9664354533492,0,0,0,0,0,0,0,306.640284138334,0,0,0,0,0,61.0664810463559,0,125.416941482916,0,150.161410108805,0,0,0
0,0,0,0,137.189596148386,0,0,0,0,158.955087279859,0,0,0,0,0,0,0,0,0,159.183173818572,0,0,0,228.075434767255,0,0,0,247.66948903751,249.798812580765,0,0,0,0,0,0,138.33942793804,186.973586461633,98.417953423071,0,155.24952173131,115.332064605654
345.797434674459,0,0,0,0,0,0,0,0,0,0,0,0,0,0,0,0,0,0,0,0,0,0,214.116367924649,0,0,321.124897279917,0,0,0,0,0,0,58.3493451392805,0,0,0,0,0,112.349934713559,0
0,0,0,197.893790332676,0,169.742003380707,0,357.423078228283,0,101.895308036513,146.99041817625,71.5579325720569,128.530575464043,136.792307586862,72.2278283150671,104.369974912428,0,181.316358113209,0,261.605527103798,0,134.960780198024,0,250.461724766314,251.098274723989,178.748963182352,113.059176128709,142.385058730083,0,0,61.0664810463559,0,58.3493451392805,0,0,114.649126378906,196.032358954952,97.5855511246009,115.194491798135,192.135034768848,161.302948562323
280.376028997576,0,0,173.059382066957,218.045528847001,0,125.81518738273,0,205.183249704085,153.876396855887,205.839960264176,151.075371308616,0,84.3635741045246,0,66.5008477853491,161.74915061469,115.871357769661,0,242.790381480436,188.851177466023,93.5029580098427,0,109.093416850988,194.442125915551,172.608400267715,0,165.597665022977,192.601533877686,0,0,0,0,0,0,122.106946855269,261.440278806413,78.8552325762656,0,197.486504603685,325.937289045041
98.6790043377568,95.7590805983148,0,0,145.74089716123,0,0,153.609372090384,171.230058197369,306.344527664232,0,0,0,112.823430872325,0,0,0,0,0,154.065933476765,0,259.055025639447,0,0,0,0,0,219.040656038919,85.7623170715703,217.157696745803,125.416941482916,138.33942793804,0,114.649126378906,122.106946855269,0,180.543851962045,124.698445421759,198.964527389285,0,0
0,0,0,0,139.93285932648,76.5072790361762,73.1029054543569,80.4367166559625,90.7216186966914,212.592150359921,329.719143597451,142.054529471577,101.85207633558,125.994729980093,0,0,148.808626413748,0,0,348.674510760064,137.177378802006,151.036729364761,97.3232815600345,269.936825670274,220.901129804706,131.969743415579,89.707245288964,80.8080171296381,289.631679007608,169.453147353278,0,186.973586461633,0,196.032358954952,261.440278806413,180.543851962045,0,93.4234866874731,186.348837226466,82.6426202489162,151.806152521152
0,0,0,252.487290983309,0,162.833808134102,228.792310020318,323.781250289068,0,0,112.793316814908,0,0,124.853650664477,0,0,0,0,0,220.963068032256,178.683678585178,0,67.8267069095267,137.239127032733,0,0,353.822894641502,163.945208919892,262.382215657622,284.529238481835,150.161410108805,98.417953423071,0,97.5855511246009,78.8552325762656,124.698445421759,93.4234866874731,0,0,0,0
0,0,0,173.538155409849,0,138.425725342224,0,106.33736463831,0,0,0,0,92.3502314520023,0,0,161.325017232684,0,0,0,314.611698427915,0,0,0,200.878319874537,89.9429017381717,113.144980278377,0,338.131802716296,222.053792850439,0,0,0,0,115.194491798135,0,198.964527389285,186.348837226466,0,0,0,115.114253591495
0,0,82.4756938751058,0,82.1742780037132,75.4497121078207,224.523755099568,253.401634605989,211.840482897052,0,128.846764897717,335.371040201042,0,135.294330067913,74.4197823064597,0,201.44584889478,0,283.88658203332,0,158.567996645797,0,89.3673883748406,0,155.901486485736,119.345624434514,187.77054666536,309.997227542691,209.996727521564,0,0,155.24952173131,112.349934713559,192.135034768848,197.486504603685,0,82.6426202489162,0,0,0,78.9559315574845
0,174.013630695256,0,139.654362654449,0,198.528111506785,134.566479261133,71.4788760670054,0,219.430938885781,321.864157986053,168.241326865882,0,0,0,82.6299537488922,0,0,193.63278243493,146.465927798921,0,0,320.356811100276,0,0,115.541295036174,117.208001126138,116.054372245433,0,0,0,115.332064605654,0,161.302948562323,325.937289045041,0,151.806152521152,0,115.114253591495,78.9559315574845,0
