0,0,0,0,112.349934713559,0,0,0,168.241326865882,0,0,106.33736463831,0,0,0,0,0,0,0,0,0,0,0,0,0,0,192.601533877686,0,0,0,0,0,0,0,0,0,0,173.059382066957,0,61.0664810463559,0
0,0,0,0,0,0,0,0,0,0,0,113.144980278377,0,0,0,219.040656038919,0,0,0,0,0,0,0,0,0,0,0,0,58.3493451392805,0,0,0,0,0,0,201.100640800745,173.001559092555,232.945974238958,0,0,111.226326353722
0,0,0,0,0,98.417953423071,114.649126378906,0,0,0,0,0,0,0,0,0,0,0,217.157696745803,0,62.859596780235,0,0,0,0,0,0,227.504408813069,0,0,0,0,0,0,0,0,0,0,0,0,0
0,0,0,0,92.5207898118833,0,196.04190773555,0,0,0,146.770754374523,0,0,0,131.969743415579,0,0,0,276.620869034647,0,73.4795582048751,148.808626413748,0,0,0,179.718364159796,0,0,0,0,241.57250333243,0,0,289.631679007608,139.93285932648,0,197.893790332676,0,0,115.871357769661,0
112.349934713559,0,0,92.5207898118833,0,0,0,198.528111506785,0,0,0,125.81518738273,0,224.551207449728,0,0,321.864157986053,151.806152521152,0,0,0,0,0,338.131802716296,0,115.541295036174,0,161.694997919804,0,0,0,0,0,0,137.177378802006,0,252.487290983309,0,0,103.519938150021,120.912756812582
0,0,98.417953423071,0,0,0,0,0,0,85.6072705949986,0,306.344527664232,0,0,214.116367924649,0,0,0,0,0,0,0,0,153.609372090384,220.963068032256,0,0,259.055025639447,142.054529471577,0,0,0,0,204.084074037941,0,226.825099357786,161.325017232684,158.955087279859,209.996727521564,97.3506957544063,0
0,0,114.649126378906,196.04190773555,0,0,0,0,0,0,0,0,0,0,0,153.453047983244,206.912707094411,0,0,0,0,186.348837226466,80.8080171296381,0,0,0,0,0,98.2230592632363,0,0,0,0,0,143.005810983322,0,136.685314494491,93.5029580098427,158.567996645797,120.567029282014,157.852515740516
0,0,0,0,198.528111506785,0,0,0,78.8552325762656,124.853650664477,0,0,0,188.936291522747,0,0,0,224.523755099568,0,0,104.369974912428,97.5855511246009,0,0,0,71.5579325720569,193.63278243493,347.376449530863,99.2646516363145,0,0,0,0,0,110.384905066973,262.382215657622,0,0,167.066576495979,142.385058730083,122.106946855269
168.241326865882,0,0,0,0,0,0,78.8552325762656,0,82.6299537488922,240.185081663983,0,0,0,0,0,0,0,89.3673883748406,0,0,0,0,0,0,0,0,0,90.1317194604647,0,113.059176128709,0,0,223.705816669619,78.9559315574845,0,0,0,249.798812580765,236.681907140956,0
0,0,0,0,0,85.6072705949986,0,124.853650664477,82.6299537488922,0,0,0,0,0,0,0,0,0,0,178.683678585178,0,0,161.74915061469,101.350815329073,108.136066660554,173.538155409849,128.530575464043,99.3508940827211,0,136.792307586862,0,106.926813611922,0,76.5072790361762,0,0,62.311273509377,205.183249704085,98.6790043377568,85.7623170715703,146.465927798921
0,0,0,146.770754374523,0,0,0,0,240.185081663983,0,0,238.934743274142,0,135.667029391615,0,0,0,0,108.381749703452,188.851177466023,0,0,90.7216186966914,220.901129804706,0,0,180.543851962045,154.065933476765,250.461724766314,0,0,0,0,0,161.275817184598,0,242.790381480436,116.054372245433,0,141.204637091722,181.316358113209
106.33736463831,113.144980278377,0,0,125.81518738273,306.344527664232,0,0,0,0,238.934743274142,0,0,0,0,0,82.6426202489162,155.901486485736,0,154.142998692322,104.915316975638,94.7529894315991,111.435629183184,137.239127032733,0,0,228.075434767255,204.481117647118,161.302948562323,194.442125915551,0,0,0,261.605527103798,263.534399241887,138.33942793804,115.332064605654,184.249961885477,0,0,0
0,0,0,0,0,0,0,0,0,0,0,0,0,0,0,0,0,0,0,66.5008477853491,0,0,0,171.906398392157,345.797434674459,215.611029055736,0,0,0,0,0,0,0,0,0,165.893015276821,0,0,0,195.822649557859,0
0,0,0,0,224.551207449728,0,0,188.936291522747,0,0,135.667029391615,0,0,0,0,0,0,0,0,0,0,0,0,0,283.88658203332,0,0,82.4756938751058,115.868441404982,193.659409924573,163.945208919892,0,0,259.442917595754,101.85207633558,115.194491798135,187.77054666536,202.712457066107,0,0,89.707245288964
0,0,0,131.969743415579,0,214.116367924649,0,0,0,0,0,0,0,0,0,0,0,0,0,195.314816908693,0,0,0,0,0,0,0,139.654362654449,84.3635741045246,0,0,205.839960264176,0,172.608400267715,145.74089716123,199.492852797962,0,221.805809452716,0,101.5853655613,160.530221557972
0,219.040656038919,0,0,0,0,153.453047983244,0,0,0,0,0,0,0,0,0,0,0,0,0,0,109.093416850988,0,114.511014214502,0,193.055010680236,94.7280504127031,0,75.4497121078207,0,0,0,0,0,96.5937438588657,0,101.895308036513,94.9380989123498,195.378266313867,0,0
0,0,0,0,321.864157986053,0,206.912707094411,0,0,0,0,82.6426202489162,0,0,0,0,0,0,171.230058197369,172.892533368851,0,0,0,0,0,0,137.189596148386,314.611698427915,0,0,0,0,0,0,0,0,186.973586461633,0,0,134.566479261133,320.356811100276
0,0,0,0,151.806152521152,0,0,224.523755099568,0,0,0,155.901486485736,0,0,0,0,0,0,0,0,0,0,0,249.905610015455,0,178.224497384947,0,0,191.519780382943,0,0,0,0,218.045528847001,140.574866691684,0,0,0,72.2278283150671,0,0
0,0,217.157696745803,276.620869034647,0,0,0,0,89.3673883748406,0,108.381749703452,0,0,0,0,0,171.230058197369,0,0,0,153.876396855887,0,81.9664354533492,0,0,153.672550905948,241.682021696872,0,0,0,0,0,0,0,280.376028997576,82.1742780037132,155.24952173131,0,0,0,0
0,0,0,0,0,0,0,0,0,178.683678585178,188.851177466023,154.142998692322,66.5008477853491,0,195.314816908693,0,172.892533368851,0,0,0,0,0,0,146.814226519809,151.01089327964,192.693757128262,0,325.937289045041,303.527509149359,71.4788760670054,0,0,0,119.728129215699,160.537522273714,175.196329314064,81.2827395071039,0,101.443495235174,0,0
0,0,62.859596780235,73.4795582048751,0,0,0,104.369974912428,0,0,0,104.915316975638,0,0,0,0,0,0,153.876396855887,0,0,0,0,198.964527389285,0,283.248188884028,200.878319874537,124.698445421759,0,74.5815074003433,0,0,0,154.070293657878,0,0,333.645516435298,0,0,169.453147353278,0
0,0,0,148.808626413748,0,0,186.348837226466,97.5855511246009,0,0,0,94.7529894315991,0,0,0,109.093416850988,0,0,0,0,0,0,0,0,0,117.208001126138,0,0,92.5568465385234,0,0,0,0,93.4234866874731,0,0,0,0,0,0,0
0,0,0,0,0,0,80.8080171296381,0,0,161.74915061469,90.7216186966914,111.435629183184,0,0,0,0,0,0,81.9664354533492,0,0,0,0,94.027247878695,0,0,0,135.294330067913,222.053792850439,154.784755881607,0,125.416941482916,0,228.792310020318,0,0,112.823430872325,251.098274723989,0,177.763106506206,196.032358954952
0,0,0,0,338.131802716296,153.609372090384,0,0,0,101.350815329073,220.901129804706,137.239127032733,171.906398392157,0,0,114.511014214502,0,249.905610015455,0,146.814226519809,198.964527389285,0,94.027247878695,0,0,125.994729980093,0,89.9429017381717,261.440278806413,0,0,353.822894641502,92.3502314520023,357.423078228283,0,0,159.183173818572,0,241.635434294794,0,0
0,0,0,0,0,220.963068032256,0,0,0,108.136066660554,0,0,345.797434674459,283.88658203332,0,0,0,0,0,151.01089327964,0,0,0,0,0,0,146.99041817625,192.135034768848,0,0,0,0,0,180.90030328818,96.7845769653343,0,0,0,0,0,165.597665022977
0,0,0,179.718364159796,115.541295036174,0,0,71.5579325720569,0,173.538155409849,0,0,215.611029055736,0,0,193.055010680236,0,178.224497384947,153.672550905948,192.693757128262,283.248188884028,117.208001126138,0,125.994729980093,0,0,0,190.185165668632,0,128.405764333981,0,255.441154257905,0,0,173.201474590904,94.126460729827,183.786860782462,0,0,284.529238481835,128.846764897717
192.601533877686,0,0,0,0,0,0,193.63278243493,0,128.530575464043,180.543851962045,228.075434767255,0,0,0,94.7280504127031,137.189596148386,0,241.682021696872,0,200.878319874537,0,0,0,146.99041817625,0,0,162.833808134102,0,0,0,0,253.401634605989,306.640284138334,112.793316814908,94.8881692391942,269.936825670274,80.4367166559625,115.114253591495,180.355266595273,116.176698124939
0,0,227.504408813069,0,161.694997919804,259.055025639447,0,347.376449530863,0,99.3508940827211,154.065933476765,204.481117647118,0,82.4756938751058,139.654362654449,0,314.611698427915,0,0,325.937289045041,124.698445421759,0,135.294330067913,89.9429017381717,192.135034768848,190.185165668632,162.833808134102,0,119.345624434514,0,0,133.218162784108,67.8267069095267,205.09013266389,174.013630695256,193.777661225572,106.128596538706,178.748963182352,0,219.078548227669,151.695570509541
0,58.3493451392805,0,0,0,142.054529471577,98.2230592632363,99.2646516363145,90.1317194604647,0,250.461724766314,161.302948562323,0,115.868441404982,84.3635741045246,75.4497121078207,0,191.519780382943,0,303.527509149359,0,92.5568465385234,222.053792850439,261.440278806413,0,0,0,119.345624434514,0,0,0,151.075371308616,0,247.66948903751,0,95.7590805983148,231.050882209,0,0,89.1590885155172,0
0,0,0,0,0,0,0,0,0,136.792307586862,0,194.442125915551,0,193.659409924573,0,0,0,0,0,71.4788760670054,74.5815074003433,0,154.784755881607,0,0,128.405764333981,0,0,0,0,0,0,0,97.3232815600345,0,101.605593487621,0,309.997227542691,0,0,100.812745974529
0,0,0,241.57250333243,0,0,0,0,113.059176128709,0,0,0,0,163.945208919892,0,0,0,0,0,0,0,0,0,0,0,0,0,0,0,0,0,0,0,133.984214699576,139.792601838991,0,169.742003380707,0,0,0,0
0,0,0,0,0,0,0,0,0,106.926813611922,0,0,0,0,205.839960264176,0,0,0,0,0,0,0,125.416941482916,353.822894641502,0,255.441154257905,0,133.218162784108,151.075371308616,0,0,0,0,138.425725342224,323.781250289068,0,74.4197823064597,0,0,225.013371621378,0
0,0,0,0,0,0,0,0,0,0,0,0,0,0,0,0,0,0,0,0,0,0,0,92.3502314520023,0,0,253.401634605989,67.8267069095267,0,0,0,0,0,0,0,70.4221432298295,118.522099274347,0,0,0,0
0,0,0,289.631679007608,0,204.084074037941,0,0,223.705816669619,76.5072790361762,0,261.605527103798,0,259.442917595754,172.608400267715,0,0,218.045528847001,0,119.728129215699,154.070293657878,93.4234866874731,228.792310020318,357.423078228283,180.90030328818,0,306.640284138334,205.09013266389,247.66948903751,97.3232815600345,133.984214699576,138.425725342224,0,0,0,348.674510760064,74.7304794244225,300.031143529538,321.124897279917,335.371040201042,329.719143597451
0,0,0,139.93285932648,137.177378802006,0,143.005810983322,110.384905066973,78.9559315574845,0,161.275817184598,263.534399241887,0,101.85207633558,145.74089716123,96.5937438588657,0,140.574866691684,280.376028997576,160.537522273714,0,0,0,0,96.7845769653343,173.201474590904,112.793316814908,174.013630695256,0,0,139.792601838991,323.781250289068,0,0,0,106.533627130087,213.67670887414,163.059043292369,164.032723165762,212.592150359921,219.430938885781
0,201.100640800745,0,0,0,226.825099357786,0,262.382215657622,0,0,0,138.33942793804,165.893015276821,115.194491798135,199.492852797962,0,0,0,82.1742780037132,175.196329314064,0,0,0,0,0,94.126460729827,94.8881692391942,193.777661225572,95.7590805983148,101.605593487621,0,0,70.4221432298295,348.674510760064,106.533627130087,0,87.8456058929559,150.161410108805,0,0,0
0,173.001559092555,0,197.893790332676,252.487290983309,161.325017232684,136.685314494491,0,0,62.311273509377,242.790381480436,115.332064605654,0,187.77054666536,0,101.895308036513,186.973586461633,0,155.24952173131,81.2827395071039,333.645516435298,0,112.823430872325,159.183173818572,0,183.786860782462,269.936825670274,106.128596538706,231.050882209,0,169.742003380707,74.4197823064597,118.522099274347,74.7304794244225,213.67670887414,87.8456058929559,0,134.960780198024,73.1029054543569,208.005106191961,151.036729364761
173.059382066957,232.945974238958,0,0,0,158.955087279859,93.5029580098427,0,0,205.183249704085,116.054372245433,184.249961885477,0,202.712457066107,221.805809452716,94.9380989123498,0,0,0,0,0,0,251.098274723989,0,0,0,80.4367166559625,178.748963182352,0,309.997227542691,0,0,0,300.031143529538,163.059043292369,150.161410108805,134.960780198024,0,0,197.486504603685,231.715271819474
0,0,0,0,0,209.996727521564,158.567996645797,167.066576495979,249.798812580765,98.6790043377568,0,0,0,0,0,195.378266313867,0,72.2278283150671,0,101.443495235174,0,0,0,241.635434294794,0,0,115.114253591495,0,0,0,0,0,0,321.124897279917,164.032723165762,0,73.1029054543569,0,0,206.472608421747,201.44584889478
61.0664810463559,0,0,115.871357769661,103.519938150021,97.3506957544063,120.567029282014,142.385058730083,236.681907140956,85.7623170715703,141.204637091722,0,195.822649557859,0,101.5853655613,0,134.566479261133,0,0,0,169.453147353278,0,177.763106506206,0,0,284.529238481835,180.355266595273,219.078548227669,89.1590885155172,0,0,225.013371621378,0,335.371040201042,212.592150359921,0,208.005106191961,197.486504603685,206.472608421747,0,211.840482897052
0,111.226326353722,0,0,120.912756812582,0,157.852515740516,122.106946855269,0,146.465927798921,181.316358113209,0,0,89.707245288964,160.530221557972,0,320.356811100276,0,0,0,0,0,196.032358954952,0,165.597665022977,128.846764897717,116.176698124939,151.695570509541,0,100.812745974529,0,0,0,329.719143597451,219.430938885781,0,151.036729364761,231.715271819474,201.44584889478,211.840482897052,0
