0,0,0,0,0,0,0,0,0,0,0,218.045528847001,0,0,0,0,0,0,0,0,0,0,0,0,0,0,0,96.5937438588657,0,93.5029580098427,0,0,0,300.031143529538,81.9664354533492,0,0,192.601533877686,0,0,0
0,0,0,0,0,280.376028997576,0,0,0,0,0,74.5815074003433,0,0,146.465927798921,0,0,224.523755099568,0,0,0,0,0,0,0,0,261.440278806413,347.376449530863,0,0,0,0,0,214.116367924649,0,0,0,0,0,0,0
0,0,0,0,0,0,0,0,0,0,0,0,0,0,0,0,0,0,0,0,0,0,0,0,0,0,0,0,0,0,0,0,0,0,181.316358113209,259.442917595754,219.430938885781,0,92.5207898118833,0,253.401634605989
0,0,0,0,128.846764897717,0,119.728129215699,0,112.823430872325,0,0,153.876396855887,0,0,0,0,0,0,0,0,0,0,112.349934713559,95.7590805983148,0,197.893790332676,110.384905066973,252.487290983309,0,106.926813611922,0,0,0,157.852515740516,0,0,164.032723165762,73.4795582048751,0,0,0
0,0,0,128.846764897717,0,0,161.694997919804,0,0,0,161.325017232684,188.851177466023,0,0,62.311273509377,108.381749703452,0,0,0,0,0,0,136.792307586862,0,0,0,98.417953423071,0,118.522099274347,0,146.814226519809,0,0,338.131802716296,84.3635741045246,0,193.055010680236,0,0,188.936291522747,0
0,280.376028997576,0,0,0,0,0,115.871357769661,0,98.2230592632363,0,133.218162784108,0,117.208001126138,0,0,0,0,0,224.551207449728,231.715271819474,0,289.631679007608,150.161410108805,0,0,263.534399241887,186.348837226466,0,0,0,0,0,262.382215657622,0,136.685314494491,177.763106506206,0,0,0,0
0,0,0,119.728129215699,161.694997919804,0,0,0,0,0,0,101.443495235174,0,0,0,0,0,139.93285932648,0,0,113.059176128709,0,223.705816669619,0,205.183249704085,0,89.1590885155172,115.868441404982,92.5568465385234,0,0,0,0,94.9380989123498,0,0,0,0,0,71.4788760670054,137.239127032733
0,0,0,0,0,115.871357769661,0,0,178.683678585178,128.405764333981,220.963068032256,0,0,0,0,194.442125915551,0,0,104.915316975638,134.566479261133,0,0,0,98.6790043377568,0,325.937289045041,0,174.013630695256,153.453047983244,0,0,0,0,0,89.9429017381717,320.356811100276,205.839960264176,0,0,163.059043292369,353.822894641502
0,0,0,112.823430872325,0,0,0,178.683678585178,0,0,0,0,0,0,0,241.682021696872,0,0,0,0,160.530221557972,0,0,151.036729364761,0,283.88658203332,0,0,0,0,0,134.960780198024,0,151.075371308616,0,0,306.640284138334,219.040656038919,0,0,171.906398392157
0,0,0,0,0,98.2230592632363,0,128.405764333981,0,0,241.635434294794,0,303.527509149359,0,0,0,158.567996645797,0,0,0,0,0,220.901129804706,75.4497121078207,0,100.812745974529,71.5579325720569,161.275817184598,173.201474590904,221.805809452716,0,101.895308036513,0,89.3673883748406,58.3493451392805,0,124.698445421759,141.204637091722,0,0,165.597665022977
0,0,0,0,161.325017232684,0,0,220.963068032256,0,241.635434294794,0,0,0,114.511014214502,0,0,0,0,0,0,61.0664810463559,0,0,90.1317194604647,0,226.825099357786,89.707245288964,321.124897279917,146.99041817625,0,0,0,0,114.649126378906,0,66.5008477853491,195.822649557859,259.055025639447,0,151.695570509541,247.66948903751
218.045528847001,74.5815074003433,0,153.876396855887,188.851177466023,133.218162784108,101.443495235174,0,0,0,0,0,0,198.964527389285,139.654362654449,0,0,217.157696745803,178.748963182352,204.084074037941,0,0,92.3502314520023,0,101.5853655613,0,0,94.8881692391942,0,0,0,0,0,169.742003380707,155.901486485736,227.504408813069,142.054529471577,0,314.611698427915,335.371040201042,198.528111506785
0,0,0,0,0,0,0,0,0,303.527509149359,0,0,0,0,0,154.065933476765,180.355266595273,0,0,0,0,0,0,0,206.912707094411,0,0,0,0,0,0,0,0,0,0,0,0,0,0,113.144980278377,202.712457066107
0,0,0,0,0,117.208001126138,0,0,0,0,114.511014214502,198.964527389285,0,0,0,0,0,155.24952173131,0,209.996727521564,0,0,0,0,0,255.441154257905,231.050882209,97.3506957544063,200.878319874537,208.005106191961,0,0,0,333.645516435298,0,0,249.905610015455,148.808626413748,0,193.777661225572,0
0,146.465927798921,0,0,62.311273509377,0,0,0,0,0,0,139.654362654449,0,0,0,151.01089327964,0,82.1742780037132,0,204.481117647118,0,0,0,0,0,0,195.314816908693,0,0,0,0,87.8456058929559,0,115.194491798135,175.196329314064,0,0,0,154.070293657878,0,99.3508940827211
0,0,0,0,108.381749703452,0,0,194.442125915551,241.682021696872,0,0,0,154.065933476765,0,151.01089327964,0,0,205.09013266389,0,0,0,0,0,0,0,0,0,0,173.001559092555,0,0,0,0,85.6072705949986,0,0,0,108.136066660554,97.5855511246009,173.059382066957,0
0,0,0,0,0,0,0,0,0,158.567996645797,0,0,180.355266595273,0,0,0,0,0,0,137.189596148386,0,0,0,222.053792850439,0,62.859596780235,0,97.3232815600345,0,0,0,0,0,0,0,82.4756938751058,142.385058730083,106.128596538706,201.100640800745,0,0
0,224.523755099568,0,0,0,0,139.93285932648,0,0,0,0,217.157696745803,0,155.24952173131,82.1742780037132,205.09013266389,0,0,0,0,0,0,0,0,0,0,0,283.248188884028,0,0,0,0,0,0,0,0,0,197.486504603685,85.7623170715703,0,0
0,0,0,0,0,0,0,104.915316975638,0,0,0,178.748963182352,0,0,0,0,0,0,0,101.85207633558,94.126460729827,0,0,0,0,0,96.7845769653343,104.369974912428,0,0,0,0,0,0,125.81518738273,112.793316814908,146.770754374523,125.416941482916,0,93.4234866874731,94.7280504127031
0,0,0,0,0,224.551207449728,0,134.566479261133,0,0,0,204.084074037941,0,209.996727521564,204.481117647118,0,137.189596148386,0,101.85207633558,0,0,0,0,140.574866691684,0,116.054372245433,0,0,0,199.492852797962,196.04190773555,0,0,0,249.798812580765,167.066576495979,269.936825670274,183.786860782462,0,161.74915061469,309.997227542691
0,0,0,0,0,231.715271819474,113.059176128709,0,160.530221557972,0,61.0664810463559,0,0,0,0,0,0,0,94.126460729827,0,0,0,0,0,0,0,0,0,0,0,0,242.790381480436,0,228.792310020318,82.6299537488922,103.519938150021,192.693757128262,131.969743415579,0,154.142998692322,186.973586461633
0,0,0,0,0,0,0,0,0,0,0,0,0,0,0,0,0,0,0,0,0,0,78.9559315574845,0,0,0,0,0,76.5072790361762,109.093416850988,0,0,0,357.423078228283,190.185165668632,0,74.7304794244225,111.435629183184,0,0,115.332064605654
0,0,0,112.349934713559,136.792307586862,289.631679007608,223.705816669619,0,0,220.901129804706,0,92.3502314520023,0,0,0,0,0,0,0,0,0,78.9559315574845,0,0,0,219.078548227669,80.4367166559625,138.425725342224,0,0,0,0,137.177378802006,0,321.864157986053,195.378266313867,0,0,0,74.4197823064597,94.7529894315991
0,0,0,95.7590805983148,0,150.161410108805,0,98.6790043377568,151.036729364761,75.4497121078207,90.1317194604647,0,0,0,0,0,222.053792850439,0,0,140.574866691684,0,0,0,0,116.176698124939,78.8552325762656,306.344527664232,329.719143597451,0,284.529238481835,0,70.4221432298295,139.792601838991,0,119.345624434514,0,213.67670887414,0,115.541295036174,191.519780382943,0
0,0,0,0,0,0,205.183249704085,0,0,0,0,101.5853655613,206.912707094411,0,0,0,0,0,0,0,0,0,0,116.176698124939,0,0,0,165.893015276821,169.453147353278,0,0,0,135.667029391615,179.718364159796,0,0,122.106946855269,0,0,180.543851962045,0
0,0,0,197.893790332676,0,0,0,325.937289045041,283.88658203332,100.812745974529,226.825099357786,0,0,255.441154257905,0,0,62.859596780235,0,0,116.054372245433,0,0,219.078548227669,78.8552325762656,0,0,250.461724766314,128.530575464043,168.241326865882,161.302948562323,0,0,0,72.2278283150671,171.230058197369,193.659409924573,193.63278243493,124.853650664477,153.609372090384,0,0
0,261.440278806413,0,110.384905066973,98.417953423071,263.534399241887,89.1590885155172,0,0,71.5579325720569,89.707245288964,0,0,231.050882209,195.314816908693,0,0,0,96.7845769653343,0,0,0,80.4367166559625,306.344527664232,0,250.461724766314,0,0,101.350815329073,0,0,0,0,162.833808134102,172.608400267715,0,120.567029282014,159.183173818572,125.994729980093,192.135034768848,0
96.5937438588657,347.376449530863,0,252.487290983309,0,186.348837226466,115.868441404982,174.013630695256,0,161.275817184598,321.124897279917,94.8881692391942,0,97.3506957544063,0,0,97.3232815600345,283.248188884028,104.369974912428,0,0,0,138.425725342224,329.719143597451,165.893015276821,128.530575464043,0,0,106.33736463831,111.226326353722,0,158.955087279859,0,345.797434674459,73.1029054543569,81.2827395071039,228.075434767255,80.8080171296381,0,184.249961885477,145.74089716123
0,0,0,0,118.522099274347,0,92.5568465385234,153.453047983244,0,173.201474590904,146.99041817625,0,0,200.878319874537,0,173.001559092555,0,0,0,0,0,76.5072790361762,0,0,169.453147353278,168.241326865882,101.350815329073,106.33736463831,0,0,163.945208919892,0,90.7216186966914,143.005810983322,138.33942793804,0,225.013371621378,115.114253591495,201.44584889478,101.605593487621,240.185081663983
93.5029580098427,0,0,106.926813611922,0,0,0,0,0,221.805809452716,0,0,0,208.005106191961,0,0,0,0,0,199.492852797962,0,109.093416850988,0,284.529238481835,0,161.302948562323,0,111.226326353722,0,0,0,0,0,0,180.90030328818,0,151.806152521152,0,0,0,0
0,0,0,0,146.814226519809,0,0,0,0,0,0,0,0,0,0,0,0,0,0,196.04190773555,0,0,0,0,0,0,0,0,163.945208919892,0,0,0,0,120.912756812582,0,106.533627130087,232.945974238958,0,0,0,0
0,0,0,0,0,0,0,0,134.960780198024,101.895308036513,0,0,0,0,87.8456058929559,0,0,0,0,0,242.790381480436,0,0,70.4221432298295,0,0,0,158.955087279859,0,0,0,0,0,0,173.538155409849,0,236.681907140956,251.098274723989,0,135.294330067913,206.472608421747
0,0,0,0,0,0,0,0,0,0,0,0,0,0,0,0,0,0,0,0,0,0,137.177378802006,139.792601838991,135.667029391615,0,0,0,90.7216186966914,0,0,0,0,0,0,0,0,0,0,178.224497384947,0
300.031143529538,214.116367924649,0,157.852515740516,338.131802716296,262.382215657622,94.9380989123498,0,151.075371308616,89.3673883748406,114.649126378906,169.742003380707,0,333.645516435298,115.194491798135,85.6072705949986,0,0,0,0,228.792310020318,357.423078228283,0,0,179.718364159796,72.2278283150671,162.833808134102,345.797434674459,143.005810983322,0,120.912756812582,0,0,0,241.57250333243,133.984214699576,212.592150359921,0,94.027247878695,323.781250289068,0
81.9664354533492,0,181.316358113209,0,84.3635741045246,0,0,89.9429017381717,0,58.3493451392805,0,155.901486485736,0,0,175.196329314064,0,0,0,125.81518738273,249.798812580765,82.6299537488922,190.185165668632,321.864157986053,119.345624434514,0,171.230058197369,172.608400267715,73.1029054543569,138.33942793804,180.90030328818,0,173.538155409849,0,241.57250333243,0,211.840482897052,172.892533368851,67.8267069095267,215.611029055736,0,82.6426202489162
0,0,259.442917595754,0,0,136.685314494491,0,320.356811100276,0,0,66.5008477853491,227.504408813069,0,0,0,0,82.4756938751058,0,112.793316814908,167.066576495979,103.519938150021,0,195.378266313867,0,0,193.659409924573,0,81.2827395071039,0,0,106.533627130087,0,0,133.984214699576,211.840482897052,0,238.934743274142,0,276.620869034647,160.537522273714,153.672550905948
0,0,219.430938885781,164.032723165762,193.055010680236,177.763106506206,0,205.839960264176,306.640284138334,124.698445421759,195.822649557859,142.054529471577,0,249.905610015455,0,0,142.385058730083,0,146.770754374523,269.936825670274,192.693757128262,74.7304794244225,0,213.67670887414,122.106946855269,193.63278243493,120.567029282014,228.075434767255,225.013371621378,151.806152521152,232.945974238958,236.681907140956,0,212.592150359921,172.892533368851,238.934743274142,0,0,154.784755881607,261.605527103798,187.77054666536
192.601533877686,0,0,73.4795582048751,0,0,0,0,219.040656038919,141.204637091722,259.055025639447,0,0,148.808626413748,0,108.136066660554,106.128596538706,197.486504603685,125.416941482916,183.786860782462,131.969743415579,111.435629183184,0,0,0,124.853650664477,159.183173818572,80.8080171296381,115.114253591495,0,0,251.098274723989,0,0,67.8267069095267,0,0,0,0,196.032358954952,0
0,0,92.5207898118833,0,0,0,0,0,0,0,0,314.611698427915,0,0,154.070293657878,97.5855511246009,201.100640800745,85.7623170715703,0,0,0,0,0,115.541295036174,0,153.609372090384,125.994729980093,0,201.44584889478,0,0,0,0,94.027247878695,215.611029055736,276.620869034647,154.784755881607,0,0,348.674510760064,0
0,0,0,0,188.936291522747,0,71.4788760670054,163.059043292369,0,0,151.695570509541,335.371040201042,113.144980278377,193.777661225572,0,173.059382066957,0,0,93.4234866874731,161.74915061469,154.142998692322,0,74.4197823064597,191.519780382943,180.543851962045,0,192.135034768848,184.249961885477,101.605593487621,0,0,135.294330067913,178.224497384947,323.781250289068,0,160.537522273714,261.605527103798,196.032358954952,348.674510760064,0,99.2646516363145
0,0,253.401634605989,0,0,0,137.239127032733,353.822894641502,171.906398392157,165.597665022977,247.66948903751,198.528111506785,202.712457066107,0,99.3508940827211,0,0,0,94.7280504127031,309.997227542691,186.973586461633,115.332064605654,94.7529894315991,0,0,0,0,145.74089716123,240.185081663983,0,0,206.472608421747,0,0,82.6426202489162,153.672550905948,187.77054666536,0,0,99.2646516363145,0
