0,0,0,0,0,0,0,283.248188884028,0,0,0,0,0,0,0,0,0,0,0,0,0,103.519938150021,0,0,0,0,198.964527389285,0,0,0,0,0,0,283.88658203332,0,0,146.814226519809,0,0,114.649126378906,0
0,0,0,173.059382066957,0,0,0,0,0,0,0,0,0,0,0,0,0,0,0,0,0,0,0,0,0,125.416941482916,0,0,173.201474590904,0,0,0,0,101.443495235174,223.705816669619,0,0,314.611698427915,0,82.1742780037132,0
0,0,0,0,0,0,0,120.567029282014,0,0,0,0,0,0,0,0,0,0,0,0,0,0,0,0,0,0,0,0,228.792310020318,0,0,0,0,226.825099357786,201.44584889478,0,0,0,0,0,284.529238481835
0,173.059382066957,0,0,171.230058197369,97.5855511246009,0,0,0,109.093416850988,249.905610015455,0,0,0,0,0,300.031143529538,0,173.538155409849,0,0,0,193.777661225572,0,0,0,92.5207898118833,0,158.567996645797,0,0,94.8881692391942,0,0,345.797434674459,0,0,320.356811100276,0,0,0
0,0,0,171.230058197369,0,124.853650664477,0,220.901129804706,0,0,111.435629183184,151.695570509541,84.3635741045246,0,0,0,0,0,137.239127032733,0,0,0,0,241.682021696872,0,0,0,117.208001126138,0,0,325.937289045041,0,0,0,231.715271819474,0,148.808626413748,0,180.90030328818,106.128596538706,0
0,0,0,97.5855511246009,124.853650664477,0,0,98.417953423071,0,0,0,0,0,0,0,0,0,0,259.442917595754,101.5853655613,80.4367166559625,0,0,198.528111506785,106.33736463831,154.065933476765,93.4234866874731,0,154.070293657878,0,0,0,0,0,0,0,158.955087279859,177.763106506206,0,112.823430872325,0
0,0,0,0,0,0,0,0,0,0,100.812745974529,0,0,0,224.551207449728,0,0,0,0,94.027247878695,0,0,94.126460729827,0,225.013371621378,224.523755099568,347.376449530863,97.3506957544063,0,135.667029391615,0,0,0,0,89.707245288964,0,187.77054666536,110.384905066973,205.09013266389,0,0
283.248188884028,0,120.567029282014,0,220.901129804706,98.417953423071,0,0,0,0,113.059176128709,97.3232815600345,0,0,193.659409924573,0,0,0,0,74.5815074003433,0,0,0,0,0,0,87.8456058929559,80.8080171296381,0,0,0,171.906398392157,0,250.461724766314,186.348837226466,0,161.302948562323,0,197.486504603685,0,164.032723165762
0,0,0,0,0,0,0,0,0,0,0,119.345624434514,0,0,0,0,0,0,0,252.487290983309,0,0,0,0,0,253.401634605989,0,0,263.534399241887,131.969743415579,0,0,0,151.806152521152,0,0,128.846764897717,101.605593487621,227.504408813069,157.852515740516,259.055025639447
0,0,0,109.093416850988,0,0,0,0,0,0,192.135034768848,94.9380989123498,0,0,0,242.790381480436,175.196329314064,0,0,92.3502314520023,0,183.786860782462,0,58.3493451392805,0,138.425725342224,0,82.6426202489162,154.784755881607,221.805809452716,0,280.376028997576,0,118.522099274347,269.936825670274,90.1317194604647,0,0,0,99.2646516363145,196.04190773555
0,0,0,249.905610015455,111.435629183184,0,100.812745974529,113.059176128709,0,192.135034768848,0,89.1590885155172,0,0,0,232.945974238958,0,0,0,74.7304794244225,0,0,0,335.371040201042,0,0,136.792307586862,153.876396855887,0,0,0,0,0,141.204637091722,0,0,329.719143597451,195.822649557859,206.472608421747,0,155.901486485736
0,0,0,0,151.695570509541,0,0,97.3232815600345,119.345624434514,94.9380989123498,89.1590885155172,0,160.530221557972,0,0,0,0,0,219.078548227669,241.57250333243,0,161.694997919804,0,112.349934713559,219.430938885781,0,95.7590805983148,195.378266313867,0,0,0,0,0,165.597665022977,120.912756812582,116.054372245433,99.3508940827211,255.441154257905,309.997227542691,89.9429017381717,163.059043292369
0,0,0,0,84.3635741045246,0,0,0,0,0,0,160.530221557972,0,188.851177466023,338.131802716296,0,0,0,0,0,0,0,0,159.183173818572,0,0,0,0,0,0,0,222.053792850439,0,0,0,0,0,0,0,0,0
0,0,0,0,0,0,0,0,0,0,0,0,188.851177466023,0,353.822894641502,195.314816908693,167.066576495979,151.036729364761,0,186.973586461633,0,0,241.635434294794,0,0,231.050882209,0,0,0,0,0,0,0,90.7216186966914,178.748963182352,161.275817184598,321.124897279917,0,188.936291522747,139.654362654449,0
0,0,0,0,0,0,224.551207449728,193.659409924573,0,0,0,0,338.131802716296,353.822894641502,0,0,0,0,0,0,0,0,0,0,0,220.963068032256,0,0,94.7280504127031,200.878319874537,0,0,0,115.868441404982,139.93285932648,0,125.81518738273,0,0,74.4197823064597,140.574866691684
0,0,0,0,0,0,0,0,0,242.790381480436,232.945974238958,0,0,195.314816908693,0,0,0,143.005810983322,0,0,0,82.4756938751058,0,0,151.01089327964,0,0,0,0,0,0,0,0,179.718364159796,101.350815329073,0,321.864157986053,115.871357769661,0,76.5072790361762,0
0,0,0,300.031143529538,0,0,0,0,0,175.196329314064,0,0,0,167.066576495979,0,0,0,0,0,0,0,0,72.2278283150671,128.405764333981,0,82.6299537488922,173.001559092555,81.9664354533492,0,0,0,0,0,0,0,0,262.382215657622,0,0,0,85.6072705949986
0,0,0,0,0,0,0,0,0,0,0,0,0,151.036729364761,0,143.005810983322,0,0,0,228.075434767255,0,0,0,0,0,194.442125915551,0,162.833808134102,0,0,0,0,0,145.74089716123,0,211.840482897052,215.611029055736,0,0,209.996727521564,0
0,0,0,173.538155409849,137.239127032733,259.442917595754,0,0,0,0,0,219.078548227669,0,0,0,0,0,0,0,163.945208919892,0,0,62.859596780235,0,151.075371308616,160.537522273714,247.66948903751,137.189596148386,0,0,0,142.385058730083,0,0,0,0,0,193.63278243493,0,0,0
0,0,0,0,0,101.5853655613,94.027247878695,74.5815074003433,252.487290983309,92.3502314520023,74.7304794244225,241.57250333243,0,186.973586461633,0,0,0,228.075434767255,163.945208919892,0,0,0,0,0,219.040656038919,0,348.674510760064,150.161410108805,0,0,0,0,0,0,204.084074037941,0,191.519780382943,0,78.8552325762656,218.045528847001,0
0,0,0,0,0,80.4367166559625,0,0,0,0,0,0,0,0,0,0,0,0,0,0,0,0,0,192.601533877686,0,75.4497121078207,0,104.369974912428,357.423078228283,204.481117647118,202.712457066107,0,0,0,0,70.4221432298295,134.566479261133,61.0664810463559,217.157696745803,71.4788760670054,94.7529894315991
103.519938150021,0,0,0,0,0,0,0,0,183.786860782462,0,161.694997919804,0,0,0,82.4756938751058,0,0,0,0,0,0,0,0,0,0,289.631679007608,0,0,0,0,0,0,115.332064605654,180.355266595273,0,323.781250289068,0,0,0,0
0,0,0,193.777661225572,0,0,94.126460729827,0,0,0,0,0,0,241.635434294794,0,0,72.2278283150671,0,62.859596780235,0,0,0,0,169.742003380707,0,236.681907140956,0,73.4795582048751,96.7845769653343,0,0,0,0,153.672550905948,0,133.984214699576,78.9559315574845,138.33942793804,0,303.527509149359,196.032358954952
0,0,0,0,241.682021696872,198.528111506785,0,0,0,58.3493451392805,335.371040201042,112.349934713559,159.183173818572,0,0,0,128.405764333981,0,0,0,192.601533877686,0,169.742003380707,0,0,0,0,206.912707094411,168.241326865882,85.7623170715703,0,104.915316975638,0,98.6790043377568,197.893790332676,251.098274723989,0,0,96.5937438588657,89.3673883748406,180.543851962045
0,0,0,0,0,106.33736463831,225.013371621378,0,0,0,0,219.430938885781,0,0,0,151.01089327964,0,0,151.075371308616,219.040656038919,0,0,0,0,0,0,0,136.685314494491,0,0,0,0,0,0,181.316358113209,172.608400267715,153.453047983244,0,0,0,0
0,125.416941482916,0,0,0,154.065933476765,224.523755099568,0,253.401634605989,138.425725342224,0,0,0,231.050882209,220.963068032256,0,82.6299537488922,194.442125915551,160.537522273714,0,75.4497121078207,0,236.681907140956,0,0,0,0,122.106946855269,178.683678585178,249.798812580765,0,0,0,67.8267069095267,0,178.224497384947,153.609372090384,146.99041817625,0,0,261.440278806413
198.964527389285,0,0,92.5207898118833,0,93.4234866874731,347.376449530863,87.8456058929559,0,0,136.792307586862,95.7590805983148,0,0,0,0,173.001559092555,0,247.66948903751,348.674510760064,0,289.631679007608,0,0,0,0,0,92.5568465385234,98.2230592632363,0,0,0,108.136066660554,0,93.5029580098427,62.311273509377,165.893015276821,0,81.2827395071039,201.100640800745,108.381749703452
0,0,0,0,117.208001126138,0,97.3506957544063,80.8080171296381,0,82.6426202489162,153.876396855887,195.378266313867,0,0,0,0,81.9664354533492,162.833808134102,137.189596148386,150.161410108805,104.369974912428,0,73.4795582048751,206.912707094411,136.685314494491,122.106946855269,92.5568465385234,0,106.926813611922,0,154.142998692322,208.005106191961,0,142.054529471577,205.183249704085,306.344527664232,135.294330067913,333.645516435298,111.226326353722,119.728129215699,112.793316814908
0,173.201474590904,228.792310020318,158.567996645797,0,154.070293657878,0,0,263.534399241887,154.784755881607,0,0,0,0,94.7280504127031,0,0,0,0,0,357.423078228283,0,96.7845769653343,168.241326865882,0,178.683678585178,98.2230592632363,106.926813611922,0,161.74915061469,124.698445421759,0,0,193.055010680236,174.013630695256,114.511014214502,66.5008477853491,116.176698124939,0,146.465927798921,0
0,0,0,0,0,0,135.667029391615,0,131.969743415579,221.805809452716,0,0,0,0,200.878319874537,0,0,0,0,0,204.481117647118,0,0,85.7623170715703,0,249.798812580765,0,0,161.74915061469,0,0,0,0,184.249961885477,0,0,212.592150359921,115.194491798135,0,0,0
0,0,0,0,325.937289045041,0,0,0,0,0,0,0,0,0,0,0,0,0,0,0,202.712457066107,0,0,0,0,0,0,154.142998692322,124.698445421759,0,0,0,0,0,0,0,0,73.1029054543569,0,0,71.5579325720569
0,0,0,94.8881692391942,0,0,0,171.906398392157,0,280.376028997576,0,0,222.053792850439,0,0,0,0,0,142.385058730083,0,0,0,0,104.915316975638,0,0,0,208.005106191961,0,0,0,0,0,0,0,101.895308036513,0,261.605527103798,0,115.114253591495,133.218162784108
0,0,0,0,0,0,0,0,0,0,0,0,0,0,0,0,0,0,0,0,0,0,0,0,0,0,108.136066660554,0,0,0,0,0,0,146.770754374523,190.185165668632,0,134.960780198024,0,139.792601838991,0,0
283.88658203332,101.443495235174,226.825099357786,0,0,0,0,250.461724766314,151.806152521152,118.522099274347,141.204637091722,165.597665022977,0,90.7216186966914,115.868441404982,179.718364159796,0,145.74089716123,0,0,0,115.332064605654,153.672550905948,98.6790043377568,0,67.8267069095267,0,142.054529471577,193.055010680236,184.249961885477,0,0,146.770754374523,0,169.453147353278,161.325017232684,213.67670887414,214.116367924649,0,113.144980278377,115.541295036174
0,223.705816669619,201.44584889478,345.797434674459,231.715271819474,0,89.707245288964,186.348837226466,0,269.936825670274,0,120.912756812582,0,178.748963182352,139.93285932648,101.350815329073,0,0,0,204.084074037941,0,180.355266595273,0,197.893790332676,181.316358113209,0,93.5029580098427,205.183249704085,174.013630695256,0,0,0,190.185165668632,169.453147353278,0,199.492852797962,101.85207633558,0,240.185081663983,125.994729980093,155.24952173131
0,0,0,0,0,0,0,0,0,90.1317194604647,0,116.054372245433,0,161.275817184598,0,0,0,211.840482897052,0,0,70.4221432298295,0,133.984214699576,251.098274723989,172.608400267715,178.224497384947,62.311273509377,306.344527664232,114.511014214502,0,0,101.895308036513,0,161.325017232684,199.492852797962,0,238.934743274142,205.839960264176,0,137.177378802006,106.533627130087
146.814226519809,0,0,0,148.808626413748,158.955087279859,187.77054666536,161.302948562323,128.846764897717,0,329.719143597451,99.3508940827211,0,321.124897279917,125.81518738273,321.864157986053,262.382215657622,215.611029055736,0,191.519780382943,134.566479261133,323.781250289068,78.9559315574845,0,153.453047983244,153.609372090384,165.893015276821,135.294330067913,66.5008477853491,212.592150359921,0,0,134.960780198024,213.67670887414,101.85207633558,238.934743274142,0,192.693757128262,0,276.620869034647,306.640284138334
0,314.611698427915,0,320.356811100276,0,177.763106506206,110.384905066973,0,101.605593487621,0,195.822649557859,255.441154257905,0,0,0,115.871357769661,0,0,193.63278243493,0,61.0664810463559,0,138.33942793804,0,0,146.99041817625,0,333.645516435298,116.176698124939,115.194491798135,73.1029054543569,261.605527103798,0,214.116367924649,0,205.839960264176,192.693757128262,0,0,0,0
0,0,0,0,180.90030328818,0,205.09013266389,197.486504603685,227.504408813069,0,206.472608421747,309.997227542691,0,188.936291522747,0,0,0,0,0,78.8552325762656,217.157696745803,0,0,96.5937438588657,0,0,81.2827395071039,111.226326353722,0,0,0,0,139.792601838991,0,240.185081663983,0,0,0,0,128.530575464043,0
114.649126378906,82.1742780037132,0,0,106.128596538706,112.823430872325,0,0,157.852515740516,99.2646516363145,0,89.9429017381717,0,139.654362654449,74.4197823064597,76.5072790361762,0,209.996727521564,0,218.045528847001,71.4788760670054,0,303.527509149359,89.3673883748406,0,0,201.100640800745,119.728129215699,146.465927798921,0,0,115.114253591495,0,113.144980278377,125.994729980093,137.177378802006,276.620869034647,0,128.530575464043,0,172.892533368851
0,0,284.529238481835,0,0,0,0,164.032723165762,259.055025639447,196.04190773555,155.901486485736,163.059043292369,0,0,140.574866691684,0,85.6072705949986,0,0,0,94.7529894315991,0,196.032358954952,180.543851962045,0,261.440278806413,108.381749703452,112.793316814908,0,0,71.5579325720569,133.218162784108,0,115.541295036174,155.24952173131,106.533627130087,306.640284138334,0,0,172.892533368851,0
