0,0,0,0,0,0,0,0,0,0,0,0,0,0,0,0,0,0,0,84.3635741045246,0,0,0,0,0,0,98.6790043377568,0,178.748963182352,0,0,0,0,101.895308036513,0,0,94.7529894315991,104.369974912428,0,0,0
0,0,0,200.878319874537,0,205.09013266389,0,0,0,0,0,0,0,0,0,0,0,180.90030328818,0,0,0,0,0,0,0,0,0,97.3232815600345,177.763106506206,0,0,0,0,269.936825670274,0,0,0,0,0,289.631679007608,0
0,0,0,0,0,0,0,0,0,0,0,158.567996645797,0,0,0,0,0,0,0,0,0,134.566479261133,0,0,94.126460729827,116.054372245433,0,0,0,0,0,0,0,0,0,0,0,101.85207633558,0,0,0
0,200.878319874537,0,0,0,0,0,0,0,94.7280504127031,0,81.2827395071039,0,0,0,0,0,133.218162784108,0,0,193.055010680236,0,0,115.194491798135,0,0,0,0,0,0,0,161.325017232684,0,238.934743274142,115.871357769661,173.001559092555,231.715271819474,227.504408813069,0,98.417953423071,0
0,0,0,0,0,0,0,0,0,193.659409924573,101.605593487621,0,101.443495235174,154.065933476765,0,0,0,0,219.040656038919,0,0,0,0,0,118.522099274347,124.853650664477,89.9429017381717,93.4234866874731,0,0,0,0,58.3493451392805,225.013371621378,164.032723165762,0,306.640284138334,0,0,0,133.984214699576
0,205.09013266389,0,0,0,0,94.027247878695,226.825099357786,155.901486485736,0,0,115.541295036174,0,0,0,284.529238481835,0,0,78.8552325762656,0,0,0,115.868441404982,165.597665022977,0,0,0,0,0,0,0,0,0,101.350815329073,0,104.915316975638,162.833808134102,0,137.189596148386,205.839960264176,0
0,0,0,0,0,94.027247878695,0,0,0,87.8456058929559,168.241326865882,192.693757128262,0,106.533627130087,0,0,0,0,146.99041817625,242.790381480436,0,0,0,0,0,0,335.371040201042,160.530221557972,0,0,0,0,0,0,184.249961885477,201.44584889478,0,321.124897279917,0,137.177378802006,0
0,0,0,0,0,226.825099357786,0,0,0,0,283.248188884028,263.534399241887,0,0,198.528111506785,0,0,0,0,178.224497384947,109.093416850988,0,321.864157986053,135.294330067913,0,179.718364159796,0,0,0,142.385058730083,0,0,0,249.905610015455,309.997227542691,195.378266313867,151.075371308616,97.5855511246009,0,0,151.806152521152
0,0,0,0,0,155.901486485736,0,0,0,0,161.694997919804,0,146.465927798921,0,99.2646516363145,202.712457066107,0,0,0,0,0,172.892533368851,0,0,283.88658203332,0,348.674510760064,146.814226519809,0,0,0,0,0,0,141.204637091722,0,219.078548227669,0,0,0,0
0,0,0,94.7280504127031,193.659409924573,0,87.8456058929559,0,0,0,0,111.226326353722,0,261.605527103798,188.851177466023,116.176698124939,0,0,0,0,134.960780198024,0,160.537522273714,201.100640800745,0,0,0,151.695570509541,0,74.7304794244225,0,0,0,89.1590885155172,70.4221432298295,157.852515740516,180.355266595273,0,314.611698427915,0,135.667029391615
0,0,0,0,101.605593487621,0,168.241326865882,283.248188884028,161.694997919804,0,0,0,0,0,0,0,0,196.04190773555,0,113.144980278377,0,0,0,0,276.620869034647,154.070293657878,0,192.601533877686,0,0,112.793316814908,0,0,197.486504603685,106.926813611922,161.302948562323,173.059382066957,66.5008477853491,241.635434294794,0,0
0,0,158.567996645797,81.2827395071039,0,115.541295036174,192.693757128262,263.534399241887,0,111.226326353722,0,0,0,93.5029580098427,357.423078228283,0,153.453047983244,0,0,0,0,0,151.036729364761,259.055025639447,0,222.053792850439,78.9559315574845,0,161.275817184598,0,204.084074037941,154.784755881607,0,224.523755099568,125.81518738273,0,125.416941482916,171.230058197369,0,0,113.059176128709
0,0,0,0,101.443495235174,0,0,0,146.465927798921,0,0,0,0,0,0,0,187.77054666536,0,0,0,0,353.822894641502,0,137.239127032733,0,0,0,0,0,0,0,0,0,0,0,0,98.2230592632363,0,0,0,0
0,0,0,0,154.065933476765,0,106.533627130087,0,0,261.605527103798,0,93.5029580098427,0,0,0,0,0,0,0,0,0,0,0,236.681907140956,0,0,249.798812580765,181.316358113209,153.609372090384,209.996727521564,0,0,0,138.425725342224,95.7590805983148,0,125.994729980093,90.7216186966914,0,208.005106191961,0
0,0,0,0,0,0,0,198.528111506785,99.2646516363145,188.851177466023,0,357.423078228283,0,0,0,0,0,0,173.538155409849,0,0,0,0,82.1742780037132,0,110.384905066973,0,0,94.9380989123498,0,0,0,0,300.031143529538,89.707245288964,0,92.3502314520023,193.63278243493,0,0,0
0,0,0,0,0,284.529238481835,0,0,202.712457066107,116.176698124939,0,0,0,0,0,0,241.682021696872,73.4795582048751,0,0,0,0,0,0,0,0,0,145.74089716123,0,0,0,0,0,196.032358954952,0,0,0,159.183173818572,163.945208919892,153.876396855887,122.106946855269
0,0,0,0,0,0,0,0,0,0,0,153.453047983244,187.77054666536,0,0,241.682021696872,0,0,261.440278806413,0,0,0,0,96.5937438588657,206.472608421747,0,0,131.969743415579,0,0,0,106.33736463831,0,0,0,0,138.33942793804,0,92.5568465385234,0,0
0,180.90030328818,0,133.218162784108,0,0,0,0,0,0,196.04190773555,0,0,0,0,73.4795582048751,0,0,0,0,0,0,0,0,0,136.685314494491,0,0,205.183249704085,0,0,0,0,74.4197823064597,72.2278283150671,0,120.912756812582,0,0,0,0
0,0,0,0,219.040656038919,78.8552325762656,146.99041817625,0,0,0,0,0,0,0,173.538155409849,0,261.440278806413,0,0,0,0,0,0,0,0,0,169.453147353278,128.530575464043,80.8080171296381,0,0,0,0,0,0,0,151.01089327964,223.705816669619,0,213.67670887414,94.8881692391942
84.3635741045246,0,0,0,0,0,242.790381480436,178.224497384947,0,0,113.144980278377,0,0,0,0,0,0,0,0,0,323.781250289068,0,0,62.859596780235,0,82.6426202489162,97.3506957544063,218.045528847001,186.973586461633,0,0,191.519780382943,0,0,255.441154257905,0,228.792310020318,195.314816908693,333.645516435298,115.114253591495,128.405764333981
0,0,0,193.055010680236,0,0,0,109.093416850988,0,134.960780198024,0,0,0,0,0,0,0,0,0,323.781250289068,0,0,0,0,103.519938150021,0,262.382215657622,280.376028997576,259.442917595754,0,0,188.936291522747,0,92.5207898118833,0,0,139.93285932648,0,0,155.24952173131,146.770754374523
0,0,134.566479261133,0,0,0,0,0,172.892533368851,0,0,0,353.822894641502,0,0,0,0,0,0,0,0,0,0,0,0,0,71.5579325720569,0,75.4497121078207,0,0,0,0,0,0,119.345624434514,0,0,101.5853655613,250.461724766314,0
0,0,0,0,0,115.868441404982,0,321.864157986053,0,160.537522273714,0,151.036729364761,0,0,0,0,0,0,0,0,0,0,0,0,108.381749703452,253.401634605989,108.136066660554,220.901129804706,0,0,0,190.185165668632,0,232.945974238958,220.963068032256,0,192.135034768848,0,194.442125915551,215.611029055736,217.157696745803
0,0,0,115.194491798135,0,165.597665022977,0,135.294330067913,0,201.100640800745,0,259.055025639447,137.239127032733,236.681907140956,82.1742780037132,0,96.5937438588657,0,0,62.859596780235,0,0,0,0,0,139.654362654449,0,0,0,73.1029054543569,0,89.3673883748406,0,165.893015276821,67.8267069095267,174.013630695256,0,0,345.797434674459,61.0664810463559,211.840482897052
0,0,94.126460729827,0,118.522099274347,0,0,0,283.88658203332,0,276.620869034647,0,0,0,0,0,206.472608421747,0,0,0,103.519938150021,0,108.381749703452,0,0,0,0,80.4367166559625,0,0,0,0,0,0,0,0,172.608400267715,0,0,114.511014214502,0
0,0,116.054372245433,0,124.853650664477,0,0,179.718364159796,0,0,154.070293657878,222.053792850439,0,0,110.384905066973,0,0,136.685314494491,0,82.6426202489162,0,0,253.401634605989,139.654362654449,0,0,219.430938885781,169.742003380707,0,153.672550905948,0,0,171.906398392157,325.937289045041,0,197.893790332676,62.311273509377,85.6072705949986,0,100.812745974529,303.527509149359
98.6790043377568,0,0,0,89.9429017381717,0,335.371040201042,0,348.674510760064,0,0,78.9559315574845,0,249.798812580765,0,0,0,0,169.453147353278,97.3506957544063,262.382215657622,71.5579325720569,108.136066660554,0,0,219.430938885781,0,247.66948903751,158.955087279859,163.059043292369,0,0,0,306.344527664232,167.066576495979,143.005810983322,320.356811100276,0,0,0,124.698445421759
0,97.3232815600345,0,0,93.4234866874731,0,160.530221557972,0,146.814226519809,151.695570509541,192.601533877686,0,0,181.316358113209,0,145.74089716123,131.969743415579,0,128.530575464043,218.045528847001,280.376028997576,0,220.901129804706,0,80.4367166559625,169.742003380707,247.66948903751,0,136.792307586862,0,76.5072790361762,173.201474590904,0,228.075434767255,142.054529471577,81.9664354533492,106.128596538706,114.649126378906,193.777661225572,212.592150359921,112.823430872325
178.748963182352,177.763106506206,0,0,0,0,0,0,0,0,0,161.275817184598,0,153.609372090384,94.9380989123498,0,0,205.183249704085,80.8080171296381,186.973586461633,259.442917595754,75.4497121078207,0,0,0,0,158.955087279859,136.792307586862,0,252.487290983309,0,120.567029282014,0,99.3508940827211,221.805809452716,204.481117647118,329.719143597451,195.822649557859,0,90.1317194604647,199.492852797962
0,0,0,0,0,0,0,142.385058730083,0,74.7304794244225,0,0,0,209.996727521564,0,0,0,0,0,0,0,0,0,73.1029054543569,0,153.672550905948,163.059043292369,0,252.487290983309,0,0,0,0,74.5815074003433,115.332064605654,0,338.131802716296,128.846764897717,0,0,0
0,0,0,0,0,0,0,0,0,0,112.793316814908,204.084074037941,0,0,0,0,0,0,0,0,0,0,0,0,0,0,0,76.5072790361762,0,0,0,0,0,0,0,186.348837226466,82.6299537488922,0,0,0,140.574866691684
0,0,0,161.325017232684,0,0,0,0,0,0,0,154.784755881607,0,0,0,0,106.33736463831,0,0,191.519780382943,188.936291522747,0,190.185165668632,89.3673883748406,0,0,0,173.201474590904,120.567029282014,0,0,0,0,0,224.551207449728,0,0,0,0,82.4756938751058,0
0,0,0,0,58.3493451392805,0,0,0,0,0,0,0,0,0,0,0,0,0,0,0,0,0,0,0,0,171.906398392157,0,0,0,0,0,0,0,0,0,251.098274723989,96.7845769653343,0,0,117.208001126138,0
101.895308036513,269.936825670274,0,238.934743274142,225.013371621378,101.350815329073,0,249.905610015455,0,89.1590885155172,197.486504603685,224.523755099568,0,138.425725342224,300.031143529538,196.032358954952,0,74.4197823064597,0,0,92.5207898118833,0,232.945974238958,165.893015276821,0,325.937289045041,306.344527664232,228.075434767255,99.3508940827211,74.5815074003433,0,0,0,0,112.349934713559,241.57250333243,148.808626413748,0,0,183.786860782462,85.7623170715703
0,0,0,115.871357769661,164.032723165762,0,184.249961885477,309.997227542691,141.204637091722,70.4221432298295,106.926813611922,125.81518738273,0,95.7590805983148,89.707245288964,0,0,72.2278283150671,0,255.441154257905,0,0,220.963068032256,67.8267069095267,0,0,167.066576495979,142.054529471577,221.805809452716,115.332064605654,0,224.551207449728,0,112.349934713559,0,71.4788760670054,180.543851962045,347.376449530863,178.683678585178,206.912707094411,0
0,0,0,173.001559092555,0,104.915316975638,201.44584889478,195.378266313867,0,157.852515740516,161.302948562323,0,0,0,0,0,0,0,0,0,0,119.345624434514,0,174.013630695256,0,197.893790332676,143.005810983322,81.9664354533492,204.481117647118,0,186.348837226466,0,251.098274723989,241.57250333243,71.4788760670054,0,0,0,231.050882209,139.792601838991,119.728129215699
94.7529894315991,0,0,231.715271819474,306.640284138334,162.833808134102,0,151.075371308616,219.078548227669,180.355266595273,173.059382066957,125.416941482916,98.2230592632363,125.994729980093,92.3502314520023,0,138.33942793804,120.912756812582,151.01089327964,228.792310020318,139.93285932648,0,192.135034768848,0,172.608400267715,62.311273509377,320.356811100276,106.128596538706,329.719143597451,338.131802716296,82.6299537488922,0,96.7845769653343,148.808626413748,180.543851962045,0,0,0,0,240.185081663983,198.964527389285
104.369974912428,0,101.85207633558,227.504408813069,0,0,321.124897279917,97.5855511246009,0,0,66.5008477853491,171.230058197369,0,90.7216186966914,193.63278243493,159.183173818572,0,0,223.705816669619,195.314816908693,0,0,0,0,0,85.6072705949986,0,114.649126378906,195.822649557859,128.846764897717,0,0,0,0,347.376449530863,0,0,0,214.116367924649,175.196329314064,111.435629183184
0,0,0,0,0,137.189596148386,0,0,0,314.611698427915,241.635434294794,0,0,0,0,163.945208919892,92.5568465385234,0,0,333.645516435298,0,101.5853655613,194.442125915551,345.797434674459,0,0,0,193.777661225572,0,0,0,0,0,0,178.683678585178,231.050882209,0,214.116367924649,0,154.142998692322,161.74915061469
0,289.631679007608,0,98.417953423071,0,205.839960264176,137.177378802006,0,0,0,0,0,0,208.005106191961,0,153.876396855887,0,0,213.67670887414,115.114253591495,155.24952173131,250.461724766314,215.611029055736,61.0664810463559,114.511014214502,100.812745974529,0,212.592150359921,90.1317194604647,0,0,82.4756938751058,117.208001126138,183.786860782462,206.912707094411,139.792601838991,240.185081663983,175.196329314064,154.142998692322,0,150.161410108805
0,0,0,0,133.984214699576,0,0,151.806152521152,0,135.667029391615,0,113.059176128709,0,0,0,122.106946855269,0,0,94.8881692391942,128.405764333981,146.770754374523,0,217.157696745803,211.840482897052,0,303.527509149359,124.698445421759,112.823430872325,199.492852797962,0,140.574866691684,0,0,85.7623170715703,0,119.728129215699,198.964527389285,111.435629183184,161.74915061469,150.161410108805,0
