0,0,0,0,0,0,0,0,0,0,0,0,0,0,0,0,73.1029054543569,0,0,0,0,0,93.4234866874731,0,0,0,0,0,0,0,101.605593487621,0,134.566479261133,90.1317194604647,153.672550905948,0,0,0,0,0,0
0,0,0,0,0,0,0,0,0,255.441154257905,0,0,0,0,0,0,114.511014214502,269.936825670274,0,0,0,0,0,0,0,0,0,192.601533877686,0,0,0,0,0,241.682021696872,98.2230592632363,0,208.005106191961,0,0,0,0
0,0,0,0,0,0,0,0,0,0,0,0,0,0,0,0,0,0,0,128.530575464043,0,0,0,0,0,0,0,153.609372090384,0,0,0,0,0,0,0,0,0,161.694997919804,195.822649557859,0,224.523755099568
0,0,0,0,109.093416850988,0,0,173.001559092555,0,240.185081663983,0,85.6072705949986,320.356811100276,193.777661225572,0,0,0,0,0,0,0,0,0,159.183173818572,0,74.7304794244225,0,0,0,0,220.901129804706,314.611698427915,0,0,153.453047983244,0,174.013630695256,0,0,227.504408813069,0
0,0,0,109.093416850988,0,0,179.718364159796,323.781250289068,0,0,0,190.185165668632,0,0,136.685314494491,0,0,206.912707094411,0,196.04190773555,0,259.442917595754,0,180.543851962045,0,94.027247878695,0,89.707245288964,0,0,0,0,0,0,0,0,153.876396855887,0,309.997227542691,128.405764333981,0
0,0,0,0,0,0,0,232.945974238958,0,205.183249704085,0,99.3508940827211,0,0,0,0,0,0,108.381749703452,0,0,0,0,241.635434294794,0,0,0,0,146.465927798921,0,0,183.786860782462,180.355266595273,0,202.712457066107,0,164.032723165762,66.5008477853491,106.926813611922,155.24952173131,215.611029055736
0,0,0,0,179.718364159796,0,0,0,0,0,82.6426202489162,0,0,0,0,0,0,0,96.7845769653343,0,219.040656038919,0,0,0,0,0,95.7590805983148,197.893790332676,306.344527664232,0,0,0,0,191.519780382943,0,262.382215657622,0,113.144980278377,222.053792850439,96.5937438588657,139.654362654449
0,0,0,173.001559092555,323.781250289068,232.945974238958,0,0,0,186.348837226466,160.530221557972,0,62.859596780235,261.605527103798,228.792310020318,0,0,0,0,0,0,0,192.693757128262,0,0,131.969743415579,0,0,321.124897279917,94.9380989123498,0,0,0,321.864157986053,146.99041817625,0,0,0,0,94.8881692391942,111.435629183184
0,0,0,0,0,0,0,0,0,171.906398392157,158.567996645797,115.871357769661,0,138.425725342224,0,0,0,0,0,0,115.194491798135,0,0,0,0,61.0664810463559,0,154.142998692322,118.522099274347,0,0,0,0,78.8552325762656,0,0,82.4756938751058,276.620869034647,0,0,0
0,255.441154257905,0,240.185081663983,0,205.183249704085,0,186.348837226466,171.906398392157,0,0,81.2827395071039,0,92.3502314520023,0,134.960780198024,0,0,0,0,0,0,348.674510760064,90.7216186966914,0,163.059043292369,0,151.075371308616,125.994729980093,0,0,0,0,186.973586461633,161.275817184598,0,87.8456058929559,188.936291522747,0,225.013371621378,0
0,0,0,0,0,0,82.6426202489162,160.530221557972,158.567996645797,0,0,0,0,187.77054666536,0,0,0,0,0,195.314816908693,124.853650664477,92.5207898118833,0,165.893015276821,0,128.846764897717,238.934743274142,117.208001126138,0,71.4788760670054,0,0,0,0,0,110.384905066973,84.3635741045246,82.6299537488922,0,74.4197823064597,0
0,0,0,85.6072705949986,190.185165668632,99.3508940827211,0,0,115.871357769661,81.2827395071039,0,0,0,199.492852797962,0,0,0,0,0,133.984214699576,219.430938885781,154.065933476765,0,0,0,200.878319874537,173.201474590904,160.537522273714,119.345624434514,114.649126378906,0,0,0,241.57250333243,253.401634605989,135.667029391615,151.695570509541,338.131802716296,154.784755881607,0,101.895308036513
0,0,0,320.356811100276,0,0,0,62.859596780235,0,0,0,0,0,0,0,0,0,0,0,0,0,0,192.135034768848,0,0,0,0,0,101.350815329073,0,0,0,0,0,0,0,116.176698124939,62.311273509377,0,0,0
0,0,0,193.777661225572,0,0,0,261.605527103798,138.425725342224,92.3502314520023,187.77054666536,199.492852797962,0,0,0,0,0,0,0,111.226326353722,0,0,0,0,0,0,80.8080171296381,161.302948562323,325.937289045041,0,204.481117647118,0,0,242.790381480436,0,0,142.054529471577,0,0,0,169.453147353278
0,0,0,0,136.685314494491,0,0,228.792310020318,0,0,0,0,0,0,0,0,0,0,0,0,249.905610015455,0,89.1590885155172,70.4221432298295,284.529238481835,0,283.88658203332,173.059382066957,0,0,0,0,0,76.5072790361762,198.528111506785,0,125.81518738273,0,0,145.74089716123,0
0,0,0,0,0,0,0,0,0,134.960780198024,0,0,0,0,0,0,94.126460729827,0,0,0,0,0,0,97.3232815600345,0,283.248188884028,0,205.09013266389,0,345.797434674459,0,193.63278243493,0,0,0,0,220.963068032256,249.798812580765,0,154.070293657878,115.332064605654
73.1029054543569,114.511014214502,0,0,0,0,0,0,0,0,0,0,0,0,0,94.126460729827,0,0,0,0,213.67670887414,0,171.230058197369,0,0,0,0,0,0,0,0,205.839960264176,0,162.833808134102,198.964527389285,224.551207449728,0,0,0,353.822894641502,0
0,269.936825670274,0,0,206.912707094411,0,0,0,0,0,0,0,0,0,0,0,0,0,0,197.486504603685,0,0,0,168.241326865882,0,0,0,0,0,0,0,0,0,0,184.249961885477,108.136066660554,106.33736463831,0,146.770754374523,211.840482897052,0
0,0,0,0,0,108.381749703452,96.7845769653343,0,0,0,0,0,0,0,0,0,0,0,0,0,0,0,151.806152521152,347.376449530863,0,136.792307586862,104.369974912428,206.472608421747,0,0,0,0,0,178.748963182352,217.157696745803,0,250.461724766314,0,0,163.945208919892,231.050882209
0,0,128.530575464043,0,196.04190773555,0,0,0,0,0,195.314816908693,133.984214699576,0,111.226326353722,0,0,0,197.486504603685,0,0,0,0,0,0,0,0,100.812745974529,120.567029282014,0,223.705816669619,158.955087279859,0,0,133.218162784108,0,148.808626413748,104.915316975638,236.681907140956,98.417953423071,119.728129215699,252.487290983309
0,0,0,0,0,0,219.040656038919,0,115.194491798135,0,124.853650664477,219.430938885781,0,0,249.905610015455,0,213.67670887414,0,0,0,0,0,0,0,115.541295036174,139.93285932648,0,0,0,0,0,0,0,140.574866691684,0,112.793316814908,212.592150359921,188.851177466023,0,80.4367166559625,0
0,0,0,0,259.442917595754,0,0,0,0,0,92.5207898118833,154.065933476765,0,0,0,0,0,0,0,0,0,0,0,0,124.698445421759,0,0,0,0,0,0,0,0,263.534399241887,0,0,116.054372245433,67.8267069095267,231.715271819474,0,0
93.4234866874731,0,0,0,0,0,0,192.693757128262,0,348.674510760064,0,0,192.135034768848,0,89.1590885155172,0,171.230058197369,0,151.806152521152,0,0,0,0,74.5815074003433,0,0,99.2646516363145,195.378266313867,303.527509149359,106.128596538706,0,0,0,0,193.659409924573,0,204.084074037941,0,0,329.719143597451,0
0,0,0,159.183173818572,180.543851962045,241.635434294794,0,0,0,90.7216186966914,165.893015276821,0,0,0,70.4221432298295,97.3232815600345,0,168.241326865882,347.376449530863,0,0,0,74.5815074003433,0,0,0,137.189596148386,289.631679007608,259.055025639447,0,0,228.075434767255,0,92.5568465385234,0,125.416941482916,0,78.9559315574845,172.608400267715,0,138.33942793804
0,0,0,0,0,0,0,0,0,0,0,0,0,0,284.529238481835,0,0,0,0,0,115.541295036174,124.698445421759,0,0,0,0,0,194.442125915551,113.059176128709,0,0,0,0,93.5029580098427,175.196329314064,161.74915061469,94.7280504127031,0,0,0,280.376028997576
0,0,0,74.7304794244225,94.027247878695,0,0,131.969743415579,61.0664810463559,163.059043292369,128.846764897717,200.878319874537,0,0,0,283.248188884028,0,0,136.792307586862,0,139.93285932648,0,0,0,0,0,251.098274723989,82.1742780037132,155.901486485736,0,0,0,0,139.792601838991,219.078548227669,333.645516435298,115.868441404982,58.3493451392805,0,178.683678585178,196.032358954952
0,0,0,0,0,0,95.7590805983148,0,0,0,238.934743274142,173.201474590904,0,80.8080171296381,283.88658203332,0,0,0,104.369974912428,100.812745974529,0,0,99.2646516363145,137.189596148386,0,251.098274723989,0,101.443495235174,151.036729364761,0,112.823430872325,0,0,172.892533368851,137.239127032733,181.316358113209,115.114253591495,0,178.224497384947,81.9664354533492,103.519938150021
0,192.601533877686,153.609372090384,0,89.707245288964,0,197.893790332676,0,154.142998692322,151.075371308616,117.208001126138,160.537522273714,0,161.302948562323,173.059382066957,205.09013266389,0,0,206.472608421747,120.567029282014,0,0,195.378266313867,289.631679007608,194.442125915551,82.1742780037132,101.443495235174,0,120.912756812582,0,0,306.640284138334,173.538155409849,94.7529894315991,357.423078228283,300.031143529538,71.5579325720569,0,0,167.066576495979,101.5853655613
0,0,0,0,0,146.465927798921,306.344527664232,321.124897279917,118.522099274347,125.994729980093,0,119.345624434514,101.350815329073,325.937289045041,0,0,0,0,0,0,0,0,303.527509149359,259.055025639447,113.059176128709,155.901486485736,151.036729364761,120.912756812582,0,193.055010680236,0,0,214.116367924649,165.597665022977,0,135.294330067913,141.204637091722,0,0,146.814226519809,151.01089327964
0,0,0,0,0,0,0,94.9380989123498,0,0,71.4788760670054,114.649126378906,0,0,0,345.797434674459,0,0,0,223.705816669619,0,0,106.128596538706,0,0,0,0,0,193.055010680236,0,0,0,0,0,261.440278806413,97.3506957544063,201.44584889478,0,0,180.90030328818,0
101.605593487621,0,0,220.901129804706,0,0,0,0,0,0,0,0,0,204.481117647118,0,0,0,0,0,158.955087279859,0,0,0,0,0,0,112.823430872325,0,0,0,0,0,0,0,0,73.4795582048751,0,0,0,0,0
0,0,0,314.611698427915,0,183.786860782462,0,0,0,0,0,0,0,0,0,193.63278243493,205.839960264176,0,0,0,0,0,0,228.075434767255,0,0,0,306.640284138334,0,0,0,0,0,98.6790043377568,161.325017232684,0,0,89.3673883748406,0,247.66948903751,150.161410108805
134.566479261133,0,0,0,0,180.355266595273,0,0,0,0,0,0,0,0,0,0,0,0,0,0,0,0,0,0,0,0,0,173.538155409849,214.116367924649,0,0,0,0,0,97.5855511246009,0,0,0,0,0,0
90.1317194604647,241.682021696872,0,0,0,0,191.519780382943,321.864157986053,78.8552325762656,186.973586461633,0,241.57250333243,0,242.790381480436,76.5072790361762,0,162.833808134102,0,178.748963182352,133.218162784108,140.574866691684,263.534399241887,0,92.5568465385234,93.5029580098427,139.792601838991,172.892533368851,94.7529894315991,165.597665022977,0,0,98.6790043377568,0,0,0,101.85207633558,85.7623170715703,75.4497121078207,0,221.805809452716,137.177378802006
153.672550905948,98.2230592632363,0,153.453047983244,0,202.712457066107,0,146.99041817625,0,161.275817184598,0,253.401634605989,0,0,198.528111506785,0,198.964527389285,184.249961885477,217.157696745803,0,0,0,193.659409924573,0,175.196329314064,219.078548227669,137.239127032733,357.423078228283,0,261.440278806413,0,161.325017232684,97.5855511246009,0,0,122.106946855269,169.742003380707,335.371040201042,89.9429017381717,218.045528847001,142.385058730083
0,0,0,0,0,0,262.382215657622,0,0,0,110.384905066973,135.667029391615,0,0,0,0,224.551207449728,108.136066660554,0,148.808626413748,112.793316814908,0,0,125.416941482916,161.74915061469,333.645516435298,181.316358113209,300.031143529538,135.294330067913,97.3506957544063,73.4795582048751,0,0,101.85207633558,122.106946855269,0,0,0,177.763106506206,143.005810983322,0
0,208.005106191961,0,174.013630695256,153.876396855887,164.032723165762,0,0,82.4756938751058,87.8456058929559,84.3635741045246,151.695570509541,116.176698124939,142.054529471577,125.81518738273,220.963068032256,0,106.33736463831,250.461724766314,104.915316975638,212.592150359921,116.054372245433,204.084074037941,0,94.7280504127031,115.868441404982,115.114253591495,71.5579325720569,141.204637091722,201.44584889478,0,0,0,85.7623170715703,169.742003380707,0,0,106.533627130087,112.349934713559,209.996727521564,226.825099357786
0,0,161.694997919804,0,0,66.5008477853491,113.144980278377,0,276.620869034647,188.936291522747,82.6299537488922,338.131802716296,62.311273509377,0,0,249.798812580765,0,0,0,236.681907140956,188.851177466023,67.8267069095267,0,78.9559315574845,0,58.3493451392805,0,0,0,0,0,89.3673883748406,0,75.4497121078207,335.371040201042,0,106.533627130087,0,157.852515740516,0,201.100640800745
0,0,195.822649557859,0,309.997227542691,106.926813611922,222.053792850439,0,0,0,0,154.784755881607,0,0,0,0,0,146.770754374523,0,98.417953423071,0,231.715271819474,0,172.608400267715,0,0,178.224497384947,0,0,0,0,0,0,0,89.9429017381717,177.763106506206,112.349934713559,157.852515740516,0,0,72.2278283150671
0,0,0,227.504408813069,128.405764333981,155.24952173131,96.5937438588657,94.8881692391942,0,225.013371621378,74.4197823064597,0,0,0,145.74089716123,154.070293657878,353.822894641502,211.840482897052,163.945208919892,119.728129215699,80.4367166559625,0,329.719143597451,0,0,178.683678585178,81.9664354533492,167.066576495979,146.814226519809,180.90030328818,0,247.66948903751,0,221.805809452716,218.045528847001,143.005810983322,209.996727521564,0,0,0,0
0,0,224.523755099568,0,0,215.611029055736,139.654362654449,111.435629183184,0,0,0,101.895308036513,0,169.453147353278,0,115.332064605654,0,0,231.050882209,252.487290983309,0,0,0,138.33942793804,280.376028997576,196.032358954952,103.519938150021,101.5853655613,151.01089327964,0,0,150.161410108805,0,137.177378802006,142.385058730083,0,226.825099357786,201.100640800745,72.2278283150671,0,0
