0,0,0,134.960780198024,131.969743415579,75.4497121078207,0,106.926813611922,0,0,0,0,0,0,0,0,0,0,0,0,0,0,0,0,0,0,151.695570509541,0,0,0,0,0,0,0,0,0,0,0,0,0,154.065933476765
0,0,0,0,181.316358113209,0,0,128.846764897717,0,0,0,178.748963182352,0,0,0,0,0,0,0,0,0,0,0,0,0,0,0,0,240.185081663983,0,0,188.851177466023,0,0,0,200.878319874537,0,0,0,0,89.707245288964
0,0,0,0,0,0,0,0,0,0,0,0,0,0,0,0,0,0,0,0,283.248188884028,0,0,205.839960264176,0,186.348837226466,0,0,0,0,0,0,0,0,0,284.529238481835,232.945974238958,0,0,0,0
134.960780198024,0,0,0,115.194491798135,71.4788760670054,241.57250333243,0,151.01089327964,0,0,306.344527664232,0,0,220.901129804706,0,0,0,0,119.345624434514,0,0,0,117.208001126138,0,0,0,0,168.241326865882,0,0,0,0,96.7845769653343,157.852515740516,0,0,0,249.905610015455,0,0
131.969743415579,181.316358113209,0,115.194491798135,0,0,0,303.527509149359,0,0,0,0,0,204.084074037941,0,0,0,0,0,0,74.7304794244225,0,219.078548227669,0,0,173.059382066957,0,173.201474590904,94.7280504127031,0,0,0,0,111.435629183184,0,0,0,218.045528847001,173.001559092555,146.465927798921,0
75.4497121078207,0,0,71.4788760670054,0,0,0,0,0,0,0,119.728129215699,162.833808134102,0,0,0,0,76.5072790361762,67.8267069095267,0,0,300.031143529538,0,0,0,348.674510760064,0,0,0,0,0,103.519938150021,0,276.620869034647,171.906398392157,231.715271819474,0,0,0,153.876396855887,250.461724766314
0,0,0,241.57250333243,0,0,0,345.797434674459,0,0,0,0,0,225.013371621378,259.442917595754,0,161.275817184598,0,0,0,0,0,0,0,0,0,110.384905066973,0,62.311273509377,155.901486485736,0,133.984214699576,0,115.541295036174,179.718364159796,0,138.425725342224,134.566479261133,0,0,0
106.926813611922,128.846764897717,0,0,303.527509149359,0,345.797434674459,0,0,0,163.945208919892,0,0,251.098274723989,0,0,0,0,0,0,0,0,98.417953423071,0,0,186.973586461633,214.116367924649,71.5579325720569,85.7623170715703,0,98.2230592632363,0,0,90.7216186966914,0,0,280.376028997576,0,115.114253591495,161.74915061469,0
0,0,0,151.01089327964,0,0,0,0,0,172.892533368851,0,128.530575464043,0,148.808626413748,113.144980278377,0,0,0,0,0,0,0,0,0,0,0,0,0,0,108.136066660554,0,0,0,138.33942793804,202.712457066107,0,241.635434294794,194.442125915551,0,0,175.196329314064
0,0,0,0,0,0,0,0,172.892533368851,0,0,74.4197823064597,109.093416850988,0,0,160.537522273714,0,0,146.814226519809,0,0,0,0,0,174.013630695256,122.106946855269,180.90030328818,219.040656038919,72.2278283150671,120.912756812582,87.8456058929559,0,0,125.81518738273,0,82.1742780037132,92.5568465385234,100.812745974529,133.218162784108,283.88658203332,0
0,0,0,0,0,0,0,163.945208919892,0,0,0,99.3508940827211,0,0,0,0,0,128.405764333981,314.611698427915,0,0,0,0,120.567029282014,0,136.685314494491,192.135034768848,206.472608421747,165.597665022977,0,161.302948562323,0,0,114.511014214502,125.994729980093,115.871357769661,198.964527389285,0,0,223.705816669619,201.44584889478
0,178.748963182352,0,306.344527664232,0,119.728129215699,0,0,128.530575464043,74.4197823064597,99.3508940827211,0,115.868441404982,0,0,0,0,0,0,242.790381480436,0,81.2827395071039,73.1029054543569,205.09013266389,169.453147353278,0,161.325017232684,146.770754374523,0,0,0,0,0,141.204637091722,140.574866691684,160.530221557972,74.5815074003433,196.032358954952,0,180.543851962045,347.376449530863
0,0,0,0,0,162.833808134102,0,0,0,109.093416850988,0,115.868441404982,0,0,0,0,0,0,0,92.3502314520023,0,0,0,0,0,0,0,219.430938885781,0,0,0,0,0,164.032723165762,0,0,0,0,0,0,0
0,0,0,0,204.084074037941,0,225.013371621378,251.098274723989,148.808626413748,0,0,0,0,0,0,94.7529894315991,0,0,0,0,0,146.99041817625,0,97.5855511246009,0,193.777661225572,0,153.672550905948,193.055010680236,0,0,0,0,80.8080171296381,208.005106191961,0,259.055025639447,0,0,353.822894641502,0
0,0,0,220.901129804706,0,0,259.442917595754,0,113.144980278377,0,0,0,0,0,0,0,0,201.100640800745,0,0,0,0,0,0,0,215.611029055736,58.3493451392805,111.226326353722,0,0,0,0,142.054529471577,0,0,161.694997919804,0,269.936825670274,0,178.224497384947,169.742003380707
0,0,0,0,0,0,0,0,0,160.537522273714,0,0,0,94.7529894315991,0,0,0,0,0,0,262.382215657622,0,197.486504603685,0,0,0,0,0,115.332064605654,0,0,101.443495235174,0,0,108.381749703452,0,191.519780382943,143.005810983322,0,153.609372090384,205.183249704085
0,0,0,0,0,0,161.275817184598,0,0,0,0,0,0,0,0,0,0,0,0,0,0,0,154.142998692322,0,154.784755881607,227.504408813069,0,101.895308036513,0,0,0,0,0,183.786860782462,124.853650664477,0,150.161410108805,0,195.822649557859,0,113.059176128709
0,0,0,0,0,76.5072790361762,0,0,0,0,128.405764333981,0,0,0,201.100640800745,0,0,0,0,0,0,0,0,0,0,261.605527103798,0,137.177378802006,0,0,82.4756938751058,0,0,0,145.74089716123,0,93.4234866874731,0,0,0,333.645516435298
0,0,0,0,0,67.8267069095267,0,0,0,146.814226519809,314.611698427915,0,0,0,0,0,0,0,0,0,195.314816908693,0,0,154.070293657878,0,0,0,253.401634605989,226.825099357786,0,0,118.522099274347,0,0,231.050882209,0,112.823430872325,196.04190773555,0,306.640284138334,0
0,0,0,119.345624434514,0,0,0,0,0,0,0,242.790381480436,92.3502314520023,0,0,0,0,0,0,0,188.936291522747,0,320.356811100276,0,80.4367166559625,180.355266595273,142.385058730083,101.85207633558,167.066576495979,0,0,89.9429017381717,0,151.036729364761,93.5029580098427,94.027247878695,195.378266313867,0,184.249961885477,0,82.6299537488922
0,0,283.248188884028,0,74.7304794244225,0,0,0,0,0,0,0,0,0,0,262.382215657622,0,0,195.314816908693,188.936291522747,0,0,173.538155409849,252.487290983309,0,0,217.157696745803,177.763106506206,0,0,0,0,0,190.185165668632,97.3232815600345,0,0,0,192.601533877686,98.6790043377568,0
0,0,0,0,0,300.031143529538,0,0,0,0,0,81.2827395071039,0,146.99041817625,0,0,0,0,0,0,0,0,0,101.5853655613,0,0,0,112.793316814908,0,0,0,0,137.239127032733,81.9664354533492,0,0,206.912707094411,0,0,0,0
0,0,0,0,219.078548227669,0,0,98.417953423071,0,0,0,73.1029054543569,0,0,0,197.486504603685,154.142998692322,0,0,320.356811100276,173.538155409849,0,0,124.698445421759,0,0,92.5207898118833,70.4221432298295,82.6426202489162,0,0,0,0,0,0,321.864157986053,95.7590805983148,0,0,224.523755099568,224.551207449728
0,0,205.839960264176,117.208001126138,0,0,0,0,0,0,120.567029282014,205.09013266389,0,97.5855511246009,0,0,0,0,154.070293657878,0,252.487290983309,101.5853655613,124.698445421759,0,0,0,263.534399241887,338.131802716296,163.059043292369,0,0,0,0,193.659409924573,0,125.416941482916,221.805809452716,236.681907140956,261.440278806413,249.798812580765,62.859596780235
0,0,0,0,0,0,0,0,0,174.013630695256,0,169.453147353278,0,0,0,0,154.784755881607,0,0,80.4367166559625,0,0,0,0,0,0,0,0,0,0,0,104.915316975638,0,0,135.294330067913,0,321.124897279917,0,187.77054666536,199.492852797962,89.3673883748406
0,0,186.348837226466,0,173.059382066957,348.674510760064,0,186.973586461633,0,122.106946855269,136.685314494491,0,0,193.777661225572,215.611029055736,0,227.504408813069,261.605527103798,0,180.355266595273,0,0,0,0,0,0,309.997227542691,178.683678585178,0,0,0,151.806152521152,220.963068032256,228.792310020318,247.66948903751,0,85.6072705949986,323.781250289068,0,0,212.592150359921
151.695570509541,0,0,0,0,0,110.384905066973,214.116367924649,0,180.90030328818,192.135034768848,161.325017232684,0,0,58.3493451392805,0,0,0,0,142.385058730083,217.157696745803,0,92.5207898118833,263.534399241887,0,309.997227542691,0,151.075371308616,209.996727521564,289.631679007608,0,0,0,213.67670887414,0,171.230058197369,99.2646516363145,0,0,61.0664810463559,136.792307586862
0,0,0,0,173.201474590904,0,0,71.5579325720569,0,219.040656038919,206.472608421747,146.770754374523,219.430938885781,153.672550905948,111.226326353722,0,101.895308036513,137.177378802006,253.401634605989,101.85207633558,177.763106506206,112.793316814908,70.4221432298295,338.131802716296,0,178.683678585178,151.075371308616,0,0,193.63278243493,0,159.183173818572,0,84.3635741045246,90.1317194604647,78.8552325762656,116.054372245433,211.840482897052,0,192.693757128262,116.176698124939
0,240.185081663983,0,168.241326865882,94.7280504127031,0,62.311273509377,85.7623170715703,0,72.2278283150671,165.597665022977,0,0,193.055010680236,0,115.332064605654,0,0,226.825099357786,167.066576495979,0,0,82.6426202489162,163.059043292369,0,0,209.996727521564,0,0,94.126460729827,0,0,0,238.934743274142,135.667029391615,165.893015276821,172.608400267715,137.189596148386,0,241.682021696872,0
0,0,0,0,0,0,155.901486485736,0,108.136066660554,120.912756812582,0,0,0,0,0,0,0,0,0,0,0,0,0,0,0,0,289.631679007608,193.63278243493,94.126460729827,0,329.719143597451,0,0,106.533627130087,0,0,197.893790332676,158.955087279859,0,106.33736463831,0
0,0,0,0,0,0,0,98.2230592632363,0,87.8456058929559,161.302948562323,0,0,0,0,0,0,82.4756938751058,0,0,0,0,0,0,0,0,0,0,0,329.719143597451,0,0,0,0,0,0,0,0,0,335.371040201042,0
0,188.851177466023,0,0,0,103.519938150021,133.984214699576,0,0,0,0,0,0,0,0,101.443495235174,0,0,118.522099274347,89.9429017381717,0,0,0,0,104.915316975638,151.806152521152,0,159.183173818572,0,0,0,0,0,0,139.792601838991,0,0,104.369974912428,0,0,0
0,0,0,0,0,0,0,0,0,0,0,0,0,0,142.054529471577,0,0,0,0,0,0,137.239127032733,0,0,0,220.963068032256,0,0,0,0,0,0,0,0,0,0,101.350815329073,153.453047983244,0,0,0
0,0,0,96.7845769653343,111.435629183184,276.620869034647,115.541295036174,90.7216186966914,138.33942793804,125.81518738273,114.511014214502,141.204637091722,164.032723165762,80.8080171296381,0,0,183.786860782462,0,0,151.036729364761,190.185165668632,81.9664354533492,0,193.659409924573,0,228.792310020318,213.67670887414,84.3635741045246,238.934743274142,106.533627130087,0,0,0,0,89.1590885155172,0,106.128596538706,78.9559315574845,228.075434767255,204.481117647118,0
0,0,0,157.852515740516,0,171.906398392157,179.718364159796,0,202.712457066107,0,125.994729980093,140.574866691684,0,208.005106191961,0,108.381749703452,124.853650664477,145.74089716123,231.050882209,93.5029580098427,97.3232815600345,0,0,0,135.294330067913,247.66948903751,0,90.1317194604647,135.667029391615,0,0,139.792601838991,0,89.1590885155172,0,155.24952173131,112.349934713559,73.4795582048751,222.053792850439,357.423078228283,97.3506957544063
0,200.878319874537,284.529238481835,0,0,231.715271819474,0,0,0,82.1742780037132,115.871357769661,160.530221557972,0,0,161.694997919804,0,0,0,0,94.027247878695,0,0,321.864157986053,125.416941482916,0,0,171.230058197369,78.8552325762656,165.893015276821,0,0,0,0,0,155.24952173131,0,114.649126378906,255.441154257905,94.8881692391942,139.654362654449,158.567996645797
0,0,232.945974238958,0,0,0,138.425725342224,280.376028997576,241.635434294794,92.5568465385234,198.964527389285,74.5815074003433,0,259.055025639447,0,191.519780382943,150.161410108805,93.4234866874731,112.823430872325,195.378266313867,0,206.912707094411,95.7590805983148,221.805809452716,321.124897279917,85.6072705949986,99.2646516363145,116.054372245433,172.608400267715,197.893790332676,0,0,101.350815329073,106.128596538706,112.349934713559,114.649126378906,0,325.937289045041,94.9380989123498,96.5937438588657,139.93285932648
0,0,0,0,218.045528847001,0,134.566479261133,0,194.442125915551,100.812745974529,0,196.032358954952,0,0,269.936825670274,143.005810983322,0,0,196.04190773555,0,0,0,0,236.681907140956,0,323.781250289068,0,211.840482897052,137.189596148386,158.955087279859,0,104.369974912428,153.453047983244,78.9559315574845,73.4795582048751,255.441154257905,325.937289045041,0,0,198.528111506785,0
0,0,0,249.905610015455,173.001559092555,0,0,115.114253591495,0,133.218162784108,0,0,0,0,0,0,195.822649557859,0,0,184.249961885477,192.601533877686,0,0,261.440278806413,187.77054666536,0,0,0,0,0,0,0,0,228.075434767255,222.053792850439,94.8881692391942,94.9380989123498,0,0,66.5008477853491,101.605593487621
0,0,0,0,146.465927798921,153.876396855887,0,161.74915061469,0,283.88658203332,223.705816669619,180.543851962045,0,353.822894641502,178.224497384947,153.609372090384,0,0,306.640284138334,0,98.6790043377568,0,224.523755099568,249.798812580765,199.492852797962,0,61.0664810463559,192.693757128262,241.682021696872,106.33736463831,335.371040201042,0,0,204.481117647118,357.423078228283,139.654362654449,96.5937438588657,198.528111506785,66.5008477853491,0,0
154.065933476765,89.707245288964,0,0,0,250.461724766314,0,0,175.196329314064,0,201.44584889478,347.376449530863,0,0,169.742003380707,205.183249704085,113.059176128709,333.645516435298,0,82.6299537488922,0,0,224.551207449728,62.859596780235,89.3673883748406,212.592150359921,136.792307586862,116.176698124939,0,0,0,0,0,0,97.3506957544063,158.567996645797,139.93285932648,0,101.605593487621,0,0
