0,0,0,0,0,0,0,0,0,0,0,0,0,0,321.864157986053,0,0,0,0,0,0,0,151.036729364761,0,0,115.194491798135,0,0,0,0,0,0,0,0,0,0,142.385058730083,0,0,228.792310020318,104.369974912428
0,0,0,0,0,0,97.3506957544063,186.348837226466,0,0,0,151.806152521152,0,0,0,0,0,112.349934713559,0,0,0,0,178.224497384947,0,0,0,162.833808134102,0,0,0,0,0,0,0,0,0,134.566479261133,0,0,0,0
0,0,0,0,0,0,0,0,0,0,0,190.185165668632,0,0,0,0,0,0,0,0,0,0,0,0,0,0,0,0,0,0,0,0,151.075371308616,139.792601838991,0,0,220.901129804706,0,0,0,98.2230592632363
0,0,0,0,0,0,0,0,186.973586461633,241.682021696872,0,0,0,353.822894641502,0,263.534399241887,0,0,0,0,0,0,0,193.659409924573,0,0,0,204.481117647118,253.401634605989,0,0,161.325017232684,0,85.7623170715703,94.7280504127031,0,136.685314494491,0,197.893790332676,117.208001126138,0
0,0,0,0,0,0,0,0,0,0,119.345624434514,115.871357769661,0,0,0,0,151.695570509541,0,0,92.5207898118833,0,0,0,0,112.823430872325,146.814226519809,0,0,96.7845769653343,0,0,201.100640800745,0,222.053792850439,196.032358954952,98.417953423071,0,116.176698124939,192.135034768848,247.66948903751,0
0,0,0,0,0,0,87.8456058929559,0,0,173.059382066957,223.705816669619,145.74089716123,0,0,179.718364159796,0,0,0,0,0,0,0,178.683678585178,0,0,321.124897279917,172.608400267715,76.5072790361762,0,196.04190773555,0,0,0,128.846764897717,0,188.936291522747,0,163.059043292369,0,116.054372245433,0
0,97.3506957544063,0,0,0,87.8456058929559,0,0,0,0,161.275817184598,0,0,0,0,0,0,0,0,125.994729980093,110.384905066973,0,0,0,0,0,201.44584889478,323.781250289068,0,0,0,74.5815074003433,0,314.611698427915,0,80.4367166559625,348.674510760064,0,0,81.9664354533492,195.314816908693
0,186.348837226466,0,0,0,0,0,0,0,0,300.031143529538,261.605527103798,0,206.912707094411,0,0,108.381749703452,0,0,0,153.876396855887,0,0,0,0,165.893015276821,197.486504603685,158.955087279859,0,0,0,0,0,72.2278283150671,0,191.519780382943,183.786860782462,136.792307586862,82.6299537488922,124.853650664477,133.984214699576
0,0,0,186.973586461633,0,0,0,0,0,58.3493451392805,0,0,0,195.822649557859,0,0,0,0,0,0,173.001559092555,0,0,250.461724766314,0,120.567029282014,0,0,0,347.376449530863,0,0,0,238.934743274142,0,269.936825670274,71.5579325720569,0,0,0,146.770754374523
0,0,0,241.682021696872,0,173.059382066957,0,0,58.3493451392805,0,0,0,0,0,0,0,0,0,0,225.013371621378,137.239127032733,241.57250333243,249.905610015455,202.712457066107,303.527509149359,209.996727521564,161.694997919804,103.519938150021,338.131802716296,0,0,81.2827395071039,0,0,0,100.812745974529,0,0,89.3673883748406,161.302948562323,135.667029391615
0,0,0,0,119.345624434514,223.705816669619,161.275817184598,300.031143529538,0,0,0,0,0,280.376028997576,0,141.204637091722,75.4497121078207,0,0,0,205.09013266389,0,150.161410108805,276.620869034647,0,0,80.8080171296381,0,153.453047983244,0,0,0,0,113.144980278377,78.9559315574845,134.960780198024,0,0,0,0,159.183173818572
0,151.806152521152,190.185165668632,0,115.871357769661,145.74089716123,0,261.605527103798,0,0,0,0,0,0,0,236.681907140956,0,0,0,169.453147353278,205.839960264176,259.055025639447,0,309.997227542691,0,232.945974238958,251.098274723989,82.1742780037132,0,0,0,163.945208919892,138.33942793804,0,0,115.114253591495,151.01089327964,89.707245288964,249.798812580765,215.611029055736,112.793316814908
0,0,0,0,0,0,0,0,0,0,0,0,0,0,0,0,0,0,0,78.8552325762656,0,0,0,0,0,82.6426202489162,178.748963182352,0,0,0,0,0,0,0,180.90030328818,0,241.635434294794,0,0,0,195.378266313867
0,0,0,353.822894641502,0,0,0,206.912707094411,195.822649557859,0,280.376028997576,0,0,0,0,0,0,0,0,0,101.605593487621,0,0,70.4221432298295,224.551207449728,0,0,261.440278806413,0,111.435629183184,0,0,0,93.4234866874731,89.9429017381717,184.249961885477,306.344527664232,0,0,138.425725342224,0
321.864157986053,0,0,0,0,179.718364159796,0,0,0,0,0,0,0,0,0,325.937289045041,0,0,0,0,0,0,0,228.075434767255,0,106.128596538706,0,180.355266595273,154.070293657878,0,0,0,0,0,198.528111506785,0,67.8267069095267,0,212.592150359921,128.530575464043,74.7304794244225
0,0,0,263.534399241887,0,0,0,0,0,0,141.204637091722,236.681907140956,0,0,325.937289045041,0,0,0,0,0,0,306.640284138334,0,231.050882209,0,0,0,259.442917595754,0,0,0,0,0,165.597665022977,154.142998692322,0,0,0,139.93285932648,0,187.77054666536
0,0,0,0,151.695570509541,0,0,108.381749703452,0,0,75.4497121078207,0,0,0,0,0,0,0,0,155.24952173131,0,0,0,0,0,101.5853655613,0,97.3232815600345,0,0,0,0,0,180.543851962045,120.912756812582,0,0,139.654362654449,0,161.74915061469,0
0,112.349934713559,0,0,0,0,0,0,0,0,0,0,0,0,0,0,0,0,95.7590805983148,0,0,333.645516435298,0,0,0,0,0,224.523755099568,154.784755881607,0,0,0,0,284.529238481835,0,0,211.840482897052,0,0,115.332064605654,94.027247878695
0,0,0,0,0,0,0,0,0,0,0,0,0,0,0,0,0,95.7590805983148,0,231.715271819474,0,0,0,135.294330067913,0,0,128.405764333981,157.852515740516,0,0,0,0,0,172.892533368851,0,94.8881692391942,101.85207633558,99.2646516363145,171.906398392157,124.698445421759,160.537522273714
0,0,0,0,92.5207898118833,0,125.994729980093,0,0,225.013371621378,0,169.453147353278,78.8552325762656,0,0,0,155.24952173131,0,231.715271819474,0,0,173.538155409849,289.631679007608,66.5008477853491,175.196329314064,137.177378802006,0,143.005810983322,0,0,0,140.574866691684,0,0,154.065933476765,0,74.4197823064597,0,0,94.9380989123498,0
0,0,0,0,0,0,110.384905066973,153.876396855887,173.001559092555,137.239127032733,205.09013266389,205.839960264176,0,101.605593487621,0,0,0,0,0,0,0,0,0,0,0,122.106946855269,101.895308036513,0,0,0,0,0,0,61.0664810463559,106.533627130087,0,193.777661225572,345.797434674459,0,0,0
0,0,0,0,0,0,0,0,0,241.57250333243,0,259.055025639447,0,0,0,306.640284138334,0,333.645516435298,0,173.538155409849,0,0,0,0,0,0,0,0,0,0,0,0,0,0,153.609372090384,0,0,113.059176128709,0,0,320.356811100276
151.036729364761,178.224497384947,0,0,0,178.683678585178,0,0,0,249.905610015455,150.161410108805,0,0,0,0,0,0,0,0,289.631679007608,0,0,0,0,0,0,205.183249704085,0,101.350815329073,0,262.382215657622,329.719143597451,0,255.441154257905,220.963068032256,0,168.241326865882,240.185081663983,0,199.492852797962,0
0,0,0,193.659409924573,0,0,0,0,250.461724766314,202.712457066107,276.620869034647,309.997227542691,0,70.4221432298295,228.075434767255,231.050882209,0,0,135.294330067913,66.5008477853491,0,0,0,0,0,106.33736463831,0,160.530221557972,146.99041817625,85.6072705949986,192.693757128262,0,0,0,0,0,181.316358113209,153.672550905948,89.1590885155172,188.851177466023,0
0,0,0,0,112.823430872325,0,0,0,0,303.527509149359,0,0,0,224.551207449728,0,0,0,0,0,175.196329314064,0,0,0,0,0,0,0,158.567996645797,111.226326353722,0,0,0,0,167.066576495979,0,0,0,137.189596148386,133.218162784108,0,125.81518738273
115.194491798135,0,0,0,146.814226519809,321.124897279917,0,165.893015276821,120.567029282014,209.996727521564,0,232.945974238958,82.6426202489162,0,106.128596538706,0,101.5853655613,0,0,137.177378802006,122.106946855269,0,0,106.33736463831,0,0,171.230058197369,108.136066660554,0,198.964527389285,0,0,0,142.054529471577,90.1317194604647,0,96.5937438588657,0,0,0,71.4788760670054
0,162.833808134102,0,0,0,172.608400267715,201.44584889478,197.486504603685,0,161.694997919804,80.8080171296381,251.098274723989,178.748963182352,0,0,0,0,0,128.405764333981,0,101.895308036513,0,205.183249704085,0,0,171.230058197369,0,194.442125915551,94.7529894315991,98.6790043377568,252.487290983309,0,0,0,242.790381480436,84.3635741045246,0,174.013630695256,119.728129215699,0,0
0,0,0,204.481117647118,0,76.5072790361762,323.781250289068,158.955087279859,0,103.519938150021,0,82.1742780037132,0,261.440278806413,180.355266595273,259.442917595754,97.3232815600345,224.523755099568,157.852515740516,143.005810983322,0,0,0,160.530221557972,158.567996645797,108.136066660554,194.442125915551,0,94.126460729827,106.926813611922,82.4756938751058,0,0,118.522099274347,114.511014214502,193.63278243493,217.157696745803,213.67670887414,164.032723165762,131.969743415579,0
0,0,0,253.401634605989,96.7845769653343,0,0,0,0,338.131802716296,153.453047983244,0,0,0,154.070293657878,0,0,154.784755881607,0,0,0,0,101.350815329073,146.99041817625,111.226326353722,0,94.7529894315991,94.126460729827,0,0,0,283.88658203332,73.1029054543569,115.541295036174,177.763106506206,214.116367924649,193.055010680236,109.093416850988,219.040656038919,204.084074037941,93.5029580098427
0,0,0,0,0,196.04190773555,0,0,347.376449530863,0,0,0,0,111.435629183184,0,0,0,0,0,0,0,0,0,85.6072705949986,0,198.964527389285,98.6790043377568,106.926813611922,0,0,0,0,0,104.915316975638,335.371040201042,0,219.078548227669,0,0,192.601533877686,0
0,0,0,0,0,0,0,0,0,0,0,0,0,0,0,0,0,0,0,0,0,0,262.382215657622,192.693757128262,0,0,252.487290983309,82.4756938751058,0,0,0,0,0,0,206.472608421747,208.005106191961,0,0,0,0,0
0,0,0,161.325017232684,201.100640800745,0,74.5815074003433,0,0,81.2827395071039,0,163.945208919892,0,0,0,0,0,0,0,140.574866691684,0,0,329.719143597451,0,0,0,0,0,283.88658203332,0,0,0,0,0,0,0,148.808626413748,173.201474590904,0,0,115.868441404982
0,0,151.075371308616,0,0,0,0,0,0,0,0,138.33942793804,0,0,0,0,0,0,0,0,0,0,0,0,0,0,0,0,73.1029054543569,0,0,0,0,0,92.3502314520023,0,146.465927798921,0,0,0,0
0,0,139.792601838991,85.7623170715703,222.053792850439,128.846764897717,314.611698427915,72.2278283150671,238.934743274142,0,113.144980278377,0,0,93.4234866874731,0,165.597665022977,180.543851962045,284.529238481835,172.892533368851,0,61.0664810463559,0,255.441154257905,0,167.066576495979,142.054529471577,0,118.522099274347,115.541295036174,104.915316975638,0,0,0,0,169.742003380707,200.878319874537,155.901486485736,97.5855511246009,0,114.649126378906,99.3508940827211
0,0,0,94.7280504127031,196.032358954952,0,0,0,0,0,78.9559315574845,0,180.90030328818,89.9429017381717,198.528111506785,154.142998692322,120.912756812582,0,0,154.065933476765,106.533627130087,153.609372090384,220.963068032256,0,0,90.1317194604647,242.790381480436,114.511014214502,177.763106506206,335.371040201042,206.472608421747,0,92.3502314520023,169.742003380707,0,101.443495235174,218.045528847001,219.430938885781,0,221.805809452716,125.416941482916
0,0,0,0,98.417953423071,188.936291522747,80.4367166559625,191.519780382943,269.936825670274,100.812745974529,134.960780198024,115.114253591495,0,184.249961885477,0,0,0,0,94.8881692391942,0,0,0,0,0,0,0,84.3635741045246,193.63278243493,214.116367924649,0,208.005106191961,0,0,200.878319874537,101.443495235174,0,226.825099357786,62.859596780235,0,357.423078228283,0
142.385058730083,134.566479261133,220.901129804706,136.685314494491,0,0,348.674510760064,183.786860782462,71.5579325720569,0,0,151.01089327964,241.635434294794,306.344527664232,67.8267069095267,0,0,211.840482897052,101.85207633558,74.4197823064597,193.777661225572,0,168.241326865882,181.316358113209,0,96.5937438588657,0,217.157696745803,193.055010680236,219.078548227669,0,148.808626413748,146.465927798921,155.901486485736,218.045528847001,226.825099357786,0,73.4795582048751,90.7216186966914,227.504408813069,62.311273509377
0,0,0,0,116.176698124939,163.059043292369,0,136.792307586862,0,0,0,89.707245288964,0,0,0,0,139.654362654449,0,99.2646516363145,0,345.797434674459,113.059176128709,240.185081663983,153.672550905948,137.189596148386,0,174.013630695256,213.67670887414,109.093416850988,0,0,173.201474590904,0,97.5855511246009,219.430938885781,62.859596780235,73.4795582048751,0,0,92.5568465385234,0
0,0,0,197.893790332676,192.135034768848,0,0,82.6299537488922,0,89.3673883748406,0,249.798812580765,0,0,212.592150359921,139.93285932648,0,0,171.906398392157,0,0,0,0,89.1590885155172,133.218162784108,0,119.728129215699,164.032723165762,219.040656038919,0,0,0,0,0,0,0,90.7216186966914,0,0,283.248188884028,0
228.792310020318,0,0,117.208001126138,247.66948903751,116.054372245433,81.9664354533492,124.853650664477,0,161.302948562323,0,215.611029055736,0,138.425725342224,128.530575464043,0,161.74915061469,115.332064605654,124.698445421759,94.9380989123498,0,0,199.492852797962,188.851177466023,0,0,0,131.969743415579,204.084074037941,192.601533877686,0,0,0,114.649126378906,221.805809452716,357.423078228283,227.504408813069,92.5568465385234,283.248188884028,0,0
104.369974912428,0,98.2230592632363,0,0,0,195.314816908693,133.984214699576,146.770754374523,135.667029391615,159.183173818572,112.793316814908,195.378266313867,0,74.7304794244225,187.77054666536,0,94.027247878695,160.537522273714,0,0,320.356811100276,0,0,125.81518738273,71.4788760670054,0,0,93.5029580098427,0,0,115.868441404982,0,99.3508940827211,125.416941482916,0,62.311273509377,0,0,0,0
