0,0,0,0,0,0,82.1742780037132,0,0,0,0,0,0,0,0,0,0,0,0,0,0,90.7216186966914,0,0,0,0,240.185081663983,184.249961885477,0,0,0,0,0,0,0,0,300.031143529538,0,0,259.442917595754,0
0,0,0,0,0,0,0,0,231.715271819474,0,183.786860782462,0,0,0,0,114.511014214502,0,0,0,0,0,0,0,0,0,0,103.519938150021,214.116367924649,0,0,0,0,0,80.8080171296381,0,0,101.85207633558,0,0,0,0
0,0,0,0,0,0,0,0,0,173.001559092555,0,159.183173818572,0,0,0,0,0,0,190.185165668632,0,0,0,0,0,0,0,0,0,0,0,0,0,0,0,0,148.808626413748,0,0,197.486504603685,0,0
0,0,0,0,61.0664810463559,249.798812580765,0,173.201474590904,0,125.994729980093,99.2646516363145,0,0,0,0,0,0,0,0,0,198.528111506785,0,106.926813611922,165.597665022977,0,325.937289045041,134.960780198024,153.609372090384,261.440278806413,0,0,0,0,0,0,0,0,0,0,0,213.67670887414
0,0,0,61.0664810463559,0,139.654362654449,0,276.620869034647,0,163.059043292369,0,200.878319874537,0,0,0,0,0,0,0,0,115.541295036174,0,74.7304794244225,180.90030328818,0,158.567996645797,0,0,0,0,0,0,0,0,181.316358113209,72.2278283150671,110.384905066973,178.224497384947,0,111.226326353722,0
0,0,0,249.798812580765,139.654362654449,0,0,0,175.196329314064,177.763106506206,178.748963182352,0,0,231.050882209,0,0,0,0,0,139.792601838991,0,0,0,0,0,151.075371308616,0,0,321.864157986053,0,80.4367166559625,0,0,0,128.530575464043,115.871357769661,168.241326865882,0,0,0,357.423078228283
82.1742780037132,0,0,0,0,0,0,0,0,0,0,85.6072705949986,0,219.078548227669,0,0,116.176698124939,0,0,101.605593487621,0,0,0,0,0,135.294330067913,269.936825670274,0,193.63278243493,0,0,0,0,335.371040201042,146.99041817625,0,199.492852797962,0,0,120.567029282014,195.378266313867
0,0,0,173.201474590904,276.620869034647,0,0,0,76.5072790361762,0,0,0,0,0,236.681907140956,74.4197823064597,198.964527389285,138.425725342224,193.055010680236,0,0,82.6299537488922,0,0,0,0,0,195.314816908693,0,0,0,0,0,75.4497121078207,172.892533368851,0,161.302948562323,0,104.369974912428,169.453147353278,99.3508940827211
0,231.715271819474,0,0,0,175.196329314064,0,76.5072790361762,0,0,0,0,0,0,0,0,0,0,0,0,0,0,0,0,223.705816669619,112.349934713559,0,348.674510760064,0,0,0,0,0,228.792310020318,161.325017232684,333.645516435298,173.059382066957,0,0,94.9380989123498,0
0,0,173.001559092555,125.994729980093,163.059043292369,177.763106506206,0,0,0,0,0,241.57250333243,81.2827395071039,172.608400267715,0,167.066576495979,224.523755099568,0,0,92.5207898118833,0,0,161.275817184598,0,0,0,220.901129804706,0,78.8552325762656,0,0,0,0,89.9429017381717,113.059176128709,338.131802716296,205.183249704085,0,101.350815329073,0,0
0,183.786860782462,0,99.2646516363145,0,178.748963182352,0,0,0,0,0,201.44584889478,0,320.356811100276,153.453047983244,153.876396855887,0,0,0,192.135034768848,0,146.770754374523,93.5029580098427,0,0,0,205.09013266389,0,154.070293657878,0,96.7845769653343,0,0,0,0,97.5855511246009,0,119.345624434514,0,146.814226519809,0
0,0,159.183173818572,0,200.878319874537,0,85.6072705949986,0,0,241.57250333243,201.44584889478,0,0,0,94.7529894315991,97.3506957544063,0,0,283.248188884028,154.065933476765,0,0,98.6790043377568,0,0,0,71.5579325720569,238.934743274142,165.893015276821,100.812745974529,0,222.053792850439,0,125.416941482916,116.054372245433,0,141.204637091722,133.984214699576,0,93.4234866874731,192.601533877686
0,0,0,0,0,0,0,0,0,81.2827395071039,0,0,0,0,0,0,0,0,0,0,0,0,0,0,219.040656038919,178.683678585178,0,0,0,0,0,0,0,0,82.6426202489162,196.04190773555,0,0,0,0,95.7590805983148
0,0,0,0,0,231.050882209,219.078548227669,0,0,172.608400267715,320.356811100276,0,0,0,0,0,0,0,134.566479261133,0,0,0,0,136.685314494491,0,0,0,173.538155409849,196.032358954952,0,0,101.895308036513,0,0,0,143.005810983322,85.7623170715703,98.417953423071,228.075434767255,186.973586461633,0
0,0,0,0,0,0,0,236.681907140956,0,0,153.453047983244,94.7529894315991,0,0,0,0,0,0,0,155.24952173131,0,62.311273509377,0,74.5815074003433,0,0,0,232.945974238958,160.537522273714,0,0,0,0,118.522099274347,211.840482897052,0,111.435629183184,0,154.142998692322,0,0
0,114.511014214502,0,0,0,0,0,74.4197823064597,0,167.066576495979,153.876396855887,97.3506957544063,0,0,0,0,0,0,0,193.659409924573,0,0,0,104.915316975638,0,0,0,142.054529471577,0,0,0,0,0,160.530221557972,119.728129215699,0,218.045528847001,0,0,0,0
0,0,0,0,0,0,116.176698124939,198.964527389285,0,224.523755099568,0,0,0,0,0,0,0,0,0,0,0,0,161.694997919804,0,0,0,0,0,0,306.344527664232,0,0,0,193.777661225572,0,101.5853655613,0,0,154.784755881607,89.707245288964,117.208001126138
0,0,0,0,0,0,0,138.425725342224,0,0,0,0,0,0,0,0,0,0,0,0,191.519780382943,0,0,0,0,321.124897279917,0,136.792307586862,0,151.806152521152,0,0,0,0,180.355266595273,0,217.157696745803,0,0,151.036729364761,204.084074037941
0,0,190.185165668632,0,0,0,0,193.055010680236,0,0,0,283.248188884028,0,134.566479261133,0,0,0,0,0,0,0,0,0,0,220.963068032256,0,0,96.5937438588657,94.7280504127031,0,66.5008477853491,0,0,179.718364159796,81.9664354533492,0,0,0,0,145.74089716123,140.574866691684
0,0,0,0,0,139.792601838991,101.605593487621,0,0,92.5207898118833,192.135034768848,154.065933476765,0,0,155.24952173131,193.659409924573,0,0,0,0,0,62.859596780235,0,0,113.144980278377,314.611698427915,142.385058730083,115.868441404982,0,124.698445421759,188.851177466023,150.161410108805,0,192.693757128262,0,0,0,0,0,58.3493451392805,0
0,0,0,198.528111506785,115.541295036174,0,0,0,0,0,0,0,0,0,0,0,0,191.519780382943,0,0,0,153.672550905948,247.66948903751,106.33736463831,0,0,115.332064605654,106.533627130087,78.9559315574845,0,0,0,0,187.77054666536,221.805809452716,0,164.032723165762,0,0,0,67.8267069095267
90.7216186966914,0,0,0,0,0,0,82.6299537488922,0,0,146.770754374523,0,0,0,62.311273509377,0,0,0,0,62.859596780235,153.672550905948,0,0,0,0,208.005106191961,186.348837226466,0,0,0,0,0,0,0,0,0,0,0,0,0,0
0,0,0,106.926813611922,74.7304794244225,0,0,0,0,161.275817184598,93.5029580098427,98.6790043377568,0,0,0,0,161.694997919804,0,0,0,247.66948903751,0,0,97.3232815600345,0,133.218162784108,0,212.592150359921,0,0,0,0,0,255.441154257905,0,106.128596538706,161.74915061469,219.430938885781,0,139.93285932648,0
0,0,0,165.597665022977,180.90030328818,0,0,0,0,0,0,0,0,136.685314494491,74.5815074003433,104.915316975638,0,0,0,0,106.33736463831,0,97.3232815600345,0,0,283.88658203332,112.793316814908,137.177378802006,82.4756938751058,169.742003380707,0,0,0,163.945208919892,353.822894641502,135.667029391615,241.682021696872,225.013371621378,289.631679007608,87.8456058929559,0
0,0,0,0,0,0,0,0,223.705816669619,0,0,0,219.040656038919,0,0,0,0,0,220.963068032256,113.144980278377,0,0,0,0,0,0,0,94.126460729827,0,0,0,0,0,323.781250289068,0,0,242.790381480436,202.712457066107,0,122.106946855269,158.955087279859
0,0,0,325.937289045041,158.567996645797,151.075371308616,135.294330067913,0,112.349934713559,0,0,0,178.683678585178,0,0,0,0,321.124897279917,0,314.611698427915,0,208.005106191961,133.218162784108,283.88658203332,0,0,101.443495235174,0,115.194491798135,347.376449530863,0,263.534399241887,0,0,0,171.230058197369,114.649126378906,180.543851962045,0,89.3673883748406,174.013630695256
240.185081663983,103.519938150021,0,134.960780198024,0,0,269.936825670274,0,0,220.901129804706,205.09013266389,71.5579325720569,0,0,0,0,0,0,0,142.385058730083,115.332064605654,186.348837226466,0,112.793316814908,0,101.443495235174,0,162.833808134102,0,0,0,137.239127032733,0,71.4788760670054,0,94.8881692391942,112.823430872325,90.1317194604647,0,98.2230592632363,92.3502314520023
184.249961885477,214.116367924649,0,153.609372090384,0,0,0,195.314816908693,348.674510760064,0,0,238.934743274142,0,173.538155409849,232.945974238958,142.054529471577,0,136.792307586862,96.5937438588657,115.868441404982,106.533627130087,0,212.592150359921,137.177378802006,94.126460729827,0,162.833808134102,0,261.605527103798,146.465927798921,0,0,188.936291522747,195.822649557859,151.01089327964,0,94.027247878695,125.81518738273,128.846764897717,109.093416850988,194.442125915551
0,0,0,261.440278806413,0,321.864157986053,193.63278243493,0,0,78.8552325762656,154.070293657878,165.893015276821,0,196.032358954952,160.537522273714,0,0,0,94.7280504127031,0,78.9559315574845,0,0,82.4756938751058,0,115.194491798135,0,261.605527103798,0,0,0,0,251.098274723989,201.100640800745,284.529238481835,227.504408813069,0,108.136066660554,306.640284138334,137.189596148386,226.825099357786
0,0,0,0,0,0,0,0,0,0,0,100.812745974529,0,0,0,0,306.344527664232,151.806152521152,0,124.698445421759,0,0,0,169.742003380707,0,347.376449530863,0,146.465927798921,0,0,0,0,0,0,205.839960264176,0,280.376028997576,89.1590885155172,303.527509149359,0,0
0,0,0,0,0,80.4367166559625,0,0,0,0,96.7845769653343,0,0,0,0,0,0,0,66.5008477853491,188.851177466023,0,0,0,0,0,0,0,0,0,0,0,0,0,73.4795582048751,157.852515740516,0,0,0,0,0,0
0,0,0,0,0,0,0,0,0,0,0,222.053792850439,0,101.895308036513,0,0,0,0,0,150.161410108805,0,0,0,0,0,263.534399241887,137.239127032733,0,0,0,0,0,0,151.695570509541,259.055025639447,0,120.912756812582,138.33942793804,0,250.461724766314,115.114253591495
0,0,0,0,0,0,0,0,0,0,0,0,0,0,0,0,0,0,0,0,0,0,0,0,0,0,0,188.936291522747,251.098274723989,0,0,0,0,252.487290983309,0,0,309.997227542691,0,197.893790332676,0,0
0,80.8080171296381,0,0,0,0,335.371040201042,75.4497121078207,228.792310020318,89.9429017381717,0,125.416941482916,0,0,118.522099274347,160.530221557972,193.777661225572,0,179.718364159796,192.693757128262,187.77054666536,0,255.441154257905,163.945208919892,323.781250289068,0,71.4788760670054,195.822649557859,201.100640800745,0,73.4795582048751,151.695570509541,252.487290983309,0,253.401634605989,0,70.4221432298295,224.551207449728,73.1029054543569,215.611029055736,0
0,0,0,0,181.316358113209,128.530575464043,146.99041817625,172.892533368851,161.325017232684,113.059176128709,0,116.054372245433,82.6426202489162,0,211.840482897052,119.728129215699,0,180.355266595273,81.9664354533492,0,221.805809452716,0,0,353.822894641502,0,0,0,151.01089327964,284.529238481835,205.839960264176,157.852515740516,259.055025639447,0,253.401634605989,0,206.472608421747,262.382215657622,84.3635741045246,329.719143597451,0,155.901486485736
0,0,148.808626413748,0,72.2278283150671,115.871357769661,0,0,333.645516435298,338.131802716296,97.5855511246009,0,196.04190773555,143.005810983322,0,0,101.5853655613,0,0,0,0,0,106.128596538706,135.667029391615,0,171.230058197369,94.8881692391942,0,227.504408813069,0,0,0,0,0,206.472608421747,0,108.381749703452,131.969743415579,0,345.797434674459,92.5568465385234
300.031143529538,101.85207633558,0,0,110.384905066973,168.241326865882,199.492852797962,161.302948562323,173.059382066957,205.183249704085,0,141.204637091722,0,85.7623170715703,111.435629183184,218.045528847001,0,217.157696745803,0,0,164.032723165762,0,161.74915061469,241.682021696872,242.790381480436,114.649126378906,112.823430872325,94.027247878695,0,280.376028997576,0,120.912756812582,309.997227542691,70.4221432298295,262.382215657622,108.381749703452,0,249.905610015455,241.635434294794,204.481117647118,128.405764333981
0,0,0,0,178.224497384947,0,0,0,0,0,119.345624434514,133.984214699576,0,98.417953423071,0,0,0,0,0,0,0,0,219.430938885781,225.013371621378,202.712457066107,180.543851962045,90.1317194604647,125.81518738273,108.136066660554,89.1590885155172,0,138.33942793804,0,224.551207449728,84.3635741045246,131.969743415579,249.905610015455,0,206.912707094411,124.853650664477,171.906398392157
0,0,197.486504603685,0,0,0,0,104.369974912428,0,101.350815329073,0,0,0,228.075434767255,154.142998692322,0,154.784755881607,0,0,0,0,0,0,289.631679007608,0,0,0,128.846764897717,306.640284138334,303.527509149359,0,0,197.893790332676,73.1029054543569,329.719143597451,0,241.635434294794,206.912707094411,0,0,0
259.442917595754,0,0,0,111.226326353722,0,120.567029282014,169.453147353278,94.9380989123498,0,146.814226519809,93.4234866874731,0,186.973586461633,0,0,89.707245288964,151.036729364761,145.74089716123,58.3493451392805,0,0,139.93285932648,87.8456058929559,122.106946855269,89.3673883748406,98.2230592632363,109.093416850988,137.189596148386,0,0,250.461724766314,0,215.611029055736,0,345.797434674459,204.481117647118,124.853650664477,0,0,209.996727521564
0,0,0,213.67670887414,0,357.423078228283,195.378266313867,99.3508940827211,0,0,0,192.601533877686,95.7590805983148,0,0,0,117.208001126138,204.084074037941,140.574866691684,0,67.8267069095267,0,0,0,158.955087279859,174.013630695256,92.3502314520023,194.442125915551,226.825099357786,0,0,115.114253591495,0,0,155.901486485736,92.5568465385234,128.405764333981,171.906398392157,0,209.996727521564,0
