0,0,0,0,0,0,0,0,0,0,0,141.204637091722,0,0,0,0,0,0,0,0,0,0,0,0,0,321.124897279917,0,0,195.378266313867,0,0,0,0,0,195.822649557859,192.601533877686,0,0,0,101.443495235174,0
0,0,0,0,137.239127032733,0,0,0,0,0,0,0,0,0,0,0,0,0,0,0,0,0,0,0,0,283.248188884028,89.9429017381717,199.492852797962,0,0,0,0,0,160.537522273714,0,0,0,0,0,171.230058197369,101.350815329073
0,0,0,0,0,0,0,0,0,0,0,0,0,0,0,0,0,0,0,0,0,0,0,0,0,0,92.5568465385234,172.892533368851,0,0,0,0,0,168.241326865882,0,0,85.7623170715703,0,0,133.984214699576,0
0,0,0,0,0,0,0,0,0,0,0,197.486504603685,0,0,0,174.013630695256,161.275817184598,197.893790332676,193.63278243493,0,0,0,0,0,0,115.868441404982,151.075371308616,134.566479261133,0,0,0,0,0,136.792307586862,201.100640800745,325.937289045041,0,211.840482897052,0,0,238.934743274142
0,137.239127032733,0,0,0,190.185165668632,0,142.054529471577,81.9664354533492,0,0,155.24952173131,0,249.798812580765,0,0,0,283.88658203332,0,134.960780198024,66.5008477853491,0,0,0,0,155.901486485736,163.945208919892,0,236.681907140956,0,0,0,0,0,306.344527664232,0,357.423078228283,0,0,0,0
0,0,0,0,190.185165668632,0,0,0,0,0,0,94.7280504127031,0,0,0,0,0,0,306.640284138334,151.806152521152,115.332064605654,0,0,125.81518738273,0,138.33942793804,0,104.915316975638,0,0,0,0,0,208.005106191961,0,218.045528847001,112.793316814908,161.302948562323,206.912707094411,0,178.224497384947
0,0,0,0,0,0,0,165.893015276821,0,0,0,100.812745974529,0,0,0,0,0,0,249.905610015455,169.453147353278,0,0,82.1742780037132,0,0,193.659409924573,0,101.895308036513,0,0,0,0,0,198.528111506785,169.742003380707,0,153.609372090384,204.084074037941,0,154.784755881607,80.8080171296381
0,0,0,0,142.054529471577,0,165.893015276821,0,0,82.4756938751058,125.416941482916,0,75.4497121078207,0,0,0,73.1029054543569,0,0,0,228.075434767255,0,0,0,0,284.529238481835,0,67.8267069095267,0,78.9559315574845,104.369974912428,0,0,323.781250289068,0,289.631679007608,97.3506957544063,146.770754374523,0,0,116.176698124939
0,0,0,0,81.9664354533492,0,0,0,0,0,112.823430872325,0,0,0,0,0,0,0,0,0,0,0,225.013371621378,0,220.963068032256,0,0,0,133.218162784108,0,0,72.2278283150671,0,194.442125915551,101.85207633558,0,106.33736463831,0,0,224.523755099568,173.201474590904
0,0,0,0,0,0,0,82.4756938751058,0,0,180.90030328818,0,0,0,0,0,90.7216186966914,0,74.4197823064597,0,0,0,94.126460729827,0,0,146.465927798921,62.311273509377,198.964527389285,62.859596780235,224.551207449728,0,0,0,85.6072705949986,128.405764333981,89.1590885155172,153.876396855887,115.114253591495,178.748963182352,160.530221557972,259.442917595754
0,0,0,0,0,0,0,125.416941482916,112.823430872325,180.90030328818,0,0,0,0,0,0,0,0,0,0,0,0,205.183249704085,253.401634605989,142.385058730083,177.763106506206,173.538155409849,135.667029391615,94.7529894315991,0,0,0,0,184.249961885477,0,125.994729980093,164.032723165762,101.605593487621,0,222.053792850439,181.316358113209
141.204637091722,0,0,197.486504603685,155.24952173131,94.7280504127031,100.812745974529,0,0,0,0,0,128.530575464043,172.608400267715,228.792310020318,0,115.194491798135,0,0,220.901129804706,154.070293657878,0,0,0,0,320.356811100276,0,262.382215657622,338.131802716296,109.093416850988,0,0,241.57250333243,0,240.185081663983,214.116367924649,0,205.09013266389,87.8456058929559,0,98.6790043377568
0,0,0,0,0,0,0,75.4497121078207,0,0,0,128.530575464043,0,0,122.106946855269,81.2827395071039,0,0,0,0,0,0,333.645516435298,0,0,0,0,143.005810983322,0,0,0,0,0,0,0,0,0,0,0,0,0
0,0,0,0,249.798812580765,0,0,0,0,0,0,172.608400267715,0,0,116.054372245433,0,0,0,0,153.672550905948,303.527509149359,0,0,219.040656038919,0,263.534399241887,92.5207898118833,94.9380989123498,0,0,0,0,0,232.945974238958,150.161410108805,212.592150359921,180.543851962045,0,0,0,175.196329314064
0,0,0,0,0,0,0,0,0,0,0,228.792310020318,122.106946855269,116.054372245433,0,114.649126378906,0,0,0,124.698445421759,0,0,0,269.936825670274,58.3493451392805,0,0,0,205.839960264176,0,0,0,0,124.853650664477,276.620869034647,0,0,0,0,151.695570509541,186.973586461633
0,0,0,174.013630695256,0,0,0,0,0,0,0,0,81.2827395071039,0,114.649126378906,0,0,0,139.654362654449,101.5853655613,0,106.533627130087,0,0,0,0,140.574866691684,217.157696745803,0,0,90.1317194604647,0,0,0,0,0,0,0,74.5815074003433,128.846764897717,0
0,0,0,161.275817184598,0,0,0,73.1029054543569,0,90.7216186966914,0,115.194491798135,0,0,0,0,0,0,0,0,0,0,73.4795582048751,0,0,0,0,0,219.078548227669,0,0,0,0,247.66948903751,97.3232815600345,136.685314494491,157.852515740516,0,0,0,0
0,0,0,197.893790332676,283.88658203332,0,0,0,0,0,0,0,0,0,0,0,0,0,0,0,154.065933476765,348.674510760064,0,108.136066660554,0,131.969743415579,0,0,261.605527103798,0,0,0,0,0,0,309.997227542691,193.777661225572,0,0,0,0
0,0,0,193.63278243493,0,306.640284138334,249.905610015455,0,0,74.4197823064597,0,0,0,0,0,139.654362654449,0,0,0,0,0,0,0,0,196.04190773555,151.01089327964,0,99.2646516363145,0,0,0,0,0,0,106.128596538706,0,115.871357769661,241.682021696872,0,0,209.996727521564
0,0,0,0,134.960780198024,151.806152521152,169.453147353278,0,0,0,0,220.901129804706,0,153.672550905948,124.698445421759,101.5853655613,0,0,0,0,0,178.683678585178,0,137.189596148386,0,0,115.541295036174,80.4367166559625,111.226326353722,0,0,163.059043292369,0,345.797434674459,0,0,76.5072790361762,227.504408813069,0,192.135034768848,0
0,0,0,0,66.5008477853491,115.332064605654,0,228.075434767255,0,0,0,154.070293657878,0,303.527509149359,0,0,0,154.065933476765,0,0,0,0,0,93.4234866874731,161.694997919804,0,0,0,89.707245288964,0,0,0,0,108.381749703452,192.693757128262,117.208001126138,0,0,0,120.912756812582,0
0,0,0,0,0,0,0,0,0,0,0,0,0,0,0,106.533627130087,0,348.674510760064,0,178.683678585178,0,0,0,0,0,0,0,0,0,193.055010680236,0,0,0,0,0,94.8881692391942,71.4788760670054,0,0,162.833808134102,139.792601838991
0,0,0,0,0,0,82.1742780037132,0,225.013371621378,94.126460729827,205.183249704085,0,333.645516435298,0,0,0,73.4795582048751,0,0,0,0,0,0,0,0,61.0664810463559,255.441154257905,353.822894641502,347.376449530863,0,0,0,0,82.6426202489162,97.5855511246009,173.059382066957,0,0,146.99041817625,113.059176128709,0
0,0,0,0,0,125.81518738273,0,0,0,0,253.401634605989,0,0,219.040656038919,269.936825670274,0,0,108.136066660554,0,137.189596148386,93.4234866874731,0,0,0,213.67670887414,0,0,146.814226519809,187.77054666536,300.031143529538,0,92.3502314520023,167.066576495979,89.3673883748406,231.715271819474,0,250.461724766314,118.522099274347,335.371040201042,0,96.7845769653343
0,0,0,0,0,0,0,0,220.963068032256,0,142.385058730083,0,0,0,58.3493451392805,0,0,0,196.04190773555,0,161.694997919804,0,0,213.67670887414,0,93.5029580098427,0,0,186.348837226466,0,159.183173818572,0,0,0,0,0,119.728129215699,0,0,0,0
321.124897279917,283.248188884028,0,115.868441404982,155.901486485736,138.33942793804,193.659409924573,284.529238481835,0,146.465927798921,177.763106506206,320.356811100276,0,263.534399241887,0,0,0,131.969743415579,151.01089327964,0,0,0,61.0664810463559,0,93.5029580098427,0,215.611029055736,0,0,219.430938885781,0,0,0,70.4221432298295,0,0,196.032358954952,0,0,195.314816908693,0
0,89.9429017381717,92.5568465385234,151.075371308616,163.945208919892,0,0,0,0,62.311273509377,173.538155409849,0,0,92.5207898118833,0,140.574866691684,0,0,0,115.541295036174,0,0,255.441154257905,0,0,215.611029055736,0,137.177378802006,0,161.74915061469,0,74.7304794244225,0,241.635434294794,0,0,120.567029282014,153.453047983244,321.864157986053,110.384905066973,179.718364159796
0,199.492852797962,172.892533368851,134.566479261133,0,104.915316975638,101.895308036513,67.8267069095267,0,198.964527389285,135.667029391615,262.382215657622,143.005810983322,94.9380989123498,0,217.157696745803,0,0,99.2646516363145,80.4367166559625,0,0,353.822894641502,146.814226519809,0,0,137.177378802006,0,188.851177466023,259.055025639447,0,95.7590805983148,0,188.936291522747,98.417953423071,251.098274723989,145.74089716123,106.926813611922,0,280.376028997576,96.5937438588657
195.378266313867,0,0,0,236.681907140956,0,0,0,133.218162784108,62.859596780235,94.7529894315991,338.131802716296,0,0,205.839960264176,0,219.078548227669,261.605527103798,0,111.226326353722,89.707245288964,0,347.376449530863,187.77054666536,186.348837226466,0,0,188.851177466023,0,0,0,0,0,204.481117647118,82.6299537488922,0,252.487290983309,84.3635741045246,0,99.3508940827211,226.825099357786
0,0,0,0,0,0,0,78.9559315574845,0,224.551207449728,0,109.093416850988,0,0,0,0,0,0,0,0,0,193.055010680236,0,300.031143529538,0,219.430938885781,161.74915061469,259.055025639447,0,0,0,0,0,0,0,0,221.805809452716,173.001559092555,135.294330067913,0,0
0,0,0,0,0,0,0,104.369974912428,0,0,0,0,0,0,0,90.1317194604647,0,0,0,0,0,0,0,0,159.183173818572,0,0,0,0,0,0,0,0,0,154.142998692322,0,0,114.511014214502,0,191.519780382943,0
0,0,0,0,0,0,0,0,72.2278283150671,0,0,0,0,0,0,0,0,0,0,163.059043292369,0,0,0,92.3502314520023,0,0,74.7304794244225,95.7590805983148,0,0,0,0,0,0,148.808626413748,314.611698427915,231.050882209,261.440278806413,0,119.345624434514,161.325017232684
0,0,0,0,0,0,0,0,0,0,0,241.57250333243,0,0,0,0,0,0,0,0,0,0,0,167.066576495979,0,0,0,0,0,0,0,0,0,0,171.906398392157,0,183.786860782462,0,113.144980278377,0,0
0,160.537522273714,168.241326865882,136.792307586862,0,208.005106191961,198.528111506785,323.781250289068,194.442125915551,85.6072705949986,184.249961885477,0,0,232.945974238958,124.853650664477,0,247.66948903751,0,0,345.797434674459,108.381749703452,0,82.6426202489162,89.3673883748406,0,70.4221432298295,241.635434294794,188.936291522747,204.481117647118,0,0,0,0,0,158.955087279859,165.597665022977,78.8552325762656,0,94.027247878695,111.435629183184,201.44584889478
195.822649557859,0,0,201.100640800745,306.344527664232,0,169.742003380707,0,101.85207633558,128.405764333981,0,240.185081663983,0,150.161410108805,276.620869034647,0,97.3232815600345,0,106.128596538706,0,192.693757128262,0,97.5855511246009,231.715271819474,0,0,0,98.417953423071,82.6299537488922,0,154.142998692322,148.808626413748,171.906398392157,158.955087279859,0,151.036729364761,98.2230592632363,103.519938150021,180.355266595273,139.93285932648,0
192.601533877686,0,0,325.937289045041,0,218.045528847001,0,289.631679007608,0,89.1590885155172,125.994729980093,214.116367924649,0,212.592150359921,0,0,136.685314494491,309.997227542691,0,0,117.208001126138,94.8881692391942,173.059382066957,0,0,0,0,251.098274723989,0,0,0,314.611698427915,0,165.597665022977,151.036729364761,0,158.567996645797,0,242.790381480436,0,0
0,0,85.7623170715703,0,357.423078228283,112.793316814908,153.609372090384,97.3506957544063,106.33736463831,153.876396855887,164.032723165762,0,0,180.543851962045,0,0,157.852515740516,193.777661225572,115.871357769661,76.5072790361762,0,71.4788760670054,0,250.461724766314,119.728129215699,196.032358954952,120.567029282014,145.74089716123,252.487290983309,221.805809452716,0,231.050882209,183.786860782462,78.8552325762656,98.2230592632363,158.567996645797,0,223.705816669619,200.878319874537,202.712457066107,206.472608421747
0,0,0,211.840482897052,0,161.302948562323,204.084074037941,146.770754374523,0,115.114253591495,101.605593487621,205.09013266389,0,0,0,0,0,0,241.682021696872,227.504408813069,0,0,0,118.522099274347,0,0,153.453047983244,106.926813611922,84.3635741045246,173.001559092555,114.511014214502,261.440278806413,0,0,103.519938150021,0,223.705816669619,0,329.719143597451,138.425725342224,0
0,0,0,0,0,206.912707094411,0,0,0,178.748963182352,0,87.8456058929559,0,0,0,74.5815074003433,0,0,0,0,0,0,146.99041817625,335.371040201042,0,0,321.864157986053,0,0,135.294330067913,0,0,113.144980278377,94.027247878695,180.355266595273,242.790381480436,200.878319874537,329.719143597451,0,112.349934713559,0
101.443495235174,171.230058197369,133.984214699576,0,0,0,154.784755881607,0,224.523755099568,160.530221557972,222.053792850439,0,0,0,151.695570509541,128.846764897717,0,0,0,192.135034768848,120.912756812582,162.833808134102,113.059176128709,0,0,195.314816908693,110.384905066973,280.376028997576,99.3508940827211,0,191.519780382943,119.345624434514,0,111.435629183184,139.93285932648,0,202.712457066107,138.425725342224,112.349934713559,0,71.5579325720569
0,101.350815329073,0,238.934743274142,0,178.224497384947,80.8080171296381,116.176698124939,173.201474590904,259.442917595754,181.316358113209,98.6790043377568,0,175.196329314064,186.973586461633,0,0,0,209.996727521564,0,0,139.792601838991,0,96.7845769653343,0,0,179.718364159796,96.5937438588657,226.825099357786,0,0,161.325017232684,0,201.44584889478,0,0,206.472608421747,0,0,71.5579325720569,0
