0,0,0,0,0,0,0,0,0,0,212.592150359921,125.994729980093,0,0,0,0,0,0,0,0,0,0,194.442125915551,0,0,0,329.719143597451,0,0,0,0,0,0,0,0,0,120.567029282014,0,0,142.385058730083,0
0,0,0,0,0,0,0,0,0,0,0,0,0,0,153.453047983244,159.183173818572,0,0,0,0,0,0,124.853650664477,178.224497384947,0,188.936291522747,0,0,0,0,0,0,0,161.275817184598,0,0,0,0,0,150.161410108805,0
0,0,0,0,0,0,0,0,0,94.7280504127031,0,0,0,0,0,0,0,0,0,347.376449530863,0,0,0,0,0,0,0,0,153.672550905948,0,0,173.538155409849,0,0,0,0,0,106.33736463831,0,0,0
0,0,0,0,0,0,0,0,0,0,0,143.005810983322,0,0,0,0,80.4367166559625,0,276.620869034647,96.7845769653343,0,0,196.032358954952,0,151.695570509541,0,0,0,0,0,0,0,0,115.194491798135,133.984214699576,186.973586461633,94.7529894315991,99.3508940827211,255.441154257905,104.915316975638,0
0,0,0,0,0,0,0,0,138.33942793804,0,0,335.371040201042,0,253.401634605989,0,0,135.294330067913,0,0,0,0,0,217.157696745803,0,0,0,62.859596780235,98.417953423071,252.487290983309,0,0,0,283.88658203332,0,0,0,115.114253591495,188.851177466023,85.6072705949986,238.934743274142,139.93285932648
0,0,0,0,0,0,283.248188884028,0,0,0,0,0,0,145.74089716123,179.718364159796,0,0,0,134.960780198024,0,0,0,154.065933476765,0,0,74.4197823064597,112.349934713559,73.1029054543569,82.6426202489162,161.302948562323,0,0,0,104.369974912428,0,0,67.8267069095267,300.031143529538,228.075434767255,0,0
0,0,0,0,0,283.248188884028,0,101.605593487621,172.892533368851,0,192.601533877686,0,0,249.905610015455,0,0,0,0,0,0,84.3635741045246,0,0,0,0,195.314816908693,0,106.533627130087,0,190.185165668632,0,0,0,0,0,0,146.465927798921,173.001559092555,0,259.442917595754,128.530575464043
0,0,0,0,0,0,101.605593487621,0,192.693757128262,155.901486485736,173.201474590904,0,0,0,0,0,0,0,0,0,220.963068032256,0,232.945974238958,0,0,97.5855511246009,323.781250289068,92.5207898118833,184.249961885477,0,0,78.8552325762656,0,0,220.901129804706,303.527509149359,223.705816669619,0,0,137.239127032733,197.893790332676
0,0,0,0,138.33942793804,0,172.892533368851,192.693757128262,0,0,0,0,0,134.566479261133,0,0,0,0,208.005106191961,0,0,0,0,0,0,81.2827395071039,0,345.797434674459,0,0,0,0,0,0,242.790381480436,0,151.036729364761,259.055025639447,0,164.032723165762,0
0,0,94.7280504127031,0,0,0,0,155.901486485736,0,0,108.381749703452,169.453147353278,163.059043292369,0,289.631679007608,100.812745974529,0,0,0,106.128596538706,0,0,146.814226519809,92.5568465385234,213.67670887414,0,112.823430872325,0,0,0,0,0,70.4221432298295,0,94.9380989123498,137.189596148386,0,116.054372245433,0,120.912756812582,205.09013266389
212.592150359921,0,0,0,0,0,192.601533877686,173.201474590904,0,108.381749703452,0,74.7304794244225,0,111.226326353722,222.053792850439,0,0,169.742003380707,0,0,0,151.075371308616,0,202.712457066107,0,167.066576495979,0,0,62.311273509377,0,0,0,0,93.4234866874731,125.416941482916,0,0,0,75.4497121078207,0,280.376028997576
125.994729980093,0,0,143.005810983322,335.371040201042,0,0,0,0,169.453147353278,74.7304794244225,0,0,0,160.537522273714,98.2230592632363,0,0,114.511014214502,0,0,0,193.055010680236,209.996727521564,0,133.218162784108,155.24952173131,161.74915061469,0,74.5815074003433,0,0,0,195.378266313867,119.728129215699,122.106946855269,154.070293657878,0,110.384905066973,197.486504603685,90.7216186966914
0,0,0,0,0,0,0,0,0,163.059043292369,0,0,0,0,0,0,0,0,0,116.176698124939,0,0,0,0,0,0,0,249.798812580765,0,0,0,0,0,0,241.635434294794,0,0,97.3506957544063,0,0,90.1317194604647
0,0,0,0,253.401634605989,145.74089716123,249.905610015455,0,134.566479261133,0,111.226326353722,0,0,0,0,320.356811100276,0,0,0,0,0,0,0,97.3232815600345,0,0,146.99041817625,82.1742780037132,114.649126378906,0,0,0,0,0,187.77054666536,353.822894641502,193.659409924573,0,0,165.893015276821,0
0,153.453047983244,0,0,0,179.718364159796,0,0,0,289.631679007608,222.053792850439,160.537522273714,0,0,0,0,0,0,0,0,0,0,0,157.852515740516,0,0,0,231.715271819474,171.230058197369,0,92.3502314520023,0,0,198.964527389285,0,0,0,135.667029391615,0,0,58.3493451392805
0,159.183173818572,0,0,0,0,0,0,0,100.812745974529,0,98.2230592632363,0,320.356811100276,0,0,0,0,0,0,0,0,0,158.955087279859,0,0,224.523755099568,321.864157986053,0,0,0,0,0,206.912707094411,0,0,241.682021696872,0,119.345624434514,89.9429017381717,0
0,0,0,80.4367166559625,135.294330067913,0,0,0,0,0,0,0,0,0,0,0,0,0,0,0,0,0,0,0,168.241326865882,95.7590805983148,0,0,226.825099357786,0,0,0,0,204.084074037941,199.492852797962,0,162.833808134102,309.997227542691,0,0,205.183249704085
0,0,0,0,0,0,0,0,0,0,169.742003380707,0,0,0,0,0,0,0,357.423078228283,0,0,0,0,0,0,128.846764897717,0,348.674510760064,0,0,0,0,0,103.519938150021,0,180.90030328818,192.135034768848,241.57250333243,0,0,175.196329314064
0,0,0,276.620869034647,0,134.960780198024,0,0,208.005106191961,0,0,114.511014214502,0,0,0,0,0,357.423078228283,0,200.878319874537,0,0,0,0,0,0,0,158.567996645797,0,73.4795582048751,0,0,0,0,191.519780382943,0,76.5072790361762,0,219.430938885781,139.654362654449,0
0,0,347.376449530863,96.7845769653343,0,0,0,0,0,106.128596538706,0,0,116.176698124939,0,0,0,0,0,200.878319874537,0,172.608400267715,0,146.770754374523,89.707245288964,81.9664354533492,247.66948903751,0,0,153.609372090384,0,0,0,0,338.131802716296,89.1590885155172,171.906398392157,201.44584889478,0,154.784755881607,61.0664810463559,0
0,0,0,0,0,0,84.3635741045246,220.963068032256,0,0,0,0,0,0,0,0,0,0,0,172.608400267715,0,0,201.100640800745,196.04190773555,0,141.204637091722,80.8080171296381,183.786860782462,0,261.605527103798,0,0,0,71.4788760670054,0,98.6790043377568,214.116367924649,0,0,0,306.344527664232
0,0,0,0,0,0,0,0,0,0,151.075371308616,0,0,0,0,0,0,0,0,0,0,0,0,0,0,0,269.936825670274,0,228.792310020318,0,0,251.098274723989,0,225.013371621378,0,0,211.840482897052,333.645516435298,0,0,174.013630695256
194.442125915551,124.853650664477,0,196.032358954952,217.157696745803,154.065933476765,0,232.945974238958,0,146.814226519809,0,193.055010680236,0,0,0,0,0,0,0,146.770754374523,201.100640800745,0,0,0,0,0,0,306.640284138334,0,0,0,0,0,0,215.611029055736,0,96.5937438588657,261.440278806413,160.530221557972,0,0
0,178.224497384947,0,0,0,0,0,0,0,92.5568465385234,202.712457066107,209.996727521564,0,97.3232815600345,157.852515740516,158.955087279859,0,0,0,89.707245288964,196.04190773555,0,0,0,0,325.937289045041,314.611698427915,250.461724766314,106.926813611922,0,71.5579325720569,0,0,321.124897279917,178.683678585178,153.876396855887,0,0,0,99.2646516363145,178.748963182352
0,0,0,151.695570509541,0,0,0,0,0,213.67670887414,0,0,0,0,0,0,168.241326865882,0,0,81.9664354533492,0,0,0,0,0,0,78.9559315574845,161.325017232684,115.868441404982,0,0,128.405764333981,0,0,177.763106506206,0,198.528111506785,0,0,0,0
0,188.936291522747,0,0,0,74.4197823064597,195.314816908693,97.5855511246009,81.2827395071039,0,167.066576495979,133.218162784108,0,0,0,0,95.7590805983148,128.846764897717,0,247.66948903751,141.204637091722,0,0,325.937289045041,0,0,0,206.472608421747,0,154.142998692322,0,0,0,231.050882209,115.871357769661,140.574866691684,163.945208919892,0,0,263.534399241887,124.698445421759
329.719143597451,0,0,0,62.859596780235,112.349934713559,0,323.781250289068,0,112.823430872325,0,155.24952173131,0,146.99041817625,0,224.523755099568,0,0,0,0,80.8080171296381,269.936825670274,0,314.611698427915,78.9559315574845,0,0,94.8881692391942,180.543851962045,0,180.355266595273,0,0,139.792601838991,113.144980278377,0,125.81518738273,0,87.8456058929559,219.040656038919,0
0,0,0,0,98.417953423071,73.1029054543569,106.533627130087,92.5207898118833,345.797434674459,0,0,161.74915061469,249.798812580765,82.1742780037132,231.715271819474,321.864157986053,0,348.674510760064,158.567996645797,0,183.786860782462,0,306.640284138334,250.461724766314,161.325017232684,206.472608421747,94.8881692391942,0,85.7623170715703,0,0,142.054529471577,0,109.093416850988,101.5853655613,181.316358113209,138.425725342224,0,193.63278243493,136.792307586862,93.5029580098427
0,0,153.672550905948,0,252.487290983309,82.6426202489162,0,184.249961885477,0,0,62.311273509377,0,0,114.649126378906,171.230058197369,0,226.825099357786,0,0,153.609372090384,0,228.792310020318,0,106.926813611922,115.868441404982,0,180.543851962045,85.7623170715703,0,137.177378802006,0,108.136066660554,0,89.3673883748406,82.4756938751058,262.382215657622,101.85207633558,0,205.839960264176,0,0
0,0,0,0,0,161.302948562323,190.185165668632,0,0,0,0,74.5815074003433,0,0,0,0,0,0,73.4795582048751,0,261.605527103798,0,0,0,0,154.142998692322,0,0,137.177378802006,0,0,0,0,195.822649557859,0,0,0,72.2278283150671,0,161.694997919804,66.5008477853491
0,0,0,0,0,0,0,0,0,0,0,0,0,0,92.3502314520023,0,0,0,0,0,0,0,0,71.5579325720569,0,0,180.355266595273,0,0,0,0,0,0,0,224.551207449728,0,131.969743415579,118.522099274347,0,0,0
0,0,173.538155409849,0,0,0,0,78.8552325762656,0,0,0,0,0,0,0,0,0,0,0,0,0,251.098274723989,0,0,128.405764333981,0,0,142.054529471577,108.136066660554,0,0,0,0,204.481117647118,0,236.681907140956,0,0,165.597665022977,173.059382066957,101.895308036513
0,0,0,0,283.88658203332,0,0,0,0,70.4221432298295,0,0,0,0,0,0,0,0,0,0,0,0,0,0,0,0,0,0,0,0,0,0,0,0,0,101.350815329073,115.332064605654,0,0,218.045528847001,0
0,161.275817184598,0,115.194491798135,0,104.369974912428,0,0,0,0,93.4234866874731,195.378266313867,0,0,198.964527389285,206.912707094411,204.084074037941,103.519938150021,0,338.131802716296,71.4788760670054,225.013371621378,0,321.124897279917,0,231.050882209,139.792601838991,109.093416850988,89.3673883748406,195.822649557859,0,204.481117647118,0,0,101.443495235174,94.126460729827,117.208001126138,219.078548227669,193.777661225572,151.806152521152,186.348837226466
0,0,0,133.984214699576,0,0,0,220.901129804706,242.790381480436,94.9380989123498,125.416941482916,119.728129215699,241.635434294794,187.77054666536,0,0,199.492852797962,0,191.519780382943,89.1590885155172,0,0,215.611029055736,178.683678585178,177.763106506206,115.871357769661,113.144980278377,101.5853655613,82.4756938751058,0,224.551207449728,0,0,101.443495235174,0,115.541295036174,111.435629183184,113.059176128709,94.027247878695,82.6299537488922,0
0,0,0,186.973586461633,0,0,0,303.527509149359,0,137.189596148386,0,122.106946855269,0,353.822894641502,0,0,0,180.90030328818,0,171.906398392157,98.6790043377568,0,0,153.876396855887,0,140.574866691684,0,181.316358113209,262.382215657622,0,0,236.681907140956,101.350815329073,94.126460729827,115.541295036174,0,240.185081663983,284.529238481835,0,148.808626413748,0
120.567029282014,0,0,94.7529894315991,115.114253591495,67.8267069095267,146.465927798921,223.705816669619,151.036729364761,0,0,154.070293657878,0,193.659409924573,0,241.682021696872,162.833808134102,192.135034768848,76.5072790361762,201.44584889478,214.116367924649,211.840482897052,96.5937438588657,0,198.528111506785,163.945208919892,125.81518738273,138.425725342224,101.85207633558,0,131.969743415579,0,115.332064605654,117.208001126138,111.435629183184,240.185081663983,0,112.793316814908,0,151.01089327964,227.504408813069
0,0,106.33736463831,99.3508940827211,188.851177466023,300.031143529538,173.001559092555,0,259.055025639447,116.054372245433,0,0,97.3506957544063,0,135.667029391615,0,309.997227542691,241.57250333243,0,0,0,333.645516435298,261.440278806413,0,0,0,0,0,0,72.2278283150671,118.522099274347,0,0,219.078548227669,113.059176128709,284.529238481835,112.793316814908,0,0,0,136.685314494491
0,0,0,255.441154257905,85.6072705949986,228.075434767255,0,0,0,0,75.4497121078207,110.384905066973,0,0,0,119.345624434514,0,0,219.430938885781,154.784755881607,0,0,160.530221557972,0,0,0,87.8456058929559,193.63278243493,205.839960264176,0,0,165.597665022977,0,193.777661225572,94.027247878695,0,0,0,0,0,0
142.385058730083,150.161410108805,0,104.915316975638,238.934743274142,0,259.442917595754,137.239127032733,164.032723165762,120.912756812582,0,197.486504603685,0,165.893015276821,0,89.9429017381717,0,0,139.654362654449,61.0664810463559,0,0,0,99.2646516363145,0,263.534399241887,219.040656038919,136.792307586862,0,161.694997919804,0,173.059382066957,218.045528847001,151.806152521152,82.6299537488922,148.808626413748,151.01089327964,0,0,0,221.805809452716
0,0,0,0,139.93285932648,0,128.530575464043,197.893790332676,0,205.09013266389,280.376028997576,90.7216186966914,90.1317194604647,0,58.3493451392805,0,205.183249704085,175.196329314064,0,0,306.344527664232,174.013630695256,0,178.748963182352,0,124.698445421759,0,93.5029580098427,0,66.5008477853491,0,101.895308036513,0,186.348837226466,0,0,227.504408813069,136.685314494491,0,221.805809452716,0
