0,0,0,0,0,0,0,0,0,0,116.054372245433,151.695570509541,0,0,0,208.005106191961,0,0,0,0,321.864157986053,0,0,0,0,0,0,0,0,0,0,0,0,187.77054666536,0,0,0,154.784755881607,0,0,0
0,0,0,240.185081663983,0,0,0,0,0,0,0,115.868441404982,0,0,0,0,108.136066660554,0,0,0,87.8456058929559,0,0,0,0,0,0,0,0,0,231.050882209,197.893790332676,0,0,0,0,138.33942793804,0,0,0,0
0,0,0,0,0,116.176698124939,0,0,0,0,0,0,0,0,0,0,0,0,0,0,0,0,0,142.385058730083,0,0,137.239127032733,0,0,0,0,0,0,205.839960264176,0,0,0,0,0,158.955087279859,0
0,240.185081663983,0,0,82.6299537488922,0,0,0,0,0,0,0,0,0,0,135.667029391615,0,0,0,0,74.7304794244225,0,0,195.378266313867,134.566479261133,95.7590805983148,201.44584889478,201.100640800745,0,0,0,0,0,161.694997919804,325.937289045041,219.078548227669,0,0,0,178.748963182352,0
0,0,0,82.6299537488922,0,0,173.201474590904,0,0,161.275817184598,0,0,0,0,0,0,193.659409924573,0,0,0,0,0,0,180.90030328818,94.8881692391942,169.453147353278,0,309.997227542691,154.070293657878,111.435629183184,0,0,0,0,0,0,101.605593487621,76.5072790361762,195.822649557859,0,155.24952173131
0,0,116.176698124939,0,0,0,0,142.054529471577,0,0,0,153.453047983244,0,104.915316975638,0,0,0,0,300.031143529538,0,188.851177466023,0,0,0,0,0,0,198.528111506785,0,0,0,226.825099357786,0,0,92.5568465385234,228.075434767255,96.7845769653343,78.9559315574845,0,348.674510760064,249.798812580765
0,0,0,0,173.201474590904,0,0,0,0,139.93285932648,0,0,0,0,173.059382066957,0,242.790381480436,0,118.522099274347,62.311273509377,0,0,0,251.098274723989,0,0,106.926813611922,323.781250289068,196.032358954952,228.792310020318,0,0,0,128.846764897717,0,345.797434674459,0,0,0,0,0
0,0,0,0,0,142.054529471577,0,0,220.963068032256,0,101.85207633558,106.33736463831,0,0,0,0,0,0,160.537522273714,0,184.249961885477,0,89.707245288964,0,0,85.6072705949986,125.416941482916,136.685314494491,0,0,193.63278243493,0,0,0,218.045528847001,62.859596780235,261.605527103798,0,0,122.106946855269,94.9380989123498
0,0,0,0,0,0,0,220.963068032256,0,0,0,94.027247878695,0,163.059043292369,227.504408813069,0,0,0,0,0,0,0,0,0,101.5853655613,0,115.541295036174,0,0,0,139.792601838991,0,0,0,101.895308036513,0,0,161.74915061469,0,220.901129804706,153.609372090384
0,0,0,0,161.275817184598,0,139.93285932648,0,0,0,71.4788760670054,0,0,84.3635741045246,0,0,0,174.013630695256,0,115.194491798135,283.88658203332,0,178.683678585178,103.519938150021,0,0,0,181.316358113209,0,241.57250333243,0,0,303.527509149359,94.126460729827,186.973586461633,0,112.349934713559,155.901486485736,247.66948903751,0,119.728129215699
116.054372245433,0,0,0,0,0,0,101.85207633558,0,71.4788760670054,0,125.994729980093,0,224.523755099568,0,0,0,0,0,0,110.384905066973,0,128.405764333981,0,0,0,135.294330067913,0,98.417953423071,0,0,0,0,259.442917595754,124.698445421759,231.715271819474,96.5937438588657,112.793316814908,0,124.853650664477,190.185165668632
151.695570509541,115.868441404982,0,0,0,153.453047983244,0,106.33736463831,94.027247878695,0,125.994729980093,0,0,0,151.01089327964,0,217.157696745803,0,0,115.332064605654,200.878319874537,0,192.135034768848,0,97.5855511246009,93.5029580098427,0,165.893015276821,157.852515740516,0,0,333.645516435298,0,133.218162784108,222.053792850439,0,161.325017232684,93.4234866874731,0,154.065933476765,0
0,0,0,0,0,0,0,0,0,0,0,0,0,0,0,0,0,0,0,0,0,0,0,0,0,0,0,74.5815074003433,0,0,0,0,0,106.533627130087,0,0,75.4497121078207,0,211.840482897052,114.511014214502,82.4756938751058
0,0,0,0,0,104.915316975638,0,0,163.059043292369,84.3635741045246,224.523755099568,0,0,0,0,0,0,82.1742780037132,0,104.369974912428,0,0,162.833808134102,0,0,0,151.075371308616,195.314816908693,0,0,0,0,0,0,0,111.226326353722,169.742003380707,148.808626413748,253.401634605989,151.806152521152,0
0,0,0,0,0,0,173.059382066957,0,227.504408813069,0,0,151.01089327964,0,0,0,0,139.654362654449,66.5008477853491,0,114.649126378906,0,0,0,108.381749703452,0,0,0,0,196.04190773555,0,0,158.567996645797,0,113.144980278377,94.7280504127031,0,206.912707094411,0,0,0,0
208.005106191961,0,0,135.667029391615,0,0,0,0,0,0,0,0,0,0,0,0,0,0,173.001559092555,306.344527664232,0,0,0,0,0,213.67670887414,198.964527389285,112.823430872325,320.356811100276,0,0,0,0,223.705816669619,85.7623170715703,0,117.208001126138,0,0,0,0
0,108.136066660554,0,0,193.659409924573,0,242.790381480436,0,0,0,0,217.157696745803,0,0,139.654362654449,0,0,0,0,0,0,0,0,0,0,0,80.8080171296381,204.084074037941,78.8552325762656,0,0,0,0,0,0,0,0,0,177.763106506206,0,329.719143597451
0,0,0,0,0,0,0,0,0,174.013630695256,0,0,0,82.1742780037132,66.5008477853491,0,0,0,0,61.0664810463559,0,0,0,0,0,205.183249704085,0,232.945974238958,0,0,0,0,0,0,0,125.81518738273,0,146.770754374523,0,168.241326865882,0
0,0,0,0,0,300.031143529538,118.522099274347,160.537522273714,0,0,0,0,0,0,0,173.001559092555,0,0,0,0,0,0,0,74.4197823064597,0,0,289.631679007608,0,81.9664354533492,0,0,347.376449530863,0,199.492852797962,238.934743274142,0,146.465927798921,0,0,159.183173818572,0
0,0,0,0,0,0,62.311273509377,0,0,115.194491798135,0,115.332064605654,0,104.369974912428,114.649126378906,306.344527664232,0,61.0664810463559,0,0,58.3493451392805,137.189596148386,0,89.1590885155172,89.9429017381717,357.423078228283,97.3232815600345,0,353.822894641502,192.693757128262,0,0,0,0,338.131802716296,0,236.681907140956,0,0,0,0
321.864157986053,87.8456058929559,0,74.7304794244225,0,188.851177466023,0,184.249961885477,0,283.88658203332,110.384905066973,200.878319874537,0,0,0,0,0,0,0,58.3493451392805,0,0,0,0,0,0,0,284.529238481835,0,0,0,0,0,261.440278806413,0,0,163.945208919892,0,0,193.055010680236,0
0,0,0,0,0,0,0,0,0,0,0,0,0,0,0,0,0,0,0,137.189596148386,0,0,0,0,0,109.093416850988,0,321.124897279917,188.936291522747,0,0,0,0,138.425725342224,202.712457066107,0,0,0,0,133.984214699576,250.461724766314
0,0,0,0,0,0,0,89.707245288964,0,178.683678585178,128.405764333981,192.135034768848,0,162.833808134102,0,0,0,0,0,0,0,0,0,0,0,145.74089716123,0,224.551207449728,167.066576495979,209.996727521564,0,0,0,0,269.936825670274,0,205.09013266389,113.059176128709,160.530221557972,99.2646516363145,101.350815329073
0,0,142.385058730083,195.378266313867,180.90030328818,0,251.098274723989,0,0,103.519938150021,0,0,0,0,108.381749703452,0,0,0,74.4197823064597,89.1590885155172,0,0,0,0,0,101.443495235174,73.1029054543569,141.204637091722,0,0,0,0,0,98.6790043377568,204.481117647118,225.013371621378,214.116367924649,206.472608421747,186.348837226466,146.99041817625,193.777661225572
0,0,0,134.566479261133,94.8881692391942,0,0,0,101.5853655613,0,0,97.5855511246009,0,0,0,0,0,0,0,89.9429017381717,0,0,0,0,0,221.805809452716,241.682021696872,0,0,0,0,0,0,0,0,0,82.6426202489162,71.5579325720569,0,153.672550905948,0
0,0,0,95.7590805983148,169.453147353278,0,0,85.6072705949986,0,0,0,93.5029580098427,0,0,0,213.67670887414,0,205.183249704085,0,357.423078228283,0,109.093416850988,145.74089716123,101.443495235174,221.805809452716,0,0,178.224497384947,89.3673883748406,0,219.040656038919,0,0,90.7216186966914,0,92.5207898118833,154.142998692322,192.601533877686,94.7529894315991,0,106.128596538706
0,0,137.239127032733,201.44584889478,0,0,106.926813611922,125.416941482916,115.541295036174,0,135.294330067913,0,0,151.075371308616,0,198.964527389285,80.8080171296381,0,289.631679007608,97.3232815600345,0,0,0,73.1029054543569,241.682021696872,0,0,215.611029055736,0,0,0,0,0,0,81.2827395071039,280.376028997576,335.371040201042,165.597665022977,99.3508940827211,0,92.3502314520023
0,0,0,201.100640800745,309.997227542691,198.528111506785,323.781250289068,136.685314494491,0,181.316358113209,0,165.893015276821,74.5815074003433,195.314816908693,0,112.823430872325,204.084074037941,232.945974238958,0,0,284.529238481835,321.124897279917,224.551207449728,141.204637091722,0,178.224497384947,215.611029055736,0,0,150.161410108805,0,153.876396855887,0,164.032723165762,259.055025639447,172.892533368851,97.3506957544063,283.248188884028,161.302948562323,180.355266595273,0
0,0,0,0,154.070293657878,0,196.032358954952,0,0,0,98.417953423071,157.852515740516,0,0,196.04190773555,320.356811100276,78.8552325762656,0,81.9664354533492,353.822894641502,0,188.936291522747,167.066576495979,0,0,89.3673883748406,0,0,0,98.2230592632363,0,100.812745974529,0,249.905610015455,0,262.382215657622,252.487290983309,180.543851962045,120.567029282014,173.538155409849,73.4795582048751
0,0,0,0,111.435629183184,0,228.792310020318,0,0,241.57250333243,0,0,0,0,0,0,0,0,0,192.693757128262,0,0,209.996727521564,0,0,0,0,150.161410108805,98.2230592632363,0,0,0,241.635434294794,0,143.005810983322,0,212.592150359921,0,0,0,172.608400267715
0,231.050882209,0,0,0,0,0,193.63278243493,139.792601838991,0,0,0,0,0,0,0,0,0,0,0,0,0,0,0,0,219.040656038919,0,0,0,0,0,0,0,0,0,0,115.114253591495,0,0,119.345624434514,0
0,197.893790332676,0,0,0,226.825099357786,0,0,0,0,0,333.645516435298,0,0,158.567996645797,0,0,0,347.376449530863,0,0,0,0,0,0,0,0,153.876396855887,100.812745974529,0,0,0,0,171.230058197369,137.177378802006,146.814226519809,255.441154257905,0,0,0,0
0,0,0,0,0,0,0,0,0,303.527509149359,0,0,0,0,0,0,0,0,0,0,0,0,0,0,0,0,0,0,0,241.635434294794,0,0,0,80.4367166559625,90.1317194604647,0,0,128.530575464043,0,0,0
187.77054666536,0,205.839960264176,161.694997919804,0,0,128.846764897717,0,0,94.126460729827,259.442917595754,133.218162784108,106.533627130087,0,113.144980278377,223.705816669619,0,0,199.492852797962,0,261.440278806413,138.425725342224,0,98.6790043377568,0,90.7216186966914,0,164.032723165762,249.905610015455,0,0,171.230058197369,80.4367166559625,0,120.912756812582,175.196329314064,140.574866691684,263.534399241887,306.640284138334,151.036729364761,70.4221432298295
0,0,0,325.937289045041,0,92.5568465385234,0,218.045528847001,101.895308036513,186.973586461633,124.698445421759,222.053792850439,0,0,94.7280504127031,85.7623170715703,0,0,238.934743274142,338.131802716296,0,202.712457066107,269.936825670274,204.481117647118,0,0,81.2827395071039,259.055025639447,0,143.005810983322,0,137.177378802006,90.1317194604647,120.912756812582,0,134.960780198024,131.969743415579,0,314.611698427915,276.620869034647,197.486504603685
0,0,0,219.078548227669,0,228.075434767255,345.797434674459,62.859596780235,0,0,231.715271819474,0,0,111.226326353722,0,0,0,125.81518738273,0,0,0,0,0,225.013371621378,0,92.5207898118833,280.376028997576,172.892533368851,262.382215657622,0,0,146.814226519809,0,175.196329314064,134.960780198024,0,136.792307586862,183.786860782462,0,67.8267069095267,194.442125915551
0,138.33942793804,0,0,101.605593487621,96.7845769653343,0,261.605527103798,0,112.349934713559,96.5937438588657,161.325017232684,75.4497121078207,169.742003380707,206.912707094411,117.208001126138,0,0,146.465927798921,236.681907140956,163.945208919892,0,205.09013266389,214.116367924649,82.6426202489162,154.142998692322,335.371040201042,97.3506957544063,252.487290983309,212.592150359921,115.114253591495,255.441154257905,0,140.574866691684,131.969743415579,136.792307586862,0,72.2278283150671,0,179.718364159796,115.871357769661
154.784755881607,0,0,0,76.5072790361762,78.9559315574845,0,0,161.74915061469,155.901486485736,112.793316814908,93.4234866874731,0,148.808626413748,0,0,0,146.770754374523,0,0,0,0,113.059176128709,206.472608421747,71.5579325720569,192.601533877686,165.597665022977,283.248188884028,180.543851962045,0,0,0,128.530575464043,263.534399241887,0,183.786860782462,72.2278283150671,0,0,0,0
0,0,0,0,195.822649557859,0,0,0,0,247.66948903751,0,0,211.840482897052,253.401634605989,0,0,177.763106506206,0,0,0,0,0,160.530221557972,186.348837226466,0,94.7529894315991,99.3508940827211,161.302948562323,120.567029282014,0,0,0,0,306.640284138334,314.611698427915,0,0,0,0,191.519780382943,171.906398392157
0,0,158.955087279859,178.748963182352,0,348.674510760064,0,122.106946855269,220.901129804706,0,124.853650664477,154.065933476765,114.511014214502,151.806152521152,0,0,0,168.241326865882,159.183173818572,0,193.055010680236,133.984214699576,99.2646516363145,146.99041817625,153.672550905948,0,0,180.355266595273,173.538155409849,0,119.345624434514,0,0,151.036729364761,276.620869034647,67.8267069095267,179.718364159796,0,191.519780382943,0,219.430938885781
0,0,0,0,155.24952173131,249.798812580765,0,94.9380989123498,153.609372090384,119.728129215699,190.185165668632,0,82.4756938751058,0,0,0,329.719143597451,0,0,0,0,250.461724766314,101.350815329073,193.777661225572,0,106.128596538706,92.3502314520023,0,73.4795582048751,172.608400267715,0,0,0,70.4221432298295,197.486504603685,194.442125915551,115.871357769661,0,171.906398392157,219.430938885781,0
