0,0,0,0,0,0,0,0,0,0,142.385058730083,0,118.522099274347,0,0,0,0,0,0,0,0,157.852515740516,0,0,0,0,146.814226519809,0,0,0,0,0,0,0,191.519780382943,0,0,0,0,108.136066660554,0
0,0,0,0,0,0,0,0,0,84.3635741045246,212.592150359921,0,0,0,0,0,0,0,0,0,0,0,0,252.487290983309,0,0,0,249.798812580765,0,0,0,261.440278806413,0,0,0,0,101.443495235174,94.126460729827,0,0,0
0,0,0,0,0,0,0,0,0,187.77054666536,0,0,0,0,0,206.912707094411,169.742003380707,0,0,0,0,0,0,0,0,0,321.864157986053,0,0,0,0,0,0,0,0,0,0,0,0,0,151.695570509541
0,0,0,0,0,0,92.5568465385234,0,0,0,0,178.224497384947,0,204.084074037941,0,347.376449530863,0,103.519938150021,208.005106191961,100.812745974529,71.5579325720569,0,0,0,0,0,0,161.694997919804,89.707245288964,175.196329314064,0,0,0,0,94.7280504127031,0,0,0,0,0,101.85207633558
0,0,0,0,0,0,325.937289045041,0,0,0,0,0,0,94.027247878695,0,0,0,0,0,0,223.705816669619,0,0,173.001559092555,196.032358954952,0,192.601533877686,143.005810983322,173.059382066957,261.605527103798,0,227.504408813069,0,0,0,320.356811100276,163.945208919892,0,138.425725342224,215.611029055736,0
0,0,0,0,0,0,137.177378802006,0,0,0,0,139.654362654449,218.045528847001,0,0,0,146.465927798921,82.4756938751058,0,0,180.543851962045,0,165.597665022977,0,75.4497121078207,0,0,97.3232815600345,87.8456058929559,0,0,0,0,135.294330067913,0,0,195.822649557859,0,140.574866691684,309.997227542691,0
0,0,0,92.5568465385234,325.937289045041,137.177378802006,0,0,0,161.74915061469,0,138.33942793804,0,0,0,0,0,0,0,159.183173818572,0,0,161.302948562323,0,0,74.4197823064597,0,0,0,0,0,0,0,0,192.693757128262,338.131802716296,201.100640800745,0,0,224.551207449728,163.059043292369
0,0,0,0,0,0,0,0,195.314816908693,0,0,0,104.369974912428,0,0,0,141.204637091722,0,0,0,0,231.050882209,0,70.4221432298295,0,58.3493451392805,186.348837226466,321.124897279917,134.960780198024,0,0,115.332064605654,0,197.893790332676,195.378266313867,122.106946855269,85.6072705949986,323.781250289068,0,0,99.2646516363145
0,0,0,0,0,0,0,195.314816908693,0,0,0,0,160.537522273714,0,0,158.955087279859,0,0,306.640284138334,0,0,0,164.032723165762,183.786860782462,0,169.453147353278,0,0,82.1742780037132,0,0,0,0,0,219.040656038919,0,192.135034768848,0,0,202.712457066107,0
0,84.3635741045246,187.77054666536,0,0,0,161.74915061469,0,0,0,110.384905066973,0,0,0,0,0,89.9429017381717,0,0,0,306.344527664232,0,0,0,98.2230592632363,82.6299537488922,0,124.698445421759,179.718364159796,0,231.715271819474,0,0,61.0664810463559,0,115.868441404982,101.5853655613,206.472608421747,303.527509149359,201.44584889478,181.316358113209
142.385058730083,212.592150359921,0,0,0,0,0,0,0,110.384905066973,0,142.054529471577,0,125.81518738273,74.7304794244225,0,0,0,0,0,0,0,115.871357769661,116.176698124939,0,101.895308036513,314.611698427915,263.534399241887,99.3508940827211,0,62.859596780235,0,0,0,200.878319874537,0,0,0,0,82.6426202489162,148.808626413748
0,0,0,178.224497384947,0,139.654362654449,138.33942793804,0,0,0,142.054529471577,0,0,0,190.185165668632,80.4367166559625,0,300.031143529538,0,241.682021696872,0,81.9664354533492,240.185081663983,0,112.349934713559,335.371040201042,259.442917595754,329.719143597451,0,0,0,101.605593487621,0,97.5855511246009,172.892533368851,158.567996645797,251.098274723989,289.631679007608,0,108.381749703452,0
118.522099274347,0,0,0,0,218.045528847001,0,104.369974912428,160.537522273714,0,0,0,0,0,0,0,0,0,0,0,0,0,0,0,0,0,0,0,0,0,0,154.065933476765,0,0,0,0,0,0,0,96.5937438588657,0
0,0,0,204.084074037941,94.027247878695,0,0,0,0,0,125.81518738273,0,0,0,0,0,0,250.461724766314,0,125.416941482916,0,0,0,348.674510760064,0,0,150.161410108805,259.055025639447,125.994729980093,247.66948903751,0,186.973586461633,0,0,0,238.934743274142,241.57250333243,0,0,0,106.533627130087
0,0,0,0,0,0,0,0,0,0,74.7304794244225,190.185165668632,0,0,0,0,114.511014214502,0,0,0,0,0,0,153.609372090384,0,220.963068032256,113.059176128709,0,151.036729364761,0,0,0,0,284.529238481835,73.1029054543569,0,0,92.5207898118833,172.608400267715,333.645516435298,0
0,0,206.912707094411,347.376449530863,0,0,0,0,158.955087279859,0,0,80.4367166559625,0,0,0,0,0,0,0,0,0,119.345624434514,220.901129804706,0,0,0,0,205.09013266389,0,0,0,0,0,0,0,137.189596148386,78.9559315574845,174.013630695256,0,90.1317194604647,0
0,0,169.742003380707,0,0,146.465927798921,0,141.204637091722,0,89.9429017381717,0,0,0,0,114.511014214502,0,0,0,0,0,0,0,0,0,0,0,0,74.5815074003433,0,0,0,0,0,153.876396855887,117.208001126138,0,133.218162784108,221.805809452716,0,0,0
0,0,0,103.519938150021,0,82.4756938751058,0,0,0,0,0,300.031143529538,0,250.461724766314,0,0,0,0,0,0,94.8881692391942,0,0,0,0,0,0,0,0,0,0,0,0,0,0,226.825099357786,0,94.7529894315991,0,168.241326865882,178.683678585178
0,0,0,208.005106191961,0,0,0,0,306.640284138334,0,0,0,0,0,0,0,0,0,0,162.833808134102,0,0,269.936825670274,228.075434767255,0,106.926813611922,0,0,0,0,0,0,0,92.3502314520023,167.066576495979,228.792310020318,112.793316814908,0,0,104.915316975638,171.906398392157
0,0,0,100.812745974529,0,0,159.183173818572,0,0,0,0,241.682021696872,0,125.416941482916,0,0,0,0,162.833808134102,0,109.093416850988,0,0,0,0,93.5029580098427,85.7623170715703,76.5072790361762,145.74089716123,0,0,0,154.142998692322,211.840482897052,89.3673883748406,155.24952173131,198.528111506785,0,0,178.748963182352,90.7216186966914
0,0,0,71.5579325720569,223.705816669619,180.543851962045,0,0,0,306.344527664232,0,0,0,0,0,0,0,94.8881692391942,0,109.093416850988,0,0,0,0,0,197.486504603685,241.635434294794,0,62.311273509377,0,0,0,180.90030328818,173.201474590904,78.8552325762656,0,276.620869034647,0,0,0,0
157.852515740516,0,0,0,0,0,0,231.050882209,0,0,0,81.9664354533492,0,0,0,119.345624434514,0,0,0,0,0,0,0,236.681907140956,0,0,0,0,0,0,0,0,0,0,124.853650664477,0,120.567029282014,134.566479261133,0,0,0
0,0,0,0,0,165.597665022977,161.302948562323,0,164.032723165762,0,115.871357769661,240.185081663983,0,0,0,220.901129804706,0,0,269.936825670274,0,0,0,0,151.075371308616,71.4788760670054,155.901486485736,154.070293657878,113.144980278377,0,0,0,249.905610015455,0,0,161.325017232684,0,0,0,0,225.013371621378,0
0,252.487290983309,0,0,173.001559092555,0,0,70.4221432298295,183.786860782462,0,116.176698124939,0,0,348.674510760064,153.609372090384,0,0,0,228.075434767255,0,0,236.681907140956,151.075371308616,0,0,196.04190773555,0,198.964527389285,81.2827395071039,0,0,0,0,153.453047983244,97.3506957544063,232.945974238958,137.239127032733,0,98.6790043377568,0,111.435629183184
0,0,0,0,196.032358954952,75.4497121078207,0,0,0,98.2230592632363,0,112.349934713559,0,0,0,0,0,0,0,0,0,0,71.4788760670054,0,0,0,0,73.4795582048751,0,0,0,0,0,214.116367924649,0,0,95.7590805983148,0,89.1590885155172,0,139.93285932648
0,0,0,0,0,0,74.4197823064597,58.3493451392805,169.453147353278,82.6299537488922,101.895308036513,335.371040201042,0,0,220.963068032256,0,0,0,106.926813611922,93.5029580098427,197.486504603685,0,155.901486485736,196.04190773555,0,0,0,112.823430872325,184.249961885477,0,0,0,0,131.969743415579,213.67670887414,242.790381480436,119.728129215699,353.822894641502,0,0,357.423078228283
146.814226519809,0,321.864157986053,0,192.601533877686,0,0,186.348837226466,0,0,314.611698427915,259.442917595754,0,150.161410108805,113.059176128709,0,0,0,0,85.7623170715703,241.635434294794,0,154.070293657878,0,0,0,0,93.4234866874731,0,199.492852797962,0,0,0,114.649126378906,151.806152521152,80.8080171296381,165.893015276821,115.194491798135,222.053792850439,0,253.401634605989
0,249.798812580765,0,161.694997919804,143.005810983322,97.3232815600345,0,321.124897279917,0,124.698445421759,263.534399241887,329.719143597451,0,259.055025639447,0,205.09013266389,74.5815074003433,0,0,76.5072790361762,0,0,113.144980278377,198.964527389285,73.4795582048751,112.823430872325,93.4234866874731,0,154.784755881607,139.792601838991,72.2278283150671,111.226326353722,0,217.157696745803,180.355266595273,0,136.685314494491,193.63278243493,0,133.984214699576,116.054372245433
0,0,0,89.707245288964,173.059382066957,87.8456058929559,0,134.960780198024,82.1742780037132,179.718364159796,99.3508940827211,0,0,125.994729980093,151.036729364761,0,0,0,0,145.74089716123,62.311273509377,0,0,81.2827395071039,0,184.249961885477,0,154.784755881607,0,0,0,0,160.530221557972,209.996727521564,0,173.538155409849,96.7845769653343,0,194.442125915551,188.851177466023,153.672550905948
0,0,0,175.196329314064,261.605527103798,0,0,0,0,0,0,0,0,247.66948903751,0,0,0,0,0,0,0,0,0,0,0,0,199.492852797962,139.792601838991,0,0,0,0,0,283.248188884028,262.382215657622,283.88658203332,0,146.770754374523,67.8267069095267,0,255.441154257905
0,0,0,0,0,0,0,0,0,231.715271819474,62.859596780235,0,0,0,0,0,0,0,0,0,0,0,0,0,0,0,0,72.2278283150671,0,0,0,0,0,66.5008477853491,0,0,120.912756812582,177.763106506206,0,0,0
0,261.440278806413,0,0,227.504408813069,0,0,115.332064605654,0,0,0,101.605593487621,154.065933476765,186.973586461633,0,0,0,0,0,0,0,0,249.905610015455,0,0,0,0,111.226326353722,0,0,0,0,0,106.128596538706,0,0,115.114253591495,0,0,205.839960264176,0
0,0,0,0,0,0,0,0,0,0,0,0,0,0,0,0,0,0,0,154.142998692322,180.90030328818,0,0,0,0,0,0,0,160.530221557972,0,0,0,0,204.481117647118,0,0,0,0,135.667029391615,0,0
0,0,0,0,0,135.294330067913,0,197.893790332676,0,61.0664810463559,0,97.5855511246009,0,0,284.529238481835,0,153.876396855887,0,92.3502314520023,211.840482897052,173.201474590904,0,0,153.453047983244,214.116367924649,131.969743415579,114.649126378906,217.157696745803,209.996727521564,283.248188884028,66.5008477853491,106.128596538706,204.481117647118,0,128.846764897717,219.078548227669,94.9380989123498,98.417953423071,101.350815329073,188.936291522747,193.777661225572
191.519780382943,0,0,94.7280504127031,0,0,192.693757128262,195.378266313867,219.040656038919,0,200.878319874537,172.892533368851,0,0,73.1029054543569,0,117.208001126138,0,167.066576495979,89.3673883748406,78.8552325762656,124.853650664477,161.325017232684,97.3506957544063,0,213.67670887414,151.806152521152,180.355266595273,0,262.382215657622,0,0,0,128.846764897717,0,0,136.792307586862,171.230058197369,151.01089327964,106.33736463831,128.530575464043
0,0,0,0,320.356811100276,0,338.131802716296,122.106946855269,0,115.868441404982,0,158.567996645797,0,238.934743274142,0,137.189596148386,0,226.825099357786,228.792310020318,155.24952173131,0,0,0,232.945974238958,0,242.790381480436,80.8080171296381,0,173.538155409849,283.88658203332,0,0,0,219.078548227669,0,0,115.541295036174,205.183249704085,0,219.430938885781,0
0,101.443495235174,0,0,163.945208919892,195.822649557859,201.100640800745,85.6072705949986,192.135034768848,101.5853655613,0,251.098274723989,0,241.57250333243,0,78.9559315574845,133.218162784108,0,112.793316814908,198.528111506785,276.620869034647,120.567029282014,0,137.239127032733,95.7590805983148,119.728129215699,165.893015276821,136.685314494491,96.7845769653343,0,120.912756812582,115.114253591495,0,94.9380989123498,136.792307586862,115.541295036174,0,193.659409924573,345.797434674459,193.055010680236,224.523755099568
0,94.126460729827,0,0,0,0,0,323.781250289068,0,206.472608421747,0,289.631679007608,0,0,92.5207898118833,174.013630695256,221.805809452716,94.7529894315991,0,0,0,134.566479261133,0,0,0,353.822894641502,115.194491798135,193.63278243493,0,146.770754374523,177.763106506206,0,0,98.417953423071,171.230058197369,205.183249704085,193.659409924573,0,146.99041817625,128.405764333981,0
0,0,0,0,138.425725342224,140.574866691684,0,0,0,303.527509149359,0,0,0,0,172.608400267715,0,0,0,0,0,0,0,0,98.6790043377568,89.1590885155172,0,222.053792850439,0,194.442125915551,67.8267069095267,0,0,135.667029391615,101.350815329073,151.01089327964,0,345.797434674459,146.99041817625,0,280.376028997576,0
108.136066660554,0,0,0,215.611029055736,309.997227542691,224.551207449728,0,202.712457066107,201.44584889478,82.6426202489162,108.381749703452,96.5937438588657,0,333.645516435298,90.1317194604647,0,168.241326865882,104.915316975638,178.748963182352,0,0,225.013371621378,0,0,0,0,133.984214699576,188.851177466023,0,0,205.839960264176,0,188.936291522747,106.33736463831,219.430938885781,193.055010680236,128.405764333981,280.376028997576,0,161.275817184598
0,0,151.695570509541,101.85207633558,0,0,163.059043292369,99.2646516363145,0,181.316358113209,148.808626413748,0,0,106.533627130087,0,0,0,178.683678585178,171.906398392157,90.7216186966914,0,0,0,111.435629183184,139.93285932648,357.423078228283,253.401634605989,116.054372245433,153.672550905948,255.441154257905,0,0,0,193.777661225572,128.530575464043,0,224.523755099568,0,0,161.275817184598,0
