0,0,0,0,0,0,0,0,0,0,67.8267069095267,0,0,0,0,0,283.248188884028,0,0,0,0,171.230058197369,0,0,0,0,0,0,0,0,0,0,206.912707094411,74.5815074003433,0,0,0,0,0,106.533627130087,0
0,0,0,0,0,0,0,0,0,0,0,0,0,0,0,0,0,112.823430872325,0,0,0,0,0,0,0,0,0,0,98.6790043377568,0,0,0,0,146.465927798921,0,199.492852797962,97.3506957544063,0,0,161.74915061469,191.519780382943
0,0,0,0,0,0,0,0,0,0,0,348.674510760064,0,0,0,0,0,0,0,0,0,0,0,76.5072790361762,0,0,154.142998692322,0,0,0,0,0,0,0,0,0,162.833808134102,325.937289045041,0,0,0
0,0,0,0,0,89.707245288964,0,118.522099274347,335.371040201042,108.381749703452,0,0,0,0,0,0,0,0,164.032723165762,94.7280504127031,0,0,104.369974912428,0,0,0,0,172.892533368851,0,0,0,0,0,221.805809452716,0,0,177.763106506206,98.2230592632363,0,253.401634605989,82.6426202489162
0,0,0,0,0,101.605593487621,0,338.131802716296,0,146.814226519809,0,173.001559092555,0,0,241.57250333243,0,0,357.423078228283,124.698445421759,0,309.997227542691,0,255.441154257905,0,236.681907140956,0,0,0,0,0,0,82.4756938751058,0,0,0,62.859596780235,115.194491798135,0,353.822894641502,0,0
0,0,0,89.707245288964,101.605593487621,0,0,0,0,0,97.5855511246009,115.541295036174,321.864157986053,0,0,161.694997919804,0,78.9559315574845,205.839960264176,0,0,0,0,169.742003380707,0,0,0,139.792601838991,0,0,0,0,262.382215657622,220.963068032256,160.537522273714,0,228.075434767255,0,0,0,0
0,0,0,0,0,0,0,0,0,198.964527389285,0,259.055025639447,0,0,0,0,250.461724766314,0,0,0,157.852515740516,0,0,0,0,198.528111506785,78.8552325762656,251.098274723989,306.640284138334,0,0,0,0,0,196.032358954952,117.208001126138,115.871357769661,0,0,209.996727521564,128.846764897717
0,0,0,118.522099274347,338.131802716296,0,0,0,169.453147353278,0,133.984214699576,242.790381480436,0,0,0,205.09013266389,0,0,0,0,0,89.3673883748406,226.825099357786,0,0,0,0,186.973586461633,0,134.566479261133,0,0,0,0,208.005106191961,103.519938150021,80.8080171296381,180.90030328818,0,72.2278283150671,115.332064605654
0,0,0,335.371040201042,0,0,0,169.453147353278,0,333.645516435298,0,0,0,0,0,0,0,0,0,0,0,0,0,217.157696745803,0,62.311273509377,0,231.715271819474,0,0,0,0,0,0,238.934743274142,289.631679007608,0,0,252.487290983309,241.635434294794,81.9664354533492
0,0,0,108.381749703452,146.814226519809,0,198.964527389285,0,333.645516435298,0,0,141.204637091722,219.078548227669,104.915316975638,0,154.070293657878,0,0,85.6072705949986,0,0,0,0,0,0,0,82.1742780037132,0,154.065933476765,215.611029055736,0,184.249961885477,0,263.534399241887,71.4788760670054,0,120.567029282014,0,0,135.667029391615,161.325017232684
67.8267069095267,0,0,0,0,97.5855511246009,0,133.984214699576,0,0,0,109.093416850988,0,0,193.63278243493,0,228.792310020318,0,94.9380989123498,0,0,0,136.792307586862,158.955087279859,99.2646516363145,0,196.04190773555,345.797434674459,249.905610015455,0,0,0,0,283.88658203332,347.376449530863,145.74089716123,0,0,0,0,0
0,0,348.674510760064,0,173.001559092555,115.541295036174,259.055025639447,242.790381480436,0,141.204637091722,109.093416850988,0,0,0,0,213.67670887414,0,0,224.551207449728,284.529238481835,0,0,0,0,0,161.302948562323,192.693757128262,306.344527664232,114.511014214502,140.574866691684,0,0,0,136.685314494491,114.649126378906,321.124897279917,146.770754374523,0,0,125.994729980093,137.177378802006
0,0,0,0,0,321.864157986053,0,0,0,219.078548227669,0,0,0,151.075371308616,0,0,0,0,0,0,0,0,0,0,0,0,0,153.876396855887,0,0,0,0,0,0,0,224.523755099568,0,0,0,190.185165668632,0
0,0,0,0,0,0,0,0,0,104.915316975638,0,0,151.075371308616,0,0,0,0,74.7304794244225,0,181.316358113209,0,0,93.4234866874731,128.405764333981,0,92.3502314520023,101.5853655613,89.1590885155172,0,87.8456058929559,0,0,0,0,173.201474590904,0,113.059176128709,106.128596538706,0,179.718364159796,0
0,0,0,0,241.57250333243,0,0,0,0,0,193.63278243493,0,0,0,0,0,0,0,0,0,249.798812580765,0,0,329.719143597451,0,201.44584889478,120.912756812582,0,173.059382066957,0,0,0,0,0,303.527509149359,142.385058730083,92.5568465385234,101.85207633558,163.945208919892,0,0
0,0,0,0,0,161.694997919804,0,205.09013266389,0,154.070293657878,0,213.67670887414,0,0,0,0,0,0,0,95.7590805983148,0,0,0,0,0,0,261.440278806413,0,0,0,0,241.682021696872,0,128.530575464043,0,0,232.945974238958,0,212.592150359921,124.853650664477,0
283.248188884028,0,0,0,0,0,250.461724766314,0,0,0,228.792310020318,0,0,0,0,0,0,0,85.7623170715703,0,0,0,0,0,175.196329314064,187.77054666536,0,0,193.777661225572,0,0,0,0,0,0,90.1317194604647,115.868441404982,0,0,0,101.443495235174
0,112.823430872325,0,0,357.423078228283,78.9559315574845,0,0,0,0,0,0,0,74.7304794244225,0,0,0,0,0,0,0,99.3508940827211,0,222.053792850439,0,0,0,0,96.5937438588657,0,0,0,0,180.355266595273,0,0,0,0,0,0,158.567996645797
0,0,0,164.032723165762,124.698445421759,205.839960264176,0,0,0,85.6072705949986,94.9380989123498,224.551207449728,0,0,0,0,85.7623170715703,0,0,90.7216186966914,0,0,97.3232815600345,0,0,0,0,94.7529894315991,0,0,0,0,0,0,70.4221432298295,0,0,0,0,204.481117647118,0
0,0,0,94.7280504127031,0,0,0,0,0,0,0,284.529238481835,0,181.316358113209,0,95.7590805983148,0,0,90.7216186966914,0,101.895308036513,180.543851962045,0,131.969743415579,225.013371621378,0,0,111.226326353722,0,0,0,0,173.538155409849,0,93.5029580098427,193.659409924573,0,167.066576495979,89.9429017381717,192.601533877686,314.611698427915
0,0,0,0,309.997227542691,0,157.852515740516,0,0,0,0,0,0,0,249.798812580765,0,0,0,0,101.895308036513,0,0,0,178.224497384947,0,94.027247878695,142.054529471577,0,106.926813611922,0,0,0,0,195.314816908693,0,0,223.705816669619,195.822649557859,143.005810983322,153.609372090384,0
171.230058197369,0,0,0,0,0,0,89.3673883748406,0,0,0,0,0,0,0,0,0,99.3508940827211,0,180.543851962045,0,0,0,0,0,0,276.620869034647,0,115.114253591495,0,0,0,0,119.345624434514,0,0,178.683678585178,0,0,0,0
0,0,0,104.369974912428,255.441154257905,0,0,226.825099357786,0,0,136.792307586862,0,0,93.4234866874731,0,0,0,0,97.3232815600345,0,0,0,0,0,0,231.050882209,0,110.384905066973,74.4197823064597,81.2827395071039,0,323.781250289068,0,101.350815329073,151.01089327964,0,0,178.748963182352,0,211.840482897052,0
0,0,76.5072790361762,0,0,169.742003380707,0,0,217.157696745803,0,158.955087279859,0,0,128.405764333981,329.719143597451,0,0,222.053792850439,0,131.969743415579,178.224497384947,0,0,0,0,240.185081663983,163.059043292369,269.936825670274,320.356811100276,193.055010680236,137.239127032733,300.031143529538,0,197.486504603685,0,0,280.376028997576,0,112.793316814908,0,0
0,0,0,0,236.681907140956,0,0,0,0,0,99.2646516363145,0,0,0,0,0,175.196329314064,0,0,225.013371621378,0,0,0,0,0,0,0,0,73.4795582048751,0,0,0,0,174.013630695256,108.136066660554,219.430938885781,122.106946855269,192.135034768848,0,0,0
0,0,0,0,0,0,198.528111506785,0,62.311273509377,0,0,161.302948562323,0,92.3502314520023,201.44584889478,0,187.77054666536,0,0,0,94.027247878695,0,231.050882209,240.185081663983,0,0,0,183.786860782462,125.81518738273,200.878319874537,0,259.442917595754,0,194.442125915551,139.93285932648,0,82.6299537488922,204.084074037941,151.806152521152,206.472608421747,160.530221557972
0,0,154.142998692322,0,0,0,78.8552325762656,0,0,82.1742780037132,196.04190773555,192.693757128262,0,101.5853655613,120.912756812582,261.440278806413,0,0,0,0,142.054529471577,276.620869034647,0,163.059043292369,0,0,0,159.183173818572,94.126460729827,0,0,0,227.504408813069,151.036729364761,0,125.416941482916,165.893015276821,0,98.417953423071,197.893790332676,188.936291522747
0,0,0,172.892533368851,0,139.792601838991,251.098274723989,186.973586461633,231.715271819474,0,345.797434674459,306.344527664232,153.876396855887,89.1590885155172,0,0,0,0,94.7529894315991,111.226326353722,0,0,110.384905066973,269.936825670274,0,183.786860782462,159.183173818572,0,195.378266313867,214.116367924649,66.5008477853491,153.672550905948,0,261.605527103798,168.241326865882,84.3635741045246,186.348837226466,218.045528847001,219.040656038919,134.960780198024,150.161410108805
0,98.6790043377568,0,0,0,0,306.640284138334,0,0,154.065933476765,249.905610015455,114.511014214502,0,0,173.059382066957,0,193.777661225572,96.5937438588657,0,0,106.926813611922,115.114253591495,74.4197823064597,320.356811100276,73.4795582048751,125.81518738273,94.126460729827,195.378266313867,0,0,0,0,0,106.33736463831,171.906398392157,188.851177466023,0,80.4367166559625,0,0,154.784755881607
0,0,0,0,0,0,0,134.566479261133,0,215.611029055736,0,140.574866691684,0,87.8456058929559,0,0,0,0,0,0,0,0,81.2827395071039,193.055010680236,0,200.878319874537,0,214.116367924649,0,0,0,0,0,92.5207898118833,151.695570509541,0,75.4497121078207,0,0,0,0
0,0,0,0,0,0,0,0,0,0,0,0,0,0,0,0,0,0,0,0,0,0,0,137.239127032733,0,0,0,66.5008477853491,0,0,0,0,0,153.453047983244,0,0,116.054372245433,96.7845769653343,0,138.425725342224,0
0,0,0,0,82.4756938751058,0,0,0,0,184.249961885477,0,0,0,0,0,241.682021696872,0,0,0,0,0,0,323.781250289068,300.031143529538,0,259.442917595754,0,153.672550905948,0,0,0,0,0,0,94.8881692391942,0,205.183249704085,172.608400267715,0,0,133.218162784108
206.912707094411,0,0,0,0,262.382215657622,0,0,0,0,0,0,0,0,0,0,0,0,0,173.538155409849,0,0,0,0,0,0,227.504408813069,0,0,0,0,0,0,0,0,0,61.0664810463559,0,0,0,0
74.5815074003433,146.465927798921,0,221.805809452716,0,220.963068032256,0,0,0,263.534399241887,283.88658203332,136.685314494491,0,0,0,128.530575464043,0,180.355266595273,0,0,195.314816908693,119.345624434514,101.350815329073,197.486504603685,174.013630695256,194.442125915551,151.036729364761,261.605527103798,106.33736463831,92.5207898118833,153.453047983244,0,0,0,100.812745974529,0,119.728129215699,135.294330067913,201.100640800745,137.189596148386,71.5579325720569
0,0,0,0,0,160.537522273714,196.032358954952,208.005106191961,238.934743274142,71.4788760670054,347.376449530863,114.649126378906,0,173.201474590904,303.527509149359,0,0,0,70.4221432298295,93.5029580098427,0,0,151.01089327964,0,108.136066660554,139.93285932648,0,168.241326865882,171.906398392157,151.695570509541,0,94.8881692391942,0,100.812745974529,0,148.808626413748,138.33942793804,155.24952173131,111.435629183184,165.597665022977,220.901129804706
0,199.492852797962,0,0,62.859596780235,0,117.208001126138,103.519938150021,289.631679007608,0,145.74089716123,321.124897279917,224.523755099568,0,142.385058730083,0,90.1317194604647,0,0,193.659409924573,0,0,0,0,219.430938885781,0,125.416941482916,84.3635741045246,188.851177466023,0,0,0,0,0,148.808626413748,0,0,0,155.901486485736,146.99041817625,161.275817184598
0,97.3506957544063,162.833808134102,177.763106506206,115.194491798135,228.075434767255,115.871357769661,80.8080171296381,0,120.567029282014,0,146.770754374523,0,113.059176128709,92.5568465385234,232.945974238958,115.868441404982,0,0,0,223.705816669619,178.683678585178,0,280.376028997576,122.106946855269,82.6299537488922,165.893015276821,186.348837226466,0,75.4497121078207,116.054372245433,205.183249704085,61.0664810463559,119.728129215699,138.33942793804,0,0,139.654362654449,116.176698124939,112.349934713559,58.3493451392805
0,0,325.937289045041,98.2230592632363,0,0,0,180.90030328818,0,0,0,0,0,106.128596538706,101.85207633558,0,0,0,0,167.066576495979,195.822649557859,0,178.748963182352,0,192.135034768848,204.084074037941,0,218.045528847001,80.4367166559625,0,96.7845769653343,172.608400267715,0,135.294330067913,155.24952173131,0,139.654362654449,0,73.1029054543569,113.144980278377,202.712457066107
0,0,0,0,353.822894641502,0,0,0,252.487290983309,0,0,0,0,0,163.945208919892,212.592150359921,0,0,0,89.9429017381717,143.005810983322,0,0,112.793316814908,0,151.806152521152,98.417953423071,219.040656038919,0,0,0,0,0,201.100640800745,111.435629183184,155.901486485736,116.176698124939,73.1029054543569,0,0,0
106.533627130087,161.74915061469,0,253.401634605989,0,0,209.996727521564,72.2278283150671,241.635434294794,135.667029391615,0,125.994729980093,190.185165668632,179.718364159796,0,124.853650664477,0,0,204.481117647118,192.601533877686,153.609372090384,0,211.840482897052,0,0,206.472608421747,197.893790332676,134.960780198024,0,0,138.425725342224,0,0,137.189596148386,165.597665022977,146.99041817625,112.349934713559,113.144980278377,0,0,247.66948903751
0,191.519780382943,0,82.6426202489162,0,0,128.846764897717,115.332064605654,81.9664354533492,161.325017232684,0,137.177378802006,0,0,0,0,101.443495235174,158.567996645797,0,314.611698427915,0,0,0,0,0,160.530221557972,188.936291522747,150.161410108805,154.784755881607,0,0,133.218162784108,0,71.5579325720569,220.901129804706,161.275817184598,58.3493451392805,202.712457066107,0,247.66948903751,0
