0,0,0,0,0,0,0,0,0,0,169.742003380707,0,0,0,0,0,0,0,0,177.763106506206,0,0,0,0,0,0,199.492852797962,238.934743274142,0,0,0,0,0,0,82.6299537488922,0,0,0,0,0,94.126460729827
0,0,0,0,0,0,205.183249704085,0,0,0,0,0,0,0,173.538155409849,0,0,0,0,0,0,0,0,0,0,74.4197823064597,0,0,0,0,0,153.672550905948,0,0,0,160.530221557972,0,96.7845769653343,0,0,164.032723165762
0,0,0,0,0,0,0,0,0,188.851177466023,0,0,0,0,0,0,142.385058730083,0,0,0,0,0,0,0,0,0,0,0,0,0,255.441154257905,0,0,0,0,0,158.955087279859,112.823430872325,0,0,0
0,0,0,0,0,0,0,0,188.936291522747,0,181.316358113209,74.5815074003433,0,178.748963182352,0,67.8267069095267,0,0,0,163.945208919892,0,187.77054666536,0,0,0,0,154.070293657878,283.248188884028,0,117.208001126138,0,0,0,0,82.6426202489162,0,165.597665022977,0,0,0,120.567029282014
0,0,0,0,0,0,0,0,0,0,0,0,0,148.808626413748,94.7529894315991,0,0,108.381749703452,0,151.075371308616,0,0,0,150.161410108805,0,0,192.601533877686,306.344527664232,0,0,0,0,94.9380989123498,139.792601838991,58.3493451392805,242.790381480436,116.176698124939,323.781250289068,0,81.2827395071039,0
0,0,0,0,0,0,0,247.66948903751,0,190.185165668632,0,0,0,0,0,221.805809452716,0,0,81.9664354533492,0,0,0,231.715271819474,0,0,151.01089327964,0,206.912707094411,172.892533368851,0,0,309.997227542691,0,0,103.519938150021,269.936825670274,219.078548227669,0,0,80.4367166559625,154.142998692322
0,205.183249704085,0,0,0,0,0,0,97.3232815600345,98.417953423071,0,0,0,0,0,0,0,0,0,0,0,0,0,0,178.224497384947,0,135.294330067913,111.226326353722,113.144980278377,0,146.465927798921,0,0,90.1317194604647,261.440278806413,153.876396855887,114.649126378906,224.551207449728,0,0,0
0,0,0,0,0,247.66948903751,0,0,0,0,0,193.659409924573,0,151.036729364761,0,0,0,0,0,0,72.2278283150671,0,0,335.371040201042,0,89.707245288964,0,240.185081663983,161.275817184598,198.528111506785,0,0,0,104.915316975638,173.059382066957,99.2646516363145,193.055010680236,209.996727521564,98.6790043377568,186.348837226466,0
0,0,0,188.936291522747,0,0,97.3232815600345,0,0,0,0,94.8881692391942,0,92.3502314520023,0,0,0,0,212.592150359921,0,0,0,0,146.814226519809,0,0,0,0,194.442125915551,249.905610015455,0,0,0,0,0,110.384905066973,0,0,205.839960264176,228.075434767255,0
0,0,188.851177466023,0,0,190.185165668632,98.417953423071,0,0,0,161.74915061469,125.994729980093,0,0,0,0,0,0,0,192.135034768848,0,0,87.8456058929559,251.098274723989,97.5855511246009,0,218.045528847001,236.681907140956,0,0,0,204.084074037941,192.693757128262,154.784755881607,89.9429017381717,0,90.7216186966914,131.969743415579,0,0,220.963068032256
169.742003380707,0,0,181.316358113209,0,0,0,0,0,161.74915061469,0,0,0,0,0,0,329.719143597451,0,0,0,0,0,137.177378802006,133.984214699576,119.345624434514,101.5853655613,98.2230592632363,140.574866691684,259.442917595754,0,0,0,0,217.157696745803,222.053792850439,142.054529471577,116.054372245433,0,0,95.7590805983148,0
0,0,0,74.5815074003433,0,0,0,193.659409924573,94.8881692391942,125.994729980093,0,0,118.522099274347,0,161.302948562323,204.481117647118,0,0,0,333.645516435298,162.833808134102,0,138.33942793804,0,0,0,347.376449530863,300.031143529538,0,169.453147353278,0,0,0,151.806152521152,82.4756938751058,224.523755099568,99.3508940827211,125.81518738273,201.44584889478,76.5072790361762,186.973586461633
0,0,0,0,0,0,0,0,0,0,0,118.522099274347,0,0,0,0,0,0,0,0,0,0,0,0,0,71.5579325720569,0,0,0,0,0,154.065933476765,0,159.183173818572,0,0,0,0,321.864157986053,357.423078228283,0
0,0,0,178.748963182352,148.808626413748,0,0,151.036729364761,92.3502314520023,0,0,0,0,0,141.204637091722,0,114.511014214502,0,0,113.059176128709,0,0,0,348.674510760064,0,0,196.032358954952,0,0,0,0,0,0,145.74089716123,0,0,97.3506957544063,0,231.050882209,96.5937438588657,184.249961885477
0,173.538155409849,0,0,94.7529894315991,0,0,0,0,0,0,161.302948562323,0,141.204637091722,0,0,0,0,0,173.201474590904,0,0,89.3673883748406,85.7623170715703,0,171.906398392157,0,0,0,0,0,0,0,66.5008477853491,161.694997919804,213.67670887414,0,198.964527389285,0,0,0
0,0,0,67.8267069095267,0,221.805809452716,0,0,0,0,0,204.481117647118,0,0,0,0,0,78.8552325762656,0,0,0,0,0,338.131802716296,0,0,0,0,0,0,120.912756812582,0,0,202.712457066107,101.605593487621,0,93.4234866874731,153.453047983244,283.88658203332,0,0
0,0,142.385058730083,0,0,0,0,0,0,0,329.719143597451,0,0,114.511014214502,0,0,0,0,0,0,0,193.777661225572,0,0,0,353.822894641502,0,89.1590885155172,0,0,0,0,0,109.093416850988,0,125.416941482916,191.519780382943,0,0,134.566479261133,0
0,0,0,0,108.381749703452,0,0,0,0,0,0,0,0,0,0,78.8552325762656,0,0,0,71.4788760670054,0,0,0,276.620869034647,101.350815329073,0,0,115.541295036174,0,0,0,0,0,0,0,0,0,0,108.136066660554,289.631679007608,62.311273509377
0,0,0,0,0,81.9664354533492,0,0,212.592150359921,0,0,0,0,0,0,0,0,0,0,0,0,0,0,0,0,0,195.378266313867,0,325.937289045041,75.4497121078207,0,111.435629183184,0,112.349934713559,73.4795582048751,174.013630695256,143.005810983322,0,0,241.57250333243,179.718364159796
177.763106506206,0,0,163.945208919892,151.075371308616,0,0,0,0,192.135034768848,0,333.645516435298,0,113.059176128709,173.201474590904,0,0,71.4788760670054,0,0,0,0,82.1742780037132,345.797434674459,0,219.040656038919,0,232.945974238958,0,0,0,0,0,214.116367924649,138.425725342224,0,124.853650664477,0,0,61.0664810463559,139.654362654449
0,0,0,0,0,0,0,72.2278283150671,0,0,0,162.833808134102,0,0,0,0,0,0,0,0,0,92.5568465385234,106.33736463831,0,0,146.99041817625,0,155.901486485736,119.728129215699,173.001559092555,0,0,0,0,0,80.8080171296381,158.567996645797,0,106.926813611922,226.825099357786,115.194491798135
0,0,0,187.77054666536,0,0,0,0,0,0,0,0,0,0,0,0,193.777661225572,0,0,0,92.5568465385234,0,0,0,320.356811100276,0,0,0,180.90030328818,0,0,0,0,0,284.529238481835,0,139.93285932648,74.7304794244225,0,0,0
0,0,0,0,0,231.715271819474,0,0,0,87.8456058929559,137.177378802006,138.33942793804,0,0,89.3673883748406,0,0,0,0,82.1742780037132,106.33736463831,0,0,136.685314494491,0,0,115.332064605654,183.786860782462,253.401634605989,128.846764897717,0,180.543851962045,0,0,0,0,172.608400267715,211.840482897052,0,0,0
0,0,0,0,150.161410108805,0,0,335.371040201042,146.814226519809,251.098274723989,133.984214699576,0,0,348.674510760064,85.7623170715703,338.131802716296,0,276.620869034647,0,345.797434674459,0,0,136.685314494491,0,0,197.486504603685,280.376028997576,115.114253591495,0,0,0,0,0,241.682021696872,160.537522273714,0,259.055025639447,136.792307586862,0,200.878319874537,0
0,0,0,0,0,0,178.224497384947,0,0,97.5855511246009,119.345624434514,0,0,0,0,0,0,101.350815329073,0,0,0,320.356811100276,0,0,0,0,0,171.230058197369,94.027247878695,0,0,0,0,0,193.63278243493,0,0,124.698445421759,0,0,201.100640800745
0,74.4197823064597,0,0,0,151.01089327964,0,89.707245288964,0,0,101.5853655613,0,71.5579325720569,0,171.906398392157,0,353.822894641502,0,0,219.040656038919,146.99041817625,0,0,197.486504603685,0,0,165.893015276821,151.695570509541,106.533627130087,206.472608421747,0,250.461724766314,0,84.3635741045246,220.901129804706,0,153.609372090384,0,0,122.106946855269,62.859596780235
199.492852797962,0,0,154.070293657878,192.601533877686,0,135.294330067913,0,0,218.045528847001,98.2230592632363,347.376449530863,0,196.032358954952,0,0,0,0,195.378266313867,0,0,0,115.332064605654,280.376028997576,0,165.893015276821,0,252.487290983309,92.5207898118833,0,0,0,157.852515740516,241.635434294794,167.066576495979,0,73.1029054543569,0,0,262.382215657622,249.798812580765
238.934743274142,0,0,283.248188884028,306.344527664232,206.912707094411,111.226326353722,240.185081663983,0,236.681907140956,140.574866691684,300.031143529538,0,0,0,0,89.1590885155172,115.541295036174,0,232.945974238958,155.901486485736,0,183.786860782462,115.114253591495,171.230058197369,151.695570509541,252.487290983309,0,208.005106191961,0,0,261.605527103798,0,93.5029580098427,197.893790332676,0,180.355266595273,112.793316814908,155.24952173131,215.611029055736,227.504408813069
0,0,0,0,0,172.892533368851,113.144980278377,161.275817184598,194.442125915551,0,259.442917595754,0,0,0,0,0,0,0,325.937289045041,0,119.728129215699,180.90030328818,253.401634605989,0,94.027247878695,106.533627130087,92.5207898118833,208.005106191961,0,0,321.124897279917,0,161.325017232684,128.530575464043,133.218162784108,100.812745974529,205.09013266389,0,314.611698427915,196.04190773555,0
0,0,0,117.208001126138,0,0,0,198.528111506785,249.905610015455,0,0,169.453147353278,0,0,0,0,0,0,75.4497121078207,0,173.001559092555,0,128.846764897717,0,0,206.472608421747,0,0,0,0,0,0,0,0,0,0,137.239127032733,263.534399241887,0,85.6072705949986,0
0,0,255.441154257905,0,0,0,146.465927798921,0,0,0,0,0,0,0,0,120.912756812582,0,0,0,0,0,0,0,0,0,0,0,0,321.124897279917,0,0,0,0,168.241326865882,0,0,0,0,0,0,306.640284138334
0,153.672550905948,0,0,0,309.997227542691,0,0,0,204.084074037941,0,0,154.065933476765,0,0,0,0,0,111.435629183184,0,0,0,180.543851962045,0,0,250.461724766314,0,261.605527103798,0,0,0,0,0,70.4221432298295,0,0,106.128596538706,0,0,0,104.369974912428
0,0,0,0,94.9380989123498,0,0,0,0,192.693757128262,0,0,0,0,0,0,0,0,0,0,0,0,0,0,0,0,157.852515740516,0,161.325017232684,0,0,0,0,78.9559315574845,0,0,0,0,0,0,0
0,0,0,0,139.792601838991,0,90.1317194604647,104.915316975638,0,154.784755881607,217.157696745803,151.806152521152,159.183173818572,145.74089716123,66.5008477853491,202.712457066107,109.093416850988,0,112.349934713559,214.116367924649,0,0,0,241.682021696872,0,84.3635741045246,241.635434294794,93.5029580098427,128.530575464043,0,168.241326865882,70.4221432298295,78.9559315574845,0,146.770754374523,303.527509149359,101.895308036513,219.430938885781,0,128.405764333981,0
82.6299537488922,0,0,82.6426202489162,58.3493451392805,103.519938150021,261.440278806413,173.059382066957,0,89.9429017381717,222.053792850439,82.4756938751058,0,0,161.694997919804,101.605593487621,0,0,73.4795582048751,138.425725342224,0,284.529238481835,0,160.537522273714,193.63278243493,220.901129804706,167.066576495979,197.893790332676,133.218162784108,0,0,0,0,146.770754374523,0,0,94.7280504127031,163.059043292369,228.792310020318,101.85207633558,0
0,160.530221557972,0,0,242.790381480436,269.936825670274,153.876396855887,99.2646516363145,110.384905066973,0,142.054529471577,224.523755099568,0,0,213.67670887414,0,125.416941482916,0,174.013630695256,0,80.8080171296381,0,0,0,0,0,0,0,100.812745974529,0,0,0,0,303.527509149359,0,0,101.443495235174,115.868441404982,115.871357769661,134.960780198024,178.683678585178
0,0,158.955087279859,165.597665022977,116.176698124939,219.078548227669,114.649126378906,193.055010680236,0,90.7216186966914,116.054372245433,99.3508940827211,0,97.3506957544063,0,93.4234866874731,191.519780382943,0,143.005810983322,124.853650664477,158.567996645797,139.93285932648,172.608400267715,259.055025639447,0,153.609372090384,73.1029054543569,180.355266595273,205.09013266389,137.239127032733,0,106.128596538706,0,101.895308036513,94.7280504127031,101.443495235174,0,137.189596148386,195.314816908693,175.196329314064,0
0,96.7845769653343,112.823430872325,0,323.781250289068,0,224.551207449728,209.996727521564,0,131.969743415579,0,125.81518738273,0,0,198.964527389285,153.453047983244,0,0,0,0,0,74.7304794244225,211.840482897052,136.792307586862,124.698445421759,0,0,112.793316814908,0,263.534399241887,0,0,0,219.430938885781,163.059043292369,115.868441404982,137.189596148386,0,0,0,223.705816669619
0,0,0,0,0,0,0,98.6790043377568,205.839960264176,0,0,201.44584889478,321.864157986053,231.050882209,0,283.88658203332,0,108.136066660554,0,0,106.926813611922,0,0,0,0,0,0,155.24952173131,314.611698427915,0,0,0,0,0,228.792310020318,115.871357769661,195.314816908693,0,0,135.667029391615,225.013371621378
0,0,0,0,81.2827395071039,80.4367166559625,0,186.348837226466,228.075434767255,0,95.7590805983148,76.5072790361762,357.423078228283,96.5937438588657,0,0,134.566479261133,289.631679007608,241.57250333243,61.0664810463559,226.825099357786,0,0,200.878319874537,0,122.106946855269,262.382215657622,215.611029055736,196.04190773555,85.6072705949986,0,0,0,128.405764333981,101.85207633558,134.960780198024,175.196329314064,0,135.667029391615,0,195.822649557859
94.126460729827,164.032723165762,0,120.567029282014,0,154.142998692322,0,0,0,220.963068032256,0,186.973586461633,0,184.249961885477,0,0,0,62.311273509377,179.718364159796,139.654362654449,115.194491798135,0,0,0,201.100640800745,62.859596780235,249.798812580765,227.504408813069,0,0,306.640284138334,104.369974912428,0,0,0,178.683678585178,0,223.705816669619,225.013371621378,195.822649557859,0
