0,0,0,0,0,0,0,0,0,92.3502314520023,169.453147353278,164.032723165762,0,0,0,0,0,0,0,0,0,0,0,0,0,0,0,228.792310020318,0,0,0,0,0,0,134.960780198024,0,0,0,0,0,118.522099274347
0,0,101.85207633558,0,0,0,0,0,0,0,0,0,0,0,0,0,0,0,0,187.77054666536,0,0,0,228.075434767255,0,0,0,0,353.822894641502,205.09013266389,0,0,0,0,0,0,214.116367924649,0,0,163.059043292369,0
0,101.85207633558,0,0,0,0,0,0,0,0,0,0,0,0,0,0,0,0,0,0,0,0,0,0,0,74.5815074003433,221.805809452716,0,85.6072705949986,0,0,0,0,0,0,0,0,0,0,101.350815329073,0
0,0,0,0,97.3232815600345,0,0,0,0,0,0,0,0,200.878319874537,0,220.901129804706,0,0,0,241.635434294794,0,155.901486485736,0,0,0,99.2646516363145,0,178.683678585178,108.381749703452,0,0,0,0,0,191.519780382943,205.839960264176,249.905610015455,0,145.74089716123,0,115.541295036174
0,0,0,97.3232815600345,0,0,58.3493451392805,0,0,0,0,199.492852797962,0,0,0,0,0,0,204.084074037941,190.185165668632,0,0,67.8267069095267,0,95.7590805983148,117.208001126138,0,0,0,0,218.045528847001,0,0,168.241326865882,0,0,155.24952173131,137.239127032733,81.9664354533492,242.790381480436,0
0,0,0,0,0,0,141.204637091722,98.6790043377568,0,227.504408813069,0,0,0,0,0,289.631679007608,0,0,345.797434674459,0,0,0,0,81.2827395071039,0,154.070293657878,0,193.63278243493,0,0,0,0,0,224.551207449728,92.5568465385234,0,223.705816669619,0,112.793316814908,75.4497121078207,357.423078228283
0,0,0,0,58.3493451392805,141.204637091722,0,163.945208919892,0,0,193.777661225572,0,0,0,0,0,0,0,0,180.543851962045,0,0,0,115.114253591495,0,0,283.248188884028,0,158.567996645797,0,94.7529894315991,0,0,192.135034768848,0,184.249961885477,120.567029282014,0,0,263.534399241887,0
0,0,0,0,0,98.6790043377568,163.945208919892,0,0,321.124897279917,159.183173818572,171.230058197369,0,119.728129215699,195.822649557859,0,335.371040201042,0,0,0,0,0,0,0,101.5853655613,0,92.5207898118833,0,97.3506957544063,0,0,119.345624434514,0,0,320.356811100276,0,283.88658203332,0,323.781250289068,0,201.100640800745
0,0,0,0,0,0,0,0,0,104.915316975638,0,124.853650664477,0,139.654362654449,0,0,89.1590885155172,0,231.050882209,0,0,0,0,222.053792850439,0,314.611698427915,0,0,0,0,0,338.131802716296,0,0,112.349934713559,196.032358954952,0,0,0,180.90030328818,0
92.3502314520023,0,0,0,0,227.504408813069,0,321.124897279917,104.915316975638,0,0,74.7304794244225,0,0,0,0,0,0,0,0,153.876396855887,0,0,0,0,0,115.871357769661,113.059176128709,98.417953423071,0,0,136.685314494491,101.895308036513,138.33942793804,219.040656038919,165.597665022977,169.742003380707,128.405764333981,0,137.189596148386,211.840482897052
169.453147353278,0,0,0,0,0,193.777661225572,159.183173818572,0,0,0,0,0,0,161.325017232684,0,0,0,0,157.852515740516,93.4234866874731,128.846764897717,0,0,0,73.1029054543569,0,179.718364159796,0,0,0,0,0,110.384905066973,142.385058730083,143.005810983322,131.969743415579,178.748963182352,0,139.792601838991,205.183249704085
164.032723165762,0,0,0,199.492852797962,0,0,171.230058197369,124.853650664477,74.7304794244225,0,0,0,0,206.912707094411,173.001559092555,0,97.5855511246009,240.185081663983,0,0,0,136.792307586862,172.892533368851,0,0,198.964527389285,161.74915061469,124.698445421759,151.075371308616,0,175.196329314064,0,241.682021696872,0,74.4197823064597,193.659409924573,192.601533877686,62.311273509377,0,0
0,0,0,0,0,0,0,0,0,0,0,0,0,0,174.013630695256,0,0,0,0,0,0,0,0,0,90.7216186966914,0,0,0,0,0,0,0,0,262.382215657622,0,115.868441404982,0,133.984214699576,0,0,253.401634605989
0,0,0,200.878319874537,0,0,0,119.728129215699,139.654362654449,0,0,0,0,0,0,0,0,0,0,0,0,0,204.481117647118,134.566479261133,0,111.226326353722,188.936291522747,106.926813611922,171.906398392157,0,0,0,0,161.275817184598,114.649126378906,0,139.93285932648,0,125.994729980093,104.369974912428,0
0,0,0,0,0,0,0,195.822649557859,0,0,161.325017232684,206.912707094411,174.013630695256,0,0,188.851177466023,0,0,0,0,146.465927798921,0,0,0,0,0,0,0,0,71.4788760670054,0,0,0,146.814226519809,0,0,93.5029580098427,215.611029055736,0,173.538155409849,195.378266313867
0,0,0,220.901129804706,0,289.631679007608,0,0,0,0,0,173.001559092555,0,0,188.851177466023,0,125.81518738273,0,165.893015276821,0,0,0,142.054529471577,0,0,0,0,0,0,208.005106191961,0,0,0,80.4367166559625,0,0,0,84.3635741045246,0,101.443495235174,0
0,0,0,0,0,0,0,335.371040201042,89.1590885155172,0,0,0,0,0,0,125.81518738273,0,0,0,0,0,0,0,0,0,0,0,98.2230592632363,306.344527664232,250.461724766314,0,0,0,0,160.530221557972,0,115.194491798135,224.523755099568,148.808626413748,0,0
0,0,0,0,0,0,0,0,0,0,0,97.5855511246009,0,0,0,0,0,0,0,151.695570509541,0,0,0,153.609372090384,0,321.864157986053,0,161.302948562323,259.055025639447,0,0,0,0,0,116.176698124939,0,0,201.44584889478,0,173.059382066957,0
0,0,0,0,204.084074037941,345.797434674459,0,0,231.050882209,0,0,240.185081663983,0,0,0,165.893015276821,0,0,0,99.3508940827211,0,0,0,114.511014214502,0,259.442917595754,0,106.533627130087,247.66948903751,0,0,0,0,197.486504603685,0,0,0,151.806152521152,0,0,0
0,187.77054666536,0,241.635434294794,190.185165668632,0,180.543851962045,0,0,0,157.852515740516,0,0,0,0,0,0,151.695570509541,99.3508940827211,0,348.674510760064,0,252.487290983309,194.442125915551,0,225.013371621378,0,231.715271819474,72.2278283150671,0,0,0,0,94.9380989123498,94.8881692391942,0,0,0,0,193.055010680236,261.605527103798
0,0,0,0,0,0,0,0,0,153.876396855887,93.4234866874731,0,0,0,146.465927798921,0,0,0,0,348.674510760064,0,0,232.945974238958,303.527509149359,0,0,249.798812580765,255.441154257905,261.440278806413,0,0,0,0,78.9559315574845,85.7623170715703,0,186.348837226466,0,0,0,138.425725342224
0,0,0,155.901486485736,0,0,0,0,0,0,128.846764897717,0,0,0,0,0,0,0,0,0,0,0,173.201474590904,0,0,325.937289045041,0,161.694997919804,0,0,0,0,0,89.9429017381717,160.537522273714,0,347.376449530863,0,0,0,0
0,0,0,0,67.8267069095267,0,0,0,0,0,0,136.792307586862,0,204.481117647118,0,142.054529471577,0,0,0,252.487290983309,232.945974238958,173.201474590904,0,80.8080171296381,0,236.681907140956,82.4756938751058,76.5072790361762,0,0,206.472608421747,186.973586461633,0,0,0,0,0,0,133.218162784108,108.136066660554,0
0,228.075434767255,0,0,0,81.2827395071039,115.114253591495,0,222.053792850439,0,0,172.892533368851,0,134.566479261133,0,0,0,153.609372090384,114.511014214502,194.442125915551,303.527509149359,0,80.8080171296381,0,120.912756812582,0,0,71.5579325720569,94.7280504127031,0,0,0,112.823430872325,219.430938885781,0,103.519938150021,109.093416850988,0,0,0,122.106946855269
0,0,0,0,95.7590805983148,0,0,101.5853655613,0,0,0,0,90.7216186966914,0,0,0,0,0,0,0,0,0,0,120.912756812582,0,0,0,0,0,162.833808134102,0,0,0,309.997227542691,115.332064605654,70.4221432298295,300.031143529538,154.142998692322,0,0,0
0,0,74.5815074003433,99.2646516363145,117.208001126138,154.070293657878,0,0,314.611698427915,0,73.1029054543569,0,0,111.226326353722,0,0,0,321.864157986053,259.442917595754,225.013371621378,0,325.937289045041,236.681907140956,0,0,0,153.453047983244,209.996727521564,172.608400267715,0,0,0,87.8456058929559,78.8552325762656,0,137.177378802006,306.640284138334,0,0,198.528111506785,0
0,0,221.805809452716,0,0,0,283.248188884028,92.5207898118833,0,115.871357769661,0,198.964527389285,0,188.936291522747,0,0,0,0,0,0,249.798812580765,0,82.4756938751058,0,0,153.453047983244,0,125.416941482916,0,213.67670887414,94.027247878695,0,0,106.33736463831,151.036729364761,192.693757128262,82.6299537488922,217.157696745803,146.99041817625,269.936825670274,153.672550905948
228.792310020318,0,0,178.683678585178,0,193.63278243493,0,0,0,113.059176128709,179.718364159796,161.74915061469,0,106.926813611922,0,0,98.2230592632363,161.302948562323,106.533627130087,231.715271819474,255.441154257905,161.694997919804,76.5072790361762,71.5579325720569,0,209.996727521564,125.416941482916,0,202.712457066107,113.144980278377,0,0,0,89.707245288964,178.224497384947,280.376028997576,195.314816908693,128.530575464043,241.57250333243,183.786860782462,329.719143597451
0,353.822894641502,85.6072705949986,108.381749703452,0,0,158.567996645797,97.3506957544063,0,98.417953423071,0,124.698445421759,0,171.906398392157,0,0,306.344527664232,259.055025639447,247.66948903751,72.2278283150671,261.440278806413,0,0,94.7280504127031,0,172.608400267715,0,202.712457066107,0,0,333.645516435298,0,0,0,94.126460729827,0,82.1742780037132,238.934743274142,0,100.812745974529,0
0,205.09013266389,0,0,0,0,0,0,0,0,0,151.075371308616,0,0,71.4788760670054,208.005106191961,250.461724766314,0,0,0,0,0,0,0,162.833808134102,0,213.67670887414,113.144980278377,0,0,0,0,0,0,180.355266595273,0,0,0,0,167.066576495979,181.316358113209
0,0,0,0,218.045528847001,0,94.7529894315991,0,0,0,0,0,0,0,0,0,0,0,0,0,0,0,206.472608421747,0,0,0,94.027247878695,0,333.645516435298,0,0,0,0,0,0,0,90.1317194604647,0,0,0,0
0,0,0,0,0,0,0,119.345624434514,338.131802716296,136.685314494491,0,175.196329314064,0,0,0,0,0,0,0,0,0,0,186.973586461633,0,0,0,0,0,0,0,0,0,0,73.4795582048751,151.01089327964,62.859596780235,276.620869034647,197.893790332676,0,116.054372245433,0
0,0,0,0,0,0,0,0,0,101.895308036513,0,0,0,0,0,0,0,0,0,0,0,0,0,112.823430872325,0,87.8456058929559,0,0,0,0,0,0,0,0,154.784755881607,0,61.0664810463559,0,0,0,0
0,0,0,0,168.241326865882,224.551207449728,192.135034768848,0,0,138.33942793804,110.384905066973,241.682021696872,262.382215657622,161.275817184598,146.814226519809,80.4367166559625,0,0,197.486504603685,94.9380989123498,78.9559315574845,89.9429017381717,0,219.430938885781,309.997227542691,78.8552325762656,106.33736463831,89.707245288964,0,0,0,73.4795582048751,0,0,135.294330067913,82.6426202489162,220.963068032256,0,135.667029391615,66.5008477853491,284.529238481835
134.960780198024,0,0,191.519780382943,0,92.5568465385234,0,320.356811100276,112.349934713559,219.040656038919,142.385058730083,0,0,114.649126378906,0,0,160.530221557972,116.176698124939,0,94.8881692391942,85.7623170715703,160.537522273714,0,0,115.332064605654,0,151.036729364761,178.224497384947,94.126460729827,180.355266595273,0,151.01089327964,154.784755881607,135.294330067913,0,0,158.955087279859,96.7845769653343,0,251.098274723989,106.128596538706
0,0,0,205.839960264176,0,0,184.249961885477,0,196.032358954952,165.597665022977,143.005810983322,74.4197823064597,115.868441404982,0,0,0,0,0,0,0,0,0,0,103.519938150021,70.4221432298295,137.177378802006,192.693757128262,280.376028997576,0,0,0,62.859596780235,0,82.6426202489162,0,0,89.3673883748406,96.5937438588657,226.825099357786,154.065933476765,196.04190773555
0,214.116367924649,0,249.905610015455,155.24952173131,223.705816669619,120.567029282014,283.88658203332,0,169.742003380707,131.969743415579,193.659409924573,0,139.93285932648,93.5029580098427,0,115.194491798135,0,0,0,186.348837226466,347.376449530863,0,109.093416850988,300.031143529538,306.640284138334,82.6299537488922,195.314816908693,82.1742780037132,0,90.1317194604647,276.620869034647,61.0664810463559,220.963068032256,158.955087279859,89.3673883748406,0,111.435629183184,101.605593487621,177.763106506206,219.078548227669
0,0,0,0,137.239127032733,0,0,0,0,128.405764333981,178.748963182352,192.601533877686,133.984214699576,0,215.611029055736,84.3635741045246,224.523755099568,201.44584889478,151.806152521152,0,0,0,0,0,154.142998692322,0,217.157696745803,128.530575464043,238.934743274142,0,0,197.893790332676,0,0,96.7845769653343,96.5937438588657,111.435629183184,0,212.592150359921,0,150.161410108805
0,0,0,145.74089716123,81.9664354533492,112.793316814908,0,323.781250289068,0,0,0,62.311273509377,0,125.994729980093,0,0,148.808626413748,0,0,0,0,0,133.218162784108,0,0,0,146.99041817625,241.57250333243,0,0,0,0,0,135.667029391615,0,226.825099357786,101.605593487621,212.592150359921,0,0,146.770754374523
0,163.059043292369,101.350815329073,0,242.790381480436,75.4497121078207,263.534399241887,0,180.90030328818,137.189596148386,139.792601838991,0,0,104.369974912428,173.538155409849,101.443495235174,0,173.059382066957,0,193.055010680236,0,0,108.136066660554,0,0,198.528111506785,269.936825670274,183.786860782462,100.812745974529,167.066576495979,0,116.054372245433,0,66.5008477853491,251.098274723989,154.065933476765,177.763106506206,0,0,0,140.574866691684
118.522099274347,0,0,115.541295036174,0,357.423078228283,0,201.100640800745,0,211.840482897052,205.183249704085,0,253.401634605989,0,195.378266313867,0,0,0,0,261.605527103798,138.425725342224,0,0,122.106946855269,0,0,153.672550905948,329.719143597451,0,181.316358113209,0,0,0,284.529238481835,106.128596538706,196.04190773555,219.078548227669,150.161410108805,146.770754374523,140.574866691684,0
