0,0,0,0,0,0,0,0,205.183249704085,106.33736463831,0,0,0,0,0,0,0,0,0,0,0,0,0,0,0,0,0,0,0,0,0,0,0,150.161410108805,125.416941482916,0,111.435629183184,124.853650664477,0,0,0
0,0,0,0,0,0,98.2230592632363,0,0,0,0,78.9559315574845,0,0,0,0,101.605593487621,0,0,0,0,0,0,0,0,0,0,0,99.2646516363145,0,0,0,0,0,0,250.461724766314,357.423078228283,94.9380989123498,0,0,0
0,0,0,0,0,0,0,0,0,0,0,0,0,0,0,0,0,0,0,0,0,0,0,0,0,0,82.1742780037132,0,0,0,0,289.631679007608,0,0,0,0,62.859596780235,98.417953423071,0,139.654362654449,0
0,0,0,0,300.031143529538,0,119.728129215699,0,188.851177466023,209.996727521564,0,238.934743274142,146.465927798921,0,0,0,0,0,0,255.441154257905,0,0,0,0,0,196.032358954952,0,155.901486485736,249.905610015455,0,0,0,0,84.3635741045246,0,0,242.790381480436,220.901129804706,0,0,0
0,0,0,300.031143529538,0,0,0,173.201474590904,0,186.348837226466,0,0,0,94.027247878695,0,0,0,283.248188884028,0,0,0,0,0,92.5207898118833,0,103.519938150021,0,221.805809452716,213.67670887414,205.09013266389,0,0,0,333.645516435298,261.440278806413,0,199.492852797962,0,0,75.4497121078207,0
0,0,0,0,0,0,0,0,82.6299537488922,0,94.126460729827,0,0,219.078548227669,0,193.055010680236,0,0,204.481117647118,154.784755881607,90.7216186966914,0,0,329.719143597451,0,169.453147353278,142.054529471577,172.892533368851,0,0,0,0,0,0,0,161.74915061469,0,0,178.224497384947,0,241.57250333243
0,98.2230592632363,0,119.728129215699,0,0,0,97.5855511246009,0,0,0,0,0,104.369974912428,0,0,0,0,0,0,0,0,200.878319874537,0,192.601533877686,145.74089716123,0,0,228.075434767255,0,0,0,0,106.533627130087,249.798812580765,0,140.574866691684,97.3506957544063,0,0,220.963068032256
0,0,0,0,173.201474590904,0,97.5855511246009,0,151.036729364761,89.9429017381717,0,0,0,0,186.973586461633,0,0,106.128596538706,133.218162784108,0,0,0,0,92.5568465385234,222.053792850439,0,0,142.385058730083,0,0,0,0,0,252.487290983309,161.302948562323,0,198.528111506785,172.608400267715,0,204.084074037941,195.378266313867
205.183249704085,0,0,188.851177466023,0,82.6299537488922,0,151.036729364761,0,0,323.781250289068,0,0,0,81.2827395071039,0,0,0,0,0,247.66948903751,0,0,0,0,94.7280504127031,240.185081663983,139.93285932648,0,0,0,0,0,0,93.4234866874731,0,0,0,0,0,0
106.33736463831,0,0,209.996727521564,186.348837226466,0,0,89.9429017381717,0,0,101.350815329073,197.893790332676,0,0,0,0,0,0,0,85.7623170715703,196.04190773555,0,0,348.674510760064,0,101.895308036513,0,133.984214699576,227.504408813069,224.523755099568,0,0,0,0,116.176698124939,0,82.6426202489162,0,165.597665022977,100.812745974529,214.116367924649
0,0,0,0,0,94.126460729827,0,0,323.781250289068,101.350815329073,0,97.3232815600345,0,0,101.5853655613,0,114.649126378906,0,136.685314494491,153.672550905948,0,0,251.098274723989,321.864157986053,0,0,0,136.792307586862,101.85207633558,0,0,58.3493451392805,0,0,321.124897279917,0,0,154.142998692322,0,347.376449530863,0
0,78.9559315574845,0,238.934743274142,0,0,0,0,0,197.893790332676,97.3232815600345,0,0,0,0,146.814226519809,0,284.529238481835,0,0,0,0,0,78.8552325762656,146.770754374523,135.667029391615,98.6790043377568,108.136066660554,153.453047983244,0,0,154.065933476765,0,131.969743415579,151.01089327964,139.792601838991,71.4788760670054,93.5029580098427,134.566479261133,74.4197823064597,180.543851962045
0,0,0,146.465927798921,0,0,0,0,0,0,0,0,0,0,138.425725342224,0,0,0,0,0,0,0,0,198.964527389285,197.486504603685,116.054372245433,0,0,0,0,0,215.611029055736,0,0,0,0,0,0,0,0,0
0,0,0,0,94.027247878695,219.078548227669,104.369974912428,0,0,0,0,0,0,0,231.050882209,0,0,0,0,0,115.332064605654,0,125.994729980093,0,0,276.620869034647,135.294330067913,157.852515740516,162.833808134102,0,0,0,0,0,151.806152521152,99.3508940827211,0,0,0,194.442125915551,104.915316975638
0,0,0,0,0,0,0,186.973586461633,81.2827395071039,0,101.5853655613,0,138.425725342224,231.050882209,0,0,0,0,0,0,0,0,73.4795582048751,0,0,0,0,314.611698427915,306.344527664232,0,0,0,0,0,155.24952173131,0,192.693757128262,0,0,179.718364159796,201.100640800745
0,0,0,0,0,193.055010680236,0,0,0,0,0,146.814226519809,0,0,0,0,224.551207449728,0,0,0,0,0,0,0,0,0,0,128.405764333981,0,0,111.226326353722,96.5937438588657,0,81.9664354533492,180.355266595273,151.075371308616,241.635434294794,0,0,253.401634605989,0
0,101.605593487621,0,0,0,0,0,0,0,0,114.649126378906,0,0,0,0,224.551207449728,0,0,0,158.567996645797,0,0,217.157696745803,0,0,0,195.314816908693,0,0,0,0,0,0,96.7845769653343,0,82.4756938751058,190.185165668632,122.106946855269,0,0,0
0,0,0,0,283.248188884028,0,0,106.128596538706,0,0,0,284.529238481835,0,0,0,0,0,0,0,66.5008477853491,0,173.001559092555,0,0,0,0,0,0,71.5579325720569,0,0,0,0,108.381749703452,0,0,67.8267069095267,0,181.316358113209,0,0
0,0,0,0,0,204.481117647118,0,133.218162784108,0,0,136.685314494491,0,0,0,0,0,0,0,0,0,0,0,0,137.239127032733,0,335.371040201042,0,119.345624434514,0,161.275817184598,0,0,160.530221557972,188.936291522747,228.792310020318,0,184.249961885477,0,0,80.8080171296381,0
0,0,0,255.441154257905,0,154.784755881607,0,0,0,85.7623170715703,153.672550905948,0,0,0,0,0,158.567996645797,66.5008477853491,0,0,124.698445421759,0,0,0,0,178.748963182352,90.1317194604647,259.055025639447,73.1029054543569,0,0,0,0,0,263.534399241887,115.194491798135,115.541295036174,120.912756812582,159.183173818572,0,173.059382066957
0,0,0,0,0,90.7216186966914,0,0,247.66948903751,196.04190773555,0,0,0,115.332064605654,0,0,0,0,0,124.698445421759,0,160.537522273714,0,0,0,219.430938885781,219.040656038919,0,0,0,205.839960264176,0,353.822894641502,171.230058197369,165.893015276821,0,101.443495235174,0,0,0,0
0,0,0,0,0,0,0,0,0,0,0,0,0,0,0,0,0,173.001559092555,0,0,160.537522273714,0,0,94.8881692391942,0,0,146.99041817625,193.63278243493,0,61.0664810463559,0,0,0,0,0,115.868441404982,0,0,0,138.33942793804,0
0,0,0,0,0,0,200.878319874537,0,0,0,251.098274723989,0,0,125.994729980093,73.4795582048751,0,217.157696745803,0,0,0,0,0,0,320.356811100276,0,0,112.793316814908,106.926813611922,226.825099357786,0,0,193.777661225572,0,241.682021696872,0,303.527509149359,74.7304794244225,0,0,112.349934713559,114.511014214502
0,0,0,0,92.5207898118833,329.719143597451,0,92.5568465385234,0,348.674510760064,321.864157986053,78.8552325762656,198.964527389285,0,0,0,0,0,137.239127032733,0,0,94.8881692391942,320.356811100276,0,112.823430872325,0,163.059043292369,223.705816669619,201.44584889478,171.906398392157,0,0,0,167.066576495979,236.681907140956,0,259.442917595754,0,0,262.382215657622,0
0,0,0,0,0,0,192.601533877686,222.053792850439,0,0,0,146.770754374523,197.486504603685,0,0,0,0,0,0,0,0,0,0,112.823430872325,0,192.135034768848,0,143.005810983322,0,193.659409924573,0,0,0,178.683678585178,0,0,0,0,0,0,95.7590805983148
0,0,0,196.032358954952,103.519938150021,169.453147353278,145.74089716123,0,94.7280504127031,101.895308036513,0,135.667029391615,116.054372245433,276.620869034647,0,0,0,0,335.371040201042,178.748963182352,219.430938885781,0,0,0,192.135034768848,0,85.6072705949986,0,113.144980278377,0,0,0,0,0,212.592150359921,0,120.567029282014,74.5815074003433,72.2278283150671,225.013371621378,0
0,0,82.1742780037132,0,0,142.054529471577,0,0,240.185081663983,0,0,98.6790043377568,0,135.294330067913,0,0,195.314816908693,0,0,90.1317194604647,219.040656038919,146.99041817625,112.793316814908,163.059043292369,0,85.6072705949986,0,0,191.519780382943,0,0,0,0,161.325017232684,128.530575464043,195.822649557859,89.3673883748406,206.472608421747,0,89.707245288964,206.912707094411
0,0,0,155.901486485736,221.805809452716,172.892533368851,0,142.385058730083,139.93285932648,133.984214699576,136.792307586862,108.136066660554,0,157.852515740516,314.611698427915,128.405764333981,0,0,119.345624434514,259.055025639447,0,193.63278243493,106.926813611922,223.705816669619,143.005810983322,0,0,0,0,0,70.4221432298295,345.797434674459,0,134.960780198024,202.712457066107,118.522099274347,175.196329314064,163.945208919892,115.114253591495,153.609372090384,158.955087279859
0,99.2646516363145,0,249.905610015455,213.67670887414,0,228.075434767255,0,0,227.504408813069,101.85207633558,153.453047983244,0,162.833808134102,306.344527664232,0,0,71.5579325720569,0,73.1029054543569,0,0,226.825099357786,201.44584889478,0,113.144980278377,191.519780382943,0,0,0,0,0,0,306.640284138334,115.871357769661,0,137.177378802006,177.763106506206,94.7529894315991,232.945974238958,0
0,0,0,0,205.09013266389,0,0,0,0,224.523755099568,0,0,0,0,0,0,0,0,161.275817184598,0,0,61.0664810463559,0,171.906398392157,193.659409924573,0,0,0,0,0,0,0,0,92.3502314520023,211.840482897052,0,208.005106191961,0,0,153.876396855887,89.1590885155172
0,0,0,0,0,0,0,0,0,0,0,0,0,0,0,111.226326353722,0,0,0,0,205.839960264176,0,0,0,0,0,0,70.4221432298295,0,0,0,0,0,0,0,283.88658203332,80.4367166559625,0,128.846764897717,0,0
0,0,289.631679007608,0,0,0,0,0,0,0,58.3493451392805,154.065933476765,215.611029055736,0,0,96.5937438588657,0,0,0,0,0,0,193.777661225572,0,0,0,0,345.797434674459,0,0,0,0,0,231.715271819474,0,117.208001126138,0,0,338.131802716296,0,325.937289045041
0,0,0,0,0,0,0,0,0,0,0,0,0,0,0,0,0,0,160.530221557972,0,353.822894641502,0,0,0,0,0,0,0,0,0,0,0,0,0,0,0,0,0,261.605527103798,154.070293657878,151.695570509541
150.161410108805,0,0,84.3635741045246,333.645516435298,0,106.533627130087,252.487290983309,0,0,0,131.969743415579,0,0,0,81.9664354533492,96.7845769653343,108.381749703452,188.936291522747,0,171.230058197369,0,241.682021696872,167.066576495979,178.683678585178,0,161.325017232684,134.960780198024,306.640284138334,92.3502314520023,0,231.715271819474,0,0,141.204637091722,173.538155409849,280.376028997576,125.81518738273,148.808626413748,183.786860782462,309.997227542691
125.416941482916,0,0,0,261.440278806413,0,249.798812580765,161.302948562323,93.4234866874731,116.176698124939,321.124897279917,151.01089327964,0,151.806152521152,155.24952173131,180.355266595273,0,0,228.792310020318,263.534399241887,165.893015276821,0,0,236.681907140956,0,212.592150359921,128.530575464043,202.712457066107,115.871357769661,211.840482897052,0,0,0,141.204637091722,0,109.093416850988,0,168.241326865882,0,161.694997919804,169.742003380707
0,250.461724766314,0,0,0,161.74915061469,0,0,0,0,0,139.792601838991,0,99.3508940827211,0,151.075371308616,82.4756938751058,0,0,115.194491798135,0,115.868441404982,303.527509149359,0,0,0,195.822649557859,118.522099274347,0,0,283.88658203332,117.208001126138,0,173.538155409849,109.093416850988,0,137.189596148386,0,164.032723165762,174.013630695256,76.5072790361762
111.435629183184,357.423078228283,62.859596780235,242.790381480436,199.492852797962,0,140.574866691684,198.528111506785,0,82.6426202489162,0,71.4788760670054,0,0,192.693757128262,241.635434294794,190.185165668632,67.8267069095267,184.249961885477,115.541295036174,101.443495235174,0,74.7304794244225,259.442917595754,0,120.567029282014,89.3673883748406,175.196329314064,137.177378802006,208.005106191961,80.4367166559625,0,0,280.376028997576,0,137.189596148386,0,113.059176128709,110.384905066973,87.8456058929559,269.936825670274
124.853650664477,94.9380989123498,98.417953423071,220.901129804706,0,0,97.3506957544063,172.608400267715,0,0,154.142998692322,93.5029580098427,0,0,0,0,122.106946855269,0,0,120.912756812582,0,0,0,0,0,74.5815074003433,206.472608421747,163.945208919892,177.763106506206,0,0,0,0,125.81518738273,168.241326865882,0,113.059176128709,0,62.311273509377,180.90030328818,218.045528847001
0,0,0,0,0,178.224497384947,0,0,0,165.597665022977,0,134.566479261133,0,0,0,0,0,181.316358113209,0,159.183173818572,0,0,0,0,0,72.2278283150671,0,115.114253591495,94.7529894315991,0,128.846764897717,338.131802716296,261.605527103798,148.808626413748,0,164.032723165762,110.384905066973,62.311273509377,0,0,0
0,0,139.654362654449,0,75.4497121078207,0,0,204.084074037941,0,100.812745974529,347.376449530863,74.4197823064597,0,194.442125915551,179.718364159796,253.401634605989,0,0,80.8080171296381,0,0,138.33942793804,112.349934713559,262.382215657622,0,225.013371621378,89.707245288964,153.609372090384,232.945974238958,153.876396855887,0,0,154.070293657878,183.786860782462,161.694997919804,174.013630695256,87.8456058929559,180.90030328818,0,0,187.77054666536
0,0,0,0,0,241.57250333243,220.963068032256,195.378266313867,0,214.116367924649,0,180.543851962045,0,104.915316975638,201.100640800745,0,0,0,0,173.059382066957,0,0,114.511014214502,0,95.7590805983148,0,206.912707094411,158.955087279859,0,89.1590885155172,0,325.937289045041,151.695570509541,309.997227542691,169.742003380707,76.5072790361762,269.936825670274,218.045528847001,0,187.77054666536,0
