0,0,0,0,134.960780198024,0,0,0,0,0,0,0,0,158.567996645797,0,0,0,0,0,0,0,0,0,0,0,0,0,0,0,0,0,0,0,106.33736463831,0,0,0,125.994729980093,0,204.481117647118,165.893015276821
0,0,0,0,0,160.530221557972,112.823430872325,0,0,0,0,0,0,171.230058197369,0,0,0,0,92.3502314520023,0,0,0,0,172.892533368851,0,0,0,0,0,0,0,0,0,249.798812580765,211.840482897052,0,0,0,0,0,0
0,0,0,0,0,0,188.936291522747,0,0,0,0,0,0,0,0,0,0,0,0,0,0,0,0,0,0,251.098274723989,0,178.683678585178,0,0,0,0,0,0,135.294330067913,0,0,0,73.1029054543569,0,0
0,0,0,0,100.812745974529,89.1590885155172,0,146.814226519809,148.808626413748,0,222.053792850439,0,104.915316975638,0,0,0,0,0,0,0,82.6299537488922,0,0,0,0,0,320.356811100276,0,163.945208919892,0,0,0,0,0,101.443495235174,177.763106506206,0,193.63278243493,0,119.728129215699,0
134.960780198024,0,0,100.812745974529,0,0,0,0,0,161.694997919804,0,172.608400267715,0,0,0,0,0,0,0,153.876396855887,0,0,0,0,0,0,154.070293657878,85.7623170715703,108.381749703452,0,0,0,0,98.417953423071,161.74915061469,0,106.926813611922,261.440278806413,0,159.183173818572,94.7529894315991
0,160.530221557972,0,89.1590885155172,0,0,0,0,0,0,0,115.194491798135,0,0,0,0,0,0,116.176698124939,0,0,0,0,329.719143597451,0,101.5853655613,214.116367924649,117.208001126138,165.597665022977,66.5008477853491,247.66948903751,0,0,0,241.635434294794,0,178.748963182352,0,0,164.032723165762,0
0,112.823430872325,188.936291522747,0,0,0,0,0,241.682021696872,191.519780382943,0,0,0,0,208.005106191961,0,0,0,283.88658203332,115.868441404982,0,0,0,0,0,0,0,284.529238481835,205.09013266389,0,0,259.055025639447,0,323.781250289068,0,0,96.7845769653343,0,0,151.806152521152,0
0,0,0,146.814226519809,0,0,0,0,115.541295036174,196.04190773555,0,321.124897279917,0,82.4756938751058,0,333.645516435298,94.7280504127031,0,0,0,0,0,62.311273509377,0,0,180.543851962045,0,0,213.67670887414,0,173.201474590904,0,0,0,219.078548227669,81.9664354533492,192.693757128262,139.792601838991,199.492852797962,0,0
0,0,0,148.808626413748,0,0,241.682021696872,115.541295036174,0,0,0,0,0,0,0,0,0,0,0,0,120.912756812582,0,0,0,179.718364159796,0,0,93.5029580098427,0,0,0,0,0,181.316358113209,125.416941482916,0,0,0,93.4234866874731,70.4221432298295,146.99041817625
0,0,0,0,161.694997919804,0,191.519780382943,196.04190773555,0,0,0,241.57250333243,0,75.4497121078207,0,0,154.065933476765,200.878319874537,146.465927798921,0,101.85207633558,0,225.013371621378,194.442125915551,0,97.3232815600345,71.4788760670054,335.371040201042,0,136.792307586862,0,0,0,347.376449530863,0,0,173.001559092555,0,0,97.3506957544063,0
0,0,0,222.053792850439,0,0,0,0,0,0,0,212.592150359921,0,0,306.640284138334,0,0,61.0664810463559,0,71.5579325720569,219.040656038919,0,151.01089327964,0,0,139.93285932648,190.185165668632,321.864157986053,138.425725342224,0,0,0,0,255.441154257905,238.934743274142,183.786860782462,154.784755881607,0,0,276.620869034647,0
0,0,0,0,172.608400267715,115.194491798135,0,321.124897279917,0,241.57250333243,212.592150359921,0,0,112.349934713559,0,253.401634605989,0,90.7216186966914,0,94.8881692391942,0,215.611029055736,0,0,0,0,85.6072705949986,160.537522273714,99.2646516363145,80.4367166559625,0,74.4197823064597,0,0,110.384905066973,122.106946855269,353.822894641502,106.128596538706,0,125.81518738273,119.345624434514
0,0,0,104.915316975638,0,0,0,0,0,0,0,0,0,0,217.157696745803,0,0,0,193.055010680236,0,0,0,0,0,0,154.142998692322,0,195.822649557859,0,0,0,98.6790043377568,0,0,0,0,0,0,0,0,0
158.567996645797,171.230058197369,0,0,0,0,0,82.4756938751058,0,75.4497121078207,0,112.349934713559,0,0,0,0,90.1317194604647,0,0,0,289.631679007608,0,0,202.712457066107,0,0,0,146.770754374523,220.901129804706,0,141.204637091722,0,0,0,0,0,249.905610015455,0,0,101.895308036513,124.698445421759
0,0,0,0,0,0,208.005106191961,0,0,0,306.640284138334,0,217.157696745803,0,0,0,0,0,0,242.790381480436,0,0,0,306.344527664232,0,0,0,81.2827395071039,231.050882209,0,0,0,0,92.5207898118833,180.355266595273,259.442917595754,0,153.453047983244,280.376028997576,0,0
0,0,0,0,0,0,0,333.645516435298,0,0,0,253.401634605989,0,0,0,0,0,0,0,137.239127032733,173.538155409849,0,161.325017232684,0,228.075434767255,0,0,0,0,0,0,0,0,155.24952173131,0,269.936825670274,283.248188884028,109.093416850988,0,0,252.487290983309
0,0,0,0,0,0,0,94.7280504127031,0,154.065933476765,0,0,0,90.1317194604647,0,0,0,0,0,338.131802716296,0,0,0,139.654362654449,0,169.742003380707,197.893790332676,0,131.969743415579,0,0,0,0,0,0,0,0,236.681907140956,113.144980278377,0,0
0,0,0,0,0,0,0,0,0,200.878319874537,61.0664810463559,90.7216186966914,0,0,0,0,0,0,0,0,0,0,345.797434674459,0,0,74.7304794244225,118.522099274347,0,0,196.032358954952,0,0,0,0,250.461724766314,0,0,0,0,0,220.963068032256
0,92.3502314520023,0,0,0,116.176698124939,283.88658203332,0,0,146.465927798921,0,0,193.055010680236,0,0,0,0,0,0,0,151.695570509541,0,104.369974912428,0,0,231.715271819474,0,0,0,0,0,0,0,137.177378802006,0,0,261.605527103798,0,0,101.350815329073,219.430938885781
0,0,0,0,153.876396855887,0,115.868441404982,0,0,0,71.5579325720569,94.8881692391942,0,0,242.790381480436,137.239127032733,338.131802716296,0,0,0,0,106.533627130087,0,143.005810983322,0,92.5568465385234,195.378266313867,111.226326353722,0,0,0,0,0,163.059043292369,162.833808134102,201.44584889478,262.382215657622,0,0,111.435629183184,0
0,0,0,82.6299537488922,0,0,0,0,120.912756812582,101.85207633558,219.040656038919,0,0,289.631679007608,0,173.538155409849,0,0,151.695570509541,0,0,0,0,78.9559315574845,142.054529471577,0,0,82.6426202489162,145.74089716123,0,0,0,0,0,0,224.523755099568,201.100640800745,0,0,0,0
0,0,0,0,0,0,0,0,0,0,0,215.611029055736,0,0,0,0,0,0,0,106.533627130087,0,0,348.674510760064,167.066576495979,0,0,0,138.33942793804,0,0,0,0,0,357.423078228283,161.275817184598,0,0,78.8552325762656,0,0,0
0,0,0,0,0,0,0,62.311273509377,0,225.013371621378,151.01089327964,0,0,0,0,161.325017232684,0,345.797434674459,104.369974912428,0,0,348.674510760064,0,184.249961885477,0,0,112.793316814908,193.659409924573,0,0,0,0,0,0,98.2230592632363,155.901486485736,116.054372245433,263.534399241887,128.846764897717,0,0
0,172.892533368851,0,0,0,329.719143597451,0,0,0,194.442125915551,0,0,0,202.712457066107,306.344527664232,0,139.654362654449,0,0,143.005810983322,78.9559315574845,167.066576495979,184.249961885477,0,0,108.136066660554,0,240.185081663983,80.8080171296381,0,0,178.224497384947,0,0,198.528111506785,120.567029282014,115.332064605654,0,137.189596148386,221.805809452716,0
0,0,0,0,0,0,0,0,179.718364159796,0,0,0,0,0,0,228.075434767255,0,0,0,0,142.054529471577,0,0,0,0,0,0,171.906398392157,0,133.984214699576,0,0,0,140.574866691684,0,0,150.161410108805,94.027247878695,0,136.685314494491,89.707245288964
0,0,251.098274723989,0,0,101.5853655613,0,180.543851962045,0,97.3232815600345,139.93285932648,0,154.142998692322,0,0,0,169.742003380707,74.7304794244225,231.715271819474,92.5568465385234,0,0,0,108.136066660554,0,0,128.405764333981,0,0,157.852515740516,0,0,0,226.825099357786,300.031143529538,103.519938150021,97.5855511246009,161.302948562323,0,73.4795582048751,115.871357769661
0,0,0,320.356811100276,154.070293657878,214.116367924649,0,0,0,71.4788760670054,190.185165668632,85.6072705949986,0,0,0,0,197.893790332676,118.522099274347,0,195.378266313867,0,0,112.793316814908,0,0,128.405764333981,0,173.059382066957,0,0,0,0,135.667029391615,186.973586461633,114.649126378906,115.114253591495,205.839960264176,0,180.90030328818,206.912707094411,193.777661225572
0,0,178.683678585178,0,85.7623170715703,117.208001126138,284.529238481835,0,93.5029580098427,335.371040201042,321.864157986053,160.537522273714,195.822649557859,146.770754374523,81.2827395071039,0,0,0,0,111.226326353722,82.6426202489162,138.33942793804,193.659409924573,240.185081663983,171.906398392157,0,173.059382066957,0,72.2278283150671,0,0,153.609372090384,0,228.792310020318,151.075371308616,209.996727521564,206.472608421747,232.945974238958,128.530575464043,195.314816908693,0
0,0,0,163.945208919892,108.381749703452,165.597665022977,205.09013266389,213.67670887414,0,0,138.425725342224,99.2646516363145,0,220.901129804706,231.050882209,0,131.969743415579,0,0,0,145.74089716123,0,0,80.8080171296381,0,0,0,72.2278283150671,0,99.3508940827211,0,94.9380989123498,187.77054666536,205.183249704085,325.937289045041,224.551207449728,158.955087279859,0,0,0,76.5072790361762
0,0,0,0,0,66.5008477853491,0,0,0,136.792307586862,0,80.4367166559625,0,0,0,0,0,196.032358954952,0,0,0,0,0,0,133.984214699576,157.852515740516,0,0,99.3508940827211,0,0,0,0,134.566479261133,0,0,153.672550905948,0,0,96.5937438588657,113.059176128709
0,0,0,0,0,247.66948903751,0,173.201474590904,0,0,0,0,0,141.204637091722,0,0,0,0,0,0,0,0,0,0,0,0,0,0,0,0,0,204.084074037941,0,0,0,0,303.527509149359,0,0,0,101.605593487621
0,0,0,0,0,0,259.055025639447,0,0,0,0,74.4197823064597,98.6790043377568,0,0,0,0,0,0,0,0,0,0,178.224497384947,0,0,0,153.609372090384,94.9380989123498,0,204.084074037941,0,168.241326865882,0,89.3673883748406,0,82.1742780037132,0,0,314.611698427915,0
0,0,0,0,0,0,0,0,0,0,0,0,0,0,0,0,0,0,0,0,0,0,0,0,0,0,135.667029391615,0,187.77054666536,0,0,168.241326865882,0,87.8456058929559,0,0,223.705816669619,0,0,0,0
106.33736463831,249.798812580765,0,0,98.417953423071,0,323.781250289068,0,181.316358113209,347.376449530863,255.441154257905,0,0,0,92.5207898118833,155.24952173131,0,0,137.177378802006,163.059043292369,0,357.423078228283,0,0,140.574866691684,226.825099357786,186.973586461633,228.792310020318,205.183249704085,134.566479261133,0,0,87.8456058929559,0,67.8267069095267,309.997227542691,192.601533877686,84.3635741045246,198.964527389285,227.504408813069,169.453147353278
0,211.840482897052,135.294330067913,101.443495235174,161.74915061469,241.635434294794,0,219.078548227669,125.416941482916,0,238.934743274142,110.384905066973,0,0,180.355266595273,0,0,250.461724766314,0,162.833808134102,0,161.275817184598,98.2230592632363,198.528111506785,0,300.031143529538,114.649126378906,151.075371308616,325.937289045041,0,0,89.3673883748406,0,67.8267069095267,0,0,197.486504603685,142.385058730083,0,218.045528847001,186.348837226466
0,0,0,177.763106506206,0,0,0,81.9664354533492,0,0,183.786860782462,122.106946855269,0,0,259.442917595754,269.936825670274,0,0,0,201.44584889478,224.523755099568,0,155.901486485736,120.567029282014,0,103.519938150021,115.114253591495,209.996727521564,224.551207449728,0,0,0,0,309.997227542691,0,0,74.5815074003433,174.013630695256,192.135034768848,0,133.218162784108
0,0,0,0,106.926813611922,178.748963182352,96.7845769653343,192.693757128262,0,173.001559092555,154.784755881607,353.822894641502,0,249.905610015455,0,283.248188884028,0,0,261.605527103798,262.382215657622,201.100640800745,0,116.054372245433,115.332064605654,150.161410108805,97.5855511246009,205.839960264176,206.472608421747,158.955087279859,153.672550905948,303.527509149359,82.1742780037132,223.705816669619,192.601533877686,197.486504603685,74.5815074003433,0,89.9429017381717,58.3493451392805,188.851177466023,95.7590805983148
125.994729980093,0,0,193.63278243493,261.440278806413,0,0,139.792601838991,0,0,0,106.128596538706,0,0,153.453047983244,109.093416850988,236.681907140956,0,0,0,0,78.8552325762656,263.534399241887,0,94.027247878695,161.302948562323,0,232.945974238958,0,0,0,0,0,84.3635741045246,142.385058730083,174.013630695256,89.9429017381717,0,62.859596780235,114.511014214502,94.126460729827
0,0,73.1029054543569,0,0,0,0,199.492852797962,93.4234866874731,0,0,0,0,0,280.376028997576,0,113.144980278377,0,0,0,0,0,128.846764897717,137.189596148386,0,0,180.90030328818,128.530575464043,0,0,0,0,0,198.964527389285,0,192.135034768848,58.3493451392805,62.859596780235,0,175.196329314064,151.036729364761
204.481117647118,0,0,119.728129215699,159.183173818572,164.032723165762,151.806152521152,0,70.4221432298295,97.3506957544063,276.620869034647,125.81518738273,0,101.895308036513,0,0,0,0,101.350815329073,111.435629183184,0,0,0,221.805809452716,136.685314494491,73.4795582048751,206.912707094411,195.314816908693,0,96.5937438588657,0,314.611698427915,0,227.504408813069,218.045528847001,0,188.851177466023,114.511014214502,175.196329314064,0,124.853650664477
165.893015276821,0,0,0,94.7529894315991,0,0,0,146.99041817625,0,0,119.345624434514,0,124.698445421759,0,252.487290983309,0,220.963068032256,219.430938885781,0,0,0,0,0,89.707245288964,115.871357769661,193.777661225572,0,76.5072790361762,113.059176128709,101.605593487621,0,0,169.453147353278,186.348837226466,133.218162784108,95.7590805983148,94.126460729827,151.036729364761,124.853650664477,0
