0,0,0,0,0,0,0,0,0,0,0,0,0,0,0,0,0,0,0,0,205.839960264176,0,0,0,0,81.9664354533492,213.67670887414,133.218162784108,192.693757128262,143.005810983322,0,0,0,0,0,0,0,0,0,0,0
0,0,0,0,0,0,0,0,0,0,0,0,0,0,249.905610015455,0,0,0,0,0,0,0,139.93285932648,0,0,106.128596538706,0,0,269.936825670274,0,0,0,0,0,122.106946855269,0,0,209.996727521564,0,0,108.136066660554
0,0,0,0,0,0,0,0,0,0,0,0,0,0,0,0,0,0,0,0,0,0,0,0,0,0,146.770754374523,0,0,0,0,0,0,117.208001126138,114.511014214502,0,226.825099357786,175.196329314064,0,0,0
0,0,0,0,74.7304794244225,0,0,125.994729980093,0,0,0,195.314816908693,0,94.126460729827,0,0,224.551207449728,0,0,325.937289045041,0,0,97.3506957544063,0,0,128.405764333981,153.672550905948,0,0,0,0,99.2646516363145,133.984214699576,0,0,135.667029391615,0,0,76.5072790361762,0,0
0,0,0,74.7304794244225,0,82.4756938751058,0,231.715271819474,0,101.85207633558,0,252.487290983309,0,0,0,0,0,0,0,162.833808134102,0,0,0,0,89.707245288964,0,0,0,0,0,0,164.032723165762,0,194.442125915551,184.249961885477,137.177378802006,165.893015276821,0,0,67.8267069095267,118.522099274347
0,0,0,0,82.4756938751058,0,276.620869034647,0,0,101.605593487621,0,85.6072705949986,0,0,0,0,0,0,0,80.8080171296381,0,0,142.054529471577,241.682021696872,0,0,219.040656038919,0,0,0,0,85.7623170715703,0,96.5937438588657,200.878319874537,0,284.529238481835,92.5568465385234,0,115.332064605654,0
0,0,0,0,0,276.620869034647,0,259.055025639447,99.3508940827211,202.712457066107,0,151.806152521152,0,0,0,0,0,0,0,0,0,0,110.384905066973,0,0,283.248188884028,0,348.674510760064,155.901486485736,0,0,0,0,0,98.6790043377568,177.763106506206,158.567996645797,0,198.528111506785,0,0
0,0,0,125.994729980093,231.715271819474,0,259.055025639447,0,146.99041817625,0,217.157696745803,0,0,0,0,353.822894641502,154.070293657878,0,345.797434674459,0,0,104.369974912428,141.204637091722,0,0,193.63278243493,0,66.5008477853491,0,0,0,0,0,335.371040201042,242.790381480436,0,90.1317194604647,0,0,90.7216186966914,0
0,0,0,0,0,0,99.3508940827211,146.99041817625,0,0,0,0,0,89.9429017381717,0,0,84.3635741045246,0,0,0,0,0,94.9380989123498,0,205.09013266389,142.385058730083,0,0,74.4197823064597,0,0,0,0,161.302948562323,0,0,128.846764897717,0,0,155.24952173131,0
0,0,0,0,101.85207633558,101.605593487621,202.712457066107,0,0,0,186.973586461633,139.792601838991,0,0,0,0,0,0,0,171.906398392157,62.859596780235,261.605527103798,0,333.645516435298,92.5207898118833,115.194491798135,0,81.2827395071039,169.453147353278,0,0,0,0,158.955087279859,138.33942793804,0,92.3502314520023,0,106.926813611922,101.443495235174,0
0,0,0,0,0,0,0,217.157696745803,0,186.973586461633,0,0,0,0,283.88658203332,0,0,0,0,0,173.059382066957,0,221.805809452716,0,0,263.534399241887,153.876396855887,115.871357769661,219.078548227669,220.963068032256,0,0,0,201.44584889478,249.798812580765,74.5815074003433,196.04190773555,0,58.3493451392805,134.566479261133,0
0,0,0,195.314816908693,252.487290983309,85.6072705949986,151.806152521152,0,0,139.792601838991,0,0,0,0,255.441154257905,323.781250289068,0,0,136.792307586862,62.311273509377,0,0,0,0,259.442917595754,160.530221557972,0,93.4234866874731,212.592150359921,0,0,108.381749703452,0,128.530575464043,0,80.4367166559625,124.853650664477,94.8881692391942,206.472608421747,120.912756812582,193.055010680236
0,0,0,0,0,0,0,0,0,0,0,0,0,0,0,0,0,0,0,0,0,0,0,247.66948903751,0,0,0,195.822649557859,0,0,119.728129215699,0,0,0,0,0,236.681907140956,0,0,150.161410108805,113.059176128709
0,0,0,94.126460729827,0,0,0,0,89.9429017381717,0,0,0,0,0,0,0,0,0,75.4497121078207,250.461724766314,0,0,0,251.098274723989,0,0,0,0,151.036729364761,0,0,178.224497384947,0,223.705816669619,104.915316975638,198.964527389285,181.316358113209,191.519780382943,0,106.33736463831,154.065933476765
0,249.905610015455,0,0,0,0,0,0,0,0,283.88658203332,255.441154257905,0,0,0,0,0,0,0,0,161.325017232684,178.683678585178,0,0,0,190.185165668632,124.698445421759,228.075434767255,320.356811100276,0,0,0,0,0,0,195.378266313867,0,0,125.81518738273,61.0664810463559,0
0,0,0,0,0,0,0,353.822894641502,0,0,0,323.781250289068,0,0,0,0,0,0,289.631679007608,0,0,0,0,165.597665022977,135.294330067913,262.382215657622,0,0,214.116367924649,0,0,0,0,103.519938150021,95.7590805983148,0,94.7529894315991,0,0,0,119.345624434514
0,0,0,224.551207449728,0,0,0,154.070293657878,84.3635741045246,0,0,0,0,0,0,0,0,0,321.864157986053,0,163.945208919892,280.376028997576,0,0,0,208.005106191961,0,139.654362654449,0,0,0,0,0,0,101.5853655613,0,153.609372090384,0,0,0,0
0,0,0,0,0,0,0,0,0,0,0,0,0,0,0,0,0,0,112.793316814908,0,240.185081663983,0,206.912707094411,314.611698427915,0,0,115.868441404982,0,0,0,0,0,0,321.124897279917,0,0,193.777661225572,0,0,116.176698124939,159.183173818572
0,0,0,0,0,0,0,345.797434674459,0,0,0,136.792307586862,0,75.4497121078207,0,289.631679007608,321.864157986053,112.793316814908,0,0,0,0,0,0,0,0,0,219.430938885781,0,0,0,157.852515740516,0,300.031143529538,211.840482897052,0,347.376449530863,192.135034768848,0,0,0
0,0,0,325.937289045041,162.833808134102,80.8080171296381,0,0,0,171.906398392157,0,62.311273509377,0,250.461724766314,0,0,0,0,0,0,303.527509149359,153.453047983244,0,109.093416850988,0,0,0,82.1742780037132,0,241.635434294794,0,0,174.013630695256,309.997227542691,0,0,0,94.7280504127031,93.5029580098427,220.901129804706,167.066576495979
205.839960264176,0,0,0,0,0,0,0,0,62.859596780235,173.059382066957,0,0,0,161.325017232684,0,163.945208919892,240.185081663983,0,303.527509149359,0,0,0,197.486504603685,0,0,0,98.417953423071,232.945974238958,0,0,0,0,0,89.3673883748406,0,0,0,0,218.045528847001,131.969743415579
0,0,0,0,0,0,0,104.369974912428,0,261.605527103798,0,0,0,0,178.683678585178,0,280.376028997576,0,0,153.453047983244,0,0,0,106.533627130087,0,0,0,0,0,0,0,0,0,0,0,0,0,0,0,338.131802716296,180.90030328818
0,139.93285932648,0,97.3506957544063,0,142.054529471577,110.384905066973,141.204637091722,94.9380989123498,0,221.805809452716,0,0,0,0,0,0,206.912707094411,0,0,0,0,0,82.6426202489162,0,225.013371621378,148.808626413748,146.814226519809,0,0,0,0,0,0,115.114253591495,0,168.241326865882,0,0,0,306.640284138334
0,0,0,0,0,241.682021696872,0,0,0,333.645516435298,0,0,247.66948903751,251.098274723989,0,165.597665022977,0,314.611698427915,0,109.093416850988,197.486504603685,106.533627130087,82.6426202489162,0,0,0,0,116.054372245433,78.8552325762656,160.537522273714,0,0,0,222.053792850439,0,136.685314494491,0,172.892533368851,98.2230592632363,112.349934713559,140.574866691684
0,0,0,0,89.707245288964,0,0,0,205.09013266389,92.5207898118833,0,259.442917595754,0,0,0,135.294330067913,0,0,0,0,0,0,0,0,0,0,0,205.183249704085,161.74915061469,0,0,0,0,151.695570509541,0,0,192.601533877686,0,0,0,97.3232815600345
81.9664354533492,106.128596538706,0,128.405764333981,0,0,283.248188884028,193.63278243493,142.385058730083,115.194491798135,263.534399241887,160.530221557972,0,0,190.185165668632,262.382215657622,208.005106191961,0,0,0,0,0,225.013371621378,0,0,0,89.1590885155172,120.567029282014,0,0,0,0,0,101.350815329073,137.189596148386,145.74089716123,224.523755099568,151.075371308616,0,0,0
213.67670887414,0,146.770754374523,153.672550905948,0,219.040656038919,0,0,0,0,153.876396855887,0,0,0,124.698445421759,0,0,115.868441404982,0,0,0,0,148.808626413748,0,0,89.1590885155172,0,125.416941482916,87.8456058929559,197.893790332676,0,161.275817184598,154.784755881607,101.895308036513,0,0,169.742003380707,71.4788760670054,78.9559315574845,238.934743274142,228.792310020318
133.218162784108,0,0,0,0,0,348.674510760064,66.5008477853491,0,81.2827395071039,115.871357769661,93.4234866874731,195.822649557859,0,228.075434767255,0,139.654362654449,0,219.430938885781,82.1742780037132,98.417953423071,0,146.814226519809,116.054372245433,205.183249704085,120.567029282014,125.416941482916,0,173.201474590904,199.492852797962,0,0,0,204.481117647118,306.344527664232,115.541295036174,112.823430872325,180.543851962045,154.142998692322,188.936291522747,137.239127032733
192.693757128262,269.936825670274,0,0,0,0,155.901486485736,0,74.4197823064597,169.453147353278,219.078548227669,212.592150359921,0,151.036729364761,320.356811100276,214.116367924649,0,0,0,0,232.945974238958,0,0,78.8552325762656,161.74915061469,0,87.8456058929559,173.201474590904,0,0,0,0,0,172.608400267715,72.2278283150671,193.659409924573,0,161.694997919804,70.4221432298295,180.355266595273,0
143.005810983322,0,0,0,0,0,0,0,0,0,220.963068032256,0,0,0,0,0,0,0,0,241.635434294794,0,0,0,160.537522273714,0,0,197.893790332676,199.492852797962,0,0,73.1029054543569,0,0,151.01089327964,0,215.611029055736,241.57250333243,0,0,0,134.960780198024
0,0,0,0,0,0,0,0,0,0,0,0,119.728129215699,0,0,0,0,0,0,0,0,0,0,0,0,0,0,0,0,73.1029054543569,0,0,0,0,0,138.425725342224,187.77054666536,73.4795582048751,0,196.032358954952,0
0,0,0,99.2646516363145,164.032723165762,85.7623170715703,0,0,0,0,0,108.381749703452,0,178.224497384947,0,0,0,0,157.852515740516,0,0,0,0,0,0,0,161.275817184598,0,0,0,0,0,0,0,261.440278806413,0,96.7845769653343,173.001559092555,100.812745974529,0,0
0,0,0,133.984214699576,0,0,0,0,0,0,0,0,0,0,0,0,0,0,0,174.013630695256,0,0,0,0,0,0,154.784755881607,0,0,0,0,0,0,0,0,82.6299537488922,227.504408813069,0,0,0,0
0,0,117.208001126138,0,194.442125915551,96.5937438588657,0,335.371040201042,161.302948562323,158.955087279859,201.44584889478,128.530575464043,0,223.705816669619,0,103.519938150021,0,321.124897279917,300.031143529538,309.997227542691,0,0,0,222.053792850439,151.695570509541,101.350815329073,101.895308036513,204.481117647118,172.608400267715,151.01089327964,0,0,0,0,94.027247878695,357.423078228283,204.084074037941,113.144980278377,0,146.465927798921,329.719143597451
0,122.106946855269,114.511014214502,0,184.249961885477,200.878319874537,98.6790043377568,242.790381480436,0,138.33942793804,249.798812580765,0,0,104.915316975638,0,95.7590805983148,101.5853655613,0,211.840482897052,0,89.3673883748406,0,115.114253591495,0,0,137.189596148386,0,306.344527664232,72.2278283150671,0,0,261.440278806413,0,94.027247878695,0,97.5855511246009,183.786860782462,231.050882209,178.748963182352,173.538155409849,111.226326353722
0,0,0,135.667029391615,137.177378802006,0,177.763106506206,0,0,0,74.5815074003433,80.4367166559625,0,198.964527389285,195.378266313867,0,0,0,0,0,0,0,0,136.685314494491,0,145.74089716123,0,115.541295036174,193.659409924573,215.611029055736,138.425725342224,0,82.6299537488922,357.423078228283,97.5855511246009,0,201.100640800745,253.401634605989,186.348837226466,0,0
0,0,226.825099357786,0,165.893015276821,284.529238481835,158.567996645797,90.1317194604647,128.846764897717,92.3502314520023,196.04190773555,124.853650664477,236.681907140956,181.316358113209,0,94.7529894315991,153.609372090384,193.777661225572,347.376449530863,0,0,0,168.241326865882,0,192.601533877686,224.523755099568,169.742003380707,112.823430872325,0,241.57250333243,187.77054666536,96.7845769653343,227.504408813069,204.084074037941,183.786860782462,201.100640800745,0,114.649126378906,0,71.5579325720569,111.435629183184
0,209.996727521564,175.196329314064,0,0,92.5568465385234,0,0,0,0,0,94.8881692391942,0,191.519780382943,0,0,0,0,192.135034768848,94.7280504127031,0,0,0,172.892533368851,0,151.075371308616,71.4788760670054,180.543851962045,161.694997919804,0,73.4795582048751,173.001559092555,0,113.144980278377,231.050882209,253.401634605989,114.649126378906,0,0,163.059043292369,188.851177466023
0,0,0,76.5072790361762,0,0,198.528111506785,0,0,106.926813611922,58.3493451392805,206.472608421747,0,0,125.81518738273,0,0,0,0,93.5029580098427,0,0,0,98.2230592632363,0,0,78.9559315574845,154.142998692322,70.4221432298295,0,0,100.812745974529,0,0,178.748963182352,186.348837226466,0,0,0,179.718364159796,0
0,0,0,0,67.8267069095267,115.332064605654,0,90.7216186966914,155.24952173131,101.443495235174,134.566479261133,120.912756812582,150.161410108805,106.33736463831,61.0664810463559,0,0,116.176698124939,0,220.901129804706,218.045528847001,338.131802716296,0,112.349934713559,0,0,238.934743274142,188.936291522747,180.355266595273,0,196.032358954952,0,0,146.465927798921,173.538155409849,0,71.5579325720569,163.059043292369,179.718364159796,0,171.230058197369
0,108.136066660554,0,0,118.522099274347,0,0,0,0,0,0,193.055010680236,113.059176128709,154.065933476765,0,119.345624434514,0,159.183173818572,0,167.066576495979,131.969743415579,180.90030328818,306.640284138334,140.574866691684,97.3232815600345,0,228.792310020318,137.239127032733,0,134.960780198024,0,0,0,329.719143597451,111.226326353722,0,111.435629183184,188.851177466023,0,171.230058197369,0
