0,0,0,0,0,0,0,0,0,0,0,178.224497384947,0,0,0,0,0,0,0,0,0,0,0,0,0,115.541295036174,0,0,0,0,0,0,0,0,142.385058730083,0,201.44584889478,115.114253591495,0,0,85.7623170715703
0,0,0,125.416941482916,71.5579325720569,0,0,0,0,0,0,0,0,0,0,259.055025639447,0,0,0,183.786860782462,0,0,0,0,0,0,0,0,120.912756812582,0,0,0,0,0,242.790381480436,0,0,0,159.183173818572,0,0
0,0,0,0,0,0,0,0,0,0,0,0,0,0,0,0,321.124897279917,0,0,0,0,0,0,0,0,0,0,100.812745974529,0,0,0,0,0,247.66948903751,0,241.682021696872,62.311273509377,0,0,0,0
0,125.416941482916,0,0,154.784755881607,0,0,219.040656038919,0,0,141.204637091722,0,0,0,0,0,151.01089327964,0,0,0,0,0,0,232.945974238958,0,241.57250333243,0,197.486504603685,136.685314494491,0,0,0,0,0,320.356811100276,0,89.1590885155172,113.059176128709,0,110.384905066973,0
0,71.5579325720569,0,154.784755881607,0,0,0,0,0,225.013371621378,283.248188884028,0,0,0,0,335.371040201042,0,0,0,0,0,0,0,252.487290983309,0,0,0,136.792307586862,201.100640800745,0,0,329.719143597451,0,165.893015276821,0,124.698445421759,0,0,150.161410108805,181.316358113209,112.823430872325
0,0,0,0,0,0,0,0,0,0,0,134.960780198024,0,0,0,0,0,122.106946855269,0,259.442917595754,111.435629183184,98.417953423071,128.846764897717,0,0,0,0,173.001559092555,146.465927798921,0,0,114.649126378906,0,0,198.964527389285,0,261.605527103798,184.249961885477,0,309.997227542691,240.185081663983
0,0,0,0,0,0,0,323.781250289068,0,0,0,72.2278283150671,0,0,0,0,161.325017232684,0,89.707245288964,0,250.461724766314,0,0,61.0664810463559,0,168.241326865882,96.7845769653343,0,0,80.4367166559625,0,0,0,0,196.04190773555,0,173.538155409849,0,115.871357769661,0,74.4197823064597
0,0,0,219.040656038919,0,0,323.781250289068,0,0,0,67.8267069095267,103.519938150021,101.350815329073,0,204.481117647118,206.472608421747,94.9380989123498,0,113.144980278377,106.33736463831,0,0,0,0,0,140.574866691684,0,236.681907140956,0,0,289.631679007608,0,0,263.534399241887,0,0,137.189596148386,0,0,0,71.4788760670054
0,0,0,0,0,0,0,0,0,191.519780382943,0,0,0,0,0,0,0,0,0,306.640284138334,0,192.693757128262,192.135034768848,98.2230592632363,0,222.053792850439,231.715271819474,178.683678585178,0,0,0,0,0,137.177378802006,0,224.523755099568,0,0,0,0,99.2646516363145
0,0,0,0,225.013371621378,0,0,0,191.519780382943,0,0,238.934743274142,0,0,146.770754374523,108.136066660554,217.157696745803,195.378266313867,192.601533877686,0,0,139.93285932648,0,0,174.013630695256,0,0,101.443495235174,175.196329314064,0,0,0,0,101.605593487621,82.1742780037132,220.963068032256,94.126460729827,0,0,200.878319874537,155.24952173131
0,0,0,141.204637091722,283.248188884028,0,0,67.8267069095267,0,0,0,0,0,0,188.851177466023,94.027247878695,353.822894641502,0,90.1317194604647,172.608400267715,99.3508940827211,0,78.9559315574845,0,134.566479261133,0,0,66.5008477853491,0,161.74915061469,0,0,0,112.349934713559,135.294330067913,0,255.441154257905,0,0,0,0
178.224497384947,0,0,0,0,134.960780198024,72.2278283150671,103.519938150021,0,238.934743274142,0,0,0,347.376449530863,0,0,93.5029580098427,0,0,81.2827395071039,306.344527664232,0,0,119.728129215699,269.936825670274,106.533627130087,112.793316814908,0,89.9429017381717,157.852515740516,0,0,151.806152521152,193.659409924573,193.055010680236,0,92.3502314520023,82.6299537488922,0,221.805809452716,0
0,0,0,0,0,0,0,101.350815329073,0,0,0,0,0,0,92.5207898118833,0,0,0,0,0,0,0,0,82.4756938751058,0,0,0,101.895308036513,0,0,0,0,0,0,0,0,0,0,128.405764333981,357.423078228283,0
0,0,0,0,0,0,0,0,0,0,0,347.376449530863,0,0,0,81.9664354533492,0,0,0,87.8456058929559,177.763106506206,0,0,115.194491798135,0,283.88658203332,179.718364159796,0,231.050882209,119.345624434514,0,115.868441404982,0,213.67670887414,0,0,223.705816669619,0,0,154.142998692322,93.4234866874731
0,0,0,0,0,0,0,204.481117647118,0,146.770754374523,188.851177466023,0,92.5207898118833,0,0,0,0,106.128596538706,0,0,0,0,95.7590805983148,117.208001126138,0,0,0,0,160.530221557972,0,0,0,0,164.032723165762,139.792601838991,0,0,0,0,209.996727521564,345.797434674459
0,259.055025639447,0,0,335.371040201042,0,0,206.472608421747,0,108.136066660554,94.027247878695,0,0,81.9664354533492,0,0,0,0,0,0,0,0,0,0,0,0,0,116.176698124939,0,0,0,0,0,84.3635741045246,73.4795582048751,0,0,153.672550905948,0,219.430938885781,0
0,0,321.124897279917,151.01089327964,0,0,161.325017232684,94.9380989123498,0,217.157696745803,353.822894641502,93.5029580098427,0,0,0,0,0,0,0,0,219.078548227669,0,0,0,0,0,0,0,0,0,0,0,0,76.5072790361762,0,0,148.808626413748,0,0,0,0
0,0,0,0,0,122.106946855269,0,0,0,195.378266313867,0,0,0,0,106.128596538706,0,0,0,0,212.592150359921,0,0,0,0,0,0,0,138.33942793804,0,0,0,0,0,0,224.551207449728,0,180.90030328818,0,214.116367924649,161.694997919804,0
0,0,0,0,0,0,89.707245288964,113.144980278377,0,192.601533877686,90.1317194604647,0,0,0,0,0,0,0,0,0,0,0,0,0,0,80.8080171296381,0,114.511014214502,280.376028997576,0,0,0,0,303.527509149359,58.3493451392805,0,155.901486485736,0,227.504408813069,0,135.667029391615
0,183.786860782462,0,0,0,259.442917595754,0,106.33736463831,306.640284138334,0,172.608400267715,81.2827395071039,0,87.8456058929559,0,0,0,212.592150359921,0,0,0,0,153.876396855887,0,0,0,0,186.348837226466,228.075434767255,0,0,163.945208919892,0,74.5815074003433,160.537522273714,333.645516435298,125.81518738273,0,0,98.6790043377568,0
0,0,0,0,0,111.435629183184,250.461724766314,0,0,0,99.3508940827211,306.344527664232,0,177.763106506206,0,0,219.078548227669,0,0,0,0,0,0,169.453147353278,0,0,0,241.635434294794,151.695570509541,0,0,0,0,0,92.5568465385234,314.611698427915,0,101.85207633558,0,218.045528847001,0
0,0,0,0,0,98.417953423071,0,0,192.693757128262,139.93285932648,0,0,0,0,0,0,0,0,0,0,0,0,0,0,0,0,193.63278243493,0,190.185165668632,0,0,0,0,74.7304794244225,0,0,101.5853655613,0,0,228.792310020318,0
0,0,0,0,0,128.846764897717,0,0,192.135034768848,0,78.9559315574845,0,0,0,95.7590805983148,0,0,0,0,153.876396855887,0,0,0,116.054372245433,0,348.674510760064,338.131802716296,0,173.201474590904,0,154.065933476765,0,0,109.093416850988,106.926813611922,0,146.99041817625,97.3506957544063,0,284.529238481835,0
0,0,0,232.945974238958,252.487290983309,0,61.0664810463559,0,98.2230592632363,0,0,119.728129215699,82.4756938751058,115.194491798135,117.208001126138,0,0,0,0,0,169.453147353278,0,116.054372245433,0,186.973586461633,261.440278806413,97.3232815600345,151.036729364761,163.059043292369,0,0,0,0,0,0,0,253.401634605989,0,145.74089716123,205.09013266389,193.777661225572
0,0,0,0,0,0,0,0,0,174.013630695256,134.566479261133,269.936825670274,0,0,0,0,0,0,0,0,0,0,0,186.973586461633,0,0,162.833808134102,0,0,188.936291522747,0,0,0,167.066576495979,205.183249704085,0,70.4221432298295,262.382215657622,0,0,0
115.541295036174,0,0,241.57250333243,0,0,168.241326865882,140.574866691684,222.053792850439,0,0,106.533627130087,0,283.88658203332,0,0,0,0,80.8080171296381,0,0,0,348.674510760064,261.440278806413,0,0,180.543851962045,118.522099274347,0,0,0,0,0,153.453047983244,128.530575464043,178.748963182352,143.005810983322,138.425725342224,124.853650664477,142.054529471577,75.4497121078207
0,0,0,0,0,0,96.7845769653343,0,231.715271819474,0,0,112.793316814908,0,179.718364159796,0,0,0,0,0,0,0,193.63278243493,338.131802716296,97.3232815600345,162.833808134102,180.543851962045,0,208.005106191961,151.075371308616,108.381749703452,0,137.239127032733,0,90.7216186966914,0,133.218162784108,104.369974912428,97.5855511246009,321.864157986053,104.915316975638,120.567029282014
0,0,100.812745974529,197.486504603685,136.792307586862,173.001559092555,0,236.681907140956,178.683678585178,101.443495235174,66.5008477853491,0,101.895308036513,0,0,116.176698124939,0,138.33942793804,114.511014214502,186.348837226466,241.635434294794,0,0,151.036729364761,0,118.522099274347,208.005106191961,0,82.6426202489162,94.7529894315991,0,0,199.492852797962,198.528111506785,180.355266595273,204.084074037941,125.994729980093,0,194.442125915551,73.1029054543569,195.314816908693
0,120.912756812582,0,136.685314494491,201.100640800745,146.465927798921,0,0,0,175.196329314064,0,89.9429017381717,0,231.050882209,160.530221557972,0,0,0,280.376028997576,228.075434767255,151.695570509541,190.185165668632,173.201474590904,163.059043292369,0,0,151.075371308616,82.6426202489162,0,0,0,172.892533368851,0,0,0,0,96.5937438588657,196.032358954952,169.742003380707,173.059382066957,0
0,0,0,0,0,0,80.4367166559625,0,0,0,161.74915061469,157.852515740516,0,119.345624434514,0,0,0,0,0,0,0,0,0,0,188.936291522747,0,108.381749703452,94.7529894315991,0,0,0,0,0,0,0,325.937289045041,153.609372090384,220.901129804706,0,0,161.302948562323
0,0,0,0,0,0,0,289.631679007608,0,0,0,0,0,0,0,0,0,0,0,0,0,0,154.065933476765,0,0,0,0,0,0,0,0,197.893790332676,0,0,300.031143529538,62.859596780235,249.905610015455,0,0,0,0
0,0,0,0,329.719143597451,114.649126378906,0,0,0,0,0,0,0,115.868441404982,0,0,0,0,0,163.945208919892,0,0,0,0,0,0,137.239127032733,0,172.892533368851,0,197.893790332676,0,0,0,0,206.912707094411,195.822649557859,0,0,249.798812580765,146.814226519809
0,0,0,0,0,0,0,0,0,0,0,151.806152521152,0,0,0,0,0,0,0,0,0,0,0,0,0,0,0,199.492852797962,0,0,0,0,0,215.611029055736,0,187.77054666536,0,131.969743415579,0,0,0
0,0,247.66948903751,0,165.893015276821,0,0,263.534399241887,137.177378802006,101.605593487621,112.349934713559,193.659409924573,0,213.67670887414,164.032723165762,84.3635741045246,76.5072790361762,0,303.527509149359,74.5815074003433,0,74.7304794244225,109.093416850988,0,167.066576495979,153.453047983244,90.7216186966914,198.528111506785,0,0,0,0,215.611029055736,0,139.654362654449,171.906398392157,94.7280504127031,94.8881692391942,158.955087279859,0,111.226326353722
142.385058730083,242.790381480436,0,320.356811100276,0,198.964527389285,196.04190773555,0,0,82.1742780037132,135.294330067913,193.055010680236,0,0,139.792601838991,73.4795582048751,0,224.551207449728,58.3493451392805,160.537522273714,92.5568465385234,0,106.926813611922,0,205.183249704085,128.530575464043,0,180.355266595273,0,0,300.031143529538,0,0,139.654362654449,0,158.567996645797,165.597665022977,89.3673883748406,0,171.230058197369,161.275817184598
0,0,241.682021696872,0,124.698445421759,0,0,0,224.523755099568,220.963068032256,0,0,0,0,0,0,0,0,0,333.645516435298,314.611698427915,0,0,0,0,178.748963182352,133.218162784108,204.084074037941,0,325.937289045041,62.859596780235,206.912707094411,187.77054666536,171.906398392157,158.567996645797,0,0,226.825099357786,205.839960264176,85.6072705949986,78.8552325762656
201.44584889478,0,62.311273509377,89.1590885155172,0,261.605527103798,173.538155409849,137.189596148386,0,94.126460729827,255.441154257905,92.3502314520023,0,223.705816669619,0,0,148.808626413748,180.90030328818,155.901486485736,125.81518738273,0,101.5853655613,146.99041817625,253.401634605989,70.4221432298295,143.005810983322,104.369974912428,125.994729980093,96.5937438588657,153.609372090384,249.905610015455,195.822649557859,0,94.7280504127031,165.597665022977,0,0,276.620869034647,211.840482897052,251.098274723989,0
115.114253591495,0,0,113.059176128709,0,184.249961885477,0,0,0,0,0,82.6299537488922,0,0,0,153.672550905948,0,0,0,0,101.85207633558,0,97.3506957544063,0,262.382215657622,138.425725342224,97.5855511246009,0,196.032358954952,220.901129804706,0,0,131.969743415579,94.8881692391942,89.3673883748406,226.825099357786,276.620869034647,0,154.070293657878,202.712457066107,115.332064605654
0,159.183173818572,0,0,150.161410108805,0,115.871357769661,0,0,0,0,0,128.405764333981,0,0,0,0,214.116367924649,227.504408813069,0,0,0,0,145.74089716123,0,124.853650664477,321.864157986053,194.442125915551,169.742003380707,0,0,0,0,158.955087279859,0,205.839960264176,211.840482897052,154.070293657878,0,0,0
0,0,0,110.384905066973,181.316358113209,309.997227542691,0,0,0,200.878319874537,0,221.805809452716,357.423078228283,154.142998692322,209.996727521564,219.430938885781,0,161.694997919804,0,98.6790043377568,218.045528847001,228.792310020318,284.529238481835,205.09013266389,0,142.054529471577,104.915316975638,73.1029054543569,173.059382066957,0,0,249.798812580765,0,0,171.230058197369,85.6072705949986,251.098274723989,202.712457066107,0,0,133.984214699576
85.7623170715703,0,0,0,112.823430872325,240.185081663983,74.4197823064597,71.4788760670054,99.2646516363145,155.24952173131,0,0,0,93.4234866874731,345.797434674459,0,0,0,135.667029391615,0,0,0,0,193.777661225572,0,75.4497121078207,120.567029282014,195.314816908693,0,161.302948562323,0,146.814226519809,0,111.226326353722,161.275817184598,78.8552325762656,0,115.332064605654,0,133.984214699576,0
