0,0,0,0,0,0,0,62.311273509377,205.183249704085,0,0,241.57250333243,0,0,0,0,0,0,0,0,195.378266313867,0,0,0,240.185081663983,0,0,71.5579325720569,0,0,0,0,0,0,0,0,0,0,0,0,0
0,0,0,0,0,0,0,0,0,0,0,0,0,82.6299537488922,0,0,0,0,0,0,0,0,0,164.032723165762,0,0,0,98.2230592632363,92.5568465385234,0,0,0,0,108.136066660554,146.465927798921,0,90.7216186966914,0,0,0,0
0,0,0,0,0,0,0,0,0,0,0,0,0,0,0,0,151.695570509541,0,0,0,0,0,78.9559315574845,0,0,353.822894641502,124.698445421759,0,0,0,0,0,0,148.808626413748,0,0,0,0,0,0,0
0,0,0,0,0,204.481117647118,186.348837226466,0,0,0,0,151.036729364761,0,153.609372090384,0,0,0,0,0,75.4497121078207,0,0,0,321.124897279917,0,0,201.44584889478,97.3232815600345,154.065933476765,0,89.9429017381717,0,0,202.712457066107,158.567996645797,0,0,0,0,0,71.4788760670054
0,0,0,0,0,0,0,0,0,0,94.7280504127031,113.144980278377,0,0,0,219.430938885781,0,0,0,0,0,96.7845769653343,106.33736463831,115.868441404982,0,92.5207898118833,73.1029054543569,116.176698124939,0,0,0,94.8881692391942,0,0,113.059176128709,0,205.839960264176,119.345624434514,0,138.33942793804,0
0,0,0,204.481117647118,0,0,0,0,0,0,0,115.541295036174,0,0,0,0,0,154.142998692322,0,224.523755099568,0,0,0,0,158.955087279859,220.963068032256,145.74089716123,0,180.543851962045,0,0,0,0,0,0,169.453147353278,238.934743274142,242.790381480436,200.878319874537,215.611029055736,213.67670887414
0,0,0,186.348837226466,0,0,0,0,0,146.99041817625,94.027247878695,206.912707094411,154.070293657878,0,0,0,0,0,109.093416850988,0,0,0,0,0,0,94.7529894315991,146.814226519809,0,155.24952173131,0,0,0,0,106.533627130087,0,0,134.960780198024,181.316358113209,0,0,196.04190773555
62.311273509377,0,0,0,0,0,0,0,0,120.912756812582,160.530221557972,139.654362654449,0,196.032358954952,0,0,108.381749703452,0,201.100640800745,0,165.597665022977,0,0,0,0,211.840482897052,0,320.356811100276,0,0,0,0,163.059043292369,97.5855511246009,178.224497384947,128.846764897717,280.376028997576,0,0,218.045528847001,0
205.183249704085,0,0,0,0,0,0,0,0,0,0,115.332064605654,0,0,115.114253591495,0,0,0,0,0,0,0,0,236.681907140956,0,0,112.793316814908,90.1317194604647,0,0,0,178.683678585178,0,192.693757128262,222.053792850439,314.611698427915,95.7590805983148,0,0,0,0
0,0,0,0,0,0,146.99041817625,120.912756812582,0,0,136.685314494491,80.8080171296381,101.350815329073,165.893015276821,227.504408813069,223.705816669619,169.742003380707,0,0,226.825099357786,0,188.936291522747,0,82.4756938751058,0,140.574866691684,0,0,0,0,0,119.728129215699,0,0,300.031143529538,263.534399241887,154.784755881607,151.01089327964,0,0,0
0,0,0,0,94.7280504127031,0,94.027247878695,160.530221557972,0,136.685314494491,0,198.964527389285,0,0,0,0,0,177.763106506206,0,0,0,0,0,112.349934713559,249.905610015455,306.640284138334,131.969743415579,115.194491798135,0,329.719143597451,0,0,0,161.275817184598,0,0,180.355266595273,0,0,98.417953423071,87.8456058929559
241.57250333243,0,0,151.036729364761,113.144980278377,115.541295036174,206.912707094411,139.654362654449,115.332064605654,80.8080171296381,198.964527389285,0,0,128.405764333981,0,0,0,0,0,204.084074037941,0,0,205.09013266389,104.915316975638,0,0,0,0,0,111.226326353722,141.204637091722,138.425725342224,0,0,114.511014214502,0,214.116367924649,333.645516435298,221.805809452716,0,335.371040201042
0,0,0,0,0,0,154.070293657878,0,0,101.350815329073,0,0,0,0,0,0,0,0,0,0,0,0,0,0,0,0,0,125.994729980093,82.1742780037132,0,0,0,0,160.537522273714,0,0,118.522099274347,0,0,0,0
0,82.6299537488922,0,153.609372090384,0,0,0,196.032358954952,0,165.893015276821,0,128.405764333981,0,0,103.519938150021,0,0,0,0,197.893790332676,190.185165668632,0,0,0,0,161.302948562323,0,139.792601838991,228.075434767255,0,73.4795582048751,0,0,0,0,0,0,0,0,178.748963182352,174.013630695256
0,0,0,0,0,0,0,0,115.114253591495,227.504408813069,0,0,0,103.519938150021,0,0,0,0,255.441154257905,0,0,283.248188884028,0,0,0,180.90030328818,94.126460729827,155.901486485736,0,0,0,0,0,0,106.926813611922,0,89.3673883748406,80.4367166559625,0,74.5815074003433,0
0,0,0,0,219.430938885781,0,0,0,0,223.705816669619,0,0,0,0,0,0,0,0,261.605527103798,0,0,172.892533368851,0,0,0,0,0,225.013371621378,173.001559092555,0,0,133.218162784108,0,101.85207633558,0,0,82.6426202489162,187.77054666536,0,0,228.792310020318
0,0,151.695570509541,0,0,0,0,108.381749703452,0,169.742003380707,0,0,0,0,0,0,0,0,0,0,0,0,0,0,0,253.401634605989,209.996727521564,0,0,0,0,0,62.859596780235,0,0,0,289.631679007608,0,125.416941482916,137.177378802006,120.567029282014
0,0,0,0,0,154.142998692322,0,0,0,0,177.763106506206,0,0,0,0,0,0,0,0,0,0,0,0,0,0,92.3502314520023,0,171.906398392157,0,99.2646516363145,0,0,0,231.050882209,0,0,261.440278806413,0,0,89.707245288964,197.486504603685
0,0,0,0,0,0,109.093416850988,201.100640800745,0,0,0,0,0,0,255.441154257905,261.605527103798,0,0,0,0,0,78.8552325762656,0,111.435629183184,0,0,0,0,66.5008477853491,0,0,0,139.93285932648,72.2278283150671,232.945974238958,0,101.605593487621,249.798812580765,0,0,0
0,0,0,75.4497121078207,0,224.523755099568,0,0,0,226.825099357786,0,204.084074037941,0,197.893790332676,0,0,0,0,0,0,212.592150359921,0,104.369974912428,0,101.895308036513,0,0,338.131802716296,206.472608421747,117.208001126138,0,0,0,94.9380989123498,128.530575464043,0,124.853650664477,0,101.5853655613,70.4221432298295,276.620869034647
195.378266313867,0,0,0,0,0,0,165.597665022977,0,0,0,0,0,190.185165668632,0,0,0,0,0,212.592150359921,0,0,0,186.973586461633,0,0,0,125.81518738273,194.442125915551,0,0,0,0,61.0664810463559,157.852515740516,74.4197823064597,0,161.74915061469,173.538155409849,0,347.376449530863
0,0,0,0,96.7845769653343,0,0,0,0,188.936291522747,0,0,0,0,283.248188884028,172.892533368851,0,0,78.8552325762656,0,0,0,0,0,0,0,0,0,0,93.5029580098427,0,0,0,0,0,0,224.551207449728,0,0,76.5072790361762,0
0,0,78.9559315574845,0,106.33736463831,0,0,0,0,0,0,205.09013266389,0,0,0,0,0,0,0,104.369974912428,0,0,0,0,183.786860782462,0,0,259.442917595754,84.3635741045246,0,0,0,151.806152521152,146.770754374523,198.528111506785,262.382215657622,184.249961885477,0,193.777661225572,195.314816908693,250.461724766314
0,164.032723165762,0,321.124897279917,115.868441404982,0,0,0,236.681907140956,82.4756938751058,112.349934713559,104.915316975638,0,0,0,0,0,0,111.435629183184,0,186.973586461633,0,0,0,0,171.230058197369,112.823430872325,85.7623170715703,81.2827395071039,0,188.851177466023,81.9664354533492,0,0,116.054372245433,0,0,0,58.3493451392805,134.566479261133,219.040656038919
240.185081663983,0,0,0,0,158.955087279859,0,0,0,0,249.905610015455,0,0,0,0,0,0,0,0,101.895308036513,0,0,183.786860782462,0,0,0,283.88658203332,0,0,0,0,241.682021696872,0,137.189596148386,0,0,0,153.672550905948,0,247.66948903751,0
0,0,353.822894641502,0,92.5207898118833,220.963068032256,94.7529894315991,211.840482897052,0,140.574866691684,306.640284138334,0,0,161.302948562323,180.90030328818,0,253.401634605989,92.3502314520023,0,0,0,0,0,171.230058197369,0,0,269.936825670274,231.715271819474,193.659409924573,0,0,0,0,175.196329314064,0,192.601533877686,220.901129804706,98.6790043377568,0,241.635434294794,0
0,0,124.698445421759,201.44584889478,73.1029054543569,145.74089716123,146.814226519809,0,112.793316814908,0,131.969743415579,0,0,0,94.126460729827,0,209.996727521564,0,0,0,0,0,0,112.823430872325,283.88658203332,269.936825670274,0,96.5937438588657,0,309.997227542691,0,0,0,100.812745974529,162.833808134102,173.059382066957,135.294330067913,0,0,208.005106191961,179.718364159796
71.5579325720569,98.2230592632363,0,97.3232815600345,116.176698124939,0,0,320.356811100276,90.1317194604647,0,115.194491798135,0,125.994729980093,139.792601838991,155.901486485736,225.013371621378,0,171.906398392157,0,338.131802716296,125.81518738273,0,259.442917595754,85.7623170715703,0,231.715271819474,96.5937438588657,0,115.871357769661,0,0,192.135034768848,0,219.078548227669,150.161410108805,199.492852797962,0,153.876396855887,284.529238481835,251.098274723989,114.649126378906
0,92.5568465385234,0,154.065933476765,0,180.543851962045,155.24952173131,0,0,0,0,0,82.1742780037132,228.075434767255,0,173.001559092555,0,0,66.5008477853491,206.472608421747,194.442125915551,0,84.3635741045246,81.2827395071039,0,193.659409924573,0,115.871357769661,0,93.4234866874731,0,0,0,167.066576495979,168.241326865882,252.487290983309,110.384905066973,357.423078228283,0,259.055025639447,0
0,0,0,0,0,0,0,0,0,0,329.719143597451,111.226326353722,0,0,0,0,0,99.2646516363145,0,117.208001126138,0,93.5029580098427,0,0,0,0,309.997227542691,0,93.4234866874731,0,0,0,0,0,161.325017232684,321.864157986053,85.6072705949986,0,0,173.201474590904,0
0,0,0,89.9429017381717,0,0,0,0,0,0,0,141.204637091722,0,73.4795582048751,0,0,0,0,0,0,0,0,0,188.851177466023,0,0,0,0,0,0,0,0,0,0,67.8267069095267,0,0,0,0,159.183173818572,0
0,0,0,0,94.8881692391942,0,0,0,178.683678585178,119.728129215699,0,138.425725342224,0,0,0,133.218162784108,0,0,0,0,0,0,0,81.9664354533492,241.682021696872,0,0,192.135034768848,0,0,0,0,0,0,0,137.239127032733,306.344527664232,0,0,0,193.055010680236
0,0,0,0,0,0,0,163.059043292369,0,0,0,0,0,0,0,0,62.859596780235,0,139.93285932648,0,0,0,151.806152521152,0,0,0,0,0,0,0,0,0,0,0,303.527509149359,0,0,0,0,0,0
0,108.136066660554,148.808626413748,202.712457066107,0,0,106.533627130087,97.5855511246009,192.693757128262,0,161.275817184598,0,160.537522273714,0,0,101.85207633558,0,231.050882209,72.2278283150671,94.9380989123498,61.0664810463559,0,146.770754374523,0,137.189596148386,175.196329314064,100.812745974529,219.078548227669,167.066576495979,0,0,0,0,0,122.106946855269,195.822649557859,101.443495235174,74.7304794244225,142.385058730083,172.608400267715,133.984214699576
0,146.465927798921,0,158.567996645797,113.059176128709,0,0,178.224497384947,222.053792850439,300.031143529538,0,114.511014214502,0,0,106.926813611922,0,0,0,232.945974238958,128.530575464043,157.852515740516,0,198.528111506785,116.054372245433,0,0,162.833808134102,150.161410108805,168.241326865882,161.325017232684,67.8267069095267,0,303.527509149359,122.106946855269,0,325.937289045041,217.157696745803,345.797434674459,323.781250289068,135.667029391615,0
0,0,0,0,0,169.453147353278,0,128.846764897717,314.611698427915,263.534399241887,0,0,0,0,0,0,0,0,0,0,74.4197823064597,0,262.382215657622,0,0,192.601533877686,173.059382066957,199.492852797962,252.487290983309,321.864157986053,0,137.239127032733,0,195.822649557859,325.937289045041,0,348.674510760064,106.128596538706,153.453047983244,191.519780382943,136.792307586862
0,90.7216186966914,0,0,205.839960264176,238.934743274142,134.960780198024,280.376028997576,95.7590805983148,154.784755881607,180.355266595273,214.116367924649,118.522099274347,0,89.3673883748406,82.6426202489162,289.631679007608,261.440278806413,101.605593487621,124.853650664477,0,224.551207449728,184.249961885477,0,0,220.901129804706,135.294330067913,0,110.384905066973,85.6072705949986,0,306.344527664232,0,101.443495235174,217.157696745803,348.674510760064,0,89.1590885155172,161.694997919804,151.075371308616,193.63278243493
0,0,0,0,119.345624434514,242.790381480436,181.316358113209,0,0,151.01089327964,0,333.645516435298,0,0,80.4367166559625,187.77054666536,0,0,249.798812580765,0,161.74915061469,0,0,0,153.672550905948,98.6790043377568,0,153.876396855887,357.423078228283,0,0,0,0,74.7304794244225,345.797434674459,106.128596538706,89.1590885155172,0,163.945208919892,143.005810983322,142.054529471577
0,0,0,0,0,200.878319874537,0,0,0,0,0,221.805809452716,0,0,0,0,125.416941482916,0,0,101.5853655613,173.538155409849,0,193.777661225572,58.3493451392805,0,0,0,284.529238481835,0,0,0,0,0,142.385058730083,323.781250289068,153.453047983244,161.694997919804,163.945208919892,0,99.3508940827211,97.3506957544063
0,0,0,0,138.33942793804,215.611029055736,0,218.045528847001,0,0,98.417953423071,0,0,178.748963182352,74.5815074003433,0,137.177378802006,89.707245288964,0,70.4221432298295,0,76.5072790361762,195.314816908693,134.566479261133,247.66948903751,241.635434294794,208.005106191961,251.098274723989,259.055025639447,173.201474590904,159.183173818572,0,0,172.608400267715,135.667029391615,191.519780382943,151.075371308616,143.005810983322,99.3508940827211,0,0
0,0,0,71.4788760670054,0,213.67670887414,196.04190773555,0,0,0,87.8456058929559,335.371040201042,0,174.013630695256,0,228.792310020318,120.567029282014,197.486504603685,0,276.620869034647,347.376449530863,0,250.461724766314,219.040656038919,0,0,179.718364159796,114.649126378906,0,0,0,193.055010680236,0,133.984214699576,0,136.792307586862,193.63278243493,142.054529471577,97.3506957544063,0,0
