0,0,0,0,0,0,0,300.031143529538,0,0,0,198.964527389285,0,0,0,0,0,0,0,0,0,0,146.770754374523,0,0,0,0,0,0,0,0,0,0,133.984214699576,192.693757128262,0,0,0,0,82.4756938751058,0
0,0,0,0,0,0,0,0,0,0,0,0,0,0,0,0,0,0,0,0,0,0,0,0,0,0,97.3506957544063,250.461724766314,0,0,0,112.793316814908,0,0,142.385058730083,193.777661225572,96.7845769653343,0,0,306.640284138334,0
0,0,0,0,0,0,0,188.936291522747,0,106.33736463831,0,0,0,0,0,0,0,0,0,0,101.85207633558,0,0,0,0,0,109.093416850988,0,0,0,0,0,0,0,0,0,0,0,0,0,224.523755099568
0,0,0,0,0,0,0,0,0,0,0,219.430938885781,0,0,321.124897279917,0,0,192.135034768848,0,137.239127032733,0,201.100640800745,89.707245288964,161.694997919804,0,0,112.349934713559,347.376449530863,0,0,0,0,0,0,0,99.2646516363145,0,71.4788760670054,0,136.685314494491,81.2827395071039
0,0,0,0,0,0,72.2278283150671,0,0,173.001559092555,0,106.128596538706,0,0,188.851177466023,62.859596780235,0,0,0,0,153.672550905948,0,231.050882209,174.013630695256,0,283.88658203332,0,161.74915061469,0,0,0,80.4367166559625,0,115.868441404982,184.249961885477,0,0,0,0,306.344527664232,0
0,0,0,0,0,0,193.659409924573,0,0,0,0,0,0,329.719143597451,0,0,71.5579325720569,0,0,0,0,0,134.566479261133,94.7280504127031,0,194.442125915551,289.631679007608,0,186.973586461633,101.443495235174,231.715271819474,0,0,178.683678585178,92.3502314520023,0,226.825099357786,0,0,0,172.608400267715
0,0,0,0,72.2278283150671,193.659409924573,0,0,151.036729364761,0,195.822649557859,90.7216186966914,0,0,196.032358954952,0,0,0,0,0,0,0,0,115.332064605654,0,241.57250333243,94.7529894315991,0,0,0,0,0,0,0,116.176698124939,0,217.157696745803,0,314.611698427915,255.441154257905,0
300.031143529538,0,188.936291522747,0,0,0,0,0,0,0,0,74.7304794244225,0,333.645516435298,0,0,0,0,0,0,0,0,0,179.718364159796,0,0,93.5029580098427,81.9664354533492,221.805809452716,154.070293657878,0,115.871357769661,0,138.425725342224,0,0,197.486504603685,164.032723165762,173.538155409849,94.126460729827,94.9380989123498
0,0,0,0,0,0,151.036729364761,0,0,0,101.350815329073,0,0,205.09013266389,0,0,0,0,0,0,0,0,276.620869034647,0,0,0,146.99041817625,124.853650664477,0,0,0,0,0,62.311273509377,0,0,136.792307586862,114.511014214502,241.682021696872,82.1742780037132,0
0,0,106.33736463831,0,173.001559092555,0,0,0,0,0,162.833808134102,0,0,0,85.6072705949986,0,0,0,0,151.075371308616,0,106.926813611922,0,138.33942793804,155.901486485736,161.325017232684,154.065933476765,159.183173818572,0,0,0,58.3493451392805,0,161.275817184598,118.522099274347,93.4234866874731,208.005106191961,0,0,219.078548227669,238.934743274142
0,0,0,0,0,0,195.822649557859,0,101.350815329073,162.833808134102,0,0,0,0,0,0,0,0,117.208001126138,0,0,87.8456058929559,0,204.481117647118,114.649126378906,89.9429017381717,115.114253591495,133.218162784108,219.040656038919,0,0,104.369974912428,0,0,0,283.248188884028,259.442917595754,0,0,98.417953423071,135.667029391615
198.964527389285,0,0,219.430938885781,106.128596538706,0,90.7216186966914,74.7304794244225,0,0,0,0,0,206.912707094411,139.792601838991,0,0,0,0,119.345624434514,0,0,320.356811100276,82.6299537488922,0,348.674510760064,74.5815074003433,97.3232815600345,249.798812580765,280.376028997576,0,199.492852797962,0,169.453147353278,146.814226519809,0,75.4497121078207,0,0,101.605593487621,78.8552325762656
0,0,0,0,0,0,0,0,0,0,0,0,0,0,0,0,0,0,0,223.705816669619,0,0,0,0,0,108.136066660554,0,0,0,0,0,0,0,228.792310020318,178.224497384947,157.852515740516,181.316358113209,0,0,0,0
0,0,0,0,0,329.719143597451,0,333.645516435298,205.09013266389,0,0,206.912707094411,0,0,0,0,0,0,0,163.945208919892,220.901129804706,0,0,0,0,0,145.74089716123,141.204637091722,92.5568465385234,0,0,0,0,263.534399241887,92.5207898118833,0,183.786860782462,0,0,193.055010680236,225.013371621378
0,0,0,321.124897279917,188.851177466023,0,196.032358954952,0,0,85.6072705949986,0,139.792601838991,0,0,0,0,0,0,0,0,0,0,0,116.054372245433,0,73.4795582048751,0,171.906398392157,0,0,0,0,0,0,97.5855511246009,108.381749703452,73.1029054543569,0,0,82.6426202489162,0
0,0,0,0,62.859596780235,0,0,0,0,0,0,0,0,0,0,0,146.465927798921,0,0,259.055025639447,0,0,0,0,0,89.1590885155172,70.4221432298295,201.44584889478,94.027247878695,0,0,0,0,173.059382066957,140.574866691684,0,0,214.116367924649,0,78.9559315574845,0
0,0,0,0,0,71.5579325720569,0,0,0,0,0,0,0,0,0,146.465927798921,0,0,0,94.8881692391942,0,0,167.066576495979,0,0,0,0,0,154.784755881607,66.5008477853491,0,0,0,261.605527103798,0,0,269.936825670274,0,0,198.528111506785,155.24952173131
0,0,0,192.135034768848,0,0,0,0,0,0,0,0,0,0,0,0,0,0,0,0,0,0,142.054529471577,0,0,261.440278806413,0,139.654362654449,90.1317194604647,0,0,0,0,191.519780382943,205.183249704085,0,0,0,227.504408813069,0,160.530221557972
0,0,0,0,0,0,0,0,0,0,117.208001126138,0,0,0,0,0,0,0,0,0,0,0,345.797434674459,160.537522273714,0,0,0,242.790381480436,192.601533877686,0,0,0,0,190.185165668632,0,96.5937438588657,113.144980278377,171.230058197369,202.712457066107,74.4197823064597,172.892533368851
0,0,0,137.239127032733,0,0,0,0,0,151.075371308616,0,119.345624434514,223.705816669619,163.945208919892,0,259.055025639447,94.8881692391942,0,0,0,0,195.378266313867,158.567996645797,0,0,80.8080171296381,99.3508940827211,128.405764333981,0,0,0,0,0,0,0,0,115.194491798135,240.185081663983,222.053792850439,220.963068032256,357.423078228283
0,0,101.85207633558,0,153.672550905948,0,0,0,0,0,0,0,0,220.901129804706,0,0,0,0,0,0,0,0,0,0,0,0,85.7623170715703,204.084074037941,0,101.895308036513,111.226326353722,236.681907140956,0,213.67670887414,0,158.955087279859,137.189596148386,163.059043292369,0,125.81518738273,0
0,0,0,201.100640800745,0,0,0,0,0,106.926813611922,87.8456058929559,0,0,0,0,0,0,0,0,195.378266313867,0,0,0,0,197.893790332676,325.937289045041,0,323.781250289068,0,0,0,0,0,0,112.823430872325,0,0,0,0,0,0
146.770754374523,0,0,89.707245288964,231.050882209,134.566479261133,0,0,276.620869034647,0,0,320.356811100276,0,0,0,0,167.066576495979,142.054529471577,345.797434674459,158.567996645797,0,0,0,0,0,0,0,67.8267069095267,0,0,0,0,0,0,252.487290983309,0,106.533627130087,196.04190773555,0,100.812745974529,0
0,0,0,161.694997919804,174.013630695256,94.7280504127031,115.332064605654,179.718364159796,0,138.33942793804,204.481117647118,82.6299537488922,0,0,116.054372245433,0,0,0,160.537522273714,0,0,0,0,0,0,262.382215657622,0,134.960780198024,0,0,0,0,0,111.435629183184,128.846764897717,153.876396855887,187.77054666536,154.142998692322,120.912756812582,0,153.453047983244
0,0,0,0,0,0,0,0,0,155.901486485736,114.649126378906,0,0,0,0,0,0,0,0,0,0,197.893790332676,0,0,0,0,0,153.609372090384,0,84.3635741045246,0,0,0,0,186.348837226466,0,218.045528847001,124.698445421759,0,180.355266595273,209.996727521564
0,0,0,0,283.88658203332,194.442125915551,241.57250333243,0,0,161.325017232684,89.9429017381717,348.674510760064,108.136066660554,0,73.4795582048751,89.1590885155172,0,261.440278806413,0,80.8080171296381,0,325.937289045041,0,262.382215657622,0,0,177.763106506206,0,0,0,0,215.611029055736,206.472608421747,321.864157986053,0,0,212.592150359921,232.945974238958,0,95.7590805983148,0
0,97.3506957544063,109.093416850988,112.349934713559,0,289.631679007608,94.7529894315991,93.5029580098427,146.99041817625,154.065933476765,115.114253591495,74.5815074003433,0,145.74089716123,0,70.4221432298295,0,0,0,99.3508940827211,85.7623170715703,0,0,0,0,177.763106506206,0,61.0664810463559,173.201474590904,0,0,0,0,0,0,0,0,76.5072790361762,195.314816908693,0,135.294330067913
0,250.461724766314,0,347.376449530863,161.74915061469,0,0,81.9664354533492,124.853650664477,159.183173818572,133.218162784108,97.3232815600345,0,141.204637091722,171.906398392157,201.44584889478,0,139.654362654449,242.790381480436,128.405764333981,204.084074037941,323.781250289068,67.8267069095267,134.960780198024,153.609372090384,0,61.0664810463559,0,115.541295036174,0,0,0,0,353.822894641502,200.878319874537,151.695570509541,309.997227542691,0,137.177378802006,0,143.005810983322
0,0,0,0,0,186.973586461633,0,221.805809452716,0,0,219.040656038919,249.798812580765,0,92.5568465385234,0,94.027247878695,154.784755881607,90.1317194604647,192.601533877686,0,0,0,0,0,0,0,173.201474590904,115.541295036174,0,98.2230592632363,128.530575464043,0,193.63278243493,139.93285932648,224.551207449728,211.840482897052,148.808626413748,228.075434767255,178.748963182352,0,103.519938150021
0,0,0,0,0,101.443495235174,0,154.070293657878,0,0,0,280.376028997576,0,0,0,0,66.5008477853491,0,0,0,101.895308036513,0,0,0,84.3635741045246,0,0,0,98.2230592632363,0,249.905610015455,0,0,0,120.567029282014,0,338.131802716296,247.66948903751,0,0,0
0,0,0,0,0,231.715271819474,0,0,0,0,0,0,0,0,0,0,0,0,0,0,111.226326353722,0,0,0,0,0,0,0,128.530575464043,249.905610015455,0,0,0,165.893015276821,0,0,0,0,104.915316975638,0,0
0,112.793316814908,0,0,80.4367166559625,0,0,115.871357769661,0,58.3493451392805,104.369974912428,199.492852797962,0,0,0,0,0,0,0,0,236.681907140956,0,0,0,0,215.611029055736,0,0,0,0,0,0,0,0,0,169.742003380707,0,125.994729980093,131.969743415579,0,0
0,0,0,0,0,0,0,0,0,0,0,0,0,0,0,0,0,0,0,0,0,0,0,0,0,206.472608421747,0,0,193.63278243493,0,0,0,0,0,168.241326865882,110.384905066973,303.527509149359,0,0,0,0
133.984214699576,0,0,0,115.868441404982,178.683678585178,0,138.425725342224,62.311273509377,161.275817184598,0,169.453147353278,228.792310020318,263.534399241887,0,173.059382066957,261.605527103798,191.519780382943,190.185165668632,0,213.67670887414,0,0,111.435629183184,0,321.864157986053,0,353.822894641502,139.93285932648,0,165.893015276821,0,0,0,89.3673883748406,175.196329314064,125.416941482916,119.728129215699,161.302948562323,180.90030328818,98.6790043377568
192.693757128262,142.385058730083,0,0,184.249961885477,92.3502314520023,116.176698124939,0,0,118.522099274347,0,146.814226519809,178.224497384947,92.5207898118833,97.5855511246009,140.574866691684,0,205.183249704085,0,0,0,112.823430872325,252.487290983309,128.846764897717,186.348837226466,0,0,200.878319874537,224.551207449728,120.567029282014,0,0,168.241326865882,89.3673883748406,0,150.161410108805,241.635434294794,284.529238481835,0,205.839960264176,0
0,193.777661225572,0,99.2646516363145,0,0,0,0,0,93.4234866874731,283.248188884028,0,157.852515740516,0,108.381749703452,0,0,0,96.5937438588657,0,158.955087279859,0,0,153.876396855887,0,0,0,151.695570509541,211.840482897052,0,0,169.742003380707,110.384905066973,175.196329314064,150.161410108805,0,151.806152521152,0,253.401634605989,335.371040201042,180.543851962045
0,96.7845769653343,0,0,0,226.825099357786,217.157696745803,197.486504603685,136.792307586862,208.005106191961,259.442917595754,75.4497121078207,181.316358113209,183.786860782462,73.1029054543569,0,269.936825670274,0,113.144980278377,115.194491798135,137.189596148386,0,106.533627130087,187.77054666536,218.045528847001,212.592150359921,0,309.997227542691,148.808626413748,338.131802716296,0,0,303.527509149359,125.416941482916,241.635434294794,151.806152521152,0,101.5853655613,165.597665022977,251.098274723989,113.059176128709
0,0,0,71.4788760670054,0,0,0,164.032723165762,114.511014214502,0,0,0,0,0,0,214.116367924649,0,0,171.230058197369,240.185081663983,163.059043292369,0,196.04190773555,154.142998692322,124.698445421759,232.945974238958,76.5072790361762,0,228.075434767255,247.66948903751,0,125.994729980093,0,119.728129215699,284.529238481835,0,101.5853655613,0,0,122.106946855269,151.01089327964
0,0,0,0,0,0,314.611698427915,173.538155409849,241.682021696872,0,0,0,0,0,0,0,0,227.504408813069,202.712457066107,222.053792850439,0,0,0,120.912756812582,0,0,195.314816908693,137.177378802006,178.748963182352,0,104.915316975638,131.969743415579,0,161.302948562323,0,253.401634605989,165.597665022977,0,0,0,0
82.4756938751058,306.640284138334,0,136.685314494491,306.344527664232,0,255.441154257905,94.126460729827,82.1742780037132,219.078548227669,98.417953423071,101.605593487621,0,193.055010680236,82.6426202489162,78.9559315574845,198.528111506785,0,74.4197823064597,220.963068032256,125.81518738273,0,100.812745974529,0,180.355266595273,95.7590805983148,0,0,0,0,0,0,0,180.90030328818,205.839960264176,335.371040201042,251.098274723989,122.106946855269,0,0,0
0,0,224.523755099568,81.2827395071039,0,172.608400267715,0,94.9380989123498,0,238.934743274142,135.667029391615,78.8552325762656,0,225.013371621378,0,0,155.24952173131,160.530221557972,172.892533368851,357.423078228283,0,0,0,153.453047983244,209.996727521564,0,135.294330067913,143.005810983322,103.519938150021,0,0,0,0,98.6790043377568,0,180.543851962045,113.059176128709,151.01089327964,0,0,0
