0,0,0,0,0,0,0,0,0,0,0,89.3673883748406,0,0,0,0,0,0,0,0,0,0,0,0,0,159.183173818572,0,161.694997919804,0,0,0,0,0,0,192.601533877686,0,206.912707094411,0,0,320.356811100276,0
0,0,0,0,0,0,0,0,0,0,0,201.100640800745,0,0,0,0,0,0,0,73.4795582048751,0,0,163.945208919892,0,0,0,0,0,0,0,0,151.036729364761,0,0,193.659409924573,153.876396855887,0,0,0,0,154.142998692322
0,0,0,0,0,0,0,160.537522273714,0,0,0,0,0,0,0,0,0,0,0,0,0,0,0,0,0,0,0,357.423078228283,0,0,0,0,0,0,269.936825670274,0,153.609372090384,0,0,205.839960264176,0
0,0,0,0,0,0,0,0,0,179.718364159796,0,0,0,0,0,0,213.67670887414,0,0,174.013630695256,0,0,0,0,0,0,98.417953423071,0,92.5568465385234,255.441154257905,0,0,0,67.8267069095267,197.893790332676,348.674510760064,236.681907140956,0,70.4221432298295,180.90030328818,309.997227542691
0,0,0,0,0,0,0,94.8881692391942,90.7216186966914,183.786860782462,113.144980278377,0,0,0,0,241.682021696872,0,0,0,192.693757128262,171.230058197369,0,0,180.355266595273,0,0,0,228.075434767255,219.430938885781,0,0,87.8456058929559,0,0,0,0,242.790381480436,231.715271819474,114.511014214502,0,0
0,0,0,0,0,0,80.4367166559625,0,0,284.529238481835,0,0,0,0,0,0,0,249.798812580765,188.851177466023,0,0,0,0,0,169.742003380707,214.116367924649,323.781250289068,347.376449530863,78.8552325762656,150.161410108805,0,0,0,89.707245288964,0,238.934743274142,0,0,0,289.631679007608,75.4497121078207
0,0,0,0,0,80.4367166559625,0,0,0,0,0,259.055025639447,0,85.6072705949986,0,116.054372245433,0,0,154.070293657878,111.226326353722,0,0,0,0,0,89.9429017381717,0,101.895308036513,84.3635741045246,0,0,0,300.031143529538,0,0,0,125.81518738273,165.597665022977,103.519938150021,0,0
0,0,160.537522273714,0,94.8881692391942,0,0,0,0,193.055010680236,119.728129215699,0,0,329.719143597451,0,0,0,0,0,197.486504603685,186.973586461633,0,0,72.2278283150671,0,0,146.814226519809,80.8080171296381,0,0,0,74.7304794244225,261.605527103798,94.027247878695,0,0,212.592150359921,219.040656038919,0,0,112.823430872325
0,0,0,0,90.7216186966914,0,0,0,0,0,0,0,0,0,0,0,161.302948562323,0,0,205.183249704085,73.1029054543569,0,0,0,0,0,0,151.01089327964,142.054529471577,0,0,0,113.059176128709,133.984214699576,0,101.605593487621,110.384905066973,0,0,136.685314494491,0
0,0,0,179.718364159796,183.786860782462,284.529238481835,0,193.055010680236,0,0,0,0,0,0,0,0,280.376028997576,198.964527389285,0,0,0,0,0,259.442917595754,195.314816908693,0,58.3493451392805,153.672550905948,0,93.4234866874731,0,0,0,0,232.945974238958,221.805809452716,178.748963182352,249.905610015455,306.344527664232,145.74089716123,169.453147353278
0,0,0,0,113.144980278377,0,0,119.728129215699,0,0,0,0,0,0,0,0,0,134.566479261133,131.969743415579,0,115.114253591495,0,139.654362654449,0,0,115.871357769661,137.189596148386,0,136.792307586862,161.325017232684,0,0,0,155.24952173131,119.345624434514,160.530221557972,247.66948903751,0,0,227.504408813069,173.538155409849
89.3673883748406,201.100640800745,0,0,0,0,259.055025639447,0,0,0,0,0,0,137.177378802006,0,94.126460729827,0,116.176698124939,0,118.522099274347,0,0,99.2646516363145,122.106946855269,0,165.893015276821,314.611698427915,338.131802716296,306.640284138334,0,0,158.955087279859,0,96.5937438588657,181.316358113209,101.85207633558,224.523755099568,89.1590885155172,95.7590805983148,0,97.5855511246009
0,0,0,0,0,0,0,0,0,0,0,0,0,0,0,0,0,0,0,0,0,0,0,0,0,0,0,0,0,115.541295036174,0,0,0,335.371040201042,104.369974912428,0,66.5008477853491,0,0,120.912756812582,146.770754374523
0,0,0,0,0,0,85.6072705949986,329.719143597451,0,0,0,137.177378802006,0,0,190.185165668632,0,133.218162784108,128.405764333981,0,0,111.435629183184,0,0,201.44584889478,0,108.381749703452,167.066576495979,0,0,0,0,0,0,139.93285932648,0,0,204.481117647118,0,276.620869034647,0,164.032723165762
0,0,0,0,0,0,0,0,0,0,0,0,0,190.185165668632,0,0,0,0,173.001559092555,0,0,0,0,0,0,143.005810983322,191.519780382943,184.249961885477,0,226.825099357786,99.3508940827211,0,0,62.311273509377,198.528111506785,108.136066660554,202.712457066107,0,0,218.045528847001,0
0,0,0,0,241.682021696872,0,116.054372245433,0,0,0,0,94.126460729827,0,0,0,0,0,0,0,188.936291522747,93.5029580098427,0,0,0,0,146.465927798921,0,173.059382066957,0,0,0,0,0,0,220.901129804706,0,196.04190773555,0,0,85.7623170715703,241.635434294794
0,0,0,213.67670887414,0,0,0,0,161.302948562323,280.376028997576,0,0,0,133.218162784108,0,0,0,0,0,0,0,0,101.5853655613,109.093416850988,0,175.196329314064,0,0,222.053792850439,0,0,0,0,0,0,0,139.792601838991,162.833808134102,0,0,0
0,0,0,0,0,249.798812580765,0,0,0,198.964527389285,134.566479261133,116.176698124939,0,128.405764333981,0,0,0,0,220.963068032256,0,0,0,0,0,0,0,0,0,128.846764897717,0,0,0,0,0,172.608400267715,0,92.5207898118833,0,0,0,0
0,0,0,0,0,188.851177466023,154.070293657878,0,0,0,131.969743415579,0,0,0,173.001559092555,0,0,220.963068032256,0,0,0,125.416941482916,0,81.2827395071039,101.350815329073,0,0,250.461724766314,0,161.275817184598,0,0,0,0,0,0,177.763106506206,0,0,124.698445421759,0
0,73.4795582048751,0,174.013630695256,192.693757128262,0,111.226326353722,197.486504603685,205.183249704085,0,0,118.522099274347,0,0,0,188.936291522747,0,0,0,0,0,78.9559315574845,0,204.084074037941,0,211.840482897052,98.2230592632363,74.4197823064597,0,0,0,0,0,114.649126378906,0,0,0,0,96.7845769653343,148.808626413748,74.5815074003433
0,0,0,0,171.230058197369,0,0,186.973586461633,73.1029054543569,0,115.114253591495,0,0,111.435629183184,0,93.5029580098427,0,0,0,0,0,0,0,252.487290983309,0,0,283.88658203332,0,0,0,0,0,0,283.248188884028,253.401634605989,0,353.822894641502,71.5579325720569,0,0,90.1317194604647
0,0,0,0,0,0,0,0,0,0,0,0,0,0,0,0,0,0,125.416941482916,78.9559315574845,0,0,0,0,0,0,0,0,115.194491798135,0,0,0,0,186.348837226466,101.443495235174,172.892533368851,97.3506957544063,0,0,154.065933476765,0
0,163.945208919892,0,0,0,0,0,0,0,0,139.654362654449,99.2646516363145,0,0,0,0,101.5853655613,0,0,0,0,0,0,0,0,0,61.0664810463559,157.852515740516,135.667029391615,138.425725342224,193.777661225572,0,0,241.57250333243,0,193.63278243493,146.99041817625,76.5072790361762,142.385058730083,125.994729980093,0
0,0,0,0,180.355266595273,0,0,72.2278283150671,0,259.442917595754,0,122.106946855269,0,201.44584889478,0,0,109.093416850988,0,81.2827395071039,204.084074037941,252.487290983309,0,0,0,0,0,205.09013266389,194.442125915551,0,0,0,0,0,138.33942793804,154.784755881607,173.201474590904,325.937289045041,124.853650664477,112.349934713559,199.492852797962,82.1742780037132
0,0,0,0,0,169.742003380707,0,0,0,195.314816908693,0,0,0,0,0,0,0,0,101.350815329073,0,0,0,0,0,0,0,94.9380989123498,0,0,0,0,0,141.204637091722,106.533627130087,137.239127032733,0,0,0,115.868441404982,192.135034768848,208.005106191961
159.183173818572,0,0,0,0,214.116367924649,89.9429017381717,0,0,0,115.871357769661,165.893015276821,0,108.381749703452,143.005810983322,146.465927798921,175.196329314064,0,0,211.840482897052,0,0,0,0,0,0,115.332064605654,81.9664354533492,97.3232815600345,94.7280504127031,82.6299537488922,0,0,104.915316975638,321.864157986053,263.534399241887,0,0,0,82.4756938751058,117.208001126138
0,0,0,98.417953423071,0,323.781250289068,0,146.814226519809,0,58.3493451392805,137.189596148386,314.611698427915,0,167.066576495979,191.519780382943,0,0,0,0,98.2230592632363,283.88658203332,0,61.0664810463559,205.09013266389,94.9380989123498,115.332064605654,0,62.859596780235,140.574866691684,0,0,0,0,223.705816669619,0,0,151.695570509541,219.078548227669,0,0,321.124897279917
161.694997919804,0,357.423078228283,0,228.075434767255,347.376449530863,101.895308036513,80.8080171296381,151.01089327964,153.672550905948,0,338.131802716296,0,0,184.249961885477,173.059382066957,0,0,250.461724766314,74.4197823064597,0,0,157.852515740516,194.442125915551,0,81.9664354533492,62.859596780235,0,106.33736463831,206.472608421747,0,163.059043292369,0,195.378266313867,171.906398392157,195.822649557859,106.926813611922,178.683678585178,134.960780198024,215.611029055736,0
0,0,0,92.5568465385234,219.430938885781,78.8552325762656,84.3635741045246,0,142.054529471577,0,136.792307586862,306.640284138334,0,0,0,0,222.053792850439,128.846764897717,0,0,0,115.194491798135,135.667029391615,0,0,97.3232815600345,140.574866691684,106.33736463831,0,0,231.050882209,303.527509149359,0,209.996727521564,92.3502314520023,217.157696745803,261.440278806413,120.567029282014,0,0,0
0,0,0,255.441154257905,0,150.161410108805,0,0,0,93.4234866874731,161.325017232684,0,115.541295036174,0,226.825099357786,0,0,0,161.275817184598,0,0,0,138.425725342224,0,0,94.7280504127031,0,206.472608421747,0,0,0,0,0,200.878319874537,0,0,0,0,0,0,0
0,0,0,0,0,0,0,0,0,0,0,0,0,0,99.3508940827211,0,0,0,0,0,0,0,193.777661225572,0,0,82.6299537488922,0,0,231.050882209,0,0,0,0,106.128596538706,0,0,0,0,0,251.098274723989,0
0,151.036729364761,0,0,87.8456058929559,0,0,74.7304794244225,0,0,0,158.955087279859,0,0,0,0,0,0,0,0,0,0,0,0,0,0,0,163.059043292369,303.527509149359,0,0,0,0,151.075371308616,0,94.7529894315991,0,71.4788760670054,0,112.793316814908,161.74915061469
0,0,0,0,0,0,300.031143529538,261.605527103798,113.059176128709,0,0,0,0,0,0,0,0,0,0,0,0,0,0,0,141.204637091722,0,0,0,0,0,0,0,0,0,224.551207449728,0,0,0,0,0,0
0,0,0,67.8267069095267,0,89.707245288964,0,94.027247878695,133.984214699576,0,155.24952173131,96.5937438588657,335.371040201042,139.93285932648,62.311273509377,0,0,0,0,114.649126378906,283.248188884028,186.348837226466,241.57250333243,138.33942793804,106.533627130087,104.915316975638,223.705816669619,195.378266313867,209.996727521564,200.878319874537,106.128596538706,151.075371308616,0,0,225.013371621378,0,0,128.530575464043,100.812745974529,151.806152521152,0
192.601533877686,193.659409924573,269.936825670274,197.893790332676,0,0,0,0,0,232.945974238958,119.345624434514,181.316358113209,104.369974912428,0,198.528111506785,220.901129804706,0,172.608400267715,0,0,253.401634605989,101.443495235174,0,154.784755881607,137.239127032733,321.864157986053,0,171.906398392157,92.3502314520023,0,0,0,224.551207449728,225.013371621378,0,135.294330067913,155.901486485736,178.224497384947,0,228.792310020318,240.185081663983
0,153.876396855887,0,348.674510760064,0,238.934743274142,0,0,101.605593487621,221.805809452716,160.530221557972,101.85207633558,0,0,108.136066660554,0,0,0,0,0,0,172.892533368851,193.63278243493,173.201474590904,0,263.534399241887,0,195.822649557859,217.157696745803,0,0,94.7529894315991,0,0,135.294330067913,0,262.382215657622,345.797434674459,82.6426202489162,0,0
206.912707094411,0,153.609372090384,236.681907140956,242.790381480436,0,125.81518738273,212.592150359921,110.384905066973,178.748963182352,247.66948903751,224.523755099568,66.5008477853491,204.481117647118,202.712457066107,196.04190773555,139.792601838991,92.5207898118833,177.763106506206,0,353.822894641502,97.3506957544063,146.99041817625,325.937289045041,0,0,151.695570509541,106.926813611922,261.440278806413,0,0,0,0,0,155.901486485736,262.382215657622,0,333.645516435298,187.77054666536,196.032358954952,98.6790043377568
0,0,0,0,231.715271819474,0,165.597665022977,219.040656038919,0,249.905610015455,0,89.1590885155172,0,0,0,0,162.833808134102,0,0,0,71.5579325720569,0,76.5072790361762,124.853650664477,0,0,219.078548227669,178.683678585178,120.567029282014,0,0,71.4788760670054,0,128.530575464043,178.224497384947,345.797434674459,333.645516435298,0,168.241326865882,153.453047983244,158.567996645797
0,0,0,70.4221432298295,114.511014214502,0,103.519938150021,0,0,306.344527664232,0,95.7590805983148,0,276.620869034647,0,0,0,0,0,96.7845769653343,0,0,142.385058730083,112.349934713559,115.868441404982,0,0,134.960780198024,0,0,0,0,0,100.812745974529,0,82.6426202489162,187.77054666536,168.241326865882,0,0,0
320.356811100276,0,205.839960264176,180.90030328818,0,289.631679007608,0,0,136.685314494491,145.74089716123,227.504408813069,0,120.912756812582,0,218.045528847001,85.7623170715703,0,0,124.698445421759,148.808626413748,0,154.065933476765,125.994729980093,199.492852797962,192.135034768848,82.4756938751058,0,215.611029055736,0,0,251.098274723989,112.793316814908,0,151.806152521152,228.792310020318,0,196.032358954952,153.453047983244,0,0,180.543851962045
0,154.142998692322,0,309.997227542691,0,75.4497121078207,0,112.823430872325,0,169.453147353278,173.538155409849,97.5855511246009,146.770754374523,164.032723165762,0,241.635434294794,0,0,0,74.5815074003433,90.1317194604647,0,0,82.1742780037132,208.005106191961,117.208001126138,321.124897279917,0,0,0,0,161.74915061469,0,0,240.185081663983,0,98.6790043377568,158.567996645797,0,180.543851962045,0
