0,0,0,0,0,0,0,0,0,0,0,0,0,0,0,276.620869034647,0,0,0,179.718364159796,0,0,89.3673883748406,0,0,0,0,347.376449530863,115.541295036174,0,0,0,0,0,0,0,357.423078228283,0,0,0,0
0,0,0,0,0,0,0,0,321.124897279917,0,0,0,0,0,0,0,0,0,0,187.77054666536,0,0,0,192.135034768848,0,0,0,193.63278243493,0,0,0,0,0,0,161.302948562323,0,136.685314494491,0,0,0,321.864157986053
0,0,0,0,0,0,0,0,0,0,0,0,0,0,0,0,0,0,0,0,0,0,82.6426202489162,0,0,171.230058197369,115.871357769661,0,0,0,0,0,0,0,0,0,335.371040201042,89.1590885155172,0,0,0
0,0,0,0,0,100.812745974529,115.114253591495,0,0,0,139.792601838991,0,0,118.522099274347,67.8267069095267,0,0,0,222.053792850439,0,0,0,0,212.592150359921,0,0,134.566479261133,0,0,171.906398392157,0,0,0,250.461724766314,0,186.348837226466,131.969743415579,0,195.378266313867,0,0
0,0,0,0,0,0,0,323.781250289068,94.8881692391942,101.85207633558,0,82.4756938751058,0,0,0,0,0,115.194491798135,255.441154257905,112.349934713559,0,0,139.654362654449,62.859596780235,133.984214699576,0,81.9664354533492,0,0,0,0,0,0,0,0,0,124.698445421759,0,0,197.486504603685,161.325017232684
0,0,0,100.812745974529,0,0,0,101.895308036513,0,0,0,0,225.013371621378,0,154.065933476765,206.912707094411,0,0,0,0,0,0,0,0,0,0,0,238.934743274142,169.453147353278,0,0,0,0,94.7529894315991,80.4367166559625,111.226326353722,140.574866691684,112.793316814908,103.519938150021,0,115.332064605654
0,0,0,115.114253591495,0,0,0,306.640284138334,0,0,0,178.748963182352,0,0,0,0,0,0,0,333.645516435298,0,0,0,94.9380989123498,0,89.707245288964,0,283.88658203332,202.712457066107,0,0,168.241326865882,0,0,181.316358113209,175.196329314064,0,0,0,184.249961885477,92.5207898118833
0,0,0,0,323.781250289068,101.895308036513,306.640284138334,0,0,232.945974238958,148.808626413748,124.853650664477,0,0,0,192.601533877686,0,0,0,0,253.401634605989,0,0,0,0,0,0,154.142998692322,125.994729980093,0,173.201474590904,139.93285932648,0,0,146.465927798921,231.050882209,0,95.7590805983148,0,104.369974912428,0
0,321.124897279917,0,0,94.8881692391942,0,0,0,0,0,0,108.136066660554,0,0,0,0,0,0,0,261.440278806413,0,0,0,329.719143597451,0,0,0,0,90.1317194604647,0,0,0,165.597665022977,154.784755881607,173.059382066957,0,82.1742780037132,0,0,0,98.6790043377568
0,0,0,0,101.85207633558,0,0,232.945974238958,0,0,269.936825670274,0,0,0,0,0,134.960780198024,0,0,0,97.3232815600345,137.177378802006,173.538155409849,306.344527664232,0,116.054372245433,177.763106506206,99.2646516363145,0,0,0,263.534399241887,0,314.611698427915,228.792310020318,0,167.066576495979,153.672550905948,87.8456058929559,242.790381480436,0
0,0,0,139.792601838991,0,0,0,148.808626413748,0,269.936825670274,0,0,0,241.635434294794,0,114.649126378906,0,0,0,0,0,0,0,0,0,236.681907140956,249.798812580765,205.183249704085,137.189596148386,0,71.5579325720569,0,0,0,0,201.100640800745,122.106946855269,82.6299537488922,218.045528847001,213.67670887414,154.070293657878
0,0,0,0,82.4756938751058,0,178.748963182352,124.853650664477,108.136066660554,0,0,0,0,188.851177466023,195.314816908693,0,0,178.683678585178,300.031143529538,193.055010680236,99.3508940827211,85.7623170715703,0,193.777661225572,0,109.093416850988,90.7216186966914,0,197.893790332676,0,0,0,0,198.528111506785,145.74089716123,209.996727521564,280.376028997576,0,0,112.823430872325,215.611029055736
0,0,0,0,0,225.013371621378,0,0,0,0,0,0,0,0,0,0,0,0,0,74.4197823064597,0,0,0,0,0,0,72.2278283150671,0,0,0,0,0,0,0,0,97.5855511246009,0,219.040656038919,0,160.537522273714,0
0,0,0,118.522099274347,0,0,0,0,0,0,241.635434294794,188.851177466023,0,0,101.605593487621,0,0,0,0,0,0,0,186.973586461633,0,0,0,164.032723165762,159.183173818572,138.33942793804,0,0,116.176698124939,199.492852797962,0,353.822894641502,0,98.2230592632363,231.715271819474,98.417953423071,0,0
0,0,0,67.8267069095267,0,154.065933476765,0,0,0,0,0,195.314816908693,0,101.605593487621,0,0,142.054529471577,0,0,0,0,0,0,0,0,0,200.878319874537,0,128.405764333981,0,0,0,0,94.027247878695,309.997227542691,0,111.435629183184,259.055025639447,0,120.567029282014,0
276.620869034647,0,0,0,0,206.912707094411,0,192.601533877686,0,0,114.649126378906,0,0,0,0,0,0,0,135.667029391615,0,0,0,151.01089327964,0,0,0,0,106.533627130087,0,0,0,0,0,259.442917595754,196.04190773555,0,151.695570509541,0,0,62.311273509377,0
0,0,0,0,0,0,0,0,0,134.960780198024,0,0,0,0,142.054529471577,0,0,0,0,0,119.345624434514,0,0,0,0,0,114.511014214502,172.892533368851,0,205.839960264176,0,0,0,221.805809452716,155.24952173131,0,117.208001126138,0,0,92.5568465385234,0
0,0,0,0,115.194491798135,0,0,0,0,0,0,178.683678585178,0,0,0,0,0,0,0,113.144980278377,74.7304794244225,0,0,0,0,0,0,128.530575464043,0,163.059043292369,0,0,0,249.905610015455,106.33736463831,0,161.694997919804,0,0,0,0
0,0,0,222.053792850439,255.441154257905,0,0,0,0,0,0,300.031143529538,0,0,0,135.667029391615,0,0,0,0,0,0,0,0,0,178.224497384947,106.926813611922,0,0,0,0,143.005810983322,0,303.527509149359,0,0,108.381749703452,115.868441404982,0,228.075434767255,125.81518738273
179.718364159796,187.77054666536,0,0,112.349934713559,0,333.645516435298,0,261.440278806413,0,0,193.055010680236,74.4197823064597,0,0,0,0,113.144980278377,0,0,173.001559092555,0,119.728129215699,247.66948903751,0,0,174.013630695256,165.893015276821,0,0,0,0,0,92.3502314520023,0,0,214.116367924649,101.443495235174,0,101.350815329073,0
0,0,0,0,0,0,0,253.401634605989,0,97.3232815600345,0,99.3508940827211,0,0,0,0,119.345624434514,74.7304794244225,0,173.001559092555,0,227.504408813069,0,136.792307586862,0,0,0,0,0,0,0,0,0,284.529238481835,113.059176128709,0,146.770754374523,0,201.44584889478,196.032358954952,0
0,0,0,0,0,0,0,0,0,137.177378802006,0,85.7623170715703,0,0,0,0,0,0,0,0,227.504408813069,0,128.846764897717,97.3506957544063,0,0,0,93.5029580098427,0,0,0,0,0,135.294330067913,0,0,0,0,0,151.036729364761,0
89.3673883748406,0,82.6426202489162,0,139.654362654449,0,0,0,0,173.538155409849,0,0,0,186.973586461633,0,151.01089327964,0,0,0,119.728129215699,0,128.846764897717,0,0,0,153.876396855887,0,0,61.0664810463559,0,0,0,0,0,0,180.355266595273,325.937289045041,138.425725342224,338.131802716296,0,84.3635741045246
0,192.135034768848,0,212.592150359921,62.859596780235,0,94.9380989123498,0,329.719143597451,306.344527664232,0,193.777661225572,0,0,0,0,0,0,0,247.66948903751,136.792307586862,97.3506957544063,0,0,0,289.631679007608,219.078548227669,158.567996645797,158.955087279859,195.822649557859,0,104.915316975638,0,160.530221557972,0,96.5937438588657,0,0,193.659409924573,0,0
0,0,0,0,133.984214699576,0,0,0,0,0,0,0,0,0,0,0,0,0,0,0,0,0,0,0,0,94.126460729827,217.157696745803,146.814226519809,0,0,0,0,0,75.4497121078207,345.797434674459,0,93.4234866874731,96.7845769653343,0,226.825099357786,183.786860782462
0,0,171.230058197369,0,0,0,89.707245288964,0,0,116.054372245433,236.681907140956,109.093416850988,0,0,0,0,0,0,178.224497384947,0,0,0,153.876396855887,289.631679007608,94.126460729827,0,0,155.901486485736,188.936291522747,190.185165668632,0,220.901129804706,0,66.5008477853491,192.693757128262,261.605527103798,153.453047983244,78.8552325762656,0,76.5072790361762,204.481117647118
0,0,115.871357769661,134.566479261133,81.9664354533492,0,0,0,0,177.763106506206,249.798812580765,90.7216186966914,72.2278283150671,164.032723165762,200.878319874537,0,114.511014214502,0,106.926813611922,174.013630695256,0,0,0,219.078548227669,217.157696745803,0,0,146.99041817625,223.705816669619,0,81.2827395071039,0,0,162.833808134102,224.523755099568,0,0,0,0,220.963068032256,0
347.376449530863,193.63278243493,0,0,0,238.934743274142,283.88658203332,154.142998692322,0,99.2646516363145,205.183249704085,0,0,159.183173818572,0,106.533627130087,172.892533368851,128.530575464043,0,165.893015276821,0,93.5029580098427,0,158.567996645797,146.814226519809,155.901486485736,146.99041817625,0,85.6072705949986,141.204637091722,0,0,0,137.239127032733,161.74915061469,180.543851962045,241.682021696872,172.608400267715,110.384905066973,211.840482897052,180.90030328818
115.541295036174,0,0,0,0,169.453147353278,202.712457066107,125.994729980093,90.1317194604647,0,137.189596148386,197.893790332676,0,138.33942793804,128.405764333981,0,0,0,0,0,0,0,61.0664810463559,158.955087279859,0,188.936291522747,223.705816669619,85.6072705949986,0,0,0,0,153.609372090384,169.742003380707,0,73.4795582048751,208.005106191961,224.551207449728,0,58.3493451392805,150.161410108805
0,0,0,171.906398392157,0,0,0,0,0,0,0,0,0,0,0,0,205.839960264176,163.059043292369,0,0,0,0,0,195.822649557859,0,190.185165668632,0,141.204637091722,0,0,0,0,0,161.275817184598,204.084074037941,0,241.57250333243,0,0,133.218162784108,101.5853655613
0,0,0,0,0,0,0,173.201474590904,0,0,71.5579325720569,0,0,0,0,0,0,0,0,0,0,0,0,0,0,0,81.2827395071039,0,0,0,0,0,71.4788760670054,0,0,142.385058730083,0,0,0,0,320.356811100276
0,0,0,0,0,0,168.241326865882,139.93285932648,0,263.534399241887,0,0,0,116.176698124939,0,0,0,0,143.005810983322,0,0,0,0,104.915316975638,0,220.901129804706,0,0,0,0,0,0,0,78.9559315574845,80.8080171296381,0,240.185081663983,0,0,0,120.912756812582
0,0,0,0,0,0,0,0,165.597665022977,0,0,0,0,199.492852797962,0,0,0,0,0,0,0,0,0,0,0,0,0,0,153.609372090384,0,71.4788760670054,0,0,0,0,206.472608421747,0,0,0,0,0
0,0,0,250.461724766314,0,94.7529894315991,0,0,154.784755881607,314.611698427915,0,198.528111506785,0,0,94.027247878695,259.442917595754,221.805809452716,249.905610015455,303.527509149359,92.3502314520023,284.529238481835,135.294330067913,0,160.530221557972,75.4497121078207,66.5008477853491,162.833808134102,137.239127032733,169.742003380707,161.275817184598,0,78.9559315574845,0,0,283.248188884028,0,0,157.852515740516,70.4221432298295,151.075371308616,198.964527389285
0,161.302948562323,0,0,0,80.4367166559625,181.316358113209,146.465927798921,173.059382066957,228.792310020318,0,145.74089716123,0,353.822894641502,309.997227542691,196.04190773555,155.24952173131,106.33736463831,0,0,113.059176128709,0,0,0,345.797434674459,192.693757128262,224.523755099568,161.74915061469,0,204.084074037941,0,80.8080171296381,0,283.248188884028,0,151.806152521152,106.128596538706,0,125.416941482916,251.098274723989,348.674510760064
0,0,0,186.348837226466,0,111.226326353722,175.196329314064,231.050882209,0,0,201.100640800745,209.996727521564,97.5855511246009,0,0,0,0,0,0,0,0,0,180.355266595273,96.5937438588657,0,261.605527103798,0,180.543851962045,73.4795582048751,0,142.385058730083,0,206.472608421747,0,151.806152521152,0,89.9429017381717,252.487290983309,194.442125915551,163.945208919892,0
357.423078228283,136.685314494491,335.371040201042,131.969743415579,124.698445421759,140.574866691684,0,0,82.1742780037132,167.066576495979,122.106946855269,280.376028997576,0,98.2230592632363,111.435629183184,151.695570509541,117.208001126138,161.694997919804,108.381749703452,214.116367924649,146.770754374523,0,325.937289045041,0,93.4234866874731,153.453047983244,0,241.682021696872,208.005106191961,241.57250333243,0,240.185081663983,0,0,106.128596538706,89.9429017381717,0,0,73.1029054543569,74.5815074003433,191.519780382943
0,0,89.1590885155172,0,0,112.793316814908,0,95.7590805983148,0,153.672550905948,82.6299537488922,0,219.040656038919,231.715271819474,259.055025639447,0,0,0,115.868441404982,101.443495235174,0,0,138.425725342224,0,96.7845769653343,78.8552325762656,0,172.608400267715,224.551207449728,0,0,0,0,157.852515740516,0,252.487290983309,0,0,262.382215657622,94.7280504127031,219.430938885781
0,0,0,195.378266313867,0,103.519938150021,0,0,0,87.8456058929559,218.045528847001,0,0,98.417953423071,0,0,0,0,0,0,201.44584889478,0,338.131802716296,193.659409924573,0,0,0,110.384905066973,0,0,0,0,0,70.4221432298295,125.416941482916,194.442125915551,73.1029054543569,262.382215657622,0,0,205.09013266389
0,0,0,0,197.486504603685,0,184.249961885477,104.369974912428,0,242.790381480436,213.67670887414,112.823430872325,160.537522273714,0,120.567029282014,62.311273509377,92.5568465385234,0,228.075434767255,101.350815329073,196.032358954952,151.036729364761,0,0,226.825099357786,76.5072790361762,220.963068032256,211.840482897052,58.3493451392805,133.218162784108,0,0,0,151.075371308616,251.098274723989,163.945208919892,74.5815074003433,94.7280504127031,0,0,0
0,321.864157986053,0,0,161.325017232684,115.332064605654,92.5207898118833,0,98.6790043377568,0,154.070293657878,215.611029055736,0,0,0,0,0,0,125.81518738273,0,0,0,84.3635741045246,0,183.786860782462,204.481117647118,0,180.90030328818,150.161410108805,101.5853655613,320.356811100276,120.912756812582,0,198.964527389285,348.674510760064,0,191.519780382943,219.430938885781,205.09013266389,0,0
