0,0,0,0,0,0,0,0,0,0,173.001559092555,250.461724766314,0,197.486504603685,0,0,0,0,0,0,0,0,0,173.201474590904,0,0,0,0,0,0,0,0,0,93.5029580098427,0,0,101.350815329073,0,0,0,0
0,0,0,0,0,0,0,0,0,0,0,0,0,338.131802716296,146.465927798921,0,0,0,0,0,0,0,0,0,0,0,0,58.3493451392805,0,0,0,0,0,0,0,357.423078228283,163.059043292369,0,195.822649557859,0,151.036729364761
0,0,0,0,0,0,0,0,0,0,0,0,0,0,0,0,0,0,0,0,0,0,0,0,0,0,241.57250333243,80.4367166559625,0,0,0,0,0,0,0,0,142.385058730083,0,120.567029282014,82.6299537488922,0
0,0,0,0,0,329.719143597451,0,96.5937438588657,0,242.790381480436,157.852515740516,219.040656038919,0,0,150.161410108805,0,0,0,0,128.405764333981,0,0,71.4788760670054,325.937289045041,0,0,0,0,125.81518738273,0,0,0,0,89.3673883748406,0,0,0,201.100640800745,101.443495235174,0,0
0,0,0,0,0,193.055010680236,139.93285932648,0,0,223.705816669619,74.5815074003433,146.814226519809,0,0,85.6072705949986,0,0,0,0,199.492852797962,115.114253591495,0,0,224.551207449728,0,99.3508940827211,0,171.906398392157,228.792310020318,0,0,0,0,0,0,108.381749703452,73.4795582048751,0,0,0,0
0,0,0,329.719143597451,193.055010680236,0,0,219.430938885781,0,196.04190773555,0,276.620869034647,303.527509149359,0,0,0,0,0,0,0,0,0,0,0,0,0,0,106.33736463831,0,72.2278283150671,0,0,0,128.530575464043,74.7304794244225,309.997227542691,227.504408813069,137.239127032733,0,348.674510760064,0
0,0,0,0,139.93285932648,0,0,98.6790043377568,116.176698124939,133.218162784108,0,0,0,0,0,0,0,0,0,0,0,0,168.241326865882,173.059382066957,0,335.371040201042,62.311273509377,205.09013266389,0,188.851177466023,0,0,0,0,140.574866691684,0,0,187.77054666536,0,178.224497384947,0
0,0,0,96.5937438588657,0,219.430938885781,98.6790043377568,0,0,161.302948562323,67.8267069095267,0,94.8881692391942,0,0,0,0,0,101.605593487621,122.106946855269,0,211.840482897052,0,204.481117647118,0,110.384905066973,154.065933476765,0,0,153.453047983244,0,0,0,0,61.0664810463559,201.44584889478,0,0,0,141.204637091722,0
0,0,0,0,0,0,116.176698124939,0,0,0,0,119.345624434514,0,0,118.522099274347,0,0,0,0,0,0,0,0,0,134.960780198024,0,0,249.798812580765,0,0,0,0,0,209.996727521564,75.4497121078207,215.611029055736,153.609372090384,220.901129804706,0,151.075371308616,0
0,0,0,242.790381480436,223.705816669619,196.04190773555,133.218162784108,161.302948562323,0,0,0,161.74915061469,0,95.7590805983148,165.597665022977,193.659409924573,0,0,0,0,0,0,116.054372245433,193.777661225572,231.715271819474,0,89.707245288964,0,87.8456058929559,0,0,0,0,136.792307586862,220.963068032256,241.635434294794,97.5855511246009,0,0,0,0
173.001559092555,0,0,157.852515740516,74.5815074003433,0,0,67.8267069095267,0,0,0,0,0,169.742003380707,0,0,0,0,0,0,0,0,204.084074037941,0,101.85207633558,82.4756938751058,321.124897279917,138.425725342224,135.294330067913,73.1029054543569,0,261.440278806413,0,0,0,0,262.382215657622,221.805809452716,0,0,98.2230592632363
250.461724766314,0,0,219.040656038919,146.814226519809,276.620869034647,0,0,119.345624434514,161.74915061469,0,0,0,0,0,125.416941482916,0,0,212.592150359921,0,0,238.934743274142,101.5853655613,0,0,0,0,94.7529894315991,108.136066660554,0,90.7216186966914,98.417953423071,0,92.3502314520023,160.537522273714,62.859596780235,153.672550905948,165.893015276821,261.605527103798,0,82.6426202489162
0,0,0,0,0,303.527509149359,0,94.8881692391942,0,0,0,0,0,0,0,0,0,0,0,0,112.823430872325,0,0,0,163.945208919892,236.681907140956,0,0,0,0,0,0,0,0,0,0,0,0,0,186.973586461633,0
197.486504603685,338.131802716296,0,0,0,0,0,0,0,95.7590805983148,169.742003380707,0,0,0,0,0,0,181.316358113209,0,96.7845769653343,0,0,0,0,0,180.355266595273,180.543851962045,92.5568465385234,0,0,0,89.9429017381717,0,167.066576495979,177.763106506206,0,94.7280504127031,0,0,0,251.098274723989
0,146.465927798921,0,150.161410108805,85.6072705949986,0,0,0,118.522099274347,165.597665022977,0,0,0,0,0,0,0,0,0,269.936825670274,0,0,0,0,0,0,0,94.027247878695,0,0,195.314816908693,0,0,280.376028997576,0,124.853650664477,0,78.8552325762656,0,0,133.984214699576
0,0,0,0,0,0,0,0,0,193.659409924573,0,125.416941482916,0,0,0,0,0,0,0,241.682021696872,0,249.905610015455,0,0,0,137.189596148386,0,353.822894641502,0,0,0,0,0,259.055025639447,89.1590885155172,0,109.093416850988,164.032723165762,0,139.792601838991,0
0,0,0,0,0,0,0,0,0,0,0,0,0,0,0,0,0,0,0,111.435629183184,0,0,0,0,0,76.5072790361762,183.786860782462,113.059176128709,0,0,0,219.078548227669,0,202.712457066107,0,0,178.683678585178,0,217.157696745803,85.7623170715703,196.032358954952
0,0,0,0,0,0,0,0,0,0,0,0,0,181.316358113209,0,0,0,0,0,0,0,0,154.142998692322,137.177378802006,0,0,0,0,0,0,0,0,117.208001126138,162.833808134102,0,145.74089716123,143.005810983322,0,0,160.530221557972,139.654362654449
0,0,0,0,0,0,0,101.605593487621,0,0,0,212.592150359921,0,0,0,0,0,0,0,146.770754374523,231.050882209,0,0,289.631679007608,0,0,255.441154257905,206.912707094411,0,0,0,0,0,106.533627130087,0,99.2646516363145,247.66948903751,0,0,225.013371621378,192.693757128262
0,0,0,128.405764333981,199.492852797962,0,0,122.106946855269,0,0,0,0,0,96.7845769653343,269.936825670274,241.682021696872,111.435629183184,0,146.770754374523,0,0,323.781250289068,0,104.915316975638,0,0,0,224.523755099568,74.4197823064597,0,0,0,0,240.185081663983,115.871357769661,179.718364159796,154.784755881607,194.442125915551,0,0,0
0,0,0,0,115.114253591495,0,0,0,0,0,0,0,112.823430872325,0,0,0,0,0,231.050882209,0,0,0,0,0,0,104.369974912428,0,306.344527664232,263.534399241887,0,0,0,0,94.126460729827,345.797434674459,197.893790332676,100.812745974529,174.013630695256,0,171.230058197369,115.541295036174
0,0,0,0,0,0,0,211.840482897052,0,0,0,238.934743274142,0,0,0,249.905610015455,0,0,0,323.781250289068,0,0,0,71.5579325720569,0,0,120.912756812582,0,0,0,0,0,0,0,0,0,158.567996645797,158.955087279859,0,0,0
0,0,0,71.4788760670054,0,0,168.241326865882,0,0,116.054372245433,204.084074037941,101.5853655613,0,0,0,0,0,154.142998692322,0,0,0,0,0,0,70.4221432298295,81.9664354533492,112.349934713559,252.487290983309,0,259.442917595754,0,0,0,84.3635741045246,114.649126378906,106.926813611922,0,0,0,173.538155409849,0
173.201474590904,0,0,325.937289045041,224.551207449728,0,173.059382066957,204.481117647118,0,193.777661225572,0,0,0,0,0,0,0,137.177378802006,289.631679007608,104.915316975638,0,71.5579325720569,0,0,0,0,159.183173818572,232.945974238958,178.748963182352,0,0,333.645516435298,0,190.185165668632,101.895308036513,0,90.1317194604647,0,135.667029391615,131.969743415579,0
0,0,0,0,0,0,0,0,134.960780198024,231.715271819474,101.85207633558,0,163.945208919892,0,0,0,0,0,0,0,0,0,70.4221432298295,0,0,0,0,82.1742780037132,92.5207898118833,0,0,0,0,113.144980278377,0,0,320.356811100276,0,0,0,222.053792850439
0,0,0,0,99.3508940827211,0,335.371040201042,110.384905066973,0,0,82.4756938751058,0,236.681907140956,180.355266595273,0,137.189596148386,76.5072790361762,0,0,0,104.369974912428,0,81.9664354533492,0,0,0,81.2827395071039,0,125.994729980093,128.846764897717,0,151.01089327964,0,119.728129215699,94.9380989123498,161.325017232684,148.808626413748,0,0,151.806152521152,200.878319874537
0,0,241.57250333243,0,0,0,62.311273509377,154.065933476765,0,89.707245288964,321.124897279917,0,0,180.543851962045,0,0,183.786860782462,0,255.441154257905,0,0,120.912756812582,112.349934713559,159.183173818572,0,81.2827395071039,0,0,192.135034768848,0,0,0,155.24952173131,205.839960264176,284.529238481835,0,206.472608421747,306.640284138334,283.248188884028,0,321.864157986053
0,58.3493451392805,80.4367166559625,0,171.906398392157,106.33736463831,205.09013266389,0,249.798812580765,0,138.425725342224,94.7529894315991,0,92.5568465385234,94.027247878695,353.822894641502,113.059176128709,0,206.912707094411,224.523755099568,306.344527664232,0,252.487290983309,232.945974238958,82.1742780037132,0,0,0,112.793316814908,106.128596538706,0,0,0,153.876396855887,66.5008477853491,0,103.519938150021,205.183249704085,124.698445421759,191.519780382943,115.332064605654
0,0,0,125.81518738273,228.792310020318,0,0,0,0,87.8456058929559,135.294330067913,108.136066660554,0,0,0,0,0,0,0,74.4197823064597,263.534399241887,0,0,178.748963182352,92.5207898118833,125.994729980093,192.135034768848,112.793316814908,0,228.075434767255,188.936291522747,180.90030328818,0,142.054529471577,155.901486485736,0,0,195.378266313867,314.611698427915,198.528111506785,134.566479261133
0,0,0,0,0,72.2278283150671,188.851177466023,153.453047983244,0,0,73.1029054543569,0,0,0,0,0,0,0,0,0,0,0,259.442917595754,0,0,128.846764897717,0,106.128596538706,228.075434767255,0,0,0,0,0,97.3232815600345,0,80.8080171296381,0,0,208.005106191961,0
0,0,0,0,0,0,0,0,0,0,0,90.7216186966914,0,0,195.314816908693,0,0,0,0,0,0,0,0,0,0,0,0,0,188.936291522747,0,0,0,0,0,136.685314494491,0,0,198.964527389285,0,193.63278243493,0
0,0,0,0,0,0,0,0,0,0,261.440278806413,98.417953423071,0,89.9429017381717,0,0,219.078548227669,0,0,0,0,0,0,333.645516435298,0,151.01089327964,0,0,180.90030328818,0,0,0,0,0,78.9559315574845,172.892533368851,0,0,0,226.825099357786,151.695570509541
0,0,0,0,0,0,0,0,0,0,0,0,0,0,0,0,0,117.208001126138,0,0,0,0,0,0,0,0,155.24952173131,0,0,0,0,0,0,111.226326353722,253.401634605989,0,0,161.275817184598,0,0,0
93.5029580098427,0,0,89.3673883748406,0,128.530575464043,0,0,209.996727521564,136.792307586862,0,92.3502314520023,0,167.066576495979,280.376028997576,259.055025639447,202.712457066107,162.833808134102,106.533627130087,240.185081663983,94.126460729827,0,84.3635741045246,190.185165668632,113.144980278377,119.728129215699,205.839960264176,153.876396855887,142.054529471577,0,0,0,111.226326353722,0,0,0,114.511014214502,0,97.3506957544063,347.376449530863,154.070293657878
0,0,0,0,0,74.7304794244225,140.574866691684,61.0664810463559,75.4497121078207,220.963068032256,0,160.537522273714,0,177.763106506206,0,89.1590885155172,0,0,0,115.871357769661,345.797434674459,0,114.649126378906,101.895308036513,0,94.9380989123498,284.529238481835,66.5008477853491,155.901486485736,97.3232815600345,136.685314494491,78.9559315574845,253.401634605989,0,0,218.045528847001,184.249961885477,213.67670887414,115.868441404982,161.694997919804,0
0,357.423078228283,0,0,108.381749703452,309.997227542691,0,201.44584889478,215.611029055736,241.635434294794,0,62.859596780235,0,0,124.853650664477,0,0,145.74089716123,99.2646516363145,179.718364159796,197.893790332676,0,106.926813611922,0,0,161.325017232684,0,0,0,0,0,172.892533368851,0,0,218.045528847001,0,138.33942793804,0,186.348837226466,0,172.608400267715
101.350815329073,163.059043292369,142.385058730083,0,73.4795582048751,227.504408813069,0,0,153.609372090384,97.5855511246009,262.382215657622,153.672550905948,0,94.7280504127031,0,109.093416850988,178.683678585178,143.005810983322,247.66948903751,154.784755881607,100.812745974529,158.567996645797,0,90.1317194604647,320.356811100276,148.808626413748,206.472608421747,103.519938150021,0,80.8080171296381,0,0,0,114.511014214502,184.249961885477,138.33942793804,0,175.196329314064,146.99041817625,283.88658203332,93.4234866874731
0,0,0,201.100640800745,0,137.239127032733,187.77054666536,0,220.901129804706,0,221.805809452716,165.893015276821,0,0,78.8552325762656,164.032723165762,0,0,0,194.442125915551,174.013630695256,158.955087279859,0,0,0,0,306.640284138334,205.183249704085,195.378266313867,0,198.964527389285,0,161.275817184598,0,213.67670887414,0,175.196329314064,0,0,115.194491798135,192.601533877686
0,195.822649557859,120.567029282014,101.443495235174,0,0,0,0,0,0,0,261.605527103798,0,0,0,0,217.157696745803,0,0,0,0,0,0,135.667029391615,0,0,283.248188884028,124.698445421759,314.611698427915,0,0,0,0,97.3506957544063,115.868441404982,186.348837226466,146.99041817625,0,0,169.453147353278,214.116367924649
0,0,82.6299537488922,0,0,348.674510760064,178.224497384947,141.204637091722,151.075371308616,0,0,0,186.973586461633,0,0,139.792601838991,85.7623170715703,160.530221557972,225.013371621378,0,171.230058197369,0,173.538155409849,131.969743415579,0,151.806152521152,0,191.519780382943,198.528111506785,208.005106191961,193.63278243493,226.825099357786,0,347.376449530863,161.694997919804,0,283.88658203332,115.194491798135,169.453147353278,0,300.031143529538
0,151.036729364761,0,0,0,0,0,0,0,0,98.2230592632363,82.6426202489162,0,251.098274723989,133.984214699576,0,196.032358954952,139.654362654449,192.693757128262,0,115.541295036174,0,0,0,222.053792850439,200.878319874537,321.864157986053,115.332064605654,134.566479261133,0,0,151.695570509541,0,154.070293657878,0,172.608400267715,93.4234866874731,192.601533877686,214.116367924649,300.031143529538,0
