0,0,0,0,0,0,0,0,0,124.853650664477,0,259.442917595754,0,0,0,92.5568465385234,0,0,0,0,0,0,0,0,0,0,0,161.275817184598,0,0,0,0,0,0,173.201474590904,0,0,0,214.116367924649,0,0
0,0,0,0,231.715271819474,0,0,0,0,171.906398392157,0,0,0,0,0,0,109.093416850988,0,0,0,94.027247878695,0,0,0,0,0,0,173.538155409849,0,0,321.124897279917,0,0,0,0,0,165.893015276821,0,0,0,0
0,0,0,0,0,0,0,0,0,0,0,0,0,0,0,0,0,0,0,0,0,0,0,0,0,0,0,163.945208919892,0,0,0,0,0,78.9559315574845,172.892533368851,0,241.682021696872,0,0,94.126460729827,0
0,0,0,0,0,0,212.592150359921,0,0,345.797434674459,195.314816908693,74.4197823064597,0,0,0,0,0,0,0,0,0,0,0,0,0,136.685314494491,93.4234866874731,169.453147353278,0,0,0,0,0,82.6426202489162,0,98.6790043377568,231.050882209,135.667029391615,309.997227542691,136.792307586862,0
0,231.715271819474,0,0,0,0,0,0,0,0,0,0,0,196.032358954952,153.609372090384,0,0,94.7529894315991,117.208001126138,161.694997919804,0,0,0,0,0,0,0,219.078548227669,98.417953423071,188.936291522747,0,0,62.311273509377,323.781250289068,160.537522273714,0,115.332064605654,0,0,161.325017232684,0
0,0,0,0,0,0,0,0,0,0,0,0,0,179.718364159796,0,0,232.945974238958,0,0,204.084074037941,205.183249704085,142.385058730083,0,0,0,198.964527389285,0,252.487290983309,89.3673883748406,163.059043292369,0,0,0,151.806152521152,0,90.7216186966914,0,0,180.90030328818,118.522099274347,314.611698427915
0,0,0,212.592150359921,0,0,0,0,0,0,0,168.241326865882,0,0,240.185081663983,153.672550905948,0,0,0,0,87.8456058929559,0,0,269.936825670274,0,204.481117647118,148.808626413748,94.7280504127031,180.543851962045,0,0,0,0,325.937289045041,78.8552325762656,0,0,211.840482897052,0,0,0
0,0,0,0,0,0,0,0,0,0,0,194.442125915551,0,0,0,0,0,0,0,193.055010680236,242.790381480436,0,124.698445421759,0,0,0,85.6072705949986,161.302948562323,0,90.1317194604647,75.4497121078207,157.852515740516,0,320.356811100276,74.5815074003433,333.645516435298,67.8267069095267,115.114253591495,115.541295036174,263.534399241887,0
0,0,0,0,0,0,0,0,0,0,82.6299537488922,306.640284138334,0,0,0,0,0,0,0,0,0,0,82.4756938751058,0,0,99.3508940827211,0,106.128596538706,196.04190773555,0,0,0,0,80.8080171296381,0,119.345624434514,224.523755099568,0,0,139.93285932648,120.567029282014
124.853650664477,171.906398392157,0,345.797434674459,0,0,0,0,0,0,145.74089716123,92.5207898118833,0,280.376028997576,73.1029054543569,142.054529471577,0,0,0,0,0,58.3493451392805,151.01089327964,0,115.194491798135,0,112.823430872325,0,0,0,0,321.864157986053,0,0,0,0,158.955087279859,119.728129215699,192.601533877686,357.423078228283,101.85207633558
0,0,0,195.314816908693,0,0,0,0,82.6299537488922,145.74089716123,0,0,0,0,220.901129804706,0,0,96.5937438588657,0,173.001559092555,0,146.99041817625,0,224.551207449728,101.5853655613,0,0,0,0,0,0,283.248188884028,0,306.344527664232,84.3635741045246,0,261.605527103798,116.176698124939,200.878319874537,0,206.912707094411
259.442917595754,0,0,74.4197823064597,0,0,168.241326865882,194.442125915551,306.640284138334,92.5207898118833,0,0,0,114.511014214502,0,93.5029580098427,134.960780198024,227.504408813069,108.381749703452,160.530221557972,0,0,81.2827395071039,0,0,241.57250333243,249.905610015455,104.915316975638,0,0,0,0,0,101.443495235174,0,289.631679007608,236.681907140956,226.825099357786,0,193.777661225572,0
0,0,0,0,0,0,0,0,0,0,0,0,0,0,0,0,0,0,0,0,0,0,217.157696745803,0,0,101.895308036513,0,0,0,0,0,0,0,0,73.4795582048751,0,329.719143597451,0,192.135034768848,0,250.461724766314
0,0,0,0,196.032358954952,179.718364159796,0,0,0,280.376028997576,0,114.511014214502,0,0,0,0,133.984214699576,74.7304794244225,0,0,0,0,0,112.793316814908,108.136066660554,154.784755881607,238.934743274142,0,85.7623170715703,0,0,62.859596780235,0,284.529238481835,178.683678585178,0,0,0,0,0,0
0,0,0,0,153.609372090384,0,240.185081663983,0,0,73.1029054543569,220.901129804706,0,0,0,0,0,0,0,95.7590805983148,0,0,0,106.533627130087,161.74915061469,251.098274723989,0,0,128.846764897717,0,0,0,0,0,0,192.693757128262,0,110.384905066973,80.4367166559625,0,0,0
92.5568465385234,0,0,0,0,0,153.672550905948,0,0,142.054529471577,0,93.5029580098427,0,0,0,0,0,0,0,0,178.224497384947,0,0,66.5008477853491,0,0,0,219.430938885781,0,0,0,0,0,0,228.075434767255,225.013371621378,112.349934713559,0,0,241.635434294794,0
0,109.093416850988,0,0,0,232.945974238958,0,0,0,0,0,134.960780198024,0,133.984214699576,0,0,0,0,0,213.67670887414,0,0,0,0,0,0,0,138.33942793804,180.355266595273,0,0,0,0,0,113.059176128709,261.440278806413,0,0,0,0,162.833808134102
0,0,0,0,94.7529894315991,0,0,0,0,0,96.5937438588657,227.504408813069,0,74.7304794244225,0,0,0,0,0,158.567996645797,0,0,0,0,0,146.770754374523,0,0,0,0,0,0,0,0,106.926813611922,135.294330067913,0,0,0,0,198.528111506785
0,0,0,0,117.208001126138,0,0,0,0,0,0,108.381749703452,0,0,95.7590805983148,0,0,0,0,0,0,0,0,0,167.066576495979,0,209.996727521564,262.382215657622,0,0,0,0,184.249961885477,171.230058197369,172.608400267715,0,115.871357769661,190.185165668632,0,188.851177466023,0
0,0,0,0,161.694997919804,204.084074037941,0,193.055010680236,0,0,173.001559092555,160.530221557972,0,0,0,0,213.67670887414,158.567996645797,0,0,0,0,0,165.597665022977,0,193.659409924573,201.44584889478,0,155.24952173131,0,0,0,0,335.371040201042,116.054372245433,206.472608421747,193.63278243493,111.435629183184,0,0,81.9664354533492
0,94.027247878695,0,0,0,205.183249704085,87.8456058929559,242.790381480436,0,0,0,0,0,0,0,178.224497384947,0,0,0,0,0,0,0,146.814226519809,0,0,0,153.876396855887,115.868441404982,0,0,0,0,137.189596148386,134.566479261133,0,247.66948903751,0,0,72.2278283150671,191.519780382943
0,0,0,0,0,142.385058730083,0,0,0,58.3493451392805,146.99041817625,0,0,0,0,0,0,0,0,0,0,0,0,181.316358113209,0,0,173.059382066957,0,0,0,0,0,0,113.144980278377,0,0,114.649126378906,0,0,89.9429017381717,0
0,0,0,0,0,0,0,124.698445421759,82.4756938751058,151.01089327964,0,81.2827395071039,217.157696745803,0,106.533627130087,0,0,0,0,0,0,0,0,197.893790332676,0,153.453047983244,0,155.901486485736,195.822649557859,128.405764333981,0,137.177378802006,0,0,0,347.376449530863,0,0,348.674510760064,338.131802716296,0
0,0,0,0,0,0,269.936825670274,0,0,0,224.551207449728,0,0,112.793316814908,161.74915061469,66.5008477853491,0,0,0,165.597665022977,146.814226519809,181.316358113209,197.893790332676,0,122.106946855269,221.805809452716,219.040656038919,0,101.350815329073,0,0,0,0,220.963068032256,96.7845769653343,125.994729980093,186.973586461633,0,0,99.2646516363145,71.5579325720569
0,0,0,0,0,0,0,0,0,115.194491798135,101.5853655613,0,0,108.136066660554,251.098274723989,0,0,0,167.066576495979,0,0,0,0,122.106946855269,0,0,139.792601838991,0,159.183173818572,0,0,0,0,0,0,0,0,186.348837226466,0,97.3232815600345,0
0,0,0,136.685314494491,0,198.964527389285,204.481117647118,0,99.3508940827211,0,0,241.57250333243,101.895308036513,154.784755881607,0,0,0,146.770754374523,0,193.659409924573,0,0,153.453047983244,221.805809452716,0,0,138.425725342224,154.065933476765,197.486504603685,0,137.239127032733,0,0,61.0664810463559,120.912756812582,0,104.369974912428,177.763106506206,0,0,92.3502314520023
0,0,0,93.4234866874731,0,0,148.808626413748,85.6072705949986,0,112.823430872325,0,249.905610015455,0,238.934743274142,0,0,0,0,209.996727521564,201.44584889478,0,173.059382066957,0,219.040656038919,139.792601838991,138.425725342224,0,169.742003380707,199.492852797962,175.196329314064,0,0,0,228.792310020318,0,0,164.032723165762,154.142998692322,0,202.712457066107,98.2230592632363
161.275817184598,173.538155409849,163.945208919892,169.453147353278,219.078548227669,252.487290983309,94.7280504127031,161.302948562323,106.128596538706,0,0,104.915316975638,0,0,128.846764897717,219.430938885781,138.33942793804,0,262.382215657622,0,153.876396855887,0,155.901486485736,0,0,154.065933476765,169.742003380707,0,0,249.798812580765,125.81518738273,0,125.416941482916,0,187.77054666536,89.1590885155172,97.3506957544063,106.33736463831,222.053792850439,150.161410108805,0
0,0,0,0,98.417953423071,89.3673883748406,180.543851962045,0,196.04190773555,0,0,0,0,85.7623170715703,0,0,180.355266595273,0,0,155.24952173131,115.868441404982,0,195.822649557859,101.350815329073,159.183173818572,197.486504603685,199.492852797962,0,0,0,0,0,0,151.695570509541,146.465927798921,139.654362654449,215.611029055736,133.218162784108,100.812745974529,71.4788760670054,76.5072790361762
0,0,0,0,188.936291522747,163.059043292369,0,90.1317194604647,0,0,0,0,0,0,0,0,0,0,0,0,0,0,128.405764333981,0,0,0,175.196329314064,249.798812580765,0,0,94.9380989123498,0,0,151.036729364761,283.88658203332,0,70.4221432298295,0,0,0,223.705816669619
0,321.124897279917,0,0,0,0,0,75.4497121078207,0,0,0,0,0,0,0,0,0,0,0,0,0,0,0,0,0,137.239127032733,0,125.81518738273,0,94.9380989123498,0,0,0,97.5855511246009,0,0,0,0,0,0,0
0,0,0,0,0,0,0,157.852515740516,0,321.864157986053,283.248188884028,0,0,62.859596780235,0,0,0,0,0,0,0,0,137.177378802006,0,0,0,0,0,0,0,0,0,0,0,141.204637091722,82.1742780037132,195.378266313867,178.748963182352,0,94.8881692391942,303.527509149359
0,0,0,0,62.311273509377,0,0,0,0,0,0,0,0,0,0,0,0,0,184.249961885477,0,0,0,0,0,0,0,0,125.416941482916,0,0,0,0,0,0,0,0,111.226326353722,0,0,0,218.045528847001
0,0,78.9559315574845,82.6426202489162,323.781250289068,151.806152521152,325.937289045041,320.356811100276,80.8080171296381,0,306.344527664232,101.443495235174,0,284.529238481835,0,0,0,0,171.230058197369,335.371040201042,137.189596148386,113.144980278377,0,220.963068032256,0,61.0664810463559,228.792310020318,0,151.695570509541,151.036729364761,97.5855511246009,0,0,0,128.530575464043,353.822894641502,140.574866691684,0,174.013630695256,253.401634605989,276.620869034647
173.201474590904,0,172.892533368851,0,160.537522273714,0,78.8552325762656,74.5815074003433,0,0,84.3635741045246,0,73.4795582048751,178.683678585178,192.693757128262,228.075434767255,113.059176128709,106.926813611922,172.608400267715,116.054372245433,134.566479261133,0,0,96.7845769653343,0,120.912756812582,0,187.77054666536,146.465927798921,283.88658203332,0,141.204637091722,0,128.530575464043,0,0,151.075371308616,0,0,131.969743415579,255.441154257905
0,0,0,98.6790043377568,0,90.7216186966914,0,333.645516435298,119.345624434514,0,0,289.631679007608,0,0,0,225.013371621378,261.440278806413,135.294330067913,0,206.472608421747,0,0,347.376449530863,125.994729980093,0,0,0,89.1590885155172,139.654362654449,0,0,82.1742780037132,0,353.822894641502,0,0,205.839960264176,101.605593487621,0,208.005106191961,103.519938150021
0,165.893015276821,241.682021696872,231.050882209,115.332064605654,0,0,67.8267069095267,224.523755099568,158.955087279859,261.605527103798,236.681907140956,329.719143597451,0,110.384905066973,112.349934713559,0,0,115.871357769661,193.63278243493,247.66948903751,114.649126378906,0,186.973586461633,0,104.369974912428,164.032723165762,97.3506957544063,215.611029055736,70.4221432298295,0,195.378266313867,111.226326353722,140.574866691684,151.075371308616,205.839960264176,0,154.070293657878,201.100640800745,300.031143529538,0
0,0,0,135.667029391615,0,0,211.840482897052,115.114253591495,0,119.728129215699,116.176698124939,226.825099357786,0,0,80.4367166559625,0,0,0,190.185165668632,111.435629183184,0,0,0,0,186.348837226466,177.763106506206,154.142998692322,106.33736463831,133.218162784108,0,0,178.748963182352,0,0,0,101.605593487621,154.070293657878,0,259.055025639447,183.786860782462,89.707245288964
214.116367924649,0,0,309.997227542691,0,180.90030328818,0,115.541295036174,0,192.601533877686,200.878319874537,0,192.135034768848,0,0,0,0,0,0,0,0,0,348.674510760064,0,0,0,0,222.053792850439,100.812745974529,0,0,0,0,174.013630695256,0,0,201.100640800745,259.055025639447,0,205.09013266389,143.005810983322
0,0,94.126460729827,136.792307586862,161.325017232684,118.522099274347,0,263.534399241887,139.93285932648,357.423078228283,0,193.777661225572,0,0,0,241.635434294794,0,0,188.851177466023,0,72.2278283150671,89.9429017381717,338.131802716296,99.2646516363145,97.3232815600345,0,202.712457066107,150.161410108805,71.4788760670054,0,0,94.8881692391942,0,253.401634605989,131.969743415579,208.005106191961,300.031143529538,183.786860782462,205.09013266389,0,0
0,0,0,0,0,314.611698427915,0,0,120.567029282014,101.85207633558,206.912707094411,0,250.461724766314,0,0,0,162.833808134102,198.528111506785,0,81.9664354533492,191.519780382943,0,0,71.5579325720569,0,92.3502314520023,98.2230592632363,0,76.5072790361762,223.705816669619,0,303.527509149359,218.045528847001,276.620869034647,255.441154257905,103.519938150021,0,89.707245288964,143.005810983322,0,0
