0,0,0,0,0,94.9380989123498,0,0,0,0,0,0,0,0,0,0,0,0,0,0,0,0,0,0,101.5853655613,0,0,0,0,0,0,0,0,0,0,211.840482897052,238.934743274142,0,0,62.311273509377,162.833808134102
0,0,0,0,135.294330067913,0,0,0,0,197.893790332676,0,0,0,0,0,0,0,0,0,0,0,0,0,0,116.054372245433,0,99.2646516363145,192.693757128262,0,0,0,0,0,0,0,0,0,0,0,321.124897279917,183.786860782462
0,0,0,0,0,0,0,0,0,0,0,128.405764333981,0,208.005106191961,0,0,0,0,0,0,0,0,141.204637091722,0,0,0,0,90.7216186966914,0,0,0,0,0,0,0,0,153.609372090384,0,0,0,0
0,0,0,0,209.996727521564,0,0,0,0,146.99041817625,0,0,0,92.5568465385234,0,0,347.376449530863,0,194.442125915551,94.8881692391942,158.567996645797,73.4795582048751,0,0,0,0,259.055025639447,261.440278806413,0,0,0,0,0,284.529238481835,197.486504603685,0,74.7304794244225,0,0,0,0
0,135.294330067913,0,209.996727521564,0,0,151.695570509541,0,0,0,171.230058197369,0,0,0,89.1590885155172,0,0,0,0,0,196.04190773555,0,0,0,0,161.694997919804,0,0,204.481117647118,0,0,219.040656038919,0,139.792601838991,0,0,101.895308036513,74.5815074003433,323.781250289068,0,81.2827395071039
94.9380989123498,0,0,0,0,0,0,131.969743415579,0,0,0,0,0,142.385058730083,0,0,115.868441404982,0,0,0,190.185165668632,0,0,94.126460729827,283.248188884028,0,82.6426202489162,0,101.443495235174,0,0,0,186.973586461633,97.5855511246009,200.878319874537,0,177.763106506206,193.63278243493,0,0,0
0,0,0,0,151.695570509541,0,0,0,0,146.770754374523,0,0,0,0,0,0,215.611029055736,0,0,0,0,0,106.128596538706,0,0,250.461724766314,180.355266595273,112.793316814908,241.682021696872,0,0,0,0,226.825099357786,75.4497121078207,0,163.059043292369,119.345624434514,0,0,173.201474590904
0,0,0,0,0,131.969743415579,0,0,0,151.036729364761,0,186.348837226466,0,0,0,92.5207898118833,0,0,0,151.075371308616,0,0,0,0,0,125.994729980093,220.901129804706,81.9664354533492,0,0,180.543851962045,0,0,155.24952173131,224.523755099568,85.6072705949986,193.055010680236,116.176698124939,61.0664810463559,104.369974912428,0
0,0,0,0,0,0,0,0,0,0,114.649126378906,276.620869034647,108.381749703452,0,0,0,0,0,0,0,113.144980278377,0,0,0,0,0,106.33736463831,0,0,97.3506957544063,103.519938150021,0,0,155.901486485736,206.472608421747,0,72.2278283150671,0,0,228.792310020318,0
0,197.893790332676,0,146.99041817625,0,0,146.770754374523,151.036729364761,0,0,0,198.964527389285,0,163.945208919892,0,0,0,0,0,0,0,0,0,157.852515740516,0,128.846764897717,321.864157986053,80.8080171296381,161.325017232684,0,0,0,0,140.574866691684,232.945974238958,98.6790043377568,98.417953423071,0,353.822894641502,82.6299537488922,124.698445421759
0,0,0,0,171.230058197369,0,0,0,114.649126378906,0,0,0,0,0,0,0,0,193.659409924573,0,0,306.344527664232,145.74089716123,0,0,0,154.070293657878,0,112.349934713559,180.90030328818,0,188.936291522747,338.131802716296,0,125.81518738273,202.712457066107,135.667029391615,181.316358113209,0,204.084074037941,0,187.77054666536
0,0,128.405764333981,0,0,0,0,186.348837226466,276.620869034647,198.964527389285,0,0,0,249.798812580765,309.997227542691,82.1742780037132,0,74.4197823064597,153.672550905948,99.3508940827211,0,0,164.032723165762,0,0,0,231.715271819474,225.013371621378,93.4234866874731,0,0,0,120.567029282014,251.098274723989,195.314816908693,306.640284138334,255.441154257905,0,0,169.453147353278,151.01089327964
0,0,0,0,0,0,0,0,108.381749703452,0,0,0,0,0,0,0,0,0,0,0,0,0,154.142998692322,0,0,0,0,133.218162784108,0,0,0,0,0,172.892533368851,0,87.8456058929559,106.926813611922,0,0,0,0
0,0,208.005106191961,92.5568465385234,0,142.385058730083,0,0,0,163.945208919892,0,249.798812580765,0,0,0,0,222.053792850439,0,0,151.806152521152,0,0,0,0,0,165.597665022977,0,303.527509149359,115.541295036174,0,0,0,0,199.492852797962,0,224.551207449728,109.093416850988,0,159.183173818572,0,0
0,0,0,0,89.1590885155172,0,0,0,0,0,0,309.997227542691,0,0,0,0,0,98.2230592632363,0,201.100640800745,0,0,172.608400267715,241.57250333243,0,0,0,0,0,0,0,0,0,122.106946855269,0,78.8552325762656,173.538155409849,153.876396855887,96.5937438588657,92.3502314520023,0
0,0,0,0,0,0,0,92.5207898118833,0,0,0,82.1742780037132,0,0,0,0,0,0,0,0,0,0,0,0,0,193.777661225572,280.376028997576,0,154.065933476765,0,0,0,0,0,175.196329314064,192.601533877686,100.812745974529,114.511014214502,0,97.3232815600345,169.742003380707
0,0,0,347.376449530863,0,115.868441404982,215.611029055736,0,0,0,0,0,0,222.053792850439,0,0,0,0,0,0,0,0,0,205.183249704085,0,158.955087279859,125.416941482916,0,0,0,0,0,0,89.707245288964,0,0,231.050882209,0,0,143.005810983322,0
0,0,0,0,0,0,0,0,0,0,193.659409924573,74.4197823064597,0,0,98.2230592632363,0,0,0,0,0,262.382215657622,0,0,0,0,111.226326353722,213.67670887414,0,0,0,0,0,0,0,214.116367924649,0,333.645516435298,0,0,0,115.871357769661
0,0,0,194.442125915551,0,0,0,0,0,0,0,153.672550905948,0,0,0,0,0,0,0,314.611698427915,261.605527103798,0,345.797434674459,0,0,0,0,218.045528847001,71.5579325720569,0,0,0,0,136.792307586862,82.4756938751058,0,247.66948903751,0,0,117.208001126138,188.851177466023
0,0,0,94.8881692391942,0,0,0,151.075371308616,0,0,0,99.3508940827211,0,151.806152521152,201.100640800745,0,0,0,314.611698427915,0,0,0,179.718364159796,0,0,128.530575464043,142.054529471577,283.88658203332,160.537522273714,101.85207633558,0,178.224497384947,0,101.605593487621,0,196.032358954952,0,201.44584889478,113.059176128709,0,0
0,0,0,158.567996645797,196.04190773555,190.185165668632,0,0,113.144980278377,0,306.344527664232,0,0,0,0,0,0,262.382215657622,261.605527103798,0,0,0,0,137.239127032733,0,0,0,0,110.384905066973,0,119.728129215699,154.784755881607,0,0,174.013630695256,0,0,62.859596780235,0,0,0
0,0,0,73.4795582048751,0,0,0,0,0,0,145.74089716123,0,0,0,0,0,0,0,0,0,0,0,0,94.027247878695,93.5029580098427,0,0,0,0,0,0,153.453047983244,0,0,108.136066660554,0,252.487290983309,0,0,259.442917595754,0
0,0,141.204637091722,0,0,0,106.128596538706,0,0,0,0,164.032723165762,154.142998692322,0,172.608400267715,0,0,0,345.797434674459,179.718364159796,0,0,0,112.823430872325,0,0,136.685314494491,104.915316975638,139.654362654449,178.748963182352,0,0,0,198.528111506785,0,0,139.93285932648,0,0,0,205.09013266389
0,0,0,0,0,94.126460729827,0,0,0,157.852515740516,0,0,0,0,241.57250333243,0,205.183249704085,0,0,0,137.239127032733,94.027247878695,112.823430872325,0,0,348.674510760064,0,206.912707094411,106.533627130087,173.059382066957,0,161.275817184598,0,78.9559315574845,320.356811100276,89.3673883748406,0,84.3635741045246,85.7623170715703,111.435629183184,205.839960264176
101.5853655613,116.054372245433,0,0,0,283.248188884028,0,0,0,0,0,0,0,0,0,0,0,0,0,0,0,93.5029580098427,0,0,0,335.371040201042,0,184.249961885477,0,0,0,0,0,0,161.74915061469,0,167.066576495979,0,0,94.7280504127031,161.302948562323
0,0,0,0,161.694997919804,0,250.461724766314,125.994729980093,0,128.846764897717,154.070293657878,0,0,165.597665022977,0,193.777661225572,158.955087279859,111.226326353722,0,128.530575464043,0,0,0,348.674510760064,335.371040201042,0,249.905610015455,219.430938885781,0,0,0,0,0,71.4788760670054,0,223.705816669619,120.912756812582,242.790381480436,0,115.332064605654,329.719143597451
0,99.2646516363145,0,259.055025639447,0,82.6426202489162,180.355266595273,220.901129804706,106.33736463831,321.864157986053,0,231.715271819474,0,0,0,280.376028997576,125.416941482916,213.67670887414,0,142.054529471577,0,0,136.685314494491,0,0,249.905610015455,0,220.963068032256,137.177378802006,228.075434767255,0,0,0,0,138.33942793804,0,0,236.681907140956,219.078548227669,0,0
0,192.693757128262,90.7216186966914,261.440278806413,0,0,112.793316814908,81.9664354533492,0,80.8080171296381,112.349934713559,225.013371621378,133.218162784108,303.527509149359,0,0,0,0,218.045528847001,283.88658203332,0,0,104.915316975638,206.912707094411,184.249961885477,219.430938885781,220.963068032256,0,101.350815329073,241.635434294794,0,0,134.566479261133,134.960780198024,89.9429017381717,76.5072790361762,133.984214699576,227.504408813069,0,70.4221432298295,160.530221557972
0,0,0,0,204.481117647118,101.443495235174,241.682021696872,0,0,161.325017232684,180.90030328818,93.4234866874731,0,115.541295036174,0,154.065933476765,0,0,71.5579325720569,160.537522273714,110.384905066973,0,139.654362654449,106.533627130087,0,0,137.177378802006,101.350815329073,0,269.936825670274,357.423078228283,0,0,0,137.189596148386,124.853650664477,0,253.401634605989,0,173.001559092555,0
0,0,0,0,0,0,0,0,97.3506957544063,0,0,0,0,0,0,0,0,0,0,101.85207633558,0,0,178.748963182352,173.059382066957,0,0,228.075434767255,241.635434294794,269.936825670274,0,0,0,0,0,73.1029054543569,0,115.194491798135,94.7529894315991,0,195.822649557859,0
0,0,0,0,0,0,0,180.543851962045,103.519938150021,0,188.936291522747,0,0,0,0,0,0,0,0,0,119.728129215699,0,0,0,0,0,0,0,357.423078228283,0,0,0,0,146.814226519809,0,0,0,0,0,0,0
0,0,0,0,219.040656038919,0,0,0,0,0,338.131802716296,0,0,0,0,0,0,0,0,178.224497384947,154.784755881607,153.453047983244,0,161.275817184598,0,0,0,0,0,0,0,0,0,191.519780382943,90.1317194604647,0,263.534399241887,0,0,80.4367166559625,178.683678585178
0,0,0,0,0,186.973586461633,0,0,0,0,0,120.567029282014,0,0,0,0,0,0,0,0,0,0,0,0,0,0,0,134.566479261133,0,0,0,0,0,0,221.805809452716,0,0,0,0,212.592150359921,0
0,0,0,284.529238481835,139.792601838991,97.5855511246009,226.825099357786,155.24952173131,155.901486485736,140.574866691684,125.81518738273,251.098274723989,172.892533368851,199.492852797962,122.106946855269,0,89.707245288964,0,136.792307586862,101.605593487621,0,0,198.528111506785,78.9559315574845,0,71.4788760670054,0,134.960780198024,0,0,146.814226519809,191.519780382943,0,0,192.135034768848,118.522099274347,240.185081663983,0,96.7845769653343,217.157696745803,0
0,0,0,197.486504603685,0,200.878319874537,75.4497121078207,224.523755099568,206.472608421747,232.945974238958,202.712457066107,195.314816908693,0,0,0,175.196329314064,0,214.116367924649,82.4756938751058,0,174.013630695256,108.136066660554,0,320.356811100276,161.74915061469,0,138.33942793804,89.9429017381717,137.189596148386,73.1029054543569,0,90.1317194604647,221.805809452716,192.135034768848,0,0,0,66.5008477853491,95.7590805983148,146.465927798921,0
211.840482897052,0,0,0,0,0,0,85.6072705949986,0,98.6790043377568,135.667029391615,306.640284138334,87.8456058929559,224.551207449728,78.8552325762656,192.601533877686,0,0,0,196.032358954952,0,0,0,89.3673883748406,0,223.705816669619,0,76.5072790361762,124.853650664477,0,0,0,0,118.522099274347,0,0,300.031143529538,171.906398392157,195.378266313867,0,289.631679007608
238.934743274142,0,153.609372090384,74.7304794244225,101.895308036513,177.763106506206,163.059043292369,193.055010680236,72.2278283150671,98.417953423071,181.316358113209,255.441154257905,106.926813611922,109.093416850988,173.538155409849,100.812745974529,231.050882209,333.645516435298,247.66948903751,0,0,252.487290983309,139.93285932648,0,167.066576495979,120.912756812582,0,133.984214699576,0,115.194491798135,0,263.534399241887,0,240.185081663983,0,300.031143529538,0,138.425725342224,0,168.241326865882,325.937289045041
0,0,0,0,74.5815074003433,193.63278243493,119.345624434514,116.176698124939,0,0,0,0,0,0,153.876396855887,114.511014214502,0,0,0,201.44584889478,62.859596780235,0,0,84.3635741045246,0,242.790381480436,236.681907140956,227.504408813069,253.401634605989,94.7529894315991,0,0,0,0,66.5008477853491,171.906398392157,138.425725342224,0,115.114253591495,148.808626413748,165.893015276821
0,0,0,0,323.781250289068,0,0,61.0664810463559,0,353.822894641502,204.084074037941,0,0,159.183173818572,96.5937438588657,0,0,0,0,113.059176128709,0,0,0,85.7623170715703,0,0,219.078548227669,0,0,0,0,0,0,96.7845769653343,95.7590805983148,195.378266313867,0,115.114253591495,0,150.161410108805,67.8267069095267
62.311273509377,321.124897279917,0,0,0,0,0,104.369974912428,228.792310020318,82.6299537488922,0,169.453147353278,0,0,92.3502314520023,97.3232815600345,143.005810983322,0,117.208001126138,0,0,259.442917595754,0,111.435629183184,94.7280504127031,115.332064605654,0,70.4221432298295,173.001559092555,195.822649557859,0,80.4367166559625,212.592150359921,217.157696745803,146.465927798921,0,168.241326865882,148.808626413748,150.161410108805,0,58.3493451392805
162.833808134102,183.786860782462,0,0,81.2827395071039,0,173.201474590904,0,0,124.698445421759,187.77054666536,151.01089327964,0,0,0,169.742003380707,0,115.871357769661,188.851177466023,0,0,0,205.09013266389,205.839960264176,161.302948562323,329.719143597451,0,160.530221557972,0,0,0,178.683678585178,0,0,0,289.631679007608,325.937289045041,165.893015276821,67.8267069095267,58.3493451392805,0
