0,0,0,0,0,0,0,0,0,0,0,0,0,0,0,0,0,0,0,138.425725342224,0,0,117.208001126138,104.369974912428,0,115.868441404982,0,109.093416850988,0,0,0,0,0,0,0,0,179.718364159796,0,0,0,0
0,0,0,0,0,0,0,0,0,0,0,0,0,0,135.667029391615,321.124897279917,0,0,0,0,0,0,0,0,0,85.7623170715703,0,0,0,0,0,0,0,241.635434294794,195.314816908693,0,116.176698124939,0,0,0,192.693757128262
0,0,0,0,0,0,0,263.534399241887,0,0,0,0,0,329.719143597451,0,0,0,0,0,161.325017232684,0,0,0,0,0,0,0,261.440278806413,0,0,0,0,0,0,0,0,111.435629183184,0,0,0,0
0,0,0,0,0,0,232.945974238958,74.5815074003433,0,67.8267069095267,0,0,0,103.519938150021,0,0,0,0,0,238.934743274142,173.201474590904,80.8080171296381,0,120.912756812582,0,0,198.528111506785,0,0,0,0,90.7216186966914,0,0,0,0,74.7304794244225,0,0,124.698445421759,101.895308036513
0,0,0,0,0,0,174.013630695256,0,0,0,0,0,0,161.74915061469,171.906398392157,0,0,0,161.694997919804,82.1742780037132,0,0,0,0,0,0,0,71.5579325720569,93.5029580098427,228.075434767255,0,314.611698427915,153.609372090384,0,289.631679007608,231.050882209,154.784755881607,0,0,0,96.5937438588657
0,0,0,0,0,0,0,0,0,0,119.728129215699,108.136066660554,0,205.183249704085,0,0,0,0,0,262.382215657622,206.472608421747,0,195.822649557859,0,0,110.384905066973,338.131802716296,0,187.77054666536,0,0,114.649126378906,0,0,125.81518738273,0,101.350815329073,197.486504603685,0,76.5072790361762,0
0,0,0,232.945974238958,174.013630695256,0,0,142.385058730083,0,0,0,94.7529894315991,0,0,0,0,0,0,0,0,0,0,0,0,0,146.99041817625,0,0,0,217.157696745803,0,0,137.189596148386,221.805809452716,0,90.1317194604647,163.059043292369,146.465927798921,0,125.416941482916,193.63278243493
0,0,263.534399241887,74.5815074003433,0,0,142.385058730083,0,159.183173818572,89.1590885155172,173.059382066957,205.839960264176,0,0,0,0,137.239127032733,0,0,0,0,0,0,145.74089716123,0,0,0,0,236.681907140956,0,0,0,0,0,82.6299537488922,193.777661225572,97.3506957544063,153.672550905948,0,192.135034768848,78.8552325762656
0,0,0,0,0,0,0,159.183173818572,0,190.185165668632,92.5207898118833,0,0,0,0,0,94.7280504127031,195.378266313867,0,115.541295036174,0,0,0,94.126460729827,0,136.685314494491,0,0,0,0,0,0,0,0,219.430938885781,0,70.4221432298295,0,225.013371621378,0,0
0,0,0,67.8267069095267,0,0,0,89.1590885155172,190.185165668632,0,112.349934713559,139.93285932648,0,320.356811100276,161.302948562323,0,0,0,0,0,0,0,252.487290983309,0,0,242.790381480436,209.996727521564,62.859596780235,125.994729980093,283.248188884028,0,0,0,197.893790332676,193.659409924573,0,0,0,280.376028997576,284.529238481835,183.786860782462
0,0,0,0,0,119.728129215699,0,173.059382066957,92.5207898118833,112.349934713559,0,155.24952173131,0,0,0,0,0,0,0,0,98.2230592632363,0,154.070293657878,222.053792850439,0,214.116367924649,0,0,276.620869034647,0,0,0,0,106.33736463831,58.3493451392805,212.592150359921,269.936825670274,0,0,61.0664810463559,66.5008477853491
0,0,0,0,0,108.136066660554,94.7529894315991,205.839960264176,0,139.93285932648,155.24952173131,0,96.7845769653343,0,115.332064605654,223.705816669619,0,0,0,119.345624434514,72.2278283150671,0,81.2827395071039,82.6426202489162,0,0,141.204637091722,113.059176128709,0,81.9664354533492,0,0,0,106.926813611922,104.915316975638,0,111.226326353722,157.852515740516,205.09013266389,178.224497384947,0
0,0,0,0,0,0,0,0,0,0,0,96.7845769653343,0,0,0,0,0,0,0,0,0,142.054529471577,0,0,0,0,0,153.876396855887,0,0,0,0,180.90030328818,89.9429017381717,0,0,184.249961885477,0,0,0,0
0,0,329.719143597451,103.519938150021,161.74915061469,205.183249704085,0,0,0,320.356811100276,0,0,0,0,0,0,0,0,0,0,0,0,168.241326865882,0,0,188.936291522747,101.5853655613,300.031143529538,92.3502314520023,0,240.185081663983,0,0,0,345.797434674459,0,0,0,161.275817184598,89.3673883748406,0
0,135.667029391615,0,0,171.906398392157,0,0,0,0,161.302948562323,0,115.332064605654,0,0,0,0,0,0,0,220.963068032256,0,0,0,0,0,0,94.8881692391942,94.9380989123498,0,0,0,0,0,196.04190773555,259.055025639447,348.674510760064,261.605527103798,211.840482897052,0,0,0
0,321.124897279917,0,0,0,0,0,0,0,0,0,223.705816669619,0,0,0,0,0,0,0,0,0,0,309.997227542691,0,115.871357769661,0,0,178.683678585178,82.4756938751058,0,0,98.6790043377568,0,0,133.984214699576,0,74.4197823064597,0,0,138.33942793804,75.4497121078207
0,0,0,0,0,0,0,137.239127032733,94.7280504127031,0,0,0,0,0,0,0,0,0,0,0,0,0,0,106.128596538706,0,160.530221557972,186.348837226466,191.519780382943,249.798812580765,0,0,0,0,259.442917595754,0,178.748963182352,0,241.682021696872,0,0,0
0,0,0,0,0,0,0,0,195.378266313867,0,0,0,0,0,0,0,0,0,160.537522273714,0,0,0,0,0,0,120.567029282014,62.311273509377,335.371040201042,0,0,0,0,0,202.712457066107,0,215.611029055736,78.9559315574845,0,0,143.005810983322,0
0,0,0,0,161.694997919804,0,0,0,0,0,0,0,0,0,0,0,0,160.537522273714,0,0,97.3232815600345,0,0,113.144980278377,0,181.316358113209,175.196329314064,131.969743415579,0,0,99.3508940827211,0,0,0,153.453047983244,306.640284138334,218.045528847001,101.605593487621,0,0,0
138.425725342224,0,161.325017232684,238.934743274142,82.1742780037132,262.382215657622,0,0,115.541295036174,0,0,119.345624434514,0,0,220.963068032256,0,0,0,0,0,0,247.66948903751,0,0,206.912707094411,0,0,0,101.443495235174,0,0,0,0,162.833808134102,0,92.5568465385234,112.823430872325,148.808626413748,231.715271819474,146.770754374523,0
0,0,0,173.201474590904,0,206.472608421747,0,0,0,0,98.2230592632363,72.2278283150671,0,0,0,0,0,0,97.3232815600345,0,0,165.597665022977,213.67670887414,204.481117647118,0,0,0,135.294330067913,154.142998692322,0,0,0,0,114.511014214502,0,0,0,169.742003380707,0,0,196.032358954952
0,0,0,80.8080171296381,0,0,0,0,0,0,0,0,142.054529471577,0,0,0,0,0,0,247.66948903751,165.597665022977,0,0,0,0,0,0,0,0,0,0,0,0,173.001559092555,303.527509149359,0,0,224.551207449728,0,73.1029054543569,0
117.208001126138,0,0,0,0,195.822649557859,0,0,0,252.487290983309,154.070293657878,81.2827395071039,0,168.241326865882,0,309.997227542691,0,0,0,0,213.67670887414,0,0,0,0,0,0,255.441154257905,0,192.601533877686,0,0,0,0,97.5855511246009,169.453147353278,241.57250333243,0,0,333.645516435298,95.7590805983148
104.369974912428,0,0,120.912756812582,0,0,0,145.74089716123,94.126460729827,0,222.053792850439,82.6426202489162,0,0,0,0,106.128596538706,0,113.144980278377,0,204.481117647118,0,0,0,0,0,100.812745974529,353.822894641502,139.654362654449,0,0,220.901129804706,0,140.574866691684,134.960780198024,0,0,136.792307586862,357.423078228283,249.905610015455,128.405764333981
0,0,0,0,0,0,0,0,0,0,0,0,0,0,0,115.871357769661,0,0,0,206.912707094411,0,0,0,0,0,219.078548227669,0,325.937289045041,108.381749703452,0,0,128.530575464043,0,94.027247878695,0,0,151.695570509541,0,112.793316814908,180.543851962045,0
115.868441404982,85.7623170715703,0,0,0,110.384905066973,146.99041817625,0,136.685314494491,242.790381480436,214.116367924649,0,0,188.936291522747,0,0,160.530221557972,120.567029282014,181.316358113209,0,0,0,0,0,219.078548227669,0,0,250.461724766314,180.355266595273,0,0,0,0,177.763106506206,199.492852797962,0,134.566479261133,124.853650664477,0,150.161410108805,115.114253591495
0,0,0,198.528111506785,0,338.131802716296,0,0,0,209.996727521564,0,141.204637091722,0,101.5853655613,94.8881692391942,0,186.348837226466,62.311273509377,175.196329314064,0,0,0,0,100.812745974529,0,0,0,321.864157986053,204.084074037941,0,0,139.792601838991,224.523755099568,71.4788760670054,151.036729364761,101.85207633558,158.567996645797,0,89.707245288964,226.825099357786,0
109.093416850988,0,261.440278806413,0,71.5579325720569,0,0,0,0,62.859596780235,0,113.059176128709,153.876396855887,300.031143529538,94.9380989123498,178.683678585178,191.519780382943,335.371040201042,131.969743415579,0,135.294330067913,0,255.441154257905,353.822894641502,325.937289045041,250.461724766314,321.864157986053,0,208.005106191961,198.964527389285,0,193.055010680236,0,106.533627130087,137.177378802006,80.4367166559625,283.88658203332,0,173.538155409849,0,73.4795582048751
0,0,0,0,93.5029580098427,187.77054666536,0,236.681907140956,0,125.994729980093,276.620869034647,0,0,92.3502314520023,0,82.4756938751058,249.798812580765,0,0,101.443495235174,154.142998692322,0,0,139.654362654449,108.381749703452,180.355266595273,204.084074037941,208.005106191961,0,0,0,0,0,251.098274723989,93.4234866874731,151.01089327964,0,146.814226519809,122.106946855269,99.2646516363145,0
0,0,0,0,228.075434767255,0,217.157696745803,0,0,283.248188884028,0,81.9664354533492,0,0,0,0,0,0,0,0,0,0,192.601533877686,0,0,0,0,198.964527389285,0,0,0,0,0,0,0,0,172.608400267715,164.032723165762,151.075371308616,201.100640800745,219.040656038919
0,0,0,0,0,0,0,0,0,0,0,0,0,240.185081663983,0,0,0,0,99.3508940827211,0,0,0,0,0,0,0,0,0,0,0,0,0,0,85.6072705949986,0,194.442125915551,167.066576495979,0,0,0,188.851177466023
0,0,0,90.7216186966914,314.611698427915,114.649126378906,0,0,0,0,0,0,0,0,0,98.6790043377568,0,0,0,0,0,0,0,220.901129804706,128.530575464043,0,139.792601838991,193.055010680236,0,0,0,0,0,87.8456058929559,154.065933476765,0,165.893015276821,0,0,0,0
0,0,0,0,153.609372090384,0,137.189596148386,0,0,0,0,0,180.90030328818,0,0,0,0,0,0,0,0,0,0,0,0,0,224.523755099568,0,0,0,0,0,0,0,0,0,0,0,0,0,306.344527664232
0,241.635434294794,0,0,0,0,221.805809452716,0,0,197.893790332676,106.33736463831,106.926813611922,89.9429017381717,0,196.04190773555,0,259.442917595754,202.712457066107,0,162.833808134102,114.511014214502,173.001559092555,0,140.574866691684,94.027247878695,177.763106506206,71.4788760670054,106.533627130087,251.098274723989,0,85.6072705949986,87.8456058929559,0,0,323.781250289068,151.806152521152,98.417953423071,116.054372245433,0,133.218162784108,84.3635741045246
0,195.314816908693,0,0,289.631679007608,125.81518738273,0,82.6299537488922,219.430938885781,193.659409924573,58.3493451392805,104.915316975638,0,345.797434674459,259.055025639447,133.984214699576,0,0,153.453047983244,0,0,303.527509149359,97.5855511246009,134.960780198024,0,199.492852797962,151.036729364761,137.177378802006,93.4234866874731,0,0,154.065933476765,0,323.781250289068,0,347.376449530863,227.504408813069,0,155.901486485736,128.846764897717,0
0,0,0,0,231.050882209,0,90.1317194604647,193.777661225572,0,0,212.592150359921,0,0,0,348.674510760064,0,178.748963182352,215.611029055736,306.640284138334,92.5568465385234,0,0,169.453147353278,0,0,0,101.85207633558,80.4367166559625,151.01089327964,0,194.442125915551,0,0,151.806152521152,347.376449530863,0,0,172.892533368851,0,228.792310020318,253.401634605989
179.718364159796,116.176698124939,111.435629183184,74.7304794244225,154.784755881607,101.350815329073,163.059043292369,97.3506957544063,70.4221432298295,0,269.936825670274,111.226326353722,184.249961885477,0,261.605527103798,74.4197823064597,0,78.9559315574845,218.045528847001,112.823430872325,0,0,241.57250333243,0,151.695570509541,134.566479261133,158.567996645797,283.88658203332,0,172.608400267715,167.066576495979,165.893015276821,0,98.417953423071,227.504408813069,0,0,201.44584889478,0,171.230058197369,118.522099274347
0,0,0,0,0,197.486504603685,146.465927798921,153.672550905948,0,0,0,157.852515740516,0,0,211.840482897052,0,241.682021696872,0,101.605593487621,148.808626413748,169.742003380707,224.551207449728,0,136.792307586862,0,124.853650664477,0,0,146.814226519809,164.032723165762,0,0,0,116.054372245433,0,172.892533368851,201.44584889478,0,115.194491798135,163.945208919892,186.973586461633
0,0,0,0,0,0,0,0,225.013371621378,280.376028997576,0,205.09013266389,0,161.275817184598,0,0,0,0,0,231.715271819474,0,0,0,357.423078228283,112.793316814908,0,89.707245288964,173.538155409849,122.106946855269,151.075371308616,0,0,0,0,155.901486485736,0,0,115.194491798135,0,200.878319874537,158.955087279859
0,0,0,124.698445421759,0,76.5072790361762,125.416941482916,192.135034768848,0,284.529238481835,61.0664810463559,178.224497384947,0,89.3673883748406,0,138.33942793804,0,143.005810983322,0,146.770754374523,0,73.1029054543569,333.645516435298,249.905610015455,180.543851962045,150.161410108805,226.825099357786,0,99.2646516363145,201.100640800745,0,0,0,133.218162784108,128.846764897717,228.792310020318,171.230058197369,163.945208919892,200.878319874537,0,0
0,192.693757128262,0,101.895308036513,96.5937438588657,0,193.63278243493,78.8552325762656,0,183.786860782462,66.5008477853491,0,0,0,0,75.4497121078207,0,0,0,0,196.032358954952,0,95.7590805983148,128.405764333981,0,115.114253591495,0,73.4795582048751,0,219.040656038919,188.851177466023,0,306.344527664232,84.3635741045246,0,253.401634605989,118.522099274347,186.973586461633,158.955087279859,0,0
