0,0,0,0,0,0,0,173.059382066957,0,0,0,151.01089327964,0,0,0,0,0,0,0,0,0,0,0,0,0,0,0,0,0,0,0,0,0,0,227.504408813069,154.070293657878,163.945208919892,0,0,224.551207449728,0
0,0,0,0,0,0,0,0,0,0,0,114.649126378906,0,0,0,0,0,0,0,0,0,0,0,0,0,186.973586461633,0,0,284.529238481835,0,0,0,0,160.537522273714,232.945974238958,0,220.963068032256,236.681907140956,0,0,0
0,0,0,0,0,0,0,0,0,191.519780382943,0,0,0,0,0,0,0,0,0,0,192.601533877686,0,212.592150359921,0,0,0,0,0,0,280.376028997576,0,0,0,0,0,0,0,0,0,0,323.781250289068
0,0,0,0,0,113.144980278377,321.864157986053,108.381749703452,0,0,0,0,0,0,0,0,0,73.4795582048751,0,0,0,0,0,0,177.763106506206,104.915316975638,219.078548227669,150.161410108805,0,0,0,0,0,197.486504603685,338.131802716296,160.530221557972,206.912707094411,0,0,213.67670887414,0
0,0,0,0,0,101.85207633558,141.204637091722,0,0,0,163.059043292369,215.611029055736,0,76.5072790361762,99.2646516363145,0,128.846764897717,111.226326353722,249.905610015455,201.100640800745,0,0,0,0,161.694997919804,253.401634605989,0,173.201474590904,0,0,225.013371621378,0,0,0,0,0,0,0,0,0,0
0,0,0,113.144980278377,101.85207633558,0,0,0,98.2230592632363,0,0,0,192.693757128262,0,0,0,118.522099274347,0,0,0,0,0,0,90.1317194604647,0,115.332064605654,180.355266595273,289.631679007608,300.031143529538,0,0,0,0,209.996727521564,62.311273509377,0,357.423078228283,0,0,0,110.384905066973
0,0,0,321.864157986053,141.204637091722,0,0,173.538155409849,0,0,0,0,0,0,0,0,0,0,74.5815074003433,0,0,0,226.825099357786,0,0,190.185165668632,0,125.994729980093,165.597665022977,0,0,0,0,353.822894641502,122.106946855269,0,214.116367924649,241.635434294794,0,115.871357769661,0
173.059382066957,0,0,108.381749703452,0,0,173.538155409849,0,0,325.937289045041,151.036729364761,0,0,0,0,0,0,0,0,0,0,0,115.194491798135,184.249961885477,0,139.792601838991,158.955087279859,320.356811100276,0,66.5008477853491,0,0,0,269.936825670274,0,0,84.3635741045246,103.519938150021,0,261.440278806413,93.5029580098427
0,0,0,0,0,98.2230592632363,0,0,0,193.63278243493,0,154.784755881607,0,228.792310020318,0,0,0,0,0,194.442125915551,0,0,106.128596538706,0,0,0,0,0,120.912756812582,0,0,0,0,0,0,0,161.275817184598,116.054372245433,0,168.241326865882,241.682021696872
0,0,191.519780382943,0,0,0,0,325.937289045041,193.63278243493,0,0,0,0,115.114253591495,0,135.294330067913,0,0,138.33942793804,94.027247878695,0,0,0,137.239127032733,97.3506957544063,0,98.417953423071,169.453147353278,283.248188884028,0,0,0,0,0,90.7216186966914,0,276.620869034647,82.1742780037132,93.4234866874731,89.9429017381717,106.533627130087
0,0,0,0,163.059043292369,0,0,151.036729364761,0,0,0,195.314816908693,0,0,0,204.084074037941,0,0,0,178.683678585178,0,0,82.4756938751058,196.032358954952,0,0,249.798812580765,0,219.430938885781,0,133.984214699576,0,0,146.465927798921,0,0,224.523755099568,101.443495235174,183.786860782462,128.530575464043,146.99041817625
151.01089327964,114.649126378906,0,0,215.611029055736,0,0,0,154.784755881607,0,195.314816908693,0,94.7280504127031,0,106.926813611922,124.698445421759,0,0,0,222.053792850439,94.126460729827,0,0,94.9380989123498,0,158.567996645797,0,128.405764333981,329.719143597451,136.792307586862,0,283.88658203332,0,112.823430872325,139.654362654449,157.852515740516,348.674510760064,94.8881692391942,0,0,0
0,0,0,0,0,192.693757128262,0,0,0,0,0,94.7280504127031,0,0,0,0,0,0,0,0,0,0,75.4497121078207,0,0,0,0,0,0,0,0,0,0,89.707245288964,0,0,178.748963182352,0,97.5855511246009,0,0
0,0,0,0,76.5072790361762,0,0,0,228.792310020318,115.114253591495,0,0,0,0,0,178.224497384947,0,0,0,92.3502314520023,95.7590805983148,0,0,153.876396855887,0,0,0,0,0,0,0,195.378266313867,159.183173818572,196.04190773555,125.81518738273,124.853650664477,187.77054666536,306.640284138334,0,0,0
0,0,0,0,99.2646516363145,0,0,0,0,0,0,106.926813611922,0,0,0,0,0,0,0,0,0,0,0,61.0664810463559,0,240.185081663983,89.3673883748406,201.44584889478,0,0,0,0,0,70.4221432298295,205.183249704085,0,71.5579325720569,0,259.442917595754,96.5937438588657,134.566479261133
0,0,0,0,0,0,0,0,0,135.294330067913,204.084074037941,124.698445421759,0,178.224497384947,0,0,136.685314494491,0,238.934743274142,0,134.960780198024,0,0,0,0,71.4788760670054,0,0,146.770754374523,0,0,0,0,80.8080171296381,0,0,0,0,0,0,85.7623170715703
0,0,0,0,128.846764897717,118.522099274347,0,0,0,0,0,0,0,0,0,136.685314494491,0,0,101.5853655613,0,0,0,0,0,0,0,0,206.472608421747,109.093416850988,140.574866691684,0,0,0,98.6790043377568,0,0,89.1590885155172,259.055025639447,0,0,0
0,0,0,73.4795582048751,111.226326353722,0,0,0,0,0,0,0,0,0,0,0,0,0,247.66948903751,0,0,0,0,0,0,0,347.376449530863,261.605527103798,0,0,0,228.075434767255,0,211.840482897052,142.054529471577,0,188.936291522747,0,0,0,0
0,0,0,0,249.905610015455,0,74.5815074003433,0,0,138.33942793804,0,0,0,0,0,238.934743274142,101.5853655613,247.66948903751,0,0,0,0,0,217.157696745803,0,175.196329314064,0,146.814226519809,0,0,0,119.728129215699,0,151.806152521152,0,0,80.4367166559625,0,0,0,0
0,0,0,0,201.100640800745,0,0,0,194.442125915551,94.027247878695,178.683678585178,222.053792850439,0,92.3502314520023,0,0,0,0,0,0,0,0,101.350815329073,154.065933476765,0,0,0,137.177378802006,125.416941482916,0,0,155.901486485736,0,82.6426202489162,193.659409924573,99.3508940827211,115.868441404982,0,0,204.481117647118,314.611698427915
0,0,192.601533877686,0,0,0,0,0,0,0,0,94.126460729827,0,95.7590805983148,0,134.960780198024,0,0,0,0,0,0,0,179.718364159796,186.348837226466,219.040656038919,221.805809452716,154.142998692322,0,0,0,0,0,251.098274723989,116.176698124939,0,0,180.90030328818,0,72.2278283150671,0
0,0,0,0,0,0,0,0,0,0,0,0,0,0,0,0,0,0,0,0,0,0,0,197.893790332676,74.7304794244225,0,0,145.74089716123,137.189596148386,0,262.382215657622,0,0,0,0,0,241.57250333243,0,0,161.325017232684,218.045528847001
0,0,212.592150359921,0,0,0,226.825099357786,115.194491798135,106.128596538706,0,82.4756938751058,0,75.4497121078207,0,0,0,0,0,0,101.350815329073,0,0,0,0,97.3232815600345,0,303.527509149359,0,309.997227542691,0,0,231.715271819474,0,0,151.695570509541,0,0,0,198.964527389285,250.461724766314,108.136066660554
0,0,0,0,0,90.1317194604647,0,184.249961885477,0,137.239127032733,196.032358954952,94.9380989123498,0,153.876396855887,61.0664810463559,0,0,0,217.157696745803,154.065933476765,179.718364159796,197.893790332676,0,0,0,0,0,143.005810983322,133.218162784108,0,0,0,0,0,78.9559315574845,101.895308036513,195.822649557859,167.066576495979,0,321.124897279917,193.777661225572
0,0,0,177.763106506206,161.694997919804,0,0,0,0,97.3506957544063,0,0,0,0,0,0,0,0,0,0,186.348837226466,74.7304794244225,97.3232815600345,0,0,0,0,73.1029054543569,0,0,0,0,0,0,119.345624434514,0,0,151.075371308616,0,0,135.667029391615
0,186.973586461633,0,104.915316975638,253.401634605989,115.332064605654,190.185165668632,139.792601838991,0,0,0,158.567996645797,0,0,240.185081663983,71.4788760670054,0,0,175.196329314064,0,219.040656038919,0,0,0,0,0,120.567029282014,106.33736463831,0,113.059176128709,104.369974912428,0,0,198.528111506785,0,100.812745974529,0,67.8267069095267,165.893015276821,333.645516435298,0
0,0,0,219.078548227669,0,180.355266595273,0,158.955087279859,0,98.417953423071,249.798812580765,0,0,0,89.3673883748406,0,0,347.376449530863,0,0,221.805809452716,0,303.527509149359,0,0,120.567029282014,0,242.790381480436,231.050882209,193.055010680236,0,0,255.441154257905,164.032723165762,205.09013266389,181.316358113209,138.425725342224,0,0,96.7845769653343,85.6072705949986
0,0,0,150.161410108805,173.201474590904,289.631679007608,125.994729980093,320.356811100276,0,169.453147353278,0,128.405764333981,0,0,201.44584889478,0,206.472608421747,261.605527103798,146.814226519809,137.177378802006,154.142998692322,145.74089716123,0,143.005810983322,73.1029054543569,106.33736463831,242.790381480436,0,0,0,0,0,155.24952173131,94.7529894315991,81.2827395071039,153.453047983244,111.435629183184,92.5568465385234,148.808626413748,202.712457066107,188.851177466023
0,284.529238481835,0,0,0,300.031143529538,165.597665022977,0,120.912756812582,283.248188884028,219.430938885781,329.719143597451,0,0,0,146.770754374523,109.093416850988,0,0,125.416941482916,0,137.189596148386,309.997227542691,133.218162784108,0,0,231.050882209,0,0,0,0,0,0,0,192.135034768848,172.608400267715,252.487290983309,112.349934713559,335.371040201042,173.001559092555,220.901129804706
0,0,280.376028997576,0,0,0,0,66.5008477853491,0,0,0,136.792307586862,0,0,0,0,140.574866691684,0,0,0,0,0,0,0,0,113.059176128709,193.055010680236,0,0,0,0,92.5207898118833,0,62.859596780235,0,0,112.793316814908,0,161.302948562323,263.534399241887,0
0,0,0,0,225.013371621378,0,0,0,0,0,133.984214699576,0,0,0,0,0,0,0,0,0,0,262.382215657622,0,0,0,104.369974912428,0,0,0,0,0,0,0,0,0,115.541295036174,0,0,208.005106191961,0,0
0,0,0,0,0,0,0,0,0,0,0,283.88658203332,0,195.378266313867,0,0,0,228.075434767255,119.728129215699,155.901486485736,0,0,231.715271819474,0,0,0,0,0,0,92.5207898118833,0,0,0,200.878319874537,139.93285932648,0,87.8456058929559,0,0,0,223.705816669619
0,0,0,0,0,0,0,0,0,0,0,0,0,159.183173818572,0,0,0,0,0,0,0,0,0,0,0,0,255.441154257905,155.24952173131,0,0,0,0,0,0,0,153.672550905948,0,0,0,162.833808134102,0
0,160.537522273714,0,197.486504603685,0,209.996727521564,353.822894641502,269.936825670274,0,0,146.465927798921,112.823430872325,89.707245288964,196.04190773555,70.4221432298295,80.8080171296381,98.6790043377568,211.840482897052,151.806152521152,82.6426202489162,251.098274723989,0,0,0,0,198.528111506785,164.032723165762,94.7529894315991,0,62.859596780235,0,200.878319874537,0,0,180.543851962045,82.6299537488922,306.344527664232,0,81.9664354533492,161.74915061469,0
227.504408813069,232.945974238958,0,338.131802716296,0,62.311273509377,122.106946855269,0,0,90.7216186966914,0,139.654362654449,0,125.81518738273,205.183249704085,0,0,142.054529471577,0,193.659409924573,116.176698124939,0,151.695570509541,78.9559315574845,119.345624434514,0,205.09013266389,81.2827395071039,192.135034768848,0,0,139.93285932648,0,180.543851962045,0,58.3493451392805,205.839960264176,174.013630695256,0,142.385058730083,114.511014214502
154.070293657878,0,0,160.530221557972,0,0,0,0,0,0,0,157.852515740516,0,124.853650664477,0,0,0,0,0,99.3508940827211,0,0,0,101.895308036513,0,100.812745974529,181.316358113209,153.453047983244,172.608400267715,0,115.541295036174,0,153.672550905948,82.6299537488922,58.3493451392805,0,199.492852797962,117.208001126138,169.742003380707,131.969743415579,78.8552325762656
163.945208919892,220.963068032256,0,206.912707094411,0,357.423078228283,214.116367924649,84.3635741045246,161.275817184598,276.620869034647,224.523755099568,348.674510760064,178.748963182352,187.77054666536,71.5579325720569,0,89.1590885155172,188.936291522747,80.4367166559625,115.868441404982,0,241.57250333243,0,195.822649557859,0,0,138.425725342224,111.435629183184,252.487290983309,112.793316814908,0,87.8456058929559,0,306.344527664232,205.839960264176,199.492852797962,0,74.4197823064597,171.230058197369,172.892533368851,0
0,236.681907140956,0,0,0,0,241.635434294794,103.519938150021,116.054372245433,82.1742780037132,101.443495235174,94.8881692391942,0,306.640284138334,0,0,259.055025639447,0,0,0,180.90030328818,0,0,167.066576495979,151.075371308616,67.8267069095267,0,92.5568465385234,112.349934713559,0,0,0,0,0,174.013630695256,117.208001126138,74.4197823064597,0,101.605593487621,345.797434674459,0
0,0,0,0,0,0,0,0,0,93.4234866874731,183.786860782462,0,97.5855511246009,0,259.442917595754,0,0,0,0,0,0,0,198.964527389285,0,0,165.893015276821,0,148.808626413748,335.371040201042,161.302948562323,208.005106191961,0,0,81.9664354533492,0,169.742003380707,171.230058197369,101.605593487621,0,0,171.906398392157
224.551207449728,0,0,213.67670887414,0,0,115.871357769661,261.440278806413,168.241326865882,89.9429017381717,128.530575464043,0,0,0,96.5937438588657,0,0,0,0,204.481117647118,72.2278283150671,161.325017232684,250.461724766314,321.124897279917,0,333.645516435298,96.7845769653343,202.712457066107,173.001559092555,263.534399241887,0,0,162.833808134102,161.74915061469,142.385058730083,131.969743415579,172.892533368851,345.797434674459,0,0,153.609372090384
0,0,323.781250289068,0,0,110.384905066973,0,93.5029580098427,241.682021696872,106.533627130087,146.99041817625,0,0,0,134.566479261133,85.7623170715703,0,0,0,314.611698427915,0,218.045528847001,108.136066660554,193.777661225572,135.667029391615,0,85.6072705949986,188.851177466023,220.901129804706,0,0,223.705816669619,0,0,114.511014214502,78.8552325762656,0,0,171.906398392157,153.609372090384,0
