0,0,0,0,0,0,0,0,0,0,0,0,0,0,0,0,0,92.5568465385234,0,0,0,0,0,0,0,0,0,0,0,0,0,0,0,201.44584889478,82.1742780037132,0,309.997227542691,0,0,197.486504603685,137.177378802006
0,0,0,0,0,0,0,0,0,70.4221432298295,0,0,0,0,0,0,0,0,0,0,0,0,0,0,0,145.74089716123,0,261.605527103798,0,0,0,174.013630695256,0,232.945974238958,0,0,196.032358954952,0,100.812745974529,0,0
0,0,0,0,0,0,0,0,0,0,0,206.912707094411,0,0,0,181.316358113209,0,0,0,0,0,0,0,0,0,97.5855511246009,0,0,0,0,0,0,0,0,0,161.694997919804,0,0,0,0,173.059382066957
0,0,0,0,163.945208919892,0,0,205.09013266389,0,0,111.435629183184,0,0,134.566479261133,353.822894641502,0,0,0,0,137.239127032733,0,0,141.204637091722,0,0,0,0,0,104.915316975638,0,0,0,0,180.543851962045,0,0,195.378266313867,184.249961885477,0,183.786860782462,215.611029055736
0,0,0,163.945208919892,0,116.054372245433,0,0,0,118.522099274347,0,103.519938150021,74.4197823064597,119.728129215699,0,0,101.895308036513,0,0,0,0,0,0,0,0,0,0,178.748963182352,231.715271819474,0,0,0,0,0,139.792601838991,157.852515740516,135.667029391615,219.078548227669,0,101.350815329073,0
0,0,0,0,116.054372245433,0,0,214.116367924649,0,0,0,0,0,0,0,85.6072705949986,106.926813611922,90.1317194604647,0,161.325017232684,164.032723165762,0,188.851177466023,0,0,0,97.3232815600345,209.996727521564,0,0,0,0,0,262.382215657622,0,0,110.384905066973,82.4756938751058,0,172.892533368851,0
0,0,0,0,0,0,0,0,0,95.7590805983148,138.425725342224,82.6299537488922,0,0,71.5579325720569,158.955087279859,0,0,0,0,0,0,200.878319874537,0,223.705816669619,0,0,173.001559092555,0,0,0,0,0,161.275817184598,0,94.126460729827,142.054529471577,0,226.825099357786,0,128.846764897717
0,0,0,205.09013266389,0,214.116367924649,0,0,0,124.698445421759,289.631679007608,0,0,0,0,0,0,0,0,76.5072790361762,146.99041817625,0,0,314.611698427915,348.674510760064,263.534399241887,113.144980278377,192.693757128262,0,0,0,0,0,148.808626413748,125.81518738273,0,0,98.6790043377568,0,188.936291522747,106.533627130087
0,0,0,0,0,0,0,0,0,0,0,0,0,280.376028997576,0,85.7623170715703,0,0,0,114.511014214502,0,0,0,0,0,190.185165668632,115.194491798135,0,0,0,249.905610015455,87.8456058929559,0,180.90030328818,0,0,187.77054666536,0,0,139.654362654449,61.0664810463559
0,70.4221432298295,0,0,118.522099274347,0,95.7590805983148,124.698445421759,0,0,247.66948903751,0,0,106.128596538706,220.901129804706,0,0,0,347.376449530863,135.294330067913,0,259.442917595754,0,165.893015276821,0,66.5008477853491,0,0,96.7845769653343,58.3493451392805,0,197.893790332676,0,193.777661225572,0,0,101.443495235174,94.7280504127031,0,0,0
0,0,0,111.435629183184,0,0,138.425725342224,289.631679007608,0,247.66948903751,0,0,0,94.027247878695,0,0,0,153.609372090384,0,0,0,284.529238481835,0,0,0,0,0,0,160.530221557972,338.131802716296,0,241.682021696872,0,162.833808134102,115.871357769661,219.040656038919,172.608400267715,0,193.055010680236,133.218162784108,0
0,0,206.912707094411,0,103.519938150021,0,82.6299537488922,0,0,0,0,0,0,0,0,0,81.9664354533492,94.7529894315991,177.763106506206,252.487290983309,159.183173818572,0,0,0,0,116.176698124939,192.135034768848,151.806152521152,224.551207449728,0,0,0,113.059176128709,160.537522273714,74.5815074003433,205.183249704085,131.969743415579,250.461724766314,269.936825670274,201.100640800745,62.859596780235
0,0,0,0,74.4197823064597,0,0,0,0,0,0,0,0,0,0,0,171.906398392157,0,0,0,0,0,0,0,0,0,0,72.2278283150671,0,0,0,0,219.430938885781,0,0,0,0,73.4795582048751,0,0,154.784755881607
0,0,0,134.566479261133,119.728129215699,0,0,0,280.376028997576,106.128596538706,94.027247878695,0,0,0,242.790381480436,0,0,0,125.416941482916,0,0,0,0,221.805809452716,0,62.311273509377,0,0,0,154.142998692322,0,0,0,175.196329314064,202.712457066107,122.106946855269,0,217.157696745803,0,0,0
0,0,0,353.822894641502,0,0,71.5579325720569,0,0,220.901129804706,0,0,0,242.790381480436,0,0,0,0,0,146.770754374523,0,0,0,255.441154257905,0,0,143.005810983322,153.672550905948,0,0,0,0,0,198.964527389285,0,0,0,0,196.04190773555,139.93285932648,357.423078228283
0,0,181.316358113209,0,0,85.6072705949986,158.955087279859,0,85.7623170715703,0,0,0,0,0,0,0,0,0,0,0,211.840482897052,0,228.792310020318,0,0,0,0,228.075434767255,0,0,0,0,0,124.853650664477,106.33736463831,0,0,259.055025639447,0,73.1029054543569,0
0,0,0,0,101.895308036513,106.926813611922,0,0,0,0,0,81.9664354533492,171.906398392157,0,0,0,0,0,0,0,0,0,0,0,0,0,0,231.050882209,0,0,0,0,0,199.492852797962,171.230058197369,0,186.973586461633,0,249.798812580765,0,71.4788760670054
92.5568465385234,0,0,0,0,90.1317194604647,0,0,0,0,153.609372090384,94.7529894315991,0,0,0,0,0,0,0,0,0,0,0,0,0,0,0,146.465927798921,0,0,67.8267069095267,0,0,119.345624434514,0,137.189596148386,165.597665022977,0,0,0,0
0,0,0,0,0,0,0,0,0,347.376449530863,0,177.763106506206,0,125.416941482916,0,0,0,0,0,128.530575464043,253.401634605989,0,0,89.3673883748406,0,0,151.01089327964,0,161.302948562323,92.3502314520023,0,0,0,0,0,320.356811100276,0,98.2230592632363,0,0,212.592150359921
0,0,0,137.239127032733,0,161.325017232684,0,76.5072790361762,114.511014214502,135.294330067913,0,252.487290983309,0,0,146.770754374523,0,0,0,128.530575464043,0,0,0,204.481117647118,134.960780198024,0,108.381749703452,0,94.8881692391942,117.208001126138,0,0,0,0,345.797434674459,151.695570509541,0,89.707245288964,194.442125915551,0,0,0
0,0,0,0,0,164.032723165762,0,146.99041817625,0,0,0,159.183173818572,0,0,0,211.840482897052,0,0,253.401634605989,0,0,0,0,0,0,169.453147353278,98.417953423071,112.823430872325,0,224.523755099568,0,0,0,0,97.3506957544063,0,0,108.136066660554,150.161410108805,204.084074037941,0
0,0,0,0,0,0,0,0,0,259.442917595754,284.529238481835,0,0,0,0,0,0,0,0,0,0,0,94.9380989123498,0,0,241.57250333243,0,195.314816908693,128.405764333981,0,0,0,0,80.8080171296381,0,0,198.528111506785,0,0,0,0
0,0,0,141.204637091722,0,188.851177466023,200.878319874537,0,0,0,0,0,0,0,0,228.792310020318,0,0,0,204.481117647118,0,94.9380989123498,0,115.114253591495,0,329.719143597451,0,120.912756812582,112.349934713559,0,0,0,104.369974912428,75.4497121078207,158.567996645797,0,241.635434294794,0,0,93.4234866874731,0
0,0,0,0,0,0,0,314.611698427915,0,165.893015276821,0,0,0,221.805809452716,255.441154257905,0,0,0,89.3673883748406,134.960780198024,0,0,115.114253591495,0,0,115.541295036174,186.348837226466,261.440278806413,90.7216186966914,136.792307586862,154.070293657878,0,0,0,169.742003380707,0,140.574866691684,333.645516435298,74.7304794244225,206.472608421747,323.781250289068
0,0,0,0,0,0,223.705816669619,348.674510760064,0,0,0,0,0,0,0,0,0,0,0,0,0,0,0,0,0,0,78.9559315574845,0,321.864157986053,167.066576495979,306.640284138334,0,0,0,78.8552325762656,0,151.036729364761,0,138.33942793804,195.822649557859,0
0,145.74089716123,97.5855511246009,0,0,0,0,263.534399241887,190.185165668632,66.5008477853491,0,116.176698124939,0,62.311273509377,0,0,0,0,0,108.381749703452,169.453147353278,241.57250333243,329.719143597451,115.541295036174,0,0,161.74915061469,251.098274723989,163.059043292369,0,0,0,0,222.053792850439,178.683678585178,0,101.5853655613,0,0,240.185081663983,178.224497384947
0,0,0,0,0,97.3232815600345,0,113.144980278377,115.194491798135,0,0,192.135034768848,0,0,143.005810983322,0,0,0,151.01089327964,0,98.417953423071,0,0,186.348837226466,78.9559315574845,161.74915061469,0,193.659409924573,84.3635741045246,0,0,0,0,114.649126378906,80.4367166559625,112.793316814908,321.124897279917,93.5029580098427,283.88658203332,151.075371308616,153.453047983244
0,261.605527103798,0,0,178.748963182352,209.996727521564,173.001559092555,192.693757128262,0,0,0,151.806152521152,72.2278283150671,0,153.672550905948,228.075434767255,231.050882209,146.465927798921,0,94.8881692391942,112.823430872325,195.314816908693,120.912756812582,261.440278806413,0,251.098274723989,193.659409924573,0,300.031143529538,0,0,0,0,120.567029282014,303.527509149359,168.241326865882,153.876396855887,109.093416850988,335.371040201042,89.1590885155172,236.681907140956
0,0,0,104.915316975638,231.715271819474,0,0,0,0,96.7845769653343,160.530221557972,224.551207449728,0,0,0,0,0,0,161.302948562323,117.208001126138,0,128.405764333981,112.349934713559,90.7216186966914,321.864157986053,163.059043292369,84.3635741045246,300.031143529538,0,306.344527664232,0,0,0,227.504408813069,0,81.2827395071039,220.963068032256,0,276.620869034647,101.605593487621,82.6426202489162
0,0,0,0,0,0,0,0,0,58.3493451392805,338.131802716296,0,0,154.142998692322,0,0,0,0,92.3502314520023,0,224.523755099568,0,0,136.792307586862,167.066576495979,0,0,0,306.344527664232,0,0,0,0,0,99.2646516363145,146.814226519809,155.24952173131,0,0,0,0
0,0,0,0,0,0,0,0,249.905610015455,0,0,0,0,0,0,0,0,67.8267069095267,0,0,0,0,0,154.070293657878,306.640284138334,0,0,0,0,0,0,0,0,0,0,92.5207898118833,0,0,0,191.519780382943,0
0,174.013630695256,0,0,0,0,0,0,87.8456058929559,197.893790332676,241.682021696872,0,0,0,0,0,0,0,0,0,0,0,0,0,0,0,0,0,0,0,0,0,0,325.937289045041,133.984214699576,208.005106191961,111.226326353722,115.332064605654,0,225.013371621378,213.67670887414
0,0,0,0,0,0,0,0,0,0,0,113.059176128709,219.430938885781,0,0,0,0,0,0,0,0,0,104.369974912428,0,0,0,0,0,0,0,0,0,0,0,0,0,155.901486485736,0,0,192.601533877686,0
201.44584889478,232.945974238958,0,180.543851962045,0,262.382215657622,161.275817184598,148.808626413748,180.90030328818,193.777661225572,162.833808134102,160.537522273714,0,175.196329314064,198.964527389285,124.853650664477,199.492852797962,119.345624434514,0,345.797434674459,0,80.8080171296381,75.4497121078207,0,0,222.053792850439,114.649126378906,120.567029282014,227.504408813069,0,0,325.937289045041,0,0,179.718364159796,0,283.248188884028,173.538155409849,0,0,0
82.1742780037132,0,0,0,139.792601838991,0,0,125.81518738273,0,0,115.871357769661,74.5815074003433,0,202.712457066107,0,106.33736463831,171.230058197369,0,0,151.695570509541,97.3506957544063,0,158.567996645797,169.742003380707,78.8552325762656,178.683678585178,80.4367166559625,303.527509149359,0,99.2646516363145,0,133.984214699576,0,179.718364159796,0,218.045528847001,193.63278243493,154.065933476765,205.839960264176,180.355266595273,136.685314494491
0,0,161.694997919804,0,157.852515740516,0,94.126460729827,0,0,0,219.040656038919,205.183249704085,0,122.106946855269,0,0,0,137.189596148386,320.356811100276,0,0,0,0,0,0,0,112.793316814908,168.241326865882,81.2827395071039,146.814226519809,92.5207898118833,208.005106191961,0,0,218.045528847001,0,99.3508940827211,0,115.868441404982,238.934743274142,89.9429017381717
309.997227542691,196.032358954952,0,195.378266313867,135.667029391615,110.384905066973,142.054529471577,0,187.77054666536,101.443495235174,172.608400267715,131.969743415579,0,0,0,0,186.973586461633,165.597665022977,0,89.707245288964,0,198.528111506785,241.635434294794,140.574866691684,151.036729364761,101.5853655613,321.124897279917,153.876396855887,220.963068032256,155.24952173131,0,111.226326353722,155.901486485736,283.248188884028,193.63278243493,99.3508940827211,0,96.5937438588657,0,125.994729980093,173.201474590904
0,0,0,184.249961885477,219.078548227669,82.4756938751058,0,98.6790043377568,0,94.7280504127031,0,250.461724766314,73.4795582048751,217.157696745803,0,259.055025639447,0,0,98.2230592632363,194.442125915551,108.136066660554,0,0,333.645516435298,0,0,93.5029580098427,109.093416850988,0,0,0,115.332064605654,0,173.538155409849,154.065933476765,0,96.5937438588657,0,101.85207633558,0,0
0,100.812745974529,0,0,0,0,226.825099357786,0,0,0,193.055010680236,269.936825670274,0,0,196.04190773555,0,249.798812580765,0,0,0,150.161410108805,0,0,74.7304794244225,138.33942793804,0,283.88658203332,335.371040201042,276.620869034647,0,0,0,0,0,205.839960264176,115.868441404982,0,101.85207633558,0,0,0
197.486504603685,0,0,183.786860782462,101.350815329073,172.892533368851,0,188.936291522747,139.654362654449,0,133.218162784108,201.100640800745,0,0,139.93285932648,73.1029054543569,0,0,0,0,204.084074037941,0,93.4234866874731,206.472608421747,195.822649557859,240.185081663983,151.075371308616,89.1590885155172,101.605593487621,0,191.519780382943,225.013371621378,192.601533877686,0,180.355266595273,238.934743274142,125.994729980093,0,0,0,142.385058730083
137.177378802006,0,173.059382066957,215.611029055736,0,0,128.846764897717,106.533627130087,61.0664810463559,0,0,62.859596780235,154.784755881607,0,357.423078228283,0,71.4788760670054,0,212.592150359921,0,0,0,0,323.781250289068,0,178.224497384947,153.453047983244,236.681907140956,82.6426202489162,0,0,213.67670887414,0,0,136.685314494491,89.9429017381717,173.201474590904,0,0,142.385058730083,0
