0,0,0,0,0,0,0,0,0,0,0,180.355266595273,0,0,171.906398392157,0,0,0,0,0,190.185165668632,0,197.893790332676,0,0,0,0,0,0,0,0,0,0,0,134.960780198024,0,348.674510760064,0,0,0,0
0,0,135.667029391615,0,0,0,0,193.055010680236,0,0,0,0,0,0,0,0,329.719143597451,0,0,0,0,0,0,0,103.519938150021,0,0,187.77054666536,0,171.230058197369,0,0,0,0,0,0,0,0,0,181.316358113209,0
0,135.667029391615,0,0,0,0,0,0,0,0,0,0,0,0,0,165.597665022977,0,153.453047983244,0,0,0,0,0,0,0,0,0,0,0,0,0,0,0,247.66948903751,173.001559092555,0,0,0,0,0,0
0,0,0,0,98.2230592632363,0,0,0,0,300.031143529538,141.204637091722,101.443495235174,0,0,61.0664810463559,0,0,0,0,99.2646516363145,0,0,0,0,0,0,0,208.005106191961,193.63278243493,0,0,0,0,184.249961885477,162.833808134102,214.116367924649,0,0,0,163.945208919892,236.681907140956
0,0,0,98.2230592632363,0,0,115.868441404982,0,0,0,0,157.852515740516,0,0,0,0,0,0,0,125.81518738273,0,0,128.405764333981,0,108.136066660554,192.135034768848,0,224.551207449728,85.6072705949986,0,0,0,0,82.6426202489162,0,115.194491798135,118.522099274347,0,0,106.128596538706,153.609372090384
0,0,0,0,0,0,226.825099357786,241.635434294794,217.157696745803,0,0,0,0,231.715271819474,280.376028997576,0,188.936291522747,0,58.3493451392805,138.33942793804,306.344527664232,0,0,0,0,0,0,115.332064605654,0,117.208001126138,0,196.032358954952,0,0,228.075434767255,0,173.201474590904,0,0,0,0
0,0,0,0,115.868441404982,226.825099357786,0,0,0,0,0,0,153.672550905948,0,333.645516435298,154.065933476765,0,0,0,139.93285932648,179.718364159796,0,222.053792850439,0,0,241.57250333243,0,0,131.969743415579,0,0,0,0,94.126460729827,142.385058730083,0,335.371040201042,0,0,0,0
0,193.055010680236,0,0,0,241.635434294794,0,0,0,0,101.85207633558,114.511014214502,0,135.294330067913,0,101.895308036513,0,0,0,0,0,0,0,180.90030328818,0,154.070293657878,96.7845769653343,112.823430872325,100.812745974529,0,0,0,0,92.5207898118833,219.078548227669,0,0,219.430938885781,0,204.481117647118,263.534399241887
0,0,0,0,0,217.157696745803,0,0,0,325.937289045041,0,0,0,0,242.790381480436,0,0,0,0,0,0,0,0,96.5937438588657,0,112.349934713559,72.2278283150671,0,0,0,0,0,0,178.683678585178,186.973586461633,193.777661225572,139.792601838991,0,0,195.314816908693,0
0,0,0,300.031143529538,0,0,0,0,325.937289045041,0,0,150.161410108805,0,0,0,137.239127032733,0,89.9429017381717,0,71.4788760670054,0,0,0,136.792307586862,0,120.912756812582,174.013630695256,303.527509149359,92.5568465385234,0,0,178.224497384947,0,0,82.1742780037132,0,90.7216186966914,93.5029580098427,215.611029055736,143.005810983322,80.4367166559625
0,0,0,141.204637091722,0,0,0,101.85207633558,0,0,0,0,0,0,0,0,0,0,128.530575464043,205.839960264176,0,114.649126378906,0,213.67670887414,101.350815329073,0,122.106946855269,219.040656038919,94.8881692391942,0,0,0,0,101.5853655613,76.5072790361762,0,73.1029054543569,80.8080171296381,116.054372245433,249.905610015455,0
180.355266595273,0,0,101.443495235174,157.852515740516,0,0,114.511014214502,0,150.161410108805,0,0,0,116.176698124939,154.142998692322,0,218.045528847001,0,199.492852797962,78.8552325762656,0,0,180.543851962045,0,98.6790043377568,200.878319874537,0,110.384905066973,314.611698427915,0,0,306.640284138334,0,98.417953423071,321.124897279917,134.566479261133,223.705816669619,0,0,259.442917595754,0
0,0,0,0,0,0,153.672550905948,0,0,0,0,0,0,0,0,0,0,0,0,0,0,0,0,71.5579325720569,0,0,0,0,66.5008477853491,0,94.7529894315991,73.4795582048751,0,0,0,0,158.955087279859,0,0,0,0
0,0,0,0,0,231.715271819474,0,135.294330067913,0,0,0,116.176698124939,0,0,0,0,172.892533368851,0,169.742003380707,115.871357769661,0,0,0,133.218162784108,0,0,224.523755099568,309.997227542691,0,0,0,0,0,220.963068032256,240.185081663983,99.3508940827211,0,196.04190773555,0,0,90.1317194604647
171.906398392157,0,0,61.0664810463559,0,280.376028997576,333.645516435298,0,242.790381480436,0,0,154.142998692322,0,0,0,0,0,0,0,0,0,0,0,92.3502314520023,0,209.996727521564,269.936825670274,0,0,0,0,0,0,0,0,0,283.88658203332,0,81.9664354533492,0,93.4234866874731
0,0,165.597665022977,0,0,0,154.065933476765,101.895308036513,0,137.239127032733,0,0,0,0,0,0,106.33736463831,276.620869034647,0,0,0,0,0,0,0,119.728129215699,0,97.3232815600345,0,0,0,0,0,113.059176128709,0,0,0,0,0,159.183173818572,175.196329314064
0,329.719143597451,0,0,0,188.936291522747,0,0,0,0,0,218.045528847001,0,172.892533368851,0,106.33736463831,0,0,0,0,0,0,119.345624434514,0,0,120.567029282014,0,155.24952173131,0,0,0,0,0,232.945974238958,0,0,0,197.486504603685,0,0,0
0,0,153.453047983244,0,0,0,0,0,0,89.9429017381717,0,0,0,0,0,276.620869034647,0,0,0,0,0,0,115.114253591495,0,0,0,137.189596148386,0,0,0,0,0,0,62.311273509377,0,283.248188884028,89.3673883748406,168.241326865882,0,0,0
0,0,0,0,0,58.3493451392805,0,0,0,0,128.530575464043,199.492852797962,0,169.742003380707,0,0,0,0,0,0,0,0,0,0,133.984214699576,220.901129804706,0,146.465927798921,172.608400267715,0,0,0,0,227.504408813069,0,146.770754374523,151.01089327964,0,0,74.7304794244225,0
0,0,0,99.2646516363145,125.81518738273,138.33942793804,139.93285932648,0,0,71.4788760670054,205.839960264176,78.8552325762656,0,115.871357769661,0,0,0,0,0,0,0,0,255.441154257905,0,0,0,138.425725342224,0,151.806152521152,0,0,0,0,194.442125915551,193.659409924573,0,95.7590805983148,0,164.032723165762,124.853650664477,124.698445421759
190.185165668632,0,0,0,0,306.344527664232,179.718364159796,0,0,0,0,0,0,0,0,0,0,0,0,0,0,67.8267069095267,0,0,0,160.530221557972,0,202.712457066107,0,206.472608421747,101.605593487621,0,0,205.183249704085,167.066576495979,0,74.4197823064597,0,0,253.401634605989,345.797434674459
0,0,0,0,0,0,0,0,0,0,114.649126378906,0,0,0,0,0,0,0,0,0,67.8267069095267,0,106.926813611922,0,0,0,0,70.4221432298295,0,0,0,0,0,0,0,97.5855511246009,188.851177466023,323.781250289068,115.541295036174,0,0
197.893790332676,0,0,0,128.405764333981,0,222.053792850439,0,0,0,0,180.543851962045,0,0,0,0,119.345624434514,115.114253591495,0,255.441154257905,0,106.926813611922,0,111.226326353722,0,195.378266313867,0,151.075371308616,0,0,0,0,0,320.356811100276,0,148.808626413748,321.864157986053,106.533627130087,0,0,0
0,0,0,0,0,0,0,180.90030328818,96.5937438588657,136.792307586862,213.67670887414,0,71.5579325720569,133.218162784108,92.3502314520023,0,0,0,0,0,0,0,111.226326353722,0,206.912707094411,0,104.915316975638,0,128.846764897717,0,0,161.694997919804,0,252.487290983309,137.177378802006,0,74.5815074003433,146.814226519809,353.822894641502,183.786860782462,97.3506957544063
0,103.519938150021,0,0,108.136066660554,0,0,0,0,0,101.350815329073,98.6790043377568,0,0,0,0,0,0,133.984214699576,0,0,0,0,206.912707094411,0,0,0,261.440278806413,0,0,0,0,94.027247878695,0,0,0,125.416941482916,0,0,0,261.605527103798
0,0,0,0,192.135034768848,0,241.57250333243,154.070293657878,112.349934713559,120.912756812582,0,200.878319874537,0,0,209.996727521564,119.728129215699,120.567029282014,0,220.901129804706,0,160.530221557972,0,195.378266313867,0,0,0,169.453147353278,151.695570509541,347.376449530863,0,161.325017232684,0,0,0,225.013371621378,75.4497121078207,0,0,0,228.792310020318,250.461724766314
0,0,0,0,0,0,0,96.7845769653343,72.2278283150671,174.013630695256,122.106946855269,0,0,224.523755099568,269.936825670274,0,0,137.189596148386,0,138.425725342224,0,0,0,104.915316975638,0,169.453147353278,0,204.084074037941,177.763106506206,0,158.567996645797,0,89.1590885155172,0,145.74089716123,136.685314494491,262.382215657622,231.050882209,0,284.529238481835,89.707245288964
0,187.77054666536,0,208.005106191961,224.551207449728,115.332064605654,0,112.823430872325,0,303.527509149359,219.040656038919,110.384905066973,0,309.997227542691,0,97.3232815600345,155.24952173131,0,146.465927798921,0,202.712457066107,70.4221432298295,151.075371308616,0,261.440278806413,151.695570509541,204.084074037941,0,0,113.144980278377,0,0,0,82.4756938751058,201.100640800745,178.748963182352,205.09013266389,173.538155409849,125.994729980093,161.275817184598,289.631679007608
0,0,0,193.63278243493,85.6072705949986,0,131.969743415579,100.812745974529,0,92.5568465385234,94.8881692391942,314.611698427915,66.5008477853491,0,0,0,0,0,172.608400267715,151.806152521152,0,0,0,128.846764897717,0,347.376449530863,177.763106506206,0,0,78.9559315574845,0,198.528111506785,0,249.798812580765,160.537522273714,0,94.7280504127031,85.7623170715703,165.893015276821,146.99041817625,0
0,171.230058197369,0,0,0,117.208001126138,0,0,0,0,0,0,0,0,0,0,0,0,0,0,206.472608421747,0,0,0,0,0,0,113.144980278377,78.9559315574845,0,0,0,0,112.793316814908,195.822649557859,81.2827395071039,357.423078228283,108.381749703452,0,155.901486485736,0
0,0,0,0,0,0,0,0,0,0,0,0,94.7529894315991,0,0,0,0,0,0,0,101.605593487621,0,0,0,0,161.325017232684,158.567996645797,0,0,0,0,153.876396855887,0,0,0,0,0,0,0,139.654362654449,0
0,0,0,0,0,196.032358954952,0,0,0,178.224497384947,0,306.640284138334,73.4795582048751,0,0,0,0,0,0,0,0,0,0,161.694997919804,0,0,0,0,198.528111506785,0,153.876396855887,0,0,0,0,198.964527389285,238.934743274142,163.059043292369,186.348837226466,0,0
0,0,0,0,0,0,0,0,0,0,0,0,0,0,0,0,0,0,0,0,0,0,0,0,94.027247878695,0,89.1590885155172,0,0,0,0,0,0,0,0,0,251.098274723989,0,0,212.592150359921,111.435629183184
0,0,247.66948903751,184.249961885477,82.6426202489162,0,94.126460729827,92.5207898118833,178.683678585178,0,101.5853655613,98.417953423071,0,220.963068032256,0,113.059176128709,232.945974238958,62.311273509377,227.504408813069,194.442125915551,205.183249704085,0,320.356811100276,252.487290983309,0,0,0,82.4756938751058,249.798812580765,112.793316814908,0,0,0,0,62.859596780235,0,191.519780382943,338.131802716296,104.369974912428,151.036729364761,192.601533877686
134.960780198024,0,173.001559092555,162.833808134102,0,228.075434767255,142.385058730083,219.078548227669,186.973586461633,82.1742780037132,76.5072790361762,321.124897279917,0,240.185081663983,0,0,0,0,0,193.659409924573,167.066576495979,0,0,137.177378802006,0,225.013371621378,145.74089716123,201.100640800745,160.537522273714,195.822649557859,0,0,0,62.859596780235,0,140.574866691684,84.3635741045246,192.693757128262,161.74915061469,109.093416850988,0
0,0,0,214.116367924649,115.194491798135,0,0,0,193.777661225572,0,0,134.566479261133,0,99.3508940827211,0,0,0,283.248188884028,146.770754374523,0,0,97.5855511246009,148.808626413748,0,0,75.4497121078207,136.685314494491,178.748963182352,0,81.2827395071039,0,198.964527389285,0,0,140.574866691684,0,142.054529471577,82.6299537488922,0,87.8456058929559,154.784755881607
348.674510760064,0,0,0,118.522099274347,173.201474590904,335.371040201042,0,139.792601838991,90.7216186966914,73.1029054543569,223.705816669619,158.955087279859,0,283.88658203332,0,0,89.3673883748406,151.01089327964,95.7590805983148,74.4197823064597,188.851177466023,321.864157986053,74.5815074003433,125.416941482916,0,262.382215657622,205.09013266389,94.7280504127031,357.423078228283,0,238.934743274142,251.098274723989,191.519780382943,84.3635741045246,142.054529471577,0,221.805809452716,161.302948562323,0,259.055025639447
0,0,0,0,0,0,0,219.430938885781,0,93.5029580098427,80.8080171296381,0,0,196.04190773555,0,0,197.486504603685,168.241326865882,0,0,0,323.781250289068,106.533627130087,146.814226519809,0,0,231.050882209,173.538155409849,85.7623170715703,108.381749703452,0,163.059043292369,0,338.131802716296,192.693757128262,82.6299537488922,221.805809452716,0,94.9380989123498,0,201.44584889478
0,0,0,0,0,0,0,0,0,215.611029055736,116.054372245433,0,0,0,81.9664354533492,0,0,0,0,164.032723165762,0,115.541295036174,0,353.822894641502,0,0,0,125.994729980093,165.893015276821,0,0,186.348837226466,0,104.369974912428,161.74915061469,0,161.302948562323,94.9380989123498,0,211.840482897052,241.682021696872
0,181.316358113209,0,163.945208919892,106.128596538706,0,0,204.481117647118,195.314816908693,143.005810983322,249.905610015455,259.442917595754,0,0,0,159.183173818572,0,0,74.7304794244225,124.853650664477,253.401634605989,0,0,183.786860782462,0,228.792310020318,284.529238481835,161.275817184598,146.99041817625,155.901486485736,139.654362654449,0,212.592150359921,151.036729364761,109.093416850988,87.8456058929559,0,0,211.840482897052,0,173.059382066957
0,0,0,236.681907140956,153.609372090384,0,0,263.534399241887,0,80.4367166559625,0,0,0,90.1317194604647,93.4234866874731,175.196329314064,0,0,0,124.698445421759,345.797434674459,0,0,97.3506957544063,261.605527103798,250.461724766314,89.707245288964,289.631679007608,0,0,0,0,111.435629183184,192.601533877686,0,154.784755881607,259.055025639447,201.44584889478,241.682021696872,173.059382066957,0
