0,0,0,0,0,0,0,0,0,0,0,0,0,0,0,0,0,0,0,73.1029054543569,0,0,0,214.116367924649,0,0,0,0,0,0,0,160.530221557972,0,95.7590805983148,115.194491798135,0,0,0,0,231.050882209,0
0,0,0,226.825099357786,0,0,0,0,0,153.453047983244,0,231.715271819474,0,0,101.350815329073,0,0,0,0,0,0,0,0,0,178.224497384947,219.040656038919,0,0,92.5207898118833,0,0,0,0,0,0,0,0,0,0,0,0
0,0,0,92.5568465385234,0,0,357.423078228283,0,0,0,0,0,0,0,0,0,0,0,0,0,0,0,0,148.808626413748,0,0,0,0,0,0,0,0,0,0,0,0,238.934743274142,0,136.792307586862,0,0
0,226.825099357786,92.5568465385234,0,0,0,0,0,0,0,0,0,0,0,0,0,0,188.936291522747,109.093416850988,0,115.868441404982,137.189596148386,89.3673883748406,0,0,0,89.1590885155172,94.9380989123498,0,0,0,146.814226519809,0,0,0,309.997227542691,117.208001126138,200.878319874537,0,0,0
0,0,0,0,0,160.537522273714,353.822894641502,0,0,142.385058730083,0,220.963068032256,0,62.859596780235,0,0,0,0,0,0,0,0,0,192.601533877686,261.605527103798,178.683678585178,0,0,168.241326865882,280.376028997576,0,0,0,112.349934713559,199.492852797962,0,167.066576495979,0,163.945208919892,0,0
0,0,0,0,160.537522273714,0,320.356811100276,0,0,158.567996645797,197.893790332676,208.005106191961,0,0,0,228.075434767255,0,0,0,335.371040201042,333.645516435298,0,0,0,0,0,193.777661225572,108.381749703452,0,0,0,0,0,106.33736463831,118.522099274347,0,146.465927798921,0,0,253.401634605989,0
0,0,357.423078228283,0,353.822894641502,320.356811100276,0,0,0,0,89.9429017381717,94.126460729827,0,321.124897279917,0,0,0,0,106.128596538706,0,0,0,0,0,0,0,171.906398392157,242.790381480436,0,0,0,0,0,99.3508940827211,0,0,0,85.7623170715703,74.7304794244225,153.876396855887,0
0,0,0,0,0,0,0,0,0,0,0,82.6426202489162,0,0,0,0,0,66.5008477853491,114.511014214502,191.519780382943,241.635434294794,0,0,329.719143597451,0,338.131802716296,183.786860782462,205.09013266389,0,0,0,241.682021696872,0,76.5072790361762,314.611698427915,110.384905066973,255.441154257905,161.694997919804,0,0,151.036729364761
0,0,0,0,0,0,0,0,0,178.748963182352,0,0,0,172.608400267715,0,0,0,0,0,139.93285932648,0,0,0,0,0,87.8456058929559,97.3232815600345,223.705816669619,0,0,0,0,0,90.1317194604647,0,194.442125915551,0,104.915316975638,0,221.805809452716,82.4756938751058
0,153.453047983244,0,0,142.385058730083,158.567996645797,0,0,178.748963182352,0,158.955087279859,0,0,136.685314494491,0,0,325.937289045041,171.230058197369,0,0,0,0,0,0,0,0,122.106946855269,98.417953423071,0,0,180.355266595273,101.5853655613,0,209.996727521564,133.218162784108,173.538155409849,128.405764333981,0,276.620869034647,204.481117647118,0
0,0,0,0,0,197.893790332676,89.9429017381717,0,0,158.955087279859,0,154.142998692322,0,0,0,0,0,0,259.055025639447,0,196.04190773555,0,169.742003380707,0,0,62.311273509377,0,155.901486485736,0,0,0,0,82.6299537488922,125.81518738273,80.4367166559625,0,97.3506957544063,0,321.864157986053,204.084074037941,151.075371308616
0,231.715271819474,0,0,220.963068032256,208.005106191961,94.126460729827,82.6426202489162,0,0,154.142998692322,0,0,0,173.201474590904,0,0,98.2230592632363,0,0,0,0,192.693757128262,193.63278243493,0,181.316358113209,0,217.157696745803,153.672550905948,224.551207449728,0,0,0,138.425725342224,97.5855511246009,101.85207633558,187.77054666536,112.823430872325,0,93.4234866874731,155.24952173131
0,0,0,0,0,0,0,0,0,0,0,0,0,173.059382066957,0,0,0,119.345624434514,0,0,0,0,0,0,0,0,0,348.674510760064,165.893015276821,0,0,0,0,0,0,0,106.533627130087,0,0,0,137.177378802006
0,0,0,0,62.859596780235,0,321.124897279917,0,172.608400267715,136.685314494491,0,0,173.059382066957,0,0,0,115.114253591495,0,0,0,0,81.2827395071039,0,0,135.294330067913,101.895308036513,0,128.530575464043,0,0,0,0,0,261.440278806413,116.054372245433,0,157.852515740516,0,0,115.332064605654,0
0,101.350815329073,0,0,0,0,0,0,0,0,0,173.201474590904,0,0,0,0,0,0,0,289.631679007608,0,0,190.185165668632,0,0,128.846764897717,0,0,211.840482897052,0,0,0,100.812745974529,0,0,196.032358954952,186.348837226466,303.527509149359,0,150.161410108805,283.88658203332
0,0,0,0,0,228.075434767255,0,0,0,0,0,0,0,0,0,0,188.851177466023,96.5937438588657,0,0,0,0,0,108.136066660554,0,206.912707094411,0,205.183249704085,124.698445421759,0,0,0,0,0,74.4197823064597,0,193.659409924573,0,0,94.7280504127031,92.3502314520023
0,0,0,0,0,0,0,0,0,325.937289045041,0,0,0,115.114253591495,0,188.851177466023,0,0,0,0,0,0,0,101.443495235174,0,96.7845769653343,213.67670887414,225.013371621378,0,0,0,0,184.249961885477,0,0,0,114.649126378906,0,0,0,94.027247878695
0,0,0,188.936291522747,0,0,0,66.5008477853491,0,171.230058197369,0,98.2230592632363,119.345624434514,0,0,96.5937438588657,0,0,0,0,0,0,0,0,262.382215657622,0,0,0,0,0,0,0,0,0,0,0,125.416941482916,0,73.4795582048751,0,0
0,0,0,109.093416850988,0,0,106.128596538706,114.511014214502,0,0,259.055025639447,0,0,0,0,0,0,0,0,228.792310020318,0,0,0,72.2278283150671,0,0,0,161.302948562323,165.597665022977,0,0,0,0,249.905610015455,0,0,219.078548227669,0,0,179.718364159796,195.822649557859
73.1029054543569,0,0,0,0,335.371040201042,0,191.519780382943,139.93285932648,0,0,0,0,0,289.631679007608,0,0,0,228.792310020318,0,0,0,247.66948903751,0,0,94.7529894315991,151.01089327964,172.892533368851,249.798812580765,104.369974912428,0,0,0,141.204637091722,106.926813611922,0,140.574866691684,0,0,99.2646516363145,161.325017232684
0,0,0,115.868441404982,0,333.645516435298,0,241.635434294794,0,0,196.04190773555,0,0,0,0,0,0,0,0,0,0,0,0,0,0,306.640284138334,0,198.528111506785,0,94.8881692391942,0,113.059176128709,0,61.0664810463559,0,134.566479261133,111.226326353722,135.667029391615,0,198.964527389285,0
0,0,0,137.189596148386,0,0,0,0,0,0,0,0,0,81.2827395071039,0,0,0,0,0,0,0,0,0,0,0,0,0,201.100640800745,0,0,0,0,0,175.196329314064,151.695570509541,0,0,164.032723165762,306.344527664232,195.314816908693,0
0,0,0,89.3673883748406,0,0,0,0,0,0,169.742003380707,192.693757128262,0,0,190.185165668632,0,0,0,0,247.66948903751,0,0,0,154.784755881607,195.378266313867,0,0,0,58.3493451392805,347.376449530863,0,0,0,145.74089716123,202.712457066107,0,180.543851962045,284.529238481835,0,252.487290983309,154.065933476765
214.116367924649,0,148.808626413748,0,192.601533877686,0,0,329.719143597451,0,0,0,193.63278243493,0,0,0,108.136066660554,101.443495235174,0,72.2278283150671,0,0,0,154.784755881607,0,161.74915061469,0,0,146.99041817625,137.239127032733,0,125.994729980093,0,90.7216186966914,0,0,74.5815074003433,103.519938150021,111.435629183184,219.430938885781,0,71.5579325720569
0,178.224497384947,0,0,261.605527103798,0,0,0,0,0,0,0,0,135.294330067913,0,0,0,262.382215657622,0,0,0,0,195.378266313867,161.74915061469,0,0,113.144980278377,0,115.871357769661,0,0,0,0,215.611029055736,0,0,0,192.135034768848,0,0,0
0,219.040656038919,0,0,178.683678585178,0,0,338.131802716296,87.8456058929559,0,62.311273509377,181.316358113209,0,101.895308036513,128.846764897717,206.912707094411,96.7845769653343,0,0,94.7529894315991,306.640284138334,0,0,0,0,0,119.728129215699,151.806152521152,0,0,0,0,0,224.523755099568,75.4497121078207,0,154.070293657878,120.912756812582,283.248188884028,139.792601838991,0
0,0,0,89.1590885155172,0,193.777661225572,171.906398392157,183.786860782462,97.3232815600345,122.106946855269,0,0,0,0,0,0,213.67670887414,0,0,151.01089327964,0,0,0,0,113.144980278377,119.728129215699,0,241.57250333243,162.833808134102,205.839960264176,0,232.945974238958,0,0,345.797434674459,82.1742780037132,323.781250289068,71.4788760670054,70.4221432298295,0,201.44584889478
0,0,0,94.9380989123498,0,108.381749703452,242.790381480436,205.09013266389,223.705816669619,98.417953423071,155.901486485736,217.157696745803,348.674510760064,128.530575464043,0,205.183249704085,225.013371621378,0,161.302948562323,172.892533368851,198.528111506785,201.100640800745,0,146.99041817625,0,151.806152521152,241.57250333243,0,153.609372090384,163.059043292369,0,0,0,193.055010680236,93.5029580098427,250.461724766314,0,134.960780198024,0,78.8552325762656,197.486504603685
0,92.5207898118833,0,0,168.241326865882,0,0,0,0,0,0,153.672550905948,165.893015276821,0,211.840482897052,124.698445421759,0,0,165.597665022977,249.798812580765,0,0,58.3493451392805,137.239127032733,115.871357769661,0,162.833808134102,153.609372090384,0,0,0,131.969743415579,0,143.005810983322,251.098274723989,89.707245288964,67.8267069095267,101.605593487621,159.183173818572,218.045528847001,0
0,0,0,0,280.376028997576,0,0,0,0,0,0,224.551207449728,0,0,0,0,0,0,0,104.369974912428,94.8881692391942,0,347.376449530863,0,0,0,205.839960264176,163.059043292369,0,0,0,0,0,0,124.853650664477,116.176698124939,0,0,0,98.6790043377568,133.984214699576
0,0,0,0,0,0,0,0,0,180.355266595273,0,0,0,0,0,0,0,0,0,0,0,0,0,125.994729980093,0,0,0,0,0,0,0,0,0,0,174.013630695256,0,0,0,240.185081663983,115.541295036174,85.6072705949986
160.530221557972,0,0,146.814226519809,0,0,0,241.682021696872,0,101.5853655613,0,0,0,0,0,0,0,0,0,0,113.059176128709,0,0,0,0,0,232.945974238958,0,131.969743415579,0,0,0,0,84.3635741045246,220.901129804706,112.793316814908,0,0,0,0,80.8080171296381
0,0,0,0,0,0,0,0,0,0,82.6299537488922,0,0,0,100.812745974529,0,184.249961885477,0,0,0,0,0,0,90.7216186966914,0,0,0,0,0,0,0,0,0,0,0,0,259.442917595754,0,0,0,0
95.7590805983148,0,0,0,112.349934713559,106.33736463831,99.3508940827211,76.5072790361762,90.1317194604647,209.996727521564,125.81518738273,138.425725342224,0,261.440278806413,0,0,0,0,249.905610015455,141.204637091722,61.0664810463559,175.196329314064,145.74089716123,0,215.611029055736,224.523755099568,0,193.055010680236,143.005810983322,0,0,84.3635741045246,0,0,0,186.973586461633,139.654362654449,78.9559315574845,173.001559092555,169.453147353278,212.592150359921
115.194491798135,0,0,0,199.492852797962,118.522099274347,0,314.611698427915,0,133.218162784108,80.4367166559625,97.5855511246009,0,116.054372245433,0,74.4197823064597,0,0,0,106.926813611922,0,151.695570509541,202.712457066107,0,0,75.4497121078207,345.797434674459,93.5029580098427,251.098274723989,124.853650664477,174.013630695256,220.901129804706,0,0,0,222.053792850439,263.534399241887,81.9664354533492,300.031143529538,269.936825670274,146.770754374523
0,0,0,309.997227542691,0,0,0,110.384905066973,194.442125915551,173.538155409849,0,101.85207633558,0,0,196.032358954952,0,0,0,0,0,134.566479261133,0,0,74.5815074003433,0,0,82.1742780037132,250.461724766314,89.707245288964,116.176698124939,0,112.793316814908,0,186.973586461633,222.053792850439,0,227.504408813069,138.33942793804,0,206.472608421747,142.054529471577
0,0,238.934743274142,117.208001126138,167.066576495979,146.465927798921,0,255.441154257905,0,128.405764333981,97.3506957544063,187.77054666536,106.533627130087,157.852515740516,186.348837226466,193.659409924573,114.649126378906,125.416941482916,219.078548227669,140.574866691684,111.226326353722,0,180.543851962045,103.519938150021,0,154.070293657878,323.781250289068,0,67.8267069095267,0,0,0,259.442917595754,139.654362654449,263.534399241887,227.504408813069,0,177.763106506206,120.567029282014,236.681907140956,161.275817184598
0,0,0,200.878319874537,0,0,85.7623170715703,161.694997919804,104.915316975638,0,0,112.823430872325,0,0,303.527509149359,0,0,0,0,0,135.667029391615,164.032723165762,284.529238481835,111.435629183184,192.135034768848,120.912756812582,71.4788760670054,134.960780198024,101.605593487621,0,0,0,0,78.9559315574845,81.9664354533492,138.33942793804,177.763106506206,0,0,180.90030328818,0
0,0,136.792307586862,0,163.945208919892,0,74.7304794244225,0,0,276.620869034647,321.864157986053,0,0,0,0,0,0,73.4795582048751,0,0,0,306.344527664232,0,219.430938885781,0,283.248188884028,70.4221432298295,0,159.183173818572,0,240.185081663983,0,0,173.001559092555,300.031143529538,0,120.567029282014,0,0,0,0
231.050882209,0,0,0,0,253.401634605989,153.876396855887,0,221.805809452716,204.481117647118,204.084074037941,93.4234866874731,0,115.332064605654,150.161410108805,94.7280504127031,0,0,179.718364159796,99.2646516363145,198.964527389285,195.314816908693,252.487290983309,0,0,139.792601838991,0,78.8552325762656,218.045528847001,98.6790043377568,115.541295036174,0,0,169.453147353278,269.936825670274,206.472608421747,236.681907140956,180.90030328818,0,0,0
0,0,0,0,0,0,0,151.036729364761,82.4756938751058,0,151.075371308616,155.24952173131,137.177378802006,0,283.88658203332,92.3502314520023,94.027247878695,0,195.822649557859,161.325017232684,0,0,154.065933476765,71.5579325720569,0,0,201.44584889478,197.486504603685,0,133.984214699576,85.6072705949986,80.8080171296381,0,212.592150359921,146.770754374523,142.054529471577,161.275817184598,0,0,0,0
