0,0,0,0,0,0,0,0,0,106.533627130087,0,0,0,329.719143597451,0,226.825099357786,0,0,0,0,0,0,0,0,0,0,0,0,0,0,0,92.5568465385234,0,0,155.901486485736,0,101.605593487621,0,0,0,0
0,0,0,0,0,0,0,0,0,0,0,0,0,0,186.348837226466,0,0,169.453147353278,306.640284138334,0,0,0,0,0,0,94.7280504127031,0,0,0,0,0,0,0,161.275817184598,197.486504603685,101.85207633558,0,0,0,0,0
0,0,0,0,0,0,0,0,0,0,0,0,0,0,0,0,0,0,0,0,0,0,109.093416850988,0,0,0,0,0,0,101.350815329073,0,0,0,174.013630695256,125.416941482916,0,0,0,0,314.611698427915,0
0,0,0,0,0,115.114253591495,75.4497121078207,0,0,115.871357769661,192.693757128262,0,0,0,0,0,0,0,0,135.294330067913,0,0,0,0,0,201.44584889478,228.075434767255,0,0,0,0,215.611029055736,0,208.005106191961,106.926813611922,0,178.683678585178,85.6072705949986,0,0,139.792601838991
0,0,0,0,0,128.405764333981,133.984214699576,0,0,0,173.001559092555,0,249.905610015455,0,0,0,283.248188884028,0,0,92.5207898118833,0,0,0,0,0,0,0,214.116367924649,236.681907140956,0,0,0,0,186.973586461633,0,119.728129215699,78.9559315574845,219.078548227669,0,303.527509149359,202.712457066107
0,0,0,115.114253591495,128.405764333981,0,0,0,0,0,120.567029282014,0,0,0,0,0,113.144980278377,0,0,0,0,325.937289045041,218.045528847001,0,0,171.906398392157,0,232.945974238958,0,0,0,0,0,115.868441404982,94.027247878695,0,206.472608421747,148.808626413748,0,115.332064605654,73.1029054543569
0,0,0,75.4497121078207,133.984214699576,0,0,0,0,84.3635741045246,0,118.522099274347,0,145.74089716123,178.224497384947,0,0,0,0,0,0,0,0,0,161.74915061469,196.04190773555,0,81.9664354533492,0,0,0,0,0,0,0,180.355266595273,188.851177466023,167.066576495979,0,191.519780382943,0
0,0,0,0,0,0,0,0,0,0,0,231.050882209,0,0,146.99041817625,0,0,225.013371621378,0,0,0,136.792307586862,0,306.344527664232,0,82.6426202489162,200.878319874537,101.5853655613,0,0,0,338.131802716296,0,276.620869034647,87.8456058929559,0,82.1742780037132,205.183249704085,76.5072790361762,73.4795582048751,106.128596538706
0,0,0,0,0,0,0,0,0,94.8881692391942,289.631679007608,0,0,0,112.349934713559,0,82.6299537488922,0,0,0,0,0,0,262.382215657622,0,0,0,172.892533368851,138.33942793804,0,0,0,0,0,0,263.534399241887,98.417953423071,195.378266313867,0,220.963068032256,0
106.533627130087,0,0,115.871357769661,0,0,84.3635741045246,0,94.8881692391942,0,0,104.369974912428,0,98.2230592632363,0,0,0,222.053792850439,193.055010680236,0,0,161.302948562323,0,89.1590885155172,0,0,158.567996645797,0,198.528111506785,0,0,0,0,162.833808134102,240.185081663983,0,223.705816669619,0,151.036729364761,204.481117647118,67.8267069095267
0,0,0,192.693757128262,173.001559092555,120.567029282014,0,0,289.631679007608,0,0,0,0,0,0,137.189596148386,0,0,0,0,0,81.2827395071039,320.356811100276,213.67670887414,0,0,0,309.997227542691,66.5008477853491,0,0,139.93285932648,0,183.786860782462,133.218162784108,112.823430872325,72.2278283150671,195.314816908693,0,0,0
0,0,0,0,0,0,118.522099274347,231.050882209,0,104.369974912428,0,0,122.106946855269,114.649126378906,178.748963182352,180.543851962045,0,0,74.7304794244225,206.912707094411,146.814226519809,0,0,253.401634605989,0,190.185165668632,157.852515740516,95.7590805983148,241.635434294794,0,0,0,0,117.208001126138,0,74.4197823064597,124.853650664477,0,139.654362654449,220.901129804706,85.7623170715703
0,0,0,0,249.905610015455,0,0,0,0,0,0,122.106946855269,0,0,0,0,0,0,0,0,0,0,0,0,0,0,0,137.239127032733,171.230058197369,0,0,0,0,0,0,0,0,0,0,353.822894641502,241.682021696872
329.719143597451,0,0,0,0,0,145.74089716123,0,0,98.2230592632363,0,114.649126378906,0,0,0,0,0,0,104.915316975638,99.2646516363145,0,0,0,0,70.4221432298295,0,0,348.674510760064,194.442125915551,0,0,0,146.465927798921,0,0,0,163.059043292369,154.070293657878,0,113.059176128709,154.142998692322
0,186.348837226466,0,0,0,0,178.224497384947,146.99041817625,112.349934713559,0,0,178.748963182352,0,0,0,0,0,0,0,0,0,0,0,0,0,141.204637091722,0,165.597665022977,0,0,0,0,0,168.241326865882,142.054529471577,0,124.698445421759,180.90030328818,94.9380989123498,0,0
226.825099357786,0,0,0,0,0,0,0,0,0,137.189596148386,180.543851962045,0,0,0,0,0,0,0,0,0,0,153.672550905948,269.936825670274,0,90.7216186966914,90.1317194604647,0,345.797434674459,58.3493451392805,0,0,0,0,0,0,0,0,250.461724766314,62.859596780235,0
0,0,0,0,283.248188884028,113.144980278377,0,0,82.6299537488922,0,0,0,0,0,0,0,0,0,0,0,0,0,0,321.124897279917,0,0,0,0,284.529238481835,0,0,0,0,231.715271819474,78.8552325762656,71.5579325720569,101.443495235174,0,0,154.784755881607,0
0,169.453147353278,0,0,0,0,0,225.013371621378,0,222.053792850439,0,0,0,0,0,0,0,0,0,0,0,0,205.839960264176,0,0,94.7529894315991,160.530221557972,0,0,0,0,0,0,111.226326353722,0,0,321.864157986053,0,0,163.945208919892,0
0,306.640284138334,0,0,0,0,0,0,0,193.055010680236,0,74.7304794244225,0,104.915316975638,0,0,0,0,0,249.798812580765,173.201474590904,0,0,137.177378802006,0,0,151.695570509541,0,134.960780198024,0,0,0,0,0,181.316358113209,0,0,82.4756938751058,140.574866691684,0,0
0,0,0,135.294330067913,92.5207898118833,0,0,0,0,0,0,206.912707094411,0,99.2646516363145,0,0,0,0,249.798812580765,0,89.9429017381717,192.601533877686,103.519938150021,116.176698124939,135.667029391615,128.846764897717,125.994729980093,0,0,0,0,0,0,201.100640800745,143.005810983322,80.8080171296381,0,110.384905066973,192.135034768848,0,0
0,0,0,0,0,0,0,0,0,0,0,146.814226519809,0,0,0,0,0,0,173.201474590904,89.9429017381717,0,0,0,219.040656038919,0,0,0,108.136066660554,96.5937438588657,154.065933476765,0,0,164.032723165762,193.63278243493,114.511014214502,0,188.936291522747,0,212.592150359921,0,205.09013266389
0,0,0,0,0,325.937289045041,0,136.792307586862,0,161.302948562323,81.2827395071039,0,0,0,0,0,0,0,0,192.601533877686,0,0,0,0,0,0,0,224.551207449728,0,0,0,0,0,0,0,0,251.098274723989,0,0,0,111.435629183184
0,0,109.093416850988,0,0,218.045528847001,0,0,0,0,320.356811100276,0,0,0,0,153.672550905948,0,205.839960264176,0,103.519938150021,0,0,0,0,0,173.538155409849,0,89.707245288964,97.3506957544063,0,0,0,0,259.442917595754,197.893790332676,252.487290983309,96.7845769653343,0,187.77054666536,217.157696745803,0
0,0,0,0,0,0,0,306.344527664232,262.382215657622,89.1590885155172,213.67670887414,253.401634605989,0,0,0,269.936825670274,321.124897279917,0,137.177378802006,116.176698124939,219.040656038919,0,0,0,0,219.430938885781,261.440278806413,116.054372245433,0,0,0,146.770754374523,0,106.33736463831,0,160.537522273714,184.249961885477,74.5815074003433,0,80.4367166559625,0
0,0,0,0,0,0,161.74915061469,0,0,0,0,0,0,70.4221432298295,0,0,0,0,0,135.667029391615,0,0,0,0,0,0,101.895308036513,151.806152521152,193.777661225572,150.161410108805,0,0,259.055025639447,0,221.805809452716,0,0,0,0,241.57250333243,0
0,94.7280504127031,0,201.44584889478,0,171.906398392157,196.04190773555,82.6426202489162,0,0,0,190.185165668632,0,0,141.204637091722,90.7216186966914,0,94.7529894315991,0,128.846764897717,0,0,173.538155409849,219.430938885781,0,0,62.311273509377,128.530575464043,0,0,155.24952173131,172.608400267715,0,153.609372090384,0,0,211.840482897052,169.742003380707,0,165.893015276821,0
0,0,0,228.075434767255,0,0,0,200.878319874537,0,158.567996645797,0,157.852515740516,0,0,0,90.1317194604647,0,160.530221557972,151.695570509541,125.994729980093,0,0,0,261.440278806413,101.895308036513,62.311273509377,0,0,61.0664810463559,161.694997919804,247.66948903751,0,125.81518738273,0,161.325017232684,115.194491798135,261.605527103798,158.955087279859,0,0,100.812745974529
0,0,0,0,214.116367924649,232.945974238958,81.9664354533492,101.5853655613,172.892533368851,0,309.997227542691,95.7590805983148,137.239127032733,348.674510760064,165.597665022977,0,0,0,0,0,108.136066660554,224.551207449728,89.707245288964,116.054372245433,151.806152521152,128.530575464043,0,0,300.031143529538,136.685314494491,209.996727521564,228.792310020318,0,97.5855511246009,199.492852797962,120.912756812582,204.084074037941,177.763106506206,97.3232815600345,0,153.453047983244
0,0,0,0,236.681907140956,0,0,0,138.33942793804,198.528111506785,66.5008477853491,241.635434294794,171.230058197369,194.442125915551,0,345.797434674459,284.529238481835,0,134.960780198024,0,96.5937438588657,0,97.3506957544063,0,193.777661225572,0,61.0664810463559,300.031143529538,0,112.793316814908,0,0,0,242.790381480436,94.126460729827,71.4788760670054,0,0,0,333.645516435298,175.196329314064
0,0,101.350815329073,0,0,0,0,0,0,0,0,0,0,0,0,58.3493451392805,0,0,0,0,154.065933476765,0,0,0,150.161410108805,0,161.694997919804,136.685314494491,112.793316814908,0,0,89.3673883748406,0,93.4234866874731,0,0,98.6790043377568,0,335.371040201042,0,0
0,0,0,0,0,0,0,0,0,0,0,0,0,0,0,0,0,0,0,0,0,0,0,0,0,155.24952173131,247.66948903751,209.996727521564,0,0,0,0,0,0,193.659409924573,0,0,0,0,159.183173818572,99.3508940827211
92.5568465385234,0,0,215.611029055736,0,0,0,338.131802716296,0,0,139.93285932648,0,0,0,0,0,0,0,0,0,0,0,0,146.770754374523,0,172.608400267715,0,228.792310020318,0,89.3673883748406,0,0,0,0,0,0,151.01089327964,93.5029580098427,0,0,108.381749703452
0,0,0,0,0,0,0,0,0,0,0,0,0,146.465927798921,0,0,0,0,0,0,164.032723165762,0,0,0,259.055025639447,0,125.81518738273,0,0,0,0,0,0,0,0,0,283.88658203332,0,0,0,0
0,161.275817184598,174.013630695256,208.005106191961,186.973586461633,115.868441404982,0,276.620869034647,0,162.833808134102,183.786860782462,117.208001126138,0,0,168.241326865882,0,231.715271819474,111.226326353722,0,201.100640800745,193.63278243493,0,259.442917595754,106.33736463831,0,153.609372090384,0,97.5855511246009,242.790381480436,93.4234866874731,0,0,0,0,142.385058730083,238.934743274142,131.969743415579,255.441154257905,0,196.032358954952,323.781250289068
155.901486485736,197.486504603685,125.416941482916,106.926813611922,0,94.027247878695,0,87.8456058929559,0,240.185081663983,133.218162784108,0,0,0,142.054529471577,0,78.8552325762656,0,181.316358113209,143.005810983322,114.511014214502,0,197.893790332676,0,221.805809452716,0,161.325017232684,199.492852797962,94.126460729827,0,193.659409924573,0,0,142.385058730083,0,0,134.566479261133,224.523755099568,173.059382066957,227.504408813069,119.345624434514
0,101.85207633558,0,0,119.728129215699,0,180.355266595273,0,263.534399241887,0,112.823430872325,74.4197823064597,0,0,0,0,71.5579325720569,0,0,80.8080171296381,0,0,252.487290983309,160.537522273714,0,0,115.194491798135,120.912756812582,71.4788760670054,0,0,0,0,238.934743274142,0,0,138.425725342224,357.423078228283,151.075371308616,179.718364159796,280.376028997576
101.605593487621,0,0,178.683678585178,78.9559315574845,206.472608421747,188.851177466023,82.1742780037132,98.417953423071,223.705816669619,72.2278283150671,124.853650664477,0,163.059043292369,124.698445421759,0,101.443495235174,321.864157986053,0,0,188.936291522747,251.098274723989,96.7845769653343,184.249961885477,0,211.840482897052,261.605527103798,204.084074037941,0,98.6790043377568,0,151.01089327964,283.88658203332,131.969743415579,134.566479261133,138.425725342224,0,198.964527389285,0,195.822649557859,153.876396855887
0,0,0,85.6072705949986,219.078548227669,148.808626413748,167.066576495979,205.183249704085,195.378266313867,0,195.314816908693,0,0,154.070293657878,180.90030328818,0,0,0,82.4756938751058,110.384905066973,0,0,0,74.5815074003433,0,169.742003380707,158.955087279859,177.763106506206,0,0,0,93.5029580098427,0,255.441154257905,224.523755099568,357.423078228283,198.964527389285,0,0,0,0
0,0,0,0,0,0,0,76.5072790361762,0,151.036729364761,0,139.654362654449,0,0,94.9380989123498,250.461724766314,0,0,140.574866691684,192.135034768848,212.592150359921,0,187.77054666536,0,0,0,0,97.3232815600345,0,335.371040201042,0,0,0,0,173.059382066957,151.075371308616,0,0,0,92.3502314520023,115.541295036174
0,0,314.611698427915,0,303.527509149359,115.332064605654,191.519780382943,73.4795582048751,220.963068032256,204.481117647118,0,220.901129804706,353.822894641502,113.059176128709,0,62.859596780235,154.784755881607,163.945208919892,0,0,0,0,217.157696745803,80.4367166559625,241.57250333243,165.893015276821,0,0,333.645516435298,0,159.183173818572,0,0,196.032358954952,227.504408813069,179.718364159796,195.822649557859,0,92.3502314520023,0,347.376449530863
0,0,0,139.792601838991,202.712457066107,73.1029054543569,0,106.128596538706,0,67.8267069095267,0,85.7623170715703,241.682021696872,154.142998692322,0,0,0,0,0,0,205.09013266389,111.435629183184,0,0,0,0,100.812745974529,153.453047983244,175.196329314064,0,99.3508940827211,108.381749703452,0,323.781250289068,119.345624434514,280.376028997576,153.876396855887,0,115.541295036174,347.376449530863,0
