0,0,0,0,0,0,0,0,0,0,0,0,0,0,0,0,0,0,85.7623170715703,0,0,0,0,0,0,0,208.005106191961,188.851177466023,0,0,0,0,0,0,0,0,205.09013266389,0,82.6299537488922,323.781250289068,0
0,0,0,0,0,0,0,0,141.204637091722,193.63278243493,0,0,0,0,0,0,0,0,0,0,0,0,0,0,0,0,0,66.5008477853491,173.001559092555,0,0,0,0,87.8456058929559,0,0,165.893015276821,0,0,228.792310020318,0
0,0,0,0,0,0,0,0,0,0,0,0,0,0,128.530575464043,0,0,0,0,0,0,0,0,0,0,89.9429017381717,0,0,0,81.2827395071039,0,0,303.527509149359,0,142.385058730083,0,0,0,0,0,0
0,0,0,0,194.442125915551,192.135034768848,213.67670887414,151.806152521152,0,0,0,186.348837226466,0,73.1029054543569,0,0,0,0,0,188.936291522747,0,0,240.185081663983,249.798812580765,0,0,249.905610015455,0,0,0,0,0,0,0,0,112.793316814908,0,0,135.294330067913,0,195.822649557859
0,0,0,194.442125915551,0,0,0,0,0,95.7590805983148,0,0,0,0,0,0,0,73.4795582048751,0,0,116.054372245433,212.592150359921,0,0,0,0,262.382215657622,205.839960264176,89.1590885155172,0,163.059043292369,0,0,113.144980278377,82.4756938751058,155.24952173131,0,0,0,335.371040201042,202.712457066107
0,0,0,192.135034768848,0,0,0,0,0,0,347.376449530863,306.640284138334,0,0,97.3232815600345,0,300.031143529538,0,0,0,0,0,0,0,110.384905066973,195.314816908693,0,101.350815329073,0,0,0,276.620869034647,0,0,192.693757128262,128.405764333981,219.430938885781,151.075371308616,0,113.059176128709,0
0,0,0,213.67670887414,0,0,0,94.126460729827,0,0,139.654362654449,353.822894641502,0,0,0,0,0,0,0,209.996727521564,0,0,153.876396855887,184.249961885477,0,0,120.567029282014,232.945974238958,0,0,0,0,0,146.770754374523,80.4367166559625,0,98.6790043377568,0,0,0,220.963068032256
0,0,0,151.806152521152,0,0,94.126460729827,0,325.937289045041,0,93.4234866874731,180.543851962045,0,104.915316975638,0,171.230058197369,0,0,0,115.194491798135,0,0,228.075434767255,0,0,108.136066660554,0,80.8080171296381,0,0,0,97.3506957544063,0,161.275817184598,0,124.698445421759,0,206.912707094411,0,224.551207449728,0
0,141.204637091722,0,0,0,0,0,325.937289045041,0,161.74915061469,0,134.566479261133,0,0,0,0,0,0,0,0,0,0,306.344527664232,82.1742780037132,0,0,0,204.481117647118,0,0,0,0,0,81.9664354533492,143.005810983322,0,329.719143597451,0,0,205.183249704085,0
0,193.63278243493,0,0,95.7590805983148,0,0,0,161.74915061469,0,193.055010680236,0,0,161.694997919804,221.805809452716,0,0,0,0,138.425725342224,133.984214699576,0,0,195.378266313867,115.541295036174,0,158.955087279859,101.895308036513,225.013371621378,0,0,0,0,154.070293657878,158.567996645797,0,259.055025639447,155.901486485736,0,74.4197823064597,0
0,0,0,0,0,347.376449530863,139.654362654449,93.4234866874731,0,193.055010680236,0,0,0,0,115.114253591495,0,0,0,172.892533368851,142.054529471577,220.901129804706,0,0,0,0,200.878319874537,0,0,231.715271819474,0,0,172.608400267715,0,0,82.6426202489162,125.994729980093,0,0,178.748963182352,89.707245288964,186.973586461633
0,0,0,186.348837226466,0,306.640284138334,353.822894641502,180.543851962045,134.566479261133,0,0,0,0,0,0,96.7845769653343,104.369974912428,145.74089716123,345.797434674459,0,148.808626413748,0,125.81518738273,109.093416850988,96.5937438588657,165.597665022977,161.325017232684,0,101.85207633558,0,0,0,0,259.442917595754,108.381749703452,164.032723165762,94.9380989123498,76.5072790361762,0,0,0
0,0,0,0,0,0,0,0,0,0,0,0,0,0,90.7216186966914,0,0,0,0,0,0,0,0,321.864157986053,0,0,217.157696745803,0,0,0,0,0,0,0,238.934743274142,0,99.3508940827211,0,0,226.825099357786,0
0,0,0,73.1029054543569,0,0,0,104.915316975638,0,161.694997919804,0,0,0,0,0,0,0,0,0,94.8881692391942,98.2230592632363,0,0,139.93285932648,0,0,183.786860782462,150.161410108805,242.790381480436,0,0,0,0,0,146.465927798921,222.053792850439,219.078548227669,190.185165668632,0,0,112.823430872325
0,0,128.530575464043,0,0,97.3232815600345,0,0,0,221.805809452716,115.114253591495,0,90.7216186966914,0,0,0,0,0,0,0,0,0,0,101.443495235174,0,0,247.66948903751,89.3673883748406,0,0,0,0,0,250.461724766314,62.311273509377,0,0,0,140.574866691684,0,357.423078228283
0,0,0,0,0,0,0,171.230058197369,0,0,0,96.7845769653343,0,0,0,0,0,0,0,0,71.4788760670054,0,114.511014214502,0,0,167.066576495979,0,0,61.0664810463559,0,0,0,0,160.530221557972,0,0,101.5853655613,289.631679007608,115.871357769661,0,201.44584889478
0,0,0,0,0,300.031143529538,0,0,0,0,0,104.369974912428,0,0,0,0,0,0,111.226326353722,0,0,0,153.609372090384,348.674510760064,0,0,0,72.2278283150671,90.1317194604647,0,0,0,0,157.852515740516,100.812745974529,169.453147353278,0,0,0,0,0
0,0,0,0,73.4795582048751,0,0,0,0,0,0,145.74089716123,0,0,0,0,0,0,0,0,0,173.059382066957,0,0,0,333.645516435298,180.355266595273,106.33736463831,0,0,0,98.417953423071,0,137.189596148386,0,0,112.349934713559,0,0,0,0
85.7623170715703,0,0,0,0,0,0,0,0,0,172.892533368851,345.797434674459,0,0,0,0,111.226326353722,0,0,283.88658203332,0,0,0,0,0,0,0,136.685314494491,103.519938150021,0,0,0,0,146.814226519809,0,118.522099274347,163.945208919892,0,0,283.248188884028,117.208001126138
0,0,0,188.936291522747,0,0,209.996727521564,115.194491798135,0,138.425725342224,142.054529471577,0,0,94.8881692391942,0,0,0,0,283.88658203332,0,174.013630695256,0,0,197.486504603685,0,0,0,284.529238481835,0,168.241326865882,0,0,0,84.3635741045246,255.441154257905,199.492852797962,219.040656038919,137.177378802006,0,128.846764897717,0
0,0,0,0,116.054372245433,0,0,0,0,133.984214699576,220.901129804706,148.808626413748,0,98.2230592632363,0,71.4788760670054,0,0,0,174.013630695256,0,0,134.960780198024,0,0,0,0,0,0,0,0,0,114.649126378906,181.316358113209,0,0,201.100640800745,0,204.084074037941,179.718364159796,0
0,0,0,0,212.592150359921,0,0,0,0,0,0,0,0,0,0,0,0,173.059382066957,0,0,0,0,0,0,0,214.116367924649,0,0,241.635434294794,0,0,338.131802716296,0,0,0,0,161.302948562323,193.659409924573,153.453047983244,0,0
0,0,0,240.185081663983,0,0,153.876396855887,228.075434767255,306.344527664232,0,0,125.81518738273,0,0,0,114.511014214502,153.609372090384,0,0,0,134.960780198024,0,0,0,269.936825670274,0,106.533627130087,101.605593487621,0,0,0,0,0,263.534399241887,62.859596780235,0,151.01089327964,0,0,197.893790332676,0
0,0,0,249.798812580765,0,0,184.249961885477,0,82.1742780037132,195.378266313867,0,109.093416850988,321.864157986053,139.93285932648,101.443495235174,0,348.674510760064,0,0,197.486504603685,0,0,0,0,97.5855511246009,0,0,0,321.124897279917,0,0,198.964527389285,0,175.196329314064,309.997227542691,138.33942793804,78.8552325762656,0,0,122.106946855269,196.04190773555
0,0,0,0,0,110.384905066973,0,0,0,115.541295036174,0,96.5937438588657,0,0,0,0,0,0,0,0,0,0,269.936825670274,97.5855511246009,0,0,0,0,0,136.792307586862,0,0,0,0,125.416941482916,0,0,0,154.142998692322,119.345624434514,280.376028997576
0,0,89.9429017381717,0,0,195.314816908693,0,108.136066660554,0,0,200.878319874537,165.597665022977,0,0,0,167.066576495979,0,333.645516435298,0,0,0,214.116367924649,0,0,0,0,137.239127032733,198.528111506785,0,99.2646516363145,206.472608421747,241.682021696872,0,154.065933476765,93.5029580098427,94.7280504127031,106.128596538706,58.3493451392805,0,115.868441404982,196.032358954952
208.005106191961,0,0,249.905610015455,262.382215657622,0,120.567029282014,0,0,158.955087279859,0,161.325017232684,217.157696745803,183.786860782462,247.66948903751,0,0,180.355266595273,0,0,0,0,106.533627130087,0,0,137.239127032733,0,160.537522273714,159.183173818572,67.8267069095267,71.5579325720569,0,0,0,115.332064605654,74.5815074003433,92.5568465385234,180.90030328818,0,0,0
188.851177466023,66.5008477853491,0,0,205.839960264176,101.350815329073,232.945974238958,80.8080171296381,204.481117647118,101.895308036513,0,0,0,150.161410108805,89.3673883748406,0,72.2278283150671,106.33736463831,136.685314494491,284.529238481835,0,0,101.605593487621,0,0,198.528111506785,160.537522273714,0,151.036729364761,119.728129215699,74.7304794244225,0,0,173.201474590904,135.667029391615,191.519780382943,224.523755099568,151.695570509541,153.672550905948,0,231.050882209
0,173.001559092555,0,0,89.1590885155172,0,0,0,0,225.013371621378,231.715271819474,101.85207633558,0,242.790381480436,0,61.0664810463559,90.1317194604647,0,103.519938150021,0,0,241.635434294794,0,321.124897279917,0,0,159.183173818572,151.036729364761,0,0,0,0,0,106.926813611922,94.7529894315991,139.792601838991,193.777661225572,178.224497384947,85.6072705949986,215.611029055736,173.538155409849
0,0,81.2827395071039,0,0,0,0,0,0,0,0,0,0,0,0,0,0,0,0,168.241326865882,0,0,0,0,136.792307586862,99.2646516363145,67.8267069095267,119.728129215699,0,0,0,192.601533877686,0,146.99041817625,0,0,187.77054666536,133.218162784108,0,314.611698427915,0
0,0,0,0,163.059043292369,0,0,0,0,0,0,0,0,0,0,0,0,0,0,0,0,0,0,0,0,206.472608421747,71.5579325720569,74.7304794244225,0,0,0,0,0,0,0,0,0,0,0,162.833808134102,94.027247878695
0,0,0,0,0,276.620869034647,0,97.3506957544063,0,0,172.608400267715,0,0,0,0,0,0,98.417953423071,0,0,0,338.131802716296,0,198.964527389285,0,241.682021696872,0,0,0,192.601533877686,0,0,0,0,0,0,75.4497121078207,92.5207898118833,227.504408813069,0,0
0,0,303.527509149359,0,0,0,0,0,0,0,0,0,0,0,0,0,0,0,0,0,114.649126378906,0,0,0,0,0,0,0,0,0,0,0,0,241.57250333243,320.356811100276,0,0,0,0,0,223.705816669619
0,87.8456058929559,0,0,113.144980278377,0,146.770754374523,161.275817184598,81.9664354533492,154.070293657878,0,259.442917595754,0,0,250.461724766314,160.530221557972,157.852515740516,137.189596148386,146.814226519809,84.3635741045246,181.316358113209,0,263.534399241887,175.196329314064,0,154.065933476765,0,173.201474590904,106.926813611922,146.99041817625,0,0,241.57250333243,0,0,0,252.487290983309,211.840482897052,111.435629183184,253.401634605989,251.098274723989
0,0,142.385058730083,0,82.4756938751058,192.693757128262,80.4367166559625,0,143.005810983322,158.567996645797,82.6426202489162,108.381749703452,238.934743274142,146.465927798921,62.311273509377,0,100.812745974529,0,0,255.441154257905,0,0,62.859596780235,309.997227542691,125.416941482916,93.5029580098427,115.332064605654,135.667029391615,94.7529894315991,0,0,0,320.356811100276,0,0,0,92.3502314520023,178.683678585178,0,171.906398392157,236.681907140956
0,0,0,112.793316814908,155.24952173131,128.405764333981,0,124.698445421759,0,0,125.994729980093,164.032723165762,0,222.053792850439,0,0,169.453147353278,0,118.522099274347,199.492852797962,0,0,0,138.33942793804,0,94.7280504127031,74.5815074003433,191.519780382943,139.792601838991,0,0,0,0,0,0,0,218.045528847001,261.605527103798,0,70.4221432298295,261.440278806413
205.09013266389,165.893015276821,0,0,0,219.430938885781,98.6790043377568,0,329.719143597451,259.055025639447,0,94.9380989123498,99.3508940827211,219.078548227669,0,101.5853655613,0,112.349934713559,163.945208919892,219.040656038919,201.100640800745,161.302948562323,151.01089327964,78.8552325762656,0,106.128596538706,92.5568465385234,224.523755099568,193.777661225572,187.77054666536,0,75.4497121078207,0,252.487290983309,92.3502314520023,218.045528847001,0,177.763106506206,169.742003380707,78.9559315574845,120.912756812582
0,0,0,0,0,151.075371308616,0,206.912707094411,0,155.901486485736,0,76.5072790361762,0,190.185165668632,0,289.631679007608,0,0,0,137.177378802006,0,193.659409924573,0,0,0,58.3493451392805,180.90030328818,151.695570509541,178.224497384947,133.218162784108,0,92.5207898118833,0,211.840482897052,178.683678585178,261.605527103798,177.763106506206,0,0,124.853650664477,154.784755881607
82.6299537488922,0,0,135.294330067913,0,0,0,0,0,0,178.748963182352,0,0,0,140.574866691684,115.871357769661,0,0,0,0,204.084074037941,153.453047983244,0,0,154.142998692322,0,0,153.672550905948,85.6072705949986,0,0,227.504408813069,0,111.435629183184,0,0,169.742003380707,0,0,116.176698124939,131.969743415579
323.781250289068,228.792310020318,0,0,335.371040201042,113.059176128709,0,224.551207449728,205.183249704085,74.4197823064597,89.707245288964,0,226.825099357786,0,0,0,0,0,283.248188884028,128.846764897717,179.718364159796,0,197.893790332676,122.106946855269,119.345624434514,115.868441404982,0,0,215.611029055736,314.611698427915,162.833808134102,0,0,253.401634605989,171.906398392157,70.4221432298295,78.9559315574845,124.853650664477,116.176698124939,0,0
0,0,0,195.822649557859,202.712457066107,0,220.963068032256,0,0,0,186.973586461633,0,0,112.823430872325,357.423078228283,201.44584889478,0,0,117.208001126138,0,0,0,0,196.04190773555,280.376028997576,196.032358954952,0,231.050882209,173.538155409849,0,94.027247878695,0,223.705816669619,251.098274723989,236.681907140956,261.440278806413,120.912756812582,154.784755881607,131.969743415579,0,0
