0,0,0,0,137.239127032733,0,0,0,0,0,0,0,0,0,0,0,0,0,0,0,0,0,0,0,94.7280504127031,0,0,115.868441404982,101.350815329073,0,0,0,0,321.864157986053,347.376449530863,0,0,0,0,0,0
0,0,133.218162784108,300.031143529538,0,0,0,0,0,0,98.6790043377568,0,0,0,0,0,0,0,111.435629183184,0,0,0,0,0,0,151.075371308616,0,0,0,0,0,0,0,108.381749703452,0,0,115.114253591495,0,0,0,0
0,133.218162784108,0,0,0,0,0,0,0,0,0,283.248188884028,0,94.027247878695,0,0,0,0,0,0,0,0,0,0,0,0,0,173.001559092555,0,0,0,0,0,0,0,0,0,0,0,0,306.640284138334
0,300.031143529538,0,0,0,0,259.442917595754,0,0,0,93.5029580098427,0,0,151.695570509541,0,0,0,0,208.005106191961,101.443495235174,70.4221432298295,0,169.742003380707,89.9429017381717,0,0,0,0,0,0,0,280.376028997576,0,0,0,0,193.777661225572,0,0,108.136066660554,89.3673883748406
137.239127032733,0,0,0,0,0,0,0,0,135.667029391615,93.4234866874731,138.33942793804,0,133.984214699576,0,0,0,0,0,0,0,0,0,146.770754374523,0,0,219.430938885781,161.74915061469,0,0,0,0,0,242.790381480436,161.694997919804,0,118.522099274347,173.201474590904,165.597665022977,219.040656038919,0
0,0,0,0,0,0,205.839960264176,95.7590805983148,177.763106506206,338.131802716296,0,0,0,261.440278806413,231.715271819474,0,201.44584889478,0,0,0,0,0,0,0,0,117.208001126138,0,143.005810983322,62.311273509377,0,0,0,0,0,89.1590885155172,125.81518738273,116.054372245433,92.5568465385234,0,0,0
0,0,0,259.442917595754,0,205.839960264176,0,0,0,0,80.4367166559625,0,0,0,0,76.5072790361762,0,0,0,0,0,269.936825670274,112.793316814908,155.901486485736,0,101.5853655613,0,0,84.3635741045246,0,0,0,0,0,0,122.106946855269,80.8080171296381,0,0,96.7845769653343,205.183249704085
0,0,0,0,0,95.7590805983148,0,0,0,0,0,137.177378802006,0,0,0,0,0,124.853650664477,165.893015276821,0,159.183173818572,0,206.472608421747,0,0,0,192.693757128262,115.541295036174,180.90030328818,0,0,211.840482897052,0,220.963068032256,153.672550905948,81.2827395071039,104.915316975638,153.453047983244,94.126460729827,0,0
0,0,0,0,0,177.763106506206,0,0,0,321.124897279917,0,0,0,0,0,0,0,0,0,249.798812580765,0,0,136.685314494491,167.066576495979,0,0,249.905610015455,72.2278283150671,0,0,124.698445421759,0,0,0,155.24952173131,0,97.5855511246009,303.527509149359,0,0,0
0,0,0,0,135.667029391615,338.131802716296,0,0,321.124897279917,0,74.5815074003433,97.3232815600345,0,139.792601838991,0,0,0,0,94.7529894315991,0,115.332064605654,0,71.5579325720569,0,0,222.053792850439,174.013630695256,101.85207633558,0,94.8881692391942,323.781250289068,0,0,0,66.5008477853491,198.528111506785,0,0,0,119.728129215699,226.825099357786
0,98.6790043377568,0,93.5029580098427,93.4234866874731,0,80.4367166559625,0,0,74.5815074003433,0,0,0,90.1317194604647,0,0,178.683678585178,0,112.823430872325,106.128596538706,0,0,0,161.302948562323,0,0,96.5937438588657,125.416941482916,99.3508940827211,0,0,0,0,0,0,0,241.682021696872,206.912707094411,0,0,250.461724766314
0,0,283.248188884028,0,138.33942793804,0,0,137.177378802006,0,97.3232815600345,0,0,0,0,0,204.481117647118,0,0,0,348.674510760064,0,128.530575464043,0,314.611698427915,0,180.543851962045,151.806152521152,183.786860782462,82.1742780037132,154.070293657878,0,0,169.453147353278,173.538155409849,0,89.707245288964,153.609372090384,345.797434674459,192.135034768848,199.492852797962,241.635434294794
0,0,0,0,0,0,0,0,0,0,0,0,0,0,0,0,0,0,0,0,0,0,0,236.681907140956,128.405764333981,0,0,0,0,0,0,0,0,139.93285932648,154.784755881607,0,0,212.592150359921,111.226326353722,0,0
0,0,94.027247878695,151.695570509541,133.984214699576,261.440278806413,0,0,0,139.792601838991,90.1317194604647,0,0,0,0,0,0,193.055010680236,0,0,0,0,173.059382066957,180.355266595273,0,0,134.960780198024,0,98.2230592632363,101.895308036513,0,0,0,0,0,0,197.893790332676,0,0,0,112.349934713559
0,0,0,0,0,231.715271819474,0,0,0,0,0,0,0,0,0,0,134.566479261133,0,0,114.649126378906,137.189596148386,0,0,0,0,231.050882209,192.601533877686,71.4788760670054,141.204637091722,0,0,0,0,188.851177466023,0,0,261.605527103798,353.822894641502,0,0,171.230058197369
0,0,0,0,0,0,76.5072790361762,0,0,0,0,204.481117647118,0,0,0,0,157.852515740516,0,0,0,289.631679007608,0,0,0,0,188.936291522747,0,172.892533368851,0,0,0,135.294330067913,0,0,357.423078228283,0,0,220.901129804706,74.7304794244225,217.157696745803,0
0,0,0,0,0,201.44584889478,0,0,0,0,178.683678585178,0,0,0,134.566479261133,157.852515740516,0,0,0,103.519938150021,0,0,0,0,0,276.620869034647,0,0,195.822649557859,0,0,0,0,168.241326865882,82.6299537488922,0,128.846764897717,0,0,0,0
0,0,0,0,0,0,0,124.853650664477,0,0,0,0,0,193.055010680236,0,0,0,0,0,161.275817184598,223.705816669619,0,113.144980278377,0,0,0,218.045528847001,0,131.969743415579,0,0,0,0,154.065933476765,0,0,0,0,0,153.876396855887,0
0,111.435629183184,0,208.005106191961,0,0,0,165.893015276821,0,94.7529894315991,112.823430872325,0,0,0,0,0,0,0,0,0,0,0,0,221.805809452716,0,0,0,0,142.054529471577,0,0,0,0,253.401634605989,227.504408813069,0,150.161410108805,0,0,78.8552325762656,178.224497384947
0,0,0,101.443495235174,0,0,0,0,249.798812580765,0,106.128596538706,348.674510760064,0,0,114.649126378906,0,103.519938150021,161.275817184598,0,0,0,0,172.608400267715,99.2646516363145,0,0,58.3493451392805,115.871357769661,0,90.7216186966914,0,0,0,0,78.9559315574845,213.67670887414,283.88658203332,238.934743274142,0,186.348837226466,0
0,0,0,70.4221432298295,0,0,0,159.183173818572,0,115.332064605654,0,0,0,0,137.189596148386,289.631679007608,0,223.705816669619,0,0,0,0,82.4756938751058,0,0,0,0,325.937289045041,0,0,0,0,0,97.3506957544063,247.66948903751,259.055025639447,154.142998692322,0,0,196.04190773555,0
0,0,0,0,0,0,269.936825670274,0,0,0,0,128.530575464043,0,0,0,0,0,0,0,0,0,0,0,187.77054666536,0,109.093416850988,0,104.369974912428,98.417953423071,0,0,0,0,0,106.533627130087,0,0,0,0,171.906398392157,0
0,0,0,169.742003380707,0,0,112.793316814908,206.472608421747,136.685314494491,71.5579325720569,0,0,0,173.059382066957,0,0,0,113.144980278377,0,172.608400267715,82.4756938751058,0,0,0,0,0,0,0,0,0,0,0,0,115.194491798135,158.955087279859,181.316358113209,198.964527389285,0,0,329.719143597451,309.997227542691
0,0,0,89.9429017381717,146.770754374523,0,155.901486485736,0,167.066576495979,0,161.302948562323,314.611698427915,236.681907140956,180.355266595273,0,0,0,0,221.805809452716,99.2646516363145,0,187.77054666536,0,0,0,209.996727521564,0,161.325017232684,224.551207449728,284.529238481835,0,0,0,219.078548227669,73.4795582048751,0,87.8456058929559,0,0,0,110.384905066973
94.7280504127031,0,0,0,0,0,0,0,0,0,0,0,128.405764333981,0,0,0,0,0,0,0,0,0,0,0,0,0,61.0664810463559,0,0,0,0,113.059176128709,0,75.4497121078207,148.808626413748,120.567029282014,263.534399241887,0,116.176698124939,0,193.63278243493
0,151.075371308616,0,0,0,117.208001126138,101.5853655613,0,0,222.053792850439,0,180.543851962045,0,0,231.050882209,188.936291522747,276.620869034647,0,0,0,0,109.093416850988,0,209.996727521564,0,0,163.059043292369,178.748963182352,0,333.645516435298,0,196.032358954952,0,145.74089716123,306.344527664232,0,85.6072705949986,252.487290983309,101.605593487621,162.833808134102,0
0,0,0,0,219.430938885781,0,0,192.693757128262,249.905610015455,174.013630695256,96.5937438588657,151.806152521152,0,134.960780198024,192.601533877686,0,0,218.045528847001,0,58.3493451392805,0,0,0,0,61.0664810463559,163.059043292369,0,100.812745974529,0,0,0,0,0,142.385058730083,158.567996645797,0,201.100640800745,197.486504603685,106.33736463831,195.378266313867,114.511014214502
115.868441404982,0,173.001559092555,0,161.74915061469,143.005810983322,0,115.541295036174,72.2278283150671,101.85207633558,125.416941482916,183.786860782462,0,0,71.4788760670054,172.892533368851,0,0,0,115.871357769661,325.937289045041,104.369974912428,0,161.325017232684,0,178.748963182352,100.812745974529,0,146.465927798921,0,125.994729980093,0,92.3502314520023,224.523755099568,200.878319874537,320.356811100276,146.99041817625,74.4197823064597,151.036729364761,160.530221557972,0
101.350815329073,0,0,0,0,62.311273509377,84.3635741045246,180.90030328818,0,0,99.3508940827211,82.1742780037132,0,98.2230592632363,141.204637091722,0,195.822649557859,131.969743415579,142.054529471577,0,0,98.417953423071,0,224.551207449728,0,0,0,146.465927798921,0,0,119.345624434514,0,0,136.792307586862,190.185165668632,85.7623170715703,0,164.032723165762,139.654362654449,0,228.792310020318
0,0,0,0,0,0,0,0,0,94.8881692391942,0,154.070293657878,0,101.895308036513,0,0,0,0,0,90.7216186966914,0,0,0,284.529238481835,0,333.645516435298,0,0,0,0,0,0,0,160.537522273714,0,205.09013266389,215.611029055736,0,202.712457066107,92.5207898118833,0
0,0,0,0,0,0,0,0,124.698445421759,323.781250289068,0,0,0,0,0,0,0,0,0,0,0,0,0,0,0,0,0,125.994729980093,119.345624434514,0,0,0,0,0,0,0,194.442125915551,0,0,62.859596780235,0
0,0,0,280.376028997576,0,0,0,211.840482897052,0,0,0,0,0,0,0,135.294330067913,0,0,0,0,0,0,0,0,113.059176128709,196.032358954952,0,0,0,0,0,0,0,241.57250333243,232.945974238958,0,73.1029054543569,0,225.013371621378,140.574866691684,179.718364159796
0,0,0,0,0,0,0,0,0,0,0,169.453147353278,0,0,0,0,0,0,0,0,0,0,0,0,0,0,0,92.3502314520023,0,0,0,0,0,0,0,0,184.249961885477,175.196329314064,193.659409924573,0,0
321.864157986053,108.381749703452,0,0,242.790381480436,0,0,220.963068032256,0,0,0,173.538155409849,139.93285932648,0,188.851177466023,0,168.241326865882,154.065933476765,253.401634605989,0,97.3506957544063,0,115.194491798135,219.078548227669,75.4497121078207,145.74089716123,142.385058730083,224.523755099568,136.792307586862,160.537522273714,0,241.57250333243,0,0,151.01089327964,251.098274723989,195.314816908693,228.075434767255,0,120.912756812582,335.371040201042
347.376449530863,0,0,0,161.694997919804,89.1590885155172,0,153.672550905948,155.24952173131,66.5008477853491,0,0,154.784755881607,0,0,357.423078228283,82.6299537488922,0,227.504408813069,78.9559315574845,247.66948903751,106.533627130087,158.955087279859,73.4795582048751,148.808626413748,306.344527664232,158.567996645797,200.878319874537,190.185165668632,0,0,232.945974238958,0,151.01089327964,0,94.9380989123498,0,0,0,186.973586461633,146.814226519809
0,0,0,0,0,125.81518738273,122.106946855269,81.2827395071039,0,198.528111506785,0,89.707245288964,0,0,0,0,0,0,0,213.67670887414,259.055025639447,0,181.316358113209,0,120.567029282014,0,0,320.356811100276,85.7623170715703,205.09013266389,0,0,0,251.098274723989,94.9380989123498,0,67.8267069095267,262.382215657622,255.441154257905,138.425725342224,191.519780382943
0,115.114253591495,0,193.777661225572,118.522099274347,116.054372245433,80.8080171296381,104.915316975638,97.5855511246009,0,241.682021696872,153.609372090384,0,197.893790332676,261.605527103798,0,128.846764897717,0,150.161410108805,283.88658203332,154.142998692322,0,198.964527389285,87.8456058929559,263.534399241887,85.6072705949986,201.100640800745,146.99041817625,0,215.611029055736,194.442125915551,73.1029054543569,184.249961885477,195.314816908693,0,67.8267069095267,0,163.945208919892,0,82.6426202489162,204.084074037941
0,0,0,0,173.201474590904,92.5568465385234,0,153.453047983244,303.527509149359,0,206.912707094411,345.797434674459,212.592150359921,0,353.822894641502,220.901129804706,0,0,0,238.934743274142,0,0,0,0,0,252.487290983309,197.486504603685,74.4197823064597,164.032723165762,0,0,0,175.196329314064,228.075434767255,0,262.382215657622,163.945208919892,0,0,81.9664354533492,240.185081663983
0,0,0,0,165.597665022977,0,0,94.126460729827,0,0,0,192.135034768848,111.226326353722,0,0,74.7304794244225,0,0,0,0,0,0,0,0,116.176698124939,101.605593487621,106.33736463831,151.036729364761,139.654362654449,202.712457066107,0,225.013371621378,193.659409924573,0,0,255.441154257905,0,0,0,214.116367924649,0
0,0,0,108.136066660554,219.040656038919,0,96.7845769653343,0,0,119.728129215699,0,199.492852797962,0,0,0,217.157696745803,0,153.876396855887,78.8552325762656,186.348837226466,196.04190773555,171.906398392157,329.719143597451,0,0,162.833808134102,195.378266313867,160.530221557972,0,92.5207898118833,62.859596780235,140.574866691684,0,120.912756812582,186.973586461633,138.425725342224,82.6426202489162,81.9664354533492,214.116367924649,0,106.926813611922
0,0,306.640284138334,89.3673883748406,0,0,205.183249704085,0,0,226.825099357786,250.461724766314,241.635434294794,0,112.349934713559,171.230058197369,0,0,0,178.224497384947,0,0,0,309.997227542691,110.384905066973,193.63278243493,0,114.511014214502,0,228.792310020318,0,0,179.718364159796,0,335.371040201042,146.814226519809,191.519780382943,204.084074037941,240.185081663983,0,106.926813611922,0
