0,0,0,0,0,0,0,0,0,0,0,0,0,0,0,0,0,0,115.871357769661,0,0,0,0,0,0,0,231.715271819474,263.534399241887,0,0,0,0,0,0,283.248188884028,0,138.33942793804,0,0,192.135034768848,0
0,0,0,115.868441404982,0,0,0,169.453147353278,0,0,0,0,0,0,0,124.853650664477,219.078548227669,0,0,0,0,0,0,0,0,0,0,0,0,0,0,0,314.611698427915,0,0,0,249.905610015455,0,0,0,247.66948903751
0,0,0,0,163.059043292369,0,112.793316814908,0,0,172.892533368851,0,0,0,0,168.241326865882,0,0,0,0,195.314816908693,0,0,0,0,0,0,0,0,0,0,0,0,0,0,0,0,0,0,0,0,0
0,115.868441404982,0,0,154.065933476765,0,0,0,0,157.852515740516,114.511014214502,0,0,71.4788760670054,0,78.9559315574845,0,0,0,101.605593487621,0,0,0,0,0,280.376028997576,0,90.1317194604647,0,0,0,75.4497121078207,0,93.5029580098427,0,122.106946855269,338.131802716296,0,0,0,0
0,0,163.059043292369,154.065933476765,0,0,0,145.74089716123,0,0,0,0,0,0,236.681907140956,0,0,0,215.611029055736,221.805809452716,155.901486485736,0,0,0,0,153.609372090384,0,110.384905066973,0,0,108.136066660554,0,0,0,161.694997919804,181.316358113209,154.070293657878,0,0,183.786860782462,0
0,0,0,0,0,0,0,0,329.719143597451,0,202.712457066107,96.5937438588657,0,0,0,0,0,0,0,0,97.3232815600345,135.667029391615,0,197.893790332676,161.74915061469,269.936825670274,0,0,0,0,0,0,0,173.059382066957,333.645516435298,0,97.3506957544063,174.013630695256,178.224497384947,0,103.519938150021
0,0,112.793316814908,0,0,0,0,89.9429017381717,0,0,94.7529894315991,228.075434767255,0,162.833808134102,0,0,0,0,125.81518738273,0,0,0,0,0,0,222.053792850439,0,160.530221557972,0,0,0,0,0,201.44584889478,0,139.93285932648,195.822649557859,84.3635741045246,0,94.8881692391942,0
0,169.453147353278,0,0,145.74089716123,0,89.9429017381717,0,0,0,179.718364159796,357.423078228283,0,0,0,0,0,0,0,353.822894641502,0,0,0,0,232.945974238958,0,206.472608421747,104.369974912428,192.693757128262,178.748963182352,0,80.4367166559625,0,0,196.04190773555,186.973586461633,61.0664810463559,0,0,151.036729364761,0
0,0,0,0,0,329.719143597451,0,0,0,0,137.189596148386,0,0,0,0,0,345.797434674459,0,0,211.840482897052,0,0,0,0,0,116.176698124939,139.792601838991,136.792307586862,94.126460729827,0,0,0,0,128.530575464043,0,171.230058197369,113.059176128709,0,0,0,0
0,0,172.892533368851,157.852515740516,0,0,0,0,0,0,0,71.5579325720569,261.605527103798,0,0,0,0,0,0,165.597665022977,0,98.2230592632363,113.144980278377,146.770754374523,0,118.522099274347,0,303.527509149359,241.635434294794,0,0,67.8267069095267,0,138.425725342224,73.1029054543569,0,201.100640800745,153.876396855887,89.3673883748406,0,115.114253591495
0,0,0,114.511014214502,0,202.712457066107,94.7529894315991,179.718364159796,137.189596148386,0,0,124.698445421759,128.846764897717,0,0,0,0,321.864157986053,0,0,0,0,0,0,0,0,0,212.592150359921,158.567996645797,0,0,0,0,151.01089327964,0,0,114.649126378906,240.185081663983,261.440278806413,87.8456058929559,115.194491798135
0,0,0,0,0,96.5937438588657,228.075434767255,357.423078228283,0,71.5579325720569,124.698445421759,0,135.294330067913,0,146.814226519809,0,0,188.936291522747,0,242.790381480436,0,0,0,0,125.416941482916,0,306.344527664232,136.685314494491,219.040656038919,133.984214699576,0,200.878319874537,0,101.895308036513,155.24952173131,0,151.806152521152,193.777661225572,0,283.88658203332,323.781250289068
0,0,0,0,0,0,0,0,0,261.605527103798,128.846764897717,135.294330067913,0,0,0,0,0,0,0,0,0,0,309.997227542691,0,0,0,0,0,0,0,0,0,0,0,154.142998692322,0,0,0,0,0,93.4234866874731
0,0,0,71.4788760670054,0,0,162.833808134102,0,0,0,0,0,0,0,347.376449530863,160.537522273714,0,0,0,0,101.5853655613,0,178.683678585178,193.659409924573,228.792310020318,0,321.124897279917,82.4756938751058,0,111.226326353722,0,0,0,335.371040201042,169.742003380707,0,0,66.5008477853491,0,0,0
0,0,168.241326865882,0,236.681907140956,0,0,0,0,0,0,146.814226519809,0,347.376449530863,0,0,0,0,255.441154257905,159.183173818572,0,104.915316975638,140.574866691684,0,0,0,0,72.2278283150671,0,0,0,0,0,164.032723165762,0,0,0,0,173.538155409849,163.945208919892,0
0,124.853650664477,0,78.9559315574845,0,0,0,0,0,0,0,0,0,160.537522273714,0,0,0,0,0,0,0,0,0,0,0,85.6072705949986,74.7304794244225,85.7623170715703,0,0,0,0,0,289.631679007608,70.4221432298295,0,218.045528847001,0,100.812745974529,0,241.57250333243
0,219.078548227669,0,0,0,0,0,0,345.797434674459,0,0,0,0,0,0,0,0,0,0,0,0,0,0,120.567029282014,306.640284138334,99.3508940827211,0,0,193.055010680236,0,0,0,0,0,0,58.3493451392805,259.442917595754,81.2827395071039,74.5815074003433,0,0
0,0,0,0,0,0,0,0,0,0,321.864157986053,188.936291522747,0,0,0,0,0,0,0,0,0,0,0,0,0,0,0,0,151.075371308616,0,78.8552325762656,0,0,0,0,209.996727521564,0,153.453047983244,119.728129215699,82.6299537488922,325.937289045041
115.871357769661,0,0,0,215.611029055736,0,125.81518738273,0,0,0,0,0,0,0,255.441154257905,0,0,0,0,94.027247878695,0,0,0,0,0,151.695570509541,0,206.912707094411,0,0,0,0,0,111.435629183184,134.960780198024,241.682021696872,187.77054666536,0,220.901129804706,0,0
0,0,195.314816908693,101.605593487621,221.805809452716,0,0,353.822894641502,211.840482897052,165.597665022977,0,242.790381480436,0,0,159.183173818572,0,0,0,94.027247878695,0,0,0,109.093416850988,196.032358954952,0,0,0,217.157696745803,0,198.528111506785,0,0,0,150.161410108805,0,0,0,252.487290983309,0,82.6426202489162,95.7590805983148
0,0,0,0,155.901486485736,97.3232815600345,0,0,0,0,0,0,0,101.5853655613,0,0,0,0,0,0,0,0,0,173.001559092555,0,205.839960264176,204.481117647118,141.204637091722,172.608400267715,0,0,0,0,180.355266595273,205.183249704085,227.504408813069,97.5855511246009,0,195.378266313867,0,0
0,0,0,0,0,135.667029391615,0,0,0,98.2230592632363,0,0,0,0,104.915316975638,0,0,0,0,0,0,0,0,0,0,0,190.185165668632,131.969743415579,0,0,0,0,0,171.906398392157,125.994729980093,0,320.356811100276,0,0,0,0
0,0,0,0,0,0,0,0,0,113.144980278377,0,0,309.997227542691,178.683678585178,140.574866691684,0,0,0,0,109.093416850988,0,0,0,139.654362654449,0,0,173.201474590904,0,0,220.963068032256,184.249961885477,101.443495235174,0,0,99.2646516363145,198.964527389285,106.128596538706,180.90030328818,0,175.196329314064,0
0,0,0,0,0,197.893790332676,0,0,0,146.770754374523,0,0,0,193.659409924573,0,0,120.567029282014,0,0,196.032358954952,173.001559092555,0,139.654362654449,0,0,193.63278243493,90.7216186966914,148.808626413748,106.33736463831,74.4197823064597,0,146.99041817625,154.784755881607,101.350815329073,161.325017232684,0,225.013371621378,0,0,94.7280504127031,73.4795582048751
0,0,0,0,0,161.74915061469,0,232.945974238958,0,0,0,125.416941482916,0,228.792310020318,0,0,306.640284138334,0,0,0,0,0,0,0,0,0,0,0,276.620869034647,0,231.050882209,0,0,0,194.442125915551,0,0,146.465927798921,0,0,137.239127032733
0,0,0,280.376028997576,153.609372090384,269.936825670274,222.053792850439,0,116.176698124939,118.522099274347,0,0,0,0,0,85.6072705949986,99.3508940827211,0,151.695570509541,0,205.839960264176,0,0,193.63278243493,0,0,137.177378802006,133.218162784108,161.275817184598,0,0,0,0,81.9664354533492,98.417953423071,112.349934713559,253.401634605989,0,188.851177466023,0,249.798812580765
231.715271819474,0,0,0,0,0,0,206.472608421747,139.792601838991,0,0,306.344527664232,0,321.124897279917,0,74.7304794244225,0,0,0,0,204.481117647118,190.185165668632,173.201474590904,90.7216186966914,0,137.177378802006,0,101.85207633558,224.523755099568,186.348837226466,0,0,0,161.302948562323,82.1742780037132,191.519780382943,92.5568465385234,0,0,106.533627130087,89.707245288964
263.534399241887,0,0,90.1317194604647,110.384905066973,0,160.530221557972,104.369974912428,136.792307586862,303.527509149359,212.592150359921,136.685314494491,0,82.4756938751058,72.2278283150671,85.7623170715703,0,0,206.912707094411,217.157696745803,141.204637091722,131.969743415579,0,148.808626413748,0,133.218162784108,101.85207633558,0,284.529238481835,0,0,0,0,219.430938885781,205.09013266389,94.9380989123498,153.672550905948,226.825099357786,262.382215657622,108.381749703452,0
0,0,0,0,0,0,0,192.693757128262,94.126460729827,241.635434294794,158.567996645797,219.040656038919,0,0,0,0,193.055010680236,151.075371308616,0,0,172.608400267715,0,0,106.33736463831,276.620869034647,161.275817184598,224.523755099568,284.529238481835,0,0,238.934743274142,92.3502314520023,0,106.926813611922,208.005106191961,0,199.492852797962,116.054372245433,0,115.332064605654,214.116367924649
0,0,0,0,0,0,0,178.748963182352,0,0,0,133.984214699576,0,111.226326353722,0,0,0,0,0,198.528111506785,0,0,220.963068032256,74.4197823064597,0,0,186.348837226466,0,0,0,0,0,0,0,259.055025639447,0,112.823430872325,204.084074037941,0,117.208001126138,0
0,0,0,0,108.136066660554,0,0,0,0,0,0,0,0,0,0,0,0,78.8552325762656,0,0,0,0,184.249961885477,0,231.050882209,0,0,0,238.934743274142,0,0,0,0,0,0,0,0,0,0,76.5072790361762,0
0,0,0,75.4497121078207,0,0,0,80.4367166559625,0,67.8267069095267,0,200.878319874537,0,0,0,0,0,0,0,0,0,0,101.443495235174,146.99041817625,0,0,0,0,92.3502314520023,0,0,0,0,0,0,213.67670887414,250.461724766314,0,0,142.054529471577,120.912756812582
0,314.611698427915,0,0,0,0,0,0,0,0,0,0,0,0,0,0,0,0,0,0,0,0,0,154.784755881607,0,0,0,0,0,0,0,0,0,348.674510760064,0,0,180.543851962045,0,0,134.566479261133,0
0,0,0,93.5029580098427,0,173.059382066957,201.44584889478,0,128.530575464043,138.425725342224,151.01089327964,101.895308036513,0,335.371040201042,164.032723165762,289.631679007608,0,0,111.435629183184,150.161410108805,180.355266595273,171.906398392157,0,101.350815329073,0,81.9664354533492,161.302948562323,219.430938885781,106.926813611922,0,0,0,348.674510760064,0,115.541295036174,142.385058730083,89.1590885155172,300.031143529538,0,223.705816669619,92.5207898118833
283.248188884028,0,0,0,161.694997919804,333.645516435298,0,196.04190773555,0,73.1029054543569,0,155.24952173131,154.142998692322,169.742003380707,0,70.4221432298295,0,0,134.960780198024,0,205.183249704085,125.994729980093,99.2646516363145,161.325017232684,194.442125915551,98.417953423071,82.1742780037132,205.09013266389,208.005106191961,259.055025639447,0,0,0,115.541295036174,0,0,197.486504603685,128.405764333981,192.601533877686,167.066576495979,0
0,0,0,122.106946855269,181.316358113209,0,139.93285932648,186.973586461633,171.230058197369,0,0,0,0,0,0,0,58.3493451392805,209.996727521564,241.682021696872,0,227.504408813069,0,198.964527389285,0,0,112.349934713559,191.519780382943,94.9380989123498,0,0,0,213.67670887414,0,142.385058730083,0,0,165.893015276821,251.098274723989,0,62.311273509377,96.7845769653343
138.33942793804,249.905610015455,0,338.131802716296,154.070293657878,97.3506957544063,195.822649557859,61.0664810463559,113.059176128709,201.100640800745,114.649126378906,151.806152521152,0,0,0,218.045528847001,259.442917595754,0,187.77054666536,0,97.5855511246009,320.356811100276,106.128596538706,225.013371621378,0,253.401634605989,92.5568465385234,153.672550905948,199.492852797962,112.823430872325,0,250.461724766314,180.543851962045,89.1590885155172,197.486504603685,165.893015276821,0,0,0,177.763106506206,62.859596780235
0,0,0,0,0,174.013630695256,84.3635741045246,0,0,153.876396855887,240.185081663983,193.777661225572,0,66.5008477853491,0,0,81.2827395071039,153.453047983244,0,252.487290983309,0,0,180.90030328818,0,146.465927798921,0,0,226.825099357786,116.054372245433,204.084074037941,0,0,0,300.031143529538,128.405764333981,251.098274723989,0,0,80.8080171296381,98.6790043377568,119.345624434514
0,0,0,0,0,178.224497384947,0,0,0,89.3673883748406,261.440278806413,0,0,0,173.538155409849,100.812745974529,74.5815074003433,119.728129215699,220.901129804706,0,195.378266313867,0,0,0,0,188.851177466023,0,262.382215657622,0,0,0,0,0,0,192.601533877686,0,0,80.8080171296381,0,143.005810983322,158.955087279859
192.135034768848,0,0,0,183.786860782462,0,94.8881692391942,151.036729364761,0,0,87.8456058929559,283.88658203332,0,0,163.945208919892,0,0,82.6299537488922,0,82.6426202489162,0,0,175.196329314064,94.7280504127031,0,0,106.533627130087,108.381749703452,115.332064605654,117.208001126138,76.5072790361762,142.054529471577,134.566479261133,223.705816669619,167.066576495979,62.311273509377,177.763106506206,98.6790043377568,143.005810983322,0,224.551207449728
0,247.66948903751,0,0,0,103.519938150021,0,0,0,115.114253591495,115.194491798135,323.781250289068,93.4234866874731,0,0,241.57250333243,0,325.937289045041,0,95.7590805983148,0,0,0,73.4795582048751,137.239127032733,249.798812580765,89.707245288964,0,214.116367924649,0,0,120.912756812582,0,92.5207898118833,0,96.7845769653343,62.859596780235,119.345624434514,158.955087279859,224.551207449728,0
