0,0,0,0,0,0,0,175.196329314064,0,108.381749703452,0,224.551207449728,0,0,0,0,0,0,0,0,0,0,0,0,0,0,0,0,148.808626413748,0,0,0,0,0,0,0,0,0,119.345624434514,0,329.719143597451
0,0,0,0,0,0,0,201.100640800745,0,0,0,0,0,0,0,0,0,0,0,0,192.693757128262,0,0,0,0,0,115.114253591495,0,0,0,142.054529471577,0,0,0,0,0,261.605527103798,0,146.770754374523,0,94.7280504127031
0,0,0,0,0,0,0,0,0,0,306.344527664232,0,0,0,0,0,0,0,0,0,0,0,206.912707094411,0,0,0,0,70.4221432298295,0,0,0,0,0,0,0,338.131802716296,0,0,0,196.04190773555,0
0,0,0,0,0,0,0,0,150.161410108805,0,0,0,0,226.825099357786,0,0,0,0,0,0,0,0,0,193.777661225572,192.601533877686,101.605593487621,251.098274723989,0,184.249961885477,99.3508940827211,0,0,0,314.611698427915,94.126460729827,0,89.3673883748406,215.611029055736,0,113.059176128709,0
0,0,0,0,0,321.124897279917,0,0,0,0,0,0,0,205.839960264176,106.33736463831,0,0,0,0,0,0,0,0,100.812745974529,0,140.574866691684,169.453147353278,300.031143529538,192.135034768848,0,0,0,209.996727521564,183.786860782462,0,61.0664810463559,236.681907140956,0,158.955087279859,0,335.371040201042
0,0,0,0,321.124897279917,0,0,115.871357769661,0,0,0,104.369974912428,0,0,0,157.852515740516,0,0,0,0,178.748963182352,0,167.066576495979,173.201474590904,0,0,320.356811100276,116.054372245433,0,0,0,0,0,247.66948903751,0,0,325.937289045041,0,111.226326353722,97.3506957544063,195.378266313867
0,0,0,0,0,0,0,0,188.851177466023,0,0,0,0,188.936291522747,0,232.945974238958,0,0,0,0,0,0,0,0,90.7216186966914,101.85207633558,348.674510760064,0,186.348837226466,82.4756938751058,0,0,0,0,195.822649557859,217.157696745803,0,0,228.075434767255,128.846764897717,89.707245288964
175.196329314064,201.100640800745,0,0,0,115.871357769661,0,0,0,145.74089716123,0,0,0,0,195.314816908693,113.144980278377,161.74915061469,0,0,0,90.1317194604647,197.893790332676,133.218162784108,0,0,0,0,0,0,0,0,178.683678585178,0,125.994729980093,0,163.059043292369,250.461724766314,0,0,187.77054666536,82.6426202489162
0,0,0,150.161410108805,0,0,188.851177466023,0,0,0,0,112.823430872325,0,0,0,0,208.005106191961,0,151.695570509541,289.631679007608,213.67670887414,0,106.533627130087,0,0,0,0,0,139.93285932648,99.2646516363145,0,0,0,0,0,0,0,0,0,0,241.682021696872
108.381749703452,0,0,0,0,0,0,145.74089716123,0,0,0,141.204637091722,0,159.183173818572,124.698445421759,0,0,118.522099274347,139.792601838991,161.275817184598,0,92.5568465385234,0,0,0,303.527509149359,0,158.567996645797,137.189596148386,190.185165668632,0,0,0,219.430938885781,0,0,193.659409924573,353.822894641502,323.781250289068,151.036729364761,0
0,0,306.344527664232,0,0,0,0,0,0,0,0,0,0,0,101.443495235174,0,198.528111506785,0,0,306.640284138334,0,0,219.040656038919,0,0,164.032723165762,62.311273509377,97.5855511246009,0,0,0,73.1029054543569,228.792310020318,0,74.5815074003433,238.934743274142,154.070293657878,173.001559092555,0,249.798812580765,261.440278806413
224.551207449728,0,0,0,0,104.369974912428,0,0,112.823430872325,141.204637091722,0,0,0,191.519780382943,0,0,0,0,161.694997919804,262.382215657622,0,0,97.3232815600345,276.620869034647,96.5937438588657,193.055010680236,125.81518738273,163.945208919892,137.239127032733,193.63278243493,0,0,0,205.183249704085,161.325017232684,206.472608421747,146.99041817625,0,0,92.5207898118833,201.44584889478
0,0,0,0,0,0,0,0,0,0,0,0,0,205.09013266389,0,0,0,0,0,0,0,0,0,98.6790043377568,0,0,0,0,81.2827395071039,0,0,0,0,0,151.075371308616,255.441154257905,80.4367166559625,0,0,0,0
0,0,0,226.825099357786,205.839960264176,0,188.936291522747,0,0,159.183173818572,0,191.519780382943,205.09013266389,0,0,0,0,0,0,0,0,0,0,194.442125915551,0,0,0,0,214.116367924649,309.997227542691,0,0,259.055025639447,153.453047983244,169.742003380707,0,0,98.417953423071,0,134.960780198024,0
0,0,0,0,106.33736463831,0,0,195.314816908693,0,124.698445421759,101.443495235174,0,0,0,0,283.88658203332,0,0,0,0,0,0,0,179.718364159796,0,227.504408813069,0,172.608400267715,0,0,0,0,0,220.901129804706,0,0,198.964527389285,0,161.302948562323,0,115.332064605654
0,0,0,0,0,157.852515740516,232.945974238958,113.144980278377,0,0,0,0,0,0,283.88658203332,0,0,0,0,0,135.294330067913,0,0,66.5008477853491,120.912756812582,0,0,0,0,0,0,0,0,112.349934713559,0,219.078548227669,0,135.667029391615,0,138.33942793804,0
0,0,0,0,0,0,0,161.74915061469,208.005106191961,0,198.528111506785,0,0,0,0,0,0,0,0,0,0,0,0,197.486504603685,0,0,0,347.376449530863,85.7623170715703,0,0,0,0,116.176698124939,0,0,117.208001126138,284.529238481835,174.013630695256,0,0
0,0,0,0,0,0,0,0,0,118.522099274347,0,0,0,0,0,0,0,0,321.864157986053,0,0,0,0,0,0,0,128.530575464043,108.136066660554,0,0,0,0,0,134.566479261133,269.936825670274,357.423078228283,94.7529894315991,0,0,0,154.065933476765
0,0,0,0,0,0,0,0,151.695570509541,139.792601838991,0,161.694997919804,0,0,0,0,0,321.864157986053,0,0,0,142.385058730083,0,165.893015276821,204.481117647118,0,0,160.537522273714,172.892533368851,0,0,0,0,173.059382066957,0,0,177.763106506206,0,0,0,345.797434674459
0,0,0,0,0,0,0,0,289.631679007608,161.275817184598,306.640284138334,262.382215657622,0,0,0,0,0,0,0,0,153.609372090384,95.7590805983148,253.401634605989,154.142998692322,0,114.649126378906,0,101.350815329073,0,0,0,115.541295036174,0,128.405764333981,178.224497384947,78.9559315574845,78.8552325762656,162.833808134102,0,85.6072705949986,0
0,192.693757128262,0,0,0,178.748963182352,0,90.1317194604647,213.67670887414,0,0,0,0,0,0,135.294330067913,0,0,0,153.609372090384,0,80.8080171296381,0,0,0,0,0,87.8456058929559,0,0,0,76.5072790361762,0,180.90030328818,0,0,125.416941482916,0,122.106946855269,137.177378802006,0
0,0,0,0,0,0,0,197.893790332676,0,92.5568465385234,0,0,0,0,0,0,0,0,142.385058730083,95.7590805983148,80.8080171296381,0,0,0,0,0,0,0,96.7845769653343,0,0,0,0,0,0,0,92.3502314520023,143.005810983322,0,0,0
0,0,206.912707094411,0,0,167.066576495979,0,133.218162784108,106.533627130087,0,219.040656038919,97.3232815600345,0,0,0,0,0,0,0,253.401634605989,0,0,0,0,0,171.906398392157,101.895308036513,263.534399241887,180.355266595273,0,0,0,0,222.053792850439,151.01089327964,0,0,131.969743415579,0,231.050882209,0
0,0,0,193.777661225572,100.812745974529,173.201474590904,0,0,0,0,0,276.620869034647,98.6790043377568,194.442125915551,179.718364159796,66.5008477853491,197.486504603685,0,165.893015276821,154.142998692322,0,0,0,0,0,0,115.194491798135,136.685314494491,0,0,0,0,0,202.712457066107,249.905610015455,221.805809452716,0,98.2230592632363,196.032358954952,223.705816669619,0
0,0,0,192.601533877686,0,0,90.7216186966914,0,0,0,0,96.5937438588657,0,0,0,120.912756812582,0,0,204.481117647118,0,0,0,0,0,0,0,0,94.027247878695,0,242.790381480436,0,0,0,0,74.4197823064597,0,241.57250333243,81.9664354533492,0,0,0
0,0,0,101.605593487621,140.574866691684,0,101.85207633558,0,0,303.527509149359,164.032723165762,193.055010680236,0,0,227.504408813069,0,0,0,0,114.649126378906,0,0,171.906398392157,0,0,0,0,155.901486485736,106.926813611922,94.8881692391942,0,0,0,73.4795582048751,186.973586461633,280.376028997576,112.793316814908,155.24952173131,181.316358113209,110.384905066973,89.9429017381717
0,115.114253591495,0,251.098274723989,169.453147353278,320.356811100276,348.674510760064,0,0,0,62.311273509377,125.81518738273,0,0,0,0,0,128.530575464043,0,0,0,0,101.895308036513,115.194491798135,0,0,0,199.492852797962,151.806152521152,218.045528847001,0,153.672550905948,0,173.538155409849,259.442917595754,0,114.511014214502,180.543851962045,283.248188884028,225.013371621378,0
0,0,70.4221432298295,0,300.031143529538,116.054372245433,0,0,0,158.567996645797,97.5855511246009,163.945208919892,0,0,172.608400267715,0,347.376449530863,108.136066660554,160.537522273714,101.350815329073,87.8456058929559,0,263.534399241887,136.685314494491,94.027247878695,155.901486485736,199.492852797962,0,154.784755881607,106.128596538706,0,103.519938150021,0,111.435629183184,109.093416850988,224.523755099568,138.425725342224,101.5853655613,0,58.3493451392805,94.9380989123498
148.808626413748,0,0,184.249961885477,192.135034768848,0,186.348837226466,0,139.93285932648,137.189596148386,0,137.239127032733,81.2827395071039,214.116367924649,0,0,85.7623170715703,0,172.892533368851,0,0,96.7845769653343,180.355266595273,0,0,106.926813611922,151.806152521152,154.784755881607,0,0,0,0,0,62.859596780235,204.084074037941,165.597665022977,71.5579325720569,333.645516435298,0,0,0
0,0,0,99.3508940827211,0,0,82.4756938751058,0,99.2646516363145,190.185165668632,0,193.63278243493,0,309.997227542691,0,0,0,0,0,0,0,0,0,0,242.790381480436,94.8881692391942,218.045528847001,106.128596538706,0,0,0,0,0,0,93.4234866874731,0,0,0,0,0,0
0,142.054529471577,0,0,0,0,0,0,0,0,0,0,0,0,0,0,0,0,0,0,0,0,0,0,0,0,0,0,0,0,0,84.3635741045246,0,168.241326865882,240.185081663983,0,115.868441404982,0,0,72.2278283150671,0
0,0,0,0,0,0,0,178.683678585178,0,0,73.1029054543569,0,0,0,0,0,0,0,0,115.541295036174,76.5072790361762,0,0,0,0,0,153.672550905948,103.519938150021,0,0,84.3635741045246,0,0,0,119.728129215699,0,146.465927798921,0,0,153.876396855887,82.6299537488922
0,0,0,0,209.996727521564,0,0,0,0,0,228.792310020318,0,0,259.055025639447,0,0,0,0,0,0,0,0,0,0,0,0,0,0,0,0,0,0,0,0,0,0,133.984214699576,0,0,0,139.654362654449
0,0,0,314.611698427915,183.786860782462,247.66948903751,0,125.994729980093,0,219.430938885781,0,205.183249704085,0,153.453047983244,220.901129804706,112.349934713559,116.176698124939,134.566479261133,173.059382066957,128.405764333981,180.90030328818,0,222.053792850439,202.712457066107,0,73.4795582048751,173.538155409849,111.435629183184,62.859596780235,0,168.241326865882,0,0,0,67.8267069095267,124.853650664477,0,212.592150359921,146.814226519809,89.1590885155172,0
0,0,0,94.126460729827,0,0,195.822649557859,0,0,0,74.5815074003433,161.325017232684,151.075371308616,169.742003380707,0,0,0,269.936825670274,0,178.224497384947,0,0,151.01089327964,249.905610015455,74.4197823064597,186.973586461633,259.442917595754,109.093416850988,204.084074037941,93.4234866874731,240.185081663983,119.728129215699,0,67.8267069095267,0,252.487290983309,104.915316975638,211.840482897052,71.4788760670054,220.963068032256,160.530221557972
0,0,338.131802716296,0,61.0664810463559,0,217.157696745803,163.059043292369,0,0,238.934743274142,206.472608421747,255.441154257905,0,0,219.078548227669,0,357.423078228283,0,78.9559315574845,0,0,0,221.805809452716,0,280.376028997576,0,224.523755099568,165.597665022977,0,0,0,0,124.853650664477,252.487290983309,0,75.4497121078207,0,0,241.635434294794,171.230058197369
0,261.605527103798,0,89.3673883748406,236.681907140956,325.937289045041,0,250.461724766314,0,193.659409924573,154.070293657878,146.99041817625,80.4367166559625,0,198.964527389285,0,117.208001126138,94.7529894315991,177.763106506206,78.8552325762656,125.416941482916,92.3502314520023,0,0,241.57250333243,112.793316814908,114.511014214502,138.425725342224,71.5579325720569,0,115.868441404982,146.465927798921,133.984214699576,0,104.915316975638,75.4497121078207,0,200.878319874537,93.5029580098427,136.792307586862,231.715271819474
0,0,0,215.611029055736,0,0,0,0,0,353.822894641502,173.001559092555,0,0,98.417953423071,0,135.667029391615,284.529238481835,0,0,162.833808134102,0,143.005810983322,131.969743415579,98.2230592632363,81.9664354533492,155.24952173131,180.543851962045,101.5853655613,333.645516435298,0,0,0,0,212.592150359921,211.840482897052,0,200.878319874537,0,0,74.7304794244225,82.1742780037132
119.345624434514,146.770754374523,0,0,158.955087279859,111.226326353722,228.075434767255,0,0,323.781250289068,0,0,0,0,161.302948562323,0,174.013630695256,0,0,0,122.106946855269,0,0,196.032358954952,0,181.316358113209,283.248188884028,0,0,0,0,0,0,146.814226519809,71.4788760670054,0,93.5029580098427,0,0,0,0
0,0,196.04190773555,113.059176128709,0,97.3506957544063,128.846764897717,187.77054666536,0,151.036729364761,249.798812580765,92.5207898118833,0,134.960780198024,0,138.33942793804,0,0,0,85.6072705949986,137.177378802006,0,231.050882209,223.705816669619,0,110.384905066973,225.013371621378,58.3493451392805,0,0,72.2278283150671,153.876396855887,0,89.1590885155172,220.963068032256,241.635434294794,136.792307586862,74.7304794244225,0,0,120.567029282014
329.719143597451,94.7280504127031,0,0,335.371040201042,195.378266313867,89.707245288964,82.6426202489162,241.682021696872,0,261.440278806413,201.44584889478,0,0,115.332064605654,0,0,154.065933476765,345.797434674459,0,0,0,0,0,0,89.9429017381717,0,94.9380989123498,0,0,0,82.6299537488922,139.654362654449,0,160.530221557972,171.230058197369,231.715271819474,82.1742780037132,0,120.567029282014,0
