0,0,0,0,0,0,0,0,0,72.2278283150671,0,0,0,0,0,0,0,0,0,263.534399241887,0,93.4234866874731,154.070293657878,0,0,0,0,0,0,0,0,0,0,0,253.401634605989,0,0,73.1029054543569,0,0,0
0,0,0,0,0,0,0,0,0,0,0,146.99041817625,0,0,0,0,0,0,0,117.208001126138,0,0,0,0,0,283.248188884028,0,0,154.142998692322,0,0,106.533627130087,0,0,0,0,0,82.4756938751058,0,153.453047983244,0
0,0,0,0,205.839960264176,0,0,0,0,0,0,0,0,0,0,0,0,0,0,0,0,0,0,228.075434767255,0,112.349934713559,0,0,0,0,0,141.204637091722,0,0,195.822649557859,0,0,0,0,0,0
0,0,0,0,0,0,98.417953423071,0,0,0,0,333.645516435298,0,0,0,0,0,0,0,0,172.608400267715,0,0,62.311273509377,0,97.3506957544063,0,347.376449530863,0,0,0,0,0,134.566479261133,111.226326353722,357.423078228283,155.24952173131,0,195.314816908693,112.793316814908,218.045528847001
0,0,205.839960264176,0,0,0,0,0,0,0,0,140.574866691684,0,92.5568465385234,0,0,0,0,0,0,143.005810983322,0,0,101.443495235174,0,205.183249704085,111.435629183184,101.895308036513,0,0,0,0,0,58.3493451392805,0,0,173.538155409849,137.177378802006,192.135034768848,81.9664354533492,221.805809452716
0,0,0,0,0,0,211.840482897052,240.185081663983,142.054529471577,280.376028997576,0,0,0,0,0,67.8267069095267,0,0,255.441154257905,161.275817184598,0,0,0,0,0,0,0,146.770754374523,0,0,0,0,0,241.57250333243,168.241326865882,94.027247878695,348.674510760064,89.3673883748406,0,0,219.430938885781
0,0,0,98.417953423071,0,211.840482897052,0,82.6426202489162,0,0,0,154.065933476765,0,0,0,0,222.053792850439,0,0,0,0,0,0,0,0,0,251.098274723989,0,0,0,0,113.144980278377,242.790381480436,0,82.6299537488922,158.567996645797,104.369974912428,115.194491798135,0,0,90.1317194604647
0,0,0,0,0,240.185081663983,82.6426202489162,0,303.527509149359,0,0,0,0,0,0,0,138.33942793804,0,204.084074037941,74.5815074003433,103.519938150021,0,250.461724766314,106.128596538706,0,353.822894641502,0,0,178.748963182352,0,0,0,0,139.792601838991,0,0,0,112.823430872325,146.814226519809,118.522099274347,87.8456058929559
0,0,0,0,0,142.054529471577,0,303.527509149359,0,0,0,0,0,0,0,206.912707094411,192.601533877686,0,0,0,204.481117647118,0,0,276.620869034647,193.63278243493,0,0,153.609372090384,0,98.2230592632363,0,0,0,0,0,0,128.846764897717,0,0,220.901129804706,0
72.2278283150671,0,0,0,0,280.376028997576,0,0,0,0,0,159.183173818572,0,0,154.784755881607,0,0,0,186.973586461633,0,0,0,196.032358954952,180.90030328818,136.792307586862,97.5855511246009,0,252.487290983309,289.631679007608,177.763106506206,0,0,0,0,93.5029580098427,321.864157986053,181.316358113209,0,179.718364159796,193.055010680236,114.649126378906
0,0,0,0,0,0,0,0,0,0,0,138.425725342224,122.106946855269,109.093416850988,0,0,78.8552325762656,0,0,0,0,142.385058730083,0,108.136066660554,0,198.528111506785,0,163.945208919892,0,0,0,0,0,186.348837226466,241.635434294794,209.996727521564,192.693757128262,120.567029282014,314.611698427915,165.597665022977,61.0664810463559
0,146.99041817625,0,333.645516435298,140.574866691684,0,154.065933476765,0,0,159.183173818572,138.425725342224,0,0,187.77054666536,150.161410108805,269.936825670274,0,161.694997919804,0,0,0,0,0,199.492852797962,161.74915061469,0,151.01089327964,196.04190773555,0,0,0,80.8080171296381,113.059176128709,114.511014214502,0,131.969743415579,128.530575464043,0,0,188.851177466023,219.078548227669
0,0,0,0,0,0,0,0,0,0,122.106946855269,0,0,0,0,0,0,0,116.054372245433,0,95.7590805983148,0,0,0,0,171.230058197369,0,71.4788760670054,0,0,0,0,0,0,0,0,323.781250289068,0,0,0,0
0,0,0,0,92.5568465385234,0,0,0,0,0,109.093416850988,187.77054666536,0,0,0,0,0,0,0,96.7845769653343,0,89.9429017381717,167.066576495979,0,0,0,0,249.905610015455,116.176698124939,0,0,0,0,173.059382066957,98.6790043377568,0,158.955087279859,0,92.5207898118833,309.997227542691,193.659409924573
0,0,0,0,0,0,0,0,0,154.784755881607,0,150.161410108805,0,0,0,0,0,0,81.2827395071039,0,0,0,124.698445421759,125.994729980093,0,183.786860782462,73.4795582048751,85.7623170715703,232.945974238958,195.378266313867,0,0,0,0,146.465927798921,0,0,0,0,74.4197823064597,0
0,0,0,0,0,67.8267069095267,0,0,206.912707094411,0,0,269.936825670274,0,0,0,0,0,80.4367166559625,0,82.1742780037132,0,0,0,0,0,151.036729364761,193.777661225572,0,0,0,163.059043292369,0,0,228.792310020318,164.032723165762,0,0,335.371040201042,0,0,0
0,0,0,0,0,0,222.053792850439,138.33942793804,192.601533877686,0,78.8552325762656,0,0,0,0,0,0,0,0,0,0,0,0,180.543851962045,0,0,0,151.075371308616,165.893015276821,0,0,0,0,0,0,115.114253591495,84.3635741045246,0,0,70.4221432298295,0
0,0,0,0,0,0,0,0,0,0,0,161.694997919804,0,0,0,80.4367166559625,0,0,0,0,0,0,0,0,0,0,0,62.859596780235,261.440278806413,0,0,320.356811100276,0,172.892533368851,133.984214699576,0,89.707245288964,0,0,0,106.926813611922
0,0,0,0,0,255.441154257905,0,204.084074037941,0,186.973586461633,0,0,116.054372245433,0,81.2827395071039,0,0,0,0,184.249961885477,224.551207449728,0,0,0,0,178.683678585178,0,119.345624434514,71.5579325720569,0,0,0,0,329.719143597451,0,125.81518738273,0,0,0,0,0
263.534399241887,117.208001126138,0,0,0,161.275817184598,0,74.5815074003433,0,0,0,0,0,96.7845769653343,0,82.1742780037132,0,0,184.249961885477,0,0,0,161.325017232684,0,0,0,85.6072705949986,101.5853655613,0,124.853650664477,0,0,0,249.798812580765,201.100640800745,0,92.3502314520023,115.541295036174,137.189596148386,151.806152521152,0
0,0,0,172.608400267715,143.005810983322,0,0,103.519938150021,204.481117647118,0,0,0,95.7590805983148,0,0,0,0,0,224.551207449728,0,0,190.185165668632,0,0,0,0,0,197.893790332676,0,0,0,0,0,94.126460729827,0,215.611029055736,0,173.201474590904,0,325.937289045041,110.384905066973
93.4234866874731,0,0,0,0,0,0,0,0,0,142.385058730083,0,0,89.9429017381717,0,0,0,0,0,0,190.185165668632,0,0,0,0,0,0,0,262.382215657622,0,106.33736463831,0,0,0,90.7216186966914,0,94.7280504127031,0,0,0,0
154.070293657878,0,0,0,0,0,0,250.461724766314,0,196.032358954952,0,0,0,167.066576495979,124.698445421759,0,0,0,0,161.325017232684,0,0,0,162.833808134102,0,0,108.381749703452,241.682021696872,136.685314494491,0,0,0,0,205.09013266389,153.876396855887,94.7529894315991,206.472608421747,0,0,173.001559092555,0
0,0,228.075434767255,62.311273509377,101.443495235174,0,0,106.128596538706,276.620869034647,180.90030328818,108.136066660554,199.492852797962,0,0,125.994729980093,0,180.543851962045,0,0,0,0,0,162.833808134102,0,0,225.013371621378,66.5008477853491,0,0,101.350815329073,0,0,0,0,198.964527389285,217.157696745803,101.605593487621,115.332064605654,200.878319874537,0,0
0,0,0,0,0,0,0,0,193.63278243493,136.792307586862,0,161.74915061469,0,0,0,0,0,0,0,0,0,0,0,0,0,284.529238481835,213.67670887414,137.239127032733,0,0,300.031143529538,0,0,231.050882209,178.224497384947,0,120.912756812582,0,0,0,0
0,283.248188884028,112.349934713559,97.3506957544063,205.183249704085,0,0,353.822894641502,0,97.5855511246009,198.528111506785,0,171.230058197369,0,183.786860782462,151.036729364761,0,0,178.683678585178,0,0,0,0,225.013371621378,284.529238481835,0,180.355266595273,0,151.695570509541,0,0,188.936291522747,0,135.667029391615,0,0,202.712457066107,115.871357769661,0,104.915316975638,0
0,0,0,0,111.435629183184,0,251.098274723989,0,0,0,0,151.01089327964,0,0,73.4795582048751,193.777661225572,0,0,0,85.6072705949986,0,0,108.381749703452,66.5008477853491,213.67670887414,180.355266595273,0,0,133.218162784108,0,0,208.005106191961,0,155.901486485736,119.728129215699,175.196329314064,89.1590885155172,306.640284138334,145.74089716123,259.442917595754,148.808626413748
0,0,0,347.376449530863,101.895308036513,146.770754374523,0,0,153.609372090384,252.487290983309,163.945208919892,196.04190773555,71.4788760670054,249.905610015455,85.7623170715703,0,151.075371308616,62.859596780235,119.345624434514,101.5853655613,197.893790332676,0,241.682021696872,0,137.239127032733,0,0,0,160.530221557972,157.852515740516,0,0,96.5937438588657,115.868441404982,261.605527103798,135.294330067913,231.715271819474,0,227.504408813069,161.302948562323,194.442125915551
0,154.142998692322,0,0,0,0,0,178.748963182352,0,289.631679007608,0,0,0,116.176698124939,232.945974238958,0,165.893015276821,261.440278806413,71.5579325720569,0,0,262.382215657622,136.685314494491,0,0,151.695570509541,133.218162784108,160.530221557972,0,321.124897279917,0,338.131802716296,0,0,220.963068032256,0,174.013630695256,201.44584889478,223.705816669619,345.797434674459,224.523755099568
0,0,0,0,0,0,0,0,98.2230592632363,177.763106506206,0,0,0,0,195.378266313867,0,0,0,0,124.853650664477,0,0,0,101.350815329073,0,0,0,157.852515740516,321.124897279917,0,0,0,0,226.825099357786,283.88658203332,78.9559315574845,0,0,0,191.519780382943,0
0,0,0,0,0,0,0,0,0,0,0,0,0,0,0,163.059043292369,0,0,0,0,0,106.33736463831,0,0,300.031143529538,0,0,0,0,0,0,0,0,169.742003380707,0,153.672550905948,74.7304794244225,0,0,0,0
0,106.533627130087,141.204637091722,0,0,0,113.144980278377,0,0,0,0,80.8080171296381,0,0,0,0,0,320.356811100276,0,0,0,0,0,0,0,188.936291522747,208.005106191961,0,338.131802716296,0,0,0,0,0,0,0,212.592150359921,99.3508940827211,0,0,139.93285932648
0,0,0,0,0,0,242.790381480436,0,0,0,0,113.059176128709,0,0,0,0,0,0,0,0,0,0,0,0,0,0,0,96.5937438588657,0,0,0,0,0,75.4497121078207,0,0,306.344527664232,0,0,0,0
0,0,0,134.566479261133,58.3493451392805,241.57250333243,0,139.792601838991,0,0,186.348837226466,114.511014214502,0,173.059382066957,0,228.792310020318,0,172.892533368851,329.719143597451,249.798812580765,94.126460729827,0,205.09013266389,0,231.050882209,135.667029391615,155.901486485736,115.868441404982,0,226.825099357786,169.742003380707,0,75.4497121078207,0,219.040656038919,139.654362654449,169.453147353278,97.3232815600345,171.906398392157,0,247.66948903751
253.401634605989,0,195.822649557859,111.226326353722,0,168.241326865882,82.6299537488922,0,0,93.5029580098427,241.635434294794,0,0,98.6790043377568,146.465927798921,164.032723165762,0,133.984214699576,0,201.100640800745,0,90.7216186966914,153.876396855887,198.964527389285,178.224497384947,0,119.728129215699,261.605527103798,220.963068032256,283.88658203332,0,0,0,219.040656038919,0,238.934743274142,0,160.537522273714,0,259.055025639447,94.8881692391942
0,0,0,357.423078228283,0,94.027247878695,158.567996645797,0,0,321.864157986053,209.996727521564,131.969743415579,0,0,0,0,115.114253591495,0,125.81518738273,0,215.611029055736,0,94.7529894315991,217.157696745803,0,0,175.196329314064,135.294330067913,0,78.9559315574845,153.672550905948,0,0,139.654362654449,238.934743274142,0,99.2646516363145,0,0,125.416941482916,0
0,0,0,155.24952173131,173.538155409849,348.674510760064,104.369974912428,0,128.846764897717,181.316358113209,192.693757128262,128.530575464043,323.781250289068,158.955087279859,0,0,84.3635741045246,89.707245288964,0,92.3502314520023,0,94.7280504127031,206.472608421747,101.605593487621,120.912756812582,202.712457066107,89.1590885155172,231.715271819474,174.013630695256,0,74.7304794244225,212.592150359921,306.344527664232,169.453147353278,0,99.2646516363145,0,134.960780198024,214.116367924649,236.681907140956,94.9380989123498
73.1029054543569,82.4756938751058,0,0,137.177378802006,89.3673883748406,115.194491798135,112.823430872325,0,0,120.567029282014,0,0,0,0,335.371040201042,0,0,0,115.541295036174,173.201474590904,0,0,115.332064605654,0,115.871357769661,306.640284138334,0,201.44584889478,0,0,99.3508940827211,0,97.3232815600345,160.537522273714,0,134.960780198024,0,0,76.5072790361762,100.812745974529
0,0,0,195.314816908693,192.135034768848,0,0,146.814226519809,0,179.718364159796,314.611698427915,0,0,92.5207898118833,0,0,0,0,0,137.189596148386,0,0,0,200.878319874537,0,0,145.74089716123,227.504408813069,223.705816669619,0,0,0,0,171.906398392157,0,0,214.116367924649,0,0,197.486504603685,128.405764333981
0,153.453047983244,0,112.793316814908,81.9664354533492,0,0,118.522099274347,220.901129804706,193.055010680236,165.597665022977,188.851177466023,0,309.997227542691,74.4197823064597,0,70.4221432298295,0,0,151.806152521152,325.937289045041,0,173.001559092555,0,0,104.915316975638,259.442917595754,161.302948562323,345.797434674459,191.519780382943,0,0,0,0,259.055025639447,125.416941482916,236.681907140956,76.5072790361762,197.486504603685,0,101.85207633558
0,0,0,218.045528847001,221.805809452716,219.430938885781,90.1317194604647,87.8456058929559,0,114.649126378906,61.0664810463559,219.078548227669,0,193.659409924573,0,0,0,106.926813611922,0,0,110.384905066973,0,0,0,0,0,148.808626413748,194.442125915551,224.523755099568,0,0,139.93285932648,0,247.66948903751,94.8881692391942,0,94.9380989123498,100.812745974529,128.405764333981,101.85207633558,0
