0,0,0,0,0,0,0,0,0,0,165.893015276821,0,0,0,0,0,0,0,0,0,0,0,0,104.369974912428,0,0,0,0,101.350815329073,0,0,0,0,58.3493451392805,0,0,201.44584889478,0,0,0,197.893790332676
0,0,0,0,0,125.416941482916,0,0,0,0,325.937289045041,0,0,96.7845769653343,0,0,0,0,0,0,0,0,154.070293657878,0,284.529238481835,0,0,0,141.204637091722,0,0,0,0,0,0,306.640284138334,0,0,0,0,0
0,0,0,0,0,0,0,0,0,0,97.5855511246009,95.7590805983148,0,0,0,0,0,0,0,0,0,0,0,0,120.567029282014,0,0,0,192.135034768848,0,0,0,0,0,0,0,0,0,133.218162784108,0,0
0,0,0,0,97.3506957544063,0,0,0,0,124.853650664477,0,0,0,0,164.032723165762,0,0,0,0,0,155.24952173131,0,0,0,0,0,241.682021696872,224.551207449728,0,161.694997919804,161.275817184598,0,0,173.201474590904,0,112.793316814908,259.442917595754,205.183249704085,0,82.6299537488922,0
0,0,0,97.3506957544063,0,0,249.905610015455,0,0,0,113.144980278377,321.864157986053,0,71.5579325720569,0,0,0,0,181.316358113209,0,0,0,161.302948562323,0,0,0,193.659409924573,0,89.1590885155172,0,0,0,0,99.2646516363145,70.4221432298295,0,160.537522273714,0,75.4497121078207,124.698445421759,0
0,125.416941482916,0,0,0,0,0,209.996727521564,0,139.93285932648,0,180.90030328818,0,252.487290983309,0,0,0,0,0,0,0,128.405764333981,0,249.798812580765,0,0,0,0,100.812745974529,0,0,0,0,155.901486485736,241.57250333243,0,82.4756938751058,195.822649557859,0,289.631679007608,220.901129804706
0,0,0,0,249.905610015455,0,0,0,115.194491798135,179.718364159796,0,0,0,188.936291522747,0,0,80.4367166559625,0,0,0,0,253.401634605989,106.33736463831,163.059043292369,283.248188884028,199.492852797962,94.9380989123498,0,0,280.376028997576,0,0,0,194.442125915551,0,0,0,0,0,0,0
0,0,0,0,0,209.996727521564,0,0,0,0,151.695570509541,0,0,0,109.093416850988,0,0,0,61.0664810463559,0,0,0,98.2230592632363,101.5853655613,320.356811100276,241.635434294794,135.294330067913,97.3232815600345,202.712457066107,0,0,0,0,0,119.345624434514,0,108.136066660554,104.915316975638,138.425725342224,72.2278283150671,0
0,0,0,0,0,0,115.194491798135,0,0,0,140.574866691684,0,0,0,0,238.934743274142,92.5207898118833,0,192.601533877686,148.808626413748,0,0,0,0,0,0,0,212.592150359921,0,0,0,0,0,0,0,236.681907140956,0,89.707245288964,0,335.371040201042,168.241326865882
0,0,0,124.853650664477,0,139.93285932648,179.718364159796,0,0,0,0,81.2827395071039,0,94.8881692391942,134.960780198024,0,92.3502314520023,0,188.851177466023,90.7216186966914,0,0,0,187.77054666536,0,0,154.142998692322,220.963068032256,0,137.239127032733,0,173.059382066957,0,255.441154257905,0,347.376449530863,180.355266595273,0,0,193.777661225572,0
165.893015276821,325.937289045041,97.5855511246009,0,113.144980278377,0,0,151.695570509541,140.574866691684,0,0,0,0,0,0,204.481117647118,0,0,0,0,191.519780382943,0,101.443495235174,0,0,0,142.385058730083,0,119.728129215699,0,0,0,0,0,173.538155409849,261.440278806413,0,0,94.7529894315991,169.453147353278,196.032358954952
0,0,95.7590805983148,0,321.864157986053,180.90030328818,0,0,0,81.2827395071039,0,0,111.226326353722,269.936825670274,0,0,153.876396855887,195.378266313867,0,0,329.719143597451,0,345.797434674459,99.3508940827211,0,215.611029055736,153.672550905948,160.530221557972,232.945974238958,300.031143529538,0,150.161410108805,0,227.504408813069,0,125.81518738273,0,93.5029580098427,228.075434767255,0,0
0,0,0,0,0,0,0,0,0,0,0,111.226326353722,0,0,0,0,0,0,0,0,0,0,0,0,0,0,0,228.792310020318,0,0,0,0,0,115.868441404982,0,0,94.027247878695,0,0,178.748963182352,116.176698124939
0,96.7845769653343,0,0,71.5579325720569,252.487290983309,188.936291522747,0,0,94.8881692391942,0,269.936825670274,0,0,0,93.4234866874731,0,206.912707094411,0,0,0,0,0,0,0,0,0,101.895308036513,0,353.822894641502,0,0,0,213.67670887414,74.5815074003433,0,73.1029054543569,196.04190773555,0,0,0
0,0,0,164.032723165762,0,0,0,109.093416850988,0,134.960780198024,0,0,0,0,0,0,125.994729980093,0,0,226.825099357786,0,0,0,0,0,0,0,0,0,0,0,0,0,247.66948903751,139.654362654449,108.381749703452,151.01089327964,85.7623170715703,146.99041817625,0,82.1742780037132
0,0,0,0,0,0,0,0,238.934743274142,0,204.481117647118,0,0,93.4234866874731,0,0,0,0,0,0,0,0,0,0,101.85207633558,193.055010680236,0,96.5937438588657,0,153.609372090384,0,0,0,204.084074037941,242.790381480436,0,190.185165668632,0,0,145.74089716123,0
0,0,0,0,0,0,80.4367166559625,0,92.5207898118833,92.3502314520023,0,153.876396855887,0,0,125.994729980093,0,0,0,0,321.124897279917,0,0,0,0,0,0,0,0,0,0,0,0,0,117.208001126138,78.8552325762656,223.705816669619,136.685314494491,0,0,0,0
0,0,0,0,0,0,0,0,0,0,0,195.378266313867,0,206.912707094411,0,0,0,0,0,0,0,0,0,0,0,112.349934713559,0,172.892533368851,0,0,0,161.325017232684,0,0,193.63278243493,0,198.964527389285,0,0,175.196329314064,178.224497384947
0,0,0,0,181.316358113209,0,0,61.0664810463559,192.601533877686,188.851177466023,0,0,0,0,0,0,0,0,0,106.533627130087,0,0,0,98.6790043377568,0,0,0,0,184.249961885477,0,143.005810983322,0,0,0,73.4795582048751,137.189596148386,0,0,172.608400267715,82.6426202489162,0
0,0,0,0,0,0,0,0,148.808626413748,90.7216186966914,0,0,0,0,226.825099357786,0,321.124897279917,0,106.533627130087,0,0,74.7304794244225,0,0,0,219.078548227669,195.314816908693,74.4197823064597,139.792601838991,0,0,0,0,114.649126378906,180.543851962045,309.997227542691,174.013630695256,214.116367924649,0,259.055025639447,251.098274723989
0,0,0,155.24952173131,0,0,0,0,0,0,191.519780382943,329.719143597451,0,0,0,0,0,0,0,0,0,0,0,0,114.511014214502,101.605593487621,115.332064605654,153.453047983244,92.5568465385234,0,0,0,192.693757128262,0,111.435629183184,173.001559092555,208.005106191961,0,0,0,134.566479261133
0,0,0,0,0,128.405764333981,253.401634605989,0,0,0,0,0,0,0,0,0,0,0,0,74.7304794244225,0,0,0,206.472608421747,0,0,0,0,200.878319874537,0,0,0,0,0,0,0,283.88658203332,0,151.806152521152,0,219.040656038919
0,154.070293657878,0,0,161.302948562323,0,106.33736463831,98.2230592632363,0,0,101.443495235174,345.797434674459,0,0,0,0,0,0,0,0,0,0,0,0,0,151.036729364761,98.417953423071,146.770754374523,146.814226519809,0,0,136.792307586862,0,177.763106506206,118.522099274347,0,167.066576495979,0,0,0,131.969743415579
104.369974912428,0,0,0,0,249.798812580765,163.059043292369,101.5853655613,0,187.77054666536,0,99.3508940827211,0,0,0,0,0,0,98.6790043377568,0,0,206.472608421747,0,0,0,262.382215657622,219.430938885781,146.465927798921,263.534399241887,0,0,0,0,231.050882209,303.527509149359,201.100640800745,240.185081663983,158.955087279859,0,110.384905066973,205.839960264176
0,284.529238481835,120.567029282014,0,0,0,283.248188884028,320.356811100276,0,0,0,0,0,0,0,101.85207633558,0,0,0,0,114.511014214502,0,0,0,0,0,116.054372245433,128.846764897717,0,0,0,0,0,314.611698427915,142.054529471577,0,0,0,0,0,0
0,0,0,0,0,0,199.492852797962,241.635434294794,0,0,0,215.611029055736,0,0,0,193.055010680236,0,112.349934713559,0,219.078548227669,101.605593487621,0,151.036729364761,262.382215657622,0,0,222.053792850439,115.871357769661,154.065933476765,0,0,165.597665022977,0,171.230058197369,162.833808134102,198.528111506785,62.859596780235,106.926813611922,0,80.8080171296381,338.131802716296
0,0,0,241.682021696872,193.659409924573,0,94.9380989123498,135.294330067913,0,154.142998692322,142.385058730083,153.672550905948,0,0,0,0,0,0,0,195.314816908693,115.332064605654,0,98.417953423071,219.430938885781,116.054372245433,222.053792850439,0,231.715271819474,186.973586461633,0,0,0,87.8456058929559,183.786860782462,158.567996645797,0,0,0,0,128.530575464043,178.683678585178
0,0,0,224.551207449728,0,0,0,97.3232815600345,212.592150359921,220.963068032256,0,160.530221557972,228.792310020318,101.895308036513,0,96.5937438588657,0,172.892533368851,0,74.4197823064597,153.453047983244,0,146.770754374523,146.465927798921,128.846764897717,115.871357769661,231.715271819474,0,211.840482897052,205.09013266389,120.912756812582,151.075371308616,0,163.945208919892,323.781250289068,0,333.645516435298,112.823430872325,106.128596538706,261.605527103798,81.9664354533492
101.350815329073,141.204637091722,192.135034768848,0,89.1590885155172,100.812745974529,0,202.712457066107,0,0,119.728129215699,232.945974238958,0,0,0,0,0,0,184.249961885477,139.792601838991,92.5568465385234,200.878319874537,146.814226519809,263.534399241887,0,154.065933476765,186.973586461633,211.840482897052,0,0,0,0,0,0,90.1317194604647,0,0,218.045528847001,0,133.984214699576,137.177378802006
0,0,0,161.694997919804,0,0,280.376028997576,0,0,137.239127032733,0,300.031143529538,0,353.822894641502,0,153.609372090384,0,0,0,0,0,0,0,0,0,0,0,205.09013266389,0,0,0,0,0,348.674510760064,0,0,138.33942793804,122.106946855269,0,276.620869034647,0
0,0,0,161.275817184598,0,0,0,0,0,0,0,0,0,0,0,0,0,0,143.005810983322,0,0,0,0,0,0,0,0,120.912756812582,0,0,0,0,0,0,0,0,154.784755881607,225.013371621378,0,0,113.059176128709
0,0,0,0,0,0,0,0,0,173.059382066957,0,150.161410108805,0,0,0,0,0,161.325017232684,0,0,0,0,136.792307586862,0,0,165.597665022977,0,151.075371308616,0,0,0,0,0,0,217.157696745803,78.9559315574845,89.9429017381717,71.4788760670054,0,224.523755099568,0
0,0,0,0,0,0,0,0,0,0,0,0,0,0,0,0,0,0,0,0,192.693757128262,0,0,0,0,0,87.8456058929559,0,0,0,0,0,0,85.6072705949986,0,0,89.3673883748406,0,0,135.667029391615,0
58.3493451392805,0,0,173.201474590904,99.2646516363145,155.901486485736,194.442125915551,0,0,255.441154257905,0,227.504408813069,115.868441404982,213.67670887414,247.66948903751,204.084074037941,117.208001126138,0,0,114.649126378906,0,0,177.763106506206,231.050882209,314.611698427915,171.230058197369,183.786860782462,163.945208919892,0,348.674510760064,0,0,85.6072705949986,0,0,159.183173818572,84.3635741045246,169.742003380707,0,221.805809452716,157.852515740516
0,0,0,0,70.4221432298295,241.57250333243,0,119.345624434514,0,0,173.538155409849,0,0,74.5815074003433,139.654362654449,242.790381480436,78.8552325762656,193.63278243493,73.4795582048751,180.543851962045,111.435629183184,0,118.522099274347,303.527509149359,142.054529471577,162.833808134102,158.567996645797,323.781250289068,90.1317194604647,0,0,217.157696745803,0,0,0,94.7280504127031,76.5072790361762,171.906398392157,115.541295036174,186.348837226466,0
0,306.640284138334,0,112.793316814908,0,0,0,0,236.681907140956,347.376449530863,261.440278806413,125.81518738273,0,0,108.381749703452,0,223.705816669619,0,137.189596148386,309.997227542691,173.001559092555,0,0,201.100640800745,0,198.528111506785,0,0,0,0,0,78.9559315574845,0,159.183173818572,94.7280504127031,0,115.114253591495,67.8267069095267,66.5008477853491,0,0
201.44584889478,0,0,259.442917595754,160.537522273714,82.4756938751058,0,108.136066660554,0,180.355266595273,0,0,94.027247878695,73.1029054543569,151.01089327964,190.185165668632,136.685314494491,198.964527389285,0,174.013630695256,208.005106191961,283.88658203332,167.066576495979,240.185081663983,0,62.859596780235,0,333.645516435298,0,138.33942793804,154.784755881607,89.9429017381717,89.3673883748406,84.3635741045246,76.5072790361762,115.114253591495,0,94.126460729827,161.74915061469,197.486504603685,250.461724766314
0,0,0,205.183249704085,0,195.822649557859,0,104.915316975638,89.707245288964,0,0,93.5029580098427,0,196.04190773555,85.7623170715703,0,0,0,0,214.116367924649,0,0,0,158.955087279859,0,106.926813611922,0,112.823430872325,218.045528847001,122.106946855269,225.013371621378,71.4788760670054,0,169.742003380707,171.906398392157,67.8267069095267,94.126460729827,0,306.344527664232,0,0
0,0,133.218162784108,0,75.4497121078207,0,0,138.425725342224,0,0,94.7529894315991,228.075434767255,0,0,146.99041817625,0,0,0,172.608400267715,0,0,151.806152521152,0,0,0,0,0,106.128596538706,0,0,0,0,0,0,115.541295036174,66.5008477853491,161.74915061469,306.344527664232,0,62.311273509377,103.519938150021
0,0,0,82.6299537488922,124.698445421759,289.631679007608,0,72.2278283150671,335.371040201042,193.777661225572,169.453147353278,0,178.748963182352,0,0,145.74089716123,0,175.196329314064,82.6426202489162,259.055025639447,0,0,0,110.384905066973,0,80.8080171296381,128.530575464043,261.605527103798,133.984214699576,276.620869034647,0,224.523755099568,135.667029391615,221.805809452716,186.348837226466,0,197.486504603685,0,62.311273509377,0,357.423078228283
197.893790332676,0,0,0,0,220.901129804706,0,0,168.241326865882,0,196.032358954952,0,116.176698124939,0,82.1742780037132,0,0,178.224497384947,0,251.098274723989,134.566479261133,219.040656038919,131.969743415579,205.839960264176,0,338.131802716296,178.683678585178,81.9664354533492,137.177378802006,0,113.059176128709,0,0,157.852515740516,0,0,250.461724766314,0,103.519938150021,357.423078228283,0
