0,0,0,0,0,0,0,236.681907140956,0,0,0,0,0,0,0,0,0,0,0,0,106.33736463831,0,0,0,96.7845769653343,151.695570509541,0,0,0,0,0,0,0,0,0,0,78.9559315574845,0,0,196.04190773555,0
0,0,0,0,0,0,0,0,0,0,222.053792850439,0,0,0,213.67670887414,0,0,0,0,0,0,0,0,0,0,0,116.176698124939,165.893015276821,0,0,0,168.241326865882,0,0,232.945974238958,0,0,0,0,306.344527664232,0
0,0,0,0,0,0,0,211.840482897052,0,0,0,0,0,0,0,0,0,0,0,0,0,0,0,0,0,0,160.530221557972,0,0,0,0,0,0,0,0,0,249.905610015455,0,289.631679007608,227.504408813069,0
0,0,0,0,0,231.050882209,0,0,151.806152521152,0,0,218.045528847001,0,0,0,0,0,0,0,0,0,0,0,0,0,0,135.294330067913,153.609372090384,283.88658203332,61.0664810463559,0,241.635434294794,0,0,80.4367166559625,112.823430872325,155.24952173131,131.969743415579,0,0,259.055025639447
0,0,0,0,0,0,0,0,0,122.106946855269,0,226.825099357786,0,0,0,0,0,0,0,169.453147353278,163.059043292369,255.441154257905,0,224.551207449728,0,98.6790043377568,0,0,206.472608421747,0,0,145.74089716123,0,154.065933476765,74.7304794244225,128.405764333981,348.674510760064,153.453047983244,0,0,0
0,0,0,231.050882209,0,0,0,0,0,204.084074037941,0,116.054372245433,0,204.481117647118,0,0,0,0,0,146.814226519809,186.348837226466,171.906398392157,0,0,0,0,0,96.5937438588657,155.901486485736,75.4497121078207,0,0,0,177.763106506206,97.5855511246009,0,0,188.936291522747,0,259.442917595754,0
0,0,0,0,0,0,0,0,0,0,345.797434674459,0,174.013630695256,0,0,0,175.196329314064,0,0,306.640284138334,333.645516435298,0,0,0,0,0,0,0,195.822649557859,0,209.996727521564,140.574866691684,0,115.541295036174,0,0,162.833808134102,114.511014214502,0,137.239127032733,128.530575464043
236.681907140956,0,211.840482897052,0,0,0,0,0,0,201.100640800745,0,0,0,263.534399241887,0,180.543851962045,0,0,0,72.2278283150671,217.157696745803,0,0,0,0,138.425725342224,81.2827395071039,193.777661225572,0,0,0,143.005810983322,0,228.075434767255,0,0,161.74915061469,139.93285932648,0,193.659409924573,119.728129215699
0,0,0,151.806152521152,0,0,0,0,0,0,0,0,0,179.718364159796,353.822894641502,0,0,0,0,0,115.194491798135,0,0,0,0,335.371040201042,0,212.592150359921,0,0,0,0,0,193.055010680236,0,0,125.81518738273,101.605593487621,81.9664354533492,98.2230592632363,0
0,0,0,0,122.106946855269,204.084074037941,0,201.100640800745,0,0,215.611029055736,280.376028997576,242.790381480436,151.036729364761,0,192.135034768848,0,193.63278243493,0,347.376449530863,0,0,165.597665022977,173.538155409849,0,0,139.792601838991,101.85207633558,0,0,0,0,0,200.878319874537,0,0,0,183.786860782462,195.314816908693,115.868441404982,0
0,222.053792850439,0,0,0,0,345.797434674459,0,0,215.611029055736,0,0,0,0,0,0,97.3506957544063,0,0,94.8881692391942,90.1317194604647,0,115.871357769661,0,0,0,101.895308036513,124.853650664477,85.7623170715703,0,0,0,205.839960264176,0,94.9380989123498,0,99.2646516363145,249.798812580765,120.912756812582,0,58.3493451392805
0,0,0,218.045528847001,226.825099357786,116.054372245433,0,0,0,280.376028997576,0,0,0,320.356811100276,240.185081663983,0,106.926813611922,221.805809452716,84.3635741045246,0,0,0,80.8080171296381,171.230058197369,0,196.032358954952,154.070293657878,98.417953423071,0,89.1590885155172,0,0,0,108.136066660554,97.3232815600345,191.519780382943,112.793316814908,110.384905066973,0,94.126460729827,0
0,0,0,0,0,0,174.013630695256,0,0,242.790381480436,0,0,0,0,0,0,0,0,0,205.09013266389,0,0,0,321.124897279917,0,0,0,0,0,0,0,0,0,94.7529894315991,0,92.5207898118833,0,0,0,0,0
0,0,0,0,0,204.481117647118,0,263.534399241887,179.718364159796,151.036729364761,0,320.356811100276,0,0,0,0,0,0,0,0,0,0,220.901129804706,241.57250333243,0,250.461724766314,181.316358113209,0,325.937289045041,128.846764897717,0,89.9429017381717,0,0,0,0,133.984214699576,0,0,276.620869034647,0
0,213.67670887414,0,0,0,0,0,0,353.822894641502,0,0,240.185081663983,0,0,0,74.5815074003433,82.6299537488922,0,0,0,202.712457066107,0,0,151.01089327964,0,0,0,142.385058730083,0,0,0,0,0,0,148.808626413748,136.685314494491,113.144980278377,0,0,0,82.4756938751058
0,0,0,0,0,0,0,180.543851962045,0,192.135034768848,0,0,0,0,74.5815074003433,0,0,154.142998692322,252.487290983309,0,0,0,0,0,161.694997919804,101.350815329073,0,73.4795582048751,0,70.4221432298295,0,0,0,115.332064605654,0,219.040656038919,0,0,0,0,0
0,0,0,0,0,0,175.196329314064,0,0,0,97.3506957544063,106.926813611922,0,0,82.6299537488922,0,0,0,0,0,0,0,0,0,0,0,0,283.248188884028,115.114253591495,0,101.5853655613,0,0,82.1742780037132,0,173.059382066957,0,0,0,73.1029054543569,0
0,0,0,0,0,0,0,0,0,193.63278243493,0,221.805809452716,0,0,0,154.142998692322,0,0,0,0,0,0,134.960780198024,0,0,0,199.492852797962,62.859596780235,0,0,0,0,0,125.416941482916,0,0,198.528111506785,117.208001126138,0,0,0
0,0,0,0,0,0,0,0,0,0,0,84.3635741045246,0,0,0,252.487290983309,0,0,0,0,0,0,67.8267069095267,178.224497384947,0,197.893790332676,197.486504603685,164.032723165762,172.892533368851,0,0,0,0,0,309.997227542691,0,109.093416850988,0,0,253.401634605989,167.066576495979
0,0,0,0,169.453147353278,146.814226519809,306.640284138334,72.2278283150671,0,347.376449530863,94.8881692391942,0,205.09013266389,0,0,0,0,0,0,0,0,0,0,192.601533877686,0,0,138.33942793804,92.5568465385234,0,0,0,0,111.226326353722,161.302948562323,158.955087279859,113.059176128709,0,0,100.812745974529,161.275817184598,94.7280504127031
106.33736463831,0,0,0,163.059043292369,186.348837226466,333.645516435298,217.157696745803,115.194491798135,0,90.1317194604647,0,0,0,202.712457066107,0,0,0,0,0,0,0,0,0,0,0,0,186.973586461633,261.605527103798,0,0,0,0,0,160.537522273714,0,0,0,157.852515740516,0,214.116367924649
0,0,0,0,255.441154257905,171.906398392157,0,0,0,0,0,0,0,0,0,0,0,0,0,0,0,0,0,357.423078228283,0,0,0,247.66948903751,0,0,220.963068032256,0,0,0,0,284.529238481835,180.90030328818,76.5072790361762,0,0,0
0,0,0,0,0,0,0,0,0,165.597665022977,115.871357769661,80.8080171296381,0,220.901129804706,0,0,0,134.960780198024,67.8267069095267,0,0,0,0,89.707245288964,0,206.912707094411,0,0,142.054529471577,0,219.078548227669,0,0,150.161410108805,173.001559092555,190.185165668632,114.649126378906,0,0,0,208.005106191961
0,0,0,0,224.551207449728,0,0,0,0,173.538155409849,0,171.230058197369,321.124897279917,241.57250333243,151.01089327964,0,0,0,178.224497384947,192.601533877686,0,357.423078228283,89.707245288964,0,223.705816669619,338.131802716296,133.218162784108,0,0,0,0,0,0,112.349934713559,251.098274723989,101.443495235174,106.128596538706,0,0,89.3673883748406,269.936825670274
96.7845769653343,0,0,0,0,0,0,0,0,0,0,0,0,0,0,161.694997919804,0,0,0,0,0,0,0,223.705816669619,0,0,0,0,300.031143529538,0,0,0,0,62.311273509377,108.381749703452,0,173.201474590904,104.369974912428,0,66.5008477853491,103.519938150021
151.695570509541,0,0,0,98.6790043377568,0,0,138.425725342224,335.371040201042,0,0,196.032358954952,0,250.461724766314,0,101.350815329073,0,0,197.893790332676,0,0,0,206.912707094411,338.131802716296,0,0,93.4234866874731,106.533627130087,159.183173818572,95.7590805983148,0,195.378266313867,0,0,329.719143597451,0,87.8456058929559,78.8552325762656,0,146.99041817625,74.4197823064597
0,116.176698124939,160.530221557972,135.294330067913,0,0,0,81.2827395071039,0,139.792601838991,101.895308036513,154.070293657878,0,181.316358113209,0,0,0,199.492852797962,197.486504603685,138.33942793804,0,0,0,133.218162784108,0,93.4234866874731,0,0,153.876396855887,146.465927798921,0,0,0,90.7216186966914,224.523755099568,0,111.435629183184,0,124.698445421759,0,71.5579325720569
0,165.893015276821,0,153.609372090384,0,96.5937438588657,0,193.777661225572,212.592150359921,101.85207633558,124.853650664477,98.417953423071,0,0,142.385058730083,73.4795582048751,283.248188884028,62.859596780235,164.032723165762,92.5568465385234,186.973586461633,247.66948903751,0,0,0,106.533627130087,0,0,139.654362654449,0,205.183249704085,0,323.781250289068,153.672550905948,119.345624434514,136.792307586862,94.027247878695,0,172.608400267715,120.567029282014,137.177378802006
0,0,0,283.88658203332,206.472608421747,155.901486485736,195.822649557859,0,0,0,85.7623170715703,0,0,325.937289045041,0,0,115.114253591495,0,172.892533368851,0,261.605527103798,0,142.054529471577,0,300.031143529538,159.183173818572,153.876396855887,139.654362654449,0,0,0,303.527509149359,0,0,184.249961885477,0,198.964527389285,241.682021696872,161.325017232684,137.189596148386,169.742003380707
0,0,0,61.0664810463559,0,75.4497121078207,0,0,0,0,0,89.1590885155172,0,128.846764897717,0,70.4221432298295,0,0,0,0,0,0,0,0,0,95.7590805983148,146.465927798921,0,0,0,0,0,0,125.994729980093,0,0,163.945208919892,188.851177466023,0,0,321.864157986053
0,0,0,0,0,0,209.996727521564,0,0,0,0,0,0,0,0,0,101.5853655613,0,0,0,0,220.963068032256,219.078548227669,0,0,0,0,205.183249704085,0,0,0,0,0,0,0,0,0,0,0,201.44584889478,0
0,168.241326865882,0,241.635434294794,145.74089716123,0,140.574866691684,143.005810983322,0,0,0,0,0,89.9429017381717,0,0,0,0,0,0,0,0,0,0,0,195.378266313867,0,0,303.527509149359,0,0,0,0,178.683678585178,194.442125915551,0,146.770754374523,0,0,0,0
0,0,0,0,0,0,0,0,0,0,205.839960264176,0,0,0,0,0,0,0,0,111.226326353722,0,0,0,0,0,0,0,323.781250289068,0,0,0,0,0,0,0,225.013371621378,0,228.792310020318,0,0,0
0,0,0,0,154.065933476765,177.763106506206,115.541295036174,228.075434767255,193.055010680236,200.878319874537,0,108.136066660554,94.7529894315991,0,0,115.332064605654,82.1742780037132,125.416941482916,0,161.302948562323,0,0,150.161410108805,112.349934713559,62.311273509377,0,90.7216186966914,153.672550905948,0,125.994729980093,0,178.683678585178,0,0,238.934743274142,158.567996645797,178.748963182352,82.6426202489162,231.715271819474,262.382215657622,187.77054666536
0,232.945974238958,0,80.4367166559625,74.7304794244225,97.5855511246009,0,0,0,0,94.9380989123498,97.3232815600345,0,0,148.808626413748,0,0,0,309.997227542691,158.955087279859,160.537522273714,0,173.001559092555,251.098274723989,108.381749703452,329.719143597451,224.523755099568,119.345624434514,184.249961885477,0,0,194.442125915551,0,238.934743274142,0,219.430938885781,134.566479261133,118.522099274347,154.784755881607,99.3508940827211,85.6072705949986
0,0,0,112.823430872325,128.405764333981,0,0,0,0,0,0,191.519780382943,92.5207898118833,0,136.685314494491,219.040656038919,173.059382066957,0,0,113.059176128709,0,284.529238481835,190.185165668632,101.443495235174,0,0,0,136.792307586862,0,0,0,0,225.013371621378,158.567996645797,219.430938885781,0,151.075371308616,0,135.667029391615,180.355266595273,314.611698427915
78.9559315574845,0,249.905610015455,155.24952173131,348.674510760064,0,162.833808134102,161.74915061469,125.81518738273,0,99.2646516363145,112.793316814908,0,133.984214699576,113.144980278377,0,0,198.528111506785,109.093416850988,0,0,180.90030328818,114.649126378906,106.128596538706,173.201474590904,87.8456058929559,111.435629183184,94.027247878695,198.964527389285,163.945208919892,0,146.770754374523,0,178.748963182352,134.566479261133,151.075371308616,0,261.440278806413,93.5029580098427,104.915316975638,192.693757128262
0,0,0,131.969743415579,153.453047983244,188.936291522747,114.511014214502,139.93285932648,101.605593487621,183.786860782462,249.798812580765,110.384905066973,0,0,0,0,0,117.208001126138,0,0,0,76.5072790361762,0,0,104.369974912428,78.8552325762656,0,0,241.682021696872,188.851177466023,0,0,228.792310020318,82.6426202489162,118.522099274347,0,261.440278806413,0,92.3502314520023,0,0
0,0,289.631679007608,0,0,0,0,0,81.9664354533492,195.314816908693,120.912756812582,0,0,0,0,0,0,0,0,100.812745974529,157.852515740516,0,0,0,0,0,124.698445421759,172.608400267715,161.325017232684,0,0,0,0,231.715271819474,154.784755881607,135.667029391615,93.5029580098427,92.3502314520023,0,141.204637091722,0
196.04190773555,306.344527664232,227.504408813069,0,0,259.442917595754,137.239127032733,193.659409924573,98.2230592632363,115.868441404982,0,94.126460729827,0,276.620869034647,0,0,73.1029054543569,0,253.401634605989,161.275817184598,0,0,0,89.3673883748406,66.5008477853491,146.99041817625,0,120.567029282014,137.189596148386,0,201.44584889478,0,0,262.382215657622,99.3508940827211,180.355266595273,104.915316975638,0,141.204637091722,0,71.4788760670054
0,0,0,259.055025639447,0,0,128.530575464043,119.728129215699,0,0,58.3493451392805,0,0,0,82.4756938751058,0,0,0,167.066576495979,94.7280504127031,214.116367924649,0,208.005106191961,269.936825670274,103.519938150021,74.4197823064597,71.5579325720569,137.177378802006,169.742003380707,321.864157986053,0,0,0,187.77054666536,85.6072705949986,314.611698427915,192.693757128262,0,0,71.4788760670054,0
