0,0,0,0,0,0,128.846764897717,0,0,0,0,0,0,0,0,0,0,348.674510760064,0,0,0,0,0,0,0,198.528111506785,96.7845769653343,0,0,0,0,0,0,125.416941482916,0,0,113.144980278377,0,0,0,0
0,0,0,0,241.682021696872,0,0,0,0,0,0,0,0,0,0,0,231.715271819474,0,0,0,0,0,0,0,0,0,0,99.2646516363145,0,0,0,0,0,206.912707094411,94.8881692391942,0,106.533627130087,0,0,146.770754374523,0
0,0,0,0,0,0,0,0,0,153.876396855887,0,0,0,0,0,0,0,0,0,0,0,0,0,0,0,0,0,335.371040201042,0,112.793316814908,0,0,0,0,320.356811100276,0,0,0,186.348837226466,0,0
0,0,0,0,0,0,0,0,124.698445421759,0,0,204.084074037941,0,0,0,338.131802716296,0,221.805809452716,112.823430872325,0,0,219.040656038919,0,0,0,0,314.611698427915,303.527509149359,0,228.792310020318,0,62.859596780235,0,0,0,0,87.8456058929559,0,0,72.2278283150671,67.8267069095267
0,241.682021696872,0,0,0,0,0,0,0,0,0,353.822894641502,0,241.635434294794,0,0,0,0,224.551207449728,71.5579325720569,0,0,115.871357769661,0,0,0,0,138.425725342224,71.4788760670054,0,0,0,104.369974912428,0,347.376449530863,0,116.054372245433,212.592150359921,0,134.960780198024,109.093416850988
0,0,0,0,0,0,0,94.7280504127031,0,188.851177466023,0,193.63278243493,0,0,0,0,142.385058730083,0,0,236.681907140956,0,0,0,195.822649557859,0,0,120.912756812582,135.667029391615,131.969743415579,0,0,0,0,89.3673883748406,0,173.538155409849,0,98.417953423071,161.74915061469,269.936825670274,0
128.846764897717,0,0,0,0,0,0,0,0,0,0,78.9559315574845,0,0,0,0,0,0,0,0,0,82.6426202489162,0,115.194491798135,0,0,99.3508940827211,0,0,0,153.609372090384,194.442125915551,0,0,161.275817184598,155.24952173131,81.2827395071039,186.973586461633,0,171.230058197369,92.5568465385234
0,0,0,0,0,94.7280504127031,0,0,0,180.90030328818,80.8080171296381,146.99041817625,0,0,0,0,74.7304794244225,0,0,0,0,0,180.355266595273,0,201.44584889478,247.66948903751,0,193.659409924573,0,0,0,114.649126378906,0,82.4756938751058,223.705816669619,92.5207898118833,106.33736463831,0,198.964527389285,204.481117647118,0
0,0,0,124.698445421759,0,0,0,0,0,168.241326865882,0,183.786860782462,0,97.5855511246009,0,125.81518738273,0,0,0,0,0,0,0,0,0,0,280.376028997576,0,136.685314494491,0,0,0,0,193.777661225572,0,0,174.013630695256,261.440278806413,178.748963182352,0,0
0,0,153.876396855887,0,0,188.851177466023,0,180.90030328818,168.241326865882,0,0,101.443495235174,0,76.5072790361762,251.098274723989,0,222.053792850439,0,114.511014214502,89.707245288964,0,0,184.249961885477,0,0,137.177378802006,0,117.208001126138,0,0,0,0,0,0,161.694997919804,146.465927798921,0,0,62.311273509377,197.486504603685,101.895308036513
0,0,0,0,0,0,0,80.8080171296381,0,0,0,0,0,0,134.566479261133,0,0,0,110.384905066973,0,115.868441404982,0,92.3502314520023,0,193.055010680236,0,0,118.522099274347,172.892533368851,135.294330067913,0,0,0,211.840482897052,259.442917595754,0,125.994729980093,255.441154257905,75.4497121078207,192.693757128262,249.905610015455
0,0,0,204.084074037941,353.822894641502,193.63278243493,78.9559315574845,146.99041817625,183.786860782462,101.443495235174,0,0,80.4367166559625,0,0,0,0,0,0,0,106.128596538706,225.013371621378,0,158.567996645797,141.204637091722,97.3232815600345,201.100640800745,0,139.93285932648,0,0,94.126460729827,0,66.5008477853491,0,0,113.059176128709,300.031143529538,0,78.8552325762656,101.350815329073
0,0,0,0,0,0,0,0,0,0,0,80.4367166559625,0,0,0,0,0,0,153.672550905948,0,0,0,0,289.631679007608,0,0,0,0,136.792307586862,0,0,0,0,0,0,0,195.378266313867,139.654362654449,0,0,0
0,0,0,0,241.635434294794,0,0,0,97.5855511246009,76.5072790361762,0,0,0,0,0,0,0,0,0,112.349934713559,151.075371308616,0,0,158.955087279859,202.712457066107,0,231.050882209,259.055025639447,169.742003380707,0,0,249.798812580765,0,0,128.405764333981,103.519938150021,209.996727521564,0,0,0,0
0,0,0,0,0,0,0,0,0,251.098274723989,134.566479261133,0,0,0,0,0,0,0,0,192.135034768848,0,0,218.045528847001,0,0,0,0,172.608400267715,94.7529894315991,0,0,0,232.945974238958,101.5853655613,0,240.185081663983,151.01089327964,82.6299537488922,154.784755881607,0,0
0,0,0,338.131802716296,0,0,0,0,125.81518738273,0,0,0,0,0,0,0,0,0,0,0,175.196329314064,0,143.005810983322,96.5937438588657,0,146.814226519809,0,0,122.106946855269,0,0,0,0,178.224497384947,345.797434674459,173.059382066957,333.645516435298,0,0,0,0
0,231.715271819474,0,0,0,142.385058730083,0,74.7304794244225,0,222.053792850439,0,0,0,0,0,0,0,0,0,0,0,0,0,0,0,0,263.534399241887,139.792601838991,0,0,0,0,119.728129215699,163.059043292369,191.519780382943,0,0,0,0,321.864157986053,0
348.674510760064,0,0,221.805809452716,0,0,0,0,0,0,0,0,0,0,0,0,0,0,0,101.85207633558,0,0,0,0,0,0,173.001559092555,154.065933476765,0,0,205.09013266389,0,0,0,0,85.7623170715703,0,0,0,157.852515740516,323.781250289068
0,0,0,112.823430872325,224.551207449728,0,0,0,0,114.511014214502,110.384905066973,0,153.672550905948,0,0,0,0,0,0,0,0,0,0,0,0,73.1029054543569,0,94.9380989123498,0,0,0,0,0,119.345624434514,82.1742780037132,0,188.936291522747,74.4197823064597,0,0,165.893015276821
0,0,0,0,71.5579325720569,236.681907140956,0,0,0,89.707245288964,0,0,0,112.349934713559,192.135034768848,0,0,101.85207633558,0,0,145.74089716123,0,0,70.4221432298295,0,151.695570509541,133.984214699576,0,98.2230592632363,0,0,0,0,167.066576495979,213.67670887414,181.316358113209,284.529238481835,0,0,153.453047983244,160.537522273714
0,0,0,0,0,0,0,0,0,0,115.868441404982,106.128596538706,0,151.075371308616,0,175.196329314064,0,0,0,145.74089716123,0,0,220.901129804706,0,0,161.325017232684,0,142.054529471577,228.075434767255,0,0,0,0,224.523755099568,81.9664354533492,199.492852797962,0,0,73.4795582048751,0,0
0,0,0,219.040656038919,0,0,82.6426202489162,0,0,0,0,225.013371621378,0,0,0,0,0,0,0,0,0,0,0,0,0,0,0,133.218162784108,0,0,0,0,0,0,0,0,106.926813611922,97.3506957544063,101.605593487621,0,196.04190773555
0,0,0,0,115.871357769661,0,0,180.355266595273,0,184.249961885477,92.3502314520023,0,0,0,218.045528847001,143.005810983322,0,0,0,0,220.901129804706,0,0,205.183249704085,0,306.640284138334,0,0,128.530575464043,0,0,116.176698124939,0,171.906398392157,0,154.070293657878,227.504408813069,0,0,150.161410108805,0
0,0,0,0,0,195.822649557859,115.194491798135,0,0,0,0,158.567996645797,289.631679007608,158.955087279859,0,96.5937438588657,0,0,0,70.4221432298295,0,0,205.183249704085,0,250.461724766314,242.790381480436,148.808626413748,0,0,0,0,160.530221557972,0,325.937289045041,90.7216186966914,219.078548227669,200.878319874537,276.620869034647,0,180.543851962045,217.157696745803
0,0,0,0,0,0,0,201.44584889478,0,0,193.055010680236,141.204637091722,0,202.712457066107,0,0,0,0,0,0,0,0,0,250.461724766314,0,115.114253591495,0,187.77054666536,0,220.963068032256,0,115.332064605654,0,0,137.239127032733,0,0,0,0,0,0
198.528111506785,0,0,0,0,0,0,247.66948903751,0,137.177378802006,0,97.3232815600345,0,0,0,146.814226519809,0,0,73.1029054543569,151.695570509541,161.325017232684,0,306.640284138334,242.790381480436,115.114253591495,0,0,111.435629183184,178.683678585178,165.597665022977,0,253.401634605989,0,177.763106506206,163.945208919892,215.611029055736,108.381749703452,0,0,98.6790043377568,0
96.7845769653343,0,0,314.611698427915,0,120.912756812582,99.3508940827211,0,280.376028997576,0,0,201.100640800745,0,231.050882209,0,0,263.534399241887,173.001559092555,0,133.984214699576,0,0,0,148.808626413748,0,0,0,197.893790332676,179.718364159796,0,0,0,0,192.601533877686,161.302948562323,124.853650664477,262.382215657622,0,100.812745974529,214.116367924649,162.833808134102
0,99.2646516363145,335.371040201042,303.527509149359,138.425725342224,135.667029391615,0,193.659409924573,0,117.208001126138,118.522099274347,0,0,259.055025639447,172.608400267715,0,139.792601838991,154.065933476765,94.9380989123498,0,142.054529471577,133.218162784108,0,0,187.77054666536,111.435629183184,197.893790332676,0,0,85.6072705949986,95.7590805983148,84.3635741045246,0,0,169.453147353278,140.574866691684,164.032723165762,173.201474590904,0,115.541295036174,205.839960264176
0,0,0,0,71.4788760670054,131.969743415579,0,0,136.685314494491,0,172.892533368851,139.93285932648,136.792307586862,169.742003380707,94.7529894315991,122.106946855269,0,0,0,98.2230592632363,228.075434767255,0,128.530575464043,0,0,178.683678585178,179.718364159796,0,0,137.189596148386,0,0,0,195.314816908693,0,0,154.142998692322,208.005106191961,151.806152521152,226.825099357786,238.934743274142
0,0,112.793316814908,228.792310020318,0,0,0,0,0,0,135.294330067913,0,0,0,0,0,0,0,0,0,0,0,0,0,220.963068032256,165.597665022977,0,85.6072705949986,137.189596148386,0,111.226326353722,0,0,0,159.183173818572,0,309.997227542691,151.036729364761,0,0,0
0,0,0,0,0,0,153.609372090384,0,0,0,0,0,0,0,0,0,0,205.09013266389,0,0,0,0,0,0,0,0,0,95.7590805983148,0,111.226326353722,0,0,0,0,0,0,0,0,0,138.33942793804,93.4234866874731
0,0,0,62.859596780235,0,0,194.442125915551,114.649126378906,0,0,0,94.126460729827,0,249.798812580765,0,0,0,0,0,0,0,0,116.176698124939,160.530221557972,115.332064605654,253.401634605989,0,84.3635741045246,0,0,0,0,0,0,0,0,0,0,0,283.88658203332,0
0,0,0,0,104.369974912428,0,0,0,0,0,0,0,0,0,232.945974238958,0,119.728129215699,0,0,0,0,0,0,0,0,0,0,0,0,0,0,0,0,94.027247878695,0,0,61.0664810463559,0,0,0,0
125.416941482916,206.912707094411,0,0,0,89.3673883748406,0,82.4756938751058,193.777661225572,0,211.840482897052,66.5008477853491,0,0,101.5853655613,178.224497384947,163.059043292369,0,119.345624434514,167.066576495979,224.523755099568,0,171.906398392157,325.937289045041,0,177.763106506206,192.601533877686,0,195.314816908693,0,0,0,94.027247878695,0,252.487290983309,321.124897279917,357.423078228283,241.57250333243,89.9429017381717,261.605527103798,90.1317194604647
0,94.8881692391942,320.356811100276,0,347.376449530863,0,161.275817184598,223.705816669619,0,161.694997919804,259.442917595754,0,0,128.405764333981,0,345.797434674459,191.519780382943,0,82.1742780037132,213.67670887414,81.9664354533492,0,0,90.7216186966914,137.239127032733,163.945208919892,161.302948562323,169.453147353278,0,159.183173818572,0,0,0,252.487290983309,0,0,104.915316975638,283.248188884028,93.5029580098427,206.472608421747,58.3493451392805
0,0,0,0,0,173.538155409849,155.24952173131,92.5207898118833,0,146.465927798921,0,0,0,103.519938150021,240.185081663983,173.059382066957,0,85.7623170715703,0,181.316358113209,199.492852797962,0,154.070293657878,219.078548227669,0,215.611029055736,124.853650664477,140.574866691684,0,0,0,0,0,321.124897279917,0,0,219.430938885781,89.1590885155172,0,306.344527664232,0
113.144980278377,106.533627130087,0,87.8456058929559,116.054372245433,0,81.2827395071039,106.33736463831,174.013630695256,0,125.994729980093,113.059176128709,195.378266313867,209.996727521564,151.01089327964,333.645516435298,0,0,188.936291522747,284.529238481835,0,106.926813611922,227.504408813069,200.878319874537,0,108.381749703452,262.382215657622,164.032723165762,154.142998692322,309.997227542691,0,0,61.0664810463559,357.423078228283,104.915316975638,219.430938885781,0,329.719143597451,0,120.567029282014,155.901486485736
0,0,0,0,212.592150359921,98.417953423071,186.973586461633,0,261.440278806413,0,255.441154257905,300.031143529538,139.654362654449,0,82.6299537488922,0,0,0,74.4197823064597,0,0,97.3506957544063,0,276.620869034647,0,0,0,173.201474590904,208.005106191961,151.036729364761,0,0,0,241.57250333243,283.248188884028,89.1590885155172,329.719143597451,0,196.032358954952,0,108.136066660554
0,0,186.348837226466,0,0,161.74915061469,0,198.964527389285,178.748963182352,62.311273509377,75.4497121078207,0,0,0,154.784755881607,0,0,0,0,0,73.4795582048751,101.605593487621,0,0,0,0,100.812745974529,0,151.806152521152,0,0,0,0,89.9429017381717,93.5029580098427,0,0,196.032358954952,0,0,74.5815074003433
0,146.770754374523,0,72.2278283150671,134.960780198024,269.936825670274,171.230058197369,204.481117647118,0,197.486504603685,192.693757128262,78.8552325762656,0,0,0,0,321.864157986053,157.852515740516,0,153.453047983244,0,0,150.161410108805,180.543851962045,0,98.6790043377568,214.116367924649,115.541295036174,226.825099357786,0,138.33942793804,283.88658203332,0,261.605527103798,206.472608421747,306.344527664232,120.567029282014,0,0,0,190.185165668632
0,0,0,67.8267069095267,109.093416850988,0,92.5568465385234,0,0,101.895308036513,249.905610015455,101.350815329073,0,0,0,0,0,323.781250289068,165.893015276821,160.537522273714,0,196.04190773555,0,217.157696745803,0,0,162.833808134102,205.839960264176,238.934743274142,0,93.4234866874731,0,0,90.1317194604647,58.3493451392805,0,155.901486485736,108.136066660554,74.5815074003433,190.185165668632,0
