0,0,0,0,0,0,0,0,0,0,0,0,0,0,169.742003380707,0,0,0,0,0,198.964527389285,0,0,0,0,155.24952173131,0,0,0,0,0,0,0,161.325017232684,97.3232815600345,0,0,0,0,78.8552325762656,0
0,0,0,0,0,0,0,0,0,0,0,261.605527103798,0,0,199.492852797962,0,0,0,0,0,0,0,0,0,0,0,0,0,112.823430872325,0,0,0,0,103.519938150021,115.332064605654,0,96.7845769653343,0,0,128.530575464043,0
0,0,0,224.551207449728,67.8267069095267,114.649126378906,0,0,0,0,0,0,0,0,0,0,0,0,0,0,0,0,0,0,0,0,0,95.7590805983148,0,0,0,0,0,137.189596148386,0,0,0,0,0,0,0
0,0,224.551207449728,0,0,0,0,0,0,0,0,0,0,0,0,98.2230592632363,0,0,0,0,0,236.681907140956,0,115.868441404982,114.511014214502,188.936291522747,0,161.275817184598,0,222.053792850439,0,253.401634605989,0,0,192.601533877686,108.381749703452,0,0,94.9380989123498,325.937289045041,0
0,0,67.8267069095267,0,0,0,0,78.9559315574845,0,0,136.685314494491,133.984214699576,0,0,0,0,0,0,219.078548227669,0,0,0,0,0,0,161.302948562323,162.833808134102,0,0,81.2827395071039,0,106.128596538706,0,0,205.09013266389,0,145.74089716123,338.131802716296,101.895308036513,223.705816669619,0
0,0,114.649126378906,0,0,0,0,0,0,92.5568465385234,138.33942793804,0,0,124.853650664477,0,0,218.045528847001,0,0,0,0,0,0,309.997227542691,0,227.504408813069,0,303.527509149359,146.770754374523,0,0,0,0,0,187.77054666536,168.241326865882,159.183173818572,66.5008477853491,0,99.2646516363145,0
0,0,0,0,0,0,0,0,0,201.100640800745,197.486504603685,208.005106191961,0,0,0,215.611029055736,0,0,241.635434294794,0,0,0,190.185165668632,71.4788760670054,0,0,93.4234866874731,0,0,0,0,0,146.465927798921,314.611698427915,204.084074037941,0,98.417953423071,0,0,113.144980278377,0
0,0,0,0,78.9559315574845,0,0,0,0,194.442125915551,0,94.7280504127031,0,0,0,0,196.032358954952,0,154.065933476765,0,0,0,241.57250333243,0,0,200.878319874537,117.208001126138,153.609372090384,101.85207633558,0,219.430938885781,0,0,0,192.693757128262,0,347.376449530863,345.797434674459,62.311273509377,0,228.075434767255
0,0,0,0,0,0,0,0,0,0,0,89.3673883748406,0,146.814226519809,0,58.3493451392805,0,0,0,0,0,0,0,128.846764897717,0,0,0,97.5855511246009,188.851177466023,85.6072705949986,0,213.67670887414,0,0,73.1029054543569,0,115.194491798135,0,0,141.204637091722,0
0,0,0,0,0,92.5568465385234,201.100640800745,194.442125915551,0,0,0,133.218162784108,131.969743415579,0,0,0,348.674510760064,0,0,232.945974238958,0,0,0,119.345624434514,0,116.176698124939,108.136066660554,172.892533368851,154.784755881607,0,0,276.620869034647,0,175.196329314064,146.99041817625,202.712457066107,0,186.973586461633,0,0,180.355266595273
0,0,0,0,136.685314494491,138.33942793804,197.486504603685,0,0,0,0,118.522099274347,0,0,165.893015276821,0,0,197.893790332676,0,119.728129215699,0,0,0,184.249961885477,0,101.443495235174,0,0,101.605593487621,0,0,0,0,195.822649557859,87.8456058929559,136.792307586862,94.027247878695,160.530221557972,0,0,80.4367166559625
0,261.605527103798,0,0,133.984214699576,0,208.005106191961,94.7280504127031,89.3673883748406,133.218162784108,118.522099274347,0,0,0,0,228.792310020318,0,231.050882209,0,0,0,0,113.059176128709,122.106946855269,0,151.036729364761,0,259.442917595754,195.378266313867,261.440278806413,0,0,205.839960264176,104.915316975638,174.013630695256,0,284.529238481835,134.960780198024,0,0,179.718364159796
0,0,0,0,0,0,0,0,0,131.969743415579,0,0,0,0,0,0,0,0,0,0,134.566479261133,0,0,0,0,0,0,93.5029580098427,116.054372245433,0,0,0,0,172.608400267715,0,0,240.185081663983,0,0,0,0
0,0,0,0,0,124.853650664477,0,0,146.814226519809,0,0,0,0,0,323.781250289068,0,157.852515740516,0,0,94.7529894315991,0,0,72.2278283150671,161.694997919804,0,0,0,120.912756812582,0,139.654362654449,0,106.926813611922,101.350815329073,0,0,0,206.472608421747,220.963068032256,100.812745974529,0,0
169.742003380707,199.492852797962,0,0,0,0,0,0,0,0,165.893015276821,0,0,323.781250289068,0,0,0,177.763106506206,0,106.33736463831,0,0,163.059043292369,0,0,0,0,289.631679007608,0,0,0,0,0,109.093416850988,0,0,193.659409924573,0,0,110.384905066973,252.487290983309
0,0,0,98.2230592632363,0,0,215.611029055736,0,58.3493451392805,0,0,228.792310020318,0,0,0,0,0,0,0,0,171.230058197369,0,0,0,0,169.453147353278,0,280.376028997576,0,0,0,333.645516435298,0,142.385058730083,250.461724766314,0,201.44584889478,0,0,0,0
0,0,0,0,0,218.045528847001,0,196.032358954952,0,348.674510760064,0,0,0,157.852515740516,0,0,0,0,0,0,0,0,0,0,125.416941482916,0,74.5815074003433,0,0,0,0,0,0,0,161.74915061469,0,212.592150359921,164.032723165762,0,0,143.005810983322
0,0,0,0,0,0,0,0,0,0,197.893790332676,231.050882209,0,0,177.763106506206,0,0,0,0,0,329.719143597451,0,0,0,0,0,0,90.1317194604647,0,0,142.054529471577,0,0,0,0,92.5207898118833,82.6426202489162,0,0,0,70.4221432298295
0,0,0,0,219.078548227669,0,241.635434294794,154.065933476765,0,0,0,0,0,0,0,0,0,0,0,89.1590885155172,0,0,0,0,0,111.226326353722,0,151.806152521152,81.9664354533492,139.792601838991,0,0,0,135.294330067913,0,0,183.786860782462,137.239127032733,0,247.66948903751,0
0,0,0,0,0,0,0,0,0,232.945974238958,119.728129215699,0,0,94.7529894315991,106.33736463831,0,0,0,89.1590885155172,0,135.667029391615,0,75.4497121078207,0,0,0,171.906398392157,139.93285932648,0,62.859596780235,94.8881692391942,0,0,186.348837226466,321.864157986053,196.04190773555,140.574866691684,0,263.534399241887,0,82.6299537488922
198.964527389285,0,0,0,0,0,0,0,0,0,0,0,134.566479261133,0,0,171.230058197369,0,329.719143597451,0,135.667029391615,0,178.748963182352,0,0,0,259.055025639447,154.142998692322,173.001559092555,124.698445421759,0,0,0,0,0,178.224497384947,0,84.3635741045246,0,0,153.453047983244,0
0,0,0,236.681907140956,0,0,0,0,0,0,0,0,0,0,0,0,0,0,0,0,178.748963182352,0,0,283.248188884028,205.183249704085,0,0,0,0,0,0,0,0,249.798812580765,0,0,125.994729980093,226.825099357786,0,167.066576495979,0
0,0,0,0,0,0,190.185165668632,241.57250333243,0,0,0,113.059176128709,0,72.2278283150671,163.059043292369,0,0,0,0,75.4497121078207,0,0,0,221.805809452716,0,0,151.695570509541,115.114253591495,0,0,0,0,219.040656038919,112.793316814908,115.871357769661,238.934743274142,0,0,180.543851962045,73.4795582048751,0
0,0,0,115.868441404982,0,309.997227542691,71.4788760670054,0,128.846764897717,119.345624434514,184.249961885477,122.106946855269,0,161.694997919804,0,0,0,0,0,0,0,283.248188884028,221.805809452716,0,0,0,206.912707094411,283.88658203332,0,0,0,138.425725342224,0,335.371040201042,0,173.538155409849,193.055010680236,198.528111506785,0,321.124897279917,262.382215657622
0,0,0,114.511014214502,0,0,0,0,0,0,0,0,0,0,0,0,125.416941482916,0,0,0,0,205.183249704085,0,0,0,0,242.790381480436,160.537522273714,0,92.3502314520023,0,0,0,137.177378802006,0,0,173.059382066957,0,0,158.955087279859,217.157696745803
155.24952173131,0,0,188.936291522747,161.302948562323,227.504408813069,0,200.878319874537,0,116.176698124939,101.443495235174,151.036729364761,0,0,0,169.453147353278,0,0,111.226326353722,0,259.055025639447,0,0,0,0,0,0,128.405764333981,353.822894641502,0,180.90030328818,0,0,148.808626413748,0,80.8080171296381,153.876396855887,0,163.945208919892,115.541295036174,181.316358113209
0,0,0,0,162.833808134102,0,93.4234866874731,117.208001126138,0,108.136066660554,0,0,0,0,0,0,74.5815074003433,0,0,171.906398392157,154.142998692322,0,151.695570509541,206.912707094411,242.790381480436,0,0,269.936825670274,151.075371308616,220.901129804706,0,0,0,0,255.441154257905,214.116367924649,211.840482897052,300.031143529538,251.098274723989,320.356811100276,85.7623170715703
0,0,95.7590805983148,161.275817184598,0,303.527509149359,0,153.609372090384,97.5855511246009,172.892533368851,0,259.442917595754,93.5029580098427,120.912756812582,289.631679007608,280.376028997576,0,90.1317194604647,151.806152521152,139.93285932648,173.001559092555,0,115.114253591495,283.88658203332,160.537522273714,128.405764333981,269.936825670274,0,82.1742780037132,94.126460729827,0,0,0,96.5937438588657,225.013371621378,0,0,231.715271819474,0,82.4756938751058,111.435629183184
0,112.823430872325,0,0,0,146.770754374523,0,101.85207633558,188.851177466023,154.784755881607,101.605593487621,195.378266313867,116.054372245433,0,0,0,0,0,81.9664354533492,0,124.698445421759,0,0,0,0,353.822894641502,151.075371308616,82.1742780037132,0,0,0,0,0,89.707245288964,106.533627130087,97.3506957544063,204.481117647118,191.519780382943,178.683678585178,195.314816908693,158.567996645797
0,0,0,222.053792850439,81.2827395071039,0,0,0,85.6072705949986,0,0,261.440278806413,0,139.654362654449,0,0,0,0,139.792601838991,62.859596780235,0,0,0,0,92.3502314520023,0,220.901129804706,94.126460729827,0,0,0,0,0,0,0,0,76.5072790361762,0,0,0,0
0,0,0,0,0,0,0,219.430938885781,0,0,0,0,0,0,0,0,0,142.054529471577,0,94.8881692391942,0,0,0,0,0,180.90030328818,0,0,0,0,0,0,0,0,0,98.6790043377568,0,0,224.523755099568,0,0
0,0,0,253.401634605989,106.128596538706,0,0,0,213.67670887414,276.620869034647,0,0,0,106.926813611922,0,333.645516435298,0,0,0,0,0,0,0,138.425725342224,0,0,0,0,0,0,0,0,0,0,74.7304794244225,90.7216186966914,0,0,120.567029282014,0,249.905610015455
0,0,0,0,0,0,146.465927798921,0,0,0,0,205.839960264176,0,101.350815329073,0,0,0,0,0,0,0,0,219.040656038919,0,0,0,0,0,0,0,0,0,0,0,0,0,89.9429017381717,0,0,0,0
161.325017232684,103.519938150021,137.189596148386,0,0,0,314.611698427915,0,0,175.196329314064,195.822649557859,104.915316975638,172.608400267715,0,109.093416850988,142.385058730083,0,0,135.294330067913,186.348837226466,0,249.798812580765,112.793316814908,335.371040201042,137.177378802006,148.808626413748,0,96.5937438588657,89.707245288964,0,0,0,0,0,153.672550905948,61.0664810463559,112.349934713559,154.070293657878,193.777661225572,101.5853655613,74.4197823064597
97.3232815600345,115.332064605654,0,192.601533877686,205.09013266389,187.77054666536,204.084074037941,192.693757128262,73.1029054543569,146.99041817625,87.8456058929559,174.013630695256,0,0,0,250.461724766314,161.74915061469,0,0,321.864157986053,178.224497384947,0,115.871357769661,0,0,0,255.441154257905,225.013371621378,106.533627130087,0,0,74.7304794244225,0,153.672550905948,0,150.161410108805,0,192.135034768848,0,165.597665022977,306.640284138334
0,0,0,108.381749703452,0,168.241326865882,0,0,0,202.712457066107,136.792307586862,0,0,0,0,0,0,92.5207898118833,0,196.04190773555,0,0,238.934743274142,173.538155409849,0,80.8080171296381,214.116367924649,0,97.3506957544063,0,98.6790043377568,90.7216186966914,0,61.0664810463559,150.161410108805,0,99.3508940827211,104.369974912428,0,125.81518738273,71.5579325720569
0,96.7845769653343,0,0,145.74089716123,159.183173818572,98.417953423071,347.376449530863,115.194491798135,0,94.027247878695,284.529238481835,240.185081663983,206.472608421747,193.659409924573,201.44584889478,212.592150359921,82.6426202489162,183.786860782462,140.574866691684,84.3635741045246,125.994729980093,0,193.055010680236,173.059382066957,153.876396855887,211.840482897052,0,204.481117647118,76.5072790361762,0,0,89.9429017381717,112.349934713559,0,99.3508940827211,0,0,357.423078228283,155.901486485736,241.682021696872
0,0,0,0,338.131802716296,66.5008477853491,0,345.797434674459,0,186.973586461633,160.530221557972,134.960780198024,0,220.963068032256,0,0,164.032723165762,0,137.239127032733,0,0,226.825099357786,0,198.528111506785,0,0,300.031143529538,231.715271819474,191.519780382943,0,0,0,0,154.070293657878,192.135034768848,104.369974912428,0,0,173.201474590904,209.996727521564,306.344527664232
0,0,0,94.9380989123498,101.895308036513,0,0,62.311273509377,0,0,0,0,0,100.812745974529,0,0,0,0,0,263.534399241887,0,0,180.543851962045,0,0,163.945208919892,251.098274723989,0,178.683678585178,0,224.523755099568,120.567029282014,0,193.777661225572,0,0,357.423078228283,173.201474590904,0,151.01089327964,0
78.8552325762656,128.530575464043,0,325.937289045041,223.705816669619,99.2646516363145,113.144980278377,0,141.204637091722,0,0,0,0,0,110.384905066973,0,0,0,247.66948903751,0,153.453047983244,167.066576495979,73.4795582048751,321.124897279917,158.955087279859,115.541295036174,320.356811100276,82.4756938751058,195.314816908693,0,0,0,0,101.5853655613,165.597665022977,125.81518738273,155.901486485736,209.996727521564,151.01089327964,0,193.63278243493
0,0,0,0,0,0,0,228.075434767255,0,180.355266595273,80.4367166559625,179.718364159796,0,0,252.487290983309,0,143.005810983322,70.4221432298295,0,82.6299537488922,0,0,0,262.382215657622,217.157696745803,181.316358113209,85.7623170715703,111.435629183184,158.567996645797,0,0,249.905610015455,0,74.4197823064597,306.640284138334,71.5579325720569,241.682021696872,306.344527664232,0,193.63278243493,0
