0,0,0,0,0,0,0,0,0,0,0,0,0,0,0,142.385058730083,0,0,0,0,0,0,0,0,0,82.6426202489162,0,0,108.136066660554,0,0,0,0,0,0,253.401634605989,120.912756812582,0,0,224.551207449728,0
0,0,0,0,0,150.161410108805,0,0,0,0,101.443495235174,0,0,70.4221432298295,73.4795582048751,0,0,0,0,0,0,0,0,0,0,82.4756938751058,0,0,321.864157986053,0,0,0,0,187.77054666536,0,0,0,0,0,0,0
0,0,0,0,0,0,0,0,0,0,0,0,0,0,84.3635741045246,0,0,0,0,92.5207898118833,0,0,178.224497384947,0,0,0,153.609372090384,0,0,0,0,0,0,191.519780382943,0,0,0,0,0,0,0
0,0,0,0,0,0,155.24952173131,0,0,87.8456058929559,0,195.314816908693,0,0,0,0,0,0,0,0,0,0,0,0,0,151.036729364761,320.356811100276,0,93.4234866874731,78.9559315574845,0,0,0,206.472608421747,112.349934713559,0,178.683678585178,232.945974238958,338.131802716296,283.248188884028,0
0,0,0,0,0,0,0,85.6072705949986,0,120.567029282014,116.176698124939,0,0,0,0,0,0,0,0,283.88658203332,0,180.355266595273,0,242.790381480436,0,0,114.649126378906,0,125.81518738273,163.059043292369,0,0,76.5072790361762,0,241.682021696872,218.045528847001,58.3493451392805,0,0,167.066576495979,0
0,150.161410108805,0,0,0,0,0,165.597665022977,122.106946855269,115.541295036174,0,0,0,0,0,251.098274723989,0,0,94.126460729827,314.611698427915,0,0,89.1590885155172,114.511014214502,0,0,0,80.8080171296381,0,0,101.895308036513,0,0,0,0,62.859596780235,255.441154257905,0,199.492852797962,0,0
0,0,0,155.24952173131,0,0,0,0,0,179.718364159796,0,0,82.6299537488922,0,0,0,0,0,0,0,0,0,0,0,0,186.973586461633,0,249.905610015455,200.878319874537,0,0,0,0,96.5937438588657,165.893015276821,0,195.822649557859,90.7216186966914,161.325017232684,104.369974912428,188.936291522747
0,0,0,0,85.6072705949986,165.597665022977,0,0,231.050882209,300.031143529538,0,0,0,0,98.2230592632363,0,0,188.851177466023,94.7280504127031,137.177378802006,151.075371308616,0,0,0,0,0,0,66.5008477853491,0,0,0,0,0,190.185165668632,249.798812580765,0,173.059382066957,71.5579325720569,0,215.611029055736,201.100640800745
0,0,0,0,0,122.106946855269,0,231.050882209,0,95.7590805983148,0,151.01089327964,0,0,0,0,0,0,0,0,0,0,0,138.33942793804,0,61.0664810463559,0,345.797434674459,0,0,0,0,0,0,0,0,263.534399241887,0,101.605593487621,115.114253591495,138.425725342224
0,0,0,87.8456058929559,120.567029282014,115.541295036174,179.718364159796,300.031143529538,95.7590805983148,0,106.128596538706,154.784755881607,0,146.814226519809,0,0,0,306.640284138334,0,0,0,0,0,101.85207633558,0,0,0,193.659409924573,101.5853655613,171.906398392157,0,140.574866691684,0,231.715271819474,0,0,214.116367924649,0,0,0,259.442917595754
0,101.443495235174,0,0,116.176698124939,0,0,0,0,106.128596538706,0,103.519938150021,0,0,0,0,0,0,0,136.792307586862,133.984214699576,0,198.964527389285,0,0,0,0,227.504408813069,173.201474590904,82.1742780037132,0,0,78.8552325762656,131.969743415579,220.901129804706,262.382215657622,135.294330067913,0,0,0,226.825099357786
0,0,0,195.314816908693,0,0,0,0,151.01089327964,154.784755881607,103.519938150021,0,0,89.3673883748406,0,0,106.926813611922,0,0,81.2827395071039,0,115.332064605654,139.792601838991,0,73.1029054543569,115.871357769661,192.601533877686,220.963068032256,175.196329314064,0,80.4367166559625,74.5815074003433,0,141.204637091722,173.001559092555,0,209.996727521564,0,0,106.33736463831,196.04190773555
0,0,0,0,0,0,82.6299537488922,0,0,0,0,0,0,0,0,0,99.3508940827211,0,0,0,0,0,0,241.57250333243,0,0,259.055025639447,0,0,192.135034768848,0,0,0,0,0,0,0,0,0,219.430938885781,0
0,70.4221432298295,0,0,0,0,0,0,0,146.814226519809,0,89.3673883748406,0,0,0,113.144980278377,0,62.311273509377,0,161.74915061469,94.9380989123498,0,0,0,0,194.442125915551,0,217.157696745803,0,0,0,0,0,0,219.040656038919,323.781250289068,143.005810983322,169.742003380707,0,74.4197823064597,0
0,73.4795582048751,84.3635741045246,0,0,0,0,98.2230592632363,0,0,0,0,0,0,0,0,0,0,0,111.435629183184,0,0,0,0,0,160.537522273714,193.777661225572,161.275817184598,211.840482897052,0,0,0,0,303.527509149359,94.8881692391942,0,269.936825670274,181.316358113209,0,0,0
142.385058730083,0,0,0,0,251.098274723989,0,0,0,0,0,0,0,113.144980278377,0,0,0,0,0,0,0,0,0,0,0,0,0,171.230058197369,0,180.543851962045,0,0,0,109.093416850988,142.054529471577,128.846764897717,155.901486485736,321.124897279917,0,94.027247878695,0
0,0,0,0,0,0,0,0,0,0,0,106.926813611922,99.3508940827211,0,0,0,0,0,0,0,110.384905066973,0,0,0,0,0,0,154.065933476765,0,0,0,0,0,124.698445421759,201.44584889478,139.654362654449,119.728129215699,241.635434294794,177.763106506206,0,0
0,0,0,0,0,0,0,188.851177466023,0,306.640284138334,0,0,0,62.311273509377,0,0,0,0,306.344527664232,0,0,0,0,261.440278806413,0,139.93285932648,0,0,0,0,0,0,0,117.208001126138,0,208.005106191961,0,145.74089716123,0,0,0
0,0,0,0,0,94.126460729827,0,94.7280504127031,0,0,0,0,0,0,0,0,0,306.344527664232,0,0,0,0,0,0,198.528111506785,0,153.453047983244,261.605527103798,0,0,0,0,0,0,0,325.937289045041,90.1317194604647,186.348837226466,71.4788760670054,221.805809452716,353.822894641502
0,0,92.5207898118833,0,283.88658203332,314.611698427915,0,137.177378802006,0,0,136.792307586862,81.2827395071039,0,161.74915061469,111.435629183184,0,0,0,0,0,133.218162784108,0,0,98.6790043377568,0,0,0,118.522099274347,247.66948903751,0,81.9664354533492,0,0,309.997227542691,97.3506957544063,0,0,146.99041817625,0,0,223.705816669619
0,0,0,0,0,0,0,151.075371308616,0,0,133.984214699576,0,0,94.9380989123498,0,0,110.384905066973,0,0,133.218162784108,0,0,0,206.912707094411,0,0,0,93.5029580098427,238.934743274142,0,0,184.249961885477,0,0,333.645516435298,0,153.672550905948,113.059176128709,225.013371621378,0,0
0,0,0,0,180.355266595273,0,0,0,0,0,0,115.332064605654,0,0,0,0,0,0,0,0,0,0,0,0,0,0,180.90030328818,0,195.378266313867,0,0,96.7845769653343,0,89.707245288964,0,0,97.5855511246009,0,0,0,224.523755099568
0,0,178.224497384947,0,0,89.1590885155172,0,0,0,0,198.964527389285,139.792601838991,0,0,0,0,0,0,0,0,0,0,0,158.955087279859,0,0,0,160.530221557972,115.194491798135,0,0,99.2646516363145,0,0,347.376449530863,193.055010680236,205.183249704085,67.8267069095267,193.63278243493,183.786860782462,289.631679007608
0,0,0,0,242.790381480436,114.511014214502,0,0,138.33942793804,101.85207633558,0,0,241.57250333243,0,0,0,0,261.440278806413,0,98.6790043377568,206.912707094411,0,158.955087279859,0,0,0,0,0,168.241326865882,222.053792850439,0,174.013630695256,197.893790332676,0,85.7623170715703,111.226326353722,169.453147353278,0,92.5568465385234,205.09013266389,213.67670887414
0,0,0,0,0,0,0,0,0,0,0,73.1029054543569,0,0,0,0,0,0,198.528111506785,0,0,0,0,0,0,0,161.302948562323,202.712457066107,162.833808134102,0,0,151.695570509541,0,146.465927798921,116.054372245433,0,0,97.3232815600345,0,192.693757128262,0
82.6426202489162,82.4756938751058,0,151.036729364761,0,0,186.973586461633,0,61.0664810463559,0,0,115.871357769661,0,194.442125915551,160.537522273714,0,0,139.93285932648,0,0,0,0,0,0,0,0,196.032358954952,276.620869034647,100.812745974529,161.694997919804,0,0,0,128.530575464043,0,89.9429017381717,204.481117647118,136.685314494491,94.7529894315991,204.084074037941,157.852515740516
0,0,153.609372090384,320.356811100276,114.649126378906,0,0,0,0,0,0,192.601533877686,259.055025639447,0,193.777661225572,0,0,0,153.453047983244,0,0,180.90030328818,0,0,161.302948562323,196.032358954952,0,148.808626413748,137.189596148386,159.183173818572,0,74.7304794244225,0,228.075434767255,98.417953423071,0,134.566479261133,280.376028997576,0,172.608400267715,154.070293657878
0,0,0,0,0,80.8080171296381,249.905610015455,66.5008477853491,345.797434674459,193.659409924573,227.504408813069,220.963068032256,0,217.157696745803,161.275817184598,171.230058197369,154.065933476765,0,261.605527103798,118.522099274347,93.5029580098427,0,160.530221557972,0,202.712457066107,276.620869034647,148.808626413748,0,0,0,284.529238481835,0,0,108.381749703452,146.770754374523,197.486504603685,236.681907140956,173.538155409849,115.868441404982,124.853650664477,205.839960264176
108.136066660554,321.864157986053,0,93.4234866874731,125.81518738273,0,200.878319874537,0,0,101.5853655613,173.201474590904,175.196329314064,0,0,211.840482897052,0,0,0,0,247.66948903751,238.934743274142,195.378266313867,115.194491798135,168.241326865882,162.833808134102,100.812745974529,137.189596148386,0,0,0,0,0,0,119.345624434514,153.876396855887,0,0,135.667029391615,0,158.567996645797,0
0,0,0,78.9559315574845,163.059043292369,0,0,0,0,171.906398392157,82.1742780037132,0,192.135034768848,0,0,180.543851962045,0,0,0,0,0,0,0,222.053792850439,0,161.694997919804,159.183173818572,0,0,0,0,112.793316814908,0,0,0,0,112.823430872325,0,0,0,0
0,0,0,0,0,101.895308036513,0,0,0,0,0,80.4367166559625,0,0,0,0,0,0,0,81.9664354533492,0,0,0,0,0,0,0,284.529238481835,0,0,0,0,0,106.533627130087,0,134.960780198024,0,0,0,0,0
0,0,0,0,0,0,0,0,0,140.574866691684,0,74.5815074003433,0,0,0,0,0,0,0,0,184.249961885477,96.7845769653343,99.2646516363145,174.013630695256,151.695570509541,0,74.7304794244225,0,0,112.793316814908,0,0,0,0,0,0,92.3502314520023,0,0,75.4497121078207,0
0,0,0,0,76.5072790361762,0,0,0,0,0,78.8552325762656,0,0,0,0,0,0,0,0,0,0,0,0,197.893790332676,0,0,0,0,0,0,0,0,0,0,0,0,329.719143597451,0,0,72.2278283150671,0
0,187.77054666536,191.519780382943,206.472608421747,0,0,96.5937438588657,190.185165668632,0,231.715271819474,131.969743415579,141.204637091722,0,0,303.527509149359,109.093416850988,124.698445421759,117.208001126138,0,309.997227542691,0,89.707245288964,0,0,146.465927798921,128.530575464043,228.075434767255,108.381749703452,119.345624434514,0,106.533627130087,0,0,0,104.915316975638,128.405764333981,137.239127032733,0,172.892533368851,348.674510760064,151.806152521152
0,0,0,112.349934713559,241.682021696872,0,165.893015276821,249.798812580765,0,0,220.901129804706,173.001559092555,0,219.040656038919,94.8881692391942,142.054529471577,201.44584889478,0,0,97.3506957544063,333.645516435298,0,347.376449530863,85.7623170715703,116.054372245433,0,98.417953423071,146.770754374523,153.876396855887,0,0,0,0,104.915316975638,0,178.748963182352,101.350815329073,164.032723165762,252.487290983309,335.371040201042,357.423078228283
253.401634605989,0,0,0,218.045528847001,62.859596780235,0,0,0,0,262.382215657622,0,0,323.781250289068,0,128.846764897717,139.654362654449,208.005106191961,325.937289045041,0,0,0,193.055010680236,111.226326353722,0,89.9429017381717,0,197.486504603685,0,0,134.960780198024,0,0,128.405764333981,178.748963182352,0,219.078548227669,0,228.792310020318,0,240.185081663983
120.912756812582,0,0,178.683678585178,58.3493451392805,255.441154257905,195.822649557859,173.059382066957,263.534399241887,214.116367924649,135.294330067913,209.996727521564,0,143.005810983322,269.936825670274,155.901486485736,119.728129215699,0,90.1317194604647,0,153.672550905948,97.5855511246009,205.183249704085,169.453147353278,0,204.481117647118,134.566479261133,236.681907140956,0,112.823430872325,0,92.3502314520023,329.719143597451,137.239127032733,101.350815329073,219.078548227669,0,0,0,125.994729980093,212.592150359921
0,0,0,232.945974238958,0,0,90.7216186966914,71.5579325720569,0,0,0,0,0,169.742003380707,181.316358113209,321.124897279917,241.635434294794,145.74089716123,186.348837226466,146.99041817625,113.059176128709,0,67.8267069095267,0,97.3232815600345,136.685314494491,280.376028997576,173.538155409849,135.667029391615,0,0,0,0,0,164.032723165762,0,0,0,0,163.945208919892,250.461724766314
0,0,0,338.131802716296,0,199.492852797962,161.325017232684,0,101.605593487621,0,0,0,0,0,0,0,177.763106506206,0,71.4788760670054,0,225.013371621378,0,193.63278243493,92.5568465385234,0,94.7529894315991,0,115.868441404982,0,0,0,0,0,172.892533368851,252.487290983309,228.792310020318,0,0,0,0,125.416941482916
224.551207449728,0,0,283.248188884028,167.066576495979,0,104.369974912428,215.611029055736,115.114253591495,0,0,106.33736463831,219.430938885781,74.4197823064597,0,94.027247878695,0,0,221.805809452716,0,0,0,183.786860782462,205.09013266389,192.693757128262,204.084074037941,172.608400267715,124.853650664477,158.567996645797,0,0,75.4497121078207,72.2278283150671,348.674510760064,335.371040201042,0,125.994729980093,163.945208919892,0,0,154.142998692322
0,0,0,0,0,0,188.936291522747,201.100640800745,138.425725342224,259.442917595754,226.825099357786,196.04190773555,0,0,0,0,0,0,353.822894641502,223.705816669619,0,224.523755099568,289.631679007608,213.67670887414,0,157.852515740516,154.070293657878,205.839960264176,0,0,0,0,0,151.806152521152,357.423078228283,240.185081663983,212.592150359921,250.461724766314,125.416941482916,154.142998692322,0
