0,0,0,0,0,0,111.435629183184,0,0,115.868441404982,0,0,0,0,0,0,0,0,0,153.876396855887,0,0,0,0,0,0,0,0,0,0,0,0,0,162.833808134102,0,78.9559315574845,0,115.871357769661,0,0,0
0,0,0,0,0,0,0,0,0,0,0,173.059382066957,0,0,0,0,353.822894641502,0,0,0,0,0,0,0,0,0,0,0,0,74.7304794244225,0,0,0,179.718364159796,146.814226519809,0,231.050882209,124.698445421759,0,0,0
0,0,0,0,0,0,0,0,0,0,0,0,0,0,0,0,0,0,0,0,0,0,0,306.640284138334,0,192.693757128262,0,0,99.2646516363145,0,0,0,0,0,0,0,0,133.218162784108,0,0,321.864157986053
0,0,0,0,186.973586461633,0,0,0,0,0,93.5029580098427,0,0,0,0,0,119.728129215699,0,0,0,0,0,139.792601838991,180.90030328818,0,94.7529894315991,0,175.196329314064,0,0,0,173.201474590904,0,241.635434294794,0,197.486504603685,97.3506957544063,0,160.530221557972,280.376028997576,0
0,0,0,186.973586461633,0,0,70.4221432298295,0,0,62.859596780235,241.57250333243,114.511014214502,0,0,238.934743274142,0,0,0,0,139.93285932648,0,0,0,0,0,117.208001126138,0,0,0,0,0,0,0,276.620869034647,157.852515740516,199.492852797962,116.054372245433,154.065933476765,0,0,111.226326353722
0,0,0,0,0,0,0,146.770754374523,71.4788760670054,112.349934713559,0,0,0,0,0,0,321.124897279917,0,0,178.748963182352,0,0,153.453047983244,0,0,263.534399241887,0,222.053792850439,96.5937438588657,0,62.311273509377,0,0,0,0,0,228.075434767255,0,231.715271819474,76.5072790361762,108.381749703452
111.435629183184,0,0,0,70.4221432298295,0,0,0,0,348.674510760064,320.356811100276,0,0,204.084074037941,0,0,0,0,211.840482897052,0,0,0,0,0,0,0,205.839960264176,158.567996645797,0,0,0,0,0,0,85.6072705949986,201.100640800745,269.936825670274,0,161.275817184598,169.453147353278,0
0,0,0,0,0,146.770754374523,0,0,0,0,0,161.74915061469,0,163.945208919892,0,0,0,0,0,115.114253591495,0,0,0,153.609372090384,136.792307586862,90.1317194604647,61.0664810463559,300.031143529538,72.2278283150671,0,0,0,0,240.185081663983,141.204637091722,103.519938150021,135.667029391615,249.905610015455,232.945974238958,0,0
0,0,0,0,0,71.4788760670054,0,0,0,0,0,0,0,0,0,82.6426202489162,219.078548227669,0,180.355266595273,0,0,0,0,0,0,236.681907140956,214.116367924649,204.481117647118,0,0,0,0,0,0,106.128596538706,151.01089327964,0,0,283.88658203332,289.631679007608,0
115.868441404982,0,0,0,62.859596780235,112.349934713559,348.674510760064,0,0,0,0,252.487290983309,0,205.183249704085,0,215.611029055736,0,0,0,0,198.964527389285,0,0,0,0,197.893790332676,177.763106506206,167.066576495979,209.996727521564,0,323.781250289068,0,0,159.183173818572,0,0,171.906398392157,221.805809452716,87.8456058929559,124.853650664477,0
0,0,0,93.5029580098427,241.57250333243,0,320.356811100276,0,0,0,0,0,0,261.440278806413,137.177378802006,0,0,0,0,80.4367166559625,0,0,0,94.126460729827,0,71.5579325720569,120.912756812582,329.719143597451,125.81518738273,0,0,0,0,0,283.248188884028,250.461724766314,0,0,206.472608421747,193.63278243493,208.005106191961
0,173.059382066957,0,0,114.511014214502,0,0,161.74915061469,0,252.487290983309,0,0,0,90.7216186966914,0,0,73.1029054543569,104.915316975638,74.5815074003433,0,67.8267069095267,303.527509149359,153.672550905948,173.538155409849,0,0,0,178.224497384947,113.059176128709,0,0,195.378266313867,0,306.344527664232,0,74.4197823064597,226.825099357786,80.8080171296381,0,113.144980278377,195.822649557859
0,0,0,0,0,0,0,0,0,0,0,0,0,0,143.005810983322,0,0,0,0,0,0,0,0,0,0,0,345.797434674459,161.325017232684,0,0,0,0,0,0,101.85207633558,78.8552325762656,195.314816908693,0,0,0,0
0,0,0,0,0,0,204.084074037941,163.945208919892,0,205.183249704085,261.440278806413,90.7216186966914,0,0,0,0,0,0,0,0,0,0,137.189596148386,0,94.7280504127031,0,134.960780198024,0,73.4795582048751,180.543851962045,0,0,0,284.529238481835,0,0,259.055025639447,0,0,247.66948903751,309.997227542691
0,0,0,0,238.934743274142,0,0,0,0,0,137.177378802006,0,143.005810983322,0,0,0,0,0,0,0,137.239127032733,0,0,335.371040201042,0,0,81.2827395071039,0,0,0,0,0,0,192.135034768848,119.345624434514,139.654362654449,184.249961885477,0,0,196.032358954952,253.401634605989
0,0,0,0,0,0,0,0,82.6426202489162,215.611029055736,0,0,0,0,0,0,0,0,205.09013266389,0,0,0,122.106946855269,338.131802716296,202.712457066107,0,94.8881692391942,82.1742780037132,0,0,0,0,0,92.5568465385234,262.382215657622,0,66.5008477853491,0,0,0,0
0,353.822894641502,0,119.728129215699,0,321.124897279917,0,0,219.078548227669,0,0,73.1029054543569,0,0,0,0,0,0,0,118.522099274347,0,0,0,0,0,213.67670887414,0,193.055010680236,0,0,0,138.33942793804,0,0,115.194491798135,0,0,0,0,0,0
0,0,0,0,0,0,0,0,0,0,0,104.915316975638,0,0,0,0,0,0,0,0,227.504408813069,0,0,145.74089716123,0,0,0,217.157696745803,89.707245288964,0,0,0,0,357.423078228283,0,0,134.566479261133,251.098274723989,0,0,96.7845769653343
0,0,0,0,0,0,211.840482897052,0,180.355266595273,0,0,74.5815074003433,0,0,0,205.09013266389,0,0,0,0,0,0,82.6299537488922,0,0,218.045528847001,120.567029282014,165.597665022977,0,0,0,0,0,158.955087279859,114.649126378906,0,106.533627130087,98.2230592632363,0,0,0
153.876396855887,0,0,0,139.93285932648,178.748963182352,0,115.114253591495,0,0,80.4367166559625,0,0,0,0,0,118.522099274347,0,0,0,0,0,241.682021696872,198.528111506785,0,0,188.851177466023,154.784755881607,228.792310020318,0,0,0,0,161.302948562323,0,187.77054666536,138.425725342224,128.405764333981,101.605593487621,101.350815329073,0
0,0,0,0,0,0,0,0,0,198.964527389285,0,67.8267069095267,0,0,137.239127032733,0,0,227.504408813069,0,0,0,150.161410108805,0,0,0,174.013630695256,0,101.895308036513,146.99041817625,0,0,0,0,0,168.241326865882,0,0,93.4234866874731,163.059043292369,97.5855511246009,89.1590885155172
0,0,0,0,0,0,0,0,0,0,0,303.527509149359,0,0,0,0,0,0,0,0,150.161410108805,0,0,192.601533877686,0,0,0,0,0,0,164.032723165762,0,0,178.683678585178,0,92.3502314520023,0,131.969743415579,0,314.611698427915,0
0,0,0,139.792601838991,0,153.453047983244,0,0,0,0,0,153.672550905948,0,137.189596148386,0,122.106946855269,0,0,82.6299537488922,241.682021696872,0,0,0,108.136066660554,0,261.605527103798,0,0,0,99.3508940827211,0,0,0,183.786860782462,112.823430872325,0,101.443495235174,0,0,106.926813611922,172.892533368851
0,0,306.640284138334,180.90030328818,0,0,0,153.609372090384,0,0,94.126460729827,173.538155409849,0,0,335.371040201042,338.131802716296,0,145.74089716123,0,198.528111506785,0,192.601533877686,108.136066660554,0,0,0,155.24952173131,0,0,0,100.812745974529,0,0,0,98.6790043377568,212.592150359921,220.963068032256,75.4497121078207,151.695570509541,0,81.9664354533492
0,0,0,0,0,0,0,136.792307586862,0,0,0,0,0,94.7280504127031,0,202.712457066107,0,0,0,0,0,0,0,0,0,97.3232815600345,0,104.369974912428,94.027247878695,0,0,95.7590805983148,0,0,0,0,125.416941482916,333.645516435298,0,136.685314494491,0
0,0,192.693757128262,94.7529894315991,117.208001126138,263.534399241887,0,90.1317194604647,236.681907140956,197.893790332676,71.5579325720569,0,0,0,0,0,213.67670887414,0,218.045528847001,0,174.013630695256,0,261.605527103798,0,97.3232815600345,0,0,173.001559092555,0,0,98.417953423071,190.185165668632,249.798812580765,0,0,193.659409924573,225.013371621378,0,89.9429017381717,0,0
0,0,0,0,0,0,205.839960264176,61.0664810463559,214.116367924649,177.763106506206,120.912756812582,0,345.797434674459,134.960780198024,81.2827395071039,94.8881692391942,0,0,120.567029282014,188.851177466023,0,0,0,155.24952173131,0,0,0,155.901486485736,0,109.093416850988,0,194.442125915551,0,220.901129804706,206.912707094411,165.893015276821,58.3493451392805,0,0,223.705816669619,0
0,0,0,175.196329314064,0,222.053792850439,158.567996645797,300.031143529538,204.481117647118,167.066576495979,329.719143597451,178.224497384947,161.325017232684,0,0,82.1742780037132,193.055010680236,217.157696745803,165.597665022977,154.784755881607,101.895308036513,0,0,0,104.369974912428,173.001559092555,155.901486485736,0,154.070293657878,106.33736463831,0,0,84.3635741045246,85.7623170715703,193.777661225572,0,135.294330067913,128.846764897717,0,224.551207449728,82.4756938751058
0,0,99.2646516363145,0,0,96.5937438588657,0,72.2278283150671,0,209.996727521564,125.81518738273,113.059176128709,0,73.4795582048751,0,0,0,89.707245288964,0,228.792310020318,146.99041817625,0,0,0,94.027247878695,0,0,154.070293657878,0,115.541295036174,0,0,0,151.075371308616,201.44584889478,146.465927798921,92.5207898118833,125.994729980093,171.230058197369,259.442917595754,142.054529471577
0,74.7304794244225,0,0,0,0,0,0,0,0,0,0,0,180.543851962045,0,0,0,0,0,0,0,0,99.3508940827211,0,0,0,109.093416850988,106.33736463831,115.541295036174,0,0,0,0,110.384905066973,242.790381480436,0,151.036729364761,0,0,133.984214699576,188.936291522747
0,0,0,0,0,62.311273509377,0,0,0,323.781250289068,0,0,0,0,0,0,0,0,0,0,0,164.032723165762,0,100.812745974529,0,98.417953423071,0,0,0,0,0,0,0,0,160.537522273714,0,0,0,0,0,0
0,0,0,173.201474590904,0,0,0,0,0,0,0,195.378266313867,0,0,0,0,138.33942793804,0,0,0,0,0,0,0,95.7590805983148,190.185165668632,194.442125915551,0,0,0,0,0,0,116.176698124939,219.040656038919,0,200.878319874537,0,0,151.806152521152,142.385058730083
0,0,0,0,0,0,0,0,0,0,0,0,0,0,0,0,0,0,0,0,0,0,0,0,0,249.798812580765,0,84.3635741045246,0,0,0,0,0,128.530575464043,255.441154257905,0,154.142998692322,0,0,0,0
162.833808134102,179.718364159796,0,241.635434294794,276.620869034647,0,0,240.185081663983,0,159.183173818572,0,306.344527664232,0,284.529238481835,192.135034768848,92.5568465385234,0,357.423078228283,158.955087279859,161.302948562323,0,178.683678585178,183.786860782462,0,0,0,220.901129804706,85.7623170715703,151.075371308616,110.384905066973,0,116.176698124939,128.530575464043,0,94.9380989123498,169.742003380707,196.04190773555,0,0,191.519780382943,89.3673883748406
0,146.814226519809,0,0,157.852515740516,0,85.6072705949986,141.204637091722,106.128596538706,0,283.248188884028,0,101.85207633558,0,119.345624434514,262.382215657622,115.194491798135,0,114.649126378906,0,168.241326865882,0,112.823430872325,98.6790043377568,0,0,206.912707094411,193.777661225572,201.44584889478,242.790381480436,160.537522273714,219.040656038919,255.441154257905,94.9380989123498,0,0,140.574866691684,0,0,148.808626413748,161.694997919804
78.9559315574845,0,0,197.486504603685,199.492852797962,0,201.100640800745,103.519938150021,151.01089327964,0,250.461724766314,74.4197823064597,78.8552325762656,0,139.654362654449,0,0,0,0,187.77054666536,0,92.3502314520023,0,212.592150359921,0,193.659409924573,165.893015276821,0,146.465927798921,0,0,0,0,169.742003380707,0,0,0,181.316358113209,0,112.793316814908,0
0,231.050882209,0,97.3506957544063,116.054372245433,228.075434767255,269.936825670274,135.667029391615,0,171.906398392157,0,226.825099357786,195.314816908693,259.055025639447,184.249961885477,66.5008477853491,0,134.566479261133,106.533627130087,138.425725342224,0,0,101.443495235174,220.963068032256,125.416941482916,225.013371621378,58.3493451392805,135.294330067913,92.5207898118833,151.036729364761,0,200.878319874537,154.142998692322,196.04190773555,140.574866691684,0,0,101.5853655613,0,224.523755099568,325.937289045041
115.871357769661,124.698445421759,133.218162784108,0,154.065933476765,0,0,249.905610015455,0,221.805809452716,0,80.8080171296381,0,0,0,0,0,251.098274723989,98.2230592632363,128.405764333981,93.4234866874731,131.969743415579,0,75.4497121078207,333.645516435298,0,0,128.846764897717,125.994729980093,0,0,0,0,0,0,181.316358113209,101.5853655613,0,347.376449530863,0,172.608400267715
0,0,0,160.530221557972,0,231.715271819474,161.275817184598,232.945974238958,283.88658203332,87.8456058929559,206.472608421747,0,0,0,0,0,0,0,0,101.605593487621,163.059043292369,0,0,151.695570509541,0,89.9429017381717,0,0,171.230058197369,0,0,0,0,0,0,0,0,347.376449530863,0,186.348837226466,115.332064605654
0,0,0,280.376028997576,0,76.5072790361762,169.453147353278,0,289.631679007608,124.853650664477,193.63278243493,113.144980278377,0,247.66948903751,196.032358954952,0,0,0,0,101.350815329073,97.5855511246009,314.611698427915,106.926813611922,0,136.685314494491,0,223.705816669619,224.551207449728,259.442917595754,133.984214699576,0,151.806152521152,0,191.519780382943,148.808626413748,112.793316814908,224.523755099568,0,186.348837226466,0,219.430938885781
0,0,321.864157986053,0,111.226326353722,108.381749703452,0,0,0,0,208.005106191961,195.822649557859,0,309.997227542691,253.401634605989,0,0,96.7845769653343,0,0,89.1590885155172,0,172.892533368851,81.9664354533492,0,0,0,82.4756938751058,142.054529471577,188.936291522747,0,142.385058730083,0,89.3673883748406,161.694997919804,0,325.937289045041,172.608400267715,115.332064605654,219.430938885781,0
