0,0,0,0,85.6072705949986,0,0,119.728129215699,0,0,0,0,0,0,0,0,0,0,0,0,0,0,0,214.116367924649,0,151.695570509541,0,0,0,0,0,0,0,98.2230592632363,0,0,0,0,0,0,146.465927798921
0,0,0,0,73.4795582048751,0,0,0,0,0,0,195.822649557859,94.027247878695,0,0,0,0,0,0,205.09013266389,0,0,0,0,0,0,0,128.530575464043,0,0,0,0,0,0,0,0,112.823430872325,0,0,0,276.620869034647
0,0,0,0,0,0,0,0,0,0,0,139.792601838991,0,0,0,0,0,0,0,0,0,0,0,0,0,0,150.161410108805,167.066576495979,0,0,0,0,0,0,0,0,98.417953423071,111.226326353722,0,0,0
0,0,0,0,0,0,0,0,128.405764333981,0,205.839960264176,0,0,0,0,174.013630695256,0,0,0,163.059043292369,0,154.065933476765,0,0,0,137.189596148386,61.0664810463559,252.487290983309,0,0,0,0,0,72.2278283150671,0,0,218.045528847001,148.808626413748,154.142998692322,0,108.136066660554
85.6072705949986,73.4795582048751,0,0,0,0,0,0,0,247.66948903751,106.926813611922,173.538155409849,0,223.705816669619,0,0,0,0,0,94.126460729827,0,0,0,226.825099357786,0,193.659409924573,0,97.5855511246009,173.059382066957,0,0,0,0,220.901129804706,0,0,0,211.840482897052,0,0,82.4756938751058
0,0,0,0,0,0,0,0,0,250.461724766314,0,0,0,309.997227542691,0,186.973586461633,0,155.24952173131,0,196.04190773555,146.770754374523,213.67670887414,0,0,0,143.005810983322,0,159.183173818572,180.90030328818,0,0,0,0,0,134.960780198024,138.425725342224,201.100640800745,0,0,104.369974912428,0
0,0,0,0,0,0,0,0,0,135.294330067913,335.371040201042,241.682021696872,0,0,0,0,269.936825670274,193.055010680236,0,0,0,0,115.541295036174,154.784755881607,0,0,224.551207449728,138.33942793804,0,0,0,0,0,0,124.853650664477,110.384905066973,137.239127032733,89.707245288964,0,0,0
119.728129215699,0,0,0,0,0,0,0,0,0,0,115.194491798135,0,134.566479261133,204.481117647118,206.472608421747,94.7280504127031,0,0,0,263.534399241887,0,135.667029391615,97.3232815600345,0,0,74.7304794244225,306.640284138334,0,0,0,0,0,99.3508940827211,0,76.5072790361762,0,0,92.3502314520023,158.567996645797,136.685314494491
0,0,0,128.405764333981,0,0,0,0,0,151.075371308616,191.519780382943,0,171.230058197369,0,0,0,0,0,0,120.912756812582,0,0,0,153.453047983244,0,0,0,0,80.4367166559625,0,0,108.381749703452,0,0,70.4221432298295,0,227.504408813069,0,66.5008477853491,0,0
0,0,0,0,247.66948903751,250.461724766314,135.294330067913,0,151.075371308616,0,338.131802716296,228.075434767255,0,101.605593487621,0,0,0,0,0,0,231.715271819474,0,0,114.649126378906,113.144980278377,0,62.859596780235,78.8552325762656,0,314.611698427915,0,0,0,190.185165668632,0,113.059176128709,122.106946855269,232.945974238958,0,0,112.793316814908
0,0,0,205.839960264176,106.926813611922,0,335.371040201042,0,191.519780382943,338.131802716296,0,0,0,0,71.5579325720569,0,209.996727521564,0,0,0,97.3506957544063,0,0,188.936291522747,177.763106506206,0,259.442917595754,0,84.3635741045246,183.786860782462,0,0,0,0,111.435629183184,153.609372090384,139.93285932648,0,0,0,0
0,195.822649557859,139.792601838991,0,173.538155409849,0,241.682021696872,115.194491798135,0,228.075434767255,0,0,89.9429017381717,120.567029282014,0,0,101.350815329073,0,0,0,0,0,320.356811100276,99.2646516363145,180.543851962045,0,155.901486485736,62.311273509377,197.486504603685,0,0,0,0,145.74089716123,74.4197823064597,103.519938150021,178.748963182352,0,0,205.183249704085,323.781250289068
0,94.027247878695,0,0,0,0,0,0,171.230058197369,0,0,89.9429017381717,0,0,0,0,0,0,0,125.416941482916,0,0,0,0,0,164.032723165762,0,0,0,0,0,0,0,0,0,0,0,0,0,142.385058730083,0
0,0,0,0,223.705816669619,309.997227542691,0,134.566479261133,0,101.605593487621,0,120.567029282014,0,0,0,0,0,0,0,193.63278243493,0,0,133.984214699576,0,0,202.712457066107,101.443495235174,101.5853655613,0,0,90.7216186966914,0,0,0,188.851177466023,0,101.895308036513,0,0,225.013371621378,0
0,0,0,0,0,0,0,204.481117647118,0,0,71.5579325720569,0,0,0,0,0,0,0,0,173.001559092555,251.098274723989,0,0,161.694997919804,0,0,0,115.871357769661,139.654362654449,162.833808134102,0,0,215.611029055736,157.852515740516,0,0,347.376449530863,0,0,0,231.050882209
0,0,0,174.013630695256,0,186.973586461633,0,206.472608421747,0,0,0,0,0,0,0,0,0,0,172.608400267715,0,0,0,0,146.814226519809,0,94.7529894315991,199.492852797962,0,74.5815074003433,178.224497384947,0,0,0,187.77054666536,241.635434294794,0,0,0,0,0,0
0,0,0,0,0,0,269.936825670274,94.7280504127031,0,0,209.996727521564,101.350815329073,0,0,0,0,0,0,0,0,0,0,262.382215657622,87.8456058929559,98.6790043377568,0,0,348.674510760064,0,0,0,0,0,125.994729980093,306.344527664232,0,0,0,0,0,0
0,0,0,0,0,155.24952173131,193.055010680236,0,0,0,0,0,0,0,0,0,0,0,0,0,0,0,0,0,0,0,0,0,0,200.878319874537,0,0,0,58.3493451392805,140.574866691684,0,81.9664354533492,160.537522273714,345.797434674459,0,303.527509149359
0,0,0,0,0,0,0,0,0,0,0,0,0,0,0,172.608400267715,0,0,0,0,0,81.2827395071039,115.868441404982,0,219.430938885781,0,289.631679007608,133.218162784108,0,0,92.5207898118833,0,0,300.031143529538,0,80.8080171296381,0,204.084074037941,82.6299537488922,249.798812580765,0
0,205.09013266389,0,163.059043292369,94.126460729827,196.04190773555,0,0,120.912756812582,0,0,0,125.416941482916,193.63278243493,173.001559092555,0,0,0,0,0,283.248188884028,0,0,112.349934713559,0,118.522099274347,173.201474590904,0,198.528111506785,0,0,0,0,116.176698124939,0,222.053792850439,236.681907140956,0,0,195.378266313867,0
0,0,0,0,0,146.770754374523,0,263.534399241887,0,231.715271819474,97.3506957544063,0,0,0,251.098274723989,0,0,0,0,283.248188884028,0,0,0,0,0,0,333.645516435298,141.204637091722,172.892533368851,0,0,75.4497121078207,0,109.093416850988,0,0,178.683678585178,0,0,92.5568465385234,0
0,0,0,154.065933476765,0,213.67670887414,0,0,0,0,0,0,0,0,0,0,0,0,81.2827395071039,0,0,0,0,0,0,0,0,106.533627130087,0,0,0,321.864157986053,0,0,220.963068032256,0,146.99041817625,0,0,0,221.805809452716
0,0,0,0,0,0,115.541295036174,135.667029391615,0,0,0,320.356811100276,0,133.984214699576,0,0,262.382215657622,0,115.868441404982,0,0,0,0,0,0,101.85207633558,0,153.672550905948,0,0,0,0,198.964527389285,201.44584889478,224.523755099568,0,325.937289045041,163.945208919892,0,89.3673883748406,160.530221557972
214.116367924649,0,0,0,226.825099357786,0,154.784755881607,97.3232815600345,153.453047983244,114.649126378906,188.936291522747,99.2646516363145,0,0,161.694997919804,146.814226519809,87.8456058929559,0,0,112.349934713559,0,0,0,0,0,0,0,192.601533877686,93.4234866874731,0,0,180.355266595273,0,0,238.934743274142,0,136.792307586862,119.345624434514,0,165.893015276821,0
0,0,0,0,0,0,0,0,0,113.144980278377,177.763106506206,180.543851962045,0,0,0,0,98.6790043377568,0,219.430938885781,0,0,0,0,0,0,0,283.88658203332,0,0,0,0,0,0,0,255.441154257905,0,181.316358113209,0,0,82.1742780037132,106.33736463831
151.695570509541,0,0,137.189596148386,193.659409924573,143.005810983322,0,0,0,0,0,0,164.032723165762,202.712457066107,0,94.7529894315991,0,0,0,118.522099274347,0,0,101.85207633558,0,0,0,161.74915061469,241.57250333243,0,195.314816908693,0,0,0,137.177378802006,171.906398392157,186.348837226466,94.9380989123498,219.078548227669,261.440278806413,71.4788760670054,154.070293657878
0,0,150.161410108805,61.0664810463559,0,0,224.551207449728,74.7304794244225,0,62.859596780235,259.442917595754,155.901486485736,0,101.443495235174,0,199.492852797962,0,0,289.631679007608,173.201474590904,333.645516435298,0,0,0,283.88658203332,161.74915061469,0,0,0,0,0,284.529238481835,0,131.969743415579,115.332064605654,0,153.876396855887,161.275817184598,0,259.055025639447,0
0,128.530575464043,167.066576495979,252.487290983309,97.5855511246009,159.183173818572,138.33942793804,306.640284138334,0,78.8552325762656,0,62.311273509377,0,101.5853655613,115.871357769661,0,348.674510760064,0,133.218162784108,0,141.204637091722,106.533627130087,153.672550905948,192.601533877686,0,241.57250333243,0,0,212.592150359921,100.812745974529,115.114253591495,0,0,0,78.9559315574845,161.302948562323,0,151.01089327964,197.893790332676,196.032358954952,219.040656038919
0,0,0,0,173.059382066957,180.90030328818,0,0,80.4367166559625,0,84.3635741045246,197.486504603685,0,0,139.654362654449,74.5815074003433,0,0,0,198.528111506785,172.892533368851,0,0,93.4234866874731,0,0,0,212.592150359921,0,0,94.8881692391942,0,228.792310020318,142.054529471577,128.846764897717,73.1029054543569,161.325017232684,89.1590885155172,357.423078228283,104.915316975638,151.036729364761
0,0,0,0,0,0,0,0,0,314.611698427915,183.786860782462,0,0,0,162.833808134102,178.224497384947,0,200.878319874537,0,0,0,0,0,0,0,195.314816908693,0,100.812745974529,0,0,0,0,0,193.777661225572,0,0,353.822894641502,280.376028997576,0,124.698445421759,0
0,0,0,0,0,0,0,0,0,0,0,0,0,90.7216186966914,0,0,0,0,92.5207898118833,0,0,0,0,0,0,0,0,115.114253591495,94.8881692391942,0,0,0,0,0,0,0,192.135034768848,0,0,67.8267069095267,0
0,0,0,0,0,0,0,0,108.381749703452,0,0,0,0,0,0,0,0,0,0,0,75.4497121078207,321.864157986053,0,180.355266595273,0,0,284.529238481835,0,0,0,0,0,0,192.693757128262,95.7590805983148,321.124897279917,0,0,106.128596538706,125.81518738273,208.005106191961
0,0,0,0,0,0,0,0,0,0,0,0,0,0,215.611029055736,0,0,0,0,0,0,0,198.964527389285,0,0,0,0,0,228.792310020318,0,0,0,0,0,0,165.597665022977,0,0,0,96.7845769653343,0
98.2230592632363,0,0,72.2278283150671,220.901129804706,0,0,99.3508940827211,0,190.185165668632,0,145.74089716123,0,0,157.852515740516,187.77054666536,125.994729980093,58.3493451392805,300.031143529538,116.176698124939,109.093416850988,0,201.44584889478,0,0,137.177378802006,131.969743415579,0,142.054529471577,193.777661225572,0,192.693757128262,0,0,168.241326865882,90.1317194604647,249.905610015455,206.912707094411,85.7623170715703,240.185081663983,158.955087279859
0,0,0,0,0,134.960780198024,124.853650664477,0,70.4221432298295,0,111.435629183184,74.4197823064597,0,188.851177466023,0,241.635434294794,306.344527664232,140.574866691684,0,0,0,220.963068032256,224.523755099568,238.934743274142,255.441154257905,171.906398392157,115.332064605654,78.9559315574845,128.846764897717,0,0,95.7590805983148,0,168.241326865882,0,175.196329314064,242.790381480436,179.718364159796,117.208001126138,253.401634605989,169.453147353278
0,0,0,0,0,138.425725342224,110.384905066973,76.5072790361762,0,113.059176128709,153.609372090384,103.519938150021,0,0,0,0,0,0,80.8080171296381,222.053792850439,0,0,0,0,0,186.348837226466,0,161.302948562323,73.1029054543569,0,0,321.124897279917,165.597665022977,90.1317194604647,175.196329314064,0,329.719143597451,194.442125915551,96.5937438588657,151.806152521152,0
0,112.823430872325,98.417953423071,218.045528847001,0,201.100640800745,137.239127032733,0,227.504408813069,122.106946855269,139.93285932648,178.748963182352,0,101.895308036513,347.376449530863,0,0,81.9664354533492,0,236.681907140956,178.683678585178,146.99041817625,325.937289045041,136.792307586862,181.316358113209,94.9380989123498,153.876396855887,0,161.325017232684,353.822894641502,192.135034768848,0,0,249.905610015455,242.790381480436,329.719143597451,0,217.157696745803,82.6426202489162,169.742003380707,93.5029580098427
0,0,111.226326353722,148.808626413748,211.840482897052,0,89.707245288964,0,0,232.945974238958,0,0,0,0,0,0,0,160.537522273714,204.084074037941,0,0,0,163.945208919892,119.345624434514,0,219.078548227669,161.275817184598,151.01089327964,89.1590885155172,280.376028997576,0,0,0,206.912707094411,179.718364159796,194.442125915551,217.157696745803,0,116.054372245433,0,261.605527103798
0,0,0,154.142998692322,0,0,0,92.3502314520023,66.5008477853491,0,0,0,0,0,0,0,0,345.797434674459,82.6299537488922,0,0,0,0,0,0,261.440278806413,0,197.893790332676,357.423078228283,0,0,106.128596538706,0,85.7623170715703,117.208001126138,96.5937438588657,82.6426202489162,116.054372245433,0,114.511014214502,0
0,0,0,0,0,104.369974912428,0,158.567996645797,0,0,0,205.183249704085,142.385058730083,225.013371621378,0,0,0,0,249.798812580765,195.378266313867,92.5568465385234,0,89.3673883748406,165.893015276821,82.1742780037132,71.4788760670054,259.055025639447,196.032358954952,104.915316975638,124.698445421759,67.8267069095267,125.81518738273,96.7845769653343,240.185081663983,253.401634605989,151.806152521152,169.742003380707,0,114.511014214502,0,184.249961885477
146.465927798921,276.620869034647,0,108.136066660554,82.4756938751058,0,0,136.685314494491,0,112.793316814908,0,323.781250289068,0,0,231.050882209,0,0,303.527509149359,0,0,0,221.805809452716,160.530221557972,0,106.33736463831,154.070293657878,0,219.040656038919,151.036729364761,0,0,208.005106191961,0,158.955087279859,169.453147353278,0,93.5029580098427,261.605527103798,0,184.249961885477,0
