0,0,0,0,0,0,0,0,0,0,0,116.054372245433,0,0,0,0,0,0,0,0,0,0,115.114253591495,0,0,119.345624434514,0,146.99041817625,0,0,0,0,0,0,0,0,193.777661225572,0,0,0,186.348837226466
0,0,0,0,0,0,0,0,0,0,201.100640800745,0,0,217.157696745803,0,0,0,0,0,0,0,0,0,158.955087279859,0,0,0,0,0,0,0,228.792310020318,0,0,251.098274723989,173.059382066957,71.5579325720569,0,0,0,0
0,0,0,0,0,0,0,0,0,0,0,0,0,0,120.912756812582,0,0,0,0,0,0,0,0,0,124.698445421759,94.9380989123498,0,0,0,0,0,95.7590805983148,0,0,0,0,0,0,0,0,261.605527103798
0,0,0,0,0,0,0,218.045528847001,0,0,0,151.036729364761,0,0,0,0,261.440278806413,0,0,0,0,84.3635741045246,205.839960264176,138.425725342224,133.984214699576,0,0,0,0,0,0,0,112.349934713559,173.538155409849,214.116367924649,0,135.294330067913,0,0,97.5855511246009,224.551207449728
0,0,0,0,0,0,0,0,161.694997919804,0,221.805809452716,155.24952173131,0,0,213.67670887414,0,0,0,199.492852797962,0,202.712457066107,0,0,0,136.792307586862,0,74.5815074003433,165.893015276821,289.631679007608,0,0,0,0,193.659409924573,89.707245288964,0,276.620869034647,0,241.682021696872,0,0
0,0,0,0,0,0,0,0,0,0,284.529238481835,89.3673883748406,0,106.33736463831,0,0,0,0,345.797434674459,227.504408813069,179.718364159796,0,0,0,0,303.527509149359,117.208001126138,211.840482897052,71.4788760670054,0,0,0,0,115.871357769661,0,224.523755099568,188.851177466023,0,0,161.275817184598,0
0,0,0,0,0,0,0,0,0,0,0,172.608400267715,0,0,0,0,0,120.567029282014,82.6426202489162,0,106.533627130087,0,0,146.465927798921,78.9559315574845,104.915316975638,0,0,0,0,0,0,0,0,111.226326353722,162.833808134102,0,128.530575464043,242.790381480436,82.4756938751058,116.176698124939
0,0,0,218.045528847001,0,0,0,0,0,283.248188884028,0,106.128596538706,0,141.204637091722,220.963068032256,180.355266595273,0,0,0,58.3493451392805,0,0,0,0,0,222.053792850439,146.770754374523,139.654362654449,0,0,323.781250289068,0,110.384905066973,219.430938885781,104.369974912428,0,0,0,201.44584889478,192.135034768848,0
0,0,0,0,161.694997919804,0,0,0,0,329.719143597451,92.3502314520023,0,0,0,0,0,0,0,0,0,0,0,193.055010680236,0,0,0,171.906398392157,164.032723165762,0,0,0,0,0,73.1029054543569,124.853650664477,0,151.075371308616,0,0,219.078548227669,139.792601838991
0,0,0,0,0,0,0,283.248188884028,329.719143597451,0,115.332064605654,0,0,0,0,73.4795582048751,0,0,204.084074037941,0,150.161410108805,0,0,99.3508940827211,0,0,195.314816908693,98.2230592632363,161.325017232684,0,0,228.075434767255,131.969743415579,151.806152521152,335.371040201042,0,0,155.901486485736,154.784755881607,180.543851962045,236.681907140956
0,201.100640800745,0,0,221.805809452716,284.529238481835,0,0,92.3502314520023,115.332064605654,0,0,321.864157986053,0,0,0,0,0,0,112.793316814908,0,0,0,0,0,163.945208919892,0,96.7845769653343,137.189596148386,115.868441404982,0,0,0,94.126460729827,306.344527664232,0,94.7529894315991,101.895308036513,0,0,153.609372090384
116.054372245433,0,0,151.036729364761,155.24952173131,89.3673883748406,172.608400267715,106.128596538706,0,0,0,0,0,0,136.685314494491,0,0,0,0,0,118.522099274347,0,173.201474590904,0,108.381749703452,80.8080171296381,209.996727521564,137.177378802006,0,280.376028997576,0,0,0,240.185081663983,223.705816669619,92.5207898118833,283.88658203332,259.442917595754,157.852515740516,338.131802716296,0
0,0,0,0,0,0,0,0,0,0,321.864157986053,0,0,0,0,0,0,0,0,0,0,0,0,196.032358954952,0,0,0,200.878319874537,0,0,0,0,0,0,204.481117647118,74.7304794244225,188.936291522747,0,0,0,0
0,217.157696745803,0,0,0,106.33736463831,0,141.204637091722,0,0,0,0,0,0,0,0,0,0,0,94.8881692391942,115.194491798135,0,0,94.027247878695,0,109.093416850988,133.218162784108,180.90030328818,321.124897279917,0,0,0,0,247.66948903751,0,206.472608421747,191.519780382943,0,151.695570509541,0,0
0,0,120.912756812582,0,213.67670887414,0,0,220.963068032256,0,0,0,136.685314494491,0,0,0,205.183249704085,0,0,101.85207633558,0,0,0,0,0,0,0,137.239127032733,0,125.416941482916,0,0,0,0,0,160.530221557972,167.066576495979,0,208.005106191961,0,101.605593487621,0
0,0,0,0,0,0,0,180.355266595273,0,73.4795582048751,0,0,0,0,205.183249704085,0,0,0,0,0,0,0,0,151.01089327964,0,0,101.5853655613,0,0,0,0,0,0,219.040656038919,215.611029055736,0,97.3232815600345,93.5029580098427,178.748963182352,81.2827395071039,0
0,0,0,261.440278806413,0,0,0,0,0,0,0,0,0,0,0,0,0,231.715271819474,195.378266313867,0,0,0,0,0,0,0,0,89.1590885155172,115.541295036174,0,0,93.4234866874731,0,0,0,90.7216186966914,0,85.6072705949986,101.443495235174,192.693757128262,0
0,0,0,0,0,0,120.567029282014,0,0,0,0,0,0,0,0,0,231.715271819474,0,0,66.5008477853491,0,0,225.013371621378,0,98.6790043377568,0,128.846764897717,0,0,0,0,0,0,154.142998692322,262.382215657622,0,195.822649557859,0,0,0,0
0,0,0,0,199.492852797962,345.797434674459,82.6426202489162,0,0,204.084074037941,0,0,0,0,101.85207633558,0,195.378266313867,0,0,0,0,0,96.5937438588657,0,0,0,0,181.316358113209,148.808626413748,0,0,0,0,241.635434294794,75.4497121078207,0,0,0,0,0,169.453147353278
0,0,0,0,0,227.504408813069,0,58.3493451392805,0,0,112.793316814908,0,0,94.8881692391942,0,0,0,66.5008477853491,0,0,0,0,0,153.453047983244,0,100.812745974529,139.93285932648,134.960780198024,87.8456058929559,300.031143529538,0,92.5568465385234,145.74089716123,0,0,90.1317194604647,212.592150359921,183.786860782462,0,192.601533877686,0
0,0,0,0,202.712457066107,179.718364159796,106.533627130087,0,0,150.161410108805,0,118.522099274347,0,115.194491798135,0,0,0,0,0,0,0,269.936825670274,0,0,0,0,0,140.574866691684,161.74915061469,0,0,0,0,0,0,193.63278243493,194.442125915551,325.937289045041,106.926813611922,0,0
0,0,0,84.3635741045246,0,0,0,0,0,0,0,0,0,0,0,0,0,0,0,0,269.936825670274,0,0,168.241326865882,0,0,62.859596780235,348.674510760064,159.183173818572,165.597665022977,0,0,0,0,0,0,67.8267069095267,0,0,0,0
115.114253591495,0,0,205.839960264176,0,0,0,0,193.055010680236,0,0,173.201474590904,0,0,0,0,0,225.013371621378,96.5937438588657,0,0,0,0,314.611698427915,0,114.649126378906,0,171.230058197369,0,0,0,0,0,125.81518738273,0,0,153.876396855887,175.196329314064,81.9664354533492,190.185165668632,320.356811100276
0,158.955087279859,0,138.425725342224,0,0,146.465927798921,0,0,99.3508940827211,0,0,196.032358954952,94.027247878695,0,151.01089327964,0,0,0,153.453047983244,0,168.241326865882,314.611698427915,0,196.04190773555,0,0,70.4221432298295,172.892533368851,0,0,0,0,125.994729980093,253.401634605989,78.8552325762656,241.57250333243,0,134.566479261133,186.973586461633,0
0,0,124.698445421759,133.984214699576,136.792307586862,0,78.9559315574845,0,0,0,0,108.381749703452,0,0,0,0,0,98.6790043377568,0,0,0,0,0,196.04190773555,0,252.487290983309,0,0,0,0,0,0,0,0,0,0,94.7280504127031,0,0,0,112.823430872325
119.345624434514,0,94.9380989123498,0,0,303.527509149359,104.915316975638,222.053792850439,0,0,163.945208919892,80.8080171296381,0,109.093416850988,0,0,0,0,0,100.812745974529,0,0,114.649126378906,0,252.487290983309,0,0,82.6299537488922,0,158.567996645797,0,0,0,220.901129804706,184.249961885477,103.519938150021,108.136066660554,173.001559092555,0,197.893790332676,163.059043292369
0,0,0,0,74.5815074003433,117.208001126138,0,146.770754374523,171.906398392157,195.314816908693,0,209.996727521564,0,133.218162784108,137.239127032733,101.5853655613,0,128.846764897717,0,139.93285932648,0,62.859596780235,0,0,0,0,0,232.945974238958,357.423078228283,0,113.059176128709,0,0,169.742003380707,146.814226519809,0,333.645516435298,154.070293657878,0,111.435629183184,0
146.99041817625,0,0,0,165.893015276821,211.840482897052,0,139.654362654449,164.032723165762,98.2230592632363,96.7845769653343,137.177378802006,200.878319874537,180.90030328818,0,0,89.1590885155172,0,181.316358113209,134.960780198024,140.574866691684,348.674510760064,171.230058197369,70.4221432298295,0,82.6299537488922,232.945974238958,0,353.822894641502,0,0,138.33942793804,122.106946855269,135.667029391615,238.934743274142,0,153.672550905948,0,0,187.77054666536,255.441154257905
0,0,0,0,289.631679007608,71.4788760670054,0,0,0,161.325017232684,137.189596148386,0,0,321.124897279917,125.416941482916,0,115.541295036174,0,148.808626413748,87.8456058929559,161.74915061469,159.183173818572,0,172.892533368851,0,0,357.423078228283,353.822894641502,0,154.065933476765,0,198.528111506785,0,72.2278283150671,0,309.997227542691,0,226.825099357786,0,143.005810983322,99.2646516363145
0,0,0,0,0,0,0,0,0,0,115.868441404982,280.376028997576,0,0,0,0,0,0,0,300.031143529538,0,165.597665022977,0,0,0,158.567996645797,0,0,154.065933476765,0,0,0,0,205.09013266389,0,101.350815329073,142.385058730083,80.4367166559625,61.0664810463559,0,0
0,0,0,0,0,0,0,323.781250289068,0,0,0,0,0,0,0,0,0,0,0,0,0,0,0,0,0,0,113.059176128709,0,0,0,0,0,0,231.050882209,0,0,82.1742780037132,0,347.376449530863,197.486504603685,0
0,228.792310020318,95.7590805983148,0,0,0,0,0,0,228.075434767255,0,0,0,0,0,0,93.4234866874731,0,0,92.5568465385234,0,0,0,0,0,0,0,138.33942793804,198.528111506785,0,0,0,0,306.640284138334,249.798812580765,0,76.5072790361762,0,0,0,114.511014214502
0,0,0,112.349934713559,0,0,0,110.384905066973,0,131.969743415579,0,0,0,0,0,0,0,0,0,145.74089716123,0,0,0,0,0,0,0,122.106946855269,0,0,0,0,0,0,0,0,0,0,0,0,0
0,0,0,173.538155409849,193.659409924573,115.871357769661,0,219.430938885781,73.1029054543569,151.806152521152,94.126460729827,240.185081663983,0,247.66948903751,0,219.040656038919,0,154.142998692322,241.635434294794,0,0,0,125.81518738273,125.994729980093,0,220.901129804706,169.742003380707,135.667029391615,72.2278283150671,205.09013266389,231.050882209,306.640284138334,0,0,177.763106506206,0,98.417953423071,250.461724766314,0,263.534399241887,174.013630695256
0,251.098274723989,0,214.116367924649,89.707245288964,0,111.226326353722,104.369974912428,124.853650664477,335.371040201042,306.344527664232,223.705816669619,204.481117647118,0,160.530221557972,215.611029055736,0,262.382215657622,75.4497121078207,0,0,0,0,253.401634605989,0,184.249961885477,146.814226519809,238.934743274142,0,0,0,249.798812580765,0,177.763106506206,0,74.4197823064597,142.054529471577,206.912707094411,0,198.964527389285,97.3506957544063
0,173.059382066957,0,0,0,224.523755099568,162.833808134102,0,0,0,0,92.5207898118833,74.7304794244225,206.472608421747,167.066576495979,0,90.7216186966914,0,0,90.1317194604647,193.63278243493,0,0,78.8552325762656,0,103.519938150021,0,0,309.997227542691,101.350815329073,0,0,0,0,74.4197823064597,0,178.224497384947,113.144980278377,0,128.405764333981,62.311273509377
193.777661225572,71.5579325720569,0,135.294330067913,276.620869034647,188.851177466023,0,0,151.075371308616,0,94.7529894315991,283.88658203332,188.936291522747,191.519780382943,0,97.3232815600345,0,195.822649557859,0,212.592150359921,194.442125915551,67.8267069095267,153.876396855887,241.57250333243,94.7280504127031,108.136066660554,333.645516435298,153.672550905948,0,142.385058730083,82.1742780037132,76.5072790361762,0,98.417953423071,142.054529471577,178.224497384947,0,161.302948562323,0,249.905610015455,259.055025639447
0,0,0,0,0,0,128.530575464043,0,0,155.901486485736,101.895308036513,259.442917595754,0,0,208.005106191961,93.5029580098427,85.6072705949986,0,0,183.786860782462,325.937289045041,0,175.196329314064,0,0,173.001559092555,154.070293657878,0,226.825099357786,80.4367166559625,0,0,0,250.461724766314,206.912707094411,113.144980278377,161.302948562323,0,0,119.728129215699,89.9429017381717
0,0,0,0,241.682021696872,0,242.790381480436,201.44584889478,0,154.784755881607,0,157.852515740516,0,151.695570509541,0,178.748963182352,101.443495235174,0,0,0,106.926813611922,0,81.9664354533492,134.566479261133,0,0,0,0,0,61.0664810463559,347.376449530863,0,0,0,0,0,0,0,0,160.537522273714,178.683678585178
0,0,0,97.5855511246009,0,161.275817184598,82.4756938751058,192.135034768848,219.078548227669,180.543851962045,0,338.131802716296,0,0,101.605593487621,81.2827395071039,192.693757128262,0,0,192.601533877686,0,0,190.185165668632,186.973586461633,0,197.893790332676,111.435629183184,187.77054666536,143.005810983322,0,197.486504603685,0,0,263.534399241887,198.964527389285,128.405764333981,249.905610015455,119.728129215699,160.537522273714,0,85.7623170715703
186.348837226466,0,261.605527103798,224.551207449728,0,0,116.176698124939,0,139.792601838991,236.681907140956,153.609372090384,0,0,0,0,0,0,0,169.453147353278,0,0,0,320.356811100276,0,112.823430872325,163.059043292369,0,255.441154257905,99.2646516363145,0,0,114.511014214502,0,174.013630695256,97.3506957544063,62.311273509377,259.055025639447,89.9429017381717,178.683678585178,85.7623170715703,0
