0,0,0,0,0,221.805809452716,0,0,0,0,0,0,0,0,0,0,0,0,0,0,0,0,0,0,0,195.822649557859,0,0,58.3493451392805,0,0,255.441154257905,0,134.960780198024,82.6426202489162,0,0,0,0,0,0
0,0,0,0,0,0,115.114253591495,0,0,98.417953423071,0,0,0,0,0,0,0,0,0,0,250.461724766314,0,0,0,193.777661225572,0,323.781250289068,0,0,0,0,0,0,0,0,0,113.059176128709,0,0,0,122.106946855269
0,0,0,0,0,0,0,0,0,73.4795582048751,0,261.440278806413,0,0,202.712457066107,0,0,0,0,0,0,0,0,0,0,0,0,0,119.728129215699,0,0,0,0,0,0,0,0,0,0,62.311273509377,0
0,0,0,0,103.519938150021,0,0,0,0,223.705816669619,173.059382066957,0,0,0,0,0,0,0,0,0,0,0,140.574866691684,219.040656038919,0,186.348837226466,104.915316975638,0,314.611698427915,0,0,0,0,0,82.1742780037132,128.846764897717,241.57250333243,106.533627130087,0,0,329.719143597451
0,0,0,103.519938150021,0,0,335.371040201042,220.901129804706,0,0,193.055010680236,0,125.994729980093,0,0,0,0,213.67670887414,0,131.969743415579,0,0,0,0,0,222.053792850439,0,219.430938885781,0,154.070293657878,0,0,0,108.381749703452,0,0,241.635434294794,101.605593487621,97.3506957544063,0,0
221.805809452716,0,0,0,0,0,0,0,0,0,259.442917595754,321.864157986053,0,0,0,0,0,153.609372090384,89.1590885155172,0,0,0,283.248188884028,0,0,85.6072705949986,0,173.001559092555,0,0,0,0,0,101.85207633558,115.541295036174,0,269.936825670274,0,249.905610015455,80.4367166559625,71.4788760670054
0,115.114253591495,0,0,335.371040201042,0,0,0,0,242.790381480436,81.9664354533492,0,0,0,306.344527664232,0,0,0,0,0,0,0,0,151.695570509541,0,0,0,219.078548227669,0,0,0,111.226326353722,0,217.157696745803,187.77054666536,133.984214699576,338.131802716296,0,0,276.620869034647,0
0,0,0,0,220.901129804706,0,0,0,0,196.04190773555,0,71.5579325720569,0,206.472608421747,0,0,0,0,0,0,142.054529471577,289.631679007608,177.763106506206,135.294330067913,134.566479261133,0,226.825099357786,241.682021696872,67.8267069095267,0,0,0,0,89.9429017381717,109.093416850988,0,78.8552325762656,93.4234866874731,0,0,0
0,0,0,0,0,0,0,0,0,0,139.792601838991,0,0,0,0,0,0,0,0,171.906398392157,208.005106191961,0,0,146.465927798921,0,148.808626413748,0,0,251.098274723989,0,0,0,0,188.936291522747,120.912756812582,153.453047983244,0,0,0,75.4497121078207,154.065933476765
0,98.417953423071,73.4795582048751,223.705816669619,0,0,242.790381480436,196.04190773555,0,0,0,201.100640800745,0,0,0,183.786860782462,136.792307586862,0,180.90030328818,62.859596780235,186.973586461633,0,0,0,0,101.350815329073,0,172.892533368851,165.893015276821,0,0,306.640284138334,0,89.707245288964,0,0,115.194491798135,0,73.1029054543569,0,0
0,0,0,173.059382066957,193.055010680236,259.442917595754,81.9664354533492,0,139.792601838991,0,0,92.3502314520023,0,0,160.537522273714,125.81518738273,0,0,0,209.996727521564,0,0,0,161.302948562323,0,0,178.224497384947,161.74915061469,0,0,0,0,0,0,0,0,145.74089716123,146.770754374523,97.5855511246009,0,321.124897279917
0,0,261.440278806413,0,0,321.864157986053,0,71.5579325720569,0,201.100640800745,92.3502314520023,0,139.93285932648,303.527509149359,0,0,0,0,0,85.7623170715703,0,191.519780382943,153.672550905948,0,200.878319874537,224.551207449728,98.2230592632363,157.852515740516,113.144980278377,0,0,0,0,283.88658203332,348.674510760064,0,212.592150359921,115.868441404982,0,138.33942793804,154.784755881607
0,0,0,0,125.994729980093,0,0,0,0,0,0,139.93285932648,0,0,0,0,0,0,0,0,0,0,0,0,0,0,228.792310020318,135.667029391615,0,0,0,0,0,94.7280504127031,0,99.2646516363145,0,0,0,0,0
0,0,0,0,0,0,0,206.472608421747,0,0,0,303.527509149359,0,0,345.797434674459,0,0,0,227.504408813069,90.1317194604647,0,0,0,92.5568465385234,0,84.3635741045246,0,171.230058197369,0,232.945974238958,0,0,0,0,78.9559315574845,0,193.63278243493,201.44584889478,0,184.249961885477,333.645516435298
0,0,202.712457066107,0,0,0,306.344527664232,0,0,0,160.537522273714,0,0,345.797434674459,0,96.7845769653343,259.055025639447,0,0,0,0,0,0,0,0,0,124.853650664477,0,0,142.385058730083,0,0,0,154.142998692322,231.050882209,0,353.822894641502,70.4221432298295,0,0,0
0,0,0,0,0,0,0,0,0,183.786860782462,125.81518738273,0,0,0,96.7845769653343,0,0,0,175.196329314064,0,0,74.7304794244225,0,0,0,94.9380989123498,159.183173818572,181.316358113209,225.013371621378,347.376449530863,0,0,0,98.6790043377568,0,0,0,0,0,0,0
0,0,0,0,0,0,0,0,0,136.792307586862,0,0,0,0,259.055025639447,0,0,0,0,0,0,93.5029580098427,0,0,101.895308036513,0,174.013630695256,247.66948903751,95.7590805983148,0,0,0,0,0,74.4197823064597,0,249.798812580765,0,0,180.355266595273,0
0,0,0,0,213.67670887414,153.609372090384,0,0,0,0,0,0,0,0,0,0,0,0,114.649126378906,0,0,0,0,0,119.345624434514,195.314816908693,0,0,252.487290983309,0,0,0,0,92.5207898118833,0,179.718364159796,0,0,0,204.481117647118,0
0,0,0,0,0,89.1590885155172,0,0,0,180.90030328818,0,0,0,227.504408813069,0,175.196329314064,0,114.649126378906,0,0,0,0,0,96.5937438588657,0,0,0,263.534399241887,136.685314494491,99.3508940827211,0,0,0,0,0,81.2827395071039,114.511014214502,0,0,137.239127032733,0
0,0,0,0,131.969743415579,0,0,0,171.906398392157,62.859596780235,209.996727521564,85.7623170715703,0,90.1317194604647,0,0,0,0,0,0,141.204637091722,0,0,80.8080171296381,0,153.876396855887,117.208001126138,231.715271819474,0,0,0,0,72.2278283150671,87.8456058929559,0,0,74.5815074003433,228.075434767255,100.812745974529,151.036729364761,0
0,250.461724766314,0,0,0,0,0,142.054529471577,208.005106191961,186.973586461633,0,0,0,0,0,0,0,0,0,141.204637091722,0,0,115.332064605654,108.136066660554,0,0,111.435629183184,150.161410108805,0,0,0,0,0,161.694997919804,112.349934713559,0,0,0,128.530575464043,0,151.806152521152
0,0,0,0,0,0,0,289.631679007608,0,0,0,191.519780382943,0,0,0,74.7304794244225,93.5029580098427,0,0,0,0,0,0,0,0,0,205.183249704085,116.054372245433,0,0,0,0,0,0,0,0,0,215.611029055736,163.059043292369,0,0
0,0,0,140.574866691684,0,283.248188884028,0,177.763106506206,0,0,0,153.672550905948,0,0,0,0,0,0,0,0,115.332064605654,0,0,112.823430872325,0,0,0,262.382215657622,164.032723165762,0,0,0,118.522099274347,325.937289045041,197.893790332676,133.218162784108,125.416941482916,178.683678585178,0,0,218.045528847001
0,0,0,219.040656038919,0,0,151.695570509541,135.294330067913,146.465927798921,0,161.302948562323,0,0,92.5568465385234,0,0,0,0,96.5937438588657,80.8080171296381,108.136066660554,0,112.823430872325,0,199.492852797962,0,240.185081663983,320.356811100276,0,214.116367924649,0,0,0,82.4756938751058,120.567029282014,162.833808134102,194.442125915551,197.486504603685,0,0,0
0,193.777661225572,0,0,0,0,0,134.566479261133,0,0,0,200.878319874537,0,0,0,0,101.895308036513,119.345624434514,0,0,0,0,0,199.492852797962,0,0,0,0,0,0,0,0,0,0,160.530221557972,178.748963182352,192.693757128262,0,0,309.997227542691,0
195.822649557859,0,0,186.348837226466,222.053792850439,85.6072705949986,0,0,148.808626413748,101.350815329073,0,224.551207449728,0,84.3635741045246,0,94.9380989123498,0,195.314816908693,0,153.876396855887,0,0,0,0,0,0,0,101.443495235174,205.839960264176,0,0,0,0,101.5853655613,146.814226519809,192.135034768848,238.934743274142,0,97.3232815600345,137.189596148386,172.608400267715
0,323.781250289068,0,104.915316975638,0,0,0,226.825099357786,0,0,178.224497384947,98.2230592632363,228.792310020318,0,124.853650664477,159.183173818572,174.013630695256,0,0,117.208001126138,111.435629183184,205.183249704085,0,240.185081663983,0,0,0,146.99041817625,0,0,0,0,0,0,0,173.538155409849,188.851177466023,220.963068032256,89.3673883748406,180.543851962045,139.654362654449
0,0,0,0,219.430938885781,173.001559092555,219.078548227669,241.682021696872,0,172.892533368851,161.74915061469,157.852515740516,135.667029391615,171.230058197369,0,181.316358113209,247.66948903751,0,263.534399241887,231.715271819474,150.161410108805,116.054372245433,262.382215657622,320.356811100276,0,101.443495235174,146.99041817625,0,165.597665022977,195.378266313867,0,0,0,192.601533877686,0,169.742003380707,253.401634605989,0,66.5008477853491,357.423078228283,173.201474590904
58.3493451392805,0,119.728129215699,314.611698427915,0,0,0,67.8267069095267,251.098274723989,165.893015276821,0,113.144980278377,0,0,0,225.013371621378,95.7590805983148,252.487290983309,136.685314494491,0,0,0,164.032723165762,0,0,205.839960264176,0,165.597665022977,0,0,0,104.369974912428,138.425725342224,0,115.871357769661,0,196.032358954952,76.5072790361762,0,284.529238481835,90.7216186966914
0,0,0,0,154.070293657878,0,0,0,0,0,0,0,0,232.945974238958,142.385058730083,347.376449530863,0,0,99.3508940827211,0,0,0,0,214.116367924649,0,0,0,195.378266313867,0,0,0,0,0,155.24952173131,116.176698124939,0,204.084074037941,0,0,94.7529894315991,0
0,0,0,0,0,0,0,0,0,0,0,0,0,0,0,0,0,0,0,0,0,0,0,0,0,0,0,0,0,0,0,224.523755099568,0,0,106.926813611922,236.681907140956,137.177378802006,0,300.031143529538,151.075371308616,0
255.441154257905,0,0,0,0,0,111.226326353722,0,0,306.640284138334,0,0,0,0,0,0,0,0,0,0,0,0,0,0,0,0,0,0,104.369974912428,0,224.523755099568,0,0,198.964527389285,0,0,151.01089327964,124.698445421759,106.33736463831,143.005810983322,94.126460729827
0,0,0,0,0,0,0,0,0,0,0,0,0,0,0,0,0,0,0,72.2278283150671,0,0,118.522099274347,0,0,0,0,0,138.425725342224,0,0,0,0,0,158.955087279859,0,0,0,0,0,82.6299537488922
134.960780198024,0,0,0,108.381749703452,101.85207633558,217.157696745803,89.9429017381717,188.936291522747,89.707245288964,0,283.88658203332,94.7280504127031,0,154.142998692322,98.6790043377568,0,92.5207898118833,0,87.8456058929559,161.694997919804,0,325.937289045041,82.4756938751058,0,101.5853655613,0,192.601533877686,0,155.24952173131,0,198.964527389285,0,0,167.066576495979,155.901486485736,94.8881692391942,205.09013266389,0,163.945208919892,112.793316814908
82.6426202489162,0,0,82.1742780037132,0,115.541295036174,187.77054666536,109.093416850988,120.912756812582,0,0,348.674510760064,0,78.9559315574845,231.050882209,0,74.4197823064597,0,0,0,112.349934713559,0,197.893790332676,120.567029282014,160.530221557972,146.814226519809,0,0,115.871357769661,116.176698124939,106.926813611922,0,158.955087279859,167.066576495979,0,161.275817184598,0,169.453147353278,261.605527103798,206.912707094411,193.659409924573
0,0,0,128.846764897717,0,0,133.984214699576,0,153.453047983244,0,0,0,99.2646516363145,0,0,0,0,179.718364159796,81.2827395071039,0,0,0,133.218162784108,162.833808134102,178.748963182352,192.135034768848,173.538155409849,169.742003380707,0,0,236.681907140956,0,0,155.901486485736,161.275817184598,0,106.128596538706,198.528111506785,0,94.027247878695,61.0664810463559
0,113.059176128709,0,241.57250333243,241.635434294794,269.936825670274,338.131802716296,78.8552325762656,0,115.194491798135,145.74089716123,212.592150359921,0,193.63278243493,353.822894641502,0,249.798812580765,0,114.511014214502,74.5815074003433,0,0,125.416941482916,194.442125915551,192.693757128262,238.934743274142,188.851177466023,253.401634605989,196.032358954952,204.084074037941,137.177378802006,151.01089327964,0,94.8881692391942,0,106.128596538706,0,280.376028997576,190.185165668632,110.384905066973,128.405764333981
0,0,0,106.533627130087,101.605593487621,0,0,93.4234866874731,0,0,146.770754374523,115.868441404982,0,201.44584889478,70.4221432298295,0,0,0,0,228.075434767255,0,215.611029055736,178.683678585178,197.486504603685,0,0,220.963068032256,0,76.5072790361762,0,0,124.698445421759,0,205.09013266389,169.453147353278,198.528111506785,280.376028997576,0,0,168.241326865882,161.325017232684
0,0,0,0,97.3506957544063,249.905610015455,0,0,0,73.1029054543569,97.5855511246009,0,0,0,0,0,0,0,0,100.812745974529,128.530575464043,163.059043292369,0,0,0,97.3232815600345,89.3673883748406,66.5008477853491,0,0,300.031143529538,106.33736463831,0,0,261.605527103798,0,190.185165668632,0,0,158.567996645797,0
0,0,62.311273509377,0,0,80.4367166559625,276.620869034647,0,75.4497121078207,0,0,138.33942793804,0,184.249961885477,0,0,180.355266595273,204.481117647118,137.239127032733,151.036729364761,0,0,0,0,309.997227542691,137.189596148386,180.543851962045,357.423078228283,284.529238481835,94.7529894315991,151.075371308616,143.005810983322,0,163.945208919892,206.912707094411,94.027247878695,110.384905066973,168.241326865882,158.567996645797,0,211.840482897052
0,122.106946855269,0,329.719143597451,0,71.4788760670054,0,0,154.065933476765,0,321.124897279917,154.784755881607,0,333.645516435298,0,0,0,0,0,0,151.806152521152,0,218.045528847001,0,0,172.608400267715,139.654362654449,173.201474590904,90.7216186966914,0,0,94.126460729827,82.6299537488922,112.793316814908,193.659409924573,61.0664810463559,128.405764333981,161.325017232684,0,211.840482897052,0
