0,0,0,0,0,187.77054666536,0,201.100640800745,0,0,0,0,0,0,0,0,0,0,0,84.3635741045246,0,0,0,0,0,0,0,0,157.852515740516,0,0,0,0,0,163.945208919892,0,249.905610015455,0,0,0,0
0,0,0,0,0,0,0,0,0,0,0,0,0,0,338.131802716296,0,0,0,0,0,0,0,0,0,0,0,94.7529894315991,67.8267069095267,101.85207633558,0,0,0,0,141.204637091722,0,0,240.185081663983,0,0,0,110.384905066973
0,0,0,0,0,0,0,0,0,0,0,0,0,0,0,0,151.036729364761,0,0,0,306.640284138334,0,0,0,0,0,0,0,0,0,0,195.822649557859,0,0,0,161.275817184598,0,111.435629183184,0,0,0
0,0,0,0,0,93.5029580098427,0,0,0,0,0,0,227.504408813069,0,162.833808134102,0,0,0,0,253.401634605989,62.311273509377,0,0,0,115.114253591495,0,0,188.936291522747,186.348837226466,0,0,0,0,151.695570509541,82.4756938751058,0,247.66948903751,173.001559092555,263.534399241887,0,0
0,0,0,0,0,133.984214699576,0,0,0,0,106.926813611922,283.248188884028,0,236.681907140956,0,0,0,94.027247878695,0,0,0,169.453147353278,197.486504603685,92.3502314520023,0,108.381749703452,0,0,0,0,0,0,0,206.472608421747,0,0,180.543851962045,195.378266313867,73.1029054543569,128.405764333981,0
187.77054666536,0,0,93.5029580098427,133.984214699576,0,0,0,93.4234866874731,0,255.441154257905,155.901486485736,0,0,0,0,0,0,0,0,206.912707094411,0,0,0,0,0,0,314.611698427915,283.88658203332,0,0,0,0,70.4221432298295,165.893015276821,172.892533368851,73.4795582048751,202.712457066107,0,0,0
0,0,0,0,0,0,0,212.592150359921,0,124.853650664477,0,0,0,0,0,0,0,0,193.777661225572,181.316358113209,82.6299537488922,0,231.050882209,116.054372245433,0,0,154.142998692322,0,0,0,0,0,0,89.707245288964,124.698445421759,0,345.797434674459,0,119.728129215699,200.878319874537,0
201.100640800745,0,0,0,0,0,212.592150359921,0,0,61.0664810463559,0,163.059043292369,0,222.053792850439,0,0,0,0,0,0,92.5207898118833,0,251.098274723989,82.1742780037132,306.344527664232,173.201474590904,0,154.070293657878,0,112.823430872325,0,0,0,225.013371621378,153.609372090384,0,66.5008477853491,0,0,0,173.538155409849
0,0,0,0,0,93.4234866874731,0,0,0,175.196329314064,269.936825670274,0,0,82.6426202489162,0,104.915316975638,0,0,0,0,0,0,0,133.218162784108,0,94.8881692391942,146.465927798921,169.742003380707,329.719143597451,0,0,0,0,0,0,0,0,154.784755881607,0,0,0
0,0,0,0,0,0,124.853650664477,61.0664810463559,175.196329314064,0,113.059176128709,0,0,0,0,153.453047983244,165.597665022977,0,0,96.5937438588657,0,196.032358954952,98.2230592632363,112.793316814908,0,0,215.611029055736,172.608400267715,114.511014214502,0,0,0,0,0,0,196.04190773555,190.185165668632,154.065933476765,335.371040201042,115.194491798135,0
0,0,0,0,106.926813611922,255.441154257905,0,0,269.936825670274,113.059176128709,0,161.302948562323,0,0,0,0,180.355266595273,0,226.825099357786,0,0,0,112.349934713559,0,0,0,167.066576495979,125.416941482916,103.519938150021,139.654362654449,0,0,0,128.530575464043,177.763106506206,219.078548227669,0,0,0,188.851177466023,0
0,0,0,0,283.248188884028,155.901486485736,0,163.059043292369,0,0,161.302948562323,0,0,0,321.124897279917,0,0,146.814226519809,146.770754374523,115.332064605654,218.045528847001,0,0,0,0,193.055010680236,0,0,0,0,72.2278283150671,122.106946855269,74.7304794244225,74.4197823064597,249.798812580765,148.808626413748,85.7623170715703,143.005810983322,109.093416850988,101.895308036513,135.294330067913
0,0,0,227.504408813069,0,0,0,0,0,0,0,0,0,0,0,0,0,0,0,0,0,158.955087279859,0,0,0,0,0,0,0,0,0,81.9664354533492,194.442125915551,0,0,0,0,0,92.5568465385234,0,180.90030328818
0,0,0,0,236.681907140956,0,0,222.053792850439,82.6426202489162,0,0,0,0,0,0,0,0,0,0,224.523755099568,0,0,171.906398392157,0,0,81.2827395071039,75.4497121078207,303.527509149359,0,0,0,300.031143529538,0,0,0,151.01089327964,173.059382066957,219.430938885781,0,153.876396855887,164.032723165762
0,338.131802716296,0,162.833808134102,0,0,0,0,0,0,0,321.124897279917,0,0,0,106.128596538706,0,0,0,323.781250289068,0,0,0,0,178.748963182352,0,348.674510760064,183.786860782462,0,0,0,0,0,0,276.620869034647,0,150.161410108805,0,117.208001126138,219.040656038919,0
0,0,0,0,0,0,0,0,104.915316975638,153.453047983244,0,0,0,0,106.128596538706,0,0,0,0,0,0,0,209.996727521564,98.6790043377568,0,289.631679007608,0,0,0,309.997227542691,0,0,0,0,85.6072705949986,228.792310020318,94.9380989123498,0,0,242.790381480436,0
0,0,151.036729364761,0,0,0,0,0,0,165.597665022977,180.355266595273,0,0,0,0,0,0,90.1317194604647,89.9429017381717,151.075371308616,0,0,0,0,0,0,261.440278806413,0,153.672550905948,0,0,0,0,171.230058197369,0,0,0,0,0,115.541295036174,0
0,0,0,0,94.027247878695,0,0,0,0,0,0,146.814226519809,0,0,0,0,90.1317194604647,0,0,0,0,0,0,0,0,0,62.859596780235,97.3232815600345,333.645516435298,0,0,0,0,198.964527389285,0,0,0,250.461724766314,0,0,97.3506957544063
0,0,0,0,0,0,193.777661225572,0,0,0,226.825099357786,146.770754374523,0,0,0,0,89.9429017381717,0,0,0,0,0,0,0,0,0,0,168.241326865882,90.7216186966914,0,0,0,0,58.3493451392805,191.519780382943,262.382215657622,0,184.249961885477,0,232.945974238958,193.659409924573
84.3635741045246,0,0,253.401634605989,0,0,181.316358113209,0,0,96.5937438588657,0,115.332064605654,0,224.523755099568,323.781250289068,0,151.075371308616,0,0,0,0,0,0,0,0,0,100.812745974529,205.09013266389,0,0,224.551207449728,0,0,104.369974912428,134.566479261133,0,241.635434294794,128.846764897717,0,99.2646516363145,115.868441404982
0,0,306.640284138334,62.311273509377,0,206.912707094411,82.6299537488922,92.5207898118833,0,0,0,218.045528847001,0,0,0,0,0,0,0,0,0,0,0,115.871357769661,0,284.529238481835,146.99041817625,0,0,0,0,0,0,120.912756812582,0,71.4788760670054,101.443495235174,0,0,101.605593487621,0
0,0,0,0,169.453147353278,0,0,0,0,196.032358954952,0,0,158.955087279859,0,0,0,0,0,0,0,0,0,0,261.605527103798,0,204.084074037941,0,0,0,0,0,0,0,0,357.423078228283,0,0,0,0,213.67670887414,353.822894641502
0,0,0,0,197.486504603685,0,231.050882209,251.098274723989,0,98.2230592632363,112.349934713559,0,0,171.906398392157,0,209.996727521564,0,0,0,0,0,0,0,0,78.8552325762656,0,0,106.533627130087,186.973586461633,0,0,0,0,161.74915061469,0,0,95.7590805983148,178.683678585178,80.4367166559625,0,145.74089716123
0,0,0,0,92.3502314520023,0,116.054372245433,82.1742780037132,133.218162784108,112.793316814908,0,0,0,0,0,98.6790043377568,0,0,0,0,115.871357769661,261.605527103798,0,0,0,259.055025639447,241.57250333243,320.356811100276,238.934743274142,0,0,221.805809452716,0,113.144980278377,139.792601838991,136.685314494491,119.345624434514,0,0,178.224497384947,80.8080171296381
0,0,0,115.114253591495,0,0,0,306.344527664232,0,0,0,0,0,0,178.748963182352,0,0,0,0,0,0,0,78.8552325762656,0,0,137.239127032733,0,0,142.054529471577,0,0,0,0,223.705816669619,125.81518738273,0,179.718364159796,0,0,89.1590885155172,0
0,0,0,0,108.381749703452,0,0,173.201474590904,94.8881692391942,0,0,193.055010680236,0,81.2827395071039,0,289.631679007608,0,0,0,0,284.529238481835,204.084074037941,0,259.055025639447,137.239127032733,0,96.7845769653343,0,0,347.376449530863,0,0,241.682021696872,0,125.994729980093,76.5072790361762,151.806152521152,139.93285932648,160.530221557972,195.314816908693,137.189596148386
0,94.7529894315991,0,0,0,0,154.142998692322,0,146.465927798921,215.611029055736,167.066576495979,0,0,75.4497121078207,348.674510760064,0,261.440278806413,62.859596780235,0,100.812745974529,146.99041817625,0,0,241.57250333243,0,96.7845769653343,0,160.537522273714,142.385058730083,208.005106191961,0,0,0,220.901129804706,192.601533877686,199.492852797962,0,161.694997919804,0,0,0
0,67.8267069095267,0,188.936291522747,0,314.611698427915,0,154.070293657878,169.742003380707,172.608400267715,125.416941482916,0,0,303.527509149359,183.786860782462,0,0,97.3232815600345,168.241326865882,205.09013266389,0,0,106.533627130087,320.356811100276,0,0,160.537522273714,0,120.567029282014,116.176698124939,161.325017232684,204.481117647118,214.116367924649,101.350815329073,211.840482897052,118.522099274347,114.649126378906,252.487290983309,0,137.177378802006,111.226326353722
157.852515740516,101.85207633558,0,186.348837226466,0,283.88658203332,0,0,329.719143597451,114.511014214502,103.519938150021,0,0,0,0,0,153.672550905948,333.645516435298,90.7216186966914,0,0,0,186.973586461633,238.934743274142,142.054529471577,0,142.385058730083,120.567029282014,0,0,0,0,0,78.9559315574845,174.013630695256,0,158.567996645797,0,138.425725342224,136.792307586862,94.7280504127031
0,0,0,0,0,0,0,112.823430872325,0,0,139.654362654449,0,0,0,0,309.997227542691,0,0,0,0,0,0,0,0,0,347.376449530863,208.005106191961,116.176698124939,0,0,0,0,0,0,192.693757128262,259.442917595754,198.528111506785,193.63278243493,0,0,108.136066660554
0,0,0,0,0,0,0,0,0,0,0,72.2278283150671,0,0,0,0,0,0,0,224.551207449728,0,0,0,0,0,0,0,161.325017232684,0,0,0,0,0,0,0,0,159.183173818572,205.839960264176,0,71.5579325720569,0
0,0,195.822649557859,0,0,0,0,0,0,0,0,122.106946855269,81.9664354533492,300.031143529538,0,0,0,0,0,0,0,0,0,221.805809452716,0,0,0,204.481117647118,0,0,0,0,99.3508940827211,0,0,0,217.157696745803,135.667029391615,0,138.33942793804,94.126460729827
0,0,0,0,0,0,0,0,0,0,0,74.7304794244225,194.442125915551,0,0,0,0,0,0,0,0,0,0,0,0,241.682021696872,0,214.116367924649,0,0,0,99.3508940827211,0,0,0,0,0,0,0,0,0
0,141.204637091722,0,151.695570509541,206.472608421747,70.4221432298295,89.707245288964,225.013371621378,0,0,128.530575464043,74.4197823064597,0,0,0,0,171.230058197369,198.964527389285,58.3493451392805,104.369974912428,120.912756812582,0,161.74915061469,113.144980278377,223.705816669619,0,220.901129804706,101.350815329073,78.9559315574845,0,0,0,0,0,325.937289045041,98.417953423071,101.5853655613,87.8456058929559,321.864157986053,201.44584889478,134.960780198024
163.945208919892,0,0,82.4756938751058,0,165.893015276821,124.698445421759,153.609372090384,0,0,177.763106506206,249.798812580765,0,0,276.620869034647,85.6072705949986,0,0,191.519780382943,134.566479261133,0,357.423078228283,0,139.792601838991,125.81518738273,125.994729980093,192.601533877686,211.840482897052,174.013630695256,192.693757128262,0,0,0,325.937289045041,0,197.893790332676,192.135034768848,0,280.376028997576,131.969743415579,106.33736463831
0,0,161.275817184598,0,0,172.892533368851,0,0,0,196.04190773555,219.078548227669,148.808626413748,0,151.01089327964,0,228.792310020318,0,0,262.382215657622,0,71.4788760670054,0,0,136.685314494491,0,76.5072790361762,199.492852797962,118.522099274347,0,259.442917595754,0,0,0,98.417953423071,197.893790332676,0,231.715271819474,0,74.5815074003433,0,140.574866691684
249.905610015455,240.185081663983,0,247.66948903751,180.543851962045,73.4795582048751,345.797434674459,66.5008477853491,0,190.185165668632,0,85.7623170715703,0,173.059382066957,150.161410108805,94.9380989123498,0,0,0,241.635434294794,101.443495235174,0,95.7590805983148,119.345624434514,179.718364159796,151.806152521152,0,114.649126378906,158.567996645797,198.528111506785,159.183173818572,217.157696745803,0,101.5853655613,192.135034768848,231.715271819474,0,205.183249704085,97.5855511246009,155.24952173131,228.075434767255
0,0,111.435629183184,173.001559092555,195.378266313867,202.712457066107,0,0,154.784755881607,154.065933476765,0,143.005810983322,0,219.430938885781,0,0,0,250.461724766314,184.249961885477,128.846764897717,0,0,178.683678585178,0,0,139.93285932648,161.694997919804,252.487290983309,0,193.63278243493,205.839960264176,135.667029391615,0,87.8456058929559,0,0,205.183249704085,0,0,0,0
0,0,0,263.534399241887,73.1029054543569,0,119.728129215699,0,0,335.371040201042,0,109.093416850988,92.5568465385234,0,117.208001126138,0,0,0,0,0,0,0,80.4367166559625,0,0,160.530221557972,0,0,138.425725342224,0,0,0,0,321.864157986053,280.376028997576,74.5815074003433,97.5855511246009,0,0,220.963068032256,0
0,0,0,0,128.405764333981,0,200.878319874537,0,0,115.194491798135,188.851177466023,101.895308036513,0,153.876396855887,219.040656038919,242.790381480436,115.541295036174,0,232.945974238958,99.2646516363145,101.605593487621,213.67670887414,0,178.224497384947,89.1590885155172,195.314816908693,0,137.177378802006,136.792307586862,0,71.5579325720569,138.33942793804,0,201.44584889478,131.969743415579,0,155.24952173131,0,220.963068032256,0,89.3673883748406
0,110.384905066973,0,0,0,0,0,173.538155409849,0,0,0,135.294330067913,180.90030328818,164.032723165762,0,0,0,97.3506957544063,193.659409924573,115.868441404982,0,353.822894641502,145.74089716123,80.8080171296381,0,137.189596148386,0,111.226326353722,94.7280504127031,108.136066660554,0,94.126460729827,0,134.960780198024,106.33736463831,140.574866691684,228.075434767255,0,0,89.3673883748406,0
