0,0,0,0,0,0,0,0,0,0,192.601533877686,0,0,0,0,0,0,0,145.74089716123,0,0,212.592150359921,0,0,0,0,0,0,0,0,0,0,0,0,0,73.1029054543569,150.161410108805,0,0,232.945974238958,0
0,0,0,0,0,0,115.868441404982,0,0,220.901129804706,119.728129215699,0,0,0,0,0,0,0,0,0,0,0,0,165.893015276821,0,0,0,219.040656038919,0,0,0,0,0,0,0,0,161.302948562323,0,0,82.4756938751058,0
0,0,0,0,0,0,0,0,0,0,0,0,0,66.5008477853491,0,0,0,0,0,0,0,0,71.5579325720569,0,193.055010680236,0,0,0,0,0,0,0,0,74.5815074003433,0,201.44584889478,0,0,0,0,0
0,0,0,0,0,0,0,171.906398392157,0,128.530575464043,0,108.136066660554,0,0,0,0,0,0,0,0,0,0,0,205.09013266389,283.88658203332,0,219.078548227669,137.239127032733,139.654362654449,0,0,0,0,192.135034768848,0,178.683678585178,106.926813611922,284.529238481835,0,114.649126378906,0
0,0,0,0,0,0,205.183249704085,249.905610015455,0,151.075371308616,162.833808134102,154.784755881607,0,204.084074037941,0,0,0,0,0,0,204.481117647118,0,242.790381480436,0,0,0,0,323.781250289068,289.631679007608,0,0,0,0,0,262.382215657622,131.969743415579,180.90030328818,0,0,0,157.852515740516
0,0,0,0,0,0,0,111.226326353722,0,0,0,101.605593487621,0,0,0,0,0,0,193.777661225572,103.519938150021,0,0,0,0,0,163.945208919892,0,0,113.059176128709,0,0,169.742003380707,0,253.401634605989,171.230058197369,353.822894641502,74.7304794244225,0,62.311273509377,85.6072705949986,306.344527664232
0,115.868441404982,0,0,205.183249704085,0,0,0,0,0,0,0,0,0,0,0,168.241326865882,0,0,0,0,0,0,82.6299537488922,0,73.4795582048751,177.763106506206,97.3232815600345,0,0,0,0,0,101.895308036513,120.567029282014,208.005106191961,116.176698124939,101.443495235174,306.640284138334,0,0
0,0,0,171.906398392157,249.905610015455,111.226326353722,0,0,0,0,0,225.013371621378,0,0,151.036729364761,0,160.537522273714,178.748963182352,198.964527389285,117.208001126138,0,0,0,81.2827395071039,0,115.194491798135,136.792307586862,137.177378802006,0,0,0,0,0,0,357.423078228283,0,190.185165668632,335.371040201042,0,0,0
0,0,0,0,0,0,0,0,0,0,0,0,0,0,0,0,0,0,0,0,75.4497121078207,0,98.6790043377568,345.797434674459,0,221.805809452716,0,0,116.054372245433,0,161.74915061469,0,0,146.99041817625,329.719143597451,0,228.792310020318,94.126460729827,0,0,213.67670887414
0,220.901129804706,0,128.530575464043,151.075371308616,0,0,0,0,0,115.114253591495,89.1590885155172,0,0,0,0,0,151.01089327964,197.893790332676,124.853650664477,228.075434767255,240.185081663983,0,0,0,196.04190773555,320.356811100276,0,0,0,0,0,195.314816908693,0,193.63278243493,199.492852797962,179.718364159796,84.3635741045246,0,92.5207898118833,0
192.601533877686,119.728129215699,0,0,162.833808134102,0,0,0,0,115.114253591495,0,0,0,0,0,115.871357769661,0,0,0,0,0,0,0,0,192.693757128262,231.050882209,238.934743274142,186.348837226466,0,219.430938885781,0,0,0,231.715271819474,113.144980278377,0,94.8881692391942,252.487290983309,0,112.793316814908,211.840482897052
0,0,0,108.136066660554,154.784755881607,101.605593487621,0,225.013371621378,0,89.1590885155172,0,0,155.24952173131,0,0,0,261.605527103798,0,0,172.892533368851,187.77054666536,0,92.5568465385234,101.5853655613,0,158.567996645797,303.527509149359,173.538155409849,0,165.597665022977,153.609372090384,180.543851962045,0,161.275817184598,137.189596148386,0,93.5029580098427,0,0,191.519780382943,0
0,0,0,0,0,0,0,0,0,0,0,155.24952173131,0,0,194.442125915551,0,197.486504603685,0,0,0,0,0,0,321.124897279917,0,0,0,0,0,0,0,100.812745974529,0,151.806152521152,0,0,0,0,0,0,0
0,0,66.5008477853491,0,204.084074037941,0,0,0,0,0,0,0,0,0,0,62.859596780235,0,0,98.2230592632363,128.846764897717,0,0,0,0,0,80.4367166559625,120.912756812582,161.694997919804,0,0,0,89.707245288964,0,0,280.376028997576,0,97.3506957544063,0,114.511014214502,99.2646516363145,118.522099274347
0,0,0,0,0,0,0,151.036729364761,0,0,0,0,194.442125915551,0,0,106.128596538706,0,0,0,111.435629183184,0,169.453147353278,226.825099357786,0,0,0,0,251.098274723989,82.6426202489162,0,0,0,0,0,184.249961885477,217.157696745803,0,0,0,78.8552325762656,74.4197823064597
0,0,0,0,0,0,0,0,0,0,115.871357769661,0,0,62.859596780235,106.128596538706,0,0,95.7590805983148,172.608400267715,0,0,0,154.142998692322,0,0,0,0,0,218.045528847001,0,0,0,0,249.798812580765,139.792601838991,0,125.994729980093,0,196.032358954952,0,0
0,0,0,0,0,0,168.241326865882,160.537522273714,0,0,0,261.605527103798,197.486504603685,0,0,0,0,0,0,0,0,0,97.5855511246009,0,255.441154257905,214.116367924649,259.055025639447,269.936825670274,0,0,0,0,0,0,0,0,0,0,0,138.33942793804,0
0,0,0,0,0,0,0,178.748963182352,0,151.01089327964,0,0,0,0,0,95.7590805983148,0,0,0,0,0,0,0,0,0,0,0,263.534399241887,224.523755099568,0,0,206.472608421747,0,125.416941482916,0,0,0,164.032723165762,0,175.196329314064,0
145.74089716123,0,0,0,0,193.777661225572,0,198.964527389285,0,197.893790332676,0,0,0,98.2230592632363,0,172.608400267715,0,0,0,0,0,0,0,0,0,0,0,188.851177466023,0,143.005810983322,0,76.5072790361762,0,89.3673883748406,0,0,0,180.355266595273,0,0,81.9664354533492
0,0,0,0,0,103.519938150021,0,117.208001126138,0,124.853650664477,0,172.892533368851,0,128.846764897717,111.435629183184,0,0,0,0,0,0,0,193.659409924573,101.350815329073,124.698445421759,134.960780198024,300.031143529538,206.912707094411,283.248188884028,0,0,0,0,348.674510760064,0,0,241.682021696872,136.685314494491,0,0,128.405764333981
0,0,0,0,204.481117647118,0,0,0,75.4497121078207,228.075434767255,0,187.77054666536,0,0,0,0,0,0,0,0,0,0,195.378266313867,0,0,205.839960264176,58.3493451392805,115.541295036174,0,0,0,0,146.465927798921,0,125.81518738273,94.9380989123498,153.453047983244,0,0,174.013630695256,0
212.592150359921,0,0,0,0,0,0,0,0,240.185081663983,0,0,0,0,169.453147353278,0,0,0,0,0,0,0,0,0,0,0,0,0,0,85.7623170715703,0,0,0,167.066576495979,80.8080171296381,0,0,178.224497384947,0,141.204637091722,0
0,0,71.5579325720569,0,242.790381480436,0,0,0,98.6790043377568,0,0,92.5568465385234,0,0,226.825099357786,154.142998692322,97.5855511246009,0,0,193.659409924573,195.378266313867,0,0,188.936291522747,0,153.876396855887,0,0,163.059043292369,0,0,0,0,148.808626413748,325.937289045041,0,154.070293657878,0,0,0,0
0,165.893015276821,0,205.09013266389,0,0,82.6299537488922,81.2827395071039,345.797434674459,0,0,101.5853655613,321.124897279917,0,0,0,0,0,0,101.350815329073,0,0,188.936291522747,0,0,0,0,82.1742780037132,241.635434294794,0,201.100640800745,158.955087279859,0,71.4788760670054,0,0,155.901486485736,140.574866691684,110.384905066973,138.425725342224,142.385058730083
0,0,193.055010680236,283.88658203332,0,0,0,0,0,0,192.693757128262,0,0,0,0,0,255.441154257905,0,0,124.698445421759,0,0,0,0,0,0,0,224.551207449728,0,0,0,0,0,0,98.417953423071,0,142.054529471577,0,96.7845769653343,0,247.66948903751
0,0,0,0,0,163.945208919892,73.4795582048751,115.194491798135,221.805809452716,196.04190773555,231.050882209,158.567996645797,0,80.4367166559625,0,0,214.116367924649,0,0,134.960780198024,205.839960264176,0,153.876396855887,0,0,0,112.823430872325,0,236.681907140956,0,0,0,0,0,250.461724766314,94.7529894315991,259.442917595754,0,338.131802716296,101.85207633558,115.332064605654
0,0,0,219.078548227669,0,0,177.763106506206,136.792307586862,0,320.356811100276,238.934743274142,303.527509149359,0,120.912756812582,0,0,259.055025639447,0,0,300.031143529538,58.3493451392805,0,0,0,0,112.823430872325,0,0,146.814226519809,146.770754374523,0,0,0,333.645516435298,135.667029391615,78.9559315574845,159.183173818572,161.325017232684,0,133.218162784108,154.065933476765
0,219.040656038919,0,137.239127032733,323.781250289068,0,97.3232815600345,137.177378802006,0,0,186.348837226466,173.538155409849,0,161.694997919804,251.098274723989,0,269.936825670274,263.534399241887,188.851177466023,206.912707094411,115.541295036174,0,0,82.1742780037132,224.551207449728,0,0,0,61.0664810463559,99.3508940827211,0,106.533627130087,67.8267069095267,186.973586461633,94.7280504127031,133.984214699576,90.1317194604647,90.7216186966914,0,109.093416850988,134.566479261133
0,0,0,139.654362654449,289.631679007608,113.059176128709,0,0,116.054372245433,0,0,0,0,0,82.6426202489162,218.045528847001,0,224.523755099568,0,283.248188884028,0,0,163.059043292369,241.635434294794,0,236.681907140956,146.814226519809,61.0664810463559,0,0,0,0,173.059382066957,0,309.997227542691,209.996727521564,200.878319874537,173.201474590904,215.611029055736,223.705816669619,70.4221432298295
0,0,0,0,0,0,0,0,0,0,219.430938885781,165.597665022977,0,0,0,0,0,0,143.005810983322,0,0,85.7623170715703,0,0,0,0,146.770754374523,99.3508940827211,0,0,202.712457066107,0,0,108.381749703452,0,0,106.33736463831,0,93.4234866874731,0,94.027247878695
0,0,0,0,0,0,0,0,161.74915061469,0,0,153.609372090384,0,0,0,0,0,0,0,0,0,0,0,201.100640800745,0,0,0,0,0,202.712457066107,0,0,0,122.106946855269,0,0,0,0,0,276.620869034647,0
0,0,0,0,0,169.742003380707,0,0,0,0,0,180.543851962045,100.812745974529,89.707245288964,0,0,0,206.472608421747,76.5072790361762,0,0,0,0,158.955087279859,0,0,0,106.533627130087,0,0,0,0,0,241.57250333243,0,0,112.349934713559,0,220.963068032256,0,0
0,0,0,0,0,0,0,0,0,195.314816908693,0,0,0,0,0,0,0,0,0,0,146.465927798921,0,0,0,0,0,0,67.8267069095267,173.059382066957,0,0,0,0,0,0,0,0,0,89.9429017381717,0,0
0,0,74.5815074003433,192.135034768848,0,253.401634605989,101.895308036513,0,146.99041817625,0,231.715271819474,161.275817184598,151.806152521152,0,0,249.798812580765,0,125.416941482916,89.3673883748406,348.674510760064,0,167.066576495979,148.808626413748,71.4788760670054,0,0,333.645516435298,186.973586461633,0,108.381749703452,122.106946855269,241.57250333243,0,0,227.504408813069,198.528111506785,347.376449530863,119.345624434514,0,135.294330067913,173.001559092555
0,0,0,0,262.382215657622,171.230058197369,120.567029282014,357.423078228283,329.719143597451,193.63278243493,113.144980278377,137.189596148386,0,280.376028997576,184.249961885477,139.792601838991,0,0,0,0,125.81518738273,80.8080171296381,325.937289045041,0,98.417953423071,250.461724766314,135.667029391615,94.7280504127031,309.997227542691,0,0,0,0,227.504408813069,0,151.695570509541,183.786860782462,92.3502314520023,0,104.915316975638,139.93285932648
73.1029054543569,0,201.44584889478,178.683678585178,131.969743415579,353.822894641502,208.005106191961,0,0,199.492852797962,0,0,0,0,217.157696745803,0,0,0,0,0,94.9380989123498,0,0,0,0,94.7529894315991,78.9559315574845,133.984214699576,209.996727521564,0,0,0,0,198.528111506785,151.695570509541,0,321.864157986053,0,160.530221557972,104.369974912428,72.2278283150671
150.161410108805,161.302948562323,0,106.926813611922,180.90030328818,74.7304794244225,116.176698124939,190.185165668632,228.792310020318,179.718364159796,94.8881692391942,93.5029580098427,0,97.3506957544063,0,125.994729980093,0,0,0,241.682021696872,153.453047983244,0,154.070293657878,155.901486485736,142.054529471577,259.442917595754,159.183173818572,90.1317194604647,200.878319874537,106.33736463831,0,112.349934713559,0,347.376449530863,183.786860782462,321.864157986053,0,181.316358113209,87.8456058929559,261.440278806413,0
0,0,0,284.529238481835,0,0,101.443495235174,335.371040201042,94.126460729827,84.3635741045246,252.487290983309,0,0,0,0,0,0,164.032723165762,180.355266595273,136.685314494491,0,178.224497384947,0,140.574866691684,0,0,161.325017232684,90.7216186966914,173.201474590904,0,0,0,0,119.345624434514,92.3502314520023,0,181.316358113209,0,314.611698427915,222.053792850439,96.5937438588657
0,0,0,0,0,62.311273509377,306.640284138334,0,0,0,0,0,0,114.511014214502,0,196.032358954952,0,0,0,0,0,0,0,110.384905066973,96.7845769653343,338.131802716296,0,0,215.611029055736,93.4234866874731,0,220.963068032256,89.9429017381717,0,0,160.530221557972,87.8456058929559,314.611698427915,0,0,153.672550905948
232.945974238958,82.4756938751058,0,114.649126378906,0,85.6072705949986,0,0,0,92.5207898118833,112.793316814908,191.519780382943,0,99.2646516363145,78.8552325762656,0,138.33942793804,175.196329314064,0,0,174.013630695256,141.204637091722,0,138.425725342224,0,101.85207633558,133.218162784108,109.093416850988,223.705816669619,0,276.620869034647,0,0,135.294330067913,104.915316975638,104.369974912428,261.440278806413,222.053792850439,0,0,195.822649557859
0,0,0,0,157.852515740516,306.344527664232,0,0,213.67670887414,0,211.840482897052,0,0,118.522099274347,74.4197823064597,0,0,0,81.9664354533492,128.405764333981,0,0,0,142.385058730083,247.66948903751,115.332064605654,154.065933476765,134.566479261133,70.4221432298295,94.027247878695,0,0,0,173.001559092555,139.93285932648,72.2278283150671,0,96.5937438588657,153.672550905948,195.822649557859,0
