0,0,0,0,0,0,0,0,0,219.040656038919,0,0,0,0,0,0,0,0,96.5937438588657,0,0,0,0,353.822894641502,0,120.567029282014,0,0,0,0,0,0,0,0,0,108.136066660554,0,0,0,249.798812580765,0
0,0,0,0,0,0,0,115.114253591495,0,220.901129804706,0,101.605593487621,0,115.868441404982,0,0,0,0,0,89.3673883748406,0,0,0,0,0,174.013630695256,0,0,0,0,0,0,0,0,0,0,0,0,321.864157986053,0,0
0,0,0,0,0,0,0,0,0,0,0,74.4197823064597,215.611029055736,0,0,0,0,0,0,0,0,0,0,0,0,0,0,160.530221557972,0,0,0,0,0,0,0,0,125.994729980093,0,0,0,222.053792850439
0,0,0,0,106.533627130087,0,0,0,0,0,0,0,0,0,0,306.344527664232,0,0,0,0,0,139.654362654449,164.032723165762,81.2827395071039,0,0,0,205.183249704085,211.840482897052,94.027247878695,171.230058197369,0,0,71.4788760670054,0,0,167.066576495979,133.984214699576,0,201.100640800745,0
0,0,0,106.533627130087,0,0,97.3232815600345,0,115.194491798135,151.806152521152,0,0,0,0,224.523755099568,0,0,0,0,0,0,0,0,0,227.504408813069,98.417953423071,0,205.09013266389,0,0,184.249961885477,0,0,0,345.797434674459,249.905610015455,201.44584889478,206.472608421747,0,323.781250289068,0
0,0,0,0,0,0,0,0,0,0,113.144980278377,0,0,153.453047983244,0,0,0,0,0,321.124897279917,238.934743274142,0,92.5568465385234,193.777661225572,0,153.876396855887,0,0,133.218162784108,0,0,0,0,0,195.822649557859,276.620869034647,160.537522273714,161.74915061469,125.81518738273,0,146.99041817625
0,0,0,0,97.3232815600345,0,0,162.833808134102,0,178.224497384947,0,0,0,0,0,0,213.67670887414,0,0,0,180.355266595273,0,0,109.093416850988,0,0,0,0,135.294330067913,0,0,0,0,325.937289045041,158.567996645797,232.945974238958,0,320.356811100276,0,255.441154257905,205.839960264176
0,115.114253591495,0,0,0,0,162.833808134102,0,146.465927798921,0,0,0,0,0,112.823430872325,0,0,0,0,82.4756938751058,0,0,85.7623170715703,153.672550905948,0,161.275817184598,128.405764333981,0,0,0,94.9380989123498,0,0,261.605527103798,0,118.522099274347,173.001559092555,0,250.461724766314,143.005810983322,180.543851962045
0,0,0,0,115.194491798135,0,0,146.465927798921,0,242.790381480436,146.770754374523,0,0,0,0,90.7216186966914,115.332064605654,0,0,0,0,161.694997919804,0,0,0,0,0,134.960780198024,0,300.031143529538,0,0,0,0,206.912707094411,0,0,0,0,0,179.718364159796
219.040656038919,220.901129804706,0,0,151.806152521152,0,178.224497384947,0,242.790381480436,0,142.054529471577,0,209.996727521564,0,0,0,0,0,0,172.608400267715,0,0,240.185081663983,62.859596780235,0,0,124.698445421759,197.486504603685,0,0,0,0,0,0,138.425725342224,224.551207449728,70.4221432298295,92.3502314520023,0,241.635434294794,104.915316975638
0,0,0,0,0,113.144980278377,0,0,146.770754374523,142.054529471577,0,101.350815329073,151.036729364761,190.185165668632,0,0,85.6072705949986,0,0,163.945208919892,187.77054666536,0,0,0,0,169.453147353278,0,0,0,0,0,0,0,0,89.1590885155172,0,261.440278806413,101.443495235174,154.784755881607,158.955087279859,151.695570509541
0,101.605593487621,74.4197823064597,0,0,0,0,0,0,0,101.350815329073,0,280.376028997576,0,0,0,141.204637091722,98.2230592632363,177.763106506206,214.116367924649,146.814226519809,0,0,116.054372245433,0,128.846764897717,247.66948903751,0,0,150.161410108805,0,338.131802716296,0,94.7529894315991,193.659409924573,212.592150359921,119.345624434514,131.969743415579,309.997227542691,114.511014214502,0
0,0,215.611029055736,0,0,0,0,0,0,209.996727521564,151.036729364761,280.376028997576,0,0,0,0,0,0,0,0,0,0,0,0,0,226.825099357786,0,0,0,0,0,0,0,173.201474590904,0,0,0,0,0,0,0
0,115.868441404982,0,0,0,153.453047983244,0,0,0,0,190.185165668632,0,0,0,76.5072790361762,154.142998692322,0,0,0,0,196.032358954952,0,178.748963182352,0,0,0,259.055025639447,62.311273509377,0,0,0,306.640284138334,0,218.045528847001,0,0,137.239127032733,169.742003380707,0,221.805809452716,0
0,0,0,0,224.523755099568,0,0,112.823430872325,0,0,0,0,0,76.5072790361762,0,0,0,0,0,0,0,0,0,119.728129215699,0,193.055010680236,0,80.4367166559625,0,115.871357769661,0,78.9559315574845,0,99.3508940827211,154.065933476765,0,138.33942793804,0,0,0,192.601533877686
0,0,0,306.344527664232,0,0,0,0,90.7216186966914,0,0,0,0,154.142998692322,0,0,0,0,0,195.314816908693,0,72.2278283150671,87.8456058929559,0,0,0,0,178.683678585178,0,0,0,0,0,106.926813611922,98.6790043377568,0,202.712457066107,0,283.88658203332,0,0
0,0,0,0,0,0,213.67670887414,0,115.332064605654,0,85.6072705949986,141.204637091722,0,0,0,0,0,0,0,0,0,145.74089716123,0,314.611698427915,0,0,0,220.963068032256,90.1317194604647,0,0,0,0,0,128.530575464043,0,0,0,0,0,84.3635741045246
0,0,0,0,0,0,0,0,0,0,0,98.2230592632363,0,0,0,0,0,0,0,0,0,0,117.208001126138,0,0,89.9429017381717,78.8552325762656,289.631679007608,82.1742780037132,0,0,236.681907140956,0,0,357.423078228283,0,99.2646516363145,0,0,0,0
96.5937438588657,0,0,0,0,0,0,0,0,0,0,177.763106506206,0,0,0,0,0,0,0,0,0,0,0,0,74.7304794244225,0,0,106.128596538706,94.126460729827,0,0,0,253.401634605989,188.936291522747,219.078548227669,196.04190773555,200.878319874537,0,0,219.430938885781,134.566479261133
0,89.3673883748406,0,0,0,321.124897279917,0,82.4756938751058,0,172.608400267715,163.945208919892,214.116367924649,0,0,0,195.314816908693,0,0,0,0,0,0,0,0,0,231.715271819474,333.645516435298,116.176698124939,0,0,0,148.808626413748,113.059176128709,137.189596148386,67.8267069095267,94.7280504127031,241.57250333243,0,0,80.8080171296381,0
0,0,0,0,0,238.934743274142,180.355266595273,0,0,0,187.77054666536,146.814226519809,0,196.032358954952,0,0,0,0,0,0,0,0,0,0,136.685314494491,0,96.7845769653343,161.325017232684,198.528111506785,0,0,0,0,163.059043292369,0,0,142.385058730083,0,0,348.674510760064,180.90030328818
0,0,0,139.654362654449,0,0,0,0,161.694997919804,0,0,0,0,0,0,72.2278283150671,145.74089716123,0,0,0,0,0,0,0,0,108.381749703452,139.93285932648,0,0,0,0,0,0,0,0,192.693757128262,0,0,0,95.7590805983148,0
0,0,0,164.032723165762,0,92.5568465385234,0,85.7623170715703,0,240.185081663983,0,0,0,178.748963182352,0,87.8456058929559,0,117.208001126138,0,0,0,0,0,0,0,0,104.369974912428,0,0,0,0,161.302948562323,0,252.487290983309,139.792601838991,0,181.316358113209,0,81.9664354533492,140.574866691684,154.070293657878
353.822894641502,0,0,81.2827395071039,0,193.777661225572,109.093416850988,153.672550905948,0,62.859596780235,0,116.054372245433,0,0,119.728129215699,0,314.611698427915,0,0,0,0,0,0,0,204.481117647118,241.682021696872,0,155.24952173131,92.5207898118833,0,0,0,0,110.384905066973,223.705816669619,103.519938150021,73.1029054543569,225.013371621378,0,0,122.106946855269
0,0,0,0,227.504408813069,0,0,0,0,0,0,0,0,0,0,0,0,0,74.7304794244225,0,136.685314494491,0,0,204.481117647118,0,175.196329314064,0,0,259.442917595754,0,0,0,0,155.901486485736,0,0,71.5579325720569,93.4234866874731,0,0,228.075434767255
120.567029282014,174.013630695256,0,0,98.417953423071,153.876396855887,0,161.275817184598,0,0,169.453147353278,128.846764897717,226.825099357786,0,193.055010680236,0,0,89.9429017381717,0,231.715271819474,0,108.381749703452,0,241.682021696872,175.196329314064,0,0,335.371040201042,188.851177466023,0,0,0,0,192.135034768848,0,0,283.248188884028,0,0,171.906398392157,193.63278243493
0,0,0,0,0,0,0,128.405764333981,0,124.698445421759,0,247.66948903751,0,259.055025639447,0,0,0,78.8552325762656,0,333.645516435298,96.7845769653343,139.93285932648,104.369974912428,0,0,0,0,172.892533368851,101.85207633558,137.177378802006,0,159.183173818572,0,93.5029580098427,0,111.226326353722,124.853650664477,347.376449530863,191.519780382943,61.0664810463559,106.33736463831
0,0,160.530221557972,205.183249704085,205.09013266389,0,0,0,134.960780198024,197.486504603685,0,0,0,62.311273509377,80.4367166559625,178.683678585178,220.963068032256,289.631679007608,106.128596538706,116.176698124939,161.325017232684,0,0,155.24952173131,0,335.371040201042,172.892533368851,0,197.893790332676,208.005106191961,58.3493451392805,0,0,97.3506957544063,204.084074037941,198.964527389285,195.378266313867,173.538155409849,97.5855511246009,66.5008477853491,114.649126378906
0,0,0,211.840482897052,0,133.218162784108,135.294330067913,0,0,0,0,0,0,0,0,0,90.1317194604647,82.1742780037132,94.126460729827,0,198.528111506785,0,0,92.5207898118833,259.442917595754,188.851177466023,101.85207633558,197.893790332676,0,125.416941482916,82.6426202489162,0,0,151.01089327964,73.4795582048751,194.442125915551,153.609372090384,165.597665022977,303.527509149359,165.893015276821,0
0,0,0,94.027247878695,0,0,0,0,300.031143529538,0,0,150.161410108805,0,0,115.871357769661,0,0,0,0,0,0,0,0,0,0,0,137.177378802006,208.005106191961,125.416941482916,0,0,0,0,0,228.792310020318,0,186.973586461633,100.812745974529,0,0,135.667029391615
0,0,0,171.230058197369,184.249961885477,0,0,94.9380989123498,0,0,0,0,0,0,0,0,0,0,0,0,0,0,0,0,0,0,0,58.3493451392805,82.6426202489162,0,0,0,0,231.050882209,0,0,0,0,0,0,0
0,0,0,0,0,0,0,0,0,0,0,338.131802716296,0,306.640284138334,78.9559315574845,0,0,236.681907140956,0,148.808626413748,0,0,161.302948562323,0,0,0,159.183173818572,0,0,0,0,0,0,0,151.075371308616,0,0,284.529238481835,0,120.912756812582,263.534399241887
0,0,0,0,0,0,0,0,0,0,0,0,0,0,0,0,0,0,253.401634605989,113.059176128709,0,0,0,0,0,0,0,0,0,0,0,0,0,217.157696745803,0,0,111.435629183184,0,251.098274723989,0,0
0,0,0,71.4788760670054,0,0,325.937289045041,261.605527103798,0,0,0,94.7529894315991,173.201474590904,218.045528847001,99.3508940827211,106.926813611922,0,0,188.936291522747,137.189596148386,163.059043292369,0,252.487290983309,110.384905066973,155.901486485736,192.135034768848,93.5029580098427,97.3506957544063,151.01089327964,0,231.050882209,0,217.157696745803,0,186.348837226466,173.059382066957,262.382215657622,136.792307586862,0,75.4497121078207,112.349934713559
0,0,0,0,345.797434674459,195.822649557859,158.567996645797,0,206.912707094411,138.425725342224,89.1590885155172,193.659409924573,0,0,154.065933476765,98.6790043377568,128.530575464043,357.423078228283,219.078548227669,67.8267069095267,0,0,139.792601838991,223.705816669619,0,0,0,204.084074037941,73.4795582048751,228.792310020318,0,151.075371308616,0,186.348837226466,0,0,329.719143597451,115.541295036174,101.895308036513,74.5815074003433,183.786860782462
108.136066660554,0,0,0,249.905610015455,276.620869034647,232.945974238958,118.522099274347,0,224.551207449728,0,212.592150359921,0,0,0,0,0,0,196.04190773555,94.7280504127031,0,192.693757128262,0,103.519938150021,0,0,111.226326353722,198.964527389285,194.442125915551,0,0,0,0,173.059382066957,0,0,82.6299537488922,112.793316814908,269.936825670274,199.492852797962,0
0,0,125.994729980093,167.066576495979,201.44584889478,160.537522273714,0,173.001559092555,0,70.4221432298295,261.440278806413,119.345624434514,0,137.239127032733,138.33942793804,202.712457066107,0,99.2646516363145,200.878319874537,241.57250333243,142.385058730083,0,181.316358113209,73.1029054543569,71.5579325720569,283.248188884028,124.853650664477,195.378266313867,153.609372090384,186.973586461633,0,0,111.435629183184,262.382215657622,329.719143597451,82.6299537488922,0,89.707245288964,94.8881692391942,157.852515740516,0
0,0,0,133.984214699576,206.472608421747,161.74915061469,320.356811100276,0,0,92.3502314520023,101.443495235174,131.969743415579,0,169.742003380707,0,0,0,0,0,0,0,0,0,225.013371621378,93.4234866874731,0,347.376449530863,173.538155409849,165.597665022977,100.812745974529,0,284.529238481835,0,136.792307586862,115.541295036174,112.793316814908,89.707245288964,0,0,168.241326865882,0
0,321.864157986053,0,0,0,125.81518738273,0,250.461724766314,0,0,154.784755881607,309.997227542691,0,0,0,283.88658203332,0,0,0,0,0,0,81.9664354533492,0,0,0,191.519780382943,97.5855511246009,303.527509149359,0,0,0,251.098274723989,0,101.895308036513,269.936825670274,94.8881692391942,0,0,101.5853655613,0
249.798812580765,0,0,201.100640800745,323.781250289068,0,255.441154257905,143.005810983322,0,241.635434294794,158.955087279859,114.511014214502,0,221.805809452716,0,0,0,0,219.430938885781,80.8080171296381,348.674510760064,95.7590805983148,140.574866691684,0,0,171.906398392157,61.0664810463559,66.5008477853491,165.893015276821,0,0,120.912756812582,0,75.4497121078207,74.5815074003433,199.492852797962,157.852515740516,168.241326865882,101.5853655613,0,0
0,0,222.053792850439,0,0,146.99041817625,205.839960264176,180.543851962045,179.718364159796,104.915316975638,151.695570509541,0,0,0,192.601533877686,0,84.3635741045246,0,134.566479261133,0,180.90030328818,0,154.070293657878,122.106946855269,228.075434767255,193.63278243493,106.33736463831,114.649126378906,0,135.667029391615,0,263.534399241887,0,112.349934713559,183.786860782462,0,0,0,0,0,0
