0,0,0,0,0,0,0,0,0,0,0,0,0,0,0,0,0,0,0,120.912756812582,139.93285932648,0,0,0,0,0,0,94.7529894315991,0,0,0,0,0,0,153.453047983244,0,124.853650664477,0,0,0,153.609372090384
0,0,0,0,0,0,0,0,0,0,0,0,0,0,78.9559315574845,0,0,0,0,0,0,0,0,0,0,75.4497121078207,101.350815329073,0,0,0,0,0,0,0,93.5029580098427,134.566479261133,0,0,0,97.3232815600345,280.376028997576
0,0,0,0,0,0,215.611029055736,0,0,0,0,133.984214699576,0,0,0,0,0,0,0,0,0,0,0,150.161410108805,0,0,0,206.472608421747,0,0,0,0,0,0,0,0,0,80.8080171296381,0,0,0
0,0,0,0,0,0,0,347.376449530863,0,0,137.239127032733,250.461724766314,0,0,0,0,0,0,0,116.054372245433,146.814226519809,66.5008477853491,0,0,0,0,0,173.001559092555,0,174.013630695256,0,0,0,192.693757128262,0,165.597665022977,157.852515740516,0,0,142.054529471577,196.032358954952
0,0,0,0,0,0,200.878319874537,0,0,263.534399241887,0,109.093416850988,0,76.5072790361762,0,0,0,306.640284138334,0,0,0,0,0,201.100640800745,0,0,0,227.504408813069,0,0,0,0,95.7590805983148,303.527509149359,122.106946855269,259.442917595754,139.654362654449,0,0,106.128596538706,98.6790043377568
0,0,0,0,0,0,139.792601838991,62.311273509377,0,0,112.823430872325,283.248188884028,0,269.936825670274,0,85.7623170715703,0,0,111.435629183184,0,0,0,0,0,0,0,0,154.142998692322,73.1029054543569,0,0,0,97.5855511246009,0,241.682021696872,0,73.4795582048751,0,71.5579325720569,0,190.185165668632
0,0,215.611029055736,0,200.878319874537,139.792601838991,0,0,0,183.786860782462,0,261.440278806413,0,0,0,0,0,0,0,0,151.075371308616,0,104.369974912428,0,96.7845769653343,112.349934713559,0,94.8881692391942,0,0,0,0,0,0,0,0,0,101.605593487621,0,173.059382066957,151.01089327964
0,0,0,347.376449530863,0,62.311273509377,0,0,0,0,191.519780382943,0,0,158.567996645797,0,198.528111506785,0,0,0,0,0,0,138.33942793804,0,247.66948903751,0,146.465927798921,115.332064605654,202.712457066107,0,0,226.825099357786,0,179.718364159796,146.770754374523,115.541295036174,103.519938150021,0,0,148.808626413748,0
0,0,0,0,0,0,0,0,0,0,0,0,0,161.74915061469,140.574866691684,0,0,0,89.1590885155172,0,0,0,163.945208919892,0,0,0,0,195.314816908693,306.344527664232,0,0,0,0,128.846764897717,0,99.2646516363145,213.67670887414,104.915316975638,0,115.194491798135,0
0,0,0,0,263.534399241887,0,183.786860782462,0,0,0,180.355266595273,0,0,321.124897279917,92.5207898118833,0,335.371040201042,0,0,0,0,0,155.24952173131,0,0,82.6426202489162,165.893015276821,172.608400267715,89.707245288964,112.793316814908,0,0,193.63278243493,284.529238481835,214.116367924649,0,92.3502314520023,161.694997919804,0,0,240.185081663983
0,0,0,137.239127032733,0,112.823430872325,0,191.519780382943,0,180.355266595273,0,211.840482897052,0,0,0,164.032723165762,0,0,0,0,0,0,96.5937438588657,0,0,135.294330067913,72.2278283150671,0,101.5853655613,208.005106191961,0,0,0,115.868441404982,106.33736463831,0,0,82.6299537488922,0,353.822894641502,194.442125915551
0,0,133.984214699576,250.461724766314,109.093416850988,283.248188884028,261.440278806413,0,0,0,211.840482897052,0,0,101.85207633558,155.901486485736,0,0,253.401634605989,0,178.683678585178,0,0,236.681907140956,0,0,0,0,94.027247878695,0,71.4788760670054,0,188.936291522747,0,97.3506957544063,180.90030328818,249.798812580765,0,321.864157986053,196.04190773555,110.384905066973,184.249961885477
0,0,0,0,0,0,0,0,0,0,0,0,0,0,0,0,0,0,70.4221432298295,0,220.963068032256,0,0,0,0,0,0,0,0,0,0,348.674510760064,0,0,0,204.084074037941,94.126460729827,0,0,206.912707094411,0
0,0,0,0,76.5072790361762,269.936825670274,0,158.567996645797,161.74915061469,321.124897279917,0,101.85207633558,0,0,0,0,0,0,0,0,0,0,138.425725342224,101.895308036513,0,223.705816669619,0,195.378266313867,0,0,0,0,0,0,151.806152521152,0,82.4756938751058,242.790381480436,0,134.960780198024,0
0,78.9559315574845,0,0,0,0,0,0,140.574866691684,92.5207898118833,0,155.901486485736,0,0,0,0,0,0,0,181.316358113209,0,0,0,186.348837226466,0,0,192.135034768848,218.045528847001,167.066576495979,0,0,0,0,0,249.905610015455,0,74.5815074003433,0,0,0,300.031143529538
0,0,0,0,0,85.7623170715703,0,198.528111506785,0,0,164.032723165762,0,0,0,0,0,0,0,0,168.241326865882,0,357.423078228283,0,0,0,169.742003380707,228.075434767255,0,0,0,0,0,0,238.934743274142,0,0,198.964527389285,0,128.405764333981,90.1317194604647,0
0,0,0,0,0,0,0,0,0,335.371040201042,0,0,0,0,0,0,0,0,0,255.441154257905,0,0,101.443495235174,0,0,163.059043292369,0,0,0,0,0,135.667029391615,0,154.784755881607,195.822649557859,0,62.859596780235,90.7216186966914,0,108.136066660554,0
0,0,0,0,306.640284138334,0,0,0,0,0,0,253.401634605989,0,0,0,0,0,0,228.792310020318,0,0,197.893790332676,0,128.530575464043,0,0,0,219.078548227669,0,0,0,0,0,0,0,187.77054666536,98.417953423071,0,142.385058730083,0,0
0,0,0,0,0,111.435629183184,0,0,89.1590885155172,0,0,0,70.4221432298295,0,0,0,0,228.792310020318,0,0,0,0,115.871357769661,89.9429017381717,0,0,158.955087279859,0,0,0,180.543851962045,0,0,172.892533368851,118.522099274347,0,0,136.685314494491,0,199.492852797962,0
120.912756812582,0,0,116.054372245433,0,0,0,0,0,0,0,178.683678585178,0,0,181.316358113209,168.241326865882,255.441154257905,0,0,0,0,0,0,0,173.538155409849,74.7304794244225,217.157696745803,87.8456058929559,159.183173818572,119.345624434514,0,0,0,177.763106506206,0,0,0,136.792307586862,241.635434294794,137.189596148386,131.969743415579
139.93285932648,0,0,146.814226519809,0,0,151.075371308616,0,0,0,0,0,220.963068032256,0,0,0,0,0,0,0,0,0,0,143.005810983322,0,320.356811100276,111.226326353722,205.183249704085,241.57250333243,0,0,0,0,0,323.781250289068,0,94.7280504127031,125.416941482916,154.070293657878,0,0
0,0,0,66.5008477853491,0,0,0,0,0,0,0,0,0,0,0,357.423078228283,0,197.893790332676,0,0,0,0,0,115.114253591495,0,0,0,0,0,0,0,0,99.3508940827211,114.511014214502,89.3673883748406,0,100.812745974529,0,0,0,0
0,0,0,0,0,0,104.369974912428,138.33942793804,163.945208919892,155.24952173131,96.5937438588657,236.681907140956,0,138.425725342224,0,0,101.443495235174,0,115.871357769661,0,0,0,0,0,0,0,125.81518738273,0,0,0,0,0,0,289.631679007608,93.4234866874731,0,98.2230592632363,153.876396855887,0,0,345.797434674459
0,0,150.161410108805,0,201.100640800745,0,0,0,0,0,0,0,0,101.895308036513,186.348837226466,0,0,128.530575464043,89.9429017381717,0,143.005810983322,115.114253591495,0,0,0,82.1742780037132,61.0664810463559,220.901129804706,0,261.605527103798,276.620869034647,0,0,153.672550905948,231.050882209,151.036729364761,160.537522273714,171.230058197369,0,58.3493451392805,0
0,0,0,0,0,0,96.7845769653343,247.66948903751,0,0,0,0,0,0,0,0,0,0,0,173.538155409849,0,0,0,0,0,0,0,193.055010680236,0,0,224.523755099568,124.698445421759,0,154.065933476765,175.196329314064,0,178.224497384947,0,0,0,314.611698427915
0,75.4497121078207,0,0,0,0,112.349934713559,0,0,82.6426202489162,135.294330067913,0,0,223.705816669619,0,169.742003380707,163.059043292369,0,0,74.7304794244225,320.356811100276,0,0,82.1742780037132,0,0,113.059176128709,116.176698124939,125.994729980093,94.9380989123498,120.567029282014,81.9664354533492,0,141.204637091722,0,160.530221557972,0,0,224.551207449728,197.486504603685,0
0,101.350815329073,0,0,0,0,0,146.465927798921,0,165.893015276821,72.2278283150671,0,0,0,192.135034768848,228.075434767255,0,0,158.955087279859,217.157696745803,111.226326353722,0,125.81518738273,61.0664810463559,0,113.059176128709,0,80.4367166559625,251.098274723989,0,0,193.777661225572,0,0,84.3635741045246,283.88658203332,0,0,85.6072705949986,169.453147353278,133.218162784108
94.7529894315991,0,206.472608421747,173.001559092555,227.504408813069,154.142998692322,94.8881692391942,115.332064605654,195.314816908693,172.608400267715,0,94.027247878695,0,195.378266313867,218.045528847001,0,0,219.078548227669,0,87.8456058929559,205.183249704085,0,0,220.901129804706,193.055010680236,116.176698124939,80.4367166559625,0,338.131802716296,74.4197823064597,0,0,0,173.201474590904,193.659409924573,222.053792850439,81.2827395071039,114.649126378906,231.715271819474,0,0
0,0,0,0,0,73.1029054543569,0,202.712457066107,306.344527664232,89.707245288964,101.5853655613,0,0,0,167.066576495979,0,0,0,0,159.183173818572,241.57250333243,0,0,0,0,125.994729980093,251.098274723989,338.131802716296,0,186.973586461633,137.177378802006,325.937289045041,0,188.851177466023,67.8267069095267,329.719143597451,117.208001126138,119.728129215699,178.748963182352,0,192.601533877686
0,0,0,174.013630695256,0,0,0,0,0,112.793316814908,208.005106191961,71.4788760670054,0,0,0,0,0,0,0,119.345624434514,0,0,0,261.605527103798,0,94.9380989123498,0,74.4197823064597,186.973586461633,0,0,0,0,0,0,0,161.275817184598,0,0,145.74089716123,0
0,0,0,0,0,0,0,0,0,0,0,0,0,0,0,0,0,0,180.543851962045,0,0,0,0,276.620869034647,224.523755099568,120.567029282014,0,0,137.177378802006,0,0,0,0,0,0,0,262.382215657622,0,0,0,0
0,0,0,0,0,0,0,226.825099357786,0,0,0,188.936291522747,348.674510760064,0,0,0,135.667029391615,0,0,0,0,0,0,0,124.698445421759,81.9664354533492,193.777661225572,0,325.937289045041,0,0,0,0,204.481117647118,0,0,0,0,108.381749703452,0,209.996727521564
0,0,0,0,95.7590805983148,97.5855511246009,0,0,0,193.63278243493,0,0,0,0,0,0,0,0,0,0,0,99.3508940827211,0,0,0,0,0,0,0,0,0,0,0,0,0,0,78.8552325762656,0,0,0,0
0,0,0,192.693757128262,303.527509149359,0,0,179.718364159796,128.846764897717,284.529238481835,115.868441404982,97.3506957544063,0,0,0,238.934743274142,154.784755881607,0,172.892533368851,177.763106506206,0,114.511014214502,289.631679007608,153.672550905948,154.065933476765,141.204637091722,0,173.201474590904,188.851177466023,0,0,204.481117647118,0,0,92.5568465385234,221.805809452716,151.695570509541,162.833808134102,205.839960264176,106.926813611922,333.645516435298
153.453047983244,93.5029580098427,0,0,122.106946855269,241.682021696872,0,146.770754374523,0,214.116367924649,106.33736463831,180.90030328818,0,151.806152521152,249.905610015455,0,195.822649557859,0,118.522099274347,0,323.781250289068,89.3673883748406,93.4234866874731,231.050882209,175.196329314064,0,84.3635741045246,193.659409924573,67.8267069095267,0,0,0,0,92.5568465385234,0,171.906398392157,309.997227542691,0,259.055025639447,252.487290983309,0
0,134.566479261133,0,165.597665022977,259.442917595754,0,0,115.541295036174,99.2646516363145,0,0,249.798812580765,204.084074037941,0,0,0,0,187.77054666536,0,0,0,0,0,151.036729364761,0,160.530221557972,283.88658203332,222.053792850439,329.719143597451,0,0,0,0,221.805809452716,171.906398392157,0,161.325017232684,219.430938885781,0,219.040656038919,212.592150359921
124.853650664477,0,0,157.852515740516,139.654362654449,73.4795582048751,0,103.519938150021,213.67670887414,92.3502314520023,0,0,94.126460729827,82.4756938751058,74.5815074003433,198.964527389285,62.859596780235,98.417953423071,0,0,94.7280504127031,100.812745974529,98.2230592632363,160.537522273714,178.224497384947,0,0,81.2827395071039,117.208001126138,161.275817184598,262.382215657622,0,78.8552325762656,151.695570509541,309.997227542691,161.325017232684,0,201.44584889478,161.302948562323,225.013371621378,232.945974238958
0,0,80.8080171296381,0,0,0,101.605593487621,0,104.915316975638,161.694997919804,82.6299537488922,321.864157986053,0,242.790381480436,0,0,90.7216186966914,0,136.685314494491,136.792307586862,125.416941482916,0,153.876396855887,171.230058197369,0,0,0,114.649126378906,119.728129215699,0,0,0,0,162.833808134102,0,219.430938885781,201.44584889478,0,0,205.09013266389,106.533627130087
0,0,0,0,0,71.5579325720569,0,0,0,0,0,196.04190773555,0,0,0,128.405764333981,0,142.385058730083,0,241.635434294794,154.070293657878,0,0,0,0,224.551207449728,85.6072705949986,231.715271819474,178.748963182352,0,0,108.381749703452,0,205.839960264176,259.055025639447,0,161.302948562323,0,0,146.99041817625,0
0,97.3232815600345,0,142.054529471577,106.128596538706,0,173.059382066957,148.808626413748,115.194491798135,0,353.822894641502,110.384905066973,206.912707094411,134.960780198024,0,90.1317194604647,108.136066660554,0,199.492852797962,137.189596148386,0,0,0,58.3493451392805,0,197.486504603685,169.453147353278,0,0,145.74089716123,0,0,0,106.926813611922,252.487290983309,219.040656038919,225.013371621378,205.09013266389,146.99041817625,0,113.144980278377
153.609372090384,280.376028997576,0,196.032358954952,98.6790043377568,190.185165668632,151.01089327964,0,0,240.185081663983,194.442125915551,184.249961885477,0,0,300.031143529538,0,0,0,0,131.969743415579,0,0,345.797434674459,0,314.611698427915,0,133.218162784108,0,192.601533877686,0,0,209.996727521564,0,333.645516435298,0,212.592150359921,232.945974238958,106.533627130087,0,113.144980278377,0
