0,0,0,0,0,0,0,0,0,0,0,0,0,0,0,0,0,0,194.442125915551,0,0,0,0,0,0,209.996727521564,186.348837226466,80.8080171296381,0,0,0,0,0,66.5008477853491,0,0,154.784755881607,0,0,0,0
0,0,0,0,0,0,0,0,0,0,92.5207898118833,202.712457066107,0,0,0,0,0,0,135.294330067913,0,0,0,0,0,0,90.1317194604647,173.538155409849,0,0,151.01089327964,0,0,0,0,0,0,0,0,0,0,115.868441404982
0,0,0,0,98.2230592632363,0,0,0,0,0,154.065933476765,0,0,0,0,0,214.116367924649,0,0,0,0,0,0,0,0,0,0,0,0,0,0,0,0,0,0,0,150.161410108805,0,0,180.90030328818,0
0,0,0,0,0,0,0,178.224497384947,0,161.302948562323,0,89.3673883748406,0,0,0,0,0,162.833808134102,0,173.059382066957,104.369974912428,0,0,338.131802716296,0,0,78.9559315574845,0,0,0,151.695570509541,0,0,0,0,0,197.893790332676,314.611698427915,137.177378802006,108.136066660554,0
0,0,98.2230592632363,0,0,106.533627130087,0,0,329.719143597451,357.423078228283,0,109.093416850988,236.681907140956,0,0,0,0,0,0,0,0,200.878319874537,99.3508940827211,0,0,0,219.430938885781,0,115.332064605654,0,0,0,0,92.3502314520023,0,213.67670887414,276.620869034647,0,0,0,250.461724766314
0,0,0,0,106.533627130087,0,0,180.355266595273,0,0,161.275817184598,0,0,133.984214699576,225.013371621378,0,76.5072790361762,0,0,0,0,0,0,223.705816669619,0,0,0,73.1029054543569,205.09013266389,0,0,0,0,0,153.672550905948,0,0,218.045528847001,228.792310020318,111.435629183184,198.528111506785
0,0,0,0,0,0,0,0,0,169.742003380707,0,113.059176128709,0,0,283.248188884028,211.840482897052,0,0,114.511014214502,0,106.128596538706,0,0,0,0,0,0,0,155.24952173131,192.135034768848,0,159.183173818572,0,94.027247878695,0,220.901129804706,191.519780382943,195.378266313867,0,0,0
0,0,0,178.224497384947,0,180.355266595273,0,0,0,94.7280504127031,0,0,0,99.2646516363145,0,0,161.74915061469,0,135.667029391615,143.005810983322,0,0,134.960780198024,80.4367166559625,0,110.384905066973,0,0,226.825099357786,0,0,224.551207449728,0,173.001559092555,118.522099274347,259.055025639447,0,0,0,0,206.472608421747
0,0,0,0,329.719143597451,0,0,0,0,0,0,167.066576495979,251.098274723989,82.4756938751058,0,0,0,0,125.81518738273,115.871357769661,0,0,0,0,0,0,0,217.157696745803,0,0,0,0,124.853650664477,0,0,0,168.241326865882,0,0,146.99041817625,164.032723165762
0,0,0,161.302948562323,357.423078228283,0,169.742003380707,94.7280504127031,0,0,104.915316975638,0,113.144980278377,0,0,0,0,0,0,125.416941482916,0,0,0,140.574866691684,335.371040201042,0,303.527509149359,345.797434674459,0,0,0,0,116.054372245433,193.777661225572,72.2278283150671,174.013630695256,219.040656038919,0,249.905610015455,347.376449530863,0
0,92.5207898118833,154.065933476765,0,0,161.275817184598,0,0,0,104.915316975638,0,84.3635741045246,0,0,0,0,0,0,0,0,0,0,0,115.194491798135,122.106946855269,0,0,74.4197823064597,253.401634605989,0,0,222.053792850439,0,241.682021696872,119.728129215699,114.649126378906,0,97.5855511246009,0,81.2827395071039,117.208001126138
0,202.712457066107,0,89.3673883748406,109.093416850988,0,113.059176128709,0,167.066576495979,0,84.3635741045246,0,0,101.443495235174,93.4234866874731,0,0,125.994729980093,0,0,85.6072705949986,148.808626413748,173.201474590904,193.63278243493,221.805809452716,0,151.036729364761,0,0,0,112.823430872325,188.851177466023,0,255.441154257905,0,0,85.7623170715703,0,0,133.218162784108,153.876396855887
0,0,0,0,236.681907140956,0,0,0,251.098274723989,113.144980278377,0,0,0,321.864157986053,0,0,0,0,94.8881692391942,0,0,0,0,0,0,0,0,0,0,0,0,0,0,115.541295036174,0,0,0,0,0,0,0
0,0,0,0,0,133.984214699576,0,99.2646516363145,82.4756938751058,0,0,101.443495235174,321.864157986053,0,138.425725342224,0,73.4795582048751,0,0,193.659409924573,0,0,0,0,0,0,0,171.230058197369,111.226326353722,0,0,0,0,212.592150359921,198.964527389285,0,96.5937438588657,0,0,0,197.486504603685
0,0,0,0,0,225.013371621378,283.248188884028,0,0,0,0,93.4234866874731,0,138.425725342224,0,0,0,0,0,0,0,0,0,0,252.487290983309,0,231.050882209,186.973586461633,0,146.814226519809,0,0,0,112.349934713559,136.792307586862,0,224.523755099568,333.645516435298,0,0,0
0,0,0,0,0,0,211.840482897052,0,0,0,0,0,0,0,0,0,0,0,0,238.934743274142,0,0,71.5579325720569,0,0,232.945974238958,0,205.183249704085,0,0,0,0,0,155.901486485736,300.031143529538,0,71.4788760670054,103.519938150021,0,95.7590805983148,101.5853655613
0,0,214.116367924649,0,0,76.5072790361762,0,161.74915061469,0,0,0,0,0,73.4795582048751,0,0,0,0,0,0,0,0,195.314816908693,0,0,97.3506957544063,94.7529894315991,201.100640800745,280.376028997576,0,0,0,0,0,0,101.605593487621,0,0,0,0,0
0,0,0,162.833808134102,0,0,0,0,0,0,0,125.994729980093,0,0,0,0,0,0,0,0,139.792601838991,0,0,0,0,0,0,160.537522273714,93.5029580098427,94.9380989123498,0,0,0,0,94.126460729827,0,0,0,0,158.567996645797,137.239127032733
194.442125915551,135.294330067913,0,0,0,0,114.511014214502,135.667029391615,125.81518738273,0,0,0,94.8881692391942,0,0,0,0,0,0,0,0,0,0,0,0,227.504408813069,215.611029055736,0,0,0,0,0,0,75.4497121078207,192.693757128262,0,151.806152521152,82.6426202489162,0,0,0
0,0,0,173.059382066957,0,0,0,143.005810983322,115.871357769661,125.416941482916,0,0,0,193.659409924573,0,238.934743274142,0,0,0,0,137.189596148386,0,183.786860782462,0,0,0,78.8552325762656,101.350815329073,259.442917595754,231.715271819474,0,0,0,97.3232815600345,0,157.852515740516,128.405764333981,0,0,178.683678585178,187.77054666536
0,0,0,104.369974912428,0,0,106.128596538706,0,0,0,0,85.6072705949986,0,0,0,0,0,139.792601838991,0,137.189596148386,0,0,0,184.249961885477,0,0,0,196.04190773555,179.718364159796,0,0,62.859596780235,0,139.654362654449,348.674510760064,0,241.57250333243,0,0,0,89.9429017381717
0,0,0,0,200.878319874537,0,0,0,0,0,0,148.808626413748,0,0,0,0,0,0,0,0,0,0,0,0,0,201.44584889478,74.7304794244225,136.685314494491,195.822649557859,0,0,0,0,0,0,172.608400267715,141.204637091722,0,0,0,0
0,0,0,0,99.3508940827211,0,0,134.960780198024,0,0,0,173.201474590904,0,0,0,71.5579325720569,195.314816908693,0,0,183.786860782462,0,0,0,208.005106191961,0,261.440278806413,262.382215657622,0,0,0,0,0,0,89.707245288964,81.9664354533492,0,0,92.5568465385234,142.054529471577,263.534399241887,228.075434767255
0,0,0,338.131802716296,0,223.705816669619,0,80.4367166559625,0,140.574866691684,115.194491798135,193.63278243493,0,0,0,0,0,0,0,0,184.249961885477,0,208.005106191961,0,0,0,153.453047983244,153.609372090384,98.6790043377568,0,0,169.453147353278,0,175.196329314064,171.906398392157,82.1742780037132,204.084074037941,220.963068032256,309.997227542691,120.567029282014,0
0,0,0,0,0,0,0,0,0,335.371040201042,122.106946855269,221.805809452716,0,0,252.487290983309,0,0,0,0,0,0,0,0,0,0,0,0,0,0,181.316358113209,0,0,0,0,128.530575464043,353.822894641502,96.7845769653343,101.85207633558,321.124897279917,0,0
209.996727521564,90.1317194604647,0,0,0,0,0,110.384905066973,0,0,0,0,0,0,0,232.945974238958,97.3506957544063,0,227.504408813069,0,0,201.44584889478,261.440278806413,0,0,0,67.8267069095267,241.635434294794,249.798812580765,74.5815074003433,154.070293657878,0,0,146.770754374523,242.790381480436,0,58.3493451392805,106.926813611922,289.631679007608,177.763106506206,139.93285932648
186.348837226466,173.538155409849,0,78.9559315574845,219.430938885781,0,0,0,0,303.527509149359,0,151.036729364761,0,0,231.050882209,0,94.7529894315991,0,215.611029055736,78.8552325762656,0,74.7304794244225,262.382215657622,153.453047983244,0,67.8267069095267,0,120.912756812582,0,0,0,119.345624434514,0,165.597665022977,0,0,61.0664810463559,112.793316814908,0,161.325017232684,0
80.8080171296381,0,0,0,0,73.1029054543569,0,0,217.157696745803,345.797434674459,74.4197823064597,0,0,171.230058197369,186.973586461633,205.183249704085,201.100640800745,160.537522273714,0,101.350815329073,196.04190773555,136.685314494491,0,153.609372090384,0,241.635434294794,120.912756812582,0,115.114253591495,0,101.895308036513,0,89.1590885155172,247.66948903751,145.74089716123,193.055010680236,325.937289045041,154.142998692322,284.529238481835,131.969743415579,146.465927798921
0,0,0,0,115.332064605654,205.09013266389,155.24952173131,226.825099357786,0,0,253.401634605989,0,0,111.226326353722,0,0,280.376028997576,93.5029580098427,0,259.442917595754,179.718364159796,195.822649557859,0,98.6790043377568,0,249.798812580765,0,115.114253591495,0,261.605527103798,0,0,0,0,163.945208919892,323.781250289068,205.839960264176,192.601533877686,106.33736463831,219.078548227669,0
0,151.01089327964,0,0,0,0,192.135034768848,0,0,0,0,0,0,0,146.814226519809,0,0,94.9380989123498,0,231.715271819474,0,0,0,0,181.316358113209,74.5815074003433,0,0,261.605527103798,0,0,0,0,0,0,0,108.381749703452,163.059043292369,0,196.032358954952,0
0,0,0,151.695570509541,0,0,0,0,0,0,0,112.823430872325,0,0,0,0,0,0,0,0,0,0,0,0,0,154.070293657878,0,101.895308036513,0,0,0,0,0,0,0,0,283.88658203332,0,0,180.543851962045,0
0,0,0,0,0,0,159.183173818572,224.551207449728,0,0,222.053792850439,188.851177466023,0,0,0,0,0,0,0,0,62.859596780235,0,0,169.453147353278,0,0,119.345624434514,0,0,0,0,0,0,0,240.185081663983,151.075371308616,160.530221557972,0,0,0,204.481117647118
0,0,0,0,0,0,0,0,124.853650664477,116.054372245433,0,0,0,0,0,0,0,0,0,0,0,0,0,0,0,0,0,89.1590885155172,0,0,0,0,0,0,161.694997919804,0,0,0,0,70.4221432298295,0
66.5008477853491,0,0,0,92.3502314520023,0,94.027247878695,173.001559092555,0,193.777661225572,241.682021696872,255.441154257905,115.541295036174,212.592150359921,112.349934713559,155.901486485736,0,0,75.4497121078207,97.3232815600345,139.654362654449,0,89.707245288964,175.196329314064,0,146.770754374523,165.597665022977,247.66948903751,0,0,0,0,0,0,188.936291522747,124.698445421759,116.176698124939,158.955087279859,128.846764897717,206.912707094411,62.311273509377
0,0,0,0,0,153.672550905948,0,118.522099274347,0,72.2278283150671,119.728129215699,0,0,198.964527389285,136.792307586862,300.031143529538,0,94.126460729827,192.693757128262,0,348.674510760064,0,81.9664354533492,171.906398392157,128.530575464043,242.790381480436,0,145.74089716123,163.945208919892,0,0,240.185081663983,161.694997919804,188.936291522747,0,320.356811100276,306.640284138334,172.892533368851,100.812745974529,98.417953423071,190.185165668632
0,0,0,0,213.67670887414,0,220.901129804706,259.055025639447,0,174.013630695256,114.649126378906,0,0,0,0,0,101.605593487621,0,0,157.852515740516,0,172.608400267715,0,82.1742780037132,353.822894641502,0,0,193.055010680236,323.781250289068,0,0,151.075371308616,0,124.698445421759,320.356811100276,0,134.566479261133,0,199.492852797962,138.33942793804,142.385058730083
154.784755881607,0,150.161410108805,197.893790332676,276.620869034647,0,191.519780382943,0,168.241326865882,219.040656038919,0,85.7623170715703,0,96.5937438588657,224.523755099568,71.4788760670054,0,0,151.806152521152,128.405764333981,241.57250333243,141.204637091722,0,204.084074037941,96.7845769653343,58.3493451392805,61.0664810463559,325.937289045041,205.839960264176,108.381749703452,283.88658203332,160.530221557972,0,116.176698124939,306.640284138334,134.566479261133,0,178.748963182352,90.7216186966914,306.344527664232,0
0,0,0,314.611698427915,0,218.045528847001,195.378266313867,0,0,0,97.5855511246009,0,0,0,333.645516435298,103.519938150021,0,0,82.6426202489162,0,0,0,92.5568465385234,220.963068032256,101.85207633558,106.926813611922,112.793316814908,154.142998692322,192.601533877686,163.059043292369,0,0,0,158.955087279859,172.892533368851,0,178.748963182352,0,82.6299537488922,0,165.893015276821
0,0,0,137.177378802006,0,228.792310020318,0,0,0,249.905610015455,0,0,0,0,0,0,0,0,0,0,0,0,142.054529471577,309.997227542691,321.124897279917,289.631679007608,0,284.529238481835,106.33736463831,0,0,0,0,128.846764897717,100.812745974529,199.492852797962,90.7216186966914,82.6299537488922,0,87.8456058929559,0
0,0,180.90030328818,108.136066660554,0,111.435629183184,0,0,146.99041817625,347.376449530863,81.2827395071039,133.218162784108,0,0,0,95.7590805983148,0,158.567996645797,0,178.683678585178,0,0,263.534399241887,120.567029282014,0,177.763106506206,161.325017232684,131.969743415579,219.078548227669,196.032358954952,180.543851962045,0,70.4221432298295,206.912707094411,98.417953423071,138.33942793804,306.344527664232,0,87.8456058929559,0,269.936825670274
0,115.868441404982,0,0,250.461724766314,198.528111506785,0,206.472608421747,164.032723165762,0,117.208001126138,153.876396855887,0,197.486504603685,0,101.5853655613,0,137.239127032733,0,187.77054666536,89.9429017381717,0,228.075434767255,0,0,139.93285932648,0,146.465927798921,0,0,0,204.481117647118,0,62.311273509377,190.185165668632,142.385058730083,0,165.893015276821,0,269.936825670274,0
