0,0,0,0,0,0,0,0,0,90.7216186966914,0,0,0,0,0,0,0,153.609372090384,0,0,0,0,0,269.936825670274,0,0,62.311273509377,0,0,0,0,0,0,0,0,0,0,0,0,211.840482897052,165.893015276821
0,0,0,0,0,0,0,0,0,169.453147353278,111.226326353722,0,206.912707094411,0,0,0,0,0,0,0,0,0,0,0,0,0,0,250.461724766314,154.065933476765,0,0,0,0,0,0,0,180.543851962045,261.605527103798,0,0,0
0,0,0,0,0,0,0,0,0,0,0,111.435629183184,0,0,0,0,0,0,90.1317194604647,0,0,0,0,249.905610015455,0,0,0,0,0,0,0,0,0,0,236.681907140956,0,0,186.973586461633,0,0,0
0,0,0,0,125.81518738273,0,0,0,0,0,0,314.611698427915,0,0,0,0,0,0,0,0,188.851177466023,0,0,0,0,0,110.384905066973,303.527509149359,0,0,0,0,92.3502314520023,94.7280504127031,58.3493451392805,146.99041817625,115.194491798135,309.997227542691,153.453047983244,0,142.385058730083
0,0,0,125.81518738273,0,0,0,276.620869034647,0,0,0,0,0,0,255.441154257905,0,0,82.6299537488922,0,0,0,0,108.136066660554,0,0,0,143.005810983322,85.6072705949986,259.055025639447,0,0,259.442917595754,0,321.124897279917,142.054529471577,72.2278283150671,136.792307586862,0,0,0,193.63278243493
0,0,0,0,0,0,0,335.371040201042,115.871357769661,0,0,0,0,0,0,100.812745974529,0,0,0,0,133.984214699576,106.128596538706,146.465927798921,321.864157986053,0,0,0,263.534399241887,205.09013266389,0,0,74.7304794244225,0,212.592150359921,171.906398392157,0,0,220.963068032256,0,153.672550905948,0
0,0,0,0,0,0,0,0,289.631679007608,0,0,62.859596780235,0,0,0,187.77054666536,0,0,0,0,0,0,0,164.032723165762,0,115.332064605654,201.44584889478,191.519780382943,0,106.533627130087,0,0,0,0,204.084074037941,0,154.142998692322,227.504408813069,0,138.425725342224,320.356811100276
0,0,0,0,276.620869034647,335.371040201042,0,0,0,70.4221432298295,0,154.070293657878,0,0,0,0,0,0,0,134.566479261133,232.945974238958,0,0,112.349934713559,0,101.5853655613,173.059382066957,97.5855511246009,0,0,0,155.901486485736,0,183.786860782462,215.611029055736,251.098274723989,173.201474590904,0,0,201.100640800745,0
0,0,0,0,0,115.871357769661,289.631679007608,0,0,0,0,0,0,0,172.892533368851,0,0,0,0,0,0,0,0,0,0,0,108.381749703452,94.8881692391942,163.059043292369,0,0,0,0,150.161410108805,0,81.9664354533492,225.013371621378,0,74.5815074003433,131.969743415579,0
90.7216186966914,169.453147353278,0,0,0,0,0,70.4221432298295,0,0,0,0,66.5008477853491,93.5029580098427,128.530575464043,139.792601838991,0,0,261.440278806413,94.7529894315991,0,0,0,197.486504603685,0,228.792310020318,101.85207633558,116.176698124939,103.519938150021,0,0,0,0,0,117.208001126138,71.5579325720569,157.852515740516,0,0,159.183173818572,0
0,111.226326353722,0,0,0,0,0,0,0,0,0,135.667029391615,0,173.538155409849,283.88658203332,0,0,0,109.093416850988,0,0,0,205.183249704085,193.055010680236,0,97.3506957544063,95.7590805983148,0,0,0,151.695570509541,0,98.417953423071,181.316358113209,101.443495235174,0,253.401634605989,0,73.4795582048751,112.823430872325,0
0,0,111.435629183184,314.611698427915,0,0,62.859596780235,154.070293657878,0,0,135.667029391615,0,113.059176128709,0,0,0,0,163.945208919892,199.492852797962,0,0,0,0,0,0,195.822649557859,178.683678585178,224.523755099568,242.790381480436,0,184.249961885477,306.640284138334,193.659409924573,75.4497121078207,197.893790332676,0,249.798812580765,353.822894641502,0,214.116367924649,204.481117647118
0,206.912707094411,0,0,0,0,0,0,0,66.5008477853491,0,113.059176128709,0,0,0,0,0,0,0,0,0,0,0,168.241326865882,0,0,0,0,0,0,0,0,0,0,94.126460729827,0,0,0,0,81.2827395071039,0
0,0,0,0,0,0,0,0,0,93.5029580098427,173.538155409849,0,0,0,179.718364159796,0,78.9559315574845,87.8456058929559,0,74.4197823064597,348.674510760064,136.685314494491,0,151.075371308616,0,0,0,0,0,178.224497384947,0,0,0,0,174.013630695256,0,137.177378802006,284.529238481835,0,0,186.348837226466
0,0,0,0,255.441154257905,0,0,0,172.892533368851,128.530575464043,283.88658203332,0,0,179.718364159796,0,0,0,0,0,0,173.001559092555,0,0,0,0,217.157696745803,0,0,154.784755881607,0,0,0,0,0,101.350815329073,0,177.763106506206,195.378266313867,160.537522273714,0,0
0,0,0,0,0,100.812745974529,187.77054666536,0,0,139.792601838991,0,0,0,0,0,0,0,0,0,82.4756938751058,198.528111506785,0,0,0,0,219.078548227669,0,0,125.994729980093,0,0,0,0,205.839960264176,0,124.698445421759,240.185081663983,0,0,220.901129804706,0
0,0,0,0,0,0,0,0,0,0,0,0,0,78.9559315574845,0,0,0,0,0,262.382215657622,0,300.031143529538,97.3232815600345,160.530221557972,0,0,0,0,241.635434294794,0,0,0,0,0,0,0,162.833808134102,0,252.487290983309,128.405764333981,223.705816669619
153.609372090384,0,0,0,82.6299537488922,0,0,0,0,0,0,163.945208919892,0,87.8456058929559,0,0,0,0,82.1742780037132,0,0,0,0,0,0,0,0,0,0,0,0,0,0,120.567029282014,98.2230592632363,0,153.876396855887,0,0,80.8080171296381,0
0,0,90.1317194604647,0,0,0,0,0,0,261.440278806413,109.093416850988,199.492852797962,0,0,0,0,0,82.1742780037132,0,0,128.846764897717,0,0,0,119.728129215699,171.230058197369,0,0,0,0,0,0,0,89.1590885155172,0,114.511014214502,146.814226519809,0,0,241.57250333243,0
0,0,0,0,0,0,0,134.566479261133,0,94.7529894315991,0,0,0,74.4197823064597,0,82.4756938751058,262.382215657622,0,0,0,0,0,89.3673883748406,158.567996645797,190.185165668632,247.66948903751,138.33942793804,112.793316814908,101.605593487621,118.522099274347,0,80.4367166559625,0,93.4234866874731,0,0,94.027247878695,0,0,226.825099357786,0
0,0,0,188.851177466023,0,133.984214699576,0,232.945974238958,0,0,0,0,0,348.674510760064,173.001559092555,198.528111506785,0,0,128.846764897717,0,0,329.719143597451,0,219.430938885781,0,0,0,196.032358954952,0,0,0,0,0,0,0,115.541295036174,202.712457066107,0,0,0,206.472608421747
0,0,0,0,0,106.128596538706,0,0,0,0,0,0,0,136.685314494491,0,0,300.031143529538,0,0,0,329.719143597451,0,0,0,0,209.996727521564,0,78.8552325762656,0,0,0,0,0,0,0,151.01089327964,192.693757128262,0,0,0,0
0,0,0,0,108.136066660554,146.465927798921,0,0,0,0,205.183249704085,0,0,0,0,0,97.3232815600345,0,0,89.3673883748406,0,0,0,0,0,0,98.6790043377568,115.114253591495,0,218.045528847001,0,0,0,101.895308036513,141.204637091722,161.325017232684,92.5207898118833,158.955087279859,0,135.294330067913,113.144980278377
269.936825670274,0,249.905610015455,0,0,321.864157986053,164.032723165762,112.349934713559,0,197.486504603685,193.055010680236,0,168.241326865882,151.075371308616,0,0,160.530221557972,0,0,158.567996645797,219.430938885781,0,0,0,0,0,0,104.915316975638,357.423078228283,125.416941482916,0,96.5937438588657,0,333.645516435298,0,0,0,0,0,133.218162784108,228.075434767255
0,0,0,0,0,0,0,0,0,0,0,0,0,0,0,0,0,0,119.728129215699,190.185165668632,0,0,0,0,0,0,96.7845769653343,188.936291522747,0,0,0,0,0,165.597665022977,0,323.781250289068,94.9380989123498,84.3635741045246,0,224.551207449728,89.9429017381717
0,0,0,0,0,0,115.332064605654,101.5853655613,0,228.792310020318,97.3506957544063,195.822649557859,0,0,217.157696745803,219.078548227669,0,0,171.230058197369,247.66948903751,0,209.996727521564,0,0,0,0,280.376028997576,193.777661225572,283.248188884028,0,200.878319874537,0,0,231.050882209,0,139.654362654449,161.302948562323,0,119.345624434514,325.937289045041,167.066576495979
62.311273509377,0,0,110.384905066973,143.005810983322,0,201.44584889478,173.059382066957,108.381749703452,101.85207633558,95.7590805983148,178.683678585178,0,0,0,0,0,0,0,138.33942793804,0,0,98.6790043377568,0,96.7845769653343,280.376028997576,0,151.036729364761,178.748963182352,106.33736463831,0,0,0,0,115.868441404982,0,0,137.189596148386,161.694997919804,0,73.1029054543569
0,250.461724766314,0,303.527509149359,85.6072705949986,263.534399241887,191.519780382943,97.5855511246009,94.8881692391942,116.176698124939,0,224.523755099568,0,0,0,0,0,0,0,112.793316814908,196.032358954952,78.8552325762656,115.114253591495,104.915316975638,188.936291522747,193.777661225572,151.036729364761,0,137.239127032733,120.912756812582,0,194.442125915551,0,306.344527664232,67.8267069095267,169.742003380707,89.707245288964,0,146.770754374523,85.7623170715703,140.574866691684
0,154.065933476765,0,0,259.055025639447,205.09013266389,0,0,163.059043292369,103.519938150021,0,242.790381480436,0,0,154.784755881607,125.994729980093,241.635434294794,0,0,101.605593487621,0,0,0,357.423078228283,0,283.248188884028,178.748963182352,137.239127032733,0,0,92.5568465385234,0,0,116.054372245433,114.649126378906,196.04190773555,222.053792850439,99.3508940827211,0,122.106946855269,0
0,0,0,0,0,0,106.533627130087,0,0,0,0,0,0,178.224497384947,0,0,0,0,0,118.522099274347,0,0,218.045528847001,125.416941482916,0,0,106.33736463831,120.912756812582,0,0,0,0,0,241.682021696872,0,219.040656038919,0,338.131802716296,0,345.797434674459,0
0,0,0,0,0,0,0,0,0,0,151.695570509541,184.249961885477,0,0,0,0,0,0,0,0,0,0,0,0,0,200.878319874537,0,0,92.5568465385234,0,0,0,0,172.608400267715,0,0,0,0,124.853650664477,0,0
0,0,0,0,259.442917595754,74.7304794244225,0,155.901486485736,0,0,0,306.640284138334,0,0,0,0,0,0,0,80.4367166559625,0,0,0,96.5937438588657,0,0,0,194.442125915551,0,0,0,0,0,192.601533877686,0,0,180.90030328818,195.314816908693,0,0,161.275817184598
0,0,0,92.3502314520023,0,0,0,0,0,0,98.417953423071,193.659409924573,0,0,0,0,0,0,0,0,0,0,0,0,0,0,0,0,0,0,0,0,0,0,221.805809452716,0,175.196329314064,0,0,0,0
0,0,0,94.7280504127031,321.124897279917,212.592150359921,0,183.786860782462,150.161410108805,0,181.316358113209,75.4497121078207,0,0,0,205.839960264176,0,120.567029282014,89.1590885155172,93.4234866874731,0,0,101.895308036513,333.645516435298,165.597665022977,231.050882209,0,306.344527664232,116.054372245433,241.682021696872,172.608400267715,192.601533877686,0,0,155.24952173131,0,104.369974912428,145.74089716123,106.926813611922,148.808626413748,192.135034768848
0,0,236.681907140956,58.3493451392805,142.054529471577,171.906398392157,204.084074037941,215.611029055736,0,117.208001126138,101.443495235174,197.893790332676,94.126460729827,174.013630695256,101.350815329073,0,0,98.2230592632363,0,0,0,0,141.204637091722,0,0,0,115.868441404982,67.8267069095267,114.649126378906,0,0,0,221.805809452716,155.24952173131,0,231.715271819474,198.964527389285,61.0664810463559,347.376449530863,161.74915061469,208.005106191961
0,0,0,146.99041817625,72.2278283150671,0,0,251.098274723989,81.9664354533492,71.5579325720569,0,0,0,0,0,124.698445421759,0,0,114.511014214502,0,115.541295036174,151.01089327964,161.325017232684,0,323.781250289068,139.654362654449,0,169.742003380707,196.04190773555,219.040656038919,0,0,0,0,231.715271819474,0,71.4788760670054,180.355266595273,134.960780198024,0,0
0,180.543851962045,0,115.194491798135,136.792307586862,0,154.142998692322,173.201474590904,225.013371621378,157.852515740516,253.401634605989,249.798812580765,0,137.177378802006,177.763106506206,240.185081663983,162.833808134102,153.876396855887,146.814226519809,94.027247878695,202.712457066107,192.693757128262,92.5207898118833,0,94.9380989123498,161.302948562323,0,89.707245288964,222.053792850439,0,0,180.90030328818,175.196329314064,104.369974912428,198.964527389285,71.4788760670054,0,0,151.806152521152,0,213.67670887414
0,261.605527103798,186.973586461633,309.997227542691,0,220.963068032256,227.504408813069,0,0,0,0,353.822894641502,0,284.529238481835,195.378266313867,0,0,0,0,0,0,0,158.955087279859,0,84.3635741045246,0,137.189596148386,0,99.3508940827211,338.131802716296,0,195.314816908693,0,145.74089716123,61.0664810463559,180.355266595273,0,0,238.934743274142,82.6426202489162,99.2646516363145
0,0,0,153.453047983244,0,0,0,0,74.5815074003433,0,73.4795582048751,0,0,0,160.537522273714,0,252.487290983309,0,0,0,0,0,0,0,0,119.345624434514,161.694997919804,146.770754374523,0,0,124.853650664477,0,0,106.926813611922,347.376449530863,134.960780198024,151.806152521152,238.934743274142,0,0,76.5072790361762
211.840482897052,0,0,0,0,153.672550905948,138.425725342224,201.100640800745,131.969743415579,159.183173818572,112.823430872325,214.116367924649,81.2827395071039,0,0,220.901129804706,128.405764333981,80.8080171296381,241.57250333243,226.825099357786,0,0,135.294330067913,133.218162784108,224.551207449728,325.937289045041,0,85.7623170715703,122.106946855269,345.797434674459,0,0,0,148.808626413748,161.74915061469,0,0,82.6426202489162,0,0,139.93285932648
165.893015276821,0,0,142.385058730083,193.63278243493,0,320.356811100276,0,0,0,0,204.481117647118,0,186.348837226466,0,0,223.705816669619,0,0,0,206.472608421747,0,113.144980278377,228.075434767255,89.9429017381717,167.066576495979,73.1029054543569,140.574866691684,0,0,0,161.275817184598,0,192.135034768848,208.005106191961,0,213.67670887414,99.2646516363145,76.5072790361762,139.93285932648,0
