0,0,0,0,0,0,0,0,0,0,0,153.876396855887,0,0,0,0,0,0,0,199.492852797962,0,0,58.3493451392805,0,0,157.852515740516,0,0,0,0,0,0,0,220.963068032256,0,0,66.5008477853491,0,0,0,0
0,0,125.81518738273,0,0,0,0,125.416941482916,0,0,0,0,0,0,0,0,0,0,0,0,0,0,78.9559315574845,0,345.797434674459,0,0,0,0,0,0,0,0,0,259.055025639447,0,89.707245288964,225.013371621378,0,0,0
0,125.81518738273,0,0,0,0,159.183173818572,0,0,0,0,0,0,0,0,0,0,0,0,0,0,0,0,0,0,0,0,0,0,0,0,89.9429017381717,0,0,90.1317194604647,0,289.631679007608,0,0,0,0
0,0,0,0,155.901486485736,261.440278806413,0,0,146.99041817625,0,0,0,0,115.194491798135,0,0,0,0,0,98.6790043377568,0,0,0,0,187.77054666536,0,224.551207449728,125.994729980093,0,0,128.846764897717,0,0,0,124.853650664477,0,0,82.4756938751058,357.423078228283,219.078548227669,0
0,0,0,155.901486485736,0,231.715271819474,0,155.24952173131,0,0,0,240.185081663983,0,0,0,0,0,0,0,201.100640800745,263.534399241887,0,0,0,0,213.67670887414,0,249.905610015455,0,0,0,0,0,184.249961885477,158.567996645797,309.997227542691,255.441154257905,101.5853655613,186.348837226466,0,0
0,0,0,261.440278806413,231.715271819474,0,0,0,0,119.345624434514,0,0,0,208.005106191961,223.705816669619,0,111.226326353722,0,192.693757128262,0,0,0,0,0,204.084074037941,0,306.344527664232,133.984214699576,151.695570509541,0,0,0,0,0,146.770754374523,0,115.114253591495,0,0,167.066576495979,0
0,0,159.183173818572,0,0,0,0,0,76.5072790361762,61.0664810463559,0,192.601533877686,0,338.131802716296,0,0,0,0,0,0,74.4197823064597,0,0,0,0,0,347.376449530863,221.805809452716,0,0,0,0,0,139.93285932648,0,0,249.798812580765,190.185165668632,0,169.453147353278,111.435629183184
0,125.416941482916,0,0,155.24952173131,0,0,0,153.453047983244,0,173.538155409849,95.7590805983148,94.9380989123498,173.201474590904,0,0,0,0,0,81.2827395071039,0,0,0,161.74915061469,0,74.7304794244225,164.032723165762,0,0,0,0,0,0,108.381749703452,0,0,106.33736463831,109.093416850988,250.461724766314,0,161.694997919804
0,0,0,146.99041817625,0,0,76.5072790361762,153.453047983244,0,0,0,0,0,0,0,0,0,0,0,82.1742780037132,177.763106506206,0,0,116.176698124939,0,92.3502314520023,0,0,0,0,0,0,0,80.4367166559625,101.85207633558,196.032358954952,93.5029580098427,0,0,0,0
0,0,0,0,0,119.345624434514,61.0664810463559,0,0,0,0,101.895308036513,124.698445421759,0,0,173.059382066957,0,0,140.574866691684,0,0,0,211.840482897052,0,0,85.7623170715703,0,113.059176128709,252.487290983309,160.530221557972,0,92.5568465385234,0,151.01089327964,101.350815329073,0,241.57250333243,241.682021696872,136.685314494491,0,219.040656038919
0,0,0,0,0,0,0,173.538155409849,0,0,0,0,0,0,89.1590885155172,353.822894641502,148.808626413748,0,0,0,71.5579325720569,142.385058730083,0,323.781250289068,0,0,0,175.196329314064,163.059043292369,0,0,0,0,171.230058197369,188.936291522747,0,231.050882209,232.945974238958,247.66948903751,84.3635741045246,94.7280504127031
153.876396855887,0,0,0,240.185081663983,0,192.601533877686,95.7590805983148,0,101.895308036513,0,0,0,178.748963182352,0,154.070293657878,80.8080171296381,0,253.401634605989,0,0,0,81.9664354533492,0,178.683678585178,321.124897279917,133.218162784108,283.88658203332,131.969743415579,0,0,0,0,197.486504603685,106.128596538706,236.681907140956,97.3232815600345,0,115.332064605654,162.833808134102,0
0,0,0,0,0,0,0,94.9380989123498,0,124.698445421759,0,0,0,0,0,0,0,0,0,0,0,0,0,96.7845769653343,0,0,0,0,0,0,0,0,0,0,0,303.527509149359,112.823430872325,0,0,143.005810983322,0
0,0,0,115.194491798135,0,208.005106191961,338.131802716296,173.201474590904,0,0,0,178.748963182352,0,0,0,0,0,283.248188884028,0,0,0,0,0,0,0,0,0,72.2278283150671,0,0,0,142.054529471577,0,106.533627130087,128.405764333981,104.915316975638,116.054372245433,0,98.2230592632363,117.208001126138,0
0,0,0,0,0,223.705816669619,0,0,0,0,89.1590885155172,0,0,0,0,198.964527389285,0,0,0,0,191.519780382943,0,0,0,0,193.659409924573,0,153.609372090384,151.075371308616,195.822649557859,0,335.371040201042,0,120.912756812582,168.241326865882,0,0,0,0,0,98.417953423071
0,0,0,0,0,0,0,0,0,173.059382066957,353.822894641502,154.070293657878,0,0,198.964527389285,0,0,118.522099274347,0,115.868441404982,0,0,0,0,0,0,183.786860782462,62.311273509377,0,0,0,0,0,0,0,0,0,0,180.543851962045,242.790381480436,73.4795582048751
0,0,0,0,0,111.226326353722,0,0,0,0,148.808626413748,80.8080171296381,0,0,0,0,0,220.901129804706,78.8552325762656,0,0,0,0,139.792601838991,0,0,0,181.316358113209,276.620869034647,0,0,0,0,87.8456058929559,0,0,106.926813611922,0,0,0,0
0,0,0,0,0,0,0,0,0,0,0,0,0,283.248188884028,0,118.522099274347,220.901129804706,0,0,0,169.742003380707,0,0,179.718364159796,0,0,0,0,0,0,0,0,0,0,112.793316814908,0,70.4221432298295,0,0,228.792310020318,122.106946855269
0,0,0,0,0,192.693757128262,0,0,0,140.574866691684,0,253.401634605989,0,0,0,0,78.8552325762656,0,0,0,94.8881692391942,0,0,173.001559092555,0,92.5207898118833,0,0,100.812745974529,0,0,0,0,188.851177466023,0,0,0,205.839960264176,0,93.4234866874731,101.605593487621
199.492852797962,0,0,98.6790043377568,201.100640800745,0,0,81.2827395071039,82.1742780037132,0,0,0,0,0,0,115.868441404982,0,0,0,0,0,314.611698427915,0,112.349934713559,97.3506957544063,0,204.481117647118,135.667029391615,62.859596780235,0,0,0,0,325.937289045041,0,158.955087279859,262.382215657622,0,0,137.177378802006,215.611029055736
0,0,0,0,263.534399241887,0,74.4197823064597,0,177.763106506206,0,71.5579325720569,0,0,0,191.519780382943,0,0,169.742003380707,94.8881692391942,0,0,0,0,0,0,0,0,161.275817184598,73.1029054543569,226.825099357786,0,0,174.013630695256,0,0,153.672550905948,0,0,0,135.294330067913,0
0,0,0,0,0,0,0,0,0,0,142.385058730083,0,0,0,0,0,0,0,0,314.611698427915,0,0,196.04190773555,0,251.098274723989,0,0,0,110.384905066973,0,0,0,0,0,0,0,67.8267069095267,163.945208919892,0,151.806152521152,0
58.3493451392805,78.9559315574845,0,0,0,0,0,0,0,211.840482897052,0,81.9664354533492,0,0,0,0,0,0,0,0,0,196.04190773555,0,0,0,94.7529894315991,103.519938150021,74.5815074003433,192.135034768848,0,0,0,0,154.065933476765,172.892533368851,259.442917595754,136.792307586862,0,161.325017232684,269.936825670274,0
0,0,0,0,0,0,0,161.74915061469,116.176698124939,0,323.781250289068,0,96.7845769653343,0,0,0,139.792601838991,179.718364159796,173.001559092555,112.349934713559,0,0,0,0,218.045528847001,172.608400267715,115.541295036174,202.712457066107,0,71.4788760670054,0,0,0,178.224497384947,96.5937438588657,238.934743274142,0,180.90030328818,0,209.996727521564,82.6299537488922
0,345.797434674459,0,187.77054666536,0,204.084074037941,0,0,0,0,0,178.683678585178,0,0,0,0,0,0,0,97.3506957544063,0,251.098274723989,0,218.045528847001,0,0,0,284.529238481835,0,0,0,0,0,224.523755099568,0,0,227.504408813069,0,0,0,0
157.852515740516,0,0,0,213.67670887414,0,0,74.7304794244225,92.3502314520023,85.7623170715703,0,321.124897279917,0,0,193.659409924573,0,0,0,92.5207898118833,0,0,0,94.7529894315991,172.608400267715,0,0,201.44584889478,217.157696745803,75.4497121078207,0,0,0,0,94.027247878695,115.871357769661,141.204637091722,85.6072705949986,108.136066660554,137.189596148386,0,228.075434767255
0,0,0,224.551207449728,0,306.344527664232,347.376449530863,164.032723165762,0,0,0,133.218162784108,0,0,0,183.786860782462,0,0,0,204.481117647118,0,0,103.519938150021,115.541295036174,0,201.44584889478,0,138.33942793804,0,0,119.728129215699,114.649126378906,0,206.472608421747,114.511014214502,329.719143597451,320.356811100276,139.654362654449,137.239127032733,222.053792850439,0
0,0,0,125.994729980093,249.905610015455,133.984214699576,221.805809452716,0,0,113.059176128709,175.196329314064,283.88658203332,0,72.2278283150671,153.609372090384,62.311273509377,181.316358113209,0,0,135.667029391615,161.275817184598,0,74.5815074003433,202.712457066107,284.529238481835,217.157696745803,138.33942793804,0,146.814226519809,0,0,94.126460729827,0,219.430938885781,214.116367924649,186.973586461633,134.960780198024,198.528111506785,0,89.3673883748406,90.7216186966914
0,0,0,0,0,151.695570509541,0,0,0,252.487290983309,163.059043292369,131.969743415579,0,0,151.075371308616,0,276.620869034647,0,100.812745974529,62.859596780235,73.1029054543569,110.384905066973,192.135034768848,0,0,75.4497121078207,0,146.814226519809,0,200.878319874537,160.537522273714,0,0,134.566479261133,193.63278243493,171.906398392157,195.314816908693,205.09013266389,0,261.605527103798,0
0,0,0,0,0,0,0,0,0,160.530221557972,0,0,0,0,195.822649557859,0,0,0,0,0,226.825099357786,0,0,71.4788760670054,0,0,0,0,200.878319874537,0,0,241.635434294794,0,161.302948562323,195.378266313867,197.893790332676,0,0,0,154.142998692322,333.645516435298
0,0,0,128.846764897717,0,0,0,0,0,0,0,0,0,0,0,0,0,0,0,0,0,0,0,0,0,0,119.728129215699,0,160.537522273714,0,0,0,0,0,138.425725342224,0,0,0,145.74089716123,0,206.912707094411
0,0,89.9429017381717,0,0,0,0,0,0,92.5568465385234,0,0,0,142.054529471577,335.371040201042,0,0,0,0,0,0,0,0,0,0,0,114.649126378906,94.126460729827,0,241.635434294794,0,0,0,0,99.2646516363145,0,0,165.893015276821,0,193.777661225572,321.864157986053
0,0,0,0,0,0,0,0,0,0,0,0,0,0,0,0,0,0,0,0,174.013630695256,0,0,0,0,0,0,0,0,0,0,0,0,0,0,300.031143529538,0,0,104.369974912428,348.674510760064,150.161410108805
220.963068032256,0,0,0,184.249961885477,0,139.93285932648,108.381749703452,80.4367166559625,151.01089327964,171.230058197369,197.486504603685,0,106.533627130087,120.912756812582,0,87.8456058929559,0,188.851177466023,325.937289045041,0,0,154.065933476765,178.224497384947,224.523755099568,94.027247878695,206.472608421747,219.430938885781,134.566479261133,161.302948562323,0,0,0,0,180.355266595273,113.144980278377,194.442125915551,0,0,146.465927798921,151.036729364761
0,259.055025639447,90.1317194604647,124.853650664477,158.567996645797,146.770754374523,0,0,101.85207633558,101.350815329073,188.936291522747,106.128596538706,0,128.405764333981,168.241326865882,0,0,112.793316814908,0,0,0,0,172.892533368851,96.5937438588657,0,115.871357769661,114.511014214502,214.116367924649,193.63278243493,195.378266313867,138.425725342224,99.2646516363145,0,180.355266595273,0,97.5855511246009,280.376028997576,165.597665022977,0,0,0
0,0,0,0,309.997227542691,0,0,0,196.032358954952,0,0,236.681907140956,303.527509149359,104.915316975638,0,0,0,0,0,158.955087279859,153.672550905948,0,259.442917595754,238.934743274142,0,141.204637091722,329.719143597451,186.973586461633,171.906398392157,197.893790332676,0,0,300.031143529538,113.144980278377,97.5855511246009,0,128.530575464043,99.3508940827211,0,0,0
66.5008477853491,89.707245288964,289.631679007608,0,255.441154257905,115.114253591495,249.798812580765,106.33736463831,93.5029580098427,241.57250333243,231.050882209,97.3232815600345,112.823430872325,116.054372245433,0,0,106.926813611922,70.4221432298295,0,262.382215657622,0,67.8267069095267,136.792307586862,0,227.504408813069,85.6072705949986,320.356811100276,134.960780198024,195.314816908693,0,0,0,0,194.442125915551,280.376028997576,128.530575464043,0,306.640284138334,205.183249704085,154.784755881607,101.443495235174
0,225.013371621378,0,82.4756938751058,101.5853655613,0,190.185165668632,109.093416850988,0,241.682021696872,232.945974238958,0,0,0,0,0,0,0,205.839960264176,0,0,163.945208919892,0,180.90030328818,0,108.136066660554,139.654362654449,198.528111506785,205.09013266389,0,0,165.893015276821,0,0,165.597665022977,99.3508940827211,306.640284138334,0,0,82.6426202489162,120.567029282014
0,0,0,357.423078228283,186.348837226466,0,0,250.461724766314,0,136.685314494491,247.66948903751,115.332064605654,0,98.2230592632363,0,180.543851962045,0,0,0,0,0,0,161.325017232684,0,0,137.189596148386,137.239127032733,0,0,0,145.74089716123,0,104.369974912428,0,0,0,205.183249704085,0,0,0,193.055010680236
0,0,0,219.078548227669,0,167.066576495979,169.453147353278,0,0,0,84.3635741045246,162.833808134102,143.005810983322,117.208001126138,0,242.790381480436,0,228.792310020318,93.4234866874731,137.177378802006,135.294330067913,151.806152521152,269.936825670274,209.996727521564,0,0,222.053792850439,89.3673883748406,261.605527103798,154.142998692322,0,193.777661225572,348.674510760064,146.465927798921,0,0,154.784755881607,82.6426202489162,0,0,212.592150359921
0,0,0,0,0,0,111.435629183184,161.694997919804,0,219.040656038919,94.7280504127031,0,0,0,98.417953423071,73.4795582048751,0,122.106946855269,101.605593487621,215.611029055736,0,0,0,82.6299537488922,0,228.075434767255,0,90.7216186966914,0,333.645516435298,206.912707094411,321.864157986053,150.161410108805,151.036729364761,0,0,101.443495235174,120.567029282014,193.055010680236,212.592150359921,0
