0,0,0,0,0,0,66.5008477853491,0,0,249.798812580765,0,0,0,0,0,0,0,0,0,0,0,161.275817184598,0,0,0,81.2827395071039,0,0,139.93285932648,0,0,0,0,0,0,0,115.194491798135,0,0,0,0
0,0,226.825099357786,0,0,0,180.543851962045,0,0,0,178.224497384947,0,0,0,0,0,0,119.345624434514,255.441154257905,0,0,0,0,0,0,0,0,0,0,0,0,0,0,0,197.893790332676,0,101.605593487621,0,0,0,0
0,226.825099357786,0,0,0,0,0,0,0,0,0,0,190.185165668632,0,0,0,353.822894641502,0,0,0,0,0,0,0,0,0,0,0,0,0,0,0,0,0,0,62.859596780235,0,0,153.672550905948,0,0
0,0,0,0,0,0,0,139.654362654449,0,138.425725342224,0,165.893015276821,0,0,0,0,0,0,0,70.4221432298295,306.344527664232,0,67.8267069095267,0,289.631679007608,0,0,0,0,0,0,0,0,220.901129804706,0,119.728129215699,241.57250333243,125.994729980093,0,259.442917595754,247.66948903751
0,0,0,0,0,0,0,0,0,0,0,90.7216186966914,112.793316814908,175.196329314064,0,0,0,0,0,0,0,0,0,193.63278243493,0,0,0,0,173.059382066957,0,99.2646516363145,109.093416850988,0,169.742003380707,78.9559315574845,300.031143529538,94.8881692391942,249.905610015455,0,93.5029580098427,193.055010680236
0,0,0,0,0,0,0,0,0,0,0,215.611029055736,0,225.013371621378,0,0,0,0,0,0,325.937289045041,0,0,0,219.430938885781,0,137.239127032733,80.4367166559625,193.659409924573,0,0,0,0,92.5568465385234,242.790381480436,0,93.4234866874731,259.055025639447,140.574866691684,98.417953423071,155.901486485736
66.5008477853491,180.543851962045,0,0,0,0,0,0,0,76.5072790361762,0,0,0,0,73.4795582048751,151.036729364761,0,0,0,0,0,0,0,178.748963182352,0,0,0,0,206.912707094411,198.964527389285,0,0,0,195.378266313867,0,0,0,112.349934713559,137.177378802006,261.605527103798,345.797434674459
0,0,0,139.654362654449,0,0,0,0,0,202.712457066107,0,0,0,0,0,196.032358954952,0,357.423078228283,0,0,167.066576495979,0,321.864157986053,0,0,94.9380989123498,0,117.208001126138,347.376449530863,103.519938150021,0,0,111.435629183184,0,85.6072705949986,0,173.001559092555,200.878319874537,137.189596148386,108.381749703452,0
0,0,0,0,0,0,0,0,0,0,0,89.1590885155172,0,0,0,0,0,0,0,84.3635741045246,71.4788760670054,0,0,197.486504603685,0,0,224.551207449728,136.685314494491,155.24952173131,0,0,0,0,115.868441404982,0,251.098274723989,194.442125915551,212.592150359921,0,0,0
249.798812580765,0,0,138.425725342224,0,0,76.5072790361762,202.712457066107,0,0,0,222.053792850439,0,209.996727521564,0,0,71.5579325720569,0,145.74089716123,131.969743415579,0,0,303.527509149359,0,0,0,95.7590805983148,208.005106191961,0,0,0,252.487290983309,0,0,219.040656038919,94.7280504127031,206.472608421747,201.44584889478,0,0,154.065933476765
0,178.224497384947,0,0,0,0,0,0,0,0,0,0,0,0,283.88658203332,314.611698427915,0,0,0,161.325017232684,0,231.715271819474,221.805809452716,128.405764333981,0,250.461724766314,106.33736463831,213.67670887414,218.045528847001,0,0,0,0,168.241326865882,224.523755099568,98.6790043377568,0,0,0,82.6299537488922,263.534399241887
0,0,0,165.893015276821,90.7216186966914,215.611029055736,0,0,89.1590885155172,222.053792850439,0,0,0,0,171.230058197369,0,146.465927798921,115.114253591495,99.3508940827211,236.681907140956,98.2230592632363,283.248188884028,0,89.9429017381717,0,323.781250289068,0,165.597665022977,338.131802716296,0,0,0,0,0,0,180.90030328818,82.4756938751058,0,158.567996645797,135.294330067913,128.530575464043
0,0,190.185165668632,0,112.793316814908,0,0,0,0,0,0,0,0,0,0,0,0,0,0,187.77054666536,0,0,0,0,0,0,0,0,0,0,0,0,0,142.385058730083,101.350815329073,0,199.492852797962,0,0,0,0
0,0,0,0,175.196329314064,225.013371621378,0,0,0,209.996727521564,0,0,0,0,0,192.693757128262,177.763106506206,0,0,0,0,0,0,205.839960264176,162.833808134102,0,0,75.4497121078207,0,0,0,0,0,186.973586461633,108.136066660554,134.960780198024,116.176698124939,0,160.530221557972,153.876396855887,0
0,0,0,0,0,0,73.4795582048751,0,0,0,283.88658203332,171.230058197369,0,0,0,0,0,89.3673883748406,0,0,0,0,114.511014214502,169.453147353278,0,0,0,178.683678585178,141.204637091722,0,0,0,0,85.7623170715703,223.705816669619,150.161410108805,0,0,0,0,143.005810983322
0,0,0,0,0,0,151.036729364761,196.032358954952,0,0,314.611698427915,0,0,192.693757128262,0,0,0,0,113.059176128709,0,0,0,0,0,0,195.314816908693,195.822649557859,0,0,0,0,184.249961885477,0,0,0,220.963068032256,151.075371308616,0,120.567029282014,0,0
0,0,353.822894641502,0,0,0,0,0,0,71.5579325720569,0,146.465927798921,0,177.763106506206,0,0,0,0,0,0,0,0,0,0,0,205.09013266389,106.926813611922,214.116367924649,0,0,0,261.440278806413,0,97.3232815600345,0,0,0,284.529238481835,0,0,0
0,119.345624434514,0,0,0,0,0,357.423078228283,0,0,0,115.114253591495,0,0,89.3673883748406,0,0,0,0,0,0,0,232.945974238958,0,0,0,72.2278283150671,231.050882209,0,0,0,0,0,0,179.718364159796,0,0,173.201474590904,0,0,0
0,255.441154257905,0,0,0,0,0,0,0,145.74089716123,0,99.3508940827211,0,0,0,113.059176128709,0,0,0,0,320.356811100276,0,0,191.519780382943,0,0,148.808626413748,116.054372245433,276.620869034647,0,0,0,0,133.984214699576,0,0,138.33942793804,0,0,125.81518738273,0
0,0,0,70.4221432298295,0,0,0,0,84.3635741045246,131.969743415579,161.325017232684,236.681907140956,187.77054666536,0,0,0,0,0,0,0,0,0,241.635434294794,101.5853655613,0,238.934743274142,228.792310020318,136.792307586862,0,100.812745974529,0,73.1029054543569,0,0,193.777661225572,0,146.814226519809,0,0,163.945208919892,142.054529471577
0,0,0,306.344527664232,0,325.937289045041,0,167.066576495979,71.4788760670054,0,0,98.2230592632363,0,0,0,0,0,0,320.356811100276,0,0,0,0,0,96.7845769653343,160.537522273714,0,0,0,0,0,0,0,94.027247878695,61.0664810463559,0,97.3506957544063,94.7529894315991,0,111.226326353722,0
161.275817184598,0,0,0,0,0,0,0,0,0,231.715271819474,283.248188884028,0,0,0,0,0,0,0,0,0,0,0,0,0,0,0,0,161.302948562323,329.719143597451,0,0,0,0,133.218162784108,0,115.541295036174,0,0,0,158.955087279859
0,0,0,67.8267069095267,0,0,0,321.864157986053,0,303.527509149359,221.805809452716,0,0,0,114.511014214502,0,0,232.945974238958,0,241.635434294794,0,0,0,192.601533877686,101.85207633558,198.528111506785,87.8456058929559,110.384905066973,0,0,0,0,0,348.674510760064,0,0,188.936291522747,0,0,0,101.895308036513
0,0,0,0,193.63278243493,0,178.748963182352,0,197.486504603685,0,128.405764333981,89.9429017381717,0,205.839960264176,169.453147353278,0,0,0,191.519780382943,101.5853655613,0,0,192.601533877686,0,151.01089327964,74.7304794244225,180.355266595273,204.084074037941,112.823430872325,0,0,0,0,269.936825670274,164.032723165762,124.853650664477,0,0,0,0,154.070293657878
0,0,0,289.631679007608,0,219.430938885781,0,0,0,0,0,0,0,162.833808134102,0,0,0,0,0,0,96.7845769653343,0,101.85207633558,151.01089327964,0,0,0,154.142998692322,0,120.912756812582,0,0,0,0,0,0,157.852515740516,0,280.376028997576,0,0
81.2827395071039,0,0,0,0,0,0,94.9380989123498,0,0,250.461724766314,323.781250289068,0,0,0,195.314816908693,205.09013266389,0,0,238.934743274142,160.537522273714,0,198.528111506785,74.7304794244225,0,0,151.806152521152,151.695570509541,90.1317194604647,309.997227542691,219.078548227669,0,0,204.481117647118,0,181.316358113209,0,101.443495235174,146.770754374523,172.892533368851,0
0,0,0,0,0,137.239127032733,0,0,224.551207449728,95.7590805983148,106.33736463831,0,0,0,0,195.822649557859,106.926813611922,72.2278283150671,148.808626413748,228.792310020318,0,0,87.8456058929559,180.355266595273,0,151.806152521152,0,227.504408813069,188.851177466023,0,0,0,0,124.698445421759,104.369974912428,0,94.126460729827,183.786860782462,0,81.9664354533492,146.99041817625
0,0,0,0,0,80.4367166559625,0,117.208001126138,136.685314494491,208.005106191961,213.67670887414,165.597665022977,0,75.4497121078207,178.683678585178,0,214.116367924649,231.050882209,116.054372245433,136.792307586862,0,0,110.384905066973,204.084074037941,154.142998692322,151.695570509541,227.504408813069,0,62.311273509377,0,97.5855511246009,0,0,78.8552325762656,335.371040201042,262.382215657622,106.128596538706,241.682021696872,128.846764897717,205.183249704085,192.135034768848
139.93285932648,0,0,0,173.059382066957,193.659409924573,206.912707094411,347.376449530863,155.24952173131,0,218.045528847001,338.131802716296,0,0,141.204637091722,0,0,0,276.620869034647,0,0,161.302948562323,0,112.823430872325,0,90.1317194604647,188.851177466023,62.311273509377,0,0,0,0,122.106946855269,115.871357769661,217.157696745803,0,82.6426202489162,0,0,306.640284138334,333.645516435298
0,0,0,0,0,0,198.964527389285,103.519938150021,0,0,0,0,0,0,0,0,0,0,0,100.812745974529,0,329.719143597451,0,0,120.912756812582,309.997227542691,0,0,0,0,0,96.5937438588657,0,0,153.453047983244,0,174.013630695256,0,114.649126378906,113.144980278377,0
0,0,0,0,99.2646516363145,0,0,0,0,0,0,0,0,0,0,0,0,0,0,0,0,0,0,0,0,219.078548227669,0,97.5855511246009,0,0,0,0,0,0,0,0,321.124897279917,139.792601838991,172.608400267715,0,0
0,0,0,0,109.093416850988,0,0,0,0,252.487290983309,0,0,0,0,0,184.249961885477,261.440278806413,0,0,73.1029054543569,0,0,0,0,0,0,0,0,0,96.5937438588657,0,0,0,253.401634605989,92.5207898118833,211.840482897052,0,80.8080171296381,0,186.348837226466,0
0,0,0,0,0,0,0,111.435629183184,0,0,0,0,0,0,0,0,0,0,0,0,0,0,0,0,0,0,0,0,122.106946855269,0,0,0,0,0,161.74915061469,104.915316975638,0,0,0,228.075434767255,0
0,0,0,220.901129804706,169.742003380707,92.5568465385234,195.378266313867,0,115.868441404982,0,168.241326865882,0,142.385058730083,186.973586461633,85.7623170715703,0,97.3232815600345,0,133.984214699576,0,94.027247878695,0,348.674510760064,269.936825670274,0,204.481117647118,124.698445421759,78.8552325762656,115.871357769661,0,0,253.401634605989,0,0,173.538155409849,154.784755881607,134.566479261133,135.667029391615,171.906398392157,118.522099274347,106.533627130087
0,197.893790332676,0,0,78.9559315574845,242.790381480436,0,85.6072705949986,0,219.040656038919,224.523755099568,0,101.350815329073,108.136066660554,223.705816669619,0,0,179.718364159796,0,193.777661225572,61.0664810463559,133.218162784108,0,164.032723165762,0,0,104.369974912428,335.371040201042,217.157696745803,153.453047983244,0,92.5207898118833,161.74915061469,173.538155409849,0,0,159.183173818572,74.5815074003433,0,201.100640800745,82.1742780037132
0,0,62.859596780235,119.728129215699,300.031143529538,0,0,0,251.098274723989,94.7280504127031,98.6790043377568,180.90030328818,0,134.960780198024,150.161410108805,220.963068032256,0,0,0,0,0,0,0,124.853650664477,0,181.316358113209,0,262.382215657622,0,0,0,211.840482897052,104.915316975638,154.784755881607,0,0,240.185081663983,0,0,58.3493451392805,196.04190773555
115.194491798135,101.605593487621,0,241.57250333243,94.8881692391942,93.4234866874731,0,173.001559092555,194.442125915551,206.472608421747,0,82.4756938751058,199.492852797962,116.176698124939,0,151.075371308616,0,0,138.33942793804,146.814226519809,97.3506957544063,115.541295036174,188.936291522747,0,157.852515740516,0,94.126460729827,106.128596538706,82.6426202489162,174.013630695256,321.124897279917,0,0,134.566479261133,159.183173818572,240.185081663983,0,115.332064605654,125.416941482916,163.059043292369,74.4197823064597
0,0,0,125.994729980093,249.905610015455,259.055025639447,112.349934713559,200.878319874537,212.592150359921,201.44584889478,0,0,0,0,0,0,284.529238481835,173.201474590904,0,0,94.7529894315991,0,0,0,0,101.443495235174,183.786860782462,241.682021696872,0,0,139.792601838991,80.8080171296381,0,135.667029391615,74.5815074003433,0,115.332064605654,0,0,161.694997919804,153.609372090384
0,0,153.672550905948,0,0,140.574866691684,137.177378802006,137.189596148386,0,0,0,158.567996645797,0,160.530221557972,0,120.567029282014,0,0,0,0,0,0,0,0,280.376028997576,146.770754374523,0,128.846764897717,0,114.649126378906,172.608400267715,0,0,171.906398392157,0,0,125.416941482916,0,0,89.707245288964,0
0,0,0,259.442917595754,93.5029580098427,98.417953423071,261.605527103798,108.381749703452,0,0,82.6299537488922,135.294330067913,0,153.876396855887,0,0,0,0,125.81518738273,163.945208919892,111.226326353722,0,0,0,0,172.892533368851,81.9664354533492,205.183249704085,306.640284138334,113.144980278377,0,186.348837226466,228.075434767255,118.522099274347,201.100640800745,58.3493451392805,163.059043292369,161.694997919804,89.707245288964,0,92.3502314520023
0,0,0,247.66948903751,193.055010680236,155.901486485736,345.797434674459,0,0,154.065933476765,263.534399241887,128.530575464043,0,0,143.005810983322,0,0,0,0,142.054529471577,0,158.955087279859,101.895308036513,154.070293657878,0,0,146.99041817625,192.135034768848,333.645516435298,0,0,0,0,106.533627130087,82.1742780037132,196.04190773555,74.4197823064597,153.609372090384,0,92.3502314520023,0
