0,0,0,0,208.005106191961,0,0,0,0,0,0,193.777661225572,0,0,0,0,0,0,0,0,0,0,0,0,0,241.57250333243,0,151.075371308616,0,0,0,0,0,74.5815074003433,0,250.461724766314,0,0,0,0,0
0,0,0,0,0,0,0,153.876396855887,82.4756938751058,0,0,0,353.822894641502,0,0,0,192.601533877686,0,94.8881692391942,190.185165668632,73.1029054543569,0,0,0,0,0,0,0,0,0,0,0,0,0,0,0,0,0,0,0,0
0,0,0,201.44584889478,0,0,0,0,0,0,0,0,0,0,0,0,0,100.812745974529,0,0,0,0,0,0,0,0,0,0,0,0,0,0,0,0,148.808626413748,0,163.945208919892,0,0,0,280.376028997576
0,0,201.44584889478,0,0,0,0,0,0,0,0,0,0,0,0,0,0,134.566479261133,0,92.3502314520023,0,0,0,125.994729980093,0,0,0,178.683678585178,320.356811100276,0,0,0,0,70.4221432298295,74.7304794244225,104.915316975638,211.840482897052,112.793316814908,125.416941482916,325.937289045041,0
208.005106191961,0,0,0,0,0,0,0,0,161.74915061469,0,186.348837226466,0,338.131802716296,0,101.85207633558,0,153.672550905948,0,0,0,0,0,212.592150359921,0,146.99041817625,120.912756812582,0,0,0,0,205.183249704085,0,197.893790332676,0,0,231.050882209,196.032358954952,0,178.748963182352,0
0,0,0,0,0,0,0,0,0,0,125.81518738273,81.9664354533492,0,0,0,0,0,0,0,0,133.984214699576,0,0,227.504408813069,0,0,219.040656038919,158.567996645797,306.640284138334,120.567029282014,82.6426202489162,0,0,0,0,76.5072790361762,80.8080171296381,0,115.194491798135,348.674510760064,249.798812580765
0,0,0,0,0,0,0,206.472608421747,73.4795582048751,89.1590885155172,0,238.934743274142,0,0,0,0,0,0,0,0,0,0,0,173.001559092555,145.74089716123,0,0,0,0,0,0,159.183173818572,0,0,240.185081663983,175.196329314064,103.519938150021,116.054372245433,118.522099274347,303.527509149359,0
0,153.876396855887,0,0,0,0,206.472608421747,0,0,161.325017232684,0,300.031143529538,0,0,0,0,0,0,115.114253591495,0,0,0,98.6790043377568,0,0,231.715271819474,117.208001126138,0,140.574866691684,115.332064605654,0,0,0,173.059382066957,104.369974912428,195.378266313867,137.189596148386,111.226326353722,0,0,89.9429017381717
0,82.4756938751058,0,0,0,0,73.4795582048751,0,0,283.248188884028,0,0,0,0,0,0,0,151.01089327964,134.960780198024,0,0,0,0,0,0,0,0,321.864157986053,0,0,0,0,106.33736463831,96.7845769653343,225.013371621378,0,106.533627130087,0,183.786860782462,0,0
0,0,0,0,161.74915061469,0,89.1590885155172,161.325017232684,283.248188884028,0,323.781250289068,259.442917595754,0,169.742003380707,0,0,347.376449530863,0,0,0,0,0,0,0,0,124.853650664477,97.5855511246009,94.9380989123498,0,85.6072705949986,0,128.405764333981,0,223.705816669619,136.792307586862,0,138.33942793804,0,178.224497384947,187.77054666536,0
0,0,0,0,0,125.81518738273,0,0,0,323.781250289068,0,0,0,0,0,0,0,0,194.442125915551,0,269.936825670274,0,0,66.5008477853491,0,179.718364159796,0,224.551207449728,224.523755099568,0,0,0,193.659409924573,142.385058730083,151.806152521152,283.88658203332,163.059043292369,197.486504603685,0,143.005810983322,114.511014214502
193.777661225572,0,0,0,186.348837226466,81.9664354533492,238.934743274142,300.031143529538,0,259.442917595754,0,0,0,154.065933476765,135.667029391615,0,84.3635741045246,199.492852797962,0,0,0,0,0,306.344527664232,89.707245288964,357.423078228283,151.695570509541,150.161410108805,174.013630695256,221.805809452716,0,0,0,222.053792850439,0,0,138.425725342224,0,153.453047983244,0,154.070293657878
0,353.822894641502,0,0,0,0,0,0,0,0,0,0,0,0,213.67670887414,0,151.036729364761,0,0,0,0,0,0,0,0,0,0,173.538155409849,0,0,0,0,0,241.635434294794,184.249961885477,0,0,0,0,0,0
0,0,0,0,338.131802716296,0,0,0,0,169.742003380707,0,154.065933476765,0,0,0,115.871357769661,0,0,0,0,0,94.7529894315991,62.311273509377,97.3506957544063,0,0,0,247.66948903751,0,0,0,0,0,172.892533368851,241.682021696872,284.529238481835,345.797434674459,119.728129215699,0,0,262.382215657622
0,0,0,0,0,0,0,0,0,0,0,135.667029391615,213.67670887414,0,0,0,0,0,71.4788760670054,90.1317194604647,61.0664810463559,0,94.027247878695,128.846764897717,98.417953423071,0,0,173.201474590904,0,0,0,0,0,192.135034768848,195.822649557859,0,160.537522273714,0,0,0,0
0,0,0,0,101.85207633558,0,0,0,0,0,0,0,0,115.871357769661,0,0,0,0,0,215.611029055736,0,0,0,0,0,0,0,314.611698427915,0,94.7280504127031,0,165.597665022977,0,0,228.792310020318,188.851177466023,95.7590805983148,289.631679007608,0,146.770754374523,0
0,192.601533877686,0,0,0,0,0,0,0,347.376449530863,0,84.3635741045246,151.036729364761,0,0,0,0,0,0,0,0,0,0,0,0,135.294330067913,198.964527389285,0,0,0,0,0,0,0,193.055010680236,188.936291522747,0,0,0,263.534399241887,75.4497121078207
0,0,100.812745974529,134.566479261133,153.672550905948,0,0,0,151.01089327964,0,0,199.492852797962,0,0,0,0,0,0,0,186.973586461633,0,0,0,0,0,0,0,0,0,0,0,0,0,0,136.685314494491,0,180.543851962045,0,0,0,171.230058197369
0,94.8881692391942,0,0,0,0,0,115.114253591495,134.960780198024,0,194.442125915551,0,0,0,71.4788760670054,0,0,0,0,0,0,0,0,253.401634605989,93.5029580098427,0,167.066576495979,180.90030328818,0,0,0,0,0,0,0,164.032723165762,116.176698124939,0,0,0,255.441154257905
0,190.185165668632,0,92.3502314520023,0,0,0,0,0,0,0,0,0,0,90.1317194604647,215.611029055736,0,186.973586461633,0,0,0,0,112.823430872325,0,139.654362654449,146.814226519809,139.792601838991,329.719143597451,81.2827395071039,0,0,0,0,251.098274723989,62.859596780235,0,0,161.275817184598,80.4367166559625,160.530221557972,209.996727521564
0,73.1029054543569,0,0,0,133.984214699576,0,0,0,0,269.936825670274,0,0,0,61.0664810463559,0,0,0,0,0,0,309.997227542691,0,0,219.430938885781,0,0,0,82.1742780037132,0,154.142998692322,137.239127032733,0,0,218.045528847001,0,172.608400267715,226.825099357786,0,333.645516435298,0
0,0,0,0,0,0,0,0,0,0,0,0,0,94.7529894315991,0,0,0,0,0,0,309.997227542691,0,0,101.443495235174,0,169.453147353278,0,0,0,0,0,195.314816908693,0,101.895308036513,0,0,96.5937438588657,0,0,124.698445421759,0
0,0,0,0,0,0,0,98.6790043377568,0,0,0,0,0,62.311273509377,94.027247878695,0,0,0,0,112.823430872325,0,0,0,109.093416850988,0,0,200.878319874537,261.605527103798,154.784755881607,0,153.609372090384,0,108.381749703452,101.5853655613,82.6299537488922,0,0,90.7216186966914,0,92.5207898118833,99.3508940827211
0,0,0,125.994729980093,212.592150359921,227.504408813069,173.001559092555,0,0,0,66.5008477853491,306.344527664232,0,97.3506957544063,128.846764897717,0,0,0,253.401634605989,0,0,101.443495235174,109.093416850988,0,0,168.241326865882,87.8456058929559,155.24952173131,0,0,113.059176128709,0,0,242.790381480436,0,0,141.204637091722,0,202.712457066107,0,131.969743415579
0,0,0,0,0,0,145.74089716123,0,0,0,0,89.707245288964,0,0,98.417953423071,0,0,0,93.5029580098427,139.654362654449,219.430938885781,0,0,0,0,0,193.63278243493,177.763106506206,161.694997919804,0,0,0,0,0,0,0,108.136066660554,0,0,0,0
241.57250333243,0,0,0,146.99041817625,0,0,231.715271819474,0,124.853650664477,179.718364159796,357.423078228283,0,0,0,0,135.294330067913,0,0,146.814226519809,0,169.453147353278,0,168.241326865882,0,0,0,137.177378802006,214.116367924649,0,0,115.541295036174,0,217.157696745803,158.955087279859,85.7623170715703,205.09013266389,71.5579325720569,0,335.371040201042,119.345624434514
0,0,0,0,120.912756812582,219.040656038919,0,117.208001126138,0,97.5855511246009,0,151.695570509541,0,0,0,0,198.964527389285,0,167.066576495979,139.792601838991,0,0,200.878319874537,87.8456058929559,193.63278243493,0,0,276.620869034647,112.349934713559,0,0,0,0,206.912707094411,114.649126378906,111.435629183184,0,98.2230592632363,261.440278806413,180.355266595273,220.901129804706
151.075371308616,0,0,178.683678585178,0,158.567996645797,0,0,321.864157986053,94.9380989123498,224.551207449728,150.161410108805,173.538155409849,247.66948903751,173.201474590904,314.611698427915,0,0,180.90030328818,329.719143597451,0,0,261.605527103798,155.24952173131,177.763106506206,137.177378802006,276.620869034647,0,0,198.528111506785,0,321.124897279917,0,192.693757128262,196.04190773555,0,93.4234866874731,204.481117647118,205.839960264176,128.530575464043,106.128596538706
0,0,0,320.356811100276,0,306.640284138334,0,140.574866691684,0,0,224.523755099568,174.013630695256,0,0,0,0,0,0,0,81.2827395071039,82.1742780037132,0,154.784755881607,0,161.694997919804,214.116367924649,112.349934713559,0,0,162.833808134102,0,155.901486485736,122.106946855269,236.681907140956,0,94.126460729827,89.3673883748406,97.3232815600345,142.054529471577,101.605593487621,78.9559315574845
0,0,0,0,0,120.567029282014,0,115.332064605654,0,85.6072705949986,0,221.805809452716,0,0,0,94.7280504127031,0,0,0,0,0,0,0,0,0,0,0,198.528111506785,162.833808134102,0,0,0,0,171.906398392157,0,110.384905066973,113.144980278377,0,0,165.893015276821,0
0,0,0,0,0,82.6426202489162,0,0,0,0,0,0,0,0,0,0,0,0,0,0,154.142998692322,0,153.609372090384,113.059176128709,0,0,0,0,0,0,0,0,0,0,0,0,219.078548227669,161.302948562323,0,0,0
0,0,0,0,205.183249704085,0,159.183173818572,0,0,128.405764333981,0,0,0,0,0,165.597665022977,0,0,0,0,137.239127032733,195.314816908693,0,0,0,115.541295036174,0,321.124897279917,155.901486485736,0,0,0,0,0,106.926813611922,0,0,0,0,228.075434767255,0
0,0,0,0,0,0,0,0,106.33736463831,0,193.659409924573,0,0,0,0,0,0,0,0,0,0,0,108.381749703452,0,0,0,0,0,122.106946855269,0,0,0,0,0,0,0,0,67.8267069095267,0,0,0
74.5815074003433,0,0,70.4221432298295,197.893790332676,0,0,173.059382066957,96.7845769653343,223.705816669619,142.385058730083,222.053792850439,241.635434294794,172.892533368851,192.135034768848,0,0,0,0,251.098274723989,0,101.895308036513,101.5853655613,242.790381480436,0,217.157696745803,206.912707094411,192.693757128262,236.681907140956,171.906398392157,0,0,0,0,72.2278283150671,252.487290983309,157.852515740516,139.93285932648,181.316358113209,133.218162784108,0
0,0,148.808626413748,74.7304794244225,0,0,240.185081663983,104.369974912428,225.013371621378,136.792307586862,151.806152521152,0,184.249961885477,241.682021696872,195.822649557859,228.792310020318,193.055010680236,136.685314494491,0,62.859596780235,218.045528847001,0,82.6299537488922,0,0,158.955087279859,114.649126378906,196.04190773555,0,0,0,106.926813611922,0,72.2278283150671,0,232.945974238958,249.905610015455,0,0,78.8552325762656,92.5568465385234
250.461724766314,0,0,104.915316975638,0,76.5072790361762,175.196329314064,195.378266313867,0,0,283.88658203332,0,0,284.529238481835,0,188.851177466023,188.936291522747,0,164.032723165762,0,0,0,0,0,0,85.7623170715703,111.435629183184,0,94.126460729827,110.384905066973,0,0,0,252.487290983309,232.945974238958,0,115.868441404982,0,0,220.963068032256,101.350815329073
0,0,163.945208919892,211.840482897052,231.050882209,80.8080171296381,103.519938150021,137.189596148386,106.533627130087,138.33942793804,163.059043292369,138.425725342224,0,345.797434674459,160.537522273714,95.7590805983148,0,180.543851962045,116.176698124939,0,172.608400267715,96.5937438588657,0,141.204637091722,108.136066660554,205.09013266389,0,93.4234866874731,89.3673883748406,113.144980278377,219.078548227669,0,0,157.852515740516,249.905610015455,115.868441404982,0,0,146.465927798921,74.4197823064597,191.519780382943
0,0,0,112.793316814908,196.032358954952,0,116.054372245433,111.226326353722,0,0,197.486504603685,0,0,119.728129215699,0,289.631679007608,0,0,0,161.275817184598,226.825099357786,0,90.7216186966914,0,0,71.5579325720569,98.2230592632363,204.481117647118,97.3232815600345,0,161.302948562323,0,67.8267069095267,139.93285932648,0,0,0,0,259.055025639447,58.3493451392805,99.2646516363145
0,0,0,125.416941482916,0,115.194491798135,118.522099274347,0,183.786860782462,178.224497384947,0,153.453047983244,0,0,0,0,0,0,0,80.4367166559625,0,0,0,202.712457066107,0,0,261.440278806413,205.839960264176,142.054529471577,0,0,0,0,181.316358113209,0,0,146.465927798921,259.055025639447,0,201.100640800745,0
0,0,0,325.937289045041,178.748963182352,348.674510760064,303.527509149359,0,0,187.77054666536,143.005810983322,0,0,0,0,146.770754374523,263.534399241887,0,0,160.530221557972,333.645516435298,124.698445421759,92.5207898118833,0,0,335.371040201042,180.355266595273,128.530575464043,101.605593487621,165.893015276821,0,228.075434767255,0,133.218162784108,78.8552325762656,220.963068032256,74.4197823064597,58.3493451392805,201.100640800745,0,204.084074037941
0,0,280.376028997576,0,0,249.798812580765,0,89.9429017381717,0,0,114.511014214502,154.070293657878,0,262.382215657622,0,0,75.4497121078207,171.230058197369,255.441154257905,209.996727521564,0,0,99.3508940827211,131.969743415579,0,119.345624434514,220.901129804706,106.128596538706,78.9559315574845,0,0,0,0,0,92.5568465385234,101.350815329073,191.519780382943,99.2646516363145,0,204.084074037941,0
