0,0,0,0,0,0,0,0,165.893015276821,0,0,0,0,0,0,0,225.013371621378,0,0,0,0,0,0,0,0,0,0,218.045528847001,161.302948562323,0,0,0,0,0,0,347.376449530863,0,0,0,0,223.705816669619
0,0,0,0,0,0,0,215.611029055736,0,0,0,0,0,0,0,0,0,0,0,0,0,0,0,0,0,0,263.534399241887,93.5029580098427,0,0,0,0,0,76.5072790361762,80.8080171296381,0,85.7623170715703,190.185165668632,0,0,0
0,0,0,0,0,0,0,155.24952173131,0,0,0,241.635434294794,0,0,0,0,0,0,0,0,0,0,0,0,0,66.5008477853491,0,231.050882209,0,0,0,0,0,0,0,0,0,0,0,0,303.527509149359
0,0,0,0,128.530575464043,0,0,0,0,205.183249704085,0,161.325017232684,0,0,84.3635741045246,0,217.157696745803,0,0,0,0,211.840482897052,0,0,0,236.681907140956,137.189596148386,0,89.1590885155172,0,0,171.906398392157,0,96.7845769653343,0,0,0,178.224497384947,0,141.204637091722,0
0,0,0,128.530575464043,0,157.852515740516,81.9664354533492,259.442917595754,75.4497121078207,0,0,0,0,0,0,0,0,0,163.945208919892,325.937289045041,0,0,73.4795582048751,0,0,188.936291522747,0,0,0,0,0,196.04190773555,0,154.070293657878,178.683678585178,0,151.695570509541,0,0,195.314816908693,0
0,0,0,0,157.852515740516,0,0,0,300.031143529538,0,0,0,0,0,0,0,0,74.4197823064597,0,0,0,0,137.239127032733,0,0,94.7280504127031,181.316358113209,228.792310020318,255.441154257905,0,0,0,0,114.649126378906,98.2230592632363,0,160.530221557972,0,249.798812580765,101.5853655613,151.01089327964
0,0,0,0,81.9664354533492,0,0,0,0,115.868441404982,198.964527389285,125.994729980093,0,0,0,0,0,0,140.574866691684,163.059043292369,0,0,151.806152521152,0,0,0,0,62.311273509377,154.065933476765,0,0,101.350815329073,0,92.5568465385234,159.183173818572,0,115.114253591495,0,0,0,0
0,215.611029055736,155.24952173131,0,259.442917595754,0,0,0,0,0,0,0,283.88658203332,0,0,97.3232815600345,0,0,0,0,71.4788760670054,0,0,0,220.963068032256,136.685314494491,320.356811100276,269.936825670274,228.075434767255,0,0,0,0,345.797434674459,250.461724766314,0,0,241.682021696872,115.871357769661,61.0664810463559,0
165.893015276821,0,0,0,75.4497121078207,300.031143529538,0,0,0,0,0,0,0,0,192.135034768848,0,0,0,0,0,0,0,0,0,0,143.005810983322,0,173.059382066957,0,0,0,0,0,0,74.7304794244225,0,0,187.77054666536,138.33942793804,338.131802716296,92.5207898118833
0,0,0,205.183249704085,0,0,115.868441404982,0,0,0,101.605593487621,188.851177466023,0,0,0,0,169.742003380707,0,0,261.605527103798,219.430938885781,0,101.443495235174,99.2646516363145,134.566479261133,0,0,164.032723165762,0,226.825099357786,172.608400267715,112.349934713559,0,0,0,241.57250333243,138.425725342224,195.822649557859,0,0,125.416941482916
0,0,0,0,0,0,198.964527389285,0,0,101.605593487621,0,72.2278283150671,251.098274723989,58.3493451392805,0,0,108.381749703452,0,106.926813611922,186.348837226466,115.541295036174,0,0,0,206.472608421747,0,222.053792850439,0,333.645516435298,0,0,0,0,94.027247878695,139.654362654449,0,135.294330067913,0,0,0,128.405764333981
0,0,241.635434294794,161.325017232684,0,0,125.994729980093,0,0,188.851177466023,72.2278283150671,0,0,78.9559315574845,0,0,0,0,221.805809452716,0,0,191.519780382943,153.609372090384,82.4756938751058,0,0,193.777661225572,67.8267069095267,71.5579325720569,242.790381480436,0,111.435629183184,0,180.90030328818,150.161410108805,280.376028997576,0,119.345624434514,0,85.6072705949986,116.054372245433
0,0,0,0,0,0,0,283.88658203332,0,0,251.098274723989,0,0,0,0,0,0,0,0,0,0,0,0,0,0,0,0,0,82.6426202489162,0,0,0,0,0,0,0,89.707245288964,0,0,120.912756812582,321.124897279917
0,0,0,0,0,0,0,0,0,0,58.3493451392805,78.9559315574845,0,0,0,0,0,0,168.241326865882,167.066576495979,142.054529471577,0,175.196329314064,0,177.763106506206,252.487290983309,73.1029054543569,0,0,0,0,0,0,0,205.839960264176,201.44584889478,106.533627130087,90.1317194604647,0,97.3506957544063,0
0,0,0,84.3635741045246,0,0,0,0,192.135034768848,0,0,0,0,0,0,0,0,0,0,200.878319874537,192.693757128262,0,103.519938150021,62.859596780235,0,0,240.185081663983,113.059176128709,314.611698427915,0,0,0,0,112.793316814908,94.8881692391942,0,0,183.786860782462,0,0,0
0,0,0,0,0,0,0,97.3232815600345,0,0,0,0,0,0,0,0,0,0,0,0,0,0,0,276.620869034647,0,89.9429017381717,0,113.144980278377,92.3502314520023,0,0,0,0,0,192.601533877686,146.99041817625,122.106946855269,0,154.784755881607,112.823430872325,151.075371308616
225.013371621378,0,0,217.157696745803,0,0,0,0,0,169.742003380707,108.381749703452,0,0,0,0,0,0,0,0,0,165.597665022977,0,0,82.1742780037132,0,0,0,120.567029282014,0,0,0,0,0,262.382215657622,0,0,146.465927798921,0,0,306.344527664232,0
0,0,0,0,0,74.4197823064597,0,0,0,0,0,0,0,0,0,0,0,0,0,357.423078228283,0,0,0,0,0,0,0,110.384905066973,195.378266313867,0,0,0,0,172.892533368851,173.201474590904,0,329.719143597451,261.440278806413,146.770754374523,0,0
0,0,0,0,163.945208919892,0,140.574866691684,0,0,0,106.926813611922,221.805809452716,0,168.241326865882,0,0,0,0,0,0,0,0,0,117.208001126138,0,0,0,109.093416850988,0,89.3673883748406,0,259.055025639447,0,0,0,208.005106191961,205.09013266389,0,0,158.567996645797,0
0,0,0,0,325.937289045041,0,163.059043292369,0,0,261.605527103798,186.348837226466,0,0,167.066576495979,200.878319874537,0,0,357.423078228283,0,0,0,115.332064605654,184.249961885477,0,0,0,306.640284138334,224.523755099568,0,0,0,0,161.694997919804,0,231.715271819474,0,232.945974238958,173.001559092555,0,238.934743274142,173.538155409849
0,0,0,0,0,0,0,71.4788760670054,0,219.430938885781,115.541295036174,0,0,142.054529471577,192.693757128262,0,165.597665022977,0,0,0,0,0,0,0,0,0,128.846764897717,106.128596538706,0,0,0,289.631679007608,0,70.4221432298295,0,0,0,179.718364159796,213.67670887414,171.230058197369,0
0,0,0,211.840482897052,0,0,0,0,0,0,0,191.519780382943,0,0,0,0,0,0,0,115.332064605654,0,0,0,0,0,0,0,0,0,0,0,0,0,0,94.126460729827,94.9380989123498,209.996727521564,0,0,82.6299537488922,160.537522273714
0,0,0,0,73.4795582048751,137.239127032733,151.806152521152,0,0,101.443495235174,0,153.609372090384,0,175.196329314064,103.519938150021,0,0,0,0,184.249961885477,0,0,0,158.955087279859,90.7216186966914,0,0,98.417953423071,0,87.8456058929559,0,0,0,139.792601838991,321.864157986053,0,133.984214699576,0,0,0,0
0,0,0,0,0,0,0,0,0,99.2646516363145,0,82.4756938751058,0,0,62.859596780235,276.620869034647,82.1742780037132,0,117.208001126138,0,0,0,158.955087279859,0,0,284.529238481835,206.912707094411,178.748963182352,80.4367166559625,0,0,153.672550905948,125.81518738273,0,196.032358954952,193.659409924573,204.481117647118,0,323.781250289068,180.355266595273,115.194491798135
0,0,0,0,0,0,0,220.963068032256,0,134.566479261133,206.472608421747,0,0,177.763106506206,0,0,0,0,0,0,0,0,90.7216186966914,0,0,0,0,0,0,0,0,0,94.7529894315991,153.453047983244,0,106.33736463831,118.522099274347,0,0,100.812745974529,0
0,0,66.5008477853491,236.681907140956,188.936291522747,94.7280504127031,0,136.685314494491,143.005810983322,0,0,0,0,252.487290983309,0,89.9429017381717,0,0,0,0,0,0,0,284.529238481835,0,0,101.85207633558,194.442125915551,0,219.040656038919,96.5937438588657,0,0,153.876396855887,0,309.997227542691,180.543851962045,335.371040201042,116.176698124939,202.712457066107,353.822894641502
0,263.534399241887,0,137.189596148386,0,181.316358113209,0,320.356811100276,0,0,222.053792850439,193.777661225572,0,73.1029054543569,240.185081663983,0,0,0,0,306.640284138334,128.846764897717,0,0,206.912707094411,0,101.85207633558,0,199.492852797962,0,193.63278243493,0,74.5815074003433,0,124.698445421759,104.369974912428,0,134.960780198024,253.401634605989,0,111.226326353722,0
218.045528847001,93.5029580098427,231.050882209,0,0,228.792310020318,62.311273509377,269.936825670274,173.059382066957,164.032723165762,0,67.8267069095267,0,0,113.059176128709,113.144980278377,120.567029282014,110.384905066973,109.093416850988,224.523755099568,106.128596538706,0,98.417953423071,178.748963182352,0,194.442125915551,199.492852797962,0,0,0,227.504408813069,0,0,154.142998692322,0,283.248188884028,201.100640800745,0,97.5855511246009,155.901486485736,146.814226519809
161.302948562323,0,0,89.1590885155172,0,255.441154257905,154.065933476765,228.075434767255,0,0,333.645516435298,71.5579325720569,82.6426202489162,0,314.611698427915,92.3502314520023,0,195.378266313867,0,0,0,0,0,80.4367166559625,0,0,0,0,0,151.036729364761,0,0,0,135.667029391615,98.6790043377568,186.973586461633,78.8552325762656,124.853650664477,161.74915061469,197.893790332676,224.551207449728
0,0,0,0,0,0,0,0,0,226.825099357786,0,242.790381480436,0,0,0,0,0,0,89.3673883748406,0,0,0,87.8456058929559,0,0,219.040656038919,193.63278243493,0,151.036729364761,0,0,0,0,81.2827395071039,0,104.915316975638,131.969743415579,219.078548227669,0,0,0
0,0,0,0,0,0,0,0,0,172.608400267715,0,0,0,0,0,0,0,0,0,0,0,0,0,0,0,96.5937438588657,0,227.504408813069,0,0,0,0,0,0,0,0,0,142.385058730083,198.528111506785,0,214.116367924649
0,0,0,171.906398392157,196.04190773555,0,101.350815329073,0,0,112.349934713559,0,111.435629183184,0,0,0,0,0,0,259.055025639447,0,289.631679007608,0,0,153.672550905948,0,0,74.5815074003433,0,0,0,0,0,0,0,136.792307586862,0,348.674510760064,0,0,0,0
0,0,0,0,0,0,0,0,0,0,0,0,0,0,0,0,0,0,0,161.694997919804,0,0,0,125.81518738273,94.7529894315991,0,0,0,0,0,0,0,0,0,0,204.084074037941,0,0,0,0,99.3508940827211
0,76.5072790361762,0,96.7845769653343,154.070293657878,114.649126378906,92.5568465385234,345.797434674459,0,0,94.027247878695,180.90030328818,0,0,112.793316814908,0,262.382215657622,172.892533368851,0,0,70.4221432298295,0,139.792601838991,0,153.453047983244,153.876396855887,124.698445421759,154.142998692322,135.667029391615,81.2827395071039,0,0,0,0,137.177378802006,93.4234866874731,95.7590805983148,161.275817184598,148.808626413748,220.901129804706,119.728129215699
0,80.8080171296381,0,0,178.683678585178,98.2230592632363,159.183173818572,250.461724766314,74.7304794244225,0,139.654362654449,150.161410108805,0,205.839960264176,94.8881692391942,192.601533877686,0,173.201474590904,0,231.715271819474,0,94.126460729827,321.864157986053,196.032358954952,0,0,104.369974912428,0,98.6790043377568,0,0,136.792307586862,0,137.177378802006,0,212.592150359921,197.486504603685,249.905610015455,0,114.511014214502,101.895308036513
347.376449530863,0,0,0,0,0,0,0,0,241.57250333243,0,280.376028997576,0,201.44584889478,0,146.99041817625,0,0,208.005106191961,0,0,94.9380989123498,0,193.659409924573,106.33736463831,309.997227542691,0,283.248188884028,186.973586461633,104.915316975638,0,0,204.084074037941,93.4234866874731,212.592150359921,0,139.93285932648,0,193.055010680236,133.218162784108,0
0,85.7623170715703,0,0,151.695570509541,160.530221557972,115.114253591495,0,0,138.425725342224,135.294330067913,0,89.707245288964,106.533627130087,0,122.106946855269,146.465927798921,329.719143597451,205.09013266389,232.945974238958,0,209.996727521564,133.984214699576,204.481117647118,118.522099274347,180.543851962045,134.960780198024,201.100640800745,78.8552325762656,131.969743415579,0,348.674510760064,0,95.7590805983148,197.486504603685,139.93285932648,0,169.453147353278,247.66948903751,108.136066660554,162.833808134102
0,190.185165668632,0,178.224497384947,0,0,0,241.682021696872,187.77054666536,195.822649557859,0,119.345624434514,0,90.1317194604647,183.786860782462,0,0,261.440278806413,0,173.001559092555,179.718364159796,0,0,0,0,335.371040201042,253.401634605989,0,124.853650664477,219.078548227669,142.385058730083,0,0,161.275817184598,249.905610015455,0,169.453147353278,0,0,145.74089716123,0
0,0,0,0,0,249.798812580765,0,115.871357769661,138.33942793804,0,0,0,0,0,0,154.784755881607,0,146.770754374523,0,0,213.67670887414,0,0,323.781250289068,0,116.176698124939,0,97.5855511246009,161.74915061469,0,198.528111506785,0,0,148.808626413748,0,193.055010680236,247.66948903751,0,0,0,174.013630695256
0,0,0,141.204637091722,195.314816908693,101.5853655613,0,61.0664810463559,338.131802716296,0,0,85.6072705949986,120.912756812582,97.3506957544063,0,112.823430872325,306.344527664232,0,158.567996645797,238.934743274142,171.230058197369,82.6299537488922,0,180.355266595273,100.812745974529,202.712457066107,111.226326353722,155.901486485736,197.893790332676,0,0,0,0,220.901129804706,114.511014214502,133.218162784108,108.136066660554,145.74089716123,0,0,0
223.705816669619,0,303.527509149359,0,0,151.01089327964,0,0,92.5207898118833,125.416941482916,128.405764333981,116.054372245433,321.124897279917,0,0,151.075371308616,0,0,0,173.538155409849,0,160.537522273714,0,115.194491798135,0,353.822894641502,0,146.814226519809,224.551207449728,0,214.116367924649,0,99.3508940827211,119.728129215699,101.895308036513,0,162.833808134102,0,174.013630695256,0,0
