0,0,0,0,276.620869034647,0,251.098274723989,0,0,0,0,0,0,0,0,0,159.183173818572,0,0,0,0,0,0,0,0,0,0,0,0,0,0,0,0,0,0,0,0,78.9559315574845,0,154.784755881607,94.7280504127031
0,0,0,0,0,0,0,0,0,0,0,0,0,0,0,0,161.275817184598,0,0,0,0,0,0,0,0,0,146.99041817625,84.3635741045246,70.4221432298295,0,0,0,0,0,0,186.973586461633,98.2230592632363,0,0,0,168.241326865882
0,0,0,0,0,0,0,0,0,0,0,0,0,0,199.492852797962,0,0,0,0,0,0,0,0,0,0,0,178.224497384947,0,0,0,0,138.33942793804,0,0,0,0,114.511014214502,214.116367924649,0,0,0
0,0,0,0,81.9664354533492,0,200.878319874537,0,0,99.3508940827211,0,208.005106191961,0,0,0,0,0,0,0,0,259.055025639447,0,0,87.8456058929559,0,0,0,115.541295036174,0,0,0,0,0,110.384905066973,261.440278806413,0,58.3493451392805,0,242.790381480436,226.825099357786,197.893790332676
276.620869034647,0,0,81.9664354533492,0,0,0,0,0,0,0,0,151.075371308616,139.792601838991,0,142.054529471577,180.543851962045,0,153.609372090384,0,0,0,191.519780382943,0,0,173.059382066957,0,128.846764897717,0,0,0,133.984214699576,0,98.417953423071,217.157696745803,0,0,0,0,97.3232815600345,0
0,0,0,0,0,0,0,92.3502314520023,0,154.142998692322,0,0,0,249.798812580765,0,0,0,0,90.7216186966914,125.994729980093,306.344527664232,0,196.04190773555,0,0,283.248188884028,0,194.442125915551,0,0,0,0,0,263.534399241887,151.01089327964,0,101.5853655613,0,0,241.682021696872,223.705816669619
251.098274723989,0,0,200.878319874537,0,0,0,0,0,253.401634605989,0,0,0,0,0,0,0,101.605593487621,0,0,0,0,74.4197823064597,0,213.67670887414,0,333.645516435298,323.781250289068,0,0,0,0,0,82.6426202489162,0,0,150.161410108805,109.093416850988,0,92.5568465385234,241.57250333243
0,0,0,0,0,92.3502314520023,0,0,0,0,72.2278283150671,197.486504603685,143.005810983322,0,0,231.050882209,0,0,116.176698124939,0,0,0,219.430938885781,0,0,0,193.63278243493,0,133.218162784108,0,0,0,0,154.065933476765,62.859596780235,165.893015276821,205.183249704085,157.852515740516,205.839960264176,0,66.5008477853491
0,0,0,0,0,0,0,0,0,112.349934713559,0,0,0,0,309.997227542691,0,0,0,0,0,0,0,0,169.742003380707,0,188.936291522747,0,161.74915061469,0,0,0,218.045528847001,0,161.325017232684,329.719143597451,289.631679007608,0,0,115.114253591495,151.695570509541,0
0,0,0,99.3508940827211,0,154.142998692322,253.401634605989,0,112.349934713559,0,134.960780198024,119.728129215699,0,0,0,0,120.567029282014,0,139.654362654449,0,0,0,0,204.084074037941,338.131802716296,0,108.381749703452,0,94.027247878695,0,0,0,0,225.013371621378,81.2827395071039,0,82.4756938751058,0,137.239127032733,195.822649557859,136.685314494491
0,0,0,0,0,0,0,72.2278283150671,0,134.960780198024,0,0,111.226326353722,0,90.1317194604647,0,0,0,104.369974912428,0,115.194491798135,0,0,261.605527103798,0,0,345.797434674459,262.382215657622,201.100640800745,0,0,0,0,141.204637091722,73.4795582048751,0,228.075434767255,0,89.707245288964,136.792307586862,94.8881692391942
0,0,0,208.005106191961,0,0,0,197.486504603685,0,119.728129215699,0,0,0,61.0664810463559,106.926813611922,115.868441404982,101.443495235174,0,184.249961885477,192.601533877686,357.423078228283,0,202.712457066107,71.4788760670054,321.124897279917,241.635434294794,0,0,128.405764333981,0,0,0,0,120.912756812582,231.715271819474,0,325.937289045041,82.6299537488922,80.4367166559625,93.4234866874731,0
0,0,0,0,151.075371308616,0,0,143.005810983322,0,0,111.226326353722,0,0,0,0,0,0,162.833808134102,0,0,0,139.93285932648,0,0,0,0,0,0,0,0,0,0,0,0,0,0,0,0,0,0,115.332064605654
0,0,0,0,139.792601838991,249.798812580765,0,0,0,0,0,61.0664810463559,0,0,0,0,0,0,0,124.698445421759,0,0,0,118.522099274347,0,151.036729364761,0,198.964527389285,0,158.567996645797,0,0,0,154.070293657878,173.201474590904,0,227.504408813069,348.674510760064,0,240.185081663983,215.611029055736
0,0,199.492852797962,0,0,0,0,0,309.997227542691,0,90.1317194604647,106.926813611922,0,0,0,0,153.672550905948,0,0,0,0,0,183.786860782462,114.649126378906,0,113.144980278377,0,238.934743274142,0,0,0,0,0,284.529238481835,0,0,178.748963182352,221.805809452716,0,0,0
0,0,0,0,142.054529471577,0,0,231.050882209,0,0,0,115.868441404982,0,0,0,0,0,0,0,0,0,0,0,188.851177466023,314.611698427915,0,0,131.969743415579,155.901486485736,0,0,78.8552325762656,0,0,73.1029054543569,101.895308036513,0,0,0,117.208001126138,0
159.183173818572,161.275817184598,0,0,180.543851962045,0,0,0,0,120.567029282014,0,101.443495235174,0,0,153.672550905948,0,0,0,0,135.294330067913,0,0,0,0,0,0,171.906398392157,0,0,0,0,0,0,0,247.66948903751,0,128.530575464043,0,0,0,0
0,0,0,0,0,0,101.605593487621,0,0,0,0,0,162.833808134102,0,0,0,0,0,0,0,0,0,0,0,100.812745974529,92.5207898118833,0,222.053792850439,224.523755099568,0,0,0,0,0,0,0,220.963068032256,0,0,116.054372245433,142.385058730083
0,0,0,0,153.609372090384,90.7216186966914,0,116.176698124939,0,139.654362654449,104.369974912428,184.249961885477,0,0,0,0,0,0,0,0,0,0,0,0,0,0,0,0,353.822894641502,0,0,0,0,137.189596148386,177.763106506206,140.574866691684,160.537522273714,0,0,138.425725342224,0
0,0,0,0,0,125.994729980093,0,0,0,0,0,192.601533877686,0,124.698445421759,0,0,135.294330067913,0,0,0,173.001559092555,0,146.465927798921,108.136066660554,190.185165668632,224.551207449728,0,125.81518738273,0,75.4497121078207,0,0,153.453047983244,283.88658203332,112.823430872325,0,95.7590805983148,192.693757128262,0,0,101.85207633558
0,0,0,259.055025639447,0,306.344527664232,0,0,0,0,115.194491798135,357.423078228283,0,0,0,0,0,0,0,173.001559092555,0,0,0,0,0,0,104.915316975638,82.1742780037132,179.718364159796,206.472608421747,0,0,0,250.461724766314,0,134.566479261133,0,0,174.013630695256,158.955087279859,0
0,0,0,0,0,0,0,0,0,0,0,0,139.93285932648,0,0,0,0,0,0,0,0,0,96.7845769653343,169.453147353278,0,99.2646516363145,347.376449530863,0,0,0,0,0,0,201.44584889478,97.3506957544063,0,0,0,0,0,178.683678585178
0,0,0,0,191.519780382943,196.04190773555,74.4197823064597,219.430938885781,0,0,0,202.712457066107,0,0,183.786860782462,0,0,0,0,146.465927798921,0,96.7845769653343,0,196.032358954952,0,103.519938150021,85.6072705949986,232.945974238958,112.793316814908,0,0,0,0,0,160.530221557972,0,0,0,0,0,146.814226519809
0,0,0,87.8456058929559,0,0,0,0,169.742003380707,204.084074037941,261.605527103798,71.4788760670054,0,118.522099274347,114.649126378906,188.851177466023,0,0,0,108.136066660554,0,169.453147353278,196.032358954952,0,0,269.936825670274,89.1590885155172,155.24952173131,74.5815074003433,0,0,0,0,193.659409924573,0,0,187.77054666536,85.7623170715703,0,0,111.435629183184
0,0,0,0,0,0,213.67670887414,0,0,338.131802716296,0,321.124897279917,0,0,0,314.611698427915,0,100.812745974529,0,190.185165668632,0,0,0,0,0,0,163.945208919892,195.314816908693,0,0,0,0,0,0,0,0,137.177378802006,0,195.378266313867,0,0
0,0,0,0,173.059382066957,283.248188884028,0,0,188.936291522747,0,0,241.635434294794,0,151.036729364761,113.144980278377,0,0,92.5207898118833,0,224.551207449728,0,99.2646516363145,103.519938150021,269.936825670274,0,0,172.608400267715,145.74089716123,0,192.135034768848,0,113.059176128709,146.770754374523,249.905610015455,181.316358113209,89.9429017381717,0,0,0,0,186.348837226466
0,146.99041817625,178.224497384947,0,0,0,333.645516435298,193.63278243493,0,108.381749703452,345.797434674459,0,0,0,0,0,171.906398392157,0,0,0,104.915316975638,347.376449530863,85.6072705949986,89.1590885155172,163.945208919892,172.608400267715,0,94.7529894315991,173.538155409849,0,0,0,0,119.345624434514,172.892533368851,259.442917595754,321.864157986053,0,0,209.996727521564,0
0,84.3635741045246,0,115.541295036174,128.846764897717,194.442125915551,323.781250289068,0,161.74915061469,0,262.382215657622,0,0,198.964527389285,238.934743274142,131.969743415579,0,222.053792850439,0,125.81518738273,82.1742780037132,0,232.945974238958,155.24952173131,195.314816908693,145.74089716123,94.7529894315991,0,193.055010680236,165.597665022977,89.3673883748406,0,80.8080171296381,0,335.371040201042,252.487290983309,135.667029391615,306.640284138334,0,97.5855511246009,0
0,70.4221432298295,0,0,0,0,0,133.218162784108,0,94.027247878695,201.100640800745,128.405764333981,0,0,0,155.901486485736,0,224.523755099568,353.822894641502,0,179.718364159796,0,112.793316814908,74.5815074003433,0,0,173.538155409849,193.055010680236,0,0,0,171.230058197369,0,106.33736463831,148.808626413748,228.792310020318,219.040656038919,219.078548227669,74.7304794244225,122.106946855269,0
0,0,0,0,0,0,0,0,0,0,0,0,0,158.567996645797,0,0,0,0,0,75.4497121078207,206.472608421747,0,0,0,0,192.135034768848,0,165.597665022977,0,0,0,124.853650664477,0,0,212.592150359921,198.528111506785,204.481117647118,94.9380989123498,0,151.806152521152,0
0,0,0,0,0,0,0,0,0,0,0,0,0,0,0,0,0,0,0,0,0,0,0,0,0,0,0,89.3673883748406,0,0,0,0,0,0,0,175.196329314064,101.350815329073,62.311273509377,125.416941482916,98.6790043377568,0
0,0,138.33942793804,0,133.984214699576,0,0,0,218.045528847001,0,0,0,0,0,0,78.8552325762656,0,0,0,0,0,0,0,0,0,113.059176128709,0,0,171.230058197369,124.853650664477,0,0,0,96.5937438588657,0,0,303.527509149359,193.777661225572,0,0,220.901129804706
0,0,0,0,0,0,0,0,0,0,0,0,0,0,0,0,0,0,0,153.453047983244,0,0,0,0,0,146.770754374523,0,80.8080171296381,0,0,0,0,0,161.302948562323,0,0,205.09013266389,0,0,0,0
0,0,0,110.384905066973,98.417953423071,263.534399241887,82.6426202489162,154.065933476765,161.325017232684,225.013371621378,141.204637091722,120.912756812582,0,154.070293657878,284.529238481835,0,0,0,137.189596148386,283.88658203332,250.461724766314,201.44584889478,0,193.659409924573,0,249.905610015455,119.345624434514,0,106.33736463831,0,0,96.5937438588657,161.302948562323,0,211.840482897052,161.694997919804,180.355266595273,164.032723165762,106.533627130087,0,0
0,0,0,261.440278806413,217.157696745803,151.01089327964,0,62.859596780235,329.719143597451,81.2827395071039,73.4795582048751,231.715271819474,0,173.201474590904,0,73.1029054543569,247.66948903751,0,177.763106506206,112.823430872325,0,97.3506957544063,160.530221557972,0,0,181.316358113209,172.892533368851,335.371040201042,148.808626413748,212.592150359921,0,0,0,211.840482897052,0,93.5029580098427,300.031143529538,0,236.681907140956,153.876396855887,0
0,186.973586461633,0,0,0,0,0,165.893015276821,289.631679007608,0,0,0,0,0,0,101.895308036513,0,0,140.574866691684,0,134.566479261133,0,0,0,0,89.9429017381717,259.442917595754,252.487290983309,228.792310020318,198.528111506785,175.196329314064,0,0,161.694997919804,93.5029580098427,0,67.8267069095267,115.871357769661,167.066576495979,71.5579325720569,320.356811100276
0,98.2230592632363,114.511014214502,58.3493451392805,0,101.5853655613,150.161410108805,205.183249704085,0,82.4756938751058,228.075434767255,325.937289045041,0,227.504408813069,178.748963182352,0,128.530575464043,220.963068032256,160.537522273714,95.7590805983148,0,0,0,187.77054666536,137.177378802006,0,321.864157986053,135.667029391615,219.040656038919,204.481117647118,101.350815329073,303.527509149359,205.09013266389,180.355266595273,300.031143529538,67.8267069095267,0,94.126460729827,0,206.912707094411,280.376028997576
78.9559315574845,0,214.116367924649,0,0,0,109.093416850988,157.852515740516,0,0,0,82.6299537488922,0,348.674510760064,221.805809452716,0,0,0,0,192.693757128262,0,0,0,85.7623170715703,0,0,0,306.640284138334,219.078548227669,94.9380989123498,62.311273509377,193.777661225572,0,164.032723165762,0,115.871357769661,94.126460729827,0,180.90030328818,106.128596538706,76.5072790361762
0,0,0,242.790381480436,0,0,0,205.839960264176,115.114253591495,137.239127032733,89.707245288964,80.4367166559625,0,0,0,0,0,0,0,0,174.013630695256,0,0,0,195.378266313867,0,0,0,74.7304794244225,0,125.416941482916,0,0,106.533627130087,236.681907140956,167.066576495979,0,180.90030328818,0,255.441154257905,0
154.784755881607,0,0,226.825099357786,97.3232815600345,241.682021696872,92.5568465385234,0,151.695570509541,195.822649557859,136.792307586862,93.4234866874731,0,240.185081663983,0,117.208001126138,0,116.054372245433,138.425725342224,0,158.955087279859,0,0,0,0,0,209.996727521564,97.5855511246009,122.106946855269,151.806152521152,98.6790043377568,0,0,0,153.876396855887,71.5579325720569,206.912707094411,106.128596538706,255.441154257905,0,163.059043292369
94.7280504127031,168.241326865882,0,197.893790332676,0,223.705816669619,241.57250333243,66.5008477853491,0,136.685314494491,94.8881692391942,0,115.332064605654,215.611029055736,0,0,0,142.385058730083,0,101.85207633558,0,178.683678585178,146.814226519809,111.435629183184,0,186.348837226466,0,0,0,0,0,220.901129804706,0,0,0,320.356811100276,280.376028997576,76.5072790361762,0,163.059043292369,0
