0,0,0,0,0,0,227.504408813069,0,0,0,0,314.611698427915,0,195.822649557859,0,0,0,0,0,0,111.226326353722,0,0,0,0,0,231.715271819474,280.376028997576,0,0,0,0,0,0,0,0,0,0,0,0,0
0,0,0,0,114.511014214502,0,0,0,0,0,218.045528847001,0,0,0,0,0,0,0,0,0,0,0,0,0,0,0,0,0,178.748963182352,0,201.100640800745,0,0,0,0,0,100.812745974529,225.013371621378,0,249.905610015455,0
0,0,0,0,0,71.4788760670054,0,0,0,0,0,94.7280504127031,0,0,0,0,0,0,0,0,0,0,128.846764897717,0,0,94.9380989123498,0,196.04190773555,0,0,0,0,0,0,0,0,0,0,0,0,0
0,0,0,0,357.423078228283,192.693757128262,0,0,0,0,0,0,0,204.084074037941,161.325017232684,0,0,0,0,135.667029391615,0,0,0,0,0,0,0,118.522099274347,188.936291522747,0,0,0,0,180.355266595273,136.685314494491,153.609372090384,193.777661225572,161.275817184598,0,101.350815329073,0
0,114.511014214502,0,357.423078228283,0,0,0,0,190.185165668632,0,0,0,0,97.3506957544063,0,0,0,0,0,0,98.6790043377568,0,0,0,0,321.864157986053,73.1029054543569,74.7304794244225,0,0,0,0,0,163.059043292369,0,85.7623170715703,115.541295036174,197.893790332676,172.892533368851,0,75.4497121078207
0,0,71.4788760670054,192.693757128262,0,0,76.5072790361762,0,0,0,0,94.027247878695,0,0,0,0,0,0,0,0,0,0,158.567996645797,0,101.605593487621,0,161.74915061469,104.369974912428,261.440278806413,0,0,0,0,80.4367166559625,0,323.781250289068,161.694997919804,0,137.239127032733,0,309.997227542691
227.504408813069,0,0,0,0,76.5072790361762,0,0,131.969743415579,0,220.963068032256,201.44584889478,0,0,0,0,0,0,0,0,0,81.9664354533492,0,283.88658203332,0,0,0,177.763106506206,0,0,0,0,0,94.8881692391942,242.790381480436,0,335.371040201042,0,0,199.492852797962,87.8456058929559
0,0,0,0,0,0,0,0,0,0,262.382215657622,0,0,0,0,195.378266313867,223.705816669619,0,259.055025639447,221.805809452716,106.128596538706,0,0,153.876396855887,345.797434674459,306.344527664232,99.3508940827211,241.635434294794,353.822894641502,0,0,0,0,214.116367924649,146.99041817625,0,125.994729980093,165.893015276821,0,0,0
0,0,0,0,190.185165668632,0,131.969743415579,0,0,0,0,0,0,209.996727521564,0,0,0,0,0,0,0,0,178.224497384947,168.241326865882,0,146.465927798921,0,153.672550905948,0,0,0,0,0,175.196329314064,104.915316975638,0,0,238.934743274142,325.937289045041,0,0
0,0,0,0,0,0,0,0,0,0,0,0,137.177378802006,0,0,348.674510760064,0,250.461724766314,198.528111506785,103.519938150021,119.728129215699,162.833808134102,197.486504603685,173.538155409849,0,106.926813611922,0,120.567029282014,94.7529894315991,222.053792850439,0,0,0,220.901129804706,0,0,74.5815074003433,133.218162784108,0,73.4795582048751,133.984214699576
0,218.045528847001,0,0,0,0,220.963068032256,262.382215657622,0,0,0,0,0,135.294330067913,0,0,138.425725342224,0,119.345624434514,0,0,0,169.742003380707,198.964527389285,0,219.078548227669,140.574866691684,0,0,194.442125915551,0,0,0,0,193.63278243493,0,186.348837226466,110.384905066973,0,151.695570509541,283.248188884028
314.611698427915,0,94.7280504127031,0,0,94.027247878695,201.44584889478,0,0,0,0,0,0,0,116.054372245433,96.7845769653343,0,0,219.040656038919,0,0,0,78.9559315574845,0,241.682021696872,0,211.840482897052,202.712457066107,0,0,101.895308036513,113.144980278377,236.681907140956,148.808626413748,306.640284138334,0,142.054529471577,81.2827395071039,125.416941482916,172.608400267715,154.142998692322
0,0,0,0,0,0,0,0,0,137.177378802006,0,0,0,0,0,0,0,0,180.543851962045,0,0,0,0,0,213.67670887414,0,0,0,158.955087279859,0,0,0,321.124897279917,154.065933476765,0,0,0,0,0,0,0
195.822649557859,0,0,204.084074037941,97.3506957544063,0,0,0,209.996727521564,0,135.294330067913,0,0,0,0,0,0,0,0,164.032723165762,0,97.3232815600345,0,217.157696745803,0,89.3673883748406,0,0,0,0,0,0,0,153.453047983244,0,261.605527103798,128.405764333981,0,115.871357769661,124.853650664477,0
0,0,0,161.325017232684,0,0,0,0,0,0,0,116.054372245433,0,0,0,205.839960264176,0,0,90.1317194604647,212.592150359921,0,187.77054666536,0,0,0,0,183.786860782462,82.6299537488922,82.4756938751058,0,0,347.376449530863,0,0,0,0,160.537522273714,0,0,0,62.859596780235
0,0,0,0,0,0,0,195.378266313867,0,348.674510760064,0,96.7845769653343,0,0,205.839960264176,0,0,0,0,157.852515740516,0,146.770754374523,0,0,0,106.33736463831,89.707245288964,93.4234866874731,0,0,0,0,0,0,134.566479261133,0,94.126460729827,0,0,0,0
0,0,0,0,0,0,0,223.705816669619,0,0,138.425725342224,0,0,0,0,0,0,0,0,108.136066660554,0,0,0,205.183249704085,0,0,0,0,0,0,0,0,0,0,289.631679007608,151.075371308616,163.945208919892,61.0664810463559,0,167.066576495979,232.945974238958
0,0,0,0,0,0,0,0,0,250.461724766314,0,0,0,0,0,0,0,0,93.5029580098427,0,0,0,0,112.823430872325,0,0,0,111.435629183184,0,128.530575464043,0,0,0,184.249961885477,333.645516435298,0,181.316358113209,0,0,115.114253591495,0
0,0,0,0,0,0,0,259.055025639447,0,198.528111506785,119.345624434514,219.040656038919,180.543851962045,0,90.1317194604647,0,0,93.5029580098427,0,0,0,0,0,0,0,0,174.013630695256,0,97.5855511246009,0,0,0,0,0,0,303.527509149359,0,252.487290983309,70.4221432298295,0,0
0,0,0,135.667029391615,0,0,0,221.805809452716,0,103.519938150021,0,0,0,164.032723165762,212.592150359921,157.852515740516,108.136066660554,0,0,0,82.6426202489162,0,0,151.036729364761,0,0,0,139.654362654449,0,0,0,92.3502314520023,0,191.519780382943,241.57250333243,142.385058730083,150.161410108805,0,0,125.81518738273,329.719143597451
111.226326353722,0,0,0,98.6790043377568,0,0,106.128596538706,0,119.728129215699,0,0,0,0,0,0,0,0,0,82.6426202489162,0,0,0,139.792601838991,112.793316814908,98.2230592632363,0,0,0,0,0,0,0,138.33942793804,115.332064605654,0,58.3493451392805,0,155.901486485736,92.5207898118833,0
0,0,0,0,0,0,81.9664354533492,0,0,162.833808134102,0,0,0,97.3232815600345,187.77054666536,146.770754374523,0,0,0,0,0,0,159.183173818572,0,0,0,0,0,0,0,0,0,0,0,0,0,0,0,120.912756812582,146.814226519809,0
0,0,128.846764897717,0,0,158.567996645797,0,0,178.224497384947,197.486504603685,169.742003380707,78.9559315574845,0,0,0,0,0,0,0,0,0,159.183173818572,0,134.960780198024,0,226.825099357786,0,0,193.659409924573,0,0,186.973586461633,0,151.01089327964,99.2646516363145,0,178.683678585178,247.66948903751,0,0,0
0,0,0,0,0,0,283.88658203332,153.876396855887,168.241326865882,173.538155409849,198.964527389285,0,0,217.157696745803,0,0,205.183249704085,112.823430872325,0,151.036729364761,139.792601838991,0,134.960780198024,0,0,0,0,117.208001126138,89.9429017381717,224.551207449728,0,0,0,115.194491798135,0,0,228.075434767255,195.314816908693,173.059382066957,173.201474590904,0
0,0,0,0,0,101.605593487621,0,345.797434674459,0,0,0,241.682021696872,213.67670887414,0,0,0,0,0,0,0,112.793316814908,0,0,0,0,0,95.7590805983148,0,219.430938885781,0,0,0,0,284.529238481835,0,122.106946855269,0,0,0,0,160.530221557972
0,0,94.9380989123498,0,321.864157986053,0,0,306.344527664232,146.465927798921,106.926813611922,219.078548227669,0,0,89.3673883748406,0,106.33736463831,0,0,0,0,98.2230592632363,0,226.825099357786,0,0,0,0,240.185081663983,0,92.5568465385234,0,0,206.472608421747,108.381749703452,101.85207633558,215.611029055736,96.5937438588657,228.792310020318,113.059176128709,0,78.8552325762656
231.715271819474,0,0,0,73.1029054543569,161.74915061469,0,99.3508940827211,0,0,140.574866691684,211.840482897052,0,0,183.786860782462,89.707245288964,0,0,174.013630695256,0,0,0,0,0,95.7590805983148,0,0,151.806152521152,179.718364159796,0,89.1590885155172,224.523755099568,0,0,338.131802716296,192.601533877686,320.356811100276,0,137.189596148386,62.311273509377,139.93285932648
280.376028997576,0,196.04190773555,118.522099274347,74.7304794244225,104.369974912428,177.763106506206,241.635434294794,153.672550905948,120.567029282014,0,202.712457066107,0,0,82.6299537488922,93.4234866874731,0,111.435629183184,0,139.654362654449,0,0,0,117.208001126138,0,240.185081663983,151.806152521152,0,171.906398392157,0,0,161.302948562323,208.005106191961,141.204637091722,143.005810983322,66.5008477853491,85.6072705949986,0,80.8080171296381,253.401634605989,206.912707094411
0,178.748963182352,0,188.936291522747,0,261.440278806413,0,353.822894641502,0,94.7529894315991,0,0,158.955087279859,0,82.4756938751058,0,0,0,97.5855511246009,0,0,0,193.659409924573,89.9429017381717,219.430938885781,0,179.718364159796,171.906398392157,0,82.1742780037132,0,116.176698124939,0,0,192.135034768848,101.443495235174,169.453147353278,98.417953423071,0,115.868441404982,259.442917595754
0,0,0,0,0,0,0,0,0,222.053792850439,194.442125915551,0,0,0,0,0,0,128.530575464043,0,0,0,0,0,224.551207449728,0,92.5568465385234,0,0,82.1742780037132,0,0,0,0,72.2278283150671,71.5579325720569,0,74.4197823064597,0,0,204.481117647118,101.5853655613
0,201.100640800745,0,0,0,0,0,0,0,0,0,101.895308036513,0,0,0,0,0,0,0,0,0,0,0,0,0,0,89.1590885155172,0,0,0,0,84.3635741045246,0,154.784755881607,0,0,0,0,0,255.441154257905,0
0,0,0,0,0,0,0,0,0,0,0,113.144980278377,0,0,347.376449530863,0,0,0,0,92.3502314520023,0,0,186.973586461633,0,0,0,224.523755099568,161.302948562323,116.176698124939,0,84.3635741045246,0,0,0,155.24952173131,165.597665022977,0,0,0,188.851177466023,0
0,0,0,0,0,0,0,0,0,0,0,236.681907140956,321.124897279917,0,0,0,0,0,0,0,0,0,0,0,0,206.472608421747,0,208.005106191961,0,0,0,0,0,0,200.878319874537,0,0,0,0,0,0
0,0,0,180.355266595273,163.059043292369,80.4367166559625,94.8881692391942,214.116367924649,175.196329314064,220.901129804706,0,148.808626413748,154.065933476765,153.453047983244,0,0,0,184.249961885477,0,191.519780382943,138.33942793804,0,151.01089327964,115.194491798135,284.529238481835,108.381749703452,0,141.204637091722,0,72.2278283150671,154.784755881607,0,0,0,145.74089716123,0,109.093416850988,249.798812580765,180.90030328818,136.792307586862,124.698445421759
0,0,0,136.685314494491,0,0,242.790381480436,146.99041817625,104.915316975638,0,193.63278243493,306.640284138334,0,0,0,134.566479261133,289.631679007608,333.645516435298,0,241.57250333243,115.332064605654,0,99.2646516363145,0,0,101.85207633558,338.131802716296,143.005810983322,192.135034768848,71.5579325720569,0,155.24952173131,200.878319874537,145.74089716123,0,154.070293657878,205.09013266389,251.098274723989,0,196.032358954952,263.534399241887
0,0,0,153.609372090384,85.7623170715703,323.781250289068,0,0,0,0,0,0,0,261.605527103798,0,0,151.075371308616,0,303.527509149359,142.385058730083,0,0,0,0,122.106946855269,215.611029055736,192.601533877686,66.5008477853491,101.443495235174,0,0,165.597665022977,0,0,154.070293657878,0,114.649126378906,300.031143529538,193.055010680236,67.8267069095267,269.936825670274
0,100.812745974529,0,193.777661225572,115.541295036174,161.694997919804,335.371040201042,125.994729980093,0,74.5815074003433,186.348837226466,142.054529471577,0,128.405764333981,160.537522273714,94.126460729827,163.945208919892,181.316358113209,0,150.161410108805,58.3493451392805,0,178.683678585178,228.075434767255,0,96.5937438588657,320.356811100276,85.6072705949986,169.453147353278,74.4197823064597,0,0,0,109.093416850988,205.09013266389,114.649126378906,0,173.001559092555,106.533627130087,231.050882209,90.7216186966914
0,225.013371621378,0,161.275817184598,197.893790332676,0,0,165.893015276821,238.934743274142,133.218162784108,110.384905066973,81.2827395071039,0,0,0,0,61.0664810463559,0,252.487290983309,0,0,0,247.66948903751,195.314816908693,0,228.792310020318,0,0,98.417953423071,0,0,0,0,249.798812580765,251.098274723989,300.031143529538,173.001559092555,0,0,112.349934713559,276.620869034647
0,0,0,0,172.892533368851,137.239127032733,0,0,325.937289045041,0,0,125.416941482916,0,115.871357769661,0,0,0,0,70.4221432298295,0,155.901486485736,120.912756812582,0,173.059382066957,0,113.059176128709,137.189596148386,80.8080171296381,0,0,0,0,0,180.90030328818,0,193.055010680236,106.533627130087,0,0,0,0
0,249.905610015455,0,101.350815329073,0,0,199.492852797962,0,0,73.4795582048751,151.695570509541,172.608400267715,0,124.853650664477,0,0,167.066576495979,115.114253591495,0,125.81518738273,92.5207898118833,146.814226519809,0,173.201474590904,0,0,62.311273509377,253.401634605989,115.868441404982,204.481117647118,255.441154257905,188.851177466023,0,136.792307586862,196.032358954952,67.8267069095267,231.050882209,112.349934713559,0,0,171.230058197369
0,0,0,0,75.4497121078207,309.997227542691,87.8456058929559,0,0,133.984214699576,283.248188884028,154.142998692322,0,0,62.859596780235,0,232.945974238958,0,0,329.719143597451,0,0,0,0,160.530221557972,78.8552325762656,139.93285932648,206.912707094411,259.442917595754,101.5853655613,0,0,0,124.698445421759,263.534399241887,269.936825670274,90.7216186966914,276.620869034647,0,171.230058197369,0
