0,0,0,0,0,0,0,0,0,0,0,217.157696745803,0,0,0,0,0,0,136.685314494491,0,0,0,0,0,0,0,0,142.054529471577,263.534399241887,0,0,0,0,269.936825670274,0,0,154.784755881607,0,0,0,0
0,0,0,0,241.635434294794,0,357.423078228283,0,0,0,0,0,0,0,0,0,0,0,0,0,0,0,0,173.538155409849,0,0,201.100640800745,169.453147353278,0,0,0,134.566479261133,0,0,206.472608421747,0,0,0,0,0,0
0,0,0,0,347.376449530863,0,0,0,0,0,0,0,0,0,0,0,0,0,0,94.8881692391942,0,0,0,101.85207633558,0,0,0,0,0,0,0,0,0,0,0,0,325.937289045041,163.059043292369,0,0,0
0,0,0,0,0,0,0,0,0,115.868441404982,0,253.401634605989,0,0,96.7845769653343,0,95.7590805983148,0,0,178.683678585178,113.144980278377,0,0,0,0,128.405764333981,0,183.786860782462,0,93.4234866874731,0,0,0,0,199.492852797962,115.332064605654,242.790381480436,0,94.7529894315991,0,0
0,241.635434294794,347.376449530863,0,0,0,0,154.142998692322,0,173.001559092555,0,0,0,0,0,0,113.059176128709,0,0,0,0,0,101.605593487621,0,0,109.093416850988,0,0,306.640284138334,0,0,192.601533877686,0,193.63278243493,223.705816669619,202.712457066107,0,0,0,112.823430872325,224.523755099568
0,0,0,0,0,0,0,0,0,198.528111506785,0,0,0,0,0,173.059382066957,0,0,231.715271819474,0,0,0,61.0664810463559,300.031143529538,0,0,0,180.355266595273,178.748963182352,0,172.892533368851,0,0,157.852515740516,154.065933476765,87.8456058929559,89.3673883748406,125.81518738273,0,220.963068032256,0
0,357.423078228283,0,0,0,0,0,276.620869034647,96.5937438588657,0,0,75.4497121078207,0,0,0,0,0,99.3508940827211,303.527509149359,0,0,0,0,0,161.275817184598,180.90030328818,0,0,0,0,0,0,0,0,289.631679007608,135.294330067913,214.116367924649,72.2278283150671,0,0,119.728129215699
0,0,0,0,154.142998692322,0,276.620869034647,0,164.032723165762,0,0,0,0,115.114253591495,82.6426202489162,0,128.846764897717,0,0,146.99041817625,0,0,0,0,0,0,206.912707094411,0,0,0,169.742003380707,0,0,73.1029054543569,151.075371308616,0,335.371040201042,78.9559315574845,173.201474590904,74.7304794244225,249.798812580765
0,0,0,0,0,0,96.5937438588657,164.032723165762,0,0,231.050882209,306.344527664232,0,151.806152521152,0,0,0,0,0,0,0,329.719143597451,0,165.597665022977,0,0,138.425725342224,74.5815074003433,0,0,0,0,0,0,171.906398392157,0,0,163.945208919892,0,0,0
0,0,0,115.868441404982,173.001559092555,198.528111506785,0,0,0,0,228.075434767255,0,0,0,0,82.4756938751058,0,101.895308036513,0,0,0,136.792307586862,70.4221432298295,81.9664354533492,0,221.805809452716,0,98.6790043377568,0,162.833808134102,0,0,0,0,108.136066660554,114.649126378906,154.070293657878,0,89.9429017381717,348.674510760064,143.005810983322
0,0,0,0,0,0,0,0,231.050882209,228.075434767255,0,0,0,0,150.161410108805,197.893790332676,195.822649557859,0,0,100.812745974529,74.4197823064597,0,0,0,0,133.984214699576,85.7623170715703,153.672550905948,219.040656038919,0,0,0,0,213.67670887414,58.3493451392805,0,171.230058197369,111.226326353722,0,94.027247878695,0
217.157696745803,0,0,253.401634605989,0,0,75.4497121078207,0,306.344527664232,0,0,0,0,112.793316814908,280.376028997576,0,0,0,195.314816908693,225.013371621378,116.176698124939,309.997227542691,0,134.960780198024,0,0,133.218162784108,151.01089327964,140.574866691684,0,0,0,0,172.608400267715,151.695570509541,241.57250333243,71.4788760670054,94.9380989123498,0,353.822894641502,67.8267069095267
0,0,0,0,0,0,0,0,0,0,0,0,0,0,0,0,0,0,0,0,0,0,0,259.055025639447,0,146.465927798921,0,0,0,0,0,0,0,236.681907140956,122.106946855269,120.567029282014,0,0,0,0,219.430938885781
0,0,0,0,0,0,0,115.114253591495,151.806152521152,0,0,112.793316814908,0,0,0,0,76.5072790361762,0,0,241.682021696872,141.204637091722,198.964527389285,0,0,0,118.522099274347,0,116.054372245433,0,0,0,0,0,73.4795582048751,97.3232815600345,168.241326865882,174.013630695256,0,0,139.93285932648,0
0,0,0,96.7845769653343,0,0,0,82.6426202489162,0,0,150.161410108805,280.376028997576,0,0,0,0,0,104.915316975638,0,0,0,0,323.781250289068,186.973586461633,0,0,112.349934713559,0,0,0,262.382215657622,0,0,0,0,321.124897279917,0,345.797434674459,187.77054666536,0,0
0,0,0,0,0,173.059382066957,0,0,0,82.4756938751058,197.893790332676,0,0,0,0,0,0,0,0,0,0,0,259.442917595754,155.901486485736,0,0,120.912756812582,0,0,0,0,0,94.7280504127031,138.33942793804,0,232.945974238958,89.1590885155172,137.239127032733,0,0,0
0,0,0,95.7590805983148,113.059176128709,0,0,128.846764897717,0,0,195.822649557859,0,0,76.5072790361762,0,0,0,84.3635741045246,0,0,0,0,0,0,0,0,0,106.33736463831,0,0,0,0,0,0,0,0,128.530575464043,0,0,205.839960264176,148.808626413748
0,0,0,0,0,0,99.3508940827211,0,0,101.895308036513,0,0,0,0,104.915316975638,0,84.3635741045246,0,0,66.5008477853491,0,0,115.871357769661,0,0,0,0,0,167.066576495979,0,0,0,62.311273509377,0,0,0,338.131802716296,0,0,0,0
136.685314494491,0,0,0,0,231.715271819474,303.527509149359,0,0,0,0,195.314816908693,0,0,0,0,0,0,0,0,0,0,125.416941482916,204.481117647118,0,0,0,0,115.541295036174,195.378266313867,0,0,0,0,208.005106191961,0,103.519938150021,0,146.814226519809,191.519780382943,0
0,0,94.8881692391942,178.683678585178,0,0,0,146.99041817625,0,0,100.812745974529,225.013371621378,0,241.682021696872,0,0,0,66.5008477853491,0,0,0,192.693757128262,106.533627130087,0,82.6299537488922,0,184.249961885477,106.128596538706,0,135.667029391615,124.853650664477,0,0,0,0,0,0,0,101.443495235174,255.441154257905,186.348837226466
0,0,0,113.144980278377,0,0,0,0,0,0,74.4197823064597,116.176698124939,0,141.204637091722,0,0,0,0,0,0,0,0,0,0,0,0,0,205.183249704085,159.183173818572,160.530221557972,0,0,0,220.901129804706,101.350815329073,0,97.5855511246009,219.078548227669,0,158.567996645797,228.792310020318
0,0,0,0,0,0,0,0,329.719143597451,136.792307586862,0,309.997227542691,0,198.964527389285,0,0,0,0,0,192.693757128262,0,0,0,0,0,314.611698427915,0,0,0,0,0,0,0,188.936291522747,0,0,0,0,0,124.698445421759,0
0,0,0,0,101.605593487621,61.0664810463559,0,0,0,70.4221432298295,0,0,0,0,323.781250289068,259.442917595754,0,115.871357769661,125.416941482916,106.533627130087,0,0,0,0,240.185081663983,0,0,0,0,0,0,0,0,161.302948562323,137.189596148386,249.905610015455,78.8552325762656,165.893015276821,0,196.032358954952,0
0,173.538155409849,101.85207633558,0,0,300.031143529538,0,0,165.597665022977,81.9664354533492,0,134.960780198024,259.055025639447,0,186.973586461633,155.901486485736,0,0,204.481117647118,0,0,0,0,0,93.5029580098427,90.1317194604647,0,212.592150359921,204.084074037941,0,94.126460729827,119.345624434514,0,193.055010680236,0,0,193.777661225572,0,0,80.4367166559625,0
0,0,0,0,0,0,161.275817184598,0,0,0,0,0,0,0,0,0,0,0,0,82.6299537488922,0,0,240.185081663983,93.5029580098427,0,0,0,153.876396855887,153.453047983244,0,0,0,0,92.5568465385234,0,0,142.385058730083,0,0,110.384905066973,224.551207449728
0,0,0,128.405764333981,109.093416850988,0,180.90030328818,0,0,221.805809452716,133.984214699576,0,146.465927798921,118.522099274347,0,0,0,0,0,0,0,314.611698427915,0,90.1317194604647,0,0,250.461724766314,153.609372090384,80.8080171296381,0,0,333.645516435298,0,178.224497384947,193.659409924573,0,252.487290983309,98.417953423071,111.435629183184,98.2230592632363,145.74089716123
0,201.100640800745,0,0,0,0,0,206.912707094411,138.425725342224,0,85.7623170715703,133.218162784108,0,0,112.349934713559,120.912756812582,0,0,0,184.249961885477,0,0,0,0,0,250.461724766314,0,194.442125915551,125.994729980093,0,0,215.611029055736,0,161.74915061469,97.3506957544063,108.381749703452,139.792601838991,188.851177466023,192.135034768848,82.1742780037132,218.045528847001
142.054529471577,169.453147353278,0,183.786860782462,0,180.355266595273,0,0,74.5815074003433,98.6790043377568,153.672550905948,151.01089327964,0,116.054372245433,0,0,106.33736463831,0,0,106.128596538706,205.183249704085,0,0,212.592150359921,153.876396855887,153.609372090384,194.442125915551,0,161.694997919804,101.5853655613,0,211.840482897052,0,197.486504603685,320.356811100276,179.718364159796,321.864157986053,201.44584889478,160.537522273714,81.2827395071039,155.24952173131
263.534399241887,0,0,0,306.640284138334,178.748963182352,0,0,0,0,219.040656038919,140.574866691684,0,0,0,0,0,167.066576495979,115.541295036174,0,159.183173818572,0,0,204.084074037941,153.453047983244,80.8080171296381,125.994729980093,161.694997919804,0,209.996727521564,0,131.969743415579,0,190.185165668632,90.7216186966914,238.934743274142,0,104.369974912428,0,117.208001126138,175.196329314064
0,0,0,93.4234866874731,0,0,0,0,0,162.833808134102,0,0,0,0,0,0,0,0,195.378266313867,135.667029391615,160.530221557972,0,0,0,0,0,0,101.5853655613,209.996727521564,0,0,0,0,251.098274723989,226.825099357786,0,0,0,0,181.316358113209,115.194491798135
0,0,0,0,0,172.892533368851,0,169.742003380707,0,0,0,0,0,0,262.382215657622,0,0,0,0,124.853650664477,0,0,0,94.126460729827,0,0,0,0,0,0,0,0,0,205.09013266389,0,0,0,0,0,0,0
0,134.566479261133,0,0,192.601533877686,0,0,0,0,0,0,0,0,0,0,0,0,0,0,0,0,0,0,119.345624434514,0,333.645516435298,215.611029055736,211.840482897052,131.969743415579,0,0,0,0,0,0,0,71.5579325720569,146.770754374523,0,85.6072705949986,92.5207898118833
0,0,0,0,0,0,0,0,0,0,0,0,0,0,0,94.7280504127031,0,62.311273509377,0,0,0,0,0,0,0,0,0,0,0,0,0,0,0,0,0,0,283.88658203332,0,0,227.504408813069,284.529238481835
269.936825670274,0,0,0,193.63278243493,157.852515740516,0,73.1029054543569,0,0,213.67670887414,172.608400267715,236.681907140956,73.4795582048751,0,138.33942793804,0,0,0,0,220.901129804706,188.936291522747,161.302948562323,193.055010680236,92.5568465385234,178.224497384947,161.74915061469,197.486504603685,190.185165668632,251.098274723989,205.09013266389,0,0,0,139.654362654449,283.248188884028,92.3502314520023,196.04190773555,137.177378802006,247.66948903751,0
0,206.472608421747,0,199.492852797962,223.705816669619,154.065933476765,289.631679007608,151.075371308616,171.906398392157,108.136066660554,58.3493451392805,151.695570509541,122.106946855269,97.3232815600345,0,0,0,0,208.005106191961,0,101.350815329073,0,137.189596148386,0,0,193.659409924573,97.3506957544063,320.356811100276,90.7216186966914,226.825099357786,0,0,0,139.654362654449,0,62.859596780235,200.878319874537,0,222.053792850439,0,106.926813611922
0,0,0,115.332064605654,202.712457066107,87.8456058929559,135.294330067913,0,0,114.649126378906,0,241.57250333243,120.567029282014,168.241326865882,321.124897279917,232.945974238958,0,0,0,0,0,0,249.905610015455,0,0,0,108.381749703452,179.718364159796,238.934743274142,0,0,0,0,283.248188884028,62.859596780235,0,89.707245288964,0,151.036729364761,0,261.440278806413
154.784755881607,0,325.937289045041,242.790381480436,0,89.3673883748406,214.116367924649,335.371040201042,0,154.070293657878,171.230058197369,71.4788760670054,0,174.013630695256,0,89.1590885155172,128.530575464043,338.131802716296,103.519938150021,0,97.5855511246009,0,78.8552325762656,193.777661225572,142.385058730083,252.487290983309,139.792601838991,321.864157986053,0,0,0,71.5579325720569,283.88658203332,92.3502314520023,200.878319874537,89.707245288964,0,99.2646516363145,177.763106506206,261.605527103798,180.543851962045
0,0,163.059043292369,0,0,125.81518738273,72.2278283150671,78.9559315574845,163.945208919892,0,111.226326353722,94.9380989123498,0,0,345.797434674459,137.239127032733,0,0,0,0,219.078548227669,0,165.893015276821,0,0,98.417953423071,188.851177466023,201.44584889478,104.369974912428,0,0,146.770754374523,0,196.04190773555,0,0,99.2646516363145,0,158.955087279859,0,161.325017232684
0,0,0,94.7529894315991,0,0,0,173.201474590904,0,89.9429017381717,0,0,0,0,187.77054666536,0,0,0,146.814226519809,101.443495235174,0,0,0,0,0,111.435629183184,192.135034768848,160.537522273714,0,0,0,0,0,137.177378802006,222.053792850439,151.036729364761,177.763106506206,158.955087279859,0,114.511014214502,0
0,0,0,0,112.823430872325,220.963068032256,0,74.7304794244225,0,348.674510760064,94.027247878695,353.822894641502,0,139.93285932648,0,0,205.839960264176,0,191.519780382943,255.441154257905,158.567996645797,124.698445421759,196.032358954952,80.4367166559625,110.384905066973,98.2230592632363,82.1742780037132,81.2827395071039,117.208001126138,181.316358113209,0,85.6072705949986,227.504408813069,247.66948903751,0,0,261.605527103798,0,114.511014214502,0,0
0,0,0,0,224.523755099568,0,119.728129215699,249.798812580765,0,143.005810983322,0,67.8267069095267,219.430938885781,0,0,0,148.808626413748,0,0,186.348837226466,228.792310020318,0,0,0,224.551207449728,145.74089716123,218.045528847001,155.24952173131,175.196329314064,115.194491798135,0,92.5207898118833,284.529238481835,0,106.926813611922,261.440278806413,180.543851962045,161.325017232684,0,0,0
