0,0,0,0,0,0,0,0,0,0,0,0,0,320.356811100276,0,0,0,0,0,0,0,0,0,0,0,0,0,89.3673883748406,0,0,276.620869034647,0,0,0,134.566479261133,236.681907140956,94.7280504127031,0,0,0,0
0,0,0,0,0,0,205.09013266389,0,0,161.325017232684,0,0,0,0,0,0,0,0,0,0,0,0,0,0,0,0,0,0,0,0,0,0,0,0,76.5072790361762,74.4197823064597,104.915316975638,0,0,153.609372090384,97.3506957544063
0,0,0,0,0,0,0,0,0,0,0,115.871357769661,0,259.055025639447,0,0,241.635434294794,0,0,0,0,0,0,0,0,0,0,101.85207633558,119.345624434514,0,0,0,0,0,0,0,0,0,0,0,0
0,0,0,0,0,0,0,160.537522273714,0,109.093416850988,0,99.2646516363145,0,0,0,0,0,0,0,0,0,0,0,87.8456058929559,238.934743274142,106.33736463831,0,94.8881692391942,124.698445421759,0,0,151.036729364761,0,75.4497121078207,0,0,0,78.8552325762656,160.530221557972,139.654362654449,0
0,0,0,0,0,0,0,0,0,0,0,0,0,0,66.5008477853491,0,0,0,0,0,0,0,98.417953423071,94.126460729827,0,179.718364159796,106.533627130087,195.822649557859,173.059382066957,0,0,0,0,114.511014214502,195.378266313867,227.504408813069,140.574866691684,303.527509149359,171.230058197369,73.4795582048751,0
0,0,0,0,0,0,104.369974912428,74.5815074003433,0,181.316358113209,262.382215657622,241.57250333243,0,0,0,0,0,116.176698124939,0,0,0,0,0,214.116367924649,0,357.423078228283,333.645516435298,98.2230592632363,0,0,154.070293657878,0,0,202.712457066107,0,0,0,0,0,112.823430872325,115.194491798135
0,205.09013266389,0,0,0,104.369974912428,0,167.066576495979,0,186.348837226466,0,0,0,0,94.9380989123498,0,0,89.9429017381717,0,0,0,0,0,0,116.054372245433,345.797434674459,0,0,217.157696745803,0,0,0,0,0,70.4221432298295,0,89.1590885155172,194.442125915551,0,163.945208919892,0
0,0,0,160.537522273714,0,74.5815074003433,167.066576495979,0,0,178.683678585178,134.960780198024,0,0,71.5579325720569,0,0,0,0,0,0,0,0,0,195.314816908693,0,153.672550905948,92.5568465385234,114.649126378906,0,153.876396855887,0,0,0,171.906398392157,135.667029391615,0,120.567029282014,0,111.435629183184,0,90.7216186966914
0,0,0,0,0,0,0,0,0,0,0,0,0,0,128.405764333981,0,0,0,183.786860782462,0,0,0,0,0,0,0,192.693757128262,122.106946855269,215.611029055736,82.4756938751058,0,0,0,241.682021696872,0,0,106.926813611922,0,146.814226519809,206.912707094411,146.99041817625
0,161.325017232684,0,109.093416850988,0,181.316358113209,186.348837226466,178.683678585178,0,0,0,0,0,0,106.128596538706,221.805809452716,0,0,0,213.67670887414,186.973586461633,0,174.013630695256,0,0,261.605527103798,0,125.416941482916,0,0,0,0,0,192.601533877686,178.748963182352,206.472608421747,224.523755099568,0,0,101.605593487621,283.88658203332
0,0,0,0,0,262.382215657622,0,134.960780198024,0,0,0,0,0,141.204637091722,139.93285932648,0,135.294330067913,0,0,92.3502314520023,0,0,0,110.384905066973,212.592150359921,0,94.027247878695,0,247.66948903751,0,0,224.551207449728,0,133.218162784108,0,0,211.840482897052,284.529238481835,0,136.685314494491,82.6299537488922
0,0,115.871357769661,99.2646516363145,0,241.57250333243,0,0,0,0,0,0,259.442917595754,162.833808134102,197.893790332676,112.793316814908,0,98.6790043377568,0,300.031143529538,0,0,261.440278806413,154.065933476765,0,347.376449530863,142.385058730083,180.90030328818,85.7623170715703,321.124897279917,0,0,0,0,131.969743415579,187.77054666536,96.5937438588657,0,0,67.8267069095267,150.161410108805
0,0,0,0,0,0,0,0,0,0,0,259.442917595754,0,0,197.486504603685,0,0,0,0,0,200.878319874537,0,0,0,0,0,0,0,85.6072705949986,0,0,0,0,0,82.6426202489162,151.695570509541,0,0,0,0,0
320.356811100276,0,259.055025639447,0,0,0,0,71.5579325720569,0,0,141.204637091722,162.833808134102,0,0,0,219.078548227669,97.3232815600345,0,0,151.01089327964,0,191.519780382943,158.955087279859,0,0,120.912756812582,0,92.5207898118833,0,0,0,0,0,201.44584889478,0,0,0,0,0,177.763106506206,0
0,0,0,0,66.5008477853491,0,94.9380989123498,0,128.405764333981,106.128596538706,139.93285932648,197.893790332676,197.486504603685,0,0,0,0,0,0,161.694997919804,0,0,0,0,0,136.792307586862,0,0,0,0,0,0,0,0,0,0,133.984214699576,0,119.728129215699,232.945974238958,0
0,0,0,0,0,0,0,0,0,221.805809452716,0,112.793316814908,0,219.078548227669,0,0,0,0,0,180.355266595273,0,0,0,0,0,115.114253591495,0,269.936825670274,0,0,0,0,0,146.465927798921,0,115.541295036174,80.8080171296381,112.349934713559,0,184.249961885477,0
0,0,241.635434294794,0,0,0,0,0,0,0,135.294330067913,0,0,97.3232815600345,0,0,0,0,164.032723165762,0,280.376028997576,0,0,193.63278243493,0,0,0,0,72.2278283150671,0,0,220.963068032256,0,309.997227542691,0,95.7590805983148,0,0,0,0,0
0,0,0,0,0,116.176698124939,89.9429017381717,0,0,0,0,98.6790043377568,0,0,0,0,0,0,0,128.846764897717,0,0,0,0,0,0,101.895308036513,231.715271819474,0,0,0,100.812745974529,0,0,139.792601838991,0,0,0,353.822894641502,0,0
0,0,0,0,0,0,0,0,183.786860782462,0,0,0,0,0,0,0,164.032723165762,0,0,338.131802716296,0,0,0,205.839960264176,0,0,0,249.905610015455,93.4234866874731,142.054529471577,0,0,0,325.937289045041,198.964527389285,103.519938150021,172.892533368851,0,0,0,161.275817184598
0,0,0,0,0,0,0,0,0,213.67670887414,92.3502314520023,300.031143529538,0,151.01089327964,161.694997919804,180.355266595273,0,128.846764897717,338.131802716296,0,169.742003380707,0,188.851177466023,0,0,173.538155409849,0,0,62.859596780235,0,0,71.4788760670054,0,242.790381480436,93.5029580098427,0,0,128.530575464043,0,0,172.608400267715
0,0,0,0,0,0,0,0,0,186.973586461633,0,0,200.878319874537,0,0,0,280.376028997576,0,0,169.742003380707,0,0,0,99.3508940827211,0,0,198.528111506785,158.567996645797,0,0,250.461724766314,0,0,0,263.534399241887,306.344527664232,118.522099274347,0,137.189596148386,226.825099357786,0
0,0,0,0,0,0,0,0,0,0,0,0,0,191.519780382943,0,0,0,0,0,0,0,0,0,0,0,0,94.7529894315991,249.798812580765,0,125.994729980093,0,0,0,329.719143597451,228.792310020318,97.5855511246009,0,193.777661225572,0,0,0
0,0,0,0,98.417953423071,0,0,0,0,174.013630695256,0,261.440278806413,0,158.955087279859,0,0,0,0,0,188.851177466023,0,0,0,81.9664354533492,0,0,0,0,178.224497384947,0,0,0,124.853650664477,188.936291522747,252.487290983309,209.996727521564,289.631679007608,137.177378802006,204.084074037941,58.3493451392805,0
0,0,0,87.8456058929559,94.126460729827,214.116367924649,0,195.314816908693,0,0,110.384905066973,154.065933476765,0,0,0,0,193.63278243493,0,205.839960264176,0,99.3508940827211,0,81.9664354533492,0,0,208.005106191961,74.7304794244225,154.784755881607,0,0,0,231.050882209,0,0,0,0,240.185081663983,222.053792850439,146.770754374523,169.453147353278,255.441154257905
0,0,0,238.934743274142,0,0,116.054372245433,0,0,0,212.592150359921,0,0,0,0,0,0,0,0,0,0,0,0,0,0,125.81518738273,0,0,283.248188884028,228.075434767255,0,0,0,155.24952173131,0,0,80.4367166559625,0,0,161.302948562323,84.3635741045246
0,0,0,106.33736463831,179.718364159796,357.423078228283,345.797434674459,153.672550905948,0,261.605527103798,0,347.376449530863,0,120.912756812582,136.792307586862,115.114253591495,0,0,0,173.538155409849,0,0,0,208.005106191961,125.81518738273,0,251.098274723989,323.781250289068,335.371040201042,0,0,0,0,0,0,113.059176128709,180.543851962045,151.806152521152,0,219.430938885781,0
0,0,0,0,106.533627130087,333.645516435298,0,92.5568465385234,192.693757128262,0,94.027247878695,142.385058730083,0,0,0,0,0,101.895308036513,0,0,198.528111506785,94.7529894315991,0,74.7304794244225,0,251.098274723989,0,108.136066660554,0,0,193.055010680236,0,0,196.032358954952,154.142998692322,0,175.196329314064,314.611698427915,173.201474590904,165.597665022977,143.005810983322
89.3673883748406,0,101.85207633558,94.8881692391942,195.822649557859,98.2230592632363,0,114.649126378906,122.106946855269,125.416941482916,0,180.90030328818,0,92.5207898118833,0,269.936825670274,0,231.715271819474,249.905610015455,0,158.567996645797,249.798812580765,0,154.784755881607,0,323.781250289068,108.136066660554,0,0,0,0,0,161.74915061469,148.808626413748,89.707245288964,157.852515740516,61.0664810463559,163.059043292369,153.453047983244,117.208001126138,101.5853655613
0,0,119.345624434514,124.698445421759,173.059382066957,0,217.157696745803,0,215.611029055736,0,247.66948903751,85.7623170715703,85.6072705949986,0,0,0,72.2278283150671,0,93.4234866874731,62.859596780235,0,0,178.224497384947,0,283.248188884028,335.371040201042,0,0,0,115.868441404982,0,0,0,151.075371308616,220.901129804706,168.241326865882,113.144980278377,0,0,253.401634605989,159.183173818572
0,0,0,0,0,0,0,153.876396855887,82.4756938751058,0,0,321.124897279917,0,0,0,0,0,0,142.054529471577,0,0,125.994729980093,0,0,228.075434767255,0,0,0,115.868441404982,0,0,0,0,62.311273509377,205.183249704085,0,193.659409924573,196.04190773555,0,0,0
276.620869034647,0,0,0,0,154.070293657878,0,0,0,0,0,0,0,0,0,0,0,0,0,0,250.461724766314,0,0,0,0,0,193.055010680236,0,0,0,0,101.443495235174,0,0,0,0,173.001559092555,0,0,0,0
0,0,0,151.036729364761,0,0,0,0,0,0,224.551207449728,0,0,0,0,0,220.963068032256,100.812745974529,0,71.4788760670054,0,0,0,231.050882209,0,0,0,0,0,0,101.443495235174,0,0,108.381749703452,306.640284138334,0,155.901486485736,81.2827395071039,0,0,0
0,0,0,0,0,0,0,0,0,0,0,0,0,0,0,0,0,0,0,0,0,0,124.853650664477,0,0,0,0,161.74915061469,0,0,0,0,0,0,223.705816669619,0,201.100640800745,0,138.425725342224,0,0
0,0,0,75.4497121078207,114.511014214502,202.712457066107,0,171.906398392157,241.682021696872,192.601533877686,133.218162784108,0,0,201.44584889478,0,146.465927798921,309.997227542691,0,325.937289045041,242.790381480436,0,329.719143597451,188.936291522747,0,155.24952173131,0,196.032358954952,148.808626413748,151.075371308616,62.311273509377,0,108.381749703452,0,0,73.1029054543569,321.864157986053,348.674510760064,0,145.74089716123,96.7845769653343,137.239127032733
134.566479261133,76.5072790361762,0,0,195.378266313867,0,70.4221432298295,135.667029391615,0,178.748963182352,0,131.969743415579,82.6426202489162,0,0,0,0,139.792601838991,198.964527389285,93.5029580098427,263.534399241887,228.792310020318,252.487290983309,0,0,0,154.142998692322,89.707245288964,220.901129804706,205.183249704085,0,306.640284138334,223.705816669619,73.1029054543569,0,0,204.481117647118,225.013371621378,0,190.185165668632,111.226326353722
236.681907140956,74.4197823064597,0,0,227.504408813069,0,0,0,0,206.472608421747,0,187.77054666536,151.695570509541,0,0,115.541295036174,95.7590805983148,0,103.519938150021,0,306.344527664232,97.5855511246009,209.996727521564,0,0,113.059176128709,0,157.852515740516,168.241326865882,0,0,0,0,321.864157986053,0,0,78.9559315574845,115.332064605654,0,0,218.045528847001
94.7280504127031,104.915316975638,0,0,140.574866691684,0,89.1590885155172,120.567029282014,106.926813611922,224.523755099568,211.840482897052,96.5937438588657,0,0,133.984214699576,80.8080171296381,0,0,172.892533368851,0,118.522099274347,0,289.631679007608,240.185081663983,80.4367166559625,180.543851962045,175.196329314064,61.0664810463559,113.144980278377,193.659409924573,173.001559092555,155.901486485736,201.100640800745,348.674510760064,204.481117647118,78.9559315574845,0,219.040656038919,0,90.1317194604647,165.893015276821
0,0,0,78.8552325762656,303.527509149359,0,194.442125915551,0,0,0,284.529238481835,0,0,0,0,112.349934713559,0,0,0,128.530575464043,0,193.777661225572,137.177378802006,222.053792850439,0,151.806152521152,314.611698427915,163.059043292369,0,196.04190773555,0,81.2827395071039,0,0,225.013371621378,115.332064605654,219.040656038919,0,101.350815329073,192.135034768848,138.33942793804
0,0,0,160.530221557972,171.230058197369,0,0,111.435629183184,146.814226519809,0,0,0,0,0,119.728129215699,0,0,353.822894641502,0,0,137.189596148386,0,204.084074037941,146.770754374523,0,0,173.201474590904,153.453047983244,0,0,0,0,138.425725342224,145.74089716123,0,0,0,101.350815329073,0,0,82.1742780037132
0,153.609372090384,0,139.654362654449,73.4795582048751,112.823430872325,163.945208919892,0,206.912707094411,101.605593487621,136.685314494491,67.8267069095267,0,177.763106506206,232.945974238958,184.249961885477,0,0,0,0,226.825099357786,0,58.3493451392805,169.453147353278,161.302948562323,219.430938885781,165.597665022977,117.208001126138,253.401634605989,0,0,0,0,96.7845769653343,190.185165668632,0,90.1317194604647,192.135034768848,0,0,199.492852797962
0,97.3506957544063,0,0,0,115.194491798135,0,90.7216186966914,146.99041817625,283.88658203332,82.6299537488922,150.161410108805,0,0,0,0,0,0,161.275817184598,172.608400267715,0,0,0,255.441154257905,84.3635741045246,0,143.005810983322,101.5853655613,159.183173818572,0,0,0,0,137.239127032733,111.226326353722,218.045528847001,165.893015276821,138.33942793804,82.1742780037132,199.492852797962,0
