0,0,0,0,0,0,0,101.350815329073,263.534399241887,0,0,0,0,0,0,0,0,0,0,0,0,0,115.541295036174,0,0,0,226.825099357786,0,0,0,0,0,0,214.116367924649,0,0,0,0,0,240.185081663983,0
0,0,0,0,0,0,0,280.376028997576,0,0,0,0,0,0,0,0,0,0,0,0,0,0,0,0,0,0,0,211.840482897052,82.4756938751058,0,0,0,204.481117647118,0,164.032723165762,0,146.99041817625,0,0,74.7304794244225,0
0,0,0,0,0,0,0,0,269.936825670274,0,0,116.054372245433,0,0,0,0,0,228.075434767255,0,0,0,0,0,151.695570509541,0,284.529238481835,0,0,0,0,0,0,0,0,0,0,0,0,0,0,0
0,0,0,0,0,0,0,0,0,0,128.530575464043,96.7845769653343,0,0,0,89.3673883748406,0,0,180.543851962045,160.537522273714,0,0,0,259.055025639447,0,0,219.040656038919,0,0,94.126460729827,0,0,0,135.294330067913,138.33942793804,0,98.6790043377568,0,81.9664354533492,241.57250333243,0
0,0,0,0,0,0,197.486504603685,0,206.472608421747,0,0,0,0,173.201474590904,153.453047983244,0,0,101.5853655613,104.369974912428,249.905610015455,0,0,0,0,0,137.177378802006,112.793316814908,99.3508940827211,0,0,0,0,0,80.8080171296381,0,241.682021696872,219.078548227669,171.230058197369,0,0,0
0,0,0,0,0,0,0,151.075371308616,0,283.88658203332,0,232.945974238958,0,321.124897279917,345.797434674459,192.693757128262,0,0,0,153.672550905948,0,0,151.01089327964,0,92.5207898118833,159.183173818572,0,0,212.592150359921,0,0,0,0,0,198.964527389285,0,94.7280504127031,0,0,61.0664810463559,0
0,0,0,0,197.486504603685,0,0,0,0,0,250.461724766314,115.194491798135,0,0,0,0,0,0,0,0,118.522099274347,0,139.93285932648,0,0,205.09013266389,0,96.5937438588657,192.601533877686,0,0,0,155.901486485736,0,348.674510760064,201.100640800745,113.144980278377,0,62.311273509377,0,0
101.350815329073,280.376028997576,0,0,0,151.075371308616,0,0,101.895308036513,0,0,0,0,0,0,0,0,0,0,165.893015276821,0,0,321.864157986053,0,0,136.792307586862,259.442917595754,231.715271819474,120.912756812582,205.839960264176,0,0,0,0,90.1317194604647,309.997227542691,154.065933476765,0,0,153.876396855887,205.183249704085
263.534399241887,0,269.936825670274,0,206.472608421747,0,0,101.895308036513,0,0,0,0,0,161.325017232684,0,0,0,0,128.405764333981,0,0,0,0,0,0,0,0,222.053792850439,261.605527103798,0,0,0,0,195.314816908693,0,0,193.777661225572,0,0,0,224.523755099568
0,0,0,0,0,283.88658203332,0,0,0,0,140.574866691684,300.031143529538,0,206.912707094411,0,217.157696745803,124.853650664477,0,92.5568465385234,0,0,0,171.906398392157,0,0,110.384905066973,0,173.538155409849,0,195.378266313867,0,0,153.609372090384,0,0,101.85207633558,112.823430872325,106.128596538706,169.453147353278,158.567996645797,135.667029391615
0,0,0,128.530575464043,0,0,250.461724766314,0,0,140.574866691684,0,0,106.926813611922,0,0,0,0,0,161.694997919804,0,173.059382066957,0,0,0,0,220.901129804706,227.504408813069,0,178.683678585178,0,0,0,303.527509149359,97.5855511246009,0,76.5072790361762,197.893790332676,115.871357769661,188.851177466023,109.093416850988,0
0,0,116.054372245433,96.7845769653343,0,232.945974238958,115.194491798135,0,0,300.031143529538,0,0,0,0,0,163.059043292369,0,0,0,101.443495235174,0,0,0,276.620869034647,187.77054666536,195.822649557859,94.7529894315991,103.519938150021,136.685314494491,357.423078228283,0,93.4234866874731,0,320.356811100276,92.3502314520023,0,186.973586461633,213.67670887414,0,241.635434294794,101.605593487621
0,0,0,0,0,0,0,0,0,0,106.926813611922,0,0,97.3232815600345,0,0,0,0,0,0,70.4221432298295,0,0,0,0,0,224.551207449728,0,0,0,0,82.6299537488922,0,191.519780382943,0,0,0,0,0,0,0
0,0,0,0,173.201474590904,321.124897279917,0,0,161.325017232684,206.912707094411,0,0,97.3232815600345,0,0,0,0,0,0,0,0,188.936291522747,180.355266595273,142.054529471577,0,0,0,119.345624434514,0,0,0,0,0,0,115.114253591495,0,252.487290983309,219.430938885781,0,146.770754374523,179.718364159796
0,0,0,0,153.453047983244,345.797434674459,0,0,0,0,0,0,0,0,0,0,0,0,0,146.814226519809,0,114.511014214502,0,0,62.859596780235,0,85.6072705949986,196.032358954952,0,0,0,0,0,165.597665022977,353.822894641502,0,201.44584889478,198.528111506785,0,154.784755881607,0
0,0,0,89.3673883748406,0,192.693757128262,0,0,0,217.157696745803,0,163.059043292369,0,0,0,0,0,89.1590885155172,0,0,177.763106506206,0,0,193.055010680236,0,0,0,0,157.852515740516,236.681907140956,0,0,0,0,0,94.9380989123498,0,0,0,151.806152521152,0
0,0,0,0,0,0,0,0,0,124.853650664477,0,0,0,0,0,0,0,0,0,0,139.792601838991,0,0,0,0,329.719143597451,0,85.7623170715703,0,0,0,0,0,74.5815074003433,169.742003380707,0,73.1029054543569,0,108.136066660554,114.649126378906,72.2278283150671
0,0,228.075434767255,0,101.5853655613,0,0,0,0,0,0,0,0,0,0,89.1590885155172,0,0,0,133.218162784108,0,0,0,0,0,0,104.915316975638,0,0,0,0,0,0,125.994729980093,99.2646516363145,0,0,84.3635741045246,0,0,58.3493451392805
0,0,0,180.543851962045,104.369974912428,0,0,0,128.405764333981,92.5568465385234,161.694997919804,0,0,0,0,0,0,0,0,93.5029580098427,0,0,0,0,0,0,323.781250289068,208.005106191961,0,0,0,0,0,108.381749703452,155.24952173131,0,0,0,0,255.441154257905,223.705816669619
0,0,0,160.537522273714,249.905610015455,153.672550905948,0,165.893015276821,0,0,0,101.443495235174,0,0,146.814226519809,0,0,133.218162784108,93.5029580098427,0,0,0,192.135034768848,228.792310020318,0,0,75.4497121078207,71.5579325720569,0,0,0,174.013630695256,0,251.098274723989,90.7216186966914,74.4197823064597,242.790381480436,0,0,0,0
0,0,0,0,0,0,118.522099274347,0,0,0,173.059382066957,0,70.4221432298295,0,0,177.763106506206,139.792601838991,0,0,0,0,0,0,0,0,193.63278243493,0,113.059176128709,0,0,0,0,0,200.878319874537,0,0,172.892533368851,78.9559315574845,162.833808134102,333.645516435298,94.027247878695
0,0,0,0,0,0,0,0,0,0,0,0,0,188.936291522747,114.511014214502,0,0,0,0,0,0,0,89.707245288964,0,0,0,0,221.805809452716,138.425725342224,0,0,0,0,0,167.066576495979,0,0,0,0,81.2827395071039,161.74915061469
115.541295036174,0,0,0,0,151.01089327964,139.93285932648,321.864157986053,0,171.906398392157,0,0,0,180.355266595273,0,0,0,0,0,192.135034768848,0,89.707245288964,0,116.176698124939,0,0,0,289.631679007608,0,0,0,0,0,163.945208919892,202.712457066107,146.465927798921,115.868441404982,0,193.659409924573,0,0
0,0,151.695570509541,259.055025639447,0,0,0,0,0,0,0,276.620869034647,0,142.054529471577,0,193.055010680236,0,0,0,228.792310020318,0,0,116.176698124939,0,306.344527664232,82.6426202489162,168.241326865882,335.371040201042,66.5008477853491,0,0,67.8267069095267,0,180.90030328818,0,190.185165668632,133.984214699576,124.698445421759,0,238.934743274142,196.04190773555
0,0,0,0,0,92.5207898118833,0,0,0,0,0,187.77054666536,0,0,62.859596780235,0,0,0,0,0,0,0,0,306.344527664232,0,0,0,125.416941482916,78.8552325762656,0,0,0,141.204637091722,0,283.248188884028,0,142.385058730083,125.81518738273,0,0,0
0,0,284.529238481835,0,137.177378802006,159.183173818572,205.09013266389,136.792307586862,0,110.384905066973,220.901129804706,195.822649557859,0,0,0,0,329.719143597451,0,0,0,193.63278243493,0,0,82.6426202489162,0,0,0,186.348837226466,218.045528847001,94.8881692391942,253.401634605989,172.608400267715,0,0,161.275817184598,0,0,199.492852797962,158.955087279859,0,119.728129215699
226.825099357786,0,0,219.040656038919,112.793316814908,0,0,259.442917595754,0,0,227.504408813069,94.7529894315991,224.551207449728,0,85.6072705949986,0,0,104.915316975638,323.781250289068,75.4497121078207,0,0,0,168.241326865882,0,0,0,139.654362654449,97.3506957544063,0,0,0,0,231.050882209,220.963068032256,347.376449530863,204.084074037941,0,73.4795582048751,0,145.74089716123
0,211.840482897052,0,0,99.3508940827211,0,96.5937438588657,231.715271819474,222.053792850439,173.538155409849,0,103.519938150021,0,119.345624434514,196.032358954952,0,85.7623170715703,0,208.005106191961,71.5579325720569,113.059176128709,221.805809452716,289.631679007608,335.371040201042,125.416941482916,186.348837226466,139.654362654449,0,306.640284138334,122.106946855269,0,0,0,148.808626413748,262.382215657622,175.196329314064,134.960780198024,0,247.66948903751,0,314.611698427915
0,82.4756938751058,0,0,0,212.592150359921,192.601533877686,120.912756812582,261.605527103798,0,178.683678585178,136.685314494491,0,0,0,157.852515740516,0,0,0,0,0,138.425725342224,0,66.5008477853491,78.8552325762656,218.045528847001,97.3506957544063,306.640284138334,0,0,120.567029282014,0,0,0,194.442125915551,131.969743415579,183.786860782462,111.435629183184,0,184.249961885477,154.142998692322
0,0,0,94.126460729827,0,0,0,205.839960264176,0,195.378266313867,0,357.423078228283,0,0,0,236.681907140956,0,0,0,0,0,0,0,0,0,94.8881692391942,0,122.106946855269,0,0,0,0,0,0,209.996727521564,154.070293657878,160.530221557972,0,161.302948562323,0,0
0,0,0,0,0,0,0,0,0,0,0,0,0,0,0,0,0,0,0,0,0,0,0,0,0,253.401634605989,0,0,120.567029282014,0,0,89.9429017381717,0,106.533627130087,0,178.224497384947,181.316358113209,0,0,0,0
0,0,0,0,0,0,0,0,0,0,0,93.4234866874731,82.6299537488922,0,0,0,0,0,0,174.013630695256,0,0,0,67.8267069095267,0,172.608400267715,0,0,0,0,89.9429017381717,0,0,98.2230592632363,0,0,128.846764897717,98.417953423071,0,82.1742780037132,215.611029055736
0,204.481117647118,0,0,0,0,155.901486485736,0,0,153.609372090384,303.527509149359,0,0,0,0,0,0,0,0,0,0,0,0,0,141.204637091722,0,0,0,0,0,0,0,0,0,0,0,0,0,0,0,0
214.116367924649,0,0,135.294330067913,80.8080171296381,0,0,0,195.314816908693,0,97.5855511246009,320.356811100276,191.519780382943,0,165.597665022977,0,74.5815074003433,125.994729980093,108.381749703452,251.098274723989,200.878319874537,0,163.945208919892,180.90030328818,0,0,231.050882209,148.808626413748,0,0,106.533627130087,98.2230592632363,0,0,71.4788760670054,115.332064605654,325.937289045041,173.001559092555,134.566479261133,261.440278806413,117.208001126138
0,164.032723165762,0,138.33942793804,0,198.964527389285,348.674510760064,90.1317194604647,0,0,0,92.3502314520023,0,115.114253591495,353.822894641502,0,169.742003380707,99.2646516363145,155.24952173131,90.7216186966914,0,167.066576495979,202.712457066107,0,283.248188884028,161.275817184598,220.963068032256,262.382215657622,194.442125915551,209.996727521564,0,0,0,71.4788760670054,0,0,150.161410108805,111.226326353722,0,106.33736463831,112.349934713559
0,0,0,0,241.682021696872,0,201.100640800745,309.997227542691,0,101.85207633558,76.5072790361762,0,0,0,0,94.9380989123498,0,0,0,74.4197823064597,0,0,146.465927798921,190.185165668632,0,0,347.376449530863,175.196329314064,131.969743415579,154.070293657878,178.224497384947,0,0,115.332064605654,0,0,143.005810983322,100.812745974529,0,225.013371621378,137.189596148386
0,146.99041817625,0,98.6790043377568,219.078548227669,94.7280504127031,113.144980278377,154.065933476765,193.777661225572,112.823430872325,197.893790332676,186.973586461633,0,252.487290983309,201.44584889478,0,73.1029054543569,0,0,242.790381480436,172.892533368851,0,115.868441404982,133.984214699576,142.385058730083,0,204.084074037941,134.960780198024,183.786860782462,160.530221557972,181.316358113209,128.846764897717,0,325.937289045041,150.161410108805,143.005810983322,0,80.4367166559625,151.036729364761,249.798812580765,0
0,0,0,0,171.230058197369,0,0,0,0,106.128596538706,115.871357769661,213.67670887414,0,219.430938885781,198.528111506785,0,0,84.3635741045246,0,0,78.9559315574845,0,0,124.698445421759,125.81518738273,199.492852797962,0,0,111.435629183184,0,0,98.417953423071,0,173.001559092555,111.226326353722,100.812745974529,80.4367166559625,0,95.7590805983148,87.8456058929559,137.239127032733
0,0,0,81.9664354533492,0,0,62.311273509377,0,0,169.453147353278,188.851177466023,0,0,0,0,0,108.136066660554,0,0,0,162.833808134102,0,193.659409924573,0,0,158.955087279859,73.4795582048751,247.66948903751,0,161.302948562323,0,0,0,134.566479261133,0,0,151.036729364761,95.7590805983148,0,338.131802716296,0
240.185081663983,74.7304794244225,0,241.57250333243,0,61.0664810463559,0,153.876396855887,0,158.567996645797,109.093416850988,241.635434294794,0,146.770754374523,154.784755881607,151.806152521152,114.649126378906,0,255.441154257905,0,333.645516435298,81.2827395071039,0,238.934743274142,0,0,0,0,184.249961885477,0,0,82.1742780037132,0,261.440278806413,106.33736463831,225.013371621378,249.798812580765,87.8456058929559,338.131802716296,0,178.748963182352
0,0,0,0,0,0,0,205.183249704085,224.523755099568,135.667029391615,0,101.605593487621,0,179.718364159796,0,0,72.2278283150671,58.3493451392805,223.705816669619,0,94.027247878695,161.74915061469,0,196.04190773555,0,119.728129215699,145.74089716123,314.611698427915,154.142998692322,0,0,215.611029055736,0,117.208001126138,112.349934713559,137.189596148386,0,137.239127032733,0,178.748963182352,0
