0,0,0,0,0,0,0,0,0,0,0,0,0,0,197.893790332676,0,0,0,0,0,0,0,0,0,195.314816908693,0,0,0,0,0,212.592150359921,0,186.973586461633,94.7529894315991,158.955087279859,0,0,0,0,0,0
0,0,0,0,0,0,261.440278806413,224.551207449728,0,0,0,0,0,0,0,0,0,0,0,0,0,0,0,0,0,58.3493451392805,0,309.997227542691,0,0,0,0,0,219.040656038919,178.683678585178,0,135.294330067913,0,0,0,0
0,0,0,0,0,0,0,252.487290983309,0,0,0,0,0,0,84.3635741045246,0,0,0,0,0,0,0,0,74.7304794244225,0,120.912756812582,0,0,0,0,0,0,0,0,0,0,0,0,0,180.543851962045,0
0,0,0,0,0,0,0,151.806152521152,0,0,0,153.453047983244,171.906398392157,94.9380989123498,0,0,0,0,0,0,0,338.131802716296,0,0,0,0,0,113.144980278377,116.054372245433,250.461724766314,0,0,0,0,0,90.1317194604647,0,85.6072705949986,101.443495235174,161.302948562323,353.822894641502
0,0,0,0,0,191.519780382943,0,0,0,0,137.239127032733,96.7845769653343,0,0,151.036729364761,0,0,0,0,0,0,0,0,218.045528847001,213.67670887414,0,0,224.523755099568,119.345624434514,0,0,133.984214699576,0,111.435629183184,109.093416850988,0,99.2646516363145,193.659409924573,0,146.99041817625,0
0,0,0,0,191.519780382943,0,74.5815074003433,0,0,154.070293657878,0,115.541295036174,0,0,0,253.401634605989,0,0,0,0,0,0,0,232.945974238958,0,0,139.93285932648,201.44584889478,0,314.611698427915,0,231.715271819474,159.183173818572,306.344527664232,0,0,164.032723165762,0,155.24952173131,0,0
0,261.440278806413,0,0,0,74.5815074003433,0,113.059176128709,163.059043292369,0,0,98.417953423071,0,0,0,0,0,0,0,137.189596148386,0,0,0,106.33736463831,0,0,73.4795582048751,0,0,0,0,0,0,276.620869034647,249.798812580765,0,81.2827395071039,172.892533368851,0,0,78.8552325762656
0,224.551207449728,252.487290983309,151.806152521152,0,0,113.059176128709,0,0,0,122.106946855269,0,124.698445421759,0,0,0,0,0,0,0,146.465927798921,0,165.893015276821,0,0,0,101.895308036513,0,263.534399241887,0,93.5029580098427,0,0,0,221.805809452716,134.960780198024,198.528111506785,321.124897279917,0,0,306.640284138334
0,0,0,0,0,0,163.059043292369,0,0,0,98.6790043377568,204.084074037941,335.371040201042,0,0,0,0,0,0,142.385058730083,0,0,0,0,0,0,71.5579325720569,154.065933476765,155.901486485736,0,0,0,0,0,0,0,206.912707094411,0,0,125.81518738273,141.204637091722
0,0,0,0,0,154.070293657878,0,0,0,0,251.098274723989,112.823430872325,139.654362654449,0,0,0,205.09013266389,0,114.511014214502,0,283.248188884028,0,146.770754374523,0,0,0,134.566479261133,153.672550905948,259.055025639447,195.378266313867,0,214.116367924649,0,201.100640800745,89.707245288964,0,111.226326353722,0,140.574866691684,0,139.792601838991
0,0,0,0,137.239127032733,0,0,122.106946855269,98.6790043377568,251.098274723989,0,0,0,145.74089716123,193.777661225572,75.4497121078207,173.201474590904,0,0,0,0,0,0,0,0,0,82.6299537488922,0,0,0,0,0,0,160.530221557972,169.453147353278,187.77054666536,89.3673883748406,154.142998692322,101.350815329073,198.964527389285,0
0,0,0,153.453047983244,96.7845769653343,115.541295036174,98.417953423071,0,204.084074037941,112.823430872325,0,0,0,153.876396855887,0,0,223.705816669619,0,0,116.176698124939,347.376449530863,0,0,193.055010680236,0,197.486504603685,345.797434674459,131.969743415579,220.901129804706,0,0,0,85.7623170715703,228.075434767255,0,82.1742780037132,173.059382066957,0,0,163.945208919892,94.7280504127031
0,0,0,171.906398392157,0,0,0,124.698445421759,335.371040201042,139.654362654449,0,0,0,0,0,161.694997919804,0,0,0,0,0,0,162.833808134102,0,0,0,0,0,0,0,0,0,0,0,0,0,0,0,0,0,0
0,0,0,94.9380989123498,0,0,0,0,0,0,145.74089716123,153.876396855887,0,0,0,0,0,0,72.2278283150671,0,0,133.218162784108,0,0,0,161.325017232684,0,180.355266595273,261.605527103798,0,0,158.567996645797,0,146.814226519809,67.8267069095267,0,125.994729980093,0,0,205.183249704085,106.128596538706
197.893790332676,0,84.3635741045246,0,151.036729364761,0,0,0,0,0,193.777661225572,0,0,0,0,0,0,0,0,61.0664810463559,0,0,160.537522273714,0,0,0,0,80.8080171296381,0,0,0,0,0,195.822649557859,202.712457066107,73.1029054543569,92.3502314520023,0,0,192.693757128262,0
0,0,0,0,0,253.401634605989,0,0,0,0,75.4497121078207,0,161.694997919804,0,0,0,0,136.792307586862,0,0,0,0,0,115.114253591495,0,0,0,222.053792850439,0,0,0,0,0,128.846764897717,0,238.934743274142,193.63278243493,0,74.4197823064597,0,115.868441404982
0,0,0,0,0,0,0,0,0,205.09013266389,173.201474590904,223.705816669619,0,0,0,0,0,0,0,0,0,0,219.078548227669,178.748963182352,0,175.196329314064,0,92.5207898118833,124.853650664477,0,0,0,0,0,151.01089327964,0,0,0,0,0,112.793316814908
0,0,0,0,0,0,0,0,0,0,0,0,0,0,0,136.792307586862,0,0,0,0,76.5072790361762,0,0,0,0,226.825099357786,255.441154257905,0,211.840482897052,0,0,0,0,0,259.442917595754,82.6426202489162,168.241326865882,174.013630695256,0,0,0
0,0,0,0,0,0,0,0,0,114.511014214502,0,0,0,72.2278283150671,0,0,0,0,0,115.194491798135,0,0,125.416941482916,0,0,137.177378802006,0,269.936825670274,97.3232815600345,0,0,0,0,70.4221432298295,136.685314494491,178.224497384947,228.792310020318,220.963068032256,0,0,0
0,0,0,0,0,0,137.189596148386,0,142.385058730083,0,0,116.176698124939,0,0,61.0664810463559,0,0,0,115.194491798135,0,0,0,0,0,192.601533877686,0,241.682021696872,96.5937438588657,283.88658203332,0,94.027247878695,0,0,0,98.2230592632363,165.597665022977,206.472608421747,219.430938885781,143.005810983322,78.9559315574845,97.3506957544063
0,0,0,0,0,0,0,146.465927798921,0,283.248188884028,0,347.376449530863,0,0,0,0,0,76.5072790361762,0,0,0,0,118.522099274347,120.567029282014,0,0,262.382215657622,0,0,184.249961885477,0,100.812745974529,0,0,179.718364159796,0,115.332064605654,0,0,196.032358954952,227.504408813069
0,0,0,338.131802716296,0,0,0,0,0,0,0,0,0,133.218162784108,0,0,0,0,0,0,0,0,0,348.674510760064,0,0,0,104.369974912428,153.609372090384,0,0,0,0,325.937289045041,0,0,217.157696745803,0,0,161.74915061469,0
0,0,0,0,0,0,0,165.893015276821,0,146.770754374523,0,0,162.833808134102,0,160.537522273714,0,219.078548227669,0,125.416941482916,0,118.522099274347,0,0,300.031143529538,0,280.376028997576,0,148.808626413748,0,0,0,0,0,115.871357769661,97.5855511246009,173.001559092555,289.631679007608,92.5568465385234,0,0,0
0,0,74.7304794244225,0,218.045528847001,232.945974238958,106.33736463831,0,0,0,0,193.055010680236,0,0,0,115.114253591495,178.748963182352,0,0,0,120.567029282014,348.674510760064,300.031143529538,0,188.851177466023,104.915316975638,0,101.85207633558,0,117.208001126138,94.8881692391942,0,0,321.864157986053,0,181.316358113209,0,0,103.519938150021,194.442125915551,0
195.314816908693,0,0,0,213.67670887414,0,0,0,0,0,0,0,0,0,0,0,0,0,0,192.601533877686,0,0,0,188.851177466023,0,188.936291522747,62.311273509377,0,0,0,0,0,0,151.695570509541,0,0,241.635434294794,119.728129215699,0,101.605593487621,0
0,58.3493451392805,120.912756812582,0,0,0,0,0,0,0,0,197.486504603685,0,161.325017232684,0,0,175.196329314064,226.825099357786,137.177378802006,0,0,0,280.376028997576,104.915316975638,188.936291522747,0,106.533627130087,303.527509149359,0,183.786860782462,240.185081663983,171.230058197369,0,0,71.4788760670054,200.878319874537,161.275817184598,0,0,284.529238481835,172.608400267715
0,0,0,0,0,139.93285932648,73.4795582048751,101.895308036513,71.5579325720569,134.566479261133,82.6299537488922,345.797434674459,0,0,0,0,0,255.441154257905,0,241.682021696872,262.382215657622,0,0,0,62.311273509377,106.533627130087,0,112.349934713559,0,114.649126378906,0,0,0,323.781250289068,205.839960264176,0,0,90.7216186966914,106.926813611922,177.763106506206,150.161410108805
0,309.997227542691,0,113.144980278377,224.523755099568,201.44584889478,0,0,154.065933476765,153.672550905948,0,131.969743415579,0,180.355266595273,80.8080171296381,222.053792850439,92.5207898118833,0,269.936825670274,96.5937438588657,0,104.369974912428,148.808626413748,101.85207633558,0,303.527509149359,112.349934713559,0,154.784755881607,0,0,242.790381480436,0,0,204.481117647118,110.384905066973,249.905610015455,82.4756938751058,87.8456058929559,138.33942793804,101.5853655613
0,0,0,116.054372245433,119.345624434514,0,0,263.534399241887,155.901486485736,259.055025639447,0,220.901129804706,0,261.605527103798,0,0,124.853650664477,211.840482897052,97.3232815600345,283.88658203332,0,153.609372090384,0,0,0,0,0,154.784755881607,0,0,0,0,0,167.066576495979,108.381749703452,192.135034768848,151.075371308616,128.530575464043,241.57250333243,357.423078228283,247.66948903751
0,0,0,250.461724766314,0,314.611698427915,0,0,0,195.378266313867,0,0,0,0,0,0,0,0,0,0,184.249961885477,0,0,117.208001126138,0,183.786860782462,114.649126378906,0,0,0,0,0,0,196.04190773555,0,0,142.054529471577,0,0,157.852515740516,320.356811100276
212.592150359921,0,0,0,0,0,0,93.5029580098427,0,0,0,0,0,0,0,0,0,0,0,94.027247878695,0,0,0,94.8881692391942,0,240.185081663983,0,0,0,0,0,0,0,0,0,0,0,0,0,329.719143597451,0
0,0,0,0,133.984214699576,231.715271819474,0,0,0,214.116367924649,0,0,0,158.567996645797,0,0,0,0,0,0,100.812745974529,0,0,0,0,171.230058197369,0,242.790381480436,0,0,0,0,0,236.681907140956,209.996727521564,0,89.1590885155172,0,0,89.9429017381717,0
186.973586461633,0,0,0,0,159.183173818572,0,0,0,0,0,85.7623170715703,0,0,0,0,0,0,0,0,0,0,0,0,0,0,0,0,0,0,0,0,0,0,0,0,180.90030328818,93.4234866874731,0,0,0
94.7529894315991,219.040656038919,0,0,111.435629183184,306.344527664232,276.620869034647,0,0,201.100640800745,160.530221557972,228.075434767255,0,146.814226519809,195.822649557859,128.846764897717,0,0,70.4221432298295,0,0,325.937289045041,115.871357769661,321.864157986053,151.695570509541,0,323.781250289068,0,167.066576495979,196.04190773555,0,236.681907140956,0,0,231.050882209,0,169.742003380707,135.667029391615,81.9664354533492,138.425725342224,80.4367166559625
158.955087279859,178.683678585178,0,0,109.093416850988,0,249.798812580765,221.805809452716,0,89.707245288964,169.453147353278,0,0,67.8267069095267,202.712457066107,0,151.01089327964,259.442917595754,136.685314494491,98.2230592632363,179.718364159796,0,97.5855511246009,0,0,71.4788760670054,205.839960264176,204.481117647118,108.381749703452,0,0,209.996727521564,0,231.050882209,0,173.538155409849,0,225.013371621378,333.645516435298,0,186.348837226466
0,0,0,90.1317194604647,0,0,0,134.960780198024,0,0,187.77054666536,82.1742780037132,0,0,73.1029054543569,238.934743274142,0,82.6426202489162,178.224497384947,165.597665022977,0,0,173.001559092555,181.316358113209,0,200.878319874537,0,110.384905066973,192.135034768848,0,0,0,0,0,173.538155409849,0,95.7590805983148,208.005106191961,62.859596780235,66.5008477853491,0
0,135.294330067913,0,0,99.2646516363145,164.032723165762,81.2827395071039,198.528111506785,206.912707094411,111.226326353722,89.3673883748406,173.059382066957,0,125.994729980093,92.3502314520023,193.63278243493,0,168.241326865882,228.792310020318,206.472608421747,115.332064605654,217.157696745803,289.631679007608,0,241.635434294794,161.275817184598,0,249.905610015455,151.075371308616,142.054529471577,0,89.1590885155172,180.90030328818,169.742003380707,0,95.7590805983148,0,99.3508940827211,0,94.126460729827,199.492852797962
0,0,0,85.6072705949986,193.659409924573,0,172.892533368851,321.124897279917,0,0,154.142998692322,0,0,0,0,0,0,174.013630695256,220.963068032256,219.430938885781,0,0,92.5568465385234,0,119.728129215699,0,90.7216186966914,82.4756938751058,128.530575464043,0,0,0,93.4234866874731,135.667029391615,225.013371621378,208.005106191961,99.3508940827211,0,190.185165668632,215.611029055736,0
0,0,0,101.443495235174,0,155.24952173131,0,0,0,140.574866691684,101.350815329073,0,0,0,0,74.4197823064597,0,0,0,143.005810983322,0,0,0,103.519938150021,0,0,106.926813611922,87.8456058929559,241.57250333243,0,0,0,0,81.9664354533492,333.645516435298,62.859596780235,0,190.185165668632,0,0,128.405764333981
0,0,180.543851962045,161.302948562323,146.99041817625,0,0,0,125.81518738273,0,198.964527389285,163.945208919892,0,205.183249704085,192.693757128262,0,0,0,0,78.9559315574845,196.032358954952,161.74915061469,0,194.442125915551,101.605593487621,284.529238481835,177.763106506206,138.33942793804,357.423078228283,157.852515740516,329.719143597451,89.9429017381717,0,138.425725342224,0,66.5008477853491,94.126460729827,215.611029055736,0,0,108.136066660554
0,0,0,353.822894641502,0,0,78.8552325762656,306.640284138334,141.204637091722,139.792601838991,0,94.7280504127031,0,106.128596538706,0,115.868441404982,112.793316814908,0,0,97.3506957544063,227.504408813069,0,0,0,0,172.608400267715,150.161410108805,101.5853655613,247.66948903751,320.356811100276,0,0,0,80.4367166559625,186.348837226466,0,199.492852797962,0,128.405764333981,108.136066660554,0
