0,0,0,280.376028997576,93.4234866874731,0,0,0,0,0,0,0,0,0,0,0,0,0,0,0,119.728129215699,0,0,0,0,0,0,168.241326865882,0,0,0,0,0,193.055010680236,94.7529894315991,0,0,0,0,0,0
0,0,0,0,0,0,0,0,0,0,0,101.895308036513,0,0,0,0,333.645516435298,0,0,0,0,0,0,0,0,0,225.013371621378,0,0,0,0,0,0,0,150.161410108805,0,224.551207449728,0,0,101.605593487621,180.543851962045
0,0,0,0,0,0,0,0,0,0,0,0,0,0,0,0,0,0,0,0,0,0,0,0,0,0,0,151.075371308616,0,0,241.57250333243,0,0,0,205.839960264176,0,128.530575464043,0,116.176698124939,0,0
280.376028997576,0,0,0,0,0,0,0,0,0,0,259.442917595754,0,0,0,0,115.871357769661,0,0,338.131802716296,0,0,0,0,0,0,191.519780382943,125.416941482916,153.876396855887,0,0,137.189596148386,0,82.1742780037132,0,0,92.5207898118833,209.996727521564,192.135034768848,0,231.715271819474
93.4234866874731,0,0,0,0,0,0,0,0,177.763106506206,133.984214699576,0,134.960780198024,115.541295036174,161.275817184598,0,173.059382066957,0,0,0,0,0,124.698445421759,0,0,58.3493451392805,145.74089716123,0,284.529238481835,0,0,0,146.814226519809,158.955087279859,0,0,0,173.538155409849,0,0,0
0,0,0,0,0,0,0,0,89.9429017381717,0,74.5815074003433,108.136066660554,0,112.349934713559,122.106946855269,0,0,0,0,0,0,0,0,0,0,0,94.7280504127031,98.6790043377568,0,0,0,0,0,154.065933476765,137.239127032733,70.4221432298295,197.486504603685,192.601533877686,0,67.8267069095267,73.1029054543569
0,0,0,0,0,0,0,117.208001126138,0,0,0,0,0,0,101.5853655613,249.905610015455,0,195.314816908693,0,262.382215657622,0,0,0,0,97.3232815600345,82.6426202489162,0,0,0,0,0,0,0,0,85.7623170715703,142.054529471577,194.442125915551,348.674510760064,0,74.4197823064597,221.805809452716
0,0,0,0,0,0,117.208001126138,0,0,259.055025639447,0,134.566479261133,0,251.098274723989,0,0,0,0,0,0,193.777661225572,0,252.487290983309,0,110.384905066973,0,0,172.608400267715,118.522099274347,0,0,193.659409924573,0,111.435629183184,0,179.718364159796,180.355266595273,80.8080171296381,0,160.537522273714,140.574866691684
0,0,0,0,0,89.9429017381717,0,0,0,0,0,100.812745974529,0,0,0,0,0,142.385058730083,0,0,0,0,0,0,0,199.492852797962,0,212.592150359921,0,94.027247878695,0,0,0,94.8881692391942,98.417953423071,0,84.3635741045246,82.6299537488922,0,0,113.144980278377
0,0,0,0,177.763106506206,0,0,259.055025639447,0,0,0,236.681907140956,0,0,0,0,0,146.99041817625,0,178.683678585178,0,0,0,187.77054666536,0,0,303.527509149359,323.781250289068,112.823430872325,227.504408813069,0,0,0,211.840482897052,101.85207633558,174.013630695256,335.371040201042,146.465927798921,157.852515740516,151.695570509541,158.567996645797
0,0,0,0,133.984214699576,74.5815074003433,0,0,0,0,0,0,0,0,206.472608421747,0,0,0,0,261.605527103798,0,0,0,283.88658203332,0,104.369974912428,114.649126378906,137.177378802006,131.969743415579,0,0,146.770754374523,0,173.201474590904,0,96.5937438588657,125.81518738273,261.440278806413,164.032723165762,159.183173818572,0
0,101.895308036513,0,259.442917595754,0,108.136066660554,0,134.566479261133,100.812745974529,236.681907140956,0,0,94.126460729827,0,0,62.311273509377,0,173.001559092555,0,206.912707094411,161.74915061469,0,0,80.4367166559625,0,99.3508940827211,135.667029391615,139.654362654449,92.5568465385234,0,0,71.5579325720569,175.196329314064,186.973586461633,0,0,75.4497121078207,0,0,215.611029055736,0
0,0,0,0,134.960780198024,0,0,0,0,0,0,94.126460729827,0,0,0,103.519938150021,0,0,218.045528847001,171.230058197369,0,0,0,0,0,0,0,0,0,0,0,0,0,0,138.425725342224,0,0,0,0,0,0
0,0,0,0,115.541295036174,112.349934713559,0,251.098274723989,0,0,0,0,0,0,0,0,0,0,98.2230592632363,0,0,0,0,240.185081663983,0,224.523755099568,0,242.790381480436,190.185165668632,0,165.597665022977,0,0,300.031143529538,115.194491798135,106.33736463831,169.742003380707,0,0,111.226326353722,0
0,0,0,0,161.275817184598,122.106946855269,101.5853655613,0,0,0,206.472608421747,0,0,0,0,0,0,0,0,115.332064605654,0,0,0,0,0,0,0,89.3673883748406,104.915316975638,188.936291522747,0,0,0,96.7845769653343,184.249961885477,0,0,0,195.378266313867,115.868441404982,0
0,0,0,0,0,0,249.905610015455,0,0,0,0,62.311273509377,103.519938150021,0,0,0,0,0,0,0,345.797434674459,0,195.822649557859,0,0,214.116367924649,0,148.808626413748,0,0,0,0,0,106.128596538706,0,0,92.3502314520023,0,0,106.926813611922,217.157696745803
0,333.645516435298,0,115.871357769661,173.059382066957,0,0,0,0,0,0,0,0,0,0,0,0,0,154.070293657878,0,0,0,85.6072705949986,0,0,0,0,139.93285932648,0,0,94.9380989123498,0,0,0,0,0,0,0,204.481117647118,81.9664354533492,220.901129804706
0,0,0,0,0,0,195.314816908693,0,142.385058730083,146.99041817625,0,173.001559092555,0,0,0,0,0,0,0,0,0,0,0,120.912756812582,0,165.893015276821,124.853650664477,0,0,0,0,306.640284138334,0,0,0,0,154.142998692322,0,0,0,0
0,0,0,0,0,0,0,0,0,0,0,0,218.045528847001,98.2230592632363,0,0,154.070293657878,0,0,219.078548227669,93.5029580098427,0,0,0,241.682021696872,72.2278283150671,0,220.963068032256,0,347.376449530863,0,0,128.405764333981,74.7304794244225,0,0,154.784755881607,0,0,0,0
0,0,0,338.131802716296,0,0,262.382215657622,0,0,178.683678585178,261.605527103798,206.912707094411,171.230058197369,0,115.332064605654,0,0,0,219.078548227669,0,87.8456058929559,90.1317194604647,0,219.040656038919,0,78.9559315574845,0,0,109.093416850988,71.4788760670054,0,0,0,0,0,116.054372245433,171.906398392157,97.3506957544063,0,0,0
119.728129215699,0,0,0,0,0,0,193.777661225572,0,0,0,161.74915061469,0,0,0,345.797434674459,0,0,93.5029580098427,87.8456058929559,0,0,0,89.707245288964,0,0,183.786860782462,250.461724766314,276.620869034647,0,0,0,0,204.084074037941,357.423078228283,213.67670887414,0,0,0,0,0
0,0,0,0,0,0,0,0,0,0,0,0,0,0,0,0,0,0,0,90.1317194604647,0,0,138.33942793804,0,0,0,192.693757128262,0,0,0,0,0,0,0,247.66948903751,99.2646516363145,309.997227542691,238.934743274142,0,136.792307586862,0
0,0,0,0,124.698445421759,0,0,252.487290983309,0,0,0,0,0,0,0,195.822649557859,85.6072705949986,0,0,0,0,138.33942793804,0,321.124897279917,306.344527664232,178.748963182352,201.44584889478,197.893790332676,155.901486485736,208.005106191961,108.381749703452,0,0,61.0664810463559,0,0,0,141.204637091722,0,0,0
0,0,0,0,0,0,0,0,0,187.77054666536,283.88658203332,80.4367166559625,0,240.185081663983,0,0,0,120.912756812582,0,219.040656038919,89.707245288964,0,321.124897279917,0,0,161.302948562323,161.325017232684,113.059176128709,162.833808134102,0,0,0,0,153.672550905948,329.719143597451,0,223.705816669619,193.63278243493,198.528111506785,289.631679007608,160.530221557972
0,0,0,0,0,0,97.3232815600345,110.384905066973,0,0,0,0,0,0,0,0,0,0,241.682021696872,0,0,0,306.344527664232,0,0,115.114253591495,0,97.5855511246009,0,0,0,0,0,253.401634605989,353.822894641502,0,151.036729364761,0,0,0,167.066576495979
0,0,0,0,58.3493451392805,0,82.6426202489162,0,199.492852797962,0,104.369974912428,99.3508940827211,0,224.523755099568,0,214.116367924649,0,165.893015276821,72.2278283150671,78.9559315574845,0,0,178.748963182352,161.302948562323,115.114253591495,0,283.248188884028,226.825099357786,228.075434767255,0,0,205.183249704085,0,0,135.294330067913,0,196.032358954952,0,0,66.5008477853491,0
0,225.013371621378,0,191.519780382943,145.74089716123,94.7280504127031,0,0,0,303.527509149359,114.649126378906,135.667029391615,0,0,0,0,0,124.853650664477,0,0,183.786860782462,192.693757128262,201.44584889478,161.325017232684,0,283.248188884028,0,200.878319874537,155.24952173131,0,0,0,0,76.5072790361762,219.430938885781,263.534399241887,321.864157986053,0,0,101.350815329073,0
168.241326865882,0,151.075371308616,125.416941482916,0,98.6790043377568,0,172.608400267715,212.592150359921,323.781250289068,137.177378802006,139.654362654449,0,242.790381480436,89.3673883748406,148.808626413748,139.93285932648,0,220.963068032256,0,250.461724766314,0,197.893790332676,113.059176128709,97.5855511246009,226.825099357786,200.878319874537,0,0,0,0,0,188.851177466023,0,120.567029282014,0,136.685314494491,143.005810983322,231.050882209,186.348837226466,125.994729980093
0,0,0,153.876396855887,284.529238481835,0,0,118.522099274347,0,112.823430872325,131.969743415579,92.5568465385234,0,190.185165668632,104.915316975638,0,0,0,0,109.093416850988,276.620869034647,0,155.901486485736,162.833808134102,0,228.075434767255,155.24952173131,0,0,0,0,0,181.316358113209,153.609372090384,106.533627130087,0,62.859596780235,0,151.01089327964,112.793316814908,139.792601838991
0,0,0,0,0,0,0,0,94.027247878695,227.504408813069,0,0,0,0,188.936291522747,0,0,0,347.376449530863,71.4788760670054,0,0,208.005106191961,0,0,0,0,0,0,0,0,0,0,202.712457066107,0,198.964527389285,133.218162784108,101.443495235174,0,169.453147353278,0
0,0,241.57250333243,0,0,0,0,0,0,0,0,0,0,165.597665022977,0,0,94.9380989123498,0,0,0,0,0,108.381749703452,0,0,0,0,0,0,0,0,0,0,320.356811100276,0,151.806152521152,0,0,0,0,0
0,0,0,137.189596148386,0,0,0,193.659409924573,0,0,146.770754374523,71.5579325720569,0,0,0,0,0,306.640284138334,0,0,0,0,0,0,0,205.183249704085,0,0,0,0,0,0,0,0,196.04190773555,0,241.635434294794,232.945974238958,0,128.846764897717,228.792310020318
0,0,0,0,146.814226519809,0,0,0,0,0,0,175.196329314064,0,0,0,0,0,0,128.405764333981,0,0,0,0,0,0,0,0,188.851177466023,181.316358113209,0,0,0,0,0,0,0,0,0,0,0,0
193.055010680236,0,0,82.1742780037132,158.955087279859,154.065933476765,0,111.435629183184,94.8881692391942,211.840482897052,173.201474590904,186.973586461633,0,300.031143529538,96.7845769653343,106.128596538706,0,0,74.7304794244225,0,204.084074037941,0,61.0664810463559,153.672550905948,253.401634605989,0,76.5072790361762,0,153.609372090384,202.712457066107,320.356811100276,0,0,0,205.09013266389,201.100640800745,180.90030328818,0,222.053792850439,0,172.892533368851
94.7529894315991,150.161410108805,205.839960264176,0,0,137.239127032733,85.7623170715703,0,98.417953423071,101.85207633558,0,0,138.425725342224,115.194491798135,184.249961885477,0,0,0,0,0,357.423078228283,247.66948903751,0,329.719143597451,353.822894641502,135.294330067913,219.430938885781,120.567029282014,106.533627130087,0,0,196.04190773555,0,205.09013266389,0,89.1590885155172,249.798812580765,0,153.453047983244,314.611698427915,78.8552325762656
0,0,0,0,0,70.4221432298295,142.054529471577,179.718364159796,0,174.013630695256,96.5937438588657,0,0,106.33736463831,0,0,0,0,0,116.054372245433,213.67670887414,99.2646516363145,0,0,0,0,263.534399241887,0,0,198.964527389285,151.806152521152,0,0,201.100640800745,89.1590885155172,0,82.4756938751058,163.945208919892,269.936825670274,119.345624434514,95.7590805983148
0,224.551207449728,128.530575464043,92.5207898118833,0,197.486504603685,194.442125915551,180.355266595273,84.3635741045246,335.371040201042,125.81518738273,75.4497121078207,0,169.742003380707,0,92.3502314520023,0,154.142998692322,154.784755881607,171.906398392157,0,309.997227542691,0,223.705816669619,151.036729364761,196.032358954952,321.864157986053,136.685314494491,62.859596780235,133.218162784108,0,241.635434294794,0,180.90030328818,249.798812580765,82.4756938751058,0,161.694997919804,0,255.441154257905,90.7216186966914
0,0,0,209.996727521564,173.538155409849,192.601533877686,348.674510760064,80.8080171296381,82.6299537488922,146.465927798921,261.440278806413,0,0,0,0,0,0,0,0,97.3506957544063,0,238.934743274142,141.204637091722,193.63278243493,0,0,0,143.005810983322,0,101.443495235174,0,232.945974238958,0,0,0,163.945208919892,161.694997919804,0,163.059043292369,73.4795582048751,81.2827395071039
0,0,116.176698124939,192.135034768848,0,0,0,0,0,157.852515740516,164.032723165762,0,0,0,195.378266313867,0,204.481117647118,0,0,0,0,0,0,198.528111506785,0,0,0,231.050882209,151.01089327964,0,0,0,0,222.053792850439,153.453047983244,269.936825670274,0,163.059043292369,0,325.937289045041,178.224497384947
0,101.605593487621,0,0,0,67.8267069095267,74.4197823064597,160.537522273714,0,151.695570509541,159.183173818572,215.611029055736,0,111.226326353722,115.868441404982,106.926813611922,81.9664354533492,0,0,0,0,136.792307586862,0,289.631679007608,0,66.5008477853491,101.350815329073,186.348837226466,112.793316814908,169.453147353278,0,128.846764897717,0,0,314.611698427915,119.345624434514,255.441154257905,73.4795582048751,325.937289045041,0,114.511014214502
0,180.543851962045,0,231.715271819474,0,73.1029054543569,221.805809452716,140.574866691684,113.144980278377,158.567996645797,0,0,0,0,0,217.157696745803,220.901129804706,0,0,0,0,0,0,160.530221557972,167.066576495979,0,0,125.994729980093,139.792601838991,0,0,228.792310020318,0,172.892533368851,78.8552325762656,95.7590805983148,90.7216186966914,81.2827395071039,178.224497384947,114.511014214502,0
