0,0,0,0,0,0,94.7529894315991,0,0,0,0,0,0,0,0,0,333.645516435298,82.1742780037132,0,0,0,0,71.4788760670054,0,0,0,0,180.355266595273,0,0,0,0,0,106.33736463831,0,0,0,0,0,0,0
0,0,0,0,0,0,0,231.050882209,0,0,0,0,0,0,0,0,0,215.611029055736,0,0,0,0,0,0,0,353.822894641502,0,192.601533877686,0,0,0,0,0,111.226326353722,0,0,108.381749703452,0,0,112.823430872325,0
0,0,0,0,0,0,0,0,0,142.385058730083,0,0,0,0,0,0,0,0,0,0,0,0,0,0,0,139.792601838991,0,90.1317194604647,0,0,0,0,0,106.128596538706,201.100640800745,0,0,0,0,0,0
0,0,0,0,0,0,97.3232815600345,0,0,0,0,192.693757128262,0,0,154.784755881607,0,0,0,0,173.059382066957,119.345624434514,0,186.348837226466,0,232.945974238958,106.926813611922,0,0,113.144980278377,0,0,0,0,209.996727521564,172.892533368851,0,289.631679007608,0,0,236.681907140956,0
0,0,0,0,0,222.053792850439,193.659409924573,0,0,0,0,0,0,0,0,0,0,124.698445421759,238.934743274142,0,97.3506957544063,134.960780198024,0,81.9664354533492,0,162.833808134102,0,157.852515740516,0,0,0,136.792307586862,0,84.3635741045246,0,101.443495235174,0,252.487290983309,0,0,151.036729364761
0,0,0,0,222.053792850439,0,0,283.88658203332,0,0,0,0,0,0,0,0,0,0,0,0,179.718364159796,0,0,190.185165668632,228.075434767255,0,196.04190773555,0,283.248188884028,300.031143529538,0,0,0,0,106.533627130087,175.196329314064,103.519938150021,172.608400267715,0,115.114253591495,255.441154257905
94.7529894315991,0,0,97.3232815600345,193.659409924573,0,0,0,0,0,0,0,95.7590805983148,0,0,0,0,0,0,0,0,0,219.078548227669,140.574866691684,0,0,0,0,0,0,0,0,0,62.311273509377,98.6790043377568,0,250.461724766314,225.013371621378,180.543851962045,314.611698427915,219.040656038919
0,231.050882209,0,0,0,283.88658203332,0,0,0,115.332064605654,110.384905066973,178.748963182352,0,0,104.915316975638,329.719143597451,0,227.504408813069,0,0,0,0,0,163.059043292369,0,0,195.378266313867,0,117.208001126138,0,0,0,0,197.893790332676,241.682021696872,0,96.5937438588657,276.620869034647,0,94.8881692391942,0
0,0,0,0,0,0,0,0,0,0,0,0,0,192.135034768848,0,0,0,323.781250289068,0,120.567029282014,0,0,0,161.275817184598,0,0,0,0,61.0664810463559,0,0,204.481117647118,0,0,131.969743415579,0,161.74915061469,0,138.33942793804,151.075371308616,72.2278283150671
0,0,142.385058730083,0,0,0,0,115.332064605654,0,0,0,253.401634605989,0,0,139.93285932648,241.57250333243,0,0,115.871357769661,0,0,114.511014214502,195.314816908693,220.963068032256,0,164.032723165762,138.425725342224,187.77054666536,173.538155409849,0,0,183.786860782462,0,0,0,167.066576495979,71.5579325720569,0,0,94.027247878695,99.3508940827211
0,0,0,0,0,0,0,110.384905066973,0,0,0,0,0,94.9380989123498,0,0,0,0,262.382215657622,242.790381480436,0,345.797434674459,87.8456058929559,80.4367166559625,73.4795582048751,0,0,137.189596148386,78.9559315574845,0,0,0,0,247.66948903751,303.527509149359,0,0,220.901129804706,125.81518738273,224.523755099568,194.442125915551
0,0,0,192.693757128262,0,0,0,178.748963182352,0,253.401634605989,0,0,0,82.6299537488922,92.5207898118833,196.032358954952,0,0,0,193.777661225572,0,0,153.453047983244,92.5568465385234,128.530575464043,211.840482897052,101.350815329073,0,205.839960264176,89.3673883748406,0,0,0,93.4234866874731,177.763106506206,197.486504603685,111.435629183184,76.5072790361762,154.142998692322,118.522099274347,0
0,0,0,0,0,0,95.7590805983148,0,0,0,0,0,0,0,0,0,0,0,0,0,204.084074037941,0,0,154.070293657878,0,0,160.530221557972,0,0,0,0,0,0,0,0,0,109.093416850988,153.672550905948,0,0,0
0,0,0,0,0,0,0,0,192.135034768848,0,94.9380989123498,82.6299537488922,0,0,309.997227542691,173.001559092555,0,0,0,0,96.7845769653343,0,0,0,0,124.853650664477,0,217.157696745803,0,148.808626413748,0,0,0,101.605593487621,241.635434294794,0,98.417953423071,0,0,169.453147353278,146.465927798921
0,0,0,154.784755881607,0,0,0,104.915316975638,0,139.93285932648,0,92.5207898118833,0,309.997227542691,0,94.7280504127031,0,0,0,228.792310020318,0,0,155.24952173131,0,0,0,0,0,0,0,0,0,0,116.054372245433,0,0,151.695570509541,135.294330067913,0,0,150.161410108805
0,0,0,0,0,0,0,329.719143597451,0,241.57250333243,0,196.032358954952,0,173.001559092555,94.7280504127031,0,0,0,0,0,0,0,0,78.8552325762656,199.492852797962,0,0,0,0,0,0,0,0,0,125.994729980093,0,161.302948562323,0,0,168.241326865882,62.859596780235
333.645516435298,0,0,0,0,0,0,0,0,0,0,0,0,0,0,0,0,0,0,0,0,119.728129215699,0,0,0,0,128.405764333981,108.136066660554,224.551207449728,0,82.4756938751058,0,0,0,146.99041817625,0,67.8267069095267,0,0,58.3493451392805,113.059176128709
82.1742780037132,215.611029055736,0,0,124.698445421759,0,0,227.504408813069,323.781250289068,0,0,0,0,0,0,0,0,0,0,0,0,0,0,195.822649557859,188.851177466023,0,0,81.2827395071039,0,0,0,0,0,0,0,0,0,0,0,99.2646516363145,0
0,0,0,0,238.934743274142,0,0,0,0,115.871357769661,262.382215657622,0,0,0,0,0,0,0,0,325.937289045041,0,0,0,0,0,0,212.592150359921,0,0,0,0,0,0,89.707245288964,280.376028997576,0,151.806152521152,133.218162784108,320.356811100276,165.597665022977,163.945208919892
0,0,0,173.059382066957,0,0,0,0,120.567029282014,0,242.790381480436,193.777661225572,0,0,228.792310020318,0,0,0,325.937289045041,0,0,101.895308036513,0,128.846764897717,0,0,75.4497121078207,249.905610015455,0,158.955087279859,0,0,0,180.90030328818,0,186.973586461633,136.685314494491,115.541295036174,357.423078228283,171.906398392157,0
0,0,0,119.345624434514,97.3506957544063,179.718364159796,0,0,0,0,0,0,204.084074037941,96.7845769653343,0,0,0,0,0,0,0,0,134.566479261133,98.2230592632363,0,0,0,213.67670887414,143.005810983322,0,0,0,0,66.5008477853491,348.674510760064,0,116.176698124939,0,0,205.09013266389,0
0,0,0,0,134.960780198024,0,0,0,0,114.511014214502,345.797434674459,0,0,0,0,0,119.728129215699,0,0,101.895308036513,0,0,0,0,0,0,0,188.936291522747,0,0,0,0,0,0,0,0,174.013630695256,0,112.793316814908,0,0
71.4788760670054,0,0,186.348837226466,0,0,219.078548227669,0,0,195.314816908693,87.8456058929559,153.453047983244,0,0,155.24952173131,0,0,0,0,0,134.566479261133,0,0,0,0,0,101.5853655613,112.349934713559,89.9429017381717,0,0,0,0,0,139.654362654449,205.183249704085,251.098274723989,0,0,0,202.712457066107
0,0,0,0,81.9664354533492,190.185165668632,140.574866691684,163.059043292369,161.275817184598,220.963068032256,80.4367166559625,92.5568465385234,154.070293657878,0,0,78.8552325762656,0,195.822649557859,0,128.846764897717,98.2230592632363,0,0,0,0,74.4197823064597,171.230058197369,0,74.7304794244225,0,0,0,0,94.126460729827,0,0,0,0,0,92.3502314520023,154.065933476765
0,0,0,232.945974238958,0,228.075434767255,0,0,0,0,73.4795582048751,128.530575464043,0,0,0,199.492852797962,0,188.851177466023,0,0,0,0,0,0,0,0,173.201474590904,181.316358113209,0,0,0,0,0,259.442917595754,0,0,0,0,200.878319874537,0,0
0,353.822894641502,139.792601838991,106.926813611922,162.833808134102,0,0,0,0,164.032723165762,0,211.840482897052,0,124.853650664477,0,0,0,0,0,0,0,0,0,74.4197823064597,0,0,70.4221432298295,153.876396855887,306.640284138334,0,321.124897279917,122.106946855269,0,206.472608421747,0,206.912707094411,226.825099357786,142.054529471577,135.667029391615,161.325017232684,191.519780382943
0,0,0,0,0,196.04190773555,0,195.378266313867,0,138.425725342224,0,101.350815329073,160.530221557972,0,0,0,128.405764333981,0,212.592150359921,75.4497121078207,0,0,101.5853655613,171.230058197369,173.201474590904,70.4221432298295,0,198.964527389285,259.055025639447,0,0,0,0,85.6072705949986,101.85207633558,159.183173818572,193.63278243493,158.567996645797,0,0,133.984214699576
180.355266595273,192.601533877686,90.1317194604647,0,157.852515740516,0,0,0,0,187.77054666536,137.189596148386,0,0,217.157696745803,0,0,108.136066660554,81.2827395071039,0,249.905610015455,213.67670887414,188.936291522747,112.349934713559,0,181.316358113209,153.876396855887,198.964527389285,0,214.116367924649,141.204637091722,0,165.893015276821,125.416941482916,82.6426202489162,74.5815074003433,198.528111506785,306.344527664232,104.369974912428,178.224497384947,155.901486485736,0
0,0,0,113.144980278377,0,283.248188884028,0,117.208001126138,61.0664810463559,173.538155409849,78.9559315574845,205.839960264176,0,0,0,0,224.551207449728,0,0,0,143.005810983322,0,89.9429017381717,74.7304794244225,0,306.640284138334,259.055025639447,214.116367924649,0,0,0,161.694997919804,85.7623170715703,0,261.440278806413,201.44584889478,184.249961885477,261.605527103798,0,0,178.683678585178
0,0,0,0,0,300.031143529538,0,0,0,0,0,89.3673883748406,0,148.808626413748,0,0,0,0,0,158.955087279859,0,0,0,0,0,0,0,141.204637091722,0,0,338.131802716296,120.912756812582,145.74089716123,137.239127032733,0,0,347.376449530863,269.936825670274,0,0,0
0,0,0,0,0,0,0,0,0,0,0,0,0,0,0,0,82.4756938751058,0,0,0,0,0,0,0,0,321.124897279917,0,0,0,338.131802716296,0,0,0,0,0,100.812745974529,137.177378802006,0,0,284.529238481835,0
0,0,0,0,136.792307586862,0,0,0,204.481117647118,183.786860782462,0,0,0,0,0,0,0,0,0,0,0,0,0,0,0,122.106946855269,0,165.893015276821,161.694997919804,120.912756812582,0,0,0,0,115.194491798135,160.537522273714,0,0,153.609372090384,0,114.649126378906
0,0,0,0,0,0,0,0,0,0,0,0,0,0,0,0,0,0,0,0,0,0,0,0,0,0,0,125.416941482916,85.7623170715703,145.74089716123,0,0,0,0,146.770754374523,0,335.371040201042,0,0,0,0
106.33736463831,111.226326353722,106.128596538706,209.996727521564,84.3635741045246,0,62.311273509377,197.893790332676,0,0,247.66948903751,93.4234866874731,0,101.605593487621,116.054372245433,0,0,0,89.707245288964,180.90030328818,66.5008477853491,0,0,94.126460729827,259.442917595754,206.472608421747,85.6072705949986,82.6426202489162,0,137.239127032733,0,0,0,0,218.045528847001,93.5029580098427,231.715271819474,219.430938885781,193.055010680236,169.742003380707,0
0,0,201.100640800745,172.892533368851,0,106.533627130087,98.6790043377568,241.682021696872,131.969743415579,0,303.527509149359,177.763106506206,0,241.635434294794,0,125.994729980093,146.99041817625,0,280.376028997576,0,348.674510760064,0,139.654362654449,0,0,0,101.85207633558,74.5815074003433,261.440278806413,0,0,115.194491798135,146.770754374523,218.045528847001,0,221.805809452716,73.1029054543569,115.868441404982,90.7216186966914,223.705816669619,0
0,0,0,0,101.443495235174,175.196329314064,0,0,0,167.066576495979,0,197.486504603685,0,0,0,0,0,0,0,186.973586461633,0,0,205.183249704085,0,0,206.912707094411,159.183173818572,198.528111506785,201.44584889478,0,100.812745974529,160.537522273714,0,93.5029580098427,221.805809452716,0,263.534399241887,146.814226519809,249.798812580765,89.1590885155172,321.864157986053
0,108.381749703452,0,289.631679007608,0,103.519938150021,250.461724766314,96.5937438588657,161.74915061469,71.5579325720569,0,111.435629183184,109.093416850988,98.417953423071,151.695570509541,161.302948562323,67.8267069095267,0,151.806152521152,136.685314494491,116.176698124939,174.013630695256,251.098274723989,0,0,226.825099357786,193.63278243493,306.344527664232,184.249961885477,347.376449530863,137.177378802006,0,335.371040201042,231.715271819474,73.1029054543569,263.534399241887,0,151.01089327964,0,208.005106191961,0
0,0,0,0,252.487290983309,172.608400267715,225.013371621378,276.620869034647,0,0,220.901129804706,76.5072790361762,153.672550905948,0,135.294330067913,0,0,0,133.218162784108,115.541295036174,0,0,0,0,0,142.054529471577,158.567996645797,104.369974912428,261.605527103798,269.936825670274,0,0,0,219.430938885781,115.868441404982,146.814226519809,151.01089327964,0,0,0,240.185081663983
0,0,0,0,0,0,180.543851962045,0,138.33942793804,0,125.81518738273,154.142998692322,0,0,0,0,0,0,320.356811100276,357.423078228283,0,112.793316814908,0,0,200.878319874537,135.667029391615,0,178.224497384947,0,0,0,153.609372090384,0,193.055010680236,90.7216186966914,249.798812580765,0,0,0,0,80.8080171296381
0,112.823430872325,0,236.681907140956,0,115.114253591495,314.611698427915,94.8881692391942,151.075371308616,94.027247878695,224.523755099568,118.522099274347,0,169.453147353278,0,168.241326865882,58.3493451392805,99.2646516363145,165.597665022977,171.906398392157,205.09013266389,0,0,92.3502314520023,0,161.325017232684,0,155.901486485736,0,0,284.529238481835,0,0,169.742003380707,223.705816669619,89.1590885155172,208.005106191961,0,0,0,97.5855511246009
0,0,0,0,151.036729364761,255.441154257905,219.040656038919,0,72.2278283150671,99.3508940827211,194.442125915551,0,0,146.465927798921,150.161410108805,62.859596780235,113.059176128709,0,163.945208919892,0,0,0,202.712457066107,154.065933476765,0,191.519780382943,133.984214699576,0,178.683678585178,0,0,114.649126378906,0,0,0,321.864157986053,0,240.185081663983,80.8080171296381,97.5855511246009,0
