0,0,0,0,0,0,0,0,0,0,0,0,0,0,0,0,0,0,0,0,0,0,0,347.376449530863,0,0,0,0,0,0,0,0,0,71.4788760670054,0,137.239127032733,320.356811100276,0,161.74915061469,0,103.519938150021
0,0,0,0,0,0,0,0,0,0,0,0,0,0,0,0,0,0,115.194491798135,0,0,0,0,0,0,74.7304794244225,73.4795582048751,128.405764333981,0,0,0,223.705816669619,0,113.059176128709,0,0,0,0,0,306.344527664232,0
0,0,0,0,0,0,0,329.719143597451,0,0,125.994729980093,0,0,0,0,0,0,0,0,0,0,0,0,0,0,0,0,61.0664810463559,0,0,0,0,0,0,0,0,108.381749703452,0,190.185165668632,0,0
0,0,0,0,0,0,0,0,0,0,0,188.851177466023,0,0,0,0,0,187.77054666536,0,101.5853655613,0,196.04190773555,0,120.567029282014,0,0,193.659409924573,97.5855511246009,0,0,0,93.5029580098427,173.059382066957,0,197.893790332676,0,224.551207449728,0,163.945208919892,154.142998692322,0
0,0,0,0,0,0,0,0,0,131.969743415579,333.645516435298,213.67670887414,0,178.683678585178,0,0,154.065933476765,0,0,0,0,0,236.681907140956,0,0,228.792310020318,0,87.8456058929559,204.481117647118,0,0,0,0,81.2827395071039,81.9664354533492,0,195.822649557859,155.24952173131,0,221.805809452716,0
0,0,0,0,0,0,0,0,115.541295036174,0,0,82.6426202489162,0,0,218.045528847001,0,0,0,0,0,106.533627130087,0,0,0,196.032358954952,80.8080171296381,0,164.032723165762,0,0,201.44584889478,135.667029391615,0,0,323.781250289068,252.487290983309,0,161.275817184598,78.9559315574845,168.241326865882,0
0,0,0,0,0,0,0,89.707245288964,0,0,0,0,104.369974912428,82.1742780037132,0,0,0,0,180.90030328818,357.423078228283,259.442917595754,0,0,0,0,0,0,94.7529894315991,247.66948903751,0,0,0,0,134.566479261133,205.839960264176,0,261.605527103798,0,0,119.345624434514,113.144980278377
0,0,329.719143597451,0,0,0,89.707245288964,0,0,0,0,0,0,0,0,0,209.996727521564,151.695570509541,173.201474590904,101.605593487621,0,0,0,206.912707094411,0,106.33736463831,90.1317194604647,283.248188884028,289.631679007608,0,93.4234866874731,0,0,241.57250333243,0,158.567996645797,250.461724766314,0,0,74.5815074003433,0
0,0,0,0,0,115.541295036174,0,0,0,0,94.126460729827,195.378266313867,0,0,0,0,0,0,0,72.2278283150671,114.649126378906,0,0,0,0,0,0,169.742003380707,154.070293657878,0,0,0,0,67.8267069095267,0,0,0,186.973586461633,0,204.084074037941,198.964527389285
0,0,0,0,131.969743415579,0,0,0,0,0,0,0,0,160.530221557972,269.936825670274,125.416941482916,0,62.311273509377,0,74.4197823064597,110.384905066973,184.249961885477,345.797434674459,104.915316975638,0,249.905610015455,0,115.332064605654,0,0,0,167.066576495979,0,133.984214699576,82.6299537488922,0,111.226326353722,0,0,195.314816908693,115.871357769661
0,0,125.994729980093,0,333.645516435298,0,0,0,94.126460729827,0,0,92.5207898118833,0,80.4367166559625,0,0,206.472608421747,0,348.674510760064,0,0,0,157.852515740516,101.350815329073,76.5072790361762,0,0,0,0,0,0,0,0,159.183173818572,249.798812580765,71.5579325720569,0,0,193.63278243493,241.682021696872,139.792601838991
0,0,0,188.851177466023,213.67670887414,82.6426202489162,0,0,195.378266313867,0,92.5207898118833,0,0,116.176698124939,0,0,0,0,194.442125915551,240.185081663983,153.609372090384,150.161410108805,94.027247878695,0,161.694997919804,0,172.892533368851,177.763106506206,321.124897279917,0,0,0,188.936291522747,115.868441404982,0,0,175.196329314064,222.053792850439,0,92.5568465385234,153.453047983244
0,0,0,0,0,0,104.369974912428,0,0,0,0,0,0,0,0,128.846764897717,0,0,0,262.382215657622,0,0,0,0,0,0,0,118.522099274347,0,0,0,0,0,0,192.601533877686,0,0,0,0,0,219.430938885781
0,0,0,0,178.683678585178,0,82.1742780037132,0,0,160.530221557972,80.4367166559625,116.176698124939,0,0,0,214.116367924649,0,0,0,0,0,0,0,0,0,241.635434294794,232.945974238958,0,0,219.078548227669,0,0,0,225.013371621378,112.793316814908,75.4497121078207,151.036729364761,0,0,108.136066660554,0
0,0,0,0,0,218.045528847001,0,0,0,269.936825670274,0,0,0,0,0,0,78.8552325762656,0,0,0,0,0,85.7623170715703,181.316358113209,0,0,96.7845769653343,0,0,95.7590805983148,0,0,0,300.031143529538,212.592150359921,120.912756812582,0,228.075434767255,137.177378802006,0,0
0,0,0,0,0,0,0,0,0,125.416941482916,0,0,128.846764897717,214.116367924649,0,0,0,0,0,0,136.685314494491,0,112.823430872325,0,0,0,0,0,0,0,0,0,0,141.204637091722,151.075371308616,0,0,146.814226519809,145.74089716123,98.417953423071,92.3502314520023
0,0,0,0,154.065933476765,0,0,209.996727521564,0,0,206.472608421747,0,0,0,78.8552325762656,0,0,0,0,0,0,0,174.013630695256,0,0,0,303.527509149359,0,0,0,0,0,0,0,66.5008477853491,231.715271819474,135.294330067913,0,62.859596780235,0,0
0,0,0,187.77054666536,0,0,0,151.695570509541,0,62.311273509377,0,0,0,0,0,0,0,0,0,0,0,0,0,100.812745974529,0,0,0,261.440278806413,162.833808134102,0,0,0,0,0,226.825099357786,0,82.4756938751058,0,0,0,140.574866691684
0,115.194491798135,0,0,0,0,180.90030328818,173.201474590904,0,0,348.674510760064,194.442125915551,0,0,0,0,0,0,0,0,0,0,0,0,0,0,200.878319874537,0,178.224497384947,0,0,180.543851962045,0,151.806152521152,0,0,217.157696745803,231.050882209,0,224.523755099568,0
0,0,0,101.5853655613,0,0,357.423078228283,101.605593487621,72.2278283150671,74.4197823064597,0,240.185081663983,262.382215657622,0,0,0,0,0,0,0,220.963068032256,0,335.371040201042,0,0,0,284.529238481835,0,112.349934713559,0,165.893015276821,139.93285932648,0,0,202.712457066107,0,276.620869034647,146.99041817625,0,353.822894641502,0
0,0,0,0,0,106.533627130087,259.442917595754,0,114.649126378906,110.384905066973,0,153.609372090384,0,0,0,136.685314494491,0,0,0,220.963068032256,0,0,0,0,143.005810983322,0,0,119.728129215699,0,0,0,0,0,124.698445421759,0,153.672550905948,180.355266595273,0,0,178.748963182352,0
0,0,0,196.04190773555,0,0,0,0,0,184.249961885477,0,150.161410108805,0,0,0,0,0,0,0,0,0,0,0,321.864157986053,94.9380989123498,0,0,220.901129804706,0,0,0,0,0,0,227.504408813069,0,0,115.114253591495,0,0,0
0,0,0,0,236.681907140956,0,0,0,0,345.797434674459,157.852515740516,94.027247878695,0,0,85.7623170715703,112.823430872325,174.013630695256,0,0,335.371040201042,0,0,0,125.81518738273,0,89.9429017381717,238.934743274142,0,98.2230592632363,0,0,0,0,0,169.453147353278,0,171.906398392157,106.128596538706,0,0,0
347.376449530863,0,0,120.567029282014,0,0,0,206.912707094411,0,104.915316975638,101.350815329073,0,0,0,181.316358113209,0,0,100.812745974529,0,0,0,321.864157986053,125.81518738273,0,0,165.597665022977,111.435629183184,259.055025639447,89.1590885155172,219.040656038919,0,0,0,198.528111506785,0,0,0,199.492852797962,173.001559092555,192.135034768848,94.7280504127031
0,0,0,0,0,196.032358954952,0,0,0,0,76.5072790361762,161.694997919804,0,0,0,0,0,0,0,0,143.005810983322,94.9380989123498,0,0,0,0,128.530575464043,96.5937438588657,0,0,0,90.7216186966914,0,0,280.376028997576,0,117.208001126138,0,0,0,0
0,74.7304794244225,0,0,228.792310020318,80.8080171296381,0,106.33736463831,0,249.905610015455,0,0,0,241.635434294794,0,0,0,0,0,0,0,0,89.9429017381717,165.597665022977,0,0,122.106946855269,136.792307586862,251.098274723989,0,0,171.230058197369,124.853650664477,85.6072705949986,158.955087279859,161.302948562323,283.88658203332,0,70.4221432298295,211.840482897052,263.534399241887
0,73.4795582048751,0,193.659409924573,0,0,0,90.1317194604647,0,0,0,172.892533368851,0,232.945974238958,96.7845769653343,0,303.527509149359,0,200.878319874537,284.529238481835,0,0,238.934743274142,111.435629183184,128.530575464043,122.106946855269,0,309.997227542691,0,242.790381480436,0,0,0,142.385058730083,137.189596148386,0,173.538155409849,155.901486485736,0,0,73.1029054543569
0,128.405764333981,61.0664810463559,97.5855511246009,87.8456058929559,164.032723165762,94.7529894315991,283.248188884028,169.742003380707,115.332064605654,0,177.763106506206,118.522099274347,0,0,0,0,261.440278806413,0,0,119.728129215699,220.901129804706,0,259.055025639447,96.5937438588657,136.792307586862,309.997227542691,0,101.895308036513,325.937289045041,0,0,0,306.640284138334,138.425725342224,133.218162784108,98.6790043377568,186.348837226466,0,97.3506957544063,172.608400267715
0,0,0,0,204.481117647118,0,247.66948903751,289.631679007608,154.070293657878,0,0,321.124897279917,0,0,0,0,0,162.833808134102,178.224497384947,112.349934713559,0,0,98.2230592632363,89.1590885155172,0,251.098274723989,0,101.895308036513,0,106.926813611922,0,191.519780382943,0,153.876396855887,160.537522273714,201.100640800745,151.01089327964,192.693757128262,0,89.3673883748406,314.611698427915
0,0,0,0,0,0,0,0,0,0,0,0,0,219.078548227669,95.7590805983148,0,0,0,0,0,0,0,0,219.040656038919,0,0,242.790381480436,325.937289045041,106.926813611922,0,0,0,0,0,0,193.055010680236,183.786860782462,58.3493451392805,0,253.401634605989,338.131802716296
0,0,0,0,0,201.44584889478,0,93.4234866874731,0,0,0,0,0,0,0,0,0,0,0,165.893015276821,0,0,0,0,0,0,0,0,0,0,0,0,0,0,0,0,146.770754374523,0,255.441154257905,0,139.654362654449
0,223.705816669619,0,93.5029580098427,0,135.667029391615,0,0,0,167.066576495979,0,0,0,0,0,0,0,0,180.543851962045,139.93285932648,0,0,0,0,90.7216186966914,171.230058197369,0,0,191.519780382943,0,0,0,0,0,0,134.960780198024,148.808626413748,0,0,0,0
0,0,0,173.059382066957,0,0,0,0,0,0,0,188.936291522747,0,0,0,0,0,0,0,0,0,0,0,0,0,124.853650664477,0,0,0,0,0,0,0,0,0,0,94.8881692391942,0,0,0,142.054529471577
71.4788760670054,113.059176128709,0,0,81.2827395071039,0,134.566479261133,241.57250333243,67.8267069095267,133.984214699576,159.183173818572,115.868441404982,0,225.013371621378,300.031143529538,141.204637091722,0,0,151.806152521152,0,124.698445421759,0,0,198.528111506785,0,85.6072705949986,142.385058730083,306.640284138334,153.876396855887,0,0,0,0,0,205.183249704085,193.777661225572,97.3232815600345,208.005106191961,215.611029055736,109.093416850988,205.09013266389
0,0,0,197.893790332676,81.9664354533492,323.781250289068,205.839960264176,0,0,82.6299537488922,249.798812580765,0,192.601533877686,112.793316814908,212.592150359921,151.075371308616,66.5008477853491,226.825099357786,0,202.712457066107,0,227.504408813069,169.453147353278,0,280.376028997576,158.955087279859,137.189596148386,138.425725342224,160.537522273714,0,0,0,0,205.183249704085,0,0,138.33942793804,154.784755881607,0,116.054372245433,84.3635741045246
137.239127032733,0,0,0,0,252.487290983309,0,158.567996645797,0,0,71.5579325720569,0,0,75.4497121078207,120.912756812582,0,231.715271819474,0,0,0,153.672550905948,0,0,0,0,161.302948562323,0,133.218162784108,201.100640800745,193.055010680236,0,134.960780198024,0,193.777661225572,0,0,197.486504603685,179.718364159796,114.511014214502,146.465927798921,161.325017232684
320.356811100276,0,108.381749703452,224.551207449728,195.822649557859,0,261.605527103798,250.461724766314,0,111.226326353722,0,175.196329314064,0,151.036729364761,0,0,135.294330067913,82.4756938751058,217.157696745803,276.620869034647,180.355266595273,0,171.906398392157,0,117.208001126138,283.88658203332,173.538155409849,98.6790043377568,151.01089327964,183.786860782462,146.770754374523,148.808626413748,94.8881692391942,97.3232815600345,138.33942793804,197.486504603685,0,101.85207633558,101.443495235174,163.059043292369,0
0,0,0,0,155.24952173131,161.275817184598,0,0,186.973586461633,0,0,222.053792850439,0,0,228.075434767255,146.814226519809,0,0,231.050882209,146.99041817625,0,115.114253591495,106.128596538706,199.492852797962,0,0,155.901486485736,186.348837226466,192.693757128262,58.3493451392805,0,0,0,208.005106191961,154.784755881607,179.718364159796,101.85207633558,0,0,0,99.3508940827211
161.74915061469,0,190.185165668632,163.945208919892,0,78.9559315574845,0,0,0,0,193.63278243493,0,0,0,137.177378802006,145.74089716123,62.859596780235,0,0,0,0,0,0,173.001559092555,0,70.4221432298295,0,0,0,0,255.441154257905,0,0,215.611029055736,0,114.511014214502,101.443495235174,0,0,99.2646516363145,0
0,306.344527664232,0,154.142998692322,221.805809452716,168.241326865882,119.345624434514,74.5815074003433,204.084074037941,195.314816908693,241.682021696872,92.5568465385234,0,108.136066660554,0,98.417953423071,0,0,224.523755099568,353.822894641502,178.748963182352,0,0,192.135034768848,0,211.840482897052,0,97.3506957544063,89.3673883748406,253.401634605989,0,0,0,109.093416850988,116.054372245433,146.465927798921,163.059043292369,0,99.2646516363145,0,0
103.519938150021,0,0,0,0,0,113.144980278377,0,198.964527389285,115.871357769661,139.792601838991,153.453047983244,219.430938885781,0,0,92.3502314520023,0,140.574866691684,0,0,0,0,0,94.7280504127031,0,263.534399241887,73.1029054543569,172.608400267715,314.611698427915,338.131802716296,139.654362654449,0,142.054529471577,205.09013266389,84.3635741045246,161.325017232684,0,99.3508940827211,0,0,0
