0,0,0,0,0,0,71.4788760670054,0,0,94.9380989123498,0,0,0,0,0,0,0,0,0,0,122.106946855269,0,0,0,0,112.823430872325,0,115.868441404982,0,161.694997919804,0,0,0,0,0,0,0,0,0,0,0
0,0,0,0,0,0,0,0,0,110.384905066973,0,0,0,134.566479261133,0,0,0,0,0,125.416941482916,0,0,80.4367166559625,0,0,101.85207633558,0,0,159.183173818572,0,0,0,0,0,0,0,0,0,0,228.075434767255,0
0,0,0,148.808626413748,0,0,0,0,0,0,0,183.786860782462,0,0,0,280.376028997576,0,0,0,0,0,0,0,0,0,87.8456058929559,0,0,0,0,0,0,0,82.6426202489162,0,0,0,0,0,0,0
0,0,148.808626413748,0,0,0,0,0,0,155.901486485736,81.9664354533492,263.534399241887,0,0,76.5072790361762,197.893790332676,0,0,0,0,204.481117647118,0,0,0,0,94.7280504127031,0,73.1029054543569,0,0,0,0,0,0,0,94.126460729827,188.936291522747,84.3635741045246,314.611698427915,0,0
0,0,0,0,0,135.667029391615,0,111.435629183184,146.99041817625,0,0,0,0,0,0,0,0,0,303.527509149359,134.960780198024,188.851177466023,0,0,0,0,0,173.001559092555,98.2230592632363,306.640284138334,0,112.793316814908,0,0,251.098274723989,0,0,151.01089327964,136.792307586862,193.777661225572,0,0
0,0,0,0,135.667029391615,0,0,0,98.6790043377568,0,98.417953423071,89.9429017381717,0,0,227.504408813069,345.797434674459,94.7529894315991,0,0,321.864157986053,0,96.5937438588657,0,0,0,300.031143529538,190.185165668632,0,0,0,0,0,0,97.5855511246009,0,0,119.728129215699,0,0,0,186.973586461633
71.4788760670054,0,0,0,0,0,0,0,0,0,162.833808134102,0,0,0,0,0,0,89.1590885155172,151.075371308616,0,0,0,0,74.5815074003433,0,177.763106506206,0,139.654362654449,0,0,0,0,323.781250289068,0,206.472608421747,153.672550905948,180.543851962045,114.649126378906,0,335.371040201042,0
0,0,0,0,111.435629183184,0,0,0,0,180.90030328818,90.1317194604647,0,0,0,205.09013266389,0,0,0,0,0,228.792310020318,0,0,146.814226519809,101.5853655613,97.3232815600345,78.8552325762656,0,0,0,0,252.487290983309,0,104.915316975638,125.81518738273,101.605593487621,195.378266313867,99.3508940827211,0,104.369974912428,0
0,0,0,0,146.99041817625,98.6790043377568,0,0,0,192.135034768848,0,0,0,0,0,0,0,0,0,0,0,0,142.385058730083,171.906398392157,0,0,0,0,212.592150359921,141.204637091722,0,195.314816908693,0,215.611029055736,0,0,128.530575464043,0,82.6299537488922,0,0
94.9380989123498,110.384905066973,0,155.901486485736,0,0,0,180.90030328818,192.135034768848,0,0,133.218162784108,0,225.013371621378,0,0,0,0,0,0,0,0,74.4197823064597,94.8881692391942,0,100.812745974529,146.770754374523,171.230058197369,113.144980278377,0,0,0,0,108.381749703452,116.054372245433,209.996727521564,187.77054666536,0,0,0,178.224497384947
0,0,0,81.9664354533492,0,98.417953423071,162.833808134102,90.1317194604647,0,0,0,220.963068032256,0,0,106.533627130087,0,0,0,0,0,0,0,112.349934713559,0,0,0,82.4756938751058,283.88658203332,0,0,0,0,0,135.294330067913,168.241326865882,224.523755099568,172.892533368851,89.707245288964,173.201474590904,283.248188884028,0
0,0,183.786860782462,263.534399241887,0,89.9429017381717,0,0,0,133.218162784108,220.963068032256,0,217.157696745803,93.5029580098427,353.822894641502,0,0,0,0,0,0,0,146.465927798921,158.567996645797,0,191.519780382943,153.609372090384,205.183249704085,0,329.719143597451,0,0,0,259.442917595754,0,219.078548227669,178.683678585178,193.055010680236,180.355266595273,128.405764333981,67.8267069095267
0,0,0,0,0,0,0,0,0,0,0,217.157696745803,0,0,0,0,0,0,0,0,0,0,0,0,0,0,184.249961885477,0,0,0,0,0,0,101.895308036513,125.994729980093,186.348837226466,0,0,0,0,241.682021696872
0,134.566479261133,0,0,0,0,0,0,0,225.013371621378,0,93.5029580098427,0,0,0,0,81.2827395071039,0,0,196.032358954952,0,0,0,174.013630695256,154.065933476765,208.005106191961,0,238.934743274142,0,0,0,137.177378802006,0,0,138.33942793804,0,71.5579325720569,201.100640800745,0,0,101.443495235174
0,0,0,76.5072790361762,0,227.504408813069,0,205.09013266389,0,0,106.533627130087,353.822894641502,0,0,0,0,0,0,289.631679007608,0,58.3493451392805,0,0,0,120.567029282014,0,0,0,0,0,0,0,0,158.955087279859,0,261.605527103798,62.859596780235,261.440278806413,0,0,0
0,0,280.376028997576,197.893790332676,0,345.797434674459,0,0,0,0,0,0,0,0,0,0,0,96.7845769653343,0,0,0,0,0,348.674510760064,0,0,0,218.045528847001,165.597665022977,0,0,232.945974238958,0,0,0,0,0,173.059382066957,0,85.6072705949986,357.423078228283
0,0,0,0,0,94.7529894315991,0,0,0,0,0,0,0,81.2827395071039,0,0,0,0,0,140.574866691684,0,0,106.33736463831,0,0,161.275817184598,0,200.878319874537,0,0,0,0,0,0,92.5207898118833,0,118.522099274347,0,0,253.401634605989,259.055025639447
0,0,0,0,0,0,89.1590885155172,0,0,0,0,0,0,0,0,96.7845769653343,0,0,117.208001126138,0,0,0,160.537522273714,255.441154257905,0,0,150.161410108805,0,0,0,0,0,0,0,236.681907140956,0,70.4221432298295,0,0,214.116367924649,0
0,0,0,0,303.527509149359,0,151.075371308616,0,0,0,0,0,0,0,289.631679007608,0,0,117.208001126138,0,115.332064605654,0,114.511014214502,0,163.059043292369,0,0,0,0,131.969743415579,0,0,0,0,82.1742780037132,231.050882209,0,120.912756812582,0,0,93.4234866874731,0
0,125.416941482916,0,0,134.960780198024,321.864157986053,0,0,0,0,0,0,0,196.032358954952,0,0,140.574866691684,0,115.332064605654,0,0,0,124.853650664477,108.136066660554,0,0,161.302948562323,106.128596538706,213.67670887414,97.3506957544063,0,0,0,124.698445421759,333.645516435298,222.053792850439,0,250.461724766314,0,0,199.492852797962
122.106946855269,0,0,204.481117647118,188.851177466023,0,0,228.792310020318,0,0,0,0,0,0,58.3493451392805,0,0,0,0,0,0,224.551207449728,0,0,0,137.239127032733,219.430938885781,173.538155409849,0,0,0,0,0,0,249.905610015455,0,145.74089716123,309.997227542691,172.608400267715,0,0
0,0,0,0,0,96.5937438588657,0,0,0,0,0,0,0,0,0,0,0,0,114.511014214502,0,224.551207449728,0,0,0,136.685314494491,0,0,0,0,325.937289045041,0,0,0,0,0,143.005810983322,226.825099357786,195.822649557859,0,0,0
0,80.4367166559625,0,0,0,0,0,0,142.385058730083,74.4197823064597,112.349934713559,146.465927798921,0,0,0,0,106.33736463831,160.537522273714,0,124.853650664477,0,0,0,192.601533877686,0,90.7216186966914,0,151.036729364761,94.027247878695,0,0,0,163.945208919892,0,347.376449530863,0,0,0,0,193.63278243493,0
0,0,0,0,0,0,74.5815074003433,146.814226519809,171.906398392157,94.8881692391942,0,158.567996645797,0,174.013630695256,0,348.674510760064,0,255.441154257905,163.059043292369,108.136066660554,0,0,192.601533877686,0,0,109.093416850988,0,0,167.066576495979,115.871357769661,0,0,0,151.806152521152,0,231.715271819474,115.541295036174,138.425725342224,0,115.114253591495,0
0,0,0,0,0,0,0,101.5853655613,0,0,0,0,0,154.065933476765,120.567029282014,0,0,0,0,0,0,136.685314494491,0,0,0,0,0,119.345624434514,85.7623170715703,0,0,0,0,276.620869034647,75.4497121078207,0,201.44584889478,0,0,0,137.189596148386
112.823430872325,101.85207633558,87.8456058929559,94.7280504127031,0,300.031143529538,177.763106506206,97.3232815600345,0,100.812745974529,0,191.519780382943,0,208.005106191961,0,0,161.275817184598,0,0,0,137.239127032733,0,90.7216186966914,109.093416850988,0,0,306.344527664232,101.350815329073,0,0,0,0,0,181.316358113209,0,0,155.24952173131,0,0,198.964527389285,179.718364159796
0,0,0,0,173.001559092555,190.185165668632,0,78.8552325762656,0,146.770754374523,82.4756938751058,153.609372090384,184.249961885477,0,0,0,0,150.161410108805,0,161.302948562323,219.430938885781,0,0,0,0,306.344527664232,0,157.852515740516,241.635434294794,0,0,0,0,240.185081663983,192.693757128262,193.659409924573,139.792601838991,204.084074037941,0,169.742003380707,72.2278283150671
115.868441404982,0,0,73.1029054543569,98.2230592632363,0,139.654362654449,0,0,171.230058197369,283.88658203332,205.183249704085,0,238.934743274142,0,218.045528847001,200.878319874537,0,0,106.128596538706,173.538155409849,0,151.036729364761,0,119.345624434514,101.350815329073,157.852515740516,0,169.453147353278,151.695570509541,211.840482897052,0,0,80.8080171296381,111.226326353722,338.131802716296,221.805809452716,154.142998692322,92.3502314520023,115.194491798135,262.382215657622
0,159.183173818572,0,0,306.640284138334,0,0,0,212.592150359921,113.144980278377,0,0,0,0,0,165.597665022977,0,0,131.969743415579,213.67670887414,0,0,94.027247878695,167.066576495979,85.7623170715703,0,241.635434294794,169.453147353278,0,103.519938150021,61.0664810463559,220.901129804706,0,202.712457066107,92.5568465385234,0,164.032723165762,153.876396855887,0,74.7304794244225,78.9559315574845
161.694997919804,0,0,0,0,0,0,0,141.204637091722,0,0,329.719143597451,0,0,0,0,0,0,0,97.3506957544063,0,325.937289045041,0,115.871357769661,0,0,0,151.695570509541,103.519938150021,0,0,0,0,0,73.4795582048751,0,194.442125915551,0,0,133.984214699576,0
0,0,0,0,112.793316814908,0,0,0,0,0,0,0,0,0,0,0,0,0,0,0,0,0,0,0,0,0,0,211.840482897052,61.0664810463559,0,0,0,0,0,142.054529471577,0,95.7590805983148,0,0,320.356811100276,0
0,0,0,0,0,0,0,252.487290983309,195.314816908693,0,0,0,0,137.177378802006,0,232.945974238958,0,0,0,0,0,0,0,0,0,0,0,0,220.901129804706,0,0,0,0,161.325017232684,0,99.2646516363145,196.04190773555,0,165.893015276821,178.748963182352,66.5008477853491
0,0,0,0,0,0,323.781250289068,0,0,0,0,0,0,0,0,0,0,0,0,0,0,0,163.945208919892,0,0,0,0,0,0,0,0,0,0,89.3673883748406,0,0,0,0,153.453047983244,0,242.790381480436
0,0,82.6426202489162,0,251.098274723989,97.5855511246009,0,104.915316975638,215.611029055736,108.381749703452,135.294330067913,259.442917595754,101.895308036513,0,158.955087279859,0,0,0,82.1742780037132,124.698445421759,0,0,0,151.806152521152,276.620869034647,181.316358113209,240.185081663983,80.8080171296381,202.712457066107,0,0,161.325017232684,89.3673883748406,0,62.311273509377,106.926813611922,154.070293657878,161.74915061469,219.040656038919,249.798812580765,0
0,0,0,0,0,0,206.472608421747,125.81518738273,0,116.054372245433,168.241326865882,0,125.994729980093,138.33942793804,0,0,92.5207898118833,236.681907140956,231.050882209,333.645516435298,249.905610015455,0,347.376449530863,0,75.4497121078207,0,192.693757128262,111.226326353722,92.5568465385234,73.4795582048751,142.054529471577,0,0,62.311273509377,0,116.176698124939,128.846764897717,175.196329314064,321.124897279917,247.66948903751,160.530221557972
0,0,0,94.126460729827,0,0,153.672550905948,101.605593487621,0,209.996727521564,224.523755099568,219.078548227669,186.348837226466,0,261.605527103798,0,0,0,0,222.053792850439,0,143.005810983322,0,231.715271819474,0,0,193.659409924573,338.131802716296,0,0,0,99.2646516363145,0,106.926813611922,116.176698124939,0,0,0,205.839960264176,223.705816669619,269.936825670274
0,0,0,188.936291522747,151.01089327964,119.728129215699,180.543851962045,195.378266313867,128.530575464043,187.77054666536,172.892533368851,178.683678585178,0,71.5579325720569,62.859596780235,0,118.522099274347,70.4221432298295,120.912756812582,0,145.74089716123,226.825099357786,0,115.541295036174,201.44584889478,155.24952173131,139.792601838991,221.805809452716,164.032723165762,194.442125915551,95.7590805983148,196.04190773555,0,154.070293657878,128.846764897717,0,0,0,198.528111506785,154.784755881607,197.486504603685
0,0,0,84.3635741045246,136.792307586862,0,114.649126378906,99.3508940827211,0,0,89.707245288964,193.055010680236,0,201.100640800745,261.440278806413,173.059382066957,0,0,0,250.461724766314,309.997227542691,195.822649557859,0,138.425725342224,0,0,204.084074037941,154.142998692322,153.876396855887,0,0,0,0,161.74915061469,175.196329314064,0,0,0,0,241.57250333243,113.059176128709
0,0,0,314.611698427915,193.777661225572,0,0,0,82.6299537488922,0,173.201474590904,180.355266595273,0,0,0,0,0,0,0,0,172.608400267715,0,0,0,0,0,0,92.3502314520023,0,0,0,165.893015276821,153.453047983244,219.040656038919,321.124897279917,205.839960264176,198.528111506785,0,0,139.93285932648,284.529238481835
0,228.075434767255,0,0,0,0,335.371040201042,104.369974912428,0,0,283.248188884028,128.405764333981,0,0,0,85.6072705949986,253.401634605989,214.116367924649,93.4234866874731,0,0,0,193.63278243493,115.114253591495,0,198.964527389285,169.742003380707,115.194491798135,74.7304794244225,133.984214699576,320.356811100276,178.748963182352,0,249.798812580765,247.66948903751,223.705816669619,154.784755881607,241.57250333243,139.93285932648,0,206.912707094411
0,0,0,0,0,186.973586461633,0,0,0,178.224497384947,0,67.8267069095267,241.682021696872,101.443495235174,0,357.423078228283,259.055025639447,0,0,199.492852797962,0,0,0,0,137.189596148386,179.718364159796,72.2278283150671,262.382215657622,78.9559315574845,0,0,66.5008477853491,242.790381480436,0,160.530221557972,269.936825670274,197.486504603685,113.059176128709,284.529238481835,206.912707094411,0
