0,0,0,0,0,0,208.005106191961,0,0,139.792601838991,0,0,0,0,0,0,0,0,111.226326353722,0,0,0,0,151.695570509541,0,0,300.031143529538,0,0,0,0,0,0,142.054529471577,0,0,0,0,0,0,0
0,0,0,0,0,0,0,0,0,99.2646516363145,314.611698427915,0,0,0,0,0,0,0,0,0,0,0,0,0,85.6072705949986,0,116.176698124939,153.609372090384,0,0,0,0,0,81.9664354533492,269.936825670274,0,0,0,0,0,0
0,0,0,0,0,0,0,0,0,0,117.208001126138,0,0,0,0,0,0,0,0,0,0,0,0,0,0,0,0,191.519780382943,0,0,0,353.822894641502,0,0,0,0,206.912707094411,0,0,186.973586461633,0
0,0,0,0,0,0,205.183249704085,0,0,0,0,174.013630695256,0,0,0,0,0,0,0,0,62.859596780235,251.098274723989,94.9380989123498,0,0,165.597665022977,184.249961885477,168.241326865882,0,303.527509149359,0,0,0,173.538155409849,284.529238481835,0,175.196329314064,201.44584889478,0,0,0
0,0,0,0,0,0,0,0,0,218.045528847001,198.964527389285,0,0,0,58.3493451392805,75.4497121078207,0,0,0,261.440278806413,0,0,0,0,0,0,138.425725342224,193.055010680236,104.369974912428,0,214.116367924649,0,0,0,74.4197823064597,71.5579325720569,202.712457066107,0,139.93285932648,115.332064605654,0
0,0,0,0,0,0,0,157.852515740516,95.7590805983148,0,0,120.567029282014,0,0,0,0,0,0,106.533627130087,0,0,0,87.8456058929559,0,169.453147353278,0,224.523755099568,74.7304794244225,0,0,0,0,0,0,106.128596538706,178.224497384947,173.201474590904,171.230058197369,0,154.070293657878,161.694997919804
208.005106191961,0,0,205.183249704085,0,0,0,0,0,112.349934713559,0,226.825099357786,0,188.936291522747,196.032358954952,0,0,98.2230592632363,0,0,0,0,0,0,0,96.5937438588657,0,141.204637091722,228.075434767255,0,0,0,0,0,115.868441404982,0,221.805809452716,142.385058730083,0,0,0
0,0,0,0,0,157.852515740516,0,0,165.893015276821,219.040656038919,151.036729364761,100.812745974529,197.486504603685,0,0,0,0,0,0,124.853650664477,0,0,82.6299537488922,0,0,137.189596148386,0,0,187.77054666536,0,89.707245288964,0,0,160.530221557972,321.124897279917,0,0,0,150.161410108805,161.325017232684,76.5072790361762
0,0,0,0,0,95.7590805983148,0,165.893015276821,0,0,0,0,0,0,0,153.876396855887,180.543851962045,0,0,0,98.417953423071,0,0,306.344527664232,0,242.790381480436,177.763106506206,0,0,306.640284138334,0,0,0,78.8552325762656,0,0,0,0,0,137.177378802006,0
139.792601838991,99.2646516363145,0,0,218.045528847001,0,112.349934713559,219.040656038919,0,0,0,217.157696745803,0,161.275817184598,106.926813611922,0,0,0,0,0,0,167.066576495979,0,146.99041817625,0,178.683678585178,133.218162784108,195.822649557859,0,0,0,0,0,153.672550905948,136.685314494491,0,220.901129804706,325.937289045041,0,180.355266595273,0
0,314.611698427915,117.208001126138,0,198.964527389285,0,0,151.036729364761,0,0,0,0,0,0,173.059382066957,253.401634605989,0,97.3232815600345,0,136.792307586862,125.81518738273,164.032723165762,0,0,0,241.635434294794,0,74.5815074003433,139.654362654449,172.608400267715,0,0,0,250.461724766314,0,0,224.551207449728,0,0,0,0
0,0,0,174.013630695256,0,120.567029282014,226.825099357786,100.812745974529,0,217.157696745803,0,0,0,138.33942793804,90.7216186966914,101.443495235174,169.742003380707,0,0,98.6790043377568,0,0,0,82.1742780037132,0,116.054372245433,289.631679007608,0,0,0,0,195.378266313867,0,192.601533877686,209.996727521564,90.1317194604647,94.126460729827,186.348837226466,0,134.566479261133,114.649126378906
0,0,0,0,0,0,0,197.486504603685,0,0,0,0,0,0,0,0,0,0,0,0,0,0,0,0,151.075371308616,161.302948562323,0,0,0,0,0,0,0,0,0,0,0,201.100640800745,321.864157986053,0,94.7529894315991
0,0,0,0,0,0,188.936291522747,0,0,161.275817184598,0,138.33942793804,0,0,195.314816908693,0,0,0,259.442917595754,0,0,0,73.1029054543569,345.797434674459,0,0,0,227.504408813069,0,0,0,0,0,0,161.74915061469,133.984214699576,261.605527103798,0,249.905610015455,335.371040201042,134.960780198024
0,0,0,0,58.3493451392805,0,196.032358954952,0,0,106.926813611922,173.059382066957,90.7216186966914,0,195.314816908693,0,247.66948903751,0,0,0,128.846764897717,0,0,0,0,0,0,125.994729980093,309.997227542691,0,0,0,0,0,0,0,0,280.376028997576,0,0,148.808626413748,0
0,0,0,0,75.4497121078207,0,0,0,153.876396855887,0,253.401634605989,101.443495235174,0,0,247.66948903751,0,0,0,0,0,0,0,0,0,0,140.574866691684,0,0,241.682021696872,73.4795582048751,0,0,0,225.013371621378,0,0,222.053792850439,0,0,320.356811100276,0
0,0,0,0,0,0,0,0,180.543851962045,0,0,169.742003380707,0,0,0,0,0,0,211.840482897052,0,112.793316814908,0,125.416941482916,0,0,0,0,236.681907140956,0,0,0,158.955087279859,0,137.239127032733,0,143.005810983322,0,0,0,89.9429017381717,0
0,0,0,0,0,0,98.2230592632363,0,0,0,97.3232815600345,0,0,0,0,0,0,0,158.567996645797,0,0,0,0,0,0,93.5029580098427,212.592150359921,0,0,0,0,96.7845769653343,0,0,0,106.33736463831,80.8080171296381,0,101.85207633558,0,0
111.226326353722,0,0,0,0,106.533627130087,0,0,0,0,0,0,0,259.442917595754,0,0,211.840482897052,158.567996645797,0,0,0,0,0,82.6426202489162,0,0,0,0,115.194491798135,0,0,0,0,252.487290983309,0,154.065933476765,193.63278243493,0,0,92.5568465385234,283.88658203332
0,0,0,0,261.440278806413,0,0,124.853650664477,0,0,136.792307586862,98.6790043377568,0,0,128.846764897717,0,0,0,0,0,113.144980278377,0,0,113.059176128709,103.519938150021,0,101.350815329073,0,89.1590885155172,0,0,0,0,188.851177466023,155.901486485736,193.777661225572,0,220.963068032256,197.893790332676,118.522099274347,223.705816669619
0,0,0,62.859596780235,0,0,0,0,98.417953423071,0,125.81518738273,0,0,0,0,0,112.793316814908,0,0,113.144980278377,0,0,115.114253591495,338.131802716296,111.435629183184,0,0,128.530575464043,0,0,0,0,0,0,101.5853655613,67.8267069095267,84.3635741045246,0,135.667029391615,0,0
0,0,0,251.098274723989,0,0,0,0,0,167.066576495979,164.032723165762,0,0,0,0,0,0,0,0,0,0,0,0,0,0,94.7280504127031,101.895308036513,192.135034768848,0,0,0,0,0,0,110.384905066973,0,112.823430872325,0,0,0,0
0,0,0,94.9380989123498,0,87.8456058929559,0,82.6299537488922,0,0,0,0,0,73.1029054543569,0,0,125.416941482916,0,0,0,115.114253591495,0,0,0,0,172.892533368851,0,204.084074037941,0,0,0,0,0,114.511014214502,92.5207898118833,151.01089327964,131.969743415579,62.311273509377,72.2278283150671,66.5008477853491,0
151.695570509541,0,0,0,0,0,0,0,306.344527664232,146.99041817625,0,82.1742780037132,0,345.797434674459,0,0,0,0,82.6426202489162,113.059176128709,338.131802716296,0,0,0,0,0,151.806152521152,178.748963182352,347.376449530863,109.093416850988,231.050882209,238.934743274142,0,348.674510760064,219.430938885781,192.693757128262,190.185165668632,94.8881692391942,0,0,0
0,85.6072705949986,0,0,0,169.453147353278,0,0,0,0,0,0,151.075371308616,0,0,0,0,0,0,103.519938150021,111.435629183184,0,0,0,0,0,0,80.4367166559625,171.906398392157,205.09013266389,0,0,0,93.4234866874731,0,0,153.453047983244,0,0,0,0
0,0,0,165.597665022977,0,0,96.5937438588657,137.189596148386,242.790381480436,178.683678585178,241.635434294794,116.054372245433,161.302948562323,0,0,140.574866691684,0,93.5029580098427,0,0,0,94.7280504127031,172.892533368851,0,0,0,198.528111506785,0,145.74089716123,0,0,231.715271819474,0,283.248188884028,199.492852797962,323.781250289068,71.4788760670054,0,0,99.3508940827211,0
300.031143529538,116.176698124939,0,184.249961885477,138.425725342224,224.523755099568,0,0,177.763106506206,133.218162784108,0,289.631679007608,0,0,125.994729980093,0,0,212.592150359921,0,101.350815329073,0,101.895308036513,0,151.806152521152,0,198.528111506785,0,119.728129215699,0,0,0,146.465927798921,0,0,263.534399241887,0,215.611029055736,181.316358113209,0,0,183.786860782462
0,153.609372090384,191.519780382943,168.241326865882,193.055010680236,74.7304794244225,141.204637091722,0,0,195.822649557859,74.5815074003433,0,0,227.504408813069,309.997227542691,0,236.681907140956,0,0,0,128.530575464043,192.135034768848,204.084074037941,178.748963182352,80.4367166559625,0,119.728129215699,0,163.059043292369,0,0,101.605593487621,92.3502314520023,61.0664810463559,108.136066660554,255.441154257905,0,333.645516435298,115.871357769661,194.442125915551,81.2827395071039
0,0,0,0,104.369974912428,0,228.075434767255,187.77054666536,0,0,139.654362654449,0,0,0,0,241.682021696872,0,0,115.194491798135,89.1590885155172,0,0,0,347.376449530863,171.906398392157,145.74089716123,0,163.059043292369,0,232.945974238958,104.915316975638,0,124.698445421759,193.659409924573,0,122.106946855269,97.3506957544063,97.5855511246009,204.481117647118,154.142998692322,357.423078228283
0,0,0,303.527509149359,0,0,0,0,306.640284138334,0,172.608400267715,0,0,0,0,73.4795582048751,0,0,0,0,0,0,0,109.093416850988,205.09013266389,0,0,0,232.945974238958,0,0,0,0,128.405764333981,213.67670887414,0,0,0,0,146.814226519809,160.537522273714
0,0,0,0,214.116367924649,0,0,89.707245288964,0,0,0,0,0,0,0,0,0,0,0,0,0,0,0,231.050882209,0,0,0,0,104.915316975638,0,0,0,0,0,0,0,120.912756812582,0,0,0,179.718364159796
0,0,353.822894641502,0,0,0,0,0,0,0,0,195.378266313867,0,0,0,0,158.955087279859,96.7845769653343,0,0,0,0,0,238.934743274142,0,231.715271819474,146.465927798921,101.605593487621,0,0,0,0,0,329.719143597451,0,0,259.055025639447,0,0,0,206.472608421747
0,0,0,0,0,0,0,0,0,0,0,0,0,0,0,0,0,0,0,0,0,0,0,0,0,0,0,92.3502314520023,124.698445421759,0,0,0,0,0,0,0,0,78.9559315574845,0,163.945208919892,94.027247878695
142.054529471577,81.9664354533492,0,173.538155409849,0,0,0,160.530221557972,78.8552325762656,153.672550905948,250.461724766314,192.601533877686,0,0,0,225.013371621378,137.239127032733,0,252.487290983309,188.851177466023,0,0,114.511014214502,348.674510760064,93.4234866874731,283.248188884028,0,61.0664810463559,193.659409924573,128.405764333981,0,329.719143597451,0,0,154.784755881607,241.57250333243,115.541295036174,89.3673883748406,0,85.7623170715703,173.001559092555
0,269.936825670274,0,284.529238481835,74.4197823064597,106.128596538706,115.868441404982,321.124897279917,0,136.685314494491,0,209.996727521564,0,161.74915061469,0,0,0,0,0,155.901486485736,101.5853655613,110.384905066973,92.5207898118833,219.430938885781,0,199.492852797962,263.534399241887,108.136066660554,0,213.67670887414,0,0,0,154.784755881607,0,82.4756938751058,240.185081663983,205.839960264176,228.792310020318,135.294330067913,70.4221432298295
0,0,0,0,71.5579325720569,178.224497384947,0,0,0,0,0,90.1317194604647,0,133.984214699576,0,0,143.005810983322,106.33736463831,154.065933476765,193.777661225572,67.8267069095267,0,151.01089327964,192.693757128262,0,323.781250289068,0,255.441154257905,122.106946855269,0,0,0,0,241.57250333243,82.4756938751058,0,119.345624434514,108.381749703452,0,0,180.90030328818
0,0,206.912707094411,175.196329314064,202.712457066107,173.201474590904,221.805809452716,0,0,220.901129804706,224.551207449728,94.126460729827,0,261.605527103798,280.376028997576,222.053792850439,0,80.8080171296381,193.63278243493,0,84.3635741045246,112.823430872325,131.969743415579,190.185165668632,153.453047983244,71.4788760670054,215.611029055736,0,97.3506957544063,0,120.912756812582,259.055025639447,0,115.541295036174,240.185081663983,119.345624434514,0,219.078548227669,155.24952173131,159.183173818572,162.833808134102
0,0,0,201.44584889478,0,171.230058197369,142.385058730083,0,0,325.937289045041,0,186.348837226466,201.100640800745,0,0,0,0,0,0,220.963068032256,0,0,62.311273509377,94.8881692391942,0,0,181.316358113209,333.645516435298,97.5855511246009,0,0,0,78.9559315574845,89.3673883748406,205.839960264176,108.381749703452,219.078548227669,0,276.620869034647,262.382215657622,196.04190773555
0,0,0,0,139.93285932648,0,0,150.161410108805,0,0,0,0,321.864157986053,249.905610015455,0,0,0,101.85207633558,0,197.893790332676,135.667029391615,0,72.2278283150671,0,0,0,0,115.871357769661,204.481117647118,0,0,0,0,0,228.792310020318,0,155.24952173131,276.620869034647,0,146.770754374523,200.878319874537
0,0,186.973586461633,0,115.332064605654,154.070293657878,0,161.325017232684,137.177378802006,180.355266595273,0,134.566479261133,0,335.371040201042,148.808626413748,320.356811100276,89.9429017381717,0,92.5568465385234,118.522099274347,0,0,66.5008477853491,0,0,99.3508940827211,0,194.442125915551,154.142998692322,146.814226519809,0,0,163.945208919892,85.7623170715703,135.294330067913,0,159.183173818572,262.382215657622,146.770754374523,0,249.798812580765
0,0,0,0,0,161.694997919804,0,76.5072790361762,0,0,0,114.649126378906,94.7529894315991,134.960780198024,0,0,0,0,283.88658203332,223.705816669619,0,0,0,0,0,0,183.786860782462,81.2827395071039,357.423078228283,160.537522273714,179.718364159796,206.472608421747,94.027247878695,173.001559092555,70.4221432298295,180.90030328818,162.833808134102,196.04190773555,200.878319874537,249.798812580765,0
