0,0,0,0,0,142.385058730083,92.3502314520023,0,0,0,0,0,0,325.937289045041,0,154.784755881607,0,0,0,0,0,0,0,0,0,0,0,0,0,0,0,0,0,122.106946855269,0,0,0,0,0,85.6072705949986,0
0,0,0,0,0,0,0,0,0,0,0,0,0,224.523755099568,0,99.2646516363145,0,0,0,0,0,0,0,85.7623170715703,0,0,151.695570509541,0,0,0,0,0,0,0,242.790381480436,0,186.348837226466,0,74.7304794244225,0,0
0,0,0,0,0,0,0,70.4221432298295,159.183173818572,0,0,0,0,0,0,0,0,0,0,0,0,0,0,0,0,0,0,0,251.098274723989,0,0,0,0,0,94.027247878695,0,0,112.793316814908,0,0,0
0,0,0,0,0,0,0,0,0,101.85207633558,0,211.840482897052,0,0,169.742003380707,0,0,0,0,240.185081663983,0,0,115.114253591495,0,333.645516435298,200.878319874537,0,116.176698124939,153.609372090384,0,0,0,0,115.868441404982,0,0,0,0,173.538155409849,261.440278806413,161.74915061469
0,0,0,0,0,0,0,205.839960264176,0,0,0,0,0,0,0,120.567029282014,0,0,0,178.683678585178,0,0,306.640284138334,0,284.529238481835,115.194491798135,106.533627130087,0,93.4234866874731,154.070293657878,0,0,0,153.453047983244,112.349934713559,162.833808134102,195.822649557859,0,0,0,89.1590885155172
142.385058730083,0,0,0,0,0,0,0,0,0,175.196329314064,192.135034768848,0,205.183249704085,232.945974238958,0,0,0,0,0,0,0,0,0,0,0,193.659409924573,92.5207898118833,154.142998692322,0,0,0,0,238.934743274142,192.601533877686,161.694997919804,92.5568465385234,0,0,262.382215657622,205.09013266389
92.3502314520023,0,0,0,0,0,0,0,128.405764333981,165.893015276821,252.487290983309,249.798812580765,0,178.748963182352,0,0,0,0,0,0,0,0,0,0,61.0664810463559,0,0,115.541295036174,67.8267069095267,0,0,0,0,110.384905066973,0,0,0,141.204637091722,0,73.4795582048751,217.157696745803
0,0,70.4221432298295,0,205.839960264176,0,0,0,0,0,0,193.63278243493,81.9664354533492,0,82.4756938751058,0,157.852515740516,0,0,125.416941482916,153.876396855887,0,0,215.611029055736,0,135.667029391615,0,183.786860782462,101.895308036513,0,0,0,0,247.66948903751,213.67670887414,0,0,0,113.144980278377,0,193.055010680236
0,0,159.183173818572,0,0,0,128.405764333981,0,0,0,0,111.226326353722,0,0,0,0,0,0,0,0,145.74089716123,0,94.8881692391942,253.401634605989,0,139.93285932648,0,90.1317194604647,0,0,0,0,0,0,0,115.871357769661,0,0,0,241.57250333243,150.161410108805
0,0,0,101.85207633558,0,0,165.893015276821,0,0,0,0,0,0,101.5853655613,0,180.355266595273,0,0,218.045528847001,220.963068032256,0,163.945208919892,0,71.4788760670054,0,206.912707094411,115.332064605654,104.915316975638,148.808626413748,0,62.311273509377,84.3635741045246,0,231.715271819474,0,0,154.065933476765,89.3673883748406,314.611698427915,0,0
0,0,0,0,0,175.196329314064,252.487290983309,0,0,0,0,0,0,0,161.302948562323,303.527509149359,348.674510760064,0,0,138.33942793804,0,0,178.224497384947,74.5815074003433,0,0,80.4367166559625,250.461724766314,0,114.511014214502,0,0,0,0,0,103.519938150021,231.050882209,118.522099274347,0,347.376449530863,94.7280504127031
0,0,0,211.840482897052,0,192.135034768848,249.798812580765,193.63278243493,111.226326353722,0,0,0,82.6299537488922,104.369974912428,0,0,0,209.996727521564,289.631679007608,101.350815329073,0,0,188.936291522747,80.8080171296381,0,179.718364159796,345.797434674459,125.994729980093,71.5579325720569,0,0,151.036729364761,0,0,0,0,124.853650664477,236.681907140956,0,137.189596148386,87.8456058929559
0,0,0,0,0,0,0,81.9664354533492,0,0,0,82.6299537488922,0,139.654362654449,0,0,0,0,0,0,0,0,0,0,0,0,0,171.906398392157,0,0,0,0,0,0,214.116367924649,0,321.864157986053,0,0,0,0
325.937289045041,224.523755099568,0,0,0,205.183249704085,178.748963182352,0,0,101.5853655613,0,104.369974912428,139.654362654449,0,0,0,0,0,0,195.378266313867,0,0,241.635434294794,153.672550905948,100.812745974529,0,0,187.77054666536,0,0,0,0,0,97.3232815600345,0,0,97.3506957544063,0,0,0,0
0,0,0,169.742003380707,0,232.945974238958,0,82.4756938751058,0,0,161.302948562323,0,0,0,0,199.492852797962,0,0,0,0,0,0,0,158.955087279859,0,0,93.5029580098427,202.712457066107,0,0,0,98.6790043377568,0,197.893790332676,96.7845769653343,0,0,0,0,226.825099357786,0
154.784755881607,99.2646516363145,0,0,120.567029282014,0,0,0,0,180.355266595273,303.527509149359,0,0,0,199.492852797962,0,0,0,0,0,0,0,119.345624434514,0,0,0,300.031143529538,196.032358954952,0,0,0,0,0,163.059043292369,0,0,180.543851962045,0,0,0,0
0,0,0,0,0,0,0,157.852515740516,0,0,348.674510760064,0,0,0,0,0,0,0,94.7529894315991,0,249.905610015455,0,0,97.5855511246009,0,0,0,0,0,0,0,0,94.126460729827,146.99041817625,192.693757128262,0,225.013371621378,0,0,134.960780198024,0
0,0,0,0,0,0,0,0,0,0,0,209.996727521564,0,0,0,0,0,0,0,0,0,0,0,0,0,186.973586461633,0,0,0,0,0,0,0,164.032723165762,0,320.356811100276,197.486504603685,228.792310020318,112.823430872325,96.5937438588657,167.066576495979
0,0,0,0,0,0,0,0,0,218.045528847001,0,289.631679007608,0,0,0,0,94.7529894315991,0,0,81.2827395071039,137.177378802006,0,0,0,190.185165668632,0,90.7216186966914,198.528111506785,0,0,0,78.9559315574845,0,161.325017232684,0,195.314816908693,329.719143597451,0,0,0,0
0,0,0,240.185081663983,178.683678585178,0,0,125.416941482916,0,220.963068032256,138.33942793804,101.350815329073,0,195.378266313867,0,0,0,0,81.2827395071039,0,106.128596538706,0,0,140.574866691684,0,0,0,263.534399241887,151.806152521152,136.685314494491,0,114.649126378906,0,0,94.9380989123498,113.059176128709,0,135.294330067913,0,0,0
0,0,0,0,0,0,0,153.876396855887,145.74089716123,0,0,0,0,0,0,0,249.905610015455,0,137.177378802006,106.128596538706,0,82.6426202489162,0,0,0,0,173.059382066957,0,212.592150359921,0,0,0,0,169.453147353278,151.075371308616,224.551207449728,0,208.005106191961,0,188.851177466023,0
0,0,0,0,0,0,0,0,0,163.945208919892,0,0,0,0,0,0,0,0,0,0,82.6426202489162,0,0,0,0,0,0,222.053792850439,0,0,0,0,0,143.005810983322,0,72.2278283150671,276.620869034647,95.7590805983148,0,0,78.8552325762656
0,0,0,115.114253591495,306.640284138334,0,0,0,94.8881692391942,0,178.224497384947,188.936291522747,0,241.635434294794,0,119.345624434514,0,0,0,0,0,0,0,0,0,261.605527103798,101.443495235174,241.682021696872,220.901129804706,196.04190773555,0,0,0,0,0,146.814226519809,82.1742780037132,128.846764897717,0,0,0
0,85.7623170715703,0,0,0,0,0,215.611029055736,253.401634605989,71.4788760670054,74.5815074003433,80.8080171296381,0,153.672550905948,158.955087279859,0,97.5855511246009,0,0,140.574866691684,0,0,0,0,146.770754374523,0,106.926813611922,0,173.201474590904,353.822894641502,0,0,0,0,108.381749703452,0,201.100640800745,155.901486485736,0,171.230058197369,117.208001126138
0,0,0,333.645516435298,284.529238481835,0,61.0664810463559,0,0,0,0,0,0,100.812745974529,0,0,0,0,190.185165668632,0,0,0,0,146.770754374523,0,0,0,0,0,0,0,0,0,0,219.078548227669,0,75.4497121078207,0,0,74.4197823064597,160.537522273714
0,0,0,200.878319874537,115.194491798135,0,0,135.667029391615,139.93285932648,206.912707094411,0,179.718364159796,0,0,0,0,0,186.973586461633,0,0,0,0,261.605527103798,0,0,0,158.567996645797,0,228.075434767255,206.472608421747,194.442125915551,0,108.136066660554,0,259.442917595754,89.9429017381717,111.435629183184,160.530221557972,280.376028997576,335.371040201042,98.417953423071
0,151.695570509541,0,0,106.533627130087,193.659409924573,0,0,0,115.332064605654,80.4367166559625,345.797434674459,0,0,93.5029580098427,300.031143529538,0,0,90.7216186966914,0,173.059382066957,0,101.443495235174,106.926813611922,0,158.567996645797,0,134.566479261133,0,0,0,119.728129215699,0,120.912756812582,0,0,138.425725342224,177.763106506206,0,99.3508940827211,137.239127032733
0,0,0,116.176698124939,0,92.5207898118833,115.541295036174,183.786860782462,90.1317194604647,104.915316975638,250.461724766314,125.994729980093,171.906398392157,187.77054666536,202.712457066107,196.032358954952,0,0,198.528111506785,263.534399241887,0,222.053792850439,241.682021696872,0,0,0,134.566479261133,0,0,191.519780382943,168.241326865882,98.2230592632363,89.707245288964,125.81518738273,151.01089327964,0,306.344527664232,0,101.605593487621,255.441154257905,259.055025639447
0,0,251.098274723989,153.609372090384,93.4234866874731,154.142998692322,67.8267069095267,101.895308036513,0,148.808626413748,0,71.5579325720569,0,0,0,0,0,0,0,151.806152521152,212.592150359921,0,220.901129804706,173.201474590904,0,228.075434767255,0,0,0,0,0,193.777661225572,0,201.44584889478,0,357.423078228283,198.964527389285,283.248188884028,62.859596780235,204.084074037941,223.705816669619
0,0,0,0,154.070293657878,0,0,0,0,0,114.511014214502,0,0,0,0,0,0,0,0,136.685314494491,0,0,196.04190773555,353.822894641502,0,206.472608421747,0,191.519780382943,0,0,0,0,0,0,338.131802716296,0,142.054529471577,0,227.504408813069,309.997227542691,0
0,0,0,0,0,0,0,0,0,62.311273509377,0,0,0,0,0,0,0,0,0,0,0,0,0,0,0,194.442125915551,0,168.241326865882,0,0,0,0,0,133.984214699576,173.001559092555,172.608400267715,0,0,0,0,0
0,0,0,0,0,0,0,0,0,84.3635741045246,0,151.036729364761,0,0,98.6790043377568,0,0,0,78.9559315574845,114.649126378906,0,0,0,0,0,0,119.728129215699,98.2230592632363,193.777661225572,0,0,0,0,0,172.892533368851,0,136.792307586862,0,0,76.5072790361762,0
0,0,0,0,0,0,0,0,0,0,0,0,0,0,0,0,94.126460729827,0,0,0,0,0,0,0,0,108.136066660554,0,89.707245288964,0,0,0,0,0,0,133.218162784108,0,180.90030328818,0,0,0,0
122.106946855269,0,0,115.868441404982,153.453047983244,238.934743274142,110.384905066973,247.66948903751,0,231.715271819474,0,0,0,97.3232815600345,197.893790332676,163.059043292369,146.99041817625,164.032723165762,161.325017232684,0,169.453147353278,143.005810983322,0,0,0,0,120.912756812582,125.81518738273,201.44584889478,0,133.984214699576,0,0,0,124.698445421759,219.040656038919,155.24952173131,109.093416850988,73.1029054543569,146.465927798921,221.805809452716
0,242.790381480436,94.027247878695,0,112.349934713559,192.601533877686,0,213.67670887414,0,0,0,0,214.116367924649,0,96.7845769653343,0,192.693757128262,0,0,94.9380989123498,151.075371308616,0,0,108.381749703452,219.078548227669,259.442917595754,0,151.01089327964,0,338.131802716296,173.001559092555,172.892533368851,133.218162784108,124.698445421759,0,269.936825670274,165.597665022977,283.88658203332,321.124897279917,106.33736463831,131.969743415579
0,0,0,0,162.833808134102,161.694997919804,0,0,115.871357769661,0,103.519938150021,0,0,0,0,0,0,320.356811100276,195.314816908693,113.059176128709,224.551207449728,72.2278283150671,146.814226519809,0,0,89.9429017381717,0,0,357.423078228283,0,172.608400267715,0,0,219.040656038919,269.936825670274,0,323.781250289068,204.481117647118,184.249961885477,128.530575464043,0
0,186.348837226466,0,0,195.822649557859,92.5568465385234,0,0,0,154.065933476765,231.050882209,124.853650664477,321.864157986053,97.3506957544063,0,180.543851962045,225.013371621378,197.486504603685,329.719143597451,0,0,276.620869034647,82.1742780037132,201.100640800745,75.4497121078207,111.435629183184,138.425725342224,306.344527664232,198.964527389285,142.054529471577,0,136.792307586862,180.90030328818,155.24952173131,165.597665022977,323.781250289068,0,58.3493451392805,66.5008477853491,161.275817184598,219.430938885781
0,0,112.793316814908,0,0,0,141.204637091722,0,0,89.3673883748406,118.522099274347,236.681907140956,0,0,0,0,0,228.792310020318,0,135.294330067913,208.005106191961,95.7590805983148,128.846764897717,155.901486485736,0,160.530221557972,177.763106506206,0,283.248188884028,0,0,0,0,109.093416850988,283.88658203332,204.481117647118,58.3493451392805,0,181.316358113209,116.054372245433,0
0,74.7304794244225,0,173.538155409849,0,0,0,113.144980278377,0,314.611698427915,0,0,0,0,0,0,0,112.823430872325,0,0,0,0,0,0,0,280.376028997576,0,101.605593487621,62.859596780235,227.504408813069,0,0,0,73.1029054543569,321.124897279917,184.249961885477,66.5008477853491,181.316358113209,0,0,174.013630695256
85.6072705949986,0,0,261.440278806413,0,262.382215657622,73.4795582048751,0,241.57250333243,0,347.376449530863,137.189596148386,0,0,226.825099357786,0,134.960780198024,96.5937438588657,0,0,188.851177466023,0,0,171.230058197369,74.4197823064597,335.371040201042,99.3508940827211,255.441154257905,204.084074037941,309.997227542691,0,76.5072790361762,0,146.465927798921,106.33736463831,128.530575464043,161.275817184598,116.054372245433,0,0,139.792601838991
0,0,0,161.74915061469,89.1590885155172,205.09013266389,217.157696745803,193.055010680236,150.161410108805,0,94.7280504127031,87.8456058929559,0,0,0,0,0,167.066576495979,0,0,0,78.8552325762656,0,117.208001126138,160.537522273714,98.417953423071,137.239127032733,259.055025639447,223.705816669619,0,0,0,0,221.805809452716,131.969743415579,0,219.430938885781,0,174.013630695256,139.792601838991,0
