0,0,0,0,0,0,0,0,139.654362654449,0,0,0,0,0,0,0,0,0,0,0,0,0,0,137.189596148386,0,0,0,184.249961885477,0,0,0,0,0,0,0,0,133.218162784108,228.075434767255,0,206.472608421747,0
0,0,0,323.781250289068,0,0,0,0,0,81.2827395071039,0,0,0,0,0,0,0,0,0,138.425725342224,0,0,0,0,0,0,113.059176128709,0,94.7280504127031,0,0,0,0,329.719143597451,0,0,164.032723165762,0,0,0,0
0,0,0,139.792601838991,0,0,0,0,0,0,78.9559315574845,0,0,0,0,151.695570509541,0,0,0,0,0,0,0,0,0,0,0,116.176698124939,0,0,0,0,0,0,0,0,0,99.3508940827211,0,0,0
0,323.781250289068,139.792601838991,0,0,0,0,0,0,0,136.685314494491,171.906398392157,0,178.748963182352,0,0,0,0,0,261.605527103798,0,0,0,0,205.09013266389,0,137.177378802006,221.805809452716,0,134.960780198024,0,0,0,269.936825670274,0,0,283.248188884028,58.3493451392805,0,0,0
0,0,0,0,0,0,0,0,0,0,112.793316814908,196.04190773555,0,0,0,0,154.065933476765,276.620869034647,163.945208919892,0,0,0,0,0,0,0,109.093416850988,224.523755099568,90.7216186966914,0,94.7529894315991,0,0,120.912756812582,0,0,67.8267069095267,0,115.868441404982,169.742003380707,231.050882209
0,0,0,0,0,0,0,259.442917595754,0,161.302948562323,0,151.806152521152,0,165.893015276821,0,0,0,0,0,0,0,0,0,0,0,155.901486485736,98.2230592632363,101.85207633558,89.9429017381717,0,0,0,0,218.045528847001,151.01089327964,306.640284138334,171.230058197369,0,0,101.443495235174,101.5853655613
0,0,0,0,0,0,0,263.534399241887,98.6790043377568,0,0,115.114253591495,0,193.777661225572,0,139.93285932648,0,0,0,255.441154257905,0,0,0,0,0,0,0,0,124.853650664477,0,0,188.851177466023,0,192.693757128262,115.194491798135,0,71.4788760670054,325.937289045041,0,306.344527664232,0
0,0,0,0,0,259.442917595754,263.534399241887,0,0,0,115.332064605654,320.356811100276,0,0,61.0664810463559,224.551207449728,145.74089716123,0,0,0,158.955087279859,192.601533877686,116.054372245433,226.825099357786,0,0,0,104.369974912428,0,0,0,0,0,141.204637091722,0,122.106946855269,0,0,180.355266595273,0,338.131802716296
139.654362654449,0,0,0,0,0,98.6790043377568,0,0,0,151.036729364761,0,0,0,0,0,0,0,0,155.24952173131,0,0,0,0,0,82.6299537488922,106.128596538706,135.294330067913,0,115.541295036174,0,0,0,154.784755881607,96.7845769653343,0,0,135.667029391615,0,0,0
0,81.2827395071039,0,0,0,161.302948562323,0,0,0,0,0,0,0,95.7590805983148,85.6072705949986,238.934743274142,0,289.631679007608,0,240.185081663983,0,0,0,195.378266313867,0,131.969743415579,76.5072790361762,161.275817184598,204.481117647118,225.013371621378,0,161.325017232684,0,0,0,89.3673883748406,193.055010680236,93.4234866874731,0,0,143.005810983322
0,0,78.9559315574845,136.685314494491,112.793316814908,0,0,115.332064605654,151.036729364761,0,0,138.33942793804,0,0,0,0,0,0,199.492852797962,0,0,0,148.808626413748,0,0,192.135034768848,0,190.185165668632,188.936291522747,0,0,0,0,0,0,250.461724766314,253.401634605989,97.3506957544063,0,353.822894641502,174.013630695256
0,0,0,171.906398392157,196.04190773555,151.806152521152,115.114253591495,320.356811100276,0,0,138.33942793804,0,94.9380989123498,249.798812580765,0,0,0,0,92.5568465385234,0,0,0,0,97.3232815600345,219.430938885781,113.144980278377,0,117.208001126138,0,0,0,106.33736463831,0,106.926813611922,73.1029054543569,241.682021696872,66.5008477853491,115.871357769661,0,112.349934713559,172.608400267715
0,0,0,0,0,0,0,0,0,0,0,94.9380989123498,0,0,0,0,0,0,0,0,0,0,252.487290983309,321.124897279917,0,0,0,160.537522273714,0,0,0,0,0,0,0,146.770754374523,180.543851962045,0,0,0,0
0,0,0,178.748963182352,0,165.893015276821,193.777661225572,0,0,95.7590805983148,0,249.798812580765,0,0,222.053792850439,0,0,0,92.5207898118833,0,0,0,0,153.609372090384,0,0,0,0,154.142998692322,0,0,0,198.964527389285,87.8456058929559,259.055025639447,0,0,0,82.1742780037132,0,101.605593487621
0,0,0,0,0,0,0,61.0664810463559,0,85.6072705949986,0,0,0,222.053792850439,0,0,0,0,160.530221557972,209.996727521564,205.183249704085,0,0,0,0,80.4367166559625,0,0,0,0,0,0,0,0,0,179.718364159796,161.694997919804,335.371040201042,0,228.792310020318,173.059382066957
0,0,151.695570509541,0,0,0,139.93285932648,224.551207449728,0,238.934743274142,0,0,0,0,0,0,0,0,0,62.311273509377,0,108.381749703452,0,0,333.645516435298,0,0,195.822649557859,0,0,0,0,0,0,201.100640800745,0,0,0,81.9664354533492,200.878319874537,0
0,0,0,0,154.065933476765,0,0,145.74089716123,0,0,0,0,0,0,0,0,0,0,284.529238481835,0,0,0,247.66948903751,169.453147353278,0,153.672550905948,241.57250333243,0,0,219.040656038919,0,0,0,0,236.681907140956,0,0,214.116367924649,0,0,0
0,0,0,0,276.620869034647,0,0,0,0,289.631679007608,0,0,0,0,0,0,0,0,0,0,194.442125915551,0,146.814226519809,0,0,0,0,89.707245288964,162.833808134102,0,0,0,0,0,178.224497384947,0,98.417953423071,0,0,159.183173818572,0
0,0,0,0,163.945208919892,0,0,0,0,0,199.492852797962,92.5568465385234,0,92.5207898118833,160.530221557972,0,284.529238481835,0,0,0,0,0,0,0,0,0,0,0,173.538155409849,0,0,73.4795582048751,0,347.376449530863,321.864157986053,0,74.7304794244225,0,0,0,153.453047983244
0,138.425725342224,0,261.605527103798,0,0,255.441154257905,0,155.24952173131,240.185081663983,0,0,0,0,209.996727521564,62.311273509377,0,0,0,0,0,108.136066660554,198.528111506785,0,220.901129804706,0,0,0,142.385058730083,0,0,0,0,70.4221432298295,119.345624434514,175.196329314064,94.126460729827,0,0,197.486504603685,94.027247878695
0,0,0,0,0,0,0,158.955087279859,0,0,0,0,0,0,205.183249704085,0,0,194.442125915551,0,0,0,227.504408813069,133.984214699576,106.533627130087,0,84.3635741045246,168.241326865882,82.6426202489162,0,0,0,0,0,0,309.997227542691,0,151.075371308616,0,0,232.945974238958,177.763106506206
0,0,0,0,0,0,0,192.601533877686,0,0,0,0,0,0,0,108.381749703452,0,0,0,108.136066660554,227.504408813069,0,0,0,0,62.859596780235,0,0,0,0,0,0,0,99.2646516363145,0,163.059043292369,0,0,0,0,172.892533368851
0,0,0,0,0,0,0,116.054372245433,0,0,148.808626413748,0,252.487290983309,0,0,0,247.66948903751,146.814226519809,0,198.528111506785,133.984214699576,0,0,345.797434674459,0,0,186.973586461633,261.440278806413,181.316358113209,0,0,0,0,0,101.895308036513,0,114.649126378906,0,241.635434294794,0,100.812745974529
137.189596148386,0,0,0,0,0,0,226.825099357786,0,195.378266313867,0,97.3232815600345,321.124897279917,153.609372090384,0,0,169.453147353278,0,0,0,106.533627130087,0,345.797434674459,0,0,180.90030328818,196.032358954952,125.81518738273,0,0,0,157.852515740516,0,101.350815329073,125.994729980093,119.728129215699,249.905610015455,0,217.157696745803,0,212.592150359921
0,0,0,205.09013266389,0,0,0,0,0,0,0,219.430938885781,0,0,0,333.645516435298,0,0,0,220.901129804706,0,0,0,0,0,0,0,0,0,0,0,0,0,137.239127032733,357.423078228283,0,112.823430872325,93.5029580098427,173.201474590904,110.384905066973,0
0,0,0,0,0,155.901486485736,0,0,82.6299537488922,131.969743415579,192.135034768848,113.144980278377,0,0,80.4367166559625,0,153.672550905948,0,0,0,84.3635741045246,62.859596780235,0,180.90030328818,0,0,146.99041817625,0,72.2278283150671,167.066576495979,0,0,0,211.840482897052,89.1590885155172,0,280.376028997576,96.5937438588657,197.893790332676,251.098274723989,208.005106191961
0,113.059176128709,0,137.177378802006,109.093416850988,98.2230592632363,0,0,106.128596538706,76.5072790361762,0,0,0,0,0,0,241.57250333243,0,0,0,168.241326865882,0,186.973586461633,196.032358954952,0,146.99041817625,0,314.611698427915,71.5579325720569,0,0,0,213.67670887414,201.44584889478,146.465927798921,0,219.078548227669,0,195.314816908693,303.527509149359,136.792307586862
184.249961885477,0,116.176698124939,221.805809452716,224.523755099568,101.85207633558,0,104.369974912428,135.294330067913,161.275817184598,190.185165668632,117.208001126138,160.537522273714,0,0,195.822649557859,0,89.707245288964,0,0,82.6426202489162,0,261.440278806413,125.81518738273,0,0,314.611698427915,0,193.63278243493,142.054529471577,114.511014214502,0,0,348.674510760064,82.4756938751058,74.5815074003433,90.1317194604647,128.405764333981,0,186.348837226466,118.522099274347
0,94.7280504127031,0,0,90.7216186966914,89.9429017381717,124.853650664477,0,0,204.481117647118,188.936291522747,0,0,154.142998692322,0,0,0,162.833808134102,173.538155409849,142.385058730083,0,0,181.316358113209,0,0,72.2278283150671,71.5579325720569,193.63278243493,0,0,150.161410108805,165.597665022977,0,0,124.698445421759,153.876396855887,92.3502314520023,202.712457066107,0,111.226326353722,0
0,0,0,134.960780198024,0,0,0,0,115.541295036174,225.013371621378,0,0,0,0,0,0,219.040656038919,0,0,0,0,0,0,0,0,167.066576495979,0,142.054529471577,0,0,0,0,0,128.846764897717,74.4197823064597,0,242.790381480436,0,134.566479261133,0,85.7623170715703
0,0,0,0,94.7529894315991,0,0,0,0,0,0,0,0,0,0,0,0,0,0,0,0,0,0,0,0,0,0,114.511014214502,150.161410108805,0,0,0,0,193.659409924573,0,0,0,0,262.382215657622,97.5855511246009,0
0,0,0,0,0,0,188.851177466023,0,0,161.325017232684,0,106.33736463831,0,0,0,0,0,0,73.4795582048751,0,0,0,0,157.852515740516,0,0,0,0,165.597665022977,0,0,0,0,183.786860782462,173.001559092555,0,94.8881692391942,191.519780382943,0,128.530575464043,0
0,0,0,0,0,0,0,0,0,0,0,0,0,198.964527389285,0,0,0,0,0,0,0,0,0,0,0,0,213.67670887414,0,0,0,0,0,0,0,140.574866691684,283.88658203332,0,104.915316975638,0,0,0
0,329.719143597451,0,269.936825670274,120.912756812582,218.045528847001,192.693757128262,141.204637091722,154.784755881607,0,0,106.926813611922,0,87.8456058929559,0,0,0,0,347.376449530863,70.4221432298295,0,99.2646516363145,0,101.350815329073,137.239127032733,211.840482897052,201.44584889478,348.674510760064,0,128.846764897717,193.659409924573,183.786860782462,0,0,125.416941482916,187.77054666536,120.567029282014,231.715271819474,205.839960264176,103.519938150021,0
0,0,0,0,0,151.01089327964,115.194491798135,0,96.7845769653343,0,0,73.1029054543569,0,259.055025639447,0,201.100640800745,236.681907140956,178.224497384947,321.864157986053,119.345624434514,309.997227542691,0,101.895308036513,125.994729980093,357.423078228283,89.1590885155172,146.465927798921,82.4756938751058,124.698445421759,74.4197823064597,0,173.001559092555,140.574866691684,125.416941482916,0,158.567996645797,0,0,215.611029055736,154.070293657878,0
0,0,0,0,0,306.640284138334,0,122.106946855269,0,89.3673883748406,250.461724766314,241.682021696872,146.770754374523,0,179.718364159796,0,0,0,0,175.196329314064,0,163.059043292369,0,119.728129215699,0,0,0,74.5815074003433,153.876396855887,0,0,0,283.88658203332,187.77054666536,158.567996645797,0,178.683678585178,80.8080171296381,0,206.912707094411,220.963068032256
133.218162784108,164.032723165762,0,283.248188884028,67.8267069095267,171.230058197369,71.4788760670054,0,0,193.055010680236,253.401634605989,66.5008477853491,180.543851962045,0,161.694997919804,0,0,98.417953423071,74.7304794244225,94.126460729827,151.075371308616,0,114.649126378906,249.905610015455,112.823430872325,280.376028997576,219.078548227669,90.1317194604647,92.3502314520023,242.790381480436,0,94.8881692391942,0,120.567029282014,0,178.683678585178,0,204.084074037941,75.4497121078207,111.435629183184,223.705816669619
228.075434767255,0,99.3508940827211,58.3493451392805,0,0,325.937289045041,0,135.667029391615,93.4234866874731,97.3506957544063,115.871357769661,0,0,335.371040201042,0,214.116367924649,0,0,0,0,0,0,0,93.5029580098427,96.5937438588657,0,128.405764333981,202.712457066107,0,0,191.519780382943,104.915316975638,231.715271819474,0,80.8080171296381,204.084074037941,0,0,300.031143529538,0
0,0,0,0,115.868441404982,0,0,180.355266595273,0,0,0,0,0,82.1742780037132,0,81.9664354533492,0,0,0,0,0,0,241.635434294794,217.157696745803,173.201474590904,197.893790332676,195.314816908693,0,0,134.566479261133,262.382215657622,0,0,205.839960264176,215.611029055736,0,75.4497121078207,0,0,78.8552325762656,0
206.472608421747,0,0,0,169.742003380707,101.443495235174,306.344527664232,0,0,0,353.822894641502,112.349934713559,0,0,228.792310020318,200.878319874537,0,159.183173818572,0,197.486504603685,232.945974238958,0,0,0,110.384905066973,251.098274723989,303.527509149359,186.348837226466,111.226326353722,0,97.5855511246009,128.530575464043,0,103.519938150021,154.070293657878,206.912707094411,111.435629183184,300.031143529538,78.8552325762656,0,161.74915061469
0,0,0,0,231.050882209,101.5853655613,0,338.131802716296,0,143.005810983322,174.013630695256,172.608400267715,0,101.605593487621,173.059382066957,0,0,0,153.453047983244,94.027247878695,177.763106506206,172.892533368851,100.812745974529,212.592150359921,0,208.005106191961,136.792307586862,118.522099274347,0,85.7623170715703,0,0,0,0,0,220.963068032256,223.705816669619,0,0,161.74915061469,0
