0,0,0,0,0,0,0,0,0,0,0,0,0,0,0,0,0,0,0,0,0,0,0,0,0,0,0,181.316358113209,0,241.635434294794,0,0,0,169.453147353278,0,0,0,67.8267069095267,155.901486485736,146.814226519809,0
0,0,0,0,0,0,0,0,0,0,134.960780198024,0,0,0,0,0,0,0,190.185165668632,0,0,0,0,101.85207633558,0,0,0,231.715271819474,0,0,0,0,0,0,150.161410108805,0,173.001559092555,0,0,0,82.1742780037132
0,0,0,0,0,0,0,0,0,0,0,0,0,0,0,0,0,0,0,0,0,0,0,173.059382066957,0,0,0,241.682021696872,101.605593487621,0,0,0,0,98.417953423071,0,141.204637091722,0,0,0,0,0
0,0,0,0,0,0,338.131802716296,0,0,0,0,202.712457066107,0,0,0,0,0,0,125.416941482916,172.608400267715,0,0,0,226.825099357786,0,0,0,0,219.040656038919,0,0,347.376449530863,74.7304794244225,116.054372245433,71.5579325720569,0,143.005810983322,186.973586461633,0,0,222.053792850439
0,0,0,0,0,138.33942793804,195.378266313867,0,0,0,0,117.208001126138,0,0,0,0,0,0,0,0,80.8080171296381,0,0,0,0,199.492852797962,76.5072790361762,124.853650664477,154.070293657878,153.609372090384,0,0,160.530221557972,0,0,186.348837226466,253.401634605989,125.81518738273,135.294330067913,0,0
0,0,0,0,138.33942793804,0,0,0,0,0,58.3493451392805,161.74915061469,183.786860782462,0,0,0,0,0,0,0,94.027247878695,161.694997919804,0,218.045528847001,0,178.224497384947,114.649126378906,204.481117647118,0,0,0,0,0,138.425725342224,0,0,345.797434674459,165.597665022977,0,85.7623170715703,0
0,0,0,338.131802716296,195.378266313867,0,0,0,0,0,251.098274723989,142.054529471577,0,0,0,0,62.311273509377,0,0,213.67670887414,0,0,0,0,0,0,0,0,333.645516435298,0,0,0,0,113.059176128709,84.3635741045246,0,72.2278283150671,329.719143597451,0,283.248188884028,163.059043292369
0,0,0,0,0,0,0,0,94.8881692391942,314.611698427915,232.945974238958,120.567029282014,0,0,0,0,0,0,94.7529894315991,0,252.487290983309,0,0,0,0,247.66948903751,261.605527103798,153.672550905948,289.631679007608,95.7590805983148,0,0,0,219.078548227669,62.859596780235,161.275817184598,112.823430872325,0,0,0,133.984214699576
0,0,0,0,0,0,0,94.8881692391942,0,90.7216186966914,0,0,75.4497121078207,0,0,0,0,0,0,0,0,0,0,0,98.2230592632363,89.3673883748406,280.376028997576,94.7280504127031,0,0,0,0,0,193.055010680236,0,205.839960264176,263.534399241887,249.905610015455,0,0,0
0,0,0,0,0,0,0,314.611698427915,90.7216186966914,0,81.2827395071039,306.344527664232,0,0,0,157.852515740516,0,168.241326865882,0,120.912756812582,223.705816669619,0,99.2646516363145,106.128596538706,154.065933476765,158.567996645797,146.770754374523,87.8456058929559,0,0,0,0,0,175.196329314064,155.24952173131,0,309.997227542691,153.453047983244,0,0,0
0,134.960780198024,0,0,0,58.3493451392805,251.098274723989,232.945974238958,0,81.2827395071039,0,306.640284138334,0,0,82.4756938751058,0,0,0,0,0,0,0,196.032358954952,99.3508940827211,215.611029055736,174.013630695256,214.116367924649,0,140.574866691684,0,0,0,0,0,137.189596148386,0,137.239127032733,0,0,61.0664810463559,0
0,0,0,202.712457066107,117.208001126138,161.74915061469,142.054529471577,120.567029282014,0,306.344527664232,306.640284138334,0,0,0,0,124.698445421759,93.5029580098427,0,0,0,0,0,180.90030328818,250.461724766314,0,108.381749703452,173.201474590904,211.840482897052,0,0,0,0,0,74.5815074003433,139.654362654449,219.430938885781,163.945208919892,284.529238481835,255.441154257905,0,114.511014214502
0,0,0,0,0,183.786860782462,0,0,75.4497121078207,0,0,0,0,0,0,0,0,0,0,104.369974912428,0,0,0,0,0,0,224.523755099568,0,0,0,0,0,0,0,0,188.851177466023,115.871357769661,0,0,0,0
0,0,0,0,0,0,0,0,0,0,0,0,0,0,220.901129804706,66.5008477853491,0,0,0,321.864157986053,0,151.01089327964,325.937289045041,0,0,89.9429017381717,172.892533368851,151.075371308616,269.936825670274,0,131.969743415579,0,113.144980278377,300.031143529538,0,195.314816908693,0,0,0,197.486504603685,0
0,0,0,0,0,0,0,0,0,0,82.4756938751058,0,0,220.901129804706,0,0,93.4234866874731,145.74089716123,0,118.522099274347,0,0,0,221.805809452716,0,0,0,89.1590885155172,206.912707094411,0,0,0,158.955087279859,125.994729980093,153.876396855887,0,0,0,228.075434767255,0,0
0,0,0,0,0,0,0,0,0,157.852515740516,0,124.698445421759,0,66.5008477853491,0,0,0,0,0,0,0,0,0,0,224.551207449728,162.833808134102,119.345624434514,146.99041817625,205.183249704085,0,0,0,0,0,0,0,173.538155409849,0,0,192.601533877686,180.543851962045
0,0,0,0,0,0,62.311273509377,0,0,0,0,93.5029580098427,0,0,93.4234866874731,0,0,0,0,201.44584889478,0,0,0,0,0,135.667029391615,320.356811100276,0,0,0,0,0,0,96.5937438588657,101.895308036513,0,0,0,0,335.371040201042,198.528111506785
0,0,0,0,0,0,0,0,0,168.241326865882,0,0,0,0,145.74089716123,0,0,0,0,0,0,0,0,0,0,122.106946855269,193.659409924573,0,0,96.7845769653343,0,303.527509149359,0,0,115.332064605654,154.784755881607,0,142.385058730083,0,0,0
0,190.185165668632,0,125.416941482916,0,0,0,94.7529894315991,0,0,0,0,0,0,0,0,0,0,0,169.742003380707,192.135034768848,0,184.249961885477,0,0,136.685314494491,0,0,0,0,148.808626413748,0,0,80.4367166559625,0,0,180.355266595273,0,0,128.530575464043,94.126460729827
0,0,0,172.608400267715,0,0,213.67670887414,0,0,120.912756812582,0,0,104.369974912428,321.864157986053,118.522099274347,0,201.44584889478,0,169.742003380707,0,0,193.777661225572,0,0,92.5568465385234,0,0,0,0,0,0,0,0,103.519938150021,104.915316975638,82.6426202489162,97.3506957544063,0,236.681907140956,119.728129215699,128.846764897717
0,0,0,0,80.8080171296381,94.027247878695,0,252.487290983309,0,223.705816669619,0,0,0,0,0,0,0,0,192.135034768848,0,0,0,0,115.868441404982,0,111.226326353722,0,242.790381480436,195.822649557859,0,0,0,0,0,200.878319874537,0,262.382215657622,0,0,209.996727521564,92.5207898118833
0,0,0,0,0,161.694997919804,0,0,0,0,0,0,0,151.01089327964,0,0,0,0,0,193.777661225572,0,0,0,78.9559315574845,0,0,78.8552325762656,227.504408813069,0,0,0,0,0,0,94.9380989123498,0,208.005106191961,0,0,0,0
0,0,0,0,0,0,0,0,0,99.2646516363145,196.032358954952,180.90030328818,0,325.937289045041,0,0,0,0,184.249961885477,0,0,0,0,0,0,159.183173818572,171.906398392157,0,0,151.036729364761,0,0,0,101.443495235174,165.893015276821,89.707245288964,146.465927798921,0,261.440278806413,73.1029054543569,171.230058197369
0,101.85207633558,173.059382066957,226.825099357786,0,218.045528847001,0,0,0,106.128596538706,99.3508940827211,250.461724766314,0,0,221.805809452716,0,0,0,0,0,115.868441404982,78.9559315574845,0,0,0,0,231.050882209,225.013371621378,92.3502314520023,0,0,164.032723165762,0,198.964527389285,81.9664354533492,110.384905066973,108.136066660554,0,0,115.541295036174,0
0,0,0,0,0,0,0,0,98.2230592632363,154.065933476765,215.611029055736,0,0,0,0,224.551207449728,0,0,0,92.5568465385234,0,0,0,0,0,0,0,0,106.533627130087,0,0,0,0,0,191.519780382943,0,357.423078228283,241.57250333243,0,0,178.683678585178
0,0,0,0,199.492852797962,178.224497384947,0,247.66948903751,89.3673883748406,158.567996645797,174.013630695256,108.381749703452,0,89.9429017381717,0,162.833808134102,135.667029391615,122.106946855269,136.685314494491,0,111.226326353722,0,159.183173818572,0,0,0,0,0,0,0,0,0,0,348.674510760064,134.566479261133,0,154.142998692322,206.472608421747,100.812745974529,151.695570509541,0
0,0,0,0,76.5072790361762,114.649126378906,0,261.605527103798,280.376028997576,146.770754374523,214.116367924649,173.201474590904,224.523755099568,172.892533368851,0,119.345624434514,320.356811100276,193.659409924573,0,0,0,78.8552325762656,171.906398392157,231.050882209,0,0,0,238.934743274142,115.194491798135,0,97.5855511246009,0,0,0,0,0,217.157696745803,0,0,167.066576495979,0
181.316358113209,231.715271819474,241.682021696872,0,124.853650664477,204.481117647118,0,153.672550905948,94.7280504127031,87.8456058929559,0,211.840482897052,0,151.075371308616,89.1590885155172,146.99041817625,0,0,0,0,242.790381480436,227.504408813069,0,225.013371621378,0,0,238.934743274142,0,136.792307586862,197.893790332676,106.33736463831,0,0,194.442125915551,205.09013266389,115.114253591495,178.748963182352,201.100640800745,161.325017232684,139.93285932648,71.4788760670054
0,0,101.605593487621,219.040656038919,154.070293657878,0,333.645516435298,289.631679007608,0,0,140.574866691684,0,0,269.936825670274,206.912707094411,205.183249704085,0,0,0,0,195.822649557859,0,0,92.3502314520023,106.533627130087,0,115.194491798135,136.792307586862,0,0,0,193.63278243493,228.792310020318,179.718364159796,240.185081663983,0,0,0,111.435629183184,187.77054666536,109.093416850988
241.635434294794,0,0,0,153.609372090384,0,0,95.7590805983148,0,0,0,0,0,0,0,0,0,96.7845769653343,0,0,0,0,151.036729364761,0,0,0,0,197.893790332676,0,0,0,177.763106506206,0,0,0,151.806152521152,259.442917595754,74.4197823064597,0,249.798812580765,0
0,0,0,0,0,0,0,0,0,0,0,0,0,131.969743415579,0,0,0,0,148.808626413748,0,0,0,0,0,0,0,97.5855511246009,106.33736463831,0,0,0,0,0,0,0,0,276.620869034647,0,0,353.822894641502,0
0,0,0,347.376449530863,0,0,0,0,0,0,0,0,0,0,0,0,0,303.527509149359,0,0,0,0,0,164.032723165762,0,0,0,0,193.63278243493,177.763106506206,0,0,0,133.218162784108,160.537522273714,0,106.926813611922,101.5853655613,112.793316814908,116.176698124939,0
0,0,0,74.7304794244225,160.530221557972,0,0,0,0,0,0,0,0,113.144980278377,158.955087279859,0,0,0,0,0,0,0,0,0,0,0,0,0,228.792310020318,0,0,0,0,0,0,0,0,0,0,0,0
169.453147353278,0,98.417953423071,116.054372245433,0,138.425725342224,113.059176128709,219.078548227669,193.055010680236,175.196329314064,0,74.5815074003433,0,300.031143529538,125.994729980093,0,96.5937438588657,0,80.4367166559625,103.519938150021,0,0,101.443495235174,198.964527389285,0,348.674510760064,0,194.442125915551,179.718364159796,0,0,133.218162784108,0,0,283.88658203332,220.963068032256,0,73.4795582048751,212.592150359921,137.177378802006,192.693757128262
0,150.161410108805,0,71.5579325720569,0,0,84.3635741045246,62.859596780235,0,155.24952173131,137.189596148386,139.654362654449,0,0,153.876396855887,0,101.895308036513,115.332064605654,0,104.915316975638,200.878319874537,94.9380989123498,165.893015276821,81.9664354533492,191.519780382943,134.566479261133,0,205.09013266389,240.185081663983,0,0,160.537522273714,0,283.88658203332,0,259.055025639447,0,101.350815329073,0,85.6072705949986,204.084074037941
0,0,141.204637091722,0,186.348837226466,0,0,161.275817184598,205.839960264176,0,0,219.430938885781,188.851177466023,195.314816908693,0,0,0,154.784755881607,0,82.6426202489162,0,0,89.707245288964,110.384905066973,0,0,0,115.114253591495,0,151.806152521152,0,0,0,220.963068032256,259.055025639447,0,90.1317194604647,196.04190773555,139.792601838991,0,97.3232815600345
0,173.001559092555,0,143.005810983322,253.401634605989,345.797434674459,72.2278283150671,112.823430872325,263.534399241887,309.997227542691,137.239127032733,163.945208919892,115.871357769661,0,0,173.538155409849,0,0,180.355266595273,97.3506957544063,262.382215657622,208.005106191961,146.465927798921,108.136066660554,357.423078228283,154.142998692322,217.157696745803,178.748963182352,0,259.442917595754,276.620869034647,106.926813611922,0,0,0,90.1317194604647,0,321.124897279917,323.781250289068,112.349934713559,70.4221432298295
67.8267069095267,0,0,186.973586461633,125.81518738273,165.597665022977,329.719143597451,0,249.905610015455,153.453047983244,0,284.529238481835,0,0,0,0,0,142.385058730083,0,0,0,0,0,0,241.57250333243,206.472608421747,0,201.100640800745,0,74.4197823064597,0,101.5853655613,0,73.4795582048751,101.350815329073,196.04190773555,321.124897279917,0,0,161.302948562323,188.936291522747
155.901486485736,0,0,0,135.294330067913,0,0,0,0,0,0,255.441154257905,0,0,228.075434767255,0,0,0,0,236.681907140956,0,0,261.440278806413,0,0,100.812745974529,0,161.325017232684,111.435629183184,0,0,112.793316814908,0,212.592150359921,0,139.792601838991,323.781250289068,0,0,98.6790043377568,128.405764333981
146.814226519809,0,0,0,0,85.7623170715703,283.248188884028,0,0,0,61.0664810463559,0,0,197.486504603685,0,192.601533877686,335.371040201042,0,128.530575464043,119.728129215699,209.996727521564,0,73.1029054543569,115.541295036174,0,151.695570509541,167.066576495979,139.93285932648,187.77054666536,249.798812580765,353.822894641502,116.176698124939,0,137.177378802006,85.6072705949986,0,112.349934713559,161.302948562323,98.6790043377568,0,82.6299537488922
0,82.1742780037132,0,222.053792850439,0,0,163.059043292369,133.984214699576,0,0,0,114.511014214502,0,0,0,180.543851962045,198.528111506785,0,94.126460729827,128.846764897717,92.5207898118833,0,171.230058197369,0,178.683678585178,0,0,71.4788760670054,109.093416850988,0,0,0,0,192.693757128262,204.084074037941,97.3232815600345,70.4221432298295,188.936291522747,128.405764333981,82.6299537488922,0
