0,0,0,0,0,138.425725342224,0,108.381749703452,0,131.969743415579,0,0,0,0,0,0,0,0,0,0,0,0,0,71.4788760670054,0,0,82.6299537488922,241.635434294794,0,0,0,0,0,0,0,0,0,0,0,0,0
0,0,0,0,0,0,0,0,0,85.6072705949986,98.6790043377568,231.715271819474,0,0,0,0,0,0,0,0,0,0,0,0,0,92.3502314520023,0,0,0,0,0,0,0,0,0,99.2646516363145,167.066576495979,0,0,112.793316814908,0
0,0,0,0,0,0,0,75.4497121078207,0,0,0,0,0,0,0,0,0,0,0,0,0,0,0,0,118.522099274347,0,0,201.100640800745,338.131802716296,0,0,0,0,186.973586461633,0,0,0,0,0,0,0
0,0,0,0,0,0,0,0,0,0,0,168.241326865882,219.040656038919,154.784755881607,0,179.718364159796,335.371040201042,0,124.853650664477,0,0,0,0,0,0,0,241.57250333243,224.551207449728,98.417953423071,0,0,0,0,93.4234866874731,0,0,0,128.530575464043,0,325.937289045041,110.384905066973
0,0,0,0,0,0,0,0,0,0,0,0,240.185081663983,89.9429017381717,249.905610015455,0,0,0,0,0,226.825099357786,0,0,251.098274723989,0,345.797434674459,89.3673883748406,0,196.032358954952,0,0,180.355266595273,0,136.685314494491,154.142998692322,193.055010680236,306.640284138334,0,0,101.85207633558,0
138.425725342224,0,0,0,0,0,0,0,0,252.487290983309,0,73.1029054543569,0,0,84.3635741045246,0,0,0,206.912707094411,178.683678585178,0,0,0,0,111.435629183184,106.926813611922,0,219.430938885781,82.4756938751058,0,0,0,0,0,146.99041817625,0,188.936291522747,198.528111506785,62.859596780235,0,0
0,0,0,0,0,0,0,206.472608421747,73.4795582048751,0,0,0,0,225.013371621378,163.945208919892,141.204637091722,0,0,0,0,211.840482897052,0,0,306.344527664232,0,0,188.851177466023,0,0,0,0,0,0,0,192.135034768848,104.369974912428,94.7280504127031,0,0,66.5008477853491,139.792601838991
108.381749703452,0,75.4497121078207,0,0,0,206.472608421747,0,0,0,209.996727521564,0,0,0,223.705816669619,0,0,0,0,0,0,0,0,161.694997919804,0,231.050882209,180.543851962045,150.161410108805,0,357.423078228283,0,0,0,228.075434767255,283.88658203332,0,70.4221432298295,0,76.5072790361762,115.868441404982,71.5579325720569
0,0,0,0,0,0,73.4795582048751,0,0,0,0,0,0,115.871357769661,153.609372090384,0,0,0,0,0,0,0,323.781250289068,106.33736463831,0,0,0,0,202.712457066107,0,0,0,0,97.3232815600345,163.059043292369,353.822894641502,90.1317194604647,0,113.144980278377,0,0
131.969743415579,85.6072705949986,0,0,0,252.487290983309,0,0,0,0,201.44584889478,0,0,80.4367166559625,0,0,232.945974238958,90.7216186966914,120.567029282014,0,0,0,173.201474590904,157.852515740516,94.9380989123498,0,128.405764333981,321.124897279917,0,0,0,0,0,137.239127032733,115.194491798135,0,205.09013266389,221.805809452716,0,160.537522273714,0
0,98.6790043377568,0,0,0,0,0,209.996727521564,0,201.44584889478,0,117.208001126138,194.442125915551,0,0,0,0,0,0,0,0,0,125.994729980093,0,0,0,0,154.070293657878,0,72.2278283150671,0,140.574866691684,0,173.001559092555,348.674510760064,172.608400267715,100.812745974529,161.325017232684,183.786860782462,101.5853655613,0
0,231.715271819474,0,168.241326865882,0,73.1029054543569,0,0,0,0,117.208001126138,0,0,113.059176128709,0,0,0,0,0,146.770754374523,161.302948562323,0,153.453047983244,204.481117647118,0,109.093416850988,0,151.036729364761,320.356811100276,67.8267069095267,101.443495235174,0,61.0664810463559,289.631679007608,205.839960264176,106.128596538706,255.441154257905,158.955087279859,0,0,165.893015276821
0,0,0,219.040656038919,240.185081663983,0,0,0,0,0,194.442125915551,0,0,0,0,0,0,0,0,0,0,74.5815074003433,0,0,160.530221557972,0,173.059382066957,0,0,0,0,0,0,0,0,0,0,0,0,0,0
0,0,0,154.784755881607,89.9429017381717,0,225.013371621378,0,115.871357769661,80.4367166559625,0,113.059176128709,0,0,0,0,115.332064605654,0,0,133.218162784108,0,0,165.597665022977,0,0,0,0,0,161.74915061469,0,0,0,0,0,0,227.504408813069,192.693757128262,125.81518738273,0,0,321.864157986053
0,0,0,0,249.905610015455,84.3635741045246,163.945208919892,223.705816669619,153.609372090384,0,0,0,0,0,0,0,134.566479261133,0,0,0,181.316358113209,0,0,0,191.519780382943,142.054529471577,0,0,0,0,0,0,0,0,0,145.74089716123,143.005810983322,300.031143529538,0,0,0
0,0,0,179.718364159796,0,0,141.204637091722,0,0,0,0,0,0,0,0,0,0,220.963068032256,93.5029580098427,0,0,0,0,0,0,0,142.385058730083,0,218.045528847001,0,0,0,0,0,78.9559315574845,114.649126378906,347.376449530863,0,212.592150359921,0,259.442917595754
0,0,0,335.371040201042,0,0,0,0,0,232.945974238958,0,0,0,115.332064605654,134.566479261133,0,0,0,0,196.04190773555,0,0,128.846764897717,0,0,0,0,158.567996645797,0,0,0,0,0,192.601533877686,0,0,161.275817184598,151.075371308616,0,0,0
0,0,0,0,0,0,0,0,0,90.7216186966914,0,0,0,0,0,220.963068032256,0,0,0,0,0,0,0,0,0,195.378266313867,0,108.136066660554,0,0,0,0,0,82.6426202489162,204.084074037941,0,139.93285932648,0,0,249.798812580765,329.719143597451
0,0,0,124.853650664477,0,206.912707094411,0,0,0,120.567029282014,0,0,0,0,0,93.5029580098427,0,0,0,0,122.106946855269,0,0,115.114253591495,0,309.997227542691,0,94.027247878695,200.878319874537,0,0,0,0,333.645516435298,146.814226519809,0,0,0,0,238.934743274142,0
0,0,0,0,0,178.683678585178,0,0,0,0,0,146.770754374523,0,133.218162784108,0,0,196.04190773555,0,0,0,0,0,116.176698124939,199.492852797962,58.3493451392805,82.1742780037132,280.376028997576,214.116367924649,0,205.183249704085,0,0,0,177.763106506206,224.523755099568,219.078548227669,159.183173818572,0,151.01089327964,0,180.90030328818
0,0,0,0,226.825099357786,0,211.840482897052,0,0,0,0,161.302948562323,0,0,181.316358113209,0,0,0,122.106946855269,0,0,78.8552325762656,101.605593487621,114.511014214502,0,0,0,193.659409924573,0,0,0,0,0,0,250.461724766314,0,259.055025639447,120.912756812582,0,0,125.416941482916
0,0,0,0,0,0,0,0,0,0,0,0,74.5815074003433,0,0,0,0,0,0,0,78.8552325762656,0,0,0,0,92.5568465385234,0,0,0,0,0,0,0,133.984214699576,0,0,153.876396855887,0,137.177378802006,119.345624434514,139.654362654449
0,0,0,0,0,0,0,0,323.781250289068,173.201474590904,125.994729980093,153.453047983244,0,165.597665022977,0,0,128.846764897717,0,0,116.176698124939,101.605593487621,0,0,0,0,0,0,97.3506957544063,187.77054666536,283.248188884028,0,0,0,0,0,284.529238481835,263.534399241887,85.7623170715703,0,0,151.695570509541
71.4788760670054,0,0,0,251.098274723989,0,306.344527664232,161.694997919804,106.33736463831,157.852515740516,0,204.481117647118,0,0,0,0,0,0,115.114253591495,199.492852797962,114.511014214502,0,0,0,0,101.350815329073,80.8080171296381,184.249961885477,0,0,0,195.314816908693,0,119.728129215699,0,0,96.7845769653343,136.792307586862,62.311273509377,146.465927798921,0
0,0,118.522099274347,0,0,111.435629183184,0,0,0,94.9380989123498,0,0,160.530221557972,0,191.519780382943,0,0,0,0,58.3493451392805,0,0,0,0,0,0,0,0,173.538155409849,0,0,0,0,0,104.915316975638,0,0,0,0,98.2230592632363,253.401634605989
0,92.3502314520023,0,0,345.797434674459,106.926813611922,0,231.050882209,0,0,0,109.093416850988,0,0,142.054529471577,0,0,195.378266313867,309.997227542691,82.1742780037132,0,92.5568465385234,0,101.350815329073,0,0,242.790381480436,208.005106191961,0,0,0,0,0,112.349934713559,228.792310020318,97.5855511246009,137.189596148386,162.833808134102,0,155.901486485736,178.748963182352
82.6299537488922,0,0,241.57250333243,89.3673883748406,0,188.851177466023,180.543851962045,0,128.405764333981,0,0,173.059382066957,0,0,142.385058730083,0,0,0,280.376028997576,0,0,0,80.8080171296381,0,242.790381480436,0,0,197.486504603685,0,74.7304794244225,186.348837226466,0,138.33942793804,0,0,89.707245288964,262.382215657622,94.8881692391942,135.294330067913,222.053792850439
241.635434294794,0,201.100640800745,224.551207449728,0,219.430938885781,0,150.161410108805,0,321.124897279917,154.070293657878,151.036729364761,0,0,0,0,158.567996645797,108.136066660554,94.027247878695,214.116367924649,193.659409924573,0,97.3506957544063,184.249961885477,0,208.005106191961,0,0,193.63278243493,220.901129804706,0,169.453147353278,0,171.230058197369,92.5207898118833,151.806152521152,164.032723165762,261.440278806413,217.157696745803,276.620869034647,195.822649557859
0,0,338.131802716296,98.417953423071,196.032358954952,82.4756938751058,0,0,202.712457066107,0,0,320.356811100276,0,161.74915061469,0,218.045528847001,0,0,200.878319874537,0,0,0,187.77054666536,0,173.538155409849,0,197.486504603685,193.63278243493,0,96.5937438588657,153.672550905948,241.682021696872,81.9664354533492,215.611029055736,174.013630695256,0,0,0,135.667029391615,148.808626413748,0
0,0,0,0,0,0,0,357.423078228283,0,0,72.2278283150671,67.8267069095267,0,0,0,0,0,0,0,205.183249704085,0,0,283.248188884028,0,0,0,0,220.901129804706,96.5937438588657,0,0,94.7529894315991,0,155.24952173131,0,213.67670887414,0,0,0,197.893790332676,0
0,0,0,0,0,0,0,0,0,0,0,101.443495235174,0,0,0,0,0,0,0,0,0,0,0,0,0,0,74.7304794244225,0,153.672550905948,0,0,0,0,0,154.065933476765,0,178.224497384947,0,112.823430872325,0,0
0,0,0,0,180.355266595273,0,0,0,0,0,140.574866691684,0,0,0,0,0,0,0,0,0,0,0,0,195.314816908693,0,0,186.348837226466,169.453147353278,241.682021696872,94.7529894315991,0,0,169.742003380707,236.681907140956,0,0,0,74.4197823064597,0,103.519938150021,0
0,0,0,0,0,0,0,0,0,0,0,61.0664810463559,0,0,0,0,0,0,0,0,0,0,0,0,0,0,0,0,81.9664354533492,0,0,169.742003380707,0,116.054372245433,0,0,0,0,0,175.196329314064,0
0,0,186.973586461633,93.4234866874731,136.685314494491,0,0,228.075434767255,97.3232815600345,137.239127032733,173.001559092555,289.631679007608,0,0,0,0,192.601533877686,82.6426202489162,333.645516435298,177.763106506206,0,133.984214699576,0,119.728129215699,0,112.349934713559,138.33942793804,171.230058197369,215.611029055736,155.24952173131,0,236.681907140956,116.054372245433,0,81.2827395071039,95.7590805983148,89.1590885155172,0,0,269.936825670274,99.3508940827211
0,0,0,0,154.142998692322,146.99041817625,192.135034768848,283.88658203332,163.059043292369,115.194491798135,348.674510760064,205.839960264176,0,0,0,78.9559315574845,0,204.084074037941,146.814226519809,224.523755099568,250.461724766314,0,0,0,104.915316975638,228.792310020318,0,92.5207898118833,174.013630695256,0,154.065933476765,0,0,81.2827395071039,0,190.185165668632,101.895308036513,134.960780198024,106.533627130087,303.527509149359,115.541295036174
0,99.2646516363145,0,0,193.055010680236,0,104.369974912428,0,353.822894641502,0,172.608400267715,106.128596538706,0,227.504408813069,145.74089716123,114.649126378906,0,0,0,219.078548227669,0,0,284.529238481835,0,0,97.5855511246009,0,151.806152521152,0,213.67670887414,0,0,0,95.7590805983148,190.185165668632,0,87.8456058929559,261.605527103798,0,0,94.126460729827
0,167.066576495979,0,0,306.640284138334,188.936291522747,94.7280504127031,70.4221432298295,90.1317194604647,205.09013266389,100.812745974529,255.441154257905,0,192.693757128262,143.005810983322,347.376449530863,161.275817184598,139.93285932648,0,159.183173818572,259.055025639447,153.876396855887,263.534399241887,96.7845769653343,0,137.189596148386,89.707245288964,164.032723165762,0,0,178.224497384947,0,0,89.1590885155172,101.895308036513,87.8456058929559,0,172.892533368851,193.777661225572,171.906398392157,111.226326353722
0,0,0,128.530575464043,0,198.528111506785,0,0,0,221.805809452716,161.325017232684,158.955087279859,0,125.81518738273,300.031143529538,0,151.075371308616,0,0,0,120.912756812582,0,85.7623170715703,136.792307586862,0,162.833808134102,262.382215657622,261.440278806413,0,0,0,74.4197823064597,0,0,134.960780198024,261.605527103798,172.892533368851,0,0,247.66948903751,198.964527389285
0,0,0,0,0,62.859596780235,0,76.5072790361762,113.144980278377,0,183.786860782462,0,0,0,0,212.592150359921,0,0,0,151.01089327964,0,137.177378802006,0,62.311273509377,0,0,94.8881692391942,217.157696745803,135.667029391615,0,112.823430872325,0,0,0,106.533627130087,0,193.777661225572,0,0,314.611698427915,0
0,112.793316814908,0,325.937289045041,101.85207633558,0,66.5008477853491,115.868441404982,0,160.537522273714,101.5853655613,0,0,0,0,0,0,249.798812580765,238.934743274142,0,0,119.345624434514,0,146.465927798921,98.2230592632363,155.901486485736,135.294330067913,276.620869034647,148.808626413748,197.893790332676,0,103.519938150021,175.196329314064,269.936825670274,303.527509149359,0,171.906398392157,247.66948903751,314.611698427915,0,124.698445421759
0,0,0,110.384905066973,0,0,139.792601838991,71.5579325720569,0,0,0,165.893015276821,0,321.864157986053,0,259.442917595754,0,329.719143597451,0,180.90030328818,125.416941482916,139.654362654449,151.695570509541,0,253.401634605989,178.748963182352,222.053792850439,195.822649557859,0,0,0,0,0,99.3508940827211,115.541295036174,94.126460729827,111.226326353722,198.964527389285,0,124.698445421759,0
