0,0,0,0,0,0,0,0,0,73.4795582048751,89.1590885155172,306.344527664232,0,0,0,0,0,0,0,0,0,0,0,0,0,89.3673883748406,171.230058197369,134.960780198024,0,0,0,0,0,0,0,0,0,0,0,0,0
0,0,0,0,0,0,0,0,0,0,0,0,0,0,0,0,0,0,0,0,0,0,0,0,0,0,0,74.4197823064597,0,117.208001126138,0,0,0,0,139.654362654449,137.177378802006,0,0,345.797434674459,92.5568465385234,320.356811100276
0,0,0,0,0,0,0,0,0,0,0,0,0,0,0,0,0,0,0,160.537522273714,0,0,206.472608421747,0,0,0,0,193.777661225572,112.823430872325,0,0,0,0,0,0,0,172.608400267715,0,0,0,0
0,0,0,0,106.533627130087,0,0,116.054372245433,0,0,0,128.530575464043,0,161.325017232684,108.381749703452,0,0,0,0,0,197.893790332676,0,70.4221432298295,111.435629183184,0,0,192.693757128262,0,0,0,0,0,0,0,314.611698427915,0,0,186.348837226466,99.2646516363145,231.715271819474,0
0,0,0,106.533627130087,0,0,0,0,0,0,0,167.066576495979,0,0,0,0,168.241326865882,0,220.901129804706,289.631679007608,0,0,0,161.74915061469,0,155.24952173131,0,0,133.218162784108,94.027247878695,0,0,0,0,309.997227542691,329.719143597451,188.936291522747,0,104.369974912428,0,85.6072705949986
0,0,0,0,0,0,0,0,0,151.036729364761,0,228.075434767255,0,161.302948562323,0,78.9559315574845,0,0,0,0,0,0,0,0,0,0,0,122.106946855269,0,0,137.189596148386,0,151.075371308616,228.792310020318,173.001559092555,100.812745974529,284.529238481835,94.126460729827,0,280.376028997576,124.853650664477
0,0,0,0,0,0,0,158.567996645797,0,0,94.7529894315991,0,0,0,0,140.574866691684,0,0,0,0,0,0,0,0,0,173.059382066957,262.382215657622,81.2827395071039,115.868441404982,205.839960264176,0,0,0,0,0,0,148.808626413748,58.3493451392805,175.196329314064,357.423078228283,153.609372090384
0,0,0,116.054372245433,0,0,158.567996645797,0,0,0,188.851177466023,0,0,348.674510760064,0,0,155.901486485736,0,125.81518738273,0,0,0,0,199.492852797962,90.1317194604647,0,0,115.871357769661,98.6790043377568,0,111.226326353722,0,0,259.055025639447,323.781250289068,138.425725342224,161.694997919804,0,0,232.945974238958,0
0,0,0,0,0,0,0,0,0,157.852515740516,101.605593487621,0,0,0,0,82.6299537488922,0,0,0,0,0,0,205.09013266389,0,0,191.519780382943,0,205.183249704085,0,0,0,112.349934713559,0,0,66.5008477853491,0,0,225.013371621378,0,135.667029391615,269.936825670274
73.4795582048751,0,0,0,0,151.036729364761,0,0,157.852515740516,0,0,325.937289045041,0,103.519938150021,0,0,0,0,0,276.620869034647,0,0,0,101.350815329073,0,101.895308036513,214.116367924649,206.912707094411,241.57250333243,0,0,0,0,135.294330067913,169.453147353278,241.682021696872,75.4497121078207,0,261.605527103798,90.7216186966914,261.440278806413
89.1590885155172,0,0,0,0,0,94.7529894315991,188.851177466023,101.605593487621,0,0,0,0,0,0,0,0,300.031143529538,146.814226519809,106.128596538706,0,0,0,180.90030328818,0,0,71.4788760670054,94.9380989123498,180.543851962045,0,0,184.249961885477,0,67.8267069095267,95.7590805983148,101.443495235174,74.7304794244225,0,0,0,0
306.344527664232,0,0,128.530575464043,167.066576495979,228.075434767255,0,0,0,325.937289045041,0,0,0,163.059043292369,151.01089327964,211.840482897052,0,0,0,333.645516435298,0,0,0,134.566479261133,0,347.376449530863,202.712457066107,146.770754374523,136.685314494491,0,128.405764333981,0,0,0,171.906398392157,238.934743274142,82.1742780037132,164.032723165762,139.792601838991,193.055010680236,0
0,0,0,0,0,0,0,0,0,0,0,0,0,0,0,0,0,0,0,306.640284138334,0,252.487290983309,0,0,0,200.878319874537,0,0,174.013630695256,0,0,0,0,160.530221557972,101.5853655613,0,0,0,0,0,0
0,0,0,161.325017232684,0,161.302948562323,0,348.674510760064,0,103.519938150021,0,163.059043292369,0,0,0,0,0,0,0,0,0,85.7623170715703,0,0,133.984214699576,0,0,114.649126378906,120.912756812582,0,0,0,0,186.973586461633,93.5029580098427,0,195.822649557859,236.681907140956,0,0,93.4234866874731
0,0,0,108.381749703452,0,0,0,0,0,0,0,151.01089327964,0,0,0,0,0,0,80.4367166559625,82.4756938751058,0,0,0,0,146.99041817625,263.534399241887,158.955087279859,76.5072790361762,0,0,0,0,0,0,0,0,115.194491798135,178.748963182352,0,172.892533368851,92.3502314520023
0,0,0,0,0,78.9559315574845,140.574866691684,0,82.6299537488922,0,0,211.840482897052,0,0,0,0,0,0,195.314816908693,204.481117647118,0,0,0,0,0,0,0,0,0,87.8456058929559,0,0,0,0,178.683678585178,204.084074037941,0,0,0,142.385058730083,120.567029282014
0,0,0,0,168.241326865882,0,0,155.901486485736,0,0,0,0,0,0,0,0,0,0,0,0,0,0,0,198.964527389285,97.3232815600345,0,98.2230592632363,0,81.9664354533492,0,0,0,0,220.963068032256,0,0,94.7280504127031,106.926813611922,0,0,335.371040201042
0,0,0,0,0,0,0,0,0,0,300.031143529538,0,0,0,0,0,0,0,0,0,0,0,0,161.275817184598,0,0,0,0,241.635434294794,0,231.050882209,0,0,116.176698124939,0,0,251.098274723989,142.054529471577,0,259.442917595754,283.248188884028
0,0,0,0,220.901129804706,0,0,125.81518738273,0,0,146.814226519809,0,0,0,80.4367166559625,195.314816908693,0,0,0,0,0,283.88658203332,0,108.136066660554,338.131802716296,0,0,0,0,0,0,0,0,131.969743415579,62.311273509377,0,192.135034768848,0,0,177.763106506206,0
0,0,160.537522273714,0,289.631679007608,0,0,0,0,276.620869034647,106.128596538706,333.645516435298,306.640284138334,0,82.4756938751058,204.481117647118,0,0,0,0,0,250.461724766314,154.142998692322,0,187.77054666536,0,153.672550905948,97.5855511246009,61.0664810463559,0,0,0,0,78.8552325762656,0,0,173.201474590904,0,0,115.332064605654,0
0,0,0,197.893790332676,0,0,0,0,0,0,0,0,0,0,0,0,0,0,0,0,0,353.822894641502,180.355266595273,115.114253591495,0,0,104.915316975638,197.486504603685,0,0,0,0,0,0,125.416941482916,222.053792850439,173.538155409849,153.453047983244,240.185081663983,141.204637091722,154.070293657878
0,0,0,0,0,0,0,0,0,0,0,0,252.487290983309,85.7623170715703,0,0,0,0,283.88658203332,250.461724766314,353.822894641502,0,150.161410108805,0,0,0,0,0,0,0,0,0,0,0,0,0,0,114.511014214502,0,169.742003380707,0
0,0,206.472608421747,70.4221432298295,0,0,0,0,205.09013266389,0,0,0,0,0,0,0,0,0,0,154.142998692322,180.355266595273,150.161410108805,0,213.67670887414,0,97.3506957544063,190.185165668632,0,0,0,0,0,0,118.522099274347,128.846764897717,212.592150359921,124.698445421759,0,247.66948903751,96.5937438588657,0
0,0,0,111.435629183184,161.74915061469,0,0,199.492852797962,0,101.350815329073,180.90030328818,134.566479261133,0,0,0,0,198.964527389285,161.275817184598,108.136066660554,0,115.114253591495,0,213.67670887414,0,0,125.994729980093,0,0,0,80.8080171296381,0,110.384905066973,0,165.893015276821,0,113.144980278377,82.6426202489162,198.528111506785,0,0,154.065933476765
0,0,0,0,0,0,0,90.1317194604647,0,0,0,0,0,133.984214699576,146.99041817625,0,97.3232815600345,0,338.131802716296,187.77054666536,0,0,0,0,0,0,218.045528847001,106.33736463831,0,0,0,255.441154257905,0,96.7845769653343,0,0,0,0,0,0,0
89.3673883748406,0,0,0,155.24952173131,0,173.059382066957,0,191.519780382943,101.895308036513,0,347.376449530863,200.878319874537,0,263.534399241887,0,0,0,0,0,0,0,97.3506957544063,125.994729980093,0,0,223.705816669619,321.124897279917,303.527509149359,138.33942793804,0,193.63278243493,0,217.157696745803,99.3508940827211,0,196.04190773555,89.707245288964,0,321.864157986053,0
171.230058197369,0,0,192.693757128262,0,0,262.382215657622,0,0,214.116367924649,71.4788760670054,202.712457066107,0,0,158.955087279859,0,98.2230592632363,0,0,153.672550905948,104.915316975638,0,190.185165668632,0,218.045528847001,223.705816669619,0,137.239127032733,139.93285932648,0,0,0,0,163.945208919892,89.9429017381717,165.597665022977,72.2278283150671,0,159.183173818572,0,0
134.960780198024,74.4197823064597,193.777661225572,0,0,122.106946855269,81.2827395071039,115.871357769661,205.183249704085,206.912707094411,94.9380989123498,146.770754374523,0,114.649126378906,76.5072790361762,0,0,0,0,97.5855511246009,197.486504603685,0,0,0,106.33736463831,321.124897279917,137.239127032733,0,224.523755099568,183.786860782462,0,0,0,249.798812580765,109.093416850988,151.806152521152,227.504408813069,154.784755881607,62.859596780235,113.059176128709,201.100640800745
0,0,112.823430872325,0,133.218162784108,0,115.868441404982,98.6790043377568,0,241.57250333243,180.543851962045,136.685314494491,174.013630695256,120.912756812582,0,0,81.9664354533492,241.635434294794,0,61.0664810463559,0,0,0,0,0,303.527509149359,139.93285932648,224.523755099568,0,119.728129215699,0,0,0,119.345624434514,0,219.078548227669,181.316358113209,0,92.5207898118833,0,112.793316814908
0,117.208001126138,0,0,94.027247878695,0,205.839960264176,0,0,0,0,0,0,0,0,87.8456058929559,0,0,0,0,0,0,0,80.8080171296381,0,138.33942793804,0,183.786860782462,119.728129215699,0,0,0,0,208.005106191961,74.5815074003433,0,215.611029055736,0,0,0,0
0,0,0,0,0,137.189596148386,0,111.226326353722,0,0,0,128.405764333981,0,0,0,0,0,231.050882209,0,0,0,0,0,0,0,0,0,0,0,0,0,224.551207449728,0,0,0,0,0,0,0,226.825099357786,0
0,0,0,0,0,0,0,0,112.349934713559,0,184.249961885477,0,0,0,0,0,0,0,0,0,0,0,0,110.384905066973,255.441154257905,193.63278243493,0,0,0,0,224.551207449728,0,115.541295036174,151.695570509541,0,0,136.792307586862,201.44584889478,0,94.8881692391942,0
0,0,0,0,0,151.075371308616,0,0,0,0,0,0,0,0,0,0,0,0,0,0,0,0,0,0,0,0,0,0,0,0,0,115.541295036174,0,0,0,0,146.465927798921,0,162.833808134102,0,178.224497384947
0,0,0,0,0,228.792310020318,0,259.055025639447,0,135.294330067913,67.8267069095267,0,160.530221557972,186.973586461633,0,0,220.963068032256,116.176698124939,131.969743415579,78.8552325762656,0,0,118.522099274347,165.893015276821,96.7845769653343,217.157696745803,163.945208919892,249.798812580765,119.345624434514,208.005106191961,0,151.695570509541,0,0,98.417953423071,101.85207633558,143.005810983322,196.032358954952,253.401634605989,84.3635741045246,73.1029054543569
0,139.654362654449,0,314.611698427915,309.997227542691,173.001559092555,0,323.781250289068,66.5008477853491,169.453147353278,95.7590805983148,171.906398392157,101.5853655613,93.5029580098427,0,178.683678585178,0,0,62.311273509377,0,125.416941482916,0,128.846764897717,0,0,99.3508940827211,89.9429017381717,109.093416850988,0,74.5815074003433,0,0,0,98.417953423071,0,145.74089716123,219.040656038919,242.790381480436,153.876396855887,71.5579325720569,0
0,137.177378802006,0,0,329.719143597451,100.812745974529,0,138.425725342224,0,241.682021696872,101.443495235174,238.934743274142,0,0,0,204.084074037941,0,0,0,0,222.053792850439,0,212.592150359921,113.144980278377,0,0,165.597665022977,151.806152521152,219.078548227669,0,0,0,0,101.85207633558,145.74089716123,0,179.718364159796,0,0,219.430938885781,195.378266313867
0,0,172.608400267715,0,188.936291522747,284.529238481835,148.808626413748,161.694997919804,0,75.4497121078207,74.7304794244225,82.1742780037132,0,195.822649557859,115.194491798135,0,94.7280504127031,251.098274723989,192.135034768848,173.201474590904,173.538155409849,0,124.698445421759,82.6426202489162,0,196.04190773555,72.2278283150671,227.504408813069,181.316358113209,215.611029055736,0,136.792307586862,146.465927798921,143.005810983322,219.040656038919,179.718364159796,0,221.805809452716,0,193.659409924573,194.442125915551
0,0,0,186.348837226466,0,94.126460729827,58.3493451392805,0,225.013371621378,0,0,164.032723165762,0,236.681907140956,178.748963182352,0,106.926813611922,142.054529471577,0,0,153.453047983244,114.511014214502,0,198.528111506785,0,89.707245288964,0,154.784755881607,0,0,0,201.44584889478,0,196.032358954952,242.790381480436,0,221.805809452716,0,209.996727521564,0,249.905610015455
0,345.797434674459,0,99.2646516363145,104.369974912428,0,175.196329314064,0,0,261.605527103798,0,139.792601838991,0,0,0,0,0,0,0,0,240.185081663983,0,247.66948903751,0,0,0,159.183173818572,62.859596780235,92.5207898118833,0,0,0,162.833808134102,253.401634605989,153.876396855887,0,0,209.996727521564,0,0,0
0,92.5568465385234,0,231.715271819474,0,280.376028997576,357.423078228283,232.945974238958,135.667029391615,90.7216186966914,0,193.055010680236,0,0,172.892533368851,142.385058730083,0,259.442917595754,177.763106506206,115.332064605654,141.204637091722,169.742003380707,96.5937438588657,0,0,321.864157986053,0,113.059176128709,0,0,226.825099357786,94.8881692391942,0,84.3635741045246,71.5579325720569,219.430938885781,193.659409924573,0,0,0,192.601533877686
0,320.356811100276,0,0,85.6072705949986,124.853650664477,153.609372090384,0,269.936825670274,261.440278806413,0,0,0,93.4234866874731,92.3502314520023,120.567029282014,335.371040201042,283.248188884028,0,0,154.070293657878,0,0,154.065933476765,0,0,0,201.100640800745,112.793316814908,0,0,0,178.224497384947,73.1029054543569,0,195.378266313867,194.442125915551,249.905610015455,0,192.601533877686,0
