0,0,0,0,153.876396855887,0,0,0,0,0,0,0,0,0,0,0,0,0,0,0,0,0,0,0,0,231.050882209,0,0,0,0,0,0,0,195.822649557859,183.786860782462,0,0,92.5207898118833,0,106.33736463831,0
0,0,0,0,0,0,0,0,0,0,81.9664354533492,0,0,0,0,0,0,224.523755099568,0,74.5815074003433,0,89.3673883748406,347.376449530863,0,0,0,0,0,0,0,0,0,0,0,323.781250289068,0,89.1590885155172,0,0,0,0
0,0,0,0,0,0,0,0,0,0,0,0,92.5568465385234,0,0,0,0,0,0,0,0,0,218.045528847001,180.90030328818,0,0,0,0,0,0,0,0,0,128.846764897717,0,0,0,0,0,276.620869034647,0
0,0,0,0,0,241.57250333243,187.77054666536,0,0,0,139.792601838991,72.2278283150671,0,0,221.805809452716,325.937289045041,0,0,0,0,171.906398392157,85.7623170715703,0,0,0,153.453047983244,101.85207633558,0,0,0,0,0,0,0,0,0,82.1742780037132,0,96.7845769653343,106.128596538706,0
153.876396855887,0,0,0,0,0,157.852515740516,0,0,128.530575464043,0,0,0,0,0,100.812745974529,0,0,224.551207449728,109.093416850988,0,0,250.461724766314,74.7304794244225,0,135.667029391615,131.969743415579,197.893790332676,0,0,0,0,0,0,134.960780198024,0,119.345624434514,137.177378802006,0,0,0
0,0,0,241.57250333243,0,0,0,0,0,0,113.144980278377,0,0,0,0,0,0,0,0,0,0,0,0,284.529238481835,125.994729980093,204.481117647118,217.157696745803,115.332064605654,87.8456058929559,139.654362654449,0,236.681907140956,0,321.864157986053,62.311273509377,226.825099357786,0,194.442125915551,0,0,0
0,0,0,187.77054666536,157.852515740516,0,0,0,74.4197823064597,0,160.530221557972,0,0,202.712457066107,232.945974238958,0,0,0,0,0,0,0,115.868441404982,249.798812580765,0,0,0,0,153.609372090384,0,0,128.405764333981,0,0,0,0,142.385058730083,0,0,204.084074037941,113.059176128709
0,0,0,0,0,0,0,0,146.99041817625,0,0,158.567996645797,0,0,289.631679007608,148.808626413748,0,0,80.8080171296381,0,146.814226519809,0,0,140.574866691684,0,192.601533877686,0,353.822894641502,200.878319874537,0,0,181.316358113209,114.511014214502,160.537522273714,115.871357769661,0,0,0,0,71.5579325720569,70.4221432298295
0,0,0,0,0,0,74.4197823064597,146.99041817625,0,146.465927798921,0,0,0,0,0,0,168.241326865882,0,154.784755881607,0,0,0,0,0,0,0,0,169.453147353278,137.239127032733,0,73.4795582048751,0,0,106.533627130087,0,0,213.67670887414,0,0,0,175.196329314064
0,0,0,0,128.530575464043,0,0,0,146.465927798921,0,145.74089716123,228.075434767255,103.519938150021,0,0,0,219.040656038919,0,0,114.649126378906,283.248188884028,0,0,193.659409924573,261.605527103798,303.527509149359,0,135.294330067913,159.183173818572,0,0,0,0,0,215.611029055736,0,111.226326353722,167.066576495979,116.176698124939,82.4756938751058,0
0,81.9664354533492,0,139.792601838991,0,113.144980278377,160.530221557972,0,0,145.74089716123,0,199.492852797962,0,163.059043292369,0,0,0,99.3508940827211,92.3502314520023,0,0,0,0,0,0,0,153.672550905948,151.036729364761,0,0,0,0,0,231.715271819474,71.4788760670054,251.098274723989,0,225.013371621378,0,0,188.936291522747
0,0,0,72.2278283150671,0,0,0,158.567996645797,0,228.075434767255,199.492852797962,0,238.934743274142,220.963068032256,0,0,0,171.230058197369,0,94.126460729827,214.116367924649,241.635434294794,0,198.964527389285,0,0,192.135034768848,209.996727521564,136.792307586862,82.6426202489162,173.001559092555,0,0,101.5853655613,0,198.528111506785,184.249961885477,0,208.005106191961,205.839960264176,0
0,0,92.5568465385234,0,0,0,0,0,0,103.519938150021,0,238.934743274142,0,0,0,0,0,0,0,150.161410108805,0,0,0,338.131802716296,0,0,0,0,0,0,0,0,0,0,0,0,0,0,0,0,178.683678585178
0,0,0,0,0,0,202.712457066107,0,0,0,163.059043292369,220.963068032256,0,0,0,0,223.705816669619,0,0,0,0,0,0,161.694997919804,0,124.698445421759,0,94.9380989123498,154.070293657878,179.718364159796,0,0,0,0,172.608400267715,335.371040201042,161.275817184598,0,259.055025639447,93.4234866874731,0
0,0,0,221.805809452716,0,0,232.945974238958,289.631679007608,0,0,0,0,0,0,0,0,0,0,0,0,161.74915061469,0,0,222.053792850439,0,78.9559315574845,306.344527664232,94.7529894315991,0,0,0,0,0,227.504408813069,0,0,0,97.3232815600345,0,118.522099274347,161.302948562323
0,0,0,325.937289045041,100.812745974529,0,0,148.808626413748,0,0,0,0,0,0,0,0,0,0,0,0,84.3635741045246,0,0,0,0,0,164.032723165762,0,0,163.945208919892,0,0,0,219.430938885781,0,136.685314494491,137.189596148386,0,112.349934713559,104.369974912428,0
0,0,0,0,0,0,0,0,168.241326865882,219.040656038919,0,0,0,223.705816669619,0,0,0,0,0,119.728129215699,0,300.031143529538,0,0,0,0,253.401634605989,333.645516435298,0,0,0,0,0,0,155.24952173131,115.194491798135,0,0,0,169.742003380707,0
0,224.523755099568,0,0,0,0,0,0,0,0,99.3508940827211,171.230058197369,0,0,0,0,0,0,0,0,0,0,0,0,0,62.859596780235,0,0,280.376028997576,120.912756812582,0,205.09013266389,0,193.777661225572,0,0,0,0,186.973586461633,0,0
0,0,0,0,224.551207449728,0,0,80.8080171296381,154.784755881607,0,92.3502314520023,0,0,0,0,0,0,0,0,0,0,196.04190773555,0,0,0,133.218162784108,0,0,0,0,0,0,0,0,108.381749703452,255.441154257905,61.0664810463559,263.534399241887,0,249.905610015455,82.6299537488922
0,74.5815074003433,0,0,109.093416850988,0,0,0,0,114.649126378906,0,94.126460729827,150.161410108805,0,0,0,119.728129215699,0,0,0,0,0,162.833808134102,0,101.895308036513,241.682021696872,0,94.7280504127031,329.719143597451,0,0,89.9429017381717,0,0,0,0,95.7590805983148,115.114253591495,247.66948903751,76.5072790361762,161.325017232684
0,0,0,171.906398392157,0,0,0,146.814226519809,0,283.248188884028,0,214.116367924649,0,0,161.74915061469,84.3635741045246,0,0,0,0,0,0,0,0,0,0,0,306.640284138334,252.487290983309,0,0,0,0,97.3506957544063,125.416941482916,0,178.224497384947,0,0,81.2827395071039,80.4367166559625
0,89.3673883748406,0,85.7623170715703,0,0,0,0,0,0,0,241.635434294794,0,0,0,0,300.031143529538,0,196.04190773555,0,0,0,0,0,0,0,98.6790043377568,178.748963182352,0,0,0,0,0,0,0,0,151.806152521152,0,0,0,0
0,347.376449530863,218.045528847001,0,250.461724766314,0,115.868441404982,0,0,0,0,0,0,0,0,0,0,0,0,162.833808134102,0,0,0,0,0,93.5029580098427,138.425725342224,0,0,195.378266313867,141.204637091722,0,0,101.443495235174,138.33942793804,146.770754374523,85.6072705949986,58.3493451392805,0,0,192.693757128262
0,0,180.90030328818,0,74.7304794244225,284.529238481835,249.798812580765,140.574866691684,0,193.659409924573,0,198.964527389285,338.131802716296,161.694997919804,222.053792850439,0,0,0,0,0,0,0,0,0,0,0,106.926813611922,269.936825670274,283.88658203332,0,0,0,0,180.355266595273,0,165.893015276821,173.538155409849,173.201474590904,94.027247878695,0,139.93285932648
0,0,0,0,0,125.994729980093,0,0,0,261.605527103798,0,0,0,0,0,0,0,0,0,101.895308036513,0,0,0,0,0,143.005810983322,0,134.566479261133,0,0,0,0,0,173.059382066957,172.892533368851,0,242.790381480436,0,193.055010680236,197.486504603685,0
231.050882209,0,0,153.453047983244,135.667029391615,204.481117647118,0,192.601533877686,0,303.527509149359,0,0,0,124.698445421759,78.9559315574845,0,0,62.859596780235,133.218162784108,241.682021696872,0,0,93.5029580098427,0,143.005810983322,0,0,154.142998692322,0,0,0,0,0,112.823430872325,196.032358954952,117.208001126138,111.435629183184,201.44584889478,0,314.611698427915,0
0,0,0,101.85207633558,131.969743415579,217.157696745803,0,0,0,0,153.672550905948,192.135034768848,0,0,306.344527664232,164.032723165762,253.401634605989,0,0,0,0,98.6790043377568,138.425725342224,106.926813611922,0,0,0,201.100640800745,206.472608421747,0,0,0,0,122.106946855269,142.054529471577,75.4497121078207,151.695570509541,90.7216186966914,0,120.567029282014,195.314816908693
0,0,0,0,197.893790332676,115.332064605654,0,353.822894641502,169.453147353278,135.294330067913,151.036729364761,209.996727521564,0,94.9380989123498,94.7529894315991,0,333.645516435298,0,0,94.7280504127031,306.640284138334,178.748963182352,0,269.936825670274,134.566479261133,154.142998692322,201.100640800745,0,262.382215657622,133.984214699576,0,0,0,110.384905066973,212.592150359921,309.997227542691,220.901129804706,94.8881692391942,193.63278243493,151.01089327964,108.136066660554
0,0,0,0,0,87.8456058929559,153.609372090384,200.878319874537,137.239127032733,159.183173818572,0,136.792307586862,0,154.070293657878,0,0,0,280.376028997576,0,329.719143597451,252.487290983309,0,0,283.88658203332,0,0,206.472608421747,262.382215657622,0,0,0,205.183249704085,186.348837226466,98.417953423071,97.5855511246009,188.851177466023,124.853650664477,125.81518738273,0,0,321.124897279917
0,0,0,0,0,139.654362654449,0,0,0,0,0,82.6426202489162,0,179.718364159796,0,163.945208919892,0,120.912756812582,0,0,0,0,195.378266313867,0,0,0,0,133.984214699576,0,0,0,0,0,180.543851962045,348.674510760064,0,155.901486485736,101.350815329073,0,0,0
0,0,0,0,0,0,0,0,73.4795582048751,0,0,173.001559092555,0,0,0,0,0,0,0,0,0,0,141.204637091722,0,0,0,0,0,0,0,0,177.763106506206,0,0,90.1317194604647,0,0,0,99.2646516363145,0,0
0,0,0,0,0,236.681907140956,128.405764333981,181.316358113209,0,0,0,0,0,0,0,0,0,205.09013266389,0,89.9429017381717,0,0,0,0,0,0,0,0,205.183249704085,0,177.763106506206,0,0,115.541295036174,174.013630695256,0,154.065933476765,0,0,78.8552325762656,0
0,0,0,0,0,0,0,114.511014214502,0,0,0,0,0,0,0,0,0,0,0,0,0,0,0,0,0,0,0,0,186.348837226466,0,0,0,0,0,0,0,240.185081663983,0,0,219.078548227669,357.423078228283
195.822649557859,0,128.846764897717,0,0,321.864157986053,0,160.537522273714,106.533627130087,0,231.715271819474,101.5853655613,0,0,227.504408813069,219.430938885781,0,193.777661225572,0,0,97.3506957544063,0,101.443495235174,180.355266595273,173.059382066957,112.823430872325,122.106946855269,110.384905066973,98.417953423071,180.543851962045,0,115.541295036174,0,0,190.185165668632,158.955087279859,165.597665022977,0,191.519780382943,112.793316814908,98.2230592632363
183.786860782462,323.781250289068,0,0,134.960780198024,62.311273509377,0,115.871357769661,0,215.611029055736,71.4788760670054,0,0,172.608400267715,0,0,155.24952173131,0,108.381749703452,0,125.416941482916,0,138.33942793804,0,172.892533368851,196.032358954952,142.054529471577,212.592150359921,97.5855511246009,348.674510760064,90.1317194604647,174.013630695256,0,190.185165668632,0,96.5937438588657,66.5008477853491,67.8267069095267,0,0,320.356811100276
0,0,0,0,0,226.825099357786,0,0,0,0,251.098274723989,198.528111506785,0,335.371040201042,0,136.685314494491,115.194491798135,0,255.441154257905,0,0,0,146.770754374523,165.893015276821,0,117.208001126138,75.4497121078207,309.997227542691,188.851177466023,0,0,0,0,158.955087279859,96.5937438588657,0,345.797434674459,211.840482897052,261.440278806413,0,206.912707094411
0,89.1590885155172,0,82.1742780037132,119.345624434514,0,142.385058730083,0,213.67670887414,111.226326353722,0,184.249961885477,0,161.275817184598,0,137.189596148386,0,0,61.0664810463559,95.7590805983148,178.224497384947,151.806152521152,85.6072705949986,173.538155409849,242.790381480436,111.435629183184,151.695570509541,220.901129804706,124.853650664477,155.901486485736,0,154.065933476765,240.185081663983,165.597665022977,66.5008477853491,345.797434674459,0,89.707245288964,101.605593487621,151.075371308616,259.442917595754
92.5207898118833,0,0,0,137.177378802006,194.442125915551,0,0,0,167.066576495979,225.013371621378,0,0,0,97.3232815600345,0,0,0,263.534399241887,115.114253591495,0,0,58.3493451392805,173.201474590904,0,201.44584889478,90.7216186966914,94.8881692391942,125.81518738273,101.350815329073,0,0,0,0,67.8267069095267,211.840482897052,89.707245288964,0,0,73.1029054543569,228.792310020318
0,0,0,96.7845769653343,0,0,0,0,0,116.176698124939,0,208.005106191961,0,259.055025639447,0,112.349934713559,0,186.973586461633,0,247.66948903751,0,0,0,94.027247878695,193.055010680236,0,0,193.63278243493,0,0,99.2646516363145,0,0,191.519780382943,0,261.440278806413,101.605593487621,0,0,116.054372245433,0
106.33736463831,0,276.620869034647,106.128596538706,0,0,204.084074037941,71.5579325720569,0,82.4756938751058,0,205.839960264176,0,93.4234866874731,118.522099274347,104.369974912428,169.742003380707,0,249.905610015455,76.5072790361762,81.2827395071039,0,0,0,197.486504603685,314.611698427915,120.567029282014,151.01089327964,0,0,0,78.8552325762656,219.078548227669,112.793316814908,0,0,151.075371308616,73.1029054543569,116.054372245433,0,104.915316975638
0,0,0,0,0,0,113.059176128709,70.4221432298295,175.196329314064,0,188.936291522747,0,178.683678585178,0,161.302948562323,0,0,0,82.6299537488922,161.325017232684,80.4367166559625,0,192.693757128262,139.93285932648,0,0,195.314816908693,108.136066660554,321.124897279917,0,0,0,357.423078228283,98.2230592632363,320.356811100276,206.912707094411,259.442917595754,228.792310020318,0,104.915316975638,0
