0,0,0,0,0,0,0,0,0,0,0,76.5072790361762,174.013630695256,0,0,0,0,0,0,0,81.2827395071039,0,0,0,0,0,0,84.3635741045246,0,0,0,0,0,0,209.996727521564,0,0,180.355266595273,0,0,0
0,0,0,0,220.963068032256,0,0,0,0,0,0,0,0,0,0,0,75.4497121078207,0,0,0,0,0,0,0,0,0,0,0,0,0,0,0,0,113.059176128709,255.441154257905,201.100640800745,94.8881692391942,205.839960264176,0,0,0
0,0,0,0,0,0,0,0,0,0,0,161.325017232684,0,0,0,0,0,0,0,0,0,0,0,0,0,0,125.416941482916,0,0,0,0,0,0,0,0,108.381749703452,151.695570509541,0,0,125.81518738273,0
0,0,0,0,0,93.4234866874731,205.183249704085,0,178.683678585178,0,0,0,276.620869034647,0,0,0,0,0,0,0,214.116367924649,225.013371621378,0,201.44584889478,160.537522273714,226.825099357786,0,269.936825670274,0,0,0,158.567996645797,154.784755881607,0,0,0,180.543851962045,0,0,0,0
0,220.963068032256,0,0,0,0,119.345624434514,0,0,163.945208919892,212.592150359921,173.201474590904,0,0,0,0,0,0,119.728129215699,0,0,0,0,284.529238481835,0,0,219.078548227669,306.640284138334,0,217.157696745803,0,0,0,89.1590885155172,0,0,139.654362654449,0,0,153.876396855887,115.541295036174
0,0,0,93.4234866874731,0,0,108.136066660554,0,0,0,0,115.868441404982,0,0,0,135.294330067913,0,0,0,0,137.239127032733,0,0,232.945974238958,0,0,66.5008477853491,0,0,252.487290983309,0,0,0,97.3506957544063,0,81.9664354533492,133.984214699576,241.682021696872,98.6790043377568,94.126460729827,0
0,0,0,205.183249704085,119.345624434514,108.136066660554,0,0,0,0,0,167.066576495979,0,206.472608421747,0,0,0,0,153.609372090384,0,0,0,0,0,280.376028997576,0,0,139.792601838991,0,0,0,0,0,181.316358113209,0,0,345.797434674459,0,111.226326353722,161.302948562323,115.332064605654
0,0,0,0,0,0,0,0,0,0,192.693757128262,120.567029282014,0,0,0,115.114253591495,0,94.027247878695,0,0,0,0,0,0,153.672550905948,0,218.045528847001,67.8267069095267,159.183173818572,0,333.645516435298,101.350815329073,95.7590805983148,0,261.605527103798,0,140.574866691684,92.3502314520023,0,89.3673883748406,325.937289045041
0,0,0,178.683678585178,0,0,0,0,0,173.001559092555,0,204.481117647118,0,0,89.707245288964,193.63278243493,0,0,0,0,0,0,111.435629183184,0,0,0,136.685314494491,0,221.805809452716,0,0,0,0,0,58.3493451392805,0,0,0,0,112.793316814908,125.994729980093
0,0,0,0,163.945208919892,0,0,0,173.001559092555,0,0,353.822894641502,0,0,0,231.715271819474,0,103.519938150021,92.5568465385234,151.806152521152,104.369974912428,0,0,134.960780198024,0,0,222.053792850439,157.852515740516,142.054529471577,0,73.4795582048751,0,0,169.742003380707,0,219.040656038919,259.055025639447,0,180.90030328818,321.124897279917,0
0,0,0,0,212.592150359921,0,0,192.693757128262,0,0,0,0,0,106.926813611922,0,0,90.7216186966914,175.196329314064,0,0,0,188.936291522747,0,242.790381480436,0,97.5855511246009,177.763106506206,215.611029055736,0,0,0,0,0,62.859596780235,101.5853655613,80.4367166559625,0,191.519780382943,74.5815074003433,197.893790332676,0
76.5072790361762,0,161.325017232684,0,173.201474590904,115.868441404982,167.066576495979,120.567029282014,204.481117647118,353.822894641502,0,0,134.566479261133,0,0,61.0664810463559,0,0,0,0,0,0,101.895308036513,89.9429017381717,0,0,0,186.973586461633,0,0,154.142998692322,0,0,110.384905066973,249.798812580765,0,184.249961885477,172.608400267715,163.059043292369,306.344527664232,198.528111506785
174.013630695256,0,0,276.620869034647,0,0,0,0,0,0,0,134.566479261133,0,0,0,0,0,0,0,0,0,0,141.204637091722,0,0,213.67670887414,0,99.3508940827211,0,0,0,0,0,0,0,0,0,0,0,0,0
0,0,0,0,0,0,206.472608421747,0,0,0,106.926813611922,0,0,0,0,0,261.440278806413,0,0,0,0,0,138.425725342224,0,94.9380989123498,100.812745974529,0,0,329.719143597451,0,0,0,173.059382066957,124.853650664477,335.371040201042,168.241326865882,178.748963182352,194.442125915551,0,112.349934713559,0
0,0,0,0,0,0,0,0,89.707245288964,0,0,0,0,0,0,0,0,0,0,92.5207898118833,0,0,0,72.2278283150671,78.8552325762656,120.912756812582,0,146.465927798921,162.833808134102,0,0,0,0,178.224497384947,0,99.2646516363145,224.551207449728,0,0,320.356811100276,137.177378802006
0,0,0,0,0,135.294330067913,0,115.114253591495,193.63278243493,231.715271819474,0,61.0664810463559,0,0,0,0,0,0,0,0,0,0,161.275817184598,0,0,114.511014214502,0,0,0,0,0,74.7304794244225,0,0,151.036729364761,0,202.712457066107,0,0,0,124.698445421759
0,75.4497121078207,0,0,0,0,0,0,0,0,90.7216186966914,0,0,261.440278806413,0,0,0,128.405764333981,0,0,0,0,187.77054666536,115.194491798135,0,0,0,171.230058197369,0,0,0,251.098274723989,0,0,165.597665022977,0,0,150.161410108805,0,0,0
0,0,0,0,0,0,0,94.027247878695,0,103.519938150021,175.196329314064,0,0,0,0,0,128.405764333981,0,0,0,0,0,0,0,0,0,0,195.378266313867,0,0,0,0,0,85.7623170715703,0,0,115.871357769661,0,0,151.01089327964,199.492852797962
0,0,0,0,119.728129215699,0,153.609372090384,0,0,92.5568465385234,0,0,0,0,0,0,0,0,0,135.667029391615,114.649126378906,0,0,0,0,224.523755099568,250.461724766314,94.7280504127031,62.311273509377,0,0,0,0,97.3232815600345,155.901486485736,0,0,0,253.401634605989,0,0
0,0,0,0,0,0,0,0,0,151.806152521152,0,0,0,0,92.5207898118833,0,0,0,135.667029391615,0,118.522099274347,164.032723165762,289.631679007608,0,188.851177466023,109.093416850988,90.1317194604647,283.88658203332,74.4197823064597,0,0,228.075434767255,0,70.4221432298295,0,133.218162784108,263.534399241887,0,0,195.822649557859,101.443495235174
81.2827395071039,0,0,214.116367924649,0,137.239127032733,0,0,0,104.369974912428,0,0,0,0,0,0,0,0,114.649126378906,118.522099274347,0,0,0,200.878319874537,0,0,204.084074037941,0,0,0,0,0,0,78.9559315574845,139.93285932648,0,249.905610015455,223.705816669619,0,211.840482897052,0
0,0,0,225.013371621378,0,0,0,0,0,0,188.936291522747,0,0,0,0,0,0,0,0,164.032723165762,0,0,338.131802716296,0,0,173.538155409849,155.24952173131,0,0,0,0,0,0,165.893015276821,0,0,0,0,0,0,240.185081663983
0,0,0,0,0,0,0,0,111.435629183184,0,0,101.895308036513,141.204637091722,138.425725342224,0,161.275817184598,187.77054666536,0,0,289.631679007608,0,338.131802716296,0,0,0,0,0,300.031143529538,160.530221557972,0,0,0,0,0,171.906398392157,323.781250289068,80.8080171296381,0,198.964527389285,0,85.6072705949986
0,0,0,201.44584889478,284.529238481835,232.945974238958,0,0,0,134.960780198024,242.790381480436,89.9429017381717,0,0,72.2278283150671,0,115.194491798135,0,0,0,200.878319874537,0,0,0,0,193.055010680236,236.681907140956,348.674510760064,71.5579325720569,0,0,0,0,93.5029580098427,82.4756938751058,220.901129804706,197.486504603685,98.417953423071,0,101.85207633558,0
0,0,0,160.537522273714,0,0,280.376028997576,153.672550905948,0,0,0,0,0,94.9380989123498,78.8552325762656,0,0,0,0,188.851177466023,0,0,0,0,0,0,0,190.185165668632,0,153.453047983244,0,0,0,0,138.33942793804,0,0,0,0,0,196.032358954952
0,0,0,226.825099357786,0,0,0,0,0,0,97.5855511246009,0,213.67670887414,100.812745974529,120.912756812582,114.511014214502,0,0,224.523755099568,109.093416850988,0,173.538155409849,0,193.055010680236,0,0,101.605593487621,146.99041817625,205.09013266389,82.1742780037132,0,193.777661225572,0,98.2230592632363,0,145.74089716123,113.144980278377,0,0,262.382215657622,231.050882209
0,0,125.416941482916,0,219.078548227669,66.5008477853491,0,218.045528847001,136.685314494491,222.053792850439,177.763106506206,0,0,0,0,0,0,0,250.461724766314,90.1317194604647,204.084074037941,155.24952173131,0,236.681907140956,0,101.605593487621,0,0,227.504408813069,94.7529894315991,0,208.005106191961,0,192.601533877686,183.786860782462,0,169.453147353278,347.376449530863,0,0,0
84.3635741045246,0,0,269.936825670274,306.640284138334,0,139.792601838991,67.8267069095267,0,157.852515740516,215.611029055736,186.973586461633,99.3508940827211,0,146.465927798921,0,171.230058197369,195.378266313867,94.7280504127031,283.88658203332,0,0,300.031143529538,348.674510760064,190.185165668632,146.99041817625,0,0,158.955087279859,137.189596148386,0,0,87.8456058929559,104.915316975638,206.912707094411,0,172.892533368851,122.106946855269,0,117.208001126138,71.4788760670054
0,0,0,0,0,0,0,159.183173818572,221.805809452716,142.054529471577,0,0,0,329.719143597451,162.833808134102,0,0,0,62.311273509377,74.4197823064597,0,0,160.530221557972,71.5579325720569,0,205.09013266389,227.504408813069,158.955087279859,0,96.5937438588657,128.846764897717,0,0,314.611698427915,321.864157986053,186.348837226466,142.385058730083,82.6426202489162,195.314816908693,179.718364159796,0
0,0,0,0,217.157696745803,252.487290983309,0,0,0,0,0,0,0,0,0,0,0,0,0,0,0,0,0,0,153.453047983244,82.1742780037132,94.7529894315991,137.189596148386,96.5937438588657,0,0,0,0,112.823430872325,0,241.57250333243,0,148.808626413748,0,219.430938885781,0
0,0,0,0,0,0,0,333.645516435298,0,73.4795582048751,0,154.142998692322,0,0,0,0,0,0,0,0,0,0,0,0,0,0,0,0,128.846764897717,0,0,0,0,0,247.66948903751,0,0,0,192.135034768848,0,0
0,0,0,158.567996645797,0,0,0,101.350815329073,0,0,0,0,0,0,0,74.7304794244225,251.098274723989,0,0,228.075434767255,0,0,0,0,0,193.777661225572,208.005106191961,0,0,0,0,0,0,161.694997919804,73.1029054543569,0,116.054372245433,0,0,0,136.792307586862
0,0,0,154.784755881607,0,0,0,95.7590805983148,0,0,0,0,0,173.059382066957,0,0,0,0,0,0,0,0,0,0,0,0,0,87.8456058929559,0,0,0,0,0,0,0,0,259.442917595754,0,0,0,0
0,113.059176128709,0,0,89.1590885155172,97.3506957544063,181.316358113209,0,0,169.742003380707,62.859596780235,110.384905066973,0,124.853650664477,178.224497384947,0,0,85.7623170715703,97.3232815600345,70.4221432298295,78.9559315574845,165.893015276821,0,93.5029580098427,0,98.2230592632363,192.601533877686,104.915316975638,314.611698427915,112.823430872325,0,161.694997919804,0,0,283.248188884028,96.7845769653343,161.74915061469,82.6299537488922,0,309.997227542691,0
209.996727521564,255.441154257905,0,0,0,0,0,261.605527103798,58.3493451392805,0,101.5853655613,249.798812580765,0,335.371040201042,0,151.036729364761,165.597665022977,0,155.901486485736,0,139.93285932648,0,171.906398392157,82.4756938751058,138.33942793804,0,183.786860782462,206.912707094411,321.864157986053,0,247.66948903751,73.1029054543569,0,283.248188884028,0,154.070293657878,357.423078228283,0,303.527509149359,116.176698124939,146.770754374523
0,201.100640800745,108.381749703452,0,0,81.9664354533492,0,0,0,219.040656038919,80.4367166559625,0,0,168.241326865882,99.2646516363145,0,0,0,0,133.218162784108,0,0,323.781250289068,220.901129804706,0,145.74089716123,0,0,186.348837226466,241.57250333243,0,0,0,96.7845769653343,154.070293657878,0,151.075371308616,106.33736463831,128.530575464043,0,238.934743274142
0,94.8881692391942,151.695570509541,180.543851962045,139.654362654449,133.984214699576,345.797434674459,140.574866691684,0,259.055025639447,0,184.249961885477,0,178.748963182352,224.551207449728,202.712457066107,0,115.871357769661,0,263.534399241887,249.905610015455,0,80.8080171296381,197.486504603685,0,113.144980278377,169.453147353278,172.892533368851,142.385058730083,0,0,116.054372245433,259.442917595754,161.74915061469,357.423078228283,151.075371308616,0,196.04190773555,106.533627130087,154.065933476765,146.814226519809
180.355266595273,205.839960264176,0,0,0,241.682021696872,0,92.3502314520023,0,0,191.519780382943,172.608400267715,0,194.442125915551,0,0,150.161410108805,0,0,0,223.705816669619,0,0,98.417953423071,0,0,347.376449530863,122.106946855269,82.6426202489162,148.808626413748,0,0,0,82.6299537488922,0,106.33736463831,196.04190773555,0,241.635434294794,131.969743415579,228.792310020318
0,0,0,0,0,98.6790043377568,111.226326353722,0,0,180.90030328818,74.5815074003433,163.059043292369,0,0,0,0,0,0,253.401634605989,0,0,0,198.964527389285,0,0,0,0,0,195.314816908693,0,192.135034768848,0,0,0,303.527509149359,128.530575464043,106.533627130087,241.635434294794,0,193.659409924573,106.128596538706
0,0,125.81518738273,0,153.876396855887,94.126460729827,161.302948562323,89.3673883748406,112.793316814908,321.124897279917,197.893790332676,306.344527664232,0,112.349934713559,320.356811100276,0,0,151.01089327964,0,195.822649557859,211.840482897052,0,0,101.85207633558,0,262.382215657622,0,117.208001126138,179.718364159796,219.430938885781,0,0,0,309.997227542691,116.176698124939,0,154.065933476765,131.969743415579,193.659409924573,0,143.005810983322
0,0,0,0,115.541295036174,0,115.332064605654,325.937289045041,125.994729980093,0,0,198.528111506785,0,0,137.177378802006,124.698445421759,0,199.492852797962,0,101.443495235174,0,240.185081663983,85.6072705949986,0,196.032358954952,231.050882209,0,71.4788760670054,0,0,0,136.792307586862,0,0,146.770754374523,238.934743274142,146.814226519809,228.792310020318,106.128596538706,143.005810983322,0
