0,206.912707094411,0,0,0,0,0,0,0,0,0,0,0,0,0,197.486504603685,0,0,0,0,0,0,0,0,0,0,224.523755099568,0,154.784755881607,0,0,0,0,139.93285932648,0,136.792307586862,0,0,0,0,0
206.912707094411,0,0,228.075434767255,120.912756812582,0,0,0,0,0,0,241.57250333243,0,0,0,0,0,0,0,0,0,0,0,0,0,0,0,353.822894641502,0,0,0,0,0,158.567996645797,165.597665022977,0,0,0,0,0,0
0,0,0,0,0,0,0,208.005106191961,0,0,0,0,0,0,0,0,0,0,0,0,0,0,0,0,0,0,0,116.054372245433,242.790381480436,0,0,0,0,0,174.013630695256,0,0,204.481117647118,0,0,0
0,228.075434767255,0,0,0,201.100640800745,0,0,151.806152521152,0,0,338.131802716296,0,0,0,0,0,0,0,97.5855511246009,0,0,138.33942793804,142.385058730083,0,209.996727521564,0,115.194491798135,82.6299537488922,0,0,82.1742780037132,0,0,0,0,0,155.901486485736,0,161.74915061469,0
0,120.912756812582,0,0,0,0,137.177378802006,117.208001126138,0,0,0,165.893015276821,0,0,0,0,115.332064605654,0,0,0,0,0,219.040656038919,139.792601838991,259.442917595754,0,106.128596538706,0,0,0,0,0,0,118.522099274347,151.036729364761,106.33736463831,218.045528847001,0,163.059043292369,0,0
0,0,0,201.100640800745,0,0,140.574866691684,0,0,172.608400267715,196.032358954952,61.0664810463559,0,0,0,0,0,0,227.504408813069,0,0,0,154.065933476765,0,0,303.527509149359,0,154.070293657878,300.031143529538,0,0,0,0,72.2278283150671,240.185081663983,0,333.645516435298,178.683678585178,0,0,0
0,0,0,0,137.177378802006,140.574866691684,0,0,0,0,0,173.059382066957,108.136066660554,225.013371621378,0,0,232.945974238958,0,0,0,0,0,0,0,0,113.144980278377,0,94.7280504127031,236.681907140956,0,0,0,0,0,0,0,98.2230592632363,136.685314494491,0,196.04190773555,120.567029282014
0,0,208.005106191961,0,117.208001126138,0,0,0,0,109.093416850988,222.053792850439,0,0,177.763106506206,212.592150359921,0,0,111.435629183184,0,0,0,0,0,0,0,0,62.859596780235,0,94.027247878695,0,0,115.114253591495,0,58.3493451392805,219.430938885781,0,151.01089327964,94.7529894315991,0,217.157696745803,85.7623170715703
0,0,0,151.806152521152,0,0,0,0,0,0,0,0,220.901129804706,89.9429017381717,151.695570509541,0,0,0,0,306.344527664232,0,0,0,0,0,80.8080171296381,0,146.465927798921,157.852515740516,0,0,0,0,0,320.356811100276,0,0,74.7304794244225,0,0,112.823430872325
0,0,0,0,0,172.608400267715,0,109.093416850988,0,0,71.5579325720569,146.770754374523,0,241.682021696872,213.67670887414,99.2646516363145,0,0,0,0,0,128.405764333981,0,289.631679007608,0,0,0,99.3508940827211,0,74.4197823064597,0,0,114.511014214502,284.529238481835,101.85207633558,0,173.001559092555,114.649126378906,219.078548227669,200.878319874537,0
0,0,0,0,0,196.032358954952,0,222.053792850439,0,71.5579325720569,0,0,0,0,0,0,0,0,0,180.355266595273,0,0,0,161.302948562323,335.371040201042,0,153.876396855887,133.984214699576,161.275817184598,0,173.538155409849,0,0,0,0,150.161410108805,183.786860782462,125.81518738273,124.698445421759,111.226326353722,113.059176128709
0,241.57250333243,0,338.131802716296,165.893015276821,61.0664810463559,173.059382066957,0,0,146.770754374523,0,0,0,158.955087279859,0,163.945208919892,0,178.224497384947,134.960780198024,321.864157986053,0,0,0,153.609372090384,197.893790332676,0,0,100.812745974529,283.88658203332,306.640284138334,0,0,0,62.311273509377,0,205.839960264176,128.846764897717,0,160.537522273714,325.937289045041,0
0,0,0,0,0,0,108.136066660554,0,220.901129804706,0,0,0,0,0,0,125.416941482916,0,262.382215657622,0,0,0,0,0,0,0,0,0,0,0,0,0,0,0,0,0,0,178.748963182352,0,0,280.376028997576,0
0,0,0,0,0,0,225.013371621378,177.763106506206,89.9429017381717,241.682021696872,0,158.955087279859,0,0,112.793316814908,0,0,0,323.781250289068,0,0,0,0,0,0,0,146.814226519809,155.24952173131,0,0,0,0,0,192.601533877686,0,89.1590885155172,194.442125915551,96.5937438588657,0,0,181.316358113209
0,0,0,0,0,0,0,212.592150359921,151.695570509541,213.67670887414,0,0,0,112.793316814908,0,0,0,0,0,0,0,0,0,0,0,184.249961885477,104.369974912428,0,145.74089716123,0,0,0,0,198.964527389285,119.728129215699,192.135034768848,135.294330067913,0,0,0,161.694997919804
197.486504603685,0,0,0,0,0,0,0,0,99.2646516363145,0,163.945208919892,125.416941482916,0,0,0,0,0,0,0,0,0,276.620869034647,0,0,199.492852797962,0,180.543851962045,0,160.530221557972,0,0,0,85.6072705949986,0,0,205.183249704085,0,0,195.378266313867,0
0,0,0,0,115.332064605654,0,232.945974238958,0,0,0,0,0,0,0,0,0,0,0,0,0,250.461724766314,0,0,220.963068032256,0,0,0,98.6790043377568,193.659409924573,0,188.851177466023,0,0,206.472608421747,0,106.926813611922,0,0,0,0,97.3232815600345
0,0,0,0,0,0,0,111.435629183184,0,0,0,178.224497384947,262.382215657622,0,0,0,0,0,0,0,0,0,0,0,0,0,84.3635741045246,73.4795582048751,101.895308036513,0,0,0,0,259.055025639447,0,0,67.8267069095267,0,0,0,101.443495235174
0,0,0,0,0,227.504408813069,0,0,0,0,0,134.960780198024,0,323.781250289068,0,0,0,0,0,81.9664354533492,0,0,188.936291522747,74.5815074003433,0,0,0,0,0,252.487290983309,0,0,98.417953423071,204.084074037941,112.349934713559,0,0,238.934743274142,0,115.868441404982,0
0,0,0,97.5855511246009,0,0,0,0,306.344527664232,0,180.355266595273,321.864157986053,0,0,0,0,0,0,81.9664354533492,0,171.906398392157,0,73.1029054543569,93.4234866874731,0,0,101.5853655613,162.833808134102,90.1317194604647,0,0,0,0,137.189596148386,94.9380989123498,0,135.667029391615,115.871357769661,249.905610015455,0,95.7590805983148
0,0,0,0,0,0,0,0,0,0,0,0,0,0,0,0,250.461724766314,0,0,171.906398392157,0,261.440278806413,187.77054666536,122.106946855269,348.674510760064,0,159.183173818572,80.4367166559625,0,0,0,104.915316975638,0,214.116367924649,0,0,101.605593487621,0,251.098274723989,66.5008477853491,0
0,0,0,0,0,0,0,0,0,128.405764333981,0,0,0,0,0,0,0,0,0,0,261.440278806413,0,0,0,0,169.453147353278,0,0,0,0,0,0,0,93.5029580098427,247.66948903751,0,94.126460729827,0,0,224.551207449728,195.314816908693
0,0,0,138.33942793804,219.040656038919,154.065933476765,0,0,0,0,0,0,0,0,0,276.620869034647,0,0,188.936291522747,73.1029054543569,187.77054666536,0,0,0,0,0,0,0,0,0,195.822649557859,0,172.892533368851,153.453047983244,128.530575464043,139.654362654449,92.5568465385234,193.63278243493,0,309.997227542691,0
0,0,0,142.385058730083,139.792601838991,0,0,0,0,289.631679007608,161.302948562323,153.609372090384,0,0,0,0,220.963068032256,0,74.5815074003433,93.4234866874731,122.106946855269,0,0,0,211.840482897052,0,115.541295036174,171.230058197369,71.4788760670054,0,0,0,0,169.742003380707,81.2827395071039,231.050882209,269.936825670274,261.605527103798,0,153.672550905948,0
0,0,0,0,259.442917595754,0,0,0,0,0,335.371040201042,197.893790332676,0,0,0,0,0,0,0,0,348.674510760064,0,0,211.840482897052,0,106.533627130087,0,94.8881692391942,0,0,0,0,0,0,89.3673883748406,146.99041817625,82.4756938751058,0,0,0,0
0,0,0,209.996727521564,0,303.527509149359,113.144980278377,0,80.8080171296381,0,0,0,0,0,184.249961885477,199.492852797962,0,0,0,0,0,169.453147353278,0,0,106.533627130087,0,0,357.423078228283,241.635434294794,137.239127032733,205.09013266389,168.241326865882,0,223.705816669619,186.348837226466,314.611698427915,191.519780382943,0,108.381749703452,193.055010680236,226.825099357786
224.523755099568,0,0,0,106.128596538706,0,0,62.859596780235,0,0,153.876396855887,0,0,146.814226519809,104.369974912428,0,0,84.3635741045246,0,101.5853655613,159.183173818572,0,0,115.541295036174,0,0,0,263.534399241887,180.90030328818,179.718364159796,0,0,0,190.185165668632,198.528111506785,0,133.218162784108,78.9559315574845,221.805809452716,78.8552325762656,249.798812580765
0,353.822894641502,116.054372245433,115.194491798135,0,154.070293657878,94.7280504127031,0,146.465927798921,99.3508940827211,133.984214699576,100.812745974529,0,155.24952173131,0,180.543851962045,98.6790043377568,73.4795582048751,0,162.833808134102,80.4367166559625,0,0,171.230058197369,94.8881692391942,357.423078228283,263.534399241887,0,154.142998692322,0,0,87.8456058929559,0,0,321.124897279917,192.693757128262,92.5207898118833,103.519938150021,0,124.853650664477,215.611029055736
154.784755881607,0,242.790381480436,82.6299537488922,0,300.031143529538,236.681907140956,94.027247878695,157.852515740516,0,161.275817184598,283.88658203332,0,0,145.74089716123,0,193.659409924573,101.895308036513,0,90.1317194604647,0,0,0,71.4788760670054,0,241.635434294794,180.90030328818,154.142998692322,0,0,143.005810983322,0,0,0,151.075371308616,0,0,0,0,96.7845769653343,70.4221432298295
0,0,0,0,0,0,0,0,0,74.4197823064597,0,306.640284138334,0,0,0,160.530221557972,0,0,252.487290983309,0,0,0,0,0,0,137.239127032733,179.718364159796,0,0,0,0,173.201474590904,0,0,0,345.797434674459,89.707245288964,0,119.345624434514,0,97.3506957544063
0,0,0,0,0,0,0,0,0,0,173.538155409849,0,0,0,0,0,188.851177466023,0,0,0,0,0,195.822649557859,0,0,205.09013266389,0,0,143.005810983322,0,0,0,0,0,0,0,0,0,0,347.376449530863,0
0,0,0,82.1742780037132,0,0,0,115.114253591495,0,0,0,0,0,0,0,0,0,0,0,0,104.915316975638,0,0,0,0,168.241326865882,0,87.8456058929559,0,173.201474590904,0,0,0,0,92.3502314520023,283.248188884028,125.994729980093,0,116.176698124939,134.566479261133,0
0,0,0,0,0,0,0,0,0,114.511014214502,0,0,0,0,0,0,0,0,98.417953423071,0,0,0,172.892533368851,0,0,0,0,0,0,0,0,0,0,101.350815329073,0,131.969743415579,0,0,0,0,0
139.93285932648,158.567996645797,0,0,118.522099274347,72.2278283150671,0,58.3493451392805,0,284.529238481835,0,62.311273509377,0,192.601533877686,198.964527389285,85.6072705949986,206.472608421747,259.055025639447,204.084074037941,137.189596148386,214.116367924649,93.5029580098427,153.453047983244,169.742003380707,0,223.705816669619,190.185165668632,0,0,0,0,0,101.350815329073,0,228.792310020318,0,161.325017232684,202.712457066107,142.054529471577,0,193.777661225572
0,165.597665022977,174.013630695256,0,151.036729364761,240.185081663983,0,219.430938885781,320.356811100276,101.85207633558,0,0,0,0,119.728129215699,0,0,0,112.349934713559,94.9380989123498,0,247.66948903751,128.530575464043,81.2827395071039,89.3673883748406,186.348837226466,198.528111506785,321.124897279917,151.075371308616,0,0,92.3502314520023,0,228.792310020318,0,76.5072790361762,175.196329314064,186.973586461633,0,231.715271819474,110.384905066973
136.792307586862,0,0,0,106.33736463831,0,0,0,0,0,150.161410108805,205.839960264176,0,89.1590885155172,192.135034768848,0,106.926813611922,0,0,0,0,0,139.654362654449,231.050882209,146.99041817625,314.611698427915,0,192.693757128262,0,345.797434674459,0,283.248188884028,131.969743415579,0,76.5072790361762,0,148.808626413748,0,0,141.204637091722,164.032723165762
0,0,0,0,218.045528847001,333.645516435298,98.2230592632363,151.01089327964,0,173.001559092555,183.786860782462,128.846764897717,178.748963182352,194.442125915551,135.294330067913,205.183249704085,0,67.8267069095267,0,135.667029391615,101.605593487621,94.126460729827,92.5568465385234,269.936825670274,82.4756938751058,191.519780382943,133.218162784108,92.5207898118833,0,89.707245288964,0,125.994729980093,0,161.325017232684,175.196329314064,148.808626413748,0,255.441154257905,201.44584889478,329.719143597451,75.4497121078207
0,0,204.481117647118,155.901486485736,0,178.683678585178,136.685314494491,94.7529894315991,74.7304794244225,114.649126378906,125.81518738273,0,0,96.5937438588657,0,0,0,0,238.934743274142,115.871357769661,0,0,193.63278243493,261.605527103798,0,0,78.9559315574845,103.519938150021,0,0,0,0,0,202.712457066107,186.973586461633,0,255.441154257905,0,138.425725342224,167.066576495979,0
0,0,0,0,163.059043292369,0,0,0,0,219.078548227669,124.698445421759,160.537522273714,0,0,0,0,0,0,0,249.905610015455,251.098274723989,0,0,0,0,108.381749703452,221.805809452716,0,0,119.345624434514,0,116.176698124939,0,142.054529471577,0,0,201.44584889478,138.425725342224,0,90.7216186966914,253.401634605989
0,0,0,161.74915061469,0,0,196.04190773555,217.157696745803,0,200.878319874537,111.226326353722,325.937289045041,280.376028997576,0,0,195.378266313867,0,0,115.868441404982,0,66.5008477853491,224.551207449728,309.997227542691,153.672550905948,0,193.055010680236,78.8552325762656,124.853650664477,96.7845769653343,0,347.376449530863,134.566479261133,0,0,231.715271819474,141.204637091722,329.719143597451,167.066576495979,90.7216186966914,0,82.6426202489162
0,0,0,0,0,0,120.567029282014,85.7623170715703,112.823430872325,0,113.059176128709,0,0,181.316358113209,161.694997919804,0,97.3232815600345,101.443495235174,0,95.7590805983148,0,195.314816908693,0,0,0,226.825099357786,249.798812580765,215.611029055736,70.4221432298295,97.3506957544063,0,0,0,193.777661225572,110.384905066973,164.032723165762,75.4497121078207,0,253.401634605989,82.6426202489162,0
