0,0,0,0,0,0,0,0,0,192.135034768848,0,133.984214699576,0,0,117.208001126138,0,0,0,0,0,0,0,0,0,0,85.7623170715703,0,0,82.1742780037132,0,0,0,0,0,0,0,225.013371621378,0,0,0,0
0,0,0,0,0,0,70.4221432298295,0,0,100.812745974529,0,0,0,0,0,0,0,0,0,0,0,0,0,0,0,0,0,0,0,0,174.013630695256,0,0,0,247.66948903751,115.194491798135,0,0,168.241326865882,165.597665022977,0
0,0,0,0,0,0,0,67.8267069095267,0,0,0,0,0,0,0,0,0,0,0,0,0,0,0,0,0,0,94.027247878695,162.833808134102,0,0,0,0,0,0,0,0,99.2646516363145,0,0,78.8552325762656,0
0,0,0,0,0,193.777661225572,110.384905066973,323.781250289068,73.1029054543569,0,0,0,219.430938885781,0,0,0,0,0,0,0,0,224.523755099568,0,0,0,0,0,142.385058730083,0,0,0,0,249.905610015455,0,93.4234866874731,0,205.839960264176,173.201474590904,0,241.682021696872,154.142998692322
0,0,0,0,0,0,0,0,198.964527389285,0,125.416941482916,150.161410108805,0,217.157696745803,0,0,0,0,0,0,0,0,0,212.592150359921,125.81518738273,0,175.196329314064,0,0,0,0,0,0,94.8881692391942,284.529238481835,218.045528847001,224.551207449728,345.797434674459,0,179.718364159796,211.840482897052
0,0,0,193.777661225572,0,0,335.371040201042,101.350815329073,0,0,104.915316975638,0,0,0,188.936291522747,0,0,90.7216186966914,184.249961885477,0,232.945974238958,0,0,186.348837226466,0,0,0,0,0,0,0,0,0,209.996727521564,114.511014214502,0,97.3506957544063,0,192.601533877686,227.504408813069,0
0,70.4221432298295,0,110.384905066973,0,335.371040201042,0,0,0,0,236.681907140956,0,0,0,250.461724766314,0,0,0,0,0,0,0,0,0,0,0,0,171.230058197369,0,0,0,0,0,154.784755881607,173.538155409849,0,215.611029055736,81.2827395071039,177.763106506206,151.01089327964,61.0664810463559
0,0,67.8267069095267,323.781250289068,0,101.350815329073,0,0,0,66.5008477853491,0,0,0,153.876396855887,0,0,0,0,0,0,0,169.742003380707,0,111.435629183184,0,193.659409924573,160.537522273714,161.325017232684,165.893015276821,0,0,303.527509149359,0,92.5207898118833,0,0,135.294330067913,204.084074037941,0,193.055010680236,0
0,0,0,73.1029054543569,198.964527389285,0,0,0,0,161.275817184598,0,0,0,0,0,0,0,221.805809452716,0,0,0,0,333.645516435298,0,0,226.825099357786,0,259.055025639447,0,0,0,0,0,0,155.24952173131,0,73.4795582048751,0,0,113.144980278377,143.005810983322
192.135034768848,100.812745974529,0,0,0,0,0,66.5008477853491,161.275817184598,0,0,139.654362654449,0,89.707245288964,154.070293657878,0,0,0,163.059043292369,104.369974912428,76.5072790361762,0,0,0,0,0,78.9559315574845,192.693757128262,169.453147353278,146.465927798921,0,0,0,181.316358113209,0,0,213.67670887414,101.895308036513,109.093416850988,0,0
0,0,0,0,125.416941482916,104.915316975638,236.681907140956,0,0,0,0,101.85207633558,82.6426202489162,0,0,62.311273509377,0,0,0,0,0,197.893790332676,0,161.302948562323,300.031143529538,0,0,135.667029391615,80.8080171296381,122.106946855269,0,0,0,171.906398392157,240.185081663983,0,136.685314494491,195.822649557859,0,0,0
133.984214699576,0,0,0,150.161410108805,0,0,0,0,139.654362654449,101.85207633558,0,0,0,0,146.770754374523,85.6072705949986,289.631679007608,231.715271819474,0,0,0,357.423078228283,119.345624434514,0,195.378266313867,0,89.3673883748406,154.065933476765,0,0,151.806152521152,0,151.695570509541,159.183173818572,98.417953423071,134.566479261133,220.963068032256,0,261.440278806413,138.33942793804
0,0,0,219.430938885781,0,0,0,0,0,0,82.6426202489162,0,0,0,0,0,0,0,0,0,0,0,276.620869034647,0,0,0,0,74.4197823064597,0,0,0,0,0,0,0,116.054372245433,72.2278283150671,0,0,0,0
0,0,0,0,217.157696745803,0,0,153.876396855887,0,89.707245288964,0,0,0,0,0,306.640284138334,0,0,194.442125915551,0,196.032358954952,0,71.4788760670054,0,0,186.973586461633,0,115.114253591495,146.99041817625,0,0,0,0,180.355266595273,103.519938150021,0,0,0,0,140.574866691684,106.33736463831
117.208001126138,0,0,0,0,188.936291522747,250.461724766314,0,0,154.070293657878,0,0,0,0,0,139.792601838991,0,0,0,0,0,0,0,124.853650664477,0,112.823430872325,0,0,0,0,205.09013266389,0,0,89.9429017381717,96.5937438588657,0,0,96.7845769653343,153.609372090384,0,0
0,0,0,0,0,0,0,0,0,0,62.311273509377,146.770754374523,0,306.640284138334,139.792601838991,0,0,0,0,280.376028997576,0,0,195.314816908693,0,0,0,0,0,139.93285932648,0,0,0,0,0,201.100640800745,228.792310020318,108.381749703452,0,0,309.997227542691,0
0,0,0,0,0,0,0,0,0,0,0,85.6072705949986,0,0,0,0,0,0,0,0,0,0,191.519780382943,90.1317194604647,353.822894641502,0,0,113.059176128709,178.683678585178,0,348.674510760064,0,0,196.04190773555,0,188.851177466023,0,0,0,0,197.486504603685
0,0,0,0,0,90.7216186966914,0,0,221.805809452716,0,0,289.631679007608,0,0,0,0,0,0,0,0,0,0,0,0,0,163.945208919892,95.7590805983148,0,128.530575464043,0,0,118.522099274347,0,0,0,0,58.3493451392805,0,141.204637091722,0,0
0,0,0,0,0,184.249961885477,0,0,0,163.059043292369,0,231.715271819474,0,194.442125915551,0,0,0,0,0,0,0,0,0,0,0,0,0,99.3508940827211,93.5029580098427,108.136066660554,0,0,0,173.001559092555,201.44584889478,338.131802716296,0,106.533627130087,92.3502314520023,0,0
0,0,0,0,0,0,0,0,0,104.369974912428,0,0,0,0,0,280.376028997576,0,0,0,0,241.57250333243,0,112.793316814908,178.224497384947,114.649126378906,325.937289045041,112.349934713559,0,180.90030328818,0,80.4367166559625,0,128.846764897717,98.6790043377568,116.176698124939,0,252.487290983309,0,220.901129804706,208.005106191961,124.698445421759
0,0,0,0,0,232.945974238958,0,0,0,76.5072790361762,0,0,0,196.032358954952,0,0,0,0,0,241.57250333243,0,0,0,0,0,158.567996645797,200.878319874537,134.960780198024,173.059382066957,0,0,0,0,119.728129215699,0,94.9380989123498,314.611698427915,0,0,321.864157986053,329.719143597451
0,0,0,224.523755099568,0,0,0,169.742003380707,0,0,197.893790332676,0,0,0,0,0,0,0,0,0,0,0,0,0,0,0,106.926813611922,125.994729980093,0,0,0,0,0,0,187.77054666536,0,222.053792850439,0,0,0,97.5855511246009
0,0,0,0,0,0,0,0,333.645516435298,0,0,357.423078228283,276.620869034647,71.4788760670054,0,195.314816908693,191.519780382943,0,0,112.793316814908,0,0,0,0,111.226326353722,0,0,115.868441404982,0,0,0,0,0,193.63278243493,0,228.075434767255,157.852515740516,153.453047983244,0,92.5568465385234,262.382215657622
0,0,0,0,212.592150359921,186.348837226466,0,111.435629183184,0,0,161.302948562323,119.345624434514,0,0,124.853650664477,0,90.1317194604647,0,0,178.224497384947,0,0,0,0,0,137.239127032733,0,161.694997919804,263.534399241887,238.934743274142,151.036729364761,84.3635741045246,0,178.748963182352,136.792307586862,0,261.605527103798,131.969743415579,0,89.1590885155172,0
0,0,0,0,125.81518738273,0,0,0,0,0,300.031143529538,0,0,0,0,0,353.822894641502,0,0,114.649126378906,0,0,111.226326353722,0,0,180.543851962045,183.786860782462,138.425725342224,0,0,0,0,0,164.032723165762,0,0,241.635434294794,0,0,0,0
85.7623170715703,0,0,0,0,0,0,193.659409924573,226.825099357786,0,0,195.378266313867,0,186.973586461633,112.823430872325,0,0,163.945208919892,0,325.937289045041,158.567996645797,0,0,137.239127032733,180.543851962045,0,101.443495235174,231.050882209,153.672550905948,158.955087279859,0,0,0,0,137.189596148386,120.912756812582,97.3232815600345,0,0,160.530221557972,306.344527664232
0,0,94.027247878695,0,175.196329314064,0,0,160.537522273714,0,78.9559315574845,0,0,0,0,0,0,0,95.7590805983148,0,112.349934713559,200.878319874537,106.926813611922,0,0,183.786860782462,101.443495235174,0,106.128596538706,172.892533368851,74.5815074003433,128.405764333981,0,0,172.608400267715,199.492852797962,0,283.88658203332,151.075371308616,190.185165668632,0,219.078548227669
0,0,162.833808134102,142.385058730083,0,0,171.230058197369,161.325017232684,259.055025639447,192.693757128262,135.667029391615,89.3673883748406,74.4197823064597,115.114253591495,0,0,113.059176128709,0,99.3508940827211,0,134.960780198024,125.994729980093,115.868441404982,161.694997919804,138.425725342224,231.050882209,106.128596538706,0,0,0,0,0,115.541295036174,167.066576495979,0,133.218162784108,321.124897279917,155.901486485736,74.7304794244225,204.481117647118,146.814226519809
82.1742780037132,0,0,0,0,0,0,165.893015276821,0,169.453147353278,80.8080171296381,154.065933476765,0,146.99041817625,0,139.93285932648,178.683678585178,128.530575464043,93.5029580098427,180.90030328818,173.059382066957,0,0,263.534399241887,0,153.672550905948,172.892533368851,0,0,0,0,223.705816669619,0,214.116367924649,0,0,94.7529894315991,75.4497121078207,0,347.376449530863,145.74089716123
0,0,0,0,0,0,0,0,0,146.465927798921,122.106946855269,0,0,0,0,0,0,0,108.136066660554,0,0,0,0,238.934743274142,0,158.955087279859,74.5815074003433,0,0,0,0,251.098274723989,0,0,206.912707094411,87.8456058929559,0,161.74915061469,0,0,249.798812580765
0,174.013630695256,0,0,0,0,0,0,0,0,0,0,0,0,205.09013266389,0,348.674510760064,0,0,80.4367166559625,0,0,0,151.036729364761,0,0,128.405764333981,0,0,0,0,0,0,0,0,0,0,0,0,0,0
0,0,0,0,0,0,0,303.527509149359,0,0,0,151.806152521152,0,0,0,0,0,118.522099274347,0,0,0,0,0,84.3635741045246,0,0,0,0,223.705816669619,251.098274723989,0,0,82.4756938751058,202.712457066107,62.859596780235,0,255.441154257905,0,148.808626413748,0,0
0,0,0,249.905610015455,0,0,0,0,0,0,0,0,0,0,0,0,0,0,0,128.846764897717,0,0,0,0,0,0,0,115.541295036174,0,0,0,82.4756938751058,0,0,0,0,115.332064605654,0,0,0,0
0,0,0,0,94.8881692391942,209.996727521564,154.784755881607,92.5207898118833,0,181.316358113209,171.906398392157,151.695570509541,0,180.355266595273,89.9429017381717,0,196.04190773555,0,173.001559092555,98.6790043377568,119.728129215699,0,193.63278243493,178.748963182352,164.032723165762,0,172.608400267715,167.066576495979,214.116367924649,0,0,202.712457066107,0,0,98.2230592632363,94.7280504127031,253.401634605989,0,219.040656038919,115.871357769661,71.5579325720569
0,247.66948903751,0,93.4234866874731,284.529238481835,114.511014214502,173.538155409849,0,155.24952173131,0,240.185081663983,159.183173818572,0,103.519938150021,96.5937438588657,201.100640800745,0,0,201.44584889478,116.176698124939,0,187.77054666536,0,136.792307586862,0,137.189596148386,199.492852797962,0,0,206.912707094411,0,62.859596780235,0,98.2230592632363,0,137.177378802006,94.126460729827,101.5853655613,0,120.567029282014,101.605593487621
0,115.194491798135,0,0,218.045528847001,0,0,0,0,0,0,98.417953423071,116.054372245433,0,0,228.792310020318,188.851177466023,0,338.131802716296,0,94.9380989123498,0,228.075434767255,0,0,120.912756812582,0,133.218162784108,0,87.8456058929559,0,0,0,94.7280504127031,137.177378802006,0,142.054529471577,320.356811100276,242.790381480436,198.528111506785,205.183249704085
225.013371621378,0,99.2646516363145,205.839960264176,224.551207449728,97.3506957544063,215.611029055736,135.294330067913,73.4795582048751,213.67670887414,136.685314494491,134.566479261133,72.2278283150671,0,0,108.381749703452,0,58.3493451392805,0,252.487290983309,314.611698427915,222.053792850439,157.852515740516,261.605527103798,241.635434294794,97.3232815600345,283.88658203332,321.124897279917,94.7529894315991,0,0,255.441154257905,115.332064605654,253.401634605989,94.126460729827,142.054529471577,0,0,0,81.9664354533492,0
0,0,0,173.201474590904,345.797434674459,0,81.2827395071039,204.084074037941,0,101.895308036513,195.822649557859,220.963068032256,0,0,96.7845769653343,0,0,0,106.533627130087,0,0,0,153.453047983244,131.969743415579,0,0,151.075371308616,155.901486485736,75.4497121078207,161.74915061469,0,0,0,0,101.5853655613,320.356811100276,0,0,283.248188884028,82.6299537488922,206.472608421747
0,168.241326865882,0,0,0,192.601533877686,177.763106506206,0,0,109.093416850988,0,0,0,0,153.609372090384,0,0,141.204637091722,92.3502314520023,220.901129804706,0,0,0,0,0,0,190.185165668632,74.7304794244225,0,0,0,148.808626413748,0,219.040656038919,0,242.790381480436,0,283.248188884028,0,259.442917595754,0
0,165.597665022977,78.8552325762656,241.682021696872,179.718364159796,227.504408813069,151.01089327964,193.055010680236,113.144980278377,0,0,261.440278806413,0,140.574866691684,0,309.997227542691,0,0,0,208.005106191961,321.864157986053,0,92.5568465385234,89.1590885155172,0,160.530221557972,0,204.481117647118,347.376449530863,0,0,0,0,115.871357769661,120.567029282014,198.528111506785,81.9664354533492,82.6299537488922,259.442917595754,0,269.936825670274
0,0,0,154.142998692322,211.840482897052,0,61.0664810463559,0,143.005810983322,0,0,138.33942793804,0,106.33736463831,0,0,197.486504603685,0,0,124.698445421759,329.719143597451,97.5855511246009,262.382215657622,0,0,306.344527664232,219.078548227669,146.814226519809,145.74089716123,249.798812580765,0,0,0,71.5579325720569,101.605593487621,205.183249704085,0,206.472608421747,0,269.936825670274,0
