0,0,0,228.792310020318,151.036729364761,0,0,0,198.964527389285,0,0,0,0,0,215.611029055736,165.893015276821,0,0,0,0,0,0,0,0,0,0,0,0,0,0,0,0,0,0,0,0,0,0,0,161.694997919804,0
0,0,0,0,0,0,0,0,0,0,0,0,0,0,0,0,0,0,0,0,0,0,136.792307586862,0,249.798812580765,241.682021696872,0,333.645516435298,0,0,0,0,0,241.57250333243,0,0,224.523755099568,0,196.032358954952,0,0
0,0,0,0,0,303.527509149359,0,0,0,0,0,0,0,0,0,0,0,0,0,104.369974912428,0,0,0,0,0,0,0,0,62.311273509377,0,0,0,0,171.230058197369,0,74.4197823064597,0,0,0,0,0
228.792310020318,0,0,0,0,0,0,125.81518738273,0,0,0,0,0,0,0,0,138.425725342224,0,0,0,0,0,0,179.718364159796,151.01089327964,0,0,112.793316814908,114.649126378906,0,180.543851962045,0,269.936825670274,0,146.770754374523,0,224.551207449728,0,0,219.078548227669,134.566479261133
151.036729364761,0,0,0,0,0,0,137.189596148386,0,118.522099274347,252.487290983309,96.5937438588657,0,139.792601838991,113.059176128709,0,0,0,124.853650664477,0,213.67670887414,0,0,0,0,0,0,142.385058730083,0,0,0,106.128596538706,214.116367924649,0,119.345624434514,0,238.934743274142,0,0,0,0
0,0,303.527509149359,0,0,0,0,0,220.963068032256,154.070293657878,0,227.504408813069,0,0,195.822649557859,0,0,0,148.808626413748,0,325.937289045041,154.784755881607,0,0,197.486504603685,85.7623170715703,221.805809452716,0,0,0,0,0,0,0,153.876396855887,0,163.059043292369,0,217.157696745803,0,0
0,0,0,0,0,0,0,0,0,0,0,0,186.348837226466,160.537522273714,0,0,231.050882209,0,0,0,0,0,0,66.5008477853491,0,0,180.355266595273,212.592150359921,104.915316975638,99.3508940827211,0,0,0,125.994729980093,0,0,92.5568465385234,93.5029580098427,0,61.0664810463559,219.430938885781
0,0,0,125.81518738273,137.189596148386,0,0,0,0,89.1590885155172,101.605593487621,0,0,0,0,0,0,0,220.901129804706,131.969743415579,0,0,90.1317194604647,0,82.1742780037132,0,135.294330067913,109.093416850988,0,0,0,0,0,98.2230592632363,348.674510760064,135.667029391615,106.33736463831,165.597665022977,0,67.8267069095267,0
198.964527389285,0,0,0,0,220.963068032256,0,0,0,94.9380989123498,0,0,0,0,0,180.90030328818,183.786860782462,0,0,0,0,0,0,120.912756812582,0,89.9429017381717,0,0,0,0,0,0,0,184.249961885477,128.846764897717,0,73.4795582048751,0,0,98.6790043377568,0
0,0,0,0,118.522099274347,154.070293657878,0,89.1590885155172,94.9380989123498,0,0,0,202.712457066107,150.161410108805,0,262.382215657622,0,0,0,168.241326865882,0,0,106.926813611922,223.705816669619,0,0,187.77054666536,0,0,0,0,0,0,320.356811100276,201.44584889478,276.620869034647,137.177378802006,0,161.275817184598,153.609372090384,78.8552325762656
0,0,0,0,252.487290983309,0,0,101.605593487621,0,0,0,200.878319874537,0,0,0,0,0,0,0,0,309.997227542691,0,146.465927798921,133.218162784108,101.350815329073,195.314816908693,0,251.098274723989,0,72.2278283150671,0,115.541295036174,111.435629183184,81.2827395071039,193.777661225572,0,0,174.013630695256,0,0,173.059382066957
0,0,0,0,96.5937438588657,227.504408813069,0,0,0,0,200.878319874537,0,0,115.868441404982,158.955087279859,0,0,0,206.912707094411,153.672550905948,0,0,228.075434767255,353.822894641502,0,58.3493451392805,0,159.183173818572,80.4367166559625,101.85207633558,0,116.176698124939,0,113.144980278377,201.100640800745,209.996727521564,158.567996645797,0,171.906398392157,112.349934713559,70.4221432298295
0,0,0,0,0,0,186.348837226466,0,0,202.712457066107,0,0,0,0,0,0,0,0,0,0,0,193.659409924573,0,0,0,0,0,0,0,0,0,0,0,155.901486485736,0,0,0,100.812745974529,0,323.781250289068,0
0,0,0,0,139.792601838991,0,160.537522273714,0,0,150.161410108805,0,115.868441404982,0,0,0,0,0,94.7529894315991,0,0,0,0,0,0,321.124897279917,0,85.6072705949986,75.4497121078207,283.88658203332,0,0,142.054529471577,0,161.325017232684,199.492852797962,0,99.2646516363145,0,0,97.5855511246009,0
215.611029055736,0,0,0,113.059176128709,195.822649557859,0,0,0,0,0,158.955087279859,0,0,0,178.224497384947,0,0,0,0,0,0,134.960780198024,0,0,0,0,94.126460729827,0,0,0,0,0,124.698445421759,0,255.441154257905,87.8456058929559,169.742003380707,0,0,167.066576495979
165.893015276821,0,0,0,0,0,0,0,180.90030328818,262.382215657622,0,0,0,0,178.224497384947,0,0,0,0,188.851177466023,0,0,0,0,0,0,0,96.7845769653343,76.5072790361762,0,0,0,0,280.376028997576,0,103.519938150021,94.7280504127031,0,0,206.472608421747,0
0,0,0,138.425725342224,0,0,231.050882209,0,183.786860782462,0,0,0,0,0,0,0,0,0,0,0,71.4788760670054,0,0,0,0,71.5579325720569,0,0,181.316358113209,0,0,0,0,157.852515740516,0,0,204.084074037941,0,0,137.239127032733,236.681907140956
0,0,0,0,0,0,0,0,0,0,0,0,0,94.7529894315991,0,0,0,0,0,186.973586461633,0,116.054372245433,0,0,0,0,0,84.3635741045246,0,0,163.945208919892,0,0,0,0,196.04190773555,192.601533877686,190.185165668632,0,0,81.9664354533492
0,0,0,0,124.853650664477,148.808626413748,0,220.901129804706,0,0,0,206.912707094411,0,0,0,0,0,0,0,0,0,0,0,108.136066660554,151.075371308616,0,0,0,261.605527103798,0,0,0,0,117.208001126138,0,128.530575464043,259.442917595754,93.4234866874731,219.040656038919,0,0
0,0,104.369974912428,0,0,0,0,131.969743415579,0,168.241326865882,0,153.672550905948,0,0,0,188.851177466023,0,186.973586461633,0,0,249.905610015455,0,0,136.685314494491,0,92.5207898118833,241.635434294794,173.001559092555,205.183249704085,0,0,173.538155409849,0,146.99041817625,0,0,0,153.453047983244,205.09013266389,0,125.416941482916
0,0,0,0,213.67670887414,325.937289045041,0,0,0,0,309.997227542691,0,0,0,0,0,71.4788760670054,0,0,249.905610015455,0,155.24952173131,242.790381480436,0,0,0,211.840482897052,0,0,0,0,0,0,0,98.417953423071,232.945974238958,329.719143597451,0,321.864157986053,222.053792850439,0
0,0,0,0,0,154.784755881607,0,0,0,0,0,0,193.659409924573,0,0,0,0,116.054372245433,0,0,155.24952173131,0,0,0,0,0,192.693757128262,0,0,0,0,0,0,0,283.248188884028,195.378266313867,0,0,101.5853655613,0,0
0,136.792307586862,0,0,0,0,0,90.1317194604647,0,106.926813611922,146.465927798921,228.075434767255,0,0,134.960780198024,0,0,0,0,0,242.790381480436,0,0,0,0,89.3673883748406,191.519780382943,115.332064605654,0,0,0,169.453147353278,0,62.859596780235,231.715271819474,0,0,306.344527664232,0,0,263.534399241887
0,0,0,179.718364159796,0,0,66.5008477853491,0,120.912756812582,223.705816669619,133.218162784108,353.822894641502,0,0,0,0,0,0,108.136066660554,136.685314494491,0,0,0,0,0,139.654362654449,172.608400267715,114.511014214502,204.481117647118,119.728129215699,0,0,0,90.7216186966914,110.384905066973,0,154.142998692322,289.631679007608,0,161.74915061469,115.114253591495
0,249.798812580765,0,151.01089327964,0,197.486504603685,0,82.1742780037132,0,0,101.350815329073,0,0,321.124897279917,0,0,0,0,151.075371308616,0,0,0,0,0,0,0,0,161.302948562323,82.4756938751058,0,0,0,0,0,0,145.74089716123,0,0,0,0,0
0,241.682021696872,0,0,0,85.7623170715703,0,0,89.9429017381717,0,195.314816908693,58.3493451392805,0,0,0,0,71.5579325720569,0,0,92.5207898118833,0,0,89.3673883748406,139.654362654449,0,0,128.405764333981,115.194491798135,143.005810983322,0,357.423078228283,0,0,300.031143529538,73.1029054543569,250.461724766314,198.528111506785,115.871357769661,197.893790332676,338.131802716296,0
0,0,0,0,0,221.805809452716,180.355266595273,135.294330067913,0,187.77054666536,0,0,0,85.6072705949986,0,0,0,0,0,241.635434294794,211.840482897052,192.693757128262,191.519780382943,172.608400267715,0,128.405764333981,0,78.9559315574845,172.892533368851,0,0,347.376449530863,314.611698427915,94.8881692391942,218.045528847001,0,89.707245288964,0,0,140.574866691684,225.013371621378
0,333.645516435298,0,112.793316814908,142.385058730083,0,212.592150359921,109.093416850988,0,0,251.098274723989,159.183173818572,0,75.4497121078207,94.126460729827,96.7845769653343,0,84.3635741045246,0,173.001559092555,0,0,115.332064605654,114.511014214502,161.302948562323,115.194491798135,78.9559315574845,0,193.63278243493,112.823430872325,106.533627130087,0,0,138.33942793804,141.204637091722,253.401634605989,94.027247878695,335.371040201042,0,111.226326353722,192.135034768848
0,0,62.311273509377,114.649126378906,0,0,104.915316975638,0,0,0,0,80.4367166559625,0,283.88658203332,0,76.5072790361762,181.316358113209,0,261.605527103798,205.183249704085,0,0,0,204.481117647118,82.4756938751058,143.005810983322,172.892533368851,193.63278243493,0,74.7304794244225,0,0,0,240.185081663983,97.3232815600345,0,205.839960264176,108.381749703452,0,208.005106191961,259.055025639447
0,0,0,0,0,0,99.3508940827211,0,0,0,72.2278283150671,101.85207633558,0,0,0,0,0,0,0,0,0,0,0,119.728129215699,0,0,0,112.823430872325,74.7304794244225,0,0,0,0,0,0,177.763106506206,188.936291522747,0,82.6426202489162,178.683678585178,306.640284138334
0,0,0,180.543851962045,0,0,0,0,0,0,0,0,0,0,0,0,0,163.945208919892,0,0,0,0,0,0,0,357.423078228283,0,106.533627130087,0,0,0,0,0,0,92.3502314520023,0,0,162.833808134102,0,0,0
0,0,0,0,106.128596538706,0,0,0,0,0,115.541295036174,116.176698124939,0,142.054529471577,0,0,0,0,0,173.538155409849,0,0,169.453147353278,0,0,0,347.376449530863,0,0,0,0,0,0,284.529238481835,0,0,0,226.825099357786,146.814226519809,0,151.806152521152
0,0,0,269.936825670274,214.116367924649,0,0,0,0,0,111.435629183184,0,0,0,0,0,0,0,0,0,0,0,0,0,0,0,314.611698427915,0,0,0,0,0,0,0,0,0,194.442125915551,0,0,0,0
0,241.57250333243,171.230058197369,0,0,0,125.994729980093,98.2230592632363,184.249961885477,320.356811100276,81.2827395071039,113.144980278377,155.901486485736,161.325017232684,124.698445421759,280.376028997576,157.852515740516,0,117.208001126138,146.99041817625,0,0,62.859596780235,90.7216186966914,0,300.031143529538,94.8881692391942,138.33942793804,240.185081663983,0,0,284.529238481835,0,0,97.3506957544063,0,101.443495235174,82.6299537488922,0,151.695570509541,0
0,0,0,146.770754374523,119.345624434514,153.876396855887,0,348.674510760064,128.846764897717,201.44584889478,193.777661225572,201.100640800745,0,199.492852797962,0,0,0,0,0,0,98.417953423071,283.248188884028,231.715271819474,110.384905066973,0,73.1029054543569,218.045528847001,141.204637091722,97.3232815600345,0,92.3502314520023,0,0,97.3506957544063,0,122.106946855269,175.196329314064,193.055010680236,133.984214699576,95.7590805983148,261.440278806413
0,0,74.4197823064597,0,0,0,0,135.667029391615,0,276.620869034647,0,209.996727521564,0,0,255.441154257905,103.519938150021,0,196.04190773555,128.530575464043,0,232.945974238958,195.378266313867,0,0,145.74089716123,250.461724766314,0,253.401634605989,0,177.763106506206,0,0,0,0,122.106946855269,0,160.530221557972,0,101.895308036513,173.201474590904,345.797434674459
0,224.523755099568,0,224.551207449728,238.934743274142,163.059043292369,92.5568465385234,106.33736463831,73.4795582048751,137.177378802006,0,158.567996645797,0,99.2646516363145,87.8456058929559,94.7280504127031,204.084074037941,192.601533877686,259.442917595754,0,329.719143597451,0,0,154.142998692322,0,198.528111506785,89.707245288964,94.027247878695,205.839960264176,188.936291522747,0,0,194.442125915551,101.443495235174,175.196329314064,160.530221557972,0,74.5815074003433,80.8080171296381,247.66948903751,164.032723165762
0,0,0,0,0,0,93.5029580098427,165.597665022977,0,0,174.013630695256,0,100.812745974529,0,169.742003380707,0,0,190.185165668632,93.4234866874731,153.453047983244,0,0,306.344527664232,289.631679007608,0,115.871357769661,0,335.371040201042,108.381749703452,0,162.833808134102,226.825099357786,0,82.6299537488922,193.055010680236,0,74.5815074003433,0,0,178.748963182352,154.065933476765
0,196.032358954952,0,0,0,217.157696745803,0,0,0,161.275817184598,0,171.906398392157,0,0,0,0,0,0,219.040656038919,205.09013266389,321.864157986053,101.5853655613,0,0,0,197.893790332676,0,0,0,82.6426202489162,0,146.814226519809,0,0,133.984214699576,101.895308036513,80.8080171296381,0,0,139.93285932648,0
161.694997919804,0,0,219.078548227669,0,0,61.0664810463559,67.8267069095267,98.6790043377568,153.609372090384,0,112.349934713559,323.781250289068,97.5855511246009,0,206.472608421747,137.239127032733,0,0,0,222.053792850439,0,0,161.74915061469,0,338.131802716296,140.574866691684,111.226326353722,208.005106191961,178.683678585178,0,0,0,151.695570509541,95.7590805983148,173.201474590904,247.66948903751,178.748963182352,139.93285932648,0,120.567029282014
0,0,0,134.566479261133,0,0,219.430938885781,0,0,78.8552325762656,173.059382066957,70.4221432298295,0,0,167.066576495979,0,236.681907140956,81.9664354533492,0,125.416941482916,0,0,263.534399241887,115.114253591495,0,0,225.013371621378,192.135034768848,259.055025639447,306.640284138334,0,151.806152521152,0,0,261.440278806413,345.797434674459,164.032723165762,154.065933476765,0,120.567029282014,0
