0,0,0,0,0,259.442917595754,0,93.4234866874731,0,0,0,217.157696745803,0,0,0,0,0,208.005106191961,0,0,0,0,0,0,0,0,0,0,0,0,0,0,0,0,125.994729980093,0,0,101.5853655613,0,0,0
0,0,0,0,0,151.01089327964,0,0,0,0,0,0,0,0,0,0,0,0,0,0,0,0,0,193.63278243493,0,115.868441404982,0,0,92.3502314520023,0,0,0,0,0,101.443495235174,0,0,0,284.529238481835,89.9429017381717,0
0,0,0,0,0,0,0,0,0,0,0,0,0,0,0,0,0,0,0,0,0,104.369974912428,0,0,0,0,0,300.031143529538,0,0,0,0,0,0,201.100640800745,0,168.241326865882,0,0,226.825099357786,0
0,0,0,0,0,112.349934713559,0,195.314816908693,0,160.537522273714,137.189596148386,196.04190773555,0,78.9559315574845,250.461724766314,0,0,0,0,0,0,0,0,0,0,0,186.973586461633,103.519938150021,0,0,0,0,0,0,94.7280504127031,160.530221557972,262.382215657622,0,0,214.116367924649,0
0,0,0,0,0,0,0,0,0,0,0,143.005810983322,0,0,0,142.385058730083,0,0,0,0,0,0,96.7845769653343,0,151.806152521152,0,0,169.453147353278,97.5855511246009,75.4497121078207,84.3635741045246,0,0,196.032358954952,0,150.161410108805,335.371040201042,115.332064605654,146.814226519809,0,161.275817184598
259.442917595754,151.01089327964,0,112.349934713559,0,0,0,136.792307586862,348.674510760064,0,0,99.2646516363145,0,155.24952173131,0,0,222.053792850439,0,0,0,0,0,0,0,0,0,141.204637091722,135.294330067913,0,0,0,184.249961885477,0,0,306.640284138334,0,61.0664810463559,0,0,98.2230592632363,0
0,0,0,0,0,0,0,347.376449530863,85.7623170715703,0,0,0,0,0,109.093416850988,0,0,0,0,124.853650664477,0,0,0,0,261.605527103798,253.401634605989,62.859596780235,223.705816669619,70.4221432298295,0,0,0,0,0,0,0,162.833808134102,181.316358113209,74.5815074003433,0,242.790381480436
93.4234866874731,0,0,195.314816908693,0,136.792307586862,347.376449530863,0,89.3673883748406,0,0,0,0,82.6299537488922,0,66.5008477853491,0,0,0,0,0,218.045528847001,0,0,0,0,198.964527389285,0,269.936825670274,0,0,0,81.2827395071039,0,108.381749703452,0,241.635434294794,194.442125915551,114.649126378906,136.685314494491,0
0,0,0,0,0,348.674510760064,85.7623170715703,89.3673883748406,0,261.440278806413,213.67670887414,161.694997919804,0,0,0,0,0,0,0,0,0,0,0,0,0,0,0,187.77054666536,180.355266595273,0,0,0,0,227.504408813069,0,0,0,90.1317194604647,0,106.128596538706,0
0,0,0,160.537522273714,0,0,0,0,261.440278806413,0,0,219.430938885781,0,0,197.486504603685,0,139.792601838991,0,0,314.611698427915,0,0,157.852515740516,179.718364159796,0,97.3506957544063,133.218162784108,138.33942793804,231.050882209,0,0,146.99041817625,0,0,71.4788760670054,146.770754374523,74.7304794244225,204.084074037941,0,0,153.609372090384
0,0,0,137.189596148386,0,0,0,0,213.67670887414,0,0,0,329.719143597451,0,212.592150359921,0,112.823430872325,115.114253591495,0,241.682021696872,0,0,0,171.230058197369,0,82.4756938751058,188.936291522747,357.423078228283,0,0,0,174.013630695256,0,111.226326353722,0,221.805809452716,154.070293657878,80.4367166559625,0,0,0
217.157696745803,0,0,196.04190773555,143.005810983322,99.2646516363145,0,0,161.694997919804,219.430938885781,0,0,0,0,97.3232815600345,0,0,95.7590805983148,0,240.185081663983,178.748963182352,0,0,100.812745974529,0,0,0,0,154.784755881607,82.6426202489162,0,72.2278283150671,0,201.44584889478,228.075434767255,128.405764333981,0,108.136066660554,190.185165668632,220.963068032256,280.376028997576
0,0,0,0,0,0,0,0,0,0,329.719143597451,0,0,0,0,0,0,0,0,0,0,0,0,116.176698124939,0,0,0,0,0,0,0,0,0,0,89.1590885155172,120.567029282014,228.792310020318,142.054529471577,0,0,0
0,0,0,78.9559315574845,0,155.24952173131,0,82.6299537488922,0,0,0,0,0,0,0,345.797434674459,0,0,0,0,0,0,183.786860782462,0,0,161.302948562323,159.183173818572,219.078548227669,0,0,0,151.075371308616,0,172.608400267715,0,236.681907140956,115.194491798135,0,0,167.066576495979,153.876396855887
0,0,0,250.461724766314,0,0,109.093416850988,0,0,197.486504603685,212.592150359921,97.3232815600345,0,0,0,0,0,0,0,0,0,0,0,94.7529894315991,0,0,0,153.453047983244,0,153.672550905948,0,0,0,303.527509149359,0,0,104.915316975638,0,320.356811100276,0,164.032723165762
0,0,0,0,142.385058730083,0,0,66.5008477853491,0,0,0,0,0,345.797434674459,0,0,0,0,0,0,94.8881692391942,0,0,0,0,163.059043292369,163.945208919892,158.955087279859,0,0,0,0,0,111.435629183184,140.574866691684,0,101.895308036513,0,0,135.667029391615,0
0,0,0,0,0,222.053792850439,0,0,0,139.792601838991,112.823430872325,0,0,0,0,0,0,0,0,0,165.597665022977,0,0,0,0,161.325017232684,62.311273509377,188.851177466023,0,0,0,0,0,158.567996645797,94.9380989123498,0,0,0,0,134.960780198024,0
208.005106191961,0,0,0,0,0,0,0,0,0,115.114253591495,95.7590805983148,0,0,0,0,0,0,0,0,58.3493451392805,0,0,0,0,0,0,0,0,205.839960264176,0,0,0,219.040656038919,145.74089716123,0,67.8267069095267,128.846764897717,0,0,0
0,0,0,0,0,0,0,0,0,0,0,0,0,0,0,0,0,0,0,0,90.7216186966914,0,0,0,81.9664354533492,171.906398392157,82.1742780037132,172.892533368851,241.57250333243,186.348837226466,289.631679007608,0,0,74.4197823064597,0,117.208001126138,113.144980278377,0,0,0,112.793316814908
0,0,0,0,0,0,124.853650664477,0,0,314.611698427915,241.682021696872,240.185081663983,0,0,0,0,0,0,0,0,321.864157986053,0,283.248188884028,263.534399241887,0,151.695570509541,251.098274723989,114.511014214502,0,0,0,338.131802716296,0,98.417953423071,110.384905066973,0,321.124897279917,0,116.054372245433,191.519780382943,125.416941482916
0,0,0,0,0,0,0,0,0,0,0,178.748963182352,0,0,0,94.8881692391942,165.597665022977,58.3493451392805,90.7216186966914,321.864157986053,0,204.481117647118,333.645516435298,224.523755099568,0,0,0,0,0,106.533627130087,0,0,0,154.142998692322,0,0,139.654362654449,0,0,192.601533877686,0
0,0,104.369974912428,0,0,0,0,218.045528847001,0,0,0,0,0,0,0,0,0,0,0,0,204.481117647118,0,0,231.715271819474,0,0,0,94.126460729827,0,0,0,0,0,0,0,0,276.620869034647,89.707245288964,0,115.871357769661,0
0,0,0,0,96.7845769653343,0,0,0,0,157.852515740516,0,0,0,183.786860782462,0,0,0,0,0,283.248188884028,333.645516435298,0,0,0,87.8456058929559,0,120.912756812582,146.465927798921,154.065933476765,0,0,0,0,148.808626413748,0,101.350815329073,134.566479261133,0,101.605593487621,106.33736463831,197.893790332676
0,193.63278243493,0,0,0,0,0,0,0,179.718364159796,171.230058197369,100.812745974529,116.176698124939,0,94.7529894315991,0,0,0,0,263.534399241887,224.523755099568,231.715271819474,0,0,80.8080171296381,353.822894641502,128.530575464043,249.905610015455,151.036729364761,0,0,0,0,211.840482897052,76.5072790361762,249.798812580765,0,0,0,101.85207633558,175.196329314064
0,0,0,0,151.806152521152,0,261.605527103798,0,0,0,0,0,0,0,0,0,0,0,81.9664354533492,0,0,0,87.8456058929559,80.8080171296381,0,0,0,0,0,0,0,192.693757128262,0,0,0,202.712457066107,131.969743415579,0,198.528111506785,0,173.538155409849
0,115.868441404982,0,0,0,0,253.401634605989,0,0,97.3506957544063,82.4756938751058,0,0,161.302948562323,0,163.059043292369,161.325017232684,0,171.906398392157,151.695570509541,0,0,0,353.822894641502,0,0,193.659409924573,180.543851962045,173.201474590904,0,206.472608421747,0,0,200.878319874537,118.522099274347,0,192.135034768848,137.239127032733,0,206.912707094411,93.5029580098427
0,0,0,186.973586461633,0,141.204637091722,62.859596780235,198.964527389285,0,133.218162784108,188.936291522747,0,0,159.183173818572,0,163.945208919892,62.311273509377,0,82.1742780037132,251.098274723989,0,0,120.912756812582,128.530575464043,0,193.659409924573,0,0,85.6072705949986,0,0,0,0,0,224.551207449728,0,155.901486485736,0,178.683678585178,195.378266313867,92.5568465385234
0,0,300.031143529538,103.519938150021,169.453147353278,135.294330067913,223.705816669619,0,187.77054666536,138.33942793804,357.423078228283,0,0,219.078548227669,153.453047983244,158.955087279859,188.851177466023,0,172.892533368851,114.511014214502,0,94.126460729827,146.465927798921,249.905610015455,0,180.543851962045,0,0,138.425725342224,283.88658203332,106.926813611922,0,0,139.93285932648,238.934743274142,0,252.487290983309,205.09013266389,0,255.441154257905,94.027247878695
0,92.3502314520023,0,0,97.5855511246009,0,70.4221432298295,269.936825670274,180.355266595273,231.050882209,0,154.784755881607,0,0,0,0,0,0,241.57250333243,0,0,0,154.065933476765,151.036729364761,0,173.201474590904,85.6072705949986,138.425725342224,0,209.996727521564,0,0,0,323.781250289068,96.5937438588657,325.937289045041,0,195.822649557859,124.698445421759,165.893015276821,205.183249704085
0,0,0,0,75.4497121078207,0,0,0,0,0,0,82.6426202489162,0,0,153.672550905948,0,0,205.839960264176,186.348837226466,0,106.533627130087,0,0,0,0,0,0,283.88658203332,209.996727521564,0,0,0,0,137.177378802006,0,0,309.997227542691,0,0,0,92.5207898118833
0,0,0,0,84.3635741045246,0,0,0,0,0,0,0,0,0,0,0,0,0,289.631679007608,0,0,0,0,0,0,206.472608421747,0,106.926813611922,0,0,0,0,0,225.013371621378,0,78.8552325762656,0,0,0,0,0
0,0,0,0,0,184.249961885477,0,0,0,146.99041817625,174.013630695256,72.2278283150671,0,151.075371308616,0,0,0,0,0,338.131802716296,0,0,0,0,192.693757128262,0,0,0,0,0,0,0,71.5579325720569,0,0,0,99.3508940827211,232.945974238958,0,259.055025639447,0
0,0,0,0,0,0,0,81.2827395071039,0,0,0,0,0,0,0,0,0,0,0,0,0,0,0,0,0,0,0,0,0,0,0,71.5579325720569,0,306.344527664232,0,161.74915061469,0,0,115.541295036174,0,0
0,0,0,0,196.032358954952,0,0,0,227.504408813069,0,111.226326353722,201.44584889478,0,172.608400267715,303.527509149359,111.435629183184,158.567996645797,219.040656038919,74.4197823064597,98.417953423071,154.142998692322,0,148.808626413748,211.840482897052,0,200.878319874537,0,139.93285932648,323.781250289068,137.177378802006,225.013371621378,0,306.344527664232,0,215.611029055736,193.777661225572,125.81518738273,122.106946855269,0,169.742003380707,199.492852797962
125.994729980093,101.443495235174,201.100640800745,94.7280504127031,0,306.640284138334,0,108.381749703452,0,71.4788760670054,0,228.075434767255,89.1590885155172,0,0,140.574866691684,94.9380989123498,145.74089716123,0,110.384905066973,0,0,0,76.5072790361762,0,118.522099274347,224.551207449728,238.934743274142,96.5937438588657,0,0,0,0,215.611029055736,0,180.90030328818,119.728129215699,73.1029054543569,220.901129804706,247.66948903751,173.059382066957
0,0,0,160.530221557972,150.161410108805,0,0,0,0,146.770754374523,221.805809452716,128.405764333981,120.567029282014,236.681907140956,0,0,0,0,117.208001126138,0,0,0,101.350815329073,249.798812580765,202.712457066107,0,0,0,325.937289045041,0,78.8552325762656,0,161.74915061469,193.777661225572,180.90030328818,0,113.059176128709,178.224497384947,0,0,173.001559092555
0,0,168.241326865882,262.382215657622,335.371040201042,61.0664810463559,162.833808134102,241.635434294794,0,74.7304794244225,154.070293657878,0,228.792310020318,115.194491798135,104.915316975638,101.895308036513,0,67.8267069095267,113.144980278377,321.124897279917,139.654362654449,276.620869034647,134.566479261133,0,131.969743415579,192.135034768848,155.901486485736,252.487290983309,0,309.997227542691,0,99.3508940827211,0,125.81518738273,119.728129215699,113.059176128709,0,98.6790043377568,193.055010680236,133.984214699576,0
101.5853655613,0,0,0,115.332064605654,0,181.316358113209,194.442125915551,90.1317194604647,204.084074037941,80.4367166559625,108.136066660554,142.054529471577,0,0,0,0,128.846764897717,0,0,0,89.707245288964,0,0,0,137.239127032733,0,205.09013266389,195.822649557859,0,0,232.945974238958,0,122.106946855269,73.1029054543569,178.224497384947,98.6790043377568,0,0,73.4795582048751,0
0,284.529238481835,0,0,146.814226519809,0,74.5815074003433,114.649126378906,0,0,0,190.185165668632,0,0,320.356811100276,0,0,0,0,116.054372245433,0,0,101.605593487621,0,198.528111506785,0,178.683678585178,0,124.698445421759,0,0,0,115.541295036174,0,220.901129804706,0,193.055010680236,0,0,0,119.345624434514
0,89.9429017381717,226.825099357786,214.116367924649,0,98.2230592632363,0,136.685314494491,106.128596538706,0,0,220.963068032256,0,167.066576495979,0,135.667029391615,134.960780198024,0,0,191.519780382943,192.601533877686,115.871357769661,106.33736463831,101.85207633558,0,206.912707094411,195.378266313867,255.441154257905,165.893015276821,0,0,259.055025639447,0,169.742003380707,247.66948903751,0,133.984214699576,73.4795582048751,0,0,177.763106506206
0,0,0,0,161.275817184598,0,242.790381480436,0,0,153.609372090384,0,280.376028997576,0,153.876396855887,164.032723165762,0,0,0,112.793316814908,125.416941482916,0,0,197.893790332676,175.196329314064,173.538155409849,93.5029580098427,92.5568465385234,94.027247878695,205.183249704085,92.5207898118833,0,0,0,199.492852797962,173.059382066957,173.001559092555,0,0,119.345624434514,177.763106506206,0
