0,0,0,0,0,0,0,0,0,165.893015276821,0,0,0,0,0,0,0,0,205.839960264176,80.4367166559625,0,220.963068032256,0,0,96.5937438588657,0,0,0,0,0,0,0,0,0,0,0,124.853650664477,0,0,0,0
0,0,0,0,0,195.822649557859,0,0,0,0,0,0,160.537522273714,0,0,0,0,0,0,0,0,0,0,0,0,142.385058730083,0,61.0664810463559,0,0,0,0,0,0,0,0,0,223.705816669619,276.620869034647,0,133.218162784108
0,0,0,0,0,0,0,0,0,0,0,128.846764897717,0,0,0,0,0,0,0,0,0,0,0,108.381749703452,0,0,62.859596780235,0,0,0,0,0,0,0,280.376028997576,0,0,0,0,71.4788760670054,0
0,0,0,0,0,0,0,240.185081663983,0,309.997227542691,0,140.574866691684,0,0,0,0,0,146.770754374523,92.5207898118833,0,0,0,0,154.070293657878,0,180.90030328818,0,74.4197823064597,196.04190773555,0,0,0,0,227.504408813069,0,0,0,195.378266313867,0,70.4221432298295,99.2646516363145
0,0,0,0,0,0,81.9664354533492,0,0,0,205.09013266389,0,0,0,0,190.185165668632,143.005810983322,0,0,329.719143597451,0,0,0,0,0,0,0,115.868441404982,0,259.442917595754,0,0,0,94.7529894315991,115.194491798135,320.356811100276,151.075371308616,178.683678585178,112.793316814908,0,136.685314494491
0,195.822649557859,0,0,0,0,0,98.417953423071,0,0,99.3508940827211,0,0,89.707245288964,0,0,0,151.036729364761,0,0,306.640284138334,0,133.984214699576,215.611029055736,0,193.659409924573,78.9559315574845,0,87.8456058929559,0,0,0,116.176698124939,0,0,116.054372245433,0,0,0,180.543851962045,0
0,0,0,0,81.9664354533492,0,0,0,0,0,0,0,0,101.5853655613,0,125.994729980093,0,0,0,250.461724766314,335.371040201042,0,0,74.7304794244225,114.511014214502,0,0,284.529238481835,172.608400267715,0,0,0,0,98.2230592632363,75.4497121078207,173.538155409849,72.2278283150671,0,0,0,0
0,0,0,240.185081663983,0,98.417953423071,0,0,200.878319874537,0,0,0,0,153.876396855887,112.823430872325,0,0,137.239127032733,0,158.567996645797,0,0,0,134.960780198024,187.77054666536,0,0,0,193.63278243493,163.059043292369,0,0,0,261.605527103798,159.183173818572,0,191.519780382943,0,220.901129804706,82.1742780037132,0
0,0,0,0,0,0,0,200.878319874537,0,0,0,94.027247878695,0,206.912707094411,0,333.645516435298,0,0,0,85.6072705949986,0,0,0,0,0,0,348.674510760064,196.032358954952,0,0,0,202.712457066107,0,0,353.822894641502,0,113.059176128709,0,0,255.441154257905,0
165.893015276821,0,0,309.997227542691,0,0,0,0,0,0,0,321.864157986053,92.3502314520023,0,161.74915061469,0,0,0,0,338.131802716296,0,0,111.226326353722,0,97.3506957544063,139.93285932648,0,171.230058197369,205.183249704085,0,0,0,0,269.936825670274,173.201474590904,117.208001126138,106.33736463831,101.895308036513,0,110.384905066973,209.996727521564
0,0,0,0,205.09013266389,99.3508940827211,0,0,0,0,0,73.4795582048751,0,0,98.6790043377568,0,0,0,193.055010680236,113.144980278377,225.013371621378,198.964527389285,0,0,0,228.075434767255,0,201.44584889478,84.3635741045246,0,0,0,0,108.136066660554,0,90.7216186966914,221.805809452716,85.7623170715703,0,0,192.693757128262
0,0,128.846764897717,140.574866691684,0,0,0,0,94.027247878695,321.864157986053,73.4795582048751,0,0,0,0,177.763106506206,194.442125915551,283.248188884028,0,321.124897279917,0,0,247.66948903751,0,0,125.81518738273,0,94.9380989123498,161.302948562323,0,169.453147353278,261.440278806413,0,179.718364159796,0,125.416941482916,155.901486485736,162.833808134102,135.667029391615,241.635434294794,0
0,160.537522273714,0,0,0,0,0,0,0,92.3502314520023,0,0,0,0,0,0,303.527509149359,0,0,0,0,0,0,181.316358113209,0,0,0,0,0,0,0,253.401634605989,0,0,74.5815074003433,0,0,0,0,0,0
0,0,0,0,0,89.707245288964,101.5853655613,153.876396855887,206.912707094411,0,0,0,0,0,0,173.059382066957,0,0,0,0,0,128.530575464043,94.126460729827,0,0,0,151.01089327964,128.405764333981,0,97.3232815600345,0,0,0,192.135034768848,199.492852797962,0,137.189596148386,0,0,150.161410108805,0
0,0,0,0,0,0,0,112.823430872325,0,161.74915061469,98.6790043377568,0,0,0,0,0,0,219.040656038919,0,67.8267069095267,0,0,0,93.5029580098427,0,154.142998692322,119.345624434514,0,0,0,0,0,0,0,0,184.249961885477,226.825099357786,62.311273509377,0,0,154.065933476765
0,0,0,0,190.185165668632,0,125.994729980093,0,333.645516435298,0,0,177.763106506206,0,173.059382066957,0,0,0,0,0,0,92.5568465385234,0,0,0,0,94.7280504127031,0,142.054529471577,183.786860782462,0,0,0,0,0,0,0,161.275817184598,204.481117647118,0,0,0
0,0,0,0,143.005810983322,0,0,0,0,0,0,194.442125915551,303.527509149359,0,0,0,0,0,0,0,0,0,0,0,0,151.695570509541,0,153.453047983244,0,0,0,0,0,192.601533877686,188.851177466023,171.906398392157,0,0,0,137.177378802006,146.465927798921
0,0,0,146.770754374523,0,151.036729364761,0,137.239127032733,0,0,0,283.248188884028,0,0,219.040656038919,0,0,0,0,0,0,0,0,0,0,0,195.314816908693,178.224497384947,0,0,0,122.106946855269,0,0,0,0,0,0,0,136.792307586862,0
205.839960264176,0,0,92.5207898118833,0,0,0,0,0,0,193.055010680236,0,0,0,0,0,0,0,0,0,0,0,95.7590805983148,180.355266595273,0,0,66.5008477853491,138.33942793804,0,0,0,0,0,197.486504603685,0,249.798812580765,197.893790332676,0,231.050882209,148.808626413748,0
80.4367166559625,0,0,0,329.719143597451,0,250.461724766314,158.567996645797,85.6072705949986,338.131802716296,113.144980278377,321.124897279917,0,0,67.8267069095267,0,0,0,0,0,188.936291522747,345.797434674459,0,101.443495235174,0,0,163.945208919892,0,0,0,0,0,0,0,115.114253591495,0,115.871357769661,323.781250289068,0,252.487290983309,0
0,0,0,0,0,306.640284138334,335.371040201042,0,0,0,225.013371621378,0,0,0,0,92.5568465385234,0,0,0,188.936291522747,0,0,0,104.915316975638,0,0,0,173.001559092555,172.892533368851,204.084074037941,241.682021696872,0,0,80.8080171296381,0,0,115.332064605654,0,0,161.694997919804,0
220.963068032256,0,0,0,0,0,0,0,0,0,198.964527389285,0,0,128.530575464043,0,0,0,0,0,345.797434674459,0,0,0,0,0,0,0,153.672550905948,0,0,101.350815329073,0,0,0,0,0,151.806152521152,0,0,106.128596538706,0
0,0,0,0,0,133.984214699576,0,0,0,111.226326353722,0,247.66948903751,0,94.126460729827,0,0,0,0,95.7590805983148,0,0,0,0,141.204637091722,0,0,0,206.472608421747,0,0,0,0,138.425725342224,283.88658203332,106.926813611922,0,103.519938150021,89.9429017381717,347.376449530863,120.567029282014,100.812745974529
0,0,108.381749703452,154.070293657878,0,215.611029055736,74.7304794244225,134.960780198024,0,0,0,0,181.316358113209,0,93.5029580098427,0,0,0,180.355266595273,101.443495235174,104.915316975638,0,141.204637091722,0,211.840482897052,219.430938885781,224.551207449728,0,0,0,0,0,0,251.098274723989,115.541295036174,0,0,300.031143529538,0,76.5072790361762,217.157696745803
96.5937438588657,0,0,0,0,0,114.511014214502,187.77054666536,0,97.3506957544063,0,0,0,0,0,0,0,0,0,0,0,0,0,211.840482897052,0,213.67670887414,174.013630695256,0,124.698445421759,0,0,0,0,263.534399241887,101.85207633558,0,0,0,0,0,0
0,142.385058730083,0,180.90030328818,0,193.659409924573,0,0,0,139.93285932648,228.075434767255,125.81518738273,0,0,154.142998692322,94.7280504127031,151.695570509541,0,0,0,0,0,0,219.430938885781,213.67670887414,0,158.955087279859,0,232.945974238958,0,0,0,135.294330067913,58.3493451392805,118.522099274347,242.790381480436,222.053792850439,93.4234866874731,0,0,236.681907140956
0,0,62.859596780235,0,0,78.9559315574845,0,0,348.674510760064,0,0,0,0,151.01089327964,119.345624434514,0,0,195.314816908693,66.5008477853491,163.945208919892,0,0,0,224.551207449728,174.013630695256,158.955087279859,0,73.1029054543569,167.066576495979,0,0,0,0,101.605593487621,224.523755099568,165.597665022977,219.078548227669,0,104.369974912428,109.093416850988,89.1590885155172
0,61.0664810463559,0,74.4197823064597,115.868441404982,0,284.529238481835,0,196.032358954952,171.230058197369,201.44584889478,94.9380989123498,0,128.405764333981,0,142.054529471577,153.453047983244,178.224497384947,138.33942793804,0,173.001559092555,153.672550905948,206.472608421747,0,0,0,73.1029054543569,0,139.654362654449,82.6426202489162,0,218.045528847001,0,214.116367924649,241.57250333243,106.533627130087,145.74089716123,164.032723165762,131.969743415579,82.6299537488922,0
0,0,0,196.04190773555,0,87.8456058929559,172.608400267715,193.63278243493,0,205.183249704085,84.3635741045246,161.302948562323,0,0,0,183.786860782462,0,0,0,0,172.892533368851,0,0,0,124.698445421759,232.945974238958,167.066576495979,139.654362654449,0,0,160.530221557972,231.715271819474,0,306.344527664232,134.566479261133,90.1317194604647,161.325017232684,193.777661225572,0,0,157.852515740516
0,0,0,0,259.442917595754,0,0,163.059043292369,0,0,0,0,0,97.3232815600345,0,0,0,0,0,0,204.084074037941,0,0,0,0,0,0,82.6426202489162,0,0,0,111.435629183184,0,186.973586461633,155.24952173131,94.8881692391942,289.631679007608,0,0,0,139.792601838991
0,0,0,0,0,0,0,0,0,0,0,169.453147353278,0,0,0,0,0,0,0,0,241.682021696872,101.350815329073,0,0,0,0,0,0,160.530221557972,0,0,0,0,0,178.748963182352,0,120.912756812582,0,0,0,0
0,0,0,0,0,0,0,0,202.712457066107,0,0,261.440278806413,253.401634605989,0,0,0,0,122.106946855269,0,0,0,0,0,0,0,0,0,218.045528847001,231.715271819474,111.435629183184,0,0,0,0,78.8552325762656,0,175.196329314064,0,0,238.934743274142,146.814226519809
0,0,0,0,0,116.176698124939,0,0,0,0,0,0,0,0,0,0,0,0,0,0,0,0,138.425725342224,0,0,135.294330067913,0,0,0,0,0,0,0,0,0,0,325.937289045041,0,0,186.348837226466,0
0,0,0,227.504408813069,94.7529894315991,0,98.2230592632363,261.605527103798,0,269.936825670274,108.136066660554,179.718364159796,0,192.135034768848,0,0,192.601533877686,0,197.486504603685,0,80.8080171296381,0,283.88658203332,251.098274723989,263.534399241887,58.3493451392805,101.605593487621,214.116367924649,306.344527664232,186.973586461633,0,0,0,0,153.609372090384,212.592150359921,112.349934713559,146.99041817625,168.241326865882,228.792310020318,201.100640800745
0,0,280.376028997576,0,115.194491798135,0,75.4497121078207,159.183173818572,353.822894641502,173.201474590904,0,0,74.5815074003433,199.492852797962,0,0,188.851177466023,0,0,115.114253591495,0,0,106.926813611922,115.541295036174,101.85207633558,118.522099274347,224.523755099568,241.57250333243,134.566479261133,155.24952173131,178.748963182352,78.8552325762656,0,153.609372090384,0,0,0,357.423078228283,208.005106191961,119.728129215699,82.4756938751058
0,0,0,0,320.356811100276,116.054372245433,173.538155409849,0,0,117.208001126138,90.7216186966914,125.416941482916,0,0,184.249961885477,0,171.906398392157,0,249.798812580765,0,0,0,0,0,0,242.790381480436,165.597665022977,106.533627130087,90.1317194604647,94.8881692391942,0,0,0,212.592150359921,0,0,249.905610015455,96.7845769653343,169.742003380707,0,89.3673883748406
124.853650664477,0,0,0,151.075371308616,0,72.2278283150671,191.519780382943,113.059176128709,106.33736463831,221.805809452716,155.901486485736,0,137.189596148386,226.825099357786,161.275817184598,0,0,197.893790332676,115.871357769661,115.332064605654,151.806152521152,103.519938150021,0,0,222.053792850439,219.078548227669,145.74089716123,161.325017232684,289.631679007608,120.912756812582,175.196329314064,325.937289045041,112.349934713559,0,249.905610015455,0,71.5579325720569,259.055025639447,81.2827395071039,114.649126378906
0,223.705816669619,0,195.378266313867,178.683678585178,0,0,0,0,101.895308036513,85.7623170715703,162.833808134102,0,0,62.311273509377,204.481117647118,0,0,0,323.781250289068,0,0,89.9429017381717,300.031143529538,0,93.4234866874731,0,164.032723165762,193.777661225572,0,0,0,0,146.99041817625,357.423078228283,96.7845769653343,71.5579325720569,0,198.528111506785,0,97.5855511246009
0,276.620869034647,0,0,112.793316814908,0,0,220.901129804706,0,0,0,135.667029391615,0,0,0,0,0,0,231.050882209,0,0,0,347.376449530863,0,0,0,104.369974912428,131.969743415579,0,0,0,0,0,168.241326865882,208.005106191961,169.742003380707,259.055025639447,198.528111506785,0,314.611698427915,154.784755881607
0,0,71.4788760670054,70.4221432298295,0,180.543851962045,0,82.1742780037132,255.441154257905,110.384905066973,0,241.635434294794,0,150.161410108805,0,0,137.177378802006,136.792307586862,148.808626413748,252.487290983309,161.694997919804,106.128596538706,120.567029282014,76.5072790361762,0,0,109.093416850988,82.6299537488922,0,0,0,238.934743274142,186.348837226466,228.792310020318,119.728129215699,0,81.2827395071039,0,314.611698427915,0,262.382215657622
0,133.218162784108,0,99.2646516363145,136.685314494491,0,0,0,0,209.996727521564,192.693757128262,0,0,0,154.065933476765,0,146.465927798921,0,0,0,0,0,100.812745974529,217.157696745803,0,236.681907140956,89.1590885155172,0,157.852515740516,139.792601838991,0,146.814226519809,0,201.100640800745,82.4756938751058,89.3673883748406,114.649126378906,97.5855511246009,154.784755881607,262.382215657622,0
