0,0,0,0,0,0,0,0,0,197.486504603685,0,115.871357769661,0,0,0,0,0,0,0,0,0,0,112.349934713559,0,0,0,0,157.852515740516,0,0,0,0,117.208001126138,0,0,153.609372090384,0,0,0,0,0
0,0,0,0,0,0,0,0,0,0,0,0,0,106.926813611922,0,0,0,0,0,0,67.8267069095267,0,108.136066660554,353.822894641502,0,0,231.715271819474,0,0,0,0,0,0,0,93.4234866874731,0,73.1029054543569,0,0,0,0
0,0,0,0,0,0,0,0,0,0,306.640284138334,0,0,218.045528847001,0,0,0,0,0,0,0,0,0,0,0,0,0,0,0,0,0,0,0,0,179.718364159796,0,320.356811100276,0,167.066576495979,0,0
0,0,0,0,75.4497121078207,171.230058197369,0,0,0,198.528111506785,103.519938150021,113.144980278377,0,0,0,0,0,0,0,0,0,0,0,128.530575464043,141.204637091722,0,139.93285932648,161.302948562323,163.059043292369,0,0,0,0,0,0,0,180.90030328818,247.66948903751,0,151.01089327964,0
0,0,0,75.4497121078207,0,0,241.57250333243,0,250.461724766314,321.124897279917,173.201474590904,134.566479261133,0,0,0,180.543851962045,0,0,0,0,0,0,0,325.937289045041,0,0,80.4367166559625,0,0,0,0,128.405764333981,0,82.4756938751058,116.054372245433,0,241.682021696872,240.185081663983,0,0,0
0,0,0,171.230058197369,0,0,122.106946855269,0,90.1317194604647,154.070293657878,0,0,0,0,89.1590885155172,151.695570509541,0,0,0,0,0,0,0,0,249.905610015455,0,0,124.853650664477,100.812745974529,0,0,155.24952173131,0,0,0,0,161.275817184598,338.131802716296,0,106.128596538706,175.196329314064
0,0,0,0,241.57250333243,122.106946855269,0,0,0,0,161.74915061469,85.6072705949986,283.248188884028,0,0,0,0,0,0,0,0,0,0,0,0,101.895308036513,0,0,0,0,97.3506957544063,0,0,137.177378802006,181.316358113209,99.3508940827211,125.416941482916,0,0,225.013371621378,231.050882209
0,0,0,0,0,0,0,0,146.465927798921,226.825099357786,0,0,80.8080171296381,0,0,0,0,0,219.078548227669,323.781250289068,106.33736463831,0,251.098274723989,0,0,0,133.218162784108,118.522099274347,0,0,0,0,0,202.712457066107,0,101.350815329073,178.224497384947,205.09013266389,112.793316814908,173.538155409849,303.527509149359
0,0,0,0,250.461724766314,90.1317194604647,0,146.465927798921,0,0,0,238.934743274142,0,0,0,0,0,211.840482897052,0,70.4221432298295,0,0,0,0,0,62.311273509377,0,0,0,0,0,0,0,136.685314494491,96.5937438588657,81.9664354533492,84.3635741045246,0,0,0,0
197.486504603685,0,0,198.528111506785,321.124897279917,154.070293657878,0,226.825099357786,0,0,0,109.093416850988,227.504408813069,92.3502314520023,0,0,0,0,0,0,0,0,0,0,0,66.5008477853491,85.7623170715703,90.7216186966914,190.185165668632,0,0,0,0,345.797434674459,0,0,154.784755881607,259.442917595754,173.001559092555,78.8552325762656,94.7280504127031
0,0,306.640284138334,103.519938150021,173.201474590904,0,161.74915061469,0,0,0,0,0,74.5815074003433,0,0,0,0,253.401634605989,0,94.027247878695,321.864157986053,0,0,0,0,208.005106191961,0,151.806152521152,0,249.798812580765,0,151.075371308616,0,0,0,0,142.054529471577,142.385058730083,0,178.683678585178,95.7590805983148
115.871357769661,0,0,113.144980278377,134.566479261133,0,85.6072705949986,0,238.934743274142,109.093416850988,0,0,0,0,197.893790332676,0,0,0,0,115.868441404982,58.3493451392805,94.8881692391942,205.839960264176,0,0,217.157696745803,188.851177466023,94.9380989123498,0,0,0,78.9559315574845,0,261.440278806413,214.116367924649,187.77054666536,145.74089716123,171.906398392157,0,209.996727521564,0
0,0,0,0,0,0,283.248188884028,80.8080171296381,0,227.504408813069,74.5815074003433,0,0,0,0,89.3673883748406,0,0,119.345624434514,0,0,0,0,0,0,0,0,0,0,0,0,0,0,0,0,0,0,0,0,0,0
0,106.926813611922,218.045528847001,0,0,0,0,0,0,92.3502314520023,0,0,0,0,0,0,0,0,0,81.2827395071039,0,0,0,93.5029580098427,0,0,220.963068032256,112.823430872325,135.667029391615,241.635434294794,0,0,0,0,174.013630695256,0,0,222.053792850439,204.084074037941,255.441154257905,143.005810983322
0,0,0,0,0,89.1590885155172,0,0,0,0,0,197.893790332676,0,0,0,0,139.792601838991,0,0,0,151.036729364761,97.5855511246009,0,280.376028997576,0,0,0,289.631679007608,0,0,0,172.608400267715,283.88658203332,219.430938885781,0,0,161.694997919804,0,0,62.859596780235,0
0,0,0,0,180.543851962045,151.695570509541,0,0,0,0,0,0,89.3673883748406,0,0,0,0,0,0,0,0,0,108.381749703452,82.1742780037132,0,0,0,0,219.040656038919,242.790381480436,0,0,0,159.183173818572,61.0664810463559,0,89.9429017381717,0,220.901129804706,0,0
0,0,0,0,0,0,0,0,0,0,0,0,0,0,139.792601838991,0,0,0,0,0,0,0,0,74.4197823064597,0,0,168.241326865882,104.369974912428,96.7845769653343,0,0,0,0,0,192.601533877686,180.355266595273,329.719143597451,0,0,284.529238481835,131.969743415579
0,0,0,0,0,0,0,0,211.840482897052,0,253.401634605989,0,0,0,0,0,0,0,0,92.5207898118833,0,0,0,101.85207633558,0,0,0,0,0,0,0,0,0,263.534399241887,314.611698427915,0,0,232.945974238958,139.654362654449,0,160.537522273714
0,0,0,0,0,0,0,219.078548227669,0,0,0,0,119.345624434514,0,0,0,0,0,0,0,0,0,201.100640800745,0,0,0,134.960780198024,198.964527389285,153.876396855887,0,0,0,0,333.645516435298,0,98.6790043377568,101.605593487621,0,160.530221557972,212.592150359921,89.707245288964
0,0,0,0,0,0,0,323.781250289068,70.4221432298295,0,94.027247878695,115.868441404982,0,81.2827395071039,0,0,0,92.5207898118833,0,0,0,0,269.936825670274,0,158.567996645797,223.705816669619,252.487290983309,206.472608421747,0,0,0,111.435629183184,0,309.997227542691,215.611029055736,0,0,110.384905066973,0,146.99041817625,204.481117647118
0,67.8267069095267,0,0,0,0,0,106.33736463831,0,0,321.864157986053,58.3493451392805,0,0,151.036729364761,0,0,0,0,0,0,0,0,0,0,348.674510760064,0,0,72.2278283150671,0,0,76.5072790361762,0,0,169.453147353278,0,92.5568465385234,158.955087279859,115.541295036174,0,94.7529894315991
0,0,0,0,0,0,0,0,0,0,0,94.8881692391942,0,0,97.5855511246009,0,0,0,0,0,0,0,137.189596148386,0,0,0,120.567029282014,0,169.742003380707,0,0,0,0,193.63278243493,0,0,128.846764897717,0,140.574866691684,0,0
112.349934713559,108.136066660554,0,0,0,0,0,251.098274723989,0,0,0,205.839960264176,0,0,0,108.381749703452,0,0,201.100640800745,269.936825670274,0,137.189596148386,0,184.249961885477,0,124.698445421759,0,183.786860782462,119.728129215699,0,259.055025639447,0,0,0,0,113.059176128709,0,0,0,101.5853655613,0
0,353.822894641502,0,128.530575464043,325.937289045041,0,0,0,0,0,0,0,0,93.5029580098427,280.376028997576,82.1742780037132,74.4197823064597,101.85207633558,0,0,0,0,184.249961885477,0,0,162.833808134102,133.984214699576,0,335.371040201042,0,0,0,0,87.8456058929559,114.511014214502,262.382215657622,154.142998692322,200.878319874537,0,194.442125915551,71.5579325720569
0,0,0,141.204637091722,0,249.905610015455,0,0,0,0,0,0,0,0,0,0,0,0,0,158.567996645797,0,0,0,0,0,115.194491798135,0,82.6426202489162,0,0,0,0,0,146.770754374523,0,138.425725342224,0,153.672550905948,224.523755099568,0,193.777661225572
0,0,0,0,0,0,101.895308036513,0,62.311273509377,66.5008477853491,208.005106191961,217.157696745803,0,0,0,0,0,0,0,223.705816669619,348.674510760064,0,124.698445421759,162.833808134102,115.194491798135,0,0,74.7304794244225,172.892533368851,0,111.226326353722,0,0,300.031143529538,205.183249704085,177.763106506206,228.792310020318,135.294330067913,0,71.4788760670054,94.126460729827
0,231.715271819474,0,139.93285932648,80.4367166559625,0,0,133.218162784108,0,85.7623170715703,0,188.851177466023,0,220.963068032256,0,0,168.241326865882,0,134.960780198024,252.487290983309,0,120.567029282014,0,133.984214699576,0,0,0,186.348837226466,201.44584889478,114.649126378906,0,0,0,153.453047983244,163.945208919892,213.67670887414,98.417953423071,0,199.492852797962,0,0
157.852515740516,0,0,161.302948562323,0,124.853650664477,0,118.522099274347,0,90.7216186966914,151.806152521152,94.9380989123498,0,112.823430872325,289.631679007608,0,104.369974912428,0,198.964527389285,206.472608421747,0,0,183.786860782462,0,82.6426202489162,74.7304794244225,186.348837226466,0,148.808626413748,195.378266313867,0,98.2230592632363,276.620869034647,97.3232815600345,236.681907140956,224.551207449728,0,120.912756812582,193.055010680236,192.135034768848,186.973586461633
0,0,0,163.059043292369,0,100.812745974529,0,0,0,190.185165668632,0,0,0,135.667029391615,0,219.040656038919,96.7845769653343,0,153.876396855887,0,72.2278283150671,169.742003380707,119.728129215699,335.371040201042,0,172.892533368851,201.44584889478,148.808626413748,0,0,0,0,0,173.059382066957,306.344527664232,357.423078228283,196.04190773555,116.176698124939,0,261.605527103798,196.032358954952
0,0,0,0,0,0,0,0,0,0,249.798812580765,0,0,241.635434294794,0,242.790381480436,0,0,0,0,0,0,0,0,0,0,114.649126378906,195.378266313867,0,0,0,0,0,188.936291522747,347.376449530863,195.822649557859,191.519780382943,0,125.994729980093,0,136.792307586862
0,0,0,0,0,0,97.3506957544063,0,0,0,0,0,0,0,0,0,0,0,0,0,0,0,259.055025639447,0,0,111.226326353722,0,0,0,0,0,0,0,99.2646516363145,104.915316975638,0,0,0,0,115.114253591495,0
0,0,0,0,128.405764333981,155.24952173131,0,0,0,0,151.075371308616,78.9559315574845,0,0,172.608400267715,0,0,0,0,111.435629183184,76.5072790361762,0,0,0,0,0,0,98.2230592632363,0,0,0,0,0,193.659409924573,155.901486485736,0,221.805809452716,0,0,0,0
117.208001126138,0,0,0,0,0,0,0,0,0,0,0,0,0,283.88658203332,0,0,0,0,0,0,0,0,0,0,0,0,276.620869034647,0,0,0,0,0,125.81518738273,0,0,154.065933476765,0,0,0,0
0,0,0,0,82.4756938751058,0,137.177378802006,202.712457066107,136.685314494491,345.797434674459,0,261.440278806413,0,0,219.430938885781,159.183173818572,0,263.534399241887,333.645516435298,309.997227542691,0,193.63278243493,0,87.8456058929559,146.770754374523,300.031143529538,153.453047983244,97.3232815600345,173.059382066957,188.936291522747,99.2646516363145,193.659409924573,125.81518738273,0,146.814226519809,0,161.325017232684,0,0,192.693757128262,82.6299537488922
0,93.4234866874731,179.718364159796,0,116.054372245433,0,181.316358113209,0,96.5937438588657,0,0,214.116367924649,0,174.013630695256,0,61.0664810463559,192.601533877686,314.611698427915,0,215.611029055736,169.453147353278,0,0,114.511014214502,0,205.183249704085,163.945208919892,236.681907140956,306.344527664232,347.376449530863,104.915316975638,155.901486485736,0,146.814226519809,0,106.533627130087,178.748963182352,164.032723165762,0,195.314816908693,0
153.609372090384,0,0,0,0,0,99.3508940827211,101.350815329073,81.9664354533492,0,0,187.77054666536,0,0,0,0,180.355266595273,0,98.6790043377568,0,0,0,113.059176128709,262.382215657622,138.425725342224,177.763106506206,213.67670887414,224.551207449728,357.423078228283,195.822649557859,0,0,0,0,106.533627130087,0,165.893015276821,206.912707094411,0,138.33942793804,0
0,73.1029054543569,320.356811100276,180.90030328818,241.682021696872,161.275817184598,125.416941482916,178.224497384947,84.3635741045246,154.784755881607,142.054529471577,145.74089716123,0,0,161.694997919804,89.9429017381717,329.719143597451,0,101.605593487621,0,92.5568465385234,128.846764897717,0,154.142998692322,0,228.792310020318,98.417953423071,0,196.04190773555,191.519780382943,0,221.805809452716,154.065933476765,161.325017232684,178.748963182352,165.893015276821,0,73.4795582048751,0,228.075434767255,165.597665022977
0,0,0,247.66948903751,240.185081663983,338.131802716296,0,205.09013266389,0,259.442917595754,142.385058730083,171.906398392157,0,222.053792850439,0,0,0,232.945974238958,0,110.384905066973,158.955087279859,0,0,200.878319874537,153.672550905948,135.294330067913,0,120.912756812582,116.176698124939,0,0,0,0,0,164.032723165762,206.912707094411,73.4795582048751,0,0,137.239127032733,0
0,0,167.066576495979,0,0,0,0,112.793316814908,0,173.001559092555,0,0,0,204.084074037941,0,220.901129804706,0,139.654362654449,160.530221557972,0,115.541295036174,140.574866691684,0,0,224.523755099568,0,199.492852797962,193.055010680236,0,125.994729980093,0,0,0,0,0,0,0,0,0,115.332064605654,150.161410108805
0,0,0,151.01089327964,0,106.128596538706,225.013371621378,173.538155409849,0,78.8552325762656,178.683678585178,209.996727521564,0,255.441154257905,62.859596780235,0,284.529238481835,0,212.592150359921,146.99041817625,0,0,101.5853655613,194.442125915551,0,71.4788760670054,0,192.135034768848,261.605527103798,0,115.114253591495,0,0,192.693757128262,195.314816908693,138.33942793804,228.075434767255,137.239127032733,115.332064605654,0,101.443495235174
0,0,0,0,0,175.196329314064,231.050882209,303.527509149359,0,94.7280504127031,95.7590805983148,0,0,143.005810983322,0,0,131.969743415579,160.537522273714,89.707245288964,204.481117647118,94.7529894315991,0,0,71.5579325720569,193.777661225572,94.126460729827,0,186.973586461633,196.032358954952,136.792307586862,0,0,0,82.6299537488922,0,0,165.597665022977,0,150.161410108805,101.443495235174,0
