0,0,0,0,0,0,0,145.74089716123,0,0,0,0,0,0,0,0,0,192.693757128262,0,81.2827395071039,0,0,0,0,0,0,0,0,0,0,0,0,0,0,0,174.013630695256,100.812745974529,0,0,200.878319874537,0
0,0,0,0,116.176698124939,0,0,0,154.065933476765,0,0,0,0,0,0,0,0,0,0,0,0,0,0,231.715271819474,0,184.249961885477,0,0,0,0,0,0,0,115.114253591495,0,0,231.050882209,205.183249704085,0,0,0
0,0,0,0,0,0,0,0,0,0,78.8552325762656,0,0,0,0,0,0,0,0,284.529238481835,0,0,0,0,0,73.1029054543569,0,0,134.960780198024,0,0,0,289.631679007608,0,0,0,0,0,0,0,0
0,0,0,0,0,0,0,241.57250333243,169.742003380707,0,0,0,0,106.128596538706,0,0,0,0,0,0,0,120.912756812582,0,92.3502314520023,0,94.9380989123498,0,114.649126378906,335.371040201042,0,0,0,0,0,0,0,276.620869034647,97.3232815600345,80.8080171296381,118.522099274347,124.698445421759
0,116.176698124939,0,0,0,0,0,115.332064605654,187.77054666536,0,0,191.519780382943,0,205.09013266389,0,0,0,0,0,111.226326353722,269.936825670274,58.3493451392805,0,0,0,0,0,161.694997919804,71.5579325720569,240.185081663983,0,208.005106191961,0,186.348837226466,0,0,0,194.442125915551,0,0,0
0,0,0,0,0,0,0,94.7280504127031,148.808626413748,75.4497121078207,0,280.376028997576,0,0,238.934743274142,173.201474590904,0,0,0,0,0,0,0,0,0,0,300.031143529538,137.189596148386,0,0,0,151.036729364761,0,177.763106506206,181.316358113209,0,80.4367166559625,0,193.63278243493,195.314816908693,0
0,0,0,0,0,0,0,98.6790043377568,0,199.492852797962,89.707245288964,165.893015276821,0,0,138.425725342224,251.098274723989,0,0,0,0,0,0,101.85207633558,0,0,0,0,71.4788760670054,0,0,0,0,0,109.093416850988,206.472608421747,0,0,0,178.683678585178,97.5855511246009,160.537522273714
145.74089716123,0,0,241.57250333243,115.332064605654,94.7280504127031,98.6790043377568,0,0,259.055025639447,151.075371308616,0,0,0,0,0,329.719143597451,0,0,0,0,0,0,0,67.8267069095267,0,0,179.718364159796,136.685314494491,0,333.645516435298,0,217.157696745803,220.901129804706,0,0,0,62.311273509377,180.90030328818,0,0
0,154.065933476765,0,169.742003380707,187.77054666536,148.808626413748,0,0,0,0,0,0,0,0,0,0,0,0,0,0,188.936291522747,224.551207449728,0,0,0,0,193.055010680236,0,0,0,0,0,0,74.5815074003433,0,0,197.486504603685,0,0,158.955087279859,206.912707094411
0,0,0,0,0,75.4497121078207,199.492852797962,259.055025639447,0,0,98.417953423071,0,120.567029282014,0,0,186.973586461633,0,0,0,94.027247878695,101.895308036513,0,133.218162784108,0,0,192.601533877686,101.350815329073,221.805809452716,0,0,0,0,0,0,113.144980278377,249.905610015455,103.519938150021,74.4197823064597,0,93.4234866874731,161.74915061469
0,0,78.8552325762656,0,0,0,89.707245288964,151.075371308616,0,98.417953423071,0,0,0,0,0,0,0,0,115.868441404982,0,241.682021696872,0,0,0,0,242.790381480436,0,112.349934713559,0,157.852515740516,0,0,0,61.0664810463559,99.3508940827211,0,74.7304794244225,219.430938885781,125.81518738273,321.124897279917,262.382215657622
0,0,0,0,191.519780382943,280.376028997576,165.893015276821,0,0,0,0,0,135.294330067913,0,0,0,0,92.5568465385234,0,211.840482897052,241.635434294794,0,220.963068032256,108.381749703452,0,70.4221432298295,153.672550905948,142.385058730083,0,0,283.88658203332,348.674510760064,0,219.040656038919,228.075434767255,110.384905066973,173.059382066957,94.8881692391942,0,114.511014214502,146.814226519809
0,0,0,0,0,0,0,0,0,120.567029282014,0,135.294330067913,0,0,0,0,0,0,0,0,0,0,0,0,112.793316814908,0,151.806152521152,142.054529471577,153.453047983244,0,0,0,0,0,0,0,0,0,0,0,0
0,0,0,106.128596538706,205.09013266389,0,0,0,0,0,0,0,0,0,306.640284138334,0,222.053792850439,122.106946855269,0,0,94.7529894315991,0,0,212.592150359921,0,0,261.440278806413,178.748963182352,161.302948562323,0,0,338.131802716296,0,0,255.441154257905,0,151.695570509541,0,0,73.4795582048751,0
0,0,0,0,0,238.934743274142,138.425725342224,0,0,0,0,0,0,306.640284138334,0,0,0,0,0,115.871357769661,0,0,253.401634605989,252.487290983309,0,0,0,0,125.994729980093,0,0,134.566479261133,0,0,0,219.078548227669,113.059176128709,0,213.67670887414,0,196.04190773555
0,0,0,0,0,173.201474590904,251.098274723989,0,0,186.973586461633,0,0,0,0,0,0,0,0,106.926813611922,0,117.208001126138,0,0,0,0,0,0,106.33736463831,0,0,0,0,0,168.241326865882,303.527509149359,66.5008477853491,320.356811100276,0,0,0,347.376449530863
0,0,0,0,0,0,0,329.719143597451,0,0,0,0,0,222.053792850439,0,0,0,0,0,0,0,0,0,0,0,214.116367924649,154.070293657878,0,0,0,0,190.185165668632,0,94.126460729827,0,196.032358954952,150.161410108805,0,0,131.969743415579,160.530221557972
192.693757128262,0,0,0,0,0,0,0,0,0,0,92.5568465385234,0,122.106946855269,0,0,0,0,0,0,0,0,0,138.33942793804,0,0,0,0,323.781250289068,0,0,0,0,345.797434674459,325.937289045041,161.275817184598,0,0,0,0,116.054372245433
0,0,0,0,0,0,0,0,0,0,115.868441404982,0,0,0,0,106.926813611922,0,0,0,228.792310020318,0,0,0,0,0,0,119.345624434514,218.045528847001,0,96.5937438588657,0,0,139.654362654449,0,198.964527389285,0,146.770754374523,0,178.224497384947,161.325017232684,309.997227542691
81.2827395071039,0,284.529238481835,0,111.226326353722,0,0,0,0,94.027247878695,0,211.840482897052,0,0,115.871357769661,0,0,0,228.792310020318,0,0,0,0,139.792601838991,0,104.369974912428,108.136066660554,85.7623170715703,84.3635741045246,95.7590805983148,0,0,0,198.528111506785,180.355266595273,101.5853655613,175.196329314064,0,0,0,0
0,0,0,0,269.936825670274,0,0,0,188.936291522747,101.895308036513,241.682021696872,241.635434294794,0,94.7529894315991,0,117.208001126138,0,0,0,0,0,0,232.945974238958,163.945208919892,0,62.859596780235,0,0,0,0,0,0,0,0,0,204.084074037941,81.9664354533492,0,0,0,115.194491798135
0,0,0,120.912756812582,58.3493451392805,0,0,0,224.551207449728,0,0,0,0,0,0,0,0,0,0,0,0,0,0,0,227.504408813069,0,0,215.611029055736,0,0,0,0,0,0,159.183173818572,0,128.530575464043,0,0,204.481117647118,0
0,0,0,0,0,0,101.85207633558,0,0,133.218162784108,0,220.963068032256,0,0,253.401634605989,0,0,0,0,0,232.945974238958,0,0,112.823430872325,0,0,82.1742780037132,0,154.142998692322,155.24952173131,0,89.1590885155172,0,188.851177466023,171.230058197369,0,0,158.567996645797,0,247.66948903751,82.4756938751058
0,231.715271819474,0,92.3502314520023,0,0,0,0,0,0,0,108.381749703452,0,212.592150359921,252.487290983309,0,0,138.33942793804,0,139.792601838991,163.945208919892,0,112.823430872325,0,0,111.435629183184,104.915316975638,0,169.453147353278,87.8456058929559,0,0,0,205.839960264176,119.728129215699,171.906398392157,314.611698427915,250.461724766314,0,165.597665022977,0
0,0,0,0,0,0,0,67.8267069095267,0,0,0,0,112.793316814908,0,0,0,0,0,0,0,0,227.504408813069,0,0,0,0,0,0,259.442917595754,0,0,0,0,162.833808134102,163.059043292369,201.44584889478,197.893790332676,195.378266313867,137.239127032733,0,0
0,184.249961885477,73.1029054543569,94.9380989123498,0,0,0,0,0,192.601533877686,242.790381480436,70.4221432298295,0,0,0,0,214.116367924649,0,0,104.369974912428,62.859596780235,0,0,111.435629183184,0,0,261.605527103798,124.853650664477,167.066576495979,0,0,0,172.608400267715,193.777661225572,180.543851962045,78.9559315574845,106.533627130087,202.712457066107,183.786860782462,0,0
0,0,0,0,0,300.031143529538,0,0,193.055010680236,101.350815329073,0,153.672550905948,151.806152521152,261.440278806413,0,0,154.070293657878,0,119.345624434514,108.136066660554,0,0,82.1742780037132,104.915316975638,0,261.605527103798,0,101.443495235174,0,0,0,0,0,82.6426202489162,193.659409924573,0,192.135034768848,146.465927798921,89.9429017381717,89.3673883748406,128.846764897717
0,0,0,114.649126378906,161.694997919804,137.189596148386,71.4788760670054,179.718364159796,0,221.805809452716,112.349934713559,142.385058730083,142.054529471577,178.748963182352,0,106.33736463831,0,0,218.045528847001,85.7623170715703,0,215.611029055736,0,0,0,124.853650664477,101.443495235174,0,201.100640800745,0,99.2646516363145,226.825099357786,263.534399241887,0,125.416941482916,92.5207898118833,90.7216186966914,143.005810983322,128.405764333981,224.523755099568,283.248188884028
0,0,134.960780198024,335.371040201042,71.5579325720569,0,0,136.685314494491,0,0,0,0,153.453047983244,161.302948562323,125.994729980093,0,0,323.781250289068,0,84.3635741045246,0,0,154.142998692322,169.453147353278,259.442917595754,167.066576495979,0,201.100640800745,0,154.784755881607,0,0,0,153.609372090384,0,140.574866691684,173.538155409849,223.705816669619,0,85.6072705949986,249.798812580765
0,0,0,0,240.185081663983,0,0,0,0,0,157.852515740516,0,0,0,0,0,0,0,96.5937438588657,95.7590805983148,0,0,155.24952173131,87.8456058929559,0,0,0,0,154.784755881607,0,225.013371621378,0,0,0,137.177378802006,0,151.01089327964,0,0,139.93285932648,0
0,0,0,0,0,0,0,333.645516435298,0,0,0,283.88658203332,0,0,0,0,0,0,0,0,0,0,0,0,0,0,0,99.2646516363145,0,225.013371621378,0,0,0,0,0,0,98.2230592632363,0,0,96.7845769653343,0
0,0,0,0,208.005106191961,151.036729364761,0,0,0,0,0,348.674510760064,0,338.131802716296,134.566479261133,0,190.185165668632,0,0,0,0,0,89.1590885155172,0,0,0,0,226.825099357786,0,0,0,0,0,115.541295036174,0,0,357.423078228283,172.892533368851,0,0,0
0,0,289.631679007608,0,0,0,0,217.157696745803,0,0,0,0,0,0,0,0,0,0,139.654362654449,0,0,0,0,0,0,172.608400267715,0,263.534399241887,0,0,0,0,0,0,0,0,0,0,0,0,0
0,115.114253591495,0,0,186.348837226466,177.763106506206,109.093416850988,220.901129804706,74.5815074003433,0,61.0664810463559,219.040656038919,0,0,0,168.241326865882,94.126460729827,345.797434674459,0,198.528111506785,0,0,188.851177466023,205.839960264176,162.833808134102,193.777661225572,82.6426202489162,0,153.609372090384,0,0,115.541295036174,0,0,164.032723165762,173.001559092555,236.681907140956,97.3506957544063,146.99041817625,72.2278283150671,90.1317194604647
0,0,0,0,0,181.316358113209,206.472608421747,0,0,113.144980278377,99.3508940827211,228.075434767255,0,255.441154257905,0,303.527509149359,0,325.937289045041,198.964527389285,180.355266595273,0,159.183173818572,171.230058197369,119.728129215699,163.059043292369,180.543851962045,193.659409924573,125.416941482916,0,137.177378802006,0,0,0,164.032723165762,0,306.344527664232,93.5029580098427,135.667029391615,153.876396855887,353.822894641502,101.605593487621
174.013630695256,0,0,0,0,0,0,0,0,249.905610015455,0,110.384905066973,0,0,219.078548227669,66.5008477853491,196.032358954952,161.275817184598,0,101.5853655613,204.084074037941,0,0,171.906398392157,201.44584889478,78.9559315574845,0,92.5207898118833,140.574866691684,0,0,0,0,173.001559092555,306.344527664232,0,0,141.204637091722,0,136.792307586862,76.5072790361762
100.812745974529,231.050882209,0,276.620869034647,0,80.4367166559625,0,0,197.486504603685,103.519938150021,74.7304794244225,173.059382066957,0,151.695570509541,113.059176128709,320.356811100276,150.161410108805,0,146.770754374523,175.196329314064,81.9664354533492,128.530575464043,0,314.611698427915,197.893790332676,106.533627130087,192.135034768848,90.7216186966914,173.538155409849,151.01089327964,98.2230592632363,357.423078228283,0,236.681907140956,93.5029580098427,0,0,195.822649557859,155.901486485736,133.984214699576,0
0,205.183249704085,0,97.3232815600345,194.442125915551,0,0,62.311273509377,0,74.4197823064597,219.430938885781,94.8881692391942,0,0,0,0,0,0,0,0,0,0,158.567996645797,250.461724766314,195.378266313867,202.712457066107,146.465927798921,143.005810983322,223.705816669619,0,0,172.892533368851,0,97.3506957544063,135.667029391615,141.204637091722,195.822649557859,0,0,0,82.6299537488922
0,0,0,80.8080171296381,0,193.63278243493,178.683678585178,180.90030328818,0,0,125.81518738273,0,0,0,213.67670887414,0,0,0,178.224497384947,0,0,0,0,0,137.239127032733,183.786860782462,89.9429017381717,128.405764333981,0,0,0,0,0,146.99041817625,153.876396855887,0,155.901486485736,0,0,209.996727521564,0
200.878319874537,0,0,118.522099274347,0,195.314816908693,97.5855511246009,0,158.955087279859,93.4234866874731,321.124897279917,114.511014214502,0,73.4795582048751,0,0,131.969743415579,0,161.325017232684,0,0,204.481117647118,247.66948903751,165.597665022977,0,0,89.3673883748406,224.523755099568,85.6072705949986,139.93285932648,96.7845769653343,0,0,72.2278283150671,353.822894641502,136.792307586862,133.984214699576,0,209.996727521564,0,321.864157986053
0,0,0,124.698445421759,0,0,160.537522273714,0,206.912707094411,161.74915061469,262.382215657622,146.814226519809,0,0,196.04190773555,347.376449530863,160.530221557972,116.054372245433,309.997227542691,0,115.194491798135,0,82.4756938751058,0,0,0,128.846764897717,283.248188884028,249.798812580765,0,0,0,0,90.1317194604647,101.605593487621,76.5072790361762,0,82.6299537488922,0,321.864157986053,0
