0,0,0,0,0,0,0,0,0,0,101.605593487621,0,0,0,165.597665022977,0,0,0,0,0,231.715271819474,0,165.893015276821,0,0,0,0,0,0,0,0,0,0,0,186.973586461633,0,0,0,0,206.472608421747,0
0,0,0,0,0,0,153.876396855887,128.846764897717,0,0,0,0,0,0,0,0,0,0,0,0,0,0,0,0,0,357.423078228283,0,0,0,0,0,94.126460729827,0,0,0,0,0,0,97.3232815600345,206.912707094411,236.681907140956
0,0,0,0,0,0,0,0,0,0,0,0,0,0,0,84.3635741045246,0,0,139.654362654449,0,0,0,0,0,0,0,0,200.878319874537,325.937289045041,0,0,0,0,94.9380989123498,0,0,0,0,0,0,0
0,0,0,0,0,0,0,0,0,0,0,113.059176128709,0,0,0,0,204.084074037941,0,0,241.57250333243,0,204.481117647118,0,0,0,139.93285932648,0,167.066576495979,347.376449530863,98.2230592632363,0,90.1317194604647,0,0,131.969743415579,0,93.4234866874731,0,0,151.695570509541,163.945208919892
0,0,0,0,0,0,146.465927798921,0,0,0,0,89.9429017381717,0,109.093416850988,0,0,0,0,142.385058730083,0,0,0,0,74.4197823064597,0,224.523755099568,195.314816908693,155.24952173131,0,0,0,238.934743274142,0,0,85.7623170715703,138.425725342224,95.7590805983148,0,0,100.812745974529,62.311273509377
0,0,0,0,0,0,0,0,0,0,158.955087279859,0,0,0,0,283.88658203332,0,0,0,0,0,0,161.74915061469,0,0,219.040656038919,0,0,154.065933476765,0,0,252.487290983309,0,71.4788760670054,82.4756938751058,89.1590885155172,300.031143529538,58.3493451392805,223.705816669619,124.853650664477,173.538155409849
0,153.876396855887,0,0,146.465927798921,0,0,0,0,0,119.345624434514,0,0,99.3508940827211,0,0,0,0,0,0,202.712457066107,0,0,306.640284138334,0,78.9559315574845,171.906398392157,151.036729364761,0,0,0,0,0,137.239127032733,136.792307586862,120.567029282014,0,0,0,72.2278283150671,0
0,128.846764897717,0,0,0,0,0,0,0,0,112.349934713559,128.530575464043,0,120.912756812582,0,0,74.7304794244225,0,0,0,0,0,81.2827395071039,71.5579325720569,0,0,0,104.369974912428,150.161410108805,0,193.659409924573,0,0,217.157696745803,92.5568465385234,0,115.868441404982,180.90030328818,0,192.135034768848,146.99041817625
0,0,0,0,0,0,0,0,0,0,0,151.806152521152,0,0,140.574866691684,0,0,0,0,0,0,321.124897279917,0,0,0,0,0,87.8456058929559,97.3506957544063,0,0,80.4367166559625,0,0,0,76.5072790361762,161.325017232684,0,153.609372090384,101.350815329073,259.055025639447
0,0,0,0,0,0,0,0,0,0,205.839960264176,178.683678585178,0,0,0,115.114253591495,0,158.567996645797,181.316358113209,134.566479261133,0,0,205.183249704085,276.620869034647,0,187.77054666536,128.405764333981,193.63278243493,172.892533368851,0,0,321.864157986053,0,220.963068032256,108.136066660554,249.798812580765,0,241.635434294794,0,218.045528847001,0
101.605593487621,0,0,0,0,158.955087279859,119.345624434514,112.349934713559,0,205.839960264176,0,196.032358954952,0,240.185081663983,0,0,0,0,0,0,205.09013266389,0,0,0,146.814226519809,0,135.667029391615,90.7216186966914,0,0,0,0,0,0,0,263.534399241887,214.116367924649,226.825099357786,62.859596780235,0,94.8881692391942
0,0,0,113.059176128709,89.9429017381717,0,0,128.530575464043,151.806152521152,178.683678585178,196.032358954952,0,0,0,0,0,0,0,193.777661225572,196.04190773555,116.176698124939,0,0,184.249961885477,249.905610015455,101.85207633558,94.7529894315991,148.808626413748,75.4497121078207,0,73.4795582048751,0,0,0,0,309.997227542691,98.417953423071,0,160.537522273714,188.851177466023,209.996727521564
0,0,0,0,0,0,0,0,0,0,0,0,0,0,0,163.059043292369,0,0,0,157.852515740516,66.5008477853491,0,250.461724766314,0,0,0,0,0,0,0,0,0,154.142998692322,0,0,0,97.5855511246009,0,0,0,0
0,0,0,0,109.093416850988,0,99.3508940827211,120.912756812582,0,0,240.185081663983,0,0,0,0,215.611029055736,0,0,0,0,0,160.530221557972,0,0,348.674510760064,0,0,0,0,219.430938885781,139.792601838991,0,0,73.1029054543569,89.3673883748406,208.005106191961,0,0,0,78.8552325762656,255.441154257905
165.597665022977,0,0,0,0,0,0,0,140.574866691684,0,0,0,0,0,0,0,0,0,0,106.533627130087,262.382215657622,0,247.66948903751,138.33942793804,0,74.5815074003433,0,0,94.7280504127031,0,0,0,0,227.504408813069,0,195.378266313867,198.964527389285,0,0,146.770754374523,0
0,0,84.3635741045246,0,0,283.88658203332,0,0,0,115.114253591495,0,0,163.059043292369,215.611029055736,0,0,0,0,0,0,0,0,0,0,0,0,289.631679007608,0,194.442125915551,124.698445421759,0,110.384905066973,0,133.218162784108,0,0,174.013630695256,0,0,0,0
0,0,0,204.084074037941,0,0,0,74.7304794244225,0,0,0,0,0,0,0,0,0,136.685314494491,0,0,0,0,0,0,61.0664810463559,0,103.519938150021,101.443495235174,0,153.453047983244,0,0,224.551207449728,161.302948562323,0,0,0,0,0,0,259.442917595754
0,0,0,0,0,0,0,0,0,158.567996645797,0,0,0,0,0,0,136.685314494491,0,0,0,0,0,0,81.9664354533492,67.8267069095267,0,0,0,0,0,0,0,125.994729980093,186.348837226466,114.649126378906,0,335.371040201042,98.6790043377568,0,0,0
0,0,139.654362654449,0,142.385058730083,0,0,0,0,181.316358113209,0,193.777661225572,0,0,0,0,0,0,0,0,0,0,0,232.945974238958,0,137.177378802006,0,0,0,0,0,0,0,116.054372245433,135.294330067913,153.672550905948,192.601533877686,314.611698427915,0,231.050882209,0
0,0,0,241.57250333243,0,0,0,0,0,134.566479261133,0,196.04190773555,157.852515740516,0,106.533627130087,0,0,0,0,0,172.608400267715,115.541295036174,0,0,0,0,190.185165668632,96.5937438588657,0,0,0,0,173.001559092555,164.032723165762,70.4221432298295,219.078548227669,112.793316814908,0,168.241326865882,306.344527664232,161.275817184598
231.715271819474,0,0,0,0,0,202.712457066107,0,0,0,205.09013266389,116.176698124939,66.5008477853491,0,262.382215657622,0,0,0,0,172.608400267715,0,0,0,0,0,0,0,338.131802716296,320.356811100276,179.718364159796,212.592150359921,0,0,0,284.529238481835,211.840482897052,0,0,0,0,0
0,0,0,204.481117647118,0,0,0,0,321.124897279917,0,0,0,0,160.530221557972,0,0,0,0,0,115.541295036174,0,0,0,0,0,85.6072705949986,0,134.960780198024,0,0,0,0,0,0,0,0,242.790381480436,0,0,201.100640800745,0
165.893015276821,0,0,0,0,161.74915061469,0,81.2827395071039,0,205.183249704085,0,0,250.461724766314,0,247.66948903751,0,0,0,0,0,0,0,0,161.694997919804,0,0,0,183.786860782462,241.682021696872,0,0,188.936291522747,0,82.6426202489162,151.075371308616,0,106.128596538706,115.871357769661,0,0,333.645516435298
0,0,0,0,74.4197823064597,0,306.640284138334,71.5579325720569,0,276.620869034647,0,184.249961885477,0,0,138.33942793804,0,0,81.9664354533492,232.945974238958,0,0,0,161.694997919804,0,0,0,112.823430872325,198.528111506785,137.189596148386,0,0,0,0,0,303.527509149359,253.401634605989,133.984214699576,154.784755881607,345.797434674459,92.3502314520023,99.2646516363145
0,0,0,0,0,0,0,0,0,0,146.814226519809,249.905610015455,0,348.674510760064,0,0,61.0664810463559,67.8267069095267,0,0,0,0,0,0,0,0,0,0,0,0,0,0,0,213.67670887414,0,0,115.332064605654,197.893790332676,108.381749703452,261.605527103798,0
0,357.423078228283,0,139.93285932648,224.523755099568,219.040656038919,78.9559315574845,0,0,187.77054666536,0,101.85207633558,0,0,74.5815074003433,0,0,0,137.177378802006,0,0,85.6072705949986,0,0,0,0,96.7845769653343,154.070293657878,82.1742780037132,0,0,0,0,155.901486485736,221.805809452716,0,113.144980278377,178.224497384947,201.44584889478,180.543851962045,142.054529471577
0,0,0,0,195.314816908693,0,171.906398392157,0,0,128.405764333981,135.667029391615,94.7529894315991,0,0,0,289.631679007608,103.519938150021,0,0,190.185165668632,0,0,0,112.823430872325,0,96.7845769653343,0,106.33736463831,0,82.6299537488922,0,0,0,195.822649557859,94.027247878695,178.748963182352,353.822894641502,89.707245288964,177.763106506206,261.440278806413,80.8080171296381
0,0,200.878319874537,167.066576495979,155.24952173131,0,151.036729364761,104.369974912428,87.8456058929559,193.63278243493,90.7216186966914,148.808626413748,0,0,0,0,101.443495235174,0,0,96.5937438588657,338.131802716296,134.960780198024,183.786860782462,198.528111506785,0,154.070293657878,106.33736463831,0,228.075434767255,162.833808134102,0,118.522099274347,0,280.376028997576,101.5853655613,159.183173818572,119.728129215699,117.208001126138,220.901129804706,125.416941482916,0
0,0,325.937289045041,347.376449530863,0,154.065933476765,0,150.161410108805,97.3506957544063,172.892533368851,0,75.4497121078207,0,0,94.7280504127031,194.442125915551,0,0,0,0,320.356811100276,0,241.682021696872,137.189596148386,0,82.1742780037132,0,228.075434767255,0,0,0,283.248188884028,0,122.106946855269,101.895308036513,0,173.059382066957,228.792310020318,141.204637091722,0,151.01089327964
0,0,0,98.2230592632363,0,0,0,0,0,0,0,0,0,219.430938885781,0,124.698445421759,153.453047983244,0,0,0,179.718364159796,0,0,0,0,0,82.6299537488922,162.833808134102,0,0,0,0,0,0,251.098274723989,0,106.926813611922,111.435629183184,0,0,193.055010680236
0,0,0,0,0,0,0,193.659409924573,0,0,0,73.4795582048751,0,139.792601838991,0,0,0,0,0,0,212.592150359921,0,0,0,0,0,0,0,0,0,0,0,0,125.81518738273,0,0,0,0,0,0,225.013371621378
0,94.126460729827,0,90.1317194604647,238.934743274142,252.487290983309,0,0,80.4367166559625,321.864157986053,0,0,0,0,0,110.384905066973,0,0,0,0,0,0,188.936291522747,0,0,0,0,118.522099274347,283.248188884028,0,0,0,0,0,0,0,191.519780382943,0,0,0,0
0,0,0,0,0,0,0,0,0,0,0,0,154.142998692322,0,0,0,224.551207449728,125.994729980093,0,173.001559092555,0,0,0,0,0,0,0,0,0,0,0,0,0,0,0,0,269.936825670274,0,0,0,0
0,0,94.9380989123498,0,0,71.4788760670054,137.239127032733,217.157696745803,0,220.963068032256,0,0,0,73.1029054543569,227.504408813069,133.218162784108,161.302948562323,186.348837226466,116.054372245433,164.032723165762,0,0,82.6426202489162,0,213.67670887414,155.901486485736,195.822649557859,280.376028997576,122.106946855269,0,125.81518738273,0,0,0,323.781250289068,104.915316975638,111.226326353722,115.194491798135,173.201474590904,145.74089716123,199.492852797962
186.973586461633,0,0,131.969743415579,85.7623170715703,82.4756938751058,136.792307586862,92.5568465385234,0,108.136066660554,0,0,0,89.3673883748406,0,0,0,114.649126378906,135.294330067913,70.4221432298295,284.529238481835,0,151.075371308616,303.527509149359,0,221.805809452716,94.027247878695,101.5853655613,101.895308036513,251.098274723989,0,0,0,323.781250289068,0,180.355266595273,93.5029580098427,114.511014214502,0,329.719143597451,222.053792850439
0,0,0,0,138.425725342224,89.1590885155172,120.567029282014,0,76.5072790361762,249.798812580765,263.534399241887,309.997227542691,0,208.005106191961,195.378266313867,0,0,0,153.672550905948,219.078548227669,211.840482897052,0,0,253.401634605989,0,0,178.748963182352,159.183173818572,0,0,0,0,0,104.915316975638,180.355266595273,0,192.693757128262,0,0,169.453147353278,0
0,0,0,93.4234866874731,95.7590805983148,300.031143529538,0,115.868441404982,161.325017232684,0,214.116367924649,98.417953423071,97.5855511246009,0,198.964527389285,174.013630695256,0,335.371040201042,192.601533877686,112.793316814908,0,242.790381480436,106.128596538706,133.984214699576,115.332064605654,113.144980278377,353.822894641502,119.728129215699,173.059382066957,106.926813611922,0,191.519780382943,269.936825670274,111.226326353722,93.5029580098427,192.693757128262,0,143.005810983322,92.5207898118833,175.196329314064,0
0,0,0,0,0,58.3493451392805,0,180.90030328818,0,241.635434294794,226.825099357786,0,0,0,0,0,0,98.6790043377568,314.611698427915,0,0,0,115.871357769661,154.784755881607,197.893790332676,178.224497384947,89.707245288964,117.208001126138,228.792310020318,111.435629183184,0,0,0,115.194491798135,114.511014214502,0,143.005810983322,0,197.486504603685,169.742003380707,171.230058197369
0,97.3232815600345,0,0,0,223.705816669619,0,0,153.609372090384,0,62.859596780235,160.537522273714,0,0,0,0,0,0,0,168.241326865882,0,0,0,345.797434674459,108.381749703452,201.44584889478,177.763106506206,220.901129804706,141.204637091722,0,0,0,0,173.201474590904,0,0,92.5207898118833,197.486504603685,0,0,0
206.472608421747,206.912707094411,0,151.695570509541,100.812745974529,124.853650664477,72.2278283150671,192.135034768848,101.350815329073,218.045528847001,0,188.851177466023,0,78.8552325762656,146.770754374523,0,0,0,231.050882209,306.344527664232,0,201.100640800745,0,92.3502314520023,261.605527103798,180.543851962045,261.440278806413,125.416941482916,0,0,0,0,0,145.74089716123,329.719143597451,169.453147353278,175.196329314064,169.742003380707,0,0,0
0,236.681907140956,0,163.945208919892,62.311273509377,173.538155409849,0,146.99041817625,259.055025639447,0,94.8881692391942,209.996727521564,0,255.441154257905,0,0,259.442917595754,0,0,161.275817184598,0,0,333.645516435298,99.2646516363145,0,142.054529471577,80.8080171296381,0,151.01089327964,193.055010680236,225.013371621378,0,0,199.492852797962,222.053792850439,0,0,171.230058197369,0,0,0
