0,0,0,0,0,0,0,0,0,146.465927798921,225.013371621378,0,0,0,0,0,0,0,0,0,0,0,0,85.6072705949986,0,329.719143597451,0,0,0,0,0,0,0,0,92.3502314520023,0,0,0,0,175.196329314064,0
0,0,0,0,0,0,0,0,0,0,0,0,0,0,0,0,66.5008477853491,0,115.541295036174,124.853650664477,0,0,0,0,0,0,0,0,0,0,0,94.9380989123498,0,0,221.805809452716,0,0,193.63278243493,0,204.084074037941,0
0,0,0,0,137.177378802006,206.912707094411,0,0,0,0,0,85.7623170715703,0,0,0,0,0,0,0,0,0,0,0,0,0,0,219.078548227669,0,0,0,0,0,0,0,0,0,228.075434767255,0,0,0,0
0,0,0,0,0,0,0,224.523755099568,227.504408813069,0,108.381749703452,128.530575464043,0,0,180.543851962045,0,0,161.275817184598,0,0,61.0664810463559,0,0,0,0,0,0,0,131.969743415579,162.833808134102,0,0,0,180.90030328818,111.226326353722,0,0,0,0,101.605593487621,196.032358954952
0,0,137.177378802006,0,0,211.840482897052,125.416941482916,0,124.698445421759,0,0,0,0,163.945208919892,0,100.812745974529,0,0,0,0,142.054529471577,0,0,110.384905066973,0,0,0,0,0,0,0,193.777661225572,0,148.808626413748,169.742003380707,201.44584889478,184.249961885477,0,0,232.945974238958,0
0,0,206.912707094411,0,211.840482897052,0,0,173.059382066957,0,146.814226519809,0,0,0,0,0,0,206.472608421747,0,120.912756812582,0,0,0,72.2278283150671,0,0,135.667029391615,0,0,0,220.963068032256,0,0,0,208.005106191961,161.74915061469,141.204637091722,0,114.649126378906,0,187.77054666536,0
0,0,0,0,125.416941482916,0,0,0,94.7280504127031,0,71.5579325720569,0,0,0,0,0,0,0,0,0,0,0,0,165.597665022977,0,0,0,195.378266313867,0,137.189596148386,0,163.059043292369,76.5072790361762,180.355266595273,0,0,133.218162784108,113.059176128709,111.435629183184,0,283.248188884028
0,0,0,224.523755099568,0,173.059382066957,0,0,0,209.996727521564,172.608400267715,199.492852797962,0,0,183.786860782462,0,0,0,0,134.566479261133,0,0,0,134.960780198024,0,173.001559092555,122.106946855269,158.567996645797,158.955087279859,0,0,0,0,306.344527664232,101.85207633558,0,0,0,161.325017232684,0,195.822649557859
0,0,0,227.504408813069,124.698445421759,0,94.7280504127031,0,0,0,345.797434674459,146.770754374523,0,62.311273509377,0,0,0,0,0,0,73.4795582048751,0,0,0,0,0,0,155.24952173131,0,0,0,0,0,0,0,197.893790332676,0,101.443495235174,0,0,73.1029054543569
146.465927798921,0,0,0,0,146.814226519809,0,209.996727521564,0,0,0,119.345624434514,78.8552325762656,0,119.728129215699,0,151.036729364761,217.157696745803,241.682021696872,0,0,0,0,0,0,82.4756938751058,154.065933476765,95.7590805983148,0,0,0,0,0,300.031143529538,154.070293657878,320.356811100276,178.683678585178,263.534399241887,0,261.605527103798,0
225.013371621378,0,0,108.381749703452,0,0,71.5579325720569,172.608400267715,345.797434674459,0,0,186.348837226466,0,0,0,0,71.4788760670054,0,0,0,0,0,252.487290983309,136.685314494491,0,97.3232815600345,0,0,133.984214699576,114.511014214502,0,0,0,0,0,303.527509149359,219.430938885781,0,240.185081663983,104.915316975638,0
0,0,85.7623170715703,128.530575464043,0,0,0,199.492852797962,146.770754374523,119.345624434514,186.348837226466,0,0,75.4497121078207,128.846764897717,192.601533877686,253.401634605989,0,81.2827395071039,236.681907140956,137.239127032733,112.823430872325,0,0,0,0,116.054372245433,92.5568465385234,0,0,0,0,0,58.3493451392805,0,128.405764333981,94.7529894315991,0,0,87.8456058929559,140.574866691684
0,0,0,0,0,0,0,0,0,78.8552325762656,0,0,0,0,0,0,0,0,0,0,0,0,0,139.792601838991,0,0,0,0,0,0,0,0,0,99.2646516363145,153.876396855887,0,89.9429017381717,241.57250333243,0,0,0
0,0,0,0,163.945208919892,0,0,0,62.311273509377,0,0,75.4497121078207,0,0,0,0,0,0,0,242.790381480436,0,0,90.1317194604647,0,0,0,150.161410108805,347.376449530863,192.693757128262,0,0,0,0,0,153.453047983244,138.33942793804,259.055025639447,167.066576495979,0,117.208001126138,94.126460729827
0,0,0,180.543851962045,0,0,0,183.786860782462,0,119.728129215699,0,128.846764897717,0,0,0,0,0,0,118.522099274347,82.6426202489162,0,0,0,171.230058197369,0,0,0,174.013630695256,0,0,0,333.645516435298,0,115.868441404982,0,142.385058730083,96.7845769653343,0,0,0,0
0,0,0,0,100.812745974529,0,0,0,0,0,0,192.601533877686,0,0,0,0,0,0,0,220.901129804706,0,0,0,0,0,177.763106506206,0,213.67670887414,135.294330067913,0,143.005810983322,0,0,94.8881692391942,0,325.937289045041,200.878319874537,0,0,113.144980278377,0
0,66.5008477853491,0,0,0,206.472608421747,0,0,0,151.036729364761,71.4788760670054,253.401634605989,0,0,0,0,0,0,0,0,0,0,0,0,0,151.695570509541,0,120.567029282014,241.635434294794,0,0,0,0,98.417953423071,0,0,109.093416850988,0,0,0,0
0,0,0,161.275817184598,0,0,0,0,0,217.157696745803,0,0,0,0,0,0,0,0,0,0,0,0,0,0,204.481117647118,205.839960264176,226.825099357786,250.461724766314,0,0,0,0,0,0,178.224497384947,0,0,0,0,222.053792850439,205.09013266389
0,115.541295036174,0,0,0,120.912756812582,0,0,0,241.682021696872,0,81.2827395071039,0,0,118.522099274347,0,0,0,0,0,0,0,191.519780382943,139.93285932648,0,0,0,0,108.136066660554,0,0,0,0,0,289.631679007608,0,112.793316814908,0,0,173.538155409849,238.934743274142
0,124.853650664477,0,0,0,0,0,134.566479261133,0,0,0,236.681907140956,0,242.790381480436,82.6426202489162,220.901129804706,0,0,0,0,0,0,0,82.1742780037132,0,101.350815329073,276.620869034647,0,82.6299537488922,0,0,0,0,0,284.529238481835,181.316358113209,101.895308036513,194.442125915551,115.332064605654,125.81518738273,202.712457066107
0,0,0,61.0664810463559,142.054529471577,0,0,0,73.4795582048751,0,0,137.239127032733,0,0,0,0,0,0,0,0,0,0,115.114253591495,0,0,0,101.5853655613,112.349934713559,89.707245288964,0,0,0,193.055010680236,154.142998692322,136.792307586862,0,179.718364159796,219.040656038919,0,0,0
0,0,0,0,0,0,0,0,0,0,0,112.823430872325,0,0,0,0,0,0,0,0,0,0,74.5815074003433,0,0,0,93.4234866874731,89.3673883748406,193.659409924573,0,0,0,0,74.7304794244225,84.3635741045246,0,218.045528847001,0,0,0,0
0,0,0,0,0,72.2278283150671,0,0,0,0,252.487290983309,0,0,90.1317194604647,0,0,0,0,191.519780382943,0,115.114253591495,74.5815074003433,0,0,153.609372090384,164.032723165762,97.5855511246009,168.241326865882,169.453147353278,70.4221432298295,0,0,0,0,0,0,249.905610015455,99.3508940827211,335.371040201042,0,0
85.6072705949986,0,0,0,110.384905066973,0,165.597665022977,134.960780198024,0,0,136.685314494491,0,139.792601838991,0,171.230058197369,0,0,0,139.93285932648,82.1742780037132,0,0,0,0,198.964527389285,0,309.997227542691,321.864157986053,80.8080171296381,0,323.781250289068,0,0,186.973586461633,0,0,153.672550905948,0,125.994729980093,251.098274723989,81.9664354533492
0,0,0,0,0,0,0,0,0,0,0,0,0,0,0,0,0,204.481117647118,0,0,0,0,153.609372090384,198.964527389285,0,0,0,269.936825670274,116.176698124939,0,0,0,255.441154257905,0,151.806152521152,0,160.537522273714,0,0,306.640284138334,178.748963182352
329.719143597451,0,0,0,0,135.667029391615,0,173.001559092555,0,82.4756938751058,97.3232815600345,0,0,0,0,177.763106506206,151.695570509541,205.839960264176,0,101.350815329073,0,0,164.032723165762,0,0,0,0,155.901486485736,348.674510760064,115.871357769661,0,151.01089327964,0,139.654362654449,115.194491798135,188.851177466023,249.798812580765,0,196.04190773555,0,97.3506957544063
0,0,219.078548227669,0,0,0,0,122.106946855269,0,154.065933476765,0,116.054372245433,0,150.161410108805,0,0,0,226.825099357786,0,276.620869034647,101.5853655613,93.4234866874731,97.5855511246009,309.997227542691,0,0,0,161.302948562323,98.6790043377568,0,106.926813611922,90.7216186966914,0,228.792310020318,0,93.5029580098427,198.528111506785,0,321.124897279917,190.185165668632,0
0,0,0,0,0,0,195.378266313867,158.567996645797,155.24952173131,95.7590805983148,0,92.5568465385234,0,347.376449530863,174.013630695256,213.67670887414,120.567029282014,250.461724766314,0,0,112.349934713559,89.3673883748406,168.241326865882,321.864157986053,269.936825670274,155.901486485736,161.302948562323,0,106.33736463831,0,89.1590885155172,74.4197823064597,0,0,98.2230592632363,231.715271819474,154.784755881607,173.201474590904,145.74089716123,259.442917595754,80.4367166559625
0,0,0,131.969743415579,0,0,0,158.955087279859,0,0,133.984214699576,0,0,192.693757128262,0,135.294330067913,241.635434294794,0,108.136066660554,82.6299537488922,89.707245288964,193.659409924573,169.453147353278,80.8080171296381,116.176698124939,348.674510760064,98.6790043377568,106.33736463831,0,0,0,0,0,78.9559315574845,188.936291522747,0,314.611698427915,0,0,165.893015276821,223.705816669619
0,0,0,162.833808134102,0,220.963068032256,137.189596148386,0,0,0,114.511014214502,0,0,0,0,0,0,0,0,0,0,0,70.4221432298295,0,0,115.871357769661,0,0,0,0,0,0,67.8267069095267,159.183173818572,0,161.694997919804,0,94.027247878695,0,0,151.075371308616
0,0,0,0,0,0,0,0,0,0,0,0,0,0,0,143.005810983322,0,0,0,0,0,0,0,323.781250289068,0,0,106.926813611922,89.1590885155172,0,0,0,0,0,0,0,138.425725342224,353.822894641502,0,0,0,0
0,94.9380989123498,0,0,193.777661225572,0,163.059043292369,0,0,0,0,0,0,0,333.645516435298,0,0,0,0,0,0,0,0,0,0,151.01089327964,90.7216186966914,74.4197823064597,0,0,0,0,0,0,0,0,104.369974912428,157.852515740516,338.131802716296,261.440278806413,0
0,0,0,0,0,0,76.5072790361762,0,0,0,0,0,0,0,0,0,0,0,0,0,193.055010680236,0,0,0,255.441154257905,0,0,0,0,67.8267069095267,0,0,0,171.906398392157,0,0,0,0,0,0,0
0,0,0,180.90030328818,148.808626413748,208.005106191961,180.355266595273,306.344527664232,0,300.031143529538,0,58.3493451392805,99.2646516363145,0,115.868441404982,94.8881692391942,98.417953423071,0,0,0,154.142998692322,74.7304794244225,0,186.973586461633,0,139.654362654449,228.792310020318,0,78.9559315574845,159.183173818572,0,0,171.906398392157,0,92.5207898118833,195.314816908693,96.5937438588657,146.99041817625,215.611029055736,212.592150359921,280.376028997576
92.3502314520023,221.805809452716,0,111.226326353722,169.742003380707,161.74915061469,0,101.85207633558,0,154.070293657878,0,0,153.876396855887,153.453047983244,0,0,0,178.224497384947,289.631679007608,284.529238481835,136.792307586862,84.3635741045246,0,0,151.806152521152,115.194491798135,0,98.2230592632363,188.936291522747,0,0,0,0,92.5207898118833,0,106.533627130087,231.050882209,262.382215657622,357.423078228283,192.135034768848,283.88658203332
0,0,0,0,201.44584889478,141.204637091722,0,0,197.893790332676,320.356811100276,303.527509149359,128.405764333981,0,138.33942793804,142.385058730083,325.937289045041,0,0,0,181.316358113209,0,0,0,0,0,188.851177466023,93.5029580098427,231.715271819474,0,161.694997919804,138.425725342224,0,0,195.314816908693,106.533627130087,0,247.66948903751,224.551207449728,0,0,0
0,0,228.075434767255,0,184.249961885477,0,133.218162784108,0,0,178.683678585178,219.430938885781,94.7529894315991,89.9429017381717,259.055025639447,96.7845769653343,200.878319874537,109.093416850988,0,112.793316814908,101.895308036513,179.718364159796,218.045528847001,249.905610015455,153.672550905948,160.537522273714,249.798812580765,198.528111506785,154.784755881607,314.611698427915,0,353.822894641502,104.369974912428,0,96.5937438588657,231.050882209,247.66948903751,0,172.892533368851,0,201.100640800745,205.183249704085
0,193.63278243493,0,0,0,114.649126378906,113.059176128709,0,101.443495235174,263.534399241887,0,0,241.57250333243,167.066576495979,0,0,0,0,0,194.442125915551,219.040656038919,0,99.3508940827211,0,0,0,0,173.201474590904,0,94.027247878695,0,157.852515740516,0,146.99041817625,262.382215657622,224.551207449728,172.892533368851,0,62.859596780235,197.486504603685,103.519938150021
0,0,0,0,0,0,111.435629183184,161.325017232684,0,0,240.185081663983,0,0,0,0,0,0,0,0,115.332064605654,0,0,335.371040201042,125.994729980093,0,196.04190773555,321.124897279917,145.74089716123,0,0,0,338.131802716296,0,215.611029055736,357.423078228283,0,0,62.859596780235,0,214.116367924649,160.530221557972
175.196329314064,204.084074037941,0,101.605593487621,232.945974238958,187.77054666536,0,0,0,261.605527103798,104.915316975638,87.8456058929559,0,117.208001126138,0,113.144980278377,0,222.053792850439,173.538155409849,125.81518738273,0,0,0,251.098274723989,306.640284138334,0,190.185165668632,259.442917595754,165.893015276821,0,0,261.440278806413,0,212.592150359921,192.135034768848,0,201.100640800745,197.486504603685,214.116367924649,0,106.128596538706
0,0,0,196.032358954952,0,0,283.248188884028,195.822649557859,73.1029054543569,0,0,140.574866691684,0,94.126460729827,0,0,0,205.09013266389,238.934743274142,202.712457066107,0,0,0,81.9664354533492,178.748963182352,97.3506957544063,0,80.4367166559625,223.705816669619,151.075371308616,0,0,0,280.376028997576,283.88658203332,0,205.183249704085,103.519938150021,160.530221557972,106.128596538706,0
