0,0,0,0,276.620869034647,0,0,0,0,0,0,0,0,0,0,73.1029054543569,0,0,0,221.805809452716,0,0,0,0,0,0,0,0,0,0,0,0,0,0,0,62.859596780235,0,0,309.997227542691,113.059176128709,0
0,0,0,0,0,151.075371308616,0,0,0,0,0,90.7216186966914,0,0,0,0,0,0,0,181.316358113209,0,0,0,0,0,0,255.441154257905,0,0,0,0,154.070293657878,0,78.9559315574845,0,0,0,0,0,101.85207633558,0
0,0,0,0,0,0,0,0,0,0,0,0,0,0,0,0,198.964527389285,0,0,0,0,0,155.901486485736,0,0,0,0,148.808626413748,0,0,0,0,0,0,0,0,262.382215657622,0,0,0,165.893015276821
0,0,0,0,353.822894641502,0,0,0,0,0,0,99.2646516363145,162.833808134102,0,0,0,0,0,0,0,217.157696745803,0,0,197.893790332676,0,0,141.204637091722,173.538155409849,0,0,0,195.314816908693,80.8080171296381,205.09013266389,115.541295036174,0,97.3232815600345,0,226.825099357786,0,0
276.620869034647,0,0,353.822894641502,0,73.4795582048751,0,99.3508940827211,61.0664810463559,0,175.196329314064,0,186.348837226466,0,0,0,0,0,0,0,0,0,0,0,0,201.100640800745,0,0,284.529238481835,0,0,0,0,120.912756812582,231.050882209,0,101.443495235174,134.566479261133,0,135.667029391615,0
0,151.075371308616,0,0,73.4795582048751,0,0,0,0,0,0,115.871357769661,0,0,0,0,168.241326865882,0,0,92.5207898118833,71.5579325720569,0,0,0,338.131802716296,241.682021696872,335.371040201042,137.189596148386,0,0,0,0,0,94.7529894315991,0,0,94.126460729827,94.9380989123498,0,211.840482897052,0
0,0,0,0,0,0,0,0,0,0,204.481117647118,76.5072790361762,0,157.852515740516,125.994729980093,0,0,0,128.405764333981,0,187.77054666536,0,0,0,0,137.177378802006,0,106.926813611922,213.67670887414,0,0,0,0,0,0,0,112.349934713559,0,75.4497121078207,232.945974238958,173.001559092555
0,0,0,0,99.3508940827211,0,0,0,0,0,180.355266595273,250.461724766314,82.1742780037132,0,161.694997919804,0,0,161.275817184598,0,0,0,0,0,92.3502314520023,0,120.567029282014,161.74915061469,116.176698124939,0,0,0,0,195.378266313867,158.567996645797,101.895308036513,0,115.114253591495,194.442125915551,0,0,89.707245288964
0,0,0,0,61.0664810463559,0,0,0,0,161.302948562323,95.7590805983148,0,0,0,259.055025639447,0,0,0,0,0,135.294330067913,205.183249704085,0,184.249961885477,0,0,0,242.790381480436,0,0,0,0,0,112.793316814908,0,165.597665022977,0,0,0,0,199.492852797962
0,0,0,0,0,0,0,0,161.302948562323,0,74.7304794244225,0,0,97.5855511246009,0,0,220.901129804706,252.487290983309,0,82.6299537488922,0,280.376028997576,104.369974912428,81.2827395071039,0,212.592150359921,0,0,183.786860782462,0,142.054529471577,0,0,84.3635741045246,180.543851962045,0,171.230058197369,163.059043292369,0,151.01089327964,283.88658203332
0,0,0,0,175.196329314064,0,204.481117647118,180.355266595273,95.7590805983148,74.7304794244225,0,0,0,0,0,0,0,0,116.054372245433,0,160.537522273714,0,231.715271819474,0,0,0,0,0,100.812745974529,134.960780198024,153.672550905948,108.136066660554,0,206.472608421747,0,215.611029055736,0,0,193.777661225572,320.356811100276,0
0,90.7216186966914,0,99.2646516363145,0,115.871357769661,76.5072790361762,250.461724766314,0,0,0,0,0,0,0,0,0,0,173.201474590904,196.04190773555,269.936825670274,253.401634605989,72.2278283150671,0,193.055010680236,171.906398392157,82.6426202489162,94.027247878695,161.325017232684,119.728129215699,0,66.5008477853491,0,0,158.955087279859,197.486504603685,219.430938885781,0,0,0,136.792307586862
0,0,0,162.833808134102,186.348837226466,0,0,82.1742780037132,0,0,0,0,0,0,0,0,0,0,0,0,0,0,0,0,0,0,0,0,345.797434674459,0,0,0,0,0,0,0,125.416941482916,0,0,225.013371621378,0
0,0,0,0,0,0,157.852515740516,0,0,97.5855511246009,0,0,0,0,0,133.218162784108,0,89.3673883748406,0,0,0,0,0,145.74089716123,193.659409924573,0,146.465927798921,114.649126378906,154.142998692322,140.574866691684,0,0,0,146.814226519809,136.685314494491,0,153.876396855887,0,0,117.208001126138,0
0,0,0,0,0,0,125.994729980093,161.694997919804,259.055025639447,0,0,0,0,0,0,0,0,0,0,0,0,174.013630695256,0,0,0,111.226326353722,0,202.712457066107,0,0,0,0,0,128.530575464043,87.8456058929559,142.385058730083,111.435629183184,0,303.527509149359,150.161410108805,0
73.1029054543569,0,0,0,0,0,0,0,0,0,0,0,0,133.218162784108,0,0,0,0,0,0,0,0,0,122.106946855269,0,179.718364159796,0,0,247.66948903751,0,0,0,0,96.5937438588657,163.945208919892,0,104.915316975638,192.601533877686,0,154.065933476765,139.654362654449
0,0,198.964527389285,0,0,168.241326865882,0,0,0,220.901129804706,0,0,0,0,0,0,0,0,0,114.511014214502,0,0,0,178.224497384947,0,96.7845769653343,0,0,0,0,0,0,0,222.053792850439,89.1590885155172,139.93285932648,218.045528847001,0,0,0,0
0,0,0,0,0,0,0,161.275817184598,0,252.487290983309,0,0,0,89.3673883748406,0,0,0,0,0,0,0,0,0,0,0,133.984214699576,124.853650664477,263.534399241887,0,0,0,0,0,0,101.5853655613,0,131.969743415579,0,0,0,223.705816669619
0,0,0,0,0,0,128.405764333981,0,0,0,116.054372245433,173.201474590904,0,0,0,0,0,0,0,0,219.078548227669,0,0,0,251.098274723989,0,0,347.376449530863,0,0,0,82.4756938751058,0,0,178.748963182352,115.332064605654,208.005106191961,206.912707094411,0,128.846764897717,0
221.805809452716,181.316358113209,0,0,0,92.5207898118833,0,0,0,82.6299537488922,0,196.04190773555,0,0,0,0,114.511014214502,0,0,0,0,0,169.742003380707,67.8267069095267,0,159.183173818572,0,224.523755099568,0,0,0,0,0,178.683678585178,0,180.90030328818,238.934743274142,240.185081663983,191.519780382943,62.311273509377,154.784755881607
0,0,0,217.157696745803,0,71.5579325720569,187.77054666536,0,135.294330067913,0,160.537522273714,269.936825670274,0,0,0,0,0,0,219.078548227669,0,0,0,0,125.81518738273,0,0,101.350815329073,98.6790043377568,0,0,0,0,0,0,0,137.239127032733,160.530221557972,0,0,0,153.453047983244
0,0,0,0,0,0,0,0,205.183249704085,280.376028997576,0,253.401634605989,0,0,174.013630695256,0,0,0,0,0,0,0,0,0,0,0,0,0,0,0,0,0,0,106.533627130087,85.6072705949986,0,101.605593487621,0,146.99041817625,0,0
0,0,155.901486485736,0,0,0,0,0,0,104.369974912428,231.715271819474,72.2278283150671,0,0,0,0,0,0,0,169.742003380707,0,0,0,85.7623170715703,0,0,112.823430872325,201.44584889478,167.066576495979,0,0,0,0,0,89.9429017381717,306.344527664232,106.128596538706,0,92.5568465385234,236.681907140956,261.440278806413
0,0,0,197.893790332676,0,0,0,92.3502314520023,184.249961885477,81.2827395071039,0,0,0,145.74089716123,0,122.106946855269,178.224497384947,0,0,67.8267069095267,125.81518738273,0,85.7623170715703,0,0,224.551207449728,0,205.839960264176,0,321.124897279917,0,146.770754374523,0,0,0,186.973586461633,0,113.144980278377,80.4367166559625,188.851177466023,151.036729364761
0,0,0,0,0,338.131802716296,0,0,0,0,0,193.055010680236,0,193.659409924573,0,0,0,0,251.098274723989,0,0,0,0,0,0,0,151.806152521152,220.963068032256,0,0,0,0,0,261.605527103798,118.522099274347,0,81.9664354533492,0,0,300.031143529538,0
0,0,0,0,201.100640800745,241.682021696872,137.177378802006,120.567029282014,0,212.592150359921,0,171.906398392157,0,0,111.226326353722,179.718364159796,96.7845769653343,133.984214699576,0,159.183173818572,0,0,0,224.551207449728,0,0,0,228.792310020318,195.822649557859,192.693757128262,0,0,241.635434294794,219.040656038919,94.8881692391942,0,0,115.194491798135,0,172.608400267715,0
0,255.441154257905,0,141.204637091722,0,335.371040201042,0,161.74915061469,0,0,0,82.6426202489162,0,146.465927798921,0,0,0,124.853650664477,0,0,101.350815329073,0,112.823430872325,0,151.806152521152,0,0,323.781250289068,143.005810983322,110.384905066973,173.059382066957,0,0,314.611698427915,153.609372090384,93.4234866874731,138.33942793804,74.4197823064597,0,0,214.116367924649
0,0,148.808626413748,173.538155409849,0,137.189596148386,106.926813611922,116.176698124939,242.790381480436,0,0,94.027247878695,0,114.649126378906,202.712457066107,0,0,263.534399241887,347.376449530863,224.523755099568,98.6790043377568,0,201.44584889478,205.839960264176,220.963068032256,228.792310020318,323.781250289068,0,124.698445421759,90.1317194604647,58.3493451392805,289.631679007608,0,0,249.905610015455,98.417953423071,106.33736463831,155.24952173131,0,0,241.57250333243
0,0,0,0,284.529238481835,0,213.67670887414,0,0,183.786860782462,100.812745974529,161.325017232684,345.797434674459,154.142998692322,0,247.66948903751,0,0,0,0,0,0,167.066576495979,0,0,195.822649557859,143.005810983322,124.698445421759,0,0,74.5815074003433,357.423078228283,0,200.878319874537,108.381749703452,109.093416850988,98.2230592632363,325.937289045041,321.864157986053,164.032723165762,0
0,0,0,0,0,0,0,0,0,0,134.960780198024,119.728129215699,0,140.574866691684,0,0,0,0,0,0,0,0,0,321.124897279917,0,192.693757128262,110.384905066973,90.1317194604647,0,0,0,0,0,139.792601838991,138.425725342224,0,115.868441404982,0,0,198.528111506785,0
0,0,0,0,0,0,0,0,0,142.054529471577,153.672550905948,0,0,0,0,0,0,0,0,0,0,0,0,0,0,0,173.059382066957,58.3493451392805,74.5815074003433,0,0,0,0,0,0,0,0,0,0,0,177.763106506206
0,154.070293657878,0,195.314816908693,0,0,0,0,0,0,108.136066660554,66.5008477853491,0,0,0,0,0,0,82.4756938751058,0,0,0,0,146.770754374523,0,0,0,289.631679007608,357.423078228283,0,0,0,0,0,0,259.442917595754,193.63278243493,71.4788760670054,0,0,0
0,0,0,80.8080171296381,0,0,0,195.378266313867,0,0,0,0,0,0,0,0,0,0,0,0,0,0,0,0,0,241.635434294794,0,0,0,0,0,0,0,0,0,0,0,94.7280504127031,0,0,172.892533368851
0,78.9559315574845,0,205.09013266389,120.912756812582,94.7529894315991,0,158.567996645797,112.793316814908,84.3635741045246,206.472608421747,0,0,146.814226519809,128.530575464043,96.5937438588657,222.053792850439,0,0,178.683678585178,0,106.533627130087,0,0,261.605527103798,219.040656038919,314.611698427915,0,200.878319874537,139.792601838991,0,0,0,0,209.996727521564,329.719143597451,196.032358954952,348.674510760064,192.135034768848,306.640284138334,188.936291522747
0,0,0,115.541295036174,231.050882209,0,0,101.895308036513,0,180.543851962045,0,158.955087279859,0,136.685314494491,87.8456058929559,163.945208919892,89.1590885155172,101.5853655613,178.748963182352,0,0,85.6072705949986,89.9429017381717,0,118.522099274347,94.8881692391942,153.609372090384,249.905610015455,108.381749703452,138.425725342224,0,0,0,209.996727521564,0,0,204.084074037941,78.8552325762656,119.345624434514,228.075434767255,169.453147353278
62.859596780235,0,0,0,0,0,0,0,165.597665022977,0,215.611029055736,197.486504603685,0,0,142.385058730083,0,139.93285932648,0,115.332064605654,180.90030328818,137.239127032733,0,306.344527664232,186.973586461633,0,0,93.4234866874731,98.417953423071,109.093416850988,0,0,259.442917595754,0,329.719143597451,0,0,70.4221432298295,0,0,103.519938150021,97.3506957544063
0,0,262.382215657622,97.3232815600345,101.443495235174,94.126460729827,112.349934713559,115.114253591495,0,171.230058197369,0,219.430938885781,125.416941482916,153.876396855887,111.435629183184,104.915316975638,218.045528847001,131.969743415579,208.005106191961,238.934743274142,160.530221557972,101.605593487621,106.128596538706,0,81.9664354533492,0,138.33942793804,106.33736463831,98.2230592632363,115.868441404982,0,193.63278243493,0,196.032358954952,204.084074037941,70.4221432298295,0,283.248188884028,249.798812580765,0,0
0,0,0,0,134.566479261133,94.9380989123498,0,194.442125915551,0,163.059043292369,0,0,0,0,0,192.601533877686,0,0,206.912707094411,240.185081663983,0,0,0,113.144980278377,0,115.194491798135,74.4197823064597,155.24952173131,325.937289045041,0,0,71.4788760670054,94.7280504127031,348.674510760064,78.8552325762656,0,283.248188884028,0,93.5029580098427,227.504408813069,190.185165668632
309.997227542691,0,0,226.825099357786,0,0,75.4497121078207,0,0,0,193.777661225572,0,0,0,303.527509149359,0,0,0,0,191.519780382943,0,146.99041817625,92.5568465385234,80.4367166559625,0,0,0,0,321.864157986053,0,0,0,0,192.135034768848,119.345624434514,0,249.798812580765,93.5029580098427,0,333.645516435298,0
113.059176128709,101.85207633558,0,0,135.667029391615,211.840482897052,232.945974238958,0,0,151.01089327964,320.356811100276,0,225.013371621378,117.208001126138,150.161410108805,154.065933476765,0,0,128.846764897717,62.311273509377,0,0,236.681907140956,188.851177466023,300.031143529538,172.608400267715,0,0,164.032723165762,198.528111506785,0,0,0,306.640284138334,228.075434767255,103.519938150021,0,227.504408813069,333.645516435298,0,151.695570509541
0,0,165.893015276821,0,0,0,173.001559092555,89.707245288964,199.492852797962,283.88658203332,0,136.792307586862,0,0,0,139.654362654449,0,223.705816669619,0,154.784755881607,153.453047983244,0,261.440278806413,151.036729364761,0,0,214.116367924649,241.57250333243,0,0,177.763106506206,0,172.892533368851,188.936291522747,169.453147353278,97.3506957544063,0,190.185165668632,0,151.695570509541,0
