0,0,0,0,0,0,0,0,0,0,0,188.851177466023,0,113.059176128709,0,0,0,347.376449530863,0,0,0,0,0,0,0,0,0,72.2278283150671,0,154.070293657878,0,0,0,0,0,228.075434767255,0,0,0,0,0
0,0,0,0,0,0,0,0,0,0,106.128596538706,0,0,0,180.90030328818,0,0,0,0,0,0,0,0,0,0,165.597665022977,0,136.792307586862,0,0,0,94.027247878695,0,0,142.385058730083,0,0,0,0,75.4497121078207,0
0,0,0,0,0,0,0,0,0,306.344527664232,0,137.189596148386,0,0,0,0,0,0,0,62.311273509377,0,0,0,0,0,0,0,0,224.551207449728,0,0,0,0,136.685314494491,0,0,0,0,0,0,0
0,0,0,0,0,0,0,0,0,161.694997919804,128.530575464043,220.963068032256,134.566479261133,0,0,0,0,0,0,0,241.57250333243,0,164.032723165762,0,0,97.5855511246009,0,125.81518738273,101.605593487621,0,0,0,0,0,0,128.405764333981,191.519780382943,200.878319874537,0,242.790381480436,0
0,0,0,0,0,0,0,0,195.378266313867,0,180.543851962045,348.674510760064,0,99.2646516363145,0,0,0,0,0,0,0,0,0,155.901486485736,0,323.781250289068,111.435629183184,0,236.681907140956,0,283.88658203332,0,0,320.356811100276,357.423078228283,0,115.194491798135,0,146.99041817625,0,139.792601838991
0,0,0,0,0,0,0,0,0,94.7280504127031,0,0,0,0,0,0,0,110.384905066973,0,0,85.7623170715703,0,0,0,82.6299537488922,263.534399241887,0,84.3635741045246,231.050882209,0,0,0,0,74.7304794244225,0,199.492852797962,188.936291522747,100.812745974529,115.871357769661,115.114253591495,259.055025639447
0,0,0,0,0,0,0,0,0,0,135.294330067913,0,0,0,0,0,0,146.465927798921,0,117.208001126138,221.805809452716,0,0,0,0,0,0,223.705816669619,128.846764897717,205.09013266389,0,0,0,171.230058197369,125.994729980093,284.529238481835,151.806152521152,0,0,169.742003380707,104.915316975638
0,0,0,0,0,0,0,0,0,119.345624434514,154.784755881607,173.059382066957,0,206.472608421747,0,0,178.748963182352,193.63278243493,0,134.960780198024,0,0,0,0,0,146.814226519809,0,0,0,0,0,0,101.350815329073,261.440278806413,163.945208919892,80.8080171296381,269.936825670274,213.67670887414,151.036729364761,98.6790043377568,0
0,0,0,0,195.378266313867,0,0,0,0,289.631679007608,0,0,0,0,0,0,158.955087279859,0,0,0,0,0,146.770754374523,0,0,0,0,0,197.893790332676,0,0,0,0,95.7590805983148,194.442125915551,184.249961885477,238.934743274142,0,329.719143597451,0,202.712457066107
0,0,306.344527664232,161.694997919804,0,94.7280504127031,0,119.345624434514,289.631679007608,0,0,0,0,218.045528847001,0,0,0,112.823430872325,0,0,314.611698427915,0,232.945974238958,251.098274723989,0,0,92.5207898118833,96.5937438588657,0,0,0,172.608400267715,0,219.040656038919,0,0,201.100640800745,0,255.441154257905,183.786860782462,205.183249704085
0,106.128596538706,0,128.530575464043,180.543851962045,0,135.294330067913,154.784755881607,0,0,0,78.9559315574845,0,90.1317194604647,0,0,0,76.5072790361762,353.822894641502,0,0,0,0,171.906398392157,150.161410108805,0,283.248188884028,82.1742780037132,0,0,0,0,0,0,240.185081663983,0,67.8267069095267,0,0,179.718364159796,0
188.851177466023,0,137.189596148386,220.963068032256,348.674510760064,0,0,173.059382066957,0,0,78.9559315574845,0,0,0,0,0,0,0,196.04190773555,0,97.3506957544063,0,247.66948903751,153.672550905948,300.031143529538,116.054372245433,198.528111506785,0,0,249.905610015455,0,0,0,249.798812580765,228.792310020318,94.126460729827,262.382215657622,0,186.973586461633,167.066576495979,321.124897279917
0,0,0,134.566479261133,0,0,0,0,0,0,0,0,0,0,0,0,0,0,0,0,0,0,0,0,0,0,0,0,0,61.0664810463559,0,0,0,0,0,0,212.592150359921,85.6072705949986,138.33942793804,158.567996645797,0
113.059176128709,0,0,0,99.2646516363145,0,0,206.472608421747,0,218.045528847001,90.1317194604647,0,0,0,0,231.715271819474,0,0,0,0,0,0,0,0,0,173.201474590904,101.85207633558,193.055010680236,0,0,0,0,0,106.533627130087,70.4221432298295,101.5853655613,204.481117647118,81.9664354533492,0,0,0
0,180.90030328818,0,0,0,0,0,0,0,0,0,0,0,0,0,0,0,0,0,140.574866691684,187.77054666536,0,0,0,0,0,0,160.537522273714,204.084074037941,0,82.6426202489162,0,0,220.901129804706,74.4197823064597,0,226.825099357786,165.893015276821,106.926813611922,89.9429017381717,0
0,0,0,0,0,0,0,0,0,0,0,0,0,231.715271819474,0,0,0,0,209.996727521564,0,0,0,181.316358113209,0,0,174.013630695256,80.4367166559625,168.241326865882,143.005810983322,0,0,309.997227542691,0,0,0,0,151.075371308616,97.3232815600345,0,0,118.522099274347
0,0,0,0,0,0,0,178.748963182352,158.955087279859,0,0,0,0,0,0,0,0,0,0,0,0,90.7216186966914,0,0,0,0,0,99.3508940827211,0,0,0,0,0,306.640284138334,155.24952173131,0,92.5568465385234,186.348837226466,0,145.74089716123,241.635434294794
347.376449530863,0,0,0,0,110.384905066973,146.465927798921,193.63278243493,0,112.823430872325,76.5072790361762,0,0,0,0,0,0,0,0,0,0,0,0,98.2230592632363,0,0,0,0,0,0,0,0,0,0,169.453147353278,0,206.912707094411,0,0,0,0
0,0,0,0,0,0,0,0,0,0,353.822894641502,196.04190773555,0,0,0,209.996727521564,0,0,0,0,0,0,142.054529471577,0,0,0,94.7529894315991,98.417953423071,0,151.695570509541,0,0,0,0,225.013371621378,197.486504603685,101.895308036513,113.144980278377,0,180.355266595273,0
0,0,62.311273509377,0,0,0,117.208001126138,134.960780198024,0,0,0,0,0,0,140.574866691684,0,0,0,0,0,192.693757128262,0,0,133.984214699576,0,280.376028997576,0,89.1590885155172,0,108.381749703452,0,112.349934713559,137.239127032733,103.519938150021,92.3502314520023,0,193.777661225572,321.864157986053,94.8881692391942,0,259.442917595754
0,0,0,241.57250333243,0,85.7623170715703,221.805809452716,0,0,314.611698427915,0,97.3506957544063,0,0,187.77054666536,0,0,0,0,192.693757128262,0,261.605527103798,0,0,0,325.937289045041,114.511014214502,0,0,201.44584889478,0,122.106946855269,0,338.131802716296,0,0,0,0,0,0,0
0,0,0,0,0,0,0,0,0,0,0,0,0,0,0,0,90.7216186966914,0,0,0,261.605527103798,0,0,115.868441404982,0,161.325017232684,0,153.609372090384,0,0,0,0,0,0,192.601533877686,133.218162784108,0,0,0,333.645516435298,0
0,0,0,164.032723165762,0,0,0,0,146.770754374523,232.945974238958,0,247.66948903751,0,0,0,181.316358113209,0,0,142.054529471577,0,0,0,0,153.876396855887,0,0,335.371040201042,154.065933476765,250.461724766314,137.177378802006,0,125.416941482916,0,0,0,161.74915061469,66.5008477853491,0,0,192.135034768848,0
0,0,0,0,155.901486485736,0,0,0,0,251.098274723989,171.906398392157,153.672550905948,0,0,0,0,0,98.2230592632363,0,133.984214699576,0,115.868441404982,153.876396855887,0,0,82.4756938751058,253.401634605989,124.698445421759,0,0,0,198.964527389285,0,135.667029391615,222.053792850439,139.93285932648,62.859596780235,175.196329314064,0,73.1029054543569,196.032358954952
0,0,0,0,0,82.6299537488922,0,0,0,0,150.161410108805,300.031143529538,0,0,0,0,0,0,0,0,0,0,0,0,0,116.176698124939,345.797434674459,115.332064605654,0,0,0,0,0,101.443495235174,178.683678585178,0,0,276.620869034647,0,0,178.224497384947
0,165.597665022977,0,97.5855511246009,323.781250289068,263.534399241887,0,146.814226519809,0,0,0,116.054372245433,0,173.201474590904,0,174.013630695256,0,0,0,280.376028997576,325.937289045041,161.325017232684,0,82.4756938751058,116.176698124939,0,108.136066660554,112.793316814908,193.659409924573,0,0,0,0,177.763106506206,141.204637091722,0,106.33736463831,162.833808134102,0,0,0
0,0,0,0,111.435629183184,0,0,0,0,92.5207898118833,283.248188884028,198.528111506785,0,101.85207633558,0,80.4367166559625,0,0,94.7529894315991,0,114.511014214502,0,335.371040201042,253.401634605989,345.797434674459,108.136066660554,0,96.7845769653343,87.8456058929559,0,0,0,0,115.541295036174,0,195.822649557859,154.142998692322,0,89.707245288964,219.430938885781,252.487290983309
72.2278283150671,136.792307586862,0,125.81518738273,0,84.3635741045246,223.705816669619,0,0,96.5937438588657,82.1742780037132,0,0,193.055010680236,160.537522273714,168.241326865882,99.3508940827211,0,98.417953423071,89.1590885155172,0,153.609372090384,154.065933476765,124.698445421759,115.332064605654,112.793316814908,96.7845769653343,0,217.157696745803,159.183173818572,0,0,0,241.682021696872,0,0,74.5815074003433,71.5579325720569,148.808626413748,163.059043292369,214.116367924649
0,0,224.551207449728,101.605593487621,236.681907140956,231.050882209,128.846764897717,0,197.893790332676,0,0,0,0,0,204.084074037941,143.005810983322,0,0,0,0,0,0,250.461724766314,0,0,193.659409924573,87.8456058929559,217.157696745803,0,161.275817184598,0,93.4234866874731,89.3673883748406,81.2827395071039,58.3493451392805,111.226326353722,139.654362654449,0,0,151.01089327964,131.969743415579
154.070293657878,0,0,0,0,0,205.09013266389,0,0,0,0,249.905610015455,61.0664810463559,0,0,0,0,0,151.695570509541,108.381749703452,201.44584889478,0,137.177378802006,0,0,0,0,159.183173818572,161.275817184598,0,0,0,0,0,0,0,0,0,0,0,208.005106191961
0,0,0,0,283.88658203332,0,0,0,0,0,0,0,0,0,82.6426202489162,0,0,0,0,0,0,0,0,0,0,0,0,0,0,0,0,0,0,78.8552325762656,124.853650664477,173.001559092555,0,104.369974912428,0,0,0
0,94.027247878695,0,0,0,0,0,0,0,172.608400267715,0,0,0,0,0,309.997227542691,0,0,0,112.349934713559,122.106946855269,0,125.416941482916,198.964527389285,0,0,0,0,93.4234866874731,0,0,0,0,0,172.892533368851,0,0,0,109.093416850988,0,138.425725342224
0,0,0,0,0,0,0,101.350815329073,0,0,0,0,0,0,0,0,0,0,0,137.239127032733,0,0,0,0,0,0,0,0,89.3673883748406,0,0,0,0,94.9380989123498,0,0,211.840482897052,0,0,0,0
0,0,136.685314494491,0,320.356811100276,74.7304794244225,171.230058197369,261.440278806413,95.7590805983148,219.040656038919,0,249.798812580765,0,106.533627130087,220.901129804706,0,306.640284138334,0,0,103.519938150021,338.131802716296,0,0,135.667029391615,101.443495235174,177.763106506206,115.541295036174,241.682021696872,81.2827395071039,0,78.8552325762656,0,94.9380989123498,0,0,120.912756812582,0,161.302948562323,114.649126378906,190.185165668632,219.078548227669
0,142.385058730083,0,0,357.423078228283,0,125.994729980093,163.945208919892,194.442125915551,0,240.185081663983,228.792310020318,0,70.4221432298295,74.4197823064597,0,155.24952173131,169.453147353278,225.013371621378,92.3502314520023,0,192.601533877686,0,222.053792850439,178.683678585178,141.204637091722,0,0,58.3493451392805,0,124.853650664477,172.892533368851,0,0,0,157.852515740516,93.5029580098427,120.567029282014,0,215.611029055736,224.523755099568
228.075434767255,0,0,128.405764333981,0,199.492852797962,284.529238481835,80.8080171296381,184.249961885477,0,0,94.126460729827,0,101.5853655613,0,0,0,0,197.486504603685,0,0,133.218162784108,161.74915061469,139.93285932648,0,0,195.822649557859,0,111.226326353722,0,173.001559092555,0,0,120.912756812582,157.852515740516,0,195.314816908693,0,0,119.728129215699,0
0,0,0,191.519780382943,115.194491798135,188.936291522747,151.806152521152,269.936825670274,238.934743274142,201.100640800745,67.8267069095267,262.382215657622,212.592150359921,204.481117647118,226.825099357786,151.075371308616,92.5568465385234,206.912707094411,101.895308036513,193.777661225572,0,0,66.5008477853491,62.859596780235,0,106.33736463831,154.142998692322,74.5815074003433,139.654362654449,0,0,0,211.840482897052,0,93.5029580098427,195.314816908693,0,160.530221557972,173.538155409849,303.527509149359,73.4795582048751
0,0,0,200.878319874537,0,100.812745974529,0,213.67670887414,0,0,0,0,85.6072705949986,81.9664354533492,165.893015276821,97.3232815600345,186.348837226466,0,113.144980278377,321.864157986053,0,0,0,175.196329314064,276.620869034647,162.833808134102,0,71.5579325720569,0,0,104.369974912428,0,0,161.302948562323,120.567029282014,0,160.530221557972,0,0,227.504408813069,153.453047983244
0,0,0,0,146.99041817625,115.871357769661,0,151.036729364761,329.719143597451,255.441154257905,0,186.973586461633,138.33942793804,0,106.926813611922,0,0,0,0,94.8881692391942,0,0,0,0,0,0,89.707245288964,148.808626413748,0,0,0,109.093416850988,0,114.649126378906,0,0,173.538155409849,0,0,205.839960264176,0
0,75.4497121078207,0,242.790381480436,0,115.114253591495,169.742003380707,98.6790043377568,0,183.786860782462,179.718364159796,167.066576495979,158.567996645797,0,89.9429017381717,0,145.74089716123,0,180.355266595273,0,0,333.645516435298,192.135034768848,73.1029054543569,0,0,219.430938885781,163.059043292369,151.01089327964,0,0,0,0,190.185165668632,215.611029055736,119.728129215699,303.527509149359,227.504408813069,205.839960264176,0,71.4788760670054
0,0,0,0,139.792601838991,259.055025639447,104.915316975638,0,202.712457066107,205.183249704085,0,321.124897279917,0,0,0,118.522099274347,241.635434294794,0,0,259.442917595754,0,0,0,196.032358954952,178.224497384947,0,252.487290983309,214.116367924649,131.969743415579,208.005106191961,0,138.425725342224,0,219.078548227669,224.523755099568,0,73.4795582048751,153.453047983244,0,71.4788760670054,0
