0,0,0,0,0,0,0,0,0,0,0,0,0,0,0,314.611698427915,0,0,0,0,112.823430872325,0,0,0,0,192.693757128262,0,0,0,0,0,0,0,217.157696745803,214.116367924649,0,0,320.356811100276,0,0,0
0,0,0,0,0,0,0,0,0,0,0,0,0,0,228.075434767255,0,0,0,0,0,0,0,0,0,0,0,261.605527103798,0,131.969743415579,154.065933476765,0,0,0,119.345624434514,0,329.719143597451,0,0,0,0,172.892533368851
0,0,0,0,0,0,0,0,0,0,0,0,0,0,0,128.530575464043,0,0,0,0,0,0,98.2230592632363,0,353.822894641502,0,0,0,0,0,0,0,0,0,0,178.748963182352,67.8267069095267,0,0,0,0
0,0,0,0,0,195.378266313867,0,0,0,163.059043292369,0,0,0,100.812745974529,0,112.793316814908,0,0,199.492852797962,0,335.371040201042,0,0,220.901129804706,0,0,0,259.442917595754,0,0,0,0,0,190.185165668632,142.054529471577,0,0,106.926813611922,0,196.032358954952,115.871357769661
0,0,0,0,0,269.936825670274,0,0,0,201.100640800745,0,263.534399241887,0,0,0,0,155.901486485736,0,0,94.8881692391942,0,0,0,148.808626413748,0,201.44584889478,0,71.5579325720569,0,0,0,215.611029055736,161.302948562323,139.792601838991,0,0,180.543851962045,0,231.050882209,211.840482897052,0
0,0,0,195.378266313867,269.936825670274,0,0,0,0,92.5568465385234,0,146.99041817625,0,0,0,0,0,0,0,0,0,0,161.325017232684,161.694997919804,183.786860782462,0,219.430938885781,137.177378802006,212.592150359921,0,136.685314494491,0,0,0,133.218162784108,0,0,112.349934713559,205.183249704085,0,0
0,0,0,0,0,0,0,0,0,0,58.3493451392805,223.705816669619,0,283.88658203332,0,89.3673883748406,0,0,0,0,153.672550905948,0,0,101.85207633558,0,0,62.311273509377,172.608400267715,225.013371621378,0,0,0,0,61.0664810463559,242.790381480436,0,198.528111506785,110.384905066973,0,0,0
0,0,0,0,0,0,0,0,0,236.681907140956,0,0,348.674510760064,241.635434294794,80.8080171296381,0,0,0,0,0,128.405764333981,194.442125915551,0,146.465927798921,0,0,135.667029391615,204.084074037941,73.4795582048751,0,0,0,0,0,180.90030328818,0,173.538155409849,171.230058197369,154.070293657878,134.960780198024,139.93285932648
0,0,0,0,0,0,0,0,0,0,0,92.5207898118833,0,0,0,0,0,261.440278806413,193.777661225572,0,0,0,0,101.350815329073,94.9380989123498,89.1590885155172,0,0,0,0,0,0,0,115.194491798135,213.67670887414,191.519780382943,0,0,87.8456058929559,137.189596148386,0
0,0,0,163.059043292369,201.100640800745,92.5568465385234,0,236.681907140956,0,0,196.04190773555,0,0,151.806152521152,0,125.994729980093,0,0,0,222.053792850439,188.936291522747,0,232.945974238958,82.1742780037132,0,71.4788760670054,0,161.74915061469,289.631679007608,0,0,0,0,0,0,300.031143529538,198.964527389285,0,218.045528847001,0,276.620869034647
0,0,0,0,0,0,58.3493451392805,0,0,196.04190773555,0,142.385058730083,0,0,0,0,0,0,73.1029054543569,117.208001126138,357.423078228283,0,106.33736463831,0,0,158.567996645797,0,197.486504603685,160.537522273714,0,0,0,0,151.075371308616,90.1317194604647,0,97.5855511246009,74.4197823064597,0,165.597665022977,113.059176128709
0,0,0,0,263.534399241887,146.99041817625,223.705816669619,0,92.5207898118833,0,142.385058730083,0,0,0,0,0,0,168.241326865882,200.878319874537,0,81.2827395071039,0,0,249.905610015455,192.135034768848,0,84.3635741045246,219.040656038919,96.5937438588657,97.3232815600345,0,188.851177466023,0,92.3502314520023,347.376449530863,0,157.852515740516,0,186.348837226466,283.248188884028,118.522099274347
0,0,0,0,0,0,0,348.674510760064,0,0,0,0,0,0,0,0,0,0,0,0,0,0,140.574866691684,0,0,62.859596780235,0,0,0,0,101.895308036513,0,0,0,0,0,0,0,0,99.3508940827211,113.144980278377
0,0,0,100.812745974529,0,0,283.88658203332,241.635434294794,0,151.806152521152,0,0,0,0,0,0,155.24952173131,0,0,0,0,0,0,78.9559315574845,167.066576495979,0,0,255.441154257905,0,240.185081663983,0,186.973586461633,0,0,96.7845769653343,193.659409924573,85.6072705949986,171.906398392157,0,0,0
0,228.075434767255,0,0,0,0,0,80.8080171296381,0,0,0,0,0,0,0,0,0,0,0,108.381749703452,0,0,115.114253591495,101.443495235174,0,224.551207449728,0,106.128596538706,221.805809452716,0,0,0,0,0,0,238.934743274142,159.183173818572,70.4221432298295,0,0,202.712457066107
314.611698427915,0,128.530575464043,112.793316814908,0,0,89.3673883748406,0,0,125.994729980093,0,0,0,0,0,0,0,0,154.784755881607,0,97.3506957544063,0,0,0,0,0,0,0,228.792310020318,0,0,0,0,0,193.63278243493,0,116.054372245433,0,0,85.7623170715703,0
0,0,0,0,155.901486485736,0,0,0,0,0,0,0,0,155.24952173131,0,0,0,0,0,74.5815074003433,0,0,252.487290983309,153.609372090384,0,0,169.742003380707,0,0,89.707245288964,0,0,0,0,0,175.196329314064,160.530221557972,0,0,0,114.511014214502
0,0,0,0,0,0,0,0,261.440278806413,0,0,168.241326865882,0,0,0,0,0,0,0,181.316358113209,0,0,0,0,0,0,205.09013266389,95.7590805983148,0,0,0,0,0,0,101.5853655613,0,151.01089327964,0,0,306.640284138334,251.098274723989
0,0,0,199.492852797962,0,0,0,0,193.777661225572,0,73.1029054543569,200.878319874537,0,0,0,154.784755881607,0,0,0,0,0,94.027247878695,0,0,325.937289045041,0,333.645516435298,0,0,0,0,0,0,178.224497384947,0,0,125.416941482916,0,154.142998692322,247.66948903751,0
0,0,0,0,94.8881692391942,0,0,0,0,222.053792850439,117.208001126138,0,0,0,108.381749703452,0,74.5815074003433,181.316358113209,0,0,0,0,0,0,197.893790332676,205.839960264176,134.566479261133,115.541295036174,115.332064605654,0,0,137.239127032733,0,114.649126378906,165.893015276821,321.864157986053,306.344527664232,187.77054666536,0,0,0
112.823430872325,0,0,335.371040201042,0,0,153.672550905948,128.405764333981,0,188.936291522747,357.423078228283,81.2827395071039,0,0,0,97.3506957544063,0,0,0,0,0,0,0,0,0,94.7529894315991,0,151.036729364761,141.204637091722,0,0,0,0,0,0,209.996727521564,192.601533877686,0,0,0,0
0,0,0,0,0,0,0,194.442125915551,0,0,0,0,0,0,0,0,0,0,94.027247878695,0,0,0,0,150.161410108805,0,0,158.955087279859,0,0,0,0,0,0,177.763106506206,0,0,146.770754374523,153.876396855887,0,241.682021696872,0
0,0,98.2230592632363,0,0,161.325017232684,0,0,0,232.945974238958,106.33736463831,0,140.574866691684,0,115.114253591495,0,252.487290983309,0,0,0,0,0,0,0,0,122.106946855269,120.567029282014,253.401634605989,0,0,0,0,0,220.963068032256,82.6426202489162,0,116.176698124939,0,0,303.527509149359,109.093416850988
0,0,0,220.901129804706,148.808626413748,161.694997919804,101.85207633558,146.465927798921,101.350815329073,82.1742780037132,0,249.905610015455,0,78.9559315574845,101.443495235174,0,153.609372090384,0,0,0,0,150.161410108805,0,0,0,0,195.822649557859,82.6299537488922,249.798812580765,0,0,0,0,138.33942793804,0,0,0,323.781250289068,89.9429017381717,0,259.055025639447
0,0,353.822894641502,0,0,183.786860782462,0,0,94.9380989123498,0,0,192.135034768848,0,167.066576495979,0,0,0,0,325.937289045041,197.893790332676,0,0,0,0,0,0,0,0,0,151.695570509541,0,0,0,208.005106191961,0,0,0,98.6790043377568,0,0,0
192.693757128262,0,0,0,201.44584889478,0,0,0,89.1590885155172,71.4788760670054,158.567996645797,0,62.859596780235,0,224.551207449728,0,0,0,0,205.839960264176,94.7529894315991,0,122.106946855269,0,0,0,0,78.8552325762656,143.005810983322,119.728129215699,204.481117647118,0,0,195.314816908693,153.453047983244,0,111.435629183184,345.797434674459,173.001559092555,74.7304794244225,0
0,261.605527103798,0,0,0,219.430938885781,62.311273509377,135.667029391615,0,0,0,84.3635741045246,0,0,0,0,169.742003380707,205.09013266389,333.645516435298,134.566479261133,0,158.955087279859,120.567029282014,195.822649557859,0,0,0,284.529238481835,0,262.382215657622,0,82.4756938751058,174.013630695256,90.7216186966914,0,98.417953423071,0,0,231.715271819474,0,66.5008477853491
0,0,0,259.442917595754,71.5579325720569,137.177378802006,172.608400267715,204.084074037941,0,161.74915061469,197.486504603685,219.040656038919,0,255.441154257905,106.128596538706,0,0,95.7590805983148,0,115.541295036174,151.036729364761,0,253.401634605989,82.6299537488922,0,78.8552325762656,284.529238481835,0,309.997227542691,0,0,104.369974912428,0,169.453147353278,139.654362654449,72.2278283150671,173.201474590904,164.032723165762,81.9664354533492,250.461724766314,226.825099357786
0,131.969743415579,0,0,0,212.592150359921,225.013371621378,73.4795582048751,0,289.631679007608,160.537522273714,96.5937438588657,0,0,221.805809452716,228.792310020318,0,0,0,115.332064605654,141.204637091722,0,0,249.798812580765,0,143.005810983322,0,309.997227542691,0,135.294330067913,0,0,0,120.912756812582,219.078548227669,180.355266595273,0,104.915316975638,0,193.055010680236,101.605593487621
0,154.065933476765,0,0,0,0,0,0,0,0,0,97.3232815600345,0,240.185081663983,0,0,89.707245288964,0,0,0,0,0,0,0,151.695570509541,119.728129215699,262.382215657622,0,135.294330067913,0,0,133.984214699576,0,0,0,0,173.059382066957,0,0,321.124897279917,0
0,0,0,0,0,136.685314494491,0,0,0,0,0,0,101.895308036513,0,0,0,0,0,0,0,0,0,0,0,0,204.481117647118,0,0,0,0,0,0,0,0,0,0,111.226326353722,0,0,138.425725342224,206.472608421747
0,0,0,0,215.611029055736,0,0,0,0,0,0,188.851177466023,0,186.973586461633,0,0,0,0,0,137.239127032733,0,0,0,0,0,0,82.4756938751058,104.369974912428,0,133.984214699576,0,0,0,76.5072790361762,75.4497121078207,0,136.792307586862,0,0,103.519938150021,0
0,0,0,0,161.302948562323,0,0,0,0,0,0,0,0,0,0,0,0,0,0,0,0,0,0,0,0,0,174.013630695256,0,0,0,0,0,0,0,146.814226519809,0,179.718364159796,0,0,184.249961885477,0
217.157696745803,119.345624434514,0,190.185165668632,139.792601838991,0,61.0664810463559,0,115.194491798135,0,151.075371308616,92.3502314520023,0,0,0,0,0,0,178.224497384947,114.649126378906,0,177.763106506206,220.963068032256,138.33942793804,208.005106191961,195.314816908693,90.7216186966914,169.453147353278,120.912756812582,0,0,76.5072790361762,0,0,128.846764897717,108.136066660554,125.81518738273,99.2646516363145,93.4234866874731,280.376028997576,162.833808134102
214.116367924649,0,0,142.054529471577,0,133.218162784108,242.790381480436,180.90030328818,213.67670887414,0,90.1317194604647,347.376449530863,0,96.7845769653343,0,193.63278243493,0,101.5853655613,0,165.893015276821,0,0,82.6426202489162,0,0,153.453047983244,0,139.654362654449,219.078548227669,0,0,75.4497121078207,146.814226519809,128.846764897717,0,224.523755099568,241.57250333243,145.74089716123,161.275817184598,227.504408813069,106.533627130087
0,329.719143597451,178.748963182352,0,0,0,0,0,191.519780382943,300.031143529538,0,0,0,193.659409924573,238.934743274142,0,175.196329314064,0,0,321.864157986053,209.996727521564,0,0,0,0,0,98.417953423071,72.2278283150671,180.355266595273,0,0,0,0,108.136066660554,224.523755099568,0,115.868441404982,94.7280504127031,93.5029580098427,124.698445421759,163.945208919892
0,0,67.8267069095267,0,180.543851962045,0,198.528111506785,173.538155409849,0,198.964527389285,97.5855511246009,157.852515740516,0,85.6072705949986,159.183173818572,116.054372245433,160.530221557972,151.01089327964,125.416941482916,306.344527664232,192.601533877686,146.770754374523,116.176698124939,0,0,111.435629183184,0,173.201474590904,0,173.059382066957,111.226326353722,136.792307586862,179.718364159796,125.81518738273,241.57250333243,115.868441404982,0,206.912707094411,338.131802716296,178.683678585178,80.4367166559625
320.356811100276,0,0,106.926813611922,0,112.349934713559,110.384905066973,171.230058197369,0,0,74.4197823064597,0,0,171.906398392157,70.4221432298295,0,0,0,0,187.77054666536,0,153.876396855887,0,323.781250289068,98.6790043377568,345.797434674459,0,164.032723165762,104.915316975638,0,0,0,0,99.2646516363145,145.74089716123,94.7280504127031,206.912707094411,0,0,94.126460729827,0
0,0,0,0,231.050882209,205.183249704085,0,154.070293657878,87.8456058929559,218.045528847001,0,186.348837226466,0,0,0,0,0,0,154.142998692322,0,0,0,0,89.9429017381717,0,173.001559092555,231.715271819474,81.9664354533492,0,0,0,0,0,93.4234866874731,161.275817184598,93.5029580098427,338.131802716296,0,0,0,0
0,0,0,196.032358954952,211.840482897052,0,0,134.960780198024,137.189596148386,0,165.597665022977,283.248188884028,99.3508940827211,0,0,85.7623170715703,0,306.640284138334,247.66948903751,0,0,241.682021696872,303.527509149359,0,0,74.7304794244225,0,250.461724766314,193.055010680236,321.124897279917,138.425725342224,103.519938150021,184.249961885477,280.376028997576,227.504408813069,124.698445421759,178.683678585178,94.126460729827,0,0,124.853650664477
0,172.892533368851,0,115.871357769661,0,0,0,139.93285932648,0,276.620869034647,113.059176128709,118.522099274347,113.144980278377,0,202.712457066107,0,114.511014214502,251.098274723989,0,0,0,0,109.093416850988,259.055025639447,0,0,66.5008477853491,226.825099357786,101.605593487621,0,206.472608421747,0,0,162.833808134102,106.533627130087,163.945208919892,80.4367166559625,0,0,124.853650664477,0
