0,0,0,0,0,0,106.926813611922,0,0,74.5815074003433,0,0,0,0,0,0,0,220.963068032256,0,0,0,0,0,0,0,0,0,0,0,0,0,0,0,0,134.566479261133,0,184.249961885477,0,0,0,74.7304794244225
0,0,0,66.5008477853491,0,0,0,0,0,0,0,115.114253591495,0,0,0,0,0,0,0,0,0,0,0,115.332064605654,0,0,0,0,0,0,0,120.912756812582,0,0,0,0,114.511014214502,0,82.4756938751058,0,261.605527103798
0,0,0,0,0,0,0,0,0,0,0,98.2230592632363,0,0,0,0,0,0,0,0,0,0,0,263.534399241887,0,0,0,325.937289045041,0,0,0,0,0,0,0,0,106.33736463831,0,0,0,338.131802716296
0,66.5008477853491,0,0,70.4221432298295,0,0,0,0,108.136066660554,219.040656038919,146.770754374523,0,0,0,0,329.719143597451,0,0,0,0,0,0,0,0,0,104.369974912428,0,0,0,0,0,0,214.116367924649,154.784755881607,0,219.430938885781,348.674510760064,195.314816908693,335.371040201042,0
0,0,0,70.4221432298295,0,0,122.106946855269,0,0,62.859596780235,0,178.683678585178,0,0,0,196.032358954952,0,0,0,146.99041817625,0,0,160.537522273714,0,0,195.378266313867,0,94.7280504127031,0,0,0,161.325017232684,0,0,180.543851962045,0,162.833808134102,94.9380989123498,0,223.705816669619,0
0,0,0,0,0,0,0,0,0,205.183249704085,0,0,0,0,84.3635741045246,101.443495235174,0,0,217.157696745803,0,0,0,0,92.3502314520023,97.3232815600345,125.994729980093,0,255.441154257905,0,0,0,0,0,142.054529471577,200.878319874537,0,151.01089327964,253.401634605989,153.453047983244,249.905610015455,0
106.926813611922,0,0,0,122.106946855269,0,0,82.1742780037132,0,0,0,125.81518738273,0,259.442917595754,309.997227542691,0,138.33942793804,101.895308036513,128.846764897717,0,0,0,0,201.100640800745,0,0,0,101.85207633558,0,0,0,0,0,0,0,80.8080171296381,0,0,0,0,194.442125915551
0,0,0,0,0,0,82.1742780037132,0,0,0,106.128596538706,228.075434767255,0,198.964527389285,150.161410108805,219.078548227669,0,0,0,222.053792850439,0,289.631679007608,0,136.792307586862,0,0,167.066576495979,0,155.24952173131,0,0,80.4367166559625,0,215.611029055736,0,0,115.871357769661,0,0,89.707245288964,95.7590805983148
0,0,0,0,0,0,0,0,0,0,0,212.592150359921,0,0,180.90030328818,0,93.5029580098427,0,85.7623170715703,0,0,71.5579325720569,0,101.350815329073,0,0,0,0,0,283.248188884028,0,0,0,276.620869034647,161.302948562323,0,249.798812580765,0,0,93.4234866874731,0
74.5815074003433,0,0,108.136066660554,62.859596780235,205.183249704085,0,0,0,0,193.055010680236,172.608400267715,0,73.1029054543569,0,192.135034768848,0,0,0,0,0,0,193.777661225572,0,164.032723165762,195.822649557859,204.084074037941,357.423078228283,135.294330067913,0,0,0,0,0,0,0,353.822894641502,138.425725342224,0,180.355266595273,242.790381480436
0,0,0,219.040656038919,0,0,0,106.128596538706,0,193.055010680236,0,0,0,101.605593487621,163.059043292369,0,0,0,0,0,0,0,89.9429017381717,0,0,227.504408813069,0,85.6072705949986,94.027247878695,169.453147353278,0,0,0,112.349934713559,0,231.050882209,158.955087279859,321.864157986053,169.742003380707,205.839960264176,0
0,115.114253591495,98.2230592632363,146.770754374523,178.683678585178,0,125.81518738273,228.075434767255,212.592150359921,172.608400267715,0,0,0,0,0,0,117.208001126138,0,0,140.574866691684,192.601533877686,0,0,0,0,99.3508940827211,202.712457066107,306.344527664232,209.996727521564,0,115.541295036174,0,0,104.915316975638,0,241.635434294794,280.376028997576,0,98.6790043377568,78.9559315574845,0
0,0,0,0,0,0,0,0,0,0,0,0,0,0,0,0,0,0,0,0,206.472608421747,0,0,119.728129215699,0,0,0,0,193.63278243493,0,0,0,0,146.465927798921,0,0,177.763106506206,0,0,109.093416850988,0
0,0,0,0,0,0,259.442917595754,198.964527389285,0,73.1029054543569,101.605593487621,0,0,0,0,0,0,0,0,0,252.487290983309,0,135.667029391615,103.519938150021,0,173.059382066957,81.9664354533492,71.4788760670054,197.893790332676,0,0,0,0,125.416941482916,0,0,136.685314494491,0,116.176698124939,0,0
0,0,0,0,0,84.3635741045246,309.997227542691,150.161410108805,180.90030328818,0,163.059043292369,0,0,0,0,0,0,0,0,226.825099357786,0,159.183173818572,0,0,0,0,75.4497121078207,0,0,211.840482897052,0,0,0,204.481117647118,58.3493451392805,0,0,137.177378802006,0,0,0
0,0,0,0,196.032358954952,101.443495235174,0,219.078548227669,0,192.135034768848,0,0,0,0,0,0,0,0,0,0,0,0,0,188.936291522747,0,0,101.5853655613,183.786860782462,173.001559092555,0,0,0,0,133.218162784108,124.698445421759,0,300.031143529538,0,0,0,0
0,0,0,329.719143597451,0,0,138.33942793804,0,93.5029580098427,0,0,117.208001126138,0,0,0,0,0,0,0,221.805809452716,0,0,0,0,0,145.74089716123,0,0,224.551207449728,0,0,247.66948903751,0,0,269.936825670274,157.852515740516,0,0,0,0,0
220.963068032256,0,0,0,0,0,101.895308036513,0,0,0,0,0,0,0,0,0,0,0,0,333.645516435298,238.934743274142,0,323.781250289068,0,0,0,81.2827395071039,94.7529894315991,0,0,0,0,0,113.144980278377,0,0,0,100.812745974529,0,0,0
0,0,0,0,0,217.157696745803,128.846764897717,0,85.7623170715703,0,0,0,0,0,0,0,0,0,0,196.04190773555,0,0,0,0,0,131.969743415579,0,99.2646516363145,137.239127032733,0,0,0,151.695570509541,97.3506957544063,0,0,134.960780198024,108.381749703452,0,303.527509149359,0
0,0,0,0,146.99041817625,0,0,222.053792850439,0,0,0,140.574866691684,0,0,226.825099357786,0,221.805809452716,333.645516435298,196.04190773555,0,97.5855511246009,0,0,161.275817184598,345.797434674459,0,0,241.682021696872,0,0,0,0,0,151.806152521152,283.88658203332,96.7845769653343,228.792310020318,306.640284138334,0,0,74.4197823064597
0,0,0,0,0,0,0,0,0,0,0,192.601533877686,206.472608421747,252.487290983309,0,0,0,238.934743274142,0,97.5855511246009,0,0,0,0,0,232.945974238958,114.649126378906,120.567029282014,113.059176128709,0,0,0,0,0,0,0,89.1590885155172,0,153.876396855887,154.065933476765,206.912707094411
0,0,0,0,0,0,0,289.631679007608,71.5579325720569,0,0,0,0,0,159.183173818572,0,0,0,0,0,0,0,208.005106191961,0,0,0,0,178.224497384947,198.528111506785,0,0,0,0,0,0,188.851177466023,0,0,0,0,139.93285932648
0,0,0,0,160.537522273714,0,0,0,0,193.777661225572,89.9429017381717,0,0,135.667029391615,0,0,0,323.781250289068,0,0,0,208.005106191961,0,92.5568465385234,139.654362654449,0,218.045528847001,94.8881692391942,0,0,0,0,0,213.67670887414,73.4795582048751,0,240.185081663983,0,0,314.611698427915,115.194491798135
0,115.332064605654,263.534399241887,0,0,92.3502314520023,201.100640800745,136.792307586862,101.350815329073,0,0,0,119.728129215699,103.519938150021,0,188.936291522747,0,0,0,161.275817184598,0,0,92.5568465385234,0,321.124897279917,62.311273509377,165.893015276821,87.8456058929559,0,0,0,0,0,175.196329314064,161.74915061469,0,0,0,0,137.189596148386,82.6299537488922
0,0,0,0,0,97.3232815600345,0,0,0,164.032723165762,0,0,0,0,0,0,0,0,0,345.797434674459,0,0,139.654362654449,321.124897279917,0,0,0,0,173.538155409849,0,0,0,0,0,190.185165668632,0,139.792601838991,191.519780382943,0,72.2278283150671,0
0,0,0,0,195.378266313867,125.994729980093,0,0,0,195.822649557859,227.504408813069,99.3508940827211,0,173.059382066957,0,0,145.74089716123,0,131.969743415579,0,232.945974238958,0,0,62.311273509377,0,0,0,0,98.417953423071,111.226326353722,0,128.405764333981,0,154.070293657878,261.440278806413,76.5072790361762,220.901129804706,116.054372245433,0,106.533627130087,119.345624434514
0,0,0,104.369974912428,0,0,0,167.066576495979,0,204.084074037941,0,202.712457066107,0,81.9664354533492,75.4497121078207,101.5853655613,0,81.2827395071039,0,0,114.649126378906,0,218.045528847001,165.893015276821,0,0,0,251.098274723989,0,0,284.529238481835,146.814226519809,0,0,174.013630695256,161.694997919804,148.808626413748,67.8267069095267,163.945208919892,0,187.77054666536
0,0,325.937289045041,0,94.7280504127031,255.441154257905,101.85207633558,0,0,357.423078228283,85.6072705949986,306.344527664232,0,71.4788760670054,0,183.786860782462,0,94.7529894315991,99.2646516363145,241.682021696872,120.567029282014,178.224497384947,94.8881692391942,87.8456058929559,0,0,251.098274723989,0,143.005810983322,179.718364159796,0,0,192.693757128262,112.793316814908,92.5207898118833,171.906398392157,96.5937438588657,141.204637091722,0,153.609372090384,236.681907140956
0,0,0,0,0,0,0,155.24952173131,0,135.294330067913,94.027247878695,209.996727521564,193.63278243493,197.893790332676,0,173.001559092555,224.551207449728,0,137.239127032733,0,113.059176128709,198.528111506785,0,0,173.538155409849,98.417953423071,0,143.005810983322,0,178.748963182352,0,0,0,118.522099274347,224.523755099568,225.013371621378,0,110.384905066973,0,82.6426202489162,111.435629183184
0,0,0,0,0,0,0,0,283.248188884028,0,169.453147353278,0,0,0,211.840482897052,0,0,0,0,0,0,0,0,0,0,111.226326353722,0,179.718364159796,178.748963182352,0,0,0,0,94.126460729827,241.57250333243,172.892533368851,0,181.316358113209,0,153.672550905948,0
0,0,0,0,0,0,0,0,0,0,0,115.541295036174,0,0,0,0,0,0,0,0,0,0,0,0,0,0,284.529238481835,0,0,0,0,0,0,171.230058197369,0,90.7216186966914,0,115.868441404982,0,0,320.356811100276
0,120.912756812582,0,0,161.325017232684,0,0,80.4367166559625,0,0,0,0,0,0,0,0,247.66948903751,0,0,0,0,0,0,0,0,128.405764333981,146.814226519809,0,0,0,0,0,0,155.901486485736,199.492852797962,231.715271819474,0,0,160.530221557972,0,201.44584889478
0,0,0,0,0,0,0,0,0,0,0,0,0,0,0,0,0,0,151.695570509541,0,0,0,0,0,0,0,0,192.693757128262,0,0,0,0,0,0,61.0664810463559,0,151.075371308616,0,0,142.385058730083,0
0,0,0,214.116367924649,0,142.054529471577,0,215.611029055736,276.620869034647,0,112.349934713559,104.915316975638,146.465927798921,125.416941482916,204.481117647118,133.218162784108,0,113.144980278377,97.3506957544063,151.806152521152,0,0,213.67670887414,175.196329314064,0,154.070293657878,0,112.793316814908,118.522099274347,94.126460729827,171.230058197369,155.901486485736,0,0,0,154.142998692322,186.973586461633,0,193.659409924573,259.055025639447,128.530575464043
134.566479261133,0,0,154.784755881607,180.543851962045,200.878319874537,0,0,161.302948562323,0,0,0,0,0,58.3493451392805,124.698445421759,269.936825670274,0,0,283.88658203332,0,0,73.4795582048751,161.74915061469,190.185165668632,261.440278806413,174.013630695256,92.5207898118833,224.523755099568,241.57250333243,0,199.492852797962,61.0664810463559,0,0,186.348837226466,133.984214699576,262.382215657622,347.376449530863,124.853650664477,168.241326865882
0,0,0,0,0,0,80.8080171296381,0,0,0,231.050882209,241.635434294794,0,0,0,0,157.852515740516,0,0,96.7845769653343,0,188.851177466023,0,0,0,76.5072790361762,161.694997919804,171.906398392157,225.013371621378,172.892533368851,90.7216186966914,231.715271819474,0,154.142998692322,186.348837226466,0,112.823430872325,0,90.1317194604647,250.461724766314,158.567996645797
184.249961885477,114.511014214502,106.33736463831,219.430938885781,162.833808134102,151.01089327964,0,115.871357769661,249.798812580765,353.822894641502,158.955087279859,280.376028997576,177.763106506206,136.685314494491,0,300.031143529538,0,0,134.960780198024,228.792310020318,89.1590885155172,0,240.185081663983,0,139.792601838991,220.901129804706,148.808626413748,96.5937438588657,0,0,0,0,151.075371308616,186.973586461633,133.984214699576,112.823430872325,0,165.597665022977,205.09013266389,78.8552325762656,89.3673883748406
0,0,0,348.674510760064,94.9380989123498,253.401634605989,0,0,0,138.425725342224,321.864157986053,0,0,0,137.177378802006,0,0,100.812745974529,108.381749703452,306.640284138334,0,0,0,0,191.519780382943,116.054372245433,67.8267069095267,141.204637091722,110.384905066973,181.316358113209,115.868441404982,0,0,0,262.382215657622,0,165.597665022977,0,173.201474590904,197.486504603685,0
0,82.4756938751058,0,195.314816908693,0,153.453047983244,0,0,0,0,169.742003380707,98.6790043377568,0,116.176698124939,0,0,0,0,0,0,153.876396855887,0,0,0,0,0,163.945208919892,0,0,0,0,160.530221557972,0,193.659409924573,347.376449530863,90.1317194604647,205.09013266389,173.201474590904,0,151.036729364761,0
0,0,0,335.371040201042,223.705816669619,249.905610015455,0,89.707245288964,93.4234866874731,180.355266595273,205.839960264176,78.9559315574845,109.093416850988,0,0,0,0,0,303.527509149359,0,154.065933476765,0,314.611698427915,137.189596148386,72.2278283150671,106.533627130087,0,153.609372090384,82.6426202489162,153.672550905948,0,0,142.385058730083,259.055025639447,124.853650664477,250.461724766314,78.8552325762656,197.486504603685,151.036729364761,0,0
74.7304794244225,261.605527103798,338.131802716296,0,0,0,194.442125915551,95.7590805983148,0,242.790381480436,0,0,0,0,0,0,0,0,0,74.4197823064597,206.912707094411,139.93285932648,115.194491798135,82.6299537488922,0,119.345624434514,187.77054666536,236.681907140956,111.435629183184,0,320.356811100276,201.44584889478,0,128.530575464043,168.241326865882,158.567996645797,89.3673883748406,0,0,0,0
