0,0,0,0,0,0,0,0,0,0,0,0,0,0,0,0,0,0,0,0,0,0,195.314816908693,0,186.973586461633,186.348837226466,0,0,251.098274723989,0,0,0,0,125.994729980093,0,196.04190773555,0,0,0,0,0
0,0,0,0,0,0,0,0,0,0,0,0,0,0,178.224497384947,0,0,0,0,92.5568465385234,0,0,0,0,0,228.075434767255,0,0,198.528111506785,0,190.185165668632,0,0,0,0,0,261.605527103798,0,0,0,164.032723165762
0,0,0,0,0,0,0,0,0,321.124897279917,0,0,0,122.106946855269,0,0,0,0,0,0,0,0,0,0,0,136.685314494491,0,0,0,323.781250289068,0,0,0,188.851177466023,0,0,0,0,0,0,0
0,0,0,0,124.698445421759,0,222.053792850439,0,0,0,0,0,0,0,0,128.846764897717,0,138.33942793804,0,204.084074037941,0,0,0,198.964527389285,0,0,0,94.027247878695,0,0,0,0,0,214.116367924649,96.5937438588657,124.853650664477,89.1590885155172,145.74089716123,0,0,84.3635741045246
0,0,0,124.698445421759,0,0,263.534399241887,0,0,0,0,0,0,0,137.177378802006,0,0,0,0,93.5029580098427,0,0,161.275817184598,82.4756938751058,171.906398392157,0,0,74.7304794244225,85.6072705949986,0,219.430938885781,0,0,0,113.059176128709,0,90.7216186966914,0,0,353.822894641502,101.85207633558
0,0,0,0,0,0,0,94.7280504127031,252.487290983309,0,0,178.748963182352,0,0,62.859596780235,0,0,284.529238481835,0,0,0,0,0,0,0,333.645516435298,131.969743415579,0,76.5072790361762,0,0,94.7529894315991,0,113.144980278377,94.126460729827,0,300.031143529538,0,0,212.592150359921,120.567029282014
0,0,0,222.053792850439,263.534399241887,0,0,106.128596538706,0,0,110.384905066973,0,0,0,0,0,0,0,0,134.566479261133,0,0,173.538155409849,133.218162784108,0,0,67.8267069095267,208.005106191961,101.605593487621,0,0,0,0,303.527509149359,345.797434674459,0,0,0,0,193.777661225572,0
0,0,0,0,0,94.7280504127031,106.128596538706,0,0,0,321.864157986053,74.4197823064597,0,0,97.3506957544063,115.194491798135,0,141.204637091722,0,146.99041817625,128.530575464043,0,0,0,0,80.4367166559625,219.040656038919,160.537522273714,111.435629183184,0,0,0,0,0,0,0,206.472608421747,114.511014214502,0,0,151.036729364761
0,0,0,0,0,252.487290983309,0,0,0,0,238.934743274142,0,0,0,0,0,0,0,0,0,228.792310020318,0,0,262.382215657622,0,72.2278283150671,0,97.5855511246009,0,0,0,0,0,128.405764333981,241.635434294794,231.050882209,146.465927798921,0,0,0,139.654362654449
0,0,321.124897279917,0,0,0,0,0,0,0,0,241.57250333243,0,0,151.075371308616,188.936291522747,0,0,157.852515740516,280.376028997576,0,82.6426202489162,0,0,0,137.239127032733,192.601533877686,242.790381480436,206.912707094411,146.814226519809,0,139.93285932648,289.631679007608,0,103.519938150021,0,142.054529471577,180.543851962045,0,161.302948562323,0
0,0,0,0,0,0,110.384905066973,321.864157986053,238.934743274142,0,0,161.74915061469,0,106.533627130087,0,0,0,0,0,0,0,0,196.032358954952,0,0,0,0,223.705816669619,0,175.196329314064,101.895308036513,0,0,62.311273509377,140.574866691684,172.608400267715,211.840482897052,180.90030328818,0,306.344527664232,118.522099274347
0,0,0,0,0,178.748963182352,0,74.4197823064597,0,241.57250333243,161.74915061469,0,172.892533368851,184.249961885477,0,87.8456058929559,0,0,0,155.24952173131,0,0,106.926813611922,226.825099357786,0,155.901486485736,195.822649557859,81.2827395071039,146.770754374523,0,0,98.417953423071,0,98.2230592632363,0,109.093416850988,335.371040201042,94.9380989123498,89.707245288964,183.786860782462,0
0,0,0,0,0,0,0,0,0,0,0,172.892533368851,0,0,0,0,0,0,205.09013266389,0,0,0,0,205.183249704085,0,0,115.541295036174,0,0,0,0,0,0,0,104.369974912428,0,0,0,0,75.4497121078207,0
0,0,122.106946855269,0,0,0,0,0,0,0,106.533627130087,184.249961885477,0,0,115.868441404982,0,160.530221557972,0,0,0,0,0,0,153.672550905948,0,0,0,178.683678585178,0,95.7590805983148,0,0,0,99.2646516363145,0,197.893790332676,71.5579325720569,90.1317194604647,0,320.356811100276,89.9429017381717
0,178.224497384947,0,0,137.177378802006,62.859596780235,0,97.3506957544063,0,151.075371308616,0,0,0,115.868441404982,0,0,0,0,219.078548227669,0,0,0,136.792307586862,0,0,193.055010680236,0,0,0,0,0,0,0,80.8080171296381,0,0,309.997227542691,0,191.519780382943,0,0
0,0,0,128.846764897717,0,0,0,115.194491798135,0,188.936291522747,0,87.8456058929559,0,0,0,0,0,0,0,0,0,0,215.611029055736,142.385058730083,0,0,0,61.0664810463559,0,0,0,98.6790043377568,0,0,0,0,0,112.349934713559,253.401634605989,0,82.1742780037132
0,0,0,0,0,0,0,0,0,0,0,0,0,160.530221557972,0,0,0,0,115.114253591495,0,0,0,74.5815074003433,205.839960264176,154.070293657878,154.784755881607,179.718364159796,0,0,0,0,0,0,0,0,0,108.136066660554,269.936825670274,0,0,154.065933476765
0,0,0,138.33942793804,0,284.529238481835,0,141.204637091722,0,0,0,0,0,0,0,0,0,0,0,0,0,0,0,0,0,0,0,187.77054666536,0,0,0,0,0,81.9664354533492,173.001559092555,0,177.763106506206,153.876396855887,0,0,58.3493451392805
0,0,0,0,0,0,0,0,0,157.852515740516,0,0,205.09013266389,0,219.078548227669,0,115.114253591495,0,0,0,231.715271819474,0,0,0,0,0,306.640284138334,0,111.226326353722,0,0,117.208001126138,0,338.131802716296,255.441154257905,85.7623170715703,101.350815329073,0,0,0,0
0,92.5568465385234,0,204.084074037941,93.5029580098427,0,134.566479261133,146.99041817625,0,280.376028997576,0,155.24952173131,0,0,0,0,0,0,0,0,0,0,0,0,0,204.481117647118,0,104.915316975638,97.3232815600345,0,0,0,0,200.878319874537,82.6299537488922,99.3508940827211,153.453047983244,218.045528847001,120.912756812582,0,167.066576495979
0,0,0,0,0,0,0,128.530575464043,228.792310020318,0,0,0,0,0,0,0,0,0,231.715271819474,0,0,0,0,0,0,163.945208919892,66.5008477853491,114.649126378906,180.355266595273,143.005810983322,0,0,0,159.183173818572,115.871357769661,0,0,137.189596148386,357.423078228283,71.4788760670054,0
0,0,0,0,0,0,0,0,0,82.6426202489162,0,0,0,0,0,0,0,0,0,0,0,0,0,158.567996645797,0,0,0,173.059382066957,0,193.659409924573,0,0,0,276.620869034647,0,0,135.667029391615,0,0,241.682021696872,197.486504603685
195.314816908693,0,0,0,161.275817184598,0,173.538155409849,0,0,0,196.032358954952,106.926813611922,0,0,136.792307586862,215.611029055736,74.5815074003433,0,0,0,0,0,0,0,0,0,0,224.551207449728,165.597665022977,165.893015276821,0,0,0,192.693757128262,0,0,173.201474590904,0,0,213.67670887414,115.332064605654
0,0,0,198.964527389285,82.4756938751058,0,133.218162784108,0,262.382215657622,0,0,226.825099357786,205.183249704085,153.672550905948,0,142.385058730083,205.839960264176,0,0,0,0,158.567996645797,0,0,0,0,0,119.728129215699,169.742003380707,0,0,0,259.442917595754,261.440278806413,162.833808134102,0,329.719143597451,94.8881692391942,0,78.8552325762656,125.81518738273
186.973586461633,0,0,0,171.906398392157,0,0,0,0,0,0,0,0,0,0,0,154.070293657878,0,0,0,0,0,0,0,0,0,134.960780198024,0,201.100640800745,220.963068032256,0,225.013371621378,0,232.945974238958,0,0,151.806152521152,0,0,135.294330067913,0
186.348837226466,228.075434767255,136.685314494491,0,0,333.645516435298,0,80.4367166559625,72.2278283150671,137.239127032733,0,155.901486485736,0,0,193.055010680236,0,154.784755881607,0,0,204.481117647118,163.945208919892,0,0,0,0,0,174.013630695256,89.3673883748406,0,0,125.416941482916,0,0,0,0,169.453147353278,283.88658203332,108.381749703452,0,249.905610015455,247.66948903751
0,0,0,0,0,131.969743415579,67.8267069095267,219.040656038919,0,192.601533877686,0,195.822649557859,115.541295036174,0,0,0,179.718364159796,0,306.640284138334,0,66.5008477853491,0,0,0,134.960780198024,174.013630695256,0,153.609372090384,201.44584889478,0,0,0,0,0,138.425725342224,227.504408813069,151.695570509541,101.5853655613,325.937289045041,150.161410108805,168.241326865882
0,0,0,94.027247878695,74.7304794244225,0,208.005106191961,160.537522273714,97.5855511246009,242.790381480436,223.705816669619,81.2827395071039,0,178.683678585178,0,61.0664810463559,0,187.77054666536,0,104.915316975638,114.649126378906,173.059382066957,224.551207449728,119.728129215699,0,89.3673883748406,153.609372090384,0,116.176698124939,249.798812580765,0,236.681907140956,0,100.812745974529,154.142998692322,116.054372245433,93.4234866874731,0,158.955087279859,209.996727521564,0
251.098274723989,198.528111506785,0,0,85.6072705949986,76.5072790361762,101.605593487621,111.435629183184,0,206.912707094411,0,146.770754374523,0,0,0,0,0,0,111.226326353722,97.3232815600345,180.355266595273,0,165.597665022977,169.742003380707,201.100640800745,0,201.44584889478,116.176698124939,0,0,0,0,0,224.523755099568,112.793316814908,0,199.492852797962,101.443495235174,139.792601838991,0,0
0,0,323.781250289068,0,0,0,0,0,0,146.814226519809,175.196329314064,0,0,95.7590805983148,0,0,0,0,0,0,143.005810983322,193.659409924573,165.893015276821,0,220.963068032256,0,0,249.798812580765,0,0,0,0,0,0,0,161.325017232684,0,0,148.808626413748,0,0
0,190.185165668632,0,0,219.430938885781,0,0,0,0,0,101.895308036513,0,0,0,0,0,0,0,0,0,0,0,0,0,0,125.416941482916,0,0,0,0,0,0,0,0,0,348.674510760064,0,0,0,92.3502314520023,0
0,0,0,0,0,94.7529894315991,0,0,0,139.93285932648,0,98.417953423071,0,0,0,98.6790043377568,0,0,117.208001126138,0,0,0,0,0,225.013371621378,0,0,236.681907140956,0,0,0,0,0,193.63278243493,73.1029054543569,0,202.712457066107,0,0,195.378266313867,0
0,0,0,0,0,0,0,0,0,289.631679007608,0,0,0,0,0,0,0,0,0,0,0,0,0,259.442917595754,0,0,0,0,0,0,0,0,0,0,70.4221432298295,0,0,0,163.059043292369,112.823430872325,0
125.994729980093,0,188.851177466023,214.116367924649,0,113.144980278377,303.527509149359,0,128.405764333981,0,62.311273509377,98.2230592632363,0,99.2646516363145,80.8080171296381,0,0,81.9664354533492,338.131802716296,200.878319874537,159.183173818572,276.620869034647,192.693757128262,261.440278806413,232.945974238958,0,0,100.812745974529,224.523755099568,0,0,193.63278243493,0,0,119.345624434514,250.461724766314,0,78.9559315574845,221.805809452716,259.055025639447,0
0,0,0,96.5937438588657,113.059176128709,94.126460729827,345.797434674459,0,241.635434294794,103.519938150021,140.574866691684,0,104.369974912428,0,0,0,0,173.001559092555,255.441154257905,82.6299537488922,115.871357769661,0,0,162.833808134102,0,0,138.425725342224,154.142998692322,112.793316814908,0,0,73.1029054543569,70.4221432298295,119.345624434514,0,283.248188884028,73.4795582048751,171.230058197369,181.316358113209,133.984214699576,96.7845769653343
196.04190773555,0,0,124.853650664477,0,0,0,0,231.050882209,0,172.608400267715,109.093416850988,0,197.893790332676,0,0,0,0,85.7623170715703,99.3508940827211,0,0,0,0,0,169.453147353278,227.504408813069,116.054372245433,0,161.325017232684,348.674510760064,0,0,250.461724766314,283.248188884028,0,192.135034768848,0,92.5207898118833,217.157696745803,314.611698427915
0,261.605527103798,0,89.1590885155172,90.7216186966914,300.031143529538,0,206.472608421747,146.465927798921,142.054529471577,211.840482897052,335.371040201042,0,71.5579325720569,309.997227542691,0,108.136066660554,177.763106506206,101.350815329073,153.453047983244,0,135.667029391615,173.201474590904,329.719143597451,151.806152521152,283.88658203332,151.695570509541,93.4234866874731,199.492852797962,0,0,202.712457066107,0,0,73.4795582048751,192.135034768848,0,194.442125915551,151.01089327964,240.185081663983,161.694997919804
0,0,0,145.74089716123,0,0,0,114.511014214502,0,180.543851962045,180.90030328818,94.9380989123498,0,90.1317194604647,0,112.349934713559,269.936825670274,153.876396855887,0,218.045528847001,137.189596148386,0,0,94.8881692391942,0,108.381749703452,101.5853655613,0,101.443495235174,0,0,0,0,78.9559315574845,171.230058197369,0,194.442125915551,0,347.376449530863,220.901129804706,0
0,0,0,0,0,0,0,0,0,0,0,89.707245288964,0,0,191.519780382943,253.401634605989,0,0,0,120.912756812582,357.423078228283,0,0,0,0,0,325.937289045041,158.955087279859,139.792601838991,148.808626413748,0,0,163.059043292369,221.805809452716,181.316358113209,92.5207898118833,151.01089327964,347.376449530863,0,0,0
0,0,0,0,353.822894641502,212.592150359921,193.777661225572,0,0,161.302948562323,306.344527664232,183.786860782462,75.4497121078207,320.356811100276,0,0,0,0,0,0,71.4788760670054,241.682021696872,213.67670887414,78.8552325762656,135.294330067913,249.905610015455,150.161410108805,209.996727521564,0,0,92.3502314520023,195.378266313867,112.823430872325,259.055025639447,133.984214699576,217.157696745803,240.185081663983,220.901129804706,0,0,106.33736463831
0,164.032723165762,0,84.3635741045246,101.85207633558,120.567029282014,0,151.036729364761,139.654362654449,0,118.522099274347,0,0,89.9429017381717,0,82.1742780037132,154.065933476765,58.3493451392805,0,167.066576495979,0,197.486504603685,115.332064605654,125.81518738273,0,247.66948903751,168.241326865882,0,0,0,0,0,0,0,96.7845769653343,314.611698427915,161.694997919804,0,0,106.33736463831,0
