0,0,0,109.093416850988,0,0,0,0,0,0,0,0,0,0,0,0,0,0,78.8552325762656,0,0,0,0,0,0,0,0,0,154.142998692322,0,0,0,0,0,251.098274723989,0,165.597665022977,199.492852797962,0,0,0
0,0,0,0,135.294330067913,163.945208919892,0,81.2827395071039,0,163.059043292369,0,0,0,0,0,213.67670887414,0,0,0,0,0,0,0,0,0,0,0,0,0,0,0,0,0,136.685314494491,73.4795582048751,0,0,0,0,0,0
0,0,0,0,195.314816908693,0,0,0,0,0,0,0,0,0,0,0,0,0,0,0,0,0,0,0,0,0,0,0,0,0,0,0,0,92.3502314520023,0,200.878319874537,146.465927798921,0,0,0,125.994729980093
109.093416850988,0,0,0,114.511014214502,0,0,0,0,0,151.01089327964,101.895308036513,0,158.955087279859,115.114253591495,0,0,0,0,0,198.964527389285,0,0,0,0,155.24952173131,262.382215657622,178.683678585178,186.973586461633,0,0,0,0,0,215.611029055736,0,329.719143597451,0,0,0,0
0,135.294330067913,195.314816908693,114.511014214502,0,0,276.620869034647,0,0,0,0,0,0,0,0,0,0,0,82.6426202489162,93.4234866874731,193.63278243493,0,226.825099357786,0,0,0,188.851177466023,117.208001126138,0,0,193.659409924573,0,0,0,0,139.654362654449,70.4221432298295,0,0,219.430938885781,0
0,163.945208919892,0,0,0,0,174.013630695256,0,0,0,206.472608421747,0,0,133.984214699576,0,0,0,0,0,0,67.8267069095267,0,0,125.81518738273,0,0,0,178.748963182352,161.694997919804,0,0,100.812745974529,0,167.066576495979,128.405764333981,0,0,205.839960264176,0,242.790381480436,280.376028997576
0,0,0,0,276.620869034647,174.013630695256,0,0,0,0,90.7216186966914,0,0,0,0,227.504408813069,0,0,0,0,0,0,173.059382066957,151.036729364761,0,0,0,0,148.808626413748,0,0,0,0,192.693757128262,0,250.461724766314,155.901486485736,113.144980278377,0,111.226326353722,160.537522273714
0,81.2827395071039,0,0,0,0,0,0,269.936825670274,0,0,204.481117647118,188.936291522747,169.453147353278,0,0,0,0,80.8080171296381,0,0,0,0,0,0,193.055010680236,76.5072790361762,0,224.551207449728,146.770754374523,0,241.682021696872,0,159.183173818572,164.032723165762,0,142.385058730083,0,321.864157986053,353.822894641502,0
0,0,0,0,0,0,0,269.936825670274,0,89.707245288964,0,0,204.084074037941,0,0,0,228.075434767255,0,0,0,103.519938150021,0,0,0,0,141.204637091722,151.075371308616,0,357.423078228283,0,0,0,0,62.859596780235,0,0,0,92.5568465385234,0,218.045528847001,0
0,163.059043292369,0,0,0,0,0,0,89.707245288964,0,0,78.9559315574845,0,241.57250333243,140.574866691684,106.926813611922,0,183.786860782462,82.1742780037132,179.718364159796,0,0,261.440278806413,131.969743415579,0,0,0,0,98.2230592632363,0,0,217.157696745803,0,300.031143529538,201.44584889478,0,101.85207633558,0,136.792307586862,94.7280504127031,0
0,0,0,151.01089327964,0,206.472608421747,90.7216186966914,0,0,0,0,197.893790332676,0,193.777661225572,0,0,0,0,0,98.417953423071,0,0,181.316358113209,96.5937438588657,0,231.050882209,128.530575464043,283.248188884028,82.6299537488922,0,0,137.177378802006,0,289.631679007608,101.605593487621,0,0,0,0,0,348.674510760064
0,0,0,101.895308036513,0,0,0,204.481117647118,0,78.9559315574845,197.893790332676,0,115.332064605654,172.608400267715,173.538155409849,238.934743274142,0,158.567996645797,0,0,106.128596538706,0,0,0,104.915316975638,92.5207898118833,0,133.218162784108,0,231.715271819474,0,0,222.053792850439,249.905610015455,119.345624434514,0,177.763106506206,241.635434294794,151.695570509541,0,71.5579325720569
0,0,0,0,0,0,0,188.936291522747,204.084074037941,0,0,115.332064605654,0,0,0,0,0,0,0,0,0,0,0,0,0,0,0,0,146.814226519809,0,0,0,0,0,0,249.798812580765,0,0,115.871357769661,0,0
0,0,0,158.955087279859,0,133.984214699576,0,169.453147353278,0,241.57250333243,193.777661225572,172.608400267715,0,0,0,0,0,0,0,0,0,0,115.541295036174,71.4788760670054,0,338.131802716296,0,187.77054666536,0,0,0,0,0,0,94.9380989123498,0,0,74.4197823064597,0,87.8456058929559,178.224497384947
0,0,0,115.114253591495,0,0,0,0,0,140.574866691684,0,173.538155409849,0,0,0,0,0,0,0,162.833808134102,0,0,0,205.183249704085,0,94.027247878695,0,209.996727521564,89.3673883748406,0,0,0,0,171.906398392157,0,0,173.201474590904,0,0,101.443495235174,161.302948562323
0,213.67670887414,0,0,0,0,227.504408813069,0,0,106.926813611922,0,238.934743274142,0,0,0,0,0,0,0,0,0,0,0,0,72.2278283150671,74.5815074003433,108.381749703452,0,0,75.4497121078207,0,0,0,0,0,180.543851962045,0,124.853650664477,0,160.530221557972,0
0,0,0,0,0,0,0,0,228.075434767255,0,0,0,0,0,0,0,0,0,108.136066660554,0,0,0,0,84.3635741045246,0,139.93285932648,139.792601838991,137.239127032733,0,0,0,0,0,347.376449530863,192.601533877686,0,0,0,0,205.09013266389,225.013371621378
0,0,0,0,0,0,0,0,0,183.786860782462,0,158.567996645797,0,0,0,0,0,0,82.4756938751058,0,0,0,0,0,0,0,95.7590805983148,161.325017232684,0,0,0,0,0,153.672550905948,195.378266313867,0,112.793316814908,134.566479261133,0,0,0
78.8552325762656,0,0,0,82.6426202489162,0,0,80.8080171296381,0,82.1742780037132,0,0,0,0,0,0,108.136066660554,82.4756938751058,0,0,0,0,0,0,0,0,125.416941482916,284.529238481835,0,0,0,180.355266595273,0,0,0,0,165.893015276821,0,201.100640800745,134.960780198024,0
0,0,0,0,93.4234866874731,0,0,0,0,179.718364159796,98.417953423071,0,0,0,162.833808134102,0,0,0,0,0,0,0,93.5029580098427,168.241326865882,0,214.116367924649,0,97.5855511246009,146.99041817625,0,0,0,97.3232815600345,194.442125915551,169.742003380707,219.078548227669,138.33942793804,186.348837226466,101.5853655613,0,106.33736463831
0,0,0,198.964527389285,193.63278243493,67.8267069095267,0,0,103.519938150021,0,0,106.128596538706,0,0,0,0,0,0,0,0,0,0,0,0,0,0,0,0,0,0,0,314.611698427915,0,99.3508940827211,253.401634605989,115.868441404982,143.005810983322,0,321.124897279917,116.054372245433,138.425725342224
0,0,0,0,0,0,0,0,0,0,0,0,0,0,0,0,0,0,0,0,0,0,0,122.106946855269,0,0,0,232.945974238958,0,0,0,154.070293657878,0,184.249961885477,94.7529894315991,0,94.126460729827,345.797434674459,0,0,110.384905066973
0,0,0,0,226.825099357786,0,173.059382066957,0,0,261.440278806413,181.316358113209,0,0,115.541295036174,0,0,0,0,0,93.5029580098427,0,0,0,0,81.9664354533492,89.9429017381717,0,85.7623170715703,62.311273509377,0,0,0,309.997227542691,120.567029282014,221.805809452716,0,172.892533368851,0,0,325.937289045041,0
0,0,0,0,0,125.81518738273,151.036729364761,0,0,131.969743415579,96.5937438588657,0,0,71.4788760670054,205.183249704085,0,84.3635741045246,0,0,168.241326865882,0,122.106946855269,0,0,255.441154257905,0,196.04190773555,145.74089716123,0,104.369974912428,0,198.528111506785,0,124.698445421759,175.196329314064,0,73.1029054543569,261.605527103798,0,0,97.3506957544063
0,0,0,0,0,0,0,0,0,0,0,104.915316975638,0,0,0,72.2278283150671,0,0,0,0,0,0,81.9664354533492,255.441154257905,0,0,197.486504603685,128.846764897717,0,106.533627130087,0,0,0,0,171.230058197369,85.6072705949986,0,0,0,180.90030328818,0
0,0,0,155.24952173131,0,0,0,193.055010680236,141.204637091722,0,231.050882209,92.5207898118833,0,338.131802716296,94.027247878695,74.5815074003433,139.93285932648,0,0,214.116367924649,0,0,89.9429017381717,0,0,0,0,135.667029391615,154.065933476765,0,263.534399241887,0,0,112.349934713559,0,80.4367166559625,61.0664810463559,74.7304794244225,98.6790043377568,240.185081663983,0
0,0,0,262.382215657622,188.851177466023,0,0,76.5072790361762,151.075371308616,0,128.530575464043,0,0,0,0,108.381749703452,139.792601838991,95.7590805983148,125.416941482916,0,0,0,0,196.04190773555,197.486504603685,0,0,89.1590885155172,0,236.681907140956,0,0,0,283.88658203332,0,90.1317194604647,118.522099274347,259.442917595754,153.876396855887,112.823430872325,320.356811100276
0,0,0,178.683678585178,117.208001126138,178.748963182352,0,0,0,0,283.248188884028,133.218162784108,0,187.77054666536,209.996727521564,0,137.239127032733,161.325017232684,284.529238481835,97.5855511246009,0,232.945974238958,85.7623170715703,145.74089716123,128.846764897717,135.667029391615,89.1590885155172,0,111.435629183184,142.054529471577,157.852515740516,0,208.005106191961,119.728129215699,0,173.001559092555,99.2646516363145,116.176698124939,0,335.371040201042,153.453047983244
154.142998692322,0,0,186.973586461633,0,161.694997919804,148.808626413748,224.551207449728,357.423078228283,98.2230592632363,82.6299537488922,0,146.814226519809,0,89.3673883748406,0,0,0,0,146.99041817625,0,0,62.311273509377,0,0,154.065933476765,0,111.435629183184,0,66.5008477853491,0,0,0,259.055025639447,137.189596148386,114.649126378906,303.527509149359,0,0,306.640284138334,150.161410108805
0,0,0,0,0,0,0,146.770754374523,0,0,0,231.715271819474,0,0,0,75.4497121078207,0,0,0,0,0,0,0,104.369974912428,106.533627130087,0,236.681907140956,142.054529471577,66.5008477853491,0,252.487290983309,0,0,0,0,0,228.792310020318,0,101.350815329073,0,0
0,0,0,0,193.659409924573,0,0,0,0,0,0,0,0,0,0,0,0,0,0,0,0,0,0,0,0,263.534399241887,0,157.852515740516,0,252.487290983309,0,0,0,0,0,0,220.963068032256,0,0,154.784755881607,0
0,0,0,0,0,100.812745974529,0,241.682021696872,0,217.157696745803,137.177378802006,0,0,0,0,0,0,0,180.355266595273,0,314.611698427915,154.070293657878,0,198.528111506785,0,0,0,0,0,0,0,0,0,223.705816669619,153.609372090384,0,202.712457066107,0,0,0,0
0,0,0,0,0,0,0,0,0,0,0,222.053792850439,0,0,0,0,0,0,0,97.3232815600345,0,0,309.997227542691,0,0,0,0,208.005106191961,0,0,0,0,0,0,0,0,323.781250289068,0,0,0,0
0,136.685314494491,92.3502314520023,0,0,167.066576495979,192.693757128262,159.183173818572,62.859596780235,300.031143529538,289.631679007608,249.905610015455,0,0,171.906398392157,0,347.376449530863,153.672550905948,0,194.442125915551,99.3508940827211,184.249961885477,120.567029282014,124.698445421759,0,112.349934713559,283.88658203332,119.728129215699,259.055025639447,0,0,223.705816669619,0,0,0,195.822649557859,219.040656038919,0,120.912756812582,0,96.7845769653343
251.098274723989,73.4795582048751,0,215.611029055736,0,128.405764333981,0,164.032723165762,0,201.44584889478,101.605593487621,119.345624434514,0,94.9380989123498,0,0,192.601533877686,195.378266313867,0,169.742003380707,253.401634605989,94.7529894315991,221.805809452716,175.196329314064,171.230058197369,0,0,0,137.189596148386,0,0,153.609372090384,0,0,0,306.344527664232,161.275817184598,113.059176128709,247.66948903751,161.74915061469,190.185165668632
0,0,200.878319874537,0,139.654362654449,0,250.461724766314,0,0,0,0,0,249.798812580765,0,0,180.543851962045,0,0,0,219.078548227669,115.868441404982,0,0,0,85.6072705949986,80.4367166559625,90.1317194604647,173.001559092555,114.649126378906,0,0,0,0,195.822649557859,306.344527664232,0,224.523755099568,115.194491798135,192.135034768848,333.645516435298,151.806152521152
165.597665022977,0,146.465927798921,329.719143597451,70.4221432298295,0,155.901486485736,142.385058730083,0,101.85207633558,0,177.763106506206,0,0,173.201474590904,0,0,112.793316814908,165.893015276821,138.33942793804,143.005810983322,94.126460729827,172.892533368851,73.1029054543569,0,61.0664810463559,118.522099274347,99.2646516363145,303.527509149359,228.792310020318,220.963068032256,202.712457066107,323.781250289068,219.040656038919,161.275817184598,224.523755099568,0,196.032358954952,0,206.912707094411,94.8881692391942
199.492852797962,0,0,0,0,205.839960264176,113.144980278377,0,92.5568465385234,0,0,241.635434294794,0,74.4197823064597,0,124.853650664477,0,134.566479261133,0,186.348837226466,0,345.797434674459,0,261.605527103798,0,74.7304794244225,259.442917595754,116.176698124939,0,0,0,0,0,0,113.059176128709,115.194491798135,196.032358954952,0,58.3493451392805,212.592150359921,220.901129804706
0,0,0,0,0,0,0,321.864157986053,0,136.792307586862,0,151.695570509541,115.871357769661,0,0,0,0,0,201.100640800745,101.5853655613,321.124897279917,0,0,0,0,98.6790043377568,153.876396855887,0,0,101.350815329073,0,0,0,120.912756812582,247.66948903751,192.135034768848,0,58.3493451392805,0,191.519780382943,0
0,0,0,0,219.430938885781,242.790381480436,111.226326353722,353.822894641502,218.045528847001,94.7280504127031,0,0,0,87.8456058929559,101.443495235174,160.530221557972,205.09013266389,0,134.960780198024,0,116.054372245433,0,325.937289045041,0,180.90030328818,240.185081663983,112.823430872325,335.371040201042,306.640284138334,0,154.784755881607,0,0,0,161.74915061469,333.645516435298,206.912707094411,212.592150359921,191.519780382943,0,211.840482897052
0,0,125.994729980093,0,0,280.376028997576,160.537522273714,0,0,0,348.674510760064,71.5579325720569,0,178.224497384947,161.302948562323,0,225.013371621378,0,0,106.33736463831,138.425725342224,110.384905066973,0,97.3506957544063,0,0,320.356811100276,153.453047983244,150.161410108805,0,0,0,0,96.7845769653343,190.185165668632,151.806152521152,94.8881692391942,220.901129804706,0,211.840482897052,0
