0,0,0,0,0,0,0,0,0,0,73.1029054543569,0,0,0,0,0,0,0,0,0,190.185165668632,0,0,0,0,0,0,0,94.9380989123498,0,0,0,0,151.075371308616,0,0,154.070293657878,0,0,188.851177466023,0
0,0,0,173.059382066957,0,0,0,0,0,0,0,0,82.4756938751058,0,0,0,0,0,0,0,0,0,0,0,0,0,0,94.7529894315991,0,0,0,0,0,0,0,232.945974238958,74.5815074003433,0,201.100640800745,0,181.316358113209
0,0,0,0,0,0,0,0,0,0,333.645516435298,0,0,283.248188884028,0,0,0,0,0,113.144980278377,0,0,0,0,0,101.85207633558,0,0,0,0,0,0,0,0,0,0,0,197.486504603685,0,0,0
0,173.059382066957,0,0,94.126460729827,0,169.453147353278,0,0,0,124.853650664477,131.969743415579,0,0,0,154.142998692322,0,0,128.846764897717,0,0,0,0,0,0,163.945208919892,0,250.461724766314,87.8456058929559,0,0,0,0,162.833808134102,0,0,320.356811100276,0,0,0,197.893790332676
0,0,0,94.126460729827,0,0,0,0,120.912756812582,0,0,0,0,0,0,0,0,0,78.9559315574845,0,0,62.859596780235,0,0,0,184.249961885477,115.194491798135,103.519938150021,276.620869034647,71.4788760670054,115.332064605654,195.822649557859,0,115.541295036174,262.382215657622,0,62.311273509377,0,0,0,0
0,0,0,0,0,0,0,0,157.852515740516,0,228.792310020318,0,0,0,0,0,92.3502314520023,0,0,205.09013266389,133.984214699576,0,0,204.084074037941,0,93.5029580098427,150.161410108805,192.135034768848,139.654362654449,0,0,0,0,225.013371621378,0,193.055010680236,289.631679007608,0,78.8552325762656,0,0
0,0,0,169.453147353278,0,0,0,0,0,0,0,0,0,0,0,0,0,259.442917595754,0,0,0,0,90.1317194604647,0,173.201474590904,0,193.777661225572,0,155.24952173131,0,0,117.208001126138,0,161.302948562323,106.533627130087,217.157696745803,115.871357769661,99.3508940827211,0,0,82.6426202489162
0,0,0,0,0,0,0,0,0,0,0,108.381749703452,125.81518738273,0,0,128.530575464043,196.032358954952,0,164.032723165762,133.218162784108,89.1590885155172,0,0,218.045528847001,325.937289045041,98.6790043377568,0,300.031143529538,0,0,73.4795582048751,0,0,241.635434294794,0,0,183.786860782462,0,0,80.8080171296381,135.294330067913
0,0,0,0,120.912756812582,157.852515740516,0,0,0,206.472608421747,0,94.8881692391942,0,0,0,0,0,101.605593487621,0,120.567029282014,0,0,0,261.605527103798,0,0,0,283.88658203332,0,0,0,0,0,0,0,215.611029055736,0,0,114.511014214502,0,146.465927798921
0,0,0,0,0,0,0,0,206.472608421747,0,134.566479261133,119.345624434514,0,280.376028997576,0,0,0,0,0,140.574866691684,0,0,180.543851962045,138.33942793804,116.176698124939,219.040656038919,108.136066660554,348.674510760064,0,178.683678585178,0,0,0,168.241326865882,231.715271819474,0,195.378266313867,0,146.814226519809,241.682021696872,231.050882209
73.1029054543569,0,333.645516435298,124.853650664477,0,228.792310020318,0,0,0,134.566479261133,0,153.876396855887,0,0,0,0,153.453047983244,0,0,101.5853655613,0,0,61.0664810463559,247.66948903751,0,0,0,198.528111506785,128.405764333981,0,0,98.2230592632363,0,0,174.013630695256,0,92.5207898118833,224.523755099568,0,0,0
0,0,0,131.969743415579,0,0,0,108.381749703452,94.8881692391942,119.345624434514,153.876396855887,0,0,137.177378802006,0,74.7304794244225,0,163.059043292369,0,0,80.4367166559625,0,228.075434767255,0,70.4221432298295,178.224497384947,179.718364159796,177.763106506206,97.3506957544063,204.481117647118,0,0,0,67.8267069095267,192.601533877686,0,155.901486485736,0,0,137.239127032733,94.027247878695
0,82.4756938751058,0,0,0,0,0,125.81518738273,0,0,0,0,0,0,0,0,0,0,255.441154257905,0,0,0,0,0,0,0,193.63278243493,89.707245288964,0,0,0,0,0,0,0,0,0,165.893015276821,0,0,0
0,0,283.248188884028,0,0,0,0,0,0,280.376028997576,0,137.177378802006,0,0,96.5937438588657,0,0,0,0,0,0,180.355266595273,0,0,0,0,110.384905066973,347.376449530863,0,0,0,0,0,171.906398392157,119.728129215699,321.864157986053,82.6299537488922,0,74.4197823064597,227.504408813069,99.2646516363145
0,0,0,0,0,0,0,0,0,0,0,0,0,96.5937438588657,0,135.667029391615,0,0,0,0,314.611698427915,0,0,171.230058197369,0,0,101.350815329073,0,172.892533368851,0,0,0,0,72.2278283150671,160.537522273714,0,92.5568465385234,249.798812580765,95.7590805983148,122.106946855269,0
0,0,0,154.142998692322,0,0,0,128.530575464043,0,0,0,74.7304794244225,0,0,135.667029391615,0,0,0,0,0,0,0,112.823430872325,0,0,0,0,0,0,0,0,0,146.99041817625,0,143.005810983322,0,253.401634605989,142.385058730083,201.44584889478,259.055025639447,0
0,0,0,0,0,92.3502314520023,0,196.032358954952,0,0,153.453047983244,0,0,0,0,0,0,0,0,161.74915061469,0,0,0,0,0,186.973586461633,0,0,188.936291522747,0,0,0,0,205.839960264176,0,0,0,0,116.054372245433,161.275817184598,192.693757128262
0,0,0,0,0,0,259.442917595754,0,101.605593487621,0,0,163.059043292369,0,0,0,0,0,0,0,0,0,0,0,0,0,219.430938885781,165.597665022977,0,0,0,0,0,0,0,173.538155409849,357.423078228283,109.093416850988,0,0,101.895308036513,0
0,0,0,128.846764897717,78.9559315574845,0,0,164.032723165762,0,0,0,0,255.441154257905,0,0,0,0,0,0,0,0,0,0,0,0,0,0,161.694997919804,321.124897279917,0,0,141.204637091722,0,0,81.9664354533492,111.226326353722,226.825099357786,306.344527664232,0,0,284.529238481835
0,0,113.144980278377,0,0,205.09013266389,0,133.218162784108,120.567029282014,140.574866691684,101.5853655613,0,0,0,0,0,161.74915061469,0,0,0,0,0,0,252.487290983309,0,101.443495235174,249.905610015455,0,261.440278806413,0,0,115.114253591495,0,241.57250333243,136.792307586862,0,0,154.784755881607,0,84.3635741045246,160.530221557972
190.185165668632,0,0,0,0,133.984214699576,0,89.1590885155172,0,0,0,80.4367166559625,0,0,314.611698427915,0,0,0,0,0,0,0,81.2827395071039,0,89.3673883748406,175.196329314064,0,0,193.659409924573,0,0,0,0,0,0,0,139.93285932648,98.417953423071,199.492852797962,205.183249704085,0
0,0,0,0,62.859596780235,0,0,0,0,0,0,0,0,180.355266595273,0,0,0,0,0,0,0,0,153.672550905948,0,0,0,187.77054666536,200.878319874537,0,0,0,0,0,89.9429017381717,169.742003380707,0,0,0,0,137.189596148386,0
0,0,0,0,0,0,90.1317194604647,0,0,180.543851962045,61.0664810463559,228.075434767255,0,0,0,112.823430872325,0,0,0,0,81.2827395071039,153.672550905948,0,106.926813611922,0,0,97.5855511246009,0,0,66.5008477853491,0,0,0,172.608400267715,106.128596538706,0,75.4497121078207,0,0,209.996727521564,236.681907140956
0,0,0,0,0,204.084074037941,0,218.045528847001,261.605527103798,138.33942793804,247.66948903751,0,0,0,171.230058197369,0,0,0,0,252.487290983309,0,0,106.926813611922,0,0,125.994729980093,151.036729364761,93.4234866874731,0,222.053792850439,0,173.001559092555,0,158.955087279859,90.7216186966914,213.67670887414,153.609372090384,100.812745974529,0,167.066576495979,0
0,0,0,0,0,0,173.201474590904,325.937289045041,0,116.176698124939,0,70.4221432298295,0,0,0,0,0,0,0,0,89.3673883748406,0,0,0,0,154.065933476765,0,195.314816908693,104.915316975638,0,0,0,0,159.183173818572,0,113.059176128709,0,0,0,0,0
0,0,101.85207633558,163.945208919892,184.249961885477,93.5029580098427,0,98.6790043377568,0,219.040656038919,0,178.224497384947,0,0,0,0,186.973586461633,219.430938885781,0,101.443495235174,175.196329314064,0,0,125.994729980093,154.065933476765,0,0,345.797434674459,85.7623170715703,158.567996645797,0,0,0,0,323.781250289068,0,94.7280504127031,0,0,214.116367924649,115.868441404982
0,0,0,0,115.194491798135,150.161410108805,193.777661225572,0,0,108.136066660554,0,179.718364159796,193.63278243493,110.384905066973,101.350815329073,0,0,165.597665022977,0,249.905610015455,0,187.77054666536,97.5855511246009,151.036729364761,0,0,0,306.640284138334,309.997227542691,0,0,211.840482897052,0,0,0,242.790381480436,112.349934713559,0,206.912707094411,224.551207449728,0
0,94.7529894315991,0,250.461724766314,103.519938150021,192.135034768848,0,300.031143529538,283.88658203332,348.674510760064,198.528111506785,177.763106506206,89.707245288964,347.376449530863,0,0,0,0,161.694997919804,0,0,200.878319874537,0,93.4234866874731,195.314816908693,345.797434674459,306.640284138334,0,0,353.822894641502,0,58.3493451392805,0,223.705816669619,114.649126378906,151.695570509541,76.5072790361762,303.527509149359,212.592150359921,194.442125915551,186.348837226466
94.9380989123498,0,0,87.8456058929559,276.620869034647,139.654362654449,155.24952173131,0,0,0,128.405764333981,97.3506957544063,0,0,172.892533368851,0,188.936291522747,0,321.124897279917,261.440278806413,193.659409924573,0,0,0,104.915316975638,85.7623170715703,309.997227542691,0,0,0,0,240.185081663983,118.522099274347,96.7845769653343,85.6072705949986,0,145.74089716123,0,0,208.005106191961,0
0,0,0,0,71.4788760670054,0,0,0,0,178.683678585178,0,204.481117647118,0,0,0,0,0,0,0,0,0,0,66.5008477853491,222.053792850439,0,158.567996645797,0,353.822894641502,0,0,0,0,0,0,112.793316814908,0,221.805809452716,220.901129804706,0,111.435629183184,0
0,0,0,0,115.332064605654,0,0,73.4795582048751,0,0,0,0,0,0,0,0,0,0,0,0,0,0,0,0,0,0,0,0,0,0,0,0,202.712457066107,142.054529471577,136.685314494491,124.698445421759,0,0,0,0,0
0,0,0,0,195.822649557859,0,117.208001126138,0,0,0,98.2230592632363,0,0,0,0,0,0,0,141.204637091722,115.114253591495,0,0,0,173.001559092555,0,0,211.840482897052,58.3493451392805,240.185081663983,0,0,0,0,0,0,0,161.325017232684,0,0,0,220.963068032256
0,0,0,0,0,0,0,0,0,0,0,0,0,0,0,146.99041817625,0,0,0,0,0,0,0,0,0,0,0,0,118.522099274347,0,202.712457066107,0,0,0,0,0,329.719143597451,151.01089327964,0,0,0
151.075371308616,0,0,162.833808134102,115.541295036174,225.013371621378,161.302948562323,241.635434294794,0,168.241326865882,0,67.8267069095267,0,171.906398392157,72.2278283150671,0,205.839960264176,0,0,241.57250333243,0,89.9429017381717,172.608400267715,158.955087279859,159.183173818572,0,0,223.705816669619,96.7845769653343,0,142.054529471577,0,0,0,104.369974912428,151.806152521152,134.960780198024,139.792601838991,196.04190773555,180.90030328818,106.33736463831
0,0,0,0,262.382215657622,0,106.533627130087,0,0,231.715271819474,174.013630695256,192.601533877686,0,119.728129215699,160.537522273714,143.005810983322,0,173.538155409849,81.9664354533492,136.792307586862,0,169.742003380707,106.128596538706,90.7216186966914,0,323.781250289068,0,114.649126378906,85.6072705949986,112.793316814908,136.685314494491,0,0,104.369974912428,0,251.098274723989,148.808626413748,263.534399241887,0,191.519780382943,198.964527389285
0,232.945974238958,0,0,0,193.055010680236,217.157696745803,0,215.611029055736,0,0,0,0,321.864157986053,0,0,0,357.423078228283,111.226326353722,0,0,0,0,213.67670887414,113.059176128709,0,242.790381480436,151.695570509541,0,0,124.698445421759,0,0,151.806152521152,251.098274723989,0,97.3232815600345,219.078548227669,269.936825670274,71.5579325720569,338.131802716296
154.070293657878,74.5815074003433,0,320.356811100276,62.311273509377,289.631679007608,115.871357769661,183.786860782462,0,195.378266313867,92.5207898118833,155.901486485736,0,82.6299537488922,92.5568465385234,253.401634605989,0,109.093416850988,226.825099357786,0,139.93285932648,0,75.4497121078207,153.609372090384,0,94.7280504127031,112.349934713559,76.5072790361762,145.74089716123,221.805809452716,0,161.325017232684,329.719143597451,134.960780198024,148.808626413748,97.3232815600345,0,335.371040201042,0,0,238.934743274142
0,0,197.486504603685,0,0,0,99.3508940827211,0,0,0,224.523755099568,0,165.893015276821,0,249.798812580765,142.385058730083,0,0,306.344527664232,154.784755881607,98.417953423071,0,0,100.812745974529,0,0,0,303.527509149359,0,220.901129804706,0,0,151.01089327964,139.792601838991,263.534399241887,219.078548227669,335.371040201042,0,138.425725342224,82.1742780037132,178.748963182352
0,201.100640800745,0,0,0,78.8552325762656,0,0,114.511014214502,146.814226519809,0,0,0,74.4197823064597,95.7590805983148,201.44584889478,116.054372245433,0,0,0,199.492852797962,0,0,0,0,0,206.912707094411,212.592150359921,0,0,0,0,0,196.04190773555,0,269.936825670274,0,138.425725342224,0,146.770754374523,0
188.851177466023,0,0,0,0,0,0,80.8080171296381,0,241.682021696872,0,137.239127032733,0,227.504408813069,122.106946855269,259.055025639447,161.275817184598,101.895308036513,0,84.3635741045246,205.183249704085,137.189596148386,209.996727521564,167.066576495979,0,214.116367924649,224.551207449728,194.442125915551,208.005106191961,111.435629183184,0,0,0,180.90030328818,191.519780382943,71.5579325720569,0,82.1742780037132,146.770754374523,0,125.416941482916
0,181.316358113209,0,197.893790332676,0,0,82.6426202489162,135.294330067913,146.465927798921,231.050882209,0,94.027247878695,0,99.2646516363145,0,0,192.693757128262,0,284.529238481835,160.530221557972,0,0,236.681907140956,0,0,115.868441404982,0,186.348837226466,0,0,0,220.963068032256,0,106.33736463831,198.964527389285,338.131802716296,238.934743274142,178.748963182352,0,125.416941482916,0
