0,0,0,0,0,0,261.440278806413,0,0,0,0,154.065933476765,0,0,0,0,0,0,0,321.124897279917,0,0,0,0,0,0,186.973586461633,97.3506957544063,0,0,0,0,0,0,0,0,0,117.208001126138,0,0,0
0,0,0,0,0,0,0,0,0,62.859596780235,0,171.906398392157,0,0,0,0,0,0,0,226.825099357786,0,252.487290983309,0,0,0,0,0,99.2646516363145,0,0,0,0,0,153.453047983244,0,0,0,253.401634605989,0,0,0
0,0,0,0,0,0,0,0,58.3493451392805,0,0,0,0,136.792307586862,0,0,0,0,0,93.5029580098427,0,0,0,0,0,0,0,0,0,0,0,0,0,0,0,67.8267069095267,0,0,0,0,119.345624434514
0,0,0,0,0,0,0,0,0,101.350815329073,0,223.705816669619,0,0,0,0,161.694997919804,0,74.4197823064597,0,0,115.114253591495,306.344527664232,151.01089327964,0,222.053792850439,124.853650664477,236.681907140956,0,0,0,0,0,0,139.654362654449,0,98.417953423071,0,0,0,94.8881692391942
0,0,0,0,0,0,321.864157986053,0,161.302948562323,262.382215657622,0,0,0,0,145.74089716123,220.963068032256,0,0,0,0,72.2278283150671,0,0,0,0,139.93285932648,0,101.85207633558,0,115.332064605654,0,0,0,224.551207449728,119.728129215699,0,225.013371621378,171.230058197369,0,96.7845769653343,0
0,0,0,0,0,0,138.33942793804,133.218162784108,0,0,82.4756938751058,0,142.054529471577,106.533627130087,0,204.481117647118,0,177.763106506206,0,0,0,0,0,0,219.078548227669,0,173.001559092555,0,0,0,0,0,0,94.7529894315991,193.659409924573,0,100.812745974529,0,0,205.183249704085,106.926813611922
261.440278806413,0,0,0,321.864157986053,138.33942793804,0,0,0,0,0,0,0,0,0,0,0,0,0,111.226326353722,0,0,161.275817184598,0,0,112.823430872325,206.912707094411,151.036729364761,73.1029054543569,0,0,0,0,0,146.99041817625,0,115.871357769661,81.9664354533492,173.538155409849,0,0
0,0,0,0,0,133.218162784108,0,0,0,0,195.822649557859,0,0,0,75.4497121078207,0,0,0,0,0,74.5815074003433,0,0,82.6299537488922,0,0,151.695570509541,227.504408813069,128.405764333981,0,183.786860782462,0,0,197.893790332676,146.770754374523,66.5008477853491,276.620869034647,0,220.901129804706,120.912756812582,139.792601838991
0,0,58.3493451392805,0,161.302948562323,0,0,0,0,134.960780198024,0,0,0,0,0,114.511014214502,0,0,0,0,0,0,74.7304794244225,0,118.522099274347,169.453147353278,0,0,0,0,0,94.027247878695,0,106.128596538706,0,0,280.376028997576,148.808626413748,0,0,0
0,62.859596780235,0,101.350815329073,262.382215657622,0,0,0,134.960780198024,0,85.7623170715703,115.868441404982,0,259.442917595754,0,0,0,0,0,0,0,0,0,0,0,168.241326865882,0,193.055010680236,0,78.8552325762656,0,90.7216186966914,0,131.969743415579,161.74915061469,89.3673883748406,240.185081663983,0,104.915316975638,180.355266595273,163.059043292369
0,0,0,0,0,82.4756938751058,0,195.822649557859,0,85.7623170715703,0,193.63278243493,0,205.839960264176,0,0,180.543851962045,0,0,0,113.144980278377,0,0,0,0,0,101.443495235174,151.806152521152,109.093416850988,0,0,0,122.106946855269,0,188.851177466023,0,184.249961885477,178.683678585178,0,249.798812580765,320.356811100276
154.065933476765,171.906398392157,0,223.705816669619,0,0,0,0,0,115.868441404982,193.63278243493,0,0,192.601533877686,0,0,199.492852797962,261.605527103798,0,249.905610015455,0,0,0,250.461724766314,0,164.032723165762,92.5568465385234,82.6426202489162,174.013630695256,0,0,196.04190773555,0,154.784755881607,186.348837226466,0,134.566479261133,255.441154257905,0,219.430938885781,192.135034768848
0,0,0,0,0,142.054529471577,0,0,0,0,0,0,0,0,0,0,0,0,125.994729980093,0,0,0,0,0,309.997227542691,0,135.294330067913,0,0,0,0,0,0,205.09013266389,0,0,0,0,0,137.189596148386,0
0,0,136.792307586862,0,0,106.533627130087,0,0,0,259.442917595754,205.839960264176,192.601533877686,0,0,76.5072790361762,0,263.534399241887,0,0,0,140.574866691684,345.797434674459,0,136.685314494491,0,0,0,125.81518738273,0,0,0,0,211.840482897052,323.781250289068,0,0,0,0,0,193.777661225572,0
0,0,0,0,145.74089716123,0,0,75.4497121078207,0,0,0,0,0,76.5072790361762,0,0,0,0,150.161410108805,0,0,0,0,0,0,101.5853655613,0,0,0,0,138.425725342224,0,0,0,110.384905066973,241.57250333243,146.465927798921,0,108.381749703452,96.5937438588657,221.805809452716
0,0,0,0,220.963068032256,204.481117647118,0,0,114.511014214502,0,0,0,0,0,0,0,0,0,0,0,0,0,0,0,0,0,0,85.6072705949986,0,0,0,0,116.054372245433,106.33736463831,151.075371308616,135.667029391615,179.718364159796,0,0,241.635434294794,217.157696745803
0,0,0,161.694997919804,0,0,0,0,0,0,180.543851962045,199.492852797962,0,263.534399241887,0,0,0,206.472608421747,0,0,198.964527389285,0,0,0,0,0,0,283.88658203332,0,0,0,0,0,61.0664810463559,0,242.790381480436,0,0,0,0,153.876396855887
0,0,0,0,0,177.763106506206,0,0,0,0,0,261.605527103798,0,0,0,0,206.472608421747,0,0,0,0,289.631679007608,0,95.7590805983148,0,0,0,188.936291522747,0,0,0,0,0,0,0,112.793316814908,200.878319874537,201.44584889478,0,0,0
0,0,0,74.4197823064597,0,0,0,0,0,0,0,0,125.994729980093,0,150.161410108805,0,0,0,0,251.098274723989,0,0,333.645516435298,0,0,172.892533368851,0,0,232.945974238958,0,0,0,0,0,195.314816908693,0,128.530575464043,71.4788760670054,153.609372090384,197.486504603685,0
321.124897279917,226.825099357786,93.5029580098427,0,0,0,111.226326353722,0,0,0,0,249.905610015455,0,0,0,0,0,0,251.098274723989,0,0,0,196.032358954952,0,0,0,161.325017232684,80.8080171296381,101.605593487621,0,99.3508940827211,0,0,0,208.005106191961,128.846764897717,165.893015276821,0,269.936825670274,201.100640800745,98.2230592632363
0,0,0,0,72.2278283150671,0,0,74.5815074003433,0,0,113.144980278377,0,0,140.574866691684,0,0,198.964527389285,0,0,0,0,0,0,158.567996645797,0,0,155.24952173131,108.136066660554,89.707245288964,0,0,0,0,0,0,0,0,194.442125915551,173.059382066957,162.833808134102,154.142998692322
0,252.487290983309,0,115.114253591495,0,0,0,0,0,0,0,0,0,345.797434674459,0,0,0,289.631679007608,0,0,0,0,81.2827395071039,0,0,0,192.693757128262,0,103.519938150021,0,0,0,0,0,0,0,92.5207898118833,0,0,0,0
0,0,0,306.344527664232,0,0,161.275817184598,0,74.7304794244225,0,0,0,0,0,0,0,0,0,333.645516435298,196.032358954952,0,81.2827395071039,0,180.90030328818,348.674510760064,116.176698124939,0,169.742003380707,231.050882209,0,0,0,0,94.9380989123498,247.66948903751,0,241.682021696872,0,0,335.371040201042,0
0,0,0,151.01089327964,0,0,0,82.6299537488922,0,0,0,250.461724766314,0,136.685314494491,0,0,0,95.7590805983148,0,0,158.567996645797,0,180.90030328818,0,0,0,158.955087279859,300.031143529538,178.748963182352,160.530221557972,0,259.055025639447,120.567029282014,146.814226519809,141.204637091722,137.177378802006,214.116367924649,209.996727521564,0,0,303.527509149359
0,0,0,0,0,219.078548227669,0,0,118.522099274347,0,0,0,309.997227542691,0,0,0,0,0,0,0,0,0,348.674510760064,0,0,92.3502314520023,0,0,163.945208919892,212.592150359921,0,0,0,215.611029055736,73.4795582048751,0,153.672550905948,0,0,0,0
0,0,0,222.053792850439,139.93285932648,0,112.823430872325,0,169.453147353278,168.241326865882,0,164.032723165762,0,0,101.5853655613,0,0,0,172.892533368851,0,0,0,116.176698124939,0,92.3502314520023,0,202.712457066107,353.822894641502,160.537522273714,0,0,0,0,173.201474590904,231.715271819474,133.984214699576,89.9429017381717,228.075434767255,0,175.196329314064,114.649126378906
186.973586461633,0,0,124.853650664477,0,173.001559092555,206.912707094411,151.695570509541,0,0,101.443495235174,92.5568465385234,135.294330067913,0,0,0,0,0,0,161.325017232684,155.24952173131,192.693757128262,0,158.955087279859,0,202.712457066107,0,143.005810983322,94.7280504127031,0,0,0,0,283.248188884028,0,178.224497384947,112.349934713559,347.376449530863,0,219.040656038919,0
97.3506957544063,99.2646516363145,0,236.681907140956,101.85207633558,0,151.036729364761,227.504408813069,0,193.055010680236,151.806152521152,82.6426202489162,0,125.81518738273,0,85.6072705949986,283.88658203332,188.936291522747,0,80.8080171296381,108.136066660554,0,169.742003380707,300.031143529538,0,353.822894641502,143.005810983322,0,71.5579325720569,0,0,191.519780382943,0,338.131802716296,113.059176128709,137.239127032733,84.3635741045246,94.126460729827,0,0,187.77054666536
0,0,0,0,0,0,73.1029054543569,128.405764333981,0,0,109.093416850988,174.013630695256,0,0,0,0,0,0,232.945974238958,101.605593487621,89.707245288964,103.519938150021,231.050882209,178.748963182352,163.945208919892,160.537522273714,94.7280504127031,71.5579325720569,0,155.901486485736,0,0,0,204.084074037941,125.416941482916,90.1317194604647,357.423078228283,0,314.611698427915,0,284.529238481835
0,0,0,0,115.332064605654,0,0,0,0,78.8552325762656,0,0,0,0,0,0,0,0,0,0,0,0,0,160.530221557972,212.592150359921,0,0,0,155.901486485736,0,0,0,0,93.4234866874731,154.070293657878,78.9559315574845,181.316358113209,0,0,124.698445421759,329.719143597451
0,0,0,0,0,0,0,183.786860782462,0,0,0,0,0,0,138.425725342224,0,0,0,0,99.3508940827211,0,0,0,0,0,0,0,0,0,0,0,0,0,0,0,0,228.792310020318,0,89.1590885155172,224.523755099568,0
0,0,0,0,0,0,0,0,94.027247878695,90.7216186966914,0,196.04190773555,0,0,0,0,0,0,0,0,0,0,0,259.055025639447,0,0,0,191.519780382943,0,0,0,0,159.183173818572,157.852515740516,0,0,115.194491798135,213.67670887414,70.4221432298295,238.934743274142,0
0,0,0,0,0,0,0,0,0,0,122.106946855269,0,0,211.840482897052,0,116.054372245433,0,0,0,0,0,0,0,120.567029282014,0,0,0,0,0,0,0,159.183173818572,0,0,0,0,0,0,0,0,0
0,153.453047983244,0,0,224.551207449728,94.7529894315991,0,197.893790332676,106.128596538706,131.969743415579,0,154.784755881607,205.09013266389,323.781250289068,0,106.33736463831,61.0664810463559,0,0,0,0,0,94.9380989123498,146.814226519809,215.611029055736,173.201474590904,283.248188884028,338.131802716296,204.084074037941,93.4234866874731,0,157.852515740516,0,0,142.385058730083,0,198.528111506785,87.8456058929559,190.185165668632,172.608400267715,325.937289045041
0,0,0,139.654362654449,119.728129215699,193.659409924573,146.99041817625,146.770754374523,0,161.74915061469,188.851177466023,186.348837226466,0,0,110.384905066973,151.075371308616,0,0,195.314816908693,208.005106191961,0,0,247.66948903751,141.204637091722,73.4795582048751,231.715271819474,0,113.059176128709,125.416941482916,154.070293657878,0,0,0,142.385058730083,0,167.066576495979,218.045528847001,104.369974912428,306.640284138334,165.597665022977,0
0,0,67.8267069095267,0,0,0,0,66.5008477853491,0,89.3673883748406,0,0,0,0,241.57250333243,135.667029391615,242.790381480436,112.793316814908,0,128.846764897717,0,0,0,137.177378802006,0,133.984214699576,178.224497384947,137.239127032733,90.1317194604647,78.9559315574845,0,0,0,0,167.066576495979,0,62.311273509377,0,111.435629183184,98.6790043377568,82.1742780037132
0,0,0,98.417953423071,225.013371621378,100.812745974529,115.871357769661,276.620869034647,280.376028997576,240.185081663983,184.249961885477,134.566479261133,0,0,146.465927798921,179.718364159796,0,200.878319874537,128.530575464043,165.893015276821,0,92.5207898118833,241.682021696872,214.116367924649,153.672550905948,89.9429017381717,112.349934713559,84.3635741045246,357.423078228283,181.316358113209,228.792310020318,115.194491798135,0,198.528111506785,218.045528847001,62.311273509377,0,97.5855511246009,0,80.4367166559625,0
117.208001126138,253.401634605989,0,0,171.230058197369,0,81.9664354533492,0,148.808626413748,0,178.683678585178,255.441154257905,0,0,0,0,0,201.44584889478,71.4788760670054,0,194.442125915551,0,0,209.996727521564,0,228.075434767255,347.376449530863,94.126460729827,0,0,0,213.67670887414,0,87.8456058929559,104.369974912428,0,97.5855511246009,0,115.541295036174,0,97.3232815600345
0,0,0,0,0,0,173.538155409849,220.901129804706,0,104.915316975638,0,0,0,0,108.381749703452,0,0,0,153.609372090384,269.936825670274,173.059382066957,0,0,0,0,0,0,0,314.611698427915,0,89.1590885155172,70.4221432298295,0,190.185165668632,306.640284138334,111.435629183184,0,115.541295036174,0,195.378266313867,0
0,0,0,0,96.7845769653343,205.183249704085,0,120.912756812582,0,180.355266595273,249.798812580765,219.430938885781,137.189596148386,193.777661225572,96.5937438588657,241.635434294794,0,0,197.486504603685,201.100640800745,162.833808134102,0,335.371040201042,0,0,175.196329314064,219.040656038919,0,0,124.698445421759,224.523755099568,238.934743274142,0,172.608400267715,165.597665022977,98.6790043377568,80.4367166559625,0,195.378266313867,0,101.895308036513
0,0,119.345624434514,94.8881692391942,0,106.926813611922,0,139.792601838991,0,163.059043292369,320.356811100276,192.135034768848,0,0,221.805809452716,217.157696745803,153.876396855887,0,0,98.2230592632363,154.142998692322,0,0,303.527509149359,0,114.649126378906,0,187.77054666536,284.529238481835,329.719143597451,0,0,0,325.937289045041,0,82.1742780037132,0,97.3232815600345,0,101.895308036513,0
