0,0,0,0,247.66948903751,0,0,0,0,0,0,0,0,0,0,0,0,0,0,0,0,0,0,0,0,116.054372245433,0,241.635434294794,0,0,0,0,357.423078228283,0,115.868441404982,0,0,338.131802716296,0,0,0
0,0,0,192.135034768848,0,0,209.996727521564,0,0,0,0,0,0,0,0,0,0,0,0,0,333.645516435298,164.032723165762,0,276.620869034647,0,0,0,0,90.7216186966914,0,0,0,0,82.1742780037132,0,0,0,0,0,0,0
0,0,0,0,0,0,0,0,0,0,0,280.376028997576,0,0,117.208001126138,0,0,0,0,0,0,0,0,184.249961885477,0,0,0,134.960780198024,0,0,0,0,0,0,194.442125915551,0,0,0,0,0,0
0,192.135034768848,0,0,0,131.969743415579,0,0,0,269.936825670274,154.142998692322,0,0,71.5579325720569,0,0,0,0,141.204637091722,0,0,113.059176128709,0,321.864157986053,0,306.344527664232,0,138.425725342224,0,0,0,0,0,219.078548227669,0,0,0,0,0,220.901129804706,138.33942793804
247.66948903751,0,0,0,0,119.345624434514,104.369974912428,0,0,0,198.528111506785,0,187.77054666536,0,97.3506957544063,0,0,0,0,146.770754374523,0,0,0,78.9559315574845,0,0,0,0,75.4497121078207,250.461724766314,0,0,0,0,219.430938885781,0,160.537522273714,74.5815074003433,0,106.128596538706,0
0,0,0,131.969743415579,119.345624434514,0,0,0,0,195.314816908693,151.695570509541,0,0,0,0,0,225.013371621378,0,0,161.302948562323,0,0,0,0,0,0,0,114.649126378906,98.2230592632363,0,0,227.504408813069,0,154.065933476765,200.878319874537,0,97.3232815600345,137.177378802006,139.93285932648,0,0
0,209.996727521564,0,0,104.369974912428,0,0,94.027247878695,0,0,82.6426202489162,0,92.5207898118833,0,0,0,0,94.9380989123498,0,0,0,0,0,0,0,180.543851962045,153.876396855887,0,0,0,202.712457066107,0,0,0,120.912756812582,61.0664810463559,125.994729980093,0,231.050882209,0,0
0,0,0,0,0,0,94.027247878695,0,0,0,0,193.63278243493,0,238.934743274142,0,0,0,0,0,320.356811100276,120.567029282014,0,0,192.601533877686,0,154.070293657878,92.3502314520023,114.511014214502,195.822649557859,0,0,98.417953423071,0,284.529238481835,101.443495235174,197.486504603685,0,92.5568465385234,0,155.901486485736,0
0,0,0,0,0,0,0,0,0,0,0,178.748963182352,0,0,0,214.116367924649,0,0,0,0,0,0,0,186.973586461633,0,93.5029580098427,0,100.812745974529,173.538155409849,0,0,0,0,0,161.325017232684,0,263.534399241887,76.5072790361762,0,95.7590805983148,217.157696745803
0,0,0,269.936825670274,0,195.314816908693,0,0,0,0,146.465927798921,255.441154257905,0,0,0,109.093416850988,157.852515740516,115.194491798135,0,323.781250289068,0,0,155.24952173131,0,0,94.8881692391942,211.840482897052,62.859596780235,190.185165668632,125.416941482916,0,0,0,89.9429017381717,0,212.592150359921,70.4221432298295,0,0,0,242.790381480436
0,0,0,154.142998692322,198.528111506785,151.695570509541,82.6426202489162,0,0,146.465927798921,0,0,0,151.01089327964,0,0,0,0,0,0,0,0,106.33736463831,0,223.705816669619,108.136066660554,151.036729364761,146.99041817625,0,0,0,0,0,67.8267069095267,0,0,151.806152521152,183.786860782462,137.189596148386,329.719143597451,0
0,0,280.376028997576,0,0,0,0,193.63278243493,178.748963182352,255.441154257905,0,0,0,108.381749703452,0,226.825099357786,137.239127032733,0,85.7623170715703,220.963068032256,335.371040201042,0,259.442917595754,0,0,228.792310020318,0,87.8456058929559,0,0,0,151.075371308616,0,177.763106506206,221.805809452716,146.814226519809,163.059043292369,348.674510760064,0,72.2278283150671,219.040656038919
0,0,0,0,187.77054666536,0,92.5207898118833,0,0,0,0,0,0,0,104.915316975638,0,0,0,0,0,0,0,0,0,0,205.839960264176,0,0,0,125.81518738273,0,0,0,0,0,0,0,0,0,112.349934713559,0
0,0,0,71.5579325720569,0,0,0,238.934743274142,0,0,151.01089327964,108.381749703452,0,0,0,0,0,81.2827395071039,201.44584889478,0,71.4788760670054,0,0,193.659409924573,171.906398392157,0,161.694997919804,0,0,0,0,0,0,240.185081663983,0,0,181.316358113209,0,0,153.672550905948,199.492852797962
0,0,117.208001126138,0,97.3506957544063,0,0,0,0,0,0,0,104.915316975638,0,0,0,228.075434767255,0,0,0,0,0,0,122.106946855269,0,0,112.823430872325,241.682021696872,0,208.005106191961,0,0,0,0,306.640284138334,179.718364159796,215.611029055736,0,0,160.530221557972,0
0,0,0,0,0,0,0,0,214.116367924649,109.093416850988,0,226.825099357786,0,0,0,0,0,0,0,251.098274723989,289.631679007608,0,0,0,0,0,0,145.74089716123,0,0,0,0,192.693757128262,0,169.453147353278,0,253.401634605989,112.793316814908,169.742003380707,0,0
0,0,0,0,0,225.013371621378,0,0,0,157.852515740516,0,137.239127032733,0,0,228.075434767255,0,0,0,150.161410108805,0,0,0,0,0,0,0,0,0,0,124.853650664477,0,0,0,191.519780382943,0,0,195.378266313867,0,0,261.440278806413,165.893015276821
0,0,0,0,0,0,94.9380989123498,0,0,115.194491798135,0,0,0,81.2827395071039,0,0,0,0,0,0,0,0,0,0,0,0,0,0,167.066576495979,0,0,0,0,186.348837226466,0,0,113.144980278377,206.472608421747,0,153.453047983244,140.574866691684
0,0,0,141.204637091722,0,0,0,0,0,0,0,85.7623170715703,0,201.44584889478,0,0,150.161410108805,0,0,222.053792850439,0,0,101.85207633558,0,0,0,0,148.808626413748,136.685314494491,0,0,0,0,213.67670887414,188.936291522747,0,0,158.567996645797,0,0,303.527509149359
0,0,0,0,146.770754374523,161.302948562323,0,320.356811100276,0,323.781250289068,0,220.963068032256,0,0,0,251.098274723989,0,0,222.053792850439,0,0,89.1590885155172,172.892533368851,0,0,0,0,232.945974238958,0,0,0,0,96.5937438588657,0,325.937289045041,158.955087279859,241.57250333243,178.224497384947,0,110.384905066973,165.597665022977
0,333.645516435298,0,0,0,0,0,120.567029282014,0,0,0,335.371040201042,0,71.4788760670054,0,289.631679007608,0,0,0,0,0,0,300.031143529538,201.100640800745,0,0,0,90.1317194604647,0,0,193.777661225572,0,0,153.609372090384,172.608400267715,0,133.218162784108,0,0,0,96.7845769653343
0,164.032723165762,0,113.059176128709,0,0,0,0,0,0,0,0,0,0,0,0,0,0,0,89.1590885155172,0,0,0,0,0,0,0,0,0,0,0,98.6790043377568,0,175.196329314064,0,314.611698427915,82.6299537488922,0,111.226326353722,0,0
0,0,0,0,0,0,0,0,0,155.24952173131,106.33736463831,259.442917595754,0,0,0,0,0,0,101.85207633558,172.892533368851,300.031143529538,0,0,0,345.797434674459,101.605593487621,224.551207449728,205.183249704085,0,0,0,0,0,249.798812580765,84.3635741045246,0,161.275817184598,0,231.715271819474,115.332064605654,0
0,276.620869034647,184.249961885477,321.864157986053,78.9559315574845,0,0,192.601533877686,186.973586461633,0,0,0,0,193.659409924573,122.106946855269,0,0,0,0,0,201.100640800745,0,0,0,73.1029054543569,0,101.895308036513,0,66.5008477853491,94.126460729827,0,0,0,134.566479261133,101.350815329073,135.667029391615,118.522099274347,0,136.792307586862,0,128.530575464043
0,0,0,0,0,0,0,0,0,0,223.705816669619,0,0,171.906398392157,0,0,0,0,0,0,0,0,345.797434674459,73.1029054543569,0,0,196.032358954952,0,80.8080171296381,0,0,0,0,80.4367166559625,0,0,128.846764897717,0,178.683678585178,0,161.74915061469
116.054372245433,0,0,306.344527664232,0,0,180.543851962045,154.070293657878,93.5029580098427,94.8881692391942,108.136066660554,228.792310020318,205.839960264176,0,0,0,0,0,0,0,0,0,101.605593487621,0,0,0,353.822894641502,173.001559092555,173.059382066957,0,262.382215657622,236.681907140956,0,0,103.519938150021,218.045528847001,0,139.792601838991,0,124.698445421759,205.09013266389
0,0,0,0,0,0,153.876396855887,92.3502314520023,0,211.840482897052,151.036729364761,0,0,161.694997919804,112.823430872325,0,0,0,0,0,0,0,224.551207449728,101.895308036513,196.032358954952,353.822894641502,0,174.013630695256,204.481117647118,168.241326865882,0,0,0,261.605527103798,180.90030328818,162.833808134102,111.435629183184,78.8552325762656,0,283.88658203332,142.385058730083
241.635434294794,0,134.960780198024,138.425725342224,0,114.649126378906,0,114.511014214502,100.812745974529,62.859596780235,146.99041817625,87.8456058929559,0,0,241.682021696872,145.74089716123,0,0,148.808626413748,232.945974238958,90.1317194604647,0,205.183249704085,0,0,173.001559092555,174.013630695256,0,154.784755881607,0,135.294330067913,347.376449530863,0,74.4197823064597,58.3493451392805,74.7304794244225,180.355266595273,99.3508940827211,89.3673883748406,196.04190773555,0
0,90.7216186966914,0,0,75.4497121078207,98.2230592632363,0,195.822649557859,173.538155409849,190.185165668632,0,0,0,0,0,0,0,167.066576495979,136.685314494491,0,0,0,0,66.5008477853491,80.8080171296381,173.059382066957,204.481117647118,154.784755881607,0,193.055010680236,0,0,0,0,133.984214699576,259.055025639447,106.926813611922,163.945208919892,94.7529894315991,62.311273509377,93.4234866874731
0,0,0,0,250.461724766314,0,0,0,0,125.416941482916,0,0,125.81518738273,0,208.005106191961,0,124.853650664477,0,0,0,0,0,0,94.126460729827,0,0,168.241326865882,0,193.055010680236,0,0,224.523755099568,0,0,85.6072705949986,115.541295036174,0,0,0,0,0
0,0,0,0,0,0,202.712457066107,0,0,0,0,0,0,0,0,0,0,0,0,0,193.777661225572,0,0,0,0,262.382215657622,0,135.294330067913,0,0,0,0,0,0,0,0,309.997227542691,0,116.176698124939,0,0
0,0,0,0,0,227.504408813069,0,98.417953423071,0,0,0,151.075371308616,0,0,0,0,0,0,0,0,0,98.6790043377568,0,0,0,236.681907140956,0,347.376449530863,0,224.523755099568,0,0,0,101.5853655613,0,188.851177466023,283.248188884028,0,0,171.230058197369,0
357.423078228283,0,0,0,0,0,0,0,0,0,0,0,0,0,0,192.693757128262,0,0,0,96.5937438588657,0,0,0,0,0,0,0,0,0,0,0,0,0,128.405764333981,0,0,0,0,0,97.5855511246009,0
0,82.1742780037132,0,219.078548227669,0,154.065933476765,0,284.529238481835,0,89.9429017381717,67.8267069095267,177.763106506206,0,240.185081663983,0,0,191.519780382943,186.348837226466,213.67670887414,0,153.609372090384,175.196329314064,249.798812580765,134.566479261133,80.4367166559625,0,261.605527103798,74.4197823064597,0,0,0,101.5853655613,128.405764333981,0,197.893790332676,159.183173818572,198.964527389285,0,115.871357769661,82.4756938751058,89.707245288964
115.868441404982,0,194.442125915551,0,219.430938885781,200.878319874537,120.912756812582,101.443495235174,161.325017232684,0,0,221.805809452716,0,0,306.640284138334,169.453147353278,0,0,188.936291522747,325.937289045041,172.608400267715,0,84.3635741045246,101.350815329073,0,103.519938150021,180.90030328818,58.3493451392805,133.984214699576,85.6072705949986,0,0,0,197.893790332676,0,173.201474590904,143.005810983322,139.654362654449,0,0,73.4795582048751
0,0,0,0,0,0,61.0664810463559,197.486504603685,0,212.592150359921,0,146.814226519809,0,0,179.718364159796,0,0,0,0,158.955087279859,0,314.611698427915,0,135.667029391615,0,218.045528847001,162.833808134102,74.7304794244225,259.055025639447,115.541295036174,0,188.851177466023,0,159.183173818572,173.201474590904,0,81.9664354533492,0,0,206.912707094411,142.054529471577
0,0,0,0,160.537522273714,97.3232815600345,125.994729980093,0,263.534399241887,70.4221432298295,151.806152521152,163.059043292369,0,181.316358113209,215.611029055736,253.401634605989,195.378266313867,113.144980278377,0,241.57250333243,133.218162784108,82.6299537488922,161.275817184598,118.522099274347,128.846764897717,0,111.435629183184,180.355266595273,106.926813611922,0,309.997227542691,283.248188884028,0,198.964527389285,143.005810983322,81.9664354533492,0,106.533627130087,249.905610015455,204.084074037941,119.728129215699
338.131802716296,0,0,0,74.5815074003433,137.177378802006,0,92.5568465385234,76.5072790361762,0,183.786860782462,348.674510760064,0,0,0,112.793316814908,0,206.472608421747,158.567996645797,178.224497384947,0,0,0,0,0,139.792601838991,78.8552325762656,99.3508940827211,163.945208919892,0,0,0,0,0,139.654362654449,0,106.533627130087,0,252.487290983309,115.114253591495,94.7280504127031
0,0,0,0,0,139.93285932648,231.050882209,0,0,0,137.189596148386,0,0,0,0,169.742003380707,0,0,0,0,0,111.226326353722,231.715271819474,136.792307586862,178.683678585178,0,0,89.3673883748406,94.7529894315991,0,116.176698124939,0,0,115.871357769661,0,0,249.905610015455,252.487290983309,0,99.2646516363145,0
0,0,0,220.901129804706,106.128596538706,0,0,155.901486485736,95.7590805983148,0,329.719143597451,72.2278283150671,112.349934713559,153.672550905948,160.530221557972,0,261.440278806413,153.453047983244,0,110.384905066973,0,0,115.332064605654,0,0,124.698445421759,283.88658203332,196.04190773555,62.311273509377,0,0,171.230058197369,97.5855511246009,82.4756938751058,0,206.912707094411,204.084074037941,115.114253591495,99.2646516363145,0,321.124897279917
0,0,0,138.33942793804,0,0,0,0,217.157696745803,242.790381480436,0,219.040656038919,0,199.492852797962,0,0,165.893015276821,140.574866691684,303.527509149359,165.597665022977,96.7845769653343,0,0,128.530575464043,161.74915061469,205.09013266389,142.385058730083,0,93.4234866874731,0,0,0,0,89.707245288964,73.4795582048751,142.054529471577,119.728129215699,94.7280504127031,0,321.124897279917,0
