0,0,0,0,0,0,0,0,0,0,0,0,0,186.973586461633,0,0,0,0,0,0,0,0,0,236.681907140956,0,78.8552325762656,0,196.032358954952,0,0,0,0,0,0,0,171.230058197369,124.698445421759,0,0,0,0
0,0,0,0,0,0,0,0,0,0,0,0,0,0,0,0,0,0,0,0,0,0,0,0,116.176698124939,0,0,0,151.695570509541,0,0,0,0,0,80.8080171296381,165.893015276821,0,231.050882209,0,139.93285932648,148.808626413748
0,0,0,0,0,0,0,306.640284138334,124.853650664477,0,0,0,0,0,0,0,0,0,0,0,155.901486485736,0,0,0,0,0,0,0,0,0,0,0,0,0,0,0,347.376449530863,0,0,183.786860782462,0
0,0,0,0,0,0,103.519938150021,227.504408813069,0,0,181.316358113209,217.157696745803,0,164.032723165762,280.376028997576,0,0,0,0,0,0,0,0,0,0,150.161410108805,112.349934713559,0,0,0,62.859596780235,0,0,0,0,0,247.66948903751,250.461724766314,261.605527103798,321.864157986053,0
0,0,0,0,0,0,0,66.5008477853491,0,0,0,141.204637091722,0,0,115.871357769661,0,128.530575464043,0,0,0,74.5815074003433,0,0,0,0,0,82.6299537488922,115.114253591495,0,221.805809452716,0,100.812745974529,0,95.7590805983148,255.441154257905,0,329.719143597451,0,71.5579325720569,0,213.67670887414
0,0,0,0,0,0,0,0,0,309.997227542691,199.492852797962,106.533627130087,303.527509149359,0,0,0,0,0,173.001559092555,85.7623170715703,168.241326865882,0,0,0,0,0,0,320.356811100276,161.74915061469,0,0,0,0,0,106.128596538706,0,201.100640800745,314.611698427915,128.846764897717,191.519780382943,0
0,0,0,103.519938150021,0,0,0,0,0,241.682021696872,195.378266313867,116.054372245433,0,0,0,0,0,0,0,0,0,0,0,0,128.405764333981,259.055025639447,146.814226519809,173.538155409849,0,0,0,0,0,0,76.5072790361762,0,157.852515740516,357.423078228283,0,161.302948562323,85.6072705949986
0,0,306.640284138334,227.504408813069,66.5008477853491,0,0,0,0,98.2230592632363,96.7845769653343,253.401634605989,193.055010680236,108.381749703452,0,219.430938885781,0,0,0,0,0,0,0,202.712457066107,0,73.1029054543569,0,112.823430872325,228.792310020318,0,0,0,0,120.912756812582,0,0,82.4756938751058,0,0,0,114.511014214502
0,0,124.853650664477,0,0,0,0,0,0,134.566479261133,0,223.705816669619,0,0,0,131.969743415579,0,0,0,78.9559315574845,133.218162784108,0,0,0,214.116367924649,0,198.528111506785,0,0,0,0,0,0,345.797434674459,0,0,0,0,0,61.0664810463559,218.045528847001
0,0,0,0,0,309.997227542691,241.682021696872,98.2230592632363,134.566479261133,0,135.294330067913,0,0,154.142998692322,232.945974238958,0,220.901129804706,0,97.3232815600345,0,0,0,205.839960264176,0,0,0,97.5855511246009,325.937289045041,175.196329314064,0,0,0,0,92.5207898118833,160.530221557972,0,206.912707094411,0,98.417953423071,220.963068032256,0
0,0,0,181.316358113209,0,199.492852797962,195.378266313867,96.7845769653343,0,135.294330067913,0,0,0,0,249.905610015455,0,0,0,0,0,0,0,171.906398392157,163.945208919892,0,0,0,0,154.784755881607,0,0,201.44584889478,0,353.822894641502,110.384905066973,205.183249704085,122.106946855269,0,225.013371621378,139.792601838991,0
0,0,0,217.157696745803,141.204637091722,106.533627130087,116.054372245433,253.401634605989,223.705816669619,0,0,0,0,0,0,0,0,0,0,224.551207449728,111.435629183184,0,0,284.529238481835,180.90030328818,72.2278283150671,0,70.4221432298295,101.85207633558,0,94.126460729827,0,0,180.543851962045,0,174.013630695256,193.63278243493,89.707245288964,188.851177466023,134.960780198024,241.57250333243
0,0,0,0,0,303.527509149359,0,193.055010680236,0,0,0,0,0,0,0,0,0,0,0,0,0,0,0,0,0,146.465927798921,0,0,0,0,94.8881692391942,0,0,0,94.7280504127031,0,0,0,0,0,209.996727521564
186.973586461633,0,0,164.032723165762,0,0,0,108.381749703452,0,154.142998692322,0,0,0,0,0,0,204.481117647118,0,0,92.3502314520023,0,0,321.124897279917,93.4234866874731,0,0,0,211.840482897052,0,0,0,0,0,101.605593487621,101.350815329073,0,118.522099274347,300.031143529538,0,283.88658203332,0
0,0,0,280.376028997576,115.871357769661,0,0,0,0,232.945974238958,249.905610015455,0,0,0,0,0,0,0,205.09013266389,113.059176128709,0,0,283.248188884028,0,0,115.868441404982,0,194.442125915551,99.2646516363145,0,0,0,0,89.1590885155172,0,0,333.645516435298,0,0,0,0
0,0,0,0,0,0,0,219.430938885781,131.969743415579,0,0,0,0,0,0,0,0,0,92.5568465385234,0,0,0,0,0,0,0,259.442917595754,348.674510760064,0,106.33736463831,0,0,0,0,153.876396855887,0,155.24952173131,108.136066660554,0,165.597665022977,251.098274723989
0,0,0,0,128.530575464043,0,0,0,0,220.901129804706,0,0,0,204.481117647118,0,0,0,0,0,0,0,0,0,0,0,90.7216186966914,0,0,136.685314494491,0,0,153.609372090384,0,335.371040201042,0,204.084074037941,161.275817184598,0,0,90.1317194604647,0
0,0,0,0,0,0,0,0,0,0,0,0,0,0,0,0,0,0,0,151.036729364761,0,0,0,133.984214699576,0,0,0,240.185081663983,173.059382066957,0,0,224.523755099568,0,162.833808134102,323.781250289068,0,145.74089716123,0,137.239127032733,0,0
0,0,0,0,0,173.001559092555,0,0,0,97.3232815600345,0,0,0,0,205.09013266389,92.5568465385234,0,0,0,0,0,0,153.672550905948,58.3493451392805,0,0,0,0,0,190.185165668632,0,137.177378802006,0,0,226.825099357786,252.487290983309,172.608400267715,0,0,0,195.822649557859
0,0,0,0,0,85.7623170715703,0,0,78.9559315574845,0,0,224.551207449728,0,92.3502314520023,113.059176128709,0,0,151.036729364761,0,0,0,0,87.8456058929559,0,0,169.742003380707,93.5029580098427,188.936291522747,94.7529894315991,0,0,0,269.936825670274,0,125.416941482916,0,0,115.332064605654,94.027247878695,106.926813611922,135.667029391615
0,0,155.901486485736,0,74.5815074003433,168.241326865882,0,0,133.218162784108,0,0,111.435629183184,0,0,0,0,0,0,0,0,0,0,0,0,161.694997919804,0,146.99041817625,138.425725342224,0,0,0,0,0,215.611029055736,158.955087279859,73.4795582048751,0,197.893790332676,0,0,160.537522273714
0,0,0,0,0,0,0,0,0,0,0,0,0,0,0,0,0,0,0,0,0,0,197.486504603685,0,169.453147353278,0,0,75.4497121078207,192.601533877686,0,0,0,0,0,143.005810983322,0,208.005106191961,0,0,62.311273509377,178.224497384947
0,0,0,0,0,0,0,0,0,205.839960264176,171.906398392157,0,0,321.124897279917,283.248188884028,0,0,0,153.672550905948,87.8456058929559,0,197.486504603685,0,0,0,193.777661225572,0,0,0,112.793316814908,0,0,109.093416850988,125.994729980093,0,104.915316975638,151.075371308616,142.385058730083,67.8267069095267,0,0
236.681907140956,0,0,0,0,0,0,202.712457066107,0,0,163.945208919892,284.529238481835,0,93.4234866874731,0,0,0,133.984214699576,58.3493451392805,0,0,0,0,0,0,101.895308036513,173.201474590904,184.249961885477,241.635434294794,192.693757128262,0,167.066576495979,0,0,276.620869034647,97.3506957544063,0,104.369974912428,195.314816908693,96.5937438588657,84.3635741045246
0,116.176698124939,0,0,0,0,128.405764333981,0,214.116367924649,0,0,180.90030328818,0,0,0,0,0,0,0,0,161.694997919804,169.453147353278,0,0,0,0,338.131802716296,0,0,0,0,0,0,0,0,0,263.534399241887,261.440278806413,0,0,89.9429017381717
78.8552325762656,0,0,150.161410108805,0,0,259.055025639447,73.1029054543569,0,0,0,72.2278283150671,146.465927798921,0,115.868441404982,0,90.7216186966914,0,0,169.742003380707,0,0,193.777661225572,101.895308036513,0,0,0,163.059043292369,289.631679007608,193.659409924573,0,101.5853655613,0,154.065933476765,0,0,219.078548227669,99.3508940827211,0,89.3673883748406,125.81518738273
0,0,0,112.349934713559,82.6299537488922,0,146.814226519809,0,198.528111506785,97.5855511246009,0,0,0,0,0,259.442917595754,0,0,0,93.5029580098427,146.99041817625,0,0,173.201474590904,338.131802716296,0,0,82.6426202489162,81.2827395071039,0,74.4197823064597,0,0,249.798812580765,192.135034768848,136.792307586862,115.194491798135,101.443495235174,198.964527389285,94.9380989123498,0
196.032358954952,0,0,0,115.114253591495,320.356811100276,173.538155409849,112.823430872325,0,325.937289045041,0,70.4221432298295,0,211.840482897052,194.442125915551,348.674510760064,0,240.185081663983,0,188.936291522747,138.425725342224,75.4497121078207,0,184.249961885477,0,163.059043292369,82.6426202489162,0,119.345624434514,0,0,161.325017232684,0,172.892533368851,262.382215657622,142.054529471577,242.790381480436,81.9664354533492,80.4367166559625,178.748963182352,111.226326353722
0,151.695570509541,0,0,0,161.74915061469,0,228.792310020318,0,175.196329314064,154.784755881607,101.85207633558,0,0,99.2646516363145,0,136.685314494491,173.059382066957,0,94.7529894315991,0,192.601533877686,0,241.635434294794,0,289.631679007608,81.2827395071039,119.345624434514,0,0,0,228.075434767255,0,219.040656038919,158.567996645797,179.718364159796,117.208001126138,0,0,0,140.574866691684
0,0,0,0,221.805809452716,0,0,0,0,0,0,0,0,0,0,106.33736463831,0,0,190.185165668632,0,0,0,112.793316814908,192.693757128262,0,193.659409924573,0,0,0,0,0,0,0,120.567029282014,71.4788760670054,154.070293657878,0,0,151.806152521152,178.683678585178,0
0,0,0,62.859596780235,0,0,0,0,0,0,0,94.126460729827,94.8881692391942,0,0,0,0,0,0,0,0,0,0,0,0,0,74.4197823064597,0,0,0,0,0,0,153.453047983244,0,0,206.472608421747,0,0,0,0
0,0,0,0,100.812745974529,0,0,0,0,0,201.44584889478,0,0,0,0,0,153.609372090384,224.523755099568,137.177378802006,0,0,0,0,167.066576495979,0,101.5853655613,0,161.325017232684,228.075434767255,0,0,0,0,222.053792850439,0,146.770754374523,0,0,0,0,0
0,0,0,0,0,0,0,0,0,0,0,0,0,0,0,0,0,0,0,269.936825670274,0,0,109.093416850988,0,0,0,0,0,0,0,0,0,0,187.77054666536,74.7304794244225,0,0,139.654362654449,0,0,0
0,0,0,0,95.7590805983148,0,0,120.912756812582,345.797434674459,92.5207898118833,353.822894641502,180.543851962045,0,101.605593487621,89.1590885155172,0,335.371040201042,162.833808134102,0,0,215.611029055736,0,125.994729980093,0,0,154.065933476765,249.798812580765,172.892533368851,219.040656038919,120.567029282014,153.453047983244,222.053792850439,187.77054666536,0,115.541295036174,98.6790043377568,151.01089327964,200.878319874537,0,180.355266595273,196.04190773555
0,80.8080171296381,0,0,255.441154257905,106.128596538706,76.5072790361762,0,0,160.530221557972,110.384905066973,0,94.7280504127031,101.350815329073,0,153.876396855887,0,323.781250289068,226.825099357786,125.416941482916,158.955087279859,143.005810983322,0,276.620869034647,0,0,192.135034768848,262.382215657622,158.567996645797,71.4788760670054,0,0,74.7304794244225,115.541295036174,0,159.183173818572,238.934743274142,306.344527664232,0,119.728129215699,0
171.230058197369,165.893015276821,0,0,0,0,0,0,0,0,205.183249704085,174.013630695256,0,0,0,0,204.084074037941,0,252.487290983309,0,73.4795582048751,0,104.915316975638,97.3506957544063,0,0,136.792307586862,142.054529471577,179.718364159796,154.070293657878,0,146.770754374523,0,98.6790043377568,159.183173818572,0,114.649126378906,0,0,113.144980278377,137.189596148386
124.698445421759,0,347.376449530863,247.66948903751,329.719143597451,201.100640800745,157.852515740516,82.4756938751058,0,206.912707094411,122.106946855269,193.63278243493,0,118.522099274347,333.645516435298,155.24952173131,161.275817184598,145.74089716123,172.608400267715,0,0,208.005106191961,151.075371308616,0,263.534399241887,219.078548227669,115.194491798135,242.790381480436,117.208001126138,0,206.472608421747,0,0,151.01089327964,238.934743274142,114.649126378906,0,0,186.348837226466,82.1742780037132,231.715271819474
0,231.050882209,0,250.461724766314,0,314.611698427915,357.423078228283,0,0,0,0,89.707245288964,0,300.031143529538,0,108.136066660554,0,0,0,115.332064605654,197.893790332676,0,142.385058730083,104.369974912428,261.440278806413,99.3508940827211,101.443495235174,81.9664354533492,0,0,0,0,139.654362654449,200.878319874537,306.344527664232,0,0,0,138.33942793804,177.763106506206,0
0,0,0,261.605527103798,71.5579325720569,128.846764897717,0,0,0,98.417953423071,225.013371621378,188.851177466023,0,0,0,0,0,137.239127032733,0,94.027247878695,0,0,67.8267069095267,195.314816908693,0,0,198.964527389285,80.4367166559625,0,151.806152521152,0,0,0,0,0,0,186.348837226466,138.33942793804,0,0,0
0,139.93285932648,183.786860782462,321.864157986053,0,191.519780382943,161.302948562323,0,61.0664810463559,220.963068032256,139.792601838991,134.960780198024,0,283.88658203332,0,165.597665022977,90.1317194604647,0,0,106.926813611922,0,62.311273509377,0,96.5937438588657,0,89.3673883748406,94.9380989123498,178.748963182352,0,178.683678585178,0,0,0,180.355266595273,119.728129215699,113.144980278377,82.1742780037132,177.763106506206,0,0,212.592150359921
0,148.808626413748,0,0,213.67670887414,0,85.6072705949986,114.511014214502,218.045528847001,0,0,241.57250333243,209.996727521564,0,0,251.098274723989,0,0,195.822649557859,135.667029391615,160.537522273714,178.224497384947,0,84.3635741045246,89.9429017381717,125.81518738273,0,111.226326353722,140.574866691684,0,0,0,0,196.04190773555,0,137.189596148386,231.715271819474,0,0,212.592150359921,0
