0,0,0,0,0,0,0,0,0,0,0,0,94.9380989123498,0,0,0,146.465927798921,303.527509149359,0,0,0,0,0,0,0,0,0,0,0,0,0,0,0,0,0,92.5568465385234,0,96.5937438588657,0,108.381749703452,0
0,0,0,0,0,0,0,0,0,0,0,0,0,94.7280504127031,0,0,0,0,0,0,0,0,96.7845769653343,0,0,188.851177466023,0,0,134.960780198024,0,0,0,0,136.792307586862,0,0,263.534399241887,0,0,139.654362654449,0
0,0,0,0,0,0,0,0,0,0,0,0,0,0,0,0,0,0,0,0,0,0,0,0,0,0,0,157.852515740516,221.805809452716,0,0,0,0,0,178.224497384947,125.81518738273,0,135.294330067913,0,0,0
0,0,0,0,220.901129804706,164.032723165762,0,0,0,0,0,0,0,0,0,0,348.674510760064,0,0,0,0,0,0,186.348837226466,125.994729980093,103.519938150021,101.350815329073,74.7304794244225,128.405764333981,0,0,0,0,320.356811100276,0,0,151.036729364761,112.793316814908,0,259.055025639447,0
0,0,0,220.901129804706,0,0,0,0,0,323.781250289068,238.934743274142,0,0,0,0,0,70.4221432298295,0,90.1317194604647,153.453047983244,0,0,0,81.9664354533492,0,0,0,0,0,0,0,151.695570509541,0,184.249961885477,62.311273509377,0,80.8080171296381,0,172.608400267715,247.66948903751,112.823430872325
0,0,0,164.032723165762,0,0,0,0,0,0,215.611029055736,161.275817184598,0,0,95.7590805983148,0,0,0,199.492852797962,0,0,0,0,202.712457066107,0,163.059043292369,0,158.955087279859,0,0,0,0,0,120.567029282014,0,0,153.876396855887,231.715271819474,111.226326353722,191.519780382943,140.574866691684
0,0,0,0,0,0,0,241.635434294794,0,0,0,117.208001126138,0,0,136.685314494491,0,0,0,0,0,0,0,0,178.683678585178,0,78.9559315574845,179.718364159796,78.8552325762656,0,73.4795582048751,0,0,0,173.538155409849,0,0,101.5853655613,183.786860782462,0,188.936291522747,180.543851962045
0,0,0,0,0,0,241.635434294794,0,142.054529471577,120.912756812582,0,115.868441404982,0,106.926813611922,0,154.065933476765,0,0,0,137.189596148386,0,193.055010680236,0,171.230058197369,205.09013266389,0,0,146.814226519809,0,0,0,0,0,153.609372090384,0,80.4367166559625,231.050882209,0,0,345.797434674459,192.135034768848
0,0,0,0,0,0,0,142.054529471577,0,0,97.5855511246009,0,0,0,0,89.9429017381717,0,89.707245288964,0,101.85207633558,0,0,0,99.3508940827211,0,142.385058730083,0,252.487290983309,0,0,209.996727521564,0,0,0,196.04190773555,0,169.742003380707,0,0,0,0
0,0,0,0,323.781250289068,0,0,120.912756812582,0,0,72.2278283150671,0,0,0,0,104.369974912428,0,0,160.530221557972,193.659409924573,0,0,224.523755099568,115.114253591495,300.031143529538,0,0,0,66.5008477853491,214.116367924649,128.846764897717,195.314816908693,0,82.1742780037132,0,124.853650664477,101.895308036513,113.059176128709,205.839960264176,0,0
0,0,0,0,238.934743274142,215.611029055736,0,0,97.5855511246009,72.2278283150671,0,74.4197823064597,169.453147353278,0,0,0,0,0,0,0,198.528111506785,0,0,226.825099357786,0,128.530575464043,187.77054666536,353.822894641502,160.537522273714,0,0,0,0,347.376449530863,0,0,208.005106191961,0,173.059382066957,0,106.33736463831
0,0,0,0,0,161.275817184598,117.208001126138,115.868441404982,0,0,74.4197823064597,0,81.2827395071039,67.8267069095267,158.567996645797,0,0,220.963068032256,213.67670887414,0,161.694997919804,0,0,0,0,261.440278806413,276.620869034647,154.142998692322,92.5207898118833,0,0,181.316358113209,0,204.481117647118,250.461724766314,255.441154257905,280.376028997576,0,0,180.355266595273,357.423078228283
94.9380989123498,0,0,0,0,0,0,0,0,0,169.453147353278,81.2827395071039,0,93.4234866874731,0,0,0,0,0,0,0,0,219.430938885781,0,0,0,0,0,0,0,0,0,0,0,0,0,198.964527389285,0,0,0,0
0,94.7280504127031,0,0,0,0,0,106.926813611922,0,0,0,67.8267069095267,93.4234866874731,0,0,0,0,0,174.013630695256,0,0,0,0,0,206.912707094411,186.973586461633,333.645516435298,0,0,0,0,0,0,249.798812580765,224.551207449728,306.344527664232,0,192.693757128262,84.3635741045246,71.4788760670054,0
0,0,0,0,0,95.7590805983148,136.685314494491,0,0,0,0,158.567996645797,0,0,0,0,0,0,114.511014214502,0,0,0,0,108.136066660554,0,0,151.01089327964,153.672550905948,115.871357769661,269.936825670274,0,0,0,106.533627130087,94.027247878695,309.997227542691,0,0,0,0,0
0,0,0,0,0,0,0,154.065933476765,89.9429017381717,104.369974912428,0,0,0,0,0,0,0,0,0,0,0,0,119.345624434514,101.605593487621,0,0,97.3506957544063,236.681907140956,0,0,0,0,0,0,289.631679007608,0,314.611698427915,106.128596538706,0,0,154.070293657878
146.465927798921,0,0,348.674510760064,70.4221432298295,0,0,0,0,0,0,0,0,0,0,0,0,0,0,0,197.486504603685,0,98.417953423071,0,155.901486485736,0,58.3493451392805,0,109.093416850988,0,0,0,0,0,162.833808134102,0,251.098274723989,0,0,0,0
303.527509149359,0,0,0,0,0,0,0,89.707245288964,0,0,220.963068032256,0,0,0,0,0,0,196.032358954952,201.44584889478,0,0,0,0,0,0,0,137.239127032733,0,0,0,0,0,0,177.763106506206,0,0,0,0,146.770754374523,154.784755881607
0,0,0,0,90.1317194604647,199.492852797962,0,0,0,160.530221557972,0,213.67670887414,0,174.013630695256,114.511014214502,0,0,196.032358954952,0,0,0,0,0,0,62.859596780235,0,94.7529894315991,0,0,0,0,0,0,104.915316975638,143.005810983322,0,195.822649557859,0,0,0,0
0,0,0,0,153.453047983244,0,0,137.189596148386,101.85207633558,193.659409924573,0,0,0,0,0,0,0,201.44584889478,0,0,0,131.969743415579,115.194491798135,0,0,201.100640800745,146.99041817625,139.792601838991,321.864157986053,0,0,0,0,135.667029391615,101.443495235174,0,151.806152521152,283.88658203332,219.040656038919,180.90030328818,0
0,0,0,0,0,0,0,0,0,0,198.528111506785,161.694997919804,0,0,0,0,197.486504603685,0,0,0,0,0,0,0,0,125.416941482916,71.5579325720569,150.161410108805,0,0,0,0,145.74089716123,116.176698124939,0,119.728129215699,89.1590885155172,165.597665022977,0,240.185081663983,155.24952173131
0,0,0,0,0,0,0,193.055010680236,0,0,0,0,0,0,0,0,0,0,0,131.969743415579,0,0,0,0,0,225.013371621378,0,0,133.984214699576,0,0,0,0,0,325.937289045041,0,161.325017232684,0,0,98.6790043377568,192.601533877686
0,96.7845769653343,0,0,0,0,0,0,0,224.523755099568,0,0,219.430938885781,0,0,119.345624434514,98.417953423071,0,0,115.194491798135,0,0,0,0,0,0,87.8456058929559,228.792310020318,211.840482897052,0,0,0,0,306.640284138334,0,97.3232815600345,0,141.204637091722,139.93285932648,172.892533368851,205.183249704085
0,0,0,186.348837226466,81.9664354533492,202.712457066107,178.683678585178,171.230058197369,99.3508940827211,115.114253591495,226.825099357786,0,0,0,108.136066660554,101.605593487621,0,0,0,0,0,0,0,0,0,61.0664810463559,261.605527103798,283.248188884028,90.7216186966914,0,0,0,0,0,118.522099274347,110.384905066973,82.6299537488922,0,0,82.6426202489162,227.504408813069
0,0,0,125.994729980093,0,0,0,205.09013266389,0,300.031143529538,0,0,0,206.912707094411,0,0,155.901486485736,0,62.859596780235,0,0,0,0,0,0,0,0,0,0,0,0,321.124897279917,0,197.893790332676,194.442125915551,0,0,338.131802716296,0,0,0
0,188.851177466023,0,103.519938150021,0,163.059043292369,78.9559315574845,0,142.385058730083,0,128.530575464043,261.440278806413,0,186.973586461633,0,0,0,0,0,201.100640800745,125.416941482916,225.013371621378,0,61.0664810463559,0,0,0,85.7623170715703,122.106946855269,116.054372245433,0,76.5072790361762,0,242.790381480436,0,222.053792850439,159.183173818572,0,0,0,193.63278243493
0,0,0,101.350815329073,0,0,179.718364159796,0,0,0,187.77054666536,276.620869034647,0,333.645516435298,151.01089327964,97.3506957544063,58.3493451392805,0,94.7529894315991,146.99041817625,71.5579325720569,0,87.8456058929559,261.605527103798,0,0,0,161.302948562323,0,0,0,0,0,0,114.649126378906,253.401634605989,218.045528847001,0,223.705816669619,228.075434767255,329.719143597451
0,0,157.852515740516,74.7304794244225,0,158.955087279859,78.8552325762656,146.814226519809,252.487290983309,0,353.822894641502,154.142998692322,0,0,153.672550905948,236.681907140956,0,137.239127032733,0,139.792601838991,150.161410108805,0,228.792310020318,283.248188884028,0,85.7623170715703,161.302948562323,0,148.808626413748,190.185165668632,167.066576495979,0,124.698445421759,241.682021696872,73.1029054543569,0,262.382215657622,178.748963182352,115.541295036174,99.2646516363145,0
0,134.960780198024,221.805809452716,128.405764333981,0,0,0,0,0,66.5008477853491,160.537522273714,92.5207898118833,0,0,115.871357769661,0,109.093416850988,0,0,321.864157986053,0,133.984214699576,211.840482897052,90.7216186966914,0,122.106946855269,0,148.808626413748,0,0,89.3673883748406,111.435629183184,0,0,94.8881692391942,0,219.078548227669,0,193.777661225572,92.3502314520023,171.906398392157
0,0,0,0,0,0,73.4795582048751,0,0,214.116367924649,0,0,0,0,269.936825670274,0,0,0,0,0,0,0,0,0,0,116.054372245433,0,190.185165668632,0,0,0,0,0,284.529238481835,0,161.74915061469,195.378266313867,138.33942793804,0,241.57250333243,133.218162784108
0,0,0,0,0,0,0,0,209.996727521564,128.846764897717,0,0,0,0,0,0,0,0,0,0,0,0,0,0,0,0,0,167.066576495979,89.3673883748406,0,0,0,0,100.812745974529,173.001559092555,0,0,0,0,0,0
0,0,0,0,151.695570509541,0,0,0,0,195.314816908693,0,181.316358113209,0,0,0,0,0,0,0,0,0,0,0,0,321.124897279917,76.5072790361762,0,0,111.435629183184,0,0,0,0,0,212.592150359921,0,206.472608421747,168.241326865882,0,249.905610015455,151.075371308616
0,0,0,0,0,0,0,0,0,0,0,0,0,0,0,0,0,0,0,0,145.74089716123,0,0,0,0,0,0,124.698445421759,0,0,0,0,0,82.4756938751058,0,0,98.2230592632363,0,175.196329314064,0,0
0,136.792307586862,0,320.356811100276,184.249961885477,120.567029282014,173.538155409849,153.609372090384,0,82.1742780037132,347.376449530863,204.481117647118,0,249.798812580765,106.533627130087,0,0,0,104.915316975638,135.667029391615,116.176698124939,0,306.640284138334,0,197.893790332676,242.790381480436,0,241.682021696872,0,284.529238481835,100.812745974529,0,82.4756938751058,0,112.349934713559,0,0,259.442917595754,115.332064605654,134.566479261133,113.144980278377
0,0,178.224497384947,0,62.311273509377,0,0,0,196.04190773555,0,0,250.461724766314,0,224.551207449728,94.027247878695,289.631679007608,162.833808134102,177.763106506206,143.005810983322,101.443495235174,0,325.937289045041,0,118.522099274347,194.442125915551,0,114.649126378906,73.1029054543569,94.8881692391942,0,173.001559092555,212.592150359921,0,112.349934713559,0,200.878319874537,217.157696745803,0,94.126460729827,85.6072705949986,93.5029580098427
92.5568465385234,0,125.81518738273,0,0,0,0,80.4367166559625,0,124.853650664477,0,255.441154257905,0,306.344527664232,309.997227542691,0,0,0,0,0,119.728129215699,0,97.3232815600345,110.384905066973,0,222.053792850439,253.401634605989,0,0,161.74915061469,0,0,0,0,200.878319874537,0,165.893015276821,204.084074037941,74.5815074003433,335.371040201042,173.201474590904
0,263.534399241887,0,151.036729364761,80.8080171296381,153.876396855887,101.5853655613,231.050882209,169.742003380707,101.895308036513,208.005106191961,280.376028997576,198.964527389285,0,0,314.611698427915,251.098274723989,0,195.822649557859,151.806152521152,89.1590885155172,161.325017232684,0,82.6299537488922,0,159.183173818572,218.045528847001,262.382215657622,219.078548227669,195.378266313867,0,206.472608421747,98.2230592632363,0,217.157696745803,165.893015276821,0,138.425725342224,75.4497121078207,137.177378802006,0
96.5937438588657,0,135.294330067913,112.793316814908,0,231.715271819474,183.786860782462,0,0,113.059176128709,0,0,0,192.693757128262,0,106.128596538706,0,0,0,283.88658203332,165.597665022977,0,141.204637091722,0,338.131802716296,0,0,178.748963182352,0,138.33942793804,0,168.241326865882,0,259.442917595754,0,204.084074037941,138.425725342224,0,0,163.945208919892,232.945974238958
0,0,0,0,172.608400267715,111.226326353722,0,0,0,205.839960264176,173.059382066957,0,0,84.3635741045246,0,0,0,0,0,219.040656038919,0,0,139.93285932648,0,0,0,223.705816669619,115.541295036174,193.777661225572,0,0,0,175.196329314064,115.332064605654,94.126460729827,74.5815074003433,75.4497121078207,0,0,0,0
108.381749703452,139.654362654449,0,259.055025639447,247.66948903751,191.519780382943,188.936291522747,345.797434674459,0,0,0,180.355266595273,0,71.4788760670054,0,0,0,146.770754374523,0,180.90030328818,240.185081663983,98.6790043377568,172.892533368851,82.6426202489162,0,0,228.075434767255,99.2646516363145,92.3502314520023,241.57250333243,0,249.905610015455,0,134.566479261133,85.6072705949986,335.371040201042,137.177378802006,163.945208919892,0,0,0
0,0,0,0,112.823430872325,140.574866691684,180.543851962045,192.135034768848,0,0,106.33736463831,357.423078228283,0,0,0,154.070293657878,0,154.784755881607,0,0,155.24952173131,192.601533877686,205.183249704085,227.504408813069,0,193.63278243493,329.719143597451,0,171.906398392157,133.218162784108,0,151.075371308616,0,113.144980278377,93.5029580098427,173.201474590904,0,232.945974238958,0,0,0
