0,0,0,0,0,249.905610015455,175.196329314064,0,0,174.013630695256,0,0,0,0,0,0,0,0,0,0,0,0,0,0,0,0,167.066576495979,0,306.344527664232,0,106.926813611922,0,0,0,0,0,0,0,0,0,0
0,0,0,0,0,0,0,0,0,0,139.654362654449,0,0,0,0,0,0,0,0,0,0,96.5937438588657,0,199.492852797962,0,0,0,0,146.770754374523,0,76.5072790361762,0,0,209.996727521564,0,0,74.4197823064597,0,0,0,0
0,0,0,137.189596148386,0,0,0,0,0,0,169.742003380707,0,0,0,193.055010680236,0,0,0,0,0,0,0,0,0,0,0,0,80.8080171296381,0,0,0,0,0,0,0,0,0,0,0,158.955087279859,0
0,0,137.189596148386,0,153.609372090384,0,228.075434767255,241.57250333243,0,0,0,0,0,0,0,0,0,0,141.204637091722,0,0,0,158.567996645797,0,0,0,195.822649557859,261.605527103798,0,0,0,0,0,0,0,173.201474590904,72.2278283150671,192.693757128262,87.8456058929559,134.566479261133,0
0,0,0,153.609372090384,0,0,0,0,0,0,0,89.3673883748406,0,161.302948562323,0,0,0,0,0,0,0,0,0,283.248188884028,0,0,82.6426202489162,90.1317194604647,101.895308036513,357.423078228283,0,0,269.936825670274,201.44584889478,92.3502314520023,180.543851962045,202.712457066107,0,0,99.2646516363145,0
249.905610015455,0,0,0,0,0,0,93.4234866874731,0,0,0,120.567029282014,0,206.472608421747,0,0,0,0,0,165.597665022977,0,112.823430872325,0,0,0,300.031143529538,186.973586461633,219.078548227669,0,155.24952173131,153.876396855887,0,0,321.864157986053,0,173.001559092555,0,0,0,0,137.239127032733
175.196329314064,0,0,228.075434767255,0,0,0,0,0,261.440278806413,0,0,0,0,0,0,208.005106191961,0,85.6072705949986,0,187.77054666536,0,106.533627130087,114.649126378906,0,115.868441404982,0,0,0,95.7590805983148,0,0,0,0,0,71.5579325720569,111.435629183184,0,0,0,104.915316975638
0,0,0,241.57250333243,0,93.4234866874731,0,0,0,120.912756812582,0,0,0,347.376449530863,0,136.792307586862,0,0,0,0,0,0,0,110.384905066973,0,0,94.7280504127031,154.065933476765,206.912707094411,66.5008477853491,0,0,97.3506957544063,215.611029055736,205.839960264176,0,142.385058730083,142.054529471577,0,74.7304794244225,0
0,0,0,0,0,0,0,0,0,94.9380989123498,0,124.698445421759,0,0,0,0,0,0,0,71.4788760670054,136.685314494491,0,0,0,0,101.5853655613,122.106946855269,0,0,0,0,0,0,253.401634605989,168.241326865882,204.481117647118,197.486504603685,0,0,0,165.893015276821
174.013630695256,0,0,0,0,0,261.440278806413,120.912756812582,94.9380989123498,0,306.640284138334,89.707245288964,0,0,0,0,250.461724766314,0,223.705816669619,0,0,0,0,0,0,62.311273509377,0,231.715271819474,0,0,0,163.945208919892,0,161.275817184598,73.1029054543569,124.853650664477,335.371040201042,0,138.425725342224,160.530221557972,135.294330067913
0,139.654362654449,169.742003380707,0,0,0,0,0,0,306.640284138334,0,0,84.3635741045246,222.053792850439,0,0,0,0,0,188.851177466023,0,108.381749703452,232.945974238958,0,0,0,220.963068032256,101.85207633558,224.551207449728,0,0,204.084074037941,0,112.793316814908,0,192.601533877686,0,73.4795582048751,0,108.136066660554,0
0,0,0,0,89.3673883748406,120.567029282014,0,0,124.698445421759,89.707245288964,0,0,0,151.075371308616,178.224497384947,227.504408813069,0,0,0,125.416941482916,82.1742780037132,0,138.33942793804,183.786860782462,197.893790332676,118.522099274347,151.01089327964,338.131802716296,151.806152521152,133.984214699576,0,0,0,104.369974912428,113.144980278377,0,114.511014214502,139.93285932648,0,0,0
0,0,0,0,0,0,0,0,0,0,84.3635741045246,0,0,0,0,0,0,0,0,0,111.226326353722,0,154.784755881607,0,0,0,0,0,89.1590885155172,0,0,0,0,0,0,0,184.249961885477,172.608400267715,0,0,0
0,0,0,0,161.302948562323,206.472608421747,0,347.376449530863,0,0,222.053792850439,151.075371308616,0,0,94.027247878695,0,0,0,241.682021696872,0,134.960780198024,0,0,0,0,115.114253591495,96.7845769653343,0,0,0,0,0,0,163.059043292369,0,0,0,89.9429017381717,0,180.90030328818,198.528111506785
0,0,193.055010680236,0,0,0,0,0,0,0,0,178.224497384947,0,94.027247878695,0,0,0,0,0,153.453047983244,115.194491798135,0,0,0,0,0,320.356811100276,226.825099357786,70.4221432298295,0,113.059176128709,0,0,58.3493451392805,159.183173818572,0,190.185165668632,0,0,0,0
0,0,0,0,0,0,0,136.792307586862,0,0,0,227.504408813069,0,0,0,0,0,0,0,0,97.5855511246009,0,0,194.442125915551,0,178.683678585178,0,0,0,0,0,0,0,0,146.465927798921,321.124897279917,259.055025639447,0,200.878319874537,119.728129215699,192.135034768848
0,0,0,0,0,0,208.005106191961,0,0,250.461724766314,0,0,0,0,0,0,0,0,151.695570509541,0,0,0,146.814226519809,0,109.093416850988,0,333.645516435298,0,0,0,0,0,0,0,99.3508940827211,0,309.997227542691,90.7216186966914,0,106.33736463831,0
0,0,0,0,0,0,0,0,0,0,0,0,0,0,0,0,0,0,0,0,131.969743415579,0,0,0,0,314.611698427915,0,219.040656038919,242.790381480436,0,0,0,0,213.67670887414,0,116.176698124939,224.523755099568,0,0,98.2230592632363,135.667029391615
0,0,0,141.204637091722,0,0,85.6072705949986,0,0,223.705816669619,0,0,0,241.682021696872,0,0,151.695570509541,0,0,0,0,75.4497121078207,81.2827395071039,155.901486485736,0,0,0,112.349934713559,178.748963182352,0,0,0,0,0,0,101.443495235174,0,0,0,220.901129804706,0
0,0,0,0,0,165.597665022977,0,0,71.4788760670054,0,188.851177466023,125.416941482916,0,0,153.453047983244,0,0,0,0,0,0,0,61.0664810463559,0,0,67.8267069095267,205.183249704085,171.906398392157,329.719143597451,0,0,191.519780382943,0,101.350815329073,172.892533368851,0,236.681907140956,181.316358113209,193.659409924573,201.100640800745,0
0,0,0,0,0,0,187.77054666536,0,136.685314494491,0,0,82.1742780037132,111.226326353722,134.960780198024,115.194491798135,97.5855511246009,0,131.969743415579,0,0,0,0,218.045528847001,0,0,0,353.822894641502,0,0,0,0,0,0,157.852515740516,0,0,92.5207898118833,154.070293657878,0,0,0
0,96.5937438588657,0,0,0,112.823430872325,0,0,0,0,108.381749703452,0,0,0,0,0,0,0,75.4497121078207,0,0,0,0,0,0,0,0,219.430938885781,0,0,0,284.529238481835,0,0,180.355266595273,0,205.09013266389,0,0,0,0
0,0,0,158.567996645797,0,0,106.533627130087,0,0,0,232.945974238958,138.33942793804,154.784755881607,0,0,0,146.814226519809,0,81.2827395071039,61.0664810463559,218.045528847001,0,0,143.005810983322,146.99041817625,0,0,0,0,0,0,0,0,0,94.8881692391942,0,161.74915061469,0,0,100.812745974529,119.345624434514
0,199.492852797962,0,0,283.248188884028,0,114.649126378906,110.384905066973,0,0,0,183.786860782462,0,0,0,194.442125915551,0,0,155.901486485736,0,0,0,143.005810983322,0,212.592150359921,177.763106506206,94.7529894315991,228.792310020318,0,0,0,193.777661225572,0,259.442917595754,231.050882209,0,276.620869034647,0,255.441154257905,241.635434294794,115.541295036174
0,0,0,0,0,0,0,0,0,0,0,197.893790332676,0,0,0,0,109.093416850988,0,0,0,0,0,146.99041817625,212.592150359921,0,0,0,81.9664354533492,115.332064605654,0,0,0,0,169.453147353278,78.8552325762656,0,125.81518738273,0,128.405764333981,0,0
0,0,0,0,0,300.031143529538,115.868441404982,0,101.5853655613,62.311273509377,0,118.522099274347,0,115.114253591495,0,178.683678585178,0,314.611698427915,0,67.8267069095267,0,0,0,177.763106506206,0,0,116.054372245433,196.032358954952,93.5029580098427,0,0,0,0,0,74.5815074003433,62.859596780235,211.840482897052,238.934743274142,140.574866691684,150.161410108805,125.994729980093
167.066576495979,0,0,195.822649557859,82.6426202489162,186.973586461633,0,94.7280504127031,122.106946855269,0,220.963068032256,151.01089327964,0,96.7845769653343,320.356811100276,0,333.645516435298,0,0,205.183249704085,353.822894641502,0,0,94.7529894315991,0,116.054372245433,0,161.694997919804,263.534399241887,171.230058197369,0,0,0,0,214.116367924649,0,0,0,0,303.527509149359,0
0,0,80.8080171296381,261.605527103798,90.1317194604647,219.078548227669,0,154.065933476765,0,231.715271819474,101.85207633558,338.131802716296,0,0,226.825099357786,0,0,219.040656038919,112.349934713559,171.906398392157,0,219.430938885781,0,228.792310020318,81.9664354533492,196.032358954952,161.694997919804,0,78.9559315574845,145.74089716123,0,0,115.871357769661,160.537522273714,0,193.63278243493,151.036729364761,92.5568465385234,117.208001126138,217.157696745803,103.519938150021
306.344527664232,146.770754374523,0,0,101.895308036513,0,0,206.912707094411,0,0,224.551207449728,151.806152521152,89.1590885155172,0,70.4221432298295,0,0,242.790381480436,178.748963182352,329.719143597451,0,0,0,0,115.332064605654,93.5029580098427,263.534399241887,78.9559315574845,0,0,0,0,0,221.805809452716,128.846764897717,94.126460729827,133.218162784108,345.797434674459,0,0,225.013371621378
0,0,0,0,357.423078228283,155.24952173131,95.7590805983148,66.5008477853491,0,0,0,133.984214699576,0,0,0,0,0,0,0,0,0,0,0,0,0,0,171.230058197369,145.74089716123,0,0,0,0,0,85.7623170715703,325.937289045041,0,0,173.538155409849,153.672550905948,0,0
106.926813611922,76.5072790361762,0,0,0,153.876396855887,0,0,0,0,0,0,0,0,113.059176128709,0,0,0,0,0,0,0,0,0,0,0,0,0,0,0,0,0,0,0,0,0,0,0,0,323.781250289068,240.185081663983
0,0,0,0,0,0,0,0,0,163.945208919892,204.084074037941,0,0,0,0,0,0,0,0,191.519780382943,0,284.529238481835,0,193.777661225572,0,0,0,0,0,0,0,0,0,98.6790043377568,161.325017232684,0,101.605593487621,98.417953423071,0,196.04190773555,186.348837226466
0,0,0,0,269.936825670274,0,0,97.3506957544063,0,0,0,0,0,0,0,0,0,0,0,0,0,0,0,0,0,0,0,115.871357769661,0,0,0,0,0,0,0,0,0,0,0,283.88658203332,195.378266313867
0,209.996727521564,0,0,201.44584889478,321.864157986053,0,215.611029055736,253.401634605989,161.275817184598,112.793316814908,104.369974912428,0,163.059043292369,58.3493451392805,0,0,213.67670887414,0,101.350815329073,157.852515740516,0,0,259.442917595754,169.453147353278,0,0,160.537522273714,221.805809452716,85.7623170715703,0,98.6790043377568,0,0,162.833808134102,179.718364159796,247.66948903751,195.314816908693,97.3232815600345,280.376028997576,139.792601838991
0,0,0,0,92.3502314520023,0,0,205.839960264176,168.241326865882,73.1029054543569,0,113.144980278377,0,0,159.183173818572,146.465927798921,99.3508940827211,0,0,172.892533368851,0,180.355266595273,94.8881692391942,231.050882209,78.8552325762656,74.5815074003433,214.116367924649,0,128.846764897717,325.937289045041,0,161.325017232684,0,162.833808134102,0,148.808626413748,173.059382066957,154.142998692322,164.032723165762,80.4367166559625,128.530575464043
0,0,0,173.201474590904,180.543851962045,173.001559092555,71.5579325720569,0,204.481117647118,124.853650664477,192.601533877686,0,0,0,0,321.124897279917,0,116.176698124939,101.443495235174,0,0,0,0,0,0,62.859596780235,0,193.63278243493,94.126460729827,0,0,0,0,179.718364159796,148.808626413748,0,188.936291522747,106.128596538706,198.964527389285,0,249.798812580765
0,74.4197823064597,0,72.2278283150671,202.712457066107,0,111.435629183184,142.385058730083,197.486504603685,335.371040201042,0,114.511014214502,184.249961885477,0,190.185165668632,259.055025639447,309.997227542691,224.523755099568,0,236.681907140956,92.5207898118833,205.09013266389,161.74915061469,276.620869034647,125.81518738273,211.840482897052,0,151.036729364761,133.218162784108,0,0,101.605593487621,0,247.66948903751,173.059382066957,188.936291522747,0,252.487290983309,262.382215657622,82.6299537488922,289.631679007608
0,0,0,192.693757128262,0,0,0,142.054529471577,0,0,73.4795582048751,139.93285932648,172.608400267715,89.9429017381717,0,0,90.7216186966914,0,0,181.316358113209,154.070293657878,0,0,0,0,238.934743274142,0,92.5568465385234,345.797434674459,173.538155409849,0,98.417953423071,0,195.314816908693,154.142998692322,106.128596538706,252.487290983309,0,82.4756938751058,137.177378802006,0
0,0,0,87.8456058929559,0,0,0,0,0,138.425725342224,0,0,0,0,0,200.878319874537,0,0,0,193.659409924573,0,0,0,255.441154257905,128.405764333981,140.574866691684,0,117.208001126138,0,153.672550905948,0,0,0,97.3232815600345,164.032723165762,198.964527389285,262.382215657622,82.4756938751058,0,0,251.098274723989
0,0,158.955087279859,134.566479261133,99.2646516363145,0,0,74.7304794244225,0,160.530221557972,108.136066660554,0,0,180.90030328818,0,119.728129215699,106.33736463831,98.2230592632363,220.901129804706,201.100640800745,0,0,100.812745974529,241.635434294794,0,150.161410108805,303.527509149359,217.157696745803,0,0,323.781250289068,196.04190773555,283.88658203332,280.376028997576,80.4367166559625,0,82.6299537488922,137.177378802006,0,0,348.674510760064
0,0,0,0,0,137.239127032733,104.915316975638,0,165.893015276821,135.294330067913,0,0,0,198.528111506785,0,192.135034768848,0,135.667029391615,0,0,0,0,119.345624434514,115.541295036174,0,125.994729980093,0,103.519938150021,225.013371621378,0,240.185081663983,186.348837226466,195.378266313867,139.792601838991,128.530575464043,249.798812580765,289.631679007608,0,251.098274723989,348.674510760064,0
