0,0,0,0,0,0,0,0,0,0,0,0,0,0,161.325017232684,0,0,0,0,0,0,0,0,335.371040201042,0,0,111.435629183184,0,0,0,0,0,0,0,0,314.611698427915,101.605593487621,0,0,0,108.136066660554
0,0,0,0,178.748963182352,0,0,0,0,94.9380989123498,303.527509149359,0,0,0,0,0,0,0,0,0,0,0,0,0,0,0,151.036729364761,0,0,0,0,0,0,154.070293657878,104.915316975638,0,0,0,0,155.901486485736,0
0,0,0,0,0,0,0,0,0,0,0,0,0,0,0,0,0,0,0,0,112.349934713559,0,0,0,0,0,0,0,171.230058197369,0,0,0,0,89.9429017381717,0,0,158.567996645797,0,0,269.936825670274,0
0,0,0,0,0,0,0,0,0,0,0,0,0,0,0,0,0,0,108.381749703452,0,0,173.059382066957,90.1317194604647,115.332064605654,0,263.534399241887,74.7304794244225,0,0,0,0,196.04190773555,217.157696745803,222.053792850439,80.8080171296381,0,193.777661225572,329.719143597451,0,0,261.605527103798
0,178.748963182352,0,0,0,163.059043292369,0,0,0,0,221.805809452716,0,0,0,173.001559092555,153.876396855887,0,0,0,0,0,0,161.275817184598,0,0,146.770754374523,240.185081663983,96.7845769653343,120.567029282014,138.33942793804,0,0,0,0,0,113.144980278377,0,323.781250289068,0,309.997227542691,0
0,0,0,0,163.059043292369,0,164.032723165762,0,0,180.355266595273,0,173.201474590904,0,0,0,0,93.4234866874731,0,0,247.66948903751,0,180.543851962045,92.5568465385234,97.3506957544063,0,0,0,179.718364159796,136.792307586862,184.249961885477,0,0,0,0,255.441154257905,0,0,62.859596780235,0,0,0
0,0,0,0,0,164.032723165762,0,0,0,71.5579325720569,186.973586461633,0,0,0,0,0,0,0,137.239127032733,0,0,0,214.116367924649,202.712457066107,0,220.901129804706,0,137.177378802006,0,197.486504603685,0,0,0,0,0,85.6072705949986,192.135034768848,0,0,199.492852797962,109.093416850988
0,0,0,0,0,0,0,0,0,84.3635741045246,85.7623170715703,153.609372090384,146.99041817625,0,0,151.075371308616,0,228.075434767255,0,143.005810983322,0,0,0,249.798812580765,0,0,106.926813611922,82.4756938751058,345.797434674459,0,0,0,0,124.698445421759,93.5029580098427,87.8456058929559,118.522099274347,0,0,0,98.6790043377568
0,0,0,0,0,0,0,0,0,125.994729980093,117.208001126138,165.893015276821,0,133.218162784108,0,0,0,0,0,0,0,148.808626413748,120.912756812582,0,0,0,0,74.5815074003433,0,0,0,0,0,0,161.694997919804,0,220.963068032256,0,173.538155409849,0,197.893790332676
0,94.9380989123498,0,0,0,180.355266595273,71.5579325720569,84.3635741045246,125.994729980093,0,0,192.693757128262,0,0,0,0,104.369974912428,0,106.533627130087,0,72.2278283150671,0,0,0,0,0,113.059176128709,98.2230592632363,0,0,0,262.382215657622,0,193.055010680236,0,139.93285932648,204.481117647118,122.106946855269,0,212.592150359921,98.417953423071
0,303.527509149359,0,0,221.805809452716,0,186.973586461633,85.7623170715703,117.208001126138,0,0,92.5207898118833,0,194.442125915551,0,0,0,0,0,0,0,0,0,0,128.405764333981,0,0,125.416941482916,128.846764897717,0,0,177.763106506206,0,219.078548227669,94.027247878695,0,0,112.823430872325,0,134.960780198024,172.608400267715
0,0,0,0,0,173.201474590904,0,153.609372090384,165.893015276821,192.693757128262,92.5207898118833,0,0,97.3232815600345,101.85207633558,0,0,0,0,0,82.1742780037132,0,0,284.529238481835,0,115.194491798135,94.8881692391942,195.314816908693,249.905610015455,114.649126378906,0,0,0,142.054529471577,0,101.350815329073,145.74089716123,190.185165668632,259.055025639447,157.852515740516,169.453147353278
0,0,0,0,0,0,0,146.99041817625,0,0,0,0,0,0,0,0,0,0,0,0,0,0,259.442917595754,0,0,0,89.707245288964,0,0,0,0,0,0,188.851177466023,0,0,142.385058730083,0,178.683678585178,0,0
0,0,0,0,0,0,0,0,133.218162784108,0,194.442125915551,97.3232815600345,0,0,0,211.840482897052,0,0,0,141.204637091722,0,0,276.620869034647,0,231.715271819474,90.7216186966914,0,82.6299537488922,196.032358954952,0,0,0,224.523755099568,242.790381480436,95.7590805983148,0,0,0,0,338.131802716296,0
161.325017232684,0,0,0,173.001559092555,0,0,0,0,0,0,101.85207633558,0,0,0,0,0,0,347.376449530863,180.90030328818,0,0,0,119.728129215699,0,0,0,353.822894641502,0,0,0,0,0,146.465927798921,0,0,128.530575464043,75.4497121078207,151.695570509541,80.4367166559625,0
0,0,0,0,153.876396855887,0,0,151.075371308616,0,0,0,0,0,211.840482897052,0,0,0,0,0,0,0,0,0,0,0,191.519780382943,0,0,300.031143529538,134.566479261133,161.302948562323,89.1590885155172,0,76.5072790361762,215.611029055736,0,175.196329314064,0,0,0,0
0,0,0,0,0,93.4234866874731,0,0,0,104.369974912428,0,0,0,0,0,0,0,0,0,167.066576495979,78.8552325762656,0,0,0,0,0,0,125.81518738273,0,0,0,251.098274723989,0,0,151.806152521152,0,116.054372245433,0,0,192.601533877686,131.969743415579
0,0,0,0,0,0,0,228.075434767255,0,0,0,0,0,0,0,0,0,0,0,0,0,0,0,0,0,0,138.425725342224,137.189596148386,0,0,0,0,0,226.825099357786,325.937289045041,0,348.674510760064,0,198.528111506785,195.378266313867,241.635434294794
0,0,0,108.381749703452,0,0,137.239127032733,0,0,106.533627130087,0,0,0,0,347.376449530863,0,0,0,0,0,0,0,0,178.224497384947,101.895308036513,321.864157986053,0,154.784755881607,0,0,0,200.878319874537,0,0,0,0,206.472608421747,139.792601838991,0,146.814226519809,0
0,0,0,0,0,247.66948903751,0,143.005810983322,0,0,0,0,0,141.204637091722,180.90030328818,0,167.066576495979,0,0,0,70.4221432298295,0,0,0,0,103.519938150021,115.868441404982,110.384905066973,158.955087279859,0,78.9559315574845,0,0,151.01089327964,161.74915061469,94.126460729827,119.345624434514,227.504408813069,0,133.984214699576,0
0,0,112.349934713559,0,0,0,0,0,0,72.2278283150671,0,82.1742780037132,0,0,0,0,78.8552325762656,0,0,70.4221432298295,0,0,73.1029054543569,0,140.574866691684,0,0,0,0,0,0,0,0,94.7529894315991,280.376028997576,0,0,357.423078228283,154.065933476765,111.226326353722,106.128596538706
0,0,0,173.059382066957,0,180.543851962045,0,0,148.808626413748,0,0,0,0,0,0,0,0,0,0,0,0,0,0,0,0,224.551207449728,0,0,252.487290983309,0,205.183249704085,0,0,0,0,0,0,0,0,89.3673883748406,58.3493451392805
0,0,0,90.1317194604647,161.275817184598,92.5568465385234,214.116367924649,0,120.912756812582,0,0,0,259.442917595754,276.620869034647,0,0,0,0,0,0,73.1029054543569,0,0,0,160.530221557972,81.9664354533492,238.934743274142,0,320.356811100276,0,0,0,0,205.839960264176,306.640284138334,0,0,0,0,321.124897279917,0
335.371040201042,0,0,115.332064605654,0,97.3506957544063,202.712457066107,249.798812580765,0,0,0,284.529238481835,0,0,119.728129215699,0,0,0,178.224497384947,0,0,0,0,0,0,114.511014214502,106.33736463831,139.654362654449,0,0,174.013630695256,0,0,0,160.537522273714,115.871357769661,74.4197823064597,153.672550905948,241.682021696872,188.936291522747,135.294330067913
0,0,0,0,0,0,0,0,0,0,128.405764333981,0,0,231.715271819474,0,0,0,0,101.895308036513,0,140.574866691684,0,160.530221557972,0,0,0,0,223.705816669619,0,0,163.945208919892,0,0,0,231.050882209,0,0,0,92.3502314520023,96.5937438588657,0
0,0,0,263.534399241887,146.770754374523,0,220.901129804706,0,0,0,0,115.194491798135,0,90.7216186966914,0,191.519780382943,0,0,321.864157986053,103.519938150021,0,224.551207449728,81.9664354533492,114.511014214502,0,0,99.2646516363145,0,171.906398392157,0,0,0,0,81.2827395071039,195.822649557859,82.6426202489162,71.4788760670054,306.344527664232,0,159.183173818572,209.996727521564
111.435629183184,151.036729364761,0,74.7304794244225,240.185081663983,0,0,106.926813611922,0,113.059176128709,0,94.8881692391942,89.707245288964,0,0,0,0,138.425725342224,0,115.868441404982,0,0,238.934743274142,106.33736463831,0,99.2646516363145,0,225.013371621378,136.685314494491,0,0,0,0,150.161410108805,116.176698124939,213.67670887414,283.88658203332,0,0,0,250.461724766314
0,0,0,0,96.7845769653343,179.718364159796,137.177378802006,82.4756938751058,74.5815074003433,98.2230592632363,125.416941482916,195.314816908693,0,82.6299537488922,353.822894641502,0,125.81518738273,137.189596148386,154.784755881607,110.384905066973,0,0,0,139.654362654449,223.705816669619,0,225.013371621378,0,253.401634605989,97.5855511246009,0,124.853650664477,0,169.742003380707,228.792310020318,61.0664810463559,236.681907140956,218.045528847001,115.541295036174,219.430938885781,0
0,0,171.230058197369,0,120.567029282014,136.792307586862,0,345.797434674459,0,0,128.846764897717,249.905610015455,0,196.032358954952,0,300.031143529538,0,0,0,158.955087279859,0,252.487290983309,320.356811100276,0,0,171.906398392157,136.685314494491,253.401634605989,0,172.892533368851,0,0,0,187.77054666536,186.348837226466,0,101.5853655613,162.833808134102,0,67.8267069095267,165.597665022977
0,0,0,0,138.33942793804,184.249961885477,197.486504603685,0,0,0,0,114.649126378906,0,0,0,134.566479261133,0,0,0,0,0,0,0,0,0,0,0,97.5855511246009,172.892533368851,0,0,0,0,0,0,73.4795582048751,115.114253591495,101.443495235174,0,0,206.912707094411
0,0,0,0,0,0,0,0,0,0,0,0,0,0,0,161.302948562323,0,0,0,78.9559315574845,0,205.183249704085,0,174.013630695256,163.945208919892,0,0,0,0,0,0,0,0,0,0,0,154.142998692322,0,0,0,0
0,0,0,196.04190773555,0,0,0,0,0,262.382215657622,177.763106506206,0,0,0,0,89.1590885155172,251.098274723989,0,200.878319874537,0,0,0,0,0,0,0,0,124.853650664477,0,0,0,0,0,135.667029391615,0,183.786860782462,94.7280504127031,0,112.793316814908,0,0
0,0,0,217.157696745803,0,0,0,0,0,0,0,0,0,224.523755099568,0,0,0,0,0,0,0,0,0,0,0,0,0,0,0,0,0,0,0,100.812745974529,0,0,153.453047983244,0,0,0,62.311273509377
0,154.070293657878,89.9429017381717,222.053792850439,0,0,0,124.698445421759,0,193.055010680236,219.078548227669,142.054529471577,188.851177466023,242.790381480436,146.465927798921,76.5072790361762,0,226.825099357786,0,151.01089327964,94.7529894315991,0,205.839960264176,0,0,81.2827395071039,150.161410108805,169.742003380707,187.77054666536,0,0,135.667029391615,100.812745974529,0,99.3508940827211,205.09013266389,66.5008477853491,261.440278806413,201.100640800745,0,0
0,104.915316975638,0,80.8080171296381,0,255.441154257905,0,93.5029580098427,161.694997919804,0,94.027247878695,0,0,95.7590805983148,0,215.611029055736,151.806152521152,325.937289045041,0,161.74915061469,280.376028997576,0,306.640284138334,160.537522273714,231.050882209,195.822649557859,116.176698124939,228.792310020318,186.348837226466,0,0,0,0,99.3508940827211,0,232.945974238958,333.645516435298,0,208.005106191961,241.57250333243,181.316358113209
314.611698427915,0,0,0,113.144980278377,0,85.6072705949986,87.8456058929559,0,139.93285932648,0,101.350815329073,0,0,0,0,0,0,0,94.126460729827,0,0,0,115.871357769661,0,82.6426202489162,213.67670887414,61.0664810463559,0,73.4795582048751,0,183.786860782462,0,205.09013266389,232.945974238958,0,283.248188884028,193.63278243493,0,198.964527389285,204.084074037941
101.605593487621,0,158.567996645797,193.777661225572,0,0,192.135034768848,118.522099274347,220.963068032256,204.481117647118,0,145.74089716123,142.385058730083,0,128.530575464043,175.196329314064,116.054372245433,348.674510760064,206.472608421747,119.345624434514,0,0,0,74.4197823064597,0,71.4788760670054,283.88658203332,236.681907140956,101.5853655613,115.114253591495,154.142998692322,94.7280504127031,153.453047983244,66.5008477853491,333.645516435298,283.248188884028,0,201.44584889478,168.241326865882,219.040656038919,0
0,0,0,329.719143597451,323.781250289068,62.859596780235,0,0,0,122.106946855269,112.823430872325,190.185165668632,0,0,75.4497121078207,0,0,0,139.792601838991,227.504408813069,357.423078228283,0,0,153.672550905948,0,306.344527664232,0,218.045528847001,162.833808134102,101.443495235174,0,0,0,261.440278806413,0,193.63278243493,201.44584889478,0,155.24952173131,289.631679007608,0
0,0,0,0,0,0,0,0,173.538155409849,0,0,259.055025639447,178.683678585178,0,151.695570509541,0,0,198.528111506785,0,0,154.065933476765,0,0,241.682021696872,92.3502314520023,0,0,115.541295036174,0,0,0,112.793316814908,0,201.100640800745,208.005106191961,0,168.241326865882,155.24952173131,0,0,193.659409924573
0,155.901486485736,269.936825670274,0,309.997227542691,0,199.492852797962,0,0,212.592150359921,134.960780198024,157.852515740516,0,338.131802716296,80.4367166559625,0,192.601533877686,195.378266313867,146.814226519809,133.984214699576,111.226326353722,89.3673883748406,321.124897279917,188.936291522747,96.5937438588657,159.183173818572,0,219.430938885781,67.8267069095267,0,0,0,0,0,241.57250333243,198.964527389285,219.040656038919,289.631679007608,0,0,0
108.136066660554,0,0,261.605527103798,0,0,109.093416850988,98.6790043377568,197.893790332676,98.417953423071,172.608400267715,169.453147353278,0,0,0,0,131.969743415579,241.635434294794,0,0,106.128596538706,58.3493451392805,0,135.294330067913,0,209.996727521564,250.461724766314,0,165.597665022977,206.912707094411,0,0,62.311273509377,0,181.316358113209,204.084074037941,0,0,193.659409924573,0,0
