0,196.04190773555,0,0,0,135.667029391615,0,0,0,0,0,0,0,106.926813611922,0,0,0,0,0,0,0,0,0,0,0,0,0,321.864157986053,0,0,0,0,0,0,0,0,115.332064605654,0,0,153.609372090384,0
196.04190773555,0,0,0,0,0,0,0,0,113.059176128709,0,0,0,0,0,0,0,94.7280504127031,134.566479261133,0,0,0,0,0,0,0,253.401634605989,0,151.806152521152,0,0,0,0,0,0,0,205.09013266389,0,0,0,0
0,0,0,0,0,0,0,0,0,0,0,0,0,0,0,0,0,0,0,96.7845769653343,218.045528847001,0,222.053792850439,0,0,214.116367924649,0,0,0,0,0,0,0,0,0,0,303.527509149359,0,0,0,0
0,0,0,0,0,134.960780198024,0,112.349934713559,0,0,0,241.635434294794,0,0,0,0,100.812745974529,0,0,173.201474590904,0,0,0,0,0,0,333.645516435298,108.381749703452,151.075371308616,0,0,0,58.3493451392805,231.050882209,227.504408813069,0,0,0,0,101.443495235174,161.275817184598
0,0,0,0,0,0,140.574866691684,192.135034768848,0,0,0,0,0,0,0,0,0,0,0,0,0,0,0,205.183249704085,145.74089716123,82.1742780037132,348.674510760064,125.994729980093,202.712457066107,0,0,0,0,119.728129215699,220.963068032256,321.124897279917,190.185165668632,101.350815329073,0,0,155.901486485736
135.667029391615,0,0,134.960780198024,0,0,0,0,0,0,0,0,111.226326353722,0,0,0,276.620869034647,112.823430872325,0,101.85207633558,0,0,178.224497384947,223.705816669619,0,0,221.805809452716,114.511014214502,0,0,0,0,0,136.792307586862,0,204.481117647118,0,199.492852797962,0,0,139.792601838991
0,0,0,0,140.574866691684,0,0,0,0,0,0,179.718364159796,0,0,0,0,0,0,0,94.8881692391942,0,101.895308036513,153.453047983244,0,0,61.0664810463559,101.5853655613,0,224.551207449728,0,0,0,0,97.5855511246009,0,0,75.4497121078207,0,82.4756938751058,153.672550905948,139.654362654449
0,0,0,112.349934713559,192.135034768848,0,0,0,0,0,0,89.9429017381717,99.3508940827211,0,62.311273509377,0,0,0,0,124.698445421759,0,188.851177466023,0,108.136066660554,0,180.543851962045,137.189596148386,205.839960264176,110.384905066973,0,0,0,0,187.77054666536,0,0,90.1317194604647,104.369974912428,0,0,213.67670887414
0,0,0,0,0,0,0,0,0,198.528111506785,0,306.640284138334,0,0,161.302948562323,0,323.781250289068,0,186.348837226466,0,0,0,212.592150359921,0,0,0,0,173.001559092555,0,0,0,0,0,138.33942793804,0,111.435629183184,0,0,0,73.4795582048751,136.685314494491
0,113.059176128709,0,0,0,0,0,0,198.528111506785,0,201.100640800745,0,0,0,151.01089327964,153.876396855887,0,0,0,0,192.601533877686,0,0,165.893015276821,0,261.605527103798,284.529238481835,118.522099274347,154.065933476765,0,172.892533368851,103.519938150021,0,0,215.611029055736,0,133.218162784108,89.3673883748406,200.878319874537,306.344527664232,0
0,0,0,0,0,0,0,0,0,201.100640800745,0,115.541295036174,0,0,0,81.2827395071039,92.3502314520023,125.416941482916,0,0,0,80.4367166559625,133.984214699576,0,128.846764897717,259.055025639447,0,219.040656038919,0,116.054372245433,0,0,0,209.996727521564,159.183173818572,0,231.715271819474,0,0,162.833808134102,269.936825670274
0,0,0,241.635434294794,0,0,179.718364159796,89.9429017381717,306.640284138334,0,115.541295036174,0,0,219.078548227669,0,259.442917595754,0,0,0,224.523755099568,0,0,192.693757128262,0,329.719143597451,146.814226519809,171.906398392157,174.013630695256,177.763106506206,120.912756812582,0,0,0,66.5008477853491,0,0,228.075434767255,94.7529894315991,300.031143529538,70.4221432298295,154.070293657878
0,0,0,0,0,111.226326353722,0,99.3508940827211,0,0,0,0,0,0,97.3232815600345,0,0,0,0,0,0,0,197.893790332676,0,0,0,0,0,0,0,0,0,0,0,0,0,193.63278243493,201.44584889478,0,0,0
106.926813611922,0,0,0,0,0,0,0,0,0,0,219.078548227669,0,0,0,0,0,98.6790043377568,314.611698427915,255.441154257905,0,0,163.059043292369,184.249961885477,0,347.376449530863,0,90.7216186966914,0,169.742003380707,0,0,0,0,0,146.770754374523,115.868441404982,0,124.853650664477,0,219.430938885781
0,0,0,0,0,0,0,62.311273509377,161.302948562323,151.01089327964,0,0,97.3232815600345,0,0,0,0,0,0,249.905610015455,0,0,0,178.683678585178,0,0,0,142.385058730083,135.294330067913,0,0,119.345624434514,0,0,94.9380989123498,0,120.567029282014,0,0,98.2230592632363,0
0,0,0,0,0,0,0,0,0,153.876396855887,81.2827395071039,259.442917595754,0,0,0,0,0,0,0,0,0,0,217.157696745803,0,0,0,0,0,139.93285932648,0,0,0,0,93.5029580098427,0,163.945208919892,78.9559315574845,197.486504603685,0,96.5937438588657,74.7304794244225
0,0,0,100.812745974529,0,276.620869034647,0,0,323.781250289068,0,92.3502314520023,0,0,0,0,0,0,0,155.24952173131,0,0,0,0,0,0,262.382215657622,0,0,80.8080171296381,0,0,0,0,128.405764333981,167.066576495979,0,0,0,173.059382066957,0,0
0,94.7280504127031,0,0,0,112.823430872325,0,0,0,0,125.416941482916,0,0,98.6790043377568,0,0,0,0,0,0,0,0,0,0,0,0,0,71.4788760670054,0,238.934743274142,0,0,0,280.376028997576,0,0,180.355266595273,0,0,97.3506957544063,0
0,134.566479261133,0,0,0,0,0,0,186.348837226466,0,0,0,0,314.611698427915,0,0,155.24952173131,0,0,161.694997919804,0,0,0,157.852515740516,0,0,0,78.8552325762656,0,0,0,0,0,142.054529471577,114.649126378906,0,0,353.822894641502,81.9664354533492,320.356811100276,0
0,0,96.7845769653343,173.201474590904,0,101.85207633558,94.8881692391942,124.698445421759,0,0,0,224.523755099568,0,255.441154257905,249.905610015455,0,0,0,161.694997919804,0,115.871357769661,0,0,0,0,0,106.128596538706,0,263.534399241887,194.442125915551,0,0,0,168.241326865882,241.57250333243,0,0,0,71.5579325720569,160.530221557972,0
0,0,218.045528847001,0,0,0,0,0,0,192.601533877686,0,0,0,0,0,0,0,0,0,115.871357769661,0,0,0,165.597665022977,0,0,0,161.74915061469,87.8456058929559,0,0,0,196.032358954952,89.707245288964,193.055010680236,101.605593487621,74.4197823064597,0,95.7590805983148,0,325.937289045041
0,0,0,0,0,0,101.895308036513,188.851177466023,0,0,80.4367166559625,0,0,0,0,0,0,0,0,0,0,0,0,0,0,116.176698124939,0,0,0,0,0,0,0,338.131802716296,228.792310020318,0,150.161410108805,283.248188884028,0,0,0
0,0,222.053792850439,0,0,178.224497384947,153.453047983244,0,212.592150359921,0,133.984214699576,192.693757128262,197.893790332676,163.059043292369,0,217.157696745803,0,0,0,0,0,0,0,0,0,0,0,0,0,0,0,226.825099357786,0,0,309.997227542691,62.859596780235,220.901129804706,247.66948903751,0,0,180.90030328818
0,0,0,0,205.183249704085,223.705816669619,0,108.136066660554,0,165.893015276821,0,0,0,184.249961885477,178.683678585178,0,0,0,157.852515740516,0,165.597665022977,0,0,0,175.196329314064,72.2278283150671,0,0,188.936291522747,232.945974238958,82.6299537488922,106.33736463831,0,160.537522273714,0,117.208001126138,98.417953423071,0,0,92.5207898118833,206.912707094411
0,0,0,0,145.74089716123,0,0,0,0,0,128.846764897717,329.719143597451,0,0,0,0,0,0,0,0,0,0,0,175.196329314064,0,0,0,0,0,137.177378802006,0,0,195.314816908693,0,183.786860782462,93.4234866874731,0,345.797434674459,0,283.88658203332,0
0,0,214.116367924649,0,82.1742780037132,0,61.0664810463559,180.543851962045,0,261.605527103798,259.055025639447,146.814226519809,0,347.376449530863,0,0,262.382215657622,0,0,0,0,116.176698124939,0,72.2278283150671,0,0,141.204637091722,198.964527389285,0,0,252.487290983309,0,0,171.230058197369,241.682021696872,113.144980278377,357.423078228283,0,0,146.99041817625,249.798812580765
0,253.401634605989,0,333.645516435298,348.674510760064,221.805809452716,101.5853655613,137.189596148386,0,284.529238481835,0,171.906398392157,0,0,0,0,0,0,0,106.128596538706,0,0,0,0,0,141.204637091722,0,169.453147353278,122.106946855269,94.126460729827,0,0,0,115.114253591495,84.3635741045246,251.098274723989,0,137.239127032733,154.784755881607,191.519780382943,240.185081663983
321.864157986053,0,0,108.381749703452,125.994729980093,114.511014214502,0,205.839960264176,173.001559092555,118.522099274347,219.040656038919,174.013630695256,0,90.7216186966914,142.385058730083,0,0,71.4788760670054,78.8552325762656,0,161.74915061469,0,0,0,0,198.964527389285,169.453147353278,0,73.1029054543569,164.032723165762,125.81518738273,206.472608421747,193.777661225572,151.036729364761,85.6072705949986,236.681907140956,0,261.440278806413,0,208.005106191961,242.790381480436
0,151.806152521152,0,151.075371308616,202.712457066107,0,224.551207449728,110.384905066973,0,154.065933476765,0,177.763106506206,0,0,135.294330067913,139.93285932648,80.8080171296381,0,0,263.534399241887,87.8456058929559,0,0,188.936291522747,0,0,122.106946855269,73.1029054543569,0,0,0,0,0,76.5072790361762,173.538155409849,289.631679007608,143.005810983322,92.5568465385234,0,74.5815074003433,0
0,0,0,0,0,0,0,0,0,0,116.054372245433,120.912756812582,0,169.742003380707,0,0,0,238.934743274142,0,194.442125915551,0,0,0,232.945974238958,137.177378802006,0,94.126460729827,164.032723165762,0,0,0,0,0,0,204.084074037941,0,225.013371621378,0,0,0,0
0,0,0,0,0,0,0,0,0,172.892533368851,0,0,0,0,0,0,0,0,0,0,0,0,0,82.6299537488922,0,252.487290983309,0,125.81518738273,0,0,0,0,0,0,0,0,128.530575464043,0,0,0,161.325017232684
0,0,0,0,0,0,0,0,0,103.519938150021,0,0,0,0,119.345624434514,0,0,0,0,0,0,0,226.825099357786,106.33736463831,0,0,0,206.472608421747,0,0,0,0,0,186.973586461633,178.748963182352,0,106.533627130087,67.8267069095267,0,151.695570509541,146.465927798921
0,0,0,58.3493451392805,0,0,0,0,0,0,0,0,0,0,0,0,0,0,0,0,196.032358954952,0,0,0,195.314816908693,0,0,193.777661225572,0,0,0,0,0,0,0,0,0,0,0,0,99.2646516363145
0,0,0,231.050882209,119.728129215699,136.792307586862,97.5855511246009,187.77054666536,138.33942793804,0,209.996727521564,66.5008477853491,0,0,0,93.5029580098427,128.405764333981,280.376028997576,142.054529471577,168.241326865882,89.707245288964,338.131802716296,0,160.537522273714,0,171.230058197369,115.114253591495,151.036729364761,76.5072790361762,0,0,186.973586461633,0,0,82.6426202489162,195.822649557859,85.7623170715703,0,195.378266313867,193.659409924573,0
0,0,0,227.504408813069,220.963068032256,0,0,0,0,215.611029055736,159.183173818572,0,0,0,94.9380989123498,0,167.066576495979,0,114.649126378906,241.57250333243,193.055010680236,228.792310020318,309.997227542691,0,183.786860782462,241.682021696872,84.3635741045246,85.6072705949986,173.538155409849,204.084074037941,0,178.748963182352,0,82.6426202489162,0,172.608400267715,158.955087279859,131.969743415579,158.567996645797,154.142998692322,181.316358113209
0,0,0,0,321.124897279917,204.481117647118,0,0,111.435629183184,0,0,0,0,146.770754374523,0,163.945208919892,0,0,0,0,101.605593487621,0,62.859596780235,117.208001126138,93.4234866874731,113.144980278377,251.098274723989,236.681907140956,289.631679007608,0,0,0,0,195.822649557859,172.608400267715,0,104.915316975638,138.425725342224,115.194491798135,335.371040201042,0
115.332064605654,205.09013266389,303.527509149359,0,190.185165668632,0,75.4497121078207,90.1317194604647,0,133.218162784108,231.715271819474,228.075434767255,193.63278243493,115.868441404982,120.567029282014,78.9559315574845,0,180.355266595273,0,0,74.4197823064597,150.161410108805,220.901129804706,98.417953423071,0,357.423078228283,0,0,143.005810983322,225.013371621378,128.530575464043,106.533627130087,0,85.7623170715703,158.955087279859,104.915316975638,0,211.840482897052,94.027247878695,112.793316814908,148.808626413748
0,0,0,0,101.350815329073,199.492852797962,0,104.369974912428,0,89.3673883748406,0,94.7529894315991,201.44584889478,0,0,197.486504603685,0,0,353.822894641502,0,0,283.248188884028,247.66948903751,0,345.797434674459,0,137.239127032733,261.440278806413,92.5568465385234,0,0,67.8267069095267,0,0,131.969743415579,138.425725342224,211.840482897052,0,250.461724766314,109.093416850988,0
0,0,0,0,0,0,82.4756938751058,0,0,200.878319874537,0,300.031143529538,0,124.853650664477,0,0,173.059382066957,0,81.9664354533492,71.5579325720569,95.7590805983148,0,0,0,0,0,154.784755881607,0,0,0,0,0,0,195.378266313867,158.567996645797,115.194491798135,94.027247878695,250.461724766314,0,89.1590885155172,0
153.609372090384,0,0,101.443495235174,0,0,153.672550905948,0,73.4795582048751,306.344527664232,162.833808134102,70.4221432298295,0,0,98.2230592632363,96.5937438588657,0,97.3506957544063,320.356811100276,160.530221557972,0,0,0,92.5207898118833,283.88658203332,146.99041817625,191.519780382943,208.005106191961,74.5815074003433,0,0,151.695570509541,0,193.659409924573,154.142998692322,335.371040201042,112.793316814908,109.093416850988,89.1590885155172,0,0
0,0,0,161.275817184598,155.901486485736,139.792601838991,139.654362654449,213.67670887414,136.685314494491,0,269.936825670274,154.070293657878,0,219.430938885781,0,74.7304794244225,0,0,0,0,325.937289045041,0,180.90030328818,206.912707094411,0,249.798812580765,240.185081663983,242.790381480436,0,0,161.325017232684,146.465927798921,99.2646516363145,0,181.316358113209,0,148.808626413748,0,0,0,0
