0,0,0,0,0,348.674510760064,0,223.705816669619,0,224.523755099568,85.6072705949986,0,0,0,0,0,0,0,0,0,0,0,0,0,0,0,0,0,0,0,0,0,0,0,0,0,0,125.416941482916,0,0,78.8552325762656
0,0,0,0,0,0,0,0,0,0,0,141.204637091722,0,97.3232815600345,89.9429017381717,0,0,0,0,0,0,0,0,104.915316975638,150.161410108805,0,0,0,0,0,0,0,0,0,135.667029391615,0,0,0,0,259.442917595754,0
0,0,0,0,0,0,139.654362654449,0,0,0,94.7280504127031,0,0,0,0,0,0,0,0,0,0,0,0,0,0,0,0,0,71.4788760670054,0,0,0,0,0,0,0,0,0,73.1029054543569,122.106946855269,0
0,0,0,0,218.045528847001,94.7529894315991,0,0,125.994729980093,72.2278283150671,0,0,0,0,193.055010680236,143.005810983322,94.9380989123498,0,0,0,0,0,134.566479261133,252.487290983309,0,220.901129804706,0,222.053792850439,0,0,0,0,0,188.851177466023,0,0,0,0,0,0,62.859596780235
0,0,0,218.045528847001,0,0,0,0,0,0,0,213.67670887414,0,154.065933476765,184.249961885477,89.707245288964,0,74.7304794244225,0,338.131802716296,0,0,0,101.443495235174,0,0,0,0,0,0,0,0,0,219.040656038919,195.314816908693,0,97.3506957544063,255.441154257905,0,151.036729364761,80.8080171296381
348.674510760064,0,0,94.7529894315991,0,0,0,0,0,146.99041817625,0,0,0,113.059176128709,261.605527103798,0,0,172.892533368851,0,0,62.311273509377,0,300.031143529538,145.74089716123,0,0,0,0,0,0,0,0,0,206.912707094411,214.116367924649,135.294330067913,180.90030328818,0,0,314.611698427915,0
0,0,139.654362654449,0,0,0,0,0,115.541295036174,175.196329314064,0,148.808626413748,0,0,0,0,0,321.124897279917,0,0,0,0,0,0,115.868441404982,0,125.81518738273,0,173.538155409849,0,0,0,100.812745974529,178.748963182352,117.208001126138,0,0,0,0,120.567029282014,186.348837226466
223.705816669619,0,0,0,0,0,0,0,0,197.893790332676,240.185081663983,0,0,204.084074037941,0,0,115.194491798135,0,82.1742780037132,0,151.075371308616,0,118.522099274347,66.5008477853491,0,263.534399241887,0,0,192.135034768848,0,0,0,0,0,161.302948562323,0,109.093416850988,169.742003380707,0,249.798812580765,303.527509149359
0,0,0,125.994729980093,0,0,115.541295036174,0,0,0,171.906398392157,173.201474590904,0,0,0,0,0,321.864157986053,0,0,0,0,101.895308036513,0,196.032358954952,0,0,347.376449530863,0,0,0,0,0,0,151.01089327964,0,151.806152521152,0,0,197.486504603685,0
224.523755099568,0,0,72.2278283150671,0,146.99041817625,175.196329314064,197.893790332676,0,0,0,0,0,0,0,179.718364159796,0,0,241.682021696872,81.2827395071039,93.4234866874731,0,112.349934713559,155.24952173131,0,0,0,98.2230592632363,0,0,0,58.3493451392805,0,116.176698124939,136.792307586862,173.001559092555,204.481117647118,172.608400267715,0,0,0
85.6072705949986,0,94.7280504127031,0,0,0,0,240.185081663983,171.906398392157,0,0,0,0,142.054529471577,61.0664810463559,0,0,0,165.893015276821,124.698445421759,0,0,0,0,0,0,280.376028997576,116.054372245433,92.3502314520023,0,0,0,0,0,78.9559315574845,81.9664354533492,323.781250289068,0,0,201.44584889478,211.840482897052
0,141.204637091722,0,0,213.67670887414,0,148.808626413748,0,173.201474590904,0,0,0,0,0,0,146.770754374523,0,221.805809452716,228.792310020318,0,262.382215657622,249.905610015455,98.417953423071,75.4497121078207,0,206.472608421747,169.453147353278,193.777661225572,0,0,151.695570509541,0,0,186.973586461633,202.712457066107,0,114.649126378906,160.537522273714,0,227.504408813069,138.33942793804
0,0,0,0,0,0,0,0,0,0,0,0,0,0,0,0,0,0,0,0,0,0,108.136066660554,0,201.100640800745,0,0,111.226326353722,0,146.814226519809,0,0,0,0,0,0,0,0,0,247.66948903751,205.183249704085
0,97.3232815600345,0,0,154.065933476765,113.059176128709,0,204.084074037941,0,0,142.054529471577,0,0,0,0,0,0,0,0,0,0,0,0,0,70.4221432298295,212.592150359921,161.694997919804,128.405764333981,0,190.185165668632,0,283.88658203332,0,171.230058197369,134.960780198024,0,108.381749703452,0,0,0,0
0,89.9429017381717,0,193.055010680236,184.249961885477,261.605527103798,0,0,0,0,61.0664810463559,0,0,0,0,0,320.356811100276,0,0,0,0,0,0,153.453047983244,0,94.8881692391942,0,0,193.63278243493,0,0,0,0,0,0,0,67.8267069095267,0,142.385058730083,0,82.6299537488922
0,0,0,143.005810983322,89.707245288964,0,0,0,0,179.718364159796,0,146.770754374523,0,0,0,0,0,0,0,219.430938885781,0,0,140.574866691684,0,0,0,0,333.645516435298,138.425725342224,0,0,0,0,200.878319874537,0,0,0,180.543851962045,0,205.839960264176,0
0,0,0,94.9380989123498,0,0,0,115.194491798135,0,0,0,0,0,0,320.356811100276,0,0,0,0,0,0,191.519780382943,0,0,106.926813611922,0,162.833808134102,158.567996645797,153.609372090384,0,0,0,0,219.078548227669,0,0,89.1590885155172,0,0,0,0
0,0,0,0,74.7304794244225,172.892533368851,321.124897279917,0,321.864157986053,0,0,221.805809452716,0,0,0,0,0,0,0,0,0,0,0,0,0,0,112.823430872325,0,289.631679007608,0,0,0,0,165.597665022977,0,0,0,0,0,0,114.511014214502
0,0,0,0,0,0,0,82.1742780037132,0,241.682021696872,165.893015276821,228.792310020318,0,0,0,0,0,0,0,0,325.937289045041,0,0,0,0,153.672550905948,106.128596538706,101.350815329073,276.620869034647,0,0,0,0,241.635434294794,157.852515740516,0,113.144980278377,0,0,0,0
0,0,0,0,338.131802716296,0,0,0,0,81.2827395071039,124.698445421759,0,0,0,0,219.430938885781,0,0,0,0,119.345624434514,139.792601838991,0,94.027247878695,0,136.685314494491,71.5579325720569,92.5207898118833,160.530221557972,0,0,0,0,198.528111506785,137.239127032733,173.059382066957,120.912756812582,357.423078228283,167.066576495979,0,0
0,0,0,0,0,62.311273509377,0,151.075371308616,0,93.4234866874731,0,262.382215657622,0,0,0,0,0,0,325.937289045041,119.345624434514,0,225.013371621378,0,153.876396855887,0,128.530575464043,0,253.401634605989,0,0,0,0,0,74.5815074003433,101.5853655613,0,115.114253591495,0,0,0,0
0,0,0,0,0,0,0,0,0,0,0,249.905610015455,0,0,0,0,191.519780382943,0,0,139.792601838991,225.013371621378,0,0,0,0,0,0,0,0,0,0,0,0,131.969743415579,196.04190773555,194.442125915551,0,0,0,99.3508940827211,0
0,0,0,134.566479261133,0,300.031143529538,0,118.522099274347,101.895308036513,112.349934713559,0,98.417953423071,108.136066660554,0,0,140.574866691684,0,0,0,0,0,0,0,0,0,284.529238481835,0,96.7845769653343,0,0,0,0,0,0,329.719143597451,209.996727521564,177.763106506206,0,0,137.189596148386,93.5029580098427
0,104.915316975638,0,252.487290983309,101.443495235174,145.74089716123,0,66.5008477853491,0,155.24952173131,0,75.4497121078207,0,0,153.453047983244,0,0,0,0,94.027247878695,153.876396855887,0,0,0,0,128.846764897717,0,84.3635741045246,306.640284138334,0,0,0,0,309.997227542691,195.822649557859,0,89.3673883748406,195.378266313867,232.945974238958,241.57250333243,0
0,150.161410108805,0,0,0,0,115.868441404982,0,196.032358954952,0,0,0,201.100640800745,70.4221432298295,0,0,106.926813611922,0,0,0,0,0,0,0,0,0,345.797434674459,111.435629183184,0,0,0,0,0,250.461724766314,0,0,133.984214699576,0,0,0,0
0,0,0,220.901129804706,0,0,0,263.534399241887,0,0,0,206.472608421747,0,212.592150359921,94.8881692391942,0,0,0,153.672550905948,136.685314494491,128.530575464043,0,284.529238481835,128.846764897717,0,0,198.964527389285,259.055025639447,92.5568465385234,0,208.005106191961,0,0,220.963068032256,178.683678585178,283.248188884028,90.7216186966914,161.275817184598,161.325017232684,0,0
0,0,0,0,0,0,125.81518738273,0,0,0,280.376028997576,169.453147353278,0,161.694997919804,0,0,162.833808134102,112.823430872325,106.128596538706,71.5579325720569,0,0,0,0,345.797434674459,198.964527389285,0,261.440278806413,106.533627130087,76.5072790361762,0,199.492852797962,0,193.659409924573,0,137.177378802006,224.551207449728,155.901486485736,0,231.715271819474,96.5937438588657
0,0,0,222.053792850439,0,0,0,0,347.376449530863,98.2230592632363,116.054372245433,193.777661225572,111.226326353722,128.405764333981,0,333.645516435298,158.567996645797,0,101.350815329073,92.5207898118833,253.401634605989,0,96.7845769653343,84.3635741045246,111.435629183184,259.055025639447,261.440278806413,0,119.728129215699,112.793316814908,159.183173818572,95.7590805983148,0,0,74.4197823064597,0,180.355266595273,82.6426202489162,133.218162784108,353.822894641502,228.075434767255
0,0,71.4788760670054,0,0,0,173.538155409849,192.135034768848,0,0,92.3502314520023,0,0,0,193.63278243493,138.425725342224,153.609372090384,289.631679007608,276.620869034647,160.530221557972,0,0,0,306.640284138334,0,92.5568465385234,106.533627130087,119.728129215699,0,217.157696745803,0,0,0,0,183.786860782462,181.316358113209,106.33736463831,174.013630695256,158.955087279859,101.605593487621,0
0,0,0,0,0,0,0,0,0,0,0,0,146.814226519809,190.185165668632,0,0,0,0,0,0,0,0,0,0,0,0,76.5072790361762,112.793316814908,217.157696745803,0,0,163.059043292369,0,0,87.8456058929559,168.241326865882,205.09013266389,226.825099357786,154.070293657878,0,0
0,0,0,0,0,0,0,0,0,0,0,151.695570509541,0,0,0,0,0,0,0,0,0,0,0,0,0,208.005106191961,0,159.183173818572,0,0,0,0,0,0,0,104.369974912428,215.611029055736,0,0,115.332064605654,0
0,0,0,0,0,0,0,0,0,58.3493451392805,0,0,0,283.88658203332,0,0,0,0,0,0,0,0,0,0,0,0,199.492852797962,95.7590805983148,0,163.059043292369,0,0,0,0,0,94.126460729827,154.784755881607,188.936291522747,98.6790043377568,80.4367166559625,242.790381480436
0,0,0,0,0,0,100.812745974529,0,0,0,0,0,0,0,0,0,0,0,0,0,0,0,0,0,0,0,0,0,0,0,0,0,0,178.224497384947,0,0,99.2646516363145,0,231.050882209,0,192.693757128262
0,0,0,188.851177466023,219.040656038919,206.912707094411,178.748963182352,0,0,116.176698124939,0,186.973586461633,0,171.230058197369,0,200.878319874537,219.078548227669,165.597665022977,241.635434294794,198.528111506785,74.5815074003433,131.969743415579,0,309.997227542691,250.461724766314,220.963068032256,193.659409924573,0,0,0,0,0,178.224497384947,0,269.936825670274,115.871357769661,90.1317194604647,73.4795582048751,124.853650664477,97.5855511246009,187.77054666536
0,135.667029391615,0,0,195.314816908693,214.116367924649,117.208001126138,161.302948562323,151.01089327964,136.792307586862,78.9559315574845,202.712457066107,0,134.960780198024,0,0,0,0,157.852515740516,137.239127032733,101.5853655613,196.04190773555,329.719143597451,195.822649557859,0,178.683678585178,0,74.4197823064597,183.786860782462,87.8456058929559,0,0,0,269.936825670274,0,335.371040201042,161.74915061469,0,0,236.681907140956,192.601533877686
0,0,0,0,0,135.294330067913,0,0,0,173.001559092555,81.9664354533492,0,0,0,0,0,0,0,0,173.059382066957,0,194.442125915551,209.996727521564,0,0,283.248188884028,137.177378802006,0,181.316358113209,168.241326865882,104.369974912428,94.126460729827,0,115.871357769661,335.371040201042,0,139.93285932648,154.142998692322,110.384905066973,146.465927798921,238.934743274142
0,0,0,0,97.3506957544063,180.90030328818,0,109.093416850988,151.806152521152,204.481117647118,323.781250289068,114.649126378906,0,108.381749703452,67.8267069095267,0,89.1590885155172,0,113.144980278377,120.912756812582,115.114253591495,0,177.763106506206,89.3673883748406,133.984214699576,90.7216186966914,224.551207449728,180.355266595273,106.33736463831,205.09013266389,215.611029055736,154.784755881607,99.2646516363145,90.1317194604647,161.74915061469,139.93285932648,0,103.519938150021,164.032723165762,0,101.85207633558
125.416941482916,0,0,0,255.441154257905,0,0,169.742003380707,0,172.608400267715,0,160.537522273714,0,0,0,180.543851962045,0,0,0,357.423078228283,0,0,0,195.378266313867,0,161.275817184598,155.901486485736,82.6426202489162,174.013630695256,226.825099357786,0,188.936291522747,0,73.4795582048751,0,154.142998692322,103.519938150021,0,163.945208919892,306.344527664232,251.098274723989
0,0,73.1029054543569,0,0,0,0,0,0,0,0,0,0,0,142.385058730083,0,0,0,0,167.066576495979,0,0,0,232.945974238958,0,161.325017232684,0,133.218162784108,158.955087279859,154.070293657878,0,98.6790043377568,231.050882209,124.853650664477,0,110.384905066973,164.032723165762,163.945208919892,0,82.4756938751058,0
0,259.442917595754,122.106946855269,0,151.036729364761,314.611698427915,120.567029282014,249.798812580765,197.486504603685,0,201.44584889478,227.504408813069,247.66948903751,0,0,205.839960264176,0,0,0,0,0,99.3508940827211,137.189596148386,241.57250333243,0,0,231.715271819474,353.822894641502,101.605593487621,0,115.332064605654,80.4367166559625,0,97.5855511246009,236.681907140956,146.465927798921,0,306.344527664232,82.4756938751058,0,85.7623170715703
78.8552325762656,0,0,62.859596780235,80.8080171296381,0,186.348837226466,303.527509149359,0,0,211.840482897052,138.33942793804,205.183249704085,0,82.6299537488922,0,0,114.511014214502,0,0,0,0,93.5029580098427,0,0,0,96.5937438588657,228.075434767255,0,0,0,242.790381480436,192.693757128262,187.77054666536,192.601533877686,238.934743274142,101.85207633558,251.098274723989,0,85.7623170715703,0
