0,0,0,0,0,0,0,142.054529471577,0,0,0,75.4497121078207,0,0,0,0,0,0,0,0,0,113.059176128709,0,0,0,179.718364159796,0,0,0,0,0,0,0,241.635434294794,0,101.85207633558,0,0,0,0,0
0,0,0,0,0,0,0,0,0,0,0,90.7216186966914,0,0,0,0,0,0,0,0,0,0,0,0,0,0,0,0,98.2230592632363,0,220.901129804706,0,0,0,0,224.523755099568,333.645516435298,94.126460729827,146.99041817625,0,0
0,0,0,0,0,0,0,0,0,0,0,106.926813611922,0,0,0,0,0,0,0,0,0,0,0,99.2646516363145,0,0,247.66948903751,0,0,0,0,0,0,0,0,0,134.960780198024,0,197.893790332676,0,0
0,0,0,0,0,0,0,188.851177466023,0,303.527509149359,116.176698124939,0,0,0,0,0,0,82.1742780037132,0,124.698445421759,0,0,0,0,0,0,114.649126378906,0,125.416941482916,0,0,172.608400267715,0,0,195.822649557859,0,223.705816669619,269.936825670274,0,115.114253591495,154.784755881607
0,0,0,0,0,0,0,168.241326865882,0,0,0,0,0,0,0,0,0,0,0,153.453047983244,0,0,0,180.355266595273,141.204637091722,219.430938885781,161.694997919804,142.385058730083,0,139.792601838991,0,67.8267069095267,0,205.839960264176,227.504408813069,0,0,101.350815329073,164.032723165762,0,196.032358954952
0,0,0,0,0,0,0,195.378266313867,0,151.01089327964,205.183249704085,214.116367924649,0,173.201474590904,0,0,0,0,0,0,205.09013266389,0,143.005810983322,0,0,0,0,0,112.349934713559,280.376028997576,0,0,0,0,252.487290983309,96.5937438588657,204.481117647118,0,231.715271819474,72.2278283150671,0
0,0,0,0,0,0,0,321.124897279917,0,100.812745974529,0,196.04190773555,0,0,0,0,115.332064605654,0,0,0,62.311273509377,0,0,0,283.248188884028,0,0,200.878319874537,0,0,0,238.934743274142,0,249.905610015455,0,70.4221432298295,201.100640800745,0,0,97.5855511246009,153.609372090384
142.054529471577,0,0,188.851177466023,168.241326865882,195.378266313867,321.124897279917,0,154.070293657878,0,94.027247878695,167.066576495979,0,0,0,0,0,0,163.059043292369,87.8456058929559,0,0,0,0,0,0,0,119.345624434514,180.90030328818,0,0,0,0,0,0,161.74915061469,76.5072790361762,80.4367166559625,0,289.631679007608,0
0,0,0,0,0,0,0,154.070293657878,0,128.405764333981,0,0,0,0,0,0,0,0,96.7845769653343,128.530575464043,209.996727521564,0,0,0,0,0,0,0,137.177378802006,0,0,357.423078228283,0,0,85.6072705949986,249.798812580765,0,134.566479261133,0,0,183.786860782462
0,0,0,303.527509149359,0,151.01089327964,100.812745974529,0,128.405764333981,0,323.781250289068,251.098274723989,0,0,0,140.574866691684,153.876396855887,0,0,0,0,0,0,0,0,115.541295036174,151.075371308616,99.3508940827211,263.534399241887,194.442125915551,74.5815074003433,0,0,0,61.0664810463559,0,151.806152521152,195.314816908693,0,0,82.6426202489162
0,0,0,116.176698124939,0,205.183249704085,0,94.027247878695,0,323.781250289068,0,0,0,0,92.5568465385234,0,0,0,0,0,193.055010680236,0,0,0,188.936291522747,165.893015276821,93.4234866874731,0,0,0,0,0,0,192.601533877686,0,171.230058197369,136.792307586862,73.4795582048751,348.674510760064,347.376449530863,177.763106506206
75.4497121078207,90.7216186966914,106.926813611922,0,0,214.116367924649,196.04190773555,167.066576495979,0,251.098274723989,0,0,71.4788760670054,0,0,0,0,0,225.013371621378,0,125.81518738273,0,0,0,0,192.693757128262,217.157696745803,137.239127032733,0,0,0,0,0,104.369974912428,261.440278806413,138.425725342224,154.065933476765,151.695570509541,153.672550905948,89.707245288964,202.712457066107
0,0,0,0,0,0,0,0,0,0,0,71.4788760670054,0,215.611029055736,0,0,0,0,219.040656038919,228.075434767255,0,198.528111506785,0,0,0,0,0,0,0,0,0,0,0,0,0,0,0,171.906398392157,0,0,0
0,0,0,0,0,173.201474590904,0,0,0,0,0,0,215.611029055736,0,226.825099357786,0,0,0,0,306.640284138334,98.6790043377568,0,0,309.997227542691,113.144980278377,220.963068032256,112.793316814908,169.742003380707,0,0,0,0,0,241.682021696872,119.728129215699,0,122.106946855269,0,0,106.128596538706,0
0,0,0,0,0,0,0,0,0,0,92.5568465385234,0,0,226.825099357786,0,0,0,232.945974238958,0,94.9380989123498,0,0,193.63278243493,89.1590885155172,0,136.685314494491,0,0,231.050882209,0,0,89.9429017381717,0,0,0,0,353.822894641502,314.611698427915,0,101.895308036513,0
0,0,0,0,0,0,0,0,0,140.574866691684,0,0,0,0,0,0,0,0,0,0,0,0,193.777661225572,74.7304794244225,0,201.44584889478,0,101.5853655613,71.5579325720569,0,0,0,0,146.465927798921,124.853650664477,211.840482897052,199.492852797962,0,0,138.33942793804,0
0,0,0,0,0,0,115.332064605654,0,0,153.876396855887,0,0,0,0,0,0,0,0,0,89.3673883748406,0,0,0,186.973586461633,0,228.792310020318,0,222.053792850439,242.790381480436,120.567029282014,0,0,0,80.8080171296381,0,0,0,0,0,173.001559092555,0
0,0,0,82.1742780037132,0,0,0,0,0,0,0,0,0,0,232.945974238958,0,0,0,0,0,218.045528847001,0,0,0,0,0,0,0,146.770754374523,0,62.859596780235,0,120.912756812582,165.597665022977,0,0,345.797434674459,0,0,148.808626413748,0
0,0,0,0,0,0,0,163.059043292369,96.7845769653343,0,0,225.013371621378,219.040656038919,0,0,0,0,0,0,283.88658203332,0,0,0,0,0,0,0,114.511014214502,0,84.3635741045246,0,0,0,0,186.348837226466,93.5029580098427,150.161410108805,0,115.194491798135,306.344527664232,0
0,0,0,124.698445421759,153.453047983244,0,0,87.8456058929559,128.530575464043,0,0,0,228.075434767255,306.640284138334,94.9380989123498,0,89.3673883748406,0,283.88658203332,0,0,0,0,0,0,0,0,106.533627130087,172.892533368851,0,0,0,0,117.208001126138,58.3493451392805,169.453147353278,92.3502314520023,241.57250333243,0,0,259.442917595754
0,0,0,0,0,205.09013266389,62.311273509377,0,209.996727521564,0,193.055010680236,125.81518738273,0,98.6790043377568,0,0,0,218.045528847001,0,0,0,0,82.4756938751058,160.530221557972,0,0,0,160.537522273714,0,0,0,0,0,81.9664354533492,0,178.748963182352,66.5008477853491,0,0,0,0
113.059176128709,0,0,0,0,0,0,0,0,0,0,0,198.528111506785,0,0,0,0,0,0,0,0,0,0,133.218162784108,0,0,0,159.183173818572,0,0,0,0,0,219.078548227669,162.833808134102,0,85.7623170715703,0,0,139.654362654449,0
0,0,0,0,0,143.005810983322,0,0,0,0,0,0,0,0,193.63278243493,193.777661225572,0,0,0,0,82.4756938751058,0,0,74.4197823064597,191.519780382943,255.441154257905,139.93285932648,190.185165668632,135.667029391615,0,0,0,0,97.3506957544063,82.6299537488922,0,261.605527103798,0,0,135.294330067913,184.249961885477
0,0,99.2646516363145,0,180.355266595273,0,0,0,0,0,0,0,0,309.997227542691,89.1590885155172,74.7304794244225,186.973586461633,0,0,0,160.530221557972,133.218162784108,74.4197823064597,0,0,236.681907140956,94.7280504127031,206.912707094411,0,0,0,0,0,338.131802716296,178.224497384947,240.185081663983,174.013630695256,154.142998692322,95.7590805983148,0,137.189596148386
0,0,0,0,141.204637091722,0,283.248188884028,0,0,0,188.936291522747,0,0,113.144980278377,0,0,0,0,0,0,0,0,191.519780382943,0,0,0,0,108.136066660554,276.620869034647,0,0,0,0,213.67670887414,206.472608421747,0,161.302948562323,0,0,0,0
179.718364159796,0,0,0,219.430938885781,0,0,0,0,115.541295036174,165.893015276821,192.693757128262,0,220.963068032256,136.685314494491,201.44584889478,228.792310020318,0,0,0,0,0,255.441154257905,236.681907140956,0,0,118.522099274347,146.814226519809,0,173.059382066957,0,0,0,0,116.054372245433,212.592150359921,145.74089716123,0,321.864157986053,103.519938150021,109.093416850988
0,0,247.66948903751,114.649126378906,161.694997919804,0,0,0,0,151.075371308616,93.4234866874731,217.157696745803,0,112.793316814908,0,0,0,0,0,0,0,0,139.93285932648,94.7280504127031,0,118.522099274347,0,92.5207898118833,158.955087279859,0,0,81.2827395071039,187.77054666536,78.9559315574845,253.401634605989,0,178.683678585178,133.984214699576,0,158.567996645797,224.551207449728
0,0,0,0,142.385058730083,0,200.878319874537,119.345624434514,0,99.3508940827211,0,137.239127032733,0,169.742003380707,0,101.5853655613,222.053792850439,0,114.511014214502,106.533627130087,160.537522273714,159.183173818572,190.185165668632,206.912707094411,108.136066660554,146.814226519809,92.5207898118833,0,161.325017232684,192.135034768848,97.3232815600345,0,0,193.659409924573,204.084074037941,0,259.055025639447,208.005106191961,101.443495235174,300.031143529538,90.1317194604647
0,98.2230592632363,0,125.416941482916,0,112.349934713559,0,180.90030328818,137.177378802006,263.534399241887,0,0,0,0,231.050882209,71.5579325720569,242.790381480436,146.770754374523,0,172.892533368851,0,0,135.667029391615,0,276.620869034647,0,158.955087279859,161.325017232684,0,181.316358113209,108.381749703452,0,0,329.719143597451,110.384905066973,0,221.805809452716,173.538155409849,0,0,0
0,0,0,0,139.792601838991,280.376028997576,0,0,0,194.442125915551,0,0,0,0,0,0,120.567029282014,0,84.3635741045246,0,0,0,0,0,0,173.059382066957,0,192.135034768848,181.316358113209,0,155.24952173131,0,0,0,0,0,0,250.461724766314,0,0,262.382215657622
0,220.901129804706,0,0,0,0,0,0,0,74.5815074003433,0,0,0,0,0,0,0,62.859596780235,0,0,0,0,0,0,0,0,0,97.3232815600345,108.381749703452,155.24952173131,0,0,0,0,0,0,0,0,0,0,0
0,0,0,172.608400267715,67.8267069095267,0,238.934743274142,0,357.423078228283,0,0,0,0,0,89.9429017381717,0,0,0,0,0,0,0,0,0,0,0,81.2827395071039,0,0,0,0,0,0,94.7529894315991,335.371040201042,111.435629183184,198.964527389285,0,0,115.868441404982,0
0,0,0,0,0,0,0,0,0,0,0,0,0,0,0,0,0,120.912756812582,0,0,0,0,0,0,0,0,187.77054666536,0,0,0,0,0,0,161.275817184598,0,0,0,197.486504603685,128.846764897717,0,0
241.635434294794,0,0,0,205.839960264176,0,249.905610015455,0,0,0,192.601533877686,104.369974912428,0,241.682021696872,0,146.465927798921,80.8080171296381,165.597665022977,0,117.208001126138,81.9664354533492,219.078548227669,97.3506957544063,338.131802716296,213.67670887414,0,78.9559315574845,193.659409924573,329.719143597451,0,0,94.7529894315991,161.275817184598,0,125.994729980093,0,151.036729364761,78.8552325762656,163.945208919892,73.1029054543569,106.33736463831
0,0,0,195.822649557859,227.504408813069,252.487290983309,0,0,85.6072705949986,61.0664810463559,0,261.440278806413,0,119.728129215699,0,124.853650664477,0,0,186.348837226466,58.3493451392805,0,162.833808134102,82.6299537488922,178.224497384947,206.472608421747,116.054372245433,253.401634605989,204.084074037941,110.384905066973,0,0,335.371040201042,0,125.994729980093,0,112.823430872325,325.937289045041,0,115.871357769661,320.356811100276,131.969743415579
101.85207633558,224.523755099568,0,0,0,96.5937438588657,70.4221432298295,161.74915061469,249.798812580765,0,171.230058197369,138.425725342224,0,0,0,211.840482897052,0,0,93.5029580098427,169.453147353278,178.748963182352,0,0,240.185081663983,0,212.592150359921,0,0,0,0,0,111.435629183184,0,0,112.823430872325,0,94.8881692391942,0,0,180.543851962045,175.196329314064
0,333.645516435298,134.960780198024,223.705816669619,0,204.481117647118,201.100640800745,76.5072790361762,0,151.806152521152,136.792307586862,154.065933476765,0,122.106946855269,353.822894641502,199.492852797962,0,345.797434674459,150.161410108805,92.3502314520023,66.5008477853491,85.7623170715703,261.605527103798,174.013630695256,161.302948562323,145.74089716123,178.683678585178,259.055025639447,221.805809452716,0,0,198.964527389285,0,151.036729364761,325.937289045041,94.8881692391942,0,0,0,104.915316975638,111.226326353722
0,94.126460729827,0,269.936825670274,101.350815329073,0,0,80.4367166559625,134.566479261133,195.314816908693,73.4795582048751,151.695570509541,171.906398392157,0,314.611698427915,0,0,0,0,241.57250333243,0,0,0,154.142998692322,0,0,133.984214699576,208.005106191961,173.538155409849,250.461724766314,0,0,197.486504603685,78.8552325762656,0,0,0,0,0,101.605593487621,98.417953423071
0,146.99041817625,197.893790332676,0,164.032723165762,231.715271819474,0,0,0,0,348.674510760064,153.672550905948,0,0,0,0,0,0,115.194491798135,0,0,0,0,95.7590805983148,0,321.864157986053,0,101.443495235174,0,0,0,0,128.846764897717,163.945208919892,115.871357769661,0,0,0,0,157.852515740516,155.901486485736
0,0,0,115.114253591495,0,72.2278283150671,97.5855511246009,289.631679007608,0,0,347.376449530863,89.707245288964,0,106.128596538706,101.895308036513,138.33942793804,173.001559092555,148.808626413748,306.344527664232,0,0,139.654362654449,135.294330067913,0,0,103.519938150021,158.567996645797,300.031143529538,0,0,0,115.868441404982,0,73.1029054543569,320.356811100276,180.543851962045,104.915316975638,101.605593487621,157.852515740516,0,284.529238481835
0,0,0,154.784755881607,196.032358954952,0,153.609372090384,0,183.786860782462,82.6426202489162,177.763106506206,202.712457066107,0,0,0,0,0,0,0,259.442917595754,0,0,184.249961885477,137.189596148386,0,109.093416850988,224.551207449728,90.1317194604647,0,262.382215657622,0,0,0,106.33736463831,131.969743415579,175.196329314064,111.226326353722,98.417953423071,155.901486485736,284.529238481835,0
