0,0,0,146.465927798921,0,0,0,0,0,0,0,89.1590885155172,0,0,142.385058730083,0,0,0,0,0,0,0,0,0,0,0,0,0,0,0,0,0,0,0,151.075371308616,0,151.036729364761,0,0,135.667029391615,0
0,0,0,0,0,0,0,0,0,0,0,280.376028997576,0,0,0,0,0,0,0,0,0,0,0,0,134.566479261133,325.937289045041,109.093416850988,0,0,0,0,0,0,138.33942793804,0,0,101.895308036513,0,0,0,205.09013266389
0,0,0,0,0,0,0,0,0,0,0,0,0,70.4221432298295,0,0,0,0,0,0,0,0,0,0,0,0,0,227.504408813069,198.528111506785,0,0,0,0,0,108.381749703452,0,178.683678585178,0,0,0,0
146.465927798921,0,0,0,0,0,135.294330067913,0,0,0,276.620869034647,136.792307586862,0,0,0,0,0,100.812745974529,0,259.442917595754,0,0,0,99.3508940827211,0,115.194491798135,0,175.196329314064,0,0,180.90030328818,0,0,0,0,224.551207449728,0,154.070293657878,0,0,92.5568465385234
0,0,0,0,0,0,0,128.405764333981,0,0,0,117.208001126138,124.853650664477,0,0,0,106.128596538706,0,262.382215657622,0,0,321.864157986053,0,240.185081663983,0,353.822894641502,0,202.712457066107,0,0,0,0,0,145.74089716123,225.013371621378,89.3673883748406,0,138.425725342224,0,309.997227542691,0
0,0,0,0,0,0,0,153.609372090384,146.99041817625,193.659409924573,163.945208919892,0,0,0,193.777661225572,0,58.3493451392805,0,0,0,82.6426202489162,0,0,249.905610015455,0,0,0,158.955087279859,0,206.912707094411,0,0,0,0,80.4367166559625,0,0,178.748963182352,219.040656038919,122.106946855269,0
0,0,0,135.294330067913,0,0,0,119.345624434514,0,0,0,192.693757128262,0,0,0,0,0,0,0,151.01089327964,0,62.859596780235,306.344527664232,0,114.649126378906,115.114253591495,0,0,0,0,0,0,0,115.868441404982,333.645516435298,0,179.718364159796,0,0,231.715271819474,283.88658203332
0,0,0,0,128.405764333981,153.609372090384,119.345624434514,0,0,0,0,0,71.5579325720569,241.57250333243,0,0,0,0,0,161.302948562323,173.538155409849,0,0,92.5207898118833,0,188.936291522747,0,0,0,186.973586461633,0,0,211.840482897052,167.066576495979,0,92.3502314520023,0,0,348.674510760064,161.74915061469,329.719143597451
0,0,0,0,0,146.99041817625,0,0,0,0,154.065933476765,0,0,0,0,0,0,125.994729980093,0,0,0,0,177.763106506206,0,0,0,259.055025639447,174.013630695256,0,143.005810983322,0,0,0,222.053792850439,0,76.5072790361762,98.6790043377568,0,0,241.635434294794,0
0,0,0,0,0,193.659409924573,0,0,0,0,0,0,0,0,172.608400267715,192.601533877686,98.2230592632363,0,0,0,263.534399241887,0,173.059382066957,168.241326865882,0,0,215.611029055736,261.440278806413,0,0,74.4197823064597,137.189596148386,0,150.161410108805,116.176698124939,323.781250289068,347.376449530863,101.85207633558,0,321.124897279917,223.705816669619
0,0,0,276.620869034647,0,163.945208919892,0,0,154.065933476765,0,0,183.786860782462,0,0,0,0,0,87.8456058929559,0,0,0,0,0,81.2827395071039,158.567996645797,0,219.078548227669,217.157696745803,0,161.275817184598,0,62.311273509377,0,78.9559315574845,0,283.248188884028,93.4234866874731,165.597665022977,0,136.685314494491,0
89.1590885155172,280.376028997576,0,136.792307586862,117.208001126138,0,192.693757128262,0,0,0,183.786860782462,0,0,269.936825670274,0,125.416941482916,241.682021696872,0,0,335.371040201042,113.144980278377,0,0,0,0,345.797434674459,128.846764897717,151.806152521152,195.314816908693,0,0,0,0,0,338.131802716296,0,99.2646516363145,154.142998692322,75.4497121078207,146.770754374523,300.031143529538
0,0,0,0,124.853650664477,0,0,71.5579325720569,0,0,0,0,0,0,0,0,0,0,142.054529471577,0,0,0,284.529238481835,148.808626413748,0,0,0,0,66.5008477853491,0,0,0,0,0,0,0,0,0,0,0,0
0,0,70.4221432298295,0,0,0,0,241.57250333243,0,0,0,269.936825670274,0,0,0,0,0,0,0,236.681907140956,197.893790332676,0,0,0,0,197.486504603685,0,93.5029580098427,98.417953423071,0,0,120.912756812582,0,208.005106191961,232.945974238958,0,191.519780382943,0,125.81518738273,73.1029054543569,0
142.385058730083,0,0,0,0,193.777661225572,0,0,0,172.608400267715,0,0,0,0,0,0,0,0,218.045528847001,0,0,0,212.592150359921,95.7590805983148,0,0,0,0,0,0,0,0,67.8267069095267,108.136066660554,0,0,133.218162784108,114.511014214502,0,101.5853655613,116.054372245433
0,0,0,0,0,0,0,0,0,192.601533877686,0,125.416941482916,0,0,0,0,0,0,0,0,0,0,0,0,0,303.527509149359,186.348837226466,0,0,0,0,0,78.8552325762656,164.032723165762,90.7216186966914,198.964527389285,139.654362654449,103.519938150021,104.915316975638,0,0
0,0,0,0,106.128596538706,58.3493451392805,0,0,0,98.2230592632363,0,241.682021696872,0,0,0,0,0,0,171.906398392157,0,0,0,193.63278243493,0,0,0,0,0,112.349934713559,0,0,0,0,0,0,81.9664354533492,94.7280504127031,0,0,111.226326353722,0
0,0,0,100.812745974529,0,0,0,0,125.994729980093,0,87.8456058929559,0,0,0,0,0,0,0,0,0,0,0,0,173.001559092555,0,0,146.814226519809,0,199.492852797962,0,0,0,0,112.823430872325,0,0,228.792310020318,220.963068032256,0,0,0
0,0,0,0,262.382215657622,0,0,0,0,0,0,0,142.054529471577,0,218.045528847001,0,171.906398392157,0,0,115.541295036174,0,0,0,0,220.901129804706,0,0,0,134.960780198024,0,0,0,0,101.443495235174,224.523755099568,163.059043292369,204.084074037941,0,0,0,106.533627130087
0,0,0,259.442917595754,0,0,151.01089327964,161.302948562323,0,0,0,335.371040201042,0,236.681907140956,0,0,0,0,115.541295036174,0,0,0,0,140.574866691684,0,94.8881692391942,128.530575464043,155.24952173131,89.9429017381717,0,0,0,0,139.93285932648,205.183249704085,113.059176128709,181.316358113209,153.453047983244,0,169.453147353278,0
0,0,0,0,0,82.6426202489162,0,173.538155409849,0,263.534399241887,0,113.144980278377,0,197.893790332676,0,0,0,0,0,0,0,261.605527103798,0,115.871357769661,205.839960264176,0,0,0,0,192.135034768848,0,0,0,0,204.481117647118,160.537522273714,0,0,0,201.44584889478,159.183173818572
0,0,0,0,321.864157986053,0,62.859596780235,0,0,0,0,0,0,0,0,0,0,0,0,0,261.605527103798,0,160.530221557972,0,0,0,0,82.6299537488922,0,0,0,0,0,238.934743274142,0,0,153.876396855887,0,0,0,74.5815074003433
0,0,0,0,0,0,306.344527664232,0,177.763106506206,173.059382066957,0,0,284.529238481835,0,212.592150359921,0,193.63278243493,0,0,0,0,160.530221557972,0,0,0,137.239127032733,0,250.461724766314,131.969743415579,0,0,0,0,0,74.7304794244225,94.126460729827,94.7529894315991,106.926813611922,0,0,188.851177466023
0,0,0,99.3508940827211,240.185081663983,249.905610015455,0,92.5207898118833,0,168.241326865882,81.2827395071039,0,148.808626413748,0,95.7590805983148,0,0,173.001559092555,0,140.574866691684,115.871357769661,0,0,0,71.4788760670054,0,97.3506957544063,0,154.784755881607,0,0,0,0,96.7845769653343,111.435629183184,0,0,73.4795582048751,151.695570509541,0,119.728129215699
0,134.566479261133,0,0,0,0,114.649126378906,0,0,0,158.567996645797,0,0,0,0,0,0,0,220.901129804706,0,205.839960264176,0,0,71.4788760670054,0,249.798812580765,0,162.833808134102,0,0,0,0,0,0,115.332064605654,0,104.369974912428,0,0,0,0
0,325.937289045041,0,115.194491798135,353.822894641502,0,115.114253591495,188.936291522747,0,0,0,345.797434674459,0,197.486504603685,0,303.527509149359,0,0,0,94.8881692391942,0,0,137.239127032733,0,249.798812580765,0,180.355266595273,247.66948903751,306.640284138334,0,0,0,0,137.177378802006,94.027247878695,0,193.055010680236,120.567029282014,0,195.822649557859,169.742003380707
0,109.093416850988,0,0,0,0,0,0,259.055025639447,215.611029055736,219.078548227669,128.846764897717,0,0,0,186.348837226466,0,146.814226519809,0,128.530575464043,0,0,0,97.3506957544063,0,180.355266595273,0,89.707245288964,155.901486485736,0,0,213.67670887414,0,90.1317194604647,221.805809452716,226.825099357786,219.430938885781,0,139.792601838991,124.698445421759,157.852515740516
0,0,227.504408813069,175.196329314064,202.712457066107,158.955087279859,0,0,174.013630695256,261.440278806413,217.157696745803,151.806152521152,0,93.5029580098427,0,0,0,0,0,155.24952173131,0,82.6299537488922,250.461724766314,0,162.833808134102,247.66948903751,89.707245288964,0,172.892533368851,228.075434767255,0,320.356811100276,97.5855511246009,242.790381480436,194.442125915551,161.325017232684,173.201474590904,357.423078228283,201.100640800745,289.631679007608,180.543851962045
0,0,198.528111506785,0,0,0,0,0,0,0,0,195.314816908693,66.5008477853491,98.417953423071,0,0,112.349934713559,199.492852797962,134.960780198024,89.9429017381717,0,0,131.969743415579,154.784755881607,0,306.640284138334,155.901486485736,172.892533368851,0,0,118.522099274347,187.77054666536,0,82.1742780037132,195.378266313867,196.04190773555,190.185165668632,165.893015276821,0,251.098274723989,0
0,0,0,0,0,206.912707094411,0,186.973586461633,143.005810983322,0,161.275817184598,0,0,0,0,0,0,0,0,0,192.135034768848,0,0,0,0,0,0,228.075434767255,0,0,110.384905066973,253.401634605989,0,0,141.204637091722,0,106.33736463831,0,0,96.5937438588657,0
0,0,0,180.90030328818,0,0,0,0,0,74.4197823064597,0,0,0,0,0,0,0,0,0,0,0,0,0,0,0,0,0,0,118.522099274347,110.384905066973,0,85.7623170715703,0,0,0,0,0,0,72.2278283150671,0,0
0,0,0,0,0,0,0,0,0,137.189596148386,62.311273509377,0,0,120.912756812582,0,0,0,0,0,0,0,0,0,0,0,0,213.67670887414,320.356811100276,187.77054666536,253.401634605989,85.7623170715703,0,0,94.9380989123498,0,0,97.3232815600345,0,0,0,200.878319874537
0,0,0,0,0,0,0,211.840482897052,0,0,0,0,0,0,67.8267069095267,78.8552325762656,0,0,0,0,0,0,0,0,0,0,0,97.5855511246009,0,0,0,0,0,0,0,0,0,61.0664810463559,0,0,0
0,138.33942793804,0,0,145.74089716123,0,115.868441404982,167.066576495979,222.053792850439,150.161410108805,78.9559315574845,0,0,208.005106191961,108.136066660554,164.032723165762,0,112.823430872325,101.443495235174,139.93285932648,0,238.934743274142,0,96.7845769653343,0,137.177378802006,90.1317194604647,242.790381480436,82.1742780037132,0,0,94.9380989123498,0,0,171.230058197369,101.350815329073,101.605593487621,85.6072705949986,184.249961885477,82.4756938751058,0
151.075371308616,0,108.381749703452,0,225.013371621378,80.4367166559625,333.645516435298,0,0,116.176698124939,0,338.131802716296,0,232.945974238958,0,90.7216186966914,0,0,224.523755099568,205.183249704085,204.481117647118,0,74.7304794244225,111.435629183184,115.332064605654,94.027247878695,221.805809452716,194.442125915551,195.378266313867,141.204637091722,0,0,0,171.230058197369,0,196.032358954952,314.611698427915,0,0,178.224497384947,209.996727521564
0,0,0,224.551207449728,89.3673883748406,0,0,92.3502314520023,76.5072790361762,323.781250289068,283.248188884028,0,0,0,0,198.964527389285,81.9664354533492,0,163.059043292369,113.059176128709,160.537522273714,0,94.126460729827,0,0,0,226.825099357786,161.325017232684,196.04190773555,0,0,0,0,101.350815329073,196.032358954952,0,255.441154257905,0,214.116367924649,0,0
151.036729364761,101.895308036513,178.683678585178,0,0,0,179.718364159796,0,98.6790043377568,347.376449530863,93.4234866874731,99.2646516363145,0,191.519780382943,133.218162784108,139.654362654449,94.7280504127031,228.792310020318,204.084074037941,181.316358113209,0,153.876396855887,94.7529894315991,0,104.369974912428,193.055010680236,219.430938885781,173.201474590904,190.185165668632,106.33736463831,0,97.3232815600345,0,101.605593487621,314.611698427915,255.441154257905,0,0,252.487290983309,112.793316814908,231.050882209
0,0,0,154.070293657878,138.425725342224,178.748963182352,0,0,0,101.85207633558,165.597665022977,154.142998692322,0,0,114.511014214502,103.519938150021,0,220.963068032256,0,153.453047983244,0,0,106.926813611922,73.4795582048751,0,120.567029282014,0,357.423078228283,165.893015276821,0,0,0,61.0664810463559,85.6072705949986,0,0,0,0,206.472608421747,80.8080171296381,161.694997919804
0,0,0,0,0,219.040656038919,0,348.674510760064,0,0,0,75.4497121078207,0,125.81518738273,0,104.915316975638,0,0,0,0,0,0,0,151.695570509541,0,0,139.792601838991,201.100640800745,0,0,72.2278283150671,0,0,184.249961885477,0,214.116367924649,252.487290983309,206.472608421747,0,84.3635741045246,153.672550905948
135.667029391615,0,0,0,309.997227542691,122.106946855269,231.715271819474,161.74915061469,241.635434294794,321.124897279917,136.685314494491,146.770754374523,0,73.1029054543569,101.5853655613,0,111.226326353722,0,0,169.453147353278,201.44584889478,0,0,0,0,195.822649557859,124.698445421759,289.631679007608,251.098274723989,96.5937438588657,0,0,0,82.4756938751058,178.224497384947,0,112.793316814908,80.8080171296381,84.3635741045246,0,133.984214699576
0,205.09013266389,0,92.5568465385234,0,0,283.88658203332,329.719143597451,0,223.705816669619,0,300.031143529538,0,0,116.054372245433,0,0,0,106.533627130087,0,159.183173818572,74.5815074003433,188.851177466023,119.728129215699,0,169.742003380707,157.852515740516,180.543851962045,0,0,0,200.878319874537,0,0,209.996727521564,0,231.050882209,161.694997919804,153.672550905948,133.984214699576,0
