0,0,115.114253591495,0,0,0,0,0,0,158.955087279859,108.381749703452,0,0,0,0,0,0,0,0,0,0,0,0,0,0,154.784755881607,0,0,0,0,0,0,0,0,0,253.401634605989,0,0,0,108.136066660554,0
0,0,0,0,0,0,0,169.453147353278,188.936291522747,0,0,0,0,0,0,0,0,0,0,161.74915061469,0,0,0,0,0,0,0,101.443495235174,0,0,0,0,122.106946855269,269.936825670274,0,0,0,0,0,0,219.040656038919
115.114253591495,0,0,345.797434674459,0,0,0,0,0,0,0,0,0,0,0,0,0,0,0,194.442125915551,0,0,0,0,0,224.523755099568,0,74.5815074003433,0,0,0,0,0,0,0,0,0,0,0,0,0
0,0,345.797434674459,0,0,0,0,0,0,85.7623170715703,0,120.912756812582,209.996727521564,0,284.529238481835,0,0,0,0,0,283.248188884028,0,0,220.901129804706,0,213.67670887414,0,146.814226519809,133.984214699576,0,0,0,0,0,0,0,174.013630695256,259.442917595754,0,0,205.183249704085
0,0,0,0,0,0,200.878319874537,172.892533368851,0,0,231.050882209,120.567029282014,0,0,154.142998692322,0,0,164.032723165762,0,66.5008477853491,353.822894641502,0,180.543851962045,0,58.3493451392805,0,0,115.868441404982,0,0,0,0,0,173.538155409849,70.4221432298295,0,133.218162784108,0,0,0,0
0,0,0,0,0,0,197.486504603685,80.8080171296381,0,0,101.5853655613,0,0,148.808626413748,0,0,0,0,177.763106506206,0,0,0,0,139.654362654449,0,0,161.325017232684,0,247.66948903751,90.1317194604647,139.93285932648,0,0,0,0,116.176698124939,0,146.465927798921,0,103.519938150021,175.196329314064
0,0,0,0,200.878319874537,197.486504603685,0,192.601533877686,0,0,0,0,0,0,0,0,0,0,0,0,0,0,0,0,110.384905066973,0,151.036729364761,150.161410108805,198.964527389285,0,0,0,0,251.098274723989,90.7216186966914,0,262.382215657622,73.1029054543569,160.537522273714,0,138.33942793804
0,169.453147353278,0,0,172.892533368851,80.8080171296381,192.601533877686,0,0,160.530221557972,0,0,0,0,223.705816669619,178.224497384947,205.839960264176,0,261.440278806413,0,0,0,198.528111506785,115.332064605654,0,0,125.994729980093,119.345624434514,165.893015276821,0,0,0,0,0,0,0,0,0,94.9380989123498,146.770754374523,0
0,188.936291522747,0,0,0,0,0,0,0,0,0,0,0,0,0,0,0,0,0,106.33736463831,0,0,155.24952173131,204.481117647118,0,255.441154257905,128.530575464043,151.695570509541,190.185165668632,0,0,0,0,225.013371621378,0,0,220.963068032256,0,0,206.472608421747,0
158.955087279859,0,0,85.7623170715703,0,0,0,160.530221557972,0,0,134.566479261133,0,0,348.674510760064,201.100640800745,0,0,180.355266595273,98.417953423071,0,0,211.840482897052,0,0,0,135.667029391615,259.055025639447,119.728129215699,0,0,0,0,0,325.937289045041,357.423078228283,106.533627130087,171.906398392157,320.356811100276,0,115.871357769661,0
108.381749703452,0,0,0,231.050882209,101.5853655613,0,0,0,134.566479261133,0,94.7529894315991,0,142.385058730083,0,0,0,0,0,183.786860782462,115.194491798135,0,0,0,93.4234866874731,78.9559315574845,0,195.314816908693,0,0,0,0,0,0,99.2646516363145,0,195.378266313867,193.055010680236,114.511014214502,0,193.659409924573
0,0,0,120.912756812582,120.567029282014,0,0,0,0,0,94.7529894315991,0,242.790381480436,306.344527664232,171.230058197369,0,0,0,154.070293657878,104.369974912428,96.5937438588657,0,0,0,0,98.2230592632363,0,78.8552325762656,143.005810983322,0,0,115.541295036174,0,131.969743415579,67.8267069095267,158.567996645797,89.3673883748406,184.249961885477,82.1742780037132,314.611698427915,303.527509149359
0,0,0,209.996727521564,0,0,0,0,0,0,0,242.790381480436,0,0,0,0,173.001559092555,0,0,0,0,0,0,0,0,0,0,101.85207633558,0,0,0,0,0,0,114.649126378906,0,0,0,0,0,238.934743274142
0,0,0,0,0,148.808626413748,0,0,0,348.674510760064,142.385058730083,306.344527664232,0,0,0,82.6426202489162,0,0,0,347.376449530863,0,0,0,231.715271819474,0,0,191.519780382943,161.694997919804,0,0,0,0,141.204637091722,74.4197823064597,0,0,96.7845769653343,101.895308036513,0,173.059382066957,0
0,0,0,284.529238481835,154.142998692322,0,0,223.705816669619,0,201.100640800745,0,171.230058197369,0,0,0,0,0,0,178.748963182352,0,0,0,161.275817184598,0,0,0,0,0,136.685314494491,0,0,0,0,0,169.742003380707,0,283.88658203332,0,186.973586461633,89.1590885155172,0
0,0,0,0,0,0,0,178.224497384947,0,0,0,0,0,82.6426202489162,0,0,0,0,0,0,202.712457066107,0,0,113.059176128709,151.075371308616,0,0,0,228.792310020318,261.605527103798,0,0,0,74.7304794244225,0,162.833808134102,113.144980278377,0,0,241.682021696872,0
0,0,0,0,0,0,0,205.839960264176,0,0,0,0,173.001559092555,0,0,0,0,0,0,0,163.059043292369,0,0,0,0,0,252.487290983309,0,227.504408813069,0,0,0,0,249.905610015455,0,136.792307586862,321.864157986053,232.945974238958,0,101.605593487621,0
0,0,0,0,164.032723165762,0,0,0,0,180.355266595273,0,0,0,0,0,0,0,0,0,0,0,0,0,95.7590805983148,0,196.04190773555,0,0,0,0,97.5855511246009,323.781250289068,0,0,157.852515740516,0,240.185081663983,92.5568465385234,0,0,0
0,0,0,0,0,177.763106506206,0,261.440278806413,0,98.417953423071,0,154.070293657878,0,0,178.748963182352,0,0,0,0,0,0,0,0,306.640284138334,0,0,221.805809452716,137.177378802006,0,0,0,0,0,0,214.116367924649,309.997227542691,128.405764333981,0,0,151.806152521152,0
0,161.74915061469,194.442125915551,0,66.5008477853491,0,0,0,106.33736463831,0,183.786860782462,104.369974912428,0,347.376449530863,0,0,0,0,0,0,0,0,179.718364159796,92.3502314520023,0,125.81518738273,0,0,118.522099274347,161.302948562323,0,0,0,0,0,85.6072705949986,154.065933476765,0,62.859596780235,87.8456058929559,249.798812580765
0,0,0,283.248188884028,353.822894641502,0,0,0,0,0,115.194491798135,96.5937438588657,0,0,0,202.712457066107,163.059043292369,0,0,0,0,0,99.3508940827211,0,0,186.348837226466,0,0,0,0,0,0,0,92.5207898118833,193.63278243493,138.425725342224,62.311273509377,0,0,153.453047983244,0
0,0,0,0,0,0,0,0,0,211.840482897052,0,0,0,0,0,0,0,0,0,0,0,0,206.912707094411,0,112.823430872325,124.853650664477,201.44584889478,0,111.226326353722,0,0,153.672550905948,0,0,0,0,0,100.812745974529,0,0,0
0,0,0,0,180.543851962045,0,0,198.528111506785,155.24952173131,0,0,0,0,0,161.275817184598,0,0,0,0,179.718364159796,99.3508940827211,206.912707094411,0,97.3506957544063,0,0,0,208.005106191961,0,173.201474590904,0,0,0,101.350815329073,300.031143529538,0,159.183173818572,0,73.4795582048751,217.157696745803,0
0,0,0,220.901129804706,0,139.654362654449,0,115.332064605654,204.481117647118,0,0,0,0,231.715271819474,0,113.059176128709,0,95.7590805983148,306.640284138334,92.3502314520023,0,0,97.3506957544063,0,0,0,0,0,241.57250333243,106.128596538706,0,0,0,193.777661225572,104.915316975638,0,82.6299537488922,192.135034768848,192.693757128262,82.4756938751058,196.032358954952
0,0,0,0,58.3493451392805,0,110.384905066973,0,0,0,93.4234866874731,0,0,0,0,151.075371308616,0,0,0,0,0,112.823430872325,0,0,0,0,276.620869034647,0,0,0,0,0,0,0,188.851177466023,224.551207449728,61.0664810463559,0,0,0,195.822649557859
154.784755881607,0,224.523755099568,213.67670887414,0,0,0,0,255.441154257905,135.667029391615,78.9559315574845,98.2230592632363,0,0,0,0,0,196.04190773555,0,125.81518738273,186.348837226466,124.853650664477,0,0,0,0,112.793316814908,178.683678585178,0,81.2827395071039,0,168.241326865882,0,280.376028997576,111.435629183184,0,263.534399241887,0,0,93.5029580098427,80.4367166559625
0,0,0,0,0,161.325017232684,151.036729364761,125.994729980093,128.530575464043,259.055025639447,0,0,0,191.519780382943,0,0,252.487290983309,0,221.805809452716,0,0,201.44584889478,0,0,276.620869034647,112.793316814908,0,89.707245288964,0,329.719143597451,0,0,0,145.74089716123,219.430938885781,205.09013266389,125.416941482916,219.078548227669,0,142.054529471577,151.01089327964
0,101.443495235174,74.5815074003433,146.814226519809,115.868441404982,0,150.161410108805,119.345624434514,151.695570509541,119.728129215699,195.314816908693,78.8552325762656,101.85207633558,161.694997919804,0,0,0,0,137.177378802006,0,0,0,208.005106191961,0,0,178.683678585178,89.707245288964,0,124.698445421759,109.093416850988,137.239127032733,71.5579325720569,163.945208919892,321.124897279917,212.592150359921,338.131802716296,204.084074037941,172.608400267715,0,0,153.609372090384
0,0,0,133.984214699576,0,247.66948903751,198.964527389285,165.893015276821,190.185165668632,0,0,143.005810983322,0,0,136.685314494491,228.792310020318,227.504408813069,0,0,118.522099274347,0,111.226326353722,0,241.57250333243,0,0,0,124.698445421759,0,0,0,0,0,97.3232815600345,187.77054666536,135.294330067913,181.316358113209,94.7280504127031,250.461724766314,134.960780198024,335.371040201042
0,0,0,0,0,90.1317194604647,0,0,0,0,0,0,0,0,0,261.605527103798,0,0,0,161.302948562323,0,0,173.201474590904,106.128596538706,0,81.2827395071039,329.719143597451,109.093416850988,0,0,0,153.876396855887,0,0,289.631679007608,0,71.4788760670054,0,0,0,0
0,0,0,0,0,139.93285932648,0,0,0,0,0,0,0,0,0,0,0,97.5855511246009,0,0,0,0,0,0,0,0,0,137.239127032733,0,0,0,0,0,228.075434767255,0,0,0,0,0,146.99041817625,75.4497121078207
0,0,0,0,0,0,0,0,0,0,0,115.541295036174,0,0,0,0,0,323.781250289068,0,0,0,153.672550905948,0,0,0,168.241326865882,0,71.5579325720569,0,153.876396855887,0,0,0,94.027247878695,165.597665022977,0,0,333.645516435298,0,128.846764897717,226.825099357786
0,122.106946855269,0,0,0,0,0,0,0,0,0,0,0,141.204637091722,0,0,0,0,0,0,0,0,0,0,0,0,0,163.945208919892,0,0,0,0,0,89.9429017381717,0,0,0,218.045528847001,0,0,0
0,269.936825670274,0,0,173.538155409849,0,251.098274723989,0,225.013371621378,325.937289045041,0,131.969743415579,0,74.4197823064597,0,74.7304794244225,249.905610015455,0,0,0,92.5207898118833,0,101.350815329073,193.777661225572,0,280.376028997576,145.74089716123,321.124897279917,97.3232815600345,0,228.075434767255,94.027247878695,89.9429017381717,0,167.066576495979,197.893790332676,76.5072790361762,84.3635741045246,94.8881692391942,72.2278283150671,81.9664354533492
0,0,0,0,70.4221432298295,0,90.7216186966914,0,0,357.423078228283,99.2646516363145,67.8267069095267,114.649126378906,0,169.742003380707,0,0,157.852515740516,214.116367924649,0,193.63278243493,0,300.031143529538,104.915316975638,188.851177466023,111.435629183184,219.430938885781,212.592150359921,187.77054666536,289.631679007608,0,165.597665022977,0,167.066576495979,0,0,236.681907140956,116.054372245433,180.90030328818,106.926813611922,215.611029055736
253.401634605989,0,0,0,0,116.176698124939,0,0,0,106.533627130087,0,158.567996645797,0,0,0,162.833808134102,136.792307586862,0,309.997227542691,85.6072705949986,138.425725342224,0,0,0,224.551207449728,0,205.09013266389,338.131802716296,135.294330067913,0,0,0,0,197.893790332676,0,0,137.189596148386,140.574866691684,199.492852797962,241.635434294794,117.208001126138
0,0,0,174.013630695256,133.218162784108,0,262.382215657622,0,220.963068032256,171.906398392157,195.378266313867,89.3673883748406,0,96.7845769653343,283.88658203332,113.144980278377,321.864157986053,240.185081663983,128.405764333981,154.065933476765,62.311273509377,0,159.183173818572,82.6299537488922,61.0664810463559,263.534399241887,125.416941482916,204.084074037941,181.316358113209,71.4788760670054,0,0,0,76.5072790361762,236.681907140956,137.189596148386,0,155.901486485736,94.126460729827,139.792601838991,222.053792850439
0,0,0,259.442917595754,0,146.465927798921,73.1029054543569,0,0,320.356811100276,193.055010680236,184.249961885477,0,101.895308036513,0,0,232.945974238958,92.5568465385234,0,0,0,100.812745974529,0,192.135034768848,0,0,219.078548227669,172.608400267715,94.7280504127031,0,0,333.645516435298,218.045528847001,84.3635741045246,116.054372245433,140.574866691684,155.901486485736,0,0,0,0
0,0,0,0,0,0,160.537522273714,94.9380989123498,0,0,114.511014214502,82.1742780037132,0,0,186.973586461633,0,0,0,0,62.859596780235,0,0,73.4795582048751,192.693757128262,0,0,0,0,250.461724766314,0,0,0,0,94.8881692391942,180.90030328818,199.492852797962,94.126460729827,0,0,112.349934713559,98.6790043377568
108.136066660554,0,0,0,0,103.519938150021,0,146.770754374523,206.472608421747,115.871357769661,0,314.611698427915,0,173.059382066957,89.1590885155172,241.682021696872,101.605593487621,0,151.806152521152,87.8456058929559,153.453047983244,0,217.157696745803,82.4756938751058,0,93.5029580098427,142.054529471577,0,134.960780198024,0,146.99041817625,128.846764897717,0,72.2278283150671,106.926813611922,241.635434294794,139.792601838991,0,112.349934713559,0,0
0,219.040656038919,0,205.183249704085,0,175.196329314064,138.33942793804,0,0,0,193.659409924573,303.527509149359,238.934743274142,0,0,0,0,0,0,249.798812580765,0,0,0,196.032358954952,195.822649557859,80.4367166559625,151.01089327964,153.609372090384,335.371040201042,0,75.4497121078207,226.825099357786,0,81.9664354533492,215.611029055736,117.208001126138,222.053792850439,0,98.6790043377568,0,0
