0,0,0,0,0,0,0,0,0,0,0,0,0,0,0,0,0,75.4497121078207,0,0,0,0,0,0,0,0,0,0,0,81.9664354533492,0,0,0,219.078548227669,184.249961885477,261.605527103798,0,0,0,0,111.435629183184
0,0,0,0,0,0,0,0,133.218162784108,0,0,169.453147353278,0,0,0,0,0,0,0,0,0,0,122.106946855269,0,0,104.915316975638,0,0,0,0,0,0,0,159.183173818572,0,0,71.4788760670054,212.592150359921,0,0,0
0,0,0,0,155.24952173131,0,0,178.224497384947,0,113.059176128709,0,0,0,0,0,0,85.6072705949986,0,0,0,0,0,0,0,0,0,0,0,0,0,0,0,0,0,0,114.649126378906,0,0,0,0,0
0,0,0,0,0,0,0,0,0,131.969743415579,206.472608421747,0,0,193.659409924573,0,0,0,0,0,0,252.487290983309,135.667029391615,150.161410108805,0,0,0,180.355266595273,81.2827395071039,0,0,0,82.6299537488922,0,0,221.805809452716,0,74.4197823064597,119.345624434514,0,0,321.124897279917
0,0,155.24952173131,0,0,0,201.44584889478,0,0,177.763106506206,0,70.4221432298295,0,0,0,0,89.3673883748406,0,145.74089716123,0,0,0,146.99041817625,0,0,173.538155409849,112.823430872325,0,0,0,261.440278806413,172.608400267715,0,0,154.784755881607,0,187.77054666536,0,0,98.417953423071,0
0,0,0,0,0,0,255.441154257905,0,0,0,0,0,0,0,0,61.0664810463559,0,115.871357769661,0,0,186.973586461633,0,263.534399241887,115.114253591495,0,251.098274723989,0,0,217.157696745803,0,151.075371308616,0,0,0,99.3508940827211,192.135034768848,223.705816669619,89.707245288964,0,306.640284138334,0
0,0,0,0,201.44584889478,255.441154257905,0,0,0,146.770754374523,115.541295036174,0,0,0,0,0,0,0,0,0,0,0,0,0,114.511014214502,153.672550905948,0,97.3232815600345,0,0,0,0,0,325.937289045041,193.055010680236,0,198.964527389285,195.314816908693,0,153.609372090384,205.09013266389
0,0,178.224497384947,0,0,0,0,0,0,101.5853655613,0,163.059043292369,0,106.33736463831,0,0,0,0,120.567029282014,74.5815074003433,0,0,72.2278283150671,112.793316814908,0,94.126460729827,73.1029054543569,97.5855511246009,0,0,0,0,0,0,94.8881692391942,0,231.050882209,113.144980278377,161.275817184598,98.6790043377568,0
0,133.218162784108,0,0,0,0,0,0,0,139.93285932648,82.6426202489162,222.053792850439,0,0,0,0,0,0,0,0,0,0,0,0,110.384905066973,218.045528847001,0,101.443495235174,0,106.926813611922,188.851177466023,0,0,262.382215657622,0,0,199.492852797962,0,0,0,0
0,0,113.059176128709,131.969743415579,177.763106506206,0,146.770754374523,101.5853655613,139.93285932648,0,0,0,0,0,0,0,0,0,0,335.371040201042,0,0,101.895308036513,228.792310020318,157.852515740516,0,0,98.2230592632363,169.742003380707,0,0,0,0,195.822649557859,269.936825670274,0,300.031143529538,146.465927798921,0,347.376449530863,284.529238481835
0,0,0,206.472608421747,0,0,115.541295036174,0,82.6426202489162,0,0,154.065933476765,0,0,303.527509149359,0,0,0,136.792307586862,0,0,0,0,224.551207449728,0,0,115.332064605654,338.131802716296,0,99.2646516363145,0,101.85207633558,0,136.685314494491,0,0,0,106.533627130087,195.378266313867,111.226326353722,162.833808134102
0,169.453147353278,0,0,70.4221432298295,0,0,163.059043292369,222.053792850439,0,154.065933476765,0,0,0,0,0,214.116367924649,138.425725342224,0,172.892533368851,0,0,0,164.032723165762,96.5937438588657,314.611698427915,175.196329314064,0,66.5008477853491,153.453047983244,0,0,0,228.075434767255,94.027247878695,148.808626413748,74.7304794244225,329.719143597451,119.728129215699,180.90030328818,0
0,0,0,0,0,0,0,0,0,0,0,0,0,0,0,0,0,0,0,0,0,0,0,193.777661225572,0,0,171.906398392157,95.7590805983148,82.1742780037132,0,0,0,0,67.8267069095267,0,0,101.605593487621,0,0,0,0
0,0,0,193.659409924573,0,0,0,106.33736463831,0,0,0,0,0,0,0,103.519938150021,0,0,0,215.611029055736,0,0,0,204.481117647118,0,249.905610015455,0,241.682021696872,0,138.33942793804,0,0,0,227.504408813069,142.054529471577,198.528111506785,84.3635741045246,283.88658203332,0,118.522099274347,0
0,0,0,0,0,0,0,0,0,0,303.527509149359,0,0,0,0,0,0,137.189596148386,0,0,0,232.945974238958,0,0,0,0,183.786860782462,0,80.8080171296381,0,0,154.142998692322,0,109.093416850988,124.853650664477,348.674510760064,0,259.442917595754,115.868441404982,205.839960264176,0
0,0,0,0,0,61.0664810463559,0,0,0,0,0,0,0,103.519938150021,0,0,0,0,289.631679007608,161.325017232684,0,0,0,0,0,0,0,192.693757128262,193.63278243493,0,0,0,0,146.814226519809,0,137.177378802006,125.994729980093,0,0,115.194491798135,97.3506957544063
0,0,85.6072705949986,0,89.3673883748406,0,0,0,0,0,0,214.116367924649,0,0,0,0,0,0,134.960780198024,90.7216186966914,0,0,0,116.054372245433,0,0,0,94.7529894315991,0,0,0,0,0,0,220.901129804706,0,94.9380989123498,0,78.9559315574845,0,0
75.4497121078207,0,0,0,0,115.871357769661,0,0,0,0,0,138.425725342224,0,0,137.189596148386,0,0,0,0,0,0,0,259.055025639447,0,0,0,0,0,139.654362654449,0,0,0,0,0,0,231.715271819474,209.996727521564,0,0,196.04190773555,0
0,0,0,0,145.74089716123,0,0,120.567029282014,0,0,136.792307586862,0,0,0,0,289.631679007608,134.960780198024,0,0,0,0,0,0,211.840482897052,0,0,0,173.201474590904,0,357.423078228283,0,0,141.204637091722,0,94.7280504127031,0,200.878319874537,0,0,178.748963182352,0
0,0,0,0,0,0,0,74.5815074003433,0,335.371040201042,0,172.892533368851,0,215.611029055736,0,161.325017232684,90.7216186966914,0,0,0,0,0,0,173.001559092555,0,58.3493451392805,241.635434294794,196.032358954952,253.401634605989,0,0,0,0,194.442125915551,154.070293657878,0,92.5568465385234,250.461724766314,0,163.945208919892,100.812745974529
0,0,0,252.487290983309,0,186.973586461633,0,0,0,0,0,0,0,0,0,0,0,0,0,0,0,0,224.523755099568,96.7845769653343,0,276.620869034647,0,92.5207898118833,208.005106191961,0,0,0,238.934743274142,128.846764897717,353.822894641502,0,0,0,160.537522273714,153.876396855887,174.013630695256
0,0,0,135.667029391615,0,0,0,0,0,0,0,0,0,0,232.945974238958,0,0,0,0,0,0,0,90.1317194604647,165.597665022977,0,0,0,80.4367166559625,0,0,0,0,0,0,197.486504603685,0,82.4756938751058,0,0,0,206.912707094411
0,122.106946855269,0,150.161410108805,146.99041817625,263.534399241887,0,72.2278283150671,0,101.895308036513,0,0,0,0,0,0,0,259.055025639447,0,0,224.523755099568,90.1317194604647,0,0,345.797434674459,249.798812580765,201.100640800745,158.955087279859,0,0,0,0,0,0,0,0,173.059382066957,125.81518738273,0,0,0
0,0,0,0,0,115.114253591495,0,112.793316814908,0,228.792310020318,224.551207449728,164.032723165762,193.777661225572,204.481117647118,0,0,116.054372245433,0,211.840482897052,173.001559092555,96.7845769653343,165.597665022977,0,0,0,186.348837226466,0,306.344527664232,92.3502314520023,0,0,0,0,133.984214699576,191.519780382943,0,179.718364159796,0,0,0,155.901486485736
0,0,0,0,0,0,114.511014214502,0,110.384905066973,157.852515740516,0,96.5937438588657,0,0,0,0,0,0,0,0,0,0,345.797434674459,0,0,0,0,0,85.7623170715703,0,0,0,0,321.864157986053,0,0,87.8456058929559,219.040656038919,242.790381480436,0,0
0,104.915316975638,0,0,173.538155409849,251.098274723989,153.672550905948,94.126460729827,218.045528847001,0,0,314.611698427915,0,249.905610015455,0,0,0,0,0,58.3493451392805,276.620869034647,0,249.798812580765,186.348837226466,0,0,0,0,225.013371621378,158.567996645797,0,161.302948562323,0,240.185081663983,188.936291522747,0,128.405764333981,219.430938885781,0,213.67670887414,0
0,0,0,180.355266595273,112.823430872325,0,0,73.1029054543569,0,0,115.332064605654,175.196329314064,171.906398392157,0,183.786860782462,0,0,0,0,241.635434294794,0,0,201.100640800745,0,0,0,0,78.8552325762656,165.893015276821,0,0,241.57250333243,192.601533877686,124.698445421759,106.128596538706,320.356811100276,0,236.681907140956,180.543851962045,151.01089327964,309.997227542691
0,0,0,81.2827395071039,0,0,97.3232815600345,97.5855511246009,101.443495235174,98.2230592632363,338.131802716296,0,95.7590805983148,241.682021696872,0,192.693757128262,94.7529894315991,0,173.201474590904,196.032358954952,92.5207898118833,80.4367166559625,158.955087279859,306.344527664232,0,0,78.8552325762656,0,280.376028997576,0,204.084074037941,0,135.294330067913,226.825099357786,160.530221557972,323.781250289068,181.316358113209,0,202.712457066107,71.5579325720569,93.5029580098427
0,0,0,0,0,217.157696745803,0,0,0,169.742003380707,0,66.5008477853491,82.1742780037132,0,80.8080171296381,193.63278243493,0,139.654362654449,0,253.401634605989,208.005106191961,0,0,92.3502314520023,85.7623170715703,225.013371621378,165.893015276821,280.376028997576,0,140.574866691684,0,117.208001126138,0,125.416941482916,0,205.183249704085,128.530575464043,0,143.005810983322,0,108.136066660554
81.9664354533492,0,0,0,0,0,0,0,106.926813611922,0,99.2646516363145,153.453047983244,0,138.33942793804,0,0,0,0,357.423078228283,0,0,0,0,0,0,158.567996645797,0,0,140.574866691684,0,0,0,0,120.912756812582,197.893790332676,134.566479261133,0,0,0,0,0
0,0,0,0,261.440278806413,151.075371308616,0,0,188.851177466023,0,0,0,0,0,0,0,0,0,0,0,0,0,0,0,0,0,0,204.084074037941,0,0,0,0,0,0,0,0,0,108.381749703452,0,0,161.694997919804
0,0,0,82.6299537488922,172.608400267715,0,0,0,0,0,101.85207633558,0,0,0,154.142998692322,0,0,0,0,0,0,0,0,0,0,161.302948562323,241.57250333243,0,117.208001126138,0,0,0,0,167.066576495979,0,93.4234866874731,0,0,0,171.230058197369,283.248188884028
0,0,0,0,0,0,0,0,0,0,0,0,0,0,0,0,0,0,141.204637091722,0,238.934743274142,0,0,0,0,0,192.601533877686,135.294330067913,0,0,0,0,0,0,0,0,0,0,0,62.311273509377,0
219.078548227669,159.183173818572,0,0,0,0,325.937289045041,0,262.382215657622,195.822649557859,136.685314494491,228.075434767255,67.8267069095267,227.504408813069,109.093416850988,146.814226519809,0,0,0,194.442125915551,128.846764897717,0,0,133.984214699576,321.864157986053,240.185081663983,124.698445421759,226.825099357786,125.416941482916,120.912756812582,0,167.066576495979,0,0,0,73.4795582048751,220.963068032256,247.66948903751,0,333.645516435298,137.239127032733
184.249961885477,0,0,221.805809452716,154.784755881607,99.3508940827211,193.055010680236,94.8881692391942,0,269.936825670274,0,94.027247878695,0,142.054529471577,124.853650664477,0,220.901129804706,0,94.7280504127031,154.070293657878,353.822894641502,197.486504603685,0,191.519780382943,0,188.936291522747,106.128596538706,160.530221557972,0,197.893790332676,0,0,0,0,0,116.176698124939,168.241326865882,101.350815329073,0,178.683678585178,89.1590885155172
261.605527103798,0,114.649126378906,0,0,192.135034768848,0,0,0,0,0,148.808626413748,0,198.528111506785,348.674510760064,137.177378802006,0,231.715271819474,0,0,0,0,0,0,0,0,320.356811100276,323.781250289068,205.183249704085,134.566479261133,0,93.4234866874731,0,73.4795582048751,116.176698124939,0,112.349934713559,0,161.74915061469,142.385058730083,62.859596780235
0,71.4788760670054,0,74.4197823064597,187.77054666536,223.705816669619,198.964527389285,231.050882209,199.492852797962,300.031143529538,0,74.7304794244225,101.605593487621,84.3635741045246,0,125.994729980093,94.9380989123498,209.996727521564,200.878319874537,92.5568465385234,0,82.4756938751058,173.059382066957,179.718364159796,87.8456058929559,128.405764333981,0,181.316358113209,128.530575464043,0,0,0,0,220.963068032256,168.241326865882,112.349934713559,0,89.9429017381717,139.792601838991,151.695570509541,76.5072790361762
0,212.592150359921,0,119.345624434514,0,89.707245288964,195.314816908693,113.144980278377,0,146.465927798921,106.533627130087,329.719143597451,0,283.88658203332,259.442917595754,0,0,0,0,250.461724766314,0,0,125.81518738273,0,219.040656038919,219.430938885781,236.681907140956,0,0,0,108.381749703452,0,0,247.66948903751,101.350815329073,0,89.9429017381717,0,151.806152521152,0,0
0,0,0,0,0,0,0,161.275817184598,0,0,195.378266313867,119.728129215699,0,0,115.868441404982,0,78.9559315574845,0,0,0,160.537522273714,0,0,0,242.790381480436,0,180.543851962045,202.712457066107,143.005810983322,0,0,0,0,0,0,161.74915061469,139.792601838991,151.806152521152,0,104.369974912428,151.036729364761
0,0,0,0,98.417953423071,306.640284138334,153.609372090384,98.6790043377568,0,347.376449530863,111.226326353722,180.90030328818,0,118.522099274347,205.839960264176,115.194491798135,0,196.04190773555,178.748963182352,163.945208919892,153.876396855887,0,0,0,0,213.67670887414,151.01089327964,71.5579325720569,0,0,0,171.230058197369,62.311273509377,333.645516435298,178.683678585178,142.385058730083,151.695570509541,0,104.369974912428,0,190.185165668632
111.435629183184,0,0,321.124897279917,0,0,205.09013266389,0,0,284.529238481835,162.833808134102,0,0,0,0,97.3506957544063,0,0,0,100.812745974529,174.013630695256,206.912707094411,0,155.901486485736,0,0,309.997227542691,93.5029580098427,108.136066660554,0,161.694997919804,283.248188884028,0,137.239127032733,89.1590885155172,62.859596780235,76.5072790361762,0,151.036729364761,190.185165668632,0
