0,0,0,0,0,0,0,0,0,0,165.893015276821,0,0,0,71.5579325720569,0,0,0,0,0,0,0,0,0,0,0,0,0,0,0,0,115.194491798135,0,153.672550905948,0,0,0,0,106.533627130087,111.435629183184,0
0,0,0,213.67670887414,0,0,0,154.142998692322,0,0,0,93.5029580098427,0,0,0,0,0,0,0,0,0,0,0,0,247.66948903751,0,0,115.541295036174,0,0,0,0,0,0,136.685314494491,0,0,82.1742780037132,0,0,0
0,0,0,0,0,0,0,0,0,0,0,252.487290983309,0,262.382215657622,0,0,0,0,0,0,0,0,0,81.2827395071039,0,197.486504603685,0,0,0,0,0,0,0,0,0,0,154.065933476765,0,0,0,0
0,213.67670887414,0,0,0,0,0,0,0,0,82.6426202489162,163.059043292369,0,0,0,0,0,0,0,0,158.955087279859,0,0,154.070293657878,263.534399241887,0,0,0,232.945974238958,173.538155409849,0,0,0,0,269.936825670274,0,175.196329314064,0,238.934743274142,153.609372090384,161.275817184598
0,0,0,0,0,0,0,137.189596148386,255.441154257905,0,0,0,0,106.33736463831,188.851177466023,338.131802716296,0,0,0,67.8267069095267,0,0,0,196.032358954952,0,0,0,169.453147353278,186.973586461633,0,0,0,0,128.530575464043,0,0,113.059176128709,180.355266595273,0,173.059382066957,180.543851962045
0,0,0,0,0,0,0,0,0,0,0,0,0,178.224497384947,198.964527389285,78.9559315574845,0,276.620869034647,283.88658203332,0,0,0,0,0,0,122.106946855269,155.901486485736,0,280.376028997576,108.381749703452,0,0,154.784755881607,70.4221432298295,0,85.6072705949986,119.728129215699,0,0,0,90.1317194604647
0,0,0,0,0,0,0,0,0,125.994729980093,191.519780382943,163.945208919892,159.183173818572,0,0,0,0,249.905610015455,0,348.674510760064,0,0,0,0,0,0,135.294330067913,167.066576495979,192.693757128262,0,0,0,0,98.2230592632363,218.045528847001,0,90.7216186966914,0,0,289.631679007608,0
0,154.142998692322,0,0,137.189596148386,0,0,0,0,0,0,0,0,150.161410108805,71.4788760670054,201.100640800745,204.481117647118,94.9380989123498,0,0,0,0,136.792307586862,0,0,157.852515740516,0,0,217.157696745803,0,82.6299537488922,0,0,309.997227542691,143.005810983322,0,0,112.349934713559,205.09013266389,212.592150359921,0
0,0,0,0,255.441154257905,0,0,0,0,115.332064605654,0,353.822894641502,0,0,61.0664810463559,0,106.926813611922,0,0,0,115.871357769661,0,0,139.93285932648,0,0,0,0,0,0,0,0,0,178.683678585178,0,96.5937438588657,0,0,0,112.793316814908,161.74915061469
0,0,0,0,0,0,125.994729980093,0,115.332064605654,0,219.430938885781,209.996727521564,0,284.529238481835,0,0,0,0,0,0,0,226.825099357786,0,153.453047983244,0,357.423078228283,0,98.417953423071,101.895308036513,0,0,215.611029055736,0,0,186.348837226466,173.001559092555,120.567029282014,89.707245288964,101.350815329073,139.792601838991,72.2278283150671
165.893015276821,0,0,82.6426202489162,0,0,191.519780382943,0,0,219.430938885781,0,0,0,0,0,148.808626413748,0,0,114.649126378906,0,300.031143529538,0,124.853650664477,106.128596538706,0,0,145.74089716123,223.705816669619,335.371040201042,0,0,0,0,111.226326353722,0,0,261.605527103798,101.85207633558,0,73.1029054543569,0
0,93.5029580098427,252.487290983309,163.059043292369,0,0,163.945208919892,0,353.822894641502,209.996727521564,0,0,0,104.915316975638,0,250.461724766314,0,0,0,192.135034768848,0,0,171.230058197369,128.405764333981,198.528111506785,94.126460729827,0,321.124897279917,0,173.201474590904,0,0,0,151.01089327964,228.075434767255,206.472608421747,188.936291522747,0,96.7845769653343,181.316358113209,0
0,0,0,0,0,0,159.183173818572,0,0,0,0,0,0,0,193.659409924573,0,0,0,0,0,0,0,0,92.3502314520023,0,0,0,0,0,0,0,0,0,0,0,0,82.4756938751058,241.57250333243,0,0,329.719143597451
0,0,262.382215657622,0,106.33736463831,178.224497384947,0,150.161410108805,0,284.529238481835,0,104.915316975638,0,0,0,0,0,0,0,160.537522273714,0,0,0,94.027247878695,0,220.963068032256,228.792310020318,0,201.44584889478,0,0,0,0,0,101.605593487621,241.635434294794,58.3493451392805,0,0,0,0
71.5579325720569,0,0,0,188.851177466023,198.964527389285,0,71.4788760670054,61.0664810463559,0,0,0,193.659409924573,0,0,0,0,0,0,0,0,0,0,184.249961885477,0,0,0,199.492852797962,0,0,0,0,0,0,0,80.8080171296381,74.7304794244225,0,74.5815074003433,0,205.183249704085
0,0,0,0,338.131802716296,78.9559315574845,0,201.100640800745,0,0,148.808626413748,250.461724766314,0,0,0,0,0,0,0,0,0,0,200.878319874537,0,0,183.786860782462,0,172.608400267715,164.032723165762,0,323.781250289068,0,0,0,0,114.511014214502,0,0,0,0,0
0,0,0,0,0,0,0,204.481117647118,106.926813611922,0,0,0,0,0,0,0,0,0,0,187.77054666536,0,0,0,135.667029391615,0,0,0,0,242.790381480436,0,0,0,0,142.385058730083,0,104.369974912428,137.239127032733,137.177378802006,0,0,75.4497121078207
0,0,0,0,0,276.620869034647,249.905610015455,94.9380989123498,0,0,0,0,0,0,0,0,0,0,208.005106191961,0,0,0,0,0,0,0,241.682021696872,195.822649557859,227.504408813069,0,0,0,0,0,193.63278243493,0,0,0,0,205.839960264176,0
0,0,0,0,0,283.88658203332,0,0,0,0,114.649126378906,0,0,0,0,0,0,208.005106191961,0,0,0,0,0,0,0,172.892533368851,0,236.681907140956,0,97.5855511246009,0,333.645516435298,0,116.176698124939,206.912707094411,190.185165668632,0,0,161.694997919804,225.013371621378,0
0,0,0,0,67.8267069095267,0,348.674510760064,0,0,0,0,192.135034768848,0,160.537522273714,0,0,187.77054666536,0,0,0,0,0,195.378266313867,118.522099274347,0,193.777661225572,177.763106506206,0,0,103.519938150021,0,100.812745974529,0,101.443495235174,253.401634605989,93.4234866874731,133.984214699576,0,0,108.136066660554,89.9429017381717
0,0,0,158.955087279859,0,0,0,0,115.871357769661,0,300.031143529538,0,0,0,0,0,0,0,0,0,0,101.5853655613,224.523755099568,168.241326865882,0,0,89.3673883748406,211.840482897052,116.054372245433,0,0,0,0,92.5207898118833,197.893790332676,0,0,222.053792850439,0,0,231.050882209
0,0,0,0,0,0,0,0,0,226.825099357786,0,0,0,0,0,0,0,0,0,0,101.5853655613,0,0,0,0,0,224.551207449728,0,0,0,0,0,0,283.248188884028,0,0,125.81518738273,78.8552325762656,219.078548227669,142.054529471577,0
0,0,0,0,0,0,0,136.792307586862,0,0,124.853650664477,171.230058197369,0,0,0,200.878319874537,0,0,0,195.378266313867,224.523755099568,0,0,0,120.912756812582,180.90030328818,0,80.4367166559625,261.440278806413,0,0,0,0,345.797434674459,125.416941482916,169.742003380707,231.715271819474,0,0,146.770754374523,0
0,0,81.2827395071039,154.070293657878,196.032358954952,0,0,0,139.93285932648,153.453047983244,106.128596538706,128.405764333981,92.3502314520023,94.027247878695,184.249961885477,0,135.667029391615,0,0,118.522099274347,168.241326865882,0,0,0,0,0,162.833808134102,240.185081663983,0,0,0,0,0,62.859596780235,171.906398392157,0,140.574866691684,98.6790043377568,0,0,0
0,247.66948903751,0,263.534399241887,0,0,0,0,0,0,0,198.528111506785,0,0,0,0,0,0,0,0,0,0,120.912756812582,0,0,85.7623170715703,0,195.314816908693,0,0,0,0,0,303.527509149359,87.8456058929559,0,117.208001126138,0,0,0,151.075371308616
0,0,197.486504603685,0,0,122.106946855269,0,157.852515740516,0,357.423078228283,0,94.126460729827,0,220.963068032256,0,183.786860782462,0,0,172.892533368851,193.777661225572,0,0,180.90030328818,0,85.7623170715703,0,133.218162784108,192.601533877686,0,0,0,151.806152521152,0,0,259.055025639447,221.805809452716,151.695570509541,158.567996645797,0,84.3635741045246,112.823430872325
0,0,0,0,0,155.901486485736,135.294330067913,0,0,0,145.74089716123,0,0,228.792310020318,0,0,0,241.682021696872,0,177.763106506206,89.3673883748406,224.551207449728,0,162.833808134102,0,133.218162784108,0,165.597665022977,321.864157986053,306.344527664232,0,214.116367924649,0,160.530221557972,94.7529894315991,0,161.325017232684,139.654362654449,0,73.4795582048751,110.384905066973
0,115.541295036174,0,0,169.453147353278,0,167.066576495979,0,0,98.417953423071,223.705816669619,321.124897279917,0,0,199.492852797962,172.608400267715,0,195.822649557859,236.681907140956,0,211.840482897052,0,80.4367166559625,240.185081663983,195.314816908693,192.601533877686,165.597665022977,0,314.611698427915,0,97.3232815600345,161.302948562323,62.311273509377,151.036729364761,141.204637091722,89.1590885155172,128.846764897717,0,153.876396855887,196.04190773555,95.7590805983148
0,0,0,232.945974238958,186.973586461633,280.376028997576,192.693757128262,217.157696745803,0,101.895308036513,335.371040201042,0,0,201.44584889478,0,164.032723165762,242.790381480436,227.504408813069,0,0,116.054372245433,0,261.440278806413,0,0,0,321.864157986053,314.611698427915,0,0,0,0,0,76.5072790361762,204.084074037941,0,249.798812580765,155.24952173131,0,74.4197823064597,325.937289045041
0,0,0,173.538155409849,0,108.381749703452,0,0,0,0,0,173.201474590904,0,0,0,0,0,0,97.5855511246009,103.519938150021,0,0,0,0,0,0,306.344527664232,0,0,0,0,0,0,94.8881692391942,109.093416850988,0,178.748963182352,174.013630695256,0,202.712457066107,0
0,0,0,0,0,0,0,82.6299537488922,0,0,0,0,0,0,0,323.781250289068,0,0,0,0,0,0,0,0,0,0,0,97.3232815600345,0,0,0,0,0,0,134.960780198024,0,0,0,251.098274723989,115.114253591495,0
115.194491798135,0,0,0,0,0,0,0,0,215.611029055736,0,0,0,0,0,0,0,0,333.645516435298,100.812745974529,0,0,0,0,0,151.806152521152,214.116367924649,161.302948562323,0,0,0,0,0,0,134.566479261133,0,119.345624434514,0,138.33942793804,347.376449530863,0
0,0,0,0,0,154.784755881607,0,0,0,0,0,0,0,0,0,0,0,0,0,0,0,0,0,0,0,0,0,62.311273509377,0,0,0,0,0,0,0,124.698445421759,0,146.465927798921,0,0,220.901129804706
153.672550905948,0,0,0,128.530575464043,70.4221432298295,98.2230592632363,309.997227542691,178.683678585178,0,111.226326353722,151.01089327964,0,0,0,0,142.385058730083,0,116.176698124939,101.443495235174,92.5207898118833,283.248188884028,345.797434674459,62.859596780235,303.527509149359,0,160.530221557972,151.036729364761,76.5072790361762,94.8881692391942,0,0,0,0,99.2646516363145,138.425725342224,99.3508940827211,66.5008477853491,179.718364159796,320.356811100276,0
0,136.685314494491,0,269.936825670274,0,0,218.045528847001,143.005810983322,0,186.348837226466,0,228.075434767255,0,101.605593487621,0,0,0,193.63278243493,206.912707094411,253.401634605989,197.893790332676,0,125.416941482916,171.906398392157,87.8456058929559,259.055025639447,94.7529894315991,141.204637091722,204.084074037941,109.093416850988,134.960780198024,134.566479261133,0,99.2646516363145,0,0,193.055010680236,113.144980278377,0,97.3506957544063,0
0,0,0,0,0,85.6072705949986,0,0,96.5937438588657,173.001559092555,0,206.472608421747,0,241.635434294794,80.8080171296381,114.511014214502,104.369974912428,0,190.185165668632,93.4234866874731,0,0,169.742003380707,0,0,221.805809452716,0,89.1590885155172,0,0,0,0,124.698445421759,138.425725342224,0,0,146.814226519809,94.7280504127031,81.9664354533492,0,131.969743415579
0,0,154.065933476765,175.196329314064,113.059176128709,119.728129215699,90.7216186966914,0,0,120.567029282014,261.605527103798,188.936291522747,82.4756938751058,58.3493451392805,74.7304794244225,0,137.239127032733,0,0,133.984214699576,0,125.81518738273,231.715271819474,140.574866691684,117.208001126138,151.695570509541,161.325017232684,128.846764897717,249.798812580765,178.748963182352,0,119.345624434514,0,99.3508940827211,193.055010680236,146.814226519809,0,306.640284138334,92.5568465385234,194.442125915551,146.99041817625
0,82.1742780037132,0,0,180.355266595273,0,0,112.349934713559,0,89.707245288964,101.85207633558,0,241.57250333243,0,0,0,137.177378802006,0,0,0,222.053792850439,78.8552325762656,0,98.6790043377568,0,158.567996645797,139.654362654449,0,155.24952173131,174.013630695256,0,0,146.465927798921,66.5008477853491,113.144980278377,94.7280504127031,306.640284138334,0,0,0,259.442917595754
106.533627130087,0,0,238.934743274142,0,0,0,205.09013266389,0,101.350815329073,0,96.7845769653343,0,0,74.5815074003433,0,0,0,161.694997919804,0,0,219.078548227669,0,0,0,0,0,153.876396855887,0,0,251.098274723989,138.33942793804,0,179.718364159796,0,81.9664354533492,92.5568465385234,0,0,0,115.868441404982
111.435629183184,0,0,153.609372090384,173.059382066957,0,289.631679007608,212.592150359921,112.793316814908,139.792601838991,73.1029054543569,181.316358113209,0,0,0,0,0,205.839960264176,225.013371621378,108.136066660554,0,142.054529471577,146.770754374523,0,0,84.3635741045246,73.4795582048751,196.04190773555,74.4197823064597,202.712457066107,115.114253591495,347.376449530863,0,320.356811100276,97.3506957544063,0,194.442125915551,0,0,0,219.040656038919
0,0,0,161.275817184598,180.543851962045,90.1317194604647,0,0,161.74915061469,72.2278283150671,0,0,329.719143597451,0,205.183249704085,0,75.4497121078207,0,0,89.9429017381717,231.050882209,0,0,0,151.075371308616,112.823430872325,110.384905066973,95.7590805983148,325.937289045041,0,0,0,220.901129804706,0,0,131.969743415579,146.99041817625,259.442917595754,115.868441404982,219.040656038919,0
