0,0,0,0,0,0,0,0,0,0,232.945974238958,0,0,0,0,0,0,0,0,0,0,0,0,139.93285932648,0,0,0,0,236.681907140956,261.440278806413,0,0,0,0,125.416941482916,0,0,75.4497121078207,0,0,0
0,0,0,0,0,0,0,0,0,0,0,0,0,0,0,0,0,0,0,0,0,0,0,113.144980278377,0,0,0,134.566479261133,0,184.249961885477,0,0,0,0,283.88658203332,0,106.926813611922,0,161.325017232684,333.645516435298,0
0,0,0,0,0,153.453047983244,0,0,0,0,0,0,0,0,0,0,193.777661225572,0,0,0,119.345624434514,0,0,0,0,0,0,101.443495235174,0,0,0,0,0,0,0,0,0,98.6790043377568,0,0,0
0,0,0,0,163.059043292369,0,0,101.350815329073,0,173.538155409849,0,0,0,0,0,71.5579325720569,0,0,0,108.381749703452,81.2827395071039,0,111.435629183184,0,0,0,0,206.912707094411,0,0,0,0,112.793316814908,0,335.371040201042,0,194.442125915551,0,89.1590885155172,169.453147353278,0
0,0,0,163.059043292369,0,0,0,0,188.936291522747,0,110.384905066973,0,0,0,0,0,142.054529471577,241.57250333243,0,165.597665022977,0,0,323.781250289068,0,0,0,93.4234866874731,104.915316975638,0,0,0,0,0,114.511014214502,0,283.248188884028,262.382215657622,0,0,161.302948562323,96.7845769653343
0,0,153.453047983244,0,0,0,0,94.7280504127031,0,0,0,115.871357769661,0,136.685314494491,221.805809452716,0,154.784755881607,0,0,0,0,0,0,0,0,211.840482897052,0,0,215.611029055736,0,0,0,0,94.7529894315991,94.9380989123498,0,347.376449530863,173.001559092555,223.705816669619,191.519780382943,0
0,0,0,0,0,0,0,0,74.7304794244225,0,0,134.960780198024,0,74.5815074003433,0,0,0,0,0,0,201.100640800745,0,71.4788760670054,78.9559315574845,0,0,169.742003380707,0,0,82.6299537488922,142.385058730083,0,0,124.853650664477,0,217.157696745803,321.864157986053,72.2278283150671,0,0,0
0,0,0,101.350815329073,0,94.7280504127031,0,0,0,151.01089327964,0,92.5207898118833,0,0,0,0,0,0,0,0,0,81.9664354533492,0,172.608400267715,154.065933476765,125.994729980093,92.5568465385234,181.316358113209,179.718364159796,116.054372245433,0,0,0,249.798812580765,0,101.5853655613,154.142998692322,158.955087279859,0,0,0
0,0,0,0,188.936291522747,0,74.7304794244225,0,0,0,0,0,0,160.537522273714,241.635434294794,0,0,0,0,0,0,0,0,0,0,101.895308036513,192.693757128262,214.116367924649,125.81518738273,0,0,0,0,198.964527389285,146.465927798921,0,0,0,133.984214699576,0,0
0,0,0,173.538155409849,0,0,0,151.01089327964,0,0,0,0,0,202.712457066107,0,0,0,0,353.822894641502,178.224497384947,186.973586461633,0,0,0,150.161410108805,153.876396855887,0,197.893790332676,209.996727521564,0,0,99.3508940827211,0,115.868441404982,112.823430872325,205.839960264176,183.786860782462,224.551207449728,148.808626413748,348.674510760064,0
232.945974238958,0,0,0,110.384905066973,0,0,0,0,0,0,0,0,247.66948903751,153.609372090384,0,0,0,96.5937438588657,151.075371308616,0,0,128.530575464043,137.239127032733,0,0,0,115.541295036174,0,0,0,300.031143529538,115.194491798135,0,345.797434674459,80.4367166559625,241.682021696872,161.694997919804,0,0,155.24952173131
0,0,0,0,0,115.871357769661,134.960780198024,92.5207898118833,0,0,0,0,173.059382066957,180.543851962045,0,0,193.659409924573,0,253.401634605989,252.487290983309,78.8552325762656,0,165.893015276821,0,89.3673883748406,213.67670887414,164.032723165762,109.093416850988,151.036729364761,0,0,70.4221432298295,0,90.1317194604647,226.825099357786,0,220.901129804706,0,193.63278243493,196.032358954952,0
0,0,0,0,0,0,0,0,0,0,0,173.059382066957,0,0,0,172.892533368851,0,0,0,0,0,0,0,188.851177466023,0,0,0,155.901486485736,0,0,0,0,0,0,251.098274723989,325.937289045041,0,0,0,0,0
0,0,0,0,0,136.685314494491,74.5815074003433,0,160.537522273714,202.712457066107,247.66948903751,180.543851962045,0,0,0,0,115.114253591495,0,0,0,222.053792850439,0,0,90.7216186966914,0,0,0,139.654362654449,225.013371621378,0,0,0,0,168.241326865882,0,0,0,0,0,94.8881692391942,66.5008477853491
0,0,0,0,0,221.805809452716,0,0,241.635434294794,0,153.609372090384,0,0,0,0,0,0,0,0,0,0,0,0,0,157.852515740516,94.126460729827,161.275817184598,124.698445421759,192.601533877686,0,0,0,0,151.695570509541,94.027247878695,186.348837226466,0,0,0,0,220.963068032256
0,0,0,71.5579325720569,0,0,0,0,0,0,0,0,172.892533368851,0,0,0,0,0,0,0,0,0,201.44584889478,0,0,240.185081663983,0,173.201474590904,128.405764333981,0,0,0,0,177.763106506206,73.1029054543569,76.5072790361762,113.059176128709,204.084074037941,0,0,0
0,0,193.777661225572,0,142.054529471577,154.784755881607,0,0,0,0,0,193.659409924573,0,115.114253591495,0,0,0,0,0,61.0664810463559,0,0,0,0,0,0,0,154.070293657878,0,0,0,0,0,103.519938150021,261.605527103798,0,0,0,0,263.534399241887,0
0,0,0,0,241.57250333243,0,0,0,0,0,0,0,0,0,0,0,0,0,153.672550905948,0,0,0,0,0,204.481117647118,85.7623170715703,231.050882209,0,0,0,0,0,0,187.77054666536,0,199.492852797962,85.6072705949986,309.997227542691,0,0,0
0,0,0,0,0,0,0,0,0,353.822894641502,96.5937438588657,253.401634605989,0,0,0,0,0,153.672550905948,0,0,0,82.1742780037132,0,0,0,108.136066660554,219.078548227669,136.792307586862,0,0,0,0,0,0,0,0,146.99041817625,0,135.294330067913,67.8267069095267,357.423078228283
0,0,0,108.381749703452,165.597665022977,0,0,0,0,178.224497384947,151.075371308616,252.487290983309,0,0,0,0,61.0664810463559,0,0,0,303.527509149359,0,0,87.8456058929559,269.936825670274,120.912756812582,101.605593487621,97.3232815600345,0,0,0,0,0,0,111.226326353722,205.183249704085,122.106946855269,219.430938885781,0,0,195.378266313867
0,0,119.345624434514,81.2827395071039,0,0,201.100640800745,0,0,186.973586461633,0,78.8552325762656,0,222.053792850439,0,0,0,0,0,303.527509149359,0,0,0,0,0,0,192.135034768848,0,0,0,0,0,0,193.055010680236,137.177378802006,0,115.332064605654,0,0,162.833808134102,138.33942793804
0,0,0,0,0,0,0,81.9664354533492,0,0,0,0,0,0,0,0,0,0,82.1742780037132,0,0,0,100.812745974529,0,97.3506957544063,0,0,0,259.442917595754,0,0,135.667029391615,106.128596538706,175.196329314064,0,0,0,0,0,0,0
0,0,0,111.435629183184,323.781250289068,0,71.4788760670054,0,0,0,128.530575464043,165.893015276821,0,0,0,201.44584889478,0,0,0,0,0,100.812745974529,0,212.592150359921,0,0,112.349934713559,0,0,128.846764897717,0,0,0,0,0,0,180.90030328818,82.4756938751058,208.005106191961,190.185165668632,82.6426202489162
139.93285932648,113.144980278377,0,0,0,0,78.9559315574845,172.608400267715,0,0,137.239127032733,0,188.851177466023,90.7216186966914,0,0,0,0,0,87.8456058929559,0,0,212.592150359921,0,0,93.5029580098427,0,197.486504603685,104.369974912428,178.683678585178,250.461724766314,0,0,119.728129215699,89.707245288964,0,195.822649557859,95.7590805983148,0,0,259.055025639447
0,0,0,0,0,0,0,154.065933476765,0,150.161410108805,0,89.3673883748406,0,0,157.852515740516,0,0,204.481117647118,0,269.936825670274,0,97.3506957544063,0,0,0,0,0,106.533627130087,0,0,0,0,0,0,80.8080171296381,0,242.790381480436,0,0,0,0
0,0,0,0,0,211.840482897052,0,125.994729980093,101.895308036513,153.876396855887,0,213.67670887414,0,0,94.126460729827,240.185081663983,0,85.7623170715703,108.136066660554,120.912756812582,0,0,0,93.5029580098427,0,0,0,146.770754374523,137.189596148386,118.522099274347,0,195.314816908693,0,228.075434767255,284.529238481835,0,146.814226519809,0,0,98.2230592632363,238.934743274142
0,0,0,0,93.4234866874731,0,169.742003380707,92.5568465385234,192.693757128262,0,0,164.032723165762,0,0,161.275817184598,0,0,231.050882209,219.078548227669,101.605593487621,192.135034768848,0,112.349934713559,0,0,0,0,0,0,0,306.344527664232,161.74915061469,0,228.792310020318,174.013630695256,167.066576495979,84.3635741045246,338.131802716296,0,158.567996645797,62.859596780235
0,134.566479261133,101.443495235174,206.912707094411,104.915316975638,0,0,181.316358113209,214.116367924649,197.893790332676,115.541295036174,109.093416850988,155.901486485736,139.654362654449,124.698445421759,173.201474590904,154.070293657878,0,136.792307586862,97.3232815600345,0,0,0,197.486504603685,106.533627130087,146.770754374523,0,0,200.878319874537,219.040656038919,163.945208919892,0,0,0,0,0,58.3493451392805,97.5855511246009,74.4197823064597,159.183173818572,106.33736463831
236.681907140956,0,0,0,0,215.611029055736,0,179.718364159796,125.81518738273,209.996727521564,0,151.036729364761,0,225.013371621378,192.601533877686,128.405764333981,0,0,0,0,0,259.442917595754,0,104.369974912428,0,137.189596148386,0,200.878319874537,0,206.472608421747,0,143.005810983322,0,255.441154257905,280.376028997576,321.124897279917,133.218162784108,0,0,218.045528847001,171.906398392157
261.440278806413,184.249961885477,0,0,0,0,82.6299537488922,116.054372245433,0,0,0,0,0,0,0,0,0,0,0,0,0,0,128.846764897717,178.683678585178,0,118.522099274347,0,219.040656038919,206.472608421747,0,0,0,0,0,0,0,0,0,0,141.204637091722,171.230058197369
0,0,0,0,0,0,142.385058730083,0,0,0,0,0,0,0,0,0,0,0,0,0,0,0,0,250.461724766314,0,0,306.344527664232,163.945208919892,0,0,0,0,0,0,0,0,231.715271819474,0,0,227.504408813069,0
0,0,0,0,0,0,0,0,0,99.3508940827211,300.031143529538,70.4221432298295,0,0,0,0,0,0,0,0,0,135.667029391615,0,0,0,195.314816908693,161.74915061469,0,143.005810983322,0,0,0,0,0,92.3502314520023,0,140.574866691684,0,0,98.417953423071,151.806152521152
0,0,0,112.793316814908,0,0,0,0,0,0,115.194491798135,0,0,0,0,0,0,0,0,0,0,106.128596538706,0,0,0,0,0,0,0,0,0,0,0,160.530221557972,0,139.792601838991,0,0,0,0,0
0,0,0,0,114.511014214502,94.7529894315991,124.853650664477,249.798812580765,198.964527389285,115.868441404982,0,90.1317194604647,0,168.241326865882,151.695570509541,177.763106506206,103.519938150021,187.77054666536,0,0,193.055010680236,175.196329314064,0,119.728129215699,0,228.075434767255,228.792310020318,0,255.441154257905,0,0,0,160.530221557972,0,178.748963182352,117.208001126138,101.85207633558,205.09013266389,320.356811100276,249.905610015455,314.611698427915
125.416941482916,283.88658203332,0,335.371040201042,0,94.9380989123498,0,0,146.465927798921,112.823430872325,345.797434674459,226.825099357786,251.098274723989,0,94.027247878695,73.1029054543569,261.605527103798,0,0,111.226326353722,137.177378802006,0,0,89.707245288964,80.8080171296381,284.529238481835,174.013630695256,0,280.376028997576,0,0,92.3502314520023,0,178.748963182352,0,0,116.176698124939,0,306.640284138334,289.631679007608,62.311273509377
0,0,0,0,283.248188884028,0,217.157696745803,101.5853655613,0,205.839960264176,80.4367166559625,0,325.937289045041,0,186.348837226466,76.5072790361762,0,199.492852797962,0,205.183249704085,0,0,0,0,0,0,167.066576495979,0,321.124897279917,0,0,0,139.792601838991,117.208001126138,0,0,224.523755099568,329.719143597451,198.528111506785,138.425725342224,180.355266595273
0,106.926813611922,0,194.442125915551,262.382215657622,347.376449530863,321.864157986053,154.142998692322,0,183.786860782462,241.682021696872,220.901129804706,0,0,0,113.059176128709,0,85.6072705949986,146.99041817625,122.106946855269,115.332064605654,0,180.90030328818,195.822649557859,242.790381480436,146.814226519809,84.3635741045246,58.3493451392805,133.218162784108,0,231.715271819474,140.574866691684,0,101.85207633558,116.176698124939,224.523755099568,0,131.969743415579,276.620869034647,89.9429017381717,114.649126378906
75.4497121078207,0,98.6790043377568,0,0,173.001559092555,72.2278283150671,158.955087279859,0,224.551207449728,161.694997919804,0,0,0,0,204.084074037941,0,309.997227542691,0,219.430938885781,0,0,82.4756938751058,95.7590805983148,0,0,338.131802716296,97.5855511246009,0,0,0,0,0,205.09013266389,0,329.719143597451,131.969743415579,0,120.567029282014,196.04190773555,73.4795582048751
0,161.325017232684,0,89.1590885155172,0,223.705816669619,0,0,133.984214699576,148.808626413748,0,193.63278243493,0,0,0,0,0,0,135.294330067913,0,0,0,208.005106191961,0,0,0,0,74.4197823064597,0,0,0,0,0,320.356811100276,306.640284138334,198.528111506785,276.620869034647,120.567029282014,0,145.74089716123,0
0,333.645516435298,0,169.453147353278,161.302948562323,191.519780382943,0,0,0,348.674510760064,0,196.032358954952,0,94.8881692391942,0,0,263.534399241887,0,67.8267069095267,0,162.833808134102,0,190.185165668632,0,0,98.2230592632363,158.567996645797,159.183173818572,218.045528847001,141.204637091722,227.504408813069,98.417953423071,0,249.905610015455,289.631679007608,138.425725342224,89.9429017381717,196.04190773555,145.74089716123,0,99.2646516363145
0,0,0,0,96.7845769653343,0,0,0,0,0,155.24952173131,0,0,66.5008477853491,220.963068032256,0,0,0,357.423078228283,195.378266313867,138.33942793804,0,82.6426202489162,259.055025639447,0,238.934743274142,62.859596780235,106.33736463831,171.906398392157,171.230058197369,0,151.806152521152,0,314.611698427915,62.311273509377,180.355266595273,114.649126378906,73.4795582048751,0,99.2646516363145,0
