0,0,0,0,0,0,0,0,0,0,0,161.325017232684,0,0,0,0,0,0,0,0,0,0,0,133.984214699576,0,276.620869034647,0,226.825099357786,58.3493451392805,0,0,0,0,151.695570509541,0,0,0,0,0,0,0
0,0,0,0,0,163.945208919892,110.384905066973,0,0,0,0,0,0,0,0,0,0,0,0,0,78.9559315574845,0,0,0,0,0,0,209.996727521564,0,164.032723165762,0,112.793316814908,0,303.527509149359,0,0,0,0,0,0,0
0,0,0,0,0,0,0,0,0,0,0,0,0,0,0,0,0,0,0,0,0,0,262.382215657622,217.157696745803,0,0,0,269.936825670274,0,0,0,0,0,196.04190773555,0,0,0,0,0,306.344527664232,0
0,0,0,0,0,0,0,0,111.226326353722,0,71.5579325720569,0,0,325.937289045041,0,314.611698427915,0,0,0,0,0,353.822894641502,0,184.249961885477,0,0,0,205.09013266389,0,0,0,0,0,90.7216186966914,0,0,78.8552325762656,338.131802716296,103.519938150021,101.85207633558,250.461724766314
0,0,0,0,0,0,0,0,0,0,161.275817184598,80.8080171296381,0,183.786860782462,347.376449530863,0,113.059176128709,0,0,0,0,0,180.90030328818,206.912707094411,101.605593487621,0,0,115.871357769661,197.893790332676,0,0,0,0,124.853650664477,0,0,92.3502314520023,0,0,101.5853655613,221.805809452716
0,163.945208919892,0,0,0,0,0,188.851177466023,0,0,0,0,0,0,0,0,0,0,0,261.605527103798,115.114253591495,0,0,283.248188884028,0,157.852515740516,241.57250333243,195.822649557859,240.185081663983,0,0,0,0,0,187.77054666536,150.161410108805,215.611029055736,92.5207898118833,192.693757128262,0,0
0,110.384905066973,0,0,0,0,0,0,131.969743415579,186.973586461633,0,101.443495235174,0,0,195.314816908693,73.4795582048751,0,0,169.453147353278,0,0,0,0,0,0,0,0,94.126460729827,0,0,0,0,0,145.74089716123,206.472608421747,0,228.792310020318,192.135034768848,0,186.348837226466,0
0,0,0,0,0,188.851177466023,0,0,0,89.707245288964,0,94.8881692391942,0,0,100.812745974529,0,0,219.430938885781,0,0,0,0,0,135.294330067913,236.681907140956,0,0,139.792601838991,146.465927798921,0,0,0,0,122.106946855269,177.763106506206,93.5029580098427,128.846764897717,125.416941482916,0,71.4788760670054,82.1742780037132
0,0,0,111.226326353722,0,0,131.969743415579,0,0,0,0,0,0,0,0,0,0,0,0,284.529238481835,0,0,228.075434767255,0,0,0,0,0,0,0,0,0,0,128.405764333981,198.964527389285,142.054529471577,151.036729364761,119.345624434514,61.0664810463559,0,253.401634605989
0,0,0,0,0,0,186.973586461633,89.707245288964,0,0,0,194.442125915551,0,0,0,0,0,0,0,195.378266313867,104.915316975638,0,142.385058730083,151.806152521152,0,134.960780198024,138.33942793804,0,0,73.1029054543569,0,81.9664354533492,0,205.839960264176,249.905610015455,306.640284138334,163.059043292369,193.63278243493,178.748963182352,108.381749703452,0
0,0,0,71.5579325720569,161.275817184598,0,0,0,0,0,0,193.659409924573,223.705816669619,151.01089327964,0,0,0,196.032358954952,0,171.906398392157,0,161.694997919804,0,0,0,117.208001126138,153.609372090384,85.7623170715703,283.88658203332,0,0,0,0,0,106.128596538706,82.6299537488922,0,0,192.601533877686,0,224.523755099568
161.325017232684,0,0,0,80.8080171296381,0,101.443495235174,94.8881692391942,0,194.442125915551,193.659409924573,0,96.5937438588657,220.963068032256,0,0,0,72.2278283150671,0,155.24952173131,94.7529894315991,0,0,0,0,263.534399241887,0,106.33736463831,171.230058197369,0,0,0,190.185165668632,146.99041817625,116.176698124939,0,218.045528847001,0,208.005106191961,214.116367924649,89.1590885155172
0,0,0,0,0,0,0,0,0,0,223.705816669619,96.5937438588657,0,0,0,0,0,0,75.4497121078207,0,0,0,0,0,0,0,0,0,173.201474590904,0,0,0,0,0,0,0,0,0,0,231.050882209,158.955087279859
0,0,0,325.937289045041,183.786860782462,0,0,0,0,0,151.01089327964,220.963068032256,0,0,0,0,0,0,82.6426202489162,232.945974238958,0,0,335.371040201042,0,0,329.719143597451,0,89.9429017381717,0,200.878319874537,0,154.784755881607,0,0,252.487290983309,0,165.597665022977,0,0,154.070293657878,0
0,0,0,0,347.376449530863,0,195.314816908693,100.812745974529,0,0,0,0,0,0,0,0,155.901486485736,0,0,0,0,178.224497384947,0,0,0,0,0,219.040656038919,99.3508940827211,0,0,0,0,115.332064605654,0,0,188.936291522747,309.997227542691,0,167.066576495979,202.712457066107
0,0,0,314.611698427915,0,0,73.4795582048751,0,0,0,0,0,0,0,0,0,0,0,0,0,249.798812580765,255.441154257905,0,180.355266595273,0,0,98.417953423071,0,108.136066660554,0,0,0,0,0,119.728129215699,0,115.541295036174,0,0,146.814226519809,161.74915061469
0,0,0,0,113.059176128709,0,0,0,0,0,0,0,0,0,155.901486485736,0,0,0,0,0,0,0,0,0,0,0,0,114.511014214502,0,0,0,104.369974912428,0,162.833808134102,148.808626413748,178.683678585178,95.7590805983148,0,0,67.8267069095267,219.078548227669
0,0,0,0,0,0,0,219.430938885781,0,0,196.032358954952,72.2278283150671,0,0,0,0,0,0,0,0,0,0,0,0,0,76.5072790361762,160.537522273714,0,0,0,0,0,0,120.912756812582,175.196329314064,0,241.682021696872,0,0,0,137.189596148386
0,0,0,0,0,0,169.453147353278,0,0,0,0,0,75.4497121078207,82.6426202489162,0,0,0,0,0,0,227.504408813069,0,168.241326865882,84.3635741045246,0,116.054372245433,109.093416850988,201.44584889478,0,0,0,0,0,0,198.528111506785,0,172.892533368851,0,92.5568465385234,0,0
0,0,0,0,0,261.605527103798,0,0,284.529238481835,195.378266313867,171.906398392157,155.24952173131,0,232.945974238958,0,0,0,0,0,0,74.5815074003433,0,0,0,0,97.3232815600345,0,211.840482897052,154.065933476765,0,0,231.715271819474,180.543851962045,241.635434294794,224.551207449728,0,153.453047983244,96.7845769653343,0,66.5008477853491,0
0,78.9559315574845,0,0,0,115.114253591495,0,0,0,104.915316975638,0,94.7529894315991,0,0,0,249.798812580765,0,0,227.504408813069,74.5815074003433,0,0,0,0,139.654362654449,0,259.442917595754,0,0,0,0,0,0,0,0,0,289.631679007608,97.3506957544063,280.376028997576,137.239127032733,0
0,0,0,353.822894641502,0,0,0,0,0,0,161.694997919804,0,0,0,178.224497384947,255.441154257905,0,0,0,0,0,0,94.7280504127031,0,0,0,0,124.698445421759,213.67670887414,0,0,0,0,0,0,193.777661225572,0,0,0,0,0
0,0,262.382215657622,0,180.90030328818,0,0,0,228.075434767255,142.385058730083,0,0,0,335.371040201042,0,0,0,0,168.241326865882,0,0,94.7280504127031,0,0,0,204.481117647118,0,0,0,261.440278806413,139.93285932648,0,323.781250289068,106.926813611922,0,0,143.005810983322,201.100640800745,0,0,193.055010680236
133.984214699576,0,217.157696745803,184.249961885477,206.912707094411,283.248188884028,0,135.294330067913,0,151.806152521152,0,0,0,0,0,180.355266595273,0,0,84.3635741045246,0,0,0,0,0,160.530221557972,0,197.486504603685,0,94.027247878695,222.053792850439,0,0,0,136.792307586862,70.4221432298295,173.001559092555,333.645516435298,0,0,74.7304794244225,181.316358113209
0,0,0,0,101.605593487621,0,0,236.681907140956,0,0,0,0,0,0,0,0,0,0,0,0,139.654362654449,0,0,160.530221557972,0,0,90.1317194604647,128.530575464043,0,0,0,0,0,0,87.8456058929559,114.649126378906,136.685314494491,0,0,101.895308036513,0
276.620869034647,0,0,0,0,157.852515740516,0,0,0,134.960780198024,117.208001126138,263.534399241887,0,329.719143597451,0,0,0,76.5072790361762,116.054372245433,97.3232815600345,0,0,204.481117647118,0,0,0,141.204637091722,98.6790043377568,345.797434674459,0,357.423078228283,0,0,81.2827395071039,159.183173818572,125.81518738273,98.2230592632363,115.868441404982,0,220.901129804706,0
0,0,0,0,0,241.57250333243,0,0,0,138.33942793804,153.609372090384,0,0,0,0,98.417953423071,0,160.537522273714,109.093416850988,0,259.442917595754,0,0,197.486504603685,90.1317194604647,141.204637091722,0,153.876396855887,62.859596780235,0,0,169.742003380707,0,140.574866691684,137.177378802006,0,93.4234866874731,172.608400267715,62.311273509377,151.075371308616,89.3673883748406
226.825099357786,209.996727521564,269.936825670274,205.09013266389,115.871357769661,195.822649557859,94.126460729827,139.792601838991,0,0,85.7623170715703,106.33736463831,0,89.9429017381717,219.040656038919,0,114.511014214502,0,201.44584889478,211.840482897052,0,124.698445421759,0,0,128.530575464043,98.6790043377568,153.876396855887,0,112.349934713559,0,0,0,0,113.144980278377,125.994729980093,0,173.059382066957,134.566479261133,158.567996645797,74.4197823064597,173.538155409849
58.3493451392805,0,0,0,197.893790332676,240.185081663983,0,146.465927798921,0,0,283.88658203332,171.230058197369,173.201474590904,0,99.3508940827211,108.136066660554,0,0,0,154.065933476765,0,213.67670887414,0,94.027247878695,0,345.797434674459,62.859596780235,112.349934713559,0,0,0,82.4756938751058,0,204.084074037941,247.66948903751,101.350815329073,161.302948562323,0,0,0,199.492852797962
0,164.032723165762,0,0,0,0,0,0,0,73.1029054543569,0,0,0,200.878319874537,0,0,0,0,0,0,0,0,261.440278806413,222.053792850439,0,0,0,0,0,0,0,135.667029391615,0,0,321.124897279917,0,212.592150359921,118.522099274347,0,80.4367166559625,321.864157986053
0,0,0,0,0,0,0,0,0,0,0,0,0,0,0,0,0,0,0,0,0,0,139.93285932648,0,0,357.423078228283,0,0,0,0,0,0,0,0,154.142998692322,0,179.718364159796,0,0,99.2646516363145,348.674510760064
0,112.793316814908,0,0,0,0,0,0,0,81.9664354533492,0,0,0,154.784755881607,0,0,104.369974912428,0,0,231.715271819474,0,0,0,0,0,0,169.742003380707,0,82.4756938751058,135.667029391615,0,0,0,153.672550905948,0,0,97.5855511246009,0,0,251.098274723989,0
0,0,0,0,0,0,0,0,0,0,0,190.185165668632,0,0,0,0,0,0,0,180.543851962045,0,0,323.781250289068,0,0,0,0,0,0,0,0,0,0,0,0,300.031143529538,0,0,0,238.934743274142,0
151.695570509541,303.527509149359,196.04190773555,90.7216186966914,124.853650664477,0,145.74089716123,122.106946855269,128.405764333981,205.839960264176,0,146.99041817625,0,0,115.332064605654,0,162.833808134102,120.912756812582,0,241.635434294794,0,0,106.926813611922,136.792307586862,0,81.2827395071039,140.574866691684,113.144980278377,204.084074037941,0,0,153.672550905948,0,0,191.519780382943,165.893015276821,120.567029282014,320.356811100276,94.9380989123498,0,0
0,0,0,0,0,187.77054666536,206.472608421747,177.763106506206,198.964527389285,249.905610015455,106.128596538706,116.176698124939,0,252.487290983309,0,119.728129215699,148.808626413748,175.196329314064,198.528111506785,224.551207449728,0,0,0,70.4221432298295,87.8456058929559,159.183173818572,137.177378802006,125.994729980093,247.66948903751,321.124897279917,154.142998692322,0,0,191.519780382943,0,146.770754374523,0,174.013630695256,133.218162784108,0,0
0,0,0,0,0,150.161410108805,0,93.5029580098427,142.054529471577,306.640284138334,82.6299537488922,0,0,0,0,0,178.683678585178,0,0,0,0,193.777661225572,0,173.001559092555,114.649126378906,125.81518738273,0,0,101.350815329073,0,0,0,300.031143529538,165.893015276821,146.770754374523,0,106.533627130087,225.013371621378,242.790381480436,111.435629183184,205.183249704085
0,0,0,78.8552325762656,92.3502314520023,215.611029055736,228.792310020318,128.846764897717,151.036729364761,163.059043292369,0,218.045528847001,0,165.597665022977,188.936291522747,115.541295036174,95.7590805983148,241.682021696872,172.892533368851,153.453047983244,289.631679007608,0,143.005810983322,333.645516435298,136.685314494491,98.2230592632363,93.4234866874731,173.059382066957,161.302948562323,212.592150359921,179.718364159796,97.5855511246009,0,120.567029282014,0,106.533627130087,0,259.055025639447,0,0,85.6072705949986
0,0,0,338.131802716296,0,92.5207898118833,192.135034768848,125.416941482916,119.345624434514,193.63278243493,0,0,0,0,309.997227542691,0,0,0,0,96.7845769653343,97.3506957544063,0,201.100640800745,0,0,115.868441404982,172.608400267715,134.566479261133,0,118.522099274347,0,0,0,320.356811100276,174.013630695256,225.013371621378,259.055025639447,0,138.425725342224,115.194491798135,0
0,0,0,103.519938150021,0,192.693757128262,0,0,61.0664810463559,178.748963182352,192.601533877686,208.005106191961,0,0,0,0,0,0,92.5568465385234,0,280.376028997576,0,0,0,0,0,62.311273509377,158.567996645797,0,0,0,0,0,94.9380989123498,133.218162784108,242.790381480436,0,138.425725342224,0,0,112.823430872325
0,0,306.344527664232,101.85207633558,101.5853655613,0,186.348837226466,71.4788760670054,0,108.381749703452,0,214.116367924649,231.050882209,154.070293657878,167.066576495979,146.814226519809,67.8267069095267,0,0,66.5008477853491,137.239127032733,0,0,74.7304794244225,101.895308036513,220.901129804706,151.075371308616,74.4197823064597,0,80.4367166559625,99.2646516363145,251.098274723989,238.934743274142,0,0,111.435629183184,0,115.194491798135,0,0,0
0,0,0,250.461724766314,221.805809452716,0,0,82.1742780037132,253.401634605989,0,224.523755099568,89.1590885155172,158.955087279859,0,202.712457066107,161.74915061469,219.078548227669,137.189596148386,0,0,0,0,193.055010680236,181.316358113209,0,0,89.3673883748406,173.538155409849,199.492852797962,321.864157986053,348.674510760064,0,0,0,0,205.183249704085,85.6072705949986,0,112.823430872325,0,0
