0,0,0,0,0,0,183.786860782462,0,0,0,0,0,0,0,0,70.4221432298295,0,0,0,0,0,0,0,0,0,0,0,112.823430872325,184.249961885477,0,0,0,0,0,0,0,204.084074037941,0,0,0,205.183249704085
0,0,0,0,0,0,0,0,0,0,179.718364159796,0,0,0,0,0,0,0,0,0,0,0,0,168.241326865882,101.443495235174,0,133.984214699576,0,0,0,0,0,0,0,74.7304794244225,0,0,212.592150359921,0,177.763106506206,0
0,0,0,0,0,0,0,0,0,0,0,78.8552325762656,0,0,0,0,0,146.465927798921,0,0,0,0,0,0,0,221.805809452716,0,0,0,0,0,195.378266313867,0,0,0,0,345.797434674459,0,0,0,0
0,0,0,0,0,325.937289045041,163.059043292369,0,0,0,0,81.9664354533492,0,0,0,0,0,0,0,201.44584889478,181.316358113209,0,0,175.196329314064,0,227.504408813069,0,139.654362654449,0,0,0,0,0,136.792307586862,116.176698124939,0,191.519780382943,137.177378802006,0,98.2230592632363,0
0,0,0,0,0,0,0,76.5072790361762,0,0,0,98.6790043377568,0,357.423078228283,173.059382066957,0,0,0,173.001559092555,0,0,0,0,125.994729980093,0,0,186.348837226466,158.955087279859,137.239127032733,0,0,0,140.574866691684,0,329.719143597451,146.99041817625,125.416941482916,0,131.969743415579,0,0
0,0,0,325.937289045041,0,0,0,218.045528847001,0,0,0,187.77054666536,92.5207898118833,0,0,0,0,0,0,120.912756812582,0,222.053792850439,0,104.369974912428,0,106.128596538706,0,314.611698427915,0,0,163.945208919892,0,142.385058730083,0,0,0,73.4795582048751,0,0,139.93285932648,232.945974238958
183.786860782462,0,0,163.059043292369,0,0,0,0,0,0,0,0,0,0,320.356811100276,0,195.822649557859,0,74.4197823064597,213.67670887414,0,0,0,284.529238481835,0,154.065933476765,0,0,198.528111506785,0,0,0,0,323.781250289068,0,151.075371308616,124.853650664477,0,0,0,253.401634605989
0,0,0,0,76.5072790361762,218.045528847001,0,0,0,92.3502314520023,335.371040201042,159.183173818572,0,122.106946855269,0,0,0,0,101.350815329073,153.453047983244,0,128.405764333981,128.846764897717,97.3506957544063,0,0,225.013371621378,0,0,74.5815074003433,0,0,0,0,82.4756938751058,0,146.814226519809,0,0,173.201474590904,0
0,0,0,0,0,0,0,0,0,261.440278806413,0,0,0,0,0,0,321.124897279917,101.5853655613,0,0,0,117.208001126138,0,219.040656038919,0,0,0,128.530575464043,197.893790332676,0,0,0,0,104.915316975638,0,0,289.631679007608,0,0,306.640284138334,153.876396855887
0,0,0,0,0,0,0,92.3502314520023,261.440278806413,0,0,0,0,259.055025639447,161.694997919804,200.878319874537,0,0,80.8080171296381,215.611029055736,106.33736463831,0,0,0,124.698445421759,0,75.4497121078207,228.792310020318,0,66.5008477853491,103.519938150021,220.963068032256,0,119.345624434514,0,0,153.672550905948,154.142998692322,0,0,202.712457066107
0,179.718364159796,0,0,0,0,0,335.371040201042,0,0,0,190.185165668632,110.384905066973,0,0,92.5568465385234,0,146.770754374523,0,204.481117647118,0,0,0,0,0,261.605527103798,252.487290983309,197.486504603685,0,0,0,89.9429017381717,0,155.901486485736,135.667029391615,101.85207633558,94.8881692391942,165.597665022977,0,0,0
0,0,78.8552325762656,81.9664354533492,98.6790043377568,187.77054666536,0,159.183173818572,0,0,190.185165668632,0,0,196.032358954952,0,0,115.114253591495,0,0,0,0,0,206.472608421747,0,135.294330067913,178.748963182352,309.997227542691,82.6426202489162,154.070293657878,165.893015276821,0,0,161.302948562323,99.2646516363145,113.144980278377,0,72.2278283150671,99.3508940827211,157.852515740516,0,0
0,0,0,0,0,92.5207898118833,0,0,0,0,110.384905066973,0,0,0,85.6072705949986,0,0,0,0,0,0,269.936825670274,0,0,0,0,134.566479261133,0,0,0,0,0,0,0,0,0,0,0,0,192.135034768848,0
0,0,0,0,357.423078228283,0,0,122.106946855269,0,259.055025639447,0,196.032358954952,0,0,0,0,0,0,0,333.645516435298,61.0664810463559,0,153.609372090384,0,300.031143529538,0,114.511014214502,108.381749703452,0,338.131802716296,0,0,0,93.5029580098427,0,0,194.442125915551,0,0,151.806152521152,0
0,0,0,0,173.059382066957,0,320.356811100276,0,0,161.694997919804,0,0,85.6072705949986,0,0,0,0,0,0,0,0,0,0,0,0,142.054529471577,0,108.136066660554,0,0,0,0,0,62.311273509377,73.1029054543569,255.441154257905,62.859596780235,0,0,112.793316814908,219.078548227669
70.4221432298295,0,0,0,0,0,0,0,0,200.878319874537,92.5568465385234,0,0,0,0,0,0,0,0,0,0,0,0,0,0,97.3232815600345,214.116367924649,0,58.3493451392805,0,0,0,0,151.036729364761,94.7280504127031,0,125.81518738273,0,81.2827395071039,0,220.901129804706
0,0,0,0,0,0,195.822649557859,0,321.124897279917,0,0,115.114253591495,0,0,0,0,0,0,0,0,0,0,118.522099274347,198.964527389285,0,0,0,0,224.551207449728,0,0,0,0,192.693757128262,0,238.934743274142,0,101.895308036513,0,193.055010680236,0
0,0,146.465927798921,0,0,0,0,0,101.5853655613,0,146.770754374523,0,0,0,0,0,0,0,0,0,0,0,134.960780198024,94.126460729827,0,0,0,0,280.376028997576,0,0,112.349934713559,0,0,0,0,0,137.189596148386,0,283.248188884028,0
0,0,0,0,173.001559092555,0,74.4197823064597,101.350815329073,0,80.8080171296381,0,0,0,0,0,0,0,0,0,0,0,0,169.742003380707,0,0,0,0,114.649126378906,0,0,0,0,0,188.936291522747,141.204637091722,0,148.808626413748,0,101.605593487621,115.871357769661,226.825099357786
0,0,0,201.44584889478,0,120.912756812582,213.67670887414,153.453047983244,0,215.611029055736,204.481117647118,0,0,333.645516435298,0,0,0,0,0,0,71.5579325720569,0,0,164.032723165762,0,0,0,223.705816669619,228.075434767255,0,0,259.442917595754,0,0,353.822894641502,150.161410108805,242.790381480436,0,0,67.8267069095267,188.851177466023
0,0,0,181.316358113209,0,0,0,0,0,106.33736463831,0,0,0,61.0664810463559,0,0,0,0,0,71.5579325720569,0,0,0,0,0,306.344527664232,180.90030328818,138.425725342224,0,0,0,211.840482897052,0,139.792601838991,95.7590805983148,205.09013266389,0,178.224497384947,0,219.430938885781,0
0,0,0,0,0,222.053792850439,0,128.405764333981,117.208001126138,0,0,0,269.936825670274,0,0,0,0,0,0,0,0,0,0,0,0,0,0,208.005106191961,0,0,0,0,0,0,0,0,0,171.906398392157,161.275817184598,283.88658203332,0
0,0,0,0,0,0,0,128.846764897717,0,0,0,206.472608421747,0,153.609372090384,0,0,118.522099274347,134.960780198024,169.742003380707,0,0,0,0,89.1590885155172,115.868441404982,0,0,89.707245288964,116.054372245433,0,0,0,0,0,206.912707094411,143.005810983322,192.601533877686,0,0,241.682021696872,115.541295036174
0,168.241326865882,0,175.196329314064,125.994729980093,104.369974912428,284.529238481835,97.3506957544063,219.040656038919,0,0,0,0,0,0,0,198.964527389285,94.126460729827,0,164.032723165762,0,0,89.1590885155172,0,0,0,90.7216186966914,80.4367166559625,151.01089327964,173.538155409849,171.230058197369,0,0,0,113.059176128709,195.314816908693,0,0,155.24952173131,0,0
0,101.443495235174,0,0,0,0,0,0,0,124.698445421759,0,135.294330067913,0,300.031143529538,0,0,0,0,0,0,0,0,115.868441404982,0,0,172.608400267715,0,178.683678585178,247.66948903751,0,0,0,0,0,193.63278243493,0,84.3635741045246,0,0,0,0
0,0,221.805809452716,227.504408813069,0,106.128596538706,154.065933476765,0,0,0,261.605527103798,178.748963182352,0,0,142.054529471577,97.3232815600345,0,0,0,0,306.344527664232,0,0,0,172.608400267715,0,94.7529894315991,263.534399241887,82.6299537488922,169.453147353278,0,0,0,348.674510760064,201.100640800745,109.093416850988,90.1317194604647,0,0,241.635434294794,98.417953423071
0,133.984214699576,0,0,186.348837226466,0,0,225.013371621378,0,75.4497121078207,252.487290983309,309.997227542691,134.566479261133,114.511014214502,0,214.116367924649,0,0,0,0,180.90030328818,0,0,90.7216186966914,0,94.7529894315991,0,136.685314494491,0,0,0,133.218162784108,0,276.620869034647,94.027247878695,0,111.226326353722,186.973586461633,167.066576495979,0,119.728129215699
112.823430872325,0,0,139.654362654449,158.955087279859,314.611698427915,0,0,128.530575464043,228.792310020318,197.486504603685,82.6426202489162,0,108.381749703452,108.136066660554,0,0,0,114.649126378906,223.705816669619,138.425725342224,208.005106191961,89.707245288964,80.4367166559625,178.683678585178,263.534399241887,136.685314494491,0,303.527509149359,0,0,0,0,151.695570509541,217.157696745803,106.926813611922,94.9380989123498,85.7623170715703,250.461724766314,193.777661225572,0
184.249961885477,0,0,0,137.239127032733,0,198.528111506785,0,197.893790332676,0,0,154.070293657878,0,0,0,58.3493451392805,224.551207449728,280.376028997576,0,228.075434767255,0,0,116.054372245433,151.01089327964,247.66948903751,82.6299537488922,0,303.527509149359,0,0,0,0,100.812745974529,89.3673883748406,199.492852797962,0,161.325017232684,0,78.9559315574845,180.543851962045,162.833808134102
0,0,0,0,0,0,0,74.5815074003433,0,66.5008477853491,0,165.893015276821,0,338.131802716296,0,0,0,0,0,0,0,0,0,173.538155409849,0,169.453147353278,0,0,0,0,0,0,0,82.1742780037132,174.013630695256,0,0,71.4788760670054,93.4234866874731,0,236.681907140956
0,0,0,0,0,163.945208919892,0,0,0,103.519938150021,0,0,0,0,0,0,0,0,0,0,0,0,0,171.230058197369,0,0,0,0,0,0,0,0,0,249.798812580765,0,0,231.715271819474,96.7845769653343,0,0,0
0,0,195.378266313867,0,0,0,0,0,0,220.963068032256,89.9429017381717,0,0,0,0,0,0,112.349934713559,0,259.442917595754,211.840482897052,0,0,0,0,0,133.218162784108,0,0,0,0,0,0,120.567029282014,0,158.567996645797,87.8456058929559,0,0,347.376449530863,0
0,0,0,0,140.574866691684,142.385058730083,0,0,0,0,0,161.302948562323,0,0,0,0,0,0,0,0,0,0,0,0,0,0,0,0,100.812745974529,0,0,0,0,115.332064605654,0,0,0,0,0,0,0
0,0,0,136.792307586862,0,0,323.781250289068,0,104.915316975638,119.345624434514,155.901486485736,99.2646516363145,0,93.5029580098427,62.311273509377,151.036729364761,192.693757128262,0,188.936291522747,0,139.792601838991,0,0,0,0,348.674510760064,276.620869034647,151.695570509541,89.3673883748406,82.1742780037132,249.798812580765,120.567029282014,115.332064605654,0,0,196.04190773555,262.382215657622,161.74915061469,209.996727521564,96.5937438588657,115.194491798135
0,74.7304794244225,0,116.176698124939,329.719143597451,0,0,82.4756938751058,0,0,135.667029391615,113.144980278377,0,0,73.1029054543569,94.7280504127031,0,0,141.204637091722,353.822894641502,95.7590805983148,0,206.912707094411,113.059176128709,193.63278243493,201.100640800745,94.027247878695,217.157696745803,199.492852797962,174.013630695256,0,0,0,0,0,154.784755881607,193.659409924573,205.839960264176,145.74089716123,249.905610015455,240.185081663983
0,0,0,0,146.99041817625,0,151.075371308616,0,0,0,101.85207633558,0,0,0,255.441154257905,0,238.934743274142,0,0,150.161410108805,205.09013266389,0,143.005810983322,195.314816908693,0,109.093416850988,0,106.926813611922,0,0,0,158.567996645797,0,196.04190773555,154.784755881607,0,97.5855511246009,231.050882209,160.537522273714,321.864157986053,180.355266595273
204.084074037941,0,345.797434674459,191.519780382943,125.416941482916,73.4795582048751,124.853650664477,146.814226519809,289.631679007608,153.672550905948,94.8881692391942,72.2278283150671,0,194.442125915551,62.859596780235,125.81518738273,0,0,148.808626413748,242.790381480436,0,0,192.601533877686,0,84.3635741045246,90.1317194604647,111.226326353722,94.9380989123498,161.325017232684,0,231.715271819474,87.8456058929559,0,262.382215657622,193.659409924573,97.5855511246009,0,111.435629183184,0,160.530221557972,138.33942793804
0,212.592150359921,0,137.177378802006,0,0,0,0,0,154.142998692322,165.597665022977,99.3508940827211,0,0,0,0,101.895308036513,137.189596148386,0,0,178.224497384947,171.906398392157,0,0,0,0,186.973586461633,85.7623170715703,0,71.4788760670054,96.7845769653343,0,0,161.74915061469,205.839960264176,231.050882209,111.435629183184,0,172.892533368851,241.57250333243,224.523755099568
0,0,0,0,131.969743415579,0,0,0,0,0,0,157.852515740516,0,0,0,81.2827395071039,0,0,101.605593487621,0,0,161.275817184598,0,155.24952173131,0,0,167.066576495979,250.461724766314,78.9559315574845,93.4234866874731,0,0,0,209.996727521564,145.74089716123,160.537522273714,0,172.892533368851,0,0,251.098274723989
0,177.763106506206,0,98.2230592632363,0,139.93285932648,0,173.201474590904,306.640284138334,0,0,0,192.135034768848,151.806152521152,112.793316814908,0,193.055010680236,283.248188884028,115.871357769661,67.8267069095267,219.430938885781,283.88658203332,241.682021696872,0,0,241.635434294794,0,193.777661225572,180.543851962045,0,0,347.376449530863,0,96.5937438588657,249.905610015455,321.864157986053,160.530221557972,241.57250333243,0,0,106.533627130087
205.183249704085,0,0,0,0,232.945974238958,253.401634605989,0,153.876396855887,202.712457066107,0,0,0,0,219.078548227669,220.901129804706,0,0,226.825099357786,188.851177466023,0,0,115.541295036174,0,0,98.417953423071,119.728129215699,0,162.833808134102,236.681907140956,0,0,0,115.194491798135,240.185081663983,180.355266595273,138.33942793804,224.523755099568,251.098274723989,106.533627130087,0
