0,0,0,0,0,0,0,0,115.871357769661,0,0,0,0,0,94.7280504127031,0,0,0,0,0,0,0,0,0,0,0,0,193.63278243493,0,0,0,0,0,161.325017232684,0,0,109.093416850988,0,0,192.135034768848,0
0,0,0,0,0,0,333.645516435298,0,0,0,0,0,0,0,0,0,0,0,186.348837226466,0,175.196329314064,0,0,80.8080171296381,0,0,0,0,0,0,0,180.355266595273,0,179.718364159796,0,120.912756812582,0,0,0,0,0
0,0,0,0,0,0,0,0,0,0,0,0,0,0,0,0,0,0,0,0,0,0,0,0,0,321.864157986053,0,181.316358113209,0,0,0,0,0,0,0,0,242.790381480436,173.201474590904,0,82.1742780037132,0
0,0,0,0,0,0,163.945208919892,0,0,0,106.128596538706,153.609372090384,0,0,0,0,191.519780382943,133.218162784108,0,0,165.597665022977,0,98.2230592632363,101.350815329073,0,0,168.241326865882,158.955087279859,82.6299537488922,0,0,0,0,0,93.4234866874731,0,0,169.742003380707,0,0,0
0,0,0,0,0,205.183249704085,0,0,0,0,143.005810983322,98.6790043377568,0,0,0,0,0,0,0,154.142998692322,0,0,93.5029580098427,314.611698427915,0,0,178.224497384947,0,226.825099357786,0,0,0,0,224.523755099568,0,178.683678585178,0,67.8267069095267,92.5568465385234,180.543851962045,320.356811100276
0,0,0,0,205.183249704085,0,0,188.936291522747,219.430938885781,0,0,208.005106191961,0,0,0,0,0,0,0,0,0,0,0,0,0,0,162.833808134102,114.511014214502,145.74089716123,0,0,74.5815074003433,0,115.868441404982,155.901486485736,0,92.5207898118833,96.5937438588657,92.3502314520023,0,232.945974238958
0,333.645516435298,0,163.945208919892,0,0,0,62.859596780235,0,160.537522273714,0,263.534399241887,250.461724766314,0,0,0,0,0,0,71.5579325720569,94.8881692391942,0,139.654362654449,0,0,193.777661225572,112.793316814908,0,0,0,0,0,0,0,0,0,154.070293657878,104.369974912428,0,0,0
0,0,0,0,0,188.936291522747,62.859596780235,0,0,139.792601838991,192.693757128262,0,0,0,98.417953423071,173.059382066957,0,0,0,0,151.01089327964,0,0,0,0,0,89.3673883748406,0,259.442917595754,0,0,82.4756938751058,0,347.376449530863,0,252.487290983309,0,66.5008477853491,184.249961885477,72.2278283150671,227.504408813069
115.871357769661,0,0,0,0,219.430938885781,0,0,0,197.893790332676,0,0,0,329.719143597451,219.078548227669,0,81.9664354533492,0,0,0,0,0,0,0,0,125.416941482916,0,89.1590885155172,0,187.77054666536,0,0,0,348.674510760064,0,0,0,0,0,0,111.226326353722
0,0,0,0,0,0,160.537522273714,139.792601838991,197.893790332676,0,134.566479261133,338.131802716296,0,0,103.519938150021,0,0,0,0,99.3508940827211,146.770754374523,0,0,0,161.694997919804,0,0,153.453047983244,204.481117647118,0,196.032358954952,249.798812580765,0,115.332064605654,97.5855511246009,0,113.059176128709,0,0,214.116367924649,142.054529471577
0,0,0,106.128596538706,143.005810983322,0,0,192.693757128262,0,134.566479261133,0,128.405764333981,0,193.055010680236,259.055025639447,0,0,0,0,0,0,0,0,0,289.631679007608,172.892533368851,0,113.144980278377,172.608400267715,276.620869034647,0,0,0,100.812745974529,353.822894641502,169.453147353278,0,0,0,228.792310020318,0
0,0,0,153.609372090384,98.6790043377568,208.005106191961,263.534399241887,0,0,338.131802716296,128.405764333981,0,0,0,0,0,71.4788760670054,167.066576495979,321.124897279917,231.050882209,0,85.7623170715703,0,209.996727521564,114.649126378906,165.893015276821,0,180.90030328818,110.384905066973,0,0,0,0,0,138.425725342224,188.851177466023,116.176698124939,224.551207449728,0,174.013630695256,0
0,0,0,0,0,0,250.461724766314,0,0,0,0,0,0,0,0,0,0,0,0,0,0,0,0,0,0,0,0,108.136066660554,0,0,0,0,0,0,0,90.1317194604647,116.054372245433,0,150.161410108805,0,173.538155409849
0,0,0,0,0,0,0,0,329.719143597451,0,193.055010680236,0,0,0,0,0,0,0,101.85207633558,125.81518738273,190.185165668632,0,0,82.6426202489162,0,249.905610015455,0,325.937289045041,101.5853655613,0,0,0,0,142.385058730083,193.659409924573,171.230058197369,97.3232815600345,0,0,136.685314494491,0
94.7280504127031,0,0,0,0,0,0,98.417953423071,219.078548227669,103.519938150021,259.055025639447,0,0,0,0,0,195.314816908693,0,0,138.33942793804,0,0,0,0,0,139.93285932648,0,0,154.065933476765,0,0,0,0,135.667029391615,206.912707094411,0,0,0,94.126460729827,0,0
0,0,0,0,0,0,0,173.059382066957,0,0,0,0,0,0,0,0,0,0,0,0,0,0,0,219.040656038919,0,0,222.053792850439,171.906398392157,0,0,0,0,0,212.592150359921,204.084074037941,74.4197823064597,120.567029282014,323.781250289068,0,154.784755881607,115.541295036174
0,0,0,191.519780382943,0,0,0,0,81.9664354533492,0,0,71.4788760670054,0,0,195.314816908693,0,0,0,0,0,0,0,161.74915061469,0,0,0,0,0,101.443495235174,0,0,106.926813611922,0,0,183.786860782462,0,202.712457066107,0,0,62.311273509377,0
0,0,0,133.218162784108,0,0,0,0,0,0,0,167.066576495979,0,0,0,0,0,0,0,0,0,0,0,0,0,0,0,240.185081663983,0,111.435629183184,0,0,0,0,217.157696745803,137.177378802006,136.792307586862,151.695570509541,0,0,119.728129215699
0,186.348837226466,0,0,0,0,0,0,0,0,0,321.124897279917,0,101.85207633558,0,0,0,0,0,0,0,0,0,0,0,0,195.822649557859,73.4795582048751,84.3635741045246,206.472608421747,0,0,0,269.936825670274,0,0,148.808626413748,261.605527103798,0,74.7304794244225,253.401634605989
0,0,0,0,154.142998692322,0,71.5579325720569,0,0,99.3508940827211,0,231.050882209,0,125.81518738273,138.33942793804,0,0,0,0,0,0,0,146.99041817625,198.528111506785,157.852515740516,96.7845769653343,236.681907140956,94.9380989123498,78.8552325762656,0,0,0,0,0,115.114253591495,0,280.376028997576,0,0,135.294330067913,186.973586461633
0,175.196329314064,0,165.597665022977,0,0,94.8881692391942,151.01089327964,0,146.770754374523,0,0,0,190.185165668632,0,0,0,0,0,0,0,106.533627130087,0,0,0,178.748963182352,0,0,0,0,0,241.57250333243,0,141.204637091722,151.075371308616,0,201.44584889478,161.275817184598,0,0,0
0,0,0,0,0,0,0,0,0,0,0,85.7623170715703,0,0,0,0,0,0,0,0,106.533627130087,0,0,0,0,0,251.098274723989,94.7529894315991,0,0,0,0,225.013371621378,283.88658203332,0,0,0,0,0,80.4367166559625,131.969743415579
0,0,0,98.2230592632363,93.5029580098427,0,139.654362654449,0,0,0,0,0,0,0,0,0,161.74915061469,0,0,146.99041817625,0,0,0,0,335.371040201042,0,0,101.895308036513,0,0,155.24952173131,0,0,119.345624434514,192.601533877686,124.698445421759,194.442125915551,0,218.045528847001,211.840482897052,125.994729980093
0,80.8080171296381,0,101.350815329073,314.611698427915,0,0,0,0,0,0,209.996727521564,0,82.6426202489162,0,219.040656038919,0,0,0,198.528111506785,0,0,0,0,0,128.530575464043,198.964527389285,247.66948903751,0,241.682021696872,0,0,0,261.440278806413,255.441154257905,345.797434674459,205.839960264176,177.763106506206,284.529238481835,128.846764897717,89.707245288964
0,0,0,0,0,0,0,0,0,161.694997919804,289.631679007608,114.649126378906,0,0,0,0,0,0,0,157.852515740516,0,0,335.371040201042,0,0,0,108.381749703452,61.0664810463559,0,0,0,0,0,118.522099274347,0,0,160.530221557972,0,0,99.2646516363145,0
0,0,321.864157986053,0,0,0,193.777661225572,0,125.416941482916,0,172.892533368851,165.893015276821,0,249.905610015455,139.93285932648,0,0,0,0,96.7845769653343,178.748963182352,0,0,128.530575464043,0,0,104.915316975638,0,215.611029055736,146.814226519809,201.100640800745,0,117.208001126138,146.465927798921,0,0,238.934743274142,112.823430872325,0,300.031143529538,134.960780198024
0,0,0,168.241326865882,178.224497384947,162.833808134102,112.793316814908,89.3673883748406,0,0,0,0,0,0,0,222.053792850439,0,0,195.822649557859,236.681907140956,0,251.098274723989,0,198.964527389285,108.381749703452,104.915316975638,0,89.9429017381717,137.189596148386,0,0,0,0,0,81.2827395071039,0,76.5072790361762,220.963068032256,122.106946855269,95.7590805983148,87.8456058929559
193.63278243493,0,181.316358113209,158.955087279859,0,114.511014214502,0,0,89.1590885155172,153.453047983244,113.144980278377,180.90030328818,108.136066660554,325.937289045041,0,171.906398392157,0,240.185081663983,73.4795582048751,94.9380989123498,0,94.7529894315991,101.895308036513,247.66948903751,61.0664810463559,0,89.9429017381717,0,303.527509149359,0,0,0,0,94.027247878695,173.001559092555,78.9559315574845,231.715271819474,0,221.805809452716,158.567996645797,151.806152521152
0,0,0,82.6299537488922,226.825099357786,145.74089716123,0,259.442917595754,0,204.481117647118,172.608400267715,110.384905066973,0,101.5853655613,154.065933476765,0,101.443495235174,0,84.3635741045246,78.8552325762656,0,0,0,0,0,215.611029055736,137.189596148386,303.527509149359,0,309.997227542691,0,0,0,228.075434767255,0,0,200.878319874537,0,153.672550905948,159.183173818572,97.3506957544063
0,0,0,0,0,0,0,0,187.77054666536,0,276.620869034647,0,0,0,0,0,0,111.435629183184,206.472608421747,0,0,0,0,241.682021696872,0,146.814226519809,0,0,309.997227542691,0,0,0,0,306.344527664232,213.67670887414,0,137.239127032733,283.248188884028,0,0,0
0,0,0,0,0,0,0,0,0,196.032358954952,0,0,0,0,0,0,0,0,0,0,0,0,155.24952173131,0,0,201.100640800745,0,0,0,0,0,0,151.036729364761,0,164.032723165762,0,223.705816669619,0,0,0,0
0,180.355266595273,0,0,0,74.5815074003433,0,82.4756938751058,0,249.798812580765,0,0,0,0,0,0,106.926813611922,0,0,0,241.57250333243,0,0,0,0,0,0,0,0,0,0,0,0,0,75.4497121078207,0,124.853650664477,0,196.04190773555,90.7216186966914,241.635434294794
0,0,0,0,0,0,0,0,0,0,0,0,0,0,0,0,0,0,0,0,0,225.013371621378,0,0,0,117.208001126138,0,0,0,0,151.036729364761,0,0,0,161.302948562323,195.378266313867,0,0,0,0,0
161.325017232684,179.718364159796,0,0,224.523755099568,115.868441404982,0,347.376449530863,348.674510760064,115.332064605654,100.812745974529,0,0,142.385058730083,135.667029391615,212.592150359921,0,0,269.936825670274,0,141.204637091722,283.88658203332,119.345624434514,261.440278806413,118.522099274347,146.465927798921,0,94.027247878695,228.075434767255,306.344527664232,0,0,0,0,262.382215657622,58.3493451392805,220.901129804706,0,106.33736463831,0,153.876396855887
0,0,0,93.4234866874731,0,155.901486485736,0,0,0,97.5855511246009,353.822894641502,138.425725342224,0,193.659409924573,206.912707094411,204.084074037941,183.786860782462,217.157696745803,0,115.114253591495,151.075371308616,0,192.601533877686,255.441154257905,0,0,81.2827395071039,173.001559092555,0,213.67670887414,164.032723165762,75.4497121078207,161.302948562323,262.382215657622,0,112.349934713559,115.194491798135,0,140.574866691684,85.6072705949986,0
0,120.912756812582,0,0,178.683678585178,0,0,252.487290983309,0,0,169.453147353278,188.851177466023,90.1317194604647,171.230058197369,0,74.4197823064597,0,137.177378802006,0,0,0,0,124.698445421759,345.797434674459,0,0,0,78.9559315574845,0,0,0,0,195.378266313867,58.3493451392805,112.349934713559,0,101.605593487621,199.492852797962,197.486504603685,357.423078228283,0
109.093416850988,0,242.790381480436,0,0,92.5207898118833,154.070293657878,0,0,113.059176128709,0,116.176698124939,116.054372245433,97.3232815600345,0,120.567029282014,202.712457066107,136.792307586862,148.808626413748,280.376028997576,201.44584889478,0,194.442125915551,205.839960264176,160.530221557972,238.934743274142,76.5072790361762,231.715271819474,200.878319874537,137.239127032733,223.705816669619,124.853650664477,0,220.901129804706,115.194491798135,101.605593487621,0,133.984214699576,0,73.1029054543569,205.09013266389
0,0,173.201474590904,169.742003380707,67.8267069095267,96.5937438588657,104.369974912428,66.5008477853491,0,0,0,224.551207449728,0,0,0,323.781250289068,0,151.695570509541,261.605527103798,0,161.275817184598,0,0,177.763106506206,0,112.823430872325,220.963068032256,0,0,283.248188884028,0,0,0,0,0,199.492852797962,133.984214699576,0,306.640284138334,163.059043292369,70.4221432298295
0,0,0,0,92.5568465385234,92.3502314520023,0,184.249961885477,0,0,0,0,150.161410108805,0,94.126460729827,0,0,0,0,0,0,0,218.045528847001,284.529238481835,0,0,122.106946855269,221.805809452716,153.672550905948,0,0,196.04190773555,0,106.33736463831,140.574866691684,197.486504603685,0,306.640284138334,0,0,0
192.135034768848,0,82.1742780037132,0,180.543851962045,0,0,72.2278283150671,0,214.116367924649,228.792310020318,174.013630695256,0,136.685314494491,0,154.784755881607,62.311273509377,0,74.7304794244225,135.294330067913,0,80.4367166559625,211.840482897052,128.846764897717,99.2646516363145,300.031143529538,95.7590805983148,158.567996645797,159.183173818572,0,0,90.7216186966914,0,0,85.6072705949986,357.423078228283,73.1029054543569,163.059043292369,0,0,0
0,0,0,0,320.356811100276,232.945974238958,0,227.504408813069,111.226326353722,142.054529471577,0,0,173.538155409849,0,0,115.541295036174,0,119.728129215699,253.401634605989,186.973586461633,0,131.969743415579,125.994729980093,89.707245288964,0,134.960780198024,87.8456058929559,151.806152521152,97.3506957544063,0,0,241.635434294794,0,153.876396855887,0,0,205.09013266389,70.4221432298295,0,0,0
