0,0,0,0,73.1029054543569,0,0,0,81.2827395071039,0,0,0,0,0,0,0,0,0,0,120.912756812582,0,0,0,115.114253591495,0,0,0,0,0,0,0,0,0,128.530575464043,306.640284138334,0,0,0,0,0,0
0,0,0,0,0,0,0,0,0,0,0,116.054372245433,0,0,0,0,0,0,0,0,115.194491798135,0,0,0,0,0,232.945974238958,0,179.718364159796,0,0,0,0,206.912707094411,0,0,0,62.311273509377,0,220.901129804706,0
0,0,0,236.681907140956,0,0,0,0,0,0,0,0,0,98.2230592632363,0,0,0,0,0,0,0,0,0,0,0,0,0,0,211.840482897052,0,0,0,0,0,0,0,58.3493451392805,0,0,261.605527103798,0
0,0,236.681907140956,0,262.382215657622,0,0,0,0,0,0,136.685314494491,0,181.316358113209,0,0,0,0,0,0,0,148.808626413748,0,0,0,221.805809452716,0,0,113.059176128709,0,0,0,0,146.99041817625,177.763106506206,0,201.100640800745,212.592150359921,61.0664810463559,0,128.846764897717
73.1029054543569,0,0,262.382215657622,0,158.567996645797,0,335.371040201042,0,0,0,125.994729980093,0,0,114.511014214502,0,0,0,0,0,0,0,0,0,321.124897279917,0,0,90.7216186966914,188.936291522747,0,94.8881692391942,0,0,0,250.461724766314,0,151.075371308616,0,142.054529471577,249.905610015455,0
0,0,0,0,158.567996645797,0,0,0,0,0,0,72.2278283150671,153.876396855887,0,0,0,0,276.620869034647,0,0,0,0,192.135034768848,0,0,219.430938885781,0,0,251.098274723989,0,0,0,0,109.093416850988,96.5937438588657,0,227.504408813069,329.719143597451,94.9380989123498,92.5568465385234,249.798812580765
0,0,0,0,0,0,0,0,0,0,0,345.797434674459,0,0,0,0,0,0,0,0,0,0,0,0,0,131.969743415579,172.892533368851,137.239127032733,0,92.3502314520023,0,255.441154257905,0,348.674510760064,117.208001126138,139.654362654449,125.416941482916,224.523755099568,112.793316814908,200.878319874537,0
0,0,0,0,335.371040201042,0,0,0,0,0,195.378266313867,100.812745974529,0,0,0,0,101.85207633558,0,104.369974912428,0,97.3506957544063,0,0,0,0,112.349934713559,0,95.7590805983148,0,0,101.895308036513,0,0,280.376028997576,70.4221432298295,215.611029055736,137.189596148386,0,153.453047983244,180.543851962045,241.635434294794
81.2827395071039,0,0,0,0,0,0,0,0,193.63278243493,0,0,174.013630695256,0,0,0,0,0,122.106946855269,99.3508940827211,0,0,115.868441404982,0,224.551207449728,0,134.566479261133,81.9664354533492,0,0,0,191.519780382943,0,0,0,0,193.777661225572,0,0,0,0
0,0,0,0,0,0,0,0,193.63278243493,0,154.142998692322,89.9429017381717,0,0,205.839960264176,202.712457066107,0,159.183173818572,168.241326865882,0,0,0,0,0,0,143.005810983322,205.09013266389,238.934743274142,62.859596780235,0,0,150.161410108805,0,173.538155409849,0,73.4795582048751,252.487290983309,0,283.88658203332,333.645516435298,180.90030328818
0,0,0,0,0,0,0,195.378266313867,0,154.142998692322,0,0,0,80.8080171296381,321.864157986053,0,0,0,0,204.481117647118,0,0,0,74.7304794244225,0,94.126460729827,195.314816908693,101.605593487621,124.698445421759,0,0,0,0,173.001559092555,195.822649557859,0,154.065933476765,0,178.683678585178,231.050882209,128.405764333981
0,116.054372245433,0,136.685314494491,125.994729980093,72.2278283150671,345.797434674459,100.812745974529,0,89.9429017381717,0,0,0,0,0,0,300.031143529538,0,0,137.177378802006,165.597665022977,0,0,180.355266595273,0,0,219.078548227669,160.537522273714,0,0,0,247.66948903751,157.852515740516,161.74915061469,118.522099274347,98.417953423071,314.611698427915,97.5855511246009,0,0,94.027247878695
0,0,0,0,0,153.876396855887,0,0,174.013630695256,0,0,0,0,0,0,0,0,0,0,0,0,0,222.053792850439,0,0,0,204.084074037941,0,0,0,0,0,0,0,0,0,0,0,0,106.128596538706,306.344527664232
0,0,98.2230592632363,181.316358113209,0,0,0,0,0,0,80.8080171296381,0,0,0,0,96.7845769653343,241.57250333243,0,0,283.248188884028,0,0,0,133.984214699576,101.5853655613,0,0,151.695570509541,0,158.955087279859,0,151.01089327964,0,0,0,0,97.3232815600345,138.425725342224,0,98.6790043377568,0
0,0,0,0,114.511014214502,0,0,0,0,205.839960264176,321.864157986053,0,0,0,0,0,0,138.33942793804,192.693757128262,0,0,0,75.4497121078207,154.070293657878,0,0,145.74089716123,112.823430872325,0,0,0,0,0,0,169.453147353278,0,198.528111506785,0,0,0,124.853650664477
0,0,0,0,0,0,0,0,0,202.712457066107,0,0,0,96.7845769653343,0,0,0,0,94.7529894315991,0,0,0,0,199.492852797962,0,0,184.249961885477,135.667029391615,0,0,0,0,0,154.784755881607,153.672550905948,0,226.825099357786,231.715271819474,0,0,214.116367924649
0,0,0,0,0,0,0,101.85207633558,0,0,0,300.031143529538,0,241.57250333243,0,0,0,0,0,0,0,0,0,0,0,0,0,163.945208919892,0,0,0,151.806152521152,0,80.4367166559625,0,93.4234866874731,172.608400267715,323.781250289068,0,194.442125915551,0
0,0,0,0,0,276.620869034647,0,0,0,159.183173818572,0,0,0,0,138.33942793804,0,0,0,0,0,0,0,0,0,0,115.541295036174,0,0,206.472608421747,0,0,0,0,0,85.7623170715703,99.2646516363145,269.936825670274,0,0,0,261.440278806413
0,0,0,0,0,0,0,104.369974912428,122.106946855269,168.241326865882,0,0,0,0,192.693757128262,94.7529894315991,0,0,0,192.601533877686,0,0,0,0,0,106.33736463831,0,303.527509149359,74.5815074003433,0,0,161.694997919804,0,0,0,146.770754374523,0,103.519938150021,0,0,0
120.912756812582,0,0,0,0,0,0,0,99.3508940827211,0,204.481117647118,137.177378802006,0,283.248188884028,0,0,0,0,192.601533877686,0,0,82.1742780037132,186.348837226466,82.4756938751058,0,0,160.530221557972,197.893790332676,289.631679007608,0,0,0,0,115.332064605654,0,253.401634605989,163.059043292369,0,0,169.742003380707,82.6299537488922
0,115.194491798135,0,0,0,0,0,97.3506957544063,0,0,0,165.597665022977,0,0,0,0,0,0,0,0,0,74.4197823064597,178.224497384947,0,120.567029282014,161.325017232684,93.5029580098427,0,0,113.144980278377,0,0,0,0,0,0,0,133.218162784108,213.67670887414,164.032723165762,89.3673883748406
0,0,0,148.808626413748,0,0,0,0,0,0,0,0,0,0,0,0,0,0,0,82.1742780037132,74.4197823064597,0,89.707245288964,104.915316975638,347.376449530863,0,0,0,0,0,0,0,0,0,0,106.533627130087,0,0,0,0,167.066576495979
0,0,0,0,0,192.135034768848,0,0,115.868441404982,0,0,0,222.053792850439,0,75.4497121078207,0,0,0,0,186.348837226466,178.224497384947,89.707245288964,0,0,0,94.7280504127031,0,217.157696745803,0,0,0,0,201.44584889478,135.294330067913,89.1590885155172,0,66.5008477853491,188.851177466023,0,0,263.534399241887
115.114253591495,0,0,0,0,0,0,0,0,0,74.7304794244225,180.355266595273,0,133.984214699576,154.070293657878,199.492852797962,0,0,0,82.4756938751058,0,104.915316975638,0,0,0,0,115.871357769661,92.5207898118833,198.964527389285,242.790381480436,0,187.77054666536,0,140.574866691684,101.443495235174,0,108.136066660554,134.960780198024,151.036729364761,82.6426202489162,0
0,0,0,0,321.124897279917,0,0,0,224.551207449728,0,0,0,0,101.5853655613,0,0,0,0,0,0,120.567029282014,347.376449530863,0,0,0,136.792307586862,119.345624434514,106.926813611922,0,0,0,0,0,84.3635741045246,85.6072705949986,0,0,0,0,0,0
0,0,0,221.805809452716,0,219.430938885781,131.969743415579,112.349934713559,0,143.005810983322,94.126460729827,0,0,0,0,0,0,115.541295036174,106.33736463831,0,161.325017232684,0,94.7280504127031,0,136.792307586862,0,111.435629183184,186.973586461633,0,228.075434767255,0,0,0,0,161.275817184598,146.814226519809,161.302948562323,320.356811100276,0,67.8267069095267,241.682021696872
0,232.945974238958,0,0,0,0,172.892533368851,0,134.566479261133,205.09013266389,195.314816908693,219.078548227669,204.084074037941,0,145.74089716123,184.249961885477,0,0,0,160.530221557972,93.5029580098427,0,0,115.871357769661,119.345624434514,111.435629183184,0,0,0,183.786860782462,0,0,0,116.176698124939,325.937289045041,208.005106191961,171.230058197369,0,0,153.609372090384,0
0,0,0,0,90.7216186966914,0,137.239127032733,95.7590805983148,81.9664354533492,238.934743274142,101.605593487621,160.537522273714,0,151.695570509541,112.823430872325,135.667029391615,163.945208919892,0,303.527509149359,197.893790332676,0,0,217.157696745803,92.5207898118833,106.926813611922,186.973586461633,0,0,220.963068032256,142.385058730083,209.996727521564,111.226326353722,0,71.5579325720569,196.04190773555,0,219.040656038919,240.185081663983,178.748963182352,87.8456058929559,0
0,179.718364159796,211.840482897052,113.059176128709,188.936291522747,251.098274723989,0,0,0,62.859596780235,124.698445421759,0,0,0,0,0,0,206.472608421747,74.5815074003433,289.631679007608,0,0,0,198.964527389285,0,0,0,220.963068032256,0,0,309.997227542691,0,0,193.659409924573,110.384905066973,173.201474590904,108.381749703452,259.055025639447,165.893015276821,114.649126378906,119.728129215699
0,0,0,0,0,0,92.3502314520023,0,0,0,0,0,0,158.955087279859,0,0,0,0,0,0,113.144980278377,0,0,242.790381480436,0,228.075434767255,183.786860782462,142.385058730083,0,0,0,0,0,0,225.013371621378,0,0,357.423078228283,0,197.486504603685,175.196329314064
0,0,0,0,94.8881692391942,0,0,101.895308036513,0,0,0,0,0,0,0,0,0,0,0,0,0,0,0,0,0,0,0,209.996727521564,309.997227542691,0,0,0,0,228.792310020318,0,155.901486485736,0,0,0,0,0
0,0,0,0,0,0,255.441154257905,0,191.519780382943,150.161410108805,0,247.66948903751,0,151.01089327964,0,0,151.806152521152,0,161.694997919804,0,0,0,0,187.77054666536,0,0,0,111.226326353722,0,0,0,0,0,0,0,0,338.131802716296,0,0,190.185165668632,0
0,0,0,0,0,0,0,0,0,0,0,157.852515740516,0,0,0,0,0,0,0,0,0,0,201.44584889478,0,0,0,0,0,0,0,0,0,0,162.833808134102,0,0,284.529238481835,0,0,173.059382066957,0
128.530575464043,206.912707094411,0,146.99041817625,0,109.093416850988,348.674510760064,280.376028997576,0,173.538155409849,173.001559092555,161.74915061469,0,0,0,154.784755881607,80.4367166559625,0,0,115.332064605654,0,0,135.294330067913,140.574866691684,84.3635741045246,0,116.176698124939,71.5579325720569,193.659409924573,0,228.792310020318,0,162.833808134102,0,155.24952173131,218.045528847001,90.1317194604647,223.705816669619,0,193.055010680236,139.93285932648
306.640284138334,0,0,177.763106506206,250.461724766314,96.5937438588657,117.208001126138,70.4221432298295,0,0,195.822649557859,118.522099274347,0,0,169.453147353278,153.672550905948,0,85.7623170715703,0,0,0,0,89.1590885155172,101.443495235174,85.6072705949986,161.275817184598,325.937289045041,196.04190773555,110.384905066973,225.013371621378,0,0,0,155.24952173131,0,353.822894641502,76.5072790361762,0,78.8552325762656,141.204637091722,259.442917595754
0,0,0,0,0,0,139.654362654449,215.611029055736,0,73.4795582048751,0,98.417953423071,0,0,0,0,93.4234866874731,99.2646516363145,146.770754374523,253.401634605989,0,106.533627130087,0,0,0,146.814226519809,208.005106191961,0,173.201474590904,0,155.901486485736,0,0,218.045528847001,353.822894641502,0,171.906398392157,205.183249704085,139.792601838991,125.81518738273,0
0,0,58.3493451392805,201.100640800745,151.075371308616,227.504408813069,125.416941482916,137.189596148386,193.777661225572,252.487290983309,154.065933476765,314.611698427915,0,97.3232815600345,198.528111506785,226.825099357786,172.608400267715,269.936825670274,0,163.059043292369,0,0,66.5008477853491,108.136066660554,0,161.302948562323,171.230058197369,219.040656038919,108.381749703452,0,0,338.131802716296,284.529238481835,90.1317194604647,76.5072790361762,171.906398392157,0,196.032358954952,71.4788760670054,101.350815329073,0
0,62.311273509377,0,212.592150359921,0,329.719143597451,224.523755099568,0,0,0,0,97.5855511246009,0,138.425725342224,0,231.715271819474,323.781250289068,0,103.519938150021,0,133.218162784108,0,188.851177466023,134.960780198024,0,320.356811100276,0,240.185081663983,259.055025639447,357.423078228283,0,0,0,223.705816669619,0,205.183249704085,196.032358954952,0,0,0,78.9559315574845
0,0,0,61.0664810463559,142.054529471577,94.9380989123498,112.793316814908,153.453047983244,0,283.88658203332,178.683678585178,0,0,0,0,0,0,0,0,0,213.67670887414,0,0,151.036729364761,0,0,0,178.748963182352,165.893015276821,0,0,0,0,0,78.8552325762656,139.792601838991,71.4788760670054,0,0,0,146.465927798921
0,220.901129804706,261.605527103798,0,249.905610015455,92.5568465385234,200.878319874537,180.543851962045,0,333.645516435298,231.050882209,0,106.128596538706,98.6790043377568,0,0,194.442125915551,0,0,169.742003380707,164.032723165762,0,0,82.6426202489162,0,67.8267069095267,153.609372090384,87.8456058929559,114.649126378906,197.486504603685,0,190.185165668632,173.059382066957,193.055010680236,141.204637091722,125.81518738273,101.350815329073,0,0,0,0
0,0,0,128.846764897717,0,249.798812580765,0,241.635434294794,0,180.90030328818,128.405764333981,94.027247878695,306.344527664232,0,124.853650664477,214.116367924649,0,261.440278806413,0,82.6299537488922,89.3673883748406,167.066576495979,263.534399241887,0,0,241.682021696872,0,0,119.728129215699,175.196329314064,0,0,0,139.93285932648,259.442917595754,0,0,78.9559315574845,146.465927798921,0,0
