0,0,0,0,303.527509149359,0,0,0,0,0,0,0,0,0,0,0,0,0,236.681907140956,0,0,0,0,0,0,0,0,78.9559315574845,0,82.1742780037132,0,0,0,0,0,0,241.635434294794,0,0,193.055010680236,0
0,0,0,0,195.314816908693,0,0,0,0,0,0,0,0,0,0,0,0,0,0,0,0,0,323.781250289068,345.797434674459,0,0,134.566479261133,198.528111506785,193.777661225572,0,0,0,0,0,0,0,73.4795582048751,0,0,0,0
0,0,0,0,0,0,0,0,0,0,0,0,0,0,0,0,0,0,280.376028997576,0,0,0,0,0,0,0,0,0,93.5029580098427,0,89.3673883748406,0,0,153.609372090384,0,0,0,0,0,0,220.963068032256
0,0,0,0,195.822649557859,0,0,0,0,201.100640800745,115.114253591495,0,195.378266313867,0,0,0,0,0,0,0,0,0,0,87.8456058929559,0,261.605527103798,199.492852797962,212.592150359921,0,0,309.997227542691,0,0,0,99.2646516363145,255.441154257905,161.694997919804,0,89.707245288964,0,0
303.527509149359,195.314816908693,0,195.822649557859,0,0,180.355266595273,0,58.3493451392805,119.345624434514,0,0,0,0,0,0,0,0,0,0,0,0,0,0,111.226326353722,0,111.435629183184,205.183249704085,0,0,0,178.224497384947,154.070293657878,0,0,219.040656038919,0,232.945974238958,0,169.453147353278,0
0,0,0,0,0,0,96.5937438588657,0,0,228.792310020318,0,0,0,0,0,0,0,0,0,259.442917595754,0,0,142.385058730083,95.7590805983148,0,145.74089716123,0,249.798812580765,179.718364159796,249.905610015455,0,0,0,196.032358954952,215.611029055736,0,253.401634605989,0,84.3635741045246,138.425725342224,0
0,0,0,0,180.355266595273,96.5937438588657,0,106.926813611922,0,0,0,0,0,0,0,0,0,201.44584889478,0,0,104.369974912428,0,0,0,0,224.523755099568,198.964527389285,321.864157986053,0,0,0,0,0,0,171.230058197369,163.945208919892,114.511014214502,0,0,231.050882209,238.934743274142
0,0,0,0,0,0,106.926813611922,0,0,163.059043292369,0,125.81518738273,0,0,0,0,0,71.5579325720569,0,325.937289045041,0,154.142998692322,250.461724766314,82.6426202489162,0,128.530575464043,300.031143529538,0,0,206.472608421747,0,222.053792850439,0,124.698445421759,165.893015276821,0,128.405764333981,0,0,0,62.311273509377
0,0,0,0,58.3493451392805,0,0,0,0,0,0,0,0,357.423078228283,168.241326865882,0,75.4497121078207,261.440278806413,0,0,0,73.1029054543569,0,0,0,0,0,141.204637091722,0,0,0,0,0,0,314.611698427915,0,0,225.013371621378,101.443495235174,89.9429017381717,0
0,0,0,201.100640800745,119.345624434514,228.792310020318,0,163.059043292369,0,0,0,137.189596148386,0,0,0,155.901486485736,0,0,219.078548227669,115.194491798135,0,0,112.823430872325,135.294330067913,97.3506957544063,173.538155409849,61.0664810463559,335.371040201042,0,0,0,0,0,0,172.608400267715,135.667029391615,151.075371308616,171.906398392157,0,0,0
0,0,0,115.114253591495,0,0,0,0,0,0,0,125.416941482916,0,178.748963182352,0,206.912707094411,0,0,193.63278243493,177.763106506206,72.2278283150671,0,0,113.059176128709,0,0,0,139.93285932648,205.839960264176,0,0,103.519938150021,0,0,98.6790043377568,0,289.631679007608,186.348837226466,0,214.116367924649,116.176698124939
0,0,0,0,0,0,0,125.81518738273,0,137.189596148386,125.416941482916,0,0,133.984214699576,269.936825670274,0,0,0,99.3508940827211,0,137.177378802006,187.77054666536,0,153.876396855887,241.682021696872,320.356811100276,0,284.529238481835,148.808626413748,0,193.659409924573,0,0,333.645516435298,104.915316975638,0,188.936291522747,81.2827395071039,306.640284138334,184.249961885477,89.1590885155172
0,0,0,195.378266313867,0,0,0,0,0,0,0,0,0,218.045528847001,0,0,0,0,0,0,0,0,0,0,0,0,0,153.453047983244,0,0,0,0,0,0,101.85207633558,0,82.6299537488922,0,0,106.128596538706,0
0,0,0,0,0,0,0,0,357.423078228283,0,178.748963182352,133.984214699576,218.045528847001,0,0,0,0,96.7845769653343,117.208001126138,0,0,276.620869034647,0,0,0,0,0,108.381749703452,90.7216186966914,0,0,0,0,136.685314494491,101.5853655613,112.793316814908,0,0,217.157696745803,97.5855511246009,0
0,0,0,0,0,0,0,0,168.241326865882,0,0,269.936825670274,0,0,0,180.90030328818,262.382215657622,0,0,0,0,0,169.742003380707,131.969743415579,0,0,0,0,160.530221557972,0,0,128.846764897717,0,125.994729980093,0,0,150.161410108805,101.605593487621,0,306.344527664232,0
0,0,0,0,0,0,0,0,0,155.901486485736,206.912707094411,0,0,0,180.90030328818,0,204.084074037941,0,0,0,0,0,0,0,0,167.066576495979,178.683678585178,0,164.032723165762,0,0,0,0,173.001559092555,173.201474590904,0,0,0,139.654362654449,252.487290983309,0
0,0,0,0,0,0,0,0,75.4497121078207,0,0,0,0,0,262.382215657622,204.084074037941,0,0,0,223.705816669619,0,0,0,0,0,0,0,0,0,192.693757128262,0,0,0,0,0,227.504408813069,0,204.481117647118,197.486504603685,172.892533368851,120.567029282014
0,0,0,0,0,0,201.44584889478,71.5579325720569,261.440278806413,0,0,0,0,96.7845769653343,0,0,0,0,0,0,0,0,0,0,0,74.5815074003433,0,137.239127032733,0,0,0,0,0,115.332064605654,192.135034768848,0,0,0,0,101.895308036513,0
236.681907140956,0,280.376028997576,0,0,0,0,0,0,219.078548227669,193.63278243493,99.3508940827211,0,117.208001126138,0,0,0,0,0,0,108.136066660554,0,0,0,0,122.106946855269,0,0,0,0,0,161.302948562323,0,0,0,0,109.093416850988,0,348.674510760064,0,146.770754374523
0,0,0,0,0,259.442917595754,0,325.937289045041,0,115.194491798135,177.763106506206,0,0,0,0,0,223.705816669619,0,0,0,0,146.814226519809,98.417953423071,85.6072705949986,0,0,0,160.537522273714,0,94.027247878695,0,0,161.275817184598,97.3232815600345,158.955087279859,219.430938885781,209.996727521564,143.005810983322,0,0,213.67670887414
0,0,0,0,0,0,104.369974912428,0,0,0,72.2278283150671,137.177378802006,0,0,0,0,0,0,108.136066660554,0,0,0,0,0,283.88658203332,0,161.325017232684,0,157.852515740516,101.350815329073,0,0,0,220.901129804706,82.4756938751058,153.672550905948,151.036729364761,0,0,0,186.973586461633
0,0,0,0,0,0,0,154.142998692322,73.1029054543569,0,0,187.77054666536,0,276.620869034647,0,0,0,0,0,146.814226519809,0,0,0,0,0,0,74.4197823064597,0,0,0,0,0,0,112.349934713559,0,0,151.695570509541,0,0,0,0
0,323.781250289068,0,0,0,142.385058730083,0,250.461724766314,0,112.823430872325,0,0,0,0,169.742003380707,0,0,0,0,98.417953423071,0,0,0,0,0,221.805809452716,0,0,70.4221432298295,0,0,0,0,196.04190773555,347.376449530863,142.054529471577,110.384905066973,226.825099357786,0,93.4234866874731,242.790381480436
0,345.797434674459,0,87.8456058929559,0,95.7590805983148,0,82.6426202489162,0,135.294330067913,113.059176128709,153.876396855887,0,0,131.969743415579,0,0,0,0,85.6072705949986,0,0,0,0,240.185081663983,0,208.005106191961,100.812745974529,0,0,0,106.533627130087,0,115.541295036174,0,94.7280504127031,71.4788760670054,114.649126378906,0,175.196329314064,241.57250333243
0,0,0,0,111.226326353722,0,0,0,0,97.3506957544063,0,241.682021696872,0,0,0,0,0,0,0,0,283.88658203332,0,0,240.185081663983,0,0,113.144980278377,180.543851962045,0,0,0,0,0,139.792601838991,0,0,0,0,263.534399241887,115.868441404982,0
0,0,0,261.605527103798,0,145.74089716123,224.523755099568,128.530575464043,0,173.538155409849,0,320.356811100276,0,0,0,167.066576495979,0,74.5815074003433,122.106946855269,0,0,0,221.805809452716,0,0,0,0,162.833808134102,106.33736463831,0,0,0,133.218162784108,353.822894641502,85.7623170715703,81.9664354533492,120.912756812582,251.098274723989,118.522099274347,0,190.185165668632
0,134.566479261133,0,199.492852797962,111.435629183184,0,198.964527389285,300.031143529538,0,61.0664810463559,0,0,0,0,0,178.683678585178,0,0,0,0,161.325017232684,74.4197823064597,0,208.005106191961,113.144980278377,0,0,231.715271819474,151.806152521152,0,124.853650664477,259.055025639447,0,321.124897279917,211.840482897052,0,74.7304794244225,200.878319874537,0,338.131802716296,0
78.9559315574845,198.528111506785,0,212.592150359921,205.183249704085,249.798812580765,321.864157986053,0,141.204637091722,335.371040201042,139.93285932648,284.529238481835,153.453047983244,108.381749703452,0,0,0,137.239127032733,0,160.537522273714,0,0,0,100.812745974529,180.543851962045,162.833808134102,231.715271819474,0,94.9380989123498,0,115.871357769661,0,174.013630695256,192.601533877686,228.075434767255,0,92.5207898118833,151.01089327964,0,154.065933476765,161.74915061469
0,193.777661225572,93.5029580098427,0,0,179.718364159796,0,0,0,0,205.839960264176,148.808626413748,0,90.7216186966914,160.530221557972,164.032723165762,0,0,0,0,157.852515740516,0,70.4221432298295,0,0,106.33736463831,151.806152521152,94.9380989123498,0,66.5008477853491,0,0,116.054372245433,329.719143597451,0,138.33942793804,146.465927798921,134.960780198024,0,62.859596780235,154.784755881607
82.1742780037132,0,0,0,0,249.905610015455,0,206.472608421747,0,0,0,0,0,0,0,0,192.693757128262,0,0,94.027247878695,101.350815329073,0,0,0,0,0,0,0,66.5008477853491,0,0,0,0,224.551207449728,80.4367166559625,0,67.8267069095267,78.8552325762656,0,0,0
0,0,89.3673883748406,309.997227542691,0,0,0,0,0,0,0,193.659409924573,0,0,0,0,0,0,0,0,0,0,0,0,0,0,124.853650664477,115.871357769661,0,0,0,0,0,0,0,0,0,0,0,0,76.5072790361762
0,0,0,0,178.224497384947,0,0,222.053792850439,0,0,103.519938150021,0,0,0,128.846764897717,0,0,0,161.302948562323,0,0,0,0,106.533627130087,0,0,259.055025639447,0,0,0,0,0,0,159.183173818572,0,94.8881692391942,92.5568465385234,94.126460729827,0,0,0
0,0,0,0,154.070293657878,0,0,0,0,0,0,0,0,0,0,0,0,0,0,161.275817184598,0,0,0,0,0,133.218162784108,0,174.013630695256,116.054372245433,0,0,0,0,0,0,0,0,0,0,0,0
0,0,153.609372090384,0,0,196.032358954952,0,124.698445421759,0,0,0,333.645516435298,0,136.685314494491,125.994729980093,173.001559092555,0,115.332064605654,0,97.3232815600345,220.901129804706,112.349934713559,196.04190773555,115.541295036174,139.792601838991,353.822894641502,321.124897279917,192.601533877686,329.719143597451,224.551207449728,0,159.183173818572,0,0,136.792307586862,140.574866691684,98.2230592632363,181.316358113209,0,247.66948903751,205.09013266389
0,0,0,99.2646516363145,0,215.611029055736,171.230058197369,165.893015276821,314.611698427915,172.608400267715,98.6790043377568,104.915316975638,101.85207633558,101.5853655613,0,173.201474590904,0,192.135034768848,0,158.955087279859,82.4756938751058,0,347.376449530863,0,0,85.7623170715703,211.840482897052,228.075434767255,0,80.4367166559625,0,0,0,136.792307586862,0,146.99041817625,173.059382066957,0,283.248188884028,80.8080171296381,197.893790332676
0,0,0,255.441154257905,219.040656038919,0,163.945208919892,0,0,135.667029391615,0,0,0,112.793316814908,0,0,227.504408813069,0,0,219.430938885781,153.672550905948,0,142.054529471577,94.7280504127031,0,81.9664354533492,0,0,138.33942793804,0,0,94.8881692391942,0,140.574866691684,146.99041817625,0,165.597665022977,183.786860782462,191.519780382943,94.7529894315991,0
241.635434294794,73.4795582048751,0,161.694997919804,0,253.401634605989,114.511014214502,128.405764333981,0,151.075371308616,289.631679007608,188.936291522747,82.6299537488922,0,150.161410108805,0,0,0,109.093416850988,209.996727521564,151.036729364761,151.695570509541,110.384905066973,71.4788760670054,0,120.912756812582,74.7304794244225,92.5207898118833,146.465927798921,67.8267069095267,0,92.5568465385234,0,98.2230592632363,173.059382066957,165.597665022977,0,202.712457066107,158.567996645797,194.442125915551,155.24952173131
0,0,0,0,232.945974238958,0,0,0,225.013371621378,171.906398392157,186.348837226466,81.2827395071039,0,0,101.605593487621,0,204.481117647118,0,0,143.005810983322,0,0,226.825099357786,114.649126378906,0,251.098274723989,200.878319874537,151.01089327964,134.960780198024,78.8552325762656,0,94.126460729827,0,181.316358113209,0,183.786860782462,202.712457066107,0,0,0,92.3502314520023
0,0,0,89.707245288964,0,84.3635741045246,0,0,101.443495235174,0,0,306.640284138334,0,217.157696745803,0,139.654362654449,197.486504603685,0,348.674510760064,0,0,0,0,0,263.534399241887,118.522099274347,0,0,0,0,0,0,0,0,283.248188884028,191.519780382943,158.567996645797,0,0,188.851177466023,119.728129215699
193.055010680236,0,0,0,169.453147353278,138.425725342224,231.050882209,0,89.9429017381717,0,214.116367924649,184.249961885477,106.128596538706,97.5855511246009,306.344527664232,252.487290983309,172.892533368851,101.895308036513,0,0,0,0,93.4234866874731,175.196329314064,115.868441404982,0,338.131802716296,154.065933476765,62.859596780235,0,0,0,0,247.66948903751,80.8080171296381,94.7529894315991,194.442125915551,0,188.851177466023,0,90.1317194604647
0,0,220.963068032256,0,0,0,238.934743274142,62.311273509377,0,0,116.176698124939,89.1590885155172,0,0,0,0,120.567029282014,0,146.770754374523,213.67670887414,186.973586461633,0,242.790381480436,241.57250333243,0,190.185165668632,0,161.74915061469,154.784755881607,0,76.5072790361762,0,0,205.09013266389,197.893790332676,0,155.24952173131,92.3502314520023,119.728129215699,90.1317194604647,0
