0,0,0,0,0,0,0,0,0,220.963068032256,0,0,0,0,0,0,0,0,0,0,0,0,0,0,0,100.812745974529,0,115.871357769661,0,0,0,0,0,192.135034768848,0,0,261.440278806413,0,0,0,154.070293657878
0,0,0,0,0,0,133.984214699576,0,0,0,0,161.74915061469,0,0,0,139.654362654449,0,0,0,0,0,0,0,0,0,0,0,0,348.674510760064,0,0,0,0,115.194491798135,161.325017232684,0,0,0,82.6426202489162,0,0
0,0,0,0,0,0,0,0,0,0,0,0,0,0,0,0,325.937289045041,0,0,0,0,0,128.530575464043,0,0,0,0,81.9664354533492,0,0,0,0,0,249.798812580765,0,0,93.5029580098427,0,0,0,0
0,0,0,0,0,0,0,0,0,0,0,0,0,199.492852797962,0,0,0,171.906398392157,0,135.294330067913,0,0,232.945974238958,112.793316814908,0,0,0,241.682021696872,253.401634605989,0,0,0,0,276.620869034647,240.185081663983,0,87.8456058929559,158.955087279859,0,280.376028997576,193.659409924573
0,0,0,0,0,0,92.3502314520023,0,0,0,0,161.275817184598,0,0,101.443495235174,0,0,0,0,0,0,0,0,192.601533877686,0,0,0,193.055010680236,94.8881692391942,175.196329314064,0,200.878319874537,146.465927798921,82.6299537488922,0,0,128.846764897717,151.01089327964,98.417953423071,0,119.345624434514
0,0,0,0,0,0,0,0,0,0,0,73.4795582048751,0,0,0,0,0,0,0,0,226.825099357786,0,0,118.522099274347,0,181.316358113209,140.574866691684,0,78.8552325762656,103.519938150021,0,0,0,146.99041817625,0,188.936291522747,168.241326865882,112.823430872325,98.6790043377568,153.453047983244,223.705816669619
0,133.984214699576,0,0,92.3502314520023,0,0,143.005810983322,94.027247878695,0,0,0,71.4788760670054,0,0,0,0,0,0,329.719143597451,0,0,320.356811100276,89.707245288964,0,0,263.534399241887,90.1317194604647,0,114.649126378906,0,0,0,0,0,94.126460729827,0,0,0,0,106.128596538706
0,0,0,0,0,0,143.005810983322,0,125.994729980093,0,0,62.859596780235,0,247.66948903751,0,0,0,219.078548227669,0,197.486504603685,204.481117647118,0,0,0,0,321.864157986053,119.728129215699,0,0,0,0,0,0,228.792310020318,104.369974912428,219.430938885781,161.694997919804,108.381749703452,335.371040201042,214.116367924649,0
0,0,0,0,0,0,94.027247878695,125.994729980093,0,0,0,113.144980278377,0,0,0,0,96.7845769653343,0,0,0,0,0,0,109.093416850988,0,0,115.868441404982,178.224497384947,97.3506957544063,0,0,0,0,0,0,198.964527389285,137.239127032733,0,0,187.77054666536,0
220.963068032256,0,0,0,0,0,0,0,0,0,162.833808134102,124.853650664477,94.7529894315991,172.892533368851,173.001559092555,0,0,0,0,106.533627130087,0,0,0,0,0,238.934743274142,134.960780198024,194.442125915551,0,321.124897279917,0,153.672550905948,0,289.631679007608,0,75.4497121078207,284.529238481835,72.2278283150671,97.3232815600345,89.9429017381717,0
0,0,0,0,0,0,0,0,0,162.833808134102,0,306.344527664232,0,134.566479261133,0,0,0,151.695570509541,0,241.635434294794,0,0,0,80.8080171296381,0,212.592150359921,135.667029391615,101.85207633558,0,0,0,0,0,136.792307586862,138.425725342224,111.226326353722,173.538155409849,0,161.302948562323,136.685314494491,353.822894641502
0,161.74915061469,0,0,161.275817184598,73.4795582048751,0,62.859596780235,113.144980278377,124.853650664477,306.344527664232,0,62.311273509377,224.551207449728,131.969743415579,0,169.742003380707,0,219.040656038919,0,220.901129804706,0,0,0,0,142.054529471577,217.157696745803,101.350815329073,0,0,0,0,0,191.519780382943,125.81518738273,0,0,171.230058197369,0,224.523755099568,141.204637091722
0,0,0,0,0,0,71.4788760670054,0,0,94.7529894315991,0,62.311273509377,0,0,0,0,0,0,323.781250289068,0,0,0,0,0,0,283.88658203332,0,0,0,0,0,0,0,0,0,0,0,0,0,76.5072790361762,0
0,0,0,199.492852797962,0,0,0,247.66948903751,0,172.892533368851,134.566479261133,224.551207449728,0,0,0,0,0,0,0,261.605527103798,0,0,94.7280504127031,148.808626413748,0,0,0,167.066576495979,137.189596148386,0,0,0,0,242.790381480436,0,0,106.33736463831,0,0,193.63278243493,137.177378802006
0,0,0,0,101.443495235174,0,0,0,0,173.001559092555,0,131.969743415579,0,0,0,0,0,0,0,0,211.840482897052,0,0,154.065933476765,0,0,0,0,190.185165668632,0,0,0,0,0,186.348837226466,209.996727521564,98.2230592632363,146.814226519809,0,142.385058730083,92.5207898118833
0,139.654362654449,0,0,0,0,0,0,0,0,0,0,0,0,0,0,0,0,0,0,0,0,0,0,114.511014214502,71.5579325720569,139.792601838991,192.693757128262,0,0,0,165.893015276821,0,205.09013266389,80.4367166559625,269.936825670274,163.945208919892,0,0,67.8267069095267,0
0,0,325.937289045041,0,0,0,0,0,96.7845769653343,0,0,169.742003380707,0,0,0,0,0,0,0,82.4756938751058,0,0,309.997227542691,0,0,0,0,205.839960264176,89.3673883748406,0,0,0,0,0,202.712457066107,0,0,0,0,208.005106191961,259.055025639447
0,0,0,171.906398392157,0,0,0,219.078548227669,0,0,151.695570509541,0,0,0,0,0,0,0,0,0,0,0,0,0,0,0,0,0,153.609372090384,0,0,241.57250333243,0,252.487290983309,133.218162784108,116.054372245433,218.045528847001,0,0,0,0
0,0,0,0,0,0,0,0,0,0,0,219.040656038919,323.781250289068,0,0,0,0,0,0,74.4197823064597,206.912707094411,0,0,0,0,0,0,306.640284138334,347.376449530863,0,0,0,0,165.597665022977,255.441154257905,0,94.9380989123498,225.013371621378,201.100640800745,314.611698427915,0
0,0,0,135.294330067913,0,0,329.719143597451,197.486504603685,0,106.533627130087,241.635434294794,0,0,261.605527103798,0,0,82.4756938751058,0,74.4197823064597,0,0,160.530221557972,112.349934713559,0,0,99.3508940827211,0,0,0,0,0,0,0,179.718364159796,231.715271819474,0,124.698445421759,125.416941482916,0,151.036729364761,145.74089716123
0,0,0,0,0,226.825099357786,0,204.481117647118,0,0,0,220.901129804706,0,0,211.840482897052,0,0,0,206.912707094411,0,0,0,0,0,101.5853655613,0,85.6072705949986,188.851177466023,0,0,0,231.050882209,0,0,0,115.541295036174,116.176698124939,82.1742780037132,0,0,183.786860782462
0,0,0,0,0,0,0,0,0,0,0,0,0,0,0,0,0,0,0,160.530221557972,0,0,259.442917595754,0,0,0,283.248188884028,0,151.075371308616,0,0,155.901486485736,0,0,173.059382066957,249.905610015455,195.314816908693,0,0,0,0
0,0,128.530575464043,232.945974238958,0,0,320.356811100276,0,0,0,0,0,0,94.7280504127031,0,0,309.997227542691,0,0,112.349934713559,0,259.442917595754,0,117.208001126138,0,0,90.7216186966914,0,58.3493451392805,0,150.161410108805,0,228.075434767255,0,0,0,300.031143529538,138.33942793804,0,120.912756812582,0
0,0,0,112.793316814908,192.601533877686,118.522099274347,89.707245288964,0,109.093416850988,0,80.8080171296381,0,0,148.808626413748,154.065933476765,0,0,0,0,0,0,0,117.208001126138,0,0,110.384905066973,115.332064605654,333.645516435298,151.806152521152,128.405764333981,0,0,186.973586461633,0,0,345.797434674459,99.2646516363145,0,0,159.183173818572,227.504408813069
0,0,0,0,0,0,0,0,0,0,0,0,0,0,0,114.511014214502,0,0,0,0,101.5853655613,0,0,0,0,236.681907140956,0,0,0,0,111.435629183184,0,101.605593487621,153.876396855887,163.059043292369,0,160.537522273714,0,177.763106506206,0,101.895308036513
100.812745974529,0,0,0,0,181.316358113209,0,321.864157986053,0,238.934743274142,212.592150359921,142.054529471577,283.88658203332,0,0,71.5579325720569,0,0,0,99.3508940827211,0,0,0,110.384905066973,236.681907140956,0,154.142998692322,196.04190773555,0,204.084074037941,0,201.44584889478,0,0,146.770754374523,206.472608421747,0,197.893790332676,0,108.136066660554,120.567029282014
0,0,0,0,0,140.574866691684,263.534399241887,119.728129215699,115.868441404982,134.960780198024,135.667029391615,217.157696745803,0,0,0,139.792601838991,0,0,0,0,85.6072705949986,283.248188884028,90.7216186966914,115.332064605654,0,154.142998692322,0,0,0,0,0,66.5008477853491,0,74.7304794244225,222.053792850439,0,97.5855511246009,113.059176128709,122.106946855269,338.131802716296,0
115.871357769661,0,81.9664354533492,241.682021696872,193.055010680236,0,90.1317194604647,0,178.224497384947,194.442125915551,101.85207633558,101.350815329073,0,167.066576495979,0,192.693757128262,205.839960264176,0,306.640284138334,0,188.851177466023,0,0,333.645516435298,0,196.04190773555,0,0,178.683678585178,172.608400267715,215.611029055736,0,0,155.24952173131,92.5568465385234,180.355266595273,74.5815074003433,81.2827395071039,262.382215657622,70.4221432298295,85.7623170715703
0,348.674510760064,0,253.401634605989,94.8881692391942,78.8552325762656,0,0,97.3506957544063,0,0,0,0,137.189596148386,190.185165668632,0,89.3673883748406,153.609372090384,347.376449530863,0,0,151.075371308616,58.3493451392805,151.806152521152,0,0,0,178.683678585178,0,0,0,205.183249704085,0,174.013630695256,89.1590885155172,154.784755881607,357.423078228283,180.543851962045,251.098274723989,0,0
0,0,0,0,175.196329314064,103.519938150021,114.649126378906,0,0,321.124897279917,0,0,0,0,0,0,0,0,0,0,0,0,0,128.405764333981,0,204.084074037941,0,172.608400267715,0,0,0,0,0,221.805809452716,164.032723165762,0,104.915316975638,0,178.748963182352,0,0
0,0,0,0,0,0,0,0,0,0,0,0,0,0,0,0,0,0,0,0,0,0,150.161410108805,0,111.435629183184,0,0,215.611029055736,0,0,0,0,0,78.9559315574845,84.3635741045246,0,0,0,0,96.5937438588657,0
0,0,0,0,200.878319874537,0,0,0,0,153.672550905948,0,0,0,0,0,165.893015276821,0,241.57250333243,0,0,231.050882209,155.901486485736,0,0,0,201.44584889478,66.5008477853491,0,205.183249704085,0,0,0,0,0,0,0,0,0,193.777661225572,0,184.249961885477
0,0,0,0,146.465927798921,0,0,0,0,0,0,0,0,0,0,0,0,0,0,0,0,0,228.075434767255,186.973586461633,101.605593487621,0,0,0,0,0,0,0,0,0,0,0,0,195.822649557859,0,0,0
192.135034768848,115.194491798135,249.798812580765,276.620869034647,82.6299537488922,146.99041817625,0,228.792310020318,0,289.631679007608,136.792307586862,191.519780382943,0,242.790381480436,0,205.09013266389,0,252.487290983309,165.597665022977,179.718364159796,0,0,0,0,153.876396855887,0,74.7304794244225,155.24952173131,174.013630695256,221.805809452716,78.9559315574845,0,0,0,158.567996645797,303.527509149359,0,0,195.378266313867,115.114253591495,196.032358954952
0,161.325017232684,0,240.185081663983,0,0,0,104.369974912428,0,0,138.425725342224,125.81518738273,0,0,186.348837226466,80.4367166559625,202.712457066107,133.218162784108,255.441154257905,231.715271819474,0,173.059382066957,0,0,163.059043292369,146.770754374523,222.053792850439,92.5568465385234,89.1590885155172,164.032723165762,84.3635741045246,0,0,158.567996645797,0,95.7590805983148,213.67670887414,180.90030328818,0,73.1029054543569,106.926813611922
0,0,0,0,0,188.936291522747,94.126460729827,219.430938885781,198.964527389285,75.4497121078207,111.226326353722,0,0,0,209.996727521564,269.936825670274,0,116.054372245433,0,0,115.541295036174,249.905610015455,0,345.797434674459,0,206.472608421747,0,180.355266595273,154.784755881607,0,0,0,0,303.527509149359,95.7590805983148,0,169.453147353278,157.852515740516,0,0,0
261.440278806413,0,93.5029580098427,87.8456058929559,128.846764897717,168.241326865882,0,161.694997919804,137.239127032733,284.529238481835,173.538155409849,0,0,106.33736463831,98.2230592632363,163.945208919892,0,218.045528847001,94.9380989123498,124.698445421759,116.176698124939,195.314816908693,300.031143529538,99.2646516363145,160.537522273714,0,97.5855511246009,74.5815074003433,357.423078228283,104.915316975638,0,0,0,0,213.67670887414,169.453147353278,0,250.461724766314,173.201474590904,93.4234866874731,198.528111506785
0,0,0,158.955087279859,151.01089327964,112.823430872325,0,108.381749703452,0,72.2278283150671,0,171.230058197369,0,0,146.814226519809,0,0,0,225.013371621378,125.416941482916,82.1742780037132,0,138.33942793804,0,0,197.893790332676,113.059176128709,81.2827395071039,180.543851962045,0,0,0,195.822649557859,0,180.90030328818,157.852515740516,250.461724766314,0,0,139.93285932648,0
0,82.6426202489162,0,0,98.417953423071,98.6790043377568,0,335.371040201042,0,97.3232815600345,161.302948562323,0,0,0,0,0,0,0,201.100640800745,0,0,0,0,0,177.763106506206,0,122.106946855269,262.382215657622,251.098274723989,178.748963182352,0,193.777661225572,0,195.378266313867,0,0,173.201474590904,0,0,0,0
0,0,0,280.376028997576,0,153.453047983244,0,214.116367924649,187.77054666536,89.9429017381717,136.685314494491,224.523755099568,76.5072790361762,193.63278243493,142.385058730083,67.8267069095267,208.005106191961,0,314.611698427915,151.036729364761,0,0,120.912756812582,159.183173818572,0,108.136066660554,338.131802716296,70.4221432298295,0,0,96.5937438588657,0,0,115.114253591495,73.1029054543569,0,93.4234866874731,139.93285932648,0,0,61.0664810463559
154.070293657878,0,0,193.659409924573,119.345624434514,223.705816669619,106.128596538706,0,0,0,353.822894641502,141.204637091722,0,137.177378802006,92.5207898118833,0,259.055025639447,0,0,145.74089716123,183.786860782462,0,0,227.504408813069,101.895308036513,120.567029282014,0,85.7623170715703,0,0,0,184.249961885477,0,196.032358954952,106.926813611922,0,198.528111506785,0,0,61.0664810463559,0
