0,0,0,0,0,0,0,0,0,0,191.519780382943,0,0,0,0,0,0,0,0,0,0,0,0,0,120.912756812582,0,0,0,0,0,0,0,0,219.430938885781,0,172.608400267715,0,115.194491798135,0,137.177378802006,0
0,0,0,78.9559315574845,0,0,0,0,0,173.201474590904,0,0,0,0,0,0,0,0,0,325.937289045041,0,0,0,225.013371621378,0,303.527509149359,0,206.472608421747,0,0,0,0,0,0,0,0,165.893015276821,0,0,0,0
0,0,0,0,0,0,0,0,0,0,0,0,0,0,141.204637091722,0,0,0,0,0,0,0,101.605593487621,0,0,0,85.6072705949986,0,0,0,0,0,0,0,184.249961885477,0,180.543851962045,0,0,0,0
0,78.9559315574845,0,0,0,0,0,0,0,192.135034768848,0,89.3673883748406,204.084074037941,93.4234866874731,0,0,0,0,0,0,101.895308036513,0,0,0,0,0,82.4756938751058,0,115.868441404982,112.823430872325,0,0,0,0,321.124897279917,0,196.04190773555,94.7280504127031,0,309.997227542691,0
0,0,0,0,0,0,0,73.1029054543569,0,347.376449530863,71.4788760670054,146.770754374523,0,0,0,0,161.694997919804,0,263.534399241887,0,0,0,0,0,0,66.5008477853491,0,97.5855511246009,164.032723165762,0,0,0,0,228.792310020318,92.5568465385234,76.5072790361762,300.031143529538,0,0,224.523755099568,0
0,0,0,0,0,0,0,151.036729364761,249.905610015455,0,0,0,0,231.050882209,0,0,240.185081663983,0,139.93285932648,84.3635741045246,0,0,151.075371308616,0,0,188.851177466023,0,283.248188884028,112.793316814908,0,0,0,0,116.176698124939,186.973586461633,261.605527103798,0,0,0,0,139.654362654449
0,0,0,0,0,0,0,0,143.005810983322,0,124.698445421759,165.597665022977,0,0,111.226326353722,133.218162784108,0,0,0,0,0,0,0,0,0,205.839960264176,0,136.685314494491,0,0,0,227.504408813069,0,201.44584889478,0,106.33736463831,101.85207633558,0,155.901486485736,0,106.926813611922
0,0,0,0,73.1029054543569,151.036729364761,0,0,0,115.332064605654,0,0,0,133.984214699576,0,0,0,0,0,0,151.806152521152,0,238.934743274142,101.5853655613,0,174.013630695256,161.325017232684,142.385058730083,97.3232815600345,200.878319874537,0,128.405764333981,0,0,150.161410108805,0,153.609372090384,0,0,0,213.67670887414
0,0,0,0,0,249.905610015455,143.005810983322,0,0,0,0,0,0,0,0,0,0,82.1742780037132,0,0,0,0,0,119.345624434514,228.075434767255,0,0,74.5815074003433,0,80.4367166559625,0,0,154.065933476765,0,73.4795582048751,0,0,0,172.892533368851,0,115.541295036174
0,173.201474590904,0,192.135034768848,347.376449530863,0,0,115.332064605654,0,0,0,0,82.6299537488922,0,0,140.574866691684,0,0,0,100.812745974529,116.054372245433,193.777661225572,0,206.912707094411,0,197.893790332676,241.635434294794,0,252.487290983309,211.840482897052,0,0,0,81.2827395071039,306.640284138334,0,0,0,0,101.350815329073,179.718364159796
191.519780382943,0,0,0,71.4788760670054,0,124.698445421759,0,0,0,0,0,0,0,0,195.378266313867,0,247.66948903751,0,0,0,0,0,0,0,280.376028997576,0,137.189596148386,154.070293657878,92.5207898118833,0,0,0,205.09013266389,177.763106506206,0,232.945974238958,219.040656038919,175.196329314064,169.453147353278,335.371040201042
0,0,0,89.3673883748406,146.770754374523,0,165.597665022977,0,0,0,0,0,0,236.681907140956,0,72.2278283150671,0,269.936825670274,0,284.529238481835,180.90030328818,0,0,122.106946855269,161.302948562323,145.74089716123,95.7590805983148,161.275817184598,137.239127032733,0,0,0,0,80.8080171296381,0,158.955087279859,94.8881692391942,158.567996645797,134.960780198024,125.994729980093,215.611029055736
0,0,0,204.084074037941,0,0,0,0,0,82.6299537488922,0,0,0,0,226.825099357786,0,0,0,0,0,0,0,0,0,0,0,0,0,124.853650664477,0,0,0,0,0,0,0,198.528111506785,74.4197823064597,0,0,0
0,0,0,93.4234866874731,0,231.050882209,0,133.984214699576,0,0,0,236.681907140956,0,0,97.3506957544063,78.8552325762656,128.530575464043,0,0,125.416941482916,0,0,0,104.369974912428,193.055010680236,0,0,0,90.7216186966914,0,113.059176128709,0,0,0,183.786860782462,101.443495235174,0,0,0,0,0
0,0,141.204637091722,0,0,0,111.226326353722,0,0,0,0,0,226.825099357786,97.3506957544063,0,0,58.3493451392805,0,0,106.128596538706,0,0,0,0,0,120.567029282014,163.059043292369,171.906398392157,0,0,0,0,0,221.805809452716,0,0,62.311273509377,0,0,223.705816669619,0
0,0,0,0,0,0,133.218162784108,0,0,140.574866691684,195.378266313867,72.2278283150671,0,78.8552325762656,0,0,0,0,135.667029391615,0,0,0,0,0,0,0,159.183173818572,108.136066660554,0,0,0,0,0,0,0,0,62.859596780235,0,178.224497384947,146.814226519809,0
0,0,0,0,161.694997919804,240.185081663983,0,0,0,0,0,0,0,128.530575464043,58.3493451392805,0,0,283.88658203332,0,217.157696745803,0,0,0,0,0,0,261.440278806413,0,0,0,0,0,0,89.707245288964,119.728129215699,0,0,0,0,0,181.316358113209
0,0,0,0,0,0,0,0,82.1742780037132,0,247.66948903751,269.936825670274,0,0,0,0,283.88658203332,0,0,0,0,94.7529894315991,0,0,0,0,0,0,0,0,0,0,0,220.963068032256,0,178.683678585178,0,199.492852797962,0,186.348837226466,0
0,0,0,0,263.534399241887,139.93285932648,0,0,0,0,0,0,0,0,0,135.667029391615,0,0,0,154.784755881607,0,0,0,0,0,70.4221432298295,0,0,241.57250333243,0,0,0,0,338.131802716296,276.620869034647,0,249.798812580765,214.116367924649,0,85.7623170715703,173.001559092555
0,325.937289045041,0,0,0,84.3635741045246,0,0,0,100.812745974529,0,284.529238481835,0,125.416941482916,106.128596538706,0,217.157696745803,0,154.784755881607,0,0,0,0,190.185165668632,134.566479261133,0,0,173.059382066957,0,0,0,112.349934713559,0,0,0,0,192.601533877686,259.442917595754,187.77054666536,135.294330067913,98.417953423071
0,0,0,101.895308036513,0,0,0,151.806152521152,0,116.054372245433,0,180.90030328818,0,0,0,0,0,0,0,0,0,167.066576495979,113.144980278377,222.053792850439,0,0,0,94.027247878695,180.355266595273,0,0,0,0,0,224.551207449728,0,109.093416850988,0,0,289.631679007608,196.032358954952
0,0,0,0,0,0,0,0,0,193.777661225572,0,0,0,0,0,0,0,94.7529894315991,0,0,167.066576495979,0,74.7304794244225,114.649126378906,0,0,0,0,0,0,0,0,0,0,153.876396855887,0,259.055025639447,0,0,114.511014214502,0
0,0,101.605593487621,0,0,151.075371308616,0,238.934743274142,0,0,0,0,0,0,0,0,0,0,0,0,113.144980278377,74.7304794244225,0,115.114253591495,0,82.6426202489162,0,0,195.822649557859,0,0,212.592150359921,0,111.435629183184,205.183249704085,204.481117647118,160.530221557972,99.2646516363145,0,0,106.533627130087
0,225.013371621378,0,0,0,0,0,101.5853655613,119.345624434514,206.912707094411,0,122.106946855269,0,104.369974912428,0,0,0,0,0,190.185165668632,222.053792850439,114.649126378906,115.114253591495,0,151.695570509541,0,0,162.833808134102,92.3502314520023,0,253.401634605989,0,0,193.659409924573,0,0,146.99041817625,75.4497121078207,0,125.81518738273,262.382215657622
120.912756812582,0,0,0,0,0,0,0,228.075434767255,0,0,161.302948562323,0,193.055010680236,0,0,0,0,0,134.566479261133,0,0,0,151.695570509541,0,0,0,93.5029580098427,0,0,0,0,0,0,81.9664354533492,0,201.100640800745,0,0,151.01089327964,0
0,303.527509149359,0,0,66.5008477853491,188.851177466023,205.839960264176,174.013630695256,0,197.893790332676,280.376028997576,145.74089716123,0,0,120.567029282014,0,0,0,70.4221432298295,0,0,0,82.6426202489162,0,0,0,250.461724766314,0,0,0,0,160.537522273714,0,108.381749703452,89.9429017381717,94.9380989123498,345.797434674459,320.356811100276,138.425725342224,94.126460729827,0
0,0,85.6072705949986,82.4756938751058,0,0,0,161.325017232684,0,241.635434294794,0,95.7590805983148,0,0,163.059043292369,159.183173818572,261.440278806413,0,0,0,0,0,0,0,0,250.461724766314,0,219.078548227669,220.901129804706,0,255.441154257905,0,0,178.748963182352,231.715271819474,138.33942793804,99.3508940827211,90.1317194604647,241.682021696872,329.719143597451,193.63278243493
0,206.472608421747,0,0,97.5855511246009,283.248188884028,136.685314494491,142.385058730083,74.5815074003433,0,137.189596148386,161.275817184598,0,0,171.906398392157,108.136066660554,0,0,0,173.059382066957,94.027247878695,0,0,162.833808134102,93.5029580098427,0,219.078548227669,0,131.969743415579,139.792601838991,0,209.996727521564,89.1590885155172,153.672550905948,142.054529471577,154.142998692322,153.453047983244,348.674510760064,96.5937438588657,314.611698427915,148.808626413748
0,0,0,115.868441404982,164.032723165762,112.793316814908,0,97.3232815600345,0,252.487290983309,154.070293657878,137.239127032733,124.853650664477,90.7216186966914,0,0,0,0,241.57250333243,0,180.355266595273,0,195.822649557859,92.3502314520023,0,0,220.901129804706,131.969743415579,0,0,0,98.6790043377568,0,0,128.846764897717,115.871357769661,0,202.712457066107,208.005106191961,0,321.864157986053
0,0,0,112.823430872325,0,0,0,200.878319874537,80.4367166559625,211.840482897052,92.5207898118833,0,0,0,0,0,0,0,0,0,0,0,0,0,0,0,0,139.792601838991,0,0,0,0,0,197.486504603685,171.230058197369,61.0664810463559,0,110.384905066973,0,157.852515740516,0
0,0,0,0,0,0,0,0,0,0,0,0,0,113.059176128709,0,0,0,0,0,0,0,0,0,253.401634605989,0,0,255.441154257905,0,0,0,0,0,0,136.792307586862,0,0,155.24952173131,0,0,87.8456058929559,0
0,0,0,0,0,0,227.504408813069,128.405764333981,0,0,0,0,0,0,0,0,0,0,0,112.349934713559,0,0,212.592150359921,0,0,160.537522273714,0,209.996727521564,98.6790043377568,0,0,0,0,333.645516435298,0,146.465927798921,218.045528847001,163.945208919892,0,0,0
0,0,0,0,0,0,0,0,154.065933476765,0,0,0,0,0,0,0,0,0,0,0,0,0,0,0,0,0,0,89.1590885155172,0,0,0,0,0,103.519938150021,0,161.74915061469,306.344527664232,0,0,0,0
219.430938885781,0,0,0,228.792310020318,116.176698124939,201.44584889478,0,0,81.2827395071039,205.09013266389,80.8080171296381,0,0,221.805809452716,0,89.707245288964,220.963068032256,338.131802716296,0,0,0,111.435629183184,193.659409924573,0,108.381749703452,178.748963182352,153.672550905948,0,197.486504603685,136.792307586862,333.645516435298,103.519938150021,0,0,117.208001126138,67.8267069095267,96.7845769653343,251.098274723989,194.442125915551,198.964527389285
0,0,184.249961885477,321.124897279917,92.5568465385234,186.973586461633,0,150.161410108805,73.4795582048751,306.640284138334,177.763106506206,0,0,183.786860782462,0,0,119.728129215699,0,276.620869034647,0,224.551207449728,153.876396855887,205.183249704085,0,81.9664354533492,89.9429017381717,231.715271819474,142.054529471577,128.846764897717,171.230058197369,0,0,0,0,0,0,71.5579325720569,98.2230592632363,195.314816908693,173.538155409849,169.742003380707
172.608400267715,0,0,0,76.5072790361762,261.605527103798,106.33736463831,0,0,0,0,158.955087279859,0,101.443495235174,0,0,0,178.683678585178,0,0,0,0,204.481117647118,0,0,94.9380989123498,138.33942793804,154.142998692322,115.871357769661,61.0664810463559,0,146.465927798921,161.74915061469,117.208001126138,0,0,0,0,323.781250289068,118.522099274347,188.936291522747
0,165.893015276821,180.543851962045,196.04190773555,300.031143529538,0,101.85207633558,153.609372090384,0,0,232.945974238958,94.8881692391942,198.528111506785,0,62.311273509377,62.859596780235,0,0,249.798812580765,192.601533877686,109.093416850988,259.055025639447,160.530221557972,146.99041817625,201.100640800745,345.797434674459,99.3508940827211,153.453047983244,0,0,155.24952173131,218.045528847001,306.344527664232,67.8267069095267,71.5579325720569,0,0,242.790381480436,357.423078228283,192.693757128262,353.822894641502
115.194491798135,0,0,94.7280504127031,0,0,0,0,0,0,219.040656038919,158.567996645797,74.4197823064597,0,0,0,0,199.492852797962,214.116367924649,259.442917595754,0,0,99.2646516363145,75.4497121078207,0,320.356811100276,90.1317194604647,348.674510760064,202.712457066107,110.384905066973,0,163.945208919892,0,96.7845769653343,98.2230592632363,0,242.790381480436,0,0,104.915316975638,0
0,0,0,0,0,0,155.901486485736,0,172.892533368851,0,175.196329314064,134.960780198024,0,0,0,178.224497384947,0,0,0,187.77054666536,0,0,0,0,0,138.425725342224,241.682021696872,96.5937438588657,208.005106191961,0,0,0,0,251.098274723989,195.314816908693,323.781250289068,357.423078228283,0,0,0,168.241326865882
137.177378802006,0,0,309.997227542691,224.523755099568,0,0,0,0,101.350815329073,169.453147353278,125.994729980093,0,0,223.705816669619,146.814226519809,0,186.348837226466,85.7623170715703,135.294330067913,289.631679007608,114.511014214502,0,125.81518738273,151.01089327964,94.126460729827,329.719143597451,314.611698427915,0,157.852515740516,87.8456058929559,0,0,194.442125915551,173.538155409849,118.522099274347,192.693757128262,104.915316975638,0,0,0
0,0,0,0,0,139.654362654449,106.926813611922,213.67670887414,115.541295036174,179.718364159796,335.371040201042,215.611029055736,0,0,0,0,181.316358113209,0,173.001559092555,98.417953423071,196.032358954952,0,106.533627130087,262.382215657622,0,0,193.63278243493,148.808626413748,321.864157986053,0,0,0,0,198.964527389285,169.742003380707,188.936291522747,353.822894641502,0,168.241326865882,0,0
