0,0,0,0,0,0,0,224.523755099568,0,0,0,0,0,0,0,0,0,0,0,0,0,0,0,0,0,0,101.85207633558,227.504408813069,0,0,0,0,0,0,71.5579325720569,0,84.3635741045246,0,0,0,161.325017232684
0,0,0,255.441154257905,0,0,0,0,0,0,0,219.078548227669,0,0,0,0,0,0,0,205.09013266389,0,0,0,0,0,161.275817184598,0,0,0,0,0,0,0,103.519938150021,0,0,0,146.465927798921,0,0,284.529238481835
0,0,0,0,0,154.142998692322,0,0,0,0,139.93285932648,0,0,0,0,0,0,0,0,0,0,0,0,0,0,154.065933476765,0,140.574866691684,0,0,0,0,0,0,0,0,188.936291522747,0,0,0,0
0,255.441154257905,0,0,0,0,0,89.3673883748406,0,0,0,193.63278243493,0,0,0,0,0,114.649126378906,0,0,92.5207898118833,0,73.1029054543569,89.1590885155172,0,151.036729364761,262.382215657622,0,259.442917595754,0,0,0,0,0,70.4221432298295,0,209.996727521564,0,0,146.814226519809,0
0,0,0,0,0,0,155.901486485736,0,0,0,0,138.33942793804,0,325.937289045041,0,0,226.825099357786,0,0,211.840482897052,173.201474590904,0,0,0,0,58.3493451392805,225.013371621378,215.611029055736,0,153.672550905948,0,0,124.853650664477,251.098274723989,165.597665022977,98.6790043377568,0,0,0,0,0
0,0,154.142998692322,0,0,0,0,0,0,0,0,0,0,0,0,0,0,0,180.90030328818,0,205.183249704085,321.124897279917,113.059176128709,0,0,0,0,218.045528847001,97.3232815600345,0,0,161.694997919804,0,108.136066660554,136.685314494491,122.106946855269,181.316358113209,101.895308036513,0,0,241.635434294794
0,0,0,0,155.901486485736,0,0,0,306.640284138334,280.376028997576,135.667029391615,0,0,0,0,0,0,0,0,0,0,0,133.984214699576,0,0,112.349934713559,0,115.332064605654,0,0,0,0,0,179.718364159796,0,72.2278283150671,173.059382066957,223.705816669619,0,220.901129804706,160.530221557972
224.523755099568,0,0,89.3673883748406,0,0,0,0,81.9664354533492,0,0,165.893015276821,0,320.356811100276,0,0,353.822894641502,0,0,240.185081663983,0,0,184.249961885477,0,0,180.543851962045,0,97.5855511246009,0,0,0,0,0,202.712457066107,134.566479261133,0,109.093416850988,0,314.611698427915,139.654362654449,74.7304794244225
0,0,0,0,0,0,306.640284138334,81.9664354533492,0,0,0,120.912756812582,0,0,0,0,0,206.472608421747,0,0,0,148.808626413748,0,253.401634605989,0,0,195.822649557859,93.5029580098427,0,0,0,0,0,0,0,89.707245288964,219.040656038919,177.763106506206,0,0,0
0,0,0,0,0,0,280.376028997576,0,0,0,0,249.798812580765,0,0,0,94.027247878695,0,321.864157986053,142.054529471577,153.876396855887,0,0,0,106.926813611922,174.013630695256,0,0,180.355266595273,82.6299537488922,309.997227542691,0,67.8267069095267,0,115.541295036174,115.871357769661,283.88658203332,106.128596538706,0,106.533627130087,208.005106191961,0
0,0,139.93285932648,0,0,0,135.667029391615,0,0,0,0,0,0,348.674510760064,99.3508940827211,0,0,0,0,151.01089327964,0,0,0,153.453047983244,0,101.5853655613,119.728129215699,357.423078228283,155.24952173131,171.230058197369,0,0,0,0,81.2827395071039,0,143.005810983322,125.81518738273,232.945974238958,128.530575464043,0
0,219.078548227669,0,193.63278243493,138.33942793804,0,0,165.893015276821,120.912756812582,249.798812580765,0,0,0,276.620869034647,0,0,0,0,172.608400267715,0,0,169.453147353278,347.376449530863,80.8080171296381,0,0,0,204.481117647118,323.781250289068,0,249.905610015455,117.208001126138,0,138.425725342224,110.384905066973,0,0,137.177378802006,125.994729980093,145.74089716123,150.161410108805
0,0,0,0,0,0,0,0,0,0,0,0,0,141.204637091722,0,0,0,0,0,0,201.100640800745,0,0,0,0,0,153.609372090384,0,0,0,0,0,0,159.183173818572,172.892533368851,0,0,106.33736463831,0,0,0
0,0,0,0,325.937289045041,0,0,320.356811100276,0,0,348.674510760064,276.620869034647,141.204637091722,0,146.770754374523,74.4197823064597,0,0,94.8881692391942,0,0,0,0,0,0,0,87.8456058929559,186.973586461633,0,0,0,241.682021696872,0,0,0,0,78.9559315574845,0,0,173.001559092555,157.852515740516
0,0,0,0,0,0,0,0,0,0,99.3508940827211,0,0,146.770754374523,0,90.7216186966914,0,0,0,231.715271819474,162.833808134102,0,0,0,0,95.7590805983148,0,0,113.144980278377,93.4234866874731,0,0,0,192.693757128262,142.385058730083,0,0,0,137.239127032733,0,151.806152521152
0,0,0,0,0,0,0,0,0,94.027247878695,0,0,0,74.4197823064597,90.7216186966914,0,195.314816908693,0,0,0,0,0,0,198.964527389285,0,112.823430872325,0,261.605527103798,0,0,0,0,0,0,96.5937438588657,158.955087279859,192.601533877686,0,0,154.070293657878,0
0,0,0,0,226.825099357786,0,0,353.822894641502,0,0,0,0,0,0,0,195.314816908693,0,201.44584889478,195.378266313867,0,0,0,0,0,222.053792850439,0,199.492852797962,0,104.915316975638,0,0,0,0,0,97.3506957544063,0,0,94.9380989123498,0,0,0
0,0,0,114.649126378906,0,0,0,0,206.472608421747,321.864157986053,0,0,0,0,0,0,201.44584889478,0,0,0,0,0,0,0,0,0,228.792310020318,241.57250333243,0,0,0,0,0,94.7280504127031,0,0,0,0,118.522099274347,119.345624434514,0
0,0,0,0,0,180.90030328818,0,0,0,142.054529471577,0,172.608400267715,0,94.8881692391942,0,0,195.378266313867,0,0,115.114253591495,0,0,0,0,0,151.695570509541,0,0,0,0,0,0,0,167.066576495979,168.241326865882,134.960780198024,178.683678585178,101.605593487621,0,0,0
0,205.09013266389,0,0,211.840482897052,0,0,240.185081663983,0,153.876396855887,151.01089327964,0,0,0,231.715271819474,0,0,0,115.114253591495,0,0,0,0,98.2230592632363,111.226326353722,163.945208919892,0,198.528111506785,0,0,0,0,0,0,205.839960264176,0,128.846764897717,82.1742780037132,175.196329314064,101.350815329073,197.893790332676
0,0,0,92.5207898118833,173.201474590904,205.183249704085,0,0,0,0,0,0,201.100640800745,0,162.833808134102,0,0,0,0,0,0,0,0,125.416941482916,0,0,0,78.8552325762656,0,0,0,0,0,0,220.963068032256,173.538155409849,221.805809452716,252.487290983309,193.659409924573,160.537522273714,0
0,0,0,0,0,321.124897279917,0,0,148.808626413748,0,0,169.453147353278,0,0,0,0,0,0,0,0,0,0,0,0,0,0,0,0,0,0,0,136.792307586862,0,289.631679007608,0,0,161.302948562323,329.719143597451,0,0,213.67670887414
0,0,0,73.1029054543569,0,113.059176128709,133.984214699576,184.249961885477,0,0,0,347.376449530863,0,0,0,0,0,0,0,0,0,0,0,139.792601838991,0,96.7845769653343,0,101.443495235174,345.797434674459,0,0,0,0,116.176698124939,217.157696745803,66.5008477853491,178.748963182352,0,0,61.0664810463559,104.369974912428
0,0,0,89.1590885155172,0,0,0,0,253.401634605989,106.926813611922,153.453047983244,80.8080171296381,0,0,0,198.964527389285,0,0,0,98.2230592632363,125.416941482916,0,139.792601838991,0,0,0,335.371040201042,188.851177466023,247.66948903751,263.534399241887,0,0,0,228.075434767255,82.4756938751058,137.189596148386,178.224497384947,0,0,197.486504603685,231.050882209
0,0,0,0,0,0,0,0,0,174.013630695256,0,0,0,0,0,0,222.053792850439,0,0,111.226326353722,0,0,0,0,0,0,135.294330067913,164.032723165762,0,0,0,0,0,99.2646516363145,0,76.5072790361762,261.440278806413,131.969743415579,0,200.878319874537,0
0,161.275817184598,154.065933476765,151.036729364761,58.3493451392805,0,112.349934713559,180.543851962045,0,0,101.5853655613,0,0,0,95.7590805983148,112.823430872325,0,0,151.695570509541,163.945208919892,0,0,96.7845769653343,0,0,0,242.790381480436,0,85.7623170715703,163.059043292369,0,0,0,73.4795582048751,82.6426202489162,74.5815074003433,0,0,283.248188884028,0,191.519780382943
101.85207633558,0,0,262.382215657622,225.013371621378,0,0,0,195.822649557859,0,119.728129215699,0,153.609372090384,87.8456058929559,0,0,199.492852797962,228.792310020318,0,0,0,0,0,335.371040201042,135.294330067913,242.790381480436,0,115.194491798135,151.075371308616,0,0,85.6072705949986,0,112.793316814908,0,206.912707094411,114.511014214502,0,194.442125915551,75.4497121078207,0
227.504408813069,0,140.574866691684,0,215.611029055736,218.045528847001,115.332064605654,97.5855511246009,93.5029580098427,180.355266595273,357.423078228283,204.481117647118,0,186.973586461633,0,261.605527103798,0,241.57250333243,0,198.528111506785,78.8552325762656,0,101.443495235174,188.851177466023,164.032723165762,0,115.194491798135,0,89.9429017381717,92.3502314520023,0,219.430938885781,0,0,0,90.1317194604647,115.868441404982,224.551207449728,0,212.592150359921,62.311273509377
0,0,0,259.442917595754,0,97.3232815600345,0,0,0,82.6299537488922,155.24952173131,323.781250289068,0,0,113.144980278377,0,104.915316975638,0,0,0,0,0,345.797434674459,247.66948903751,0,85.7623170715703,151.075371308616,89.9429017381717,0,124.698445421759,0,0,196.032358954952,108.381749703452,154.784755881607,0,193.055010680236,259.055025639447,204.084074037941,146.99041817625,236.681907140956
0,0,0,0,153.672550905948,0,0,0,0,309.997227542691,171.230058197369,0,0,0,93.4234866874731,0,0,0,0,0,0,0,0,263.534399241887,0,163.059043292369,0,92.3502314520023,124.698445421759,0,0,0,0,190.185165668632,0,0,193.777661225572,0,0,0,62.859596780235
0,0,0,0,0,0,0,0,0,0,0,249.905610015455,0,0,0,0,0,0,0,0,0,0,0,0,0,0,0,0,0,0,0,0,303.527509149359,0,187.77054666536,192.135034768848,161.74915061469,0,0,171.906398392157,0
0,0,0,0,0,161.694997919804,0,0,0,67.8267069095267,0,117.208001126138,0,241.682021696872,0,0,0,0,0,0,0,136.792307586862,0,0,0,0,85.6072705949986,219.430938885781,0,0,0,0,0,120.567029282014,333.645516435298,0,94.126460729827,0,0,98.417953423071,0
0,0,0,0,124.853650664477,0,0,0,0,0,0,0,0,0,0,0,0,0,0,0,0,0,0,0,0,0,0,0,196.032358954952,0,303.527509149359,0,0,0,186.348837226466,0,0,0,0,338.131802716296,0
0,103.519938150021,0,0,251.098274723989,108.136066660554,179.718364159796,202.712457066107,0,115.541295036174,0,138.425725342224,159.183173818572,0,192.693757128262,0,0,94.7280504127031,167.066576495979,0,0,289.631679007608,116.176698124939,228.075434767255,99.2646516363145,73.4795582048751,112.793316814908,0,108.381749703452,190.185165668632,0,120.567029282014,0,0,100.812745974529,169.742003380707,116.054372245433,71.4788760670054,111.435629183184,92.5568465385234,0
71.5579325720569,0,0,70.4221432298295,165.597665022977,136.685314494491,0,134.566479261133,0,115.871357769661,81.2827395071039,110.384905066973,172.892533368851,0,142.385058730083,96.5937438588657,97.3506957544063,0,168.241326865882,205.839960264176,220.963068032256,0,217.157696745803,82.4756938751058,0,82.6426202489162,0,0,154.784755881607,0,187.77054666536,333.645516435298,186.348837226466,100.812745974529,0,0,196.04190773555,0,0,0,238.934743274142
0,0,0,0,98.6790043377568,122.106946855269,72.2278283150671,0,89.707245288964,283.88658203332,0,0,0,0,0,158.955087279859,0,0,134.960780198024,0,173.538155409849,0,66.5008477853491,137.189596148386,76.5072790361762,74.5815074003433,206.912707094411,90.1317194604647,0,0,192.135034768848,0,0,169.742003380707,0,0,0,300.031143529538,0,158.567996645797,306.344527664232
84.3635741045246,0,188.936291522747,209.996727521564,0,181.316358113209,173.059382066957,109.093416850988,219.040656038919,106.128596538706,143.005810983322,0,0,78.9559315574845,0,192.601533877686,0,0,178.683678585178,128.846764897717,221.805809452716,161.302948562323,178.748963182352,178.224497384947,261.440278806413,0,114.511014214502,115.868441404982,193.055010680236,193.777661225572,161.74915061469,94.126460729827,0,116.054372245433,196.04190773555,0,0,214.116367924649,250.461724766314,133.218162784108,183.786860782462
0,146.465927798921,0,0,0,101.895308036513,223.705816669619,0,177.763106506206,0,125.81518738273,137.177378802006,106.33736463831,0,0,0,94.9380989123498,0,101.605593487621,82.1742780037132,252.487290983309,329.719143597451,0,0,131.969743415579,0,0,224.551207449728,259.055025639447,0,0,0,0,71.4788760670054,0,300.031143529538,214.116367924649,0,80.4367166559625,0,269.936825670274
0,0,0,0,0,0,0,314.611698427915,0,106.533627130087,232.945974238958,125.994729980093,0,0,137.239127032733,0,0,118.522099274347,0,175.196329314064,193.659409924573,0,0,0,0,283.248188884028,194.442125915551,0,204.084074037941,0,0,0,0,111.435629183184,0,0,250.461724766314,80.4367166559625,0,128.405764333981,0
0,0,0,146.814226519809,0,0,220.901129804706,139.654362654449,0,208.005106191961,128.530575464043,145.74089716123,0,173.001559092555,0,154.070293657878,0,119.345624434514,0,101.350815329073,160.537522273714,0,61.0664810463559,197.486504603685,200.878319874537,0,75.4497121078207,212.592150359921,146.99041817625,0,171.906398392157,98.417953423071,338.131802716296,92.5568465385234,0,158.567996645797,133.218162784108,0,128.405764333981,0,94.7529894315991
161.325017232684,284.529238481835,0,0,0,241.635434294794,160.530221557972,74.7304794244225,0,0,0,150.161410108805,0,157.852515740516,151.806152521152,0,0,0,0,197.893790332676,0,213.67670887414,104.369974912428,231.050882209,0,191.519780382943,0,62.311273509377,236.681907140956,62.859596780235,0,0,0,0,238.934743274142,306.344527664232,183.786860782462,269.936825670274,0,94.7529894315991,0
