0,0,0,0,0,0,0,0,0,0,0,0,0,0,0,0,0,0,0,90.1317194604647,0,0,0,347.376449530863,0,112.823430872325,321.864157986053,0,0,0,0,0,0,0,0,80.8080171296381,0,134.960780198024,0,0,0
0,0,0,0,0,0,0,0,0,0,0,0,0,0,0,0,0,0,0,0,0,226.825099357786,93.5029580098427,0,0,0,0,0,100.812745974529,0,0,0,0,78.8552325762656,227.504408813069,0,80.4367166559625,133.984214699576,0,0,0
0,0,0,0,0,0,0,0,0,0,0,0,0,0,0,0,0,0,0,0,0,0,300.031143529538,0,0,0,84.3635741045246,97.3506957544063,0,85.7623170715703,0,0,0,0,0,0,151.075371308616,0,0,0,0
0,0,0,0,0,0,0,223.705816669619,0,111.435629183184,283.248188884028,0,0,0,0,71.5579325720569,0,0,0,0,0,0,192.693757128262,0,0,0,0,247.66948903751,73.4795582048751,0,0,106.128596538706,0,0,0,99.3508940827211,165.597665022977,169.453147353278,0,253.401634605989,111.226326353722
0,0,0,0,0,101.85207633558,236.681907140956,0,0,240.185081663983,0,348.674510760064,0,0,0,0,0,0,0,0,0,329.719143597451,0,138.425725342224,0,0,0,101.895308036513,0,0,0,0,0,154.070293657878,74.4197823064597,0,103.519938150021,110.384905066973,115.114253591495,85.6072705949986,192.135034768848
0,0,0,0,101.85207633558,0,115.871357769661,0,0,0,255.441154257905,0,0,0,0,232.945974238958,0,0,0,0,0,0,0,128.846764897717,136.792307586862,180.90030328818,0,139.792601838991,0,0,0,0,120.567029282014,160.530221557972,195.314816908693,0,220.963068032256,0,146.814226519809,0,314.611698427915
0,0,0,0,236.681907140956,115.871357769661,0,0,0,0,82.4756938751058,153.609372090384,0,106.533627130087,219.078548227669,0,0,0,0,0,0,0,0,116.054372245433,171.230058197369,0,0,0,188.851177466023,0,0,0,0,151.036729364761,259.442917595754,284.529238481835,0,0,0,112.349934713559,0
0,0,0,223.705816669619,0,0,0,0,92.5568465385234,193.659409924573,0,0,0,0,0,0,0,0,0,136.685314494491,0,0,113.144980278377,151.695570509541,0,0,135.667029391615,224.551207449728,186.348837226466,198.964527389285,0,0,188.936291522747,0,133.218162784108,0,143.005810983322,150.161410108805,0,138.33942793804,74.5815074003433
0,0,0,0,0,0,0,92.5568465385234,0,0,0,101.443495235174,0,0,113.059176128709,0,173.059382066957,0,0,106.926813611922,0,0,0,125.416941482916,0,0,0,146.770754374523,101.5853655613,0,0,0,0,158.955087279859,0,0,0,0,213.67670887414,146.99041817625,0
0,0,0,111.435629183184,240.185081663983,0,0,193.659409924573,0,0,0,222.053792850439,0,201.100640800745,280.376028997576,0,0,0,0,0,101.350815329073,94.8881692391942,0,0,137.177378802006,231.715271819474,163.059043292369,148.808626413748,0,112.793316814908,0,0,320.356811100276,0,174.013630695256,0,124.698445421759,70.4221432298295,0,224.523755099568,0
0,0,0,283.248188884028,0,255.441154257905,82.4756938751058,0,0,0,0,0,0,74.7304794244225,0,0,139.654362654449,89.3673883748406,0,0,204.481117647118,0,0,119.728129215699,0,283.88658203332,0,158.567996645797,0,0,0,0,0,153.672550905948,0,178.224497384947,96.7845769653343,0,139.93285932648,208.005106191961,219.430938885781
0,0,0,0,348.674510760064,0,153.609372090384,0,101.443495235174,222.053792850439,0,0,0,0,250.461724766314,114.649126378906,82.6426202489162,0,82.6299537488922,0,0,0,0,108.136066660554,168.241326865882,0,125.994729980093,155.24952173131,0,201.44584889478,0,108.381749703452,190.185165668632,94.126460729827,0,119.345624434514,137.239127032733,0,249.905610015455,153.876396855887,92.5207898118833
0,0,0,0,0,0,0,0,0,0,0,0,0,186.973586461633,0,0,0,0,0,0,0,0,0,0,0,206.912707094411,104.369974912428,0,62.311273509377,0,0,161.302948562323,0,269.936825670274,0,0,0,0,0,0,0
0,0,0,0,0,0,106.533627130087,0,0,201.100640800745,74.7304794244225,0,186.973586461633,0,0,0,0,0,0,0,161.694997919804,0,146.465927798921,178.683678585178,0,0,0,0,0,0,0,0,0,96.5937438588657,184.249961885477,0,241.635434294794,228.075434767255,154.142998692322,115.868441404982,303.527509149359
0,0,0,0,0,0,219.078548227669,0,113.059176128709,280.376028997576,0,250.461724766314,0,0,0,0,0,0,175.196329314064,142.385058730083,0,0,75.4497121078207,0,0,0,202.712457066107,0,61.0664810463559,0,0,0,0,261.605527103798,0,0,215.611029055736,0,0,93.4234866874731,0
0,0,0,71.5579325720569,0,232.945974238958,0,0,0,0,0,114.649126378906,0,0,0,0,0,0,205.183249704085,0,0,98.2230592632363,0,0,0,0,145.74089716123,161.74915061469,0,0,0,0,0,0,137.189596148386,115.541295036174,197.893790332676,0,0,0,325.937289045041
0,0,0,0,0,0,0,0,173.059382066957,0,139.654362654449,82.6426202489162,0,0,0,0,0,0,0,0,0,0,0,0,76.5072790361762,0,151.806152521152,89.1590885155172,0,0,0,0,0,94.7280504127031,140.574866691684,0,205.839960264176,0,0,252.487290983309,0
0,0,0,0,0,0,0,0,0,0,89.3673883748406,0,0,0,0,0,0,0,0,0,78.9559315574845,0,263.534399241887,251.098274723989,125.81518738273,0,0,87.8456058929559,309.997227542691,0,0,0,0,89.9429017381717,0,0,0,0,0,261.440278806413,0
0,0,0,0,0,0,0,0,0,0,0,82.6299537488922,0,0,175.196329314064,205.183249704085,0,0,0,0,0,0,97.5855511246009,114.511014214502,0,173.001559092555,0,180.355266595273,0,0,289.631679007608,0,0,194.442125915551,0,0,124.853650664477,0,0,262.382215657622,178.748963182352
90.1317194604647,0,0,0,0,0,0,136.685314494491,106.926813611922,0,0,0,0,0,142.385058730083,0,0,0,0,0,94.9380989123498,0,0,92.3502314520023,204.084074037941,0,0,0,62.859596780235,0,173.201474590904,193.777661225572,306.344527664232,0,173.538155409849,0,179.718364159796,128.530575464043,141.204637091722,160.537522273714,131.969743415579
0,0,0,0,0,0,0,0,0,101.350815329073,204.481117647118,0,0,161.694997919804,0,0,0,78.9559315574845,0,94.9380989123498,0,0,0,0,0,0,164.032723165762,198.528111506785,165.893015276821,0,0,0,0,181.316358113209,241.682021696872,95.7590805983148,116.176698124939,90.7216186966914,0,0,0
0,226.825099357786,0,0,329.719143597451,0,0,0,0,94.8881692391942,0,0,0,0,0,98.2230592632363,0,0,0,0,0,0,134.566479261133,0,0,101.605593487621,0,0,0,0,0,0,0,0,98.417953423071,0,249.798812580765,0,0,0,0
0,93.5029580098427,300.031143529538,192.693757128262,0,0,0,113.144980278377,0,0,0,0,0,146.465927798921,75.4497121078207,0,0,263.534399241887,97.5855511246009,0,0,134.566479261133,0,0,0,0,0,306.640284138334,71.4788760670054,154.065933476765,0,0,0,0,0,115.332064605654,97.3232815600345,0,0,219.040656038919,0
347.376449530863,0,0,0,138.425725342224,128.846764897717,116.054372245433,151.695570509541,125.416941482916,0,119.728129215699,108.136066660554,0,178.683678585178,0,0,0,251.098274723989,114.511014214502,92.3502314520023,0,0,0,0,0,0,0,220.901129804706,0,0,0,120.912756812582,0,212.592150359921,171.906398392157,0,82.1742780037132,0,0,228.792310020318,161.325017232684
0,0,0,0,0,136.792307586862,171.230058197369,0,0,137.177378802006,0,168.241326865882,0,0,0,0,76.5072790361762,125.81518738273,0,204.084074037941,0,0,0,0,0,94.027247878695,0,0,0,0,0,0,0,0,0,0,0,209.996727521564,0,0,67.8267069095267
112.823430872325,0,0,0,0,180.90030328818,0,0,0,231.715271819474,283.88658203332,0,206.912707094411,0,0,0,0,0,173.001559092555,0,0,101.605593487621,0,0,94.027247878695,0,217.157696745803,153.453047983244,211.840482897052,155.901486485736,218.045528847001,0,0,161.275817184598,162.833808134102,192.601533877686,89.707245288964,0,357.423078228283,345.797434674459,99.2646516363145
321.864157986053,0,84.3635741045246,0,0,0,0,135.667029391615,0,163.059043292369,0,125.994729980093,104.369974912428,0,202.712457066107,145.74089716123,151.806152521152,0,0,0,164.032723165762,0,0,0,0,217.157696745803,0,0,72.2278283150671,0,195.822649557859,0,0,214.116367924649,98.6790043377568,333.645516435298,221.805809452716,276.620869034647,167.066576495979,169.742003380707,0
0,0,97.3506957544063,247.66948903751,101.895308036513,139.792601838991,0,224.551207449728,146.770754374523,148.808626413748,158.567996645797,155.24952173131,0,0,0,161.74915061469,89.1590885155172,87.8456058929559,180.355266595273,0,198.528111506785,0,306.640284138334,220.901129804706,0,153.453047983244,0,0,180.543851962045,0,0,172.892533368851,0,177.763106506206,81.2827395071039,196.032358954952,154.784755881607,205.09013266389,106.33736463831,109.093416850988,206.472608421747
0,100.812745974529,0,73.4795582048751,0,0,188.851177466023,186.348837226466,101.5853655613,0,0,0,62.311273509377,0,61.0664810463559,0,0,309.997227542691,0,62.859596780235,165.893015276821,0,71.4788760670054,0,0,211.840482897052,72.2278283150671,180.543851962045,0,191.519780382943,0,159.183173818572,0,259.055025639447,135.294330067913,193.63278243493,0,58.3493451392805,0,0,117.208001126138
0,0,85.7623170715703,0,0,0,0,198.964527389285,0,112.793316814908,0,201.44584889478,0,0,0,0,0,0,0,0,0,0,154.065933476765,0,0,155.901486485736,0,0,191.519780382943,0,0,128.405764333981,0,0,0,94.7529894315991,338.131802716296,0,0,193.055010680236,0
0,0,0,0,0,0,0,0,0,0,0,0,0,0,0,0,0,0,289.631679007608,173.201474590904,0,0,0,0,0,218.045528847001,195.822649557859,0,0,0,0,0,0,225.013371621378,118.522099274347,0,0,0,0,0,0
0,0,0,106.128596538706,0,0,0,0,0,0,0,108.381749703452,161.302948562323,0,0,0,0,0,0,193.777661225572,0,0,0,120.912756812582,0,0,0,172.892533368851,159.183173818572,128.405764333981,0,0,0,0,81.9664354533492,66.5008477853491,241.57250333243,0,0,0,0
0,0,0,0,0,120.567029282014,0,188.936291522747,0,320.356811100276,0,190.185165668632,0,0,0,0,0,0,0,306.344527664232,0,0,0,0,0,0,0,0,0,0,0,0,0,0,0,0,0,0,0,0,0
0,78.8552325762656,0,0,154.070293657878,160.530221557972,151.036729364761,0,158.955087279859,0,153.672550905948,94.126460729827,269.936825670274,96.5937438588657,261.605527103798,0,94.7280504127031,89.9429017381717,194.442125915551,0,181.316358113209,0,0,212.592150359921,0,161.275817184598,214.116367924649,177.763106506206,259.055025639447,0,225.013371621378,0,0,0,0,157.852515740516,321.124897279917,238.934743274142,200.878319874537,199.492852797962,195.378266313867
0,227.504408813069,0,0,74.4197823064597,195.314816908693,259.442917595754,133.218162784108,0,174.013630695256,0,0,0,184.249961885477,0,137.189596148386,140.574866691684,0,0,173.538155409849,241.682021696872,98.417953423071,0,171.906398392157,0,162.833808134102,98.6790043377568,81.2827395071039,135.294330067913,0,118.522099274347,81.9664354533492,0,0,0,163.945208919892,142.054529471577,231.050882209,323.781250289068,196.04190773555,183.786860782462
80.8080171296381,0,0,99.3508940827211,0,0,284.529238481835,0,0,0,178.224497384947,119.345624434514,0,0,0,115.541295036174,0,0,0,0,95.7590805983148,0,115.332064605654,0,0,192.601533877686,333.645516435298,196.032358954952,193.63278243493,94.7529894315991,0,66.5008477853491,0,157.852515740516,163.945208919892,0,353.822894641502,172.608400267715,0,0,115.194491798135
0,80.4367166559625,151.075371308616,165.597665022977,103.519938150021,220.963068032256,0,143.005810983322,0,124.698445421759,96.7845769653343,137.239127032733,0,241.635434294794,215.611029055736,197.893790332676,205.839960264176,0,124.853650664477,179.718364159796,116.176698124939,249.798812580765,97.3232815600345,82.1742780037132,0,89.707245288964,221.805809452716,154.784755881607,0,338.131802716296,0,241.57250333243,0,321.124897279917,142.054529471577,353.822894641502,0,187.77054666536,0,197.486504603685,122.106946855269
134.960780198024,133.984214699576,0,169.453147353278,110.384905066973,0,0,150.161410108805,0,70.4221432298295,0,0,0,228.075434767255,0,0,0,0,0,128.530575464043,90.7216186966914,0,0,0,209.996727521564,0,276.620869034647,205.09013266389,58.3493451392805,0,0,0,0,238.934743274142,231.050882209,172.608400267715,187.77054666536,0,73.1029054543569,104.915316975638,151.01089327964
0,0,0,0,115.114253591495,146.814226519809,0,0,213.67670887414,0,139.93285932648,249.905610015455,0,154.142998692322,0,0,0,0,0,141.204637091722,0,0,0,0,0,357.423078228283,167.066576495979,106.33736463831,0,0,0,0,0,200.878319874537,323.781250289068,0,0,73.1029054543569,0,242.790381480436,335.371040201042
0,0,0,253.401634605989,85.6072705949986,0,112.349934713559,138.33942793804,146.99041817625,224.523755099568,208.005106191961,153.876396855887,0,115.868441404982,93.4234866874731,0,252.487290983309,261.440278806413,262.382215657622,160.537522273714,0,0,219.040656038919,228.792310020318,0,345.797434674459,169.742003380707,109.093416850988,0,193.055010680236,0,0,0,199.492852797962,196.04190773555,0,197.486504603685,104.915316975638,242.790381480436,0,0
0,0,0,111.226326353722,192.135034768848,314.611698427915,0,74.5815074003433,0,0,219.430938885781,92.5207898118833,0,303.527509149359,0,325.937289045041,0,0,178.748963182352,131.969743415579,0,0,0,161.325017232684,67.8267069095267,99.2646516363145,0,206.472608421747,117.208001126138,0,0,0,0,195.378266313867,183.786860782462,115.194491798135,122.106946855269,151.01089327964,335.371040201042,0,0
