0,0,0,0,0,0,0,0,0,0,0,94.8881692391942,0,0,0,0,0,0,0,0,90.1317194604647,0,0,0,0,0,0,226.825099357786,0,0,0,0,0,0,0,0,101.85207633558,0,82.6299537488922,0,247.66948903751
0,0,0,146.99041817625,0,0,0,0,0,0,0,0,0,0,0,0,106.533627130087,224.551207449728,0,0,160.530221557972,0,0,0,0,283.248188884028,0,0,0,0,0,0,0,0,0,0,195.378266313867,0,0,89.707245288964,0
0,0,0,0,0,0,0,0,0,0,0,201.100640800745,0,0,0,0,0,0,0,0,0,0,0,0,0,0,0,0,0,0,0,0,0,0,209.996727521564,0,158.567996645797,217.157696745803,0,172.892533368851,0
0,146.99041817625,0,0,222.053792850439,193.63278243493,0,0,89.9429017381717,0,180.90030328818,0,0,0,0,0,0,0,0,0,214.116367924649,0,78.8552325762656,0,0,0,153.672550905948,0,259.055025639447,0,0,0,0,0,0,280.376028997576,100.812745974529,0,0,201.44584889478,345.797434674459
0,0,0,222.053792850439,0,188.936291522747,0,225.013371621378,0,0,0,0,0,0,0,325.937289045041,0,0,0,154.065933476765,0,0,146.770754374523,0,0,0,0,0,0,0,0,0,151.036729364761,164.032723165762,249.905610015455,228.792310020318,212.592150359921,70.4221432298295,0,99.3508940827211,168.241326865882
0,0,0,193.63278243493,188.936291522747,0,106.926813611922,0,115.332064605654,249.798812580765,124.853650664477,165.597665022977,0,137.189596148386,0,0,0,0,0,0,0,0,0,0,0,0,0,112.823430872325,0,62.311273509377,0,81.2827395071039,0,0,0,0,154.142998692322,0,150.161410108805,220.901129804706,0
0,0,0,0,0,106.926813611922,0,0,0,0,178.748963182352,250.461724766314,0,0,0,0,101.350815329073,0,71.4788760670054,159.183173818572,0,0,0,0,0,0,314.611698427915,0,0,306.640284138334,0,0,0,0,193.777661225572,74.5815074003433,93.5029580098427,155.24952173131,0,169.453147353278,0
0,0,0,0,225.013371621378,0,0,0,161.302948562323,0,0,0,0,82.1742780037132,151.075371308616,232.945974238958,0,0,0,0,0,0,241.57250333243,103.519938150021,242.790381480436,137.239127032733,347.376449530863,173.059382066957,0,0,0,0,0,253.401634605989,135.667029391615,0,200.878319874537,240.185081663983,0,0,204.481117647118
0,0,0,89.9429017381717,0,115.332064605654,0,161.302948562323,0,154.784755881607,82.6426202489162,0,0,0,0,0,0,0,101.443495235174,0,0,0,0,353.822894641502,0,95.7590805983148,0,0,205.183249704085,0,0,0,0,142.054529471577,0,0,0,97.5855511246009,0,0,0
0,0,0,0,0,249.798812580765,0,0,154.784755881607,0,0,171.906398392157,128.846764897717,0,146.814226519809,0,0,0,184.249961885477,228.075434767255,0,0,0,0,0,142.385058730083,136.792307586862,131.969743415579,138.425725342224,0,0,0,139.93285932648,195.822649557859,137.177378802006,183.786860782462,0,0,338.131802716296,186.348837226466,113.059176128709
0,0,0,180.90030328818,0,124.853650664477,178.748963182352,0,82.6426202489162,0,0,0,0,161.275817184598,0,0,0,0,0,236.681907140956,124.698445421759,0,101.895308036513,161.694997919804,0,195.314816908693,80.4367166559625,0,92.5568465385234,0,0,0,0,128.405764333981,0,0,219.430938885781,0,0,87.8456058929559,178.683678585178
94.8881692391942,0,201.100640800745,0,0,165.597665022977,250.461724766314,0,0,171.906398392157,0,0,0,224.523755099568,0,0,0,303.527509149359,173.538155409849,269.936825670274,153.453047983244,0,89.3673883748406,99.2646516363145,0,0,162.833808134102,289.631679007608,0,306.344527664232,0,163.059043292369,0,141.204637091722,145.74089716123,128.530575464043,67.8267069095267,115.194491798135,0,0,0
0,0,0,0,0,0,0,0,0,128.846764897717,0,0,0,0,0,0,0,0,0,0,0,0,0,0,0,0,94.126460729827,169.742003380707,0,0,0,0,0,0,0,0,61.0664810463559,80.8080171296381,0,0,251.098274723989
0,0,0,0,0,137.189596148386,0,82.1742780037132,0,0,161.275817184598,224.523755099568,0,0,117.208001126138,0,0,0,0,0,0,0,113.144980278377,276.620869034647,0,92.5207898118833,0,220.963068032256,0,151.806152521152,0,0,0,329.719143597451,106.128596538706,0,0,0,0,199.492852797962,134.566479261133
0,0,0,0,0,0,0,151.075371308616,0,146.814226519809,0,0,0,117.208001126138,0,0,0,0,205.09013266389,0,0,0,0,157.852515740516,0,261.440278806413,97.3506957544063,0,78.9559315574845,94.7529894315991,0,0,0,85.7623170715703,283.88658203332,0,161.325017232684,0,0,0,0
0,0,0,0,325.937289045041,0,0,232.945974238958,0,0,0,0,0,0,0,0,0,0,0,136.685314494491,139.654362654449,0,0,0,0,0,0,213.67670887414,114.511014214502,0,0,0,0,0,0,0,227.504408813069,96.7845769653343,211.840482897052,96.5937438588657,167.066576495979
0,106.533627130087,0,0,0,0,101.350815329073,0,0,0,0,0,0,0,0,0,0,0,0,0,0,0,0,0,172.608400267715,0,0,263.534399241887,0,118.522099274347,0,186.973586461633,0,190.185165668632,71.5579325720569,0,0,0,74.4197823064597,94.7280504127031,0
0,224.551207449728,0,0,0,0,0,0,0,0,0,303.527509149359,0,0,0,0,0,0,0,204.084074037941,0,0,0,0,0,116.054372245433,0,90.7216186966914,0,0,0,192.135034768848,0,0,114.649126378906,0,174.013630695256,0,0,321.124897279917,0
0,0,0,0,0,0,71.4788760670054,0,101.443495235174,184.249961885477,0,173.538155409849,0,0,205.09013266389,0,0,0,0,0,0,0,115.868441404982,85.6072705949986,252.487290983309,139.792601838991,0,122.106946855269,0,0,0,0,0,0,0,0,135.294330067913,0,0,115.114253591495,0
0,0,0,0,154.065933476765,0,159.183173818572,0,0,228.075434767255,236.681907140956,269.936825670274,0,0,0,136.685314494491,0,204.084074037941,0,0,0,154.070293657878,0,72.2278283150671,119.728129215699,0,0,219.078548227669,98.417953423071,143.005810983322,0,0,0,231.715271819474,116.176698124939,208.005106191961,0,0,0,206.912707094411,0
90.1317194604647,160.530221557972,0,214.116367924649,0,0,0,0,0,0,124.698445421759,153.453047983244,0,0,0,139.654362654449,0,0,0,0,0,0,0,138.33942793804,0,0,188.851177466023,94.027247878695,0,98.6790043377568,0,0,0,0,155.901486485736,151.01089327964,0,0,0,218.045528847001,0
0,0,0,0,0,0,0,0,0,0,0,0,0,0,0,0,0,0,0,154.070293657878,0,0,0,0,0,94.9380989123498,73.4795582048751,198.528111506785,0,0,0,0,0,196.04190773555,0,333.645516435298,223.705816669619,0,0,0,153.609372090384
0,0,0,78.8552325762656,146.770754374523,0,0,241.57250333243,0,0,101.895308036513,89.3673883748406,0,113.144980278377,0,0,0,0,115.868441404982,0,0,0,0,0,0,171.230058197369,73.1029054543569,0,192.601533877686,0,0,58.3493451392805,0,173.001559092555,161.74915061469,0,0,75.4497121078207,0,133.984214699576,0
0,0,0,0,0,0,0,103.519938150021,353.822894641502,0,161.694997919804,99.2646516363145,0,276.620869034647,157.852515740516,0,0,0,85.6072705949986,72.2278283150671,138.33942793804,0,0,0,0,106.33736463831,0,108.381749703452,0,0,0,76.5072790361762,0,192.693757128262,158.955087279859,133.218162784108,231.050882209,101.605593487621,104.915316975638,0,194.442125915551
0,0,0,0,0,0,0,242.790381480436,0,0,0,0,0,0,0,0,172.608400267715,0,252.487290983309,119.728129215699,0,0,0,0,0,0,0,120.912756812582,259.442917595754,160.537522273714,0,0,0,215.611029055736,0,0,82.4756938751058,0,0,0,262.382215657622
0,283.248188884028,0,0,0,0,0,137.239127032733,95.7590805983148,142.385058730083,195.314816908693,0,0,92.5207898118833,261.440278806413,0,0,116.054372245433,139.792601838991,0,0,94.9380989123498,171.230058197369,106.33736463831,0,0,255.441154257905,0,110.384905066973,0,0,0,0,0,0,89.1590885155172,179.718364159796,348.674510760064,178.224497384947,153.876396855887,175.196329314064
0,0,0,153.672550905948,0,0,314.611698427915,347.376449530863,0,136.792307586862,80.4367166559625,162.833808134102,94.126460729827,0,97.3506957544063,0,0,0,0,0,188.851177466023,73.4795582048751,73.1029054543569,0,0,255.441154257905,0,115.541295036174,181.316358113209,0,0,0,0,111.435629183184,74.7304794244225,323.781250289068,357.423078228283,0,93.4234866874731,191.519780382943,0
226.825099357786,0,0,0,0,112.823430872325,0,173.059382066957,0,131.969743415579,0,289.631679007608,169.742003380707,220.963068032256,0,213.67670887414,263.534399241887,90.7216186966914,122.106946855269,219.078548227669,94.027247878695,198.528111506785,0,108.381749703452,120.912756812582,0,115.541295036174,0,241.682021696872,0,205.839960264176,111.226326353722,0,320.356811100276,101.5853655613,92.3502314520023,81.9664354533492,125.994729980093,173.201474590904,0,238.934743274142
0,0,0,259.055025639447,0,0,0,0,205.183249704085,138.425725342224,92.5568465385234,0,0,0,78.9559315574845,114.511014214502,0,0,0,98.417953423071,0,0,192.601533877686,0,259.442917595754,110.384905066973,181.316358113209,241.682021696872,0,148.808626413748,0,66.5008477853491,0,119.345624434514,109.093416850988,196.032358954952,112.793316814908,0,163.945208919892,108.136066660554,193.659409924573
0,0,0,0,0,62.311273509377,306.640284138334,0,0,0,0,306.344527664232,0,151.806152521152,94.7529894315991,0,118.522099274347,0,0,143.005810983322,98.6790043377568,0,0,0,160.537522273714,0,0,0,148.808626413748,0,0,0,0,0,0,0,0,221.805809452716,0,0,0
0,0,0,0,0,0,0,0,0,0,0,0,0,0,0,0,0,0,0,0,0,0,0,0,0,0,0,205.839960264176,0,0,0,0,0,241.635434294794,261.605527103798,0,193.055010680236,219.040656038919,0,0,300.031143529538
0,0,0,0,0,81.2827395071039,0,0,0,0,0,163.059043292369,0,0,0,0,186.973586461633,192.135034768848,0,0,0,0,58.3493451392805,76.5072790361762,0,0,0,111.226326353722,66.5008477853491,0,0,0,202.712457066107,177.763106506206,0,0,140.574866691684,0,0,0,0
0,0,0,0,151.036729364761,0,0,0,0,139.93285932648,0,0,0,0,0,0,0,0,0,0,0,0,0,0,0,0,0,0,0,0,0,202.712457066107,0,0,187.77054666536,0,165.893015276821,0,0,0,0
0,0,0,0,164.032723165762,0,0,253.401634605989,142.054529471577,195.822649557859,128.405764333981,141.204637091722,0,329.719143597451,85.7623170715703,0,190.185165668632,0,0,231.715271819474,0,196.04190773555,173.001559092555,192.693757128262,215.611029055736,0,111.435629183184,320.356811100276,119.345624434514,0,241.635434294794,177.763106506206,0,0,146.465927798921,125.81518738273,284.529238481835,180.355266595273,151.695570509541,125.416941482916,309.997227542691
0,0,209.996727521564,0,249.905610015455,0,193.777661225572,135.667029391615,0,137.177378802006,0,145.74089716123,0,106.128596538706,283.88658203332,0,71.5579325720569,114.649126378906,0,116.176698124939,155.901486485736,0,161.74915061469,158.955087279859,0,0,74.7304794244225,101.5853655613,109.093416850988,0,261.605527103798,0,187.77054666536,146.465927798921,0,120.567029282014,206.472608421747,84.3635741045246,0,97.3232815600345,112.349934713559
0,0,0,280.376028997576,228.792310020318,0,74.5815074003433,0,0,183.786860782462,0,128.530575464043,0,0,0,0,0,0,0,208.005106191961,151.01089327964,333.645516435298,0,133.218162784108,0,89.1590885155172,323.781250289068,92.3502314520023,196.032358954952,0,0,0,0,125.81518738273,120.567029282014,0,98.2230592632363,115.871357769661,180.543851962045,134.960780198024,0
101.85207633558,195.378266313867,158.567996645797,100.812745974529,212.592150359921,154.142998692322,93.5029580098427,200.878319874537,0,0,219.430938885781,67.8267069095267,61.0664810463559,0,161.325017232684,227.504408813069,0,174.013630695256,135.294330067913,0,0,223.705816669619,0,231.050882209,82.4756938751058,179.718364159796,357.423078228283,81.9664354533492,112.793316814908,0,193.055010680236,140.574866691684,165.893015276821,284.529238481835,206.472608421747,98.2230592632363,0,197.486504603685,0,104.369974912428,0
0,0,217.157696745803,0,70.4221432298295,0,155.24952173131,240.185081663983,97.5855511246009,0,0,115.194491798135,80.8080171296381,0,0,96.7845769653343,0,0,0,0,0,0,75.4497121078207,101.605593487621,0,348.674510760064,0,125.994729980093,0,221.805809452716,219.040656038919,0,0,180.355266595273,84.3635741045246,115.871357769661,197.486504603685,0,62.859596780235,0,197.893790332676
82.6299537488922,0,0,0,0,150.161410108805,0,0,0,338.131802716296,0,0,0,0,0,211.840482897052,74.4197823064597,0,0,0,0,0,0,104.915316975638,0,178.224497384947,93.4234866874731,173.201474590904,163.945208919892,0,0,0,0,151.695570509541,0,180.543851962045,0,62.859596780235,0,321.864157986053,335.371040201042
0,89.707245288964,172.892533368851,201.44584889478,99.3508940827211,220.901129804706,169.453147353278,0,0,186.348837226466,87.8456058929559,0,0,199.492852797962,0,96.5937438588657,94.7280504127031,321.124897279917,115.114253591495,206.912707094411,218.045528847001,0,133.984214699576,0,0,153.876396855887,191.519780382943,0,108.136066660554,0,0,0,0,125.416941482916,97.3232815600345,134.960780198024,104.369974912428,0,321.864157986053,0,198.964527389285
247.66948903751,0,0,345.797434674459,168.241326865882,0,0,204.481117647118,0,113.059176128709,178.683678585178,0,251.098274723989,134.566479261133,0,167.066576495979,0,0,0,0,0,153.609372090384,0,194.442125915551,262.382215657622,175.196329314064,0,238.934743274142,193.659409924573,0,300.031143529538,0,0,309.997227542691,112.349934713559,0,0,197.893790332676,335.371040201042,198.964527389285,0
