0,0,0,0,0,0,0,0,0,0,0,314.611698427915,0,0,0,0,0,0,0,0,0,0,0,0,0,0,0,0,0,81.9664354533492,0,0,0,183.786860782462,0,0,224.523755099568,154.142998692322,0,200.878319874537,0
0,0,0,0,0,0,0,139.654362654449,0,0,0,112.793316814908,0,0,0,0,0,0,0,0,0,0,0,0,0,187.77054666536,0,0,201.44584889478,0,0,188.851177466023,0,0,94.8881692391942,0,90.1317194604647,0,0,0,0
0,0,0,0,217.157696745803,0,0,0,0,0,0,0,0,85.7623170715703,0,0,0,0,0,0,228.075434767255,0,0,137.189596148386,0,0,0,0,0,0,0,0,0,0,0,0,0,163.059043292369,0,0,0
0,0,0,0,0,0,0,329.719143597451,269.936825670274,0,0,0,0,0,81.2827395071039,196.032358954952,0,178.748963182352,98.6790043377568,0,0,0,0,0,0,0,174.013630695256,0,94.7280504127031,80.8080171296381,0,0,0,0,74.4197823064597,0,241.682021696872,0,0,323.781250289068,357.423078228283
0,0,217.157696745803,0,0,158.955087279859,0,0,0,138.33942793804,252.487290983309,119.728129215699,0,333.645516435298,0,0,0,0,0,186.973586461633,0,0,111.226326353722,284.529238481835,0,0,137.239127032733,0,115.871357769661,0,0,0,0,73.1029054543569,0,0,92.5207898118833,0,0,137.177378802006,0
0,0,0,0,158.955087279859,0,0,0,0,135.667029391615,0,0,0,0,97.3232815600345,0,0,0,0,204.084074037941,0,0,0,0,62.311273509377,247.66948903751,0,0,224.551207449728,0,0,0,101.350815329073,143.005810983322,96.7845769653343,232.945974238958,106.533627130087,161.694997919804,0,153.876396855887,0
0,0,0,0,0,0,0,196.04190773555,0,0,0,261.605527103798,0,0,0,179.718364159796,0,0,0,108.381749703452,0,0,0,241.57250333243,0,165.893015276821,197.893790332676,283.88658203332,321.124897279917,0,0,0,0,167.066576495979,134.566479261133,0,0,0,0,157.852515740516,87.8456058929559
0,139.654362654449,0,329.719143597451,0,0,196.04190773555,0,0,165.597665022977,94.7529894315991,82.4756938751058,0,0,89.707245288964,0,0,0,139.792601838991,0,0,151.806152521152,0,249.798812580765,0,177.763106506206,0,173.059382066957,0,0,0,0,0,218.045528847001,0,0,61.0664810463559,0,0,115.332064605654,109.093416850988
0,0,0,269.936825670274,0,0,0,0,0,0,0,0,0,0,0,0,0,0,0,0,173.001559092555,0,0,0,93.5029580098427,198.528111506785,146.770754374523,0,159.183173818572,0,0,0,0,128.530575464043,173.201474590904,0,160.530221557972,0,0,280.376028997576,97.5855511246009
0,0,0,0,138.33942793804,135.667029391615,0,165.597665022977,0,0,0,0,193.777661225572,0,192.135034768848,0,0,106.128596538706,169.742003380707,345.797434674459,0,186.348837226466,353.822894641502,0,0,0,0,161.302948562323,0,0,0,101.443495235174,0,253.401634605989,0,0,82.1742780037132,112.349934713559,348.674510760064,172.608400267715,193.659409924573
0,0,0,0,252.487290983309,0,0,94.7529894315991,0,0,0,164.032723165762,0,0,0,0,95.7590805983148,0,0,0,240.185081663983,0,151.695570509541,0,0,249.905610015455,222.053792850439,169.453147353278,160.537522273714,0,0,0,0,0,124.853650664477,74.7304794244225,0,110.384905066973,238.934743274142,146.465927798921,191.519780382943
314.611698427915,112.793316814908,0,0,119.728129215699,0,261.605527103798,82.4756938751058,0,0,164.032723165762,0,0,153.672550905948,0,0,0,0,0,0,104.369974912428,0,0,72.2278283150671,140.574866691684,0,0,122.106946855269,201.100640800745,154.784755881607,0,0,0,154.070293657878,163.945208919892,225.013371621378,306.344527664232,325.937289045041,321.864157986053,283.248188884028,125.81518738273
0,0,0,0,0,0,0,0,0,193.777661225572,0,0,0,0,0,0,0,0,0,0,0,0,0,0,0,0,178.683678585178,85.6072705949986,118.522099274347,0,0,0,0,0,148.808626413748,0,0,0,0,0,131.969743415579
0,0,85.7623170715703,0,333.645516435298,0,0,0,0,0,0,153.672550905948,0,0,0,0,0,0,0,0,0,0,108.136066660554,82.6299537488922,0,194.442125915551,335.371040201042,92.3502314520023,151.01089327964,0,0,0,0,0,259.055025639447,141.204637091722,113.144980278377,120.912756812582,124.698445421759,0,0
0,0,0,81.2827395071039,0,97.3232815600345,0,89.707245288964,0,192.135034768848,0,0,0,0,0,0,0,78.9559315574845,0,0,0,0,0,0,0,0,80.4367166559625,241.635434294794,0,0,0,0,0,133.218162784108,212.592150359921,145.74089716123,306.640284138334,0,255.441154257905,0,0
0,0,0,196.032358954952,0,0,179.718364159796,0,0,0,0,0,0,0,0,0,0,0,0,171.230058197369,0,0,0,214.116367924649,0,0,0,0,0,154.065933476765,106.926813611922,0,0,0,115.868441404982,219.430938885781,0,0,197.486504603685,120.567029282014,206.472608421747
0,0,0,0,0,0,0,0,0,0,95.7590805983148,0,0,0,0,0,0,0,155.24952173131,0,168.241326865882,0,0,0,0,96.5937438588657,0,198.964527389285,0,0,0,0,0,133.984214699576,0,242.790381480436,0,220.901129804706,134.960780198024,146.814226519809,0
0,0,0,178.748963182352,0,0,0,0,0,106.128596538706,0,0,0,0,78.9559315574845,0,0,0,0,0,0,0,0,0,0,153.453047983244,0,205.09013266389,0,0,0,0,0,231.715271819474,161.325017232684,0,276.620869034647,0,0,0,188.936291522747
0,0,0,98.6790043377568,0,0,0,139.792601838991,0,169.742003380707,0,0,0,0,0,0,155.24952173131,0,0,0,0,0,0,0,0,158.567996645797,192.601533877686,135.294330067913,0,0,0,0,0,142.385058730083,0,220.963068032256,193.63278243493,0,227.504408813069,0,138.425725342224
0,0,0,0,186.973586461633,204.084074037941,108.381749703452,0,0,345.797434674459,0,0,0,0,0,171.230058197369,0,0,0,0,128.405764333981,0,228.792310020318,0,0,0,62.859596780235,104.915316975638,136.685314494491,0,0,0,0,202.712457066107,219.078548227669,190.185165668632,208.005106191961,162.833808134102,0,195.314816908693,211.840482897052
0,0,228.075434767255,0,0,0,0,0,173.001559092555,0,240.185081663983,104.369974912428,0,0,0,0,168.241326865882,0,0,128.405764333981,0,219.040656038919,0,181.316358113209,0,101.895308036513,0,180.90030328818,101.85207633558,0,136.792307586862,0,0,0,0,0,178.224497384947,0,0,0,0
0,0,0,0,0,0,0,151.806152521152,0,186.348837226466,0,0,0,0,0,0,0,0,0,0,219.040656038919,0,0,142.054529471577,0,0,0,119.345624434514,0,0,0,151.036729364761,0,338.131802716296,125.416941482916,0,0,0,0,0,0
0,0,0,0,111.226326353722,0,0,0,0,353.822894641502,151.695570509541,0,0,108.136066660554,0,0,0,0,0,228.792310020318,0,0,0,75.4497121078207,213.67670887414,0,115.194491798135,0,0,0,0,0,82.6426202489162,250.461724766314,128.846764897717,0,173.538155409849,103.519938150021,0,76.5072790361762,73.4795582048751
0,0,137.189596148386,0,284.529238481835,0,241.57250333243,249.798812580765,0,0,0,72.2278283150671,0,82.6299537488922,0,214.116367924649,0,0,0,0,181.316358113209,142.054529471577,75.4497121078207,0,184.249961885477,0,204.481117647118,70.4221432298295,0,192.693757128262,0,0,0,0,236.681907140956,0,115.114253591495,93.4234866874731,101.5853655613,101.605593487621,0
0,0,0,0,0,62.311273509377,0,0,93.5029580098427,0,0,140.574866691684,0,0,0,0,0,0,0,0,0,0,213.67670887414,184.249961885477,0,0,0,0,172.892533368851,151.075371308616,94.027247878695,0,0,175.196329314064,0,0,0,0,0,0,100.812745974529
0,187.77054666536,0,0,0,247.66948903751,165.893015276821,177.763106506206,198.528111506785,0,249.905610015455,0,0,194.442125915551,0,0,96.5937438588657,153.453047983244,158.567996645797,0,101.895308036513,0,0,0,0,0,0,139.93285932648,0,221.805809452716,84.3635741045246,195.822649557859,0,125.994729980093,98.2230592632363,66.5008477853491,112.823430872325,0,0,180.543851962045,0
0,0,0,174.013630695256,137.239127032733,0,197.893790332676,0,146.770754374523,0,222.053792850439,0,178.683678585178,335.371040201042,80.4367166559625,0,0,0,192.601533877686,62.859596780235,0,0,115.194491798135,204.481117647118,0,0,0,231.050882209,347.376449530863,0,0,261.440278806413,0,114.511014214502,223.705816669619,0,209.996727521564,0,106.33736463831,309.997227542691,0
0,0,0,0,0,0,283.88658203332,173.059382066957,0,161.302948562323,169.453147353278,122.106946855269,85.6072705949986,92.3502314520023,241.635434294794,0,198.964527389285,205.09013266389,135.294330067913,104.915316975638,180.90030328818,119.345624434514,0,70.4221432298295,0,139.93285932648,231.050882209,0,0,150.161410108805,0,215.611029055736,289.631679007608,113.059176128709,303.527509149359,263.534399241887,94.126460729827,94.9380989123498,0,116.054372245433,89.9429017381717
0,201.44584889478,0,94.7280504127031,115.871357769661,224.551207449728,321.124897279917,0,159.183173818572,0,160.537522273714,201.100640800745,118.522099274347,151.01089327964,0,0,0,0,0,136.685314494491,101.85207633558,0,0,0,172.892533368851,0,347.376449530863,0,0,0,0,74.5815074003433,0,90.7216186966914,114.649126378906,92.5568465385234,98.417953423071,320.356811100276,0,99.2646516363145,0
81.9664354533492,0,0,80.8080171296381,0,0,0,0,0,0,0,154.784755881607,0,0,0,154.065933476765,0,0,0,0,0,0,0,192.693757128262,151.075371308616,221.805809452716,0,150.161410108805,0,0,0,0,0,226.825099357786,0,0,259.442917595754,0,71.4788760670054,0,0
0,0,0,0,0,0,0,0,0,0,0,0,0,0,0,106.926813611922,0,0,0,0,136.792307586862,0,0,0,94.027247878695,84.3635741045246,0,0,0,0,0,0,0,262.382215657622,0,0,180.355266595273,0,0,0,0
0,188.851177466023,0,0,0,0,0,0,0,101.443495235174,0,0,0,0,0,0,0,0,0,0,0,151.036729364761,0,0,0,195.822649557859,261.440278806413,215.611029055736,74.5815074003433,0,0,0,0,0,0,78.8552325762656,0,58.3493451392805,0,71.5579325720569,116.176698124939
0,0,0,0,0,101.350815329073,0,0,0,0,0,0,0,0,0,0,0,0,0,0,0,0,82.6426202489162,0,0,0,0,289.631679007608,0,0,0,0,0,0,0,153.609372090384,115.541295036174,0,0,0,0
183.786860782462,0,0,0,73.1029054543569,143.005810983322,167.066576495979,218.045528847001,128.530575464043,253.401634605989,0,154.070293657878,0,0,133.218162784108,0,133.984214699576,231.715271819474,142.385058730083,202.712457066107,0,338.131802716296,250.461724766314,0,175.196329314064,125.994729980093,114.511014214502,113.059176128709,90.7216186966914,226.825099357786,262.382215657622,0,0,0,0,251.098274723989,206.912707094411,89.3673883748406,205.183249704085,0,0
0,94.8881692391942,0,74.4197823064597,0,96.7845769653343,134.566479261133,0,173.201474590904,0,124.853650664477,163.945208919892,148.808626413748,259.055025639447,212.592150359921,115.868441404982,0,161.325017232684,0,219.078548227669,0,125.416941482916,128.846764897717,236.681907140956,0,98.2230592632363,223.705816669619,303.527509149359,114.649126378906,0,0,0,0,0,0,300.031143529538,89.1590885155172,0,99.3508940827211,171.906398392157,117.208001126138
0,0,0,0,0,232.945974238958,0,0,0,0,74.7304794244225,225.013371621378,0,141.204637091722,145.74089716123,219.430938885781,242.790381480436,0,220.963068032256,190.185165668632,0,0,0,0,0,66.5008477853491,0,263.534399241887,92.5568465385234,0,0,78.8552325762656,153.609372090384,251.098274723989,300.031143529538,0,195.378266313867,111.435629183184,0,67.8267069095267,0
224.523755099568,90.1317194604647,0,241.682021696872,92.5207898118833,106.533627130087,0,61.0664810463559,160.530221557972,82.1742780037132,0,306.344527664232,0,113.144980278377,306.640284138334,0,0,276.620869034647,193.63278243493,208.005106191961,178.224497384947,0,173.538155409849,115.114253591495,0,112.823430872325,209.996727521564,94.126460729827,98.417953423071,259.442917595754,180.355266595273,0,115.541295036174,206.912707094411,89.1590885155172,195.378266313867,0,97.3506957544063,0,161.275817184598,146.99041817625
154.142998692322,0,163.059043292369,0,0,161.694997919804,0,0,0,112.349934713559,110.384905066973,325.937289045041,0,120.912756812582,0,0,220.901129804706,0,0,162.833808134102,0,0,103.519938150021,93.4234866874731,0,0,0,94.9380989123498,320.356811100276,0,0,58.3493451392805,0,89.3673883748406,0,111.435629183184,97.3506957544063,0,199.492852797962,193.055010680236,205.839960264176
0,0,0,0,0,0,0,0,0,348.674510760064,238.934743274142,321.864157986053,0,124.698445421759,255.441154257905,197.486504603685,134.960780198024,0,227.504408813069,0,0,0,0,101.5853655613,0,0,106.33736463831,0,0,71.4788760670054,0,0,0,205.183249704085,99.3508940827211,0,0,199.492852797962,0,0,155.901486485736
200.878319874537,0,0,323.781250289068,137.177378802006,153.876396855887,157.852515740516,115.332064605654,280.376028997576,172.608400267715,146.465927798921,283.248188884028,0,0,0,120.567029282014,146.814226519809,0,0,195.314816908693,0,0,76.5072790361762,101.605593487621,0,180.543851962045,309.997227542691,116.054372245433,99.2646516363145,0,0,71.5579325720569,0,0,171.906398392157,67.8267069095267,161.275817184598,193.055010680236,0,0,161.74915061469
0,0,0,357.423078228283,0,0,87.8456058929559,109.093416850988,97.5855511246009,193.659409924573,191.519780382943,125.81518738273,131.969743415579,0,0,206.472608421747,0,188.936291522747,138.425725342224,211.840482897052,0,0,73.4795582048751,0,100.812745974529,0,0,89.9429017381717,0,0,0,116.176698124939,0,0,117.208001126138,0,146.99041817625,205.839960264176,155.901486485736,161.74915061469,0
