0,0,0,0,0,0,0,0,0,0,0,0,0,0,0,0,0,0,180.355266595273,0,0,0,62.859596780235,0,0,0,0,0,0,163.059043292369,0,169.742003380707,0,174.013630695256,0,0,85.7623170715703,0,0,0,0
0,0,0,0,0,0,0,0,81.2827395071039,242.790381480436,205.183249704085,0,0,0,0,0,320.356811100276,0,0,226.825099357786,0,0,0,0,0,218.045528847001,0,0,0,0,0,0,0,0,173.538155409849,0,0,0,0,0,0
0,0,0,0,0,90.7216186966914,0,0,0,0,0,0,0,0,0,0,0,0,0,0,71.4788760670054,0,0,0,0,0,112.349934713559,0,0,0,0,0,0,0,0,0,160.530221557972,0,61.0664810463559,0,0
0,0,0,0,0,161.302948562323,0,0,128.405764333981,0,186.348837226466,0,0,204.084074037941,0,0,0,0,0,247.66948903751,0,0,0,283.88658203332,0,0,0,325.937289045041,213.67670887414,0,0,0,0,0,193.63278243493,0,140.574866691684,284.529238481835,0,97.3232815600345,154.065933476765
0,0,0,0,0,92.3502314520023,309.997227542691,0,0,0,76.5072790361762,0,66.5008477853491,0,134.566479261133,0,0,0,205.09013266389,0,0,0,0,115.194491798135,0,0,143.005810983322,0,236.681907140956,0,0,99.2646516363145,0,193.777661225572,0,0,225.013371621378,0,158.955087279859,199.492852797962,0
0,0,90.7216186966914,161.302948562323,92.3502314520023,0,0,158.567996645797,0,0,0,223.705816669619,0,0,0,0,0,0,0,208.005106191961,0,0,0,0,184.249961885477,0,0,119.345624434514,0,196.04190773555,0,0,0,146.770754374523,329.719143597451,180.543851962045,306.640284138334,0,0,110.384905066973,0
0,0,0,0,309.997227542691,0,0,151.036729364761,0,0,0,115.332064605654,0,0,0,0,161.275817184598,0,0,0,0,0,151.075371308616,219.040656038919,0,0,0,206.472608421747,0,0,0,0,0,0,165.893015276821,251.098274723989,269.936825670274,109.093416850988,0,89.707245288964,94.8881692391942
0,0,0,0,0,158.567996645797,151.036729364761,0,0,0,196.032358954952,188.851177466023,0,214.116367924649,111.435629183184,0,0,0,141.204637091722,84.3635741045246,0,0,0,117.208001126138,0,114.649126378906,0,220.963068032256,0,0,115.868441404982,0,0,0,106.33736463831,0,74.5815074003433,191.519780382943,0,0,116.176698124939
0,81.2827395071039,0,128.405764333981,0,0,0,0,0,94.9380989123498,0,0,280.376028997576,0,0,0,0,71.5579325720569,0,0,0,0,0,0,0,0,241.57250333243,151.01089327964,0,0,0,0,0,135.294330067913,0,96.5937438588657,146.465927798921,0,0,0,78.8552325762656
0,242.790381480436,0,0,0,0,0,0,94.9380989123498,0,178.748963182352,249.905610015455,0,94.126460729827,155.24952173131,153.672550905948,0,222.053792850439,92.5207898118833,0,0,0,139.792601838991,0,205.839960264176,206.912707094411,104.915316975638,115.541295036174,188.936291522747,0,0,0,0,124.853650664477,0,0,259.442917595754,125.81518738273,0,0,0
0,205.183249704085,0,186.348837226466,76.5072790361762,0,0,196.032358954952,0,178.748963182352,0,0,0,0,0,173.001559092555,0,0,0,353.822894641502,0,0,0,0,263.534399241887,0,153.453047983244,96.7845769653343,283.248188884028,146.99041817625,0,0,0,192.693757128262,0,0,0,300.031143529538,97.5855511246009,195.378266313867,0
0,0,0,0,0,223.705816669619,115.332064605654,188.851177466023,0,249.905610015455,0,0,0,165.597665022977,0,0,0,0,192.601533877686,179.718364159796,0,70.4221432298295,192.135034768848,139.654362654449,167.066576495979,0,114.511014214502,190.185165668632,314.611698427915,173.059382066957,0,0,0,241.635434294794,198.964527389285,0,338.131802716296,197.486504603685,0,94.7280504127031,80.8080171296381
0,0,0,0,66.5008477853491,0,0,0,280.376028997576,0,0,0,0,0,0,0,0,0,0,74.4197823064597,0,101.85207633558,0,0,0,119.728129215699,0,0,231.050882209,0,0,0,0,0,0,0,0,0,0,0,0
0,0,0,204.084074037941,0,0,0,214.116367924649,0,94.126460729827,0,165.597665022977,0,0,142.385058730083,0,0,0,0,0,0,67.8267069095267,306.344527664232,0,0,178.224497384947,0,249.798812580765,0,0,0,0,0,195.822649557859,0,0,101.443495235174,0,90.1317194604647,125.994729980093,142.054529471577
0,0,0,0,134.566479261133,0,0,111.435629183184,0,155.24952173131,0,0,0,142.385058730083,0,0,0,0,0,0,168.241326865882,0,0,150.161410108805,0,0,0,89.9429017381717,0,202.712457066107,0,116.054372245433,0,104.369974912428,0,345.797434674459,0,0,0,137.189596148386,0
0,0,0,0,0,0,0,0,0,153.672550905948,173.001559092555,0,0,0,0,0,0,0,0,0,0,0,0,97.3506957544063,0,0,193.659409924573,221.805809452716,250.461724766314,181.316358113209,0,0,228.792310020318,62.311273509377,193.055010680236,108.136066660554,0,0,0,0,0
0,320.356811100276,0,0,0,0,161.275817184598,0,0,0,0,0,0,0,0,0,0,0,0,0,0,0,0,0,146.814226519809,0,0,197.893790332676,0,0,0,0,0,82.4756938751058,173.201474590904,0,186.973586461633,125.416941482916,0,106.533627130087,151.806152521152
0,0,0,0,0,0,0,0,71.5579325720569,222.053792850439,0,0,0,0,0,0,0,0,112.823430872325,0,0,0,0,0,0,0,209.996727521564,0,255.441154257905,0,0,0,0,171.906398392157,137.239127032733,0,154.784755881607,0,0,0,347.376449530863
180.355266595273,0,0,0,205.09013266389,0,0,141.204637091722,0,92.5207898118833,0,192.601533877686,0,0,0,0,0,112.823430872325,0,113.144980278377,0,0,0,0,0,0,0,0,0,0,0,161.694997919804,0,136.685314494491,161.74915061469,0,0,0,0,145.74089716123,92.5568465385234
0,226.825099357786,0,247.66948903751,0,208.005106191961,0,84.3635741045246,0,0,353.822894641502,179.718364159796,74.4197823064597,0,0,0,0,0,113.144980278377,0,348.674510760064,0,0,228.075434767255,0,259.055025639447,0,232.945974238958,212.592150359921,0,0,0,0,82.6426202489162,0,0,289.631679007608,0,224.551207449728,131.969743415579,0
0,0,71.4788760670054,0,0,0,0,0,0,0,0,0,0,0,168.241326865882,0,0,0,0,348.674510760064,0,0,0,0,0,0,183.786860782462,240.185081663983,157.852515740516,0,0,0,0,195.314816908693,253.401634605989,108.381749703452,0,73.1029054543569,211.840482897052,133.984214699576,98.2230592632363
0,0,0,0,0,0,0,0,0,0,0,70.4221432298295,101.85207633558,67.8267069095267,0,0,0,0,0,0,0,0,0,0,0,93.5029580098427,303.527509149359,0,0,0,0,124.698445421759,0,231.715271819474,74.7304794244225,0,0,0,0,0,0
62.859596780235,0,0,0,0,0,151.075371308616,0,0,139.792601838991,0,192.135034768848,0,306.344527664232,0,0,0,0,0,0,0,0,0,0,0,163.945208919892,0,227.504408813069,135.667029391615,0,261.440278806413,0,0,0,217.157696745803,134.960780198024,0,357.423078228283,133.218162784108,111.226326353722,238.934743274142
0,0,0,283.88658203332,115.194491798135,0,219.040656038919,117.208001126138,0,0,0,139.654362654449,0,0,150.161410108805,97.3506957544063,0,0,0,228.075434767255,0,0,0,0,0,321.124897279917,172.892533368851,118.522099274347,262.382215657622,0,0,112.793316814908,0,161.325017232684,0,89.3673883748406,153.609372090384,136.792307586862,100.812745974529,98.6790043377568,0
0,0,0,0,0,184.249961885477,0,0,0,205.839960264176,263.534399241887,167.066576495979,0,0,0,0,146.814226519809,0,0,0,0,0,0,0,0,0,0,0,0,0,0,0,0,0,204.481117647118,89.1590885155172,276.620869034647,160.537522273714,0,172.608400267715,0
0,218.045528847001,0,0,0,0,0,114.649126378906,0,206.912707094411,0,0,119.728129215699,178.224497384947,0,0,0,0,0,259.055025639447,0,93.5029580098427,163.945208919892,321.124897279917,0,0,99.3508940827211,113.059176128709,0,219.430938885781,0,0,0,151.695570509541,101.350815329073,101.605593487621,224.523755099568,194.442125915551,82.6299537488922,321.864157986053,148.808626413748
0,0,112.349934713559,0,143.005810983322,0,0,0,241.57250333243,104.915316975638,153.453047983244,114.511014214502,0,0,0,193.659409924573,0,209.996727521564,0,0,183.786860782462,303.527509149359,0,172.892533368851,0,99.3508940827211,0,98.417953423071,219.078548227669,0,0,0,164.032723165762,0,323.781250289068,0,106.926813611922,73.4795582048751,220.901129804706,0,103.519938150021
0,0,0,325.937289045041,0,119.345624434514,206.472608421747,220.963068032256,151.01089327964,115.541295036174,96.7845769653343,190.185165668632,0,249.798812580765,89.9429017381717,221.805809452716,197.893790332676,0,0,232.945974238958,240.185081663983,0,227.504408813069,118.522099274347,0,113.059176128709,98.417953423071,0,0,178.683678585178,0,0,0,128.530575464043,82.1742780037132,115.114253591495,93.4234866874731,159.183173818572,87.8456058929559,94.027247878695,171.230058197369
0,0,0,213.67670887414,236.681907140956,0,0,0,0,188.936291522747,283.248188884028,314.611698427915,231.050882209,0,0,250.461724766314,0,255.441154257905,0,212.592150359921,157.852515740516,0,135.667029391615,262.382215657622,0,0,219.078548227669,0,0,81.9664354533492,155.901486485736,0,101.895308036513,154.142998692322,169.453147353278,0,94.7529894315991,80.4367166559625,106.128596538706,0,0
163.059043292369,0,0,0,0,196.04190773555,0,0,0,0,146.99041817625,173.059382066957,0,0,202.712457066107,181.316358113209,0,0,0,0,0,0,0,0,0,219.430938885781,0,178.683678585178,81.9664354533492,0,0,0,0,0,0,0,78.9559315574845,0,0,261.605527103798,0
0,0,0,0,0,0,0,115.868441404982,0,0,0,0,0,0,0,0,0,0,0,0,0,0,261.440278806413,0,0,0,0,0,155.901486485736,0,0,0,0,0,0,175.196329314064,241.682021696872,187.77054666536,0,0,0
169.742003380707,0,0,0,99.2646516363145,0,0,0,0,0,0,0,0,0,116.054372245433,0,0,0,161.694997919804,0,0,124.698445421759,0,112.793316814908,0,0,0,0,0,0,0,0,0,0,0,128.846764897717,154.070293657878,0,58.3493451392805,120.567029282014,162.833808134102
0,0,0,0,0,0,0,0,0,0,0,0,0,0,0,228.792310020318,0,0,0,0,0,0,0,0,0,0,164.032723165762,0,101.895308036513,0,0,0,0,0,0,0,122.106946855269,0,0,198.528111506785,0
174.013630695256,0,0,0,193.777661225572,146.770754374523,0,0,135.294330067913,124.853650664477,192.693757128262,241.635434294794,0,195.822649557859,104.369974912428,62.311273509377,82.4756938751058,171.906398392157,136.685314494491,82.6426202489162,195.314816908693,231.715271819474,0,161.325017232684,0,151.695570509541,0,128.530575464043,154.142998692322,0,0,0,0,0,115.871357769661,200.878319874537,85.6072705949986,0,333.645516435298,180.90030328818,101.5853655613
0,173.538155409849,0,193.63278243493,0,329.719143597451,165.893015276821,106.33736463831,0,0,0,198.964527389285,0,0,0,193.055010680236,173.201474590904,137.239127032733,161.74915061469,0,253.401634605989,74.7304794244225,217.157696745803,0,204.481117647118,101.350815329073,323.781250289068,82.1742780037132,169.453147353278,0,0,0,0,115.871357769661,0,201.44584889478,120.912756812582,153.876396855887,252.487290983309,95.7590805983148,72.2278283150671
0,0,0,0,0,180.543851962045,251.098274723989,0,96.5937438588657,0,0,0,0,0,345.797434674459,108.136066660554,0,0,0,0,108.381749703452,0,134.960780198024,89.3673883748406,89.1590885155172,101.605593487621,0,115.114253591495,0,0,175.196329314064,128.846764897717,0,200.878319874537,201.44584889478,0,138.33942793804,201.100640800745,0,215.611029055736,138.425725342224
85.7623170715703,0,160.530221557972,140.574866691684,225.013371621378,306.640284138334,269.936825670274,74.5815074003433,146.465927798921,259.442917595754,0,338.131802716296,0,101.443495235174,0,0,186.973586461633,154.784755881607,0,289.631679007608,0,0,0,153.609372090384,276.620869034647,224.523755099568,106.926813611922,93.4234866874731,94.7529894315991,78.9559315574845,241.682021696872,154.070293657878,122.106946855269,85.6072705949986,120.912756812582,138.33942793804,0,75.4497121078207,0,177.763106506206,139.93285932648
0,0,0,284.529238481835,0,0,109.093416850988,191.519780382943,0,125.81518738273,300.031143529538,197.486504603685,0,0,0,0,125.416941482916,0,0,0,73.1029054543569,0,357.423078228283,136.792307586862,160.537522273714,194.442125915551,73.4795582048751,159.183173818572,80.4367166559625,0,187.77054666536,0,0,0,153.876396855887,201.100640800745,75.4497121078207,0,0,0,335.371040201042
0,0,61.0664810463559,0,158.955087279859,0,0,0,0,0,97.5855511246009,0,0,90.1317194604647,0,0,0,0,0,224.551207449728,211.840482897052,0,133.218162784108,100.812745974529,0,82.6299537488922,220.901129804706,87.8456058929559,106.128596538706,0,0,58.3493451392805,0,333.645516435298,252.487290983309,0,0,0,0,0,0
0,0,0,97.3232815600345,199.492852797962,110.384905066973,89.707245288964,0,0,0,195.378266313867,94.7280504127031,0,125.994729980093,137.189596148386,0,106.533627130087,0,145.74089716123,131.969743415579,133.984214699576,0,111.226326353722,98.6790043377568,172.608400267715,321.864157986053,0,94.027247878695,0,261.605527103798,0,120.567029282014,198.528111506785,180.90030328818,95.7590805983148,215.611029055736,177.763106506206,0,0,0,137.177378802006
0,0,0,154.065933476765,0,0,94.8881692391942,116.176698124939,78.8552325762656,0,0,80.8080171296381,0,142.054529471577,0,0,151.806152521152,347.376449530863,92.5568465385234,0,98.2230592632363,0,238.934743274142,0,0,148.808626413748,103.519938150021,171.230058197369,0,0,0,162.833808134102,0,101.5853655613,72.2278283150671,138.425725342224,139.93285932648,335.371040201042,0,137.177378802006,0
