0,0,0,0,0,0,0,0,0,0,0,161.302948562323,0,187.77054666536,0,0,0,0,0,0,0,0,0,0,0,0,0,0,131.969743415579,0,0,0,0,231.715271819474,0,0,0,0,177.763106506206,0,87.8456058929559
0,0,0,0,0,0,0,0,0,0,0,0,0,0,0,0,0,0,0,193.055010680236,0,0,0,146.814226519809,0,353.822894641502,0,0,263.534399241887,0,0,0,0,0,0,0,173.059382066957,0,0,125.81518738273,104.915316975638
0,0,0,0,0,0,0,0,0,0,0,0,0,0,0,0,0,0,0,0,0,0,0,0,0,0,0,347.376449530863,115.194491798135,0,0,0,0,0,0,0,0,94.9380989123498,97.3232815600345,143.005810983322,0
0,0,0,0,0,161.74915061469,221.805809452716,0,0,204.481117647118,106.128596538706,61.0664810463559,0,0,0,212.592150359921,0,0,0,0,0,0,0,0,208.005106191961,300.031143529538,0,145.74089716123,0,66.5008477853491,0,0,0,0,111.226326353722,0,321.864157986053,0,0,0,109.093416850988
0,0,0,0,0,0,71.5579325720569,133.218162784108,0,0,0,0,0,153.609372090384,0,0,0,0,0,0,0,0,206.912707094411,0,0,0,0,90.1317194604647,89.3673883748406,82.6299537488922,0,236.681907140956,0,0,110.384905066973,142.054529471577,73.1029054543569,161.275817184598,0,153.672550905948,101.895308036513
0,0,0,161.74915061469,0,0,0,0,0,289.631679007608,112.349934713559,0,0,0,154.784755881607,0,0,139.792601838991,0,0,0,0,0,0,0,222.053792850439,0,261.440278806413,172.892533368851,134.960780198024,0,0,0,227.504408813069,329.719143597451,81.9664354533492,205.09013266389,0,0,0,150.161410108805
0,0,0,221.805809452716,71.5579325720569,0,0,0,0,94.7280504127031,0,0,0,0,140.574866691684,0,0,198.528111506785,0,84.3635741045246,0,139.654362654449,0,0,0,181.316358113209,0,0,184.249961885477,188.936291522747,0,0,113.059176128709,0,163.945208919892,0,141.204637091722,0,0,0,0
0,0,0,0,133.218162784108,0,0,0,204.084074037941,0,284.529238481835,220.901129804706,0,153.876396855887,0,0,0,0,0,219.040656038919,0,0,0,82.4756938751058,224.551207449728,0,206.472608421747,135.294330067913,101.443495235174,0,241.635434294794,62.311273509377,0,98.6790043377568,0,0,0,154.142998692322,0,183.786860782462,0
0,0,0,0,0,0,0,204.084074037941,0,0,0,0,0,186.348837226466,0,0,226.825099357786,0,0,0,94.126460729827,0,0,0,0,74.4197823064597,133.984214699576,0,0,0,0,0,0,0,158.567996645797,255.441154257905,259.055025639447,0,120.912756812582,219.078548227669,0
0,0,0,204.481117647118,0,289.631679007608,94.7280504127031,0,0,0,0,0,0,0,201.44584889478,0,198.964527389285,0,0,0,0,75.4497121078207,101.350815329073,157.852515740516,0,338.131802716296,101.605593487621,0,128.530575464043,0,0,0,0,106.533627130087,0,94.8881692391942,169.453147353278,192.693757128262,276.620869034647,106.926813611922,98.2230592632363
0,0,0,106.128596538706,0,112.349934713559,0,284.529238481835,0,0,0,108.136066660554,0,0,314.611698427915,94.7529894315991,120.567029282014,0,0,0,96.7845769653343,0,0,153.453047983244,0,0,0,214.116367924649,0,0,80.8080171296381,0,0,174.013630695256,0,0,188.851177466023,0,70.4221432298295,333.645516435298,320.356811100276
161.302948562323,0,0,61.0664810463559,0,0,0,220.901129804706,0,0,108.136066660554,0,97.5855511246009,0,92.3502314520023,0,116.176698124939,0,0,180.90030328818,151.695570509541,323.781250289068,119.345624434514,228.075434767255,0,241.57250333243,155.901486485736,0,225.013371621378,0,0,0,158.955087279859,220.963068032256,249.798812580765,201.100640800745,262.382215657622,80.4367166559625,0,0,0
0,0,0,0,0,0,0,0,0,0,0,97.5855511246009,0,0,0,0,0,0,0,81.2827395071039,0,0,0,0,0,0,0,200.878319874537,0,0,0,0,0,283.248188884028,0,0,134.566479261133,0,136.792307586862,0,0
187.77054666536,0,0,0,153.609372090384,0,0,153.876396855887,186.348837226466,0,0,0,0,0,0,0,0,0,0,146.99041817625,122.106946855269,0,0,0,0,115.541295036174,95.7590805983148,71.4788760670054,0,0,0,0,0,309.997227542691,161.694997919804,261.605527103798,151.036729364761,0,0,0,164.032723165762
0,0,0,0,0,154.784755881607,140.574866691684,0,0,201.44584889478,314.611698427915,92.3502314520023,0,0,0,0,0,0,0,0,0,0,205.183249704085,247.66948903751,0,0,89.9429017381717,0,0,0,74.7304794244225,0,0,196.032358954952,0,0,224.523755099568,0,0,113.144980278377,0
0,0,0,212.592150359921,0,0,0,0,0,0,94.7529894315991,0,0,0,0,0,0,0,117.208001126138,178.683678585178,0,0,232.945974238958,0,0,163.059043292369,0,195.314816908693,119.728129215699,0,0,0,0,0,162.833808134102,93.5029580098427,146.770754374523,0,0,0,0
0,0,0,0,0,0,0,0,226.825099357786,198.964527389285,120.567029282014,116.176698124939,0,0,0,0,0,0,0,0,0,0,0,242.790381480436,0,104.369974912428,115.868441404982,197.893790332676,0,0,0,0,67.8267069095267,0,0,0,0,0,0,0,114.511014214502
0,0,0,0,0,139.792601838991,198.528111506785,0,0,0,0,0,0,0,0,0,0,0,0,0,85.6072705949986,0,0,0,0,0,111.435629183184,0,199.492852797962,165.893015276821,0,0,0,321.124897279917,190.185165668632,0,0,0,0,142.385058730083,0
0,0,0,0,0,0,0,0,0,0,0,0,0,0,0,117.208001126138,0,0,0,0,0,0,197.486504603685,137.239127032733,0,78.8552325762656,106.33736463831,136.685314494491,0,209.996727521564,0,0,0,0,112.823430872325,154.065933476765,118.522099274347,82.1742780037132,0,283.88658203332,0
0,193.055010680236,0,0,0,0,84.3635741045246,219.040656038919,0,0,0,180.90030328818,81.2827395071039,146.99041817625,0,178.683678585178,0,0,0,0,0,0,0,0,0,151.806152521152,0,114.649126378906,228.792310020318,74.5815074003433,0,0,0,259.442917595754,173.201474590904,90.7216186966914,0,186.973586461633,101.85207633558,100.812745974529,0
0,0,0,0,0,0,0,0,94.126460729827,0,96.7845769653343,151.695570509541,0,122.106946855269,0,0,0,85.6072705949986,0,0,0,0,0,0,0,0,173.001559092555,72.2278283150671,249.905610015455,0,0,0,0,108.381749703452,269.936825670274,0,253.401634605989,0,0,154.070293657878,213.67670887414
0,0,0,0,0,0,139.654362654449,0,0,75.4497121078207,0,323.781250289068,0,0,0,0,0,0,0,0,0,0,137.177378802006,0,0,0,0,167.066576495979,0,0,0,0,0,325.937289045041,0,0,101.5853655613,357.423078228283,0,0,0
0,0,0,0,206.912707094411,0,0,0,0,101.350815329073,0,119.345624434514,0,0,205.183249704085,232.945974238958,0,0,197.486504603685,0,0,137.177378802006,0,112.793316814908,0,98.417953423071,251.098274723989,0,0,0,0,0,0,0,171.906398392157,115.114253591495,175.196329314064,171.230058197369,0,139.93285932648,0
0,146.814226519809,0,0,0,0,0,82.4756938751058,0,157.852515740516,153.453047983244,228.075434767255,0,0,247.66948903751,0,242.790381480436,0,137.239127032733,0,0,0,112.793316814908,0,191.519780382943,151.075371308616,238.934743274142,180.543851962045,217.157696745803,0,0,0,0,218.045528847001,115.871357769661,0,193.777661225572,0,94.027247878695,169.742003380707,0
0,0,0,208.005106191961,0,0,0,224.551207449728,0,0,0,0,0,0,0,0,0,0,0,0,0,0,0,191.519780382943,0,0,0,0,0,180.355266595273,0,172.608400267715,0,192.135034768848,0,0,202.712457066107,215.611029055736,348.674510760064,128.405764333981,0
0,353.822894641502,0,300.031143529538,0,222.053792850439,181.316358113209,0,74.4197823064597,338.131802716296,0,241.57250333243,0,115.541295036174,0,163.059043292369,104.369974912428,0,78.8552325762656,151.806152521152,0,0,98.417953423071,151.075371308616,0,0,193.659409924573,85.7623170715703,345.797434674459,0,0,0,0,168.241326865882,0,62.859596780235,0,0,0,195.822649557859,0
0,0,0,0,0,0,0,206.472608421747,133.984214699576,101.605593487621,0,155.901486485736,0,95.7590805983148,89.9429017381717,0,115.868441404982,111.435629183184,106.33736463831,0,173.001559092555,0,251.098274723989,238.934743274142,0,193.659409924573,0,0,97.3506957544063,0,0,250.461724766314,0,159.183173818572,280.376028997576,0,0,124.698445421759,0,138.33942793804,223.705816669619
0,0,347.376449530863,145.74089716123,90.1317194604647,261.440278806413,0,135.294330067913,0,0,214.116367924649,0,200.878319874537,71.4788760670054,0,195.314816908693,197.893790332676,0,136.685314494491,114.649126378906,72.2278283150671,167.066576495979,0,180.543851962045,0,85.7623170715703,0,0,92.5207898118833,78.9559315574845,155.24952173131,82.6426202489162,0,240.185081663983,211.840482897052,173.538155409849,252.487290983309,99.3508940827211,151.01089327964,0,99.2646516363145
131.969743415579,263.534399241887,115.194491798135,0,89.3673883748406,172.892533368851,184.249961885477,101.443495235174,0,128.530575464043,0,225.013371621378,0,0,0,119.728129215699,0,199.492852797962,0,228.792310020318,249.905610015455,0,0,217.157696745803,0,345.797434674459,97.3506957544063,92.5207898118833,0,76.5072790361762,0,0,0,0,0,0,179.718364159796,92.5568465385234,0,0,115.332064605654
0,0,0,66.5008477853491,82.6299537488922,134.960780198024,188.936291522747,0,0,0,0,0,0,0,0,0,0,165.893015276821,209.996727521564,74.5815074003433,0,0,0,0,180.355266595273,0,0,78.9559315574845,76.5072790361762,0,0,0,0,205.839960264176,0,0,0,0,0,0,0
0,0,0,0,0,0,0,241.635434294794,0,0,80.8080171296381,0,0,0,74.7304794244225,0,0,0,0,0,0,0,0,0,0,0,0,155.24952173131,0,0,0,0,0,0,196.04190773555,161.325017232684,0,0,0,0,0
0,0,0,0,236.681907140956,0,0,62.311273509377,0,0,0,0,0,0,0,0,0,0,0,0,0,0,0,0,172.608400267715,0,250.461724766314,82.6426202489162,0,0,0,0,0,193.63278243493,306.640284138334,0,160.530221557972,125.416941482916,0,165.597665022977,219.430938885781
0,0,0,0,0,0,113.059176128709,0,0,0,0,158.955087279859,0,0,0,0,67.8267069095267,0,0,0,0,0,0,0,0,0,0,0,0,0,0,0,0,0,0,0,135.667029391615,138.425725342224,0,0,0
231.715271819474,0,0,0,0,227.504408813069,0,98.6790043377568,0,106.533627130087,174.013630695256,220.963068032256,283.248188884028,309.997227542691,196.032358954952,0,0,321.124897279917,0,259.442917595754,108.381749703452,325.937289045041,0,218.045528847001,192.135034768848,168.241326865882,159.183173818572,240.185081663983,0,205.839960264176,0,193.63278243493,0,0,93.4234866874731,96.5937438588657,178.748963182352,0,306.344527664232,160.537522273714,58.3493451392805
0,0,0,111.226326353722,110.384905066973,329.719143597451,163.945208919892,0,158.567996645797,0,0,249.798812580765,0,161.694997919804,0,162.833808134102,0,190.185165668632,112.823430872325,173.201474590904,269.936825670274,0,171.906398392157,115.871357769661,0,0,280.376028997576,211.840482897052,0,0,196.04190773555,306.640284138334,0,93.4234866874731,0,303.527509149359,194.442125915551,89.707245288964,116.054372245433,128.846764897717,241.682021696872
0,0,0,0,142.054529471577,81.9664354533492,0,0,255.441154257905,94.8881692391942,0,201.100640800745,0,261.605527103798,0,93.5029580098427,0,0,154.065933476765,90.7216186966914,0,0,115.114253591495,0,0,62.859596780235,0,173.538155409849,0,0,161.325017232684,0,0,96.5937438588657,303.527509149359,0,146.465927798921,89.1590885155172,0,195.378266313867,335.371040201042
0,173.059382066957,0,321.864157986053,73.1029054543569,205.09013266389,141.204637091722,0,259.055025639447,169.453147353278,188.851177466023,262.382215657622,134.566479261133,151.036729364761,224.523755099568,146.770754374523,0,0,118.522099274347,0,253.401634605989,101.5853655613,175.196329314064,193.777661225572,202.712457066107,0,0,252.487290983309,179.718364159796,0,0,160.530221557972,135.667029391615,178.748963182352,194.442125915551,146.465927798921,0,192.601533877686,125.994729980093,148.808626413748,137.189596148386
0,0,94.9380989123498,0,161.275817184598,0,0,154.142998692322,0,192.693757128262,0,80.4367166559625,0,0,0,0,0,0,82.1742780037132,186.973586461633,0,357.423078228283,171.230058197369,0,215.611029055736,0,124.698445421759,99.3508940827211,92.5568465385234,0,0,125.416941482916,138.425725342224,0,89.707245288964,89.1590885155172,192.601533877686,0,0,178.224497384947,103.519938150021
177.763106506206,0,97.3232815600345,0,0,0,0,0,120.912756812582,276.620869034647,70.4221432298295,0,136.792307586862,0,0,0,0,0,0,101.85207633558,0,0,0,94.027247878695,348.674510760064,0,0,151.01089327964,0,0,0,0,0,306.344527664232,116.054372245433,0,125.994729980093,0,0,73.4795582048751,124.853650664477
0,125.81518738273,143.005810983322,0,153.672550905948,0,0,183.786860782462,219.078548227669,106.926813611922,333.645516435298,0,0,0,113.144980278377,0,0,142.385058730083,283.88658203332,100.812745974529,154.070293657878,0,139.93285932648,169.742003380707,128.405764333981,195.822649557859,138.33942793804,0,0,0,0,165.597665022977,0,160.537522273714,128.846764897717,195.378266313867,148.808626413748,178.224497384947,73.4795582048751,0,231.050882209
87.8456058929559,104.915316975638,0,109.093416850988,101.895308036513,150.161410108805,0,0,0,98.2230592632363,320.356811100276,0,0,164.032723165762,0,0,114.511014214502,0,0,0,213.67670887414,0,0,0,0,0,223.705816669619,99.2646516363145,115.332064605654,0,0,219.430938885781,0,58.3493451392805,241.682021696872,335.371040201042,137.189596148386,103.519938150021,124.853650664477,231.050882209,0
