0,0,0,0,151.695570509541,0,0,0,162.833808134102,0,199.492852797962,0,0,0,0,0,0,0,0,0,0,0,0,0,0,0,0,168.241326865882,0,0,0,0,0,236.681907140956,0,0,0,0,0,0,232.945974238958
0,0,0,141.204637091722,0,0,0,0,0,0,120.912756812582,0,0,0,0,0,0,0,0,0,0,0,0,0,227.504408813069,0,0,0,0,0,0,0,0,171.230058197369,173.201474590904,0,0,0,158.567996645797,142.385058730083,0
0,0,0,173.001559092555,0,0,0,0,0,0,0,0,0,0,0,0,0,0,0,154.142998692322,0,0,0,113.059176128709,0,0,0,0,0,0,0,133.218162784108,0,101.5853655613,0,0,0,0,0,0,0
0,141.204637091722,173.001559092555,0,261.440278806413,0,0,0,0,0,333.645516435298,0,160.530221557972,0,0,0,0,0,0,133.984214699576,0,0,247.66948903751,146.770754374523,0,0,100.812745974529,0,0,0,0,198.964527389285,0,0,74.4197823064597,92.3502314520023,222.053792850439,0,0,0,0
151.695570509541,0,0,261.440278806413,0,0,0,276.620869034647,0,153.876396855887,94.126460729827,0,0,0,0,204.084074037941,115.194491798135,0,0,0,0,122.106946855269,180.355266595273,0,0,249.905610015455,0,0,0,0,0,0,125.994729980093,0,106.128596538706,0,139.654362654449,215.611029055736,0,0,0
0,0,0,0,0,0,0,0,193.63278243493,192.601533877686,99.2646516363145,0,0,85.6072705949986,0,137.177378802006,0,253.401634605989,0,0,0,0,0,106.533627130087,0,0,89.3673883748406,150.161410108805,0,0,0,0,0,0,0,186.348837226466,240.185081663983,178.748963182352,0,262.382215657622,202.712457066107
0,0,0,0,0,0,0,0,0,0,0,218.045528847001,80.4367166559625,184.249961885477,263.534399241887,0,0,93.4234866874731,0,0,0,0,0,0,112.823430872325,0,0,139.792601838991,338.131802716296,0,151.036729364761,325.937289045041,0,0,0,0,200.878319874537,0,0,155.24952173131,300.031143529538
0,0,0,0,276.620869034647,0,0,0,0,0,0,238.934743274142,0,0,101.350815329073,0,0,197.486504603685,128.846764897717,0,0,0,139.93285932648,0,0,172.892533368851,153.609372090384,71.4788760670054,134.566479261133,0,0,108.381749703452,0,104.369974912428,143.005810983322,0,219.078548227669,0,214.116367924649,225.013371621378,0
162.833808134102,0,0,0,0,193.63278243493,0,0,0,198.528111506785,0,0,0,153.672550905948,0,0,0,0,0,136.685314494491,0,0,0,0,0,169.453147353278,82.6299537488922,0,115.541295036174,0,0,0,0,0,0,111.435629183184,94.027247878695,138.425725342224,0,0,0
0,0,0,0,153.876396855887,192.601533877686,0,0,198.528111506785,0,70.4221432298295,231.715271819474,0,87.8456058929559,135.667029391615,0,0,0,0,0,0,0,0,0,226.825099357786,0,255.441154257905,178.683678585178,96.5937438588657,206.472608421747,0,0,0,194.442125915551,188.851177466023,0,73.4795582048751,357.423078228283,92.5568465385234,219.430938885781,0
199.492852797962,120.912756812582,0,333.645516435298,94.126460729827,99.2646516363145,0,0,0,70.4221432298295,0,109.093416850988,0,0,0,0,323.781250289068,0,0,261.605527103798,0,0,335.371040201042,197.893790332676,0,0,0,241.635434294794,161.694997919804,0,0,0,128.530575464043,154.784755881607,0,0,0,0,0,191.519780382943,0
0,0,0,0,0,0,218.045528847001,238.934743274142,0,231.715271819474,109.093416850988,0,0,223.705816669619,0,81.2827395071039,154.065933476765,0,174.013630695256,217.157696745803,242.790381480436,0,179.718364159796,0,0,119.728129215699,0,124.853650664477,220.963068032256,205.839960264176,0,0,0,99.3508940827211,195.822649557859,0,80.8080171296381,252.487290983309,0,104.915316975638,94.9380989123498
0,0,0,160.530221557972,0,0,80.4367166559625,0,0,0,0,0,0,0,0,151.01089327964,0,0,0,0,0,0,0,0,0,196.04190773555,0,0,0,0,0,0,0,0,220.901129804706,0,0,0,205.183249704085,0,0
0,0,0,0,0,85.6072705949986,184.249961885477,0,153.672550905948,87.8456058929559,0,223.705816669619,0,0,0,0,0,0,90.1317194604647,0,0,0,0,173.538155409849,0,0,0,101.85207633558,82.1742780037132,128.405764333981,0,0,0,98.6790043377568,85.7623170715703,177.763106506206,0,131.969743415579,0,0,0
0,0,0,0,0,0,263.534399241887,101.350815329073,0,135.667029391615,0,0,0,0,0,0,169.742003380707,0,0,0,0,0,0,0,0,303.527509149359,0,175.196329314064,0,0,0,0,0,283.88658203332,0,208.005106191961,181.316358113209,116.176698124939,192.693757128262,192.135034768848,0
0,0,0,0,204.084074037941,137.177378802006,0,0,0,0,0,81.2827395071039,151.01089327964,0,0,0,0,0,0,0,98.417953423071,0,0,0,0,0,0,97.5855511246009,97.3506957544063,0,0,0,0,228.792310020318,0,78.8552325762656,0,314.611698427915,0,160.537522273714,0
0,0,0,0,115.194491798135,0,0,0,0,0,323.781250289068,154.065933476765,0,0,169.742003380707,0,0,0,0,193.659409924573,0,0,0,0,0,0,0,115.871357769661,0,0,0,0,0,136.792307586862,206.912707094411,224.523755099568,95.7590805983148,0,0,0,0
0,0,0,0,0,253.401634605989,93.4234866874731,197.486504603685,0,0,0,0,0,0,0,0,0,0,0,115.868441404982,0,0,0,0,0,250.461724766314,0,112.793316814908,110.384905066973,0,0,0,0,0,0,0,195.314816908693,0,0,196.032358954952,0
0,0,0,0,0,0,0,128.846764897717,0,0,0,174.013630695256,0,90.1317194604647,0,0,0,0,0,0,0,0,72.2278283150671,0,0,90.7216186966914,93.5029580098427,151.075371308616,183.786860782462,0,0,0,0,204.481117647118,0,0,173.059382066957,140.574866691684,0,0,82.4756938751058
0,0,154.142998692322,133.984214699576,0,0,0,0,136.685314494491,0,261.605527103798,217.157696745803,0,0,0,0,193.659409924573,115.868441404982,0,0,73.1029054543569,0,190.185165668632,0,0,0,161.302948562323,347.376449530863,89.1590885155172,0,0,178.224497384947,0,0,231.050882209,180.90030328818,188.936291522747,0,0,0,180.543851962045
0,0,0,0,0,0,0,0,0,0,0,242.790381480436,0,0,0,98.417953423071,0,0,0,73.1029054543569,0,0,146.814226519809,0,0,75.4497121078207,0,142.054529471577,82.6426202489162,106.33736463831,0,0,0,172.608400267715,195.378266313867,103.519938150021,115.114253591495,71.5579325720569,0,0,0
0,0,0,0,122.106946855269,0,0,0,0,0,0,0,0,0,0,0,0,0,0,0,0,0,0,0,0,0,0,0,0,74.5815074003433,0,0,66.5008477853491,113.144980278377,0,329.719143597451,0,193.055010680236,0,259.442917595754,186.973586461633
0,0,0,247.66948903751,180.355266595273,0,0,139.93285932648,0,0,335.371040201042,179.718364159796,0,0,0,0,0,0,72.2278283150671,190.185165668632,146.814226519809,0,0,161.74915061469,0,0,0,0,0,67.8267069095267,0,0,0,283.248188884028,187.77054666536,0,146.99041817625,0,148.808626413748,201.44584889478,0
0,0,113.059176128709,146.770754374523,0,106.533627130087,0,0,0,0,197.893790332676,0,0,173.538155409849,0,0,0,0,0,0,0,0,161.74915061469,0,289.631679007608,213.67670887414,284.529238481835,241.57250333243,259.055025639447,146.465927798921,0,137.239127032733,0,0,0,106.926813611922,193.777661225572,309.997227542691,138.33942793804,117.208001126138,114.511014214502
0,227.504408813069,0,0,0,0,112.823430872325,0,0,226.825099357786,0,0,0,0,0,0,0,0,0,0,0,0,0,289.631679007608,0,118.522099274347,114.649126378906,345.797434674459,154.070293657878,0,0,0,0,0,0,0,165.893015276821,0,0,0,321.124897279917
0,0,0,0,249.905610015455,0,0,172.892533368851,169.453147353278,0,0,119.728129215699,196.04190773555,0,303.527509149359,0,0,250.461724766314,90.7216186966914,0,75.4497121078207,0,0,213.67670887414,118.522099274347,0,125.416941482916,241.682021696872,167.066576495979,0,0,0,0,0,112.349934713559,205.09013266389,151.806152521152,0,249.798812580765,108.136066660554,161.275817184598
0,0,0,100.812745974529,0,89.3673883748406,0,153.609372090384,82.6299537488922,255.441154257905,0,0,0,0,0,0,0,0,93.5029580098427,161.302948562323,0,0,0,284.529238481835,114.649126378906,125.416941482916,0,94.7529894315991,0,137.189596148386,0,0,0,211.840482897052,58.3493451392805,165.597665022977,78.9559315574845,135.294330067913,224.551207449728,158.955087279859,81.9664354533492
168.241326865882,0,0,0,0,150.161410108805,139.792601838991,71.4788760670054,0,178.683678585178,241.635434294794,124.853650664477,0,101.85207633558,175.196329314064,97.5855511246009,115.871357769661,112.793316814908,151.075371308616,347.376449530863,142.054529471577,0,0,241.57250333243,345.797434674459,241.682021696872,94.7529894315991,0,0,0,0,115.332064605654,0,145.74089716123,89.9429017381717,94.7280504127031,125.81518738273,0,61.0664810463559,269.936825670274,157.852515740516
0,0,0,0,0,0,338.131802716296,134.566479261133,115.541295036174,96.5937438588657,161.694997919804,220.963068032256,0,82.1742780037132,0,97.3506957544063,0,110.384905066973,183.786860782462,89.1590885155172,82.6426202489162,0,0,259.055025639447,154.070293657878,167.066576495979,0,0,0,0,0,0,0,0,306.344527664232,62.859596780235,163.059043292369,96.7845769653343,0,74.7304794244225,92.5207898118833
0,0,0,0,0,0,0,0,0,206.472608421747,0,205.839960264176,0,128.405764333981,0,0,0,0,0,0,106.33736463831,74.5815074003433,67.8267069095267,146.465927798921,0,0,137.189596148386,0,0,0,0,0,0,0,0,84.3635741045246,62.311273509377,0,0,101.605593487621,0
0,0,0,0,0,0,151.036729364761,0,0,0,0,0,0,0,0,0,0,0,0,0,0,0,0,0,0,0,0,0,0,0,0,0,0,221.805809452716,306.640284138334,0,212.592150359921,0,0,171.906398392157,94.8881692391942
0,0,133.218162784108,198.964527389285,0,0,325.937289045041,108.381749703452,0,0,0,0,0,0,0,0,0,0,0,178.224497384947,0,0,0,137.239127032733,0,0,0,115.332064605654,0,0,0,0,0,76.5072790361762,98.2230592632363,0,155.901486485736,0,0,0,111.226326353722
0,0,0,0,125.994729980093,0,0,0,0,0,128.530575464043,0,0,0,0,0,0,0,0,0,0,66.5008477853491,0,0,0,0,0,0,0,0,0,0,0,0,201.100640800745,0,0,0,0,101.443495235174,0
236.681907140956,171.230058197369,101.5853655613,0,0,0,0,104.369974912428,0,194.442125915551,154.784755881607,99.3508940827211,0,98.6790043377568,283.88658203332,228.792310020318,136.792307586862,0,204.481117647118,0,172.608400267715,113.144980278377,283.248188884028,0,0,0,211.840482897052,145.74089716123,0,0,221.805809452716,76.5072790361762,0,0,348.674510760064,164.032723165762,321.864157986053,153.453047983244,124.698445421759,228.075434767255,97.3232815600345
0,173.201474590904,0,74.4197823064597,106.128596538706,0,0,143.005810983322,0,188.851177466023,0,195.822649557859,220.901129804706,85.7623170715703,0,0,206.912707094411,0,0,231.050882209,195.378266313867,0,187.77054666536,0,0,112.349934713559,58.3493451392805,89.9429017381717,306.344527664232,0,306.640284138334,98.2230592632363,201.100640800745,348.674510760064,0,0,119.345624434514,280.376028997576,209.996727521564,101.895308036513,134.960780198024
0,0,0,92.3502314520023,0,186.348837226466,0,0,111.435629183184,0,0,0,0,177.763106506206,208.005106191961,78.8552325762656,224.523755099568,0,0,180.90030328818,103.519938150021,329.719143597451,0,106.926813611922,0,205.09013266389,165.597665022977,94.7280504127031,62.859596780235,84.3635741045246,0,0,0,164.032723165762,0,0,0,353.822894641502,0,161.325017232684,0
0,0,0,222.053792850439,139.654362654449,240.185081663983,200.878319874537,219.078548227669,94.027247878695,73.4795582048751,0,80.8080171296381,0,0,181.316358113209,0,95.7590805983148,195.314816908693,173.059382066957,188.936291522747,115.114253591495,0,146.99041817625,193.777661225572,165.893015276821,151.806152521152,78.9559315574845,125.81518738273,163.059043292369,62.311273509377,212.592150359921,155.901486485736,0,321.864157986053,119.345624434514,0,0,120.567029282014,219.040656038919,251.098274723989,320.356811100276
0,0,0,0,215.611029055736,178.748963182352,0,0,138.425725342224,357.423078228283,0,252.487290983309,0,131.969743415579,116.176698124939,314.611698427915,0,0,140.574866691684,0,71.5579325720569,193.055010680236,0,309.997227542691,0,0,135.294330067913,0,96.7845769653343,0,0,0,0,153.453047983244,280.376028997576,353.822894641502,120.567029282014,0,163.945208919892,0,116.054372245433
0,158.567996645797,0,0,0,0,0,214.116367924649,0,92.5568465385234,0,0,205.183249704085,0,192.693757128262,0,0,0,0,0,0,0,148.808626413748,138.33942793804,0,249.798812580765,224.551207449728,61.0664810463559,0,0,0,0,0,124.698445421759,209.996727521564,0,219.040656038919,163.945208919892,0,0,159.183173818572
0,142.385058730083,0,0,0,262.382215657622,155.24952173131,225.013371621378,0,219.430938885781,191.519780382943,104.915316975638,0,0,192.135034768848,160.537522273714,0,196.032358954952,0,0,0,259.442917595754,201.44584889478,117.208001126138,0,108.136066660554,158.955087279859,269.936825670274,74.7304794244225,101.605593487621,171.906398392157,0,101.443495235174,228.075434767255,101.895308036513,161.325017232684,251.098274723989,0,0,0,89.707245288964
232.945974238958,0,0,0,0,202.712457066107,300.031143529538,0,0,0,0,94.9380989123498,0,0,0,0,0,0,82.4756938751058,180.543851962045,0,186.973586461633,0,114.511014214502,321.124897279917,161.275817184598,81.9664354533492,157.852515740516,92.5207898118833,0,94.8881692391942,111.226326353722,0,97.3232815600345,134.960780198024,0,320.356811100276,116.054372245433,159.183173818572,89.707245288964,0
