0,0,0,0,0,0,0,0,0,0,0,0,0,0,0,0,114.649126378906,0,0,0,0,0,0,0,0,0,154.070293657878,0,0,106.533627130087,0,0,0,0,160.530221557972,0,198.528111506785,137.239127032733,0,0,0
0,0,0,0,0,0,0,0,0,0,0,0,0,0,0,0,0,0,0,0,0,0,0,0,0,0,204.084074037941,94.027247878695,94.8881692391942,0,0,0,0,241.682021696872,0,0,201.100640800745,0,187.77054666536,81.2827395071039,0
0,0,0,0,0,192.601533877686,0,0,0,171.230058197369,0,151.806152521152,0,0,0,0,0,0,172.892533368851,0,0,0,0,0,0,0,0,0,0,0,0,0,0,0,98.6790043377568,0,0,0,0,0,0
0,0,0,0,0,0,146.770754374523,167.066576495979,0,162.833808134102,0,0,0,122.106946855269,100.812745974529,0,0,0,0,0,134.566479261133,0,0,92.3502314520023,0,78.9559315574845,0,113.059176128709,0,0,0,0,0,136.792307586862,74.4197823064597,0,113.144980278377,0,0,0,150.161410108805
0,0,0,0,0,0,0,0,0,329.719143597451,201.44584889478,0,226.825099357786,0,0,0,0,0,0,173.538155409849,0,0,0,283.248188884028,0,80.8080171296381,0,74.7304794244225,180.355266595273,0,0,0,0,242.790381480436,284.529238481835,0,262.382215657622,199.492852797962,0,197.486504603685,85.6072705949986
0,0,192.601533877686,0,0,0,0,0,0,0,94.7280504127031,224.523755099568,0,0,0,0,0,0,0,0,101.605593487621,0,73.1029054543569,231.050882209,276.620869034647,348.674510760064,357.423078228283,163.945208919892,0,0,0,0,115.194491798135,119.728129215699,0,0,0,232.945974238958,240.185081663983,0,0
0,0,0,146.770754374523,0,0,0,333.645516435298,90.7216186966914,0,70.4221432298295,139.93285932648,190.185165668632,151.036729364761,0,0,0,0,136.685314494491,0,0,0,0,0,0,0,0,251.098274723989,0,0,223.705816669619,0,0,188.851177466023,0,0,0,0,161.694997919804,87.8456058929559,0
0,0,0,167.066576495979,0,0,333.645516435298,0,0,249.905610015455,0,0,325.937289045041,0,153.453047983244,0,0,0,0,0,101.443495235174,0,146.99041817625,159.183173818572,115.332064605654,0,252.487290983309,222.053792850439,128.405764333981,0,0,0,0,206.912707094411,125.416941482916,0,164.032723165762,0,0,338.131802716296,0
0,0,0,0,0,0,90.7216186966914,0,0,0,151.01089327964,160.537522273714,0,225.013371621378,0,119.345624434514,0,0,0,0,0,0,0,0,0,0,0,0,300.031143529538,120.567029282014,0,0,0,0,249.798812580765,0,247.66948903751,0,96.5937438588657,0,99.3508940827211
0,0,171.230058197369,162.833808134102,329.719143597451,0,0,249.905610015455,0,0,280.376028997576,0,0,0,0,94.126460729827,0,0,0,321.864157986053,0,0,161.74915061469,71.4788760670054,0,261.605527103798,115.871357769661,115.868441404982,204.481117647118,0,0,0,0,93.4234866874731,180.543851962045,163.059043292369,92.5568465385234,0,0,133.984214699576,0
0,0,0,0,201.44584889478,94.7280504127031,70.4221432298295,0,151.01089327964,280.376028997576,0,0,0,0,0,0,0,309.997227542691,0,0,221.805809452716,0,195.314816908693,0,0,0,0,174.013630695256,81.9664354533492,0,0,74.5815074003433,0,155.24952173131,0,219.430938885781,306.344527664232,135.667029391615,0,139.792601838991,0
0,0,151.806152521152,0,0,224.523755099568,139.93285932648,0,160.537522273714,0,0,0,196.032358954952,209.996727521564,0,0,0,137.177378802006,145.74089716123,0,0,0,131.969743415579,0,217.157696745803,214.116367924649,0,72.2278283150671,98.2230592632363,99.2646516363145,0,0,0,110.384905066973,106.33736463831,194.442125915551,97.5855511246009,173.201474590904,118.522099274347,76.5072790361762,0
0,0,0,0,226.825099357786,0,190.185165668632,325.937289045041,0,0,0,196.032358954952,0,0,0,0,0,0,0,0,0,0,82.6426202489162,202.712457066107,0,0,0,0,0,0,0,0,0,0,0,0,0,0,0,0,0
0,0,0,122.106946855269,0,0,151.036729364761,0,225.013371621378,0,0,209.996727521564,0,0,0,139.654362654449,0,0,0,161.325017232684,0,0,0,0,0,0,120.912756812582,111.435629183184,0,193.777661225572,0,0,0,205.183249704085,335.371040201042,0,71.5579325720569,0,0,112.793316814908,97.3232815600345
0,0,0,100.812745974529,0,0,0,153.453047983244,0,0,0,0,0,0,0,0,0,0,0,0,0,168.241326865882,303.527509149359,0,0,154.784755881607,0,192.135034768848,0,0,0,0,0,148.808626413748,0,0,155.901486485736,186.973586461633,82.4756938751058,115.541295036174,165.893015276821
0,0,0,0,0,0,0,0,119.345624434514,94.126460729827,0,0,0,139.654362654449,0,0,0,0,0,0,0,0,0,169.453147353278,0,0,0,140.574866691684,0,0,0,154.142998692322,0,108.136066660554,73.4795582048751,0,0,82.1742780037132,345.797434674459,0,95.7590805983148
114.649126378906,0,0,0,0,0,0,0,0,0,0,0,0,0,0,0,0,0,0,62.859596780235,0,0,0,0,112.349934713559,0,212.592150359921,0,178.748963182352,0,0,0,96.7845769653343,211.840482897052,0,0,0,186.348837226466,0,179.718364159796,94.9380989123498
0,0,0,0,0,0,0,0,0,0,309.997227542691,137.177378802006,0,0,0,0,0,0,0,94.7529894315991,0,0,0,0,0,0,193.055010680236,134.960780198024,0,0,0,0,0,236.681907140956,0,191.519780382943,353.822894641502,0,0,0,85.7623170715703
0,0,172.892533368851,0,0,0,136.685314494491,0,0,0,0,145.74089716123,0,0,0,0,0,0,0,0,165.597665022977,0,0,0,0,0,0,0,116.176698124939,0,0,250.461724766314,0,306.640284138334,161.302948562323,103.519938150021,151.695570509541,0,157.852515740516,80.4367166559625,0
0,0,0,0,173.538155409849,0,0,0,0,321.864157986053,0,0,0,161.325017232684,0,0,62.859596780235,94.7529894315991,0,0,0,0,0,143.005810983322,0,0,0,320.356811100276,0,153.876396855887,146.814226519809,0,289.631679007608,196.04190773555,0,154.065933476765,158.955087279859,314.611698427915,193.659409924573,173.059382066957,98.417953423071
0,0,0,134.566479261133,0,101.605593487621,0,101.443495235174,0,0,221.805809452716,0,0,0,0,0,0,0,165.597665022977,0,0,0,82.6299537488922,0,0,89.3673883748406,0,213.67670887414,175.196329314064,0,0,104.369974912428,0,0,67.8267069095267,93.5029580098427,0,0,0,0,141.204637091722
0,0,0,0,0,0,0,0,0,0,0,0,0,0,168.241326865882,0,0,0,0,0,0,0,101.5853655613,0,0,0,193.63278243493,0,195.822649557859,0,0,0,0,0,138.425725342224,0,263.534399241887,101.85207633558,0,205.839960264176,0
0,0,0,0,0,73.1029054543569,0,146.99041817625,0,161.74915061469,195.314816908693,131.969743415579,82.6426202489162,0,303.527509149359,0,0,0,0,0,82.6299537488922,101.5853655613,0,0,0,0,0,208.005106191961,0,0,0,0,0,138.33942793804,62.311273509377,0,188.936291522747,323.781250289068,177.763106506206,0,0
0,0,0,92.3502314520023,283.248188884028,231.050882209,0,159.183173818572,0,71.4788760670054,0,0,202.712457066107,0,0,169.453147353278,0,0,0,143.005810983322,0,0,0,0,0,97.3506957544063,89.9429017381717,224.551207449728,90.1317194604647,0,0,0,0,0,197.893790332676,106.926813611922,101.350815329073,255.441154257905,200.878319874537,241.635434294794,269.936825670274
0,0,0,0,0,276.620869034647,0,115.332064605654,0,0,0,217.157696745803,0,0,0,0,112.349934713559,0,0,0,0,0,0,0,0,220.901129804706,161.275817184598,0,104.915316975638,0,135.294330067913,0,0,169.742003380707,0,206.472608421747,0,0,0,0,0
0,0,0,78.9559315574845,80.8080171296381,348.674510760064,0,0,0,261.605527103798,0,214.116367924649,0,0,154.784755881607,0,0,0,0,0,89.3673883748406,0,0,97.3506957544063,220.901129804706,0,92.5207898118833,75.4497121078207,171.906398392157,192.693757128262,0,184.249961885477,0,178.683678585178,142.054529471577,231.715271819474,173.001559092555,0,0,158.567996645797,108.381749703452
154.070293657878,204.084074037941,0,0,0,357.423078228283,0,252.487290983309,0,115.871357769661,0,0,0,120.912756812582,0,0,212.592150359921,193.055010680236,0,0,0,193.63278243493,0,89.9429017381717,161.275817184598,92.5207898118833,0,111.226326353722,0,0,117.208001126138,0,181.316358113209,0,347.376449530863,253.401634605989,0,124.853650664477,0,112.823430872325,241.57250333243
0,94.027247878695,0,113.059176128709,74.7304794244225,163.945208919892,251.098274723989,222.053792850439,0,115.868441404982,174.013630695256,72.2278283150671,0,111.435629183184,192.135034768848,140.574866691684,0,134.960780198024,0,320.356811100276,213.67670887414,0,208.005106191961,224.551207449728,0,75.4497121078207,111.226326353722,0,228.792310020318,0,128.846764897717,0,0,218.045528847001,116.054372245433,228.075434767255,142.385058730083,0,0,106.128596538706,89.707245288964
0,94.8881692391942,0,0,180.355266595273,0,0,128.405764333981,300.031143529538,204.481117647118,81.9664354533492,98.2230592632363,0,0,0,0,178.748963182352,0,116.176698124939,0,175.196329314064,195.822649557859,0,90.1317194604647,104.915316975638,171.906398392157,0,228.792310020318,0,0,0,0,0,227.504408813069,101.895308036513,137.189596148386,219.040656038919,89.1590885155172,0,58.3493451392805,0
106.533627130087,0,0,0,0,0,0,0,120.567029282014,0,0,99.2646516363145,0,193.777661225572,0,0,0,0,0,153.876396855887,0,0,0,0,0,192.693757128262,0,0,0,0,0,109.093416850988,0,180.90030328818,0,261.440278806413,219.078548227669,0,238.934743274142,0,0
0,0,0,0,0,0,223.705816669619,0,0,0,0,0,0,0,0,0,0,0,0,146.814226519809,0,0,0,0,135.294330067913,0,117.208001126138,128.846764897717,0,0,0,0,0,0,0,0,183.786860782462,0,0,0,0
0,0,0,0,0,0,0,0,0,0,74.5815074003433,0,0,0,0,154.142998692322,0,0,250.461724766314,0,104.369974912428,0,0,0,0,184.249961885477,0,0,0,109.093416850988,0,0,0,0,151.075371308616,259.055025639447,61.0664810463559,0,0,114.511014214502,125.81518738273
0,0,0,0,0,115.194491798135,0,0,0,0,0,0,0,0,0,0,96.7845769653343,0,0,289.631679007608,0,0,0,0,0,0,181.316358113209,0,0,0,0,0,0,0,0,0,0,0,0,0,153.672550905948
0,241.682021696872,0,136.792307586862,242.790381480436,119.728129215699,188.851177466023,206.912707094411,0,93.4234866874731,155.24952173131,110.384905066973,0,205.183249704085,148.808626413748,108.136066660554,211.840482897052,236.681907140956,306.640284138334,196.04190773555,0,0,138.33942793804,0,169.742003380707,178.683678585178,0,218.045528847001,227.504408813069,180.90030328818,0,0,0,0,78.8552325762656,124.698445421759,125.994729980093,0,0,153.609372090384,0
160.530221557972,0,98.6790043377568,74.4197823064597,284.529238481835,0,0,125.416941482916,249.798812580765,180.543851962045,0,106.33736463831,0,335.371040201042,0,73.4795582048751,0,0,161.302948562323,0,67.8267069095267,138.425725342224,62.311273509377,197.893790332676,0,142.054529471577,347.376449530863,116.054372245433,101.895308036513,0,0,151.075371308616,0,78.8552325762656,0,0,178.224497384947,146.465927798921,0,133.218162784108,115.114253591495
0,0,0,0,0,0,0,0,0,163.059043292369,219.430938885781,194.442125915551,0,0,0,0,0,191.519780382943,103.519938150021,154.065933476765,93.5029580098427,0,0,106.926813611922,206.472608421747,231.715271819474,253.401634605989,228.075434767255,137.189596148386,261.440278806413,0,259.055025639447,0,124.698445421759,0,0,172.608400267715,66.5008477853491,0,0,198.964527389285
198.528111506785,201.100640800745,0,113.144980278377,262.382215657622,0,0,164.032723165762,247.66948903751,92.5568465385234,306.344527664232,97.5855511246009,0,71.5579325720569,155.901486485736,0,0,353.822894641502,151.695570509541,158.955087279859,0,263.534399241887,188.936291522747,101.350815329073,0,173.001559092555,0,142.385058730083,219.040656038919,219.078548227669,183.786860782462,61.0664810463559,0,125.994729980093,178.224497384947,172.608400267715,0,220.963068032256,128.530575464043,205.09013266389,259.442917595754
137.239127032733,0,0,0,199.492852797962,232.945974238958,0,0,0,0,135.667029391615,173.201474590904,0,0,186.973586461633,82.1742780037132,186.348837226466,0,0,314.611698427915,0,101.85207633558,323.781250289068,255.441154257905,0,0,124.853650664477,0,89.1590885155172,0,0,0,0,0,146.465927798921,66.5008477853491,220.963068032256,0,215.611029055736,84.3635741045246,321.124897279917
0,187.77054666536,0,0,0,240.185081663983,161.694997919804,0,96.5937438588657,0,0,118.522099274347,0,0,82.4756938751058,345.797434674459,0,0,157.852515740516,193.659409924573,0,0,177.763106506206,200.878319874537,0,0,0,0,0,238.934743274142,0,0,0,0,0,0,128.530575464043,215.611029055736,0,283.88658203332,0
0,81.2827395071039,0,0,197.486504603685,0,87.8456058929559,338.131802716296,0,133.984214699576,139.792601838991,76.5072790361762,0,112.793316814908,115.541295036174,0,179.718364159796,0,80.4367166559625,173.059382066957,0,205.839960264176,0,241.635434294794,0,158.567996645797,112.823430872325,106.128596538706,58.3493451392805,0,0,114.511014214502,0,153.609372090384,133.218162784108,0,205.09013266389,84.3635741045246,283.88658203332,0,195.378266313867
0,0,0,150.161410108805,85.6072705949986,0,0,0,99.3508940827211,0,0,0,0,97.3232815600345,165.893015276821,95.7590805983148,94.9380989123498,85.7623170715703,0,98.417953423071,141.204637091722,0,0,269.936825670274,0,108.381749703452,241.57250333243,89.707245288964,0,0,0,125.81518738273,153.672550905948,0,115.114253591495,198.964527389285,259.442917595754,321.124897279917,0,195.378266313867,0
