0,0,0,0,0,0,0,0,0,0,0,0,0,251.098274723989,0,0,0,0,0,0,0,0,0,0,0,0,0,155.901486485736,0,0,0,0,0,0,0,0,97.3232815600345,217.157696745803,95.7590805983148,90.1317194604647,0
0,0,0,0,0,0,0,227.504408813069,0,0,0,0,0,0,0,0,0,0,151.036729364761,0,0,0,0,0,0,0,97.5855511246009,173.059382066957,0,0,0,0,0,219.430938885781,81.2827395071039,0,276.620869034647,0,0,0,0
0,0,0,0,0,0,161.694997919804,0,0,0,0,0,0,0,0,0,0,0,0,120.567029282014,0,0,0,80.8080171296381,0,184.249961885477,0,0,71.5579325720569,0,0,0,0,0,0,0,0,0,0,0,0
0,0,0,0,153.609372090384,0,0,192.693757128262,0,162.833808134102,0,58.3493451392805,0,0,309.997227542691,0,0,0,0,0,0,0,0,98.2230592632363,0,0,124.853650664477,0,0,0,0,118.522099274347,0,89.9429017381717,169.742003380707,0,164.032723165762,241.635434294794,0,0,119.728129215699
0,0,0,153.609372090384,0,0,0,213.67670887414,0,75.4497121078207,0,0,0,0,154.784755881607,0,0,96.7845769653343,0,111.226326353722,0,0,0,0,110.384905066973,114.511014214502,0,159.183173818572,0,0,280.376028997576,0,228.792310020318,204.084074037941,0,0,74.7304794244225,0,0,0,204.481117647118
0,0,0,0,0,0,348.674510760064,0,173.001559092555,0,190.185165668632,0,0,0,0,0,94.9380989123498,154.065933476765,195.378266313867,0,0,0,0,180.90030328818,261.440278806413,0,163.945208919892,192.601533877686,161.325017232684,0,0,0,0,0,338.131802716296,0,197.893790332676,137.239127032733,0,0,0
0,0,161.694997919804,0,0,348.674510760064,0,0,0,0,0,99.2646516363145,0,0,321.124897279917,0,0,0,0,74.5815074003433,106.533627130087,0,0,0,214.116367924649,0,0,0,0,0,0,0,0,135.667029391615,0,178.224497384947,106.128596538706,0,108.381749703452,94.7529894315991,141.204637091722
0,227.504408813069,0,192.693757128262,213.67670887414,0,0,0,0,172.608400267715,0,225.013371621378,0,0,0,67.8267069095267,0,0,0,0,73.1029054543569,0,115.871357769661,131.969743415579,0,101.350815329073,188.851177466023,0,0,0,0,0,0,180.355266595273,241.57250333243,242.790381480436,76.5072790361762,125.81518738273,0,0,0
0,0,0,0,0,173.001559092555,0,0,0,0,0,106.33736463831,0,136.792307586862,0,0,0,0,150.161410108805,0,0,0,357.423078228283,0,0,0,0,158.955087279859,0,0,0,191.519780382943,0,303.527509149359,0,0,269.936825670274,168.241326865882,101.85207633558,0,0
0,0,0,162.833808134102,75.4497121078207,0,0,172.608400267715,0,0,0,261.605527103798,101.895308036513,0,0,333.645516435298,111.435629183184,0,0,145.74089716123,0,0,138.425725342224,0,0,0,0,114.649126378906,136.685314494491,0,0,0,0,100.812745974529,85.6072705949986,335.371040201042,247.66948903751,151.01089327964,172.892533368851,0,206.912707094411
0,0,0,0,0,190.185165668632,0,0,0,0,0,153.672550905948,0,0,201.100640800745,115.114253591495,0,0,353.822894641502,198.528111506785,0,0,0,0,0,0,89.707245288964,0,181.316358113209,82.4756938751058,195.822649557859,0,0,96.5937438588657,128.405764333981,0,137.177378802006,231.715271819474,0,115.868441404982,115.541295036174
0,0,0,58.3493451392805,0,0,99.2646516363145,225.013371621378,106.33736463831,261.605527103798,153.672550905948,0,0,89.1590885155172,0,0,0,0,193.055010680236,0,0,0,87.8456058929559,173.201474590904,0,283.248188884028,205.09013266389,240.185081663983,0,0,0,0,263.534399241887,103.519938150021,232.945974238958,133.218162784108,259.055025639447,99.3508940827211,0,128.846764897717,125.416941482916
0,0,0,0,0,0,0,0,0,101.895308036513,0,0,0,223.705816669619,0,0,0,0,0,0,0,0,0,0,0,0,0,0,200.878319874537,0,0,0,0,165.893015276821,0,0,0,0,0,101.443495235174,113.144980278377
251.098274723989,0,0,0,0,0,0,0,136.792307586862,0,0,89.1590885155172,223.705816669619,0,0,215.611029055736,0,0,0,0,122.106946855269,0,0,74.4197823064597,0,0,0,84.3635741045246,104.915316975638,236.681907140956,0,0,0,80.4367166559625,155.24952173131,134.960780198024,0,120.912756812582,0,0,0
0,0,0,309.997227542691,154.784755881607,0,321.124897279917,0,0,0,201.100640800745,0,0,0,0,0,0,0,0,0,0,0,0,148.808626413748,0,0,202.712457066107,0,179.718364159796,0,0,0,0,0,194.442125915551,78.8552325762656,169.453147353278,138.33942793804,211.840482897052,0,0
0,0,0,0,0,0,0,67.8267069095267,0,333.645516435298,115.114253591495,0,0,215.611029055736,0,0,0,0,0,0,0,199.492852797962,0,0,0,158.567996645797,0,220.901129804706,0,0,0,0,0,198.964527389285,175.196329314064,0,140.574866691684,0,0,146.814226519809,0
0,0,0,0,0,94.9380989123498,0,0,0,111.435629183184,0,0,0,0,0,0,0,0,0,0,171.230058197369,0,0,0,0,208.005106191961,73.4795582048751,0,0,220.963068032256,0,165.597665022977,0,0,0,153.876396855887,0,320.356811100276,0,222.053792850439,0
0,0,0,0,96.7845769653343,154.065933476765,0,0,0,0,0,0,0,0,0,0,0,0,0,0,0,0,259.442917595754,0,0,0,0,160.530221557972,186.348837226466,167.066576495979,0,0,0,0,0,134.566479261133,321.864157986053,0,0,0,195.314816908693
0,151.036729364761,0,0,0,195.378266313867,0,0,150.161410108805,0,353.822894641502,193.055010680236,0,0,0,0,0,0,0,0,193.63278243493,0,0,0,0,0,183.786860782462,0,253.401634605989,306.640284138334,0,116.054372245433,0,0,221.805809452716,0,93.5029580098427,0,0,0,0
0,0,120.567029282014,0,111.226326353722,0,74.5815074003433,0,0,145.74089716123,198.528111506785,0,0,0,0,0,0,0,0,0,249.905610015455,196.04190773555,0,262.382215657622,0,94.126460729827,0,205.839960264176,226.825099357786,0,0,0,323.781250289068,178.748963182352,289.631679007608,284.529238481835,0,161.74915061469,0,139.93285932648,0
0,0,0,0,0,0,106.533627130087,73.1029054543569,0,0,0,0,0,122.106946855269,0,0,171.230058197369,0,193.63278243493,249.905610015455,0,0,98.6790043377568,249.798812580765,0,219.078548227669,0,0,0,0,0,0,0,113.059176128709,0,125.994729980093,142.054529471577,0,0,142.385058730083,0
0,0,0,0,0,0,0,0,0,0,0,0,0,0,0,199.492852797962,0,0,0,196.04190773555,0,0,173.538155409849,0,0,0,283.88658203332,300.031143529538,0,0,0,0,0,104.369974912428,112.793316814908,0,186.973586461633,0,0,0,0
0,0,0,0,0,0,0,115.871357769661,357.423078228283,138.425725342224,0,87.8456058929559,0,0,0,0,0,259.442917595754,0,0,98.6790043377568,173.538155409849,0,0,0,188.936291522747,0,151.806152521152,209.996727521564,115.332064605654,0,0,0,0,193.777661225572,0,238.934743274142,0,0,78.9559315574845,206.472608421747
0,0,80.8080171296381,98.2230592632363,0,180.90030328818,0,131.969743415579,0,0,0,173.201474590904,0,74.4197823064597,148.808626413748,0,0,0,0,262.382215657622,249.798812580765,0,0,0,0,228.075434767255,224.551207449728,137.189596148386,212.592150359921,0,0,0,151.695570509541,250.461724766314,178.683678585178,160.537522273714,0,161.275817184598,0,143.005810983322,0
0,0,0,0,110.384905066973,261.440278806413,214.116367924649,0,0,0,0,0,0,0,0,0,0,0,0,0,0,0,0,0,0,0,180.543851962045,94.7280504127031,0,0,0,97.3506957544063,0,124.698445421759,0,0,0,81.9664354533492,0,154.142998692322,151.075371308616
0,0,184.249961885477,0,114.511014214502,0,0,101.350815329073,0,0,0,283.248188884028,0,0,0,158.567996645797,208.005106191961,0,0,94.126460729827,219.078548227669,0,188.936291522747,228.075434767255,0,0,0,347.376449530863,174.013630695256,70.4221432298295,0,314.611698427915,0,0,146.770754374523,0,306.344527664232,146.99041817625,163.059043292369,252.487290983309,231.050882209
0,97.5855511246009,0,124.853650664477,0,163.945208919892,0,188.851177466023,0,0,89.707245288964,205.09013266389,0,0,202.712457066107,0,73.4795582048751,0,183.786860782462,0,0,283.88658203332,0,224.551207449728,180.543851962045,0,0,101.605593487621,0,0,62.311273509377,0,0,117.208001126138,196.032358954952,0,128.530575464043,0,153.453047983244,92.5568465385234,139.654362654449
155.901486485736,173.059382066957,0,0,159.183173818572,192.601533877686,0,0,158.955087279859,114.649126378906,0,240.185081663983,0,84.3635741045246,0,220.901129804706,0,160.530221557972,0,205.839960264176,0,300.031143529538,151.806152521152,137.189596148386,94.7280504127031,347.376449530863,101.605593487621,0,193.659409924573,98.417953423071,0,101.5853655613,0,157.852515740516,219.040656038919,0,94.027247878695,345.797434674459,119.345624434514,177.763106506206,61.0664810463559
0,0,71.5579325720569,0,0,161.325017232684,0,0,0,136.685314494491,181.316358113209,0,200.878319874537,104.915316975638,179.718364159796,0,0,186.348837226466,253.401634605989,226.825099357786,0,0,209.996727521564,212.592150359921,0,174.013630695256,0,193.659409924573,0,218.045528847001,0,0,0,224.523755099568,0,112.823430872325,115.194491798135,0,82.6426202489162,72.2278283150671,66.5008477853491
0,0,0,0,0,0,0,0,0,0,82.4756938751058,0,0,236.681907140956,0,0,220.963068032256,167.066576495979,306.640284138334,0,0,0,115.332064605654,0,0,70.4221432298295,0,98.417953423071,218.045528847001,0,0,0,0,0,0,0,82.1742780037132,0,0,187.77054666536,0
0,0,0,0,280.376028997576,0,0,0,0,0,195.822649557859,0,0,0,0,0,0,0,0,0,0,0,0,0,0,0,62.311273509377,0,0,0,0,92.3502314520023,0,0,325.937289045041,0,0,0,109.093416850988,0,0
0,0,0,118.522099274347,0,0,0,0,191.519780382943,0,0,0,0,0,0,0,165.597665022977,0,116.054372245433,0,0,0,0,0,97.3506957544063,314.611698427915,0,101.5853655613,0,0,92.3502314520023,0,0,0,89.3673883748406,62.859596780235,0,0,0,112.349934713559,0
0,0,0,0,228.792310020318,0,0,0,0,0,0,263.534399241887,0,0,0,0,0,0,0,323.781250289068,0,0,0,151.695570509541,0,0,0,0,0,0,0,0,0,0,0,0,92.5207898118833,0,0,0,0
0,219.430938885781,0,89.9429017381717,204.084074037941,0,135.667029391615,180.355266595273,303.527509149359,100.812745974529,96.5937438588657,103.519938150021,165.893015276821,80.4367166559625,0,198.964527389285,0,0,0,178.748963182352,113.059176128709,104.369974912428,0,250.461724766314,124.698445421759,0,117.208001126138,157.852515740516,224.523755099568,0,0,0,0,0,93.4234866874731,197.486504603685,161.302948562323,0,255.441154257905,106.926813611922,192.135034768848
0,81.2827395071039,0,169.742003380707,0,338.131802716296,0,241.57250333243,0,85.6072705949986,128.405764333981,232.945974238958,0,155.24952173131,194.442125915551,175.196329314064,0,0,221.805809452716,289.631679007608,0,112.793316814908,193.777661225572,178.683678585178,0,146.770754374523,196.032358954952,219.040656038919,0,0,325.937289045041,89.3673883748406,0,93.4234866874731,0,0,82.6299537488922,0,135.294330067913,171.906398392157,90.7216186966914
0,0,0,0,0,0,178.224497384947,242.790381480436,0,335.371040201042,0,133.218162784108,0,134.960780198024,78.8552325762656,0,153.876396855887,134.566479261133,0,284.529238481835,125.994729980093,0,0,160.537522273714,0,0,0,0,112.823430872325,0,0,62.859596780235,0,197.486504603685,0,0,139.792601838991,146.465927798921,241.682021696872,205.183249704085,154.070293657878
97.3232815600345,276.620869034647,0,164.032723165762,74.7304794244225,197.893790332676,106.128596538706,76.5072790361762,269.936825670274,247.66948903751,137.177378802006,259.055025639447,0,0,169.453147353278,140.574866691684,0,321.864157986053,93.5029580098427,0,142.054529471577,186.973586461633,238.934743274142,0,0,306.344527664232,128.530575464043,94.027247878695,115.194491798135,82.1742780037132,0,0,92.5207898118833,161.302948562323,82.6299537488922,139.792601838991,0,116.176698124939,0,71.4788760670054,201.44584889478
217.157696745803,0,0,241.635434294794,0,137.239127032733,0,125.81518738273,168.241326865882,151.01089327964,231.715271819474,99.3508940827211,0,120.912756812582,138.33942793804,0,320.356811100276,0,0,161.74915061469,0,0,0,161.275817184598,81.9664354533492,146.99041817625,0,345.797434674459,0,0,0,0,0,0,0,146.465927798921,116.176698124939,0,0,133.984214699576,94.8881692391942
95.7590805983148,0,0,0,0,0,108.381749703452,0,101.85207633558,172.892533368851,0,0,0,0,211.840482897052,0,0,0,0,0,0,0,0,0,0,163.059043292369,153.453047983244,119.345624434514,82.6426202489162,0,109.093416850988,0,0,255.441154257905,135.294330067913,241.682021696872,0,0,0,85.7623170715703,108.136066660554
90.1317194604647,0,0,0,0,0,94.7529894315991,0,0,0,115.868441404982,128.846764897717,101.443495235174,0,0,146.814226519809,222.053792850439,0,0,139.93285932648,142.385058730083,0,78.9559315574845,143.005810983322,154.142998692322,252.487290983309,92.5568465385234,177.763106506206,72.2278283150671,187.77054666536,0,112.349934713559,0,106.926813611922,171.906398392157,205.183249704085,71.4788760670054,133.984214699576,85.7623170715703,0,329.719143597451
0,0,0,119.728129215699,204.481117647118,0,141.204637091722,0,0,206.912707094411,115.541295036174,125.416941482916,113.144980278377,0,0,0,0,195.314816908693,0,0,0,0,206.472608421747,0,151.075371308616,231.050882209,139.654362654449,61.0664810463559,66.5008477853491,0,0,0,0,192.135034768848,90.7216186966914,154.070293657878,201.44584889478,94.8881692391942,108.136066660554,329.719143597451,0
