0,0,0,0,0,0,0,0,0,0,0,0,0,0,0,0,0,0,100.812745974529,0,0,0,0,197.486504603685,0,180.543851962045,0,0,153.672550905948,0,0,0,0,180.90030328818,0,0,98.2230592632363,0,0,0,0
0,0,0,0,0,0,0,0,0,0,0,74.7304794244225,0,0,0,242.790381480436,0,0,98.417953423071,0,0,0,0,0,0,0,0,0,0,0,165.893015276821,0,0,94.8881692391942,0,0,115.541295036174,0,0,0,255.441154257905
0,0,0,0,0,0,0,125.81518738273,108.136066660554,0,0,0,0,0,320.356811100276,0,0,0,0,0,0,0,0,0,0,0,0,0,0,0,0,0,0,0,0,0,0,224.551207449728,135.667029391615,0,0
0,0,0,0,0,0,131.969743415579,0,0,0,0,0,0,0,168.241326865882,0,0,0,167.066576495979,0,0,0,84.3635741045246,74.5815074003433,200.878319874537,194.442125915551,0,193.055010680236,0,0,0,205.839960264176,0,0,345.797434674459,284.529238481835,186.348837226466,72.2278283150671,0,0,0
0,0,0,0,0,0,0,175.196329314064,198.528111506785,94.126460729827,0,0,160.537522273714,0,0,198.964527389285,0,0,0,0,0,92.5207898118833,162.833808134102,0,0,0,0,101.5853655613,0,146.814226519809,0,188.851177466023,0,0,0,280.376028997576,137.177378802006,236.681907140956,0,96.5937438588657,0
0,0,0,0,0,0,0,112.823430872325,0,220.963068032256,0,112.349934713559,0,115.332064605654,0,195.378266313867,0,0,0,82.4756938751058,0,163.059043292369,314.611698427915,0,215.611029055736,0,0,201.100640800745,142.385058730083,0,0,0,0,0,0,82.6299537488922,196.032358954952,0,0,104.915316975638,0
0,0,0,131.969743415579,0,0,0,306.344527664232,0,128.405764333981,99.3508940827211,0,0,0,0,0,0,0,0,0,283.88658203332,0,85.6072705949986,0,0,193.777661225572,116.176698124939,0,0,0,0,0,0,0,160.530221557972,73.1029054543569,172.608400267715,0,0,141.204637091722,227.504408813069
0,0,125.81518738273,0,175.196329314064,112.823430872325,306.344527664232,0,0,0,0,0,0,205.183249704085,0,0,96.7845769653343,0,0,0,0,0,138.33942793804,0,0,161.302948562323,115.871357769661,221.805809452716,90.7216186966914,0,0,0,0,283.248188884028,0,151.806152521152,108.381749703452,0,0,120.912756812582,262.382215657622
0,0,108.136066660554,0,198.528111506785,0,0,0,0,0,0,113.144980278377,101.85207633558,0,0,0,0,0,0,0,0,0,0,0,0,191.519780382943,70.4221432298295,0,0,0,151.01089327964,0,0,112.793316814908,124.853650664477,94.9380989123498,0,184.249961885477,0,0,0
0,0,0,0,94.126460729827,220.963068032256,128.405764333981,0,0,0,161.275817184598,0,0,208.005106191961,0,0,139.93285932648,0,0,259.055025639447,0,103.519938150021,0,114.511014214502,0,193.63278243493,0,329.719143597451,119.728129215699,81.9664354533492,0,0,0,0,0,158.955087279859,106.533627130087,133.984214699576,0,178.683678585178,259.442917595754
0,0,0,0,0,0,99.3508940827211,0,0,161.275817184598,0,97.5855511246009,106.128596538706,0,0,0,222.053792850439,0,0,106.926813611922,0,0,145.74089716123,101.895308036513,0,0,220.901129804706,134.960780198024,0,0,0,0,0,151.695570509541,154.065933476765,0,199.492852797962,231.715271819474,0,353.822894641502,117.208001126138
0,74.7304794244225,0,0,0,112.349934713559,0,0,113.144980278377,0,97.5855511246009,0,0,0,338.131802716296,0,109.093416850988,0,0,251.098274723989,214.116367924649,0,124.698445421759,269.936825670274,82.6426202489162,0,0,173.201474590904,0,193.659409924573,0,0,0,118.522099274347,188.936291522747,136.792307586862,89.3673883748406,347.376449530863,169.742003380707,181.316358113209,111.226326353722
0,0,0,0,160.537522273714,0,0,0,101.85207633558,0,106.128596538706,0,0,0,0,0,0,228.792310020318,0,120.567029282014,0,0,0,0,74.4197823064597,0,0,0,0,0,0,0,0,0,0,0,0,0,0,0,0
0,0,0,0,0,115.332064605654,0,205.183249704085,0,208.005106191961,0,0,0,0,0,0,173.001559092555,0,93.5029580098427,78.9559315574845,0,0,0,174.013630695256,0,155.901486485736,195.822649557859,202.712457066107,0,217.157696745803,0,0,0,98.6790043377568,0,0,61.0664810463559,0,0,0,62.859596780235
0,0,320.356811100276,168.241326865882,0,0,0,0,0,0,0,338.131802716296,0,0,0,0,0,0,0,0,0,0,0,161.325017232684,0,0,261.605527103798,0,0,192.135034768848,0,146.465927798921,0,0,89.9429017381717,241.57250333243,153.453047983244,0,0,113.059176128709,138.425725342224
0,242.790381480436,0,0,198.964527389285,195.378266313867,0,0,0,0,0,0,0,0,0,0,0,0,0,335.371040201042,325.937289045041,0,0,142.054529471577,0,0,139.654362654449,206.912707094411,0,0,0,0,0,128.846764897717,163.945208919892,0,0,0,0,94.027247878695,0
0,0,0,0,0,0,0,96.7845769653343,0,139.93285932648,222.053792850439,109.093416850988,0,173.001559092555,0,0,0,240.185081663983,0,0,0,0,0,0,0,0,178.748963182352,76.5072790361762,0,0,0,0,0,323.781250289068,180.355266595273,0,0,0,0,0,0
0,0,0,0,0,0,0,0,0,0,0,0,228.792310020318,0,0,0,240.185081663983,0,0,0,0,0,253.401634605989,0,179.718364159796,0,187.77054666536,169.453147353278,66.5008477853491,0,0,0,0,62.311273509377,0,0,0,0,0,0,219.078548227669
100.812745974529,98.417953423071,0,167.066576495979,0,0,0,0,0,0,0,0,0,93.5029580098427,0,0,0,0,0,0,0,0,0,0,0,0,0,226.825099357786,177.763106506206,0,0,0,148.808626413748,73.4795582048751,206.472608421747,0,0,172.892533368851,0,151.036729364761,71.5579325720569
0,0,0,0,0,82.4756938751058,0,0,0,259.055025639447,106.926813611922,251.098274723989,120.567029282014,78.9559315574845,0,335.371040201042,0,0,0,0,249.905610015455,0,0,122.106946855269,0,0,146.770754374523,125.994729980093,78.8552325762656,0,158.567996645797,0,0,0,93.4234866874731,0,94.7280504127031,0,0,80.4367166559625,252.487290983309
0,0,0,0,0,0,283.88658203332,0,0,0,0,214.116367924649,0,0,0,325.937289045041,0,0,0,249.905610015455,0,0,0,85.7623170715703,0,110.384905066973,289.631679007608,97.3506957544063,0,0,0,0,0,92.3502314520023,82.1742780037132,0,133.218162784108,0,157.852515740516,321.124897279917,0
0,0,0,0,92.5207898118833,163.059043292369,0,0,0,103.519938150021,0,0,0,0,0,0,0,0,0,0,0,0,0,0,0,228.075434767255,0,119.345624434514,192.601533877686,164.032723165762,0,0,0,0,0,0,231.050882209,0,0,0,0
0,0,0,84.3635741045246,162.833808134102,314.611698427915,85.6072705949986,138.33942793804,0,0,145.74089716123,124.698445421759,0,0,0,0,0,253.401634605989,0,0,0,0,0,0,0,0,0,0,209.996727521564,0,0,71.4788760670054,0,0,261.440278806413,116.054372245433,140.574866691684,153.876396855887,0,67.8267069095267,0
197.486504603685,0,0,74.5815074003433,0,0,0,0,0,114.511014214502,101.895308036513,269.936825670274,0,174.013630695256,161.325017232684,142.054529471577,0,0,0,122.106946855269,85.7623170715703,0,0,0,0,58.3493451392805,111.435629183184,99.2646516363145,0,0,0,0,0,154.070293657878,201.44584889478,241.682021696872,205.09013266389,115.194491798135,0,192.693757128262,0
0,0,0,200.878319874537,0,215.611029055736,0,0,0,0,0,82.6426202489162,74.4197823064597,0,0,0,0,179.718364159796,0,0,0,0,0,0,0,0,0,218.045528847001,0,0,0,0,0,115.868441404982,0,0,306.640284138334,0,211.840482897052,0,183.786860782462
180.543851962045,0,0,194.442125915551,0,0,193.777661225572,161.302948562323,191.519780382943,193.63278243493,0,0,0,155.901486485736,0,0,0,0,0,0,110.384905066973,228.075434767255,0,58.3493451392805,0,0,219.040656038919,0,89.707245288964,0,0,0,0,223.705816669619,143.005810983322,139.792601838991,224.523755099568,213.67670887414,161.694997919804,333.645516435298,153.609372090384
0,0,0,0,0,0,116.176698124939,115.871357769661,70.4221432298295,0,220.901129804706,0,0,195.822649557859,261.605527103798,139.654362654449,178.748963182352,187.77054666536,0,146.770754374523,289.631679007608,0,0,111.435629183184,0,219.040656038919,0,171.230058197369,115.114253591495,0,0,0,0,81.2827395071039,348.674510760064,190.185165668632,0,0,136.685314494491,114.649126378906,0
0,0,0,193.055010680236,101.5853655613,201.100640800745,0,221.805809452716,0,329.719143597451,134.960780198024,173.201474590904,0,202.712457066107,0,206.912707094411,76.5072790361762,169.453147353278,226.825099357786,125.994729980093,97.3506957544063,119.345624434514,0,99.2646516363145,218.045528847001,0,171.230058197369,0,263.534399241887,101.443495235174,0,247.66948903751,0,146.99041817625,94.7529894315991,0,165.597665022977,197.893790332676,0,219.430938885781,232.945974238958
153.672550905948,0,0,0,0,142.385058730083,0,90.7216186966914,0,119.728129215699,0,0,0,0,0,0,0,66.5008477853491,177.763106506206,78.8552325762656,0,192.601533877686,209.996727521564,0,0,89.707245288964,115.114253591495,263.534399241887,0,134.566479261133,0,357.423078228283,75.4497121078207,178.224497384947,87.8456058929559,173.538155409849,104.369974912428,0,0,204.084074037941,196.04190773555
0,0,0,0,146.814226519809,0,0,0,0,81.9664354533492,0,193.659409924573,0,217.157696745803,192.135034768848,0,0,0,0,0,0,164.032723165762,0,0,0,0,0,101.443495235174,134.566479261133,0,0,0,0,155.24952173131,0,0,0,0,249.798812580765,212.592150359921,0
0,165.893015276821,0,0,0,0,0,0,151.01089327964,0,0,0,0,0,0,0,0,0,0,158.567996645797,0,0,0,0,0,0,0,0,0,0,0,0,0,0,135.294330067913,0,171.906398392157,159.183173818572,0,0,0
0,0,0,205.839960264176,188.851177466023,0,0,0,0,0,0,0,0,0,146.465927798921,0,0,0,0,0,0,0,71.4788760670054,0,0,0,0,247.66948903751,357.423078228283,0,0,0,0,0,276.620869034647,0,309.997227542691,238.934743274142,225.013371621378,95.7590805983148,0
0,0,0,0,0,0,0,0,0,0,0,0,0,0,0,0,0,0,148.808626413748,0,0,0,0,0,0,0,0,0,75.4497121078207,0,0,0,0,0,125.416941482916,0,154.784755881607,0,0,90.1317194604647,0
180.90030328818,94.8881692391942,0,0,0,0,0,283.248188884028,112.793316814908,0,151.695570509541,118.522099274347,0,98.6790043377568,0,128.846764897717,323.781250289068,62.311273509377,73.4795582048751,0,92.3502314520023,0,0,154.070293657878,115.868441404982,223.705816669619,81.2827395071039,146.99041817625,178.224497384947,155.24952173131,0,0,0,0,151.075371308616,101.350815329073,321.864157986053,137.189596148386,173.059382066957,300.031143529538,137.239127032733
0,0,0,345.797434674459,0,0,160.530221557972,0,124.853650664477,0,154.065933476765,188.936291522747,0,0,89.9429017381717,163.945208919892,180.355266595273,0,206.472608421747,93.4234866874731,82.1742780037132,0,261.440278806413,201.44584889478,0,143.005810983322,348.674510760064,94.7529894315991,87.8456058929559,0,135.294330067913,276.620869034647,125.416941482916,151.075371308616,0,204.481117647118,0,80.8080171296381,241.635434294794,0,303.527509149359
0,0,0,284.529238481835,280.376028997576,82.6299537488922,73.1029054543569,151.806152521152,94.9380989123498,158.955087279859,0,136.792307586862,0,0,241.57250333243,0,0,0,0,0,0,0,116.054372245433,241.682021696872,0,139.792601838991,190.185165668632,0,173.538155409849,0,0,0,0,101.350815329073,204.481117647118,0,101.605593487621,0,128.530575464043,0,106.33736463831
98.2230592632363,115.541295036174,0,186.348837226466,137.177378802006,196.032358954952,172.608400267715,108.381749703452,0,106.533627130087,199.492852797962,89.3673883748406,0,61.0664810463559,153.453047983244,0,0,0,0,94.7280504127031,133.218162784108,231.050882209,140.574866691684,205.09013266389,306.640284138334,224.523755099568,0,165.597665022977,104.369974912428,0,171.906398392157,309.997227542691,154.784755881607,321.864157986053,0,101.605593487621,0,92.5568465385234,195.314816908693,150.161410108805,97.3232815600345
0,0,224.551207449728,72.2278283150671,236.681907140956,0,0,0,184.249961885477,133.984214699576,231.715271819474,347.376449530863,0,0,0,0,0,0,172.892533368851,0,0,0,153.876396855887,115.194491798135,0,213.67670887414,0,197.893790332676,0,0,159.183173818572,238.934743274142,0,137.189596148386,80.8080171296381,0,92.5568465385234,0,250.461724766314,89.1590885155172,186.973586461633
0,0,135.667029391615,0,0,0,0,0,0,0,0,169.742003380707,0,0,0,0,0,0,0,0,157.852515740516,0,0,0,211.840482897052,161.694997919804,136.685314494491,0,0,249.798812580765,0,225.013371621378,0,173.059382066957,241.635434294794,128.530575464043,195.314816908693,250.461724766314,0,154.142998692322,161.74915061469
0,0,0,0,96.5937438588657,104.915316975638,141.204637091722,120.912756812582,0,178.683678585178,353.822894641502,181.316358113209,0,0,113.059176128709,94.027247878695,0,0,151.036729364761,80.4367166559625,321.124897279917,0,67.8267069095267,192.693757128262,0,333.645516435298,114.649126378906,219.430938885781,204.084074037941,212.592150359921,0,95.7590805983148,90.1317194604647,300.031143529538,0,0,150.161410108805,89.1590885155172,154.142998692322,0,0
0,255.441154257905,0,0,0,0,227.504408813069,262.382215657622,0,259.442917595754,117.208001126138,111.226326353722,0,62.859596780235,138.425725342224,0,0,219.078548227669,71.5579325720569,252.487290983309,0,0,0,0,183.786860782462,153.609372090384,0,232.945974238958,196.04190773555,0,0,0,0,137.239127032733,303.527509149359,106.33736463831,97.3232815600345,186.973586461633,161.74915061469,0,0
