0,0,0,0,0,97.3232815600345,0,151.036729364761,276.620869034647,0,0,0,0,0,0,0,0,0,0,82.6299537488922,0,0,0,0,0,0,0,0,171.230058197369,0,0,0,0,0,0,0,74.5815074003433,0,0,0,0
0,0,0,0,0,241.57250333243,0,0,0,0,0,0,0,0,0,0,0,0,0,0,0,0,0,204.481117647118,0,263.534399241887,0,165.597665022977,0,0,0,161.302948562323,0,0,0,0,134.960780198024,0,0,208.005106191961,0
0,0,0,0,0,0,0,0,0,0,0,0,0,0,0,0,0,0,0,0,0,0,0,0,0,0,0,0,0,0,0,0,0,0,195.378266313867,0,0,76.5072790361762,223.705816669619,175.196329314064,224.551207449728
0,0,0,0,0,0,0,0,151.695570509541,0,0,0,89.707245288964,153.876396855887,0,0,0,0,0,0,0,205.09013266389,101.895308036513,94.027247878695,0,0,0,0,0,0,0,183.786860782462,0,80.4367166559625,92.5568465385234,0,0,153.609372090384,169.453147353278,173.538155409849,100.812745974529
0,0,0,0,0,0,222.053792850439,0,0,306.344527664232,0,137.239127032733,0,0,0,0,303.527509149359,0,0,0,0,0,180.543851962045,0,0,137.189596148386,74.4197823064597,136.792307586862,98.417953423071,198.528111506785,0,0,241.635434294794,190.185165668632,139.93285932648,0,211.840482897052,0,0,0,0
97.3232815600345,241.57250333243,0,0,0,0,232.945974238958,135.667029391615,0,0,0,193.777661225572,0,0,0,62.859596780235,66.5008477853491,0,0,101.443495235174,0,0,0,0,0,0,0,0,71.5579325720569,0,0,0,0,0,178.224497384947,78.9559315574845,300.031143529538,0,195.314816908693,253.401634605989,0
0,0,0,0,222.053792850439,232.945974238958,0,115.332064605654,0,99.3508940827211,0,112.349934713559,0,0,104.369974912428,0,0,0,0,0,62.311273509377,0,242.790381480436,188.936291522747,0,0,90.7216186966914,0,0,0,0,0,0,120.567029282014,0,119.728129215699,154.070293657878,0,0,0,0
151.036729364761,0,0,0,0,135.667029391615,115.332064605654,0,0,259.055025639447,0,0,0,0,0,81.9664354533492,0,219.078548227669,133.984214699576,122.106946855269,58.3493451392805,0,213.67670887414,0,0,220.963068032256,0,151.075371308616,0,169.742003380707,0,0,0,0,124.853650664477,0,98.2230592632363,93.4234866874731,0,0,0
276.620869034647,0,0,151.695570509541,0,0,0,0,0,0,0,0,0,0,0,0,206.912707094411,0,261.605527103798,0,173.001559092555,0,0,0,0,109.093416850988,0,333.645516435298,0,0,0,119.345624434514,0,0,0,0,128.846764897717,0,108.381749703452,196.032358954952,0
0,0,0,0,306.344527664232,0,99.3508940827211,259.055025639447,0,0,97.5855511246009,220.901129804706,240.185081663983,78.8552325762656,89.9429017381717,0,173.201474590904,0,0,0,0,0,70.4221432298295,0,0,151.01089327964,0,202.712457066107,0,106.33736463831,0,0,0,236.681907140956,172.892533368851,158.955087279859,357.423078228283,81.2827395071039,0,0,0
0,0,0,0,0,0,0,0,0,97.5855511246009,0,0,0,0,0,0,0,0,0,284.529238481835,0,201.44584889478,0,134.566479261133,0,161.325017232684,93.5029580098427,0,90.1317194604647,82.1742780037132,0,141.204637091722,0,218.045528847001,92.3502314520023,0,187.77054666536,186.973586461633,193.659409924573,199.492852797962,325.937289045041
0,0,0,0,137.239127032733,193.777661225572,112.349934713559,0,0,220.901129804706,0,0,0,106.128596538706,188.851177466023,204.084074037941,0,146.770754374523,186.348837226466,201.100640800745,0,0,85.6072705949986,320.356811100276,0,309.997227542691,0,192.135034768848,112.793316814908,0,0,0,0,247.66948903751,113.059176128709,0,97.3506957544063,101.605593487621,101.5853655613,0,205.839960264176
0,0,0,89.707245288964,0,0,0,0,0,240.185081663983,0,0,0,0,0,0,0,0,114.649126378906,0,0,0,0,0,0,0,0,0,160.530221557972,0,0,0,0,192.693757128262,0,0,0,0,0,161.694997919804,0
0,0,0,153.876396855887,0,0,0,0,0,78.8552325762656,0,106.128596538706,0,0,0,0,0,0,0,154.784755881607,0,115.114253591495,0,0,0,0,143.005810983322,0,101.350815329073,0,0,0,0,212.592150359921,184.249961885477,115.868441404982,101.85207633558,95.7590805983148,0,142.385058730083,106.926813611922
0,0,0,0,0,0,104.369974912428,0,0,89.9429017381717,0,188.851177466023,0,0,0,0,0,82.4756938751058,0,0,0,0,128.530575464043,321.124897279917,338.131802716296,104.915316975638,94.7529894315991,0,0,0,0,0,0,139.792601838991,209.996727521564,0,0,0,192.601533877686,0,0
0,0,0,0,0,62.859596780235,0,81.9664354533492,0,0,0,204.084074037941,0,0,0,0,0,0,118.522099274347,108.136066660554,0,0,0,0,0,142.054529471577,84.3635741045246,0,161.74915061469,0,0,0,0,155.901486485736,0,228.075434767255,0,219.430938885781,0,0,0
0,0,0,0,303.527509149359,66.5008477853491,0,0,206.912707094411,173.201474590904,0,0,0,0,0,0,0,0,0,0,0,0,0,0,283.88658203332,0,0,111.435629183184,0,0,0,0,0,321.864157986053,0,158.567996645797,110.384905066973,116.176698124939,0,0,0
0,0,0,0,0,0,0,219.078548227669,0,0,0,146.770754374523,0,0,82.4756938751058,0,0,0,0,0,0,0,226.825099357786,0,0,0,0,0,250.461724766314,0,0,0,197.486504603685,0,103.519938150021,0,198.964527389285,0,0,116.054372245433,0
0,0,0,0,0,0,0,133.984214699576,261.605527103798,0,0,186.348837226466,114.649126378906,0,0,118.522099274347,0,0,0,0,165.893015276821,0,0,196.04190773555,0,0,179.718364159796,82.6426202489162,0,0,0,0,0,0,0,137.177378802006,0,227.504408813069,0,138.425725342224,0
82.6299537488922,0,0,0,0,101.443495235174,0,122.106946855269,0,0,284.529238481835,201.100640800745,0,154.784755881607,0,108.136066660554,0,0,0,0,159.183173818572,0,94.7280504127031,0,125.994729980093,0,0,345.797434674459,261.440278806413,0,0,75.4497121078207,0,115.541295036174,0,0,249.798812580765,335.371040201042,0,0,168.241326865882
0,0,0,0,0,0,62.311273509377,58.3493451392805,173.001559092555,0,0,0,0,0,0,0,0,0,165.893015276821,159.183173818572,0,0,0,140.574866691684,0,0,160.537522273714,348.674510760064,0,0,0,0,0,94.126460729827,0,61.0664810463559,114.511014214502,0,0,164.032723165762,217.157696745803
0,0,0,205.09013266389,0,0,0,0,0,0,201.44584889478,0,0,115.114253591495,0,0,0,0,0,0,0,0,94.8881692391942,71.4788760670054,0,0,0,0,0,0,0,0,0,0,125.81518738273,163.945208919892,0,0,0,0,221.805809452716
0,0,0,101.895308036513,180.543851962045,0,242.790381480436,213.67670887414,0,70.4221432298295,0,85.6072705949986,0,0,128.530575464043,0,0,226.825099357786,0,94.7280504127031,0,94.8881692391942,0,0,0,120.912756812582,347.376449530863,0,0,0,0,0,0,0,85.7623170715703,252.487290983309,0,0,0,87.8456058929559,0
0,204.481117647118,0,94.027247878695,0,0,188.936291522747,0,0,0,134.566479261133,320.356811100276,0,0,321.124897279917,0,0,0,196.04190773555,0,140.574866691684,71.4788760670054,0,0,0,228.792310020318,191.519780382943,72.2278283150671,259.442917595754,0,0,0,0,106.533627130087,146.465927798921,0,0,148.808626413748,112.823430872325,115.871357769661,92.5207898118833
0,0,0,0,0,0,0,0,0,0,0,0,0,0,338.131802716296,0,283.88658203332,0,0,125.994729980093,0,0,0,0,0,0,145.74089716123,111.226326353722,314.611698427915,0,0,0,0,67.8267069095267,0,0,197.893790332676,193.055010680236,0,0,251.098274723989
0,263.534399241887,0,0,137.189596148386,0,0,220.963068032256,109.093416850988,151.01089327964,161.325017232684,309.997227542691,0,0,104.915316975638,142.054529471577,0,0,0,0,0,0,120.912756812582,228.792310020318,0,0,0,215.611029055736,115.194491798135,0,0,0,0,162.833808134102,225.013371621378,73.1029054543569,128.405764333981,195.822649557859,0,146.814226519809,133.218162784108
0,0,0,0,74.4197823064597,0,90.7216186966914,0,0,0,93.5029580098427,0,0,143.005810983322,94.7529894315991,84.3635741045246,0,0,179.718364159796,0,160.537522273714,0,347.376449530863,191.519780382943,145.74089716123,0,0,161.275817184598,262.382215657622,283.248188884028,80.8080171296381,0,0,214.116367924649,0,0,206.472608421747,193.63278243493,0,74.7304794244225,138.33942793804
0,165.597665022977,0,0,136.792307586862,0,0,151.075371308616,333.645516435298,202.712457066107,0,192.135034768848,0,0,0,0,111.435629183184,0,82.6426202489162,345.797434674459,348.674510760064,0,0,72.2278283150671,111.226326353722,215.611029055736,161.275817184598,0,96.7845769653343,139.654362654449,155.24952173131,178.748963182352,289.631679007608,231.050882209,178.683678585178,154.142998692322,269.936825670274,98.6790043377568,73.4795582048751,117.208001126138,89.3673883748406
171.230058197369,0,0,0,98.417953423071,71.5579325720569,0,0,0,0,90.1317194604647,112.793316814908,160.530221557972,101.350815329073,0,161.74915061469,0,250.461724766314,0,261.440278806413,0,0,0,259.442917595754,314.611698427915,115.194491798135,262.382215657622,96.7845769653343,0,94.9380989123498,0,0,0,157.852515740516,135.294330067913,0,163.059043292369,0,0,89.1590885155172,124.698445421759
0,0,0,0,198.528111506785,0,0,169.742003380707,0,106.33736463831,82.1742780037132,0,0,0,0,0,0,0,0,0,0,0,0,0,0,0,283.248188884028,139.654362654449,94.9380989123498,0,0,0,0,113.144980278377,200.878319874537,181.316358113209,0,0,173.059382066957,0,0
0,0,0,0,0,0,0,0,0,0,0,0,0,0,0,0,0,0,0,0,0,0,0,0,0,0,80.8080171296381,155.24952173131,0,0,0,0,0,0,205.183249704085,0,146.99041817625,0,0,180.90030328818,171.906398392157
0,161.302948562323,0,183.786860782462,0,0,0,0,119.345624434514,0,141.204637091722,0,0,0,0,0,0,0,0,75.4497121078207,0,0,0,0,0,0,0,178.748963182352,0,0,0,0,0,0,131.969743415579,153.672550905948,231.715271819474,0,0,255.441154257905,224.523755099568
0,0,0,0,241.635434294794,0,0,0,0,0,0,0,0,0,0,0,0,197.486504603685,0,0,0,0,0,0,0,0,0,289.631679007608,0,0,0,0,0,154.065933476765,0,0,194.442125915551,0,0,0,0
0,0,0,80.4367166559625,190.185165668632,0,120.567029282014,0,0,236.681907140956,218.045528847001,247.66948903751,192.693757128262,212.592150359921,139.792601838991,155.901486485736,321.864157986053,0,0,115.541295036174,94.126460729827,0,0,106.533627130087,67.8267069095267,162.833808134102,214.116367924649,231.050882209,157.852515740516,113.144980278377,0,0,154.065933476765,0,96.5937438588657,0,172.608400267715,125.416941482916,219.040656038919,329.719143597451,0
0,0,195.378266313867,92.5568465385234,139.93285932648,178.224497384947,0,124.853650664477,0,172.892533368851,92.3502314520023,113.059176128709,0,184.249961885477,209.996727521564,0,0,103.519938150021,0,0,0,125.81518738273,85.7623170715703,146.465927798921,0,225.013371621378,0,178.683678585178,135.294330067913,200.878319874537,205.183249704085,131.969743415579,0,96.5937438588657,0,99.2646516363145,153.453047983244,0,0,174.013630695256,249.905610015455
0,0,0,0,0,78.9559315574845,119.728129215699,0,0,158.955087279859,0,0,0,115.868441404982,0,228.075434767255,158.567996645797,0,137.177378802006,0,61.0664810463559,163.945208919892,252.487290983309,0,0,73.1029054543569,0,154.142998692322,0,181.316358113209,0,153.672550905948,0,0,99.2646516363145,0,353.822894641502,180.355266595273,0,306.640284138334,150.161410108805
74.5815074003433,134.960780198024,0,0,211.840482897052,300.031143529538,154.070293657878,98.2230592632363,128.846764897717,357.423078228283,187.77054666536,97.3506957544063,0,101.85207633558,0,0,110.384905066973,198.964527389285,0,249.798812580765,114.511014214502,0,0,0,197.893790332676,128.405764333981,206.472608421747,269.936825670274,163.059043292369,0,146.99041817625,231.715271819474,194.442125915551,172.608400267715,153.453047983244,353.822894641502,0,238.934743274142,136.685314494491,241.682021696872,177.763106506206
0,0,76.5072790361762,153.609372090384,0,0,0,93.4234866874731,0,81.2827395071039,186.973586461633,101.605593487621,0,95.7590805983148,0,219.430938885781,116.176698124939,0,227.504408813069,335.371040201042,0,0,0,148.808626413748,193.055010680236,195.822649557859,193.63278243493,98.6790043377568,0,0,0,0,0,125.416941482916,0,180.355266595273,238.934743274142,0,167.066576495979,0,0
0,0,223.705816669619,169.453147353278,0,195.314816908693,0,0,108.381749703452,0,193.659409924573,101.5853655613,0,0,192.601533877686,0,0,0,0,0,0,0,0,112.823430872325,0,0,0,73.4795582048751,0,173.059382066957,0,0,0,219.040656038919,0,0,136.685314494491,167.066576495979,0,151.806152521152,280.376028997576
0,208.005106191961,175.196329314064,173.538155409849,0,253.401634605989,0,0,196.032358954952,0,199.492852797962,0,161.694997919804,142.385058730083,0,0,0,116.054372245433,138.425725342224,0,164.032723165762,0,87.8456058929559,115.871357769661,0,146.814226519809,74.7304794244225,117.208001126138,89.1590885155172,0,180.90030328818,255.441154257905,0,329.719143597451,174.013630695256,306.640284138334,241.682021696872,0,151.806152521152,0,323.781250289068
0,0,224.551207449728,100.812745974529,0,0,0,0,0,0,325.937289045041,205.839960264176,0,106.926813611922,0,0,0,0,0,168.241326865882,217.157696745803,221.805809452716,0,92.5207898118833,251.098274723989,133.218162784108,138.33942793804,89.3673883748406,124.698445421759,0,171.906398392157,224.523755099568,0,0,249.905610015455,150.161410108805,177.763106506206,0,280.376028997576,323.781250289068,0
