0,0,0,93.4234866874731,0,0,0,0,0,0,0,0,0,0,0,0,0,0,0,146.770754374523,0,0,0,0,0,0,72.2278283150671,0,0,0,0,0,0,165.597665022977,0,0,97.3506957544063,120.567029282014,0,0,0
0,0,0,0,0,0,0,173.201474590904,0,0,122.106946855269,0,0,0,0,73.1029054543569,0,0,0,0,0,0,0,0,0,0,0,0,323.781250289068,0,0,0,0,206.472608421747,0,0,0,0,0,117.208001126138,249.798812580765
0,0,0,0,0,0,0,0,0,0,0,0,0,231.715271819474,81.9664354533492,0,0,0,0,0,0,0,0,0,0,115.871357769661,0,0,67.8267069095267,0,0,0,0,0,0,0,0,0,0,0,173.538155409849
93.4234866874731,0,0,0,0,0,0,0,0,0,0,80.4367166559625,0,89.707245288964,94.8881692391942,0,0,0,0,201.44584889478,0,0,134.960780198024,137.239127032733,135.667029391615,0,0,138.33942793804,0,0,0,0,0,300.031143529538,0,0,0,195.822649557859,135.294330067913,187.77054666536,0
0,0,0,0,0,0,0,0,226.825099357786,0,0,0,0,0,0,0,0,0,0,357.423078228283,146.99041817625,169.742003380707,241.635434294794,0,0,0,0,115.194491798135,219.430938885781,0,224.551207449728,0,0,0,167.066576495979,205.839960264176,0,173.059382066957,85.6072705949986,193.659409924573,71.5579325720569
0,0,0,0,0,0,137.189596148386,0,0,0,154.784755881607,139.792601838991,0,0,0,196.032358954952,0,0,0,188.936291522747,0,0,0,139.93285932648,0,0,0,157.852515740516,106.33736463831,259.055025639447,0,0,0,94.7280504127031,213.67670887414,0,194.442125915551,0,0,74.7304794244225,114.511014214502
0,0,0,0,0,137.189596148386,0,0,0,0,0,160.530221557972,62.311273509377,0,101.85207633558,0,0,0,66.5008477853491,0,0,0,0,153.609372090384,205.09013266389,92.5568465385234,222.053792850439,0,227.504408813069,0,0,0,0,283.88658203332,192.135034768848,0,262.382215657622,0,0,0,0
0,173.201474590904,0,0,0,0,0,0,0,82.6299537488922,128.405764333981,219.078548227669,0,0,0,0,0,0,0,303.527509149359,101.895308036513,0,211.840482897052,98.417953423071,125.416941482916,0,0,99.2646516363145,0,0,0,0,0,172.608400267715,96.7845769653343,224.523755099568,159.183173818572,136.685314494491,112.793316814908,0,0
0,0,0,0,226.825099357786,0,0,0,0,141.204637091722,0,0,0,0,174.013630695256,0,0,125.81518738273,75.4497121078207,0,0,0,85.7623170715703,0,0,0,0,0,0,0,0,0,0,195.378266313867,0,0,261.605527103798,196.04190773555,71.4788760670054,321.124897279917,0
0,0,0,0,0,0,0,82.6299537488922,141.204637091722,0,158.567996645797,190.185165668632,160.537522273714,115.332064605654,0,178.748963182352,347.376449530863,0,154.142998692322,112.823430872325,113.144980278377,0,0,0,0,111.435629183184,0,112.349934713559,0,0,0,0,0,0,0,146.465927798921,181.316358113209,269.936825670274,0,335.371040201042,148.808626413748
0,122.106946855269,0,0,0,154.784755881607,0,128.405764333981,0,158.567996645797,0,178.224497384947,333.645516435298,0,0,0,0,0,183.786860782462,0,0,0,180.543851962045,87.8456058929559,0,173.001559092555,0,134.566479261133,0,0,0,119.728129215699,0,223.705816669619,186.348837226466,99.3508940827211,276.620869034647,0,0,0,0
0,0,0,80.4367166559625,0,139.792601838991,160.530221557972,219.078548227669,0,190.185165668632,178.224497384947,0,0,0,0,0,0,0,0,195.314816908693,131.969743415579,151.695570509541,251.098274723989,231.050882209,115.114253591495,250.461724766314,168.241326865882,153.876396855887,0,0,80.8080171296381,0,0,140.574866691684,220.901129804706,0,98.2230592632363,0,0,218.045528847001,161.275817184598
0,0,0,0,0,0,62.311273509377,0,0,160.537522273714,333.645516435298,0,0,0,0,0,0,0,0,0,0,0,0,161.694997919804,0,0,0,0,221.805809452716,0,0,0,0,0,0,0,90.7216186966914,0,0,0,0
0,0,231.715271819474,89.707245288964,0,0,0,0,0,115.332064605654,0,0,0,0,0,0,0,193.055010680236,0,0,0,0,0,0,0,172.892533368851,0,0,155.901486485736,199.492852797962,0,329.719143597451,0,232.945974238958,212.592150359921,0,155.24952173131,74.5815074003433,0,58.3493451392805,118.522099274347
0,0,81.9664354533492,94.8881692391942,0,0,101.85207633558,0,174.013630695256,0,0,0,0,0,0,0,120.912756812582,0,0,0,0,0,0,0,0,0,180.355266595273,236.681907140956,115.541295036174,0,0,0,0,0,154.065933476765,0,163.945208919892,0,0,309.997227542691,158.955087279859
0,73.1029054543569,0,0,0,196.032358954952,0,0,0,178.748963182352,0,0,0,0,0,0,0,0,0,0,0,0,0,306.344527664232,177.763106506206,0,82.4756938751058,0,0,0,0,0,0,259.442917595754,186.973586461633,283.248188884028,161.74915061469,0,0,0,92.5207898118833
0,0,0,0,0,0,0,0,0,347.376449530863,0,0,0,0,120.912756812582,0,0,0,198.528111506785,0,0,0,0,0,0,204.084074037941,0,161.325017232684,0,219.040656038919,0,0,0,0,180.90030328818,0,74.4197823064597,78.8552325762656,94.9380989123498,0,0
0,0,0,0,0,0,0,0,125.81518738273,0,0,0,0,193.055010680236,0,0,0,0,0,143.005810983322,0,0,0,0,0,0,0,142.054529471577,0,193.63278243493,0,0,94.7529894315991,0,202.712457066107,0,228.792310020318,0,0,0,94.126460729827
0,0,0,0,0,0,66.5008477853491,0,75.4497121078207,154.142998692322,183.786860782462,0,0,0,0,0,198.528111506785,0,0,133.218162784108,0,0,0,108.381749703452,0,0,110.384905066973,89.3673883748406,0,253.401634605989,0,0,0,97.5855511246009,0,0,0,215.611029055736,0,0,0
146.770754374523,0,0,201.44584889478,357.423078228283,188.936291522747,0,303.527509149359,0,112.823430872325,0,195.314816908693,0,0,0,0,0,143.005810983322,133.218162784108,0,84.3635741045246,0,241.682021696872,142.385058730083,0,0,228.075434767255,81.2827395071039,0,0,0,0,0,116.054372245433,139.654362654449,0,0,261.440278806413,0,0,0
0,0,0,0,146.99041817625,0,0,101.895308036513,0,113.144980278377,0,131.969743415579,0,0,0,0,0,0,0,84.3635741045246,0,0,179.718364159796,0,0,0,0,94.027247878695,161.302948562323,0,0,0,0,137.177378802006,0,128.846764897717,150.161410108805,0,90.1317194604647,0,151.01089327964
0,0,0,0,169.742003380707,0,0,0,0,0,0,151.695570509541,0,0,0,0,0,0,0,0,0,0,0,0,0,200.878319874537,163.059043292369,0,73.4795582048751,0,0,0,0,192.601533877686,103.519938150021,0,0,0,0,0,101.5853655613
0,0,0,134.960780198024,241.635434294794,0,0,211.840482897052,85.7623170715703,0,180.543851962045,251.098274723989,0,0,0,0,0,0,0,241.682021696872,179.718364159796,0,0,78.9559315574845,0,0,0,115.868441404982,197.486504603685,0,0,0,0,0,252.487290983309,0,240.185081663983,188.851177466023,0,0,164.032723165762
0,0,0,137.239127032733,0,139.93285932648,153.609372090384,98.417953423071,0,0,87.8456058929559,231.050882209,161.694997919804,0,0,306.344527664232,0,0,108.381749703452,142.385058730083,0,0,78.9559315574845,0,136.792307586862,306.640284138334,116.176698124939,0,0,0,0,178.683678585178,104.915316975638,93.5029580098427,0,0,111.226326353722,0,0,106.533627130087,0
0,0,0,135.667029391615,0,0,205.09013266389,125.416941482916,0,0,0,115.114253591495,0,0,0,177.763106506206,0,0,0,0,0,0,0,136.792307586862,0,0,101.605593487621,0,0,0,0,0,0,0,119.345624434514,0,89.9429017381717,0,0,145.74089716123,0
0,0,115.871357769661,0,0,0,92.5568465385234,0,0,111.435629183184,173.001559092555,250.461724766314,0,172.892533368851,0,0,204.084074037941,0,0,0,0,200.878319874537,0,306.640284138334,0,0,197.893790332676,345.797434674459,263.534399241887,153.672550905948,0,208.005106191961,0,101.443495235174,101.350815329073,0,151.075371308616,325.937289045041,0,70.4221432298295,238.934743274142
72.2278283150671,0,0,0,0,0,222.053792850439,0,0,0,0,168.241326865882,0,0,180.355266595273,82.4756938751058,0,0,110.384905066973,228.075434767255,0,163.059043292369,0,116.176698124939,101.605593487621,197.893790332676,0,98.6790043377568,89.1590885155172,0,0,0,0,241.57250333243,220.963068032256,109.093416850988,106.128596538706,289.631679007608,175.196329314064,201.100640800745,0
0,0,0,138.33942793804,115.194491798135,157.852515740516,0,99.2646516363145,0,112.349934713559,134.566479261133,153.876396855887,0,0,236.681907140956,0,161.325017232684,142.054529471577,89.3673883748406,81.2827395071039,94.027247878695,0,115.868441404982,0,0,345.797434674459,98.6790043377568,0,154.070293657878,0,169.453147353278,106.926813611922,0,97.3232815600345,321.864157986053,62.859596780235,95.7590805983148,82.6426202489162,96.5937438588657,162.833808134102,249.905610015455
0,323.781250289068,67.8267069095267,0,219.430938885781,106.33736463831,227.504408813069,0,0,0,0,0,221.805809452716,155.901486485736,115.541295036174,0,0,0,0,0,161.302948562323,73.4795582048751,197.486504603685,0,0,263.534399241887,89.1590885155172,154.070293657878,0,247.66948903751,0,353.822894641502,0,184.249961885477,100.812745974529,0,0,206.912707094411,0,165.893015276821,205.183249704085
0,0,0,0,0,259.055025639447,0,0,0,0,0,0,0,199.492852797962,0,0,219.040656038919,193.63278243493,253.401634605989,0,0,0,0,0,0,153.672550905948,0,0,247.66948903751,0,0,0,0,0,124.698445421759,124.853650664477,204.481117647118,348.674510760064,0,0,0
0,0,0,0,224.551207449728,0,0,0,0,0,0,80.8080171296381,0,0,0,0,0,0,0,0,0,0,0,0,0,0,0,169.453147353278,0,0,0,0,0,0,0,138.425725342224,0,0,61.0664810463559,192.693757128262,0
0,0,0,0,0,0,0,0,0,0,119.728129215699,0,0,329.719143597451,0,0,0,0,0,0,0,0,0,178.683678585178,0,208.005106191961,0,106.926813611922,353.822894641502,0,0,0,0,0,0,171.906398392157,151.036729364761,0,108.136066660554,198.964527389285,113.059176128709
0,0,0,0,0,0,0,0,0,0,0,0,0,0,0,0,0,94.7529894315991,0,0,0,0,0,104.915316975638,0,0,0,0,0,0,0,0,0,151.806152521152,0,76.5072790361762,0,0,0,82.1742780037132,0
165.597665022977,206.472608421747,0,300.031143529538,0,94.7280504127031,283.88658203332,172.608400267715,195.378266313867,0,223.705816669619,140.574866691684,0,232.945974238958,0,259.442917595754,0,0,97.5855511246009,116.054372245433,137.177378802006,192.601533877686,0,93.5029580098427,0,101.443495235174,241.57250333243,97.3232815600345,184.249961885477,0,0,0,151.806152521152,0,217.157696745803,146.814226519809,284.529238481835,320.356811100276,0,171.230058197369,0
0,0,0,0,167.066576495979,213.67670887414,192.135034768848,96.7845769653343,0,0,186.348837226466,220.901129804706,0,212.592150359921,154.065933476765,186.973586461633,180.90030328818,202.712457066107,0,139.654362654449,0,103.519938150021,252.487290983309,0,119.345624434514,101.350815329073,220.963068032256,321.864157986053,100.812745974529,124.698445421759,0,0,0,217.157696745803,0,191.519780382943,225.013371621378,0,125.994729980093,280.376028997576,0
0,0,0,0,205.839960264176,0,0,224.523755099568,0,146.465927798921,99.3508940827211,0,0,0,0,283.248188884028,0,0,0,0,128.846764897717,0,0,0,0,0,109.093416850988,62.859596780235,0,124.853650664477,138.425725342224,171.906398392157,76.5072790361762,146.814226519809,191.519780382943,0,242.790381480436,209.996727521564,128.530575464043,133.984214699576,92.3502314520023
97.3506957544063,0,0,0,0,194.442125915551,262.382215657622,159.183173818572,261.605527103798,181.316358113209,276.620869034647,98.2230592632363,90.7216186966914,155.24952173131,163.945208919892,161.74915061469,74.4197823064597,228.792310020318,0,0,150.161410108805,0,240.185081663983,111.226326353722,89.9429017381717,151.075371308616,106.128596538706,95.7590805983148,0,204.481117647118,0,151.036729364761,0,284.529238481835,225.013371621378,242.790381480436,0,153.453047983244,104.369974912428,193.777661225572,338.131802716296
120.567029282014,0,0,195.822649557859,173.059382066957,0,0,136.685314494491,196.04190773555,269.936825670274,0,0,0,74.5815074003433,0,0,78.8552325762656,0,215.611029055736,261.440278806413,0,0,188.851177466023,0,0,325.937289045041,289.631679007608,82.6426202489162,206.912707094411,348.674510760064,0,0,0,320.356811100276,0,209.996727521564,153.453047983244,0,0,214.116367924649,0
0,0,0,135.294330067913,85.6072705949986,0,0,112.793316814908,71.4788760670054,0,0,0,0,0,0,0,94.9380989123498,0,0,0,90.1317194604647,0,0,0,0,0,175.196329314064,96.5937438588657,0,0,61.0664810463559,108.136066660554,0,0,125.994729980093,128.530575464043,104.369974912428,0,0,114.649126378906,314.611698427915
0,117.208001126138,0,187.77054666536,193.659409924573,74.7304794244225,0,0,321.124897279917,335.371040201042,0,218.045528847001,0,58.3493451392805,309.997227542691,0,0,0,0,0,0,0,0,106.533627130087,145.74089716123,70.4221432298295,201.100640800745,162.833808134102,165.893015276821,0,192.693757128262,198.964527389285,82.1742780037132,171.230058197369,280.376028997576,133.984214699576,193.777661225572,214.116367924649,114.649126378906,0,255.441154257905
0,249.798812580765,173.538155409849,0,71.5579325720569,114.511014214502,0,0,0,148.808626413748,0,161.275817184598,0,118.522099274347,158.955087279859,92.5207898118833,0,94.126460729827,0,0,151.01089327964,101.5853655613,164.032723165762,0,0,238.934743274142,0,249.905610015455,205.183249704085,0,0,113.059176128709,0,0,0,92.3502314520023,338.131802716296,0,314.611698427915,255.441154257905,0
