0,0,0,0,0,0,0,0,0,78.8552325762656,335.371040201042,0,0,0,0,0,0,0,138.33942793804,0,0,0,0,0,0,0,0,174.013630695256,0,213.67670887414,0,0,0,0,0,0,96.7845769653343,0,0,0,0
0,0,0,0,201.100640800745,128.405764333981,0,0,0,0,0,75.4497121078207,0,146.814226519809,0,0,0,0,0,0,0,0,0,0,0,125.81518738273,0,0,0,0,90.7216186966914,0,0,0,0,0,314.611698427915,0,0,0,0
0,0,0,0,0,0,0,0,0,0,0,0,98.6790043377568,0,0,0,0,0,0,0,0,0,191.519780382943,0,0,0,0,202.712457066107,0,0,0,0,0,194.442125915551,0,0,0,98.2230592632363,0,0,0
0,0,0,0,153.672550905948,0,0,0,0,62.859596780235,0,0,0,0,0,0,0,0,0,241.635434294794,252.487290983309,0,221.805809452716,206.472608421747,0,146.465927798921,0,161.325017232684,81.9664354533492,0,0,0,0,97.3232815600345,0,108.136066660554,0,0,347.376449530863,0,179.718364159796
0,201.100640800745,0,153.672550905948,0,184.249961885477,0,283.248188884028,0,247.66948903751,0,0,0,0,0,0,0,0,0,0,0,110.384905066973,0,106.926813611922,0,139.93285932648,0,201.44584889478,0,0,0,0,0,249.798812580765,0,0,241.682021696872,116.054372245433,0,232.945974238958,190.185165668632
0,128.405764333981,0,0,184.249961885477,0,0,0,0,196.04190773555,0,158.955087279859,0,0,0,0,215.611029055736,66.5008477853491,0,0,0,240.185081663983,198.528111506785,192.693757128262,0,80.4367166559625,142.054529471577,0,0,0,101.605593487621,0,0,193.777661225572,224.551207449728,0,0,0,0,0,0
0,0,0,0,0,0,0,0,0,0,0,0,0,141.204637091722,0,0,146.770754374523,0,80.8080171296381,0,0,153.609372090384,0,0,0,0,151.01089327964,212.592150359921,0,137.239127032733,0,0,0,333.645516435298,124.698445421759,104.915316975638,193.659409924573,0,0,125.994729980093,101.443495235174
0,0,0,0,283.248188884028,0,0,0,0,0,0,0,0,112.793316814908,224.523755099568,0,0,0,0,0,164.032723165762,0,0,125.416941482916,0,93.5029580098427,0,0,84.3635741045246,0,173.538155409849,0,200.878319874537,181.316358113209,231.050882209,82.6299537488922,98.417953423071,161.302948562323,78.9559315574845,242.790381480436,0
0,0,0,0,0,0,0,0,0,0,205.839960264176,135.667029391615,0,251.098274723989,0,0,0,0,0,0,0,0,0,329.719143597451,0,0,0,178.748963182352,92.5568465385234,0,0,0,0,0,0,220.901129804706,160.537522273714,193.63278243493,119.728129215699,0,120.912756812582
78.8552325762656,0,0,62.859596780235,247.66948903751,196.04190773555,0,0,0,0,94.027247878695,67.8267069095267,325.937289045041,0,178.683678585178,320.356811100276,0,0,0,153.453047983244,0,0,0,0,175.196329314064,188.936291522747,0,0,71.4788760670054,0,0,0,0,165.597665022977,199.492852797962,0,0,74.4197823064597,192.601533877686,0,115.868441404982
335.371040201042,0,0,0,0,0,0,0,205.839960264176,94.027247878695,0,0,0,227.504408813069,151.806152521152,161.694997919804,114.649126378906,0,0,217.157696745803,0,0,0,0,0,0,72.2278283150671,0,106.533627130087,0,0,0,0,309.997227542691,103.519938150021,263.534399241887,197.486504603685,0,280.376028997576,133.984214699576,0
0,75.4497121078207,0,0,0,158.955087279859,0,0,135.667029391615,67.8267069095267,0,0,0,0,0,0,0,0,0,0,228.075434767255,198.964527389285,124.853650664477,171.906398392157,300.031143529538,128.530575464043,155.24952173131,97.5855511246009,0,128.846764897717,0,262.382215657622,135.294330067913,241.57250333243,0,134.960780198024,89.1590885155172,0,259.055025639447,177.763106506206,114.511014214502
0,0,98.6790043377568,0,0,0,0,0,0,325.937289045041,0,0,0,0,0,0,0,0,0,0,0,0,303.527509149359,155.901486485736,0,0,0,195.314816908693,0,0,0,0,0,0,0,0,154.784755881607,0,0,0,0
0,146.814226519809,0,0,0,0,141.204637091722,112.793316814908,251.098274723989,0,227.504408813069,0,0,0,0,0,0,0,220.963068032256,0,0,0,0,0,0,0,93.4234866874731,94.8881692391942,73.1029054543569,178.224497384947,0,0,0,0,71.5579325720569,0,226.825099357786,0,0,89.9429017381717,115.332064605654
0,0,0,0,0,0,0,224.523755099568,0,178.683678585178,151.806152521152,0,0,0,0,0,0,0,0,82.4756938751058,0,0,0,0,276.620869034647,259.442917595754,0,0,58.3493451392805,0,0,0,0,97.3506957544063,348.674510760064,115.871357769661,62.311273509377,0,0,0,151.695570509541
0,0,0,0,0,0,0,0,0,320.356811100276,161.694997919804,0,0,0,0,0,0,0,0,0,0,0,0,85.7623170715703,0,0,76.5072790361762,61.0664810463559,0,0,0,108.381749703452,0,92.5207898118833,0,228.792310020318,151.075371308616,187.77054666536,0,115.114253591495,0
0,0,0,0,0,215.611029055736,146.770754374523,0,0,0,114.649126378906,0,0,0,0,0,0,0,0,0,0,0,0,0,0,353.822894641502,154.142998692322,136.792307586862,0,0,0,0,0,0,82.1742780037132,0,104.369974912428,0,0,138.425725342224,196.032358954952
0,0,0,0,0,66.5008477853491,0,0,0,0,0,0,0,0,0,0,0,0,0,0,0,0,219.040656038919,0,0,0,163.059043292369,0,70.4221432298295,0,0,0,140.574866691684,214.116367924649,111.435629183184,0,139.654362654449,0,0,0,169.453147353278
138.33942793804,0,0,0,0,0,80.8080171296381,0,0,0,0,0,0,220.963068032256,0,0,0,0,0,0,0,0,0,0,0,101.350815329073,321.864157986053,193.055010680236,0,0,0,0,0,208.005106191961,195.378266313867,146.99041817625,0,225.013371621378,157.852515740516,321.124897279917,0
0,0,0,241.635434294794,0,0,0,0,0,153.453047983244,217.157696745803,0,0,0,82.4756938751058,0,0,0,0,0,0,0,255.441154257905,0,0,82.6426202489162,206.912707094411,0,0,345.797434674459,0,154.065933476765,0,74.5815074003433,145.74089716123,137.189596148386,186.973586461633,261.605527103798,113.144980278377,148.808626413748,172.608400267715
0,0,0,252.487290983309,0,0,0,164.032723165762,0,0,0,228.075434767255,0,0,0,0,0,0,0,0,0,205.183249704085,0,94.9380989123498,0,99.2646516363145,0,94.7280504127031,0,0,0,306.640284138334,0,283.88658203332,89.707245288964,0,188.851177466023,289.631679007608,0,219.430938885781,0
0,0,0,0,110.384905066973,240.185081663983,153.609372090384,0,0,0,0,198.964527389285,0,0,0,0,0,0,0,0,205.183249704085,0,0,0,0,0,0,0,0,0,0,0,0,0,134.566479261133,253.401634605989,0,0,101.895308036513,0,0
0,0,191.519780382943,221.805809452716,0,198.528111506785,0,0,0,0,0,124.853650664477,303.527509149359,0,0,0,0,219.040656038919,0,255.441154257905,0,0,0,0,0,0,338.131802716296,158.567996645797,159.183173818572,0,186.348837226466,90.1317194604647,0,0,0,0,96.5937438588657,323.781250289068,87.8456058929559,0,0
0,0,0,206.472608421747,106.926813611922,192.693757128262,0,125.416941482916,329.719143597451,0,0,171.906398392157,155.901486485736,0,0,85.7623170715703,0,0,0,0,94.9380989123498,0,0,0,0,0,0,150.161410108805,0,0,0,172.892533368851,0,161.275817184598,131.969743415579,81.2827395071039,106.33736463831,99.3508940827211,106.128596538706,163.945208919892,94.126460729827
0,0,0,0,0,0,0,0,0,175.196329314064,0,300.031143529538,0,0,276.620869034647,0,0,0,0,0,0,0,0,0,0,100.812745974529,0,223.705816669619,0,0,0,0,0,209.996727521564,151.036729364761,284.529238481835,165.893015276821,0,0,357.423078228283,0
0,125.81518738273,0,146.465927798921,139.93285932648,80.4367166559625,0,93.5029580098427,0,188.936291522747,0,128.530575464043,0,0,259.442917595754,0,353.822894641502,0,101.350815329073,82.6426202489162,99.2646516363145,0,0,0,100.812745974529,0,173.059382066957,153.876396855887,269.936825670274,0,0,0,0,180.543851962045,205.09013266389,0,0,0,0,101.85207633558,306.344527664232
0,0,0,0,0,142.054529471577,151.01089327964,0,0,0,72.2278283150671,155.24952173131,0,93.4234866874731,0,76.5072790361762,154.142998692322,163.059043292369,321.864157986053,206.912707094411,0,0,338.131802716296,0,0,173.059382066957,0,231.715271819474,171.230058197369,0,0,89.3673883748406,0,94.7529894315991,249.905610015455,173.001559092555,143.005810983322,109.093416850988,0,0,0
174.013630695256,0,202.712457066107,161.325017232684,201.44584889478,0,212.592150359921,0,178.748963182352,0,0,97.5855511246009,195.314816908693,94.8881692391942,0,61.0664810463559,136.792307586862,0,193.055010680236,0,94.7280504127031,0,158.567996645797,150.161410108805,223.705816669619,153.876396855887,231.715271819474,0,219.078548227669,136.685314494491,0,112.823430872325,0,120.567029282014,119.345624434514,116.176698124939,0,117.208001126138,0,238.934743274142,118.522099274347
0,0,0,81.9664354533492,0,0,0,84.3635741045246,92.5568465385234,71.4788760670054,106.533627130087,0,0,73.1029054543569,58.3493451392805,0,0,70.4221432298295,0,0,0,0,159.183173818572,0,0,269.936825670274,171.230058197369,219.078548227669,0,180.355266595273,250.461724766314,0,168.241326865882,162.833808134102,73.4795582048751,192.135034768848,101.5853655613,0,222.053792850439,95.7590805983148,0
213.67670887414,0,0,0,0,0,137.239127032733,0,0,0,0,128.846764897717,0,178.224497384947,0,0,0,0,0,345.797434674459,0,0,0,0,0,0,0,136.685314494491,180.355266595273,0,0,0,0,154.070293657878,0,0,180.90030328818,115.194491798135,0,113.059176128709,0
0,90.7216186966914,0,0,0,101.605593487621,0,173.538155409849,0,0,0,0,0,0,0,0,0,0,0,0,0,0,186.348837226466,0,0,0,0,0,250.461724766314,0,0,0,0,0,0,0,0,0,0,218.045528847001,0
0,0,0,0,0,0,0,0,0,0,0,262.382215657622,0,0,0,108.381749703452,0,0,0,154.065933476765,306.640284138334,0,90.1317194604647,172.892533368851,0,0,89.3673883748406,112.823430872325,0,0,0,0,0,0,195.822649557859,0,0,0,0,133.218162784108,142.385058730083
0,0,0,0,0,0,0,200.878319874537,0,0,0,135.294330067913,0,0,0,0,0,140.574866691684,0,0,0,0,0,0,0,0,0,0,168.241326865882,0,0,0,0,0,0,0,160.530221557972,0,0,0,0
0,0,194.442125915551,97.3232815600345,249.798812580765,193.777661225572,333.645516435298,181.316358113209,0,165.597665022977,309.997227542691,241.57250333243,0,0,97.3506957544063,92.5207898118833,0,214.116367924649,208.005106191961,74.5815074003433,283.88658203332,0,0,161.275817184598,209.996727521564,180.543851962045,94.7529894315991,120.567029282014,162.833808134102,154.070293657878,0,0,0,0,0,0,74.7304794244225,139.792601838991,0,204.084074037941,122.106946855269
0,0,0,0,0,224.551207449728,124.698445421759,231.050882209,0,199.492852797962,103.519938150021,0,0,71.5579325720569,348.674510760064,0,82.1742780037132,111.435629183184,195.378266313867,145.74089716123,89.707245288964,134.566479261133,0,131.969743415579,151.036729364761,205.09013266389,249.905610015455,119.345624434514,73.4795582048751,0,0,195.822649557859,0,0,0,0,115.541295036174,261.440278806413,211.840482897052,204.481117647118,197.893790332676
0,0,0,108.136066660554,0,0,104.915316975638,82.6299537488922,220.901129804706,0,263.534399241887,134.960780198024,0,0,115.871357769661,228.792310020318,0,0,146.99041817625,137.189596148386,0,253.401634605989,0,81.2827395071039,284.529238481835,0,173.001559092555,116.176698124939,192.135034768848,0,0,0,0,0,0,0,111.226326353722,0,0,92.3502314520023,167.066576495979
96.7845769653343,314.611698427915,0,0,241.682021696872,0,193.659409924573,98.417953423071,160.537522273714,0,197.486504603685,89.1590885155172,154.784755881607,226.825099357786,62.311273509377,151.075371308616,104.369974912428,139.654362654449,0,186.973586461633,188.851177466023,0,96.5937438588657,106.33736463831,165.893015276821,0,143.005810983322,0,101.5853655613,180.90030328818,0,0,160.530221557972,74.7304794244225,115.541295036174,111.226326353722,0,161.74915061469,236.681907140956,183.786860782462,169.742003380707
0,0,98.2230592632363,0,116.054372245433,0,0,161.302948562323,193.63278243493,74.4197823064597,0,0,0,0,0,187.77054666536,0,0,225.013371621378,261.605527103798,289.631679007608,0,323.781250289068,99.3508940827211,0,0,109.093416850988,117.208001126138,0,115.194491798135,0,0,0,139.792601838991,261.440278806413,0,161.74915061469,0,112.349934713559,173.201474590904,137.177378802006
0,0,0,347.376449530863,0,0,0,78.9559315574845,119.728129215699,192.601533877686,280.376028997576,259.055025639447,0,0,0,0,0,0,157.852515740516,113.144980278377,0,101.895308036513,87.8456058929559,106.128596538706,0,0,0,0,222.053792850439,0,0,0,0,0,211.840482897052,0,236.681907140956,112.349934713559,0,0,0
0,0,0,0,232.945974238958,0,125.994729980093,242.790381480436,0,0,133.984214699576,177.763106506206,0,89.9429017381717,0,115.114253591495,138.425725342224,0,321.124897279917,148.808626413748,219.430938885781,0,0,163.945208919892,357.423078228283,101.85207633558,0,238.934743274142,95.7590805983148,113.059176128709,218.045528847001,133.218162784108,0,204.084074037941,204.481117647118,92.3502314520023,183.786860782462,173.201474590904,0,0,85.6072705949986
0,0,0,179.718364159796,190.185165668632,0,101.443495235174,0,120.912756812582,115.868441404982,0,114.511014214502,0,115.332064605654,151.695570509541,0,196.032358954952,169.453147353278,0,172.608400267715,0,0,0,94.126460729827,0,306.344527664232,0,118.522099274347,0,0,0,142.385058730083,0,122.106946855269,197.893790332676,167.066576495979,169.742003380707,137.177378802006,0,85.6072705949986,0
