0,0,0,0,0,0,0,0,0,0,0,0,0,0,0,193.63278243493,0,227.504408813069,0,0,0,0,0,0,0,0,0,0,87.8456058929559,0,0,0,0,190.185165668632,0,0,211.840482897052,0,0,163.945208919892,0
0,0,0,0,0,0,0,0,0,0,0,247.66948903751,0,0,0,0,0,219.040656038919,0,0,0,0,119.345624434514,205.183249704085,78.8552325762656,0,0,0,173.001559092555,0,0,0,0,0,0,0,0,0,0,112.349934713559,0
0,0,0,0,0,192.135034768848,0,0,0,0,0,0,0,0,0,0,0,0,0,0,0,0,0,0,0,0,184.249961885477,251.098274723989,0,0,0,0,0,0,0,0,106.128596538706,0,0,0,325.937289045041
0,0,0,0,0,109.093416850988,0,0,0,0,89.1590885155172,0,148.808626413748,136.792307586862,186.973586461633,0,0,0,0,0,0,0,0,0,0,0,0,201.100640800745,0,0,180.543851962045,62.859596780235,0,112.823430872325,180.355266595273,98.2230592632363,0,219.078548227669,159.183173818572,0,0
0,0,0,0,0,0,0,0,168.241326865882,0,0,0,0,223.705816669619,89.3673883748406,0,0,0,0,0,0,0,106.33736463831,0,76.5072790361762,0,0,241.635434294794,197.486504603685,0,0,165.597665022977,0,250.461724766314,0,154.784755881607,71.5579325720569,0,93.5029580098427,172.892533368851,101.443495235174
0,0,192.135034768848,109.093416850988,0,0,259.055025639447,187.77054666536,115.871357769661,224.523755099568,0,139.792601838991,0,0,0,0,0,0,0,0,0,0,0,0,0,0,0,94.8881692391942,0,183.786860782462,90.1317194604647,0,0,101.350815329073,139.654362654449,0,98.417953423071,0,0,0,348.674510760064
0,0,0,0,0,259.055025639447,0,0,0,321.124897279917,0,158.567996645797,0,0,0,0,0,0,221.805809452716,139.93285932648,0,192.693757128262,0,0,0,73.4795582048751,99.2646516363145,0,0,0,0,0,0,171.230058197369,0,240.185081663983,205.839960264176,167.066576495979,115.332064605654,0,0
0,0,0,0,0,187.77054666536,0,0,0,0,0,263.534399241887,106.533627130087,161.694997919804,0,0,0,0,0,0,165.893015276821,0,0,0,113.059176128709,204.084074037941,0,146.814226519809,124.698445421759,151.036729364761,0,0,0,74.5815074003433,218.045528847001,110.384905066973,0,261.440278806413,0,92.5207898118833,161.325017232684
0,0,0,0,168.241326865882,115.871357769661,0,0,0,0,0,0,0,0,94.126460729827,0,0,0,178.748963182352,193.777661225572,0,0,0,306.344527664232,0,0,0,0,196.04190773555,0,0,150.161410108805,0,0,160.537522273714,0,0,157.852515740516,333.645516435298,0,0
0,0,0,0,0,224.523755099568,321.124897279917,0,0,0,300.031143529538,155.24952173131,0,228.792310020318,0,0,153.876396855887,0,74.4197823064597,0,0,0,0,161.74915061469,0,119.728129215699,353.822894641502,138.425725342224,0,0,0,0,0,81.2827395071039,101.5853655613,161.275817184598,151.01089327964,0,136.685314494491,153.609372090384,124.853650664477
0,0,0,89.1590885155172,0,0,0,0,0,300.031143529538,0,0,0,62.311273509377,0,195.822649557859,73.1029054543569,0,131.969743415579,0,0,0,0,0,0,82.1742780037132,219.430938885781,208.005106191961,90.7216186966914,0,71.4788760670054,0,0,92.3502314520023,329.719143597451,0,163.059043292369,128.846764897717,0,143.005810983322,0
0,247.66948903751,0,0,0,139.792601838991,158.567996645797,263.534399241887,0,155.24952173131,0,0,0,0,172.608400267715,209.996727521564,0,0,0,199.492852797962,0,0,220.963068032256,241.682021696872,0,120.912756812582,0,125.416941482916,118.522099274347,80.4367166559625,0,0,0,181.316358113209,0,115.114253591495,206.912707094411,193.659409924573,78.9559315574845,193.055010680236,74.7304794244225
0,0,0,148.808626413748,0,0,0,106.533627130087,0,0,0,0,0,0,0,0,0,0,0,0,0,0,96.5937438588657,0,0,0,0,0,0,0,0,0,0,153.672550905948,160.530221557972,0,0,0,0,191.519780382943,0
0,0,0,136.792307586862,223.705816669619,0,0,161.694997919804,0,228.792310020318,62.311273509377,0,0,0,0,0,0,0,142.385058730083,0,58.3493451392805,0,133.218162784108,0,0,0,0,0,154.065933476765,0,0,0,0,0,204.481117647118,0,112.793316814908,117.208001126138,0,289.631679007608,158.955087279859
0,0,0,186.973586461633,89.3673883748406,0,0,0,94.126460729827,0,0,172.608400267715,0,0,0,0,0,0,162.833808134102,0,0,0,0,101.605593487621,0,0,0,206.472608421747,0,67.8267069095267,0,0,0,0,0,198.528111506785,320.356811100276,111.226326353722,0,164.032723165762,0
193.63278243493,0,0,0,0,0,0,0,0,0,195.822649557859,209.996727521564,0,0,0,0,0,0,0,0,0,0,0,0,0,0,103.519938150021,222.053792850439,61.0664810463559,116.176698124939,0,0,0,128.405764333981,213.67670887414,0,173.059382066957,0,0,0,97.3506957544063
0,0,0,0,0,0,0,0,0,153.876396855887,73.1029054543569,0,0,0,0,0,0,0,0,0,195.314816908693,0,0,140.574866691684,0,262.382215657622,0,253.401634605989,0,0,0,0,0,137.189596148386,0,0,115.868441404982,0,0,85.6072705949986,142.054529471577
227.504408813069,219.040656038919,0,0,0,0,0,0,0,0,0,0,0,0,0,0,0,0,0,0,0,0,104.369974912428,0,0,0,115.194491798135,98.6790043377568,0,138.33942793804,0,0,0,195.378266313867,252.487290983309,0,0,0,0,200.878319874537,0
0,0,0,0,0,0,221.805809452716,0,178.748963182352,74.4197823064597,131.969743415579,0,0,142.385058730083,162.833808134102,0,0,0,0,0,0,0,0,111.435629183184,0,154.142998692322,0,0,0,151.806152521152,0,0,0,0,0,0,146.465927798921,259.442917595754,155.901486485736,0,0
0,0,0,0,0,0,139.93285932648,0,193.777661225572,0,0,199.492852797962,0,0,0,0,0,0,0,0,125.81518738273,134.960780198024,0,241.57250333243,188.851177466023,82.6299537488922,97.5855511246009,72.2278283150671,0,225.013371621378,0,0,0,70.4221432298295,255.441154257905,0,178.683678585178,100.812745974529,276.620869034647,94.7529894315991,0
0,0,0,0,0,0,0,165.893015276821,0,0,0,0,0,58.3493451392805,0,0,195.314816908693,0,0,125.81518738273,0,0,0,205.09013266389,0,0,169.742003380707,323.781250289068,321.864157986053,0,95.7590805983148,0,0,0,0,0,177.763106506206,0,284.529238481835,82.4756938751058,153.453047983244
0,0,0,0,0,0,192.693757128262,0,0,0,0,0,0,0,0,0,0,0,0,134.960780198024,0,0,0,80.8080171296381,0,0,0,269.936825670274,114.511014214502,0,0,0,108.136066660554,0,137.177378802006,101.895308036513,0,0,0,0,0
0,119.345624434514,0,0,106.33736463831,0,0,0,0,0,0,220.963068032256,96.5937438588657,133.218162784108,0,0,0,104.369974912428,0,0,0,0,0,0,0,0,220.901129804706,84.3635741045246,0,178.224497384947,0,151.695570509541,0,280.376028997576,175.196329314064,0,141.204637091722,194.442125915551,0,0,93.4234866874731
0,205.183249704085,0,0,0,0,0,0,306.344527664232,161.74915061469,0,241.682021696872,0,0,101.605593487621,0,140.574866691684,0,111.435629183184,241.57250333243,205.09013266389,80.8080171296381,0,0,0,0,173.201474590904,85.7623170715703,137.239127032733,0,0,0,0,347.376449530863,89.707245288964,0,66.5008477853491,306.640284138334,94.9380989123498,314.611698427915,0
0,78.8552325762656,0,0,76.5072790361762,0,0,113.059176128709,0,0,0,0,0,0,0,0,0,0,0,188.851177466023,0,0,0,0,0,261.605527103798,214.116367924649,0,0,0,224.551207449728,0,0,0,188.936291522747,338.131802716296,0,0,0,0,357.423078228283
0,0,0,0,0,0,73.4795582048751,204.084074037941,0,119.728129215699,82.1742780037132,120.912756812582,0,0,0,0,262.382215657622,0,154.142998692322,82.6299537488922,0,0,0,0,261.605527103798,0,101.85207633558,215.611029055736,0,0,0,335.371040201042,180.90030328818,97.3232815600345,236.681907140956,173.538155409849,212.592150359921,146.770754374523,0,202.712457066107,145.74089716123
0,0,184.249961885477,0,0,0,99.2646516363145,0,0,353.822894641502,219.430938885781,0,0,0,0,103.519938150021,0,115.194491798135,0,97.5855511246009,169.742003380707,0,220.901129804706,173.201474590904,214.116367924649,101.85207633558,0,113.144980278377,94.7280504127031,0,0,228.075434767255,0,198.964527389285,0,197.893790332676,115.541295036174,0,81.9664354533492,134.566479261133,0
0,0,251.098274723989,201.100640800745,241.635434294794,94.8881692391942,0,146.814226519809,0,138.425725342224,208.005106191961,125.416941482916,0,0,206.472608421747,222.053792850439,253.401634605989,98.6790043377568,0,72.2278283150671,323.781250289068,269.936825670274,84.3635741045246,85.7623170715703,0,215.611029055736,113.144980278377,0,128.530575464043,0,0,75.4497121078207,0,186.348837226466,120.567029282014,96.7845769653343,249.798812580765,231.050882209,0,238.934743274142,0
87.8456058929559,173.001559092555,0,0,197.486504603685,0,0,124.698445421759,196.04190773555,0,90.7216186966914,118.522099274347,0,154.065933476765,0,61.0664810463559,0,0,0,0,321.864157986053,114.511014214502,0,137.239127032733,0,0,94.7280504127031,128.530575464043,0,0,0,0,0,122.106946855269,283.88658203332,249.905610015455,154.070293657878,116.054372245433,0,226.825099357786,125.994729980093
0,0,0,0,0,183.786860782462,0,151.036729364761,0,0,0,80.4367166559625,0,0,67.8267069095267,116.176698124939,0,138.33942793804,151.806152521152,225.013371621378,0,0,178.224497384947,0,0,0,0,0,0,0,0,0,0,0,0,0,201.44584889478,0,0,0,82.6426202489162
0,0,0,180.543851962045,0,90.1317194604647,0,0,0,0,71.4788760670054,0,0,0,0,0,0,0,0,0,95.7590805983148,0,0,0,224.551207449728,0,0,0,0,0,0,0,0,104.915316975638,0,0,0,0,0,0,0
0,0,0,62.859596780235,165.597665022977,0,0,0,150.161410108805,0,0,0,0,0,0,0,0,0,0,0,0,0,151.695570509541,0,0,335.371040201042,228.075434767255,75.4497121078207,0,0,0,0,0,0,161.302948562323,283.248188884028,0,0,0,169.453147353278,135.667029391615
0,0,0,0,0,0,0,0,0,0,0,0,0,0,0,0,0,0,0,0,0,108.136066660554,0,0,0,180.90030328818,0,0,0,0,0,0,0,135.294330067913,94.027247878695,0,106.926813611922,0,0,0,0
190.185165668632,0,0,112.823430872325,250.461724766314,101.350815329073,171.230058197369,74.5815074003433,0,81.2827395071039,92.3502314520023,181.316358113209,153.672550905948,0,0,128.405764333981,137.189596148386,195.378266313867,0,70.4221432298295,0,0,280.376028997576,347.376449530863,0,97.3232815600345,198.964527389285,186.348837226466,122.106946855269,0,104.915316975638,0,135.294330067913,0,151.075371308616,0,179.718364159796,146.99041817625,0,99.3508940827211,0
0,0,0,180.355266595273,0,139.654362654449,0,218.045528847001,160.537522273714,101.5853655613,329.719143597451,0,160.530221557972,204.481117647118,0,213.67670887414,0,252.487290983309,0,255.441154257905,0,137.177378802006,175.196329314064,89.707245288964,188.936291522747,236.681907140956,0,120.567029282014,283.88658203332,0,0,161.302948562323,94.027247878695,151.075371308616,0,108.381749703452,196.032358954952,345.797434674459,0,0,174.013630695256
0,0,0,98.2230592632363,154.784755881607,0,240.185081663983,110.384905066973,0,161.275817184598,0,115.114253591495,0,0,198.528111506785,0,0,0,0,0,0,101.895308036513,0,0,338.131802716296,173.538155409849,197.893790332676,96.7845769653343,249.905610015455,0,0,283.248188884028,0,0,108.381749703452,0,171.906398392157,0,114.649126378906,232.945974238958,192.601533877686
211.840482897052,0,106.128596538706,0,71.5579325720569,98.417953423071,205.839960264176,0,0,151.01089327964,163.059043292369,206.912707094411,0,112.793316814908,320.356811100276,173.059382066957,115.868441404982,0,146.465927798921,178.683678585178,177.763106506206,0,141.204637091722,66.5008477853491,0,212.592150359921,115.541295036174,249.798812580765,154.070293657878,201.44584889478,0,0,106.926813611922,179.718364159796,196.032358954952,171.906398392157,0,92.5568465385234,217.157696745803,231.715271819474,303.527509149359
0,0,0,219.078548227669,0,0,167.066576495979,261.440278806413,157.852515740516,0,128.846764897717,193.659409924573,0,117.208001126138,111.226326353722,0,0,0,259.442917595754,100.812745974529,0,0,194.442125915551,306.640284138334,0,146.770754374523,0,231.050882209,116.054372245433,0,0,0,0,146.99041817625,345.797434674459,0,92.5568465385234,0,133.984214699576,0,242.790381480436
0,0,0,159.183173818572,93.5029580098427,0,115.332064605654,0,333.645516435298,136.685314494491,0,78.9559315574845,0,0,0,0,0,0,155.901486485736,276.620869034647,284.529238481835,0,0,94.9380989123498,0,0,81.9664354533492,0,0,0,0,0,0,0,0,114.649126378906,217.157696745803,133.984214699576,0,309.997227542691,0
163.945208919892,112.349934713559,0,0,172.892533368851,0,0,92.5207898118833,0,153.609372090384,143.005810983322,193.055010680236,191.519780382943,289.631679007608,164.032723165762,0,85.6072705949986,200.878319874537,0,94.7529894315991,82.4756938751058,0,0,314.611698427915,0,202.712457066107,134.566479261133,238.934743274142,226.825099357786,0,0,169.453147353278,0,99.3508940827211,0,232.945974238958,231.715271819474,0,309.997227542691,0,89.9429017381717
0,0,325.937289045041,0,101.443495235174,348.674510760064,0,161.325017232684,0,124.853650664477,0,74.7304794244225,0,158.955087279859,0,97.3506957544063,142.054529471577,0,0,0,153.453047983244,0,93.4234866874731,0,357.423078228283,145.74089716123,0,0,125.994729980093,82.6426202489162,0,135.667029391615,0,0,174.013630695256,192.601533877686,303.527509149359,242.790381480436,0,89.9429017381717,0
