0,0,0,81.9664354533492,0,0,0,0,0,0,72.2278283150671,238.934743274142,0,0,0,0,0,0,0,0,0,0,0,0,0,227.504408813069,0,0,0,0,0,0,0,172.892533368851,0,347.376449530863,0,0,0,0,0
0,0,0,0,0,0,0,0,0,0,0,193.055010680236,0,0,0,0,231.715271819474,0,0,0,0,0,0,0,0,0,205.09013266389,73.1029054543569,0,0,0,0,0,253.401634605989,98.2230592632363,0,0,134.960780198024,0,0,0
0,0,0,0,0,0,97.5855511246009,0,0,0,0,0,0,0,0,0,0,0,0,0,0,0,0,113.059176128709,0,0,0,0,219.430938885781,0,0,0,0,0,0,0,187.77054666536,0,0,153.453047983244,0
81.9664354533492,0,0,0,0,0,0,0,0,218.045528847001,0,74.4197823064597,0,0,0,0,0,0,0,0,114.649126378906,0,212.592150359921,115.868441404982,0,0,0,196.04190773555,0,0,0,0,0,97.3232815600345,325.937289045041,0,0,85.7623170715703,99.2646516363145,137.177378802006,222.053792850439
0,0,0,0,0,87.8456058929559,0,0,0,0,0,92.5568465385234,0,0,0,321.124897279917,219.078548227669,0,0,153.672550905948,0,0,0,0,161.694997919804,0,0,241.635434294794,193.777661225572,0,0,0,0,0,231.050882209,197.486504603685,192.135034768848,122.106946855269,202.712457066107,0,110.384905066973
0,0,0,0,87.8456058929559,0,178.748963182352,0,0,0,0,0,0,269.936825670274,0,0,159.183173818572,0,174.013630695256,0,0,0,108.136066660554,0,97.3506957544063,0,111.435629183184,0,0,0,0,0,0,0,300.031143529538,0,213.67670887414,161.275817184598,82.6426202489162,100.812745974529,178.224497384947
0,0,97.5855511246009,0,0,178.748963182352,0,0,0,0,106.128596538706,0,0,0,94.8881692391942,0,0,0,78.8552325762656,217.157696745803,0,0,0,0,345.797434674459,139.792601838991,209.996727521564,151.036729364761,0,0,0,0,0,0,0,259.442917595754,249.798812580765,0,214.116367924649,0,0
0,0,0,0,0,0,0,0,136.792307586862,215.611029055736,175.196329314064,0,0,0,0,0,0,0,0,180.355266595273,0,0,0,221.805809452716,128.405764333981,0,0,125.81518738273,115.332064605654,0,0,169.453147353278,0,188.851177466023,158.955087279859,252.487290983309,104.369974912428,0,154.070293657878,116.054372245433,192.693757128262
0,0,0,0,0,0,0,136.792307586862,0,0,0,0,141.204637091722,120.912756812582,0,94.7529894315991,0,0,92.3502314520023,0,0,186.348837226466,0,0,0,0,226.825099357786,0,173.538155409849,0,192.601533877686,0,0,154.142998692322,0,96.5937438588657,0,0,0,0,0
0,0,0,218.045528847001,0,0,0,215.611029055736,0,0,0,306.344527664232,0,67.8267069095267,82.4756938751058,0,0,211.840482897052,0,0,323.781250289068,0,0,146.814226519809,198.528111506785,112.349934713559,111.226326353722,62.859596780235,134.566479261133,0,0,0,172.608400267715,0,173.001559092555,0,112.823430872325,0,208.005106191961,0,167.066576495979
72.2278283150671,0,0,0,0,0,106.128596538706,175.196329314064,0,0,0,195.822649557859,0,0,0,0,106.33736463831,0,0,115.194491798135,0,0,181.316358113209,0,223.705816669619,306.640284138334,116.176698124939,93.5029580098427,151.695570509541,0,0,0,0,204.481117647118,0,0,0,232.945974238958,0,168.241326865882,136.685314494491
238.934743274142,193.055010680236,0,74.4197823064597,92.5568465385234,0,0,0,0,306.344527664232,195.822649557859,0,193.659409924573,0,0,0,0,62.311273509377,0,70.4221432298295,101.5853655613,0,228.075434767255,137.189596148386,0,197.893790332676,280.376028997576,357.423078228283,0,0,0,0,0,95.7590805983148,200.878319874537,0,228.792310020318,289.631679007608,146.465927798921,0,188.936291522747
0,0,0,0,0,0,0,0,141.204637091722,0,0,193.659409924573,0,186.973586461633,125.416941482916,0,0,0,0,0,0,0,0,0,0,0,0,0,236.681907140956,0,0,0,0,0,0,0,101.443495235174,0,0,0,0
0,0,0,0,0,269.936825670274,0,0,120.912756812582,67.8267069095267,0,0,186.973586461633,0,0,0,0,0,0,314.611698427915,177.763106506206,94.9380989123498,0,0,0,143.005810983322,0,104.915316975638,0,0,124.853650664477,0,0,133.218162784108,0,0,151.075371308616,283.248188884028,90.1317194604647,0,0
0,0,0,0,0,0,94.8881692391942,0,0,82.4756938751058,0,0,125.416941482916,0,0,0,0,131.969743415579,0,263.534399241887,0,0,0,0,0,0,150.161410108805,162.833808134102,73.4795582048751,82.6299537488922,0,0,0,0,96.7845769653343,0,0,178.683678585178,0,0,71.4788760670054
0,0,0,0,321.124897279917,0,0,0,94.7529894315991,0,0,0,0,0,0,0,101.85207633558,0,0,0,0,0,0,201.100640800745,0,0,0,109.093416850988,0,0,0,225.013371621378,0,195.314816908693,138.425725342224,0,165.893015276821,0,0,255.441154257905,94.027247878695
0,231.715271819474,0,0,219.078548227669,159.183173818572,0,0,0,0,106.33736463831,0,0,0,0,101.85207633558,0,0,0,0,0,0,0,0,0,0,0,0,0,0,0,0,0,0,160.530221557972,158.567996645797,78.9559315574845,0,0,247.66948903751,115.114253591495
0,0,0,0,0,0,0,0,0,211.840482897052,0,62.311273509377,0,0,131.969743415579,0,0,0,0,0,0,0,0,0,0,0,0,0,0,89.707245288964,0,0,283.88658203332,0,0,154.784755881607,240.185081663983,140.574866691684,155.901486485736,0,0
0,0,0,0,0,174.013630695256,78.8552325762656,0,92.3502314520023,0,0,0,0,0,0,0,0,0,0,0,0,0,0,0,0,163.059043292369,103.519938150021,179.718364159796,115.871357769661,0,113.144980278377,261.440278806413,0,205.183249704085,0,0,0,0,0,81.2827395071039,249.905610015455
0,0,0,0,153.672550905948,0,217.157696745803,180.355266595273,0,0,115.194491798135,70.4221432298295,0,314.611698427915,263.534399241887,0,0,0,0,0,0,0,114.511014214502,128.846764897717,0,0,0,0,250.461724766314,61.0664810463559,66.5008477853491,0,0,333.645516435298,80.8080171296381,335.371040201042,119.728129215699,0,0,261.605527103798,0
0,0,0,114.649126378906,0,0,0,0,0,323.781250289068,0,101.5853655613,0,177.763106506206,0,0,0,0,0,0,0,0,201.44584889478,0,0,0,0,151.806152521152,160.537522273714,0,0,0,90.7216186966914,146.99041817625,153.609372090384,0,276.620869034647,0,0,164.032723165762,251.098274723989
0,0,0,0,0,0,0,0,186.348837226466,0,0,0,0,94.9380989123498,0,0,0,0,0,0,0,0,0,0,0,0,242.790381480436,98.6790043377568,0,0,0,0,0,161.325017232684,94.7280504127031,0,173.059382066957,0,0,71.5579325720569,0
0,0,0,212.592150359921,0,108.136066660554,0,0,0,0,181.316358113209,228.075434767255,0,0,0,0,0,0,0,114.511014214502,201.44584889478,0,0,139.654362654449,0,80.4367166559625,138.33942793804,206.472608421747,169.742003380707,58.3493451392805,0,0,0,0,0,191.519780382943,224.551207449728,0,0,0,183.786860782462
0,0,113.059176128709,115.868441404982,0,0,0,221.805809452716,0,146.814226519809,0,137.189596148386,0,0,0,201.100640800745,0,0,0,128.846764897717,0,0,139.654362654449,0,0,199.492852797962,142.054529471577,151.01089327964,0,0,0,0,0,135.667029391615,94.126460729827,173.201474590904,117.208001126138,161.302948562323,146.770754374523,195.378266313867,139.93285932648
0,0,0,0,161.694997919804,97.3506957544063,345.797434674459,128.405764333981,0,198.528111506785,223.705816669619,0,0,0,0,0,0,0,0,0,0,0,0,0,0,135.294330067913,0,108.381749703452,0,0,0,0,0,184.249961885477,0,0,75.4497121078207,0,0,0,0
227.504408813069,0,0,0,0,0,139.792601838991,0,0,112.349934713559,306.640284138334,197.893790332676,0,143.005810983322,0,0,0,0,163.059043292369,0,0,0,80.4367166559625,199.492852797962,135.294330067913,0,198.964527389285,142.385058730083,148.808626413748,0,0,338.131802716296,0,0,165.597665022977,99.3508940827211,329.719143597451,93.4234866874731,0,101.895308036513,74.7304794244225
0,205.09013266389,0,0,0,111.435629183184,209.996727521564,0,226.825099357786,111.226326353722,116.176698124939,280.376028997576,0,0,150.161410108805,0,0,0,103.519938150021,0,0,242.790381480436,138.33942793804,142.054529471577,0,198.964527389285,0,0,180.543851962045,0,0,119.345624434514,0,284.529238481835,0,128.530575464043,112.793316814908,353.822894641502,0,74.5815074003433,0
0,73.1029054543569,0,196.04190773555,241.635434294794,0,151.036729364761,125.81518738273,0,62.859596780235,93.5029580098427,357.423078228283,0,104.915316975638,162.833808134102,109.093416850988,0,0,179.718364159796,0,151.806152521152,98.6790043377568,206.472608421747,151.01089327964,108.381749703452,142.385058730083,0,0,196.032358954952,0,0,101.605593487621,0,145.74089716123,193.63278243493,89.3673883748406,190.185165668632,76.5072790361762,219.040656038919,118.522099274347,0
0,0,219.430938885781,0,193.777661225572,0,0,115.332064605654,173.538155409849,134.566479261133,151.695570509541,0,236.681907140956,0,73.4795582048751,0,0,0,115.871357769661,250.461724766314,160.537522273714,0,169.742003380707,0,0,148.808626413748,180.543851962045,196.032358954952,0,125.994729980093,0,0,0,163.945208919892,84.3635741045246,153.876396855887,241.57250333243,0,0,89.1590885155172,0
0,0,0,0,0,0,0,0,0,0,0,0,0,0,82.6299537488922,0,0,89.707245288964,0,61.0664810463559,0,0,58.3493451392805,0,0,0,0,0,125.994729980093,0,0,157.852515740516,0,303.527509149359,180.90030328818,0,0,92.5207898118833,0,85.6072705949986,106.926813611922
0,0,0,0,0,0,0,0,192.601533877686,0,0,0,0,124.853650664477,0,0,0,0,113.144980278377,66.5008477853491,0,0,0,0,0,0,0,0,0,0,0,0,0,0,133.984214699576,0,0,0,0,0,171.906398392157
0,0,0,0,0,0,0,169.453147353278,0,0,0,0,0,0,0,225.013371621378,0,0,261.440278806413,0,0,0,0,0,0,338.131802716296,119.345624434514,101.605593487621,0,157.852515740516,0,0,0,348.674510760064,89.9429017381717,0,0,0,241.682021696872,155.24952173131,0
0,0,0,0,0,0,0,0,0,172.608400267715,0,0,0,0,0,0,0,283.88658203332,0,0,90.7216186966914,0,0,0,0,0,0,0,0,0,0,0,0,0,0,0,120.567029282014,205.839960264176,0,0,0
172.892533368851,253.401634605989,0,97.3232815600345,0,0,0,188.851177466023,154.142998692322,0,204.481117647118,95.7590805983148,0,133.218162784108,0,195.314816908693,0,0,205.183249704085,333.645516435298,146.99041817625,161.325017232684,0,135.667029391615,184.249961885477,0,284.529238481835,145.74089716123,163.945208919892,303.527509149359,0,348.674510760064,0,0,320.356811100276,194.442125915551,224.523755099568,0,124.698445421759,161.74915061469,137.239127032733
0,98.2230592632363,0,325.937289045041,231.050882209,300.031143529538,0,158.955087279859,0,173.001559092555,0,200.878319874537,0,0,96.7845769653343,138.425725342224,160.530221557972,0,0,80.8080171296381,153.609372090384,94.7280504127031,0,94.126460729827,0,165.597665022977,0,193.63278243493,84.3635741045246,180.90030328818,133.984214699576,89.9429017381717,0,320.356811100276,0,220.901129804706,82.1742780037132,220.963068032256,0,321.864157986053,0
347.376449530863,0,0,0,197.486504603685,0,259.442917595754,252.487290983309,96.5937438588657,0,0,0,0,0,0,0,158.567996645797,154.784755881607,0,335.371040201042,0,0,191.519780382943,173.201474590904,0,99.3508940827211,128.530575464043,89.3673883748406,153.876396855887,0,0,0,0,194.442125915551,220.901129804706,0,259.055025639447,98.417953423071,0,204.084074037941,0
0,0,187.77054666536,0,192.135034768848,213.67670887414,249.798812580765,104.369974912428,0,112.823430872325,0,228.792310020318,101.443495235174,151.075371308616,0,165.893015276821,78.9559315574845,240.185081663983,0,119.728129215699,276.620869034647,173.059382066957,224.551207449728,117.208001126138,75.4497121078207,329.719143597451,112.793316814908,190.185165668632,241.57250333243,0,0,0,120.567029282014,224.523755099568,82.1742780037132,259.055025639447,0,206.912707094411,154.065933476765,101.350815329073,171.230058197369
0,134.960780198024,0,85.7623170715703,122.106946855269,161.275817184598,0,0,0,0,232.945974238958,289.631679007608,0,283.248188884028,178.683678585178,0,0,140.574866691684,0,0,0,0,0,161.302948562323,0,93.4234866874731,353.822894641502,76.5072790361762,0,92.5207898118833,0,0,205.839960264176,0,220.963068032256,98.417953423071,206.912707094411,0,0,115.541295036174,106.533627130087
0,0,0,99.2646516363145,202.712457066107,82.6426202489162,214.116367924649,154.070293657878,0,208.005106191961,0,146.465927798921,0,90.1317194604647,0,0,0,155.901486485736,0,0,0,0,0,146.770754374523,0,0,0,219.040656038919,0,0,0,241.682021696872,0,124.698445421759,0,0,154.065933476765,0,0,262.382215657622,0
0,0,153.453047983244,137.177378802006,0,100.812745974529,0,116.054372245433,0,0,168.241326865882,0,0,0,0,255.441154257905,247.66948903751,0,81.2827395071039,261.605527103798,164.032723165762,71.5579325720569,0,195.378266313867,0,101.895308036513,74.5815074003433,118.522099274347,89.1590885155172,85.6072705949986,0,155.24952173131,0,161.74915061469,321.864157986053,204.084074037941,101.350815329073,115.541295036174,262.382215657622,0,309.997227542691
0,0,0,222.053792850439,110.384905066973,178.224497384947,0,192.693757128262,0,167.066576495979,136.685314494491,188.936291522747,0,0,71.4788760670054,94.027247878695,115.114253591495,0,249.905610015455,0,251.098274723989,0,183.786860782462,139.93285932648,0,74.7304794244225,0,0,0,106.926813611922,171.906398392157,0,0,137.239127032733,0,0,171.230058197369,106.533627130087,0,309.997227542691,0
