0,0,0,122.106946855269,0,0,0,0,0,0,0,0,0,0,0,0,0,0,0,161.325017232684,0,0,0,0,0,0,115.868441404982,151.695570509541,0,0,0,0,0,78.8552325762656,0,0,263.534399241887,0,0,0,0
0,0,0,0,0,0,0,262.382215657622,0,0,0,0,0,0,0,0,0,0,0,0,0,0,0,141.204637091722,0,0,0,197.486504603685,0,108.136066660554,0,0,0,0,0,0,106.33736463831,0,309.997227542691,146.465927798921,0
0,0,0,0,0,0,0,0,0,0,0,0,0,0,0,0,0,0,110.384905066973,0,0,0,0,96.7845769653343,0,0,186.973586461633,0,0,219.040656038919,0,0,0,97.3506957544063,0,0,0,0,0,0,0
122.106946855269,0,0,0,0,0,184.249961885477,142.385058730083,289.631679007608,204.481117647118,92.5568465385234,96.5937438588657,0,154.070293657878,0,0,0,0,0,0,154.784755881607,0,0,0,0,0,0,0,0,0,0,173.059382066957,0,0,0,0,223.705816669619,0,0,135.294330067913,180.543851962045
0,0,0,0,0,0,99.3508940827211,0,115.541295036174,138.33942793804,0,0,321.124897279917,0,161.694997919804,0,0,0,0,0,0,240.185081663983,0,0,0,180.355266595273,0,85.7623170715703,125.416941482916,0,0,0,0,0,92.5207898118833,0,84.3635741045246,0,82.6299537488922,82.4756938751058,146.99041817625
0,0,0,0,0,0,113.059176128709,0,0,0,204.084074037941,120.567029282014,0,269.936825670274,0,0,0,115.194491798135,137.239127032733,276.620869034647,0,0,226.825099357786,0,0,128.405764333981,0,249.905610015455,0,0,0,0,0,82.6426202489162,173.538155409849,303.527509149359,93.5029580098427,0,0,0,0
0,0,0,184.249961885477,99.3508940827211,113.059176128709,0,0,0,93.4234866874731,0,90.1317194604647,0,0,0,106.926813611922,0,0,0,0,0,0,283.88658203332,0,0,0,112.793316814908,175.196329314064,0,0,0,0,0,98.6790043377568,0,205.09013266389,0,153.876396855887,0,71.5579325720569,0
0,262.382215657622,0,142.385058730083,0,0,0,0,0,142.054529471577,0,320.356811100276,0,137.177378802006,192.135034768848,0,104.369974912428,115.871357769661,0,165.893015276821,0,0,0,191.519780382943,0,0,197.893790332676,113.144980278377,173.201474590904,0,0,0,0,0,61.0664810463559,0,222.053792850439,0,192.693757128262,0,0
0,0,0,289.631679007608,115.541295036174,0,0,0,0,0,0,0,0,0,0,0,0,0,0,0,0,75.4497121078207,0,0,0,0,255.441154257905,111.226326353722,154.142998692322,0,0,0,0,62.859596780235,228.792310020318,0,114.649126378906,115.332064605654,0,0,231.715271819474
0,0,0,204.481117647118,138.33942793804,0,93.4234866874731,142.054529471577,0,0,0,0,0,0,0,0,0,118.522099274347,0,202.712457066107,169.742003380707,338.131802716296,0,314.611698427915,98.417953423071,0,0,97.5855511246009,135.667029391615,333.645516435298,0,0,161.302948562323,0,0,0,213.67670887414,74.4197823064597,0,252.487290983309,131.969743415579
0,0,0,92.5568465385234,0,204.084074037941,0,0,0,0,0,0,0,325.937289045041,0,0,0,200.878319874537,0,261.440278806413,106.128596538706,116.054372245433,94.7529894315991,242.790381480436,0,217.157696745803,89.3673883748406,0,196.032358954952,0,0,0,0,103.519938150021,0,0,0,157.852515740516,0,193.777661225572,171.906398392157
0,0,0,96.5937438588657,0,120.567029282014,90.1317194604647,320.356811100276,0,0,0,0,0,0,81.2827395071039,0,178.683678585178,0,0,227.504408813069,72.2278283150671,0,95.7590805983148,0,133.984214699576,0,117.208001126138,145.74089716123,138.425725342224,0,0,249.798812580765,0,345.797434674459,74.5815074003433,115.114253591495,241.682021696872,0,250.461724766314,205.183249704085,167.066576495979
0,0,0,0,321.124897279917,0,0,0,0,0,0,0,0,0,0,0,0,0,0,0,0,0,0,0,0,71.4788760670054,0,0,74.7304794244225,321.864157986053,0,0,0,0,0,168.241326865882,0,0,0,236.681907140956,0
0,0,0,154.070293657878,0,269.936825670274,0,137.177378802006,0,0,325.937289045041,0,0,0,0,0,0,0,66.5008477853491,165.597665022977,0,0,194.442125915551,137.189596148386,80.8080171296381,306.640284138334,0,0,151.075371308616,0,0,0,0,0,0,0,196.04190773555,0,0,219.078548227669,101.443495235174
0,0,0,0,161.694997919804,0,0,192.135034768848,0,0,0,81.2827395071039,0,0,0,0,0,0,0,114.511014214502,224.523755099568,0,224.551207449728,0,0,0,0,146.814226519809,0,0,0,0,0,133.218162784108,0,0,228.075434767255,73.1029054543569,109.093416850988,101.85207633558,0
0,0,0,0,0,0,106.926813611922,0,0,0,0,0,0,0,0,0,99.2646516363145,0,0,0,0,0,0,0,198.528111506785,0,193.659409924573,193.63278243493,0,241.57250333243,0,174.013630695256,0,0,140.574866691684,0,160.530221557972,154.065933476765,0,163.059043292369,0
0,0,0,0,0,0,0,104.369974912428,0,0,0,178.683678585178,0,0,0,99.2646516363145,0,0,0,0,0,0,0,0,0,0,112.823430872325,146.770754374523,161.74915061469,0,212.592150359921,0,0,211.840482897052,0,0,111.435629183184,0,0,94.027247878695,0
0,0,0,0,0,115.194491798135,0,115.871357769661,0,118.522099274347,200.878319874537,0,0,0,0,0,0,0,0,0,0,0,0,232.945974238958,0,0,0,100.812745974529,0,0,0,0,0,158.955087279859,125.81518738273,0,120.912756812582,0,0,0,0
0,0,110.384905066973,0,0,137.239127032733,0,0,0,0,0,0,0,66.5008477853491,0,0,0,0,0,323.781250289068,0,128.846764897717,0,0,0,89.9429017381717,151.036729364761,0,0,0,0,0,0,201.44584889478,139.93285932648,172.892533368851,0,205.839960264176,0,0,148.808626413748
161.325017232684,0,0,0,0,276.620869034647,0,165.893015276821,0,202.712457066107,261.440278806413,227.504408813069,0,165.597665022977,114.511014214502,0,0,0,323.781250289068,0,0,0,0,0,0,259.442917595754,0,101.5853655613,134.960780198024,0,0,0,0,159.183173818572,155.901486485736,188.851177466023,0,0,190.185165668632,186.348837226466,0
0,0,0,154.784755881607,0,0,0,0,0,169.742003380707,106.128596538706,72.2278283150671,0,0,224.523755099568,0,0,0,0,0,0,201.100640800745,0,0,0,0,0,0,0,0,0,62.311273509377,0,348.674510760064,160.537522273714,0,347.376449530863,162.833808134102,81.9664354533492,73.4795582048751,0
0,0,0,0,240.185081663983,0,0,0,75.4497121078207,338.131802716296,116.054372245433,0,0,0,0,0,0,0,128.846764897717,0,201.100640800745,0,0,0,0,0,0,195.314816908693,0,0,0,198.964527389285,0,0,0,0,0,0,0,0,0
0,0,0,0,0,226.825099357786,283.88658203332,0,0,0,94.7529894315991,95.7590805983148,0,194.442125915551,224.551207449728,0,0,0,0,0,0,0,0,195.822649557859,0,300.031143529538,0,0,241.635434294794,0,0,101.605593487621,0,82.1742780037132,215.611029055736,158.567996645797,0,306.344527664232,0,98.2230592632363,0
0,141.204637091722,96.7845769653343,0,0,0,0,191.519780382943,0,314.611698427915,242.790381480436,0,0,137.189596148386,0,0,0,232.945974238958,0,0,0,0,195.822649557859,0,0,172.608400267715,92.3502314520023,116.176698124939,231.050882209,0,124.698445421759,0,0,0,124.853650664477,178.224497384947,0,80.4367166559625,90.7216186966914,214.116367924649,284.529238481835
0,0,0,0,0,0,0,0,0,98.417953423071,0,133.984214699576,0,80.8080171296381,0,198.528111506785,0,0,0,0,0,0,0,0,0,179.718364159796,225.013371621378,0,0,0,0,70.4221432298295,0,0,0,192.601533877686,180.90030328818,0,0,0,178.748963182352
0,0,0,0,180.355266595273,128.405764333981,0,0,0,0,217.157696745803,0,71.4788760670054,306.640284138334,0,0,0,0,89.9429017381717,259.442917595754,0,0,300.031143529538,172.608400267715,179.718364159796,0,0,153.672550905948,87.8456058929559,164.032723165762,0,0,0,153.453047983244,78.9559315574845,143.005810983322,94.126460729827,134.566479261133,0,119.345624434514,218.045528847001
115.868441404982,0,186.973586461633,0,0,0,112.793316814908,197.893790332676,255.441154257905,0,89.3673883748406,117.208001126138,0,0,0,193.659409924573,112.823430872325,0,151.036729364761,0,0,0,0,92.3502314520023,225.013371621378,0,0,247.66948903751,0,108.381749703452,0,0,206.912707094411,119.728129215699,161.275817184598,220.963068032256,125.994729980093,0,0,0,253.401634605989
151.695570509541,197.486504603685,0,0,85.7623170715703,249.905610015455,175.196329314064,113.144980278377,111.226326353722,97.5855511246009,0,145.74089716123,0,0,146.814226519809,193.63278243493,146.770754374523,100.812745974529,0,101.5853655613,0,195.314816908693,0,116.176698124939,0,153.672550905948,247.66948903751,0,89.707245288964,0,0,0,0,128.530575464043,94.8881692391942,151.01089327964,259.055025639447,112.349934713559,238.934743274142,101.895308036513,89.1590885155172
0,0,0,0,125.416941482916,0,0,173.201474590904,154.142998692322,135.667029391615,196.032358954952,138.425725342224,74.7304794244225,151.075371308616,0,0,161.74915061469,0,0,134.960780198024,0,0,241.635434294794,231.050882209,0,87.8456058929559,0,89.707245288964,0,280.376028997576,0,0,0,0,208.005106191961,0,67.8267069095267,188.936291522747,251.098274723989,193.055010680236,106.533627130087
0,108.136066660554,219.040656038919,0,0,0,0,0,0,333.645516435298,0,0,321.864157986053,0,0,241.57250333243,0,0,0,0,0,0,0,0,0,164.032723165762,108.381749703452,0,280.376028997576,0,0,0,0,195.378266313867,181.316358113209,101.350815329073,0,0,0,0,0
0,0,0,0,0,0,0,0,0,0,0,0,0,0,0,0,212.592150359921,0,0,0,0,0,0,124.698445421759,0,0,0,0,0,0,0,0,0,0,153.609372090384,104.915316975638,221.805809452716,0,0,169.453147353278,0
0,0,0,173.059382066957,0,0,0,0,0,0,0,249.798812580765,0,0,0,174.013630695256,0,0,0,0,62.311273509377,198.964527389285,101.605593487621,0,70.4221432298295,0,0,0,0,0,0,0,0,335.371040201042,0,177.763106506206,58.3493451392805,219.430938885781,0,0,0
0,0,0,0,0,0,0,0,0,161.302948562323,0,0,0,0,0,0,0,0,0,0,0,0,0,0,0,0,206.912707094411,0,0,0,0,0,0,0,0,0,94.7280504127031,209.996727521564,0,0,139.654362654449
78.8552325762656,0,97.3506957544063,0,0,82.6426202489162,98.6790043377568,0,62.859596780235,0,103.519938150021,345.797434674459,0,0,133.218162784108,0,211.840482897052,158.955087279859,201.44584889478,159.183173818572,348.674510760064,0,82.1742780037132,0,0,153.453047983244,119.728129215699,128.530575464043,0,195.378266313867,0,335.371040201042,0,0,329.719143597451,151.806152521152,220.901129804706,171.230058197369,85.6072705949986,187.77054666536,97.3232815600345
0,0,0,0,92.5207898118833,173.538155409849,0,61.0664810463559,228.792310020318,0,0,74.5815074003433,0,0,0,140.574866691684,0,125.81518738273,139.93285932648,155.901486485736,160.537522273714,0,215.611029055736,124.853650664477,0,78.9559315574845,161.275817184598,94.8881692391942,208.005106191961,181.316358113209,153.609372090384,0,0,329.719143597451,0,139.792601838991,261.605527103798,283.248188884028,150.161410108805,94.9380989123498,173.001559092555
0,0,0,0,0,303.527509149359,205.09013266389,0,0,0,0,115.114253591495,168.241326865882,0,0,0,0,0,172.892533368851,188.851177466023,0,0,158.567996645797,178.224497384947,192.601533877686,143.005810983322,220.963068032256,151.01089327964,0,101.350815329073,104.915316975638,177.763106506206,0,151.806152521152,139.792601838991,0,183.786860782462,0,0,0,206.472608421747
263.534399241887,106.33736463831,0,223.705816669619,84.3635741045246,93.5029580098427,0,222.053792850439,114.649126378906,213.67670887414,0,241.682021696872,0,196.04190773555,228.075434767255,160.530221557972,111.435629183184,120.912756812582,0,0,347.376449530863,0,0,0,180.90030328818,94.126460729827,125.994729980093,259.055025639447,67.8267069095267,0,221.805809452716,58.3493451392805,94.7280504127031,220.901129804706,261.605527103798,183.786860782462,0,76.5072790361762,199.492852797962,136.792307586862,357.423078228283
0,0,0,0,0,0,153.876396855887,0,115.332064605654,74.4197823064597,157.852515740516,0,0,0,73.1029054543569,154.065933476765,0,0,205.839960264176,0,162.833808134102,0,306.344527664232,80.4367166559625,0,134.566479261133,0,112.349934713559,188.936291522747,0,0,219.430938885781,209.996727521564,171.230058197369,283.248188884028,0,76.5072790361762,0,163.945208919892,136.685314494491,0
0,309.997227542691,0,0,82.6299537488922,0,0,192.693757128262,0,0,0,250.461724766314,0,0,109.093416850988,0,0,0,0,190.185165668632,81.9664354533492,0,0,90.7216186966914,0,0,0,238.934743274142,251.098274723989,0,0,0,0,85.6072705949986,150.161410108805,0,199.492852797962,163.945208919892,0,0,155.24952173131
0,146.465927798921,0,135.294330067913,82.4756938751058,0,71.5579325720569,0,0,252.487290983309,193.777661225572,205.183249704085,236.681907140956,219.078548227669,101.85207633558,163.059043292369,94.027247878695,0,0,186.348837226466,73.4795582048751,0,98.2230592632363,214.116367924649,0,119.345624434514,0,101.895308036513,193.055010680236,0,169.453147353278,0,0,187.77054666536,94.9380989123498,0,136.792307586862,136.685314494491,0,0,353.822894641502
0,0,0,180.543851962045,146.99041817625,0,0,0,231.715271819474,131.969743415579,171.906398392157,167.066576495979,0,101.443495235174,0,0,0,0,148.808626413748,0,0,0,0,284.529238481835,178.748963182352,218.045528847001,253.401634605989,89.1590885155172,106.533627130087,0,0,0,139.654362654449,97.3232815600345,173.001559092555,206.472608421747,357.423078228283,0,155.24952173131,353.822894641502,0
