0,0,0,0,0,0,0,146.814226519809,0,0,0,0,0,82.6426202489162,0,0,0,0,0,0,0,0,133.218162784108,0,0,0,0,160.537522273714,0,0,0,0,0,0,0,0,0,0,115.868441404982,0,115.541295036174
0,0,0,0,0,0,0,0,0,0,172.608400267715,0,98.417953423071,0,0,0,0,0,0,0,0,97.5855511246009,0,247.66948903751,0,0,0,146.770754374523,0,0,0,0,0,0,0,0,153.672550905948,93.4234866874731,0,0,0
0,0,0,0,0,0,0,0,0,0,263.534399241887,0,0,0,0,0,192.135034768848,0,0,0,0,0,0,0,94.7529894315991,0,0,204.084074037941,0,0,0,0,0,0,0,0,0,0,0,0,119.728129215699
0,0,0,0,122.106946855269,171.906398392157,0,0,0,0,0,128.530575464043,0,0,0,0,0,0,284.529238481835,0,240.185081663983,221.805809452716,0,0,0,104.369974912428,0,259.055025639447,0,85.7623170715703,215.611029055736,231.050882209,0,0,0,0,67.8267069095267,0,0,136.792307586862,0
0,0,0,122.106946855269,0,0,175.196329314064,160.530221557972,0,96.7845769653343,0,0,0,0,0,0,0,0,0,212.592150359921,0,0,153.876396855887,0,0,0,0,348.674510760064,85.6072705949986,0,0,0,0,161.694997919804,118.522099274347,0,111.435629183184,0,201.44584889478,155.901486485736,92.5568465385234
0,0,0,171.906398392157,0,0,0,197.486504603685,0,0,0,0,142.054529471577,0,131.969743415579,255.441154257905,0,0,0,112.349934713559,0,0,0,92.5207898118833,0,169.453147353278,177.763106506206,180.355266595273,0,0,0,138.33942793804,0,89.9429017381717,0,0,135.294330067913,0,0,173.201474590904,0
0,0,0,0,175.196329314064,0,0,165.597665022977,0,0,0,262.382215657622,0,113.059176128709,0,194.442125915551,0,124.698445421759,0,188.851177466023,94.8881692391942,347.376449530863,0,0,0,0,0,306.344527664232,320.356811100276,0,0,0,0,0,357.423078228283,0,125.994729980093,0,0,0,0
146.814226519809,0,0,0,160.530221557972,197.486504603685,165.597665022977,0,0,108.381749703452,0,89.3673883748406,0,0,193.63278243493,151.075371308616,0,0,0,138.425725342224,0,0,0,0,0,0,0,228.075434767255,73.1029054543569,178.683678585178,0,0,0,139.654362654449,0,0,220.901129804706,219.430938885781,0,0,303.527509149359
0,0,0,0,0,0,0,0,0,78.8552325762656,181.316358113209,0,0,0,0,0,0,0,0,0,0,0,92.3502314520023,0,0,0,180.543851962045,0,82.4756938751058,0,0,178.224497384947,0,163.945208919892,0,106.128596538706,0,0,158.567996645797,161.74915061469,206.472608421747
0,0,0,0,96.7845769653343,0,0,108.381749703452,78.8552325762656,0,0,94.027247878695,0,151.036729364761,0,71.4788760670054,0,0,0,0,0,0,172.892533368851,75.4497121078207,0,106.533627130087,218.045528847001,158.955087279859,101.85207633558,0,0,113.144980278377,0,201.100640800745,111.226326353722,0,231.715271819474,0,187.77054666536,0,137.177378802006
0,172.608400267715,263.534399241887,0,0,0,0,0,181.316358113209,0,0,0,211.840482897052,103.519938150021,0,0,112.793316814908,0,94.7280504127031,192.601533877686,0,0,0,0,0,0,202.712457066107,238.934743274142,0,214.116367924649,0,0,0,0,213.67670887414,157.852515740516,261.605527103798,137.239127032733,0,232.945974238958,0
0,0,0,128.530575464043,0,0,262.382215657622,89.3673883748406,0,94.027247878695,0,0,0,0,0,0,145.74089716123,81.9664354533492,0,153.609372090384,226.825099357786,0,84.3635741045246,222.053792850439,323.781250289068,165.893015276821,199.492852797962,0,128.405764333981,0,0,0,206.912707094411,90.1317194604647,186.973586461633,0,74.5815074003433,74.4197823064597,0,164.032723165762,236.681907140956
0,98.417953423071,0,0,0,142.054529471577,0,0,0,0,211.840482897052,0,0,0,0,0,0,0,0,0,0,0,0,70.4221432298295,0,0,173.059382066957,0,0,0,0,0,0,99.3508940827211,0,0,0,0,0,0,0
82.6426202489162,0,0,0,0,0,113.059176128709,0,0,151.036729364761,103.519938150021,0,0,0,0,0,0,0,269.936825670274,0,94.126460729827,0,0,0,193.055010680236,329.719143597451,106.33736463831,93.5029580098427,0,0,0,0,0,125.416941482916,217.157696745803,241.635434294794,140.574866691684,0,0,0,0
0,0,0,0,0,131.969743415579,0,193.63278243493,0,0,0,0,0,0,0,0,0,204.481117647118,0,0,0,0,0,115.332064605654,0,154.065933476765,97.3506957544063,154.784755881607,0,168.241326865882,0,0,0,114.511014214502,61.0664810463559,0,115.114253591495,173.538155409849,0,0,0
0,0,0,0,0,255.441154257905,194.442125915551,151.075371308616,0,71.4788760670054,0,0,0,0,0,0,0,0,0,0,0,0,0,0,100.812745974529,0,0,0,241.682021696872,0,0,0,0,120.567029282014,184.249961885477,0,112.823430872325,0,300.031143529538,0,183.786860782462
0,0,192.135034768848,0,0,0,0,0,0,0,112.793316814908,145.74089716123,0,0,0,0,0,0,0,205.839960264176,0,0,137.189596148386,0,0,188.936291522747,0,0,0,0,0,0,0,153.453047983244,196.032358954952,89.707245288964,0,0,0,116.176698124939,0
0,0,0,0,0,0,124.698445421759,0,0,0,0,81.9664354533492,0,0,204.481117647118,0,0,0,0,0,0,178.748963182352,0,146.99041817625,193.659409924573,0,0,0,0,0,0,0,0,81.2827395071039,0,0,0,253.401634605989,0,200.878319874537,0
0,0,0,284.529238481835,0,0,0,0,0,0,94.7280504127031,0,0,269.936825670274,0,0,0,0,0,0,0,98.2230592632363,228.792310020318,139.792601838991,0,0,146.465927798921,0,0,0,0,251.098274723989,0,0,209.996727521564,0,136.685314494491,108.136066660554,0,173.001559092555,0
0,0,0,0,212.592150359921,112.349934713559,188.851177466023,138.425725342224,0,0,192.601533877686,153.609372090384,0,0,0,0,205.839960264176,0,0,0,0,0,0,0,0,115.194491798135,76.5072790361762,241.57250333243,82.6299537488922,139.93285932648,0,0,192.693757128262,94.9380989123498,0,0,0,224.551207449728,106.926813611922,78.9559315574845,0
0,0,0,240.185081663983,0,0,94.8881692391942,0,0,0,0,226.825099357786,0,94.126460729827,0,0,0,0,0,0,0,0,0,0,0,0,89.1590885155172,72.2278283150671,98.6790043377568,0,0,0,0,0,180.90030328818,62.311273509377,179.718364159796,0,223.705816669619,134.566479261133,306.640284138334
0,97.5855511246009,0,221.805809452716,0,0,347.376449530863,0,0,0,0,0,0,0,0,0,0,178.748963182352,98.2230592632363,0,0,0,0,0,0,0,0,0,0,0,0,0,0,0,0,96.5937438588657,195.378266313867,0,0,159.183173818572,0
133.218162784108,0,0,0,153.876396855887,0,0,0,92.3502314520023,172.892533368851,0,84.3635741045246,0,0,0,0,137.189596148386,0,228.792310020318,0,0,0,0,0,0,0,143.005810983322,198.964527389285,309.997227542691,0,0,0,0,208.005106191961,205.183249704085,87.8456058929559,242.790381480436,0,0,198.528111506785,0
0,247.66948903751,0,0,0,92.5207898118833,0,0,0,75.4497121078207,0,222.053792850439,70.4221432298295,0,115.332064605654,0,0,146.99041817625,139.792601838991,0,0,0,0,0,0,249.798812580765,186.348837226466,97.3232815600345,101.895308036513,0,0,0,0,82.1742780037132,101.5853655613,151.01089327964,73.4795582048751,150.161410108805,0,109.093416850988,193.777661225572
0,0,94.7529894315991,0,0,0,0,0,0,0,0,323.781250289068,0,193.055010680236,0,100.812745974529,0,193.659409924573,0,0,0,0,0,0,0,0,0,0,0,0,0,0,0,148.808626413748,135.667029391615,154.142998692322,114.649126378906,0,0,142.385058730083,0
0,0,0,104.369974912428,0,169.453147353278,0,0,0,106.533627130087,0,165.893015276821,0,329.719143597451,154.065933476765,0,188.936291522747,0,0,115.194491798135,0,0,0,249.798812580765,0,0,283.88658203332,62.859596780235,338.131802716296,219.040656038919,80.8080171296381,80.4367166559625,0,0,283.248188884028,321.864157986053,225.013371621378,0,0,151.695570509541,321.124897279917
0,0,0,0,0,177.763106506206,0,0,180.543851962045,218.045528847001,202.712457066107,199.492852797962,173.059382066957,106.33736463831,97.3506957544063,0,0,0,146.465927798921,76.5072790361762,89.1590885155172,0,143.005810983322,186.348837226466,0,283.88658203332,0,0,280.376028997576,0,0,353.822894641502,0,117.208001126138,0,99.2646516363145,58.3493451392805,249.905610015455,0,0,0
160.537522273714,146.770754374523,204.084074037941,259.055025639447,348.674510760064,180.355266595273,306.344527664232,228.075434767255,0,158.955087279859,238.934743274142,0,0,93.5029580098427,154.784755881607,0,0,0,0,241.57250333243,72.2278283150671,0,198.964527389285,97.3232815600345,0,62.859596780235,0,0,345.797434674459,125.81518738273,0,335.371040201042,0,197.893790332676,259.442917595754,314.611698427915,195.314816908693,252.487290983309,0,205.09013266389,101.443495235174
0,0,0,0,85.6072705949986,0,320.356811100276,73.1029054543569,82.4756938751058,101.85207633558,0,128.405764333981,0,0,0,241.682021696872,0,0,0,82.6299537488922,98.6790043377568,0,309.997227542691,101.895308036513,0,338.131802716296,280.376028997576,345.797434674459,0,0,0,0,0,162.833808134102,115.871357769661,190.185165668632,0,101.350815329073,134.960780198024,154.070293657878,227.504408813069
0,0,0,85.7623170715703,0,0,0,178.683678585178,0,0,214.116367924649,0,0,0,168.241326865882,0,0,0,0,139.93285932648,0,0,0,0,0,219.040656038919,0,125.81518738273,0,0,0,0,0,133.984214699576,0,0,167.066576495979,0,289.631679007608,0,128.846764897717
0,0,0,215.611029055736,0,0,0,0,0,0,0,0,0,0,0,0,0,0,0,0,0,0,0,0,0,80.8080171296381,0,0,0,0,0,0,0,0,196.04190773555,0,0,171.230058197369,0,66.5008477853491,124.853650664477
0,0,0,231.050882209,0,138.33942793804,0,0,178.224497384947,113.144980278377,0,0,0,0,0,0,0,0,251.098274723989,0,0,0,0,0,0,80.4367166559625,353.822894641502,335.371040201042,0,0,0,0,0,0,0,0,90.7216186966914,151.806152521152,0,220.963068032256,0
0,0,0,0,0,0,0,0,0,0,0,206.912707094411,0,0,0,0,0,0,0,192.693757128262,0,0,0,0,0,0,0,0,0,0,0,0,0,0,116.054372245433,325.937289045041,0,0,101.605593487621,0,0
0,0,0,0,161.694997919804,89.9429017381717,0,139.654362654449,163.945208919892,201.100640800745,0,90.1317194604647,99.3508940827211,125.416941482916,114.511014214502,120.567029282014,153.453047983244,81.2827395071039,0,94.9380989123498,0,0,208.005106191961,82.1742780037132,148.808626413748,0,117.208001126138,197.893790332676,162.833808134102,133.984214699576,0,0,0,0,141.204637091722,0,276.620869034647,261.440278806413,74.7304794244225,71.5579325720569,161.275817184598
0,0,0,0,118.522099274347,0,357.423078228283,0,0,111.226326353722,213.67670887414,186.973586461633,0,217.157696745803,61.0664810463559,184.249961885477,196.032358954952,0,209.996727521564,0,180.90030328818,0,205.183249704085,101.5853655613,135.667029391615,283.248188884028,0,259.442917595754,115.871357769661,0,196.04190773555,0,116.054372245433,141.204637091722,0,119.345624434514,250.461724766314,0,219.078548227669,120.912756812582,110.384905066973
0,0,0,0,0,0,0,0,106.128596538706,0,157.852515740516,0,0,241.635434294794,0,0,89.707245288964,0,0,0,62.311273509377,96.5937438588657,87.8456058929559,151.01089327964,154.142998692322,321.864157986053,99.2646516363145,314.611698427915,190.185165668632,0,0,0,325.937289045041,0,119.345624434514,0,333.645516435298,104.915316975638,0,161.325017232684,174.013630695256
0,153.672550905948,0,67.8267069095267,111.435629183184,135.294330067913,125.994729980093,220.901129804706,0,231.715271819474,261.605527103798,74.5815074003433,0,140.574866691684,115.114253591495,112.823430872325,0,0,136.685314494491,0,179.718364159796,195.378266313867,242.790381480436,73.4795582048751,114.649126378906,225.013371621378,58.3493451392805,195.314816908693,0,167.066576495979,0,90.7216186966914,0,276.620869034647,250.461724766314,333.645516435298,0,155.24952173131,95.7590805983148,195.822649557859,224.523755099568
0,93.4234866874731,0,0,0,0,0,219.430938885781,0,0,137.239127032733,74.4197823064597,0,0,173.538155409849,0,0,253.401634605989,108.136066660554,224.551207449728,0,0,0,150.161410108805,0,0,249.905610015455,252.487290983309,101.350815329073,0,171.230058197369,151.806152521152,0,261.440278806413,0,104.915316975638,155.24952173131,0,161.302948562323,169.742003380707,191.519780382943
115.868441404982,0,0,0,201.44584889478,0,0,0,158.567996645797,187.77054666536,0,0,0,0,0,300.031143529538,0,0,0,106.926813611922,223.705816669619,0,0,0,0,0,0,0,134.960780198024,289.631679007608,0,0,101.605593487621,74.7304794244225,219.078548227669,0,95.7590805983148,161.302948562323,0,0,163.059043292369
0,0,0,136.792307586862,155.901486485736,173.201474590904,0,0,161.74915061469,0,232.945974238958,164.032723165762,0,0,0,0,116.176698124939,200.878319874537,173.001559092555,78.9559315574845,134.566479261133,159.183173818572,198.528111506785,109.093416850988,142.385058730083,151.695570509541,0,205.09013266389,154.070293657878,0,66.5008477853491,220.963068032256,0,71.5579325720569,120.912756812582,161.325017232684,195.822649557859,169.742003380707,0,0,0
115.541295036174,0,119.728129215699,0,92.5568465385234,0,0,303.527509149359,206.472608421747,137.177378802006,0,236.681907140956,0,0,0,183.786860782462,0,0,0,0,306.640284138334,0,0,193.777661225572,0,321.124897279917,0,101.443495235174,227.504408813069,128.846764897717,124.853650664477,0,0,161.275817184598,110.384905066973,174.013630695256,224.523755099568,191.519780382943,163.059043292369,0,0
