0,0,0,0,0,0,0,0,329.719143597451,0,0,0,0,120.912756812582,94.7280504127031,0,0,0,0,0,0,0,0,0,0,0,0,0,0,0,0,0,0,0,0,0,0,213.67670887414,306.640284138334,0,228.075434767255
0,0,0,0,0,0,0,0,0,0,0,0,0,0,0,0,0,0,0,0,94.7529894315991,0,0,0,0,0,0,161.74915061469,162.833808134102,0,0,0,0,0,0,333.645516435298,137.177378802006,0,120.567029282014,0,96.7845769653343
0,0,0,0,0,0,0,0,0,106.533627130087,0,177.763106506206,0,0,0,0,0,0,0,0,0,0,0,0,146.99041817625,0,0,228.792310020318,0,0,0,0,0,136.792307586862,0,0,0,0,0,0,0
0,0,0,0,261.440278806413,215.611029055736,0,82.6426202489162,0,146.770754374523,161.302948562323,0,0,0,103.519938150021,0,0,0,101.350815329073,0,0,0,0,0,188.851177466023,0,0,93.5029580098427,0,0,0,0,0,0,74.4197823064597,284.529238481835,94.027247878695,0,0,250.461724766314,0
0,0,0,261.440278806413,0,72.2278283150671,138.425725342224,0,0,0,259.055025639447,0,0,0,0,188.936291522747,0,0,0,112.793316814908,0,0,320.356811100276,181.316358113209,0,0,219.040656038919,97.3506957544063,0,0,0,82.1742780037132,0,0,206.472608421747,169.742003380707,138.33942793804,0,0,0,0
0,0,0,215.611029055736,72.2278283150671,0,0,0,220.901129804706,0,0,98.417953423071,0,0,0,321.864157986053,0,0,0,0,0,0,0,114.511014214502,0,0,135.667029391615,125.994729980093,208.005106191961,0,0,0,0,197.486504603685,0,0,255.441154257905,205.839960264176,0,67.8267069095267,118.522099274347
0,0,0,0,138.425725342224,0,0,0,0,80.4367166559625,0,101.5853655613,0,231.715271819474,0,0,0,0,97.3232815600345,217.157696745803,0,0,0,0,0,70.4221432298295,0,0,0,0,0,0,269.936825670274,171.906398392157,0,139.93285932648,96.5937438588657,66.5008477853491,0,306.344527664232,0
0,0,0,82.6426202489162,0,0,0,0,0,175.196329314064,101.85207633558,0,0,0,0,0,0,128.846764897717,81.2827395071039,186.973586461633,0,106.128596538706,0,97.5855511246009,106.33736463831,161.694997919804,0,0,115.114253591495,0,0,0,0,139.654362654449,85.6072705949986,0,151.036729364761,0,280.376028997576,204.084074037941,0
329.719143597451,0,0,0,0,220.901129804706,0,0,0,0,0,0,0,0,0,0,0,196.04190773555,179.718364159796,0,0,0,101.895308036513,0,0,227.504408813069,0,0,0,0,0,0,124.853650664477,115.332064605654,112.349934713559,224.523755099568,154.070293657878,0,0,0,0
0,0,106.533627130087,146.770754374523,0,0,80.4367166559625,175.196329314064,0,0,214.116367924649,0,198.528111506785,0,99.3508940827211,0,0,0,0,0,0,0,115.868441404982,0,0,111.435629183184,309.997227542691,335.371040201042,75.4497121078207,241.635434294794,0,241.57250333243,0,58.3493451392805,0,0,164.032723165762,251.098274723989,0,0,154.065933476765
0,0,0,161.302948562323,259.055025639447,0,0,101.85207633558,0,214.116367924649,0,131.969743415579,0,314.611698427915,151.01089327964,261.605527103798,0,0,0,0,193.055010680236,143.005810983322,253.401634605989,0,0,0,109.093416850988,190.185165668632,0,0,0,0,0,0,0,113.144980278377,0,136.685314494491,0,240.185081663983,0
0,0,177.763106506206,0,0,98.417953423071,101.5853655613,0,0,0,131.969743415579,0,347.376449530863,0,93.4234866874731,0,0,192.135034768848,0,205.09013266389,0,0,155.901486485736,300.031143529538,0,236.681907140956,191.519780382943,173.059382066957,92.5207898118833,0,0,0,262.382215657622,134.566479261133,71.5579325720569,0,158.567996645797,139.792601838991,0,128.530575464043,61.0664810463559
0,0,0,0,0,0,0,0,0,198.528111506785,0,347.376449530863,0,0,0,0,0,0,0,0,0,0,0,0,0,325.937289045041,0,154.142998692322,0,153.876396855887,0,0,0,0,146.814226519809,0,0,0,0,0,0
120.912756812582,0,0,0,0,0,231.715271819474,0,0,0,314.611698427915,0,0,0,0,0,0,104.369974912428,0,178.748963182352,89.9429017381717,0,0,0,0,0,249.798812580765,180.355266595273,0,0,0,0,0,119.728129215699,0,157.852515740516,195.314816908693,283.248188884028,153.672550905948,0,259.442917595754
94.7280504127031,0,0,103.519938150021,0,0,0,0,0,99.3508940827211,151.01089327964,93.4234866874731,0,0,0,0,0,0,0,146.465927798921,0,0,0,249.905610015455,0,0,0,0,90.7216186966914,0,0,0,0,153.609372090384,0,0,220.963068032256,289.631679007608,0,0,183.786860782462
0,0,0,0,188.936291522747,321.864157986053,0,0,0,0,261.605527103798,0,0,0,0,0,142.054529471577,0,0,0,0,0,116.054372245433,101.443495235174,0,223.705816669619,0,173.001559092555,0,0,0,0,0,142.385058730083,180.543851962045,0,0,0,0,76.5072790361762,0
0,0,0,0,0,0,0,0,0,0,0,0,0,0,0,142.054529471577,0,0,0,0,0,122.106946855269,0,94.9380989123498,323.781250289068,0,0,0,111.226326353722,0,0,89.1590885155172,0,163.059043292369,192.601533877686,0,137.239127032733,0,0,0,196.032358954952
0,0,0,0,0,0,0,128.846764897717,196.04190773555,0,0,192.135034768848,0,104.369974912428,0,0,0,0,0,0,106.926813611922,0,0,0,0,98.6790043377568,0,74.5815074003433,0,155.24952173131,0,0,0,0,0,0,0,0,0,0,133.218162784108
0,0,0,101.350815329073,0,0,97.3232815600345,81.2827395071039,179.718364159796,0,0,0,0,0,0,0,0,0,0,0,167.066576495979,0,124.698445421759,0,0,154.784755881607,115.541295036174,193.777661225572,145.74089716123,0,0,0,0,0,0,0,0,201.100640800745,0,171.230058197369,0
0,0,0,0,112.793316814908,0,217.157696745803,186.973586461633,0,0,0,205.09013266389,0,178.748963182352,146.465927798921,0,0,0,0,0,0,0,0,353.822894641502,0,174.013630695256,0,211.840482897052,159.183173818572,184.249961885477,0,163.945208919892,0,232.945974238958,112.823430872325,0,357.423078228283,0,0,202.712457066107,195.378266313867
0,94.7529894315991,0,0,0,0,0,0,0,0,193.055010680236,0,0,89.9429017381717,0,0,0,106.926813611922,167.066576495979,0,0,0,81.9664354533492,87.8456058929559,0,0,117.208001126138,186.348837226466,0,0,0,0,0,303.527509149359,160.537522273714,0,74.7304794244225,252.487290983309,0,0,0
0,0,0,0,0,0,0,106.128596538706,0,0,143.005810983322,0,0,0,0,0,122.106946855269,0,0,0,0,0,0,0,0,62.311273509377,0,198.964527389285,0,0,0,0,0,0,225.013371621378,0,206.912707094411,0,0,172.608400267715,0
0,0,0,0,320.356811100276,0,0,0,101.895308036513,115.868441404982,253.401634605989,155.901486485736,0,0,0,116.054372245433,0,0,124.698445421759,0,81.9664354533492,0,0,338.131802716296,92.3502314520023,0,276.620869034647,0,0,0,0,0,321.124897279917,0,98.2230592632363,247.66948903751,0,0,0,125.416941482916,0
0,0,0,0,181.316358113209,114.511014214502,0,97.5855511246009,0,0,0,300.031143529538,0,0,249.905610015455,101.443495235174,94.9380989123498,0,0,353.822894641502,87.8456058929559,0,338.131802716296,0,0,226.825099357786,0,0,0,71.4788760670054,0,78.9559315574845,0,161.325017232684,94.126460729827,0,197.893790332676,0,194.442125915551,242.790381480436,119.345624434514
0,0,146.99041817625,188.851177466023,0,0,0,106.33736463831,0,0,0,0,0,0,0,0,323.781250289068,0,0,0,0,0,92.3502314520023,0,0,0,0,0,0,0,161.275817184598,0,0,0,94.8881692391942,0,140.574866691684,110.384905066973,0,114.649126378906,0
0,0,0,0,0,0,70.4221432298295,161.694997919804,227.504408813069,111.435629183184,0,236.681907140956,325.937289045041,0,0,223.705816669619,0,98.6790043377568,154.784755881607,174.013630695256,0,62.311273509377,0,226.825099357786,0,0,0,0,115.871357769661,0,0,151.075371308616,0,153.453047983244,84.3635741045246,193.659409924573,0,0,241.682021696872,90.1317194604647,169.453147353278
0,0,0,0,219.040656038919,135.667029391615,0,0,0,309.997227542691,109.093416850988,191.519780382943,0,249.798812580765,0,0,0,0,115.541295036174,0,117.208001126138,0,276.620869034647,0,0,0,0,263.534399241887,115.194491798135,193.63278243493,0,0,0,148.808626413748,128.405764333981,238.934743274142,82.4756938751058,218.045528847001,348.674510760064,125.81518738273,222.053792850439
0,161.74915061469,228.792310020318,93.5029580098427,97.3506957544063,125.994729980093,0,0,0,335.371040201042,190.185165668632,173.059382066957,154.142998692322,180.355266595273,0,173.001559092555,0,74.5815074003433,193.777661225572,211.840482897052,186.348837226466,198.964527389285,0,0,0,0,263.534399241887,0,221.805809452716,0,0,151.806152521152,0,108.381749703452,173.201474590904,199.492852797962,78.8552325762656,165.597665022977,133.984214699576,160.530221557972,92.5568465385234
0,162.833808134102,0,0,0,208.005106191961,0,115.114253591495,0,75.4497121078207,0,92.5207898118833,0,0,90.7216186966914,0,111.226326353722,0,145.74089716123,159.183173818572,0,0,0,0,0,115.871357769661,115.194491798135,221.805809452716,0,195.822649557859,80.8080171296381,0,0,134.960780198024,173.538155409849,150.161410108805,205.183249704085,137.189596148386,0,219.430938885781,62.859596780235
0,0,0,0,0,0,0,0,0,241.635434294794,0,0,153.876396855887,0,0,0,0,155.24952173131,0,184.249961885477,0,0,0,71.4788760670054,0,0,193.63278243493,0,195.822649557859,0,0,0,0,200.878319874537,0,0,204.481117647118,0,165.893015276821,113.059176128709,0
0,0,0,0,0,0,0,0,0,0,0,0,0,0,0,0,0,0,0,0,0,0,0,0,161.275817184598,0,0,0,80.8080171296381,0,0,0,0,95.7590805983148,0,0,0,0,151.695570509541,85.7623170715703,172.892533368851
0,0,0,0,82.1742780037132,0,0,0,0,241.57250333243,0,0,0,0,0,0,89.1590885155172,0,0,163.945208919892,0,0,0,78.9559315574845,0,151.075371308616,0,151.806152521152,0,0,0,0,0,0,178.683678585178,158.955087279859,345.797434674459,100.812745974529,0,0,0
0,0,0,0,0,0,269.936825670274,0,124.853650664477,0,0,262.382215657622,0,0,0,0,0,0,0,0,0,0,321.124897279917,0,0,0,0,0,0,0,0,0,0,0,0,0,209.996727521564,0,0,0,0
0,0,136.792307586862,0,0,197.486504603685,171.906398392157,139.654362654449,115.332064605654,58.3493451392805,0,134.566479261133,0,119.728129215699,153.609372090384,142.385058730083,163.059043292369,0,0,232.945974238958,303.527509149359,0,0,161.325017232684,0,153.453047983244,148.808626413748,108.381749703452,134.960780198024,200.878319874537,95.7590805983148,0,0,0,224.551207449728,73.4795582048751,89.707245288964,104.915316975638,101.605593487621,178.224497384947,0
0,0,0,74.4197823064597,206.472608421747,0,0,85.6072705949986,112.349934713559,0,0,71.5579325720569,146.814226519809,0,0,180.543851962045,192.601533877686,0,0,112.823430872325,160.537522273714,225.013371621378,98.2230592632363,94.126460729827,94.8881692391942,84.3635741045246,128.405764333981,173.201474590904,173.538155409849,0,0,178.683678585178,0,224.551207449728,0,108.136066660554,82.6299537488922,0,187.77054666536,231.050882209,135.294330067913
0,333.645516435298,0,284.529238481835,169.742003380707,0,139.93285932648,0,224.523755099568,0,113.144980278377,0,0,157.852515740516,0,0,0,0,0,0,0,0,247.66948903751,0,0,193.659409924573,238.934743274142,199.492852797962,150.161410108805,0,0,158.955087279859,0,73.4795582048751,108.136066660554,0,168.241326865882,180.90030328818,0,73.1029054543569,283.88658203332
0,137.177378802006,0,94.027247878695,138.33942793804,255.441154257905,96.5937438588657,151.036729364761,154.070293657878,164.032723165762,0,158.567996645797,0,195.314816908693,220.963068032256,0,137.239127032733,0,0,357.423078228283,74.7304794244225,206.912707094411,0,197.893790332676,140.574866691684,0,82.4756938751058,78.8552325762656,205.183249704085,204.481117647118,0,345.797434674459,209.996727521564,89.707245288964,82.6299537488922,168.241326865882,0,116.176698124939,141.204637091722,201.44584889478,192.693757128262
213.67670887414,0,0,0,0,205.839960264176,66.5008477853491,0,0,251.098274723989,136.685314494491,139.792601838991,0,283.248188884028,289.631679007608,0,0,0,201.100640800745,0,252.487290983309,0,0,0,110.384905066973,0,218.045528847001,165.597665022977,137.189596148386,0,0,100.812745974529,0,104.915316975638,0,180.90030328818,116.176698124939,0,0,89.3673883748406,212.592150359921
306.640284138334,120.567029282014,0,0,0,0,0,280.376028997576,0,0,0,0,0,153.672550905948,0,0,0,0,0,0,0,0,0,194.442125915551,0,241.682021696872,348.674510760064,133.984214699576,0,165.893015276821,151.695570509541,0,0,101.605593487621,187.77054666536,0,141.204637091722,0,0,99.2646516363145,219.078548227669
0,0,0,250.461724766314,0,67.8267069095267,306.344527664232,204.084074037941,0,0,240.185081663983,128.530575464043,0,0,0,76.5072790361762,0,0,171.230058197369,202.712457066107,0,172.608400267715,125.416941482916,242.790381480436,114.649126378906,90.1317194604647,125.81518738273,160.530221557972,219.430938885781,113.059176128709,85.7623170715703,0,0,178.224497384947,231.050882209,73.1029054543569,201.44584889478,89.3673883748406,99.2646516363145,0,0
228.075434767255,96.7845769653343,0,0,0,118.522099274347,0,0,0,154.065933476765,0,61.0664810463559,0,259.442917595754,183.786860782462,0,196.032358954952,133.218162784108,0,195.378266313867,0,0,0,119.345624434514,0,169.453147353278,222.053792850439,92.5568465385234,62.859596780235,0,172.892533368851,0,0,0,135.294330067913,283.88658203332,192.693757128262,212.592150359921,219.078548227669,0,0
