0,0,0,0,0,0,0,0,0,0,0,0,197.486504603685,0,0,0,117.208001126138,0,0,0,0,0,0,0,148.808626413748,159.183173818572,0,0,0,0,0,0,0,160.530221557972,0,0,0,153.609372090384,0,0,0
0,0,0,101.85207633558,0,0,0,220.901129804706,0,0,0,0,114.649126378906,241.635434294794,0,0,0,0,0,0,0,0,198.964527389285,0,0,0,122.106946855269,0,0,0,0,0,0,0,0,0,66.5008477853491,0,0,0,0
0,0,0,0,0,0,0,0,0,0,0,0,0,0,0,0,0,0,0,0,0,0,0,191.519780382943,0,0,0,236.681907140956,0,146.770754374523,0,0,0,140.574866691684,0,0,128.405764333981,0,0,0,0
0,101.85207633558,0,0,0,0,0,0,0,224.551207449728,194.442125915551,161.275817184598,0,0,0,0,115.868441404982,0,0,89.707245288964,128.530575464043,0,111.435629183184,0,0,214.116367924649,0,0,0,0,0,0,0,97.5855511246009,221.805809452716,94.126460729827,0,0,0,174.013630695256,0
0,0,0,0,0,85.6072705949986,0,135.667029391615,0,0,0,0,0,195.314816908693,0,0,0,0,201.100640800745,0,0,0,0,321.124897279917,0,0,115.541295036174,115.114253591495,215.611029055736,0,0,0,0,347.376449530863,80.8080171296381,0,151.036729364761,206.472608421747,0,135.294330067913,205.839960264176
0,0,0,0,85.6072705949986,0,61.0664810463559,0,0,0,0,0,0,89.1590885155172,0,213.67670887414,0,0,113.144980278377,249.905610015455,0,329.719143597451,0,0,0,0,0,0,283.88658203332,164.032723165762,0,0,0,187.77054666536,173.001559092555,0,62.311273509377,0,165.893015276821,0,192.601533877686
0,0,0,0,0,61.0664810463559,0,0,0,0,0,284.529238481835,0,0,0,0,0,74.5815074003433,0,98.417953423071,0,0,0,0,0,0,0,111.226326353722,158.955087279859,0,0,0,0,169.453147353278,84.3635741045246,139.792601838991,100.812745974529,162.833808134102,112.823430872325,0,167.066576495979
0,220.901129804706,0,0,135.667029391615,0,0,0,0,314.611698427915,136.792307586862,0,0,0,0,0,0,0,0,92.5568465385234,0,0,269.936825670274,0,193.63278243493,153.453047983244,306.344527664232,0,90.1317194604647,0,180.543851962045,0,0,0,0,154.784755881607,353.822894641502,163.945208919892,0,202.712457066107,259.055025639447
0,0,0,0,0,0,0,0,0,303.527509149359,103.519938150021,309.997227542691,0,200.878319874537,0,0,0,0,0,0,0,0,206.912707094411,0,0,211.840482897052,0,98.2230592632363,177.763106506206,0,0,0,0,0,139.654362654449,106.128596538706,0,0,300.031143529538,0,0
0,0,0,224.551207449728,0,0,0,314.611698427915,303.527509149359,0,98.6790043377568,0,101.895308036513,226.825099357786,0,71.5579325720569,0,0,0,0,222.053792850439,0,0,0,0,101.350815329073,0,188.936291522747,97.3506957544063,0,0,0,219.430938885781,195.378266313867,0,0,116.176698124939,208.005106191961,199.492852797962,195.822649557859,219.078548227669
0,0,0,194.442125915551,0,0,0,136.792307586862,103.519938150021,98.6790043377568,0,155.901486485736,0,190.185165668632,178.683678585178,94.7529894315991,0,0,306.640284138334,0,0,0,0,323.781250289068,0,0,0,0,0,0,0,0,0,0,58.3493451392805,146.99041817625,137.177378802006,227.504408813069,101.605593487621,74.7304794244225,0
0,0,0,161.275817184598,0,0,284.529238481835,0,309.997227542691,0,155.901486485736,0,0,114.511014214502,0,251.098274723989,283.248188884028,0,0,124.853650664477,81.9664354533492,0,0,228.075434767255,0,0,138.33942793804,90.7216186966914,220.963068032256,131.969743415579,89.9429017381717,0,0,333.645516435298,151.695570509541,82.6299537488922,201.44584889478,115.332064605654,0,138.425725342224,0
197.486504603685,114.649126378906,0,0,0,0,0,0,0,101.895308036513,0,0,0,0,0,0,0,0,0,0,0,0,252.487290983309,0,0,0,0,0,0,0,0,0,0,146.814226519809,0,150.161410108805,0,0,0,0,0
0,241.635434294794,0,0,195.314816908693,89.1590885155172,0,0,200.878319874537,226.825099357786,190.185165668632,114.511014214502,0,0,0,0,0,0,0,178.224497384947,0,0,0,92.3502314520023,0,0,0,104.369974912428,0,0,0,73.4795582048751,0,125.416941482916,0,0,225.013371621378,0,0,142.385058730083,0
0,0,0,0,0,0,0,0,0,0,178.683678585178,0,0,0,0,80.4367166559625,0,0,0,180.355266595273,142.054529471577,0,171.906398392157,0,0,94.8881692391942,78.9559315574845,0,134.960780198024,0,0,0,0,78.8552325762656,259.442917595754,0,119.728129215699,0,0,70.4221432298295,0
0,0,0,0,0,213.67670887414,0,0,0,71.5579325720569,94.7529894315991,251.098274723989,0,0,80.4367166559625,0,0,0,0,0,0,0,0,155.24952173131,71.4788760670054,0,0,250.461724766314,0,0,0,0,0,0,0,0,0,163.059043292369,0,116.054372245433,228.792310020318
117.208001126138,0,0,115.868441404982,0,0,0,0,0,0,0,283.248188884028,0,0,0,0,0,0,0,0,0,0,0,118.522099274347,0,0,175.196329314064,82.1742780037132,160.537522273714,0,0,0,0,0,158.567996645797,193.055010680236,0,0,0,0,93.4234866874731
0,0,0,0,0,0,74.5815074003433,0,0,0,0,0,0,0,0,0,0,0,0,0,0,0,0,0,0,0,345.797434674459,101.5853655613,0,0,0,335.371040201042,0,146.465927798921,151.075371308616,0,0,171.230058197369,154.065933476765,0,76.5072790361762
0,0,0,0,201.100640800745,113.144980278377,0,0,0,0,306.640284138334,0,0,0,0,0,0,0,0,172.608400267715,161.694997919804,0,0,0,0,0,209.996727521564,0,0,325.937289045041,0,137.239127032733,0,85.7623170715703,137.189596148386,253.401634605989,0,223.705816669619,0,0,0
0,0,0,89.707245288964,0,249.905610015455,98.417953423071,92.5568465385234,0,0,0,124.853650664477,0,178.224497384947,180.355266595273,0,0,0,172.608400267715,0,169.742003380707,0,161.74915061469,0,0,106.33736463831,115.871357769661,0,120.567029282014,0,0,0,0,0,0,0,231.050882209,0,120.912756812582,181.316358113209,161.302948562323
0,0,0,128.530575464043,0,0,0,0,0,222.053792850439,0,81.9664354533492,0,0,142.054529471577,0,0,0,161.694997919804,169.742003380707,0,0,0,0,0,0,263.534399241887,204.481117647118,0,0,0,0,0,62.859596780235,168.241326865882,112.793316814908,0,0,0,101.443495235174,153.672550905948
0,0,0,0,0,329.719143597451,0,0,0,0,0,0,0,0,0,0,0,0,0,0,0,0,0,136.685314494491,0,0,0,357.423078228283,0,95.7590805983148,0,0,0,0,87.8456058929559,106.533627130087,173.538155409849,0,0,212.592150359921,0
0,198.964527389285,0,111.435629183184,0,0,0,269.936825670274,206.912707094411,0,0,0,252.487290983309,0,171.906398392157,0,0,0,0,161.74915061469,0,0,0,0,0,217.157696745803,179.718364159796,0,81.2827395071039,0,0,0,0,186.973586461633,94.9380989123498,0,178.748963182352,0,108.136066660554,0,108.381749703452
0,0,191.519780382943,0,321.124897279917,0,0,0,0,0,323.781250289068,228.075434767255,0,92.3502314520023,0,155.24952173131,118.522099274347,0,0,0,0,136.685314494491,0,0,0,154.142998692322,93.5029580098427,141.204637091722,0,0,224.523755099568,205.09013266389,0,157.852515740516,73.1029054543569,74.4197823064597,249.798812580765,133.984214699576,0,0,193.777661225572
148.808626413748,0,0,0,0,0,0,193.63278243493,0,0,0,0,0,0,0,71.4788760670054,0,0,0,0,0,0,0,0,0,0,0,75.4497121078207,0,0,0,0,0,0,125.81518738273,192.693757128262,145.74089716123,231.715271819474,0,261.605527103798,240.185081663983
159.183173818572,0,0,214.116367924649,0,0,0,153.453047983244,211.840482897052,101.350815329073,0,0,0,0,94.8881692391942,0,0,0,0,106.33736463831,0,0,217.157696745803,154.142998692322,0,0,242.790381480436,180.90030328818,112.349934713559,173.201474590904,0,289.631679007608,0,193.659409924573,205.183249704085,247.66948903751,183.786860782462,0,0,99.2646516363145,96.7845769653343
0,122.106946855269,0,0,115.541295036174,0,0,306.344527664232,0,0,0,138.33942793804,0,0,78.9559315574845,0,175.196329314064,345.797434674459,209.996727521564,115.871357769661,263.534399241887,0,179.718364159796,93.5029580098427,0,242.790381480436,0,186.348837226466,106.926813611922,133.218162784108,0,94.7280504127031,0,172.892533368851,0,0,188.851177466023,97.3232815600345,0,0,0
0,0,236.681907140956,0,115.114253591495,0,111.226326353722,0,98.2230592632363,188.936291522747,0,90.7216186966914,0,104.369974912428,0,250.461724766314,82.1742780037132,101.5853655613,0,0,204.481117647118,357.423078228283,0,141.204637091722,75.4497121078207,180.90030328818,186.348837226466,0,104.915316975638,198.528111506785,238.934743274142,0,92.5207898118833,143.005810983322,154.070293657878,96.5937438588657,255.441154257905,0,321.864157986053,139.93285932648,261.440278806413
0,0,0,0,215.611029055736,283.88658203332,158.955087279859,90.1317194604647,177.763106506206,97.3506957544063,0,220.963068032256,0,0,134.960780198024,0,160.537522273714,0,0,120.567029282014,0,0,81.2827395071039,0,0,112.349934713559,106.926813611922,104.915316975638,0,165.597665022977,0,276.620869034647,0,241.57250333243,128.846764897717,0,196.04190773555,94.027247878695,0,241.682021696872,0
0,0,146.770754374523,0,0,164.032723165762,0,0,0,0,0,131.969743415579,0,0,0,0,0,0,325.937289045041,0,0,95.7590805983148,0,0,0,173.201474590904,133.218162784108,198.528111506785,165.597665022977,0,0,0,0,0,0,0,115.194491798135,0,0,0,184.249961885477
0,0,0,0,0,0,0,180.543851962045,0,0,0,89.9429017381717,0,0,0,0,0,0,0,0,0,0,0,224.523755099568,0,0,0,238.934743274142,0,0,0,0,0,0,192.135034768848,0,0,0,280.376028997576,0,0
0,0,0,0,0,0,0,0,0,0,0,0,0,73.4795582048751,0,0,0,335.371040201042,137.239127032733,0,0,0,0,205.09013266389,0,289.631679007608,94.7280504127031,0,276.620869034647,0,0,0,0,0,196.032358954952,0,99.3508940827211,72.2278283150671,0,262.382215657622,0
0,0,0,0,0,0,0,0,0,219.430938885781,0,0,0,0,0,0,0,0,0,0,0,0,0,0,0,0,0,92.5207898118833,0,0,0,0,0,0,0,0,124.698445421759,125.994729980093,0,173.059382066957,0
160.530221557972,0,140.574866691684,97.5855511246009,347.376449530863,187.77054666536,169.453147353278,0,0,195.378266313867,0,333.645516435298,146.814226519809,125.416941482916,78.8552325762656,0,0,146.465927798921,85.7623170715703,0,62.859596780235,0,186.973586461633,157.852515740516,0,193.659409924573,172.892533368851,143.005810983322,241.57250333243,0,0,0,0,0,113.059176128709,110.384905066973,232.945974238958,151.01089327964,348.674510760064,109.093416850988,0
0,0,0,221.805809452716,80.8080171296381,173.001559092555,84.3635741045246,0,139.654362654449,0,58.3493451392805,151.695570509541,0,0,259.442917595754,0,158.567996645797,151.075371308616,137.189596148386,0,168.241326865882,87.8456058929559,94.9380989123498,73.1029054543569,125.81518738273,205.183249704085,0,154.070293657878,128.846764897717,0,192.135034768848,196.032358954952,0,113.059176128709,0,0,82.4756938751058,0,0,153.876396855887,218.045528847001
0,0,0,94.126460729827,0,0,139.792601838991,154.784755881607,106.128596538706,0,146.99041817625,82.6299537488922,150.161410108805,0,0,0,193.055010680236,0,253.401634605989,0,112.793316814908,106.533627130087,0,74.4197823064597,192.693757128262,247.66948903751,0,96.5937438588657,0,0,0,0,0,110.384905066973,0,0,67.8267069095267,0,151.806152521152,338.131802716296,0
0,66.5008477853491,128.405764333981,0,151.036729364761,62.311273509377,100.812745974529,353.822894641502,0,116.176698124939,137.177378802006,201.44584889478,0,225.013371621378,119.728129215699,0,0,0,0,231.050882209,0,173.538155409849,178.748963182352,249.798812580765,145.74089716123,183.786860782462,188.851177466023,255.441154257905,196.04190773555,115.194491798135,0,99.3508940827211,124.698445421759,232.945974238958,82.4756938751058,67.8267069095267,0,119.345624434514,82.6426202489162,89.3673883748406,219.040656038919
153.609372090384,0,0,0,206.472608421747,0,162.833808134102,163.945208919892,0,208.005106191961,227.504408813069,115.332064605654,0,0,0,163.059043292369,0,171.230058197369,223.705816669619,0,0,0,0,133.984214699576,231.715271819474,0,97.3232815600345,0,94.027247878695,0,0,72.2278283150671,125.994729980093,151.01089327964,0,0,119.345624434514,0,0,204.084074037941,134.566479261133
0,0,0,0,0,165.893015276821,112.823430872325,0,300.031143529538,199.492852797962,101.605593487621,0,0,0,0,0,0,154.065933476765,0,120.912756812582,0,0,108.136066660554,0,0,0,0,321.864157986053,0,0,280.376028997576,0,0,348.674510760064,0,151.806152521152,82.6426202489162,0,0,320.356811100276,197.893790332676
0,0,0,174.013630695256,135.294330067913,0,0,202.712457066107,0,195.822649557859,74.7304794244225,138.425725342224,0,142.385058730083,70.4221432298295,116.054372245433,0,0,0,181.316358113209,101.443495235174,212.592150359921,0,0,261.605527103798,99.2646516363145,0,139.93285932648,241.682021696872,0,0,262.382215657622,173.059382066957,109.093416850988,153.876396855887,338.131802716296,89.3673883748406,204.084074037941,320.356811100276,0,161.325017232684
0,0,0,0,205.839960264176,192.601533877686,167.066576495979,259.055025639447,0,219.078548227669,0,0,0,0,0,228.792310020318,93.4234866874731,76.5072790361762,0,161.302948562323,153.672550905948,0,108.381749703452,193.777661225572,240.185081663983,96.7845769653343,0,261.440278806413,0,184.249961885477,0,0,0,0,218.045528847001,0,219.040656038919,134.566479261133,197.893790332676,161.325017232684,0
