0,0,0,0,0,0,0,112.349934713559,0,0,0,0,0,0,0,0,0,0,0,0,0,80.8080171296381,0,0,0,0,0,0,0,0,0,0,0,236.681907140956,94.027247878695,0,164.032723165762,0,0,0,151.01089327964
0,0,0,0,0,205.183249704085,0,238.934743274142,0,0,0,0,0,0,0,0,0,0,0,0,0,0,0,228.792310020318,0,0,0,140.574866691684,0,0,0,0,0,0,0,0,200.878319874537,0,0,101.605593487621,136.792307586862
0,0,0,0,0,0,0,0,0,0,0,0,0,0,0,0,0,0,0,0,0,0,114.649126378906,67.8267069095267,0,0,0,85.6072705949986,0,0,0,0,0,0,82.6426202489162,0,0,0,0,0,180.90030328818
0,0,0,0,0,187.77054666536,0,0,0,0,314.611698427915,135.667029391615,0,0,0,74.4197823064597,0,195.822649557859,0,0,0,0,81.9664354533492,0,0,0,0,192.693757128262,218.045528847001,0,0,0,0,0,242.790381480436,70.4221432298295,303.527509149359,329.719143597451,0,90.7216186966914,0
0,0,0,0,0,0,201.100640800745,259.442917595754,0,0,128.846764897717,197.486504603685,106.926813611922,0,0,0,0,0,0,139.792601838991,153.672550905948,0,0,0,0,100.812745974529,0,0,193.777661225572,0,0,241.682021696872,0,247.66948903751,90.1317194604647,0,0,0,137.189596148386,0,161.275817184598
0,205.183249704085,0,187.77054666536,0,0,154.784755881607,146.770754374523,0,0,0,357.423078228283,0,0,103.519938150021,333.645516435298,0,0,0,150.161410108805,0,0,0,0,158.567996645797,0,0,0,306.640284138334,0,0,194.442125915551,0,154.142998692322,0,0,117.208001126138,0,0,115.114253591495,0
0,0,0,0,201.100640800745,154.784755881607,0,0,0,172.608400267715,221.805809452716,0,0,0,73.4795582048751,0,0,0,0,0,208.005106191961,0,0,190.185165668632,0,89.9429017381717,0,111.226326353722,0,0,0,0,0,0,321.864157986053,0,215.611029055736,142.385058730083,93.4234866874731,0,0
112.349934713559,238.934743274142,0,0,259.442917595754,146.770754374523,0,0,0,94.9380989123498,188.936291522747,133.984214699576,0,0,0,0,0,0,0,133.218162784108,0,142.054529471577,0,0,0,153.609372090384,0,209.996727521564,0,0,0,179.718364159796,0,184.249961885477,0,98.2230592632363,0,0,0,151.036729364761,241.57250333243
0,0,0,0,0,0,0,0,0,0,0,0,0,0,0,0,0,0,146.99041817625,0,0,0,151.075371308616,225.013371621378,0,0,220.901129804706,201.44584889478,0,0,0,0,0,96.5937438588657,153.876396855887,0,108.136066660554,0,241.635434294794,347.376449530863,220.963068032256
0,0,0,0,0,0,172.608400267715,94.9380989123498,0,0,131.969743415579,0,0,97.5855511246009,0,0,0,0,0,0,119.728129215699,0,0,205.839960264176,120.567029282014,155.24952173131,0,224.551207449728,81.2827395071039,115.871357769661,180.355266595273,198.528111506785,0,141.204637091722,165.893015276821,0,231.715271819474,0,0,178.748963182352,193.63278243493
0,0,0,314.611698427915,128.846764897717,0,221.805809452716,188.936291522747,0,131.969743415579,0,0,0,0,0,188.851177466023,0,0,193.055010680236,0,128.405764333981,0,0,0,0,96.7845769653343,0,145.74089716123,108.381749703452,253.401634605989,0,0,0,169.453147353278,0,0,82.1742780037132,0,0,226.825099357786,214.116367924649
0,0,0,135.667029391615,197.486504603685,357.423078228283,0,133.984214699576,0,0,0,0,0,153.453047983244,0,195.378266313867,0,0,202.712457066107,181.316358113209,0,0,0,0,0,251.098274723989,0,71.5579325720569,97.3232815600345,0,198.964527389285,348.674510760064,0,232.945974238958,263.534399241887,111.435629183184,115.868441404982,163.059043292369,219.430938885781,148.808626413748,204.084074037941
0,0,0,0,106.926813611922,0,0,0,0,0,0,0,0,0,0,0,0,0,0,0,0,0,0,0,0,0,280.376028997576,0,0,0,0,0,0,0,169.742003380707,335.371040201042,338.131802716296,125.416941482916,0,0,0
0,0,0,0,0,0,0,0,0,97.5855511246009,0,153.453047983244,0,0,118.522099274347,0,0,250.461724766314,0,106.533627130087,0,0,163.945208919892,0,0,0,191.519780382943,204.481117647118,80.4367166559625,106.33736463831,0,0,0,0,124.853650664477,114.511014214502,62.859596780235,0,0,0,125.994729980093
0,0,0,0,0,103.519938150021,73.4795582048751,0,0,0,0,0,0,118.522099274347,0,0,0,0,0,0,0,219.078548227669,0,0,0,0,345.797434674459,0,116.176698124939,0,0,0,262.382215657622,98.6790043377568,113.144980278377,94.126460729827,99.2646516363145,146.814226519809,0,0,0
0,0,0,74.4197823064597,0,333.645516435298,0,0,0,0,188.851177466023,195.378266313867,0,0,0,0,0,0,0,137.239127032733,66.5008477853491,0,0,0,115.194491798135,61.0664810463559,224.523755099568,0,0,228.075434767255,0,0,0,92.5568465385234,0,0,0,0,0,0,0
0,0,0,0,0,0,0,0,0,0,0,0,0,0,0,0,0,0,0,0,0,0,93.5029580098427,0,0,0,109.093416850988,0,0,160.537522273714,213.67670887414,0,0,97.3506957544063,0,0,151.695570509541,116.054372245433,115.541295036174,174.013630695256,231.050882209
0,0,0,195.822649557859,0,0,0,0,0,0,0,0,0,250.461724766314,0,0,0,0,0,0,212.592150359921,89.3673883748406,87.8456058929559,0,0,0,0,196.04190773555,154.065933476765,0,0,0,0,0,0,0,0,94.8881692391942,196.032358954952,0,0
0,0,0,0,0,0,0,0,146.99041817625,0,193.055010680236,202.712457066107,0,0,0,0,0,0,0,73.1029054543569,0,0,71.4788760670054,0,0,0,113.059176128709,192.601533877686,119.345624434514,0,0,0,0,0,0,259.055025639447,62.311273509377,0,165.597665022977,106.128596538706,0
0,0,0,0,139.792601838991,150.161410108805,0,133.218162784108,0,0,0,181.316358113209,0,106.533627130087,0,137.239127032733,0,0,73.1029054543569,0,206.912707094411,0,0,0,0,146.465927798921,0,0,206.472608421747,124.698445421759,0,0,0,171.906398392157,283.88658203332,0,74.5815074003433,161.325017232684,0,128.530575464043,219.040656038919
0,0,0,0,153.672550905948,0,208.005106191961,0,0,119.728129215699,128.405764333981,0,0,0,0,66.5008477853491,0,212.592150359921,0,206.912707094411,0,0,0,0,161.302948562323,0,0,195.314816908693,0,138.425725342224,0,0,0,173.059382066957,0,0,171.230058197369,0,0,249.905610015455,0
80.8080171296381,0,0,0,0,0,0,142.054529471577,0,0,0,0,0,0,219.078548227669,0,0,89.3673883748406,0,0,0,0,0,192.135034768848,0,0,0,0,0,0,0,0,0,161.694997919804,0,0,134.960780198024,92.3502314520023,0,0,0
0,0,114.649126378906,81.9664354533492,0,0,0,0,151.075371308616,0,0,0,0,163.945208919892,0,0,93.5029580098427,87.8456058929559,71.4788760670054,0,0,0,0,0,0,0,261.440278806413,320.356811100276,120.912756812582,0,0,0,0,92.5207898118833,0,223.705816669619,306.344527664232,168.241326865882,0,0,94.7280504127031
0,228.792310020318,67.8267069095267,0,0,0,190.185165668632,0,225.013371621378,205.839960264176,0,0,0,0,0,0,0,0,0,0,0,192.135034768848,0,0,0,0,154.070293657878,227.504408813069,0,0,76.5072790361762,161.74915061469,122.106946855269,178.683678585178,110.384905066973,78.9559315574845,276.620869034647,173.001559092555,89.707245288964,72.2278283150671,112.823430872325
0,0,0,0,0,158.567996645797,0,0,0,120.567029282014,0,0,0,0,0,115.194491798135,0,0,0,0,161.302948562323,0,0,0,0,0,158.955087279859,137.177378802006,0,0,0,0,321.124897279917,197.893790332676,249.798812580765,0,0,0,0,155.901486485736,0
0,0,0,0,100.812745974529,0,89.9429017381717,153.609372090384,0,155.24952173131,96.7845769653343,251.098274723989,0,0,0,61.0664810463559,0,0,0,146.465927798921,0,0,0,0,0,0,89.1590885155172,58.3493451392805,157.852515740516,0,173.201474590904,160.530221557972,0,84.3635741045246,95.7590805983148,159.183173818572,101.85207633558,0,269.936825670274,283.248188884028,94.7529894315991
0,0,0,0,0,0,0,0,220.901129804706,0,0,0,280.376028997576,191.519780382943,345.797434674459,224.523755099568,109.093416850988,0,113.059176128709,0,0,0,261.440278806413,154.070293657878,158.955087279859,89.1590885155172,0,353.822894641502,82.6299537488922,0,0,0,0,211.840482897052,101.895308036513,183.786860782462,300.031143529538,134.566479261133,101.443495235174,177.763106506206,0
0,140.574866691684,85.6072705949986,192.693757128262,0,0,111.226326353722,209.996727521564,201.44584889478,224.551207449728,145.74089716123,71.5579325720569,0,204.481117647118,0,0,0,196.04190773555,192.601533877686,0,195.314816908693,0,320.356811100276,227.504408813069,137.177378802006,58.3493451392805,353.822894641502,0,0,172.892533368851,139.93285932648,0,0,101.5853655613,99.3508940827211,284.529238481835,199.492852797962,0,139.654362654449,112.793316814908,255.441154257905
0,0,0,218.045528847001,193.777661225572,306.640284138334,0,0,0,81.2827395071039,108.381749703452,97.3232815600345,0,80.4367166559625,116.176698124939,0,0,154.065933476765,119.345624434514,206.472608421747,0,0,120.912756812582,0,0,157.852515740516,82.6299537488922,0,0,0,0,0,0,261.605527103798,193.659409924573,151.806152521152,138.33942793804,186.348837226466,252.487290983309,82.4756938751058,0
0,0,0,0,0,0,0,0,0,115.871357769661,253.401634605989,0,0,106.33736463831,0,228.075434767255,160.537522273714,0,0,124.698445421759,138.425725342224,0,0,0,0,0,0,172.892533368851,0,0,0,309.997227542691,0,0,0,0,104.369974912428,0,0,0,98.417953423071
0,0,0,0,0,0,0,0,0,180.355266595273,0,198.964527389285,0,0,0,0,213.67670887414,0,0,0,0,0,0,76.5072790361762,0,173.201474590904,0,139.93285932648,0,0,0,0,0,0,0,0,0,0,0,0,0
0,0,0,0,241.682021696872,194.442125915551,0,179.718364159796,0,198.528111506785,0,348.674510760064,0,0,0,0,0,0,0,0,0,0,0,161.74915061469,0,160.530221557972,0,0,0,309.997227542691,0,0,0,0,0,0,0,240.185081663983,0,74.7304794244225,85.7623170715703
0,0,0,0,0,0,0,0,0,0,0,0,0,0,262.382215657622,0,0,0,0,0,0,0,0,122.106946855269,321.124897279917,0,0,0,0,0,0,0,0,0,0,104.915316975638,0,0,0,173.538155409849,0
236.681907140956,0,0,0,247.66948903751,154.142998692322,0,184.249961885477,96.5937438588657,141.204637091722,169.453147353278,232.945974238958,0,0,98.6790043377568,92.5568465385234,97.3506957544063,0,0,171.906398392157,173.059382066957,161.694997919804,92.5207898118833,178.683678585178,197.893790332676,84.3635741045246,211.840482897052,101.5853655613,261.605527103798,0,0,0,0,0,175.196329314064,222.053792850439,325.937289045041,186.973586461633,0,78.8552325762656,0
94.027247878695,0,82.6426202489162,242.790381480436,90.1317194604647,0,321.864157986053,0,153.876396855887,165.893015276821,0,263.534399241887,169.742003380707,124.853650664477,113.144980278377,0,0,0,0,283.88658203332,0,0,0,110.384905066973,249.798812580765,95.7590805983148,101.895308036513,99.3508940827211,193.659409924573,0,0,0,0,175.196329314064,0,205.09013266389,135.294330067913,143.005810983322,162.833808134102,289.631679007608,180.543851962045
0,0,0,70.4221432298295,0,0,0,98.2230592632363,0,0,0,111.435629183184,335.371040201042,114.511014214502,94.126460729827,0,0,0,259.055025639447,0,0,0,223.705816669619,78.9559315574845,0,159.183173818572,183.786860782462,284.529238481835,151.806152521152,0,0,0,104.915316975638,222.053792850439,205.09013266389,0,136.685314494491,101.350815329073,0,0,75.4497121078207
164.032723165762,200.878319874537,0,303.527509149359,0,117.208001126138,215.611029055736,0,108.136066660554,231.715271819474,82.1742780037132,115.868441404982,338.131802716296,62.859596780235,99.2646516363145,0,151.695570509541,0,62.311273509377,74.5815074003433,171.230058197369,134.960780198024,306.344527664232,276.620869034647,0,101.85207633558,300.031143529538,199.492852797962,138.33942793804,104.369974912428,0,0,0,325.937289045041,135.294330067913,136.685314494491,0,115.332064605654,323.781250289068,217.157696745803,0
0,0,0,329.719143597451,0,0,142.385058730083,0,0,0,0,163.059043292369,125.416941482916,0,146.814226519809,0,116.054372245433,94.8881692391942,0,161.325017232684,0,92.3502314520023,168.241326865882,173.001559092555,0,0,134.566479261133,0,186.348837226466,0,0,240.185081663983,0,186.973586461633,143.005810983322,101.350815329073,115.332064605654,0,125.81518738273,167.066576495979,0
0,0,0,0,137.189596148386,0,93.4234866874731,0,241.635434294794,0,0,219.430938885781,0,0,0,0,115.541295036174,196.032358954952,165.597665022977,0,0,0,0,89.707245288964,0,269.936825670274,101.443495235174,139.654362654449,252.487290983309,0,0,0,0,0,162.833808134102,0,323.781250289068,125.81518738273,0,0,0
0,101.605593487621,0,90.7216186966914,0,115.114253591495,0,151.036729364761,347.376449530863,178.748963182352,226.825099357786,148.808626413748,0,0,0,0,174.013630695256,0,106.128596538706,128.530575464043,249.905610015455,0,0,72.2278283150671,155.901486485736,283.248188884028,177.763106506206,112.793316814908,82.4756938751058,0,0,74.7304794244225,173.538155409849,78.8552325762656,289.631679007608,0,217.157696745803,167.066576495979,0,0,178.224497384947
151.01089327964,136.792307586862,180.90030328818,0,161.275817184598,0,0,241.57250333243,220.963068032256,193.63278243493,214.116367924649,204.084074037941,0,125.994729980093,0,0,231.050882209,0,0,219.040656038919,0,0,94.7280504127031,112.823430872325,0,94.7529894315991,0,255.441154257905,0,98.417953423071,0,85.7623170715703,0,0,180.543851962045,75.4497121078207,0,0,0,178.224497384947,0
