0,0,0,0,0,0,0,241.57250333243,0,0,300.031143529538,0,0,0,0,0,0,0,0,0,0,0,0,0,0,0,309.997227542691,0,0,198.964527389285,0,0,0,104.369974912428,0,67.8267069095267,0,0,0,0,0
0,0,0,0,201.44584889478,82.6299537488922,0,0,0,263.534399241887,145.74089716123,0,0,0,0,0,0,0,0,240.185081663983,0,0,0,0,0,78.8552325762656,0,0,0,0,0,0,0,0,172.608400267715,0,0,0,0,0,0
0,0,0,0,0,0,0,0,0,120.567029282014,0,0,0,0,0,0,0,0,0,135.294330067913,0,0,0,0,0,283.88658203332,0,0,0,0,0,0,0,188.936291522747,0,0,197.486504603685,0,0,0,0
0,0,0,0,0,93.5029580098427,0,0,195.314816908693,225.013371621378,0,202.712457066107,0,0,0,0,0,178.224497384947,0,0,0,0,0,193.777661225572,171.906398392157,0,178.748963182352,163.945208919892,180.543851962045,0,0,0,0,186.348837226466,231.050882209,0,0,0,0,252.487290983309,0
0,201.44584889478,0,0,0,0,0,192.693757128262,0,0,195.822649557859,0,192.135034768848,0,0,0,0,0,333.645516435298,0,0,161.275817184598,0,0,0,84.3635741045246,80.4367166559625,0,0,0,0,353.822894641502,0,111.226326353722,269.936825670274,0,259.442917595754,0,173.001559092555,141.204637091722,0
0,82.6299537488922,0,93.5029580098427,0,0,96.7845769653343,115.871357769661,0,0,0,128.530575464043,0,0,190.185165668632,0,78.9559315574845,0,0,114.511014214502,94.9380989123498,0,0,0,0,0,0,153.876396855887,0,0,0,0,0,0,335.371040201042,134.960780198024,0,0,0,249.905610015455,241.635434294794
0,0,0,0,0,96.7845769653343,0,0,0,160.537522273714,0,0,0,0,0,0,0,0,0,0,0,85.6072705949986,0,0,0,0,0,82.4756938751058,228.792310020318,223.705816669619,0,0,0,89.9429017381717,0,338.131802716296,125.994729980093,76.5072790361762,151.695570509541,58.3493451392805,136.685314494491
241.57250333243,0,0,0,192.693757128262,115.871357769661,0,0,0,128.405764333981,135.667029391615,74.5815074003433,0,0,0,0,0,0,131.969743415579,0,0,0,0,0,0,306.640284138334,89.1590885155172,101.605593487621,115.541295036174,0,0,0,213.67670887414,0,137.189596148386,0,193.055010680236,0,205.09013266389,0,232.945974238958
0,0,0,195.314816908693,0,0,0,0,0,0,0,0,0,0,0,0,119.728129215699,0,109.093416850988,259.055025639447,0,0,303.527509149359,0,0,140.574866691684,93.4234866874731,0,94.7529894315991,0,0,0,0,192.601533877686,0,0,101.5853655613,177.763106506206,0,0,0
0,263.534399241887,120.567029282014,225.013371621378,0,0,160.537522273714,128.405764333981,0,0,0,70.4221432298295,74.7304794244225,262.382215657622,0,0,306.344527664232,0,0,101.443495235174,0,0,0,188.851177466023,0,0,0,206.472608421747,113.144980278377,0,0,0,0,153.672550905948,0,0,73.4795582048751,179.718364159796,0,183.786860782462,198.528111506785
300.031143529538,145.74089716123,0,0,195.822649557859,0,0,135.667029391615,0,0,0,0,0,0,146.99041817625,0,0,0,0,255.441154257905,0,148.808626413748,0,220.901129804706,219.040656038919,167.066576495979,0,151.01089327964,0,0,0,0,0,0,138.33942793804,114.649126378906,0,133.984214699576,0,124.853650664477,162.833808134102
0,0,0,202.712457066107,0,128.530575464043,0,74.5815074003433,0,70.4221432298295,0,0,0,157.852515740516,98.2230592632363,0,106.128596538706,0,0,168.241326865882,0,0,0,98.6790043377568,0,184.249961885477,106.533627130087,161.74915061469,101.895308036513,164.032723165762,0,0,0,142.054529471577,205.183249704085,74.4197823064597,125.416941482916,146.770754374523,0,219.430938885781,161.694997919804
0,0,0,0,192.135034768848,0,0,0,0,74.7304794244225,0,0,0,0,0,71.5579325720569,0,0,0,0,0,0,0,280.376028997576,0,0,0,122.106946855269,0,0,0,0,0,136.792307586862,0,0,0,0,0,0,0
0,0,0,0,0,0,0,0,0,262.382215657622,0,157.852515740516,0,0,0,0,0,0,0,325.937289045041,0,0,172.892533368851,138.425725342224,208.005106191961,0,115.114253591495,0,0,0,0,0,0,224.523755099568,196.04190773555,347.376449530863,169.742003380707,228.075434767255,0,90.1317194604647,217.157696745803
0,0,0,0,0,190.185165668632,0,0,0,0,146.99041817625,98.2230592632363,0,0,0,250.461724766314,0,0,0,0,0,0,227.504408813069,173.059382066957,85.7623170715703,0,146.465927798921,143.005810983322,0,0,0,0,0,0,115.194491798135,173.201474590904,195.378266313867,0,0,0,0
0,0,0,0,0,0,0,0,0,0,0,0,71.5579325720569,0,250.461724766314,0,110.384905066973,0,0,61.0664810463559,0,0,0,120.912756812582,0,112.793316814908,119.345624434514,320.356811100276,0,0,0,0,0,0,158.955087279859,106.926813611922,289.631679007608,0,0,0,0
0,0,0,0,0,78.9559315574845,0,0,119.728129215699,306.344527664232,0,106.128596538706,0,0,0,110.384905066973,0,0,0,0,0,0,0,0,0,0,0,100.812745974529,0,0,165.893015276821,0,0,118.522099274347,0,125.81518738273,0,0,0,115.868441404982,0
0,0,0,178.224497384947,0,0,0,0,0,0,0,0,0,0,0,0,0,0,153.609372090384,0,112.349934713559,62.311273509377,0,0,0,0,0,94.8881692391942,0,0,0,81.2827395071039,0,0,261.605527103798,0,116.176698124939,87.8456058929559,0,0,0
0,0,0,0,333.645516435298,0,0,131.969743415579,109.093416850988,0,0,0,0,0,0,0,0,153.609372090384,0,0,0,0,0,72.2278283150671,0,158.567996645797,0,0,0,0,0,209.996727521564,0,137.239127032733,106.33736463831,0,191.519780382943,0,0,161.302948562323,219.078548227669
0,240.185081663983,135.294330067913,0,0,114.511014214502,0,0,259.055025639447,101.443495235174,255.441154257905,168.241326865882,0,325.937289045041,0,61.0664810463559,0,0,0,0,215.611029055736,0,0,0,151.036729364761,101.85207633558,0,238.934743274142,0,0,0,0,0,0,0,0,82.1742780037132,92.3502314520023,133.218162784108,71.4788760670054,0
0,0,0,0,0,94.9380989123498,0,0,0,0,0,0,0,0,0,0,0,112.349934713559,0,215.611029055736,0,94.126460729827,0,139.792601838991,0,116.054372245433,0,0,128.846764897717,0,0,0,0,345.797434674459,261.440278806413,0,251.098274723989,218.045528847001,0,108.381749703452,97.3506957544063
0,0,0,0,161.275817184598,0,85.6072705949986,0,0,0,148.808626413748,0,0,0,0,0,0,62.311273509377,0,0,94.126460729827,0,0,0,0,0,0,0,329.719143597451,0,0,0,0,0,194.442125915551,0,0,0,0,0,82.6426202489162
0,0,0,0,0,0,0,0,303.527509149359,0,0,0,0,172.892533368851,227.504408813069,0,0,0,0,0,0,0,0,187.77054666536,0,66.5008477853491,321.864157986053,151.075371308616,75.4497121078207,0,0,94.027247878695,0,0,284.529238481835,154.070293657878,186.973586461633,0,101.350815329073,226.825099357786,224.551207449728
0,0,0,193.777661225572,0,0,0,0,0,188.851177466023,220.901129804706,98.6790043377568,280.376028997576,138.425725342224,173.059382066957,120.912756812582,0,0,72.2278283150671,0,139.792601838991,0,187.77054666536,0,73.1029054543569,0,94.7280504127031,0,173.538155409849,103.519938150021,0,0,0,247.66948903751,0,0,115.332064605654,323.781250289068,0,0,104.915316975638
0,0,0,171.906398392157,0,0,0,0,0,0,219.040656038919,0,0,208.005106191961,85.7623170715703,0,0,0,0,151.036729364761,0,0,0,73.1029054543569,0,0,204.084074037941,0,0,0,0,0,0,0,0,97.3232815600345,117.208001126138,0,0,0,92.5568465385234
0,78.8552325762656,283.88658203332,0,84.3635741045246,0,0,306.640284138334,140.574866691684,0,167.066576495979,184.249961885477,0,0,0,112.793316814908,0,0,158.567996645797,101.85207633558,116.054372245433,0,66.5008477853491,0,0,0,0,222.053792850439,171.230058197369,0,220.963068032256,314.611698427915,0,0,99.2646516363145,0,113.059176128709,0,159.183173818572,211.840482897052,0
309.997227542691,0,0,178.748963182352,80.4367166559625,0,0,89.1590885155172,93.4234866874731,0,0,106.533627130087,0,115.114253591495,146.465927798921,119.345624434514,0,0,0,0,0,0,321.864157986053,94.7280504127031,204.084074037941,0,0,90.7216186966914,204.481117647118,214.116367924649,0,0,0,81.9664354533492,181.316358113209,0,124.698445421759,180.90030328818,0,154.065933476765,0
0,0,0,163.945208919892,0,153.876396855887,82.4756938751058,101.605593487621,0,206.472608421747,151.01089327964,161.74915061469,122.106946855269,0,143.005810983322,320.356811100276,100.812745974529,94.8881692391942,0,238.934743274142,0,0,151.075371308616,0,0,222.053792850439,90.7216186966914,0,180.355266595273,98.417953423071,241.682021696872,139.654362654449,249.798812580765,0,142.385058730083,276.620869034647,95.7590805983148,97.5855511246009,200.878319874537,137.177378802006,0
0,0,0,180.543851962045,0,0,228.792310020318,115.541295036174,94.7529894315991,113.144980278377,0,101.895308036513,0,0,0,0,0,0,0,0,128.846764897717,329.719143597451,75.4497121078207,173.538155409849,0,171.230058197369,204.481117647118,180.355266595273,0,165.597665022977,0,0,0,253.401634605989,221.805809452716,150.161410108805,0,199.492852797962,111.435629183184,151.806152521152,161.325017232684
198.964527389285,0,0,0,0,0,223.705816669619,0,0,0,0,164.032723165762,0,0,0,0,0,0,0,0,0,0,0,103.519938150021,0,0,214.116367924649,98.417953423071,165.597665022977,0,0,0,0,193.63278243493,0,357.423078228283,206.912707094411,0,0,0,283.248188884028
0,0,0,0,0,0,0,0,0,0,0,0,0,0,0,0,165.893015276821,0,0,0,0,0,0,0,0,220.963068032256,0,241.682021696872,0,0,0,112.823430872325,0,0,0,0,201.100640800745,0,0,205.839960264176,0
0,0,0,0,353.822894641502,0,0,0,0,0,0,0,0,0,0,0,0,81.2827395071039,209.996727521564,0,0,0,94.027247878695,0,0,314.611698427915,0,139.654362654449,0,0,112.823430872325,0,0,99.3508940827211,0,0,96.5937438588657,153.453047983244,62.859596780235,0,0
0,0,0,0,0,0,0,213.67670887414,0,0,0,0,0,0,0,0,0,0,0,0,0,0,0,0,0,0,0,249.798812580765,0,0,0,0,0,348.674510760064,0,0,108.136066660554,0,0,0,197.893790332676
104.369974912428,0,188.936291522747,186.348837226466,111.226326353722,0,89.9429017381717,0,192.601533877686,153.672550905948,0,142.054529471577,136.792307586862,224.523755099568,0,0,118.522099274347,0,137.239127032733,0,345.797434674459,0,0,247.66948903751,0,0,81.9664354533492,0,253.401634605989,193.63278243493,0,99.3508940827211,348.674510760064,0,92.5207898118833,154.784755881607,160.530221557972,175.196329314064,178.683678585178,236.681907140956,196.032358954952
0,172.608400267715,0,231.050882209,269.936825670274,335.371040201042,0,137.189596148386,0,0,138.33942793804,205.183249704085,0,196.04190773555,115.194491798135,158.955087279859,0,261.605527103798,106.33736463831,0,261.440278806413,194.442125915551,284.529238481835,0,0,99.2646516363145,181.316358113209,142.385058730083,221.805809452716,0,0,0,0,92.5207898118833,0,146.814226519809,0,242.790381480436,154.142998692322,155.24952173131,139.93285932648
67.8267069095267,0,0,0,0,134.960780198024,338.131802716296,0,0,0,114.649126378906,74.4197823064597,0,347.376449530863,173.201474590904,106.926813611922,125.81518738273,0,0,0,0,0,154.070293657878,0,97.3232815600345,0,0,276.620869034647,150.161410108805,357.423078228283,0,0,0,154.784755881607,146.814226519809,0,134.566479261133,0,169.453147353278,89.707245288964,0
0,0,197.486504603685,0,259.442917595754,0,125.994729980093,193.055010680236,101.5853655613,73.4795582048751,0,125.416941482916,0,169.742003380707,195.378266313867,289.631679007608,0,116.176698124939,191.519780382943,82.1742780037132,251.098274723989,0,186.973586461633,115.332064605654,117.208001126138,113.059176128709,124.698445421759,95.7590805983148,0,206.912707094411,201.100640800745,96.5937438588657,108.136066660554,160.530221557972,0,134.566479261133,0,89.3673883748406,80.8080171296381,174.013630695256,231.715271819474
0,0,0,0,0,0,76.5072790361762,0,177.763106506206,179.718364159796,133.984214699576,146.770754374523,0,228.075434767255,0,0,0,87.8456058929559,0,92.3502314520023,218.045528847001,0,0,323.781250289068,0,0,180.90030328818,97.5855511246009,199.492852797962,0,0,153.453047983244,0,175.196329314064,242.790381480436,0,89.3673883748406,0,155.901486485736,193.659409924573,163.059043292369
0,0,0,0,173.001559092555,0,151.695570509541,205.09013266389,0,0,0,0,0,0,0,0,0,0,0,133.218162784108,0,0,101.350815329073,0,0,159.183173818572,0,200.878319874537,111.435629183184,0,0,62.859596780235,0,178.683678585178,154.142998692322,169.453147353278,80.8080171296381,155.901486485736,0,212.592150359921,0
0,0,0,252.487290983309,141.204637091722,249.905610015455,58.3493451392805,0,0,183.786860782462,124.853650664477,219.430938885781,0,90.1317194604647,0,0,115.868441404982,0,161.302948562323,71.4788760670054,108.381749703452,0,226.825099357786,0,0,211.840482897052,154.065933476765,137.177378802006,151.806152521152,0,205.839960264176,0,0,236.681907140956,155.24952173131,89.707245288964,174.013630695256,193.659409924573,212.592150359921,0,321.124897279917
0,0,0,0,0,241.635434294794,136.685314494491,232.945974238958,0,198.528111506785,162.833808134102,161.694997919804,0,217.157696745803,0,0,0,0,219.078548227669,0,97.3506957544063,82.6426202489162,224.551207449728,104.915316975638,92.5568465385234,0,0,0,161.325017232684,283.248188884028,0,0,197.893790332676,196.032358954952,139.93285932648,0,231.715271819474,163.059043292369,0,321.124897279917,0
