0,0,0,0,0,0,0,0,0,99.3508940827211,0,0,0,0,195.822649557859,0,0,0,0,0,0,0,184.249961885477,0,0,198.528111506785,0,0,0,0,0,0,0,0,161.74915061469,0,154.142998692322,0,0,0,0
0,0,0,0,0,0,0,0,0,62.311273509377,0,0,0,0,171.230058197369,0,0,0,0,204.481117647118,0,0,0,0,0,0,0,196.032358954952,0,0,0,0,0,82.4756938751058,0,0,163.945208919892,199.492852797962,0,0,0
0,0,0,0,0,0,0,0,0,0,0,0,0,0,0,0,0,0,0,0,0,0,119.728129215699,0,0,0,153.609372090384,0,0,0,0,0,0,0,221.805809452716,0,259.055025639447,0,0,154.065933476765,0
0,0,0,0,0,0,0,80.8080171296381,333.645516435298,151.036729364761,61.0664810463559,101.5853655613,0,0,0,0,0,0,0,0,0,0,0,133.218162784108,0,124.698445421759,0,128.530575464043,0,0,0,0,94.126460729827,306.344527664232,0,172.892533368851,0,0,0,153.876396855887,190.185165668632
0,0,0,0,0,135.294330067913,0,0,82.1742780037132,0,0,104.369974912428,0,217.157696745803,0,0,0,0,0,0,157.852515740516,0,173.538155409849,90.7216186966914,76.5072790361762,178.224497384947,146.99041817625,161.275817184598,0,0,0,0,0,66.5008477853491,0,0,283.248188884028,0,0,180.90030328818,0
0,0,0,0,135.294330067913,0,0,353.822894641502,0,0,0,139.792601838991,82.6299537488922,250.461724766314,0,0,0,0,151.695570509541,0,0,198.964527389285,0,228.792310020318,0,0,101.605593487621,276.620869034647,0,0,0,0,0,161.694997919804,97.5855511246009,0,263.534399241887,0,0,154.070293657878,0
0,0,0,0,0,0,0,0,0,0,155.24952173131,201.100640800745,0,186.973586461633,0,0,0,222.053792850439,200.878319874537,0,0,0,0,89.9429017381717,0,0,0,0,169.453147353278,0,0,224.523755099568,0,106.926813611922,0,0,0,168.241326865882,90.1317194604647,158.567996645797,173.201474590904
0,0,0,80.8080171296381,0,353.822894641502,0,0,71.5579325720569,0,240.185081663983,115.114253591495,0,134.960780198024,218.045528847001,0,0,0,0,0,93.5029580098427,314.611698427915,261.605527103798,0,0,0,0,219.040656038919,0,0,0,0,0,125.81518738273,208.005106191961,0,0,94.027247878695,0,249.905610015455,165.597665022977
0,0,0,333.645516435298,82.1742780037132,0,0,71.5579325720569,0,160.530221557972,0,142.054529471577,0,164.032723165762,0,0,0,0,0,0,0,100.812745974529,146.814226519809,289.631679007608,0,0,0,0,0,0,0,0,0,0,111.226326353722,178.748963182352,0,0,0,0,0
99.3508940827211,62.311273509377,0,151.036729364761,0,0,0,0,160.530221557972,0,193.659409924573,85.7623170715703,0,94.7280504127031,187.77054666536,115.332064605654,0,154.784755881607,0,67.8267069095267,0,120.567029282014,0,0,0,138.425725342224,0,82.6426202489162,0,0,0,0,0,124.853650664477,135.667029391615,151.806152521152,72.2278283150671,0,0,0,0
0,0,0,61.0664810463559,0,0,155.24952173131,240.185081663983,0,193.659409924573,0,284.529238481835,138.33942793804,0,0,103.519938150021,232.945974238958,0,0,348.674510760064,0,0,0,0,0,137.239127032733,150.161410108805,0,0,94.7529894315991,0,0,0,128.405764333981,261.440278806413,0,89.3673883748406,0,0,0,202.712457066107
0,0,0,101.5853655613,104.369974912428,139.792601838991,201.100640800745,115.114253591495,142.054529471577,85.7623170715703,284.529238481835,0,0,0,89.1590885155172,181.316358113209,0,0,321.864157986053,137.189596148386,136.685314494491,0,137.177378802006,0,0,95.7590805983148,335.371040201042,211.840482897052,112.349934713559,0,0,0,0,167.066576495979,0,0,220.963068032256,139.654362654449,0,0,0
0,0,0,0,0,82.6299537488922,0,0,0,0,138.33942793804,0,0,0,0,0,0,0,0,247.66948903751,0,0,0,0,0,0,0,0,0,0,0,0,0,162.833808134102,0,0,0,0,0,206.472608421747,255.441154257905
0,0,0,0,217.157696745803,250.461724766314,186.973586461633,134.960780198024,164.032723165762,94.7280504127031,0,0,0,0,0,0,101.895308036513,0,0,0,0,0,0,142.385058730083,0,0,0,84.3635741045246,0,0,0,74.7304794244225,0,269.936825670274,0,96.7845769653343,205.09013266389,225.013371621378,0,0,0
195.822649557859,171.230058197369,0,0,0,0,0,218.045528847001,0,187.77054666536,0,89.1590885155172,0,0,0,0,0,0,0,320.356811100276,0,0,0,125.416941482916,0,0,0,0,153.672550905948,0,0,224.551207449728,0,0,0,160.537522273714,259.442917595754,0,206.912707094411,0,0
0,0,0,0,0,0,0,0,0,115.332064605654,103.519938150021,181.316358113209,0,0,0,0,0,97.3232815600345,0,0,101.350815329073,0,0,0,0,0,0,193.63278243493,0,0,180.543851962045,0,0,0,158.955087279859,241.682021696872,325.937289045041,0,0,219.430938885781,0
0,0,0,0,0,0,0,0,0,0,232.945974238958,0,0,101.895308036513,0,0,0,0,0,0,223.705816669619,0,0,125.994729980093,194.442125915551,0,0,58.3493451392805,345.797434674459,0,0,0,0,0,0,241.635434294794,104.915316975638,252.487290983309,0,0,0
0,0,0,0,0,0,222.053792850439,0,0,154.784755881607,0,0,0,0,0,97.3232815600345,0,0,0,0,0,0,0,0,0,0,101.443495235174,0,186.348837226466,0,0,0,0,0,188.936291522747,0,92.5568465385234,251.098274723989,0,89.707245288964,0
0,0,0,0,0,151.695570509541,200.878319874537,0,0,0,0,321.864157986053,0,0,0,0,0,0,0,0,0,0,0,0,0,85.6072705949986,193.777661225572,0,169.742003380707,0,0,0,0,0,0,112.793316814908,120.912756812582,115.194491798135,283.88658203332,323.781250289068,99.2646516363145
0,204.481117647118,0,0,0,0,0,0,0,67.8267069095267,348.674510760064,137.189596148386,247.66948903751,0,320.356811100276,0,0,0,0,0,0,0,196.04190773555,179.718364159796,0,0,106.33736463831,0,113.144980278377,0,309.997227542691,0,165.893015276821,112.823430872325,106.128596538706,0,192.693757128262,116.054372245433,0,306.640284138334,0
0,0,0,0,157.852515740516,0,0,93.5029580098427,0,0,0,136.685314494491,0,0,0,101.350815329073,223.705816669619,0,0,0,0,0,0,0,0,0,0,75.4497121078207,0,0,0,0,0,195.314816908693,81.2827395071039,92.3502314520023,116.176698124939,0,70.4221432298295,141.204637091722,122.106946855269
0,0,0,0,0,198.964527389285,0,314.611698427915,100.812745974529,120.567029282014,0,0,0,0,0,0,0,0,0,0,0,0,0,0,0,175.196329314064,0,106.533627130087,220.901129804706,0,0,0,0,0,0,0,101.85207633558,0,0,0,0
184.249961885477,0,119.728129215699,0,173.538155409849,0,0,261.605527103798,146.814226519809,0,0,137.177378802006,0,0,0,0,0,0,0,196.04190773555,0,0,0,0,0,0,0,0,131.969743415579,0,0,151.01089327964,201.44584889478,0,0,0,62.859596780235,214.116367924649,148.808626413748,136.792307586862,195.378266313867
0,0,0,133.218162784108,90.7216186966914,228.792310020318,89.9429017381717,0,289.631679007608,0,0,0,0,142.385058730083,125.416941482916,0,125.994729980093,0,0,179.718364159796,0,0,0,0,0,338.131802716296,140.574866691684,98.417953423071,0,155.901486485736,0,0,0,73.1029054543569,172.608400267715,0,108.136066660554,0,347.376449530863,209.996727521564,215.611029055736
0,0,0,0,76.5072790361762,0,0,0,0,0,0,0,0,0,0,0,194.442125915551,0,0,0,0,0,0,0,0,280.376028997576,0,78.8552325762656,262.382215657622,73.4795582048751,0,0,0,81.9664354533492,183.786860782462,0,0,139.93285932648,115.871357769661,0,0
198.528111506785,0,0,124.698445421759,178.224497384947,0,0,0,0,138.425725342224,137.239127032733,95.7590805983148,0,0,0,0,0,0,85.6072705949986,0,0,175.196329314064,0,338.131802716296,280.376028997576,0,174.013630695256,205.839960264176,0,0,0,0,188.851177466023,146.465927798921,197.893790332676,94.9380989123498,94.8881692391942,0,108.381749703452,238.934743274142,197.486504603685
0,0,153.609372090384,0,146.99041817625,101.605593487621,0,0,0,0,150.161410108805,335.371040201042,0,0,0,0,0,101.443495235174,193.777661225572,106.33736463831,0,0,0,140.574866691684,0,174.013630695256,0,212.592150359921,163.059043292369,0,0,71.4788760670054,0,74.4197823064597,249.798812580765,0,74.5815074003433,321.124897279917,98.6790043377568,119.345624434514,192.135034768848
0,196.032358954952,0,128.530575464043,161.275817184598,276.620869034647,0,219.040656038919,0,82.6426202489162,0,211.840482897052,0,84.3635741045246,0,193.63278243493,58.3493451392805,0,0,0,75.4497121078207,106.533627130087,0,98.417953423071,78.8552325762656,205.839960264176,212.592150359921,0,192.601533877686,173.001559092555,0,111.435629183184,0,231.715271819474,78.9559315574845,92.5207898118833,128.846764897717,329.719143597451,96.5937438588657,173.059382066957,134.566479261133
0,0,0,0,0,0,169.453147353278,0,0,0,0,112.349934713559,0,0,153.672550905948,0,345.797434674459,186.348837226466,169.742003380707,113.144980278377,0,220.901129804706,131.969743415579,0,262.382215657622,0,163.059043292369,192.601533877686,0,253.401634605989,118.522099274347,0,0,98.2230592632363,231.050882209,178.683678585178,117.208001126138,93.4234866874731,0,242.790381480436,114.511014214502
0,0,0,0,0,0,0,0,0,0,94.7529894315991,0,0,0,0,0,0,0,0,0,0,0,0,155.901486485736,73.4795582048751,0,0,173.001559092555,253.401634605989,0,219.078548227669,0,0,0,153.453047983244,213.67670887414,357.423078228283,0,0,205.183249704085,227.504408813069
0,0,0,0,0,0,0,0,0,0,0,0,0,0,0,180.543851962045,0,0,0,309.997227542691,0,0,0,0,0,0,0,0,118.522099274347,219.078548227669,0,0,0,193.055010680236,0,0,0,0,0,0,300.031143529538
0,0,0,0,0,0,224.523755099568,0,0,0,0,0,0,74.7304794244225,224.551207449728,0,0,0,0,0,0,0,151.01089327964,0,0,0,71.4788760670054,111.435629183184,0,0,0,0,0,0,161.302948562323,151.075371308616,0,0,133.984214699576,109.093416850988,171.906398392157
0,0,0,94.126460729827,0,0,0,0,0,0,0,0,0,0,0,0,0,0,0,165.893015276821,0,0,201.44584889478,0,0,188.851177466023,0,0,0,0,0,0,0,0,0,0,0,0,0,0,180.355266595273
0,82.4756938751058,0,306.344527664232,66.5008477853491,161.694997919804,106.926813611922,125.81518738273,0,124.853650664477,128.405764333981,167.066576495979,162.833808134102,269.936825670274,0,0,0,0,0,112.823430872325,195.314816908693,0,0,73.1029054543569,81.9664354533492,146.465927798921,74.4197823064597,231.715271819474,98.2230592632363,0,193.055010680236,0,0,0,80.4367166559625,236.681907140956,146.770754374523,143.005810983322,0,97.3506957544063,159.183173818572
161.74915061469,0,221.805809452716,0,0,97.5855511246009,0,208.005106191961,111.226326353722,135.667029391615,261.440278806413,0,0,0,0,158.955087279859,0,188.936291522747,0,106.128596538706,81.2827395071039,0,0,172.608400267715,183.786860782462,197.893790332676,249.798812580765,78.9559315574845,231.050882209,153.453047983244,0,161.302948562323,0,80.4367166559625,0,87.8456058929559,115.541295036174,177.763106506206,145.74089716123,0,191.519780382943
0,0,0,172.892533368851,0,0,0,0,178.748963182352,151.806152521152,0,0,0,96.7845769653343,160.537522273714,241.682021696872,241.635434294794,0,112.793316814908,0,92.3502314520023,0,0,0,0,94.9380989123498,0,92.5207898118833,178.683678585178,213.67670887414,0,151.075371308616,0,236.681907140956,87.8456058929559,0,161.325017232684,204.084074037941,0,226.825099357786,0
154.142998692322,163.945208919892,259.055025639447,0,283.248188884028,263.534399241887,0,0,0,72.2278283150671,89.3673883748406,220.963068032256,0,205.09013266389,259.442917595754,325.937289045041,104.915316975638,92.5568465385234,120.912756812582,192.693757128262,116.176698124939,101.85207633558,62.859596780235,108.136066660554,0,94.8881692391942,74.5815074003433,128.846764897717,117.208001126138,357.423078228283,0,0,0,146.770754374523,115.541295036174,161.325017232684,0,0,303.527509149359,228.075434767255,115.868441404982
0,199.492852797962,0,0,0,0,168.241326865882,94.027247878695,0,0,0,139.654362654449,0,225.013371621378,0,0,252.487290983309,251.098274723989,115.194491798135,116.054372245433,0,0,214.116367924649,0,139.93285932648,0,321.124897279917,329.719143597451,93.4234866874731,0,0,0,0,143.005810983322,177.763106506206,204.084074037941,0,0,110.384905066973,113.059176128709,114.649126378906
0,0,0,0,0,0,90.1317194604647,0,0,0,0,0,0,0,206.912707094411,0,0,0,283.88658203332,0,70.4221432298295,0,148.808626413748,347.376449530863,115.871357769661,108.381749703452,98.6790043377568,96.5937438588657,0,0,0,133.984214699576,0,0,145.74089716123,0,303.527509149359,110.384905066973,0,241.57250333243,0
0,0,154.065933476765,153.876396855887,180.90030328818,154.070293657878,158.567996645797,249.905610015455,0,0,0,0,206.472608421747,0,0,219.430938885781,0,89.707245288964,323.781250289068,306.640284138334,141.204637091722,0,136.792307586862,209.996727521564,0,238.934743274142,119.345624434514,173.059382066957,242.790381480436,205.183249704085,0,109.093416850988,0,97.3506957544063,0,226.825099357786,228.075434767255,113.059176128709,241.57250333243,0,0
0,0,0,190.185165668632,0,0,173.201474590904,165.597665022977,0,0,202.712457066107,0,255.441154257905,0,0,0,0,0,99.2646516363145,0,122.106946855269,0,195.378266313867,215.611029055736,0,197.486504603685,192.135034768848,134.566479261133,114.511014214502,227.504408813069,300.031143529538,171.906398392157,180.355266595273,159.183173818572,191.519780382943,0,115.868441404982,114.649126378906,0,0,0
