0,0,0,0,0,0,0,0,0,0,0,0,0,0,0,0,0,0,0,0,0,0,329.719143597451,0,0,0,0,0,0,0,0,0,195.378266313867,0,220.901129804706,0,153.609372090384,136.685314494491,0,0,197.893790332676
0,0,0,0,0,0,81.9664354533492,0,0,0,0,0,0,0,94.8881692391942,0,0,0,0,0,173.001559092555,174.013630695256,0,0,0,0,0,0,0,0,0,0,0,169.742003380707,0,0,241.57250333243,0,0,171.906398392157,0
0,0,0,0,0,70.4221432298295,114.649126378906,0,0,92.5207898118833,0,0,0,0,0,0,0,0,0,192.601533877686,0,0,0,0,0,0,0,0,0,0,0,0,0,0,0,0,0,0,163.059043292369,0,0
0,0,0,0,0,0,0,161.302948562323,0,0,161.74915061469,0,0,0,0,82.6299537488922,193.659409924573,0,98.2230592632363,0,0,0,135.667029391615,187.77054666536,0,0,0,163.945208919892,115.332064605654,0,0,0,0,112.793316814908,225.013371621378,0,62.311273509377,0,0,0,158.567996645797
0,0,0,0,0,206.912707094411,215.611029055736,161.275817184598,106.128596538706,0,0,112.823430872325,0,0,242.790381480436,0,0,0,0,0,0,0,0,347.376449530863,0,160.537522273714,0,219.040656038919,139.792601838991,0,0,0,0,137.239127032733,0,201.44584889478,204.084074037941,0,0,120.912756812582,0
0,0,70.4221432298295,0,206.912707094411,0,103.519938150021,0,0,0,0,74.7304794244225,0,62.859596780235,0,0,0,0,0,321.864157986053,0,0,181.316358113209,0,0,0,0,124.853650664477,146.814226519809,0,0,0,0,0,249.905610015455,94.7280504127031,173.201474590904,82.1742780037132,89.3673883748406,0,0
0,81.9664354533492,114.649126378906,0,215.611029055736,103.519938150021,0,0,0,345.797434674459,0,0,0,0,0,0,0,0,128.846764897717,0,0,0,0,211.840482897052,0,151.806152521152,0,0,227.504408813069,0,0,0,0,101.895308036513,115.541295036174,0,0,0,143.005810983322,154.070293657878,0
0,0,0,161.302948562323,161.275817184598,0,0,0,231.715271819474,0,0,0,0,0,0,0,0,0,0,0,168.241326865882,0,0,212.592150359921,192.693757128262,161.694997919804,0,306.344527664232,195.822649557859,80.4367166559625,0,0,0,106.33736463831,0,259.055025639447,153.672550905948,146.465927798921,153.453047983244,314.611698427915,0
0,0,0,0,106.128596538706,0,0,231.715271819474,0,0,0,0,0,0,0,0,0,0,0,0,0,0,0,115.871357769661,0,135.294330067913,276.620869034647,172.608400267715,85.7623170715703,0,138.33942793804,0,0,0,118.522099274347,0,0,153.876396855887,0,0,61.0664810463559
0,0,92.5207898118833,0,0,0,345.797434674459,0,0,0,92.5568465385234,238.934743274142,283.248188884028,209.996727521564,165.893015276821,178.683678585178,0,0,0,178.748963182352,0,0,0,0,0,171.230058197369,218.045528847001,115.114253591495,200.878319874537,0,0,0,0,89.1590885155172,165.597665022977,0,72.2278283150671,58.3493451392805,0,150.161410108805,0
0,0,0,161.74915061469,0,0,0,0,0,92.5568465385234,0,226.825099357786,0,0,0,125.416941482916,97.3232815600345,0,0,0,0,113.144980278377,199.492852797962,0,0,164.032723165762,309.997227542691,0,252.487290983309,0,0,89.9429017381717,0,261.605527103798,0,0,284.529238481835,100.812745974529,0,188.936291522747,90.1317194604647
0,0,0,0,112.823430872325,74.7304794244225,0,0,0,238.934743274142,226.825099357786,0,0,0,0,66.5008477853491,0,223.705816669619,0,111.226326353722,119.345624434514,0,0,169.453147353278,236.681907140956,357.423078228283,119.728129215699,81.2827395071039,158.955087279859,0,269.936825670274,0,173.538155409849,148.808626413748,97.5855511246009,0,151.036729364761,139.93285932648,114.511014214502,0,0
0,0,0,0,0,0,0,0,0,283.248188884028,0,0,0,0,0,0,0,0,151.075371308616,333.645516435298,0,0,0,0,0,0,0,241.682021696872,0,0,0,0,0,0,191.519780382943,0,108.136066660554,0,0,0,0
0,0,0,0,0,62.859596780235,0,0,0,209.996727521564,0,0,0,0,0,180.543851962045,195.314816908693,335.371040201042,193.63278243493,0,101.5853655613,0,0,0,0,353.822894641502,0,154.065933476765,0,0,0,0,0,0,125.994729980093,113.059176128709,155.24952173131,0,180.90030328818,96.5937438588657,0
0,94.8881692391942,0,0,242.790381480436,0,0,0,0,165.893015276821,0,0,0,0,0,0,0,0,0,0,0,0,172.892533368851,0,0,338.131802716296,0,306.640284138334,0,0,99.2646516363145,0,0,0,104.369974912428,0,110.384905066973,177.763106506206,0,183.786860782462,133.984214699576
0,0,0,82.6299537488922,0,0,0,0,0,178.683678585178,125.416941482916,66.5008477853491,0,180.543851962045,0,0,0,0,0,0,0,0,0,99.3508940827211,0,232.945974238958,0,0,0,0,0,67.8267069095267,0,0,321.124897279917,179.718364159796,0,0,0,71.4788760670054,0
0,0,0,193.659409924573,0,0,0,0,0,0,97.3232815600345,0,0,195.314816908693,0,0,0,0,0,0,0,0,0,0,0,0,0,0,0,106.533627130087,0,154.784755881607,0,0,116.176698124939,140.574866691684,94.126460729827,0,0,142.385058730083,214.116367924649
0,0,0,0,0,0,0,0,0,0,0,223.705816669619,0,335.371040201042,0,0,0,0,0,198.964527389285,0,0,0,0,0,0,0,241.635434294794,160.530221557972,0,0,78.8552325762656,0,0,180.355266595273,0,208.005106191961,0,0,128.530575464043,0
0,0,0,98.2230592632363,0,0,128.846764897717,0,0,0,0,0,151.075371308616,193.63278243493,0,0,0,0,0,201.100640800745,0,0,0,0,193.777661225572,0,97.3506957544063,159.183173818572,0,0,0,0,0,84.3635741045246,134.566479261133,136.792307586862,224.523755099568,0,0,0,0
0,0,192.601533877686,0,0,321.864157986053,0,0,0,178.748963182352,0,111.226326353722,333.645516435298,0,0,0,0,198.964527389285,201.100640800745,0,125.81518738273,0,0,0,137.189596148386,0,0,250.461724766314,0,190.185165668632,0,82.6426202489162,0,217.157696745803,197.486504603685,109.093416850988,221.805809452716,80.8080171296381,0,0,0
0,173.001559092555,0,0,0,0,0,168.241326865882,0,0,0,119.345624434514,0,101.5853655613,0,0,0,0,0,125.81518738273,0,0,115.194491798135,303.527509149359,0,0,0,0,0,196.04190773555,0,0,0,175.196329314064,0,240.185081663983,0,96.7845769653343,0,323.781250289068,82.4756938751058
0,174.013630695256,0,0,0,0,0,0,0,0,113.144980278377,0,0,0,0,0,0,0,0,0,0,0,0,186.973586461633,0,280.376028997576,87.8456058929559,98.417953423071,0,0,0,0,0,178.224497384947,104.915316975638,0,0,0,0,0,0
329.719143597451,0,0,135.667029391615,0,181.316358113209,0,0,0,0,199.492852797962,0,0,0,172.892533368851,0,0,0,0,0,115.194491798135,0,0,0,0,0,133.218162784108,251.098274723989,0,0,0,263.534399241887,0,92.3502314520023,0,0,188.851177466023,94.7529894315991,101.85207633558,146.99041817625,101.605593487621
0,0,0,187.77054666536,347.376449530863,0,211.840482897052,212.592150359921,115.871357769661,0,0,169.453147353278,0,0,0,99.3508940827211,0,0,0,0,303.527509149359,186.973586461633,0,0,0,0,0,106.926813611922,78.9559315574845,0,0,0,0,134.960780198024,115.868441404982,161.325017232684,348.674510760064,325.937289045041,194.442125915551,173.059382066957,131.969743415579
0,0,0,0,0,0,0,192.693757128262,0,0,0,236.681907140956,0,0,0,0,0,0,193.777661225572,137.189596148386,0,0,0,0,0,0,94.9380989123498,0,0,0,0,0,0,95.7590805983148,155.901486485736,112.349934713559,90.7216186966914,0,0,85.6072705949986,0
0,0,0,0,160.537522273714,0,151.806152521152,161.694997919804,135.294330067913,171.230058197369,164.032723165762,357.423078228283,0,353.822894641502,338.131802716296,232.945974238958,0,0,0,0,0,280.376028997576,0,0,0,0,151.01089327964,224.551207449728,71.5579325720569,205.183249704085,0,0,192.135034768848,111.435629183184,101.350815329073,162.833808134102,0,0,0,76.5072790361762,0
0,0,0,0,0,0,0,0,276.620869034647,218.045528847001,309.997227542691,119.728129215699,0,0,0,0,0,0,97.3506957544063,0,0,87.8456058929559,133.218162784108,0,94.9380989123498,151.01089327964,0,94.027247878695,141.204637091722,75.4497121078207,0,0,146.770754374523,222.053792850439,206.472608421747,0,137.177378802006,205.839960264176,186.348837226466,228.792310020318,117.208001126138
0,0,0,163.945208919892,219.040656038919,124.853650664477,0,306.344527664232,172.608400267715,115.114253591495,0,81.2827395071039,241.682021696872,154.065933476765,306.640284138334,0,0,241.635434294794,159.183173818572,250.461724766314,0,98.417953423071,251.098274723989,106.926813611922,0,224.551207449728,94.027247878695,0,220.963068032256,0,0,73.1029054543569,0,74.4197823064597,120.567029282014,157.852515740516,98.6790043377568,213.67670887414,0,259.442917595754,289.631679007608
0,0,0,115.332064605654,139.792601838991,146.814226519809,227.504408813069,195.822649557859,85.7623170715703,200.878319874537,252.487290983309,158.955087279859,0,0,0,0,0,160.530221557972,0,0,0,0,0,78.9559315574845,0,71.5579325720569,141.204637091722,220.963068032256,0,262.382215657622,0,320.356811100276,0,101.443495235174,0,139.654362654449,116.054372245433,0,0,247.66948903751,167.066576495979
0,0,0,0,0,0,0,80.4367166559625,0,0,0,0,0,0,0,0,106.533627130087,0,0,190.185165668632,196.04190773555,0,0,0,0,205.183249704085,75.4497121078207,0,262.382215657622,0,0,142.054529471577,0,261.440278806413,0,0,108.381749703452,0,0,0,128.405764333981
0,0,0,0,0,0,0,0,138.33942793804,0,0,269.936825670274,0,0,99.2646516363145,0,0,0,0,0,0,0,0,0,0,0,0,0,0,0,0,0,0,0,0,151.695570509541,0,0,0,93.4234866874731,89.707245288964
0,0,0,0,0,0,0,0,0,0,89.9429017381717,0,0,0,0,67.8267069095267,154.784755881607,78.8552325762656,0,82.6426202489162,0,0,263.534399241887,0,0,0,0,73.1029054543569,320.356811100276,142.054529471577,0,0,0,0,0,0,255.441154257905,0,0,0,184.249961885477
195.378266313867,0,0,0,0,0,0,0,0,0,0,173.538155409849,0,0,0,0,0,0,0,0,0,0,0,0,0,192.135034768848,146.770754374523,0,0,0,0,0,0,0,0,228.075434767255,0,0,0,0,0
0,169.742003380707,0,112.793316814908,137.239127032733,0,101.895308036513,106.33736463831,0,89.1590885155172,261.605527103798,148.808626413748,0,0,0,0,0,0,84.3635741045246,217.157696745803,175.196329314064,178.224497384947,92.3502314520023,134.960780198024,95.7590805983148,111.435629183184,222.053792850439,74.4197823064597,101.443495235174,261.440278806413,0,0,0,0,0,219.430938885781,253.401634605989,74.5815074003433,300.031143529538,205.09013266389,283.88658203332
220.901129804706,0,0,225.013371621378,0,249.905610015455,115.541295036174,0,118.522099274347,165.597665022977,0,97.5855511246009,191.519780382943,125.994729980093,104.369974912428,321.124897279917,116.176698124939,180.355266595273,134.566479261133,197.486504603685,0,104.915316975638,0,115.868441404982,155.901486485736,101.350815329073,206.472608421747,120.567029282014,0,0,0,0,0,0,0,0,198.528111506785,204.481117647118,193.055010680236,202.712457066107,0
0,0,0,0,201.44584889478,94.7280504127031,0,259.055025639447,0,0,0,0,0,113.059176128709,0,179.718364159796,140.574866691684,0,136.792307586862,109.093416850988,240.185081663983,0,0,161.325017232684,112.349934713559,162.833808134102,0,157.852515740516,139.654362654449,0,151.695570509541,0,228.075434767255,219.430938885781,0,0,145.74089716123,0,0,0,219.078548227669
153.609372090384,241.57250333243,0,62.311273509377,204.084074037941,173.201474590904,0,153.672550905948,0,72.2278283150671,284.529238481835,151.036729364761,108.136066660554,155.24952173131,110.384905066973,0,94.126460729827,208.005106191961,224.523755099568,221.805809452716,0,0,188.851177466023,348.674510760064,90.7216186966914,0,137.177378802006,98.6790043377568,116.054372245433,108.381749703452,0,255.441154257905,0,253.401634605989,198.528111506785,145.74089716123,0,73.4795582048751,138.425725342224,0,124.698445421759
136.685314494491,0,0,0,0,82.1742780037132,0,146.465927798921,153.876396855887,58.3493451392805,100.812745974529,139.93285932648,0,0,177.763106506206,0,0,0,0,80.8080171296381,96.7845769653343,0,94.7529894315991,325.937289045041,0,0,205.839960264176,213.67670887414,0,0,0,0,0,74.5815074003433,204.481117647118,0,73.4795582048751,0,196.032358954952,249.798812580765,231.050882209
0,0,163.059043292369,0,0,89.3673883748406,143.005810983322,153.453047983244,0,0,0,114.511014214502,0,180.90030328818,0,0,0,0,0,0,0,0,101.85207633558,194.442125915551,0,0,186.348837226466,0,0,0,0,0,0,300.031143529538,193.055010680236,0,138.425725342224,196.032358954952,0,93.5029580098427,154.142998692322
0,171.906398392157,0,0,120.912756812582,0,154.070293657878,314.611698427915,0,150.161410108805,188.936291522747,0,0,96.5937438588657,183.786860782462,71.4788760670054,142.385058730083,128.530575464043,0,0,323.781250289068,0,146.99041817625,173.059382066957,85.6072705949986,76.5072790361762,228.792310020318,259.442917595754,247.66948903751,0,93.4234866874731,0,0,205.09013266389,202.712457066107,0,0,249.798812580765,93.5029580098427,0,122.106946855269
197.893790332676,0,0,158.567996645797,0,0,0,0,61.0664810463559,0,90.1317194604647,0,0,0,133.984214699576,0,214.116367924649,0,0,0,82.4756938751058,0,101.605593487621,131.969743415579,0,0,117.208001126138,289.631679007608,167.066576495979,128.405764333981,89.707245288964,184.249961885477,0,283.88658203332,0,219.078548227669,124.698445421759,231.050882209,154.142998692322,122.106946855269,0
