0,0,0,0,0,0,0,0,75.4497121078207,0,0,0,0,89.1590885155172,0,0,0,0,0,0,0,0,0,180.90030328818,0,0,101.85207633558,124.853650664477,0,0,0,0,0,0,0,0,0,249.905610015455,0,0,0
0,0,0,0,0,0,0,0,0,0,0,0,0,0,0,0,0,0,0,0,0,0,0,106.33736463831,0,0,0,338.131802716296,101.5853655613,0,0,0,0,114.649126378906,0,192.693757128262,0,0,0,179.718364159796,195.822649557859
0,0,0,0,0,0,0,0,0,94.027247878695,0,0,0,0,0,0,115.194491798135,0,0,0,0,0,0,0,0,0,0,120.912756812582,0,0,0,0,0,0,227.504408813069,0,0,138.33942793804,0,0,0
0,0,0,0,303.527509149359,146.814226519809,192.135034768848,0,0,224.523755099568,0,0,171.906398392157,0,0,0,0,0,0,0,0,0,0,0,0,0,0,321.864157986053,168.241326865882,106.926813611922,0,167.066576495979,0,206.472608421747,0,0,103.519938150021,155.901486485736,0,111.226326353722,0
0,0,0,303.527509149359,0,0,0,112.793316814908,0,0,196.04190773555,0,116.054372245433,82.4756938751058,116.176698124939,0,154.142998692322,0,0,134.566479261133,0,0,119.345624434514,0,0,0,177.763106506206,0,0,0,0,0,0,0,0,284.529238481835,82.6426202489162,0,0,191.519780382943,214.116367924649
0,0,0,146.814226519809,0,0,150.161410108805,0,0,184.249961885477,0,0,0,0,0,0,0,62.311273509377,314.611698427915,223.705816669619,202.712457066107,0,0,117.208001126138,0,71.4788760670054,74.7304794244225,0,0,0,0,0,0,94.7280504127031,0,0,157.852515740516,118.522099274347,0,92.5207898118833,0
0,0,0,192.135034768848,0,150.161410108805,0,0,0,112.349934713559,0,0,0,0,161.275817184598,0,74.4197823064597,0,0,0,0,0,0,0,0,0,87.8456058929559,300.031143529538,153.609372090384,0,0,0,0,218.045528847001,259.055025639447,240.185081663983,0,0,0,173.538155409849,89.3673883748406
0,0,0,0,112.793316814908,0,0,0,159.183173818572,0,0,226.825099357786,0,98.2230592632363,0,0,0,0,146.99041817625,0,0,0,0,169.453147353278,0,80.8080171296381,128.846764897717,104.915316975638,0,199.492852797962,175.196329314064,0,345.797434674459,0,115.332064605654,0,139.792601838991,0,0,219.430938885781,242.790381480436
75.4497121078207,0,0,0,0,0,0,159.183173818572,0,0,161.74915061469,224.551207449728,0,335.371040201042,0,0,0,0,0,0,0,0,0,0,0,0,357.423078228283,0,0,0,0,0,0,186.973586461633,70.4221432298295,78.8552325762656,0,0,198.964527389285,0,201.44584889478
0,0,94.027247878695,224.523755099568,0,184.249961885477,112.349934713559,0,0,0,0,141.204637091722,0,0,0,0,109.093416850988,119.728129215699,0,80.4367166559625,221.805809452716,0,0,154.784755881607,0,309.997227542691,140.574866691684,0,0,0,0,0,0,220.963068032256,106.533627130087,58.3493451392805,181.316358113209,0,97.3232815600345,190.185165668632,0
0,0,0,0,196.04190773555,0,0,0,161.74915061469,0,0,172.608400267715,0,0,263.534399241887,0,158.567996645797,0,213.67670887414,96.7845769653343,0,0,0,0,0,0,321.124897279917,137.189596148386,219.078548227669,0,0,0,0,137.239127032733,219.040656038919,0,113.144980278377,0,249.798812580765,143.005810983322,151.695570509541
0,0,0,0,0,0,0,226.825099357786,224.551207449728,141.204637091722,172.608400267715,0,76.5072790361762,0,85.7623170715703,0,0,146.465927798921,0,163.059043292369,173.201474590904,269.936825670274,165.597665022977,180.543851962045,153.876396855887,353.822894641502,82.6299537488922,61.0664810463559,165.893015276821,0,0,0,0,174.013630695256,0,0,261.605527103798,0,0,151.806152521152,97.5855511246009
0,0,0,171.906398392157,116.054372245433,0,0,0,0,0,0,76.5072790361762,0,0,0,0,0,0,0,0,0,0,0,0,0,0,0,112.823430872325,134.960780198024,0,0,0,0,0,0,0,0,101.605593487621,0,0,0
89.1590885155172,0,0,0,82.4756938751058,0,0,98.2230592632363,335.371040201042,0,0,0,0,0,0,252.487290983309,0,0,0,0,0,0,0,0,0,201.100640800745,0,232.945974238958,187.77054666536,135.294330067913,183.786860782462,0,0,94.7529894315991,153.672550905948,0,347.376449530863,94.9380989123498,0,0,0
0,0,0,0,116.176698124939,0,161.275817184598,0,0,0,263.534399241887,85.7623170715703,0,0,0,0,0,0,0,0,323.781250289068,0,0,151.01089327964,0,0,0,283.88658203332,0,0,0,0,169.742003380707,0,204.084074037941,0,73.1029054543569,0,95.7590805983148,0,125.416941482916
0,0,0,0,0,0,0,0,0,0,0,0,0,252.487290983309,0,0,0,0,236.681907140956,98.417953423071,208.005106191961,0,128.530575464043,0,151.036729364761,0,148.808626413748,0,0,0,0,0,0,283.248188884028,0,0,161.325017232684,255.441154257905,0,259.442917595754,0
0,0,115.194491798135,0,154.142998692322,0,74.4197823064597,0,0,109.093416850988,158.567996645797,0,0,0,0,0,0,0,0,0,0,0,98.6790043377568,0,0,0,0,0,0,0,0,0,0,0,171.230058197369,0,158.955087279859,178.683678585178,0,92.5568465385234,0
0,0,0,0,0,62.311273509377,0,0,0,119.728129215699,0,146.465927798921,0,0,0,0,0,0,197.893790332676,0,0,0,0,125.81518738273,0,0,238.934743274142,0,0,0,0,0,0,136.792307586862,195.378266313867,0,0,0,0,0,110.384905066973
0,0,0,0,0,314.611698427915,0,146.99041817625,0,0,213.67670887414,0,0,0,0,236.681907140956,0,197.893790332676,0,0,0,0,136.685314494491,0,0,320.356811100276,0,0,0,0,0,205.183249704085,0,0,89.9429017381717,0,217.157696745803,211.840482897052,0,139.654362654449,0
0,0,0,0,134.566479261133,223.705816669619,0,0,0,80.4367166559625,96.7845769653343,163.059043292369,0,0,0,98.417953423071,0,0,0,0,0,173.001559092555,225.013371621378,241.635434294794,161.694997919804,253.401634605989,0,0,153.453047983244,0,0,0,0,212.592150359921,100.812745974529,115.868441404982,228.075434767255,0,0,115.541295036174,0
0,0,0,0,0,202.712457066107,0,0,0,221.805809452716,0,173.201474590904,0,0,323.781250289068,208.005106191961,0,0,0,0,0,0,0,97.3506957544063,0,0,0,195.314816908693,92.3502314520023,0,0,0,161.302948562323,0,0,154.070293657878,0,125.994729980093,0,204.481117647118,151.075371308616
0,0,0,0,0,0,0,0,0,0,0,269.936825670274,0,0,0,0,0,0,0,173.001559092555,0,0,0,0,0,155.24952173131,0,250.461724766314,0,0,0,0,0,94.8881692391942,192.601533877686,228.792310020318,178.748963182352,0,0,0,0
0,0,0,0,119.345624434514,0,0,0,0,0,0,165.597665022977,0,0,0,128.530575464043,98.6790043377568,0,136.685314494491,225.013371621378,0,0,0,113.059176128709,0,82.1742780037132,241.57250333243,193.055010680236,0,0,0,120.567029282014,0,276.620869034647,108.136066660554,0,222.053792850439,0,241.682021696872,0,0
180.90030328818,106.33736463831,0,0,0,117.208001126138,0,169.453147353278,0,154.784755881607,0,180.543851962045,0,0,151.01089327964,0,0,125.81518738273,0,241.635434294794,97.3506957544063,0,113.059176128709,0,0,0,0,206.912707094411,197.486504603685,193.659409924573,0,162.833808134102,0,178.224497384947,0,0,209.996727521564,67.8267069095267,0,0,262.382215657622
0,0,0,0,0,0,0,0,0,0,0,153.876396855887,0,0,0,151.036729364761,0,0,0,161.694997919804,0,0,0,0,0,0,62.859596780235,329.719143597451,186.348837226466,0,0,180.355266595273,0,108.381749703452,0,94.126460729827,261.440278806413,0,0,0,0
0,0,0,0,0,71.4788760670054,0,80.8080171296381,0,309.997227542691,0,353.822894641502,0,201.100640800745,0,0,0,0,320.356811100276,253.401634605989,0,155.24952173131,82.1742780037132,0,0,0,0,0,115.871357769661,231.715271819474,348.674510760064,142.385058730083,0,93.4234866874731,101.895308036513,85.6072705949986,280.376028997576,84.3635741045246,0,89.707245288964,251.098274723989
101.85207633558,0,0,0,177.763106506206,74.7304794244225,87.8456058929559,128.846764897717,357.423078228283,140.574866691684,321.124897279917,82.6299537488922,0,0,0,148.808626413748,0,238.934743274142,0,0,0,0,241.57250333243,0,62.859596780235,0,0,247.66948903751,0,0,0,0,0,0,133.984214699576,124.698445421759,200.878319874537,325.937289045041,115.114253591495,231.050882209,0
124.853650664477,338.131802716296,120.912756812582,321.864157986053,0,0,300.031143529538,104.915316975638,0,0,137.189596148386,61.0664810463559,112.823430872325,232.945974238958,283.88658203332,0,0,0,0,0,195.314816908693,250.461724766314,193.055010680236,206.912707094411,329.719143597451,0,247.66948903751,0,73.4795582048751,142.054529471577,131.969743415579,0,160.537522273714,154.065933476765,99.3508940827211,0,111.435629183184,0,220.901129804706,81.9664354533492,81.2827395071039
0,101.5853655613,0,168.241326865882,0,0,153.609372090384,0,0,0,219.078548227669,165.893015276821,134.960780198024,187.77054666536,0,0,0,0,0,153.453047983244,92.3502314520023,0,0,197.486504603685,186.348837226466,115.871357769661,0,73.4795582048751,0,122.106946855269,0,93.5029580098427,0,101.443495235174,0,133.218162784108,71.5579325720569,0,194.442125915551,72.2278283150671,138.425725342224
0,0,0,106.926813611922,0,0,0,199.492852797962,0,0,0,0,0,135.294330067913,0,0,0,0,0,0,0,0,0,193.659409924573,0,231.715271819474,0,142.054529471577,122.106946855269,0,0,0,0,0,160.530221557972,0,205.09013266389,0,104.369974912428,0,164.032723165762
0,0,0,0,0,0,0,175.196329314064,0,0,0,0,0,183.786860782462,0,0,0,0,0,0,0,0,0,0,0,348.674510760064,0,131.969743415579,0,0,0,0,0,0,0,0,0,135.667029391615,0,193.777661225572,0
0,0,0,167.066576495979,0,0,0,0,0,0,0,0,0,0,0,0,0,0,205.183249704085,0,0,0,120.567029282014,162.833808134102,180.355266595273,142.385058730083,0,0,93.5029580098427,0,0,0,0,0,0,0,289.631679007608,78.9559315574845,0,172.892533368851,306.640284138334
0,0,0,0,0,0,0,345.797434674459,0,0,0,0,0,0,169.742003380707,0,0,0,0,0,161.302948562323,0,0,0,0,0,0,160.537522273714,0,0,0,0,0,0,0,188.936291522747,0,0,0,0,0
0,114.649126378906,0,206.472608421747,0,94.7280504127031,218.045528847001,0,186.973586461633,220.963068032256,137.239127032733,174.013630695256,0,94.7529894315991,0,283.248188884028,0,136.792307586862,0,212.592150359921,0,94.8881692391942,276.620869034647,178.224497384947,108.381749703452,93.4234866874731,0,154.065933476765,101.443495235174,0,0,0,0,0,205.839960264176,333.645516435298,306.344527664232,66.5008477853491,90.1317194604647,196.032358954952,139.93285932648
0,0,227.504408813069,0,0,0,259.055025639447,115.332064605654,70.4221432298295,106.533627130087,219.040656038919,0,0,153.672550905948,204.084074037941,0,171.230058197369,195.378266313867,89.9429017381717,100.812745974529,0,192.601533877686,108.136066660554,0,0,101.895308036513,133.984214699576,99.3508940827211,0,160.530221557972,0,0,0,205.839960264176,0,188.851177466023,106.128596538706,114.511014214502,74.5815074003433,198.528111506785,145.74089716123
0,192.693757128262,0,0,284.529238481835,0,240.185081663983,0,78.8552325762656,58.3493451392805,0,0,0,0,0,0,0,0,0,115.868441404982,154.070293657878,228.792310020318,0,0,94.126460729827,85.6072705949986,124.698445421759,0,133.218162784108,0,0,0,188.936291522747,333.645516435298,188.851177466023,0,99.2646516363145,101.350815329073,146.770754374523,0,163.945208919892
0,0,0,103.519938150021,82.6426202489162,157.852515740516,0,139.792601838991,0,181.316358113209,113.144980278377,261.605527103798,0,347.376449530863,73.1029054543569,161.325017232684,158.955087279859,0,217.157696745803,228.075434767255,0,178.748963182352,222.053792850439,209.996727521564,261.440278806413,280.376028997576,200.878319874537,111.435629183184,71.5579325720569,205.09013266389,0,289.631679007608,0,306.344527664232,106.128596538706,99.2646516363145,0,96.5937438588657,193.63278243493,90.7216186966914,173.059382066957
249.905610015455,0,138.33942793804,155.901486485736,0,118.522099274347,0,0,0,0,0,0,101.605593487621,94.9380989123498,0,255.441154257905,178.683678585178,0,211.840482897052,0,125.994729980093,0,0,67.8267069095267,0,84.3635741045246,325.937289045041,0,0,0,135.667029391615,78.9559315574845,0,66.5008477853491,114.511014214502,101.350815329073,96.5937438588657,0,137.177378802006,0,0
0,0,0,0,0,0,0,0,198.964527389285,97.3232815600345,249.798812580765,0,0,0,95.7590805983148,0,0,0,0,0,0,0,241.682021696872,0,0,0,115.114253591495,220.901129804706,194.442125915551,104.369974912428,0,0,0,90.1317194604647,74.5815074003433,146.770754374523,193.63278243493,137.177378802006,0,215.611029055736,0
0,179.718364159796,0,111.226326353722,191.519780382943,92.5207898118833,173.538155409849,219.430938885781,0,190.185165668632,143.005810983322,151.806152521152,0,0,0,259.442917595754,92.5568465385234,0,139.654362654449,115.541295036174,204.481117647118,0,0,0,0,89.707245288964,231.050882209,81.9664354533492,72.2278283150671,0,193.777661225572,172.892533368851,0,196.032358954952,198.528111506785,0,90.7216186966914,0,215.611029055736,0,128.405764333981
0,195.822649557859,0,0,214.116367924649,0,89.3673883748406,242.790381480436,201.44584889478,0,151.695570509541,97.5855511246009,0,0,125.416941482916,0,0,110.384905066973,0,0,151.075371308616,0,0,262.382215657622,0,251.098274723989,0,81.2827395071039,138.425725342224,164.032723165762,0,306.640284138334,0,139.93285932648,145.74089716123,163.945208919892,173.059382066957,0,0,128.405764333981,0
