0,0,0,0,0,124.698445421759,0,0,0,0,0,109.093416850988,0,0,0,0,0,0,0,0,0,0,0,0,0,0,0,161.325017232684,72.2278283150671,0,0,0,0,0,0,0,205.839960264176,0,209.996727521564,0,0
0,0,0,0,0,0,0,0,0,0,171.906398392157,0,89.9429017381717,309.997227542691,0,162.833808134102,0,0,0,0,0,0,0,0,0,0,0,0,0,0,0,0,0,0,154.142998692322,112.823430872325,158.955087279859,0,0,0,0
0,0,0,0,0,0,0,0,0,0,0,329.719143597451,0,0,0,0,0,0,0,0,0,0,0,0,0,0,0,0,0,0,0,0,0,145.74089716123,139.93285932648,0,0,0,0,169.453147353278,167.066576495979
0,0,0,0,0,0,0,0,0,219.430938885781,263.534399241887,335.371040201042,0,188.936291522747,0,0,0,0,89.3673883748406,163.945208919892,0,236.681907140956,0,0,0,0,178.224497384947,0,0,0,0,0,0,0,108.381749703452,204.481117647118,178.683678585178,0,0,81.2827395071039,134.566479261133
0,0,0,0,0,0,219.040656038919,146.814226519809,0,0,0,0,0,0,0,0,241.635434294794,0,0,0,82.1742780037132,0,128.530575464043,0,180.543851962045,116.054372245433,0,160.530221557972,347.376449530863,0,0,0,104.369974912428,186.973586461633,73.1029054543569,0,161.74915061469,0,0,0,108.136066660554
124.698445421759,0,0,0,0,0,106.533627130087,151.075371308616,92.5207898118833,0,0,224.551207449728,0,0,0,0,113.144980278377,0,0,0,0,0,0,151.806152521152,0,0,118.522099274347,131.969743415579,0,0,0,0,0,249.798812580765,196.032358954952,125.416941482916,0,0,0,140.574866691684,82.6426202489162
0,0,0,0,219.040656038919,106.533627130087,0,0,0,0,198.964527389285,0,0,0,0,0,0,124.853650664477,93.5029580098427,0,0,192.135034768848,0,200.878319874537,0,90.7216186966914,163.059043292369,62.311273509377,0,0,0,0,0,0,0,113.059176128709,154.070293657878,0,0,0,66.5008477853491
0,0,0,0,146.814226519809,151.075371308616,0,0,0,0,0,249.905610015455,0,0,0,0,0,0,0,82.4756938751058,0,179.718364159796,0,135.667029391615,136.792307586862,0,138.425725342224,0,0,0,0,0,0,220.901129804706,93.4234866874731,61.0664810463559,192.693757128262,211.840482897052,137.189596148386,321.124897279917,117.208001126138
0,0,0,0,0,92.5207898118833,0,0,0,0,112.793316814908,139.792601838991,0,0,143.005810983322,0,110.384905066973,0,0,0,0,0,0,0,0,89.1590885155172,0,224.523755099568,164.032723165762,0,0,0,0,0,146.770754374523,0,261.605527103798,0,0,141.204637091722,0
0,0,0,219.430938885781,0,0,0,0,0,0,0,94.9380989123498,206.912707094411,0,58.3493451392805,303.527509149359,0,74.7304794244225,190.185165668632,0,222.053792850439,0,306.344527664232,191.519780382943,134.960780198024,153.609372090384,0,115.332064605654,0,0,0,247.66948903751,0,0,115.194491798135,0,67.8267069095267,155.901486485736,0,94.7280504127031,0
0,171.906398392157,0,263.534399241887,0,0,198.964527389285,0,112.793316814908,0,0,0,0,0,195.822649557859,0,0,0,0,0,201.44584889478,0,0,173.059382066957,0,99.3508940827211,242.790381480436,0,0,280.376028997576,0,0,0,227.504408813069,0,138.33942793804,98.417953423071,261.440278806413,0,320.356811100276,193.055010680236
109.093416850988,0,329.719143597451,335.371040201042,0,224.551207449728,0,249.905610015455,139.792601838991,94.9380989123498,0,0,0,0,0,0,0,199.492852797962,0,205.09013266389,0,276.620869034647,100.812745974529,0,0,213.67670887414,172.892533368851,85.7623170715703,0,212.592150359921,0,0,231.050882209,73.4795582048751,231.715271819474,0,171.230058197369,125.994729980093,0,89.707245288964,0
0,89.9429017381717,0,0,0,0,0,0,0,206.912707094411,0,0,0,0,0,0,0,0,0,0,0,218.045528847001,0,0,0,0,0,0,0,0,0,0,0,0,353.822894641502,0,348.674510760064,0,70.4221432298295,0,0
0,309.997227542691,0,188.936291522747,0,0,0,0,0,0,0,0,0,0,98.2230592632363,0,0,0,0,157.852515740516,0,0,0,0,0,0,0,161.275817184598,142.054529471577,284.529238481835,0,0,0,137.177378802006,283.88658203332,137.239127032733,92.5568465385234,0,153.672550905948,197.893790332676,135.294330067913
0,0,0,0,0,0,0,0,143.005810983322,58.3493451392805,195.822649557859,0,0,98.2230592632363,0,0,0,0,0,0,0,0,0,103.519938150021,0,101.605593487621,0,153.876396855887,0,0,300.031143529538,0,0,80.8080171296381,0,0,151.01089327964,0,259.442917595754,173.538155409849,0
0,162.833808134102,0,0,0,0,0,0,0,303.527509149359,0,0,0,0,0,0,0,0,92.3502314520023,0,195.314816908693,0,208.005106191961,192.601533877686,0,0,0,0,0,321.864157986053,0,0,0,0,101.85207633558,0,0,133.984214699576,96.7845769653343,0,148.808626413748
0,0,0,0,241.635434294794,113.144980278377,0,0,110.384905066973,0,0,0,0,0,0,0,0,0,0,115.541295036174,0,0,0,76.5072790361762,0,158.567996645797,0,0,0,0,0,0,0,255.441154257905,0,0,169.742003380707,0,0,240.185081663983,181.316358113209
0,0,0,0,0,0,124.853650664477,0,0,74.7304794244225,0,199.492852797962,0,0,0,0,0,0,0,228.075434767255,0,0,0,0,0,0,0,94.8881692391942,155.24952173131,0,0,0,0,136.685314494491,0,111.435629183184,0,0,0,0,187.77054666536
0,0,0,89.3673883748406,0,0,93.5029580098427,0,0,190.185165668632,0,0,0,0,0,92.3502314520023,0,0,0,0,0,0,0,0,0,269.936825670274,0,194.442125915551,174.013630695256,0,0,180.90030328818,0,94.126460729827,0,0,217.157696745803,151.695570509541,0,228.792310020318,0
0,0,0,163.945208919892,0,0,0,82.4756938751058,0,0,0,205.09013266389,0,157.852515740516,0,0,115.541295036174,228.075434767255,0,0,0,0,90.1317194604647,241.682021696872,0,0,120.567029282014,97.5855511246009,94.7529894315991,0,0,146.99041817625,0,150.161410108805,0,0,74.4197823064597,345.797434674459,78.8552325762656,98.6790043377568,0
0,0,0,0,82.1742780037132,0,0,0,0,222.053792850439,201.44584889478,0,0,0,0,195.314816908693,0,0,0,0,0,0,111.226326353722,159.183173818572,0,177.763106506206,178.748963182352,120.912756812582,0,0,0,0,0,223.705816669619,197.486504603685,0,74.5815074003433,0,0,165.597665022977,0
0,0,0,236.681907140956,0,0,192.135034768848,179.718364159796,0,0,0,276.620869034647,218.045528847001,0,0,0,0,0,0,0,0,0,0,0,0,0,0,251.098274723989,0,112.349934713559,0,0,0,0,0,0,0,0,0,161.302948562323,0
0,0,0,0,128.530575464043,0,0,0,0,306.344527664232,0,100.812745974529,0,0,0,208.005106191961,0,0,0,90.1317194604647,111.226326353722,0,0,71.4788760670054,0,0,325.937289045041,205.183249704085,333.645516435298,0,0,0,0,173.201474590904,78.9559315574845,201.100640800745,0,62.859596780235,0,0,204.084074037941
0,0,0,0,0,151.806152521152,200.878319874537,135.667029391615,0,191.519780382943,173.059382066957,0,0,0,103.519938150021,192.601533877686,76.5072790361762,0,0,241.682021696872,159.183173818572,0,71.4788760670054,0,0,165.893015276821,115.114253591495,225.013371621378,114.649126378906,0,221.805809452716,0,0,0,232.945974238958,0,0,104.915316975638,85.6072705949986,0,0
0,0,0,0,180.543851962045,0,0,136.792307586862,0,134.960780198024,0,0,0,0,0,0,0,0,0,0,0,0,0,0,0,0,0,193.659409924573,115.871357769661,0,0,0,0,106.128596538706,172.608400267715,0,195.378266313867,253.401634605989,0,80.4367166559625,0
0,0,0,0,116.054372245433,0,90.7216186966914,0,89.1590885155172,153.609372090384,99.3508940827211,213.67670887414,0,0,101.605593487621,0,158.567996645797,0,269.936825670274,0,177.763106506206,0,0,165.893015276821,0,0,114.511014214502,0,306.640284138334,0,0,0,0,238.934743274142,262.382215657622,125.81518738273,323.781250289068,220.963068032256,0,133.218162784108,196.04190773555
0,0,0,178.224497384947,0,118.522099274347,163.059043292369,138.425725342224,0,0,242.790381480436,172.892533368851,0,0,0,0,0,0,0,120.567029282014,178.748963182352,0,325.937289045041,115.114253591495,0,114.511014214502,0,146.465927798921,161.694997919804,75.4497121078207,0,106.926813611922,0,81.9664354533492,0,115.868441404982,122.106946855269,0,0,250.461724766314,184.249961885477
161.325017232684,0,0,0,160.530221557972,131.969743415579,62.311273509377,0,224.523755099568,115.332064605654,0,85.7623170715703,0,161.275817184598,153.876396855887,0,0,94.8881692391942,194.442125915551,97.5855511246009,120.912756812582,251.098274723989,205.183249704085,225.013371621378,193.659409924573,0,146.465927798921,0,97.3506957544063,154.065933476765,0,101.350815329073,0,0,101.895308036513,175.196329314064,259.055025639447,168.241326865882,84.3635741045246,173.001559092555,0
72.2278283150671,0,0,0,347.376449530863,0,0,0,164.032723165762,0,0,0,0,142.054529471577,0,0,0,155.24952173131,174.013630695256,94.7529894315991,0,0,333.645516435298,114.649126378906,115.871357769661,306.640284138334,161.694997919804,97.3506957544063,0,82.6299537488922,289.631679007608,116.176698124939,0,151.036729364761,99.2646516363145,0,94.027247878695,202.712457066107,0,0,198.528111506785
0,0,0,0,0,0,0,0,0,0,280.376028997576,212.592150359921,0,284.529238481835,0,321.864157986053,0,0,0,0,0,112.349934713559,0,0,0,0,75.4497121078207,154.065933476765,82.6299537488922,0,0,0,0,71.5579325720569,0,186.348837226466,0,0,193.777661225572,0,0
0,0,0,0,0,0,0,0,0,0,0,0,0,0,300.031143529538,0,0,0,0,0,0,0,0,221.805809452716,0,0,0,0,289.631679007608,0,0,0,0,0,0,0,0,183.786860782462,128.405764333981,193.63278243493,0
0,0,0,0,0,0,0,0,0,247.66948903751,0,0,0,0,0,0,0,0,180.90030328818,146.99041817625,0,0,0,0,0,0,106.926813611922,101.350815329073,116.176698124939,0,0,0,0,215.611029055736,0,119.728129215699,154.784755881607,283.248188884028,0,0,101.5853655613
0,0,0,0,104.369974912428,0,0,0,0,0,0,231.050882209,0,0,0,0,0,0,0,0,0,0,0,0,0,0,0,0,0,0,0,0,0,0,101.443495235174,153.453047983244,0,95.7590805983148,0,0,0
0,0,145.74089716123,0,186.973586461633,249.798812580765,0,220.901129804706,0,0,227.504408813069,73.4795582048751,0,137.177378802006,80.8080171296381,0,255.441154257905,136.685314494491,94.126460729827,150.161410108805,223.705816669619,0,173.201474590904,0,106.128596538706,238.934743274142,81.9664354533492,0,151.036729364761,71.5579325720569,0,215.611029055736,0,0,96.5937438588657,119.345624434514,97.3232815600345,0,206.472608421747,128.846764897717,188.851177466023
0,154.142998692322,139.93285932648,108.381749703452,73.1029054543569,196.032358954952,0,93.4234866874731,146.770754374523,115.194491798135,0,231.715271819474,353.822894641502,283.88658203332,0,101.85207633558,0,0,0,0,197.486504603685,0,78.9559315574845,232.945974238958,172.608400267715,262.382215657622,0,101.895308036513,99.2646516363145,0,0,0,101.443495235174,96.5937438588657,0,214.116367924649,106.33736463831,180.355266595273,0,252.487290983309,0
0,112.823430872325,0,204.481117647118,0,125.416941482916,113.059176128709,61.0664810463559,0,0,138.33942793804,0,0,137.239127032733,0,0,0,111.435629183184,0,0,0,0,201.100640800745,0,0,125.81518738273,115.868441404982,175.196329314064,0,186.348837226466,0,119.728129215699,153.453047983244,119.345624434514,214.116367924649,0,314.611698427915,0,0,0,241.57250333243
205.839960264176,158.955087279859,0,178.683678585178,161.74915061469,0,154.070293657878,192.693757128262,261.605527103798,67.8267069095267,98.417953423071,171.230058197369,348.674510760064,92.5568465385234,151.01089327964,0,169.742003380707,0,217.157696745803,74.4197823064597,74.5815074003433,0,0,0,195.378266313867,323.781250289068,122.106946855269,259.055025639447,94.027247878695,0,0,154.784755881607,0,97.3232815600345,106.33736463831,314.611698427915,0,226.825099357786,160.537522273714,139.654362654449,357.423078228283
0,0,0,0,0,0,0,211.840482897052,0,155.901486485736,261.440278806413,125.994729980093,0,0,0,133.984214699576,0,0,151.695570509541,345.797434674459,0,0,62.859596780235,104.915316975638,253.401634605989,220.963068032256,0,168.241326865882,202.712457066107,0,183.786860782462,283.248188884028,95.7590805983148,0,180.355266595273,0,226.825099357786,0,219.078548227669,87.8456058929559,0
209.996727521564,0,0,0,0,0,0,137.189596148386,0,0,0,0,70.4221432298295,153.672550905948,259.442917595754,96.7845769653343,0,0,0,78.8552325762656,0,0,0,85.6072705949986,0,0,0,84.3635741045246,0,193.777661225572,128.405764333981,0,0,206.472608421747,0,0,160.537522273714,219.078548227669,0,0,142.385058730083
0,0,169.453147353278,81.2827395071039,0,140.574866691684,0,321.124897279917,141.204637091722,94.7280504127031,320.356811100276,89.707245288964,0,197.893790332676,173.538155409849,0,240.185081663983,0,228.792310020318,98.6790043377568,165.597665022977,161.302948562323,0,0,80.4367166559625,133.218162784108,250.461724766314,173.001559092555,0,0,193.63278243493,0,0,128.846764897717,252.487290983309,0,139.654362654449,87.8456058929559,0,0,338.131802716296
0,0,167.066576495979,134.566479261133,108.136066660554,82.6426202489162,66.5008477853491,117.208001126138,0,0,193.055010680236,0,0,135.294330067913,0,148.808626413748,181.316358113209,187.77054666536,0,0,0,0,204.084074037941,0,0,196.04190773555,184.249961885477,0,198.528111506785,0,0,101.5853655613,0,188.851177466023,0,241.57250333243,357.423078228283,0,142.385058730083,338.131802716296,0
