0,0,0,0,0,0,0,0,0,82.1742780037132,0,0,0,119.345624434514,0,0,0,0,75.4497121078207,0,0,0,0,0,0,0,0,335.371040201042,0,0,0,0,0,0,0,0,218.045528847001,92.5207898118833,0,0,0
0,0,0,0,0,0,0,0,0,0,0,0,0,204.084074037941,0,0,0,153.609372090384,122.106946855269,0,0,0,0,0,0,0,0,0,0,0,0,139.792601838991,0,133.218162784108,179.718364159796,0,0,0,171.906398392157,0,0
0,0,0,250.461724766314,0,0,0,0,0,0,0,0,190.185165668632,0,0,0,0,0,0,81.9664354533492,0,0,0,249.798812580765,0,0,0,0,178.748963182352,0,0,0,0,0,0,0,0,0,0,0,0
0,0,250.461724766314,0,0,0,0,167.066576495979,0,0,151.075371308616,0,0,0,0,0,0,0,309.997227542691,357.423078228283,0,0,0,0,0,0,0,90.7216186966914,0,217.157696745803,0,0,0,0,74.5815074003433,0,215.611029055736,98.2230592632363,198.964527389285,232.945974238958,153.876396855887
0,0,0,0,0,172.608400267715,154.070293657878,0,0,0,110.384905066973,228.075434767255,0,0,0,0,0,195.314816908693,0,0,0,0,0,192.693757128262,193.777661225572,0,195.378266313867,0,120.567029282014,0,82.4756938751058,0,0,0,0,212.592150359921,0,0,97.3232815600345,206.912707094411,61.0664810463559
0,0,0,0,172.608400267715,0,0,206.472608421747,80.8080171296381,0,169.742003380707,106.128596538706,0,115.868441404982,0,0,0,0,0,94.7280504127031,0,0,0,158.567996645797,0,0,0,0,0,0,0,0,0,321.864157986053,247.66948903751,0,87.8456058929559,138.33942793804,140.574866691684,124.698445421759,0
0,0,0,0,154.070293657878,0,0,0,0,0,0,0,133.984214699576,137.239127032733,0,99.3508940827211,0,0,0,0,0,0,89.3673883748406,0,0,261.440278806413,143.005810983322,158.955087279859,184.249961885477,146.99041817625,0,0,0,255.441154257905,0,0,178.683678585178,252.487290983309,0,0,0
0,0,0,167.066576495979,0,206.472608421747,0,0,0,116.176698124939,0,154.065933476765,0,201.44584889478,0,276.620869034647,0,187.77054666536,0,0,0,0,0,192.135034768848,163.945208919892,100.812745974529,0,0,151.01089327964,0,0,173.201474590904,0,172.892533368851,0,108.381749703452,84.3635741045246,0,0,0,94.8881692391942
0,0,0,0,0,80.8080171296381,0,0,0,169.453147353278,148.808626413748,0,0,0,0,0,0,0,0,168.241326865882,0,0,0,0,82.6299537488922,0,0,0,93.4234866874731,0,0,0,0,150.161410108805,224.551207449728,0,193.055010680236,115.541295036174,0,62.859596780235,0
82.1742780037132,0,0,0,0,0,0,116.176698124939,169.453147353278,0,0,289.631679007608,0,0,0,205.09013266389,223.705816669619,0,0,0,226.825099357786,0,0,134.566479261133,0,115.871357769661,0,145.74089716123,303.527509149359,0,0,241.682021696872,0,0,101.350815329073,323.781250289068,94.9380989123498,0,178.224497384947,320.356811100276,159.183173818572
0,0,0,151.075371308616,110.384905066973,169.742003380707,0,0,148.808626413748,0,0,113.059176128709,0,0,231.715271819474,0,0,0,197.486504603685,142.385058730083,0,0,0,90.1317194604647,0,0,199.492852797962,240.185081663983,104.915316975638,0,348.674510760064,0,0,0,0,314.611698427915,0,181.316358113209,0,139.93285932648,0
0,0,0,0,228.075434767255,106.128596538706,0,154.065933476765,0,289.631679007608,113.059176128709,0,0,283.248188884028,128.405764333981,0,0,0,0,0,0,0,160.537522273714,125.994729980093,0,85.6072705949986,220.963068032256,153.453047983244,142.054529471577,0,0,125.416941482916,0,136.685314494491,219.430938885781,177.763106506206,333.645516435298,101.895308036513,0,112.793316814908,92.5568465385234
0,0,190.185165668632,0,0,0,133.984214699576,0,0,0,0,0,0,0,0,0,0,164.032723165762,0,347.376449530863,0,0,0,0,238.934743274142,0,0,0,0,0,0,0,0,188.936291522747,0,0,0,0,0,0,0
119.345624434514,204.084074037941,0,0,0,115.868441404982,137.239127032733,201.44584889478,0,0,0,283.248188884028,0,0,0,0,0,0,0,175.196329314064,0,0,0,0,0,138.425725342224,0,263.534399241887,0,0,0,0,0,0,124.853650664477,0,128.846764897717,196.032358954952,74.4197823064597,154.784755881607,0
0,0,0,0,0,0,0,0,0,0,231.715271819474,128.405764333981,0,0,0,0,0,0,213.67670887414,0,0,0,0,200.878319874537,0,0,0,161.275817184598,0,0,201.100640800745,0,0,73.4795582048751,154.142998692322,0,173.059382066957,106.33736463831,214.116367924649,101.5853655613,0
0,0,0,0,0,0,99.3508940827211,276.620869034647,0,205.09013266389,0,0,0,0,0,0,0,0,78.8552325762656,0,0,0,117.208001126138,0,94.027247878695,80.4367166559625,0,0,0,0,0,0,0,146.465927798921,165.893015276821,0,0,0,0,151.695570509541,173.538155409849
0,0,0,0,0,0,0,0,0,223.705816669619,0,0,0,0,0,0,0,0,0,0,82.6426202489162,0,0,0,0,0,0,171.230058197369,97.5855511246009,0,0,0,0,208.005106191961,0,96.7845769653343,137.189596148386,151.036729364761,0,101.605593487621,221.805809452716
0,153.609372090384,0,0,195.314816908693,0,0,187.77054666536,0,0,0,0,164.032723165762,0,0,0,0,0,0,0,0,0,192.601533877686,0,0,0,0,89.1590885155172,0,0,0,0,0,249.905610015455,222.053792850439,0,160.530221557972,0,0,0,0
75.4497121078207,122.106946855269,0,309.997227542691,0,0,0,0,0,0,197.486504603685,0,0,0,213.67670887414,78.8552325762656,0,0,0,0,0,197.893790332676,165.597665022977,81.2827395071039,0,136.792307586862,0,112.349934713559,0,0,0,0,0,0,0,0,193.659409924573,0,0,0,0
0,0,81.9664354533492,357.423078228283,0,94.7280504127031,0,0,168.241326865882,0,142.385058730083,0,347.376449530863,175.196329314064,0,0,0,0,0,0,236.681907140956,0,0,146.770754374523,0,0,78.9559315574845,135.667029391615,220.901129804706,0,0,62.311273509377,0,188.851177466023,0,0,103.519938150021,186.973586461633,115.114253591495,0,0
0,0,0,0,0,0,0,0,0,226.825099357786,0,0,0,0,0,0,82.6426202489162,0,0,236.681907140956,0,0,137.177378802006,0,0,0,205.839960264176,259.055025639447,227.504408813069,0,0,0,0,115.194491798135,111.435629183184,211.840482897052,72.2278283150671,0,0,280.376028997576,261.605527103798
0,0,0,0,0,0,0,0,0,0,0,0,0,0,0,0,0,0,197.893790332676,0,0,0,0,0,0,0,224.523755099568,228.792310020318,114.511014214502,0,0,0,0,0,306.344527664232,180.543851962045,0,0,0,325.937289045041,345.797434674459
0,0,0,0,0,0,89.3673883748406,0,0,0,0,160.537522273714,0,0,0,117.208001126138,0,192.601533877686,165.597665022977,0,137.177378802006,0,0,106.926813611922,0,153.672550905948,108.136066660554,262.382215657622,0,283.88658203332,0,0,0,205.183249704085,180.355266595273,0,115.332064605654,0,0,0,71.5579325720569
0,0,249.798812580765,0,192.693757128262,158.567996645797,0,192.135034768848,0,134.566479261133,90.1317194604647,125.994729980093,0,0,200.878319874537,0,0,0,81.2827395071039,146.770754374523,0,0,106.926813611922,0,0,73.1029054543569,99.2646516363145,204.481117647118,0,194.442125915551,0,0,0,120.912756812582,94.126460729827,0,241.57250333243,0,0,118.522099274347,0
0,0,0,0,193.777661225572,0,0,163.945208919892,82.6299537488922,0,0,0,238.934743274142,0,0,94.027247878695,0,0,0,0,0,0,0,0,0,0,0,0,0,0,0,139.654362654449,0,219.078548227669,151.806152521152,0,0,284.529238481835,0,0,321.124897279917
0,0,0,0,0,0,261.440278806413,100.812745974529,0,115.871357769661,0,85.6072705949986,0,138.425725342224,0,80.4367166559625,0,0,136.792307586862,0,0,0,153.672550905948,73.1029054543569,0,0,134.960780198024,141.204637091722,0,0,0,106.533627130087,109.093416850988,329.719143597451,353.822894641502,89.9429017381717,97.3506957544063,76.5072790361762,0,67.8267069095267,119.728129215699
0,0,0,0,195.378266313867,0,143.005810983322,0,0,0,199.492852797962,220.963068032256,0,0,0,0,0,0,0,78.9559315574845,205.839960264176,224.523755099568,108.136066660554,99.2646516363145,0,134.960780198024,0,0,186.348837226466,74.7304794244225,0,241.635434294794,0,174.013630695256,195.822649557859,161.694997919804,135.294330067913,114.649126378906,94.7529894315991,0,219.040656038919
335.371040201042,0,0,90.7216186966914,0,0,158.955087279859,0,0,145.74089716123,240.185081663983,153.453047983244,0,263.534399241887,161.275817184598,0,171.230058197369,89.1590885155172,112.349934713559,135.667029391615,259.055025639447,228.792310020318,262.382215657622,204.481117647118,0,141.204637091722,0,0,89.707245288964,306.640284138334,0,0,0,231.050882209,161.302948562323,155.24952173131,161.325017232684,92.3502314520023,163.059043292369,111.226326353722,131.969743415579
0,0,178.748963182352,0,120.567029282014,0,184.249961885477,151.01089327964,93.4234866874731,303.527509149359,104.915316975638,142.054529471577,0,0,0,0,97.5855511246009,0,0,220.901129804706,227.504408813069,114.511014214502,0,0,0,0,186.348837226466,89.707245288964,0,0,0,0,0,183.786860782462,0,66.5008477853491,269.936825670274,95.7590805983148,180.90030328818,146.814226519809,101.85207633558
0,0,0,217.157696745803,0,0,146.99041817625,0,0,0,0,0,0,0,0,0,0,0,0,0,0,0,283.88658203332,194.442125915551,0,0,74.7304794244225,306.640284138334,0,0,253.401634605989,0,0,0,0,116.054372245433,251.098274723989,0,98.6790043377568,96.5937438588657,0
0,0,0,0,82.4756938751058,0,0,0,0,0,348.674510760064,0,0,0,201.100640800745,0,0,0,0,0,0,0,0,0,0,0,0,0,0,253.401634605989,0,0,0,0,0,0,0,0,196.04190773555,162.833808134102,0
0,139.792601838991,0,0,0,0,0,173.201474590904,0,241.682021696872,0,125.416941482916,0,0,0,0,0,0,0,62.311273509377,0,0,0,0,139.654362654449,106.533627130087,241.635434294794,0,0,0,0,0,155.901486485736,0,0,225.013371621378,0,0,0,191.519780382943,0
0,0,0,0,0,0,0,0,0,0,0,0,0,0,0,0,0,0,0,0,0,0,0,0,0,109.093416850988,0,0,0,0,0,155.901486485736,0,0,242.790381480436,0,93.5029580098427,0,0,0,71.4788760670054
0,133.218162784108,0,0,0,321.864157986053,255.441154257905,172.892533368851,150.161410108805,0,0,136.685314494491,188.936291522747,0,73.4795582048751,146.465927798921,208.005106191961,249.905610015455,0,188.851177466023,115.194491798135,0,205.183249704085,120.912756812582,219.078548227669,329.719143597451,174.013630695256,231.050882209,183.786860782462,0,0,0,0,0,125.81518738273,173.001559092555,202.712457066107,259.442917595754,0,300.031143529538,128.530575464043
0,179.718364159796,0,74.5815074003433,0,247.66948903751,0,0,224.551207449728,101.350815329073,0,219.430938885781,0,124.853650664477,154.142998692322,165.893015276821,0,222.053792850439,0,0,111.435629183184,306.344527664232,180.355266595273,94.126460729827,151.806152521152,353.822894641502,195.822649557859,161.302948562323,0,0,0,0,242.790381480436,125.81518738273,0,113.144980278377,157.852515740516,58.3493451392805,0,161.74915061469,193.63278243493
0,0,0,0,212.592150359921,0,0,108.381749703452,0,323.781250289068,314.611698427915,177.763106506206,0,0,0,0,96.7845769653343,0,0,0,211.840482897052,180.543851962045,0,0,0,89.9429017381717,161.694997919804,155.24952173131,66.5008477853491,116.054372245433,0,225.013371621378,0,173.001559092555,113.144980278377,0,338.131802716296,0,0,98.417953423071,198.528111506785
218.045528847001,0,0,215.611029055736,0,87.8456058929559,178.683678585178,84.3635741045246,193.055010680236,94.9380989123498,0,333.645516435298,0,128.846764897717,173.059382066957,0,137.189596148386,160.530221557972,193.659409924573,103.519938150021,72.2278283150671,0,115.332064605654,241.57250333243,0,97.3506957544063,135.294330067913,161.325017232684,269.936825670274,251.098274723989,0,0,93.5029580098427,202.712457066107,157.852515740516,338.131802716296,0,104.369974912428,70.4221432298295,85.7623170715703,209.996727521564
92.5207898118833,0,0,98.2230592632363,0,138.33942793804,252.487290983309,0,115.541295036174,0,181.316358113209,101.895308036513,0,196.032358954952,106.33736463831,0,151.036729364761,0,0,186.973586461633,0,0,0,0,284.529238481835,76.5072790361762,114.649126378906,92.3502314520023,95.7590805983148,0,0,0,0,259.442917595754,58.3493451392805,0,104.369974912428,0,112.823430872325,0,0
0,171.906398392157,0,198.964527389285,97.3232815600345,140.574866691684,0,0,0,178.224497384947,0,0,0,74.4197823064597,214.116367924649,0,0,0,0,115.114253591495,0,0,0,0,0,0,94.7529894315991,163.059043292369,180.90030328818,98.6790043377568,196.04190773555,0,0,0,0,0,70.4221432298295,112.823430872325,0,0,0
0,0,0,232.945974238958,206.912707094411,124.698445421759,0,0,62.859596780235,320.356811100276,139.93285932648,112.793316814908,0,154.784755881607,101.5853655613,151.695570509541,101.605593487621,0,0,0,280.376028997576,325.937289045041,0,118.522099274347,0,67.8267069095267,0,111.226326353722,146.814226519809,96.5937438588657,162.833808134102,191.519780382943,0,300.031143529538,161.74915061469,98.417953423071,85.7623170715703,0,0,0,101.443495235174
0,0,0,153.876396855887,61.0664810463559,0,0,94.8881692391942,0,159.183173818572,0,92.5568465385234,0,0,0,173.538155409849,221.805809452716,0,0,0,261.605527103798,345.797434674459,71.5579325720569,0,321.124897279917,119.728129215699,219.040656038919,131.969743415579,101.85207633558,0,0,0,71.4788760670054,128.530575464043,193.63278243493,198.528111506785,209.996727521564,0,0,101.443495235174,0
