0,0,0,0,0,119.345624434514,0,0,0,151.036729364761,0,0,0,0,0,0,0,0,0,0,0,0,94.027247878695,0,0,0,303.527509149359,219.078548227669,0,0,0,0,0,82.4756938751058,0,0,0,0,0,0,0
0,0,0,221.805809452716,0,0,0,0,0,0,113.059176128709,0,0,0,0,0,0,0,0,0,0,0,0,0,0,0,0,137.239127032733,0,259.442917595754,0,0,0,306.344527664232,0,0,173.001559092555,0,0,143.005810983322,0
0,0,0,0,0,62.311273509377,0,0,283.88658203332,0,0,111.435629183184,0,0,0,0,0,0,0,0,0,0,0,0,0,0,0,0,0,0,0,0,0,0,98.2230592632363,0,137.177378802006,0,0,0,0
0,221.805809452716,0,0,0,0,0,0,180.355266595273,0,226.825099357786,321.124897279917,0,0,169.742003380707,0,0,0,0,0,0,108.381749703452,0,0,0,101.350815329073,0,192.601533877686,0,0,0,0,0,114.649126378906,98.6790043377568,0,0,225.013371621378,0,92.3502314520023,247.66948903751
0,0,0,0,0,128.405764333981,0,0,0,172.608400267715,0,134.960780198024,0,0,0,0,0,0,0,186.348837226466,0,0,89.1590885155172,153.672550905948,238.934743274142,198.528111506785,0,0,0,0,146.814226519809,0,0,0,0,0,167.066576495979,232.945974238958,124.698445421759,180.543851962045,109.093416850988
119.345624434514,0,62.311273509377,0,128.405764333981,0,87.8456058929559,191.519780382943,158.567996645797,0,0,0,0,154.070293657878,0,0,0,0,0,0,0,0,0,208.005106191961,0,192.693757128262,0,0,0,157.852515740516,0,0,0,0,161.694997919804,0,0,249.905610015455,0,205.183249704085,146.465927798921
0,0,0,0,0,87.8456058929559,0,205.839960264176,0,90.7216186966914,0,333.645516435298,0,0,269.936825670274,0,163.945208919892,0,0,0,0,0,200.878319874537,0,0,61.0664810463559,0,0,94.8881692391942,0,0,0,0,0,74.7304794244225,0,196.032358954952,197.893790332676,0,0,131.969743415579
0,0,0,0,0,191.519780382943,205.839960264176,0,0,0,125.81518738273,104.915316975638,112.793316814908,93.4234866874731,0,0,0,0,116.176698124939,0,161.74915061469,0,0,0,0,106.33736463831,0,94.7529894315991,99.2646516363145,0,0,0,0,139.654362654449,115.114253591495,177.763106506206,97.5855511246009,0,0,0,261.605527103798
0,0,283.88658203332,180.355266595273,0,158.567996645797,0,0,0,0,0,214.116367924649,0,62.859596780235,0,0,0,0,0,219.430938885781,0,195.314816908693,0,139.792601838991,0,0,94.9380989123498,0,0,0,0,0,0,0,0,0,71.5579325720569,0,104.369974912428,0,0
151.036729364761,0,0,0,172.608400267715,0,90.7216186966914,0,0,0,101.443495235174,148.808626413748,151.01089327964,82.1742780037132,0,0,0,0,236.681907140956,0,0,0,0,174.013630695256,0,329.719143597451,0,58.3493451392805,120.567029282014,0,0,0,0,0,150.161410108805,142.385058730083,66.5008477853491,74.5815074003433,314.611698427915,133.984214699576,0
0,113.059176128709,0,226.825099357786,0,0,0,125.81518738273,0,101.443495235174,0,0,259.055025639447,0,0,0,0,164.032723165762,204.084074037941,0,0,0,75.4497121078207,178.224497384947,0,0,0,345.797434674459,0,0,0,0,0,161.302948562323,90.1317194604647,175.196329314064,84.3635741045246,0,0,125.994729980093,76.5072790361762
0,0,111.435629183184,321.124897279917,134.960780198024,0,333.645516435298,104.915316975638,214.116367924649,148.808626413748,0,0,0,171.230058197369,0,0,0,0,0,155.24952173131,348.674510760064,0,0,198.964527389285,0,186.973586461633,137.189596148386,0,80.4367166559625,0,0,205.09013266389,0,106.128596538706,89.9429017381717,122.106946855269,173.059382066957,162.833808134102,136.792307586862,0,0
0,0,0,0,0,0,0,112.793316814908,0,151.01089327964,259.055025639447,0,0,0,158.955087279859,0,0,0,0,0,0,0,0,0,0,0,0,0,0,0,0,0,0,0,0,0,128.846764897717,0,0,115.194491798135,0
0,0,0,0,0,154.070293657878,0,93.4234866874731,62.859596780235,82.1742780037132,0,171.230058197369,0,0,153.876396855887,321.864157986053,0,0,145.74089716123,0,0,0,0,0,0,146.99041817625,0,357.423078228283,0,0,0,0,0,0,0,81.2827395071039,153.453047983244,0,0,141.204637091722,242.790381480436
0,0,0,169.742003380707,0,0,269.936825670274,0,0,0,0,0,158.955087279859,153.876396855887,0,67.8267069095267,0,0,0,0,96.7845769653343,0,0,0,0,0,0,0,0,220.963068032256,0,0,0,195.822649557859,160.537522273714,192.135034768848,101.605593487621,0,0,231.050882209,0
0,0,0,0,0,0,0,0,0,0,0,0,0,321.864157986053,67.8267069095267,0,0,0,0,0,0,0,0,179.718364159796,0,101.895308036513,0,120.912756812582,160.530221557972,0,0,178.683678585178,0,289.631679007608,0,96.5937438588657,0,0,0,251.098274723989,335.371040201042
0,0,0,0,0,0,163.945208919892,0,0,0,0,0,0,0,0,0,0,0,0,284.529238481835,0,0,0,0,223.705816669619,215.611029055736,283.248188884028,201.100640800745,0,0,0,0,0,94.7280504127031,338.131802716296,0,0,0,0,161.325017232684,206.472608421747
0,0,0,0,0,0,0,0,0,0,164.032723165762,0,0,0,0,0,0,0,0,172.892533368851,0,0,0,140.574866691684,0,0,94.126460729827,115.871357769661,0,0,276.620869034647,0,0,224.523755099568,0,0,0,106.533627130087,0,78.9559315574845,0
0,0,0,0,0,0,0,116.176698124939,0,236.681907140956,204.084074037941,0,0,145.74089716123,0,0,0,0,0,153.609372090384,0,0,0,0,0,0,190.185165668632,0,253.401634605989,252.487290983309,0,0,0,0,241.682021696872,98.417953423071,0,0,169.453147353278,0,74.4197823064597
0,0,0,0,186.348837226466,0,0,0,219.430938885781,0,0,155.24952173131,0,0,0,0,284.529238481835,172.892533368851,153.609372090384,0,0,0,0,0,188.936291522747,135.667029391615,325.937289045041,108.136066660554,0,0,0,0,92.5568465385234,115.541295036174,112.823430872325,0,263.534399241887,213.67670887414,82.6299537488922,0,240.185081663983
0,0,0,0,0,0,0,161.74915061469,0,0,0,348.674510760064,0,0,96.7845769653343,0,0,0,0,0,0,0,115.332064605654,0,171.906398392157,82.6426202489162,262.382215657622,159.183173818572,73.4795582048751,0,0,0,0,0,0,217.157696745803,168.241326865882,0,255.441154257905,0,106.926813611922
0,0,0,108.381749703452,0,0,0,0,195.314816908693,0,0,0,0,0,0,0,0,0,0,0,0,0,0,209.996727521564,0,0,0,0,347.376449530863,211.840482897052,0,0,133.218162784108,165.893015276821,0,0,0,0,0,0,197.486504603685
94.027247878695,0,0,0,89.1590885155172,0,200.878319874537,0,0,0,75.4497121078207,0,0,0,0,0,0,0,0,0,115.332064605654,0,0,220.901129804706,0,0,117.208001126138,142.054529471577,261.440278806413,0,0,136.685314494491,0,212.592150359921,219.040656038919,0,206.912707094411,0,0,81.9664354533492,178.748963182352
0,0,0,0,153.672550905948,208.005106191961,0,0,139.792601838991,174.013630695256,178.224497384947,198.964527389285,0,0,0,179.718364159796,0,140.574866691684,0,0,0,209.996727521564,220.901129804706,0,0,71.4788760670054,195.378266313867,155.901486485736,0,0,0,300.031143529538,0,165.597665022977,110.384905066973,202.712457066107,249.798812580765,227.504408813069,0,0,0
0,0,0,0,238.934743274142,0,0,0,0,0,0,0,0,0,0,0,223.705816669619,0,0,188.936291522747,171.906398392157,0,0,0,0,0,0,194.442125915551,78.8552325762656,0,0,224.551207449728,0,250.461724766314,0,193.777661225572,201.44584889478,0,0,0,0
0,0,0,101.350815329073,198.528111506785,192.693757128262,61.0664810463559,106.33736463831,0,329.719143597451,0,186.973586461633,0,146.99041817625,0,101.895308036513,215.611029055736,0,0,135.667029391615,82.6426202489162,0,0,71.4788760670054,0,0,92.5207898118833,97.3506957544063,0,0,0,193.659409924573,0,241.635434294794,228.075434767255,0,323.781250289068,119.728129215699,0,0,0
303.527509149359,0,0,0,0,0,0,0,94.9380989123498,0,0,137.189596148386,0,0,0,0,283.248188884028,94.126460729827,190.185165668632,325.937289045041,262.382215657622,0,117.208001126138,195.378266313867,0,92.5207898118833,0,163.059043292369,113.144980278377,193.63278243493,0,0,0,112.349934713559,73.1029054543569,0,193.055010680236,183.786860782462,0,306.640284138334,196.04190773555
219.078548227669,137.239127032733,0,192.601533877686,0,0,0,94.7529894315991,0,58.3493451392805,345.797434674459,0,0,357.423078228283,0,120.912756812582,201.100640800745,115.871357769661,0,108.136066660554,159.183173818572,0,142.054529471577,155.901486485736,194.442125915551,97.3506957544063,163.059043292369,0,118.522099274347,0,228.792310020318,0,161.275817184598,151.075371308616,187.77054666536,85.6072705949986,103.519938150021,93.5029580098427,151.806152521152,151.695570509541,0
0,0,0,0,0,0,94.8881692391942,99.2646516363145,0,120.567029282014,0,80.4367166559625,0,0,0,160.530221557972,0,0,253.401634605989,0,73.4795582048751,347.376449530863,261.440278806413,0,78.8552325762656,0,113.144980278377,118.522099274347,0,222.053792850439,231.715271819474,134.566479261133,0,320.356811100276,125.416941482916,241.57250333243,135.294330067913,199.492852797962,0,101.85207633558,0
0,259.442917595754,0,0,0,157.852515740516,0,0,0,0,0,0,0,0,220.963068032256,0,0,0,252.487290983309,0,0,211.840482897052,0,0,0,0,193.63278243493,0,222.053792850439,0,0,0,0,0,184.249961885477,70.4221432298295,72.2278283150671,0,0,128.530575464043,0
0,0,0,0,146.814226519809,0,0,0,0,0,0,0,0,0,0,0,0,276.620869034647,0,0,0,0,0,0,0,0,0,228.792310020318,231.715271819474,0,0,0,0,0,0,0,0,0,154.065933476765,116.054372245433,0
0,0,0,0,0,0,0,0,0,0,0,205.09013266389,0,0,0,178.683678585178,0,0,0,0,0,0,136.685314494491,300.031143529538,224.551207449728,193.659409924573,0,0,134.566479261133,0,0,0,0,173.538155409849,0,154.784755881607,89.3673883748406,0,0,0,173.201474590904
0,0,0,0,0,0,0,0,0,0,0,0,0,0,0,0,0,0,0,92.5568465385234,0,133.218162784108,0,0,0,0,0,161.275817184598,0,0,0,0,0,0,0,0,0,154.142998692322,100.812745974529,0,0
82.4756938751058,306.344527664232,0,114.649126378906,0,0,0,139.654362654449,0,0,161.302948562323,106.128596538706,0,0,195.822649557859,289.631679007608,94.7280504127031,224.523755099568,0,115.541295036174,0,165.893015276821,212.592150359921,165.597665022977,250.461724766314,241.635434294794,112.349934713559,151.075371308616,320.356811100276,0,0,173.538155409849,0,0,138.33942793804,0,85.7623170715703,97.3232815600345,218.045528847001,114.511014214502,138.425725342224
0,0,98.2230592632363,98.6790043377568,0,161.694997919804,74.7304794244225,115.114253591495,0,150.161410108805,90.1317194604647,89.9429017381717,0,0,160.537522273714,0,338.131802716296,0,241.682021696872,112.823430872325,0,0,219.040656038919,110.384905066973,0,228.075434767255,73.1029054543569,187.77054666536,125.416941482916,184.249961885477,0,0,0,138.33942793804,0,0,181.316358113209,101.5853655613,111.226326353722,80.8080171296381,146.770754374523
0,0,0,0,0,0,0,177.763106506206,0,142.385058730083,175.196329314064,122.106946855269,0,81.2827395071039,192.135034768848,96.5937438588657,0,0,98.417953423071,0,217.157696745803,0,0,202.712457066107,193.777661225572,0,0,85.6072705949986,241.57250333243,70.4221432298295,0,154.784755881607,0,0,0,0,188.851177466023,353.822894641502,0,180.90030328818,204.481117647118
0,173.001559092555,137.177378802006,0,167.066576495979,0,196.032358954952,97.5855511246009,71.5579325720569,66.5008477853491,84.3635741045246,173.059382066957,128.846764897717,153.453047983244,101.605593487621,0,0,0,0,263.534399241887,168.241326865882,0,206.912707094411,249.798812580765,201.44584889478,323.781250289068,193.055010680236,103.519938150021,135.294330067913,72.2278283150671,0,89.3673883748406,0,85.7623170715703,181.316358113209,188.851177466023,0,139.93285932648,99.3508940827211,309.997227542691,95.7590805983148
0,0,0,225.013371621378,232.945974238958,249.905610015455,197.893790332676,0,0,74.5815074003433,0,162.833808134102,0,0,0,0,0,106.533627130087,0,213.67670887414,0,0,0,227.504408813069,0,119.728129215699,183.786860782462,93.5029580098427,199.492852797962,0,0,0,154.142998692322,97.3232815600345,101.5853655613,353.822894641502,139.93285932648,0,280.376028997576,115.868441404982,0
0,0,0,0,124.698445421759,0,0,0,104.369974912428,314.611698427915,0,136.792307586862,0,0,0,0,0,0,169.453147353278,82.6299537488922,255.441154257905,0,0,0,0,0,0,151.806152521152,0,0,154.065933476765,0,100.812745974529,218.045528847001,111.226326353722,0,99.3508940827211,280.376028997576,0,89.707245288964,0
0,143.005810983322,0,92.3502314520023,180.543851962045,205.183249704085,0,0,0,133.984214699576,125.994729980093,0,115.194491798135,141.204637091722,231.050882209,251.098274723989,161.325017232684,78.9559315574845,0,0,0,0,81.9664354533492,0,0,0,306.640284138334,151.695570509541,101.85207633558,128.530575464043,116.054372245433,0,0,114.511014214502,80.8080171296381,180.90030328818,309.997227542691,115.868441404982,89.707245288964,0,124.853650664477
0,0,0,247.66948903751,109.093416850988,146.465927798921,131.969743415579,261.605527103798,0,0,76.5072790361762,0,0,242.790381480436,0,335.371040201042,206.472608421747,0,74.4197823064597,240.185081663983,106.926813611922,197.486504603685,178.748963182352,0,0,0,196.04190773555,0,0,0,0,173.201474590904,0,138.425725342224,146.770754374523,204.481117647118,95.7590805983148,0,0,124.853650664477,0
