0,0,0,0,0,0,0,0,0,0,0,0,0,0,0,0,0,0,0,0,0,0,0,213.67670887414,0,217.157696745803,0,0,101.85207633558,0,0,0,0,181.316358113209,0,0,173.001559092555,0,0,252.487290983309,0
0,0,0,0,0,0,0,110.384905066973,0,0,0,0,0,0,114.649126378906,0,0,0,0,0,0,153.876396855887,283.88658203332,0,0,0,0,93.4234866874731,0,0,0,0,0,98.2230592632363,93.5029580098427,0,0,0,0,0,0
0,0,0,0,0,0,0,0,0,0,0,0,0,0,0,0,0,0,0,0,0,0,0,0,0,0,71.5579325720569,205.839960264176,214.116367924649,0,0,0,0,0,0,0,78.9559315574845,0,0,0,263.534399241887
0,0,0,0,0,0,0,0,0,0,125.416941482916,0,0,92.3502314520023,0,174.013630695256,0,0,0,303.527509149359,172.892533368851,0,0,122.106946855269,0,0,116.054372245433,0,153.609372090384,0,0,0,115.194491798135,0,195.314816908693,0,135.294330067913,0,321.124897279917,261.605527103798,0
0,0,0,0,0,82.4756938751058,0,309.997227542691,0,106.128596538706,192.135034768848,0,0,0,0,0,0,138.425725342224,0,259.442917595754,0,0,0,154.784755881607,0,0,150.161410108805,221.805809452716,0,0,146.465927798921,357.423078228283,0,320.356811100276,0,0,61.0664810463559,240.185081663983,0,0,0
0,0,0,0,82.4756938751058,0,103.519938150021,338.131802716296,0,201.100640800745,0,283.248188884028,0,200.878319874537,0,0,0,0,0,0,85.7623170715703,0,0,71.4788760670054,0,0,0,0,0,113.059176128709,0,0,0,180.355266595273,0,0,154.065933476765,255.441154257905,162.833808134102,82.1742780037132,0
0,0,0,0,0,103.519938150021,0,0,191.519780382943,58.3493451392805,0,0,0,168.241326865882,0,0,0,0,269.936825670274,0,0,0,0,148.808626413748,0,0,0,223.705816669619,119.345624434514,0,0,0,0,125.81518738273,0,220.901129804706,173.538155409849,0,0,167.066576495979,184.249961885477
0,110.384905066973,0,0,309.997227542691,338.131802716296,0,0,0,194.442125915551,0,0,0,178.683678585178,99.2646516363145,136.792307586862,0,169.742003380707,94.9380989123498,0,0,78.8552325762656,90.1317194604647,0,0,0,160.530221557972,142.385058730083,146.99041817625,0,0,0,0,84.3635741045246,0,0,0,0,0,0,172.608400267715
0,0,0,0,0,0,191.519780382943,0,0,154.142998692322,0,0,0,0,0,139.792601838991,163.945208919892,0,0,0,0,0,0,0,0,0,0,241.635434294794,0,0,0,0,0,242.790381480436,198.964527389285,161.275817184598,225.013371621378,0,0,165.893015276821,94.126460729827
0,0,0,0,106.128596538706,201.100640800745,58.3493451392805,194.442125915551,154.142998692322,0,0,124.698445421759,0,0,0,97.3506957544063,0,0,0,0,0,0,0,187.77054666536,0,212.592150359921,0,236.681907140956,314.611698427915,0,0,70.4221432298295,0,204.481117647118,133.218162784108,201.44584889478,164.032723165762,106.533627130087,0,0,146.770754374523
0,0,0,125.416941482916,192.135034768848,0,0,0,0,0,0,195.822649557859,0,0,0,0,0,0,0,74.7304794244225,0,0,0,205.183249704085,81.2827395071039,0,66.5008477853491,218.045528847001,0,101.350815329073,0,0,206.472608421747,111.435629183184,137.239127032733,0,120.567029282014,0,259.055025639447,209.996727521564,99.3508940827211
0,0,0,0,0,283.248188884028,0,0,0,124.698445421759,195.822649557859,0,205.09013266389,0,0,0,0,158.567996645797,196.04190773555,169.453147353278,0,0,0,193.659409924573,0,224.551207449728,0,106.926813611922,92.5568465385234,0,306.640284138334,0,345.797434674459,117.208001126138,180.543851962045,280.376028997576,133.984214699576,241.57250333243,124.853650664477,249.905610015455,180.90030328818
0,0,0,0,0,0,0,0,0,0,0,205.09013266389,0,0,0,0,0,0,0,0,204.084074037941,0,0,0,0,0,0,100.812745974529,173.059382066957,0,0,251.098274723989,0,0,0,0,193.055010680236,0,0,0,0
0,0,0,92.3502314520023,0,200.878319874537,168.241326865882,178.683678585178,0,0,0,0,0,0,0,0,228.075434767255,0,0,0,128.846764897717,0,101.5853655613,0,0,220.963068032256,161.694997919804,0,0,0,0,186.348837226466,0,0,146.814226519809,171.906398392157,0,0,0,159.183173818572,247.66948903751
0,114.649126378906,0,0,0,0,0,99.2646516363145,0,0,0,0,0,0,0,0,92.5207898118833,0,0,0,0,0,0,0,80.8080171296381,353.822894641502,208.005106191961,0,0,94.7280504127031,0,0,0,222.053792850439,249.798812580765,73.4795582048751,94.7529894315991,74.5815074003433,0,0,0
0,0,0,174.013630695256,0,0,0,136.792307586862,139.792601838991,97.3506957544063,0,0,0,0,0,0,0,0,0,0,0,0,85.6072705949986,0,0,0,348.674510760064,0,0,0,0,0,0,186.973586461633,0,90.7216186966914,325.937289045041,199.492852797962,0,219.430938885781,0
0,0,0,0,0,0,0,0,163.945208919892,0,0,0,0,228.075434767255,92.5207898118833,0,0,0,0,0,94.027247878695,0,0,0,0,0,165.597665022977,284.529238481835,0,0,0,75.4497121078207,0,0,0,151.075371308616,115.332064605654,0,192.693757128262,0,0
0,0,0,0,138.425725342224,0,0,169.742003380707,0,0,0,158.567996645797,0,0,0,0,0,0,0,0,0,0,0,62.859596780235,0,0,0,151.695570509541,135.667029391615,151.01089327964,0,0,0,0,0,0,134.566479261133,231.050882209,0,0,0
0,0,0,0,0,0,269.936825670274,94.9380989123498,0,0,0,196.04190773555,0,0,0,0,0,0,0,197.893790332676,0,0,0,335.371040201042,0,178.748963182352,0,62.311273509377,155.901486485736,0,0,0,0,0,76.5072790361762,96.7845769653343,0,151.806152521152,0,118.522099274347,0
0,0,0,303.527509149359,259.442917595754,0,0,0,0,0,74.7304794244225,169.453147353278,0,0,0,0,0,0,197.893790332676,0,0,0,276.620869034647,0,106.33736463831,82.6426202489162,104.915316975638,329.719143597451,95.7590805983148,0,0,0,0,0,128.530575464043,137.189596148386,193.777661225572,104.369974912428,0,116.176698124939,114.511014214502
0,0,0,172.892533368851,0,85.7623170715703,0,0,0,0,0,0,204.084074037941,128.846764897717,0,0,94.027247878695,0,0,0,0,0,231.715271819474,0,0,321.864157986053,108.136066660554,120.912756812582,0,0,0,0,0,0,0,238.934743274142,97.5855511246009,175.196329314064,0,0,134.960780198024
0,153.876396855887,0,0,0,0,0,78.8552325762656,0,0,0,0,0,0,0,0,0,0,0,0,0,0,0,188.936291522747,0,0,0,73.1029054543569,161.302948562323,333.645516435298,0,0,0,173.201474590904,211.840482897052,0,0,0,0,0,0
0,283.88658203332,0,0,0,0,0,90.1317194604647,0,0,0,0,0,101.5853655613,0,85.6072705949986,0,0,0,276.620869034647,231.715271819474,0,0,250.461724766314,142.054529471577,183.786860782462,97.3232815600345,226.825099357786,115.541295036174,0,0,0,0,0,0,0,0,81.9664354533492,0,137.177378802006,232.945974238958
213.67670887414,0,0,122.106946855269,154.784755881607,71.4788760670054,148.808626413748,0,0,187.77054666536,205.183249704085,193.659409924573,0,0,0,0,0,62.859596780235,335.371040201042,0,0,188.936291522747,250.461724766314,0,0,0,202.712457066107,0,145.74089716123,0,112.793316814908,0,0,0,115.868441404982,0,154.070293657878,109.093416850988,0,112.349934713559,0
0,0,0,0,0,0,0,0,0,0,81.2827395071039,0,0,0,80.8080171296381,0,0,0,0,106.33736463831,0,0,142.054529471577,0,0,0,87.8456058929559,115.871357769661,0,0,0,89.9429017381717,0,188.851177466023,0,0,0,198.528111506785,128.405764333981,0,0
217.157696745803,0,0,0,0,0,0,0,0,212.592150359921,0,224.551207449728,0,220.963068032256,353.822894641502,0,0,0,178.748963182352,82.6426202489162,321.864157986053,0,183.786860782462,0,0,0,215.611029055736,241.682021696872,0,0,227.504408813069,89.3673883748406,0,196.032358954952,115.114253591495,153.672550905948,206.912707094411,89.707245288964,0,190.185165668632,108.381749703452
0,0,71.5579325720569,116.054372245433,150.161410108805,0,0,160.530221557972,0,0,66.5008477853491,0,0,161.694997919804,208.005106191961,348.674510760064,165.597665022977,0,0,104.915316975638,108.136066660554,0,97.3232815600345,202.712457066107,87.8456058929559,215.611029055736,0,0,0,0,0,0,0,89.1590885155172,139.654362654449,0,72.2278283150671,0,0,143.005810983322,125.994729980093
0,93.4234866874731,205.839960264176,0,221.805809452716,0,223.705816669619,142.385058730083,241.635434294794,236.681907140956,218.045528847001,106.926813611922,100.812745974529,0,0,0,284.529238481835,151.695570509541,62.311273509377,329.719143597451,120.912756812582,73.1029054543569,226.825099357786,0,115.871357769661,241.682021696872,0,0,0,289.631679007608,0,96.5937438588657,0,141.204637091722,178.224497384947,197.486504603685,262.382215657622,0,112.823430872325,157.852515740516,0
101.85207633558,0,214.116367924649,153.609372090384,0,0,119.345624434514,146.99041817625,0,314.611698427915,0,92.5568465385234,173.059382066957,0,0,0,0,135.667029391615,155.901486485736,95.7590805983148,0,161.302948562323,115.541295036174,145.74089716123,0,0,0,0,0,119.728129215699,0,0,0,179.718364159796,261.440278806413,136.685314494491,195.378266313867,0,0,306.344527664232,82.6299537488922
0,0,0,0,0,113.059176128709,0,0,0,0,101.350815329073,0,0,0,94.7280504127031,0,0,151.01089327964,0,0,0,333.645516435298,0,0,0,0,0,289.631679007608,119.728129215699,0,0,0,0,177.763106506206,0,0,101.605593487621,253.401634605989,300.031143529538,0,0
0,0,0,0,146.465927798921,0,0,0,0,0,0,306.640284138334,0,0,0,0,0,0,0,0,0,0,0,112.793316814908,0,227.504408813069,0,0,0,0,0,0,0,0,94.8881692391942,0,0,0,111.226326353722,0,0
0,0,0,0,357.423078228283,0,0,0,0,70.4221432298295,0,0,251.098274723989,186.348837226466,0,0,75.4497121078207,0,0,0,0,0,0,0,89.9429017381717,89.3673883748406,0,96.5937438588657,0,0,0,0,0,0,98.6790043377568,0,101.895308036513,0,0,347.376449530863,0
0,0,0,115.194491798135,0,0,0,0,0,0,206.472608421747,345.797434674459,0,0,0,0,0,0,0,0,0,0,0,0,0,0,0,0,0,0,0,0,0,0,0,0,0,0,224.523755099568,158.955087279859,0
181.316358113209,98.2230592632363,0,0,320.356811100276,180.355266595273,125.81518738273,84.3635741045246,242.790381480436,204.481117647118,111.435629183184,117.208001126138,0,0,222.053792850439,186.973586461633,0,0,0,0,0,173.201474590904,0,0,188.851177466023,196.032358954952,89.1590885155172,141.204637091722,179.718364159796,177.763106506206,0,0,0,0,151.036729364761,161.74915061469,67.8267069095267,98.417953423071,323.781250289068,101.443495235174,139.93285932648
0,93.5029580098427,0,195.314816908693,0,0,0,0,198.964527389285,133.218162784108,137.239127032733,180.543851962045,0,146.814226519809,249.798812580765,0,0,0,76.5072790361762,128.530575464043,0,211.840482897052,0,115.868441404982,0,115.114253591495,139.654362654449,178.224497384947,261.440278806413,0,94.8881692391942,98.6790043377568,0,151.036729364761,0,228.792310020318,219.078548227669,155.24952173131,171.230058197369,153.453047983244,192.601533877686
0,0,0,0,0,0,220.901129804706,0,161.275817184598,201.44584889478,0,280.376028997576,0,171.906398392157,73.4795582048751,90.7216186966914,151.075371308616,0,96.7845769653343,137.189596148386,238.934743274142,0,0,0,0,153.672550905948,0,197.486504603685,136.685314494491,0,0,0,0,161.74915061469,228.792310020318,0,74.4197823064597,0,0,193.63278243493,138.33942793804
173.001559092555,0,78.9559315574845,135.294330067913,61.0664810463559,154.065933476765,173.538155409849,0,225.013371621378,164.032723165762,120.567029282014,133.984214699576,193.055010680236,0,94.7529894315991,325.937289045041,115.332064605654,134.566479261133,0,193.777661225572,97.5855511246009,0,0,154.070293657878,0,206.912707094411,72.2278283150671,262.382215657622,195.378266313867,101.605593487621,0,101.895308036513,0,67.8267069095267,219.078548227669,74.4197823064597,0,161.325017232684,219.040656038919,0,80.4367166559625
0,0,0,0,240.185081663983,255.441154257905,0,0,0,106.533627130087,0,241.57250333243,0,0,74.5815074003433,199.492852797962,0,231.050882209,151.806152521152,104.369974912428,175.196329314064,0,81.9664354533492,109.093416850988,198.528111506785,89.707245288964,0,0,0,253.401634605989,0,0,0,98.417953423071,155.24952173131,0,161.325017232684,0,0,163.059043292369,131.969743415579
0,0,0,321.124897279917,0,162.833808134102,0,0,0,0,259.055025639447,124.853650664477,0,0,0,0,192.693757128262,0,0,0,0,0,0,0,128.405764333981,0,0,112.823430872325,0,300.031143529538,111.226326353722,0,224.523755099568,323.781250289068,171.230058197369,0,219.040656038919,0,0,160.537522273714,113.144980278377
252.487290983309,0,0,261.605527103798,0,82.1742780037132,167.066576495979,0,165.893015276821,0,209.996727521564,249.905610015455,0,159.183173818572,0,219.430938885781,0,0,118.522099274347,116.176698124939,0,0,137.177378802006,112.349934713559,0,190.185165668632,143.005810983322,157.852515740516,306.344527664232,0,0,347.376449530863,158.955087279859,101.443495235174,153.453047983244,193.63278243493,0,163.059043292369,160.537522273714,0,140.574866691684
0,0,263.534399241887,0,0,0,184.249961885477,172.608400267715,94.126460729827,146.770754374523,99.3508940827211,180.90030328818,0,247.66948903751,0,0,0,0,0,114.511014214502,134.960780198024,0,232.945974238958,0,0,108.381749703452,125.994729980093,0,82.6299537488922,0,0,0,0,139.93285932648,192.601533877686,138.33942793804,80.4367166559625,131.969743415579,113.144980278377,140.574866691684,0
