0,0,0,0,215.611029055736,113.144980278377,0,0,0,0,0,0,0,0,0,0,0,0,231.715271819474,0,0,0,0,0,0,0,67.8267069095267,0,0,0,0,0,0,0,82.6426202489162,0,153.609372090384,0,0,0,0
0,0,0,0,0,0,0,0,0,66.5008477853491,0,0,115.871357769661,0,70.4221432298295,0,0,0,0,0,0,0,0,0,0,0,0,0,227.504408813069,155.24952173131,0,0,0,61.0664810463559,0,0,0,0,0,0,92.3502314520023
0,0,0,0,0,0,0,0,0,0,0,0,0,0,0,0,0,0,0,0,0,0,0,0,0,0,0,151.01089327964,0,0,0,0,0,309.997227542691,0,101.85207633558,0,224.551207449728,236.681907140956,0,0
0,0,0,0,0,0,0,193.055010680236,0,0,87.8456058929559,0,167.066576495979,0,146.465927798921,0,0,109.093416850988,71.4788760670054,0,0,0,71.5579325720569,0,0,0,177.763106506206,0,223.705816669619,0,0,151.695570509541,0,0,0,0,158.955087279859,0,115.114253591495,106.533627130087,0
215.611029055736,0,0,0,0,0,0,0,0,353.822894641502,0,154.070293657878,0,0,0,0,0,0,0,162.833808134102,238.934743274142,0,125.416941482916,0,0,200.878319874537,0,314.611698427915,140.574866691684,0,0,90.1317194604647,0,0,0,73.1029054543569,85.6072705949986,180.355266595273,0,0,145.74089716123
113.144980278377,0,0,0,0,0,101.5853655613,0,0,0,232.945974238958,241.635434294794,0,0,0,0,0,0,0,320.356811100276,0,0,0,192.601533877686,111.435629183184,0,101.895308036513,72.2278283150671,0,0,206.912707094411,0,0,198.964527389285,222.053792850439,284.529238481835,220.901129804706,0,0,0,0
0,0,0,0,0,101.5853655613,0,0,0,0,0,160.530221557972,206.472608421747,0,0,348.674510760064,0,0,0,98.417953423071,0,0,0,0,0,0,201.100640800745,241.682021696872,0,217.157696745803,0,0,0,106.926813611922,137.189596148386,178.224497384947,226.825099357786,0,0,249.798812580765,0
0,0,0,193.055010680236,0,0,0,0,228.075434767255,143.005810983322,117.208001126138,128.846764897717,0,0,0,0,155.901486485736,0,0,0,0,0,0,94.7529894315991,96.7845769653343,0,259.442917595754,0,259.055025639447,0,0,0,323.781250289068,0,333.645516435298,0,99.3508940827211,0,195.378266313867,174.013630695256,90.7216186966914
0,0,0,0,0,0,0,228.075434767255,0,0,195.314816908693,95.7590805983148,0,0,0,0,138.425725342224,0,0,175.196329314064,0,0,221.805809452716,0,0,0,94.7280504127031,0,0,0,0,0,0,0,0,100.812745974529,134.960780198024,0,0,108.136066660554,329.719143597451
0,66.5008477853491,0,0,353.822894641502,0,0,143.005810983322,0,0,0,204.084074037941,283.248188884028,0,135.667029391615,94.027247878695,0,146.99041817625,115.332064605654,0,0,0,94.8881692391942,0,0,181.316358113209,101.443495235174,78.8552325762656,62.311273509377,0,0,0,0,0,165.597665022977,0,247.66948903751,0,158.567996645797,0,208.005106191961
0,0,0,87.8456058929559,0,232.945974238958,0,117.208001126138,195.314816908693,0,0,0,0,0,0,163.059043292369,0,0,75.4497121078207,0,161.325017232684,0,98.6790043377568,219.078548227669,0,153.453047983244,0,192.135034768848,164.032723165762,0,0,0,0,209.996727521564,161.694997919804,0,133.984214699576,195.822649557859,0,0,0
0,0,0,0,154.070293657878,241.635434294794,160.530221557972,128.846764897717,95.7590805983148,204.084074037941,0,0,0,0,0,0,0,0,204.481117647118,172.892533368851,0,188.851177466023,153.672550905948,0,0,262.382215657622,0,78.9559315574845,0,119.345624434514,0,159.183173818572,82.1742780037132,214.116367924649,338.131802716296,0,94.126460729827,198.528111506785,0,184.249961885477,347.376449530863
0,115.871357769661,0,167.066576495979,0,0,206.472608421747,0,0,283.248188884028,0,0,0,0,0,0,0,0,0,163.945208919892,0,0,0,0,0,0,0,0,0,139.792601838991,0,0,0,0,0,0,0,0,0,0,0
0,0,0,0,0,0,0,0,0,0,0,0,0,0,0,212.592150359921,0,154.142998692322,116.054372245433,0,0,0,253.401634605989,280.376028997576,0,148.808626413748,180.543851962045,178.683678585178,0,0,196.032358954952,97.3232815600345,0,0,141.204637091722,0,89.1590885155172,0,0,193.777661225572,92.5207898118833
0,70.4221432298295,0,146.465927798921,0,0,0,0,0,135.667029391615,0,0,0,0,0,0,0,0,0,0,0,183.786860782462,0,131.969743415579,0,205.09013266389,0,251.098274723989,193.63278243493,192.693757128262,0,0,0,261.440278806413,0,0,151.075371308616,0,0,0,173.538155409849
0,0,0,0,0,0,348.674510760064,0,0,94.027247878695,163.059043292369,0,0,212.592150359921,0,0,0,0,0,205.839960264176,0,0,0,0,0,0,128.405764333981,0,0,0,0,0,0,115.541295036174,178.748963182352,0,173.201474590904,0,0,80.4367166559625,188.936291522747
0,0,0,0,0,0,0,155.901486485736,138.425725342224,0,0,0,0,0,0,0,0,0,0,0,0,0,0,0,0,0,0,263.534399241887,196.04190773555,0,0,168.241326865882,0,269.936825670274,0,231.050882209,0,205.183249704085,0,283.88658203332,173.059382066957
0,0,0,109.093416850988,0,0,0,0,0,146.99041817625,0,0,0,154.142998692322,0,0,0,0,0,0,0,0,0,0,306.344527664232,0,0,255.441154257905,0,0,0,0,0,157.852515740516,0,0,250.461724766314,0,0,139.654362654449,138.33942793804
231.715271819474,0,0,71.4788760670054,0,0,0,0,0,115.332064605654,75.4497121078207,204.481117647118,0,116.054372245433,0,0,0,0,0,0,0,0,0,0,0,0,114.649126378906,0,0,0,300.031143529538,0,0,191.519780382943,0,0,161.74915061469,119.728129215699,0,74.4197823064597,0
0,0,0,0,162.833808134102,320.356811100276,98.417953423071,0,175.196329314064,0,0,172.892533368851,163.945208919892,0,0,205.839960264176,0,0,0,0,0,0,186.973586461633,120.567029282014,0,84.3635741045246,240.185081663983,0,106.33736463831,0,0,0,0,0,199.492852797962,211.840482897052,128.530575464043,136.792307586862,219.040656038919,0,0
0,0,0,0,238.934743274142,0,0,0,0,0,161.325017232684,0,0,0,0,0,0,0,0,0,0,0,0,94.9380989123498,115.194491798135,276.620869034647,116.176698124939,134.566479261133,82.6299537488922,0,0,0,0,161.275817184598,321.864157986053,133.218162784108,97.5855511246009,0,0,190.185165668632,0
0,0,0,0,0,0,0,0,0,0,0,188.851177466023,0,0,183.786860782462,0,0,0,0,0,0,0,0,0,0,153.876396855887,169.742003380707,0,0,0,0,0,0,165.893015276821,93.5029580098427,0,89.707245288964,0,125.81518738273,0,0
0,0,0,71.5579325720569,125.416941482916,0,0,0,221.805809452716,94.8881692391942,98.6790043377568,153.672550905948,0,253.401634605989,0,0,0,0,0,186.973586461633,0,0,0,0,0,62.859596780235,0,213.67670887414,120.912756812582,0,0,0,0,115.868441404982,0,0,74.5815074003433,160.537522273714,0,321.124897279917,0
0,0,0,0,0,192.601533877686,0,94.7529894315991,0,0,219.078548227669,0,0,280.376028997576,131.969743415579,0,0,0,0,120.567029282014,94.9380989123498,0,0,0,0,0,0,110.384905066973,92.5568465385234,169.453147353278,194.442125915551,0,0,171.906398392157,118.522099274347,252.487290983309,186.348837226466,99.2646516363145,112.793316814908,306.640284138334,187.77054666536
0,0,0,0,0,111.435629183184,0,96.7845769653343,0,0,0,0,0,0,0,0,0,306.344527664232,0,0,115.194491798135,0,0,0,0,0,0,202.712457066107,0,197.893790332676,142.385058730083,0,0,101.605593487621,325.937289045041,0,218.045528847001,0,0,0,0
0,0,0,0,200.878319874537,0,0,0,0,181.316358113209,153.453047983244,262.382215657622,0,148.808626413748,205.09013266389,0,0,0,0,84.3635741045246,276.620869034647,153.876396855887,62.859596780235,0,0,0,242.790381480436,0,76.5072790361762,0,0,0,0,224.523755099568,171.230058197369,81.2827395071039,172.608400267715,122.106946855269,137.177378802006,111.226326353722,112.823430872325
67.8267069095267,0,0,177.763106506206,0,101.895308036513,201.100640800745,259.442917595754,94.7280504127031,101.443495235174,0,0,0,180.543851962045,0,128.405764333981,0,0,114.649126378906,240.185081663983,116.176698124939,169.742003380707,0,0,0,242.790381480436,0,89.9429017381717,0,0,0,0,0,179.718364159796,85.7623170715703,193.659409924573,0,0,0,150.161410108805,114.511014214502
0,0,151.01089327964,0,314.611698427915,72.2278283150671,241.682021696872,0,0,78.8552325762656,192.135034768848,78.9559315574845,0,178.683678585178,251.098274723989,0,263.534399241887,255.441154257905,0,0,134.566479261133,0,213.67670887414,110.384905066973,202.712457066107,0,89.9429017381717,0,73.4795582048751,124.698445421759,0,135.294330067913,0,154.065933476765,146.770754374523,81.9664354533492,108.381749703452,104.369974912428,112.349934713559,249.905610015455,335.371040201042
0,227.504408813069,0,223.705816669619,140.574866691684,0,0,259.055025639447,0,62.311273509377,164.032723165762,0,0,0,193.63278243493,0,196.04190773555,0,0,106.33736463831,82.6299537488922,0,120.912756812582,92.5568465385234,0,76.5072790361762,0,73.4795582048751,0,0,173.001559092555,241.57250333243,146.814226519809,228.792310020318,58.3493451392805,0,0,154.784755881607,0,151.806152521152,0
0,155.24952173131,0,0,0,0,217.157696745803,0,0,0,0,119.345624434514,139.792601838991,0,192.693757128262,0,0,0,0,0,0,0,0,169.453147353278,197.893790332676,0,0,124.698445421759,0,0,0,0,0,0,197.486504603685,201.44584889478,261.605527103798,0,0,0,0
0,0,0,0,0,206.912707094411,0,0,0,0,0,0,0,196.032358954952,0,0,0,0,300.031143529538,0,0,0,0,194.442125915551,142.385058730083,0,0,0,173.001559092555,0,0,0,0,0,0,0,0,0,0,0,0
0,0,0,151.695570509541,90.1317194604647,0,0,0,0,0,0,159.183173818572,0,97.3232815600345,0,0,168.241326865882,0,0,0,0,0,0,0,0,0,0,135.294330067913,241.57250333243,0,0,0,0,0,82.4756938751058,139.93285932648,0,101.350815329073,0,0,345.797434674459
0,0,0,0,0,0,0,323.781250289068,0,0,0,82.1742780037132,0,0,0,0,0,0,0,0,0,0,0,0,0,0,0,0,146.814226519809,0,0,0,0,0,0,0,0,180.90030328818,0,113.059176128709,0
0,61.0664810463559,309.997227542691,0,0,198.964527389285,106.926813611922,0,0,0,209.996727521564,214.116367924649,0,0,261.440278806413,115.541295036174,269.936825670274,157.852515740516,191.519780382943,0,161.275817184598,165.893015276821,115.868441404982,171.906398392157,101.605593487621,224.523755099568,179.718364159796,154.065933476765,228.792310020318,0,0,0,0,0,136.685314494491,220.963068032256,97.3506957544063,225.013371621378,0,142.054529471577,357.423078228283
82.6426202489162,0,0,0,0,222.053792850439,137.189596148386,333.645516435298,0,165.597665022977,161.694997919804,338.131802716296,0,141.204637091722,0,178.748963182352,0,0,0,199.492852797962,321.864157986053,93.5029580098427,0,118.522099274347,325.937289045041,171.230058197369,85.7623170715703,146.770754374523,58.3493451392805,197.486504603685,0,82.4756938751058,0,136.685314494491,0,0,124.853650664477,93.4234866874731,103.519938150021,74.7304794244225,0
0,0,101.85207633558,0,73.1029054543569,284.529238481835,178.224497384947,0,100.812745974529,0,0,0,0,0,0,0,231.050882209,0,0,211.840482897052,133.218162784108,0,0,252.487290983309,0,81.2827395071039,193.659409924573,81.9664354533492,0,201.44584889478,0,139.93285932648,0,220.963068032256,0,0,161.302948562323,151.036729364761,289.631679007608,137.239127032733,0
153.609372090384,0,0,158.955087279859,85.6072705949986,220.901129804706,226.825099357786,99.3508940827211,134.960780198024,247.66948903751,133.984214699576,94.126460729827,0,89.1590885155172,151.075371308616,173.201474590904,0,250.461724766314,161.74915061469,128.530575464043,97.5855511246009,89.707245288964,74.5815074003433,186.348837226466,218.045528847001,172.608400267715,0,108.381749703452,0,261.605527103798,0,0,0,97.3506957544063,124.853650664477,161.302948562323,0,0,106.128596538706,89.3673883748406,219.430938885781
0,0,224.551207449728,0,180.355266595273,0,0,0,0,0,195.822649557859,198.528111506785,0,0,0,0,205.183249704085,0,119.728129215699,136.792307586862,0,0,160.537522273714,99.2646516363145,0,122.106946855269,0,104.369974912428,154.784755881607,0,0,101.350815329073,180.90030328818,225.013371621378,93.4234866874731,151.036729364761,0,0,96.5937438588657,125.994729980093,98.2230592632363
0,0,236.681907140956,115.114253591495,0,0,0,195.378266313867,0,158.567996645797,0,0,0,0,0,0,0,0,0,219.040656038919,0,125.81518738273,0,112.793316814908,0,137.177378802006,0,112.349934713559,0,0,0,0,0,0,103.519938150021,289.631679007608,106.128596538706,96.5937438588657,0,80.8080171296381,104.915316975638
0,0,0,106.533627130087,0,0,249.798812580765,174.013630695256,108.136066660554,0,0,184.249961885477,0,193.777661225572,0,80.4367166559625,283.88658203332,139.654362654449,74.4197823064597,0,190.185165668632,0,321.124897279917,306.640284138334,0,111.226326353722,150.161410108805,249.905610015455,151.806152521152,0,0,0,113.059176128709,142.054529471577,74.7304794244225,137.239127032733,89.3673883748406,125.994729980093,80.8080171296381,0,303.527509149359
0,92.3502314520023,0,0,145.74089716123,0,0,90.7216186966914,329.719143597451,208.005106191961,0,347.376449530863,0,92.5207898118833,173.538155409849,188.936291522747,173.059382066957,138.33942793804,0,0,0,0,0,187.77054666536,0,112.823430872325,114.511014214502,335.371040201042,0,0,0,345.797434674459,0,357.423078228283,0,0,219.430938885781,98.2230592632363,104.915316975638,303.527509149359,0
