0,0,0,0,0,81.9664354533492,0,0,0,0,0,146.814226519809,0,101.85207633558,0,0,0,0,0,192.601533877686,0,0,0,0,0,0,73.1029054543569,255.441154257905,0,0,0,0,0,0,0,0,0,0,0,0,0
0,0,0,0,0,0,0,0,0,78.9559315574845,0,0,0,0,0,206.912707094411,0,0,0,0,0,0,0,120.912756812582,0,0,0,0,0,0,99.3508940827211,0,0,0,153.453047983244,80.8080171296381,0,0,0,0,202.712457066107
0,0,0,0,0,0,180.355266595273,0,0,0,0,0,0,0,0,0,0,0,0,0,0,113.059176128709,0,0,0,0,0,0,0,0,0,0,0,0,172.608400267715,85.6072705949986,261.605527103798,0,0,0,0
0,0,0,0,0,0,0,109.093416850988,252.487290983309,0,0,0,0,0,0,0,0,101.443495235174,0,111.435629183184,0,220.901129804706,112.349934713559,0,0,145.74089716123,0,183.786860782462,94.126460729827,0,0,0,0,357.423078228283,0,101.5853655613,165.597665022977,0,0,115.541295036174,0
0,0,0,0,0,0,0,87.8456058929559,161.74915061469,0,0,111.226326353722,0,197.486504603685,221.805809452716,0,0,0,0,0,0,0,0,199.492852797962,0,92.5568465385234,0,347.376449530863,0,141.204637091722,0,0,0,124.853650664477,122.106946855269,162.833808134102,0,161.302948562323,0,82.6426202489162,0
81.9664354533492,0,0,0,0,0,0,0,0,139.792601838991,0,0,0,0,0,0,193.659409924573,0,0,0,197.893790332676,0,136.685314494491,163.059043292369,0,0,0,204.084074037941,306.640284138334,0,0,0,179.718364159796,61.0664810463559,0,115.871357769661,180.543851962045,0,0,171.230058197369,174.013630695256
0,0,180.355266595273,0,0,0,0,0,106.128596538706,106.33736463831,163.945208919892,154.142998692322,0,0,0,0,0,0,135.667029391615,0,0,0,175.196329314064,0,0,0,0,0,142.054529471577,0,0,0,0,0,97.3506957544063,0,128.405764333981,131.969743415579,0,161.694997919804,205.839960264176
0,0,0,109.093416850988,87.8456058929559,0,0,0,0,84.3635741045246,94.7529894315991,159.183173818572,205.09013266389,0,0,0,178.748963182352,120.567029282014,0,93.5029580098427,0,0,94.8881692391942,0,0,90.7216186966914,219.430938885781,108.136066660554,0,0,0,164.032723165762,0,72.2278283150671,0,0,0,0,0,0,171.906398392157
0,0,0,252.487290983309,161.74915061469,0,106.128596538706,0,0,186.973586461633,0,222.053792850439,0,0,0,0,0,0,0,0,0,0,0,0,0,280.376028997576,0,0,353.822894641502,0,0,0,0,71.5579325720569,0,169.453147353278,94.9380989123498,0,0,108.381749703452,0
0,78.9559315574845,0,0,0,139.792601838991,106.33736463831,84.3635741045246,186.973586461633,0,0,0,0,0,0,0,0,0,0,249.905610015455,0,0,151.01089327964,82.1742780037132,94.027247878695,0,140.574866691684,0,228.075434767255,215.611029055736,0,0,0,112.823430872325,0,198.964527389285,224.551207449728,154.070293657878,0,93.4234866874731,201.44584889478
0,0,0,0,0,0,163.945208919892,94.7529894315991,0,0,0,0,0,0,0,0,0,0,0,0,0,0,0,348.674510760064,0,101.605593487621,98.417953423071,0,124.698445421759,116.176698124939,0,0,314.611698427915,116.054372245433,201.100640800745,173.059382066957,161.275817184598,225.013371621378,219.078548227669,103.519938150021,173.001559092555
146.814226519809,0,0,0,111.226326353722,0,154.142998692322,159.183173818572,222.053792850439,0,0,0,0,0,323.781250289068,0,0,192.693757128262,0,115.868441404982,119.728129215699,0,253.401634605989,0,0,345.797434674459,0,114.511014214502,0,0,220.963068032256,261.440278806413,0,325.937289045041,177.763106506206,206.472608421747,146.99041817625,161.325017232684,74.7304794244225,104.369974912428,0
0,0,0,0,0,0,0,205.09013266389,0,0,0,0,0,0,0,0,0,0,0,0,0,0,0,0,0,276.620869034647,0,0,0,0,0,0,0,0,195.314816908693,303.527509149359,125.81518738273,0,0,151.075371308616,0
101.85207633558,0,0,0,197.486504603685,0,0,0,0,0,0,0,0,0,0,0,0,0,96.5937438588657,0,0,0,0,139.654362654449,0,321.864157986053,117.208001126138,204.481117647118,0,0,0,101.350815329073,0,188.936291522747,190.185165668632,0,193.777661225572,118.522099274347,238.934743274142,0,192.135034768848
0,0,0,0,221.805809452716,0,0,0,0,0,0,323.781250289068,0,0,0,0,0,184.249961885477,0,0,134.960780198024,82.4756938751058,0,73.4795582048751,0,242.790381480436,208.005106191961,133.218162784108,0,128.530575464043,0,0,0,0,0,0,205.183249704085,101.895308036513,0,0,0
0,206.912707094411,0,0,0,0,0,0,0,0,0,0,0,0,0,0,0,0,0,212.592150359921,0,0,0,0,338.131802716296,81.2827395071039,0,110.384905066973,0,0,0,0,0,137.189596148386,335.371040201042,0,219.040656038919,333.645516435298,142.385058730083,0,165.893015276821
0,0,0,0,0,193.659409924573,0,178.748963182352,0,0,0,0,0,0,0,0,0,0,0,158.567996645797,0,97.3232815600345,0,157.852515740516,0,0,0,169.742003380707,0,0,0,232.945974238958,0,0,0,0,95.7590805983148,0,125.416941482916,0,137.239127032733
0,0,0,101.443495235174,0,0,0,120.567029282014,0,0,0,192.693757128262,0,0,184.249961885477,0,0,0,0,0,0,71.4788760670054,0,0,0,0,67.8267069095267,187.77054666536,0,0,0,217.157696745803,0,224.523755099568,0,0,0,0,0,0,0
0,0,0,0,0,0,135.667029391615,0,0,0,0,0,0,96.5937438588657,0,0,0,0,0,89.9429017381717,62.311273509377,0,0,106.533627130087,0,172.892533368851,0,0,133.984214699576,289.631679007608,0,0,0,112.793316814908,138.33942793804,0,94.7280504127031,0,0,251.098274723989,0
192.601533877686,0,0,111.435629183184,0,0,0,93.5029580098427,0,249.905610015455,0,115.868441404982,0,0,0,212.592150359921,158.567996645797,0,89.9429017381717,0,0,0,0,74.5815074003433,100.812745974529,0,191.519780382943,269.936825670274,146.465927798921,0,0,0,0,0,151.036729364761,178.224497384947,259.442917595754,0,96.7845769653343,0,0
0,0,0,0,0,197.893790332676,0,0,0,0,0,119.728129215699,0,0,134.960780198024,0,0,0,62.311273509377,0,0,0,213.67670887414,0,0,98.6790043377568,0,329.719143597451,92.5207898118833,209.996727521564,0,0,0,321.124897279917,74.4197823064597,0,300.031143529538,0,0,194.442125915551,0
0,0,113.059176128709,220.901129804706,0,0,0,0,0,0,0,0,0,0,82.4756938751058,0,97.3232815600345,71.4788760670054,0,0,0,0,0,0,0,0,0,0,0,0,0,0,0,0,0,0,62.859596780235,283.88658203332,0,99.2646516363145,0
0,0,0,112.349934713559,0,136.685314494491,175.196329314064,94.8881692391942,0,151.01089327964,0,253.401634605989,0,0,0,0,0,0,0,0,213.67670887414,0,0,0,0,0,0,198.528111506785,82.6299537488922,0,154.065933476765,0,0,151.806152521152,0,0,106.926813611922,0,178.683678585178,153.876396855887,146.770754374523
0,120.912756812582,0,0,199.492852797962,163.059043292369,0,0,0,82.1742780037132,348.674510760064,0,0,139.654362654449,73.4795582048751,0,157.852515740516,0,106.533627130087,74.5815074003433,0,0,0,0,0,0,155.901486485736,0,139.93285932648,181.316358113209,0,137.177378802006,0,136.792307586862,173.538155409849,80.4367166559625,0,160.537522273714,0,115.332064605654,0
0,0,0,0,0,0,0,0,0,94.027247878695,0,0,0,0,0,338.131802716296,0,0,0,100.812745974529,0,0,0,0,0,0,173.201474590904,0,247.66948903751,0,0,214.116367924649,227.504408813069,0,195.378266313867,0,0,0,154.784755881607,200.878319874537,0
0,0,0,145.74089716123,92.5568465385234,0,0,90.7216186966914,280.376028997576,0,101.605593487621,345.797434674459,276.620869034647,321.864157986053,242.790381480436,81.2827395071039,0,0,172.892533368851,0,98.6790043377568,0,0,0,0,0,115.194491798135,231.050882209,195.822649557859,0,0,0,0,58.3493451392805,0,0,155.24952173131,0,114.649126378906,70.4221432298295,241.57250333243
73.1029054543569,0,0,0,0,0,0,219.430938885781,0,140.574866691684,98.417953423071,0,0,117.208001126138,208.005106191961,0,0,67.8267069095267,0,191.519780382943,0,0,0,155.901486485736,173.201474590904,115.194491798135,0,0,0,66.5008477853491,0,0,78.8552325762656,223.705816669619,263.534399241887,283.248188884028,241.682021696872,0,135.294330067913,211.840482897052,262.382215657622
255.441154257905,0,0,183.786860782462,347.376449530863,204.084074037941,0,108.136066660554,0,0,0,114.511014214502,0,204.481117647118,133.218162784108,110.384905066973,169.742003380707,187.77054666536,0,269.936825670274,329.719143597451,0,198.528111506785,0,0,231.050882209,0,0,134.566479261133,119.345624434514,0,143.005810983322,240.185081663983,125.994729980093,89.3673883748406,158.955087279859,92.3502314520023,153.609372090384,241.635434294794,89.1590885155172,113.144980278377
0,0,0,94.126460729827,0,306.640284138334,142.054529471577,0,353.822894641502,228.075434767255,124.698445421759,0,0,0,0,0,0,0,133.984214699576,146.465927798921,92.5207898118833,0,82.6299537488922,139.93285932648,247.66948903751,195.822649557859,0,134.566479261133,0,0,0,0,0,196.032358954952,104.915316975638,90.1317194604647,97.5855511246009,250.461724766314,0,309.997227542691,306.344527664232
0,0,0,0,141.204637091722,0,0,0,0,215.611029055736,116.176698124939,0,0,0,128.530575464043,0,0,0,289.631679007608,0,209.996727521564,0,0,181.316358113209,0,0,66.5008477853491,119.345624434514,0,0,0,0,0,0,180.90030328818,0,0,0,231.715271819474,0,0
0,99.3508940827211,0,0,0,0,0,0,0,0,0,220.963068032256,0,0,0,0,0,0,0,0,0,0,154.065933476765,0,0,0,0,0,0,0,0,0,0,0,0,0,0,151.695570509541,0,148.808626413748,75.4497121078207
0,0,0,0,0,0,0,164.032723165762,0,0,0,261.440278806413,0,101.350815329073,0,0,232.945974238958,217.157696745803,0,0,0,0,0,137.177378802006,214.116367924649,0,0,143.005810983322,0,0,0,0,0,150.161410108805,76.5072790361762,0,218.045528847001,0,0,0,0
0,0,0,0,0,179.718364159796,0,0,0,0,314.611698427915,0,0,0,0,0,0,0,0,0,0,0,0,0,227.504408813069,0,78.8552325762656,240.185081663983,0,0,0,0,0,0,0,0,0,0,0,0,0
0,0,0,357.423078228283,124.853650664477,61.0664810463559,0,72.2278283150671,71.5579325720569,112.823430872325,116.054372245433,325.937289045041,0,188.936291522747,0,137.189596148386,0,224.523755099568,112.793316814908,0,321.124897279917,0,151.806152521152,136.792307586862,0,58.3493451392805,223.705816669619,125.994729980093,196.032358954952,0,0,150.161410108805,0,0,98.2230592632363,0,320.356811100276,259.055025639447,115.114253591495,167.066576495979,186.348837226466
0,153.453047983244,172.608400267715,0,122.106946855269,0,97.3506957544063,0,0,0,201.100640800745,177.763106506206,195.314816908693,190.185165668632,0,335.371040201042,0,0,138.33942793804,151.036729364761,74.4197823064597,0,0,173.538155409849,195.378266313867,0,263.534399241887,89.3673883748406,104.915316975638,180.90030328818,0,76.5072790361762,0,98.2230592632363,0,236.681907140956,85.7623170715703,89.707245288964,0,228.792310020318,160.530221557972
0,80.8080171296381,85.6072705949986,101.5853655613,162.833808134102,115.871357769661,0,0,169.453147353278,198.964527389285,173.059382066957,206.472608421747,303.527509149359,0,0,0,0,0,0,178.224497384947,0,0,0,80.4367166559625,0,0,283.248188884028,158.955087279859,90.1317194604647,0,0,0,0,0,236.681907140956,0,226.825099357786,188.851177466023,0,0,128.846764897717
0,0,261.605527103798,165.597665022977,0,180.543851962045,128.405764333981,0,94.9380989123498,224.551207449728,161.275817184598,146.99041817625,125.81518738273,193.777661225572,205.183249704085,219.040656038919,95.7590805983148,0,94.7280504127031,259.442917595754,300.031143529538,62.859596780235,106.926813611922,0,0,155.24952173131,241.682021696872,92.3502314520023,97.5855511246009,0,0,218.045528847001,0,320.356811100276,85.7623170715703,226.825099357786,0,196.04190773555,284.529238481835,193.63278243493,249.798812580765
0,0,0,0,161.302948562323,0,131.969743415579,0,0,154.070293657878,225.013371621378,161.325017232684,0,118.522099274347,101.895308036513,333.645516435298,0,0,0,0,0,283.88658203332,0,160.537522273714,0,0,0,153.609372090384,250.461724766314,0,151.695570509541,0,0,259.055025639447,89.707245288964,188.851177466023,196.04190773555,0,138.425725342224,153.672550905948,168.241326865882
0,0,0,0,0,0,0,0,0,0,219.078548227669,74.7304794244225,0,238.934743274142,0,142.385058730083,125.416941482916,0,0,96.7845769653343,0,0,178.683678585178,0,154.784755881607,114.649126378906,135.294330067913,241.635434294794,0,231.715271819474,0,0,0,115.114253591495,0,0,284.529238481835,138.425725342224,0,0,0
0,0,0,115.541295036174,82.6426202489162,171.230058197369,161.694997919804,0,108.381749703452,93.4234866874731,103.519938150021,104.369974912428,151.075371308616,0,0,0,0,0,251.098274723989,0,194.442125915551,99.2646516363145,153.876396855887,115.332064605654,200.878319874537,70.4221432298295,211.840482897052,89.1590885155172,309.997227542691,0,148.808626413748,0,0,167.066576495979,228.792310020318,0,193.63278243493,153.672550905948,0,0,193.055010680236
0,202.712457066107,0,0,0,174.013630695256,205.839960264176,171.906398392157,0,201.44584889478,173.001559092555,0,0,192.135034768848,0,165.893015276821,137.239127032733,0,0,0,0,0,146.770754374523,0,0,241.57250333243,262.382215657622,113.144980278377,306.344527664232,0,75.4497121078207,0,0,186.348837226466,160.530221557972,128.846764897717,249.798812580765,168.241326865882,0,193.055010680236,0
