0,0,0,0,0,0,195.378266313867,141.204637091722,0,0,0,0,0,0,0,0,0,0,0,0,0,0,0,120.567029282014,0,0,0,0,74.7304794244225,0,0,169.742003380707,0,0,0,0,160.530221557972,0,0,0,0
0,0,0,0,0,0,173.059382066957,0,0,0,0,0,238.934743274142,0,0,0,0,0,0,0,0,0,0,0,0,0,0,217.157696745803,227.504408813069,0,0,0,0,0,0,195.314816908693,94.027247878695,0,0,0,249.798812580765
0,0,0,0,0,0,0,0,0,145.74089716123,111.435629183184,0,0,0,0,0,0,0,0,0,0,0,0,0,0,0,0,125.416941482916,0,0,0,0,0,0,61.0664810463559,0,113.059176128709,0,0,0,0
0,0,0,0,228.792310020318,0,0,62.311273509377,0,183.786860782462,62.859596780235,0,0,0,0,0,0,0,0,259.442917595754,0,0,0,201.100640800745,0,276.620869034647,0,0,158.955087279859,0,0,0,0,118.522099274347,90.1317194604647,115.332064605654,99.3508940827211,0,0,0,171.906398392157
0,0,0,228.792310020318,0,112.823430872325,0,0,0,0,187.77054666536,82.4756938751058,0,0,0,0,0,154.142998692322,0,200.878319874537,223.705816669619,89.3673883748406,0,0,0,329.719143597451,0,0,0,0,0,0,0,0,115.194491798135,97.5855511246009,74.4197823064597,0,114.511014214502,0,116.176698124939
0,0,0,0,112.823430872325,0,154.784755881607,0,0,122.106946855269,163.945208919892,153.672550905948,0,98.2230592632363,0,151.695570509541,0,0,137.239127032733,345.797434674459,0,0,221.805809452716,280.376028997576,0,0,0,0,0,108.136066660554,0,0,0,0,146.465927798921,0,173.201474590904,0,0,0,0
195.378266313867,173.059382066957,0,0,0,154.784755881607,0,0,0,111.226326353722,0,154.070293657878,0,0,0,0,0,134.960780198024,0,0,0,0,0,136.792307586862,0,0,0,0,0,0,0,0,0,0,151.806152521152,146.99041817625,321.124897279917,283.88658203332,0,195.822649557859,171.230058197369
141.204637091722,0,0,62.311273509377,0,0,0,0,119.728129215699,0,0,161.302948562323,0,174.013630695256,0,173.538155409849,0,0,0,0,101.443495235174,0,101.605593487621,181.316358113209,0,0,120.912756812582,0,0,137.177378802006,90.7216186966914,0,0,0,190.185165668632,0,73.1029054543569,180.355266595273,0,85.6072705949986,0
0,0,0,0,0,0,0,119.728129215699,0,0,71.4788760670054,0,0,0,0,0,0,0,101.350815329073,0,0,0,191.519780382943,0,0,0,0,180.543851962045,139.93285932648,0,0,82.1742780037132,0,0,201.44584889478,0,0,133.218162784108,0,128.405764333981,338.131802716296
0,0,145.74089716123,183.786860782462,0,122.106946855269,111.226326353722,0,0,0,0,0,0,188.936291522747,0,0,0,108.381749703452,0,202.712457066107,192.693757128262,0,253.401634605989,163.059043292369,0,303.527509149359,72.2278283150671,0,112.793316814908,192.601533877686,0,0,0,97.3506957544063,0,78.9559315574845,0,247.66948903751,231.050882209,0,0
0,0,111.435629183184,62.859596780235,187.77054666536,163.945208919892,0,0,71.4788760670054,0,0,93.5029580098427,0,250.461724766314,0,0,93.4234866874731,0,0,0,0,0,0,0,0,139.654362654449,194.442125915551,220.963068032256,128.846764897717,0,0,0,0,119.345624434514,94.7280504127031,0,58.3493451392805,0,0,151.075371308616,0
0,0,0,0,82.4756938751058,153.672550905948,154.070293657878,161.302948562323,0,0,93.5029580098427,0,0,0,101.85207633558,155.24952173131,0,0,0,98.417953423071,104.369974912428,0,241.57250333243,0,193.777661225572,196.04190773555,193.63278243493,89.9429017381717,0,0,0,0,0,155.901486485736,173.001559092555,0,106.128596538706,85.7623170715703,106.33736463831,138.425725342224,160.537522273714
0,238.934743274142,0,0,0,0,0,0,0,0,0,0,0,0,0,0,0,0,0,0,0,0,0,0,0,0,0,153.453047983244,0,0,0,204.084074037941,0,106.533627130087,0,0,0,218.045528847001,0,199.492852797962,0
0,0,0,0,0,98.2230592632363,0,174.013630695256,0,188.936291522747,250.461724766314,0,0,0,0,80.4367166559625,196.032358954952,0,197.486504603685,255.441154257905,0,0,0,0,0,333.645516435298,211.840482897052,188.851177466023,0,0,0,0,0,148.808626413748,0,0,70.4221432298295,0,0,138.33942793804,0
0,0,0,0,0,0,0,0,0,0,0,101.85207633558,0,0,0,0,0,0,0,249.905610015455,0,0,0,0,0,94.8881692391942,0,94.7529894315991,89.707245288964,0,0,124.853650664477,0,251.098274723989,135.294330067913,0,167.066576495979,0,242.790381480436,96.7845769653343,325.937289045041
0,0,0,0,0,151.695570509541,0,173.538155409849,0,0,0,155.24952173131,0,80.4367166559625,0,0,0,0,0,0,0,0,0,0,0,104.915316975638,0,232.945974238958,0,0,204.481117647118,0,0,139.792601838991,0,82.6426202489162,0,0,0,184.249961885477,179.718364159796
0,0,0,0,0,0,0,0,0,0,93.4234866874731,0,0,196.032358954952,0,0,0,0,114.649126378906,0,0,208.005106191961,348.674510760064,0,0,321.864157986053,0,0,0,0,0,0,0,224.523755099568,0,154.065933476765,206.912707094411,159.183173818572,0,0,0
0,0,0,0,154.142998692322,0,134.960780198024,0,0,108.381749703452,0,0,0,0,0,0,0,0,0,0,0,0,0,0,0,0,137.189596148386,0,161.694997919804,0,0,0,0,115.868441404982,213.67670887414,0,125.81518738273,0,0,158.567996645797,0
0,0,0,0,0,137.239127032733,0,0,101.350815329073,0,0,0,0,197.486504603685,0,0,114.649126378906,0,0,0,0,0,0,0,81.9664354533492,335.371040201042,115.114253591495,0,142.385058730083,206.472608421747,0,175.196329314064,0,135.667029391615,0,0,178.683678585178,0,0,0,0
0,0,0,259.442917595754,200.878319874537,345.797434674459,0,0,0,202.712457066107,0,98.417953423071,0,255.441154257905,249.905610015455,0,0,0,0,0,0,0,300.031143529538,0,78.8552325762656,225.013371621378,0,283.248188884028,259.055025639447,0,0,100.812745974529,112.349934713559,0,0,0,74.5815074003433,125.994729980093,177.763106506206,0,0
0,0,0,0,223.705816669619,0,0,101.443495235174,0,192.693757128262,0,104.369974912428,0,0,0,0,0,0,0,0,0,0,87.8456058929559,0,0,241.682021696872,0,222.053792850439,0,110.384905066973,0,0,0,92.3502314520023,0,236.681907140956,151.01089327964,0,165.597665022977,169.453147353278,0
0,0,0,0,89.3673883748406,0,0,0,0,0,0,0,0,0,0,0,208.005106191961,0,0,0,0,0,0,95.7590805983148,0,0,0,186.973586461633,0,0,0,0,0,197.893790332676,0,0,0,219.040656038919,161.275817184598,0,115.541295036174
0,0,0,0,0,221.805809452716,0,101.605593487621,191.519780382943,253.401634605989,0,241.57250333243,0,0,0,0,348.674510760064,0,0,300.031143529538,87.8456058929559,0,0,0,0,81.2827395071039,136.685314494491,109.093416850988,0,0,0,0,0,263.534399241887,0,178.748963182352,96.5937438588657,0,0,180.90030328818,0
120.567029282014,0,0,201.100640800745,0,280.376028997576,136.792307586862,181.316358113209,0,163.059043292369,0,0,0,0,0,0,0,0,0,0,0,95.7590805983148,0,0,0,186.348837226466,115.871357769661,94.126460729827,142.054529471577,205.839960264176,161.325017232684,0,76.5072790361762,0,198.528111506785,0,128.530575464043,0,172.892533368851,193.659409924573,140.574866691684
0,0,0,0,0,0,0,0,0,0,0,193.777661225572,0,0,0,0,0,0,81.9664354533492,78.8552325762656,0,0,0,0,0,0,0,71.5579325720569,101.895308036513,0,0,0,0,0,103.519938150021,262.382215657622,252.487290983309,323.781250289068,0,101.5853655613,0
0,0,0,276.620869034647,329.719143597451,0,0,0,0,303.527509149359,139.654362654449,196.04190773555,0,333.645516435298,94.8881692391942,104.915316975638,321.864157986053,0,335.371040201042,225.013371621378,241.682021696872,0,81.2827395071039,186.348837226466,0,0,0,99.2646516363145,0,0,0,0,0,134.566479261133,75.4497121078207,0,226.825099357786,0,0,106.926813611922,269.936825670274
0,0,0,0,0,0,0,120.912756812582,0,72.2278283150671,194.442125915551,193.63278243493,0,211.840482897052,0,0,0,137.189596148386,115.114253591495,0,0,0,136.685314494491,115.871357769661,0,0,0,306.344527664232,192.135034768848,0,0,357.423078228283,0,161.74915061469,116.054372245433,84.3635741045246,146.814226519809,314.611698427915,94.9380989123498,193.055010680236,124.698445421759
0,217.157696745803,125.416941482916,0,0,0,0,0,180.543851962045,0,220.963068032256,89.9429017381717,153.453047983244,188.851177466023,94.7529894315991,232.945974238958,0,0,0,283.248188884028,222.053792850439,186.973586461633,109.093416850988,94.126460729827,71.5579325720569,99.2646516363145,306.344527664232,0,98.6790043377568,92.5207898118833,0,89.1590885155172,0,284.529238481835,209.996727521564,66.5008477853491,0,113.144980278377,205.09013266389,162.833808134102,165.893015276821
74.7304794244225,227.504408813069,0,158.955087279859,0,0,0,0,139.93285932648,112.793316814908,128.846764897717,0,0,0,89.707245288964,0,0,161.694997919804,142.385058730083,259.055025639447,0,0,0,142.054529471577,101.895308036513,0,192.135034768848,98.6790043377568,0,0,0,117.208001126138,0,241.635434294794,133.984214699576,82.6299537488922,0,150.161410108805,212.592150359921,97.3232815600345,0
0,0,0,0,0,108.136066660554,0,137.177378802006,0,192.601533877686,0,0,0,0,0,0,0,0,206.472608421747,0,110.384905066973,0,0,205.839960264176,0,0,0,92.5207898118833,0,0,0,0,0,0,261.440278806413,0,228.075434767255,157.852515740516,0,0,205.183249704085
0,0,0,0,0,0,0,90.7216186966914,0,0,0,0,0,0,0,204.481117647118,0,0,0,0,0,0,0,161.325017232684,0,0,0,0,0,0,0,0,0,231.715271819474,0,0,0,0,224.551207449728,92.5568465385234,0
169.742003380707,0,0,0,0,0,0,0,82.1742780037132,0,0,0,204.084074037941,0,124.853650664477,0,0,0,175.196329314064,100.812745974529,0,0,0,0,0,0,357.423078228283,89.1590885155172,117.208001126138,0,0,0,0,168.241326865882,198.964527389285,0,0,0,0,0,0
0,0,0,0,0,0,0,0,0,0,0,0,0,0,0,0,0,0,0,112.349934713559,0,0,0,76.5072790361762,0,0,0,0,0,0,0,0,0,0,0,0,0,0,219.078548227669,347.376449530863,146.770754374523
0,0,0,118.522099274347,0,0,0,0,0,97.3506957544063,119.345624434514,155.901486485736,106.533627130087,148.808626413748,251.098274723989,139.792601838991,224.523755099568,115.868441404982,135.667029391615,0,92.3502314520023,197.893790332676,263.534399241887,0,0,134.566479261133,161.74915061469,284.529238481835,241.635434294794,0,231.715271819474,168.241326865882,0,0,151.036729364761,309.997227542691,215.611029055736,214.116367924649,0,261.605527103798,353.822894641502
0,0,61.0664810463559,90.1317194604647,115.194491798135,146.465927798921,151.806152521152,190.185165668632,201.44584889478,0,94.7280504127031,173.001559092555,0,0,135.294330067913,0,0,213.67670887414,0,0,0,0,0,198.528111506785,103.519938150021,75.4497121078207,116.054372245433,209.996727521564,133.984214699576,261.440278806413,0,198.964527389285,0,151.036729364761,0,219.430938885781,320.356811100276,67.8267069095267,0,164.032723165762,143.005810983322
0,195.314816908693,0,115.332064605654,97.5855511246009,0,146.99041817625,0,0,78.9559315574845,0,0,0,0,0,82.6426202489162,154.065933476765,0,0,0,236.681907140956,0,178.748963182352,0,262.382215657622,0,84.3635741045246,66.5008477853491,82.6299537488922,0,0,0,0,309.997227542691,219.430938885781,0,289.631679007608,153.609372090384,0,131.969743415579,80.8080171296381
160.530221557972,94.027247878695,113.059176128709,99.3508940827211,74.4197823064597,173.201474590904,321.124897279917,73.1029054543569,0,0,58.3493451392805,106.128596538706,0,70.4221432298295,167.066576495979,0,206.912707094411,125.81518738273,178.683678585178,74.5815074003433,151.01089327964,0,96.5937438588657,128.530575464043,252.487290983309,226.825099357786,146.814226519809,0,0,228.075434767255,0,0,0,215.611029055736,320.356811100276,289.631679007608,0,73.4795582048751,240.185081663983,172.608400267715,306.640284138334
0,0,0,0,0,0,283.88658203332,180.355266595273,133.218162784108,247.66948903751,0,85.7623170715703,218.045528847001,0,0,0,159.183173818572,0,0,125.994729980093,0,219.040656038919,0,0,323.781250289068,0,314.611698427915,113.144980278377,150.161410108805,157.852515740516,0,0,0,214.116367924649,67.8267069095267,153.609372090384,73.4795582048751,0,220.901129804706,0,153.876396855887
0,0,0,0,114.511014214502,0,0,0,0,231.050882209,0,106.33736463831,0,0,242.790381480436,0,0,0,0,177.763106506206,165.597665022977,161.275817184598,0,172.892533368851,0,0,94.9380989123498,205.09013266389,212.592150359921,0,224.551207449728,0,219.078548227669,0,0,0,240.185081663983,220.901129804706,0,0,0
0,0,0,0,0,0,195.822649557859,85.6072705949986,128.405764333981,0,151.075371308616,138.425725342224,199.492852797962,138.33942793804,96.7845769653343,184.249961885477,0,158.567996645797,0,0,169.453147353278,0,180.90030328818,193.659409924573,101.5853655613,106.926813611922,193.055010680236,162.833808134102,97.3232815600345,0,92.5568465385234,0,347.376449530863,261.605527103798,164.032723165762,131.969743415579,172.608400267715,0,0,0,178.224497384947
0,249.798812580765,0,171.906398392157,116.176698124939,0,171.230058197369,0,338.131802716296,0,0,160.537522273714,0,0,325.937289045041,179.718364159796,0,0,0,0,0,115.541295036174,0,140.574866691684,0,269.936825670274,124.698445421759,165.893015276821,0,205.183249704085,0,0,146.770754374523,353.822894641502,143.005810983322,80.8080171296381,306.640284138334,153.876396855887,0,178.224497384947,0
