0,0,0,0,0,0,0,0,0,0,357.423078228283,227.504408813069,0,0,0,215.611029055736,0,0,0,0,0,0,0,0,0,0,0,174.013630695256,247.66948903751,0,0,0,0,0,0,0,0,0,0,217.157696745803,0
0,0,0,0,0,0,0,195.314816908693,0,89.9429017381717,0,111.226326353722,0,0,0,0,0,0,0,0,0,0,0,0,0,0,0,242.790381480436,0,0,0,0,0,0,201.100640800745,0,96.7845769653343,0,0,161.694997919804,0
0,0,0,0,0,0,0,0,0,0,0,225.013371621378,0,0,0,0,0,0,0,0,179.718364159796,0,0,0,188.851177466023,0,263.534399241887,0,0,0,0,0,0,98.6790043377568,0,0,0,0,0,0,0
0,0,0,0,154.065933476765,218.045528847001,0,0,193.659409924573,106.926813611922,96.5937438588657,112.793316814908,0,0,0,0,0,0,0,0,0,0,329.719143597451,0,0,104.915316975638,106.33736463831,209.996727521564,0,0,0,0,112.823430872325,0,0,0,146.465927798921,94.9380989123498,0,0,0
0,0,0,154.065933476765,0,261.440278806413,0,0,0,177.763106506206,0,0,0,0,0,0,0,74.5815074003433,0,169.453147353278,0,224.523755099568,0,0,0,0,197.486504603685,0,0,0,0,0,0,82.6299537488922,93.4234866874731,224.551207449728,71.5579325720569,146.99041817625,0,321.124897279917,148.808626413748
0,0,0,218.045528847001,261.440278806413,0,0,0,0,167.066576495979,0,0,0,113.144980278377,0,158.955087279859,0,0,0,214.116367924649,0,145.74089716123,195.378266313867,201.44584889478,0,0,0,151.036729364761,0,0,0,58.3493451392805,0,0,0,98.2230592632363,261.605527103798,0,137.177378802006,0,0
0,0,0,0,0,0,0,0,0,165.597665022977,0,114.511014214502,0,153.876396855887,0,0,81.2827395071039,0,94.8881692391942,0,0,0,0,228.792310020318,241.635434294794,0,0,0,0,0,0,142.054529471577,0,108.136066660554,125.81518738273,0,67.8267069095267,199.492852797962,0,213.67670887414,0
0,195.314816908693,0,0,0,0,0,0,0,205.09013266389,136.685314494491,0,0,0,0,0,0,0,353.822894641502,0,0,0,314.611698427915,173.201474590904,0,240.185081663983,0,180.543851962045,0,0,0,0,99.3508940827211,220.901129804706,192.135034768848,186.973586461633,0,119.345624434514,115.871357769661,137.189596148386,128.846764897717
0,0,0,193.659409924573,0,0,0,0,0,0,0,0,0,0,0,0,0,90.1317194604647,0,0,0,0,0,124.698445421759,0,0,262.382215657622,153.672550905948,151.695570509541,255.441154257905,0,0,0,0,98.417953423071,172.892533368851,0,0,206.472608421747,117.208001126138,0
0,89.9429017381717,0,106.926813611922,177.763106506206,167.066576495979,165.597665022977,205.09013266389,0,0,171.906398392157,94.126460729827,0,0,89.1590885155172,0,0,0,0,280.376028997576,151.075371308616,0,191.519780382943,0,0,0,0,0,155.24952173131,0,0,94.7529894315991,0,0,119.728129215699,222.053792850439,0,193.055010680236,0,283.88658203332,0
357.423078228283,0,0,96.5937438588657,0,0,0,136.685314494491,0,171.906398392157,0,0,0,0,0,0,0,137.239127032733,0,84.3635741045246,188.936291522747,0,0,161.325017232684,190.185165668632,0,101.5853655613,0,0,0,114.649126378906,0,0,211.840482897052,0,249.905610015455,157.852515740516,0,0,101.443495235174,134.960780198024
227.504408813069,111.226326353722,225.013371621378,112.793316814908,0,0,114.511014214502,0,0,94.126460729827,0,0,0,0,232.945974238958,139.792601838991,259.055025639447,181.316358113209,0,0,238.934743274142,161.275817184598,0,0,0,87.8456058929559,0,325.937289045041,73.4795582048751,0,0,205.183249704085,0,0,208.005106191961,0,153.453047983244,76.5072790361762,0,183.786860782462,228.075434767255
0,0,0,0,0,0,0,0,0,0,0,0,0,0,0,0,0,0,122.106946855269,0,0,0,0,0,0,289.631679007608,0,163.059043292369,0,0,0,0,0,200.878319874537,0,0,0,138.425725342224,283.248188884028,0,0
0,0,0,0,0,113.144980278377,153.876396855887,0,0,0,0,0,0,0,0,0,140.574866691684,158.567996645797,0,0,0,0,118.522099274347,241.57250333243,0,0,168.241326865882,193.777661225572,0,204.481117647118,0,89.3673883748406,345.797434674459,61.0664810463559,0,0,0,0,0,236.681907140956,82.1742780037132
0,0,0,0,0,0,0,0,0,89.1590885155172,0,232.945974238958,0,0,0,0,0,0,0,0,0,0,204.084074037941,0,0,109.093416850988,223.705816669619,120.912756812582,133.984214699576,259.442917595754,0,0,0,71.4788760670054,115.541295036174,0,284.529238481835,0,0,0,348.674510760064
215.611029055736,0,0,0,0,158.955087279859,0,0,0,0,0,139.792601838991,0,0,0,0,0,0,97.3506957544063,205.839960264176,0,85.6072705949986,0,0,0,92.3502314520023,81.9664354533492,300.031143529538,0,0,0,0,0,0,0,0,112.349934713559,0,0,0,99.2646516363145
0,0,0,0,0,0,81.2827395071039,0,0,0,0,259.055025639447,0,140.574866691684,0,0,0,0,0,0,0,0,0,0,0,62.311273509377,0,115.114253591495,0,0,0,0,0,128.405764333981,0,0,309.997227542691,0,226.825099357786,172.608400267715,80.8080171296381
0,0,0,0,74.5815074003433,0,0,0,90.1317194604647,0,137.239127032733,181.316358113209,0,158.567996645797,0,0,0,0,0,0,0,0,0,0,0,0,82.4756938751058,0,0,0,0,0,0,115.868441404982,0,0,154.070293657878,0,0,0,108.381749703452
0,0,0,0,0,0,94.8881692391942,353.822894641502,0,0,0,0,122.106946855269,0,0,97.3506957544063,0,0,0,171.230058197369,195.822649557859,0,0,0,0,139.93285932648,0,0,198.528111506785,0,184.249961885477,0,0,169.742003380707,115.194491798135,0,142.385058730083,0,0,0,0
0,0,0,0,169.453147353278,214.116367924649,0,0,0,280.376028997576,84.3635741045246,0,0,0,0,205.839960264176,0,0,171.230058197369,0,116.054372245433,0,0,0,0,192.601533877686,0,0,338.131802716296,113.059176128709,164.032723165762,212.592150359921,0,103.519938150021,146.770754374523,231.715271819474,178.224497384947,0,0,0,101.605593487621
0,0,179.718364159796,0,0,0,0,0,0,151.075371308616,188.936291522747,238.934743274142,0,0,0,0,0,0,195.822649557859,116.054372245433,0,0,0,97.5855511246009,0,0,0,80.4367166559625,110.384905066973,0,0,0,0,252.487290983309,198.964527389285,0,220.963068032256,196.032358954952,0,0,0
0,0,0,0,224.523755099568,145.74089716123,0,0,0,0,0,161.275817184598,0,0,0,85.6072705949986,0,0,0,0,0,0,0,0,0,0,306.344527664232,0,154.142998692322,0,0,0,0,0,0,0,221.805809452716,0,0,219.040656038919,0
0,0,0,329.719143597451,0,195.378266313867,0,314.611698427915,0,191.519780382943,0,0,0,118.522099274347,204.084074037941,0,0,0,0,0,0,0,0,0,0,178.683678585178,0,251.098274723989,186.348837226466,0,0,0,0,104.369974912428,0,0,128.530575464043,187.77054666536,70.4221432298295,154.784755881607,162.833808134102
0,0,0,0,0,201.44584889478,228.792310020318,173.201474590904,124.698445421759,0,161.325017232684,0,0,241.57250333243,0,0,0,0,0,0,97.5855511246009,0,0,0,0,151.01089327964,92.5568465385234,150.161410108805,0,97.3232815600345,0,74.4197823064597,0,146.814226519809,101.85207633558,141.204637091722,139.654362654449,74.7304794244225,335.371040201042,303.527509149359,0
0,0,188.851177466023,0,0,0,241.635434294794,0,0,0,190.185165668632,0,0,0,0,0,0,0,0,0,0,0,0,0,0,82.6426202489162,0,155.901486485736,66.5008477853491,0,0,0,0,0,231.050882209,0,180.355266595273,269.936825670274,0,0,131.969743415579
0,0,0,104.915316975638,0,0,0,240.185081663983,0,0,0,87.8456058929559,289.631679007608,0,109.093416850988,92.3502314520023,62.311273509377,0,139.93285932648,192.601533877686,0,0,178.683678585178,151.01089327964,82.6426202489162,0,320.356811100276,93.5029580098427,100.812745974529,0,253.401634605989,0,0,0,72.2278283150671,90.7216186966914,194.442125915551,0,0,151.806152521152,0
0,0,263.534399241887,106.33736463831,197.486504603685,0,0,0,262.382215657622,0,101.5853655613,0,0,168.241326865882,223.705816669619,81.9664354533492,0,82.4756938751058,0,0,0,306.344527664232,0,92.5568465385234,0,320.356811100276,0,160.537522273714,0,0,0,0,0,136.792307586862,138.33942793804,347.376449530863,219.078548227669,0,125.994729980093,92.5207898118833,196.04190773555
174.013630695256,242.790381480436,0,209.996727521564,0,151.036729364761,0,180.543851962045,153.672550905948,0,0,325.937289045041,163.059043292369,193.777661225572,120.912756812582,300.031143529538,115.114253591495,0,0,0,80.4367166559625,0,251.098274723989,150.161410108805,155.901486485736,93.5029580098427,160.537522273714,0,178.748963182352,101.895308036513,0,115.332064605654,0,124.853650664477,78.8552325762656,75.4497121078207,143.005810983322,0,165.893015276821,95.7590805983148,0
247.66948903751,0,0,0,0,0,0,0,151.695570509541,155.24952173131,0,73.4795582048751,0,0,133.984214699576,0,0,0,198.528111506785,338.131802716296,110.384905066973,154.142998692322,186.348837226466,0,66.5008477853491,100.812745974529,0,178.748963182352,0,0,0,0,0,202.712457066107,192.693757128262,161.74915061469,249.798812580765,306.640284138334,106.533627130087,125.416941482916,175.196329314064
0,0,0,0,0,0,0,0,255.441154257905,0,0,0,0,204.481117647118,259.442917595754,0,0,0,0,113.059176128709,0,0,0,97.3232815600345,0,0,0,101.895308036513,0,0,78.9559315574845,0,0,0,116.176698124939,0,0,94.7280504127031,0,153.609372090384,62.859596780235
0,0,0,0,0,0,0,0,0,0,114.649126378906,0,0,0,0,0,0,0,184.249961885477,164.032723165762,0,0,0,0,0,253.401634605989,0,0,0,78.9559315574845,0,0,0,0,197.893790332676,0,0,0,0,0,0
0,0,0,0,0,58.3493451392805,142.054529471577,0,0,94.7529894315991,0,205.183249704085,0,89.3673883748406,0,0,0,0,0,212.592150359921,0,0,0,74.4197823064597,0,0,0,115.332064605654,0,0,0,0,0,133.218162784108,0,0,193.63278243493,120.567029282014,0,0,0
0,0,0,112.823430872325,0,0,0,99.3508940827211,0,0,0,0,0,345.797434674459,0,0,0,0,0,0,0,0,0,0,0,0,0,0,0,0,0,0,0,0,173.001559092555,135.667029391615,0,0,0,0,0
0,0,98.6790043377568,0,82.6299537488922,0,108.136066660554,220.901129804706,0,0,211.840482897052,0,200.878319874537,61.0664810463559,71.4788760670054,0,128.405764333981,115.868441404982,169.742003380707,103.519938150021,252.487290983309,0,104.369974912428,146.814226519809,0,0,136.792307586862,124.853650664477,202.712457066107,0,0,133.218162784108,0,0,333.645516435298,135.294330067913,101.350815329073,219.430938885781,160.530221557972,206.912707094411,73.1029054543569
0,201.100640800745,0,0,93.4234866874731,0,125.81518738273,192.135034768848,98.417953423071,119.728129215699,0,208.005106191961,0,0,115.541295036174,0,0,0,115.194491798135,146.770754374523,198.964527389285,0,0,101.85207633558,231.050882209,72.2278283150671,138.33942793804,78.8552325762656,192.693757128262,116.176698124939,197.893790332676,0,173.001559092555,333.645516435298,0,0,85.7623170715703,163.945208919892,0,94.027247878695,159.183173818572
0,0,0,0,224.551207449728,98.2230592632363,0,186.973586461633,172.892533368851,222.053792850439,249.905610015455,0,0,0,0,0,0,0,0,231.715271819474,0,0,0,141.204637091722,0,90.7216186966914,347.376449530863,75.4497121078207,161.74915061469,0,0,0,135.667029391615,135.294330067913,0,0,161.302948562323,250.461724766314,276.620869034647,321.864157986053,180.90030328818
0,96.7845769653343,0,146.465927798921,71.5579325720569,261.605527103798,67.8267069095267,0,0,0,157.852515740516,153.453047983244,0,0,284.529238481835,112.349934713559,309.997227542691,154.070293657878,142.385058730083,178.224497384947,220.963068032256,221.805809452716,128.530575464043,139.654362654449,180.355266595273,194.442125915551,219.078548227669,143.005810983322,249.798812580765,0,0,193.63278243493,0,101.350815329073,85.7623170715703,161.302948562323,0,173.059382066957,89.707245288964,241.682021696872,106.128596538706
0,0,0,94.9380989123498,146.99041817625,0,199.492852797962,119.345624434514,0,193.055010680236,0,76.5072790361762,138.425725342224,0,0,0,0,0,0,0,196.032358954952,0,187.77054666536,74.7304794244225,269.936825670274,0,0,0,306.640284138334,94.7280504127031,0,120.567029282014,0,219.430938885781,163.945208919892,250.461724766314,173.059382066957,0,323.781250289068,173.538155409849,0
0,0,0,0,0,137.177378802006,0,115.871357769661,206.472608421747,0,0,0,283.248188884028,0,0,0,226.825099357786,0,0,0,0,0,70.4221432298295,335.371040201042,0,0,125.994729980093,165.893015276821,106.533627130087,0,0,0,0,160.530221557972,0,276.620869034647,89.707245288964,323.781250289068,0,0,134.566479261133
217.157696745803,161.694997919804,0,0,321.124897279917,0,213.67670887414,137.189596148386,117.208001126138,283.88658203332,101.443495235174,183.786860782462,0,236.681907140956,0,0,172.608400267715,0,0,0,0,219.040656038919,154.784755881607,303.527509149359,0,151.806152521152,92.5207898118833,95.7590805983148,125.416941482916,153.609372090384,0,0,0,206.912707094411,94.027247878695,321.864157986053,241.682021696872,173.538155409849,0,0,111.435629183184
0,0,0,0,148.808626413748,0,0,128.846764897717,0,0,134.960780198024,228.075434767255,0,82.1742780037132,348.674510760064,99.2646516363145,80.8080171296381,108.381749703452,0,101.605593487621,0,0,162.833808134102,0,131.969743415579,0,196.04190773555,0,175.196329314064,62.859596780235,0,0,0,73.1029054543569,159.183173818572,180.90030328818,106.128596538706,0,134.566479261133,111.435629183184,0
