0,0,0,0,0,0,0,0,0,0,0,0,0,0,0,0,0,0,179.718364159796,137.177378802006,115.868441404982,0,0,0,0,0,0,0,0,0,0,0,0,0,0,0,94.7280504127031,0,0,219.040656038919,240.185081663983
0,0,0,0,0,0,0,0,0,89.3673883748406,0,82.4756938751058,0,0,0,0,0,0,0,0,0,0,0,0,0,0,0,109.093416850988,0,0,0,119.345624434514,0,0,335.371040201042,101.350815329073,0,0,72.2278283150671,0,0
0,0,0,0,0,0,0,0,0,0,0,0,0,0,0,0,158.955087279859,0,0,0,195.822649557859,0,0,0,0,0,0,114.511014214502,0,0,0,0,0,99.3508940827211,0,0,0,0,0,160.537522273714,0
0,0,0,0,0,0,0,225.013371621378,221.805809452716,0,104.369974912428,0,0,0,0,0,0,201.44584889478,0,0,0,0,0,125.81518738273,0,247.66948903751,0,0,206.472608421747,0,0,0,357.423078228283,300.031143529538,97.3506957544063,0,289.631679007608,194.442125915551,0,0,196.04190773555
0,0,0,0,0,0,0,62.311273509377,309.997227542691,0,0,219.078548227669,0,0,0,153.453047983244,0,0,78.9559315574845,0,173.001559092555,0,153.876396855887,184.249961885477,0,0,0,96.7845769653343,62.859596780235,0,0,0,0,89.9429017381717,0,0,73.4795582048751,0,0,223.705816669619,93.4234866874731
0,0,0,0,0,0,0,195.314816908693,0,0,0,0,154.065933476765,0,197.893790332676,0,136.685314494491,0,0,0,232.945974238958,0,0,0,0,99.2646516363145,0,93.5029580098427,82.1742780037132,0,0,173.201474590904,0,116.054372245433,0,0,167.066576495979,137.239127032733,101.895308036513,213.67670887414,0
0,0,0,0,0,0,0,191.519780382943,217.157696745803,0,76.5072790361762,0,0,0,0,0,0,0,0,138.425725342224,0,0,0,0,151.695570509541,97.5855511246009,124.853650664477,101.5853655613,0,347.376449530863,0,0,0,236.681907140956,0,0,0,0,193.63278243493,193.777661225572,209.996727521564
0,0,0,225.013371621378,62.311273509377,195.314816908693,191.519780382943,0,58.3493451392805,0,0,0,241.635434294794,142.054529471577,0,0,0,150.161410108805,0,241.57250333243,220.963068032256,0,0,160.530221557972,0,101.605593487621,0,0,175.196329314064,0,0,0,0,80.4367166559625,0,0,154.142998692322,0,0,0,303.527509149359
0,0,0,221.805809452716,309.997227542691,0,217.157696745803,58.3493451392805,0,0,0,74.7304794244225,0,0,161.325017232684,165.893015276821,0,0,0,0,0,0,0,0,231.050882209,181.316358113209,0,0,0,0,0,0,0,215.611029055736,0,0,0,0,0,120.567029282014,0
0,89.3673883748406,0,0,0,0,0,0,0,0,140.574866691684,226.825099357786,0,253.401634605989,0,0,200.878319874537,0,224.523755099568,0,0,0,94.9380989123498,0,0,0,112.793316814908,112.349934713559,204.481117647118,0,325.937289045041,172.892533368851,0,158.567996645797,259.442917595754,168.241326865882,0,139.654362654449,0,146.465927798921,113.059176128709
0,0,0,104.369974912428,0,0,76.5072790361762,0,0,140.574866691684,0,0,0,204.084074037941,157.852515740516,0,0,0,0,188.851177466023,0,0,0,115.871357769661,0,0,116.176698124939,97.3232815600345,0,0,0,73.1029054543569,0,192.601533877686,178.224497384947,94.126460729827,137.189596148386,0,133.218162784108,0,306.344527664232
0,82.4756938751058,0,0,219.078548227669,0,0,0,74.7304794244225,226.825099357786,0,0,0,142.385058730083,161.694997919804,0,0,0,0,85.7623170715703,0,151.075371308616,0,74.5815074003433,0,283.248188884028,0,178.683678585178,81.2827395071039,333.645516435298,0,133.984214699576,82.6299537488922,261.605527103798,98.417953423071,94.027247878695,113.144980278377,0,177.763106506206,94.7529894315991,0
0,0,0,0,0,154.065933476765,0,241.635434294794,0,0,0,0,0,0,0,0,0,0,0,0,0,0,0,0,0,224.551207449728,0,180.90030328818,0,0,0,0,0,0,0,0,81.9664354533492,0,259.055025639447,0,0
0,0,0,0,0,0,0,142.054529471577,0,253.401634605989,204.084074037941,142.385058730083,0,0,0,0,0,0,0,255.441154257905,154.070293657878,0,0,0,0,71.5579325720569,323.781250289068,148.808626413748,66.5008477853491,0,0,0,0,0,205.839960264176,0,190.185165668632,0,163.945208919892,231.715271819474,0
0,0,0,0,0,197.893790332676,0,0,161.325017232684,0,157.852515740516,161.694997919804,0,0,0,0,0,0,0,0,0,0,0,201.100640800745,0,186.973586461633,117.208001126138,0,128.405764333981,0,0,0,0,0,171.906398392157,0,106.128596538706,212.592150359921,0,0,111.435629183184
0,0,0,0,153.453047983244,0,0,0,165.893015276821,0,0,0,0,0,0,0,0,151.01089327964,0,96.5937438588657,0,0,0,135.294330067913,0,0,128.846764897717,0,0,0,0,122.106946855269,0,0,106.533627130087,125.994729980093,115.114253591495,0,0,0,196.032358954952
0,0,158.955087279859,0,0,136.685314494491,0,0,0,200.878319874537,0,0,0,0,0,0,0,0,0,108.381749703452,0,108.136066660554,0,0,0,0,0,220.901129804706,0,0,0,0,0,249.798812580765,71.4788760670054,188.936291522747,321.864157986053,0,0,0,0
0,0,0,201.44584889478,0,0,0,150.161410108805,0,0,0,0,0,0,0,151.01089327964,0,0,0,280.376028997576,0,0,0,0,0,0,208.005106191961,0,186.348837226466,0,0,0,0,320.356811100276,0,0,151.036729364761,114.649126378906,0,0,0
179.718364159796,0,0,0,78.9559315574845,0,0,0,0,224.523755099568,0,0,0,0,0,0,0,0,0,0,0,0,0,146.814226519809,0,0,0,241.682021696872,139.792601838991,143.005810983322,0,0,0,104.915316975638,284.529238481835,106.33736463831,0,276.620869034647,0,250.461724766314,0
137.177378802006,0,0,0,0,0,138.425725342224,241.57250333243,0,0,188.851177466023,85.7623170715703,0,255.441154257905,0,96.5937438588657,108.381749703452,280.376028997576,0,0,0,0,0,252.487290983309,0,0,0,314.611698427915,138.33942793804,0,0,0,0,136.792307586862,0,98.2230592632363,218.045528847001,172.608400267715,283.88658203332,0,0
115.868441404982,0,195.822649557859,0,173.001559092555,232.945974238958,0,220.963068032256,0,0,0,0,0,154.070293657878,0,0,0,0,0,0,0,0,0,0,173.059382066957,0,0,120.912756812582,238.934743274142,0,0,0,0,0,261.440278806413,134.566479261133,169.453147353278,95.7590805983148,0,0,0
0,0,0,0,0,0,0,0,0,0,0,151.075371308616,0,0,0,0,108.136066660554,0,0,0,0,0,0,0,0,0,74.4197823064597,206.912707094411,0,0,0,0,0,0,345.797434674459,199.492852797962,110.384905066973,0,0,0,92.3502314520023
0,0,0,0,153.876396855887,0,0,0,0,94.9380989123498,0,0,0,0,0,0,0,0,0,0,0,0,0,159.183173818572,178.748963182352,269.936825670274,0,154.784755881607,0,242.790381480436,0,0,131.969743415579,262.382215657622,169.742003380707,164.032723165762,128.530575464043,89.707245288964,0,87.8456058929559,92.5207898118833
0,0,0,125.81518738273,184.249961885477,0,0,160.530221557972,0,0,115.871357769661,74.5815074003433,0,0,201.100640800745,135.294330067913,0,0,146.814226519809,252.487290983309,0,0,159.183173818572,0,0,222.053792850439,100.812745974529,0,211.840482897052,0,0,0,0,101.85207633558,153.609372090384,0,146.99041817625,187.77054666536,0,321.124897279917,118.522099274347
0,0,0,0,0,0,151.695570509541,0,231.050882209,0,0,0,0,0,0,0,0,0,0,0,173.059382066957,0,178.748963182352,0,0,0,228.792310020318,0,0,115.332064605654,0,0,0,0,205.183249704085,0,111.226326353722,0,249.905610015455,139.93285932648,0
0,0,0,247.66948903751,0,99.2646516363145,97.5855511246009,101.605593487621,181.316358113209,0,0,283.248188884028,224.551207449728,71.5579325720569,186.973586461633,0,0,0,0,0,0,0,269.936825670274,222.053792850439,0,0,198.964527389285,124.698445421759,0,0,145.74089716123,0,0,125.416941482916,84.3635741045246,192.135034768848,146.770754374523,94.8881692391942,0,85.6072705949986,0
0,0,0,0,0,0,124.853650664477,0,0,112.793316814908,116.176698124939,0,0,323.781250289068,117.208001126138,128.846764897717,0,208.005106191961,0,0,0,74.4197823064597,0,100.812745974529,228.792310020318,198.964527389285,0,162.833808134102,0,0,161.302948562323,98.6790043377568,0,214.116367924649,161.74915061469,135.667029391615,155.24952173131,0,67.8267069095267,197.486504603685,0
0,109.093416850988,114.511014214502,0,96.7845769653343,93.5029580098427,101.5853655613,0,0,112.349934713559,97.3232815600345,178.683678585178,180.90030328818,148.808626413748,0,0,220.901129804706,0,241.682021696872,314.611698427915,120.912756812582,206.912707094411,154.784755881607,0,0,124.698445421759,162.833808134102,0,202.712457066107,0,353.822894641502,0,0,0,180.543851962045,193.055010680236,174.013630695256,90.1317194604647,115.541295036174,173.538155409849,338.131802716296
0,0,0,206.472608421747,62.859596780235,82.1742780037132,0,175.196329314064,0,204.481117647118,0,81.2827395071039,0,66.5008477853491,128.405764333981,0,0,186.348837226466,139.792601838991,138.33942793804,238.934743274142,0,0,211.840482897052,0,0,0,202.712457066107,0,228.075434767255,0,112.823430872325,0,101.443495235174,161.275817184598,0,180.355266595273,0,0,141.204637091722,198.528111506785
0,0,0,0,0,0,347.376449530863,0,0,0,0,333.645516435298,0,0,0,0,0,0,143.005810983322,0,0,0,242.790381480436,0,115.332064605654,0,0,0,228.075434767255,0,0,0,0,90.7216186966914,348.674510760064,0,219.430938885781,0,0,115.194491798135,92.5568465385234
0,0,0,0,0,0,0,0,0,325.937289045041,0,0,0,0,0,0,0,0,0,0,0,0,0,0,0,145.74089716123,161.302948562323,353.822894641502,0,0,0,0,0,0,0,0,0,0,0,134.960780198024,82.6426202489162
0,119.345624434514,0,0,0,173.201474590904,0,0,0,172.892533368851,73.1029054543569,133.984214699576,0,0,0,122.106946855269,0,0,0,0,0,0,0,0,0,0,98.6790043377568,0,112.823430872325,0,0,0,0,0,263.534399241887,306.640284138334,0,61.0664810463559,0,0,0
0,0,0,357.423078228283,0,0,0,0,0,0,0,82.6299537488922,0,0,0,0,0,0,0,0,0,0,131.969743415579,0,0,0,0,0,0,0,0,0,0,163.059043292369,106.926813611922,0,0,0,0,0,0
0,0,99.3508940827211,300.031143529538,89.9429017381717,116.054372245433,236.681907140956,80.4367166559625,215.611029055736,158.567996645797,192.601533877686,261.605527103798,0,0,0,0,249.798812580765,320.356811100276,104.915316975638,136.792307586862,0,0,262.382215657622,101.85207633558,0,125.416941482916,214.116367924649,0,101.443495235174,90.7216186966914,0,0,163.059043292369,0,0,193.659409924573,119.728129215699,205.09013266389,151.806152521152,80.8080171296381,0
0,335.371040201042,0,97.3506957544063,0,0,0,0,0,259.442917595754,178.224497384947,98.417953423071,0,205.839960264176,171.906398392157,106.533627130087,71.4788760670054,0,284.529238481835,0,261.440278806413,345.797434674459,169.742003380707,153.609372090384,205.183249704085,84.3635741045246,161.74915061469,180.543851962045,161.275817184598,348.674510760064,0,263.534399241887,106.926813611922,0,0,0,103.519938150021,75.4497121078207,0,183.786860782462,0
0,101.350815329073,0,0,0,0,0,0,0,168.241326865882,94.126460729827,94.027247878695,0,0,0,125.994729980093,188.936291522747,0,106.33736463831,98.2230592632363,134.566479261133,199.492852797962,164.032723165762,0,0,192.135034768848,135.667029391615,193.055010680236,0,0,0,306.640284138334,0,193.659409924573,0,0,329.719143597451,171.230058197369,0,0,153.672550905948
94.7280504127031,0,0,289.631679007608,73.4795582048751,167.066576495979,0,154.142998692322,0,0,137.189596148386,113.144980278377,81.9664354533492,190.185165668632,106.128596538706,115.114253591495,321.864157986053,151.036729364761,0,218.045528847001,169.453147353278,110.384905066973,128.530575464043,146.99041817625,111.226326353722,146.770754374523,155.24952173131,174.013630695256,180.355266595273,219.430938885781,0,0,0,119.728129215699,103.519938150021,329.719143597451,0,155.901486485736,0,195.378266313867,78.8552325762656
0,0,0,194.442125915551,0,137.239127032733,0,0,0,139.654362654449,0,0,0,0,212.592150359921,0,0,114.649126378906,276.620869034647,172.608400267715,95.7590805983148,0,89.707245288964,187.77054666536,0,94.8881692391942,0,90.1317194604647,0,0,0,61.0664810463559,0,205.09013266389,75.4497121078207,171.230058197369,155.901486485736,0,165.597665022977,227.504408813069,70.4221432298295
0,72.2278283150671,0,0,0,101.895308036513,193.63278243493,0,0,0,133.218162784108,177.763106506206,259.055025639447,163.945208919892,0,0,0,0,0,283.88658203332,0,0,0,0,249.905610015455,0,67.8267069095267,115.541295036174,0,0,0,0,0,151.806152521152,0,0,0,165.597665022977,0,192.693757128262,89.1590885155172
219.040656038919,0,160.537522273714,0,223.705816669619,213.67670887414,193.777661225572,0,120.567029282014,146.465927798921,0,94.7529894315991,0,231.715271819474,0,0,0,0,250.461724766314,0,0,0,87.8456058929559,321.124897279917,139.93285932648,85.6072705949986,197.486504603685,173.538155409849,141.204637091722,115.194491798135,134.960780198024,0,0,80.8080171296381,183.786860782462,0,195.378266313867,227.504408813069,192.693757128262,0,251.098274723989
240.185081663983,0,0,196.04190773555,93.4234866874731,0,209.996727521564,303.527509149359,0,113.059176128709,306.344527664232,0,0,0,111.435629183184,196.032358954952,0,0,0,0,0,92.3502314520023,92.5207898118833,118.522099274347,0,0,0,338.131802716296,198.528111506785,92.5568465385234,82.6426202489162,0,0,0,0,153.672550905948,78.8552325762656,70.4221432298295,89.1590885155172,251.098274723989,0
