0,0,0,0,0,0,0,0,0,0,114.649126378906,0,0,0,0,0,0,0,0,0,61.0664810463559,0,0,0,0,0,249.798812580765,116.054372245433,94.7280504127031,0,0,0,0,0,0,0,82.6426202489162,0,0,0,0
0,0,0,0,0,0,0,0,0,0,0,0,0,0,0,0,0,0,0,0,0,0,139.93285932648,0,0,106.926813611922,0,0,146.814226519809,0,0,0,0,0,145.74089716123,208.005106191961,0,0,0,115.194491798135,163.059043292369
0,0,0,0,0,0,0,219.430938885781,93.5029580098427,0,0,0,0,0,0,284.529238481835,0,0,0,198.964527389285,0,0,0,0,0,0,0,0,0,0,0,0,0,0,0,0,0,0,0,0,125.416941482916
0,0,0,0,0,168.241326865882,0,181.316358113209,84.3635741045246,0,0,92.5207898118833,0,0,0,0,101.85207633558,0,0,206.472608421747,0,0,0,0,0,0,247.66948903751,82.1742780037132,205.839960264176,0,0,0,0,348.674510760064,0,116.176698124939,0,199.492852797962,0,96.7845769653343,0
0,0,0,0,0,0,0,0,0,0,0,0,0,187.77054666536,0,0,0,0,101.5853655613,164.032723165762,118.522099274347,0,0,180.543851962045,0,0,0,74.7304794244225,0,154.784755881607,0,112.823430872325,0,72.2278283150671,283.248188884028,128.846764897717,140.574866691684,192.601533877686,0,0,104.915316975638
0,0,0,168.241326865882,0,0,96.5937438588657,0,0,117.208001126138,0,0,0,0,0,98.417953423071,154.065933476765,0,0,0,75.4497121078207,0,0,0,0,195.378266313867,0,0,103.519938150021,0,0,165.597665022977,0,314.611698427915,172.892533368851,0,335.371040201042,81.2827395071039,158.955087279859,0,0
0,0,0,0,0,96.5937438588657,0,95.7590805983148,0,0,255.441154257905,0,101.443495235174,0,0,0,0,0,0,106.33736463831,0,0,80.8080171296381,0,333.645516435298,0,0,124.698445421759,0,0,0,0,0,98.6790043377568,231.050882209,87.8456058929559,276.620869034647,0,0,58.3493451392805,0
0,0,219.430938885781,181.316358113209,0,0,95.7590805983148,0,0,206.912707094411,193.055010680236,62.859596780235,0,178.683678585178,0,0,0,0,113.144980278377,0,78.9559315574845,0,0,0,0,0,201.44584889478,161.302948562323,0,151.075371308616,0,0,0,0,0,0,82.6299537488922,94.7529894315991,169.742003380707,242.790381480436,0
0,0,93.5029580098427,84.3635741045246,0,0,0,0,0,0,198.528111506785,0,0,0,0,0,0,0,0,0,0,0,0,0,0,0,0,139.654362654449,0,357.423078228283,0,172.608400267715,0,85.6072705949986,0,74.4197823064597,178.224497384947,306.640284138334,0,160.530221557972,0
0,0,0,0,0,117.208001126138,0,206.912707094411,0,0,241.682021696872,0,0,0,0,119.728129215699,0,0,0,323.781250289068,0,0,0,236.681907140956,125.994729980093,224.551207449728,0,212.592150359921,253.401634605989,161.74915061469,0,66.5008477853491,0,157.852515740516,0,0,186.348837226466,137.177378802006,204.084074037941,309.997227542691,71.5579325720569
114.649126378906,0,0,0,0,0,255.441154257905,193.055010680236,198.528111506785,241.682021696872,0,0,0,213.67670887414,0,0,283.88658203332,0,0,0,0,0,0,0,0,0,0,218.045528847001,128.530575464043,0,0,195.314816908693,219.040656038919,0,231.715271819474,0,143.005810983322,306.344527664232,0,227.504408813069,154.142998692322
0,0,0,92.5207898118833,0,0,0,62.859596780235,0,0,0,0,0,151.01089327964,0,0,0,0,151.806152521152,196.04190773555,0,97.3506957544063,74.5815074003433,193.777661225572,153.453047983244,124.853650664477,184.249961885477,192.135034768848,112.793316814908,0,0,0,0,197.486504603685,99.3508940827211,241.635434294794,223.705816669619,217.157696745803,252.487290983309,94.027247878695,329.719143597451
0,0,0,0,0,0,101.443495235174,0,0,0,0,0,0,0,0,0,0,0,0,0,0,0,0,141.204637091722,0,0,0,0,0,0,0,0,0,0,338.131802716296,0,159.183173818572,94.9380989123498,0,261.440278806413,0
0,0,0,0,187.77054666536,0,0,178.683678585178,0,0,213.67670887414,151.01089327964,0,0,0,0,177.763106506206,125.81518738273,0,0,0,106.128596538706,0,0,0,0,134.566479261133,0,178.748963182352,0,0,0,0,262.382215657622,162.833808134102,220.901129804706,115.871357769661,0,0,155.24952173131,0
0,0,0,0,0,0,0,0,0,0,0,0,0,0,0,82.4756938751058,0,0,0,161.694997919804,0,0,0,0,0,0,94.126460729827,320.356811100276,0,0,0,0,112.349934713559,0,78.8552325762656,188.936291522747,89.1590885155172,250.461724766314,134.960780198024,136.792307586862,109.093416850988
0,0,284.529238481835,0,0,98.417953423071,0,0,0,119.728129215699,0,0,0,0,82.4756938751058,0,0,0,0,0,249.905610015455,0,0,0,0,80.4367166559625,0,202.712457066107,0,0,0,0,0,137.189596148386,150.161410108805,0,85.7623170715703,0,101.605593487621,0,0
0,0,0,101.85207633558,0,154.065933476765,0,0,0,0,283.88658203332,0,0,177.763106506206,0,0,0,0,0,0,0,0,0,142.054529471577,0,0,0,0,211.840482897052,0,0,0,0,0,0,0,196.032358954952,101.895308036513,0,259.055025639447,194.442125915551
0,0,0,0,0,0,0,0,0,0,0,0,0,125.81518738273,0,0,0,0,0,180.90030328818,0,0,0,174.013630695256,0,0,0,280.376028997576,0,0,0,0,0,200.878319874537,0,0,0,167.066576495979,100.812745974529,240.185081663983,201.100640800745
0,0,0,0,101.5853655613,0,0,113.144980278377,0,0,0,151.806152521152,0,0,0,0,0,0,0,0,0,0,115.332064605654,0,0,70.4221432298295,251.098274723989,0,0,0,0,0,0,197.893790332676,97.3232815600345,0,73.4795582048751,191.519780382943,0,173.201474590904,108.381749703452
0,0,198.964527389285,206.472608421747,164.032723165762,0,106.33736463831,0,0,323.781250289068,0,196.04190773555,0,0,161.694997919804,0,0,180.90030328818,0,0,0,0,119.345624434514,0,0,263.534399241887,0,73.1029054543569,0,0,0,0,0,139.792601838991,92.3502314520023,221.805809452716,220.963068032256,259.442917595754,0,0,148.808626413748
61.0664810463559,0,0,0,118.522099274347,75.4497121078207,0,78.9559315574845,0,0,0,0,0,0,0,249.905610015455,0,0,0,0,0,0,173.059382066957,160.537522273714,0,0,0,97.5855511246009,0,0,122.106946855269,120.567029282014,0,131.969743415579,0,0,146.770754374523,76.5072790361762,0,0,0
0,0,0,0,0,0,0,0,0,0,0,97.3506957544063,0,106.128596538706,0,0,0,0,0,0,0,0,0,0,0,269.936825670274,0,94.8881692391942,110.384905066973,0,0,138.425725342224,0,0,0,0,226.825099357786,179.718364159796,0,0,0
0,139.93285932648,0,0,0,0,80.8080171296381,0,0,0,0,74.5815074003433,0,0,0,0,0,0,115.332064605654,119.345624434514,173.059382066957,0,0,209.996727521564,0,146.465927798921,0,0,0,0,0,0,0,93.4234866874731,137.239127032733,62.311273509377,175.196329314064,151.036729364761,0,89.707245288964,173.001559092555
0,0,0,0,180.543851962045,0,0,0,0,236.681907140956,0,193.777661225572,141.204637091722,0,0,0,142.054529471577,174.013630695256,0,0,160.537522273714,0,209.996727521564,0,238.934743274142,219.078548227669,81.9664354533492,153.609372090384,120.912756812582,0,0,0,0,190.185165668632,183.786860782462,0,154.070293657878,0,67.8267069095267,173.538155409849,321.864157986053
0,0,0,0,0,0,333.645516435298,0,0,125.994729980093,0,153.453047983244,0,0,0,0,0,0,0,0,0,0,0,238.934743274142,0,0,165.893015276821,0,0,0,0,0,0,135.294330067913,71.4788760670054,133.984214699576,188.851177466023,0,0,115.114253591495,0
0,106.926813611922,0,0,0,195.378266313867,0,0,0,224.551207449728,0,124.853650664477,0,0,0,80.4367166559625,0,0,70.4221432298295,263.534399241887,0,269.936825670274,146.465927798921,219.078548227669,0,0,114.511014214502,151.695570509541,113.059176128709,0,0,303.527509149359,0,0,347.376449530863,163.945208919892,228.792310020318,0,161.275817184598,300.031143529538,192.693757128262
249.798812580765,0,0,247.66948903751,0,0,0,201.44584889478,0,0,0,184.249961885477,0,134.566479261133,94.126460729827,0,0,0,251.098274723989,0,0,0,0,81.9664354533492,165.893015276821,114.511014214502,0,161.325017232684,136.685314494491,195.822649557859,0,0,214.116367924649,90.1317194604647,0,232.945974238958,138.33942793804,0,153.876396855887,204.481117647118,180.355266595273
116.054372245433,0,0,82.1742780037132,74.7304794244225,0,124.698445421759,161.302948562323,139.654362654449,212.592150359921,218.045528847001,192.135034768848,0,0,320.356811100276,202.712457066107,0,280.376028997576,0,73.1029054543569,97.5855511246009,94.8881692391942,0,153.609372090384,0,151.695570509541,161.325017232684,0,142.385058730083,261.605527103798,353.822894641502,0,0,0,228.075434767255,146.99041817625,99.2646516363145,92.5568465385234,0,224.523755099568,101.350815329073
94.7280504127031,146.814226519809,0,205.839960264176,0,103.519938150021,0,0,0,253.401634605989,128.530575464043,112.793316814908,0,178.748963182352,0,0,211.840482897052,0,0,0,0,110.384905066973,0,120.912756812582,0,113.059176128709,136.685314494491,142.385058730083,0,171.230058197369,0,0,0,205.09013266389,153.672550905948,0,155.901486485736,222.053792850439,241.57250333243,321.124897279917,0
0,0,0,0,154.784755881607,0,0,151.075371308616,357.423078228283,161.74915061469,0,0,0,0,0,0,0,0,0,0,0,0,0,0,0,0,195.822649557859,261.605527103798,171.230058197369,0,225.013371621378,0,0,115.868441404982,171.906398392157,0,0,0,0,133.218162784108,0
0,0,0,0,0,0,0,0,0,0,0,0,0,0,0,0,0,0,0,0,122.106946855269,0,0,0,0,0,0,353.822894641502,0,225.013371621378,0,0,0,215.611029055736,0,345.797434674459,0,0,0,0,128.405764333981
0,0,0,0,112.823430872325,165.597665022977,0,0,172.608400267715,66.5008477853491,195.314816908693,0,0,0,0,0,0,0,0,0,120.567029282014,138.425725342224,0,0,0,303.527509149359,0,0,0,0,0,0,0,98.2230592632363,0,0,193.63278243493,0,108.136066660554,0,0
0,0,0,0,0,0,0,0,0,0,219.040656038919,0,0,0,112.349934713559,0,0,0,0,0,0,0,0,0,0,0,214.116367924649,0,0,0,0,0,0,90.7216186966914,158.567996645797,0,0,0,0,0,0
0,0,0,348.674510760064,72.2278283150671,314.611698427915,98.6790043377568,0,85.6072705949986,157.852515740516,0,197.486504603685,0,262.382215657622,0,137.189596148386,0,200.878319874537,197.893790332676,139.792601838991,131.969743415579,0,93.4234866874731,190.185165668632,135.294330067913,0,90.1317194604647,0,205.09013266389,115.868441404982,215.611029055736,98.2230592632363,90.7216186966914,0,325.937289045041,0,205.183249704085,106.533627130087,0,0,89.9429017381717
0,145.74089716123,0,0,283.248188884028,172.892533368851,231.050882209,0,0,0,231.715271819474,99.3508940827211,338.131802716296,162.833808134102,78.8552325762656,150.161410108805,0,0,97.3232815600345,92.3502314520023,0,0,137.239127032733,183.786860782462,71.4788760670054,347.376449530863,0,228.075434767255,153.672550905948,171.906398392157,0,0,158.567996645797,325.937289045041,0,104.369974912428,0,0,135.667029391615,115.541295036174,169.453147353278
0,208.005106191961,0,116.176698124939,128.846764897717,0,87.8456058929559,0,74.4197823064597,0,0,241.635434294794,0,220.901129804706,188.936291522747,0,0,0,0,221.805809452716,0,0,62.311273509377,0,133.984214699576,163.945208919892,232.945974238958,146.99041817625,0,0,345.797434674459,0,0,0,104.369974912428,0,186.973586461633,0,289.631679007608,0,89.3673883748406
82.6426202489162,0,0,0,140.574866691684,335.371040201042,276.620869034647,82.6299537488922,178.224497384947,186.348837226466,143.005810983322,223.705816669619,159.183173818572,115.871357769661,89.1590885155172,85.7623170715703,196.032358954952,0,73.4795582048751,220.963068032256,146.770754374523,226.825099357786,175.196329314064,154.070293657878,188.851177466023,228.792310020318,138.33942793804,99.2646516363145,155.901486485736,0,0,193.63278243493,0,205.183249704085,0,186.973586461633,0,0,0,193.659409924573,111.226326353722
0,0,0,199.492852797962,192.601533877686,81.2827395071039,0,94.7529894315991,306.640284138334,137.177378802006,306.344527664232,217.157696745803,94.9380989123498,0,250.461724766314,0,101.895308036513,167.066576495979,191.519780382943,259.442917595754,76.5072790361762,179.718364159796,151.036729364761,0,0,0,0,92.5568465385234,222.053792850439,0,0,0,0,106.533627130087,0,0,0,0,0,0,0
0,0,0,0,0,158.955087279859,0,169.742003380707,0,204.084074037941,0,252.487290983309,0,0,134.960780198024,101.605593487621,0,100.812745974529,0,0,0,0,0,67.8267069095267,0,161.275817184598,153.876396855887,0,241.57250333243,0,0,108.136066660554,0,0,135.667029391615,289.631679007608,0,0,0,111.435629183184,0
0,115.194491798135,0,96.7845769653343,0,0,58.3493451392805,242.790381480436,160.530221557972,309.997227542691,227.504408813069,94.027247878695,261.440278806413,155.24952173131,136.792307586862,0,259.055025639447,240.185081663983,173.201474590904,0,0,0,89.707245288964,173.538155409849,115.114253591495,300.031143529538,204.481117647118,224.523755099568,321.124897279917,133.218162784108,0,0,0,0,115.541295036174,0,193.659409924573,0,111.435629183184,0,0
0,163.059043292369,125.416941482916,0,104.915316975638,0,0,0,0,71.5579325720569,154.142998692322,329.719143597451,0,0,109.093416850988,0,194.442125915551,201.100640800745,108.381749703452,148.808626413748,0,0,173.001559092555,321.864157986053,0,192.693757128262,180.355266595273,101.350815329073,0,0,128.405764333981,0,0,89.9429017381717,169.453147353278,89.3673883748406,111.226326353722,0,0,0,0
