0,0,0,0,0,0,0,0,177.763106506206,0,0,118.522099274347,0,0,0,0,0,0,0,0,0,0,0,97.3232815600345,0,0,0,0,0,0,0,0,0,0,338.131802716296,0,85.7623170715703,0,113.059176128709,0,0
0,0,0,0,0,0,0,0,0,0,115.541295036174,0,0,0,0,0,0,0,0,111.435629183184,0,0,0,0,0,0,0,0,0,0,0,106.926813611922,0,199.492852797962,0,196.04190773555,101.5853655613,0,0,0,114.511014214502
0,0,0,0,323.781250289068,0,0,0,0,0,0,0,0,321.124897279917,0,0,0,0,0,0,0,0,0,0,0,0,0,0,0,0,0,0,0,0,82.4756938751058,0,151.695570509541,0,0,158.955087279859,0
0,0,0,0,0,0,0,192.601533877686,99.2646516363145,82.6299537488922,0,160.530221557972,0,0,143.005810983322,0,0,226.825099357786,0,0,0,0,0,224.523755099568,0,72.2278283150671,212.592150359921,0,0,0,0,269.936825670274,0,0,208.005106191961,0,0,138.33942793804,0,193.659409924573,0
0,0,323.781250289068,0,0,213.67670887414,197.893790332676,125.81518738273,0,0,197.486504603685,228.792310020318,0,0,0,0,0,0,0,171.906398392157,0,0,0,192.693757128262,0,0,92.5207898118833,0,154.142998692322,0,0,0,0,190.185165668632,0,80.4367166559625,0,0,0,161.275817184598,348.674510760064
0,0,0,0,213.67670887414,0,0,180.355266595273,178.683678585178,193.63278243493,0,0,0,219.040656038919,0,0,218.045528847001,140.574866691684,0,0,0,0,184.249961885477,0,0,0,0,0,167.066576495979,0,0,103.519938150021,0,151.075371308616,104.915316975638,0,159.183173818572,0,0,175.196329314064,0
0,0,0,0,197.893790332676,0,0,0,173.538155409849,0,0,329.719143597451,0,0,0,75.4497121078207,0,0,0,90.7216186966914,172.892533368851,0,0,0,0,284.529238481835,94.126460729827,0,0,0,0,0,0,94.027247878695,314.611698427915,0,115.114253591495,92.5568465385234,0,114.649126378906,0
0,0,0,192.601533877686,125.81518738273,180.355266595273,0,0,153.876396855887,0,0,142.054529471577,97.3506957544063,0,153.453047983244,0,0,0,0,0,0,0,0,0,0,0,96.7845769653343,151.036729364761,74.5815074003433,321.864157986053,0,231.715271819474,119.728129215699,206.912707094411,241.682021696872,0,195.314816908693,0,0,0,0
177.763106506206,0,0,99.2646516363145,0,178.683678585178,173.538155409849,153.876396855887,0,0,0,0,0,0,0,0,0,0,0,0,0,0,0,0,0,0,0,71.5579325720569,106.33736463831,0,0,0,0,0,0,252.487290983309,219.430938885781,186.348837226466,0,0,94.7529894315991
0,0,0,82.6299537488922,0,193.63278243493,0,0,0,0,172.608400267715,169.453147353278,0,253.401634605989,0,139.654362654449,0,0,0,0,0,0,219.078548227669,0,89.707245288964,306.344527664232,101.443495235174,145.74089716123,81.9664354533492,0,128.846764897717,0,0,92.3502314520023,0,0,163.059043292369,153.672550905948,193.055010680236,201.44584889478,0
0,115.541295036174,0,0,197.486504603685,0,0,0,0,172.608400267715,0,168.241326865882,0,0,0,0,0,0,0,0,131.969743415579,0,283.248188884028,120.912756812582,0,0,325.937289045041,179.718364159796,137.239127032733,0,0,0,0,165.893015276821,201.100640800745,76.5072790361762,242.790381480436,101.85207633558,78.8552325762656,0,0
118.522099274347,0,0,160.530221557972,228.792310020318,0,329.719143597451,142.054529471577,0,169.453147353278,168.241326865882,0,0,150.161410108805,113.144980278377,186.973586461633,0,0,0,133.218162784108,115.871357769661,0,0,62.859596780235,0,146.770754374523,0,194.442125915551,0,0,0,0,0,109.093416850988,116.176698124939,151.806152521152,224.551207449728,259.442917595754,0,73.1029054543569,0
0,0,0,0,0,0,0,97.3506957544063,0,0,0,0,0,0,225.013371621378,0,0,0,0,0,0,0,0,0,0,0,0,178.748963182352,0,0,0,0,0,117.208001126138,0,0,0,0,0,345.797434674459,151.01089327964
0,0,321.124897279917,0,0,219.040656038919,0,0,0,253.401634605989,0,150.161410108805,0,0,0,180.543851962045,202.712457066107,0,0,87.8456058929559,0,180.90030328818,0,0,0,134.960780198024,320.356811100276,136.792307586862,0,0,0,62.311273509377,0,0,0,0,0,335.371040201042,181.316358113209,0,0
0,0,0,143.005810983322,0,0,0,153.453047983244,0,0,0,113.144980278377,225.013371621378,0,0,0,78.9559315574845,0,0,0,161.302948562323,0,205.839960264176,0,0,0,0,161.74915061469,0,0,0,0,187.77054666536,137.189596148386,101.895308036513,0,0,0,0,251.098274723989,0
0,0,0,0,0,0,75.4497121078207,0,0,139.654362654449,0,186.973586461633,0,180.543851962045,0,0,0,0,0,146.814226519809,0,0,0,58.3493451392805,0,146.465927798921,0,101.350815329073,0,0,0,0,0,0,247.66948903751,94.9380989123498,276.620869034647,0,0,0,0
0,0,0,0,0,218.045528847001,0,0,0,0,0,0,0,202.712457066107,78.9559315574845,0,0,0,0,0,0,0,0,154.784755881607,164.032723165762,154.065933476765,0,0,0,174.013630695256,0,0,0,228.075434767255,0,0,101.605593487621,0,0,137.177378802006,0
0,0,0,226.825099357786,0,140.574866691684,0,0,0,0,0,0,0,0,0,0,0,0,0,141.204637091722,0,232.945974238958,0,309.997227542691,0,0,0,300.031143529538,0,0,0,0,0,0,0,0,115.868441404982,0,211.840482897052,0,70.4221432298295
0,0,0,0,0,0,0,0,0,0,0,0,0,0,0,0,0,0,0,0,81.2827395071039,0,195.378266313867,111.226326353722,0,97.5855511246009,0,205.09013266389,0,0,238.934743274142,0,128.405764333981,0,0,134.566479261133,262.382215657622,0,125.416941482916,154.070293657878,155.901486485736
0,111.435629183184,0,0,171.906398392157,0,90.7216186966914,0,0,0,0,133.218162784108,0,87.8456058929559,0,146.814226519809,0,141.204637091722,0,0,0,0,0,66.5008477853491,0,220.901129804706,222.053792850439,241.57250333243,303.527509149359,0,0,0,0,347.376449530863,0,112.793316814908,161.694997919804,124.698445421759,0,0,67.8267069095267
0,0,0,0,0,0,172.892533368851,0,0,0,131.969743415579,115.871357769661,0,0,161.302948562323,0,0,0,81.2827395071039,0,0,0,0,0,0,120.567029282014,135.667029391615,136.685314494491,155.24952173131,0,0,0,0,0,196.032358954952,0,173.001559092555,148.808626413748,0,188.936291522747,0
0,0,0,0,0,0,0,0,0,0,0,0,0,180.90030328818,0,0,0,232.945974238958,0,0,0,0,0,0,0,0,112.349934713559,96.5937438588657,0,0,0,80.8080171296381,0,0,116.054372245433,0,240.185081663983,0,0,158.567996645797,0
0,0,0,0,0,184.249961885477,0,0,0,219.078548227669,283.248188884028,0,0,0,205.839960264176,0,0,0,195.378266313867,0,0,0,0,162.833808134102,188.851177466023,200.878319874537,0,139.792601838991,160.537522273714,0,0,0,0,85.6072705949986,0,0,205.183249704085,221.805809452716,0,115.194491798135,231.050882209
97.3232815600345,0,0,224.523755099568,192.693757128262,0,0,0,0,0,120.912756812582,62.859596780235,0,0,0,58.3493451392805,154.784755881607,309.997227542691,111.226326353722,66.5008477853491,0,0,162.833808134102,0,0,133.984214699576,0,357.423078228283,128.530575464043,0,0,0,0,215.611029055736,74.4197823064597,333.645516435298,0,161.325017232684,0,0,173.201474590904
0,0,0,0,0,0,0,0,0,89.707245288964,0,0,0,0,0,0,164.032723165762,0,0,0,0,0,188.851177466023,0,0,0,0,0,0,0,0,0,0,146.99041817625,119.345624434514,249.905610015455,198.528111506785,214.116367924649,0,261.605527103798,93.4234866874731
0,0,0,72.2278283150671,0,0,284.529238481835,0,0,306.344527664232,0,146.770754374523,0,134.960780198024,0,146.465927798921,154.065933476765,0,97.5855511246009,220.901129804706,120.567029282014,0,200.878319874537,133.984214699576,0,0,108.381749703452,171.230058197369,0,217.157696745803,192.135034768848,0,0,0,106.533627130087,0,165.597665022977,0,99.3508940827211,0,183.786860782462
0,0,0,212.592150359921,92.5207898118833,0,94.126460729827,96.7845769653343,0,101.443495235174,325.937289045041,0,0,320.356811100276,0,0,0,0,0,222.053792850439,135.667029391615,112.349934713559,0,0,0,108.381749703452,0,204.481117647118,90.1317194604647,198.964527389285,0,0,0,98.2230592632363,249.798812580765,0,108.136066660554,95.7590805983148,0,206.472608421747,153.609372090384
0,0,0,0,0,0,0,151.036729364761,71.5579325720569,145.74089716123,179.718364159796,194.442125915551,178.748963182352,136.792307586862,161.74915061469,101.350815329073,0,300.031143529538,205.09013266389,241.57250333243,136.685314494491,96.5937438588657,139.792601838991,357.423078228283,0,171.230058197369,204.481117647118,0,82.1742780037132,89.3673883748406,0,0,0,0,61.0664810463559,74.7304794244225,135.294330067913,106.128596538706,94.7280504127031,306.640284138334,169.742003380707
0,0,0,0,154.142998692322,167.066576495979,0,74.5815074003433,106.33736463831,81.9664354533492,137.239127032733,0,0,0,0,0,0,0,0,303.527509149359,155.24952173131,0,160.537522273714,128.530575464043,0,0,90.1317194604647,82.1742780037132,0,220.963068032256,89.1590885155172,204.084074037941,0,173.059382066957,0,125.994729980093,236.681907140956,283.88658203332,82.6426202489162,0,115.332064605654
0,0,0,0,0,0,0,321.864157986053,0,0,0,0,0,0,0,0,174.013630695256,0,0,0,0,0,0,0,0,217.157696745803,198.964527389285,89.3673883748406,220.963068032256,0,0,0,0,289.631679007608,163.945208919892,0,353.822894641502,0,191.519780382943,280.376028997576,0
0,0,0,0,0,0,0,0,0,128.846764897717,0,0,0,0,0,0,0,0,238.934743274142,0,0,0,0,0,0,192.135034768848,0,0,89.1590885155172,0,0,0,0,0,71.4788760670054,0,0,0,0,0,142.385058730083
0,106.926813611922,0,269.936825670274,0,103.519938150021,0,231.715271819474,0,0,0,0,0,62.311273509377,0,0,0,0,0,0,0,80.8080171296381,0,0,0,0,0,0,204.084074037941,0,0,0,0,110.384905066973,0,112.823430872325,0,0,98.6790043377568,195.822649557859,0
0,0,0,0,0,0,0,119.728129215699,0,0,0,0,0,0,187.77054666536,0,0,0,128.405764333981,0,0,0,0,0,0,0,0,0,0,0,0,0,0,0,0,157.852515740516,0,94.8881692391942,0,0,0
0,199.492852797962,0,0,190.185165668632,151.075371308616,94.027247878695,206.912707094411,0,92.3502314520023,165.893015276821,109.093416850988,117.208001126138,0,137.189596148386,0,228.075434767255,0,0,347.376449530863,0,0,85.6072705949986,215.611029055736,146.99041817625,0,98.2230592632363,0,173.059382066957,289.631679007608,0,110.384905066973,0,0,261.440278806413,73.4795582048751,139.93285932648,255.441154257905,250.461724766314,178.224497384947,227.504408813069
338.131802716296,0,82.4756938751058,208.005106191961,0,104.915316975638,314.611698427915,241.682021696872,0,0,201.100640800745,116.176698124939,0,0,101.895308036513,247.66948903751,0,0,0,0,196.032358954952,116.054372245433,0,74.4197823064597,119.345624434514,106.533627130087,249.798812580765,61.0664810463559,0,163.945208919892,71.4788760670054,0,0,261.440278806413,0,124.853650664477,84.3635741045246,138.425725342224,0,259.055025639447,193.777661225572
0,196.04190773555,0,0,80.4367166559625,0,0,0,252.487290983309,0,76.5072790361762,151.806152521152,0,0,0,94.9380989123498,0,0,134.566479261133,112.793316814908,0,0,0,333.645516435298,249.905610015455,0,0,74.7304794244225,125.994729980093,0,0,112.823430872325,157.852515740516,73.4795582048751,124.853650664477,0,0,0,98.417953423071,93.5029580098427,223.705816669619
85.7623170715703,101.5853655613,151.695570509541,0,0,159.183173818572,115.114253591495,195.314816908693,219.430938885781,163.059043292369,242.790381480436,224.551207449728,0,0,0,276.620869034647,101.605593487621,115.868441404982,262.382215657622,161.694997919804,173.001559092555,240.185081663983,205.183249704085,0,198.528111506785,165.597665022977,108.136066660554,135.294330067913,236.681907140956,353.822894641502,0,0,0,139.93285932648,84.3635741045246,0,0,209.996727521564,104.369974912428,122.106946855269,100.812745974529
0,0,0,138.33942793804,0,0,92.5568465385234,0,186.348837226466,153.672550905948,101.85207633558,259.442917595754,0,335.371040201042,0,0,0,0,0,124.698445421759,148.808626413748,0,221.805809452716,161.325017232684,214.116367924649,0,95.7590805983148,106.128596538706,283.88658203332,0,0,0,94.8881692391942,255.441154257905,138.425725342224,0,209.996727521564,0,0,241.635434294794,0
113.059176128709,0,0,0,0,0,0,0,0,193.055010680236,78.8552325762656,0,0,181.316358113209,0,0,0,211.840482897052,125.416941482916,0,0,0,0,0,0,99.3508940827211,0,94.7280504127031,82.6426202489162,191.519780382943,0,98.6790043377568,0,250.461724766314,0,98.417953423071,104.369974912428,0,0,0,263.534399241887
0,0,158.955087279859,193.659409924573,161.275817184598,175.196329314064,114.649126378906,0,0,201.44584889478,0,73.1029054543569,345.797434674459,0,251.098274723989,0,137.177378802006,0,154.070293657878,0,188.936291522747,158.567996645797,115.194491798135,0,261.605527103798,0,206.472608421747,306.640284138334,0,280.376028997576,0,195.822649557859,0,178.224497384947,259.055025639447,93.5029580098427,122.106946855269,241.635434294794,0,0,89.9429017381717
0,114.511014214502,0,0,348.674510760064,0,0,0,94.7529894315991,0,0,0,151.01089327964,0,0,0,0,70.4221432298295,155.901486485736,67.8267069095267,0,0,231.050882209,173.201474590904,93.4234866874731,183.786860782462,153.609372090384,169.742003380707,115.332064605654,0,142.385058730083,0,0,227.504408813069,193.777661225572,223.705816669619,100.812745974529,0,263.534399241887,89.9429017381717,0
