0,0,0,259.055025639447,195.822649557859,0,0,0,0,0,0,95.7590805983148,0,0,0,0,0,0,0,0,0,0,0,103.519938150021,0,0,0,0,0,0,0,0,0,238.934743274142,0,0,0,0,192.135034768848,0,0
0,0,0,78.9559315574845,0,0,0,0,0,0,0,0,0,0,0,173.059382066957,0,0,0,0,0,0,247.66948903751,0,0,0,0,117.208001126138,0,0,0,101.350815329073,0,0,0,0,0,162.833808134102,0,98.417953423071,0
0,0,0,0,0,0,0,0,0,0,0,0,0,0,0,0,0,0,0,0,0,0,0,0,0,0,0,181.316358113209,0,0,0,0,0,0,89.1590885155172,0,89.707245288964,0,0,250.461724766314,179.718364159796
259.055025639447,78.9559315574845,0,0,325.937289045041,0,0,0,0,0,104.915316975638,71.4788760670054,0,0,0,0,98.6790043377568,0,146.99041817625,0,0,0,0,211.840482897052,0,0,0,0,0,0,0,0,0,96.7845769653343,251.098274723989,94.8881692391942,73.4795582048751,0,0,0,180.90030328818
195.822649557859,0,0,325.937289045041,0,0,0,125.416941482916,0,0,109.093416850988,0,0,104.369974912428,0,0,0,0,0,0,0,198.528111506785,154.784755881607,0,0,0,0,163.059043292369,138.33942793804,154.070293657878,0,0,0,115.871357769661,0,0,71.5579325720569,0,240.185081663983,154.142998692322,0
0,0,0,0,0,0,0,0,0,0,0,159.183173818572,0,0,0,0,100.812745974529,0,0,0,0,66.5008477853491,0,157.852515740516,0,0,236.681907140956,178.683678585178,0,0,0,133.984214699576,173.001559092555,353.822894641502,321.124897279917,0,118.522099274347,120.912756812582,0,280.376028997576,163.945208919892
0,0,0,0,0,0,0,333.645516435298,345.797434674459,90.1317194604647,219.430938885781,106.533627130087,0,219.040656038919,0,0,0,93.5029580098427,0,0,0,0,0,0,0,0,217.157696745803,0,192.601533877686,0,0,0,0,124.853650664477,75.4497121078207,0,146.465927798921,0,0,188.936291522747,0
0,0,0,0,125.416941482916,0,333.645516435298,0,0,249.798812580765,139.654362654449,158.567996645797,0,0,180.355266595273,0,0,0,0,0,115.868441404982,0,0,135.294330067913,0,0,0,261.440278806413,283.88658203332,0,0,0,0,110.384905066973,125.81518738273,306.640284138334,153.672550905948,0,61.0664810463559,151.075371308616,0
0,0,0,0,0,0,345.797434674459,0,0,0,0,0,262.382215657622,0,0,171.906398392157,0,0,0,357.423078228283,0,0,148.808626413748,0,0,0,0,224.523755099568,0,0,0,0,0,0,106.128596538706,276.620869034647,136.792307586862,0,0,101.85207633558,323.781250289068
0,0,0,0,0,0,90.1317194604647,249.798812580765,0,0,0,199.492852797962,0,89.3673883748406,215.611029055736,220.901129804706,0,0,0,0,184.249961885477,0,142.054529471577,0,116.176698124939,0,200.878319874537,168.241326865882,155.901486485736,0,0,0,178.224497384947,283.248188884028,151.806152521152,0,106.33736463831,0,0,89.9429017381717,204.084074037941
0,0,0,104.915316975638,109.093416850988,0,219.430938885781,139.654362654449,0,0,0,0,0,0,0,0,0,0,0,196.04190773555,0,0,0,174.013630695256,0,81.2827395071039,0,212.592150359921,0,0,0,161.694997919804,0,213.67670887414,188.851177466023,0,151.695570509541,94.9380989123498,82.6299537488922,135.667029391615,206.912707094411
95.7590805983148,0,0,71.4788760670054,0,159.183173818572,106.533627130087,158.567996645797,0,199.492852797962,0,0,253.401634605989,183.786860782462,0,177.763106506206,0,0,0,0,0,0,0,329.719143597451,0,228.075434767255,85.6072705949986,0,160.537522273714,0,303.527509149359,0,0,133.218162784108,226.825099357786,115.194491798135,72.2278283150671,114.511014214502,80.4367166559625,306.344527664232,0
0,0,0,0,0,0,0,0,262.382215657622,0,0,253.401634605989,0,0,0,0,0,0,0,0,0,0,82.4756938751058,0,0,0,0,0,106.926813611922,0,0,0,0,0,0,0,0,241.57250333243,0,96.5937438588657,0
0,0,0,0,104.369974912428,0,219.040656038919,0,0,89.3673883748406,0,183.786860782462,0,0,0,0,0,0,158.955087279859,92.3502314520023,0,0,198.964527389285,348.674510760064,0,232.945974238958,122.106946855269,112.823430872325,0,0,0,224.551207449728,0,0,0,195.378266313867,0,0,0,0,137.239127032733
0,0,0,0,0,0,0,180.355266595273,0,215.611029055736,0,0,0,0,0,0,0,0,0,194.442125915551,154.065933476765,0,0,0,191.519780382943,0,108.136066660554,151.01089327964,0,169.453147353278,0,94.027247878695,0,0,0,0,263.534399241887,0,0,90.7216186966914,204.481117647118
0,173.059382066957,0,0,0,0,0,0,171.906398392157,220.901129804706,0,177.763106506206,0,0,0,0,0,0,150.161410108805,113.144980278377,0,0,0,165.597665022977,0,231.715271819474,0,141.204637091722,70.4221432298295,0,0,0,0,0,0,0,261.605527103798,0,0,0,0
0,0,0,98.6790043377568,0,100.812745974529,0,0,0,0,0,0,0,0,0,0,0,231.050882209,0,0,0,0,0,0,0,0,111.435629183184,187.77054666536,120.567029282014,0,0,0,0,321.864157986053,259.442917595754,0,205.839960264176,153.876396855887,0,0,0
0,0,0,0,0,0,93.5029580098427,0,0,0,0,0,0,0,0,0,231.050882209,0,0,0,0,0,0,131.969743415579,0,0,165.893015276821,161.302948562323,139.792601838991,0,0,0,0,0,146.814226519809,0,116.054372245433,219.078548227669,0,0,0
0,0,0,146.99041817625,0,0,0,0,0,0,0,0,0,158.955087279859,0,150.161410108805,0,0,0,94.7529894315991,0,0,0,0,0,119.345624434514,252.487290983309,0,0,0,134.566479261133,0,0,242.790381480436,0,193.777661225572,97.5855511246009,153.453047983244,0,0,136.685314494491
0,0,0,0,0,0,0,0,357.423078228283,0,196.04190773555,0,0,92.3502314520023,194.442125915551,113.144980278377,0,0,94.7529894315991,0,115.332064605654,0,193.63278243493,0,128.530575464043,218.045528847001,0,146.770754374523,98.2230592632363,0,0,0,0,0,101.5853655613,0,111.226326353722,214.116367924649,82.1742780037132,138.425725342224,0
0,0,0,0,0,0,0,115.868441404982,0,184.249961885477,0,0,0,0,154.065933476765,0,0,0,0,115.332064605654,0,78.8552325762656,192.693757128262,0,94.126460729827,134.960780198024,161.275817184598,0,0,0,0,0,0,0,0,171.230058197369,101.443495235174,255.441154257905,0,241.635434294794,0
0,0,0,0,198.528111506785,66.5008477853491,0,0,0,0,0,0,0,0,0,0,0,0,0,0,78.8552325762656,0,0,0,0,0,201.100640800745,0,0,0,0,0,0,0,201.44584889478,0,0,161.74915061469,186.973586461633,0,314.611698427915
0,247.66948903751,0,0,154.784755881607,0,0,0,148.808626413748,142.054529471577,0,0,82.4756938751058,198.964527389285,0,0,0,0,0,193.63278243493,192.693757128262,0,0,241.682021696872,0,0,169.742003380707,0,115.114253591495,84.3635741045246,0,0,0,125.994729980093,197.486504603685,0,0,0,0,92.5568465385234,0
103.519938150021,0,0,211.840482897052,0,157.852515740516,0,135.294330067913,0,0,174.013630695256,329.719143597451,0,348.674510760064,0,165.597665022977,0,131.969743415579,0,0,0,0,241.682021696872,0,0,93.4234866874731,0,128.405764333981,0,0,0,139.93285932648,0,196.032358954952,58.3493451392805,202.712457066107,161.325017232684,205.183249704085,0,300.031143529538,0
0,0,0,0,0,0,0,0,0,116.176698124939,0,0,0,0,191.519780382943,0,0,0,0,128.530575464043,94.126460729827,0,0,0,0,101.605593487621,0,153.609372090384,0,0,0,0,0,101.895308036513,114.649126378906,67.8267069095267,0,0,0,0,94.7280504127031
0,0,0,0,0,0,0,0,0,0,81.2827395071039,228.075434767255,0,232.945974238958,0,231.715271819474,0,0,119.345624434514,218.045528847001,134.960780198024,0,0,93.4234866874731,101.605593487621,0,87.8456058929559,113.059176128709,97.3506957544063,338.131802716296,284.529238481835,74.7304794244225,0,73.1029054543569,0,197.893790332676,190.185165668632,0,0,186.348837226466,124.698445421759
0,0,0,0,0,236.681907140956,217.157696745803,0,0,200.878319874537,0,85.6072705949986,0,122.106946855269,108.136066660554,0,111.435629183184,165.893015276821,252.487290983309,0,161.275817184598,201.100640800745,169.742003380707,0,0,87.8456058929559,0,99.3508940827211,178.748963182352,115.541295036174,0,0,0,0,0,0,142.385058730083,209.996727521564,0,222.053792850439,137.177378802006
0,117.208001126138,181.316358113209,0,163.059043292369,178.683678585178,0,261.440278806413,224.523755099568,168.241326865882,212.592150359921,0,0,112.823430872325,151.01089327964,141.204637091722,187.77054666536,161.302948562323,0,146.770754374523,0,0,0,128.405764333981,153.609372090384,113.059176128709,99.3508940827211,0,0,220.963068032256,0,195.314816908693,0,320.356811100276,112.349934713559,155.24952173131,0,62.859596780235,180.543851962045,74.4197823064597,140.574866691684
0,0,0,0,138.33942793804,0,192.601533877686,283.88658203332,0,155.901486485736,0,160.537522273714,106.926813611922,0,0,70.4221432298295,120.567029282014,139.792601838991,0,98.2230592632363,0,0,115.114253591495,0,0,97.3506957544063,178.748963182352,0,0,62.311273509377,205.09013266389,0,0,249.905610015455,143.005810983322,92.5207898118833,145.74089716123,85.7623170715703,0,0,128.846764897717
0,0,0,0,154.070293657878,0,0,0,0,0,0,0,0,0,169.453147353278,0,0,0,0,0,0,0,84.3635741045246,0,0,338.131802716296,115.541295036174,220.963068032256,62.311273509377,0,0,335.371040201042,0,167.066576495979,223.705816669619,0,0,0,97.3232815600345,0,0
0,0,0,0,0,0,0,0,0,0,0,303.527509149359,0,0,0,0,0,0,134.566479261133,0,0,0,0,0,0,284.529238481835,0,0,205.09013266389,0,0,0,0,225.013371621378,0,0,175.196329314064,0,0,0,0
0,101.350815329073,0,0,0,133.984214699576,0,0,0,0,161.694997919804,0,0,224.551207449728,94.027247878695,0,0,0,0,0,0,0,0,139.93285932648,0,74.7304794244225,0,195.314816908693,0,335.371040201042,0,0,0,0,0,151.036729364761,164.032723165762,0,0,0,0
0,0,0,0,0,173.001559092555,0,0,0,178.224497384947,0,0,0,0,0,0,0,0,0,0,0,0,0,0,0,0,0,0,0,0,0,0,0,0,0,289.631679007608,0,0,80.8080171296381,0,173.201474590904
238.934743274142,0,0,96.7845769653343,115.871357769661,353.822894641502,124.853650664477,110.384905066973,0,283.248188884028,213.67670887414,133.218162784108,0,0,0,0,321.864157986053,0,242.790381480436,0,0,0,125.994729980093,196.032358954952,101.895308036513,73.1029054543569,0,320.356811100276,249.905610015455,167.066576495979,225.013371621378,0,0,0,160.530221557972,173.538155409849,347.376449530863,112.793316814908,172.608400267715,228.792310020318,82.6426202489162
0,0,89.1590885155172,251.098274723989,0,321.124897279917,75.4497121078207,125.81518738273,106.128596538706,151.806152521152,188.851177466023,226.825099357786,0,0,0,0,259.442917595754,146.814226519809,0,101.5853655613,0,201.44584889478,197.486504603685,58.3493451392805,114.649126378906,0,0,112.349934713559,143.005810983322,223.705816669619,0,0,0,160.530221557972,0,172.892533368851,309.997227542691,108.381749703452,0,119.728129215699,227.504408813069
0,0,0,94.8881692391942,0,0,0,306.640284138334,276.620869034647,0,0,115.194491798135,0,195.378266313867,0,0,0,0,193.777661225572,0,171.230058197369,0,0,202.712457066107,67.8267069095267,197.893790332676,0,155.24952173131,92.5207898118833,0,0,151.036729364761,289.631679007608,173.538155409849,172.892533368851,0,81.9664354533492,193.055010680236,0,137.189596148386,0
0,0,89.707245288964,73.4795582048751,71.5579325720569,118.522099274347,146.465927798921,153.672550905948,136.792307586862,106.33736463831,151.695570509541,72.2278283150671,0,0,263.534399241887,261.605527103798,205.839960264176,116.054372245433,97.5855511246009,111.226326353722,101.443495235174,0,0,161.325017232684,0,190.185165668632,142.385058730083,0,145.74089716123,0,175.196329314064,164.032723165762,0,347.376449530863,309.997227542691,81.9664354533492,0,193.659409924573,99.2646516363145,221.805809452716,269.936825670274
0,162.833808134102,0,0,0,120.912756812582,0,0,0,0,94.9380989123498,114.511014214502,241.57250333243,0,0,0,153.876396855887,219.078548227669,153.453047983244,214.116367924649,255.441154257905,161.74915061469,0,205.183249704085,0,0,209.996727521564,62.859596780235,85.7623170715703,0,0,0,0,112.793316814908,108.381749703452,193.055010680236,193.659409924573,0,76.5072790361762,0,0
192.135034768848,0,0,0,240.185081663983,0,0,61.0664810463559,0,0,82.6299537488922,80.4367166559625,0,0,0,0,0,0,0,82.1742780037132,0,186.973586461633,0,0,0,0,0,180.543851962045,0,97.3232815600345,0,0,80.8080171296381,172.608400267715,0,0,99.2646516363145,76.5072790361762,0,74.5815074003433,208.005106191961
0,98.417953423071,250.461724766314,0,154.142998692322,280.376028997576,188.936291522747,151.075371308616,101.85207633558,89.9429017381717,135.667029391615,306.344527664232,96.5937438588657,0,90.7216186966914,0,0,0,0,138.425725342224,241.635434294794,0,92.5568465385234,300.031143529538,0,186.348837226466,222.053792850439,74.4197823064597,0,0,0,0,0,228.792310020318,119.728129215699,137.189596148386,221.805809452716,0,74.5815074003433,0,206.472608421747
0,0,179.718364159796,180.90030328818,0,163.945208919892,0,0,323.781250289068,204.084074037941,206.912707094411,0,0,137.239127032733,204.481117647118,0,0,0,136.685314494491,0,0,314.611698427915,0,0,94.7280504127031,124.698445421759,137.177378802006,140.574866691684,128.846764897717,0,0,0,173.201474590904,82.6426202489162,227.504408813069,0,269.936825670274,0,208.005106191961,206.472608421747,0
