0,0,0,0,0,0,171.906398392157,0,353.822894641502,0,0,0,0,0,114.511014214502,0,0,0,0,0,0,0,0,0,0,0,0,0,153.453047983244,0,0,0,0,0,338.131802716296,0,0,0,0,0,206.912707094411
0,0,0,0,0,0,0,0,0,145.74089716123,0,0,0,0,0,0,0,0,0,0,0,0,173.001559092555,0,0,255.441154257905,0,0,0,0,0,151.036729364761,0,94.9380989123498,0,0,0,0,111.226326353722,0,169.453147353278
0,0,0,0,0,0,0,0,0,0,0,115.868441404982,0,0,0,0,0,0,0,89.3673883748406,0,212.592150359921,0,0,0,0,0,0,0,0,0,0,0,0,0,0,82.6426202489162,0,0,101.350815329073,0
0,0,0,0,0,222.053792850439,195.822649557859,0,115.114253591495,0,0,0,0,0,0,0,0,0,0,0,251.098274723989,0,0,71.5579325720569,0,240.185081663983,0,202.712457066107,0,193.659409924573,0,0,0,82.6299537488922,74.4197823064597,82.1742780037132,153.876396855887,0,320.356811100276,0,0
0,0,0,0,0,0,200.878319874537,62.859596780235,119.345624434514,0,162.833808134102,0,0,259.055025639447,94.7280504127031,0,0,98.6790043377568,0,140.574866691684,0,0,0,0,0,94.7529894315991,231.050882209,236.681907140956,0,164.032723165762,0,0,0,187.77054666536,0,0,198.964527389285,0,0,0,0
0,0,0,222.053792850439,0,0,0,110.384905066973,0,168.241326865882,329.719143597451,148.808626413748,0,0,0,0,0,0,0,238.934743274142,0,0,155.901486485736,95.7590805983148,0,0,124.698445421759,180.90030328818,115.541295036174,0,0,0,0,0,220.963068032256,0,161.325017232684,0,0,0,92.3502314520023
171.906398392157,0,0,195.822649557859,200.878319874537,0,0,0,0,0,163.059043292369,0,0,0,0,0,0,120.912756812582,0,0,0,0,0,0,0,0,197.893790332676,0,241.57250333243,0,161.275817184598,0,0,249.798812580765,93.4234866874731,0,125.81518738273,0,196.032358954952,0,153.609372090384
0,0,0,0,62.859596780235,110.384905066973,0,0,0,227.504408813069,0,133.218162784108,0,154.070293657878,101.895308036513,0,0,0,204.481117647118,0,0,0,150.161410108805,0,0,0,0,96.5937438588657,117.208001126138,0,269.936825670274,0,0,197.486504603685,0,128.846764897717,94.027247878695,116.176698124939,192.601533877686,0,0
353.822894641502,0,0,115.114253591495,119.345624434514,0,0,0,0,0,103.519938150021,0,0,0,0,0,0,0,0,0,0,0,0,73.4795582048751,0,73.1029054543569,180.355266595273,100.812745974529,0,0,0,0,0,0,0,0,228.075434767255,104.369974912428,128.530575464043,0,0
0,145.74089716123,0,0,0,168.241326865882,0,227.504408813069,0,0,134.566479261133,101.85207633558,0,276.620869034647,0,180.543851962045,0,306.640284138334,0,321.124897279917,0,0,0,142.054529471577,0,0,232.945974238958,223.705816669619,0,221.805809452716,0,154.065933476765,0,0,0,283.88658203332,134.960780198024,89.707245288964,0,335.371040201042,0
0,0,0,0,162.833808134102,329.719143597451,163.059043292369,0,103.519938150021,134.566479261133,0,112.793316814908,0,0,0,0,0,0,146.465927798921,303.527509149359,0,124.853650664477,0,108.136066660554,0,125.416941482916,186.973586461633,0,0,0,242.790381480436,0,0,191.519780382943,173.059382066957,0,0,0,0,97.3232815600345,0
0,0,115.868441404982,0,0,148.808626413748,0,133.218162784108,0,101.85207633558,112.793316814908,0,0,0,0,0,0,0,0,179.718364159796,357.423078228283,169.742003380707,116.054372245433,323.781250289068,0,146.814226519809,0,74.7304794244225,204.084074037941,0,333.645516435298,0,163.945208919892,115.194491798135,101.443495235174,133.984214699576,250.461724766314,0,109.093416850988,142.385058730083,0
0,0,0,0,0,0,0,0,0,0,0,0,0,0,0,0,0,0,0,0,0,0,0,0,0,0,0,0,161.302948562323,0,0,0,0,0,89.9429017381717,135.294330067913,205.839960264176,90.7216186966914,0,0,321.864157986053
0,0,0,0,259.055025639447,0,0,154.070293657878,0,276.620869034647,0,0,0,0,0,159.183173818572,0,0,80.4367166559625,0,173.201474590904,0,106.33736463831,0,153.672550905948,0,99.2646516363145,0,0,0,0,0,0,94.126460729827,58.3493451392805,0,139.93285932648,241.682021696872,0,228.792310020318,0
114.511014214502,0,0,0,94.7280504127031,0,0,101.895308036513,0,0,0,0,0,0,0,0,122.106946855269,219.040656038919,0,0,0,0,289.631679007608,0,0,0,0,263.534399241887,97.3506957544063,0,0,138.425725342224,0,201.44584889478,0,0,181.316358113209,0,0,226.825099357786,0
0,0,0,0,0,0,0,0,0,180.543851962045,0,0,0,159.183173818572,0,0,0,0,0,224.523755099568,0,0,0,0,0,108.381749703452,0,261.440278806413,0,0,0,0,0,111.435629183184,188.936291522747,214.116367924649,0,99.3508940827211,0,261.605527103798,199.492852797962
0,0,0,0,0,0,0,0,0,0,0,0,0,0,122.106946855269,0,0,0,0,81.2827395071039,0,0,0,90.1317194604647,66.5008477853491,0,0,211.840482897052,0,160.537522273714,0,0,0,101.5853655613,0,0,0,190.185165668632,0,194.442125915551,154.784755881607
0,0,0,0,98.6790043377568,0,120.912756812582,0,0,306.640284138334,0,0,0,0,219.040656038919,0,0,0,0,0,0,0,0,0,0,0,0,143.005810983322,0,0,0,135.667029391615,306.344527664232,0,0,0,139.792601838991,0,0,0,196.04190773555
0,0,0,0,0,0,0,204.481117647118,0,0,146.465927798921,0,0,80.4367166559625,0,0,0,0,0,0,183.786860782462,0,0,0,0,0,0,205.09013266389,0,0,0,0,0,151.806152521152,280.376028997576,92.5207898118833,98.2230592632363,209.996727521564,146.770754374523,175.196329314064,0
0,0,89.3673883748406,0,140.574866691684,238.934743274142,0,0,0,321.124897279917,303.527509149359,179.718364159796,0,0,0,224.523755099568,81.2827395071039,0,0,0,0,0,0,325.937289045041,0,165.893015276821,0,0,231.715271819474,0,0,0,0,94.8881692391942,193.055010680236,85.7623170715703,247.66948903751,192.693757128262,0,157.852515740516,0
0,0,0,251.098274723989,0,0,0,0,0,0,0,357.423078228283,0,173.201474590904,0,0,0,0,183.786860782462,0,0,0,347.376449530863,0,215.611029055736,178.224497384947,309.997227542691,114.649126378906,0,0,0,0,0,0,259.442917595754,0,67.8267069095267,195.378266313867,0,224.551207449728,0
0,0,212.592150359921,0,0,0,0,0,0,0,124.853650664477,169.742003380707,0,0,0,0,0,0,0,0,0,0,0,178.748963182352,0,0,0,348.674510760064,0,0,0,0,0,0,0,0,131.969743415579,115.332064605654,0,146.99041817625,0
0,173.001559092555,0,0,0,155.901486485736,0,150.161410108805,0,0,0,116.054372245433,0,106.33736463831,289.631679007608,0,0,0,0,0,347.376449530863,0,0,119.728129215699,84.3635741045246,0,112.349934713559,139.654362654449,0,0,0,0,0,201.100640800745,0,92.5568465385234,78.8552325762656,0,0,0,218.045528847001
0,0,0,71.5579325720569,0,95.7590805983148,0,0,73.4795582048751,142.054529471577,108.136066660554,323.781250289068,0,0,0,0,90.1317194604647,0,0,325.937289045041,0,178.748963182352,119.728129215699,0,0,192.135034768848,205.183249704085,0,213.67670887414,0,0,0,0,241.635434294794,87.8456058929559,0,62.311273509377,0,173.538155409849,174.013630695256,208.005106191961
0,0,0,0,0,0,0,0,0,0,0,0,0,153.672550905948,0,0,66.5008477853491,0,0,0,215.611029055736,0,84.3635741045246,0,0,154.142998692322,172.892533368851,0,137.189596148386,0,0,0,0,0,314.611698427915,0,158.955087279859,0,0,0,113.144980278377
0,255.441154257905,0,240.185081663983,94.7529894315991,0,0,0,73.1029054543569,0,125.416941482916,146.814226519809,0,0,0,108.381749703452,0,0,0,165.893015276821,178.224497384947,0,0,192.135034768848,154.142998692322,0,0,113.059176128709,0,0,0,70.4221432298295,0,106.533627130087,219.430938885781,195.314816908693,345.797434674459,0,112.823430872325,141.204637091722,75.4497121078207
0,0,0,0,231.050882209,124.698445421759,197.893790332676,0,180.355266595273,232.945974238958,186.973586461633,0,0,99.2646516363145,0,0,0,0,0,0,309.997227542691,0,112.349934713559,205.183249704085,172.892533368851,0,0,184.249961885477,172.608400267715,0,0,0,0,61.0664810463559,206.472608421747,262.382215657622,115.871357769661,0,160.530221557972,96.7845769653343,104.915316975638
0,0,0,202.712457066107,236.681907140956,180.90030328818,0,96.5937438588657,100.812745974529,223.705816669619,0,74.7304794244225,0,0,263.534399241887,261.440278806413,211.840482897052,143.005810983322,205.09013266389,0,114.649126378906,348.674510760064,139.654362654449,0,0,113.059176128709,184.249961885477,0,106.128596538706,151.01089327964,0,0,82.4756938751058,71.4788760670054,193.63278243493,165.597665022977,138.33942793804,300.031143529538,80.8080171296381,161.694997919804,0
153.453047983244,0,0,0,0,115.541295036174,241.57250333243,117.208001126138,0,0,0,204.084074037941,161.302948562323,0,97.3506957544063,0,0,0,0,231.715271819474,0,0,0,213.67670887414,137.189596148386,0,172.608400267715,106.128596538706,0,93.5029580098427,0,97.5855511246009,72.2278283150671,253.401634605989,137.177378802006,167.066576495979,151.695570509541,186.348837226466,0,76.5072790361762,0
0,0,0,193.659409924573,164.032723165762,0,0,0,0,221.805809452716,0,0,0,0,0,0,160.537522273714,0,0,0,0,0,0,0,0,0,0,151.01089327964,93.5029580098427,0,0,0,0,0,161.74915061469,89.1590885155172,151.075371308616,188.851177466023,0,0,225.013371621378
0,0,0,0,0,0,161.275817184598,269.936825670274,0,0,242.790381480436,333.645516435298,0,0,0,0,0,0,0,0,0,0,0,0,0,0,0,0,0,0,0,0,0,0,0,0,0,74.5815074003433,0,125.994729980093,0
0,151.036729364761,0,0,0,0,0,0,0,154.065933476765,0,0,0,0,138.425725342224,0,0,135.667029391615,0,0,0,0,0,0,0,70.4221432298295,0,0,97.5855511246009,0,0,0,0,120.567029282014,0,158.567996645797,198.528111506785,0,137.239127032733,219.078548227669,0
0,0,0,0,0,0,0,0,0,0,0,163.945208919892,0,0,0,0,0,306.344527664232,0,0,0,0,0,0,0,0,0,82.4756938751058,72.2278283150671,0,0,0,0,0,0,0,0,0,0,0,118.522099274347
0,94.9380989123498,0,82.6299537488922,187.77054666536,0,249.798812580765,197.486504603685,0,0,191.519780382943,115.194491798135,0,94.126460729827,201.44584889478,111.435629183184,101.5853655613,0,151.806152521152,94.8881692391942,0,0,201.100640800745,241.635434294794,0,106.533627130087,61.0664810463559,71.4788760670054,253.401634605989,0,0,120.567029282014,0,0,178.683678585178,101.605593487621,0,98.417953423071,106.926813611922,78.9559315574845,249.905610015455
338.131802716296,0,0,74.4197823064597,0,220.963068032256,93.4234866874731,0,0,0,173.059382066957,101.443495235174,89.9429017381717,58.3493451392805,0,188.936291522747,0,0,280.376028997576,193.055010680236,259.442917595754,0,0,87.8456058929559,314.611698427915,219.430938885781,206.472608421747,193.63278243493,137.177378802006,161.74915061469,0,0,0,178.683678585178,0,155.24952173131,220.901129804706,171.230058197369,0,136.685314494491,193.777661225572
0,0,0,82.1742780037132,0,0,0,128.846764897717,0,283.88658203332,0,133.984214699576,135.294330067913,0,0,214.116367924649,0,0,92.5207898118833,85.7623170715703,0,0,92.5568465385234,0,0,195.314816908693,262.382215657622,165.597665022977,167.066576495979,89.1590885155172,0,158.567996645797,0,101.605593487621,155.24952173131,0,283.248188884028,0,0,0,217.157696745803
0,0,82.6426202489162,153.876396855887,198.964527389285,161.325017232684,125.81518738273,94.027247878695,228.075434767255,134.960780198024,0,250.461724766314,205.839960264176,139.93285932648,181.316358113209,0,0,139.792601838991,98.2230592632363,247.66948903751,67.8267069095267,131.969743415579,78.8552325762656,62.311273509377,158.955087279859,345.797434674459,115.871357769661,138.33942793804,151.695570509541,151.075371308616,0,198.528111506785,0,0,220.901129804706,283.248188884028,0,177.763106506206,0,284.529238481835,0
0,0,0,0,0,0,0,116.176698124939,104.369974912428,89.707245288964,0,0,90.7216186966914,241.682021696872,0,99.3508940827211,190.185165668632,0,209.996727521564,192.693757128262,195.378266313867,115.332064605654,0,0,0,0,0,300.031143529538,186.348837226466,188.851177466023,74.5815074003433,0,0,98.417953423071,171.230058197369,0,177.763106506206,0,0,252.487290983309,128.405764333981
0,111.226326353722,0,320.356811100276,0,0,196.032358954952,192.601533877686,128.530575464043,0,0,109.093416850988,0,0,0,0,0,0,146.770754374523,0,0,0,0,173.538155409849,0,112.823430872325,160.530221557972,80.8080171296381,0,0,0,137.239127032733,0,106.926813611922,0,0,0,0,0,85.6072705949986,81.9664354533492
0,0,101.350815329073,0,0,0,0,0,0,335.371040201042,97.3232815600345,142.385058730083,0,228.792310020318,226.825099357786,261.605527103798,194.442125915551,0,175.196329314064,157.852515740516,224.551207449728,146.99041817625,0,174.013630695256,0,141.204637091722,96.7845769653343,161.694997919804,76.5072790361762,0,125.994729980093,219.078548227669,0,78.9559315574845,136.685314494491,0,284.529238481835,252.487290983309,85.6072705949986,0,136.792307586862
206.912707094411,169.453147353278,0,0,0,92.3502314520023,153.609372090384,0,0,0,0,0,321.864157986053,0,0,199.492852797962,154.784755881607,196.04190773555,0,0,0,0,218.045528847001,208.005106191961,113.144980278377,75.4497121078207,104.915316975638,0,0,225.013371621378,0,0,118.522099274347,249.905610015455,193.777661225572,217.157696745803,0,128.405764333981,81.9664354533492,136.792307586862,0
