0,191.519780382943,0,0,0,0,201.44584889478,136.685314494491,0,0,0,0,0,0,0,113.144980278377,0,0,0,0,0,0,0,0,0,0,0,193.777661225572,0,0,0,0,0,0,0,0,255.441154257905,0,0,0,0
191.519780382943,0,0,0,0,0,0,0,0,0,0,0,0,0,0,0,0,0,0,0,0,0,0,0,0,204.481117647118,0,241.682021696872,0,0,0,0,0,0,187.77054666536,0,212.592150359921,104.369974912428,0,240.185081663983,0
0,0,0,220.901129804706,0,0,0,0,0,0,0,94.8881692391942,0,0,0,0,0,0,0,0,0,0,0,0,84.3635741045246,0,0,193.055010680236,0,0,0,0,0,173.059382066957,0,0,0,0,0,0,0
0,0,220.901129804706,0,0,284.529238481835,0,0,0,0,0,0,0,0,0,0,61.0664810463559,0,0,0,188.851177466023,169.742003380707,0,151.01089327964,0,80.8080171296381,357.423078228283,0,0,0,0,0,106.926813611922,283.88658203332,184.249961885477,0,232.945974238958,0,0,0,320.356811100276
0,0,0,0,0,0,0,0,0,139.792601838991,116.054372245433,0,0,0,0,303.527509149359,154.065933476765,0,0,94.027247878695,0,0,0,0,82.4756938751058,0,106.128596538706,0,146.770754374523,0,0,0,0,153.609372090384,224.551207449728,92.5207898118833,0,276.620869034647,81.9664354533492,0,215.611029055736
0,0,0,284.529238481835,0,0,0,0,242.790381480436,0,168.241326865882,178.224497384947,0,0,0,353.822894641502,0,113.059176128709,250.461724766314,0,0,0,0,0,0,0,0,157.852515740516,0,0,0,0,0,78.8552325762656,155.901486485736,224.523755099568,154.784755881607,219.430938885781,228.792310020318,0,0
201.44584889478,0,0,0,0,0,0,0,0,76.5072790361762,155.24952173131,0,0,0,0,205.183249704085,0,0,0,106.33736463831,0,0,136.792307586862,228.075434767255,0,0,0,0,171.230058197369,82.1742780037132,0,0,0,192.601533877686,163.945208919892,0,0,151.695570509541,0,163.059043292369,0
136.685314494491,0,0,0,0,0,0,0,62.311273509377,74.7304794244225,0,133.218162784108,0,0,0,0,0,0,0,0,133.984214699576,0,0,0,0,0,0,120.912756812582,238.934743274142,0,101.85207633558,106.533627130087,0,0,153.672550905948,217.157696745803,197.486504603685,186.348837226466,125.416941482916,139.654362654449,72.2278283150671
0,0,0,0,0,242.790381480436,0,62.311273509377,0,118.522099274347,0,0,0,214.116367924649,0,0,0,0,0,0,138.33942793804,0,0,0,0,0,0,0,249.798812580765,0,0,0,0,0,161.275817184598,151.075371308616,108.136066660554,0,0,110.384905066973,209.996727521564
0,0,0,0,139.792601838991,0,76.5072790361762,74.7304794244225,118.522099274347,0,0,196.04190773555,0,211.840482897052,146.814226519809,58.3493451392805,0,151.036729364761,0,0,0,0,0,71.4788760670054,0,74.4197823064597,150.161410108805,0,0,172.892533368851,0,0,0,0,104.915316975638,0,115.871357769661,0,94.126460729827,94.9380989123498,87.8456058929559
0,0,0,0,116.054372245433,168.241326865882,155.24952173131,0,0,0,0,0,208.005106191961,0,186.973586461633,195.378266313867,0,0,196.032358954952,108.381749703452,0,0,0,0,0,0,0,92.5568465385234,73.1029054543569,0,180.543851962045,0,0,190.185165668632,0,221.805809452716,89.3673883748406,93.4234866874731,94.7280504127031,0,0
0,0,94.8881692391942,0,0,178.224497384947,0,133.218162784108,0,196.04190773555,0,0,0,0,180.355266595273,161.74915061469,137.239127032733,154.070293657878,0,0,0,146.99041817625,241.635434294794,97.3232815600345,0,75.4497121078207,323.781250289068,122.106946855269,158.567996645797,0,321.124897279917,0,0,0,236.681907140956,0,333.645516435298,0,241.57250333243,125.994729980093,93.5029580098427
0,0,0,0,0,0,0,0,0,0,208.005106191961,0,0,0,0,0,0,0,0,194.442125915551,0,0,0,0,0,0,0,0,0,0,0,0,0,154.142998692322,219.078548227669,0,140.574866691684,300.031143529538,0,0,0
0,0,0,0,0,0,0,0,214.116367924649,211.840482897052,0,0,0,0,0,161.302948562323,0,0,160.537522273714,135.667029391615,345.797434674459,0,0,0,0,0,0,178.748963182352,153.876396855887,0,253.401634605989,0,0,134.566479261133,142.054529471577,0,90.7216186966914,0,0,165.893015276821,220.963068032256
0,0,0,0,0,0,0,0,0,146.814226519809,186.973586461633,180.355266595273,0,0,0,0,0,169.453147353278,0,0,0,0,85.6072705949986,171.906398392157,0,306.640284138334,0,321.864157986053,195.314816908693,0,0,0,0,289.631679007608,0,0,0,62.859596780235,0,199.492852797962,0
113.144980278377,0,0,0,303.527509149359,353.822894641502,205.183249704085,0,0,58.3493451392805,195.378266313867,161.74915061469,0,161.302948562323,0,0,0,0,0,0,0,0,0,0,0,338.131802716296,151.806152521152,0,0,0,0,0,0,0,0,0,0,0,0,0,205.839960264176
0,0,0,61.0664810463559,154.065933476765,0,0,0,0,0,0,137.239127032733,0,0,0,0,0,0,0,0,89.707245288964,0,114.649126378906,192.135034768848,0,0,0,162.833808134102,0,0,0,0,0,0,269.936825670274,114.511014214502,0,0,0,251.098274723989,0
0,0,0,0,0,113.059176128709,0,0,0,151.036729364761,0,154.070293657878,0,0,169.453147353278,0,0,0,0,96.5937438588657,96.7845769653343,0,0,131.969743415579,0,109.093416850988,0,262.382215657622,0,0,0,0,0,0,0,0,0,0,0,0,0
0,0,0,0,0,250.461724766314,0,0,0,0,196.032358954952,0,0,160.537522273714,0,0,0,0,0,81.2827395071039,0,0,0,0,0,82.6299537488922,0,309.997227542691,0,0,0,173.201474590904,0,159.183173818572,0,0,314.611698427915,153.453047983244,103.519938150021,143.005810983322,0
0,0,0,0,94.027247878695,0,106.33736463831,0,0,0,108.381749703452,0,194.442125915551,135.667029391615,0,0,0,96.5937438588657,81.2827395071039,0,0,0,0,0,231.715271819474,0,142.385058730083,146.465927798921,128.530575464043,0,0,0,99.3508940827211,174.013630695256,0,0,173.001559092555,261.440278806413,0,128.405764333981,259.055025639447
0,0,0,188.851177466023,0,0,0,133.984214699576,138.33942793804,0,0,0,0,345.797434674459,0,0,89.707245288964,96.7845769653343,0,0,0,0,0,167.066576495979,0,0,252.487290983309,82.6426202489162,0,0,0,0,0,0,0,145.74089716123,198.528111506785,0,249.905610015455,0,201.100640800745
0,0,0,169.742003380707,0,0,0,0,0,0,0,146.99041817625,0,0,0,0,0,0,0,0,0,0,98.6790043377568,115.541295036174,0,261.605527103798,0,0,0,0,0,0,0,0,205.09013266389,0,101.895308036513,0,0,348.674510760064,0
0,0,0,0,0,0,136.792307586862,0,0,0,0,241.635434294794,0,0,85.6072705949986,0,114.649126378906,0,0,0,0,98.6790043377568,0,0,119.345624434514,99.2646516363145,117.208001126138,183.786860782462,0,0,0,78.9559315574845,0,115.194491798135,0,192.693757128262,115.868441404982,178.683678585178,0,139.93285932648,0
0,0,0,151.01089327964,0,0,228.075434767255,0,0,71.4788760670054,0,97.3232815600345,0,0,171.906398392157,0,192.135034768848,131.969743415579,0,0,167.066576495979,115.541295036174,0,0,0,0,134.960780198024,125.81518738273,94.7529894315991,0,0,137.177378802006,0,70.4221432298295,226.825099357786,92.3502314520023,219.040656038919,0,111.435629183184,0,161.325017232684
0,0,84.3635741045246,0,82.4756938751058,0,0,0,0,0,0,0,0,0,0,0,0,0,0,231.715271819474,0,0,119.345624434514,0,0,0,202.712457066107,0,0,0,0,0,280.376028997576,0,112.793316814908,119.728129215699,80.4367166559625,0,0,173.538155409849,0
0,204.481117647118,0,80.8080171296381,0,0,0,0,0,74.4197823064597,0,75.4497121078207,0,0,306.640284138334,338.131802716296,0,109.093416850988,82.6299537488922,0,0,261.605527103798,99.2646516363145,0,0,0,193.63278243493,0,0,0,0,204.084074037941,0,225.013371621378,95.7590805983148,222.053792850439,90.1317194604647,101.5853655613,98.2230592632363,177.763106506206,259.442917595754
0,0,0,357.423078228283,106.128596538706,0,0,0,0,150.161410108805,0,323.781250289068,0,0,0,151.806152521152,0,0,0,142.385058730083,252.487290983309,0,117.208001126138,134.960780198024,202.712457066107,193.63278243493,0,247.66948903751,141.204637091722,101.605593487621,0,263.534399241887,0,0,112.823430872325,198.964527389285,0,124.698445421759,0,101.350815329073,100.812745974529
193.777661225572,241.682021696872,193.055010680236,0,0,157.852515740516,0,120.912756812582,0,0,92.5568465385234,122.106946855269,0,178.748963182352,321.864157986053,0,162.833808134102,262.382215657622,309.997227542691,146.465927798921,82.6426202489162,0,183.786860782462,125.81518738273,0,0,247.66948903751,0,227.504408813069,116.176698124939,347.376449530863,0,0,148.808626413748,71.5579325720569,200.878319874537,231.050882209,223.705816669619,0,115.332064605654,89.9429017381717
0,0,0,0,146.770754374523,0,171.230058197369,238.934743274142,249.798812580765,0,73.1029054543569,158.567996645797,0,153.876396855887,195.314816908693,0,0,0,0,128.530575464043,0,0,0,94.7529894315991,0,0,141.204637091722,227.504408813069,0,160.530221557972,0,329.719143597451,0,213.67670887414,0,85.7623170715703,181.316358113209,158.955087279859,188.936291522747,98.417953423071,138.425725342224
0,0,0,0,0,0,82.1742780037132,0,0,172.892533368851,0,0,0,0,0,0,0,0,0,0,0,0,0,0,0,0,101.605593487621,116.176698124939,160.530221557972,0,0,0,0,115.114253591495,73.4795582048751,0,89.1590885155172,0,206.912707094411,66.5008477853491,120.567029282014
0,0,0,0,0,0,0,101.85207633558,0,0,180.543851962045,321.124897279917,0,253.401634605989,0,0,0,0,0,0,0,0,0,0,0,0,0,347.376449530863,0,0,0,0,0,0,0,0,111.226326353722,0,0,0,0
0,0,0,0,0,0,0,106.533627130087,0,0,0,0,0,0,0,0,0,0,173.201474590904,0,0,0,78.9559315574845,137.177378802006,0,204.084074037941,263.534399241887,0,329.719143597451,0,0,0,0,67.8267069095267,306.344527664232,0,128.846764897717,0,0,165.597665022977,0
0,0,0,106.926813611922,0,0,0,0,0,0,0,0,0,0,0,0,0,0,0,99.3508940827211,0,0,0,0,280.376028997576,0,0,0,0,0,0,0,0,161.694997919804,135.294330067913,0,0,0,0,0,0
0,0,173.059382066957,283.88658203332,153.609372090384,78.8552325762656,192.601533877686,0,0,0,190.185165668632,0,154.142998692322,134.566479261133,289.631679007608,0,0,0,159.183173818572,174.013630695256,0,0,115.194491798135,70.4221432298295,0,225.013371621378,0,148.808626413748,213.67670887414,115.114253591495,0,67.8267069095267,161.694997919804,0,335.371040201042,137.189596148386,195.822649557859,180.90030328818,325.937289045041,206.472608421747,283.248188884028
0,187.77054666536,0,184.249961885477,224.551207449728,155.901486485736,163.945208919892,153.672550905948,161.275817184598,104.915316975638,0,236.681907140956,219.078548227669,142.054529471577,0,0,269.936825670274,0,0,0,0,205.09013266389,0,226.825099357786,112.793316814908,95.7590805983148,112.823430872325,71.5579325720569,0,73.4795582048751,0,306.344527664232,135.294330067913,335.371040201042,0,179.718364159796,124.853650664477,97.3506957544063,0,0,0
0,0,0,0,92.5207898118833,224.523755099568,0,217.157696745803,151.075371308616,0,221.805809452716,0,0,0,0,0,114.511014214502,0,0,0,145.74089716123,0,192.693757128262,92.3502314520023,119.728129215699,222.053792850439,198.964527389285,200.878319874537,85.7623170715703,0,0,0,0,137.189596148386,179.718364159796,0,175.196329314064,0,193.659409924573,0,172.608400267715
255.441154257905,212.592150359921,0,232.945974238958,0,154.784755881607,0,197.486504603685,108.136066660554,115.871357769661,89.3673883748406,333.645516435298,140.574866691684,90.7216186966914,0,0,0,0,314.611698427915,173.001559092555,198.528111506785,101.895308036513,115.868441404982,219.040656038919,80.4367166559625,90.1317194604647,0,231.050882209,181.316358113209,89.1590885155172,111.226326353722,128.846764897717,0,195.822649557859,124.853650664477,175.196329314064,0,74.5815074003433,0,101.443495235174,112.349934713559
0,104.369974912428,0,0,276.620869034647,219.430938885781,151.695570509541,186.348837226466,0,0,93.4234866874731,0,300.031143529538,0,62.859596780235,0,0,0,153.453047983244,261.440278806413,0,0,178.683678585178,0,0,101.5853655613,124.698445421759,223.705816669619,158.955087279859,0,0,0,0,180.90030328818,97.3506957544063,0,74.5815074003433,0,0,164.032723165762,97.5855511246009
0,0,0,0,81.9664354533492,228.792310020318,0,125.416941482916,0,94.126460729827,94.7280504127031,241.57250333243,0,0,0,0,0,0,103.519938150021,0,249.905610015455,0,0,111.435629183184,0,98.2230592632363,0,0,188.936291522747,206.912707094411,0,0,0,325.937289045041,0,193.659409924573,0,0,0,218.045528847001,0
0,240.185081663983,0,0,0,0,163.059043292369,139.654362654449,110.384905066973,94.9380989123498,0,125.994729980093,0,165.893015276821,199.492852797962,0,251.098274723989,0,143.005810983322,128.405764333981,0,348.674510760064,139.93285932648,0,173.538155409849,177.763106506206,101.350815329073,115.332064605654,98.417953423071,66.5008477853491,0,165.597665022977,0,206.472608421747,0,0,101.443495235174,164.032723165762,218.045528847001,0,197.893790332676
0,0,0,320.356811100276,215.611029055736,0,0,72.2278283150671,209.996727521564,87.8456058929559,0,93.5029580098427,0,220.963068032256,0,205.839960264176,0,0,0,259.055025639447,201.100640800745,0,0,161.325017232684,0,259.442917595754,100.812745974529,89.9429017381717,138.425725342224,120.567029282014,0,0,0,283.248188884028,0,172.608400267715,112.349934713559,97.5855511246009,0,197.893790332676,0
