0,0,0,0,0,0,0,0,0,0,276.620869034647,236.681907140956,0,0,0,0,0,0,0,202.712457066107,0,0,0,0,0,0,0,0,0,0,0,0,0,353.822894641502,110.384905066973,0,0,0,0,0,231.050882209
0,0,0,0,195.314816908693,0,0,0,0,0,0,0,0,0,0,0,0,0,0,146.99041817625,89.707245288964,0,0,0,0,218.045528847001,0,116.176698124939,0,0,0,0,0,252.487290983309,0,0,193.63278243493,0,0,0,0
0,0,0,0,0,0,0,0,0,0,215.611029055736,0,0,0,0,0,0,0,0,0,0,0,0,0,0,0,0,0,0,142.385058730083,0,0,0,0,164.032723165762,0,124.853650664477,0,119.345624434514,0,0
0,0,0,0,0,0,0,0,0,0,0,0,0,0,0,0,0,0,0,119.728129215699,134.960780198024,0,183.786860782462,0,0,255.441154257905,173.059382066957,115.114253591495,0,58.3493451392805,115.194491798135,0,0,154.784755881607,0,138.425725342224,97.5855511246009,0,165.893015276821,171.906398392157,0
0,195.314816908693,0,0,0,0,124.698445421759,0,242.790381480436,0,0,99.3508940827211,0,261.440278806413,0,0,0,0,0,0,89.1590885155172,0,0,0,85.7623170715703,190.185165668632,197.893790332676,259.442917595754,284.529238481835,0,0,0,0,153.453047983244,0,101.350815329073,0,0,194.442125915551,0,0
0,0,0,0,0,0,0,0,306.344527664232,112.793316814908,0,228.792310020318,0,0,0,0,0,74.7304794244225,0,117.208001126138,0,82.6426202489162,0,0,0,0,172.608400267715,73.4795582048751,165.597665022977,0,0,0,0,338.131802716296,0,187.77054666536,67.8267069095267,98.2230592632363,0,128.405764333981,0
0,0,0,0,124.698445421759,0,0,0,0,0,228.075434767255,89.9429017381717,0,0,0,0,0,0,0,227.504408813069,0,0,0,177.763106506206,0,137.239127032733,0,0,87.8456058929559,0,0,0,232.945974238958,116.054372245433,113.059176128709,0,115.541295036174,0,106.128596538706,145.74089716123,0
0,0,0,0,0,0,0,0,120.912756812582,0,101.5853655613,0,0,0,158.955087279859,0,0,0,169.742003380707,135.294330067913,0,0,191.519780382943,0,0,161.74915061469,103.519938150021,180.543851962045,106.533627130087,0,0,139.93285932648,0,0,209.996727521564,0,211.840482897052,188.936291522747,0,219.430938885781,224.551207449728
0,0,0,0,242.790381480436,306.344527664232,0,120.912756812582,0,153.876396855887,0,0,0,0,0,0,0,0,0,0,0,163.945208919892,0,198.528111506785,0,0,0,0,0,0,0,208.005106191961,0,193.777661225572,139.654362654449,0,137.177378802006,155.24952173131,0,0,0
0,0,0,0,0,112.793316814908,0,0,153.876396855887,0,133.984214699576,205.839960264176,0,192.135034768848,261.605527103798,0,0,0,250.461724766314,225.013371621378,198.964527389285,0,161.275817184598,0,0,333.645516435298,0,82.1742780037132,98.6790043377568,0,0,0,0,94.9380989123498,0,217.157696745803,113.144980278377,249.798812580765,0,0,62.859596780235
276.620869034647,0,215.611029055736,0,0,0,228.075434767255,101.5853655613,0,133.984214699576,0,0,0,0,0,73.1029054543569,195.822649557859,0,241.635434294794,0,321.864157986053,0,0,0,0,0,0,0,0,240.185081663983,0,81.2827395071039,0,109.093416850988,75.4497121078207,0,94.8881692391942,163.059043292369,0,89.3673883748406,0
236.681907140956,0,0,0,99.3508940827211,228.792310020318,89.9429017381717,0,0,205.839960264176,0,0,0,0,0,0,306.640284138334,201.44584889478,0,204.481117647118,133.218162784108,0,94.027247878695,329.719143597451,0,125.416941482916,153.609372090384,180.90030328818,0,0,0,0,0,180.355266595273,128.530575464043,0,220.901129804706,323.781250289068,151.806152521152,167.066576495979,241.57250333243
0,0,0,0,0,0,0,0,0,0,0,0,0,0,0,0,0,0,0,148.808626413748,0,0,0,0,0,115.871357769661,178.748963182352,0,0,0,0,0,0,114.649126378906,0,0,0,205.183249704085,0,0,173.201474590904
0,0,0,0,261.440278806413,0,0,0,0,192.135034768848,0,0,0,0,140.574866691684,0,0,0,0,0,0,226.825099357786,104.915316975638,173.001559092555,303.527509149359,92.5568465385234,108.136066660554,93.4234866874731,321.124897279917,0,0,0,0,231.715271819474,0,0,0,151.695570509541,0,112.349934713559,0
0,0,0,0,0,0,0,158.955087279859,0,261.605527103798,0,0,0,140.574866691684,0,146.770754374523,0,0,0,0,0,0,0,0,0,112.823430872325,108.381749703452,0,0,158.567996645797,0,0,0,0,178.683678585178,188.851177466023,348.674510760064,0,347.376449530863,0,160.530221557972
0,0,0,0,0,0,0,0,0,0,73.1029054543569,0,0,0,146.770754374523,0,104.369974912428,62.311273509377,0,325.937289045041,0,0,197.486504603685,0,0,0,0,120.567029282014,0,0,0,0,0,0,196.032358954952,82.6299537488922,184.249961885477,0,238.934743274142,0,0
0,0,0,0,0,0,0,0,0,0,195.822649557859,306.640284138334,0,0,0,104.369974912428,0,0,0,101.85207633558,0,0,0,155.901486485736,0,0,0,0,253.401634605989,0,0,0,0,101.443495235174,136.792307586862,90.7216186966914,0,0,0,146.465927798921,0
0,0,0,0,0,74.7304794244225,0,0,0,0,0,201.44584889478,0,0,0,62.311273509377,0,0,0,0,0,0,201.100640800745,0,0,0,0,111.226326353722,0,0,0,0,0,0,0,80.8080171296381,241.682021696872,251.098274723989,71.4788760670054,0,0
0,0,0,0,0,0,0,169.742003380707,0,250.461724766314,241.635434294794,0,0,0,0,0,0,0,0,0,0,0,97.3232815600345,0,97.3506957544063,0,0,154.065933476765,0,96.5937438588657,0,204.084074037941,0,0,174.013630695256,192.601533877686,193.055010680236,0,0,269.936825670274,0
202.712457066107,146.99041817625,0,119.728129215699,0,117.208001126138,227.504408813069,135.294330067913,0,225.013371621378,0,204.481117647118,148.808626413748,0,0,325.937289045041,101.85207633558,0,0,0,0,0,0,283.88658203332,0,0,0,161.325017232684,0,0,135.667029391615,0,0,173.538155409849,0,0,0,0,0,92.5207898118833,72.2278283150671
0,89.707245288964,0,134.960780198024,89.1590885155172,0,0,0,0,198.964527389285,321.864157986053,133.218162784108,0,0,0,0,0,0,0,0,0,0,0,0,0,0,249.905610015455,0,213.67670887414,219.078548227669,0,0,0,205.09013266389,0,106.926813611922,193.659409924573,0,0,0,95.7590805983148
0,0,0,0,0,82.6426202489162,0,0,163.945208919892,0,0,0,0,226.825099357786,0,0,0,0,0,0,0,0,0,0,0,138.33942793804,157.852515740516,0,0,0,0,0,0,0,0,0,169.453147353278,0,0,224.523755099568,160.537522273714
0,0,0,183.786860782462,0,0,0,191.519780382943,0,161.275817184598,0,94.027247878695,0,104.915316975638,0,197.486504603685,0,201.100640800745,97.3232815600345,0,0,0,0,247.66948903751,0,0,0,199.492852797962,0,206.472608421747,0,131.969743415579,0,154.142998692322,0,0,0,0,0,200.878319874537,314.611698427915
0,0,0,0,0,0,177.763106506206,0,198.528111506785,0,0,329.719143597451,0,173.001559092555,0,0,155.901486485736,0,0,283.88658203332,0,0,247.66948903751,0,74.4197823064597,172.892533368851,100.812745974529,0,151.036729364761,0,0,0,0,74.5815074003433,111.435629183184,61.0664810463559,128.846764897717,219.040656038919,98.417953423071,221.805809452716,146.814226519809
0,0,0,0,85.7623170715703,0,0,0,0,0,0,0,0,303.527509149359,0,0,0,0,97.3506957544063,0,0,0,0,74.4197823064597,0,0,0,179.718364159796,345.797434674459,0,0,0,0,0,0,0,196.04190773555,283.248188884028,0,85.6072705949986,93.5029580098427
0,218.045528847001,0,255.441154257905,190.185165668632,0,137.239127032733,161.74915061469,0,333.645516435298,0,125.416941482916,115.871357769661,92.5568465385234,112.823430872325,0,0,0,0,0,0,138.33942793804,0,172.892533368851,0,0,150.161410108805,357.423078228283,186.973586461633,0,0,0,0,153.672550905948,106.33736463831,0,212.592150359921,122.106946855269,0,0,139.792601838991
0,0,0,173.059382066957,197.893790332676,172.608400267715,0,103.519938150021,0,0,0,153.609372090384,178.748963182352,108.136066660554,108.381749703452,0,0,0,0,0,249.905610015455,157.852515740516,0,100.812745974529,0,150.161410108805,0,181.316358113209,0,0,0,161.694997919804,0,0,94.7280504127031,151.075371308616,0,262.382215657622,335.371040201042,134.566479261133,101.895308036513
0,116.176698124939,0,115.114253591495,259.442917595754,73.4795582048751,0,180.543851962045,0,82.1742780037132,0,180.90030328818,0,93.4234866874731,0,120.567029282014,0,111.226326353722,154.065933476765,161.325017232684,0,0,199.492852797962,0,179.718364159796,357.423078228283,181.316358113209,0,0,178.224497384947,114.511014214502,143.005810983322,125.81518738273,94.7529894315991,168.241326865882,259.055025639447,161.302948562323,0,171.230058197369,263.534399241887,92.3502314520023
0,0,0,0,284.529238481835,165.597665022977,87.8456058929559,106.533627130087,0,98.6790043377568,0,0,0,321.124897279917,0,0,253.401634605989,0,0,0,213.67670887414,0,0,151.036729364761,345.797434674459,186.973586461633,0,0,0,99.2646516363145,0,289.631679007608,96.7845769653343,192.693757128262,115.332064605654,0,80.4367166559625,94.126460729827,154.070293657878,220.963068032256,175.196329314064
0,0,142.385058730083,58.3493451392805,0,0,0,0,0,0,240.185081663983,0,0,0,158.567996645797,0,0,0,96.5937438588657,0,219.078548227669,0,206.472608421747,0,0,0,0,178.224497384947,99.2646516363145,0,0,0,0,0,0,0,0,125.994729980093,0,76.5072790361762,0
0,0,0,115.194491798135,0,0,0,0,0,0,0,0,0,0,0,0,0,0,0,135.667029391615,0,0,0,0,0,0,0,114.511014214502,0,0,0,0,0,0,0,141.204637091722,66.5008477853491,0,0,0,115.868441404982
0,0,0,0,0,0,0,139.93285932648,208.005106191961,0,81.2827395071039,0,0,0,0,0,0,0,204.084074037941,0,0,0,131.969743415579,0,0,0,161.694997919804,143.005810983322,289.631679007608,0,0,0,0,0,136.685314494491,0,206.912707094411,195.378266313867,0,0,0
0,0,0,0,0,0,232.945974238958,0,0,0,0,0,0,0,0,0,0,0,0,0,0,0,0,0,0,0,0,125.81518738273,96.7845769653343,0,0,0,0,0,162.833808134102,0,82.4756938751058,0,0,0,0
353.822894641502,252.487290983309,0,154.784755881607,153.453047983244,338.131802716296,116.054372245433,0,193.777661225572,94.9380989123498,109.093416850988,180.355266595273,114.649126378906,231.715271819474,0,0,101.443495235174,0,0,173.538155409849,205.09013266389,0,154.142998692322,74.5815074003433,0,153.672550905948,0,94.7529894315991,192.693757128262,0,0,0,0,0,214.116367924649,320.356811100276,280.376028997576,78.9559315574845,0,78.8552325762656,70.4221432298295
110.384905066973,0,164.032723165762,0,0,0,113.059176128709,209.996727521564,139.654362654449,0,75.4497121078207,128.530575464043,0,0,178.683678585178,196.032358954952,136.792307586862,0,174.013630695256,0,0,0,0,111.435629183184,0,106.33736463831,94.7280504127031,168.241326865882,115.332064605654,0,0,136.685314494491,162.833808134102,214.116367924649,0,71.5579325720569,137.189596148386,151.01089327964,84.3635741045246,222.053792850439,81.9664354533492
0,0,0,138.425725342224,101.350815329073,187.77054666536,0,0,0,217.157696745803,0,0,0,0,188.851177466023,82.6299537488922,90.7216186966914,80.8080171296381,192.601533877686,0,106.926813611922,0,0,61.0664810463559,0,0,151.075371308616,259.055025639447,0,0,141.204637091722,0,0,320.356811100276,71.5579325720569,0,90.1317194604647,0,0,186.348837226466,101.605593487621
0,193.63278243493,124.853650664477,97.5855511246009,0,67.8267069095267,115.541295036174,211.840482897052,137.177378802006,113.144980278377,94.8881692391942,220.901129804706,0,0,348.674510760064,184.249961885477,0,241.682021696872,193.055010680236,0,193.659409924573,169.453147353278,0,128.846764897717,196.04190773555,212.592150359921,0,161.302948562323,80.4367166559625,0,66.5008477853491,206.912707094411,82.4756938751058,280.376028997576,137.189596148386,90.1317194604647,0,118.522099274347,159.183173818572,223.705816669619,0
0,0,0,0,0,98.2230592632363,0,188.936291522747,155.24952173131,249.798812580765,163.059043292369,323.781250289068,205.183249704085,151.695570509541,0,0,0,251.098274723989,0,0,0,0,0,219.040656038919,283.248188884028,122.106946855269,262.382215657622,0,94.126460729827,125.994729980093,0,195.378266313867,0,78.9559315574845,151.01089327964,0,118.522099274347,0,0,309.997227542691,0
0,0,119.345624434514,165.893015276821,194.442125915551,0,106.128596538706,0,0,0,0,151.806152521152,0,0,347.376449530863,238.934743274142,0,71.4788760670054,0,0,0,0,0,98.417953423071,0,0,335.371040201042,171.230058197369,154.070293657878,0,0,0,0,0,84.3635741045246,0,159.183173818572,0,0,142.054529471577,0
0,0,0,171.906398392157,0,128.405764333981,145.74089716123,219.430938885781,0,0,89.3673883748406,167.066576495979,0,112.349934713559,0,0,146.465927798921,0,269.936825670274,92.5207898118833,0,224.523755099568,200.878319874537,221.805809452716,85.6072705949986,0,134.566479261133,263.534399241887,220.963068032256,76.5072790361762,0,0,0,78.8552325762656,222.053792850439,186.348837226466,223.705816669619,309.997227542691,142.054529471577,0,300.031143529538
231.050882209,0,0,0,0,0,0,224.551207449728,0,62.859596780235,0,241.57250333243,173.201474590904,0,160.530221557972,0,0,0,0,72.2278283150671,95.7590805983148,160.537522273714,314.611698427915,146.814226519809,93.5029580098427,139.792601838991,101.895308036513,92.3502314520023,175.196329314064,0,115.868441404982,0,0,70.4221432298295,81.9664354533492,101.605593487621,0,0,0,300.031143529538,0
