0,0,0,0,0,0,0,0,0,0,0,0,0,0,0,0,0,0,0,0,221.805809452716,0,306.344527664232,0,0,0,0,0,0,0,0,0,0,155.24952173131,0,226.825099357786,99.3508940827211,0,0,261.440278806413,0
0,0,0,0,0,0,0,0,0,178.224497384947,0,0,0,172.608400267715,0,131.969743415579,0,0,0,0,0,0,0,0,0,0,0,101.85207633558,0,0,0,0,0,223.705816669619,93.4234866874731,0,164.032723165762,0,0,0,0
0,0,0,0,0,0,0,80.8080171296381,0,0,0,0,0,0,0,0,0,0,0,0,0,0,0,87.8456058929559,345.797434674459,0,0,0,0,0,0,190.185165668632,0,0,0,0,0,0,97.3506957544063,0,0
0,0,0,0,0,0,0,0,192.601533877686,0,0,0,0,0,0,0,0,0,0,0,0,0,0,89.1590885155172,0,186.973586461633,208.005106191961,159.183173818572,219.040656038919,173.001559092555,0,0,220.901129804706,0,71.4788760670054,115.332064605654,209.996727521564,0,0,161.302948562323,114.649126378906
0,0,0,0,0,143.005810983322,82.6426202489162,0,104.369974912428,218.045528847001,0,146.770754374523,348.674510760064,283.88658203332,0,89.707245288964,0,0,0,0,98.2230592632363,0,0,0,347.376449530863,0,72.2278283150671,0,0,0,0,0,0,75.4497121078207,153.876396855887,0,155.901486485736,0,0,0,0
0,0,0,0,143.005810983322,0,0,158.955087279859,0,212.592150359921,0,0,236.681907140956,0,0,0,202.712457066107,0,0,0,151.695570509541,0,157.852515740516,0,0,0,0,0,0,0,0,198.964527389285,0,128.846764897717,111.226326353722,321.864157986053,101.895308036513,0,240.185081663983,231.050882209,0
0,0,0,0,82.6426202489162,0,0,73.1029054543569,0,0,0,0,0,0,0,0,125.81518738273,0,106.33736463831,146.465927798921,0,0,0,0,0,0,224.551207449728,205.183249704085,0,0,0,0,180.543851962045,181.316358113209,197.893790332676,0,148.808626413748,252.487290983309,0,178.748963182352,0
0,0,80.8080171296381,0,0,158.955087279859,73.1029054543569,0,0,0,309.997227542691,70.4221432298295,0,225.013371621378,0,0,0,161.74915061469,0,175.196329314064,0,0,0,0,280.376028997576,200.878319874537,193.659409924573,0,158.567996645797,0,0,0,0,119.728129215699,0,0,196.032358954952,0,0,160.537522273714,153.609372090384
0,0,0,192.601533877686,104.369974912428,0,0,0,0,0,0,113.059176128709,0,0,111.435629183184,0,0,0,0,0,0,0,90.1317194604647,66.5008477853491,0,0,0,101.350815329073,224.523755099568,0,0,0,0,0,178.683678585178,0,0,90.7216186966914,140.574866691684,0,0
0,178.224497384947,0,0,218.045528847001,212.592150359921,0,0,0,0,183.786860782462,0,115.541295036174,263.534399241887,0,0,0,0,269.936825670274,241.635434294794,0,0,0,289.631679007608,94.126460729827,0,0,89.3673883748406,0,0,0,0,0,0,76.5072790361762,120.912756812582,204.084074037941,96.7845769653343,81.2827395071039,259.442917595754,154.784755881607
0,0,0,0,0,0,0,309.997227542691,0,183.786860782462,0,211.840482897052,0,135.294330067913,0,0,89.9429017381717,0,0,0,0,0,0,115.194491798135,0,136.792307586862,261.605527103798,161.694997919804,0,74.5815074003433,0,276.620869034647,0,118.522099274347,0,0,172.892533368851,0,137.239127032733,115.868441404982,238.934743274142
0,0,0,0,146.770754374523,0,0,70.4221432298295,113.059176128709,0,211.840482897052,0,0,227.504408813069,0,232.945974238958,0,231.715271819474,199.492852797962,0,0,0,71.5579325720569,0,0,195.822649557859,73.4795582048751,82.1742780037132,206.912707094411,193.63278243493,134.960780198024,215.611029055736,0,117.208001126138,0,241.57250333243,219.078548227669,0,151.036729364761,0,113.144980278377
0,0,0,0,348.674510760064,236.681907140956,0,0,0,115.541295036174,0,0,0,0,74.4197823064597,0,0,135.667029391615,0,0,0,0,0,0,0,0,0,0,0,0,0,0,0,0,0,85.6072705949986,0,0,0,0,0
0,172.608400267715,0,0,283.88658203332,0,0,225.013371621378,0,263.534399241887,135.294330067913,227.504408813069,0,0,0,0,0,138.425725342224,0,151.806152521152,0,0,0,0,0,169.742003380707,0,0,0,0,92.3502314520023,0,0,0,0,114.511014214502,128.530575464043,0,0,204.481117647118,247.66948903751
0,0,0,0,0,0,0,0,111.435629183184,0,0,0,74.4197823064597,0,0,0,0,0,0,0,0,168.241326865882,85.7623170715703,259.055025639447,67.8267069095267,201.100640800745,0,165.893015276821,0,0,0,0,0,0,153.453047983244,241.682021696872,217.157696745803,0,0,100.812745974529,0
0,131.969743415579,0,0,89.707245288964,0,0,0,0,0,0,232.945974238958,0,0,0,0,0,0,0,162.833808134102,0,0,163.945208919892,0,0,0,93.5029580098427,81.9664354533492,0,250.461724766314,0,0,0,180.355266595273,251.098274723989,0,0,133.984214699576,0,0,0
0,0,0,0,0,202.712457066107,125.81518738273,0,0,0,89.9429017381717,0,0,0,0,0,0,0,0,0,112.823430872325,0,0,0,0,0,0,142.385058730083,195.378266313867,0,0,0,0,94.7280504127031,139.654362654449,0,99.2646516363145,184.249961885477,0,0,0
0,0,0,0,0,0,0,161.74915061469,0,0,0,231.715271819474,135.667029391615,138.425725342224,0,0,0,0,0,0,128.405764333981,0,0,0,0,0,0,0,0,0,0,0,0,214.116367924649,0,0,201.44584889478,124.853650664477,0,154.070293657878,0
0,0,0,0,0,0,106.33736463831,0,0,269.936825670274,0,199.492852797962,0,0,0,0,0,0,0,0,0,0,151.075371308616,94.8881692391942,97.3232815600345,186.348837226466,0,0,92.5568465385234,0,192.135034768848,0,0,98.417953423071,84.3635741045246,0,0,0,0,0,108.136066660554
0,0,0,0,0,0,146.465927798921,175.196329314064,0,241.635434294794,0,0,0,151.806152521152,0,162.833808134102,0,0,0,0,228.792310020318,0,106.128596538706,0,0,92.5207898118833,171.230058197369,161.275817184598,0,0,0,0,0,146.814226519809,116.054372245433,329.719143597451,134.566479261133,106.926813611922,0,255.441154257905,320.356811100276
221.805809452716,0,0,0,98.2230592632363,151.695570509541,0,0,0,0,0,0,0,0,0,0,112.823430872325,128.405764333981,0,228.792310020318,0,0,0,0,0,139.792601838991,0,0,219.430938885781,101.605593487621,0,0,0,139.93285932648,124.698445421759,0,0,173.201474590904,0,0,146.99041817625
0,0,0,0,0,0,0,0,0,0,0,0,0,0,168.241326865882,0,0,0,0,0,0,0,0,108.381749703452,0,253.401634605989,188.851177466023,125.416941482916,0,0,0,0,0,193.055010680236,0,0,0,103.519938150021,0,125.994729980093,0
306.344527664232,0,0,0,0,157.852515740516,0,0,90.1317194604647,0,0,71.5579325720569,0,0,85.7623170715703,163.945208919892,0,0,151.075371308616,106.128596538706,0,0,0,306.640284138334,0,194.442125915551,0,338.131802716296,94.027247878695,0,0,0,0,165.597665022977,145.74089716123,0,80.4367166559625,0,0,0,0
0,0,87.8456058929559,89.1590885155172,0,0,0,0,66.5008477853491,289.631679007608,115.194491798135,0,0,0,259.055025639447,0,0,0,94.8881692391942,0,0,108.381749703452,306.640284138334,0,82.6299537488922,0,205.839960264176,133.218162784108,0,116.176698124939,0,0,0,97.5855511246009,136.685314494491,104.915316975638,353.822894641502,153.672550905948,0,195.314816908693,0
0,0,345.797434674459,0,347.376449530863,0,0,280.376028997576,0,94.126460729827,0,0,0,0,67.8267069095267,0,0,0,97.3232815600345,0,0,0,0,82.6299537488922,0,0,0,138.33942793804,0,0,0,109.093416850988,0,0,0,0,192.693757128262,0,0,0,0
0,0,0,186.973586461633,0,0,0,200.878319874537,0,0,136.792307586862,195.822649557859,0,169.742003380707,201.100640800745,0,0,0,186.348837226466,92.5207898118833,139.792601838991,253.401634605989,194.442125915551,0,0,0,0,115.114253591495,142.054529471577,0,154.142998692322,242.790381480436,0,174.013630695256,0,0,101.443495235174,0,180.90030328818,228.075434767255,249.798812580765
0,0,0,208.005106191961,72.2278283150671,0,224.551207449728,193.659409924573,0,0,261.605527103798,73.4795582048751,0,0,0,93.5029580098427,0,0,0,171.230058197369,0,188.851177466023,0,205.839960264176,0,0,0,78.9559315574845,213.67670887414,0,0,0,137.177378802006,160.530221557972,325.937289045041,120.567029282014,0,62.311273509377,62.859596780235,151.01089327964,220.963068032256
0,101.85207633558,0,159.183173818572,0,0,205.183249704085,0,101.350815329073,89.3673883748406,161.694997919804,82.1742780037132,0,0,165.893015276821,81.9664354533492,142.385058730083,0,0,161.275817184598,0,125.416941482916,338.131802716296,133.218162784108,138.33942793804,115.114253591495,78.9559315574845,0,61.0664810463559,0,0,115.871357769661,0,249.905610015455,188.936291522747,94.7529894315991,161.325017232684,122.106946855269,110.384905066973,323.781250289068,300.031143529538
0,0,0,219.040656038919,0,0,0,158.567996645797,224.523755099568,0,0,206.912707094411,0,0,0,0,195.378266313867,0,92.5568465385234,0,219.430938885781,0,94.027247878695,0,0,142.054529471577,213.67670887414,61.0664810463559,0,262.382215657622,205.09013266389,0,0,335.371040201042,74.7304794244225,173.059382066957,222.053792850439,98.6790043377568,82.4756938751058,141.204637091722,94.9380989123498
0,0,0,173.001559092555,0,0,0,0,0,0,74.5815074003433,193.63278243493,0,0,0,250.461724766314,0,0,0,0,101.605593487621,0,0,116.176698124939,0,0,0,0,262.382215657622,0,0,0,0,0,167.066576495979,95.7590805983148,0,101.5853655613,0,177.763106506206,0
0,0,0,0,0,0,0,0,0,0,0,134.960780198024,0,92.3502314520023,0,0,0,0,192.135034768848,0,0,0,0,0,0,154.142998692322,0,0,205.09013266389,0,0,0,0,0,0,0,163.059043292369,0,0,0,0
0,0,190.185165668632,0,0,198.964527389285,0,0,0,0,276.620869034647,215.611029055736,0,0,0,0,0,0,0,0,0,0,0,0,109.093416850988,242.790381480436,0,115.871357769661,0,0,0,0,0,0,0,0,303.527509149359,321.124897279917,0,150.161410108805,169.453147353278
0,0,0,220.901129804706,0,0,180.543851962045,0,0,0,0,0,0,0,0,0,0,0,0,0,0,0,0,0,0,0,137.177378802006,0,0,0,0,0,0,0,0,0,0,0,187.77054666536,154.065933476765,0
155.24952173131,223.705816669619,0,0,75.4497121078207,128.846764897717,181.316358113209,119.728129215699,0,0,118.522099274347,117.208001126138,0,0,0,180.355266595273,94.7280504127031,214.116367924649,98.417953423071,146.814226519809,139.93285932648,193.055010680236,165.597665022977,97.5855511246009,0,174.013630695256,160.530221557972,249.905610015455,335.371040201042,0,0,0,0,0,112.793316814908,0,283.248188884028,333.645516435298,58.3493451392805,0,206.472608421747
0,93.4234866874731,0,71.4788760670054,153.876396855887,111.226326353722,197.893790332676,0,178.683678585178,76.5072790361762,0,0,0,0,153.453047983244,251.098274723989,139.654362654449,0,84.3635741045246,116.054372245433,124.698445421759,0,145.74089716123,136.685314494491,0,0,325.937289045041,188.936291522747,74.7304794244225,167.066576495979,0,0,0,112.793316814908,0,106.533627130087,112.349934713559,173.538155409849,0,198.528111506785,191.519780382943
226.825099357786,0,0,115.332064605654,0,321.864157986053,0,0,0,120.912756812582,0,241.57250333243,85.6072705949986,114.511014214502,241.682021696872,0,0,0,0,329.719143597451,0,0,0,104.915316975638,0,0,120.567029282014,94.7529894315991,173.059382066957,95.7590805983148,0,0,0,0,106.533627130087,0,179.718364159796,96.5937438588657,0,171.906398392157,314.611698427915
99.3508940827211,164.032723165762,0,209.996727521564,155.901486485736,101.895308036513,148.808626413748,196.032358954952,0,204.084074037941,172.892533368851,219.078548227669,0,128.530575464043,217.157696745803,0,99.2646516363145,201.44584889478,0,134.566479261133,0,0,80.4367166559625,353.822894641502,192.693757128262,101.443495235174,0,161.325017232684,222.053792850439,0,163.059043292369,303.527509149359,0,283.248188884028,112.349934713559,179.718364159796,0,284.529238481835,357.423078228283,197.486504603685,196.04190773555
0,0,0,0,0,0,252.487290983309,0,90.7216186966914,96.7845769653343,0,0,0,0,0,133.984214699576,184.249961885477,124.853650664477,0,106.926813611922,173.201474590904,103.519938150021,0,153.672550905948,0,0,62.311273509377,122.106946855269,98.6790043377568,101.5853655613,0,321.124897279917,0,333.645516435298,173.538155409849,96.5937438588657,284.529238481835,0,0,0,78.8552325762656
0,0,97.3506957544063,0,0,240.185081663983,0,0,140.574866691684,81.2827395071039,137.239127032733,151.036729364761,0,0,0,0,0,0,0,0,0,0,0,0,0,180.90030328818,62.859596780235,110.384905066973,82.4756938751058,0,0,0,187.77054666536,58.3493451392805,0,0,357.423078228283,0,0,193.777661225572,137.189596148386
261.440278806413,0,0,161.302948562323,0,231.050882209,178.748963182352,160.537522273714,0,259.442917595754,115.868441404982,0,0,204.481117647118,100.812745974529,0,0,154.070293657878,0,255.441154257905,0,125.994729980093,0,195.314816908693,0,228.075434767255,151.01089327964,323.781250289068,141.204637091722,177.763106506206,0,150.161410108805,154.065933476765,0,198.528111506785,171.906398392157,197.486504603685,0,193.777661225572,0,119.345624434514
0,0,0,114.649126378906,0,0,0,153.609372090384,0,154.784755881607,238.934743274142,113.144980278377,0,247.66948903751,0,0,0,0,108.136066660554,320.356811100276,146.99041817625,0,0,0,0,249.798812580765,220.963068032256,300.031143529538,94.9380989123498,0,0,169.453147353278,0,206.472608421747,191.519780382943,314.611698427915,196.04190773555,78.8552325762656,137.189596148386,119.345624434514,0
