0,0,0,0,0,0,0,0,0,0,0,0,0,0,221.805809452716,94.027247878695,0,0,0,0,0,0,0,0,0,0,108.381749703452,101.895308036513,0,0,0,0,0,172.608400267715,0,0,0,0,0,251.098274723989,0
0,0,0,0,0,0,0,199.492852797962,0,0,0,0,0,0,0,186.973586461633,0,0,0,0,119.728129215699,0,180.355266595273,0,0,0,178.224497384947,0,0,0,0,0,0,0,186.348837226466,0,0,197.486504603685,0,0,0
0,0,0,0,0,0,0,0,0,0,0,0,0,0,0,0,0,0,261.440278806413,0,0,0,0,0,0,0,0,0,0,0,0,0,0,0,0,175.196329314064,161.325017232684,0,0,85.7623170715703,82.1742780037132
0,0,0,0,0,155.24952173131,0,116.054372245433,0,320.356811100276,0,163.945208919892,0,0,0,0,0,0,217.157696745803,205.839960264176,158.567996645797,0,0,173.059382066957,0,0,0,0,247.66948903751,204.084074037941,0,0,0,191.519780382943,0,0,89.1590885155172,0,0,80.8080171296381,0
0,0,0,0,0,0,0,0,0,100.812745974529,141.204637091722,0,321.124897279917,0,148.808626413748,0,0,0,0,151.695570509541,155.901486485736,0,125.81518738273,219.430938885781,0,0,161.74915061469,161.694997919804,115.541295036174,0,0,0,0,116.176698124939,0,0,173.538155409849,0,0,146.814226519809,0
0,0,0,155.24952173131,0,0,0,0,323.781250289068,0,120.912756812582,165.597665022977,0,0,0,0,0,0,0,96.5937438588657,0,0,71.4788760670054,0,0,183.786860782462,0,153.672550905948,0,0,0,0,0,188.851177466023,0,259.442917595754,211.840482897052,269.936825670274,0,192.693757128262,193.777661225572
0,0,0,0,0,0,0,250.461724766314,0,74.4197823064597,93.4234866874731,0,0,0,0,0,0,0,0,0,0,0,0,0,150.161410108805,0,184.249961885477,136.685314494491,61.0664810463559,0,128.405764333981,338.131802716296,0,0,0,0,280.376028997576,219.040656038919,193.055010680236,345.797434674459,0
0,199.492852797962,0,116.054372245433,0,0,250.461724766314,0,174.013630695256,62.859596780235,215.611029055736,0,0,0,139.654362654449,0,0,0,0,113.059176128709,0,117.208001126138,0,0,0,333.645516435298,0,0,0,0,0,0,0,58.3493451392805,158.955087279859,0,201.100640800745,180.90030328818,0,220.963068032256,93.5029580098427
0,0,0,0,0,323.781250289068,0,174.013630695256,0,0,0,161.302948562323,0,181.316358113209,0,0,0,0,0,0,0,0,0,0,0,0,0,159.183173818572,0,0,0,0,0,119.345624434514,0,283.88658203332,173.001559092555,0,85.6072705949986,306.344527664232,78.8552325762656
0,0,0,320.356811100276,100.812745974529,0,74.4197823064597,62.859596780235,0,0,151.806152521152,136.792307586862,0,177.763106506206,104.369974912428,0,190.185165668632,0,0,0,276.620869034647,0,94.7529894315991,0,0,0,0,178.748963182352,241.57250333243,0,0,0,0,196.032358954952,0,0,138.425725342224,212.592150359921,82.6299537488922,118.522099274347,0
0,0,0,0,141.204637091722,120.912756812582,93.4234866874731,215.611029055736,0,151.806152521152,0,220.901129804706,0,0,0,0,0,0,0,92.5568465385234,171.906398392157,0,0,142.385058730083,99.3508940827211,0,94.126460729827,94.9380989123498,206.912707094411,0,0,0,0,99.2646516363145,0,0,140.574866691684,0,208.005106191961,0,0
0,0,0,163.945208919892,0,165.597665022977,0,0,161.302948562323,136.792307586862,220.901129804706,0,0,73.4795582048751,284.529238481835,0,300.031143529538,0,161.275817184598,0,71.5579325720569,0,0,97.5855511246009,0,0,209.996727521564,94.7280504127031,113.144980278377,200.878319874537,0,0,0,111.435629183184,228.792310020318,226.825099357786,98.417953423071,347.376449530863,112.349934713559,0,0
0,0,0,0,321.124897279917,0,0,0,0,0,0,0,0,0,0,0,103.519938150021,168.241326865882,0,0,0,0,0,0,0,0,0,153.453047983244,0,0,0,0,0,0,163.059043292369,0,192.601533877686,0,0,0,0
0,0,0,0,0,0,0,0,181.316358113209,177.763106506206,0,73.4795582048751,0,0,232.945974238958,0,0,0,0,0,0,0,0,154.784755881607,0,101.443495235174,303.527509149359,0,0,240.185081663983,0,0,0,106.533627130087,198.964527389285,213.67670887414,0,321.864157986053,0,241.682021696872,164.032723165762
221.805809452716,0,0,0,148.808626413748,0,0,139.654362654449,0,104.369974912428,0,284.529238481835,0,232.945974238958,0,0,0,0,0,0,0,0,314.611698427915,0,0,115.868441404982,89.3673883748406,231.715271819474,0,0,0,0,0,0,125.416941482916,0,0,0,0,0,194.442125915551
94.027247878695,186.973586461633,0,0,0,0,0,0,0,0,0,0,0,0,0,0,195.378266313867,0,82.4756938751058,0,0,0,0,0,0,0,0,0,74.5815074003433,162.833808134102,0,0,0,0,262.382215657622,115.194491798135,128.846764897717,0,0,135.294330067913,112.793316814908
0,0,0,0,0,0,0,0,0,190.185165668632,0,300.031143529538,103.519938150021,0,0,195.378266313867,0,0,0,0,0,0,0,97.3232815600345,0,0,0,0,0,0,0,335.371040201042,0,193.63278243493,157.852515740516,0,241.635434294794,0,0,188.936291522747,0
0,0,0,0,0,0,0,0,0,0,0,0,168.241326865882,0,0,0,0,0,0,146.465927798921,98.6790043377568,0,0,0,0,73.1029054543569,0,0,173.201474590904,0,0,0,0,227.504408813069,224.523755099568,0,0,0,0,283.248188884028,98.2230592632363
0,0,261.440278806413,217.157696745803,0,0,0,0,0,0,0,161.275817184598,0,0,0,82.4756938751058,0,0,0,153.876396855887,0,0,0,289.631679007608,0,195.314816908693,0,353.822894641502,0,124.853650664477,0,0,0,0,94.8881692391942,0,0,0,89.9429017381717,219.078548227669,0
0,0,0,205.839960264176,151.695570509541,96.5937438588657,0,113.059176128709,0,0,92.5568465385234,0,0,0,0,0,0,146.465927798921,153.876396855887,0,0,0,125.994729980093,0,0,231.050882209,0,0,249.798812580765,114.511014214502,0,0,109.093416850988,0,154.070293657878,169.453147353278,96.7845769653343,128.530575464043,0,80.4367166559625,0
0,119.728129215699,0,158.567996645797,155.901486485736,0,0,0,0,276.620869034647,171.906398392157,71.5579325720569,0,0,0,0,0,98.6790043377568,0,0,0,0,0,0,0,0,0,0,0,0,196.04190773555,179.718364159796,0,0,70.4221432298295,348.674510760064,0,0,259.055025639447,0,106.926813611922
0,0,0,0,0,0,0,117.208001126138,0,0,0,0,0,0,0,0,0,0,0,0,0,0,0,0,110.384905066973,0,0,138.33942793804,112.823430872325,0,0,0,133.984214699576,0,204.481117647118,0,101.5853655613,0,0,0,172.892533368851
0,180.355266595273,0,0,125.81518738273,71.4788760670054,0,0,0,94.7529894315991,0,0,0,0,314.611698427915,0,0,0,0,125.994729980093,0,0,0,0,0,146.770754374523,0,151.075371308616,0,0,0,225.013371621378,0,154.142998692322,97.3506957544063,0,224.551207449728,202.712457066107,0,108.136066660554,84.3635741045246
0,0,0,173.059382066957,219.430938885781,0,0,0,0,0,142.385058730083,97.5855511246009,0,154.784755881607,0,0,97.3232815600345,0,289.631679007608,0,0,0,0,0,122.106946855269,81.9664354533492,236.681907140956,329.719143597451,72.2278283150671,0,0,137.239127032733,0,198.528111506785,0,0,143.005810983322,145.74089716123,89.707245288964,101.85207633558,142.054529471577
0,0,0,0,0,0,150.161410108805,0,0,0,99.3508940827211,0,0,0,0,0,0,0,0,0,0,110.384905066973,0,122.106946855269,0,67.8267069095267,0,137.189596148386,0,0,0,0,0,135.667029391615,66.5008477853491,0,223.705816669619,0,171.230058197369,0,0
0,0,0,0,0,183.786860782462,0,333.645516435298,0,0,0,0,0,101.443495235174,115.868441404982,0,0,73.1029054543569,195.314816908693,231.050882209,0,0,146.770754374523,81.9664354533492,67.8267069095267,0,167.066576495979,197.893790332676,0,0,0,0,0,101.605593487621,62.311273509377,95.7590805983148,238.934743274142,120.567029282014,228.075434767255,115.332064605654,249.905610015455
108.381749703452,178.224497384947,0,0,161.74915061469,0,184.249961885477,0,0,0,94.126460729827,209.996727521564,0,303.527509149359,89.3673883748406,0,0,0,0,0,0,0,0,236.681907140956,0,167.066576495979,0,193.659409924573,82.6426202489162,0,0,0,0,134.960780198024,146.99041817625,101.350815329073,139.93285932648,133.218162784108,169.742003380707,178.683678585178,201.44584889478
101.895308036513,0,0,0,161.694997919804,153.672550905948,136.685314494491,0,159.183173818572,178.748963182352,94.9380989123498,94.7280504127031,153.453047983244,0,231.715271819474,0,0,0,353.822894641502,0,0,138.33942793804,151.075371308616,329.719143597451,137.189596148386,197.893790332676,193.659409924573,0,357.423078228283,153.609372090384,0,106.128596538706,0,76.5072790361762,206.472608421747,115.871357769661,0,255.441154257905,306.640284138334,92.3502314520023,78.9559315574845
0,0,0,247.66948903751,115.541295036174,0,61.0664810463559,0,0,241.57250333243,206.912707094411,113.144980278377,0,0,0,74.5815074003433,0,173.201474590904,0,249.798812580765,0,112.823430872325,0,72.2278283150671,0,0,82.6426202489162,357.423078228283,0,242.790381480436,0,0,0,261.605527103798,134.566479261133,81.2827395071039,160.530221557972,139.792601838991,87.8456058929559,0,263.534399241887
0,0,0,204.084074037941,0,0,0,0,0,0,0,200.878319874537,0,240.185081663983,0,162.833808134102,0,0,124.853650664477,114.511014214502,0,0,0,0,0,0,0,153.609372090384,242.790381480436,0,0,0,0,0,0,154.065933476765,325.937289045041,92.5207898118833,0,0,0
0,0,0,0,0,0,128.405764333981,0,0,0,0,0,0,0,0,0,0,0,0,0,196.04190773555,0,0,0,0,0,0,0,0,0,0,252.487290983309,0,0,214.116367924649,309.997227542691,205.09013266389,0,0,0,0
0,0,0,0,0,0,338.131802716296,0,0,0,0,0,0,0,0,0,335.371040201042,0,0,0,179.718364159796,0,225.013371621378,137.239127032733,0,0,0,106.128596538706,0,0,252.487290983309,0,0,253.401634605989,0,160.537522273714,137.177378802006,0,0,0,192.135034768848
0,0,0,0,0,0,0,0,0,0,0,0,0,0,0,0,0,0,0,109.093416850988,0,133.984214699576,0,0,0,0,0,0,0,0,0,0,0,0,114.649126378906,0,115.114253591495,0,0,0,195.822649557859
172.608400267715,0,0,191.519780382943,116.176698124939,188.851177466023,0,58.3493451392805,119.345624434514,196.032358954952,99.2646516363145,111.435629183184,0,106.533627130087,0,0,193.63278243493,227.504408813069,0,0,0,0,154.142998692322,198.528111506785,135.667029391615,101.605593487621,134.960780198024,76.5072790361762,261.605527103798,0,0,253.401634605989,0,0,187.77054666536,151.036729364761,74.7304794244225,165.893015276821,0,151.01089327964,106.33736463831
0,186.348837226466,0,0,0,0,0,158.955087279859,0,0,0,228.792310020318,163.059043292369,198.964527389285,125.416941482916,262.382215657622,157.852515740516,224.523755099568,94.8881692391942,154.070293657878,70.4221432298295,204.481117647118,97.3506957544063,0,66.5008477853491,62.311273509377,146.99041817625,206.472608421747,134.566479261133,0,214.116367924649,0,114.649126378906,187.77054666536,0,90.7216186966914,180.543851962045,0,0,124.698445421759,0
0,0,175.196329314064,0,0,259.442917595754,0,0,283.88658203332,0,0,226.825099357786,0,213.67670887414,0,115.194491798135,0,0,0,169.453147353278,348.674510760064,0,0,0,0,95.7590805983148,101.350815329073,115.871357769661,81.2827395071039,154.065933476765,309.997227542691,160.537522273714,0,151.036729364761,90.7216186966914,0,0,104.915316975638,0,222.053792850439,0
0,0,161.325017232684,89.1590885155172,173.538155409849,211.840482897052,280.376028997576,201.100640800745,173.001559092555,138.425725342224,140.574866691684,98.417953423071,192.601533877686,0,0,128.846764897717,241.635434294794,0,0,96.7845769653343,0,101.5853655613,224.551207449728,143.005810983322,223.705816669619,238.934743274142,139.93285932648,0,160.530221557972,325.937289045041,205.09013266389,137.177378802006,115.114253591495,74.7304794244225,180.543851962045,0,0,205.183249704085,131.969743415579,111.226326353722,0
0,197.486504603685,0,0,0,269.936825670274,219.040656038919,180.90030328818,0,212.592150359921,0,347.376449530863,0,321.864157986053,0,0,0,0,0,128.530575464043,0,0,202.712457066107,145.74089716123,0,120.567029282014,133.218162784108,255.441154257905,139.792601838991,92.5207898118833,0,0,0,165.893015276821,0,104.915316975638,205.183249704085,0,0,90.1317194604647,218.045528847001
0,0,0,0,0,0,193.055010680236,0,85.6072705949986,82.6299537488922,208.005106191961,112.349934713559,0,0,0,0,0,0,89.9429017381717,0,259.055025639447,0,0,89.707245288964,171.230058197369,228.075434767255,169.742003380707,306.640284138334,87.8456058929559,0,0,0,0,0,0,0,131.969743415579,0,0,0,75.4497121078207
251.098274723989,0,85.7623170715703,80.8080171296381,146.814226519809,192.693757128262,345.797434674459,220.963068032256,306.344527664232,118.522099274347,0,0,0,241.682021696872,0,135.294330067913,188.936291522747,283.248188884028,219.078548227669,80.4367166559625,0,0,108.136066660554,101.85207633558,0,115.332064605654,178.683678585178,92.3502314520023,0,0,0,0,0,151.01089327964,124.698445421759,222.053792850439,111.226326353722,90.1317194604647,0,0,0
0,0,82.1742780037132,0,0,193.777661225572,0,93.5029580098427,78.8552325762656,0,0,0,0,164.032723165762,194.442125915551,112.793316814908,0,98.2230592632363,0,0,106.926813611922,172.892533368851,84.3635741045246,142.054529471577,0,249.905610015455,201.44584889478,78.9559315574845,263.534399241887,0,0,192.135034768848,195.822649557859,106.33736463831,0,0,0,218.045528847001,75.4497121078207,0,0
