0,0,0,0,0,0,0,251.098274723989,0,0,0,0,0,0,0,0,0,0,0,128.530575464043,0,0,0,0,0,0,0,82.4756938751058,0,0,0,0,0,0,115.114253591495,0,93.4234866874731,0,0,94.9380989123498,0
0,0,0,0,124.853650664477,0,0,0,0,0,0,0,0,0,259.055025639447,0,0,0,0,0,112.823430872325,0,0,0,0,0,0,0,0,0,0,0,0,137.177378802006,209.996727521564,193.777661225572,0,220.963068032256,0,0,0
0,0,0,0,188.851177466023,0,0,0,0,0,0,0,0,0,0,0,0,0,0,0,0,97.5855511246009,0,262.382215657622,0,0,0,0,0,0,0,0,0,0,0,0,0,236.681907140956,98.6790043377568,0,0
0,0,0,0,238.934743274142,0,0,0,0,140.574866691684,0,0,0,0,0,0,0,0,0,0,0,0,323.781250289068,103.519938150021,136.792307586862,0,146.770754374523,82.6426202489162,161.694997919804,276.620869034647,0,0,0,0,0,247.66948903751,338.131802716296,0,101.895308036513,0,242.790381480436
0,124.853650664477,188.851177466023,238.934743274142,0,94.7280504127031,0,163.945208919892,0,0,0,0,0,0,76.5072790361762,0,0,0,0,0,0,0,0,0,0,0,0,205.183249704085,0,89.707245288964,0,0,345.797434674459,151.075371308616,0,0,193.659409924573,0,116.176698124939,108.136066660554,61.0664810463559
0,0,0,0,94.7280504127031,0,196.032358954952,174.013630695256,0,0,309.997227542691,0,71.4788760670054,119.728129215699,0,90.1317194604647,101.85207633558,0,0,0,0,0,0,0,0,0,0,94.126460729827,0,261.440278806413,0,0,0,101.5853655613,62.859596780235,0,0,0,0,321.864157986053,191.519780382943
0,0,0,0,0,196.032358954952,0,219.040656038919,0,0,0,131.969743415579,0,0,0,0,0,0,0,106.33736463831,0,0,0,0,0,113.144980278377,0,139.93285932648,0,0,0,120.567029282014,0,195.822649557859,0,138.425725342224,180.90030328818,171.906398392157,74.7304794244225,135.294330067913,0
251.098274723989,0,0,0,163.945208919892,174.013630695256,219.040656038919,0,115.868441404982,0,0,104.369974912428,0,0,0,0,0,0,0,284.529238481835,232.945974238958,0,0,0,0,0,223.705816669619,0,111.435629183184,0,0,0,0,227.504408813069,98.417953423071,0,0,153.876396855887,142.054529471577,348.674510760064,115.541295036174
0,0,0,0,0,0,0,115.868441404982,0,159.183173818572,0,171.230058197369,0,0,259.442917595754,0,0,96.5937438588657,215.611029055736,0,0,0,78.8552325762656,0,0,0,0,0,0,0,0,74.5815074003433,0,0,0,0,204.481117647118,0,0,241.682021696872,321.124897279917
0,0,0,140.574866691684,0,0,0,0,159.183173818572,0,62.311273509377,178.683678585178,0,240.185081663983,0,0,177.763106506206,146.465927798921,0,0,0,0,0,70.4221432298295,0,158.955087279859,225.013371621378,66.5008477853491,178.748963182352,0,0,0,0,92.5568465385234,329.719143597451,161.325017232684,241.57250333243,0,0,89.1590885155172,125.81518738273
0,0,0,0,0,309.997227542691,0,0,0,62.311273509377,0,73.1029054543569,0,135.667029391615,0,0,0,0,0,167.066576495979,0,0,0,219.078548227669,106.926813611922,96.7845769653343,115.332064605654,0,124.698445421759,0,0,0,0,173.059382066957,145.74089716123,178.224497384947,193.055010680236,194.442125915551,120.912756812582,0,0
0,0,0,0,0,0,131.969743415579,104.369974912428,171.230058197369,178.683678585178,73.1029054543569,0,0,141.204637091722,0,205.839960264176,0,85.7623170715703,93.5029580098427,0,0,0,0,186.973586461633,0,0,231.715271819474,228.792310020318,74.4197823064597,0,283.248188884028,335.371040201042,0,82.6299537488922,0,0,139.792601838991,85.6072705949986,228.075434767255,138.33942793804,110.384905066973
0,0,0,0,0,71.4788760670054,0,0,0,0,0,0,0,0,0,0,0,0,0,100.812745974529,0,0,154.784755881607,0,0,114.649126378906,0,0,0,0,204.084074037941,0,0,0,0,0,0,179.718364159796,0,0,0
0,0,0,0,0,119.728129215699,0,0,0,240.185081663983,135.667029391615,141.204637091722,0,0,0,0,306.640284138334,0,0,0,84.3635741045246,0,0,0,0,78.9559315574845,128.405764333981,226.825099357786,169.742003380707,0,0,0,0,0,90.7216186966914,146.99041817625,151.695570509541,155.24952173131,0,0,0
0,259.055025639447,0,0,76.5072790361762,0,0,0,259.442917595754,0,0,0,0,0,0,0,0,99.2646516363145,0,253.401634605989,0,0,0,0,0,151.806152521152,97.3232815600345,0,0,0,0,0,0,157.852515740516,231.050882209,0,115.194491798135,0,0,211.840482897052,212.592150359921
0,0,0,0,0,90.1317194604647,0,0,0,0,0,205.839960264176,0,0,0,0,0,0,0,0,222.053792850439,0,0,101.443495235174,0,201.44584889478,94.7529894315991,104.915316975638,0,0,357.423078228283,0,0,0,320.356811100276,0,250.461724766314,0,0,0,300.031143529538
0,0,0,0,0,101.85207633558,0,0,0,177.763106506206,0,0,0,306.640284138334,0,0,0,0,0,97.3506957544063,0,0,0,0,0,0,303.527509149359,0,155.901486485736,0,0,0,0,0,0,263.534399241887,134.566479261133,200.878319874537,0,101.350815329073,0
0,0,0,0,0,0,0,0,96.5937438588657,146.465927798921,0,85.7623170715703,0,0,99.2646516363145,0,0,0,195.314816908693,0,0,153.609372090384,0,0,0,0,0,0,0,0,0,0,0,252.487290983309,172.608400267715,0,165.893015276821,0,0,0,0
0,0,0,0,0,0,0,0,215.611029055736,0,0,93.5029580098427,0,0,0,0,0,195.314816908693,0,224.523755099568,0,0,0,283.88658203332,184.249961885477,0,0,81.9664354533492,0,0,0,0,0,112.793316814908,0,199.492852797962,94.027247878695,0,0,148.808626413748,136.685314494491
128.530575464043,0,0,0,0,0,106.33736463831,284.529238481835,0,0,167.066576495979,0,100.812745974529,0,253.401634605989,0,97.3506957544063,0,224.523755099568,0,181.316358113209,0,58.3493451392805,241.635434294794,0,73.4795582048751,0,0,139.654362654449,0,0,89.9429017381717,0,0,154.065933476765,0,161.302948562323,0,0,0,111.226326353722
0,112.823430872325,0,0,0,0,0,232.945974238958,0,0,0,0,0,84.3635741045246,0,222.053792850439,0,0,0,181.316358113209,0,188.936291522747,0,190.185165668632,219.430938885781,0,0,0,169.453147353278,0,0,0,0,0,165.597665022977,151.036729364761,0,0,0,146.814226519809,125.994729980093
0,0,97.5855511246009,0,0,0,0,0,0,0,0,0,0,0,0,0,0,153.609372090384,0,0,188.936291522747,0,0,255.441154257905,0,0,0,183.786860782462,0,0,0,0,0,0,0,0,154.142998692322,113.059176128709,175.196329314064,0,0
0,0,0,323.781250289068,0,0,0,0,78.8552325762656,0,0,0,154.784755881607,0,0,0,0,0,0,58.3493451392805,0,0,0,118.522099274347,0,0,92.3502314520023,187.77054666536,0,172.892533368851,0,0,0,134.960780198024,87.8456058929559,180.543851962045,0,101.605593487621,143.005810983322,115.871357769661,208.005106191961
0,0,262.382215657622,103.519938150021,0,0,0,0,0,70.4221432298295,219.078548227669,186.973586461633,0,0,0,101.443495235174,0,0,283.88658203332,241.635434294794,190.185165668632,255.441154257905,118.522099274347,0,0,220.901129804706,249.798812580765,306.344527664232,119.345624434514,0,0,160.537522273714,197.893790332676,213.67670887414,0,0,201.100640800745,0,0,0,0
0,0,0,136.792307586862,0,0,0,0,0,0,106.926813611922,0,0,0,0,0,0,0,184.249961885477,0,219.430938885781,0,0,0,0,133.218162784108,0,98.2230592632363,0,0,0,0,106.533627130087,180.355266595273,0,0,197.486504603685,195.378266313867,0,0,0
0,0,0,0,0,0,113.144980278377,0,0,158.955087279859,96.7845769653343,0,114.649126378906,78.9559315574845,151.806152521152,201.44584889478,0,0,0,73.4795582048751,0,0,0,220.901129804706,133.218162784108,0,202.712457066107,80.4367166559625,108.381749703452,0,0,0,0,161.275817184598,193.63278243493,261.605527103798,153.453047983244,133.984214699576,0,353.822894641502,249.905610015455
0,0,0,146.770754374523,0,0,0,223.705816669619,0,225.013371621378,115.332064605654,231.715271819474,0,128.405764333981,97.3232815600345,94.7529894315991,303.527509149359,0,0,0,0,0,92.3502314520023,249.798812580765,0,202.712457066107,0,0,92.5207898118833,0,0,81.2827395071039,0,333.645516435298,75.4497121078207,0,221.805809452716,112.349934713559,117.208001126138,137.189596148386,0
82.4756938751058,0,0,82.6426202489162,205.183249704085,94.126460729827,139.93285932648,0,0,66.5008477853491,0,228.792310020318,0,226.825099357786,0,104.915316975638,0,0,81.9664354533492,0,0,183.786860782462,187.77054666536,306.344527664232,98.2230592632363,80.4367166559625,0,0,151.01089327964,186.348837226466,0,314.611698427915,347.376449530863,71.5579325720569,114.511014214502,150.161410108805,192.601533877686,80.8080171296381,116.054372245433,158.567996645797,164.032723165762
0,0,0,161.694997919804,0,0,0,111.435629183184,0,178.748963182352,124.698445421759,74.4197823064597,0,169.742003380707,0,0,155.901486485736,0,0,139.654362654449,169.453147353278,0,0,119.345624434514,0,108.381749703452,92.5207898118833,151.01089327964,0,160.530221557972,0,128.846764897717,0,206.912707094411,280.376028997576,205.09013266389,109.093416850988,192.135034768848,0,94.8881692391942,0
0,0,0,276.620869034647,89.707245288964,261.440278806413,0,0,0,0,0,0,0,0,0,0,0,0,0,0,0,0,172.892533368851,0,0,0,0,186.348837226466,160.530221557972,0,0,0,0,163.059043292369,99.3508940827211,0,89.3673883748406,67.8267069095267,0,0,198.964527389285
0,0,0,0,0,0,0,0,0,0,0,283.248188884028,204.084074037941,0,0,357.423078228283,0,0,0,0,0,0,0,0,0,0,0,0,0,0,0,0,0,0,142.385058730083,162.833808134102,0,0,0,192.693757128262,0
0,0,0,0,0,0,120.567029282014,0,74.5815074003433,0,0,335.371040201042,0,0,0,0,0,0,0,89.9429017381717,0,0,0,160.537522273714,0,0,81.2827395071039,314.611698427915,128.846764897717,0,0,0,0,0,325.937289045041,0,224.551207449728,0,125.416941482916,0,0
0,0,0,0,345.797434674459,0,0,0,0,0,0,0,0,0,0,0,0,0,0,0,0,0,0,197.893790332676,106.533627130087,0,0,347.376449530863,0,0,0,0,0,161.74915061469,0,0,0,0,0,0,0
0,137.177378802006,0,0,151.075371308616,101.5853655613,195.822649557859,227.504408813069,0,92.5568465385234,173.059382066957,82.6299537488922,0,0,157.852515740516,0,0,252.487290983309,112.793316814908,0,0,0,134.960780198024,213.67670887414,180.355266595273,161.275817184598,333.645516435298,71.5579325720569,206.912707094411,163.059043292369,0,0,161.74915061469,0,122.106946855269,0,153.672550905948,173.201474590904,95.7590805983148,289.631679007608,173.001559092555
115.114253591495,209.996727521564,0,0,0,62.859596780235,0,98.417953423071,0,329.719143597451,145.74089716123,0,0,90.7216186966914,231.050882209,320.356811100276,0,172.608400267715,0,154.065933476765,165.597665022977,0,87.8456058929559,0,0,193.63278243493,75.4497121078207,114.511014214502,280.376028997576,99.3508940827211,142.385058730083,325.937289045041,0,122.106946855269,0,217.157696745803,106.128596538706,0,0,269.936825670274,196.04190773555
0,193.777661225572,0,247.66948903751,0,0,138.425725342224,0,0,161.325017232684,178.224497384947,0,0,146.99041817625,0,0,263.534399241887,0,199.492852797962,0,151.036729364761,0,180.543851962045,0,0,261.605527103798,0,150.161410108805,205.09013266389,0,162.833808134102,0,0,0,217.157696745803,0,206.472608421747,0,72.2278283150671,82.1742780037132,218.045528847001
93.4234866874731,0,0,338.131802716296,193.659409924573,0,180.90030328818,0,204.481117647118,241.57250333243,193.055010680236,139.792601838991,0,151.695570509541,115.194491798135,250.461724766314,134.566479261133,165.893015276821,94.027247878695,161.302948562323,0,154.142998692322,0,201.100640800745,197.486504603685,153.453047983244,221.805809452716,192.601533877686,109.093416850988,89.3673883748406,0,224.551207449728,0,153.672550905948,106.128596538706,206.472608421747,0,173.538155409849,0,214.116367924649,137.239127032733
0,220.963068032256,236.681907140956,0,0,0,171.906398392157,153.876396855887,0,0,194.442125915551,85.6072705949986,179.718364159796,155.24952173131,0,0,200.878319874537,0,0,0,0,113.059176128709,101.605593487621,0,195.378266313867,133.984214699576,112.349934713559,80.8080171296381,192.135034768848,67.8267069095267,0,0,0,173.201474590904,0,0,173.538155409849,0,0,168.241326865882,0
0,0,98.6790043377568,101.895308036513,116.176698124939,0,74.7304794244225,142.054529471577,0,0,120.912756812582,228.075434767255,0,0,0,0,0,0,0,0,0,175.196329314064,143.005810983322,0,0,0,117.208001126138,116.054372245433,0,0,0,125.416941482916,0,95.7590805983148,0,72.2278283150671,0,0,0,154.070293657878,0
94.9380989123498,0,0,0,108.136066660554,321.864157986053,135.294330067913,348.674510760064,241.682021696872,89.1590885155172,0,138.33942793804,0,0,211.840482897052,0,101.350815329073,0,148.808626413748,0,146.814226519809,0,115.871357769661,0,0,353.822894641502,137.189596148386,158.567996645797,94.8881692391942,0,192.693757128262,0,0,289.631679007608,269.936825670274,82.1742780037132,214.116367924649,168.241326865882,154.070293657878,0,198.528111506785
0,0,0,242.790381480436,61.0664810463559,191.519780382943,0,115.541295036174,321.124897279917,125.81518738273,0,110.384905066973,0,0,212.592150359921,300.031143529538,0,0,136.685314494491,111.226326353722,125.994729980093,0,208.005106191961,0,0,249.905610015455,0,164.032723165762,0,198.964527389285,0,0,0,173.001559092555,196.04190773555,218.045528847001,137.239127032733,0,0,198.528111506785,0
