0,0,0,0,0,0,0,0,0,0,138.33942793804,241.635434294794,0,0,0,0,0,0,0,0,0,0,0,0,0,0,0,0,96.5937438588657,0,0,0,0,0,197.893790332676,0,0,178.224497384947,120.567029282014,0,0
0,0,0,0,0,153.672550905948,0,0,0,188.851177466023,0,0,0,0,0,226.825099357786,0,0,0,0,139.654362654449,0,0,0,0,0,0,0,0,0,0,0,0,184.249961885477,0,0,0,163.059043292369,0,0,249.798812580765
0,0,0,0,0,0,0,0,0,0,0,0,0,0,0,0,0,0,0,0,0,0,0,0,0,0,0,0,0,357.423078228283,0,0,280.376028997576,253.401634605989,0,0,0,0,136.792307586862,269.936825670274,0
0,0,0,0,0,0,0,0,259.055025639447,61.0664810463559,320.356811100276,0,151.036729364761,0,0,0,348.674510760064,241.57250333243,0,101.443495235174,0,0,0,249.905610015455,0,0,0,62.859596780235,0,0,0,0,0,0,232.945974238958,92.3502314520023,0,186.348837226466,0,0,219.430938885781
0,0,0,0,0,0,198.528111506785,122.106946855269,0,0,0,227.504408813069,0,219.040656038919,0,0,0,0,0,187.77054666536,0,0,0,89.9429017381717,0,99.2646516363145,173.201474590904,214.116367924649,0,84.3635741045246,0,168.241326865882,0,160.537522273714,0,142.385058730083,0,125.81518738273,0,0,0
0,153.672550905948,0,0,0,0,0,0,0,0,177.763106506206,153.453047983244,81.2827395071039,0,325.937289045041,0,0,0,0,0,0,0,0,106.533627130087,228.792310020318,146.99041817625,193.055010680236,0,151.075371308616,0,0,87.8456058929559,0,114.649126378906,0,0,0,94.9380989123498,0,217.157696745803,0
0,0,0,0,198.528111506785,0,0,194.442125915551,0,0,213.67670887414,205.183249704085,0,251.098274723989,0,0,0,0,0,101.350815329073,195.314816908693,0,0,0,0,0,158.955087279859,0,58.3493451392805,0,171.906398392157,0,0,0,204.481117647118,0,112.823430872325,0,0,104.369974912428,0
0,0,0,0,122.106946855269,0,194.442125915551,0,0,109.093416850988,0,0,141.204637091722,208.005106191961,0,106.33736463831,0,0,0,119.728129215699,0,0,0,74.7304794244225,175.196329314064,0,111.226326353722,314.611698427915,75.4497121078207,0,137.189596148386,0,0,0,134.960780198024,0,153.609372090384,0,0,78.8552325762656,0
0,0,0,259.055025639447,0,0,0,0,0,0,0,0,0,0,74.5815074003433,148.808626413748,0,0,0,0,0,0,114.511014214502,212.592150359921,0,0,0,198.964527389285,0,0,0,186.973586461633,0,118.522099274347,104.915316975638,0,202.712457066107,0,0,0,97.3232815600345
0,188.851177466023,0,61.0664810463559,0,0,0,109.093416850988,0,0,0,0,0,0,0,89.1590885155172,0,289.631679007608,115.871357769661,133.218162784108,0,143.005810983322,206.472608421747,180.543851962045,0,0,0,172.892533368851,93.4234866874731,0,0,0,0,116.054372245433,162.833808134102,161.74915061469,164.032723165762,211.840482897052,0,0,80.8080171296381
138.33942793804,0,0,320.356811100276,0,177.763106506206,213.67670887414,0,0,0,0,196.04190773555,0,0,173.538155409849,0,0,0,0,206.912707094411,0,0,0,0,157.852515740516,0,151.806152521152,101.5853655613,193.777661225572,0,0,81.9664354533492,0,90.7216186966914,0,0,0,222.053792850439,0,135.667029391615,190.185165668632
241.635434294794,0,0,0,227.504408813069,153.453047983244,205.183249704085,0,0,0,196.04190773555,0,0,153.876396855887,0,0,321.124897279917,135.294330067913,161.694997919804,0,0,0,333.645516435298,0,0,0,309.997227542691,93.5029580098427,94.7280504127031,76.5072790361762,0,0,0,97.5855511246009,192.693757128262,154.070293657878,193.659409924573,0,171.230058197369,283.88658203332,89.3673883748406
0,0,0,151.036729364761,0,81.2827395071039,0,141.204637091722,0,0,0,0,0,0,0,0,0,0,0,0,0,0,0,0,0,0,100.812745974529,0,89.707245288964,0,0,0,0,0,0,0,345.797434674459,0,0,0,0
0,0,0,0,219.040656038919,0,251.098274723989,208.005106191961,0,0,0,153.876396855887,0,0,0,223.705816669619,0,0,82.1742780037132,161.302948562323,0,199.492852797962,0,0,0,0,241.682021696872,263.534399241887,0,0,0,0,0,200.878319874537,231.715271819474,0,0,106.128596538706,0,0,137.177378802006
0,0,0,0,0,325.937289045041,0,0,74.5815074003433,0,173.538155409849,0,0,0,0,0,0,139.93285932648,158.567996645797,0,0,0,0,0,0,180.355266595273,0,183.786860782462,0,0,173.059382066957,0,0,0,0,347.376449530863,329.719143597451,0,259.442917595754,92.5207898118833,0
0,226.825099357786,0,0,0,0,0,106.33736463831,148.808626413748,89.1590885155172,0,0,0,223.705816669619,0,0,0,0,0,0,161.325017232684,0,0,0,0,0,85.6072705949986,197.486504603685,0,0,0,0,0,115.868441404982,0,0,173.001559092555,0,101.895308036513,0,0
0,0,0,348.674510760064,0,0,0,0,0,0,0,321.124897279917,0,0,0,0,0,0,154.142998692322,0,0,0,154.784755881607,0,0,0,0,224.551207449728,137.239127032733,0,0,0,0,178.683678585178,188.936291522747,0,321.864157986053,0,0,154.065933476765,0
0,0,0,241.57250333243,0,0,0,0,0,289.631679007608,0,135.294330067913,0,0,139.93285932648,0,0,0,140.574866691684,0,0,0,0,92.5568465385234,0,0,0,125.994729980093,0,0,0,0,0,0,0,0,0,0,0,155.24952173131,116.176698124939
0,0,0,0,0,0,0,0,0,115.871357769661,0,161.694997919804,0,82.1742780037132,158.567996645797,0,154.142998692322,140.574866691684,0,0,0,0,0,242.790381480436,0,0,101.85207633558,0,115.114253591495,0,0,0,0,0,128.846764897717,0,145.74089716123,0,0,115.541295036174,0
0,0,0,101.443495235174,187.77054666536,0,101.350815329073,119.728129215699,0,133.218162784108,206.912707094411,0,0,161.302948562323,0,0,0,0,0,0,220.901129804706,172.608400267715,0,0,0,62.311273509377,0,174.013630695256,0,0,0,0,0,0,306.344527664232,169.453147353278,323.781250289068,180.90030328818,221.805809452716,150.161410108805,0
0,139.654362654449,0,0,0,0,195.314816908693,0,0,0,0,0,0,0,0,161.325017232684,0,0,0,220.901129804706,0,0,0,215.611029055736,0,169.742003380707,113.144980278377,240.185081663983,96.7845769653343,0,0,0,0,0,0,0,134.566479261133,224.523755099568,128.530575464043,0,90.1317194604647
0,0,0,0,0,0,0,0,0,143.005810983322,0,0,0,199.492852797962,0,0,0,0,0,172.608400267715,0,0,101.605593487621,0,0,195.378266313867,0,0,0,0,0,0,0,261.440278806413,0,261.605527103798,262.382215657622,0,0,0,0
0,0,0,0,0,0,0,0,114.511014214502,206.472608421747,0,333.645516435298,0,0,0,0,154.784755881607,0,0,0,0,101.605593487621,0,218.045528847001,0,138.425725342224,0,125.416941482916,0,0,0,0,128.405764333981,0,201.44584889478,205.09013266389,205.839960264176,0,161.275817184598,74.4197823064597,85.7623170715703
0,0,0,249.905610015455,89.9429017381717,106.533627130087,0,74.7304794244225,212.592150359921,180.543851962045,0,0,0,0,0,0,0,92.5568465385234,242.790381480436,0,215.611029055736,0,218.045528847001,0,0,231.050882209,151.01089327964,97.3506957544063,0,0,0,0,0,73.4795582048751,247.66948903751,0,192.601533877686,0,252.487290983309,94.126460729827,94.8881692391942
0,0,0,0,0,228.792310020318,0,175.196329314064,0,0,157.852515740516,0,0,0,0,0,0,0,0,0,0,0,0,0,0,179.718364159796,0,133.984214699576,0,0,0,0,80.4367166559625,94.027247878695,0,0,338.131802716296,0,0,191.519780382943,117.208001126138
0,0,0,0,99.2646516363145,146.99041817625,0,0,0,0,0,0,0,0,180.355266595273,0,0,0,0,62.311273509377,169.742003380707,195.378266313867,138.425725342224,231.050882209,179.718364159796,0,0,139.792601838991,209.996727521564,82.6299537488922,0,300.031143529538,0,113.059176128709,181.316358113209,165.597665022977,192.135034768848,165.893015276821,0,98.6790043377568,72.2278283150671
0,0,0,0,173.201474590904,193.055010680236,158.955087279859,111.226326353722,0,0,151.806152521152,309.997227542691,100.812745974529,241.682021696872,0,85.6072705949986,0,0,101.85207633558,0,113.144980278377,0,0,151.01089327964,0,0,0,201.100640800745,115.332064605654,0,0,0,0,82.4756938751058,0,155.901486485736,0,108.136066660554,95.7590805983148,124.698445421759,204.084074037941
0,0,0,62.859596780235,214.116367924649,0,0,314.611698427915,198.964527389285,172.892533368851,101.5853655613,93.5029580098427,0,263.534399241887,183.786860782462,197.486504603685,224.551207449728,125.994729980093,0,174.013630695256,240.185081663983,0,125.416941482916,97.3506957544063,133.984214699576,139.792601838991,201.100640800745,0,115.194491798135,0,0,0,0,78.9559315574845,111.435629183184,225.013371621378,103.519938150021,94.7529894315991,167.066576495979,0,219.078548227669
96.5937438588657,0,0,0,0,151.075371308616,58.3493451392805,75.4497121078207,0,93.4234866874731,193.777661225572,94.7280504127031,89.707245288964,0,0,0,137.239127032733,0,115.114253591495,0,96.7845769653343,0,0,0,0,209.996727521564,115.332064605654,115.194491798135,0,0,0,0,0,142.054529471577,66.5008477853491,160.530221557972,255.441154257905,193.63278243493,283.248188884028,108.381749703452,0
0,0,357.423078228283,0,84.3635741045246,0,0,0,0,0,0,76.5072790361762,0,0,0,0,0,0,0,0,0,0,0,0,0,82.6299537488922,0,0,0,0,0,99.3508940827211,0,306.640284138334,0,110.384905066973,112.793316814908,70.4221432298295,0,119.345624434514,236.681907140956
0,0,0,0,0,0,171.906398392157,137.189596148386,0,0,0,0,0,0,173.059382066957,0,0,0,0,0,0,0,0,0,0,0,0,0,0,0,0,0,0,0,159.183173818572,71.4788760670054,220.963068032256,0,0,0,0
0,0,0,0,168.241326865882,87.8456058929559,0,0,186.973586461633,0,81.9664354533492,0,0,0,0,0,0,0,0,0,0,0,0,0,0,300.031143529538,0,0,0,99.3508940827211,0,0,0,238.934743274142,228.075434767255,151.695570509541,353.822894641502,0,0,98.417953423071,0
0,0,280.376028997576,0,0,0,0,0,0,0,0,0,0,0,0,0,0,0,0,0,0,0,128.405764333981,0,80.4367166559625,0,0,0,0,0,0,0,0,0,284.529238481835,0,178.748963182352,0,0,0,0
0,184.249961885477,253.401634605989,0,160.537522273714,114.649126378906,0,0,118.522099274347,116.054372245433,90.7216186966914,97.5855511246009,0,200.878319874537,0,115.868441404982,178.683678585178,0,0,0,0,261.440278806413,0,73.4795582048751,94.027247878695,113.059176128709,82.4756938751058,78.9559315574845,142.054529471577,306.640284138334,0,238.934743274142,0,0,196.032358954952,0,146.465927798921,335.371040201042,303.527509149359,146.770754374523,163.945208919892
197.893790332676,0,0,232.945974238958,0,0,204.481117647118,134.960780198024,104.915316975638,162.833808134102,0,192.693757128262,0,231.715271819474,0,0,188.936291522747,0,128.846764897717,306.344527664232,0,0,201.44584889478,247.66948903751,0,181.316358113209,0,111.435629183184,66.5008477853491,0,159.183173818572,228.075434767255,284.529238481835,196.032358954952,0,73.1029054543569,276.620869034647,67.8267069095267,0,71.5579325720569,136.685314494491
0,0,0,92.3502314520023,142.385058730083,0,0,0,0,161.74915061469,0,154.070293657878,0,0,347.376449530863,0,0,0,0,169.453147353278,0,261.605527103798,205.09013266389,0,0,165.597665022977,155.901486485736,225.013371621378,160.530221557972,110.384905066973,71.4788760670054,151.695570509541,0,0,73.1029054543569,0,195.822649557859,250.461724766314,0,0,120.912756812582
0,0,0,0,0,0,112.823430872325,153.609372090384,202.712457066107,164.032723165762,0,193.659409924573,345.797434674459,0,329.719143597451,173.001559092555,321.864157986053,0,145.74089716123,323.781250289068,134.566479261133,262.382215657622,205.839960264176,192.601533877686,338.131802716296,192.135034768848,0,103.519938150021,255.441154257905,112.793316814908,220.963068032256,353.822894641502,178.748963182352,146.465927798921,276.620869034647,195.822649557859,0,146.814226519809,98.2230592632363,82.6426202489162,131.969743415579
178.224497384947,163.059043292369,0,186.348837226466,125.81518738273,94.9380989123498,0,0,0,211.840482897052,222.053792850439,0,0,106.128596538706,0,0,0,0,0,180.90030328818,224.523755099568,0,0,0,0,165.893015276821,108.136066660554,94.7529894315991,193.63278243493,70.4221432298295,0,0,0,335.371040201042,67.8267069095267,250.461724766314,146.814226519809,0,0,124.853650664477,0
120.567029282014,0,136.792307586862,0,0,0,0,0,0,0,0,171.230058197369,0,0,259.442917595754,101.895308036513,0,0,0,221.805809452716,128.530575464043,0,161.275817184598,252.487290983309,0,0,95.7590805983148,167.066576495979,283.248188884028,0,0,0,0,303.527509149359,0,0,98.2230592632363,0,0,106.926813611922,0
0,0,269.936825670274,0,0,217.157696745803,104.369974912428,78.8552325762656,0,0,135.667029391615,283.88658203332,0,0,92.5207898118833,0,154.065933476765,155.24952173131,115.541295036174,150.161410108805,0,0,74.4197823064597,94.126460729827,191.519780382943,98.6790043377568,124.698445421759,0,108.381749703452,119.345624434514,0,98.417953423071,0,146.770754374523,71.5579325720569,0,82.6426202489162,124.853650664477,106.926813611922,0,112.349934713559
0,249.798812580765,0,219.430938885781,0,0,0,0,97.3232815600345,80.8080171296381,190.185165668632,89.3673883748406,0,137.177378802006,0,0,0,116.176698124939,0,0,90.1317194604647,0,85.7623170715703,94.8881692391942,117.208001126138,72.2278283150671,204.084074037941,219.078548227669,0,236.681907140956,0,0,0,163.945208919892,136.685314494491,120.912756812582,131.969743415579,0,0,112.349934713559,0
