0,0,0,0,0,119.728129215699,0,208.005106191961,0,0,0,0,0,0,0,0,0,0,0,0,0,0,0,0,0,0,345.797434674459,0,0,0,0,0,0,158.567996645797,71.5579325720569,0,0,0,0,94.8881692391942,0
0,0,0,0,0,0,0,0,347.376449530863,0,0,160.530221557972,0,0,0,0,0,0,0,0,0,0,0,0,0,0,104.369974912428,0,0,155.901486485736,0,0,0,0,0,0,153.672550905948,0,0,300.031143529538,112.793316814908
0,0,0,0,0,0,0,146.814226519809,0,0,0,0,97.3506957544063,0,0,0,0,0,0,0,133.984214699576,0,0,0,0,303.527509149359,0,0,0,0,0,0,0,0,0,0,0,0,0,0,262.382215657622
0,0,0,0,0,0,0,241.635434294794,0,0,0,92.5568465385234,0,74.4197823064597,0,0,0,0,0,106.128596538706,0,113.144980278377,153.609372090384,62.311273509377,0,206.912707094411,0,85.7623170715703,0,0,0,0,0,196.04190773555,0,0,241.682021696872,0,0,90.7216186966914,173.001559092555
0,0,0,0,0,0,0,134.960780198024,226.825099357786,0,197.486504603685,137.189596148386,0,0,184.249961885477,0,0,74.5815074003433,0,0,114.511014214502,0,82.4756938751058,0,0,0,0,78.9559315574845,0,0,0,0,0,97.5855511246009,221.805809452716,0,106.33736463831,168.241326865882,0,249.905610015455,0
119.728129215699,0,0,0,0,0,0,0,0,0,169.742003380707,0,0,0,93.5029580098427,0,0,137.177378802006,0,0,0,131.969743415579,0,247.66948903751,0,0,0,0,116.176698124939,0,0,0,0,157.852515740516,238.934743274142,0,164.032723165762,115.332064605654,81.9664354533492,188.851177466023,187.77054666536
0,0,0,0,0,0,0,94.7280504127031,0,0,178.224497384947,101.605593487621,0,92.3502314520023,0,0,0,0,0,0,124.853650664477,0,0,0,0,0,154.065933476765,81.2827395071039,335.371040201042,0,0,353.822894641502,0,0,76.5072790361762,0,173.059382066957,0,111.435629183184,174.013630695256,0
208.005106191961,0,146.814226519809,241.635434294794,134.960780198024,0,94.7280504127031,0,0,283.248188884028,0,228.075434767255,0,0,0,197.893790332676,0,0,0,0,0,0,0,0,0,0,0,116.054372245433,136.792307586862,212.592150359921,0,0,0,0,0,0,108.381749703452,96.5937438588657,225.013371621378,263.534399241887,146.465927798921
0,347.376449530863,0,0,226.825099357786,0,0,0,0,108.136066660554,0,0,0,0,0,0,280.376028997576,0,0,198.964527389285,0,0,0,217.157696745803,0,0,0,199.492852797962,0,0,0,0,0,0,84.3635741045246,211.840482897052,0,0,0,124.698445421759,231.050882209
0,0,0,0,0,0,0,283.248188884028,108.136066660554,0,89.9429017381717,0,0,0,0,0,0,195.314816908693,0,232.945974238958,227.504408813069,89.1590885155172,73.1029054543569,0,0,259.442917595754,209.996727521564,109.093416850988,175.196329314064,0,0,0,0,128.405764333981,99.2646516363145,115.868441404982,138.425725342224,180.90030328818,0,0,151.806152521152
0,0,0,0,197.486504603685,169.742003380707,178.224497384947,0,0,89.9429017381717,0,0,0,82.6299537488922,259.055025639447,0,0,0,0,177.763106506206,192.693757128262,0,0,112.349934713559,0,75.4497121078207,0,0,0,133.218162784108,0,151.01089327964,0,0,0,0,321.124897279917,61.0664810463559,97.3232815600345,0,155.24952173131
0,160.530221557972,0,92.5568465385234,137.189596148386,0,101.605593487621,228.075434767255,0,0,0,0,0,98.417953423071,179.718364159796,0,0,186.348837226466,167.066576495979,192.135034768848,0,113.059176128709,0,0,0,0,309.997227542691,154.070293657878,0,0,125.994729980093,111.226326353722,0,172.608400267715,89.707245288964,128.530575464043,90.1317194604647,223.705816669619,161.275817184598,0,0
0,0,97.3506957544063,0,0,0,0,0,0,0,0,0,0,0,0,0,0,0,0,0,0,0,0,0,0,0,0,135.667029391615,329.719143597451,0,0,204.084074037941,0,0,0,85.6072705949986,0,0,0,0,82.1742780037132
0,0,0,74.4197823064597,0,0,92.3502314520023,0,0,0,82.6299537488922,98.417953423071,0,0,0,0,188.936291522747,0,0,0,92.5207898118833,0,195.822649557859,120.567029282014,0,0,0,119.345624434514,218.045528847001,0,0,0,136.685314494491,0,0,0,98.6790043377568,138.33942793804,0,154.784755881607,0
0,0,0,0,184.249961885477,93.5029580098427,0,0,0,0,259.055025639447,179.718364159796,0,0,0,93.4234866874731,0,0,0,206.472608421747,0,0,0,0,0,134.566479261133,0,171.906398392157,0,0,0,0,0,214.116367924649,192.601533877686,162.833808134102,0,205.839960264176,0,0,0
0,0,0,0,0,0,0,197.893790332676,0,0,0,0,0,0,93.4234866874731,0,0,0,0,0,0,0,160.537522273714,0,0,0,178.683678585178,128.846764897717,0,0,0,0,142.385058730083,250.461724766314,0,269.936825670274,255.441154257905,306.344527664232,101.85207633558,0,0
0,0,0,0,0,0,0,0,280.376028997576,0,0,0,0,188.936291522747,0,0,0,0,0,0,137.239127032733,0,0,0,0,0,0,252.487290983309,115.194491798135,325.937289045041,0,0,0,183.786860782462,224.523755099568,165.597665022977,72.2278283150671,0,0,0,0
0,0,0,0,74.5815074003433,137.177378802006,0,0,0,195.314816908693,0,186.348837226466,0,0,0,0,0,0,0,240.185081663983,0,0,0,146.99041817625,0,0,0,0,249.798812580765,0,0,0,0,0,0,0,0,0,169.453147353278,74.7304794244225,0
0,0,0,0,0,0,0,0,0,0,0,167.066576495979,0,0,0,0,0,0,0,73.4795582048751,0,0,114.649126378906,139.654362654449,0,306.640284138334,118.522099274347,58.3493451392805,0,0,0,181.316358113209,0,115.871357769661,120.912756812582,193.777661225572,0,0,0,0,146.770754374523
0,0,0,106.128596538706,0,0,0,0,198.964527389285,232.945974238958,177.763106506206,192.135034768848,0,0,206.472608421747,0,0,240.185081663983,73.4795582048751,0,0,0,142.054529471577,242.790381480436,228.792310020318,0,171.230058197369,0,96.7845769653343,0,0,0,0,115.541295036174,101.5853655613,0,0,0,0,276.620869034647,205.09013266389
0,0,133.984214699576,0,114.511014214502,0,124.853650664477,0,0,227.504408813069,192.693757128262,0,0,92.5207898118833,0,0,137.239127032733,0,0,0,0,0,0,0,0,101.350815329073,222.053792850439,158.955087279859,0,0,0,99.3508940827211,0,289.631679007608,0,0,161.302948562323,0,0,0,0
0,0,0,113.144980278377,0,131.969743415579,0,0,0,89.1590885155172,0,113.059176128709,0,0,0,0,0,0,0,0,0,0,106.926813611922,0,0,0,0,321.864157986053,0,0,0,0,0,0,82.6426202489162,0,0,0,0,320.356811100276,0
0,0,0,153.609372090384,82.4756938751058,0,0,0,0,73.1029054543569,0,0,0,195.822649557859,0,160.537522273714,0,0,114.649126378906,142.054529471577,0,106.926813611922,0,151.036729364761,0,94.7529894315991,0,0,193.055010680236,0,0,0,0,139.792601838991,0,78.8552325762656,163.945208919892,0,0,80.4367166559625,0
0,0,0,62.311273509377,0,247.66948903751,0,0,217.157696745803,0,112.349934713559,0,0,120.567029282014,0,0,0,146.99041817625,139.654362654449,242.790381480436,0,0,151.036729364761,0,151.695570509541,284.529238481835,0,0,178.748963182352,153.453047983244,0,0,0,153.876396855887,231.715271819474,0,89.3673883748406,148.808626413748,0,241.57250333243,80.8080171296381
0,0,0,0,0,0,0,0,0,0,0,0,0,0,0,0,0,0,0,228.792310020318,0,0,0,151.695570509541,0,101.895308036513,0,236.681907140956,104.915316975638,0,0,0,0,333.645516435298,110.384905066973,106.533627130087,71.4788760670054,200.878319874537,0,0,0
0,0,303.527509149359,206.912707094411,0,0,0,0,0,259.442917595754,75.4497121078207,0,0,0,134.566479261133,0,0,0,306.640284138334,0,101.350815329073,0,94.7529894315991,284.529238481835,101.895308036513,0,87.8456058929559,261.605527103798,190.185165668632,0,0,165.893015276821,0,94.027247878695,204.481117647118,219.078548227669,215.611029055736,0,0,219.040656038919,112.823430872325
345.797434674459,104.369974912428,0,0,0,0,154.065933476765,0,0,209.996727521564,0,309.997227542691,0,0,0,178.683678585178,0,0,118.522099274347,171.230058197369,222.053792850439,0,0,0,0,87.8456058929559,0,195.378266313867,220.901129804706,261.440278806413,0,194.442125915551,0,173.201474590904,101.443495235174,0,125.81518738273,193.659409924573,0,145.74089716123,62.859596780235
0,0,0,85.7623170715703,78.9559315574845,0,81.2827395071039,116.054372245433,199.492852797962,109.093416850988,0,154.070293657878,135.667029391615,119.345624434514,171.906398392157,128.846764897717,252.487290983309,0,58.3493451392805,0,158.955087279859,321.864157986053,0,0,236.681907140956,261.605527103798,195.378266313867,0,139.93285932648,70.4221432298295,0,0,0,103.519938150021,202.712457066107,0,98.2230592632363,180.543851962045,163.059043292369,196.032358954952,348.674510760064
0,0,0,0,0,116.176698124939,335.371040201042,136.792307586862,0,175.196329314064,0,0,329.719143597451,218.045528847001,0,0,115.194491798135,249.798812580765,0,96.7845769653343,0,0,193.055010680236,178.748963182352,104.915316975638,190.185165668632,220.901129804706,139.93285932648,0,0,193.63278243493,0,0,141.204637091722,0,94.126460729827,357.423078228283,100.812745974529,205.183249704085,0,0
0,155.901486485736,0,0,0,0,0,212.592150359921,0,0,133.218162784108,0,0,0,0,0,325.937289045041,0,0,0,0,0,0,153.453047983244,0,0,261.440278806413,70.4221432298295,0,0,0,161.74915061469,0,0,0,117.208001126138,161.325017232684,0,0,66.5008477853491,0
0,0,0,0,0,0,0,0,0,0,0,125.994729980093,0,0,0,0,0,0,0,0,0,0,0,0,0,0,0,0,193.63278243493,0,0,0,0,0,150.161410108805,0,201.100640800745,0,191.519780382943,0,151.075371308616
0,0,0,0,0,0,353.822894641502,0,0,0,151.01089327964,111.226326353722,204.084074037941,0,0,0,0,0,181.316358113209,0,99.3508940827211,0,0,0,0,165.893015276821,194.442125915551,0,0,161.74915061469,0,0,0,0,220.963068032256,0,213.67670887414,0,0,0,0
0,0,0,0,0,0,0,0,0,0,0,0,0,136.685314494491,0,142.385058730083,0,0,0,0,0,0,0,0,0,0,0,0,0,0,0,0,0,201.44584889478,314.611698427915,0,0,0,0,140.574866691684,0
158.567996645797,0,0,196.04190773555,97.5855511246009,157.852515740516,0,0,0,128.405764333981,0,172.608400267715,0,0,214.116367924649,250.461724766314,183.786860782462,0,115.871357769661,115.541295036174,289.631679007608,0,139.792601838991,153.876396855887,333.645516435298,94.027247878695,173.201474590904,103.519938150021,141.204637091722,0,0,0,201.44584889478,0,143.005810983322,159.183173818572,323.781250289068,173.538155409849,0,172.892533368851,161.694997919804
71.5579325720569,0,0,0,221.805809452716,238.934743274142,76.5072790361762,0,84.3635741045246,99.2646516363145,0,89.707245288964,0,0,192.601533877686,0,224.523755099568,0,120.912756812582,101.5853655613,0,82.6426202489162,0,231.715271819474,110.384905066973,204.481117647118,101.443495235174,202.712457066107,0,0,150.161410108805,220.963068032256,314.611698427915,143.005810983322,0,283.88658203332,115.114253591495,251.098274723989,0,125.416941482916,0
0,0,0,0,0,0,0,0,211.840482897052,115.868441404982,0,128.530575464043,85.6072705949986,0,162.833808134102,269.936825670274,165.597665022977,0,193.777661225572,0,0,0,78.8552325762656,0,106.533627130087,219.078548227669,0,0,94.126460729827,117.208001126138,0,0,0,159.183173818572,283.88658203332,0,338.131802716296,198.528111506785,94.9380989123498,154.142998692322,0
0,153.672550905948,0,241.682021696872,106.33736463831,164.032723165762,173.059382066957,108.381749703452,0,138.425725342224,321.124897279917,90.1317194604647,0,98.6790043377568,0,255.441154257905,72.2278283150671,0,0,0,161.302948562323,0,163.945208919892,89.3673883748406,71.4788760670054,215.611029055736,125.81518738273,98.2230592632363,357.423078228283,161.325017232684,201.100640800745,213.67670887414,0,323.781250289068,115.114253591495,338.131802716296,0,135.294330067913,95.7590805983148,180.355266595273,67.8267069095267
0,0,0,0,168.241326865882,115.332064605654,0,96.5937438588657,0,180.90030328818,61.0664810463559,223.705816669619,0,138.33942793804,205.839960264176,306.344527664232,0,0,0,0,0,0,0,148.808626413748,200.878319874537,0,193.659409924573,180.543851962045,100.812745974529,0,0,0,0,173.538155409849,251.098274723989,198.528111506785,135.294330067913,0,253.401634605989,0,224.551207449728
0,0,0,0,0,81.9664354533492,111.435629183184,225.013371621378,0,0,97.3232815600345,161.275817184598,0,0,0,101.85207633558,0,169.453147353278,0,0,0,0,0,0,0,0,0,163.059043292369,205.183249704085,0,191.519780382943,0,0,0,0,94.9380989123498,95.7590805983148,253.401634605989,0,186.973586461633,219.430938885781
94.8881692391942,300.031143529538,0,90.7216186966914,249.905610015455,188.851177466023,174.013630695256,263.534399241887,124.698445421759,0,0,0,0,154.784755881607,0,0,0,74.7304794244225,0,276.620869034647,0,320.356811100276,80.4367166559625,241.57250333243,0,219.040656038919,145.74089716123,196.032358954952,0,66.5008477853491,0,0,140.574866691684,172.892533368851,125.416941482916,154.142998692322,180.355266595273,0,186.973586461633,0,122.106946855269
0,112.793316814908,262.382215657622,173.001559092555,0,187.77054666536,0,146.465927798921,231.050882209,151.806152521152,155.24952173131,0,82.1742780037132,0,0,0,0,0,146.770754374523,205.09013266389,0,0,0,80.8080171296381,0,112.823430872325,62.859596780235,348.674510760064,0,0,151.075371308616,0,0,161.694997919804,0,0,67.8267069095267,224.551207449728,219.430938885781,122.106946855269,0
