0,0,0,0,0,0,0,0,0,139.792601838991,0,0,0,0,0,0,0,0,0,0,0,0,0,0,0,0,122.106946855269,98.417953423071,0,0,0,0,0,0,70.4221432298295,89.9429017381717,0,0,329.719143597451,0,0
0,0,0,0,139.654362654449,0,0,251.098274723989,0,0,0,0,276.620869034647,0,0,0,0,0,0,0,0,0,0,220.901129804706,0,158.955087279859,0,0,0,0,0,0,0,0,0,0,202.712457066107,128.530575464043,0,0,0
0,0,0,219.430938885781,0,0,0,0,0,0,0,101.85207633558,0,0,0,0,0,228.075434767255,0,0,0,0,0,0,0,0,0,145.74089716123,0,0,0,0,0,0,215.611029055736,0,0,0,0,0,0
0,0,219.430938885781,0,0,0,0,136.685314494491,0,61.0664810463559,0,0,0,0,89.707245288964,171.906398392157,0,0,0,106.33736463831,0,99.3508940827211,85.6072705949986,0,0,173.059382066957,0,198.528111506785,138.33942793804,0,0,0,0,0,0,0,112.793316814908,0,0,178.683678585178,0
0,139.654362654449,0,0,0,0,0,0,0,0,0,62.311273509377,0,0,0,0,0,0,199.492852797962,0,0,0,0,198.964527389285,0,0,0,221.805809452716,208.005106191961,0,200.878319874537,94.7529894315991,0,115.868441404982,142.054529471577,0,154.784755881607,0,141.204637091722,80.8080171296381,82.1742780037132
0,0,0,0,0,0,204.481117647118,99.2646516363145,0,309.997227542691,218.045528847001,100.812745974529,0,146.814226519809,300.031143529538,0,0,0,187.77054666536,0,0,0,0,0,0,226.825099357786,0,0,303.527509149359,0,0,0,0,0,335.371040201042,0,0,120.567029282014,0,186.348837226466,97.3506957544063
0,0,0,0,0,204.481117647118,0,212.592150359921,0,0,194.442125915551,0,0,158.567996645797,0,78.8552325762656,0,0,0,0,0,0,0,217.157696745803,0,0,0,113.059176128709,118.522099274347,94.126460729827,0,0,0,177.763106506206,0,0,74.4197823064597,0,0,66.5008477853491,128.405764333981
0,251.098274723989,0,136.685314494491,0,99.2646516363145,212.592150359921,0,205.839960264176,0,214.116367924649,90.7216186966914,117.208001126138,0,0,0,104.915316975638,0,0,0,0,0,0,160.530221557972,0,0,108.381749703452,0,96.7845769653343,175.196329314064,0,0,0,196.04190773555,0,169.453147353278,0,0,71.4788760670054,0,0
0,0,0,0,0,0,0,205.839960264176,0,0,323.781250289068,0,0,0,0,192.693757128262,0,0,0,0,0,0,0,114.511014214502,0,89.1590885155172,0,0,0,259.055025639447,0,120.912756812582,0,0,205.09013266389,112.349934713559,98.6790043377568,0,201.100640800745,0,0
139.792601838991,0,0,61.0664810463559,0,309.997227542691,0,0,0,0,0,78.9559315574845,0,137.239127032733,0,306.640284138334,0,168.241326865882,0,164.032723165762,172.892533368851,0,0,333.645516435298,98.2230592632363,192.601533877686,161.74915061469,0,0,0,0,255.441154257905,0,119.728129215699,0,112.823430872325,195.314816908693,0,0,0,180.543851962045
0,0,0,0,0,218.045528847001,194.442125915551,214.116367924649,323.781250289068,0,0,75.4497121078207,0,0,153.609372090384,0,0,249.798812580765,90.1317194604647,204.084074037941,0,0,106.533627130087,0,0,0,250.461724766314,153.672550905948,0,0,106.128596538706,0,0,143.005810983322,101.443495235174,0,0,0,0,0,347.376449530863
0,0,101.85207633558,0,62.311273509377,100.812745974529,0,90.7216186966914,0,78.9559315574845,75.4497121078207,0,0,0,0,0,261.440278806413,0,139.93285932648,0,81.9664354533492,0,0,125.994729980093,0,259.442917595754,241.57250333243,193.659409924573,74.5815074003433,241.635434294794,236.681907140956,0,0,0,0,180.355266595273,154.070293657878,180.90030328818,0,261.605527103798,151.695570509541
0,276.620869034647,0,0,0,0,0,117.208001126138,0,0,0,0,0,0,0,0,0,0,0,0,0,0,173.001559092555,0,0,74.7304794244225,94.7280504127031,0,0,0,0,0,0,0,0,0,0,0,0,135.294330067913,0
0,0,0,0,0,146.814226519809,158.567996645797,0,0,137.239127032733,0,0,0,0,0,0,0,0,0,0,206.912707094411,92.5207898118833,0,0,0,0,209.996727521564,183.786860782462,0,0,0,0,0,228.792310020318,161.694997919804,119.345624434514,110.384905066973,0,94.027247878695,240.185081663983,106.926813611922
0,0,0,89.707245288964,0,300.031143529538,0,0,0,0,153.609372090384,0,0,0,0,179.718364159796,0,0,0,0,0,0,0,223.705816669619,0,0,178.224497384947,190.185165668632,0,151.806152521152,0,0,0,219.078548227669,0,0,134.566479261133,188.936291522747,0,0,196.032358954952
0,0,0,171.906398392157,0,0,78.8552325762656,0,192.693757128262,306.640284138334,0,0,0,0,179.718364159796,0,0,0,151.075371308616,155.24952173131,0,0,0,0,0,84.3635741045246,0,0,0,0,0,0,0,0,142.385058730083,0,222.053792850439,0,0,0,125.416941482916
0,0,0,0,0,0,0,104.915316975638,0,0,0,261.440278806413,0,0,0,0,0,192.135034768848,0,0,0,0,173.201474590904,0,0,0,0,92.3502314520023,0,0,0,0,0,80.4367166559625,116.176698124939,161.275817184598,124.698445421759,0,0,253.401634605989,0
0,0,228.075434767255,0,0,0,0,0,0,168.241326865882,249.798812580765,0,0,0,0,0,192.135034768848,0,0,0,0,0,0,0,0,0,165.893015276821,96.5937438588657,172.608400267715,0,0,0,0,0,0,0,0,0,0,133.984214699576,58.3493451392805
0,0,0,0,199.492852797962,187.77054666536,0,0,0,0,90.1317194604647,139.93285932648,0,0,0,151.075371308616,0,0,0,231.050882209,135.667029391615,0,321.864157986053,0,0,0,0,0,0,0,0,0,0,0,0,0,193.055010680236,197.893790332676,115.114253591495,321.124897279917,0
0,0,0,106.33736463831,0,0,0,0,0,164.032723165762,204.084074037941,0,0,0,0,155.24952173131,0,0,231.050882209,0,0,137.177378802006,0,0,0,136.792307586862,125.81518738273,220.963068032256,108.136066660554,0,0,82.6299537488922,0,201.44584889478,89.3673883748406,73.1029054543569,0,161.325017232684,0,348.674510760064,186.973586461633
0,0,0,0,0,0,0,0,0,172.892533368851,0,81.9664354533492,0,206.912707094411,0,0,0,0,135.667029391615,0,0,0,0,62.859596780235,225.013371621378,0,0,181.316358113209,238.934743274142,0,0,0,0,97.3232815600345,0,191.519780382943,160.537522273714,167.066576495979,0,161.302948562323,0
0,0,0,99.3508940827211,0,0,0,0,0,0,0,0,0,92.5207898118833,0,0,0,0,0,137.177378802006,0,0,289.631679007608,0,0,0,0,0,0,0,0,0,0,81.2827395071039,0,116.054372245433,263.534399241887,154.142998692322,0,0,0
0,0,0,85.6072705949986,0,0,0,0,0,0,106.533627130087,0,173.001559092555,0,0,0,173.201474590904,0,321.864157986053,0,0,289.631679007608,0,0,224.551207449728,0,0,72.2278283150671,115.332064605654,0,0,0,0,283.88658203332,92.5568465385234,0,73.4795582048751,195.378266313867,211.840482897052,0,94.8881692391942
0,220.901129804706,0,0,198.964527389285,0,217.157696745803,160.530221557972,114.511014214502,333.645516435298,0,125.994729980093,0,0,223.705816669619,0,0,0,0,0,62.859596780235,0,0,0,0,0,0,148.808626413748,0,0,0,111.435629183184,0,314.611698427915,82.6426202489162,124.853650664477,76.5072790361762,219.040656038919,153.876396855887,155.901486485736,163.945208919892
0,0,0,0,0,0,0,0,0,98.2230592632363,0,0,0,0,0,0,0,0,0,0,225.013371621378,0,224.551207449728,0,0,0,85.7623170715703,101.5853655613,0,0,0,0,0,131.969743415579,0,163.059043292369,114.649126378906,109.093416850988,0,165.597665022977,0
0,158.955087279859,0,173.059382066957,0,226.825099357786,0,0,89.1590885155172,192.601533877686,0,259.442917595754,74.7304794244225,0,0,84.3635741045246,0,0,0,136.792307586862,0,0,0,0,0,0,153.453047983244,71.5579325720569,0,173.538155409849,0,0,0,195.822649557859,101.895308036513,113.144980278377,171.230058197369,280.376028997576,252.487290983309,137.189596148386,115.194491798135
122.106946855269,0,0,0,0,0,0,108.381749703452,0,161.74915061469,250.461724766314,241.57250333243,94.7280504127031,209.996727521564,178.224497384947,0,0,165.893015276821,0,125.81518738273,0,0,0,0,85.7623170715703,153.453047983244,0,104.369974912428,94.9380989123498,0,0,146.465927798921,0,115.541295036174,174.013630695256,0,193.777661225572,231.715271819474,0,325.937289045041,0
98.417953423071,0,145.74089716123,198.528111506785,221.805809452716,0,113.059176128709,0,0,0,153.672550905948,193.659409924573,0,183.786860782462,190.185165668632,0,92.3502314520023,96.5937438588657,0,220.963068032256,181.316358113209,0,72.2278283150671,148.808626413748,101.5853655613,71.5579325720569,104.369974912428,0,184.249961885477,0,133.218162784108,0,0,284.529238481835,247.66948903751,269.936825670274,101.605593487621,128.846764897717,0,151.01089327964,154.065933476765
0,0,0,138.33942793804,208.005106191961,303.527509149359,118.522099274347,96.7845769653343,0,0,0,74.5815074003433,0,0,0,0,0,172.608400267715,0,108.136066660554,238.934743274142,0,115.332064605654,0,0,0,94.9380989123498,184.249961885477,0,115.871357769661,111.226326353722,169.742003380707,0,103.519938150021,306.344527664232,0,345.797434674459,178.748963182352,67.8267069095267,353.822894641502,0
0,0,0,0,0,0,94.126460729827,175.196329314064,259.055025639447,0,0,241.635434294794,0,0,151.806152521152,0,0,0,0,0,0,0,0,0,0,173.538155409849,0,0,115.871357769661,0,0,0,0,224.523755099568,146.99041817625,0,151.036729364761,0,232.945974238958,0,0
0,0,0,0,200.878319874537,0,0,0,0,0,106.128596538706,236.681907140956,0,0,0,0,0,0,0,0,0,0,0,0,0,0,0,133.218162784108,111.226326353722,0,0,0,0,0,150.161410108805,0,0,0,0,0,0
0,0,0,0,94.7529894315991,0,0,0,120.912756812582,255.441154257905,0,0,0,0,0,0,0,0,0,82.6299537488922,0,0,0,111.435629183184,0,0,146.465927798921,0,169.742003380707,0,0,0,0,262.382215657622,0,0,146.770754374523,193.63278243493,0,0,283.248188884028
0,0,0,0,0,0,0,0,0,0,0,0,0,0,0,0,0,0,0,0,0,0,0,0,0,0,0,0,0,0,0,0,0,188.851177466023,134.960780198024,0,87.8456058929559,0,0,97.5855511246009,357.423078228283
0,0,0,0,115.868441404982,0,177.763106506206,196.04190773555,0,119.728129215699,143.005810983322,0,0,228.792310020318,219.078548227669,0,80.4367166559625,0,0,201.44584889478,97.3232815600345,81.2827395071039,283.88658203332,314.611698427915,131.969743415579,195.822649557859,115.541295036174,284.529238481835,103.519938150021,224.523755099568,0,262.382215657622,188.851177466023,0,205.183249704085,0,159.183173818572,0,157.852515740516,82.4756938751058,101.350815329073
70.4221432298295,0,215.611029055736,0,142.054529471577,335.371040201042,0,0,205.09013266389,0,101.443495235174,0,0,161.694997919804,0,142.385058730083,116.176698124939,0,0,89.3673883748406,0,0,92.5568465385234,82.6426202489162,0,101.895308036513,174.013630695256,247.66948903751,306.344527664232,146.99041817625,150.161410108805,0,134.960780198024,205.183249704085,0,140.574866691684,241.682021696872,138.425725342224,227.504408813069,242.790381480436,0
89.9429017381717,0,0,0,0,0,0,169.453147353278,112.349934713559,112.823430872325,0,180.355266595273,0,119.345624434514,0,0,161.275817184598,0,0,73.1029054543569,191.519780382943,116.054372245433,0,124.853650664477,163.059043292369,113.144980278377,0,269.936825670274,0,0,0,0,0,0,140.574866691684,0,338.131802716296,0,213.67670887414,95.7590805983148,197.486504603685
0,202.712457066107,0,112.793316814908,154.784755881607,0,74.4197823064597,0,98.6790043377568,195.314816908693,0,154.070293657878,0,110.384905066973,134.566479261133,222.053792850439,124.698445421759,0,193.055010680236,0,160.537522273714,263.534399241887,73.4795582048751,76.5072790361762,114.649126378906,171.230058197369,193.777661225572,101.605593487621,345.797434674459,151.036729364761,0,146.770754374523,87.8456058929559,159.183173818572,241.682021696872,338.131802716296,0,162.833808134102,0,249.905610015455,93.4234866874731
0,128.530575464043,0,0,0,120.567029282014,0,0,0,0,0,180.90030328818,0,0,188.936291522747,0,0,0,197.893790332676,161.325017232684,167.066576495979,154.142998692322,195.378266313867,219.040656038919,109.093416850988,280.376028997576,231.715271819474,128.846764897717,178.748963182352,0,0,193.63278243493,0,0,138.425725342224,0,162.833808134102,0,206.472608421747,320.356811100276,0
329.719143597451,0,0,0,141.204637091722,0,0,71.4788760670054,201.100640800745,0,0,0,0,94.027247878695,0,0,0,0,115.114253591495,0,0,0,211.840482897052,153.876396855887,0,252.487290983309,0,0,67.8267069095267,232.945974238958,0,0,0,157.852515740516,227.504408813069,213.67670887414,0,206.472608421747,0,0,0
0,0,0,178.683678585178,80.8080171296381,186.348837226466,66.5008477853491,0,0,0,0,261.605527103798,135.294330067913,240.185081663983,0,0,253.401634605989,133.984214699576,321.124897279917,348.674510760064,161.302948562323,0,0,155.901486485736,165.597665022977,137.189596148386,325.937289045041,151.01089327964,353.822894641502,0,0,0,97.5855511246009,82.4756938751058,242.790381480436,95.7590805983148,249.905610015455,320.356811100276,0,0,93.5029580098427
0,0,0,0,82.1742780037132,97.3506957544063,128.405764333981,0,0,180.543851962045,347.376449530863,151.695570509541,0,106.926813611922,196.032358954952,125.416941482916,0,58.3493451392805,0,186.973586461633,0,0,94.8881692391942,163.945208919892,0,115.194491798135,0,154.065933476765,0,0,0,283.248188884028,357.423078228283,101.350815329073,0,197.486504603685,93.4234866874731,0,0,93.5029580098427,0
