0,0,0,0,0,0,0,0,0,0,0,0,0,0,0,0,0,85.7623170715703,0,0,0,0,0,89.1590885155172,90.1317194604647,0,0,0,0,0,0,0,0,0,198.528111506785,161.275817184598,87.8456058929559,0,0,0,0
0,0,0,0,0,0,0,0,0,0,0,0,0,0,0,0,0,0,135.667029391615,0,0,0,0,0,0,0,94.126460729827,0,0,115.871357769661,0,80.8080171296381,0,0,136.685314494491,0,161.694997919804,0,0,0,195.822649557859
0,0,0,0,0,0,0,0,0,101.85207633558,0,0,0,0,0,0,0,0,0,0,0,0,0,0,0,89.707245288964,159.183173818572,0,269.936825670274,0,0,0,0,111.435629183184,0,0,0,0,0,0,0
0,0,0,0,0,338.131802716296,205.183249704085,0,0,0,228.792310020318,249.905610015455,0,0,0,0,103.519938150021,0,0,0,0,0,321.864157986053,142.385058730083,0,0,0,0,0,0,0,0,0,140.574866691684,215.611029055736,180.543851962045,82.4756938751058,67.8267069095267,0,148.808626413748,0
0,0,0,0,0,0,0,95.7590805983148,0,0,0,99.3508940827211,0,0,0,0,0,306.344527664232,0,0,138.425725342224,0,0,0,0,0,0,259.055025639447,110.384905066973,71.4788760670054,171.906398392157,0,0,70.4221432298295,0,192.693757128262,143.005810983322,335.371040201042,204.084074037941,114.511014214502,0
0,0,0,338.131802716296,0,0,0,253.401634605989,231.715271819474,0,0,151.806152521152,0,0,0,0,0,0,0,0,0,0,155.901486485736,186.348837226466,0,94.7529894315991,0,160.537522273714,0,0,0,0,0,125.416941482916,157.852515740516,151.036729364761,133.984214699576,0,172.892533368851,0,101.5853655613
0,0,0,205.183249704085,0,0,0,0,92.5207898118833,255.441154257905,252.487290983309,0,0,0,0,180.90030328818,0,0,0,0,0,0,227.504408813069,134.960780198024,0,106.533627130087,0,0,0,0,0,89.9429017381717,0,106.33736463831,219.078548227669,0,84.3635741045246,0,0,0,141.204637091722
0,0,0,0,95.7590805983148,253.401634605989,0,0,0,0,0,333.645516435298,0,112.823430872325,115.194491798135,0,94.8881692391942,0,0,74.5815074003433,195.378266313867,300.031143529538,113.144980278377,98.6790043377568,0,0,61.0664810463559,154.784755881607,112.349934713559,0,0,0,0,193.777661225572,0,0,0,0,0,118.522099274347,0
0,0,0,0,0,231.715271819474,92.5207898118833,0,0,0,0,0,0,0,0,0,0,0,171.230058197369,0,0,0,0,0,0,134.566479261133,0,151.01089327964,0,0,0,0,0,99.2646516363145,169.453147353278,0,187.77054666536,160.530221557972,0,214.116367924649,220.963068032256
0,0,101.85207633558,0,0,0,255.441154257905,0,0,0,0,151.695570509541,0,0,0,0,0,183.786860782462,138.33942793804,0,104.369974912428,0,100.812745974529,353.822894641502,194.442125915551,283.248188884028,0,115.332064605654,0,251.098274723989,0,0,0,195.314816908693,150.161410108805,108.381749703452,228.075434767255,89.3673883748406,0,104.915316975638,0
0,0,0,228.792310020318,0,0,252.487290983309,0,0,0,0,173.059382066957,0,0,66.5008477853491,0,0,74.4197823064597,0,0,97.3506957544063,0,0,0,226.825099357786,75.4497121078207,0,172.608400267715,192.135034768848,0,0,325.937289045041,0,262.382215657622,154.142998692322,161.74915061469,222.053792850439,249.798812580765,0,0,0
0,0,0,249.905610015455,99.3508940827211,151.806152521152,0,333.645516435298,0,151.695570509541,173.059382066957,0,0,124.698445421759,0,0,219.430938885781,348.674510760064,116.176698124939,0,0,153.609372090384,94.027247878695,0,0,112.793316814908,74.7304794244225,165.597665022977,197.893790332676,0,164.032723165762,0,0,0,173.538155409849,197.486504603685,0,90.7216186966914,113.059176128709,0,0
0,0,0,0,0,0,0,0,0,0,0,0,0,0,137.239127032733,320.356811100276,0,0,0,0,0,0,0,0,0,122.106946855269,0,205.839960264176,0,241.57250333243,0,0,0,0,0,0,0,0,0,109.093416850988,0
0,0,0,0,0,0,0,112.823430872325,0,0,0,124.698445421759,0,0,259.442917595754,0,0,0,0,0,0,0,0,78.9559315574845,0,0,196.032358954952,213.67670887414,201.100640800745,0,0,284.529238481835,0,208.005106191961,225.013371621378,0,71.5579325720569,115.541295036174,0,154.065933476765,178.683678585178
0,0,0,0,0,0,0,115.194491798135,0,0,66.5008477853491,0,137.239127032733,259.442917595754,0,0,0,199.492852797962,0,82.6299537488922,0,139.792601838991,169.742003380707,78.8552325762656,0,0,206.912707094411,0,0,0,0,0,0,0,0,0,0,0,232.945974238958,98.2230592632363,0
0,0,0,0,0,0,180.90030328818,0,0,0,0,0,320.356811100276,0,0,0,73.4795582048751,0,0,198.964527389285,0,0,0,173.201474590904,0,0,0,0,97.3232815600345,0,0,0,0,0,158.955087279859,0,81.2827395071039,151.075371308616,0,205.09013266389,193.63278243493
0,0,0,103.519938150021,0,0,0,94.8881692391942,0,0,0,219.430938885781,0,0,0,73.4795582048751,0,0,119.728129215699,0,0,0,0,0,0,0,145.74089716123,200.878319874537,0,0,0,0,0,0,241.635434294794,0,186.973586461633,0,0,0,146.99041817625
85.7623170715703,0,0,0,306.344527664232,0,0,0,0,183.786860782462,74.4197823064597,348.674510760064,0,0,199.492852797962,0,0,0,0,0,0,0,0,0,0,0,0,115.868441404982,0,0,0,0,0,223.705816669619,0,0,0,0,0,125.994729980093,0
0,135.667029391615,0,0,0,0,0,0,171.230058197369,138.33942793804,0,116.176698124939,0,0,0,0,119.728129215699,0,0,0,0,165.893015276821,0,167.066576495979,0,0,0,0,0,0,81.9664354533492,0,0,0,0,98.417953423071,321.124897279917,0,82.6426202489162,0,163.945208919892
0,0,0,0,0,0,0,74.5815074003433,0,0,0,0,0,0,82.6299537488922,198.964527389285,0,0,0,0,309.997227542691,0,135.294330067913,0,0,137.177378802006,133.218162784108,247.66948903751,106.926813611922,0,0,276.620869034647,0,261.605527103798,204.481117647118,261.440278806413,146.770754374523,190.185165668632,173.001559092555,92.5568465385234,0
0,0,0,0,138.425725342224,0,0,195.378266313867,0,104.369974912428,97.3506957544063,0,0,0,0,0,0,0,0,309.997227542691,0,0,0,0,219.040656038919,0,0,162.833808134102,306.640284138334,0,0,193.055010680236,0,0,212.592150359921,236.681907140956,146.814226519809,0,0,101.443495235174,0
0,0,0,0,0,0,0,300.031143529538,0,0,0,153.609372090384,0,0,139.792601838991,0,0,0,165.893015276821,0,0,0,0,184.249961885477,0,92.3502314520023,177.763106506206,82.1742780037132,0,0,0,0,0,0,0,0,0,0,0,0,0
0,0,0,321.864157986053,0,155.901486485736,227.504408813069,113.144980278377,0,100.812745974529,0,94.027247878695,0,0,169.742003380707,0,0,0,0,135.294330067913,0,0,0,0,0,0,0,58.3493451392805,97.5855511246009,136.792307586862,0,0,0,128.530575464043,0,314.611698427915,178.748963182352,125.81518738273,0,0,0
89.1590885155172,0,0,142.385058730083,0,186.348837226466,134.960780198024,98.6790043377568,0,353.822894641502,0,0,0,78.9559315574845,78.8552325762656,173.201474590904,0,0,167.066576495979,0,0,184.249961885477,0,0,0,168.241326865882,0,0,181.316358113209,0,0,0,0,202.712457066107,0,283.88658203332,303.527509149359,0,96.5937438588657,191.519780382943,137.189596148386
90.1317194604647,0,0,0,0,0,0,0,0,194.442125915551,226.825099357786,0,0,0,0,0,0,0,0,0,219.040656038919,0,0,0,0,0,196.04190773555,94.7280504127031,250.461724766314,178.224497384947,0,154.070293657878,0,0,0,0,124.853650664477,0,0,0,0
0,0,89.707245288964,0,0,94.7529894315991,106.533627130087,0,134.566479261133,283.248188884028,75.4497121078207,112.793316814908,122.106946855269,0,0,0,0,0,0,137.177378802006,0,92.3502314520023,0,168.241326865882,0,0,220.901129804706,163.059043292369,201.44584889478,0,231.050882209,0,153.453047983244,0,193.659409924573,0,289.631679007608,0,111.226326353722,0,76.5072790361762
0,94.126460729827,159.183173818572,0,0,0,0,61.0664810463559,0,0,0,74.7304794244225,0,196.032358954952,206.912707094411,0,145.74089716123,0,0,133.218162784108,0,177.763106506206,0,0,196.04190773555,220.901129804706,0,142.054529471577,0,345.797434674459,0,0,0,85.6072705949986,139.654362654449,241.682021696872,131.969743415579,101.895308036513,0,96.7845769653343,101.350815329073
0,0,0,0,259.055025639447,160.537522273714,0,154.784755881607,151.01089327964,115.332064605654,172.608400267715,165.597665022977,205.839960264176,213.67670887414,0,0,200.878319874537,115.868441404982,0,247.66948903751,162.833808134102,82.1742780037132,58.3493451392805,0,94.7280504127031,163.059043292369,142.054529471577,0,211.840482897052,0,0,0,0,209.996727521564,120.567029282014,153.876396855887,115.114253591495,72.2278283150671,175.196329314064,280.376028997576,158.567996645797
0,0,269.936825670274,0,110.384905066973,0,0,112.349934713559,0,0,192.135034768848,197.893790332676,0,201.100640800745,0,97.3232815600345,0,0,0,106.926813611922,306.640284138334,0,97.5855511246009,181.316358113209,250.461724766314,201.44584889478,0,211.840482897052,0,101.605593487621,0,0,0,93.4234866874731,62.859596780235,0,120.912756812582,224.523755099568,0,347.376449530863,242.790381480436
0,115.871357769661,0,0,71.4788760670054,0,0,0,0,251.098274723989,0,0,241.57250333243,0,0,0,0,0,0,0,0,0,136.792307586862,0,178.224497384947,0,345.797434674459,0,101.605593487621,0,0,0,0,323.781250289068,73.1029054543569,0,217.157696745803,0,0,0,0
0,0,0,0,171.906398392157,0,0,0,0,0,0,164.032723165762,0,0,0,0,0,0,81.9664354533492,0,0,0,0,0,0,231.050882209,0,0,0,0,0,0,0,224.551207449728,180.355266595273,0,0,0,0,0,0
0,80.8080171296381,0,0,0,0,89.9429017381717,0,0,0,325.937289045041,0,0,284.529238481835,0,0,0,0,0,276.620869034647,193.055010680236,0,0,0,154.070293657878,0,0,0,0,0,0,0,0,238.934743274142,0,0,114.649126378906,0,0,192.601533877686,161.325017232684
0,0,0,0,0,0,0,0,0,0,0,0,0,0,0,0,0,0,0,0,0,0,0,0,0,153.453047983244,0,0,0,0,0,0,0,0,0,155.24952173131,0,80.4367166559625,0,116.054372245433,206.472608421747
0,0,111.435629183184,140.574866691684,70.4221432298295,125.416941482916,106.33736463831,193.777661225572,99.2646516363145,195.314816908693,262.382215657622,0,0,208.005106191961,0,0,0,223.705816669619,0,261.605527103798,0,0,128.530575464043,202.712457066107,0,0,85.6072705949986,209.996727521564,93.4234866874731,323.781250289068,224.551207449728,238.934743274142,0,0,146.465927798921,329.719143597451,0,153.672550905948,93.5029580098427,188.936291522747,106.128596538706
198.528111506785,136.685314494491,0,215.611029055736,0,157.852515740516,219.078548227669,0,169.453147353278,150.161410108805,154.142998692322,173.538155409849,0,225.013371621378,0,158.955087279859,241.635434294794,0,0,204.481117647118,212.592150359921,0,0,0,0,193.659409924573,139.654362654449,120.567029282014,62.859596780235,73.1029054543569,180.355266595273,0,0,146.465927798921,0,0,218.045528847001,0,94.9380989123498,179.718364159796,174.013630695256
161.275817184598,0,0,180.543851962045,192.693757128262,151.036729364761,0,0,0,108.381749703452,161.74915061469,197.486504603685,0,0,0,0,0,0,98.417953423071,261.440278806413,236.681907140956,0,314.611698427915,283.88658203332,0,0,241.682021696872,153.876396855887,0,0,0,0,155.24952173131,329.719143597451,0,0,161.302948562323,108.136066660554,0,357.423078228283,0
87.8456058929559,161.694997919804,0,82.4756938751058,143.005810983322,133.984214699576,84.3635741045246,0,187.77054666536,228.075434767255,222.053792850439,0,0,71.5579325720569,0,81.2827395071039,186.973586461633,0,321.124897279917,146.770754374523,146.814226519809,0,178.748963182352,303.527509149359,124.853650664477,289.631679007608,131.969743415579,115.114253591495,120.912756812582,217.157696745803,0,114.649126378906,0,0,218.045528847001,161.302948562323,0,119.345624434514,188.851177466023,263.534399241887,240.185081663983
0,0,0,67.8267069095267,335.371040201042,0,0,0,160.530221557972,89.3673883748406,249.798812580765,90.7216186966914,0,115.541295036174,0,151.075371308616,0,0,0,190.185165668632,0,0,125.81518738273,0,0,0,101.895308036513,72.2278283150671,224.523755099568,0,0,0,80.4367166559625,153.672550905948,0,108.136066660554,119.345624434514,0,128.405764333981,139.93285932648,117.208001126138
0,0,0,0,204.084074037941,172.892533368851,0,0,0,0,0,113.059176128709,0,0,232.945974238958,0,0,0,82.6426202489162,173.001559092555,0,0,0,96.5937438588657,0,111.226326353722,0,175.196329314064,0,0,0,0,0,93.5029580098427,94.9380989123498,0,188.851177466023,128.405764333981,0,221.805809452716,62.311273509377
0,0,0,148.808626413748,114.511014214502,0,0,118.522099274347,214.116367924649,104.915316975638,0,0,109.093416850988,154.065933476765,98.2230592632363,205.09013266389,0,125.994729980093,0,92.5568465385234,101.443495235174,0,0,191.519780382943,0,0,96.7845769653343,280.376028997576,347.376449530863,0,0,192.601533877686,116.054372245433,188.936291522747,179.718364159796,357.423078228283,263.534399241887,139.93285932648,221.805809452716,0,128.846764897717
0,195.822649557859,0,0,0,101.5853655613,141.204637091722,0,220.963068032256,0,0,0,0,178.683678585178,0,193.63278243493,146.99041817625,0,163.945208919892,0,0,0,0,137.189596148386,0,76.5072790361762,101.350815329073,158.567996645797,242.790381480436,0,0,161.325017232684,206.472608421747,106.128596538706,174.013630695256,0,240.185081663983,117.208001126138,62.311273509377,128.846764897717,0
