0,0,0,0,0,0,0,0,0,0,0,76.5072790361762,0,0,0,0,0,0,158.567996645797,117.208001126138,0,0,0,0,0,222.053792850439,0,106.128596538706,0,0,0,0,0,0,0,0,0,0,0,0,151.01089327964
0,0,0,0,0,0,0,0,0,0,128.846764897717,303.527509149359,0,0,0,0,209.996727521564,0,0,0,172.892533368851,0,0,0,0,0,357.423078228283,0,0,0,0,0,0,0,0,120.912756812582,0,61.0664810463559,0,0,0
0,0,0,0,153.876396855887,0,0,0,0,0,0,0,0,0,0,0,0,0,0,0,0,0,0,306.640284138334,0,0,320.356811100276,0,0,0,0,0,0,194.442125915551,0,0,177.763106506206,0,0,0,0
0,0,0,0,0,0,0,0,0,0,99.2646516363145,133.984214699576,0,0,0,0,0,0,0,71.4788760670054,0,0,150.161410108805,211.840482897052,0,0,0,0,198.528111506785,0,81.2827395071039,0,161.325017232684,171.906398392157,180.355266595273,0,269.936825670274,0,85.6072705949986,221.805809452716,0
0,0,153.876396855887,0,0,0,0,0,183.786860782462,0,0,0,0,0,0,0,0,321.124897279917,0,137.189596148386,0,0,165.597665022977,0,0,82.6426202489162,0,142.385058730083,153.672550905948,0,0,197.893790332676,0,146.770754374523,0,188.936291522747,0,223.705816669619,125.416941482916,283.248188884028,0
0,0,0,0,0,0,58.3493451392805,0,0,321.864157986053,0,0,198.964527389285,0,0,0,0,93.4234866874731,0,0,0,0,0,231.050882209,0,200.878319874537,191.519780382943,0,0,192.135034768848,0,0,0,219.040656038919,78.9559315574845,0,0,115.114253591495,94.9380989123498,228.792310020318,174.013630695256
0,0,0,0,0,58.3493451392805,0,103.519938150021,0,0,0,93.5029580098427,0,0,0,0,0,0,75.4497121078207,0,0,0,0,0,238.934743274142,262.382215657622,0,73.4795582048751,0,159.183173818572,0,0,0,106.533627130087,153.609372090384,0,192.601533877686,0,0,115.194491798135,137.239127032733
0,0,0,0,0,0,103.519938150021,0,0,161.74915061469,0,280.376028997576,0,155.901486485736,0,0,0,0,0,0,201.100640800745,0,195.314816908693,0,0,0,252.487290983309,0,138.425725342224,202.712457066107,0,0,0,232.945974238958,96.7845769653343,125.994729980093,224.551207449728,154.070293657878,0,251.098274723989,113.144980278377
0,0,0,0,183.786860782462,0,0,0,0,161.275817184598,0,0,0,0,0,82.4756938751058,220.901129804706,161.302948562323,0,0,0,0,0,0,0,164.032723165762,0,0,98.417953423071,0,0,0,0,0,154.784755881607,0,186.973586461633,128.530575464043,0,0,219.078548227669
0,0,0,0,0,321.864157986053,0,161.74915061469,161.275817184598,0,0,131.969743415579,0,214.116367924649,104.915316975638,0,0,0,178.224497384947,0,0,0,0,241.57250333243,0,0,84.3635741045246,201.44584889478,128.405764333981,0,0,82.1742780037132,0,0,178.748963182352,173.201474590904,0,309.997227542691,101.605593487621,108.136066660554,347.376449530863
0,128.846764897717,0,99.2646516363145,0,0,0,0,0,0,0,163.059043292369,0,0,0,89.9429017381717,0,0,0,155.24952173131,0,0,0,0,186.348837226466,314.611698427915,141.204637091722,118.522099274347,116.054372245433,0,0,0,0,94.7529894315991,240.185081663983,108.381749703452,215.611029055736,0,134.960780198024,192.693757128262,0
76.5072790361762,303.527509149359,0,133.984214699576,0,0,93.5029580098427,280.376028997576,0,131.969743415579,163.059043292369,0,0,0,89.1590885155172,0,0,0,0,92.5207898118833,348.674510760064,154.065933476765,0,0,0,306.344527664232,87.8456058929559,80.4367166559625,193.055010680236,0,0,0,0,204.084074037941,151.806152521152,213.67670887414,190.185165668632,0,114.511014214502,184.249961885477,0
0,0,0,0,0,198.964527389285,0,0,0,0,0,0,0,0,0,0,0,0,0,0,241.682021696872,0,0,97.5855511246009,0,94.7280504127031,0,0,70.4221432298295,0,0,0,0,0,0,0,289.631679007608,0,0,0,0
0,0,0,0,0,0,0,155.901486485736,0,214.116367924649,0,0,0,0,0,138.33942793804,62.311273509377,173.538155409849,227.504408813069,0,0,0,146.99041817625,228.075434767255,0,206.912707094411,0,259.442917595754,206.472608421747,0,0,0,0,0,94.8881692391942,0,0,94.126460729827,0,0,219.430938885781
0,0,0,0,0,0,0,0,0,104.915316975638,0,89.1590885155172,0,0,0,0,0,0,0,106.926813611922,0,0,0,109.093416850988,0,249.798812580765,0,333.645516435298,92.5568465385234,0,0,0,0,0,133.218162784108,169.453147353278,0,193.659409924573,0,135.667029391615,98.6790043377568
0,0,0,0,0,0,0,0,82.4756938751058,0,89.9429017381717,0,0,138.33942793804,0,0,101.350815329073,0,0,0,0,0,0,0,242.790381480436,0,283.88658203332,180.543851962045,104.369974912428,0,0,160.530221557972,0,0,0,0,178.683678585178,0,0,0,113.059176128709
0,209.996727521564,0,0,0,0,0,0,220.901129804706,0,0,0,0,62.311273509377,0,101.350815329073,0,0,0,0,0,0,0,0,0,0,0,165.893015276821,74.7304794244225,0,0,0,0,0,0,173.001559092555,236.681907140956,0,0,114.649126378906,220.963068032256
0,0,0,0,321.124897279917,93.4234866874731,0,0,161.302948562323,0,0,0,0,173.538155409849,0,0,0,0,0,139.654362654449,0,0,0,0,0,0,0,0,0,0,224.523755099568,0,0,145.74089716123,0,0,0,111.226326353722,0,160.537522273714,0
158.567996645797,0,0,0,0,0,75.4497121078207,0,0,178.224497384947,0,0,0,227.504408813069,0,0,0,0,0,0,0,0,0,325.937289045041,101.443495235174,0,193.777661225572,0,0,0,0,0,0,180.90030328818,124.853650664477,80.8080171296381,62.859596780235,74.5815074003433,0,0,0
117.208001126138,0,0,71.4788760670054,137.189596148386,0,0,0,0,0,155.24952173131,92.5207898118833,0,0,106.926813611922,0,0,139.654362654449,0,0,0,0,0,0,0,181.316358113209,112.793316814908,353.822894641502,90.7216186966914,0,125.81518738273,115.871357769661,0,148.808626413748,143.005810983322,0,116.176698124939,217.157696745803,0,0,0
0,172.892533368851,0,0,0,0,0,201.100640800745,0,0,0,348.674510760064,241.682021696872,0,0,0,0,0,0,0,0,0,0,162.833808134102,119.728129215699,205.839960264176,0,0,0,0,0,115.541295036174,0,101.5853655613,98.2230592632363,171.230058197369,97.3506957544063,0,0,163.945208919892,0
0,0,0,0,0,0,0,0,0,0,0,154.065933476765,0,0,0,0,0,0,0,0,0,0,0,0,0,276.620869034647,106.33736463831,161.694997919804,0,0,0,0,0,67.8267069095267,0,0,111.435629183184,0,0,151.036729364761,172.608400267715
0,0,0,150.161410108805,165.597665022977,0,0,195.314816908693,0,0,0,0,0,146.99041817625,0,0,0,0,0,0,0,0,0,338.131802716296,0,85.7623170715703,168.241326865882,323.781250289068,78.8552325762656,0,0,0,0,173.059382066957,169.742003380707,0,66.5008477853491,0,188.851177466023,259.055025639447,261.440278806413
0,0,306.640284138334,211.840482897052,0,231.050882209,0,0,0,241.57250333243,0,0,97.5855511246009,228.075434767255,109.093416850988,0,0,0,325.937289045041,0,162.833808134102,0,338.131802716296,0,0,0,73.1029054543569,167.066576495979,92.3502314520023,0,0,0,139.792601838991,0,196.032358954952,146.465927798921,74.4197823064597,101.895308036513,0,158.955087279859,0
0,0,0,0,0,0,238.934743274142,0,0,0,186.348837226466,0,0,0,0,242.790381480436,0,0,101.443495235174,0,119.728129215699,0,0,0,0,0,0,96.5937438588657,0,0,0,0,0,95.7590805983148,0,0,205.183249704085,136.792307586862,0,204.481117647118,0
222.053792850439,0,0,0,82.6426202489162,200.878319874537,262.382215657622,0,164.032723165762,0,314.611698427915,306.344527664232,94.7280504127031,206.912707094411,249.798812580765,0,0,0,0,181.316358113209,205.839960264176,276.620869034647,85.7623170715703,0,0,0,0,0,0,135.294330067913,0,0,0,193.63278243493,89.3673883748406,195.378266313867,197.486504603685,0,0,195.822649557859,0
0,357.423078228283,320.356811100276,0,0,191.519780382943,0,252.487290983309,0,84.3635741045246,141.204637091722,87.8456058929559,0,0,0,283.88658203332,0,0,193.777661225572,112.793316814908,0,106.33736463831,168.241326865882,73.1029054543569,0,0,0,0,249.905610015455,0,0,0,0,140.574866691684,139.93285932648,0,179.718364159796,153.453047983244,175.196329314064,0,119.345624434514
106.128596538706,0,0,0,142.385058730083,0,73.4795582048751,0,0,201.44584889478,118.522099274347,80.4367166559625,0,259.442917595754,333.645516435298,180.543851962045,165.893015276821,0,0,353.822894641502,0,161.694997919804,323.781250289068,167.066576495979,96.5937438588657,0,0,0,329.719143597451,72.2278283150671,81.9664354533492,112.823430872325,99.3508940827211,231.715271819474,94.027247878695,199.492852797962,151.695570509541,110.384905066973,212.592150359921,0,154.142998692322
0,0,0,198.528111506785,153.672550905948,0,0,138.425725342224,98.417953423071,128.405764333981,116.054372245433,193.055010680236,70.4221432298295,206.472608421747,92.5568465385234,104.369974912428,74.7304794244225,0,0,90.7216186966914,0,0,78.8552325762656,92.3502314520023,0,0,249.905610015455,329.719143597451,0,0,0,0,0,0,0,300.031143529538,120.567029282014,142.054529471577,0,208.005106191961,0
0,0,0,0,0,192.135034768848,159.183173818572,202.712457066107,0,0,0,0,0,0,0,0,0,0,0,0,0,0,0,0,0,135.294330067913,0,72.2278283150671,0,0,0,101.85207633558,0,136.685314494491,0,0,124.698445421759,0,225.013371621378,335.371040201042,97.3232815600345
0,0,0,81.2827395071039,0,0,0,0,0,0,0,0,0,0,0,0,0,224.523755099568,0,125.81518738273,0,0,0,0,0,0,0,81.9664354533492,0,0,0,0,0,0,71.5579325720569,0,187.77054666536,0,0,0,0
0,0,0,0,197.893790332676,0,0,0,0,82.1742780037132,0,0,0,0,0,160.530221557972,0,0,0,115.871357769661,115.541295036174,0,0,0,0,0,0,112.823430872325,0,101.85207633558,0,0,255.441154257905,345.797434674459,0,0,0,0,0,284.529238481835,134.566479261133
0,0,0,161.325017232684,0,0,0,0,0,0,0,0,0,0,0,0,0,0,0,0,0,0,0,139.792601838991,0,0,0,99.3508940827211,0,0,0,255.441154257905,0,0,0,0,226.825099357786,0,0,0,0
0,0,194.442125915551,171.906398392157,146.770754374523,219.040656038919,106.533627130087,232.945974238958,0,0,94.7529894315991,204.084074037941,0,0,0,0,0,145.74089716123,180.90030328818,148.808626413748,101.5853655613,67.8267069095267,173.059382066957,0,95.7590805983148,193.63278243493,140.574866691684,231.715271819474,0,136.685314494491,0,345.797434674459,0,0,112.349934713559,218.045528847001,157.852515740516,0,122.106946855269,100.812745974529,151.075371308616
0,0,0,180.355266595273,0,78.9559315574845,153.609372090384,96.7845769653343,154.784755881607,178.748963182352,240.185081663983,151.806152521152,0,94.8881692391942,133.218162784108,0,0,0,124.853650664477,143.005810983322,98.2230592632363,0,169.742003380707,196.032358954952,0,89.3673883748406,139.93285932648,94.027247878695,0,0,71.5579325720569,0,0,112.349934713559,0,115.332064605654,205.09013266389,250.461724766314,0,241.635434294794,247.66948903751
0,120.912756812582,0,0,188.936291522747,0,0,125.994729980093,0,173.201474590904,108.381749703452,213.67670887414,0,0,169.453147353278,0,173.001559092555,0,80.8080171296381,0,171.230058197369,0,0,146.465927798921,0,195.378266313867,0,199.492852797962,300.031143529538,0,0,0,0,218.045528847001,115.332064605654,0,90.1317194604647,0,146.814226519809,261.605527103798,0
0,0,177.763106506206,269.936825670274,0,0,192.601533877686,224.551207449728,186.973586461633,0,215.611029055736,190.185165668632,289.631679007608,0,0,178.683678585178,236.681907140956,0,62.859596780235,116.176698124939,97.3506957544063,111.435629183184,66.5008477853491,74.4197823064597,205.183249704085,197.486504603685,179.718364159796,151.695570509541,120.567029282014,124.698445421759,187.77054666536,0,226.825099357786,157.852515740516,205.09013266389,90.1317194604647,0,89.707245288964,115.868441404982,0,196.04190773555
0,61.0664810463559,0,0,223.705816669619,115.114253591495,0,154.070293657878,128.530575464043,309.997227542691,0,0,0,94.126460729827,193.659409924573,0,0,111.226326353722,74.5815074003433,217.157696745803,0,0,0,101.895308036513,136.792307586862,0,153.453047983244,110.384905066973,142.054529471577,0,0,0,0,0,250.461724766314,0,89.707245288964,0,0,263.534399241887,253.401634605989
0,0,0,85.6072705949986,125.416941482916,94.9380989123498,0,0,0,101.605593487621,134.960780198024,114.511014214502,0,0,0,0,0,0,0,0,0,0,188.851177466023,0,0,0,175.196329314064,212.592150359921,0,225.013371621378,0,0,0,122.106946855269,0,146.814226519809,115.868441404982,0,0,137.177378802006,82.6299537488922
0,0,0,221.805809452716,283.248188884028,228.792310020318,115.194491798135,251.098274723989,0,108.136066660554,192.693757128262,184.249961885477,0,0,135.667029391615,0,114.649126378906,160.537522273714,0,0,163.945208919892,151.036729364761,259.055025639447,158.955087279859,204.481117647118,195.822649557859,0,0,208.005106191961,335.371040201042,0,284.529238481835,0,100.812745974529,241.635434294794,261.605527103798,0,263.534399241887,137.177378802006,0,0
151.01089327964,0,0,0,0,174.013630695256,137.239127032733,113.144980278377,219.078548227669,347.376449530863,0,0,0,219.430938885781,98.6790043377568,113.059176128709,220.963068032256,0,0,0,0,172.608400267715,261.440278806413,0,0,0,119.345624434514,154.142998692322,0,97.3232815600345,0,134.566479261133,0,151.075371308616,247.66948903751,0,196.04190773555,253.401634605989,82.6299537488922,0,0
