0,0,0,0,0,0,0,253.401634605989,0,0,0,200.878319874537,0,0,0,0,0,0,0,0,0,0,0,0,0,0,178.683678585178,0,0,0,0,0,0,0,112.793316814908,0,191.519780382943,0,0,0,195.314816908693
0,0,0,0,0,0,0,0,0,0,106.128596538706,0,0,0,0,0,321.864157986053,0,0,0,0,0,0,0,0,0,0,94.126460729827,0,0,0,0,0,0,153.609372090384,0,89.3673883748406,175.196329314064,0,151.806152521152,0
0,0,0,0,0,0,0,154.070293657878,0,120.912756812582,0,0,0,0,0,0,0,0,0,0,0,0,0,142.054529471577,0,0,0,0,0,0,0,0,0,0,190.185165668632,0,0,306.640284138334,0,0,0
0,0,0,0,0,0,0,252.487290983309,0,0,141.204637091722,93.5029580098427,0,224.523755099568,151.01089327964,221.805809452716,0,0,261.440278806413,0,0,0,0,0,0,0,0,300.031143529538,0,0,90.7216186966914,0,0,209.996727521564,0,333.645516435298,0,0,338.131802716296,0,225.013371621378
0,0,0,0,0,0,0,72.2278283150671,259.055025639447,161.694997919804,0,0,0,303.527509149359,0,0,240.185081663983,118.522099274347,0,165.893015276821,0,0,193.055010680236,199.492852797962,98.2230592632363,0,0,219.078548227669,223.705816669619,0,0,0,0,0,0,0,70.4221432298295,116.054372245433,0,0,0
0,0,0,0,0,0,0,0,101.5853655613,202.712457066107,0,146.770754374523,0,0,148.808626413748,0,0,0,173.001559092555,151.036729364761,0,0,171.230058197369,180.355266595273,0,133.218162784108,114.511014214502,0,119.345624434514,0,0,0,0,0,131.969743415579,0,0,101.895308036513,0,0,94.7280504127031
0,0,0,0,0,0,0,214.116367924649,0,0,0,0,117.208001126138,0,0,0,0,0,0,162.833808134102,0,0,139.792601838991,113.144980278377,0,0,171.906398392157,138.425725342224,197.893790332676,101.605593487621,249.798812580765,0,0,0,137.239127032733,0,101.85207633558,0,0,62.311273509377,0
253.401634605989,0,154.070293657878,252.487290983309,72.2278283150671,0,214.116367924649,0,0,0,0,110.384905066973,0,0,0,0,0,0,0,0,0,255.441154257905,0,0,0,0,80.4367166559625,231.715271819474,137.177378802006,0,0,108.136066660554,0,0,111.226326353722,78.9559315574845,136.685314494491,0,89.707245288964,0,168.241326865882
0,0,0,0,259.055025639447,101.5853655613,0,0,0,211.840482897052,0,188.936291522747,0,0,0,67.8267069095267,0,0,0,0,0,0,0,0,0,0,0,0,0,0,0,0,0,95.7590805983148,0,0,115.541295036174,151.695570509541,212.592150359921,111.435629183184,71.4788760670054
0,0,120.912756812582,0,161.694997919804,202.712457066107,0,0,211.840482897052,0,0,113.059176128709,161.275817184598,0,0,0,0,0,94.9380989123498,228.792310020318,0,236.681907140956,0,99.2646516363145,99.3508940827211,187.77054666536,98.6790043377568,262.382215657622,0,0,0,0,0,0,173.201474590904,0,263.534399241887,174.013630695256,140.574866691684,0,0
0,106.128596538706,0,141.204637091722,0,0,0,0,0,0,0,0,0,177.763106506206,0,125.416941482916,0,251.098274723989,0,0,0,192.601533877686,0,101.350815329073,0,0,0,306.344527664232,0,196.04190773555,0,323.781250289068,0,74.4197823064597,146.99041817625,85.7623170715703,179.718364159796,0,0,150.161410108805,97.5855511246009
200.878319874537,0,0,93.5029580098427,0,146.770754374523,0,110.384905066973,188.936291522747,113.059176128709,0,0,76.5072790361762,0,0,74.5815074003433,94.7529894315991,0,0,0,0,0,0,0,0,145.74089716123,0,116.176698124939,345.797434674459,0,0,178.224497384947,93.4234866874731,0,193.63278243493,161.302948562323,124.853650664477,204.481117647118,85.6072705949986,122.106946855269,100.812745974529
0,0,0,0,0,0,117.208001126138,0,0,161.275817184598,0,76.5072790361762,0,0,0,0,0,0,0,0,0,0,0,0,0,103.519938150021,0,133.984214699576,0,0,0,0,0,196.032358954952,0,0,0,0,0,0,0
0,0,0,224.523755099568,303.527509149359,0,0,0,0,0,177.763106506206,0,0,0,0,0,0,0,0,89.1590885155172,0,0,0,0,0,0,153.876396855887,0,98.417953423071,181.316358113209,0,227.504408813069,0,154.142998692322,201.100640800745,0,161.74915061469,153.453047983244,0,96.7845769653343,82.6426202489162
0,0,0,151.01089327964,0,148.808626413748,0,0,0,0,0,0,0,0,0,0,0,280.376028997576,0,115.332064605654,0,0,0,195.378266313867,128.405764333981,115.868441404982,0,159.183173818572,0,0,0,0,0,84.3635741045246,163.945208919892,0,112.823430872325,201.44584889478,0,0,0
0,0,0,221.805809452716,0,0,0,0,67.8267069095267,0,125.416941482916,74.5815074003433,0,0,0,0,0,0,0,0,0,0,0,0,0,220.901129804706,0,167.066576495979,0,0,0,0,0,0,232.945974238958,158.955087279859,119.728129215699,154.065933476765,198.528111506785,0,0
0,321.864157986053,0,0,240.185081663983,0,0,0,0,0,0,94.7529894315991,0,0,0,0,0,0,0,0,0,0,192.693757128262,0,0,58.3493451392805,0,193.777661225572,321.124897279917,0,0,0,0,155.24952173131,108.381749703452,0,213.67670887414,0,0,0,0
0,0,0,0,118.522099274347,0,0,0,0,0,251.098274723989,0,0,0,280.376028997576,0,0,0,0,0,0,0,0,62.859596780235,0,0,78.8552325762656,0,0,0,0,0,0,172.608400267715,224.551207449728,0,0,0,0,241.57250333243,238.934743274142
0,0,0,261.440278806413,0,173.001559092555,0,0,0,94.9380989123498,0,0,0,0,0,0,0,0,0,353.822894641502,0,0,138.33942793804,0,0,0,325.937289045041,96.5937438588657,0,0,0,0,0,269.936825670274,0,204.084074037941,188.851177466023,0,0,81.2827395071039,357.423078228283
0,0,0,0,165.893015276821,151.036729364761,162.833808134102,0,0,228.792310020318,0,0,0,89.1590885155172,115.332064605654,0,0,0,353.822894641502,0,0,0,0,82.1742780037132,0,241.682021696872,142.385058730083,284.529238481835,217.157696745803,0,0,0,0,106.33736463831,0,125.994729980093,160.537522273714,0,261.605527103798,0,135.667029391615
0,0,0,0,0,0,0,0,0,0,0,0,0,0,0,0,0,0,0,0,0,320.356811100276,226.825099357786,242.790381480436,329.719143597451,0,206.912707094411,219.040656038919,178.748963182352,0,0,0,219.430938885781,247.66948903751,228.075434767255,97.3232815600345,163.059043292369,0,0,92.5568465385234,0
0,0,0,0,0,0,0,255.441154257905,0,236.681907140956,192.601533877686,0,0,0,0,0,0,0,0,0,320.356811100276,0,0,0,0,0,0,0,0,0,0,0,0,139.93285932648,158.567996645797,0,128.846764897717,0,0,283.248188884028,0
0,0,0,0,193.055010680236,171.230058197369,139.792601838991,0,0,0,0,0,0,0,0,0,192.693757128262,0,138.33942793804,0,226.825099357786,0,0,0,218.045528847001,0,249.905610015455,106.533627130087,0,0,0,120.567029282014,0,0,0,0,80.8080171296381,160.530221557972,220.963068032256,104.369974912428,115.194491798135
0,0,142.054529471577,0,199.492852797962,180.355266595273,113.144980278377,0,0,99.2646516363145,101.350815329073,0,0,0,195.378266313867,0,0,62.859596780235,0,82.1742780037132,242.790381480436,0,0,0,206.472608421747,0,154.784755881607,164.032723165762,66.5008477853491,0,0,0,0,125.81518738273,0,115.114253591495,192.135034768848,205.09013266389,0,109.093416850988,0
0,0,0,0,98.2230592632363,0,0,0,0,99.3508940827211,0,0,0,0,128.405764333981,0,0,0,0,0,329.719143597451,0,218.045528847001,206.472608421747,0,155.901486485736,0,205.839960264176,283.88658203332,0,0,0,0,0,0,0,0,0,0,205.183249704085,0
0,0,0,0,0,133.218162784108,0,0,0,187.77054666536,0,145.74089716123,103.519938150021,0,115.868441404982,220.901129804706,58.3493451392805,0,0,241.682021696872,0,0,0,0,155.901486485736,0,197.486504603685,81.9664354533492,184.249961885477,0,0,61.0664810463559,0,195.822649557859,128.530575464043,335.371040201042,0,90.1317194604647,157.852515740516,231.050882209,194.442125915551
178.683678585178,0,0,0,0,114.511014214502,171.906398392157,80.4367166559625,0,98.6790043377568,0,0,0,153.876396855887,0,0,0,78.8552325762656,325.937289045041,142.385058730083,206.912707094411,0,249.905610015455,154.784755881607,0,197.486504603685,0,0,0,172.892533368851,0,186.348837226466,0,74.7304794244225,165.597665022977,0,169.742003380707,0,0,173.059382066957,89.9429017381717
0,94.126460729827,0,300.031143529538,219.078548227669,0,138.425725342224,231.715271819474,0,262.382215657622,306.344527664232,116.176698124939,133.984214699576,0,159.183173818572,167.066576495979,193.777661225572,0,96.5937438588657,284.529238481835,219.040656038919,0,106.533627130087,164.032723165762,205.839960264176,81.9664354533492,0,0,0,146.465927798921,0,0,241.635434294794,198.964527389285,0,104.915316975638,139.654362654449,137.189596148386,0,135.294330067913,146.814226519809
0,0,0,0,223.705816669619,119.345624434514,197.893790332676,137.177378802006,0,0,0,345.797434674459,0,98.417953423071,0,0,321.124897279917,0,0,217.157696745803,178.748963182352,0,0,66.5008477853491,283.88658203332,184.249961885477,0,0,0,173.538155409849,314.611698427915,124.698445421759,0,347.376449530863,208.005106191961,92.3502314520023,94.027247878695,0,71.5579325720569,134.960780198024,0
0,0,0,0,0,0,101.605593487621,0,0,0,196.04190773555,0,0,181.316358113209,0,0,0,0,0,0,0,0,0,0,0,0,172.892533368851,146.465927798921,173.538155409849,0,0,0,0,82.6299537488922,0,73.4795582048751,115.871357769661,82.4756938751058,0,186.973586461633,0
0,0,0,90.7216186966914,0,0,249.798812580765,0,0,0,0,0,0,0,0,0,0,0,0,0,0,0,0,0,0,0,0,0,314.611698427915,0,0,222.053792850439,0,0,87.8456058929559,0,193.659409924573,0,0,0,0
0,0,0,0,0,0,0,108.136066660554,0,0,323.781250289068,178.224497384947,0,227.504408813069,0,0,0,0,0,0,0,0,120.567029282014,0,0,61.0664810463559,186.348837226466,0,124.698445421759,0,222.053792850439,0,0,94.8881692391942,0,0,0,0,0,0,97.3506957544063
0,0,0,0,0,0,0,0,0,0,0,93.4234866874731,0,0,0,0,0,0,0,0,219.430938885781,0,0,0,0,0,0,241.635434294794,0,0,0,0,0,0,0,73.1029054543569,0,0,0,106.926813611922,0
0,0,0,209.996727521564,0,0,0,0,95.7590805983148,0,74.4197823064597,0,196.032358954952,154.142998692322,84.3635741045246,0,155.24952173131,172.608400267715,269.936825670274,106.33736463831,247.66948903751,139.93285932648,0,125.81518738273,0,195.822649557859,74.7304794244225,198.964527389285,347.376449530863,82.6299537488922,0,94.8881692391942,0,0,112.349934713559,75.4497121078207,215.611029055736,169.453147353278,143.005810983322,136.792307586862,259.442917595754
112.793316814908,153.609372090384,190.185165668632,0,0,131.969743415579,137.239127032733,111.226326353722,0,173.201474590904,146.99041817625,193.63278243493,0,201.100640800745,163.945208919892,232.945974238958,108.381749703452,224.551207449728,0,0,228.075434767255,158.567996645797,0,0,0,128.530575464043,165.597665022977,0,208.005106191961,0,87.8456058929559,0,0,112.349934713559,0,250.461724766314,309.997227542691,0,92.5207898118833,151.075371308616,0
0,0,0,333.645516435298,0,0,0,78.9559315574845,0,0,85.7623170715703,161.302948562323,0,0,0,158.955087279859,0,0,204.084074037941,125.994729980093,97.3232815600345,0,0,115.114253591495,0,335.371040201042,0,104.915316975638,92.3502314520023,73.4795582048751,0,0,73.1029054543569,75.4497121078207,250.461724766314,0,180.543851962045,114.649126378906,180.90030328818,0,0
191.519780382943,89.3673883748406,0,0,70.4221432298295,0,101.85207633558,136.685314494491,115.541295036174,263.534399241887,179.718364159796,124.853650664477,0,161.74915061469,112.823430872325,119.728129215699,213.67670887414,0,188.851177466023,160.537522273714,163.059043292369,128.846764897717,80.8080171296381,192.135034768848,0,0,169.742003380707,139.654362654449,94.027247878695,115.871357769661,193.659409924573,0,0,215.611029055736,309.997227542691,180.543851962045,0,161.325017232684,0,183.786860782462,348.674510760064
0,175.196329314064,306.640284138334,0,116.054372245433,101.895308036513,0,0,151.695570509541,174.013630695256,0,204.481117647118,0,153.453047983244,201.44584889478,154.065933476765,0,0,0,0,0,0,160.530221557972,205.09013266389,0,90.1317194604647,0,137.189596148386,0,82.4756938751058,0,0,0,169.453147353278,0,114.649126378906,161.325017232684,0,0,101.443495235174,134.566479261133
0,0,0,338.131802716296,0,0,0,89.707245288964,212.592150359921,140.574866691684,0,85.6072705949986,0,0,0,198.528111506785,0,0,0,261.605527103798,0,0,220.963068032256,0,0,157.852515740516,0,0,71.5579325720569,0,0,0,0,143.005810983322,92.5207898118833,180.90030328818,0,0,0,153.672550905948,289.631679007608
0,151.806152521152,0,0,0,0,62.311273509377,0,111.435629183184,0,150.161410108805,122.106946855269,0,96.7845769653343,0,0,0,241.57250333243,81.2827395071039,0,92.5568465385234,283.248188884028,104.369974912428,109.093416850988,205.183249704085,231.050882209,173.059382066957,135.294330067913,134.960780198024,186.973586461633,0,0,106.926813611922,136.792307586862,151.075371308616,0,183.786860782462,101.443495235174,153.672550905948,0,276.620869034647
195.314816908693,0,0,225.013371621378,0,94.7280504127031,0,168.241326865882,71.4788760670054,0,97.5855511246009,100.812745974529,0,82.6426202489162,0,0,0,238.934743274142,357.423078228283,135.667029391615,0,0,115.194491798135,0,0,194.442125915551,89.9429017381717,146.814226519809,0,0,0,97.3506957544063,0,259.442917595754,0,0,348.674510760064,134.566479261133,289.631679007608,276.620869034647,0
