0,0,0,151.01089327964,0,0,0,0,0,0,0,0,0,180.90030328818,0,0,0,0,0,124.853650664477,0,0,0,0,0,0,0,98.6790043377568,0,0,0,0,0,0,0,0,154.784755881607,0,0,0,104.915316975638
0,0,0,81.9664354533492,0,0,89.3673883748406,0,0,222.053792850439,0,0,0,0,0,85.7623170715703,0,0,0,0,0,0,0,0,0,0,0,219.040656038919,0,0,0,0,0,262.382215657622,0,0,113.059176128709,0,0,0,0
0,0,0,0,0,0,0,0,0,0,0,0,0,0,0,0,0,0,0,0,0,0,0,0,0,0,0,82.1742780037132,0,0,0,0,0,153.453047983244,106.533627130087,0,94.126460729827,0,0,125.994729980093,0
151.01089327964,81.9664354533492,0,0,183.786860782462,0,0,0,195.378266313867,0,0,0,0,0,221.805809452716,0,0,0,0,0,0,0,0,0,117.208001126138,0,0,188.851177466023,141.204637091722,0,0,0,0,0,192.601533877686,0,148.808626413748,219.078548227669,75.4497121078207,164.032723165762,0
0,0,0,183.786860782462,0,0,137.177378802006,78.9559315574845,0,0,0,0,0,0,0,0,0,0,136.792307586862,247.66948903751,0,0,0,146.770754374523,0,0,0,161.275817184598,90.7216186966914,195.314816908693,0,0,0,0,306.640284138334,0,153.609372090384,303.527509149359,0,179.718364159796,146.814226519809
0,0,0,0,0,0,150.161410108805,225.013371621378,0,108.136066660554,0,357.423078228283,0,0,0,151.695570509541,0,0,0,154.142998692322,0,0,0,0,0,161.694997919804,146.465927798921,0,158.955087279859,0,0,120.912756812582,0,284.529238481835,188.936291522747,0,348.674510760064,89.9429017381717,0,0,0
0,89.3673883748406,0,0,137.177378802006,150.161410108805,0,0,0,134.566479261133,0,212.592150359921,0,0,0,241.635434294794,0,0,0,0,0,0,153.672550905948,93.4234866874731,0,0,0,196.032358954952,81.2827395071039,0,0,0,0,0,0,0,0,0,154.070293657878,159.183173818572,115.541295036174
0,0,0,0,78.9559315574845,225.013371621378,0,0,0,0,161.302948562323,202.712457066107,76.5072790361762,140.574866691684,0,0,0,0,0,101.605593487621,0,0,0,0,153.876396855887,155.24952173131,0,0,106.33736463831,0,61.0664810463559,0,0,90.1317194604647,92.5568465385234,250.461724766314,111.435629183184,0,194.442125915551,0,0
0,0,0,195.378266313867,0,0,0,0,0,242.790381480436,0,0,186.973586461633,0,205.09013266389,0,101.895308036513,0,0,0,0,0,0,0,0,0,0,0,0,211.840482897052,0,0,0,118.522099274347,197.893790332676,200.878319874537,0,92.5207898118833,0,0,186.348837226466
0,222.053792850439,0,0,0,108.136066660554,134.566479261133,0,242.790381480436,0,125.81518738273,0,0,215.611029055736,0,0,0,253.401634605989,0,89.707245288964,0,0,143.005810983322,0,0,128.405764333981,0,133.218162784108,0,0,62.311273509377,0,241.57250333243,116.176698124939,138.33942793804,180.355266595273,0,0,94.8881692391942,0,177.763106506206
0,0,0,0,0,0,0,161.302948562323,0,125.81518738273,0,97.3506957544063,0,228.075434767255,0,125.416941482916,0,0,109.093416850988,0,0,0,80.4367166559625,261.605527103798,0,269.936825670274,0,0,172.608400267715,0,0,175.196329314064,0,205.839960264176,0,0,106.926813611922,151.075371308616,0,84.3635741045246,97.5855511246009
0,0,0,0,0,357.423078228283,212.592150359921,202.712457066107,0,0,97.3506957544063,0,0,0,0,0,115.332064605654,131.969743415579,101.350815329073,0,325.937289045041,0,231.715271819474,259.442917595754,0,108.381749703452,224.523755099568,0,154.065933476765,0,0,323.781250289068,0,206.912707094411,111.226326353722,101.5853655613,134.960780198024,99.2646516363145,0,252.487290983309,162.833808134102
0,0,0,0,0,0,0,76.5072790361762,186.973586461633,0,0,0,0,0,0,0,0,0,0,0,0,0,0,0,0,0,178.224497384947,240.185081663983,0,0,0,0,0,0,0,0,198.528111506785,0,0,0,249.798812580765
180.90030328818,0,0,0,0,0,0,140.574866691684,0,215.611029055736,228.075434767255,0,0,0,192.135034768848,0,0,195.822649557859,0,0,0,128.530575464043,0,0,0,0,158.567996645797,180.543851962045,206.472608421747,94.027247878695,0,0,0,0,0,137.239127032733,0,112.823430872325,70.4221432298295,0,0
0,0,0,221.805809452716,0,0,0,0,205.09013266389,0,0,0,0,192.135034768848,0,0,0,0,0,95.7590805983148,0,0,0,0,0,0,98.2230592632363,138.425725342224,113.144980278377,96.7845769653343,115.868441404982,0,0,114.511014214502,0,0,255.441154257905,0,178.748963182352,0,0
0,85.7623170715703,0,0,0,151.695570509541,241.635434294794,0,0,0,125.416941482916,0,0,0,0,0,0,0,0,0,228.792310020318,0,0,0,0,119.345624434514,97.3232815600345,224.551207449728,0,0,0,0,0,0,0,204.481117647118,161.74915061469,0,0,196.04190773555,0
0,0,0,0,0,0,0,0,101.895308036513,0,0,115.332064605654,0,0,0,0,0,0,0,0,173.001559092555,0,0,0,0,191.519780382943,0,335.371040201042,0,0,0,0,0,0,151.036729364761,201.44584889478,146.99041817625,0,178.683678585178,142.385058730083,0
0,0,0,0,0,0,0,0,0,253.401634605989,0,131.969743415579,0,195.822649557859,0,0,0,0,0,0,0,0,0,0,0,0,73.1029054543569,0,0,0,0,0,0,94.9380989123498,0,283.88658203332,276.620869034647,321.124897279917,0,165.893015276821,0
0,0,0,0,136.792307586862,0,0,0,0,0,109.093416850988,101.350815329073,0,0,0,0,0,0,0,0,0,0,171.230058197369,0,160.530221557972,0,74.5815074003433,0,0,114.649126378906,0,0,0,197.486504603685,0,192.693757128262,236.681907140956,184.249961885477,0,0,345.797434674459
124.853650664477,0,0,0,247.66948903751,154.142998692322,0,101.605593487621,0,89.707245288964,0,0,0,0,95.7590805983148,0,0,0,0,0,165.597665022977,0,0,71.5579325720569,0,101.443495235174,353.822894641502,300.031143529538,0,58.3493451392805,0,135.294330067913,0,72.2278283150671,226.825099357786,110.384905066973,204.084074037941,0,0,0,0
0,0,0,0,0,0,0,0,0,0,0,325.937289045041,0,0,0,228.792310020318,173.001559092555,0,0,165.597665022977,0,0,0,193.055010680236,0,0,115.194491798135,0,0,231.050882209,0,0,0,173.538155409849,0,338.131802716296,101.85207633558,241.682021696872,0,173.059382066957,89.1590885155172
0,0,0,0,0,0,0,0,0,0,0,0,0,128.530575464043,0,0,0,0,0,0,0,0,0,85.6072705949986,135.667029391615,160.537522273714,0,220.901129804706,0,0,0,0,0,0,172.892533368851,0,0,0,104.369974912428,187.77054666536,0
0,0,0,0,0,0,153.672550905948,0,0,143.005810983322,80.4367166559625,231.715271819474,0,0,0,0,0,0,171.230058197369,0,0,0,0,82.6299537488922,0,0,208.005106191961,106.128596538706,0,0,0,0,220.963068032256,0,0,74.4197823064597,100.812745974529,171.906398392157,71.4788760670054,333.645516435298,169.453147353278
0,0,0,0,146.770754374523,0,93.4234866874731,0,0,0,261.605527103798,259.442917595754,0,0,0,0,0,0,0,71.5579325720569,193.055010680236,85.6072705949986,82.6299537488922,0,0,259.055025639447,223.705816669619,87.8456058929559,174.013630695256,0,0,67.8267069095267,209.996727521564,94.7529894315991,0,128.846764897717,120.567029282014,0,0,115.871357769661,139.93285932648
0,0,0,117.208001126138,0,0,0,153.876396855887,0,0,0,0,0,0,0,0,0,0,160.530221557972,0,0,135.667029391615,0,0,0,173.201474590904,0,0,309.997227542691,0,0,214.116367924649,0,0,0,112.349934713559,0,0,0,249.905610015455,218.045528847001
0,0,0,0,0,161.694997919804,0,155.24952173131,0,128.405764333981,269.936825670274,108.381749703452,0,0,0,119.345624434514,191.519780382943,0,0,101.443495235174,0,160.537522273714,0,259.055025639447,173.201474590904,0,0,219.430938885781,124.698445421759,0,0,0,0,151.806152521152,238.934743274142,280.376028997576,136.685314494491,193.63278243493,0,329.719143597451,142.054529471577
0,0,0,0,0,146.465927798921,0,0,0,0,0,224.523755099568,178.224497384947,158.567996645797,98.2230592632363,97.3232815600345,0,73.1029054543569,74.5815074003433,353.822894641502,115.194491798135,0,208.005106191961,223.705816669619,0,0,0,320.356811100276,181.316358113209,161.325017232684,0,193.659409924573,0,217.157696745803,193.777661225572,0,0,139.654362654449,0,133.984214699576,0
98.6790043377568,219.040656038919,82.1742780037132,188.851177466023,161.275817184598,0,196.032358954952,0,0,133.218162784108,0,0,240.185081663983,180.543851962045,138.425725342224,224.551207449728,335.371040201042,0,0,300.031143529538,0,220.901129804706,106.128596538706,87.8456058929559,0,219.430938885781,320.356811100276,0,145.74089716123,0,167.066576495979,0,0,80.8080171296381,155.901486485736,0,92.3502314520023,198.964527389285,163.945208919892,66.5008477853491,119.728129215699
0,0,0,141.204637091722,90.7216186966914,158.955087279859,81.2827395071039,106.33736463831,0,0,172.608400267715,154.065933476765,0,206.472608421747,113.144980278377,0,0,0,0,0,0,0,0,174.013630695256,309.997227542691,124.698445421759,181.316358113209,145.74089716123,0,0,78.8552325762656,289.631679007608,0,0,347.376449530863,0,0,199.492852797962,103.519938150021,205.183249704085,116.054372245433
0,0,0,0,195.314816908693,0,0,0,211.840482897052,0,0,0,0,94.027247878695,96.7845769653343,0,0,0,114.649126378906,58.3493451392805,231.050882209,0,0,0,0,0,161.325017232684,0,0,0,0,0,0,82.6426202489162,251.098274723989,0,263.534399241887,0,0,0,0
0,0,0,0,0,0,0,61.0664810463559,0,62.311273509377,0,0,0,0,115.868441404982,0,0,0,0,0,0,0,0,0,0,0,0,167.066576495979,78.8552325762656,0,0,0,0,0,232.945974238958,0,0,0,0,0,0
0,0,0,0,0,120.912756812582,0,0,0,0,175.196329314064,323.781250289068,0,0,0,0,0,0,0,135.294330067913,0,0,0,67.8267069095267,214.116367924649,0,193.659409924573,0,289.631679007608,0,0,0,0,163.059043292369,169.742003380707,0,0,0,227.504408813069,0,0
0,0,0,0,0,0,0,0,0,241.57250333243,0,0,0,0,0,0,0,0,0,0,0,0,220.963068032256,209.996727521564,0,0,0,0,0,0,0,0,0,96.5937438588657,0,0,261.440278806413,0,0,0,0
0,262.382215657622,153.453047983244,0,0,284.529238481835,0,90.1317194604647,118.522099274347,116.176698124939,205.839960264176,206.912707094411,0,0,114.511014214502,0,0,94.9380989123498,197.486504603685,72.2278283150671,173.538155409849,0,0,94.7529894315991,0,151.806152521152,217.157696745803,80.8080171296381,0,82.6426202489162,0,163.059043292369,96.5937438588657,0,112.793316814908,93.5029580098427,98.417953423071,213.67670887414,0,122.106946855269,73.4795582048751
0,0,106.533627130087,192.601533877686,306.640284138334,188.936291522747,0,92.5568465385234,197.893790332676,138.33942793804,0,111.226326353722,0,0,0,0,151.036729364761,0,0,226.825099357786,0,172.892533368851,0,0,0,238.934743274142,193.777661225572,155.901486485736,347.376449530863,251.098274723989,232.945974238958,169.742003380707,0,112.793316814908,0,99.3508940827211,168.241326865882,115.114253591495,62.859596780235,321.864157986053,306.344527664232
0,0,0,0,0,0,0,250.461724766314,200.878319874537,180.355266595273,0,101.5853655613,0,137.239127032733,0,204.481117647118,201.44584889478,283.88658203332,192.693757128262,110.384905066973,338.131802716296,0,74.4197823064597,128.846764897717,112.349934713559,280.376028997576,0,0,0,0,0,0,0,93.5029580098427,99.3508940827211,0,82.4756938751058,0,0,139.792601838991,0
154.784755881607,113.059176128709,94.126460729827,148.808626413748,153.609372090384,348.674510760064,0,111.435629183184,0,0,106.926813611922,134.960780198024,198.528111506785,0,255.441154257905,161.74915061469,146.99041817625,276.620869034647,236.681907140956,204.084074037941,101.85207633558,0,100.812745974529,120.567029282014,0,136.685314494491,0,92.3502314520023,0,263.534399241887,0,0,261.440278806413,98.417953423071,168.241326865882,82.4756938751058,0,74.7304794244225,190.185165668632,283.248188884028,94.7280504127031
0,0,0,219.078548227669,303.527509149359,89.9429017381717,0,0,92.5207898118833,0,151.075371308616,99.2646516363145,0,112.823430872325,0,0,0,321.124897279917,184.249961885477,0,241.682021696872,0,171.906398392157,0,0,193.63278243493,139.654362654449,198.964527389285,199.492852797962,0,0,0,0,213.67670887414,115.114253591495,0,74.7304794244225,0,0,201.100640800745,314.611698427915
0,0,0,75.4497121078207,0,0,154.070293657878,194.442125915551,0,94.8881692391942,0,0,0,70.4221432298295,178.748963182352,0,178.683678585178,0,0,0,0,104.369974912428,71.4788760670054,0,0,0,0,163.945208919892,103.519938150021,0,0,227.504408813069,0,0,62.859596780235,0,190.185165668632,0,0,137.189596148386,0
0,0,125.994729980093,164.032723165762,179.718364159796,0,159.183173818572,0,0,0,84.3635741045246,252.487290983309,0,0,0,196.04190773555,142.385058730083,165.893015276821,0,0,173.059382066957,187.77054666536,333.645516435298,115.871357769661,249.905610015455,329.719143597451,133.984214699576,66.5008477853491,205.183249704085,0,0,0,0,122.106946855269,321.864157986053,139.792601838991,283.248188884028,201.100640800745,137.189596148386,0,157.852515740516
104.915316975638,0,0,0,146.814226519809,0,115.541295036174,0,186.348837226466,177.763106506206,97.5855511246009,162.833808134102,249.798812580765,0,0,0,0,0,345.797434674459,0,89.1590885155172,0,169.453147353278,139.93285932648,218.045528847001,142.054529471577,0,119.728129215699,116.054372245433,0,0,0,0,73.4795582048751,306.344527664232,0,94.7280504127031,314.611698427915,0,157.852515740516,0
