0,0,0,0,0,160.537522273714,0,0,0,0,0,0,0,320.356811100276,0,0,0,0,0,128.530575464043,0,0,0,0,0,0,162.833808134102,128.405764333981,0,0,0,0,0,111.435629183184,0,0,0,0,0,0,0
0,0,0,0,82.1742780037132,0,0,0,0,173.059382066957,0,0,0,0,0,0,0,0,0,0,0,178.748963182352,0,81.9664354533492,0,0,0,261.440278806413,0,0,0,0,0,0,0,0,0,0,0,146.99041817625,94.8881692391942
0,0,0,0,0,158.955087279859,0,0,0,0,0,0,0,0,0,0,0,0,0,153.609372090384,0,0,0,0,0,0,0,0,0,190.185165668632,0,0,0,252.487290983309,96.5937438588657,0,0,0,0,0,0
0,0,0,0,0,0,150.161410108805,0,0,66.5008477853491,85.6072705949986,110.384905066973,0,0,0,0,0,0,0,0,0,153.453047983244,0,0,0,348.674510760064,0,187.77054666536,172.608400267715,154.142998692322,0,101.605593487621,0,161.302948562323,0,0,0,0,0,101.350815329073,259.442917595754
0,82.1742780037132,0,0,0,0,321.124897279917,231.050882209,0,140.574866691684,0,115.114253591495,0,0,0,0,0,0,0,0,154.070293657878,0,0,173.538155409849,0,0,92.3502314520023,142.054529471577,0,0,0,0,0,0,205.839960264176,161.325017232684,177.763106506206,0,0,309.997227542691,101.85207633558
160.537522273714,0,158.955087279859,0,0,0,0,97.5855511246009,0,0,200.878319874537,85.7623170715703,0,0,0,115.871357769661,0,0,0,0,0,0,0,0,0,114.649126378906,119.728129215699,0,0,0,101.895308036513,276.620869034647,0,101.5853655613,136.792307586862,0,202.712457066107,192.693757128262,0,0,0
0,0,0,150.161410108805,321.124897279917,0,0,0,0,228.792310020318,0,0,0,0,0,0,139.654362654449,0,218.045528847001,180.355266595273,0,0,0,0,0,141.204637091722,0,0,224.523755099568,0,154.784755881607,0,0,0,0,112.349934713559,201.44584889478,0,0,217.157696745803,181.316358113209
0,0,0,0,231.050882209,97.5855511246009,0,0,178.683678585178,289.631679007608,0,192.135034768848,0,0,211.840482897052,0,0,0,0,98.6790043377568,157.852515740516,0,0,220.963068032256,0,0,163.945208919892,133.984214699576,314.611698427915,0,0,0,0,0,249.798812580765,283.248188884028,259.055025639447,0,0,95.7590805983148,0
0,0,0,0,0,0,0,178.683678585178,0,0,0,0,133.218162784108,0,0,0,219.040656038919,0,0,0,0,0,116.176698124939,0,247.66948903751,195.314816908693,180.90030328818,0,0,0,0,0,0,58.3493451392805,0,0,128.846764897717,0,186.348837226466,62.311273509377,0
0,173.059382066957,0,66.5008477853491,140.574866691684,0,228.792310020318,289.631679007608,0,0,0,195.822649557859,0,0,73.4795582048751,0,0,0,0,78.8552325762656,94.9380989123498,0,0,75.4497121078207,198.528111506785,0,161.275817184598,0,0,146.814226519809,0,0,0,0,0,171.906398392157,145.74089716123,115.541295036174,74.7304794244225,87.8456058929559,0
0,0,0,85.6072705949986,0,200.878319874537,0,0,0,0,0,151.075371308616,0,0,204.084074037941,0,0,0,0,0,0,0,115.194491798135,283.88658203332,213.67670887414,151.036729364761,0,124.853650664477,103.519938150021,0,0,0,138.425725342224,106.926813611922,148.808626413748,224.551207449728,0,193.777661225572,0,226.825099357786,0
0,0,0,110.384905066973,115.114253591495,85.7623170715703,0,192.135034768848,0,195.822649557859,151.075371308616,0,0,306.640284138334,250.461724766314,0,0,0,0,188.936291522747,0,0,80.8080171296381,196.04190773555,111.226326353722,215.611029055736,0,284.529238481835,280.376028997576,0,0,0,0,0,155.901486485736,241.635434294794,138.33942793804,223.705816669619,0,329.719143597451,82.4756938751058
0,0,0,0,0,0,0,0,133.218162784108,0,0,0,0,0,0,0,0,0,0,0,0,72.2278283150671,0,0,0,93.4234866874731,0,0,160.530221557972,0,0,0,0,143.005810983322,0,0,0,0,0,306.344527664232,0
320.356811100276,0,0,0,0,0,0,0,0,0,0,306.640284138334,0,0,0,219.430938885781,0,158.567996645797,0,0,0,0,151.695570509541,0,0,0,113.059176128709,165.893015276821,0,0,0,0,0,112.823430872325,0,99.3508940827211,325.937289045041,221.805809452716,171.230058197369,240.185081663983,303.527509149359
0,0,0,0,0,0,0,211.840482897052,0,73.4795582048751,204.084074037941,250.461724766314,0,0,0,333.645516435298,0,0,0,236.681907140956,99.2646516363145,0,0,119.345624434514,0,0,67.8267069095267,0,0,0,0,0,0,262.382215657622,0,0,71.4788760670054,0,0,96.7845769653343,0
0,0,0,0,0,115.871357769661,0,0,0,0,0,0,0,219.430938885781,333.645516435298,0,0,0,0,0,0,0,146.770754374523,0,0,0,0,94.027247878695,204.481117647118,0,74.4197823064597,0,345.797434674459,219.078548227669,0,153.672550905948,100.812745974529,0,0,0,0
0,0,0,0,0,0,139.654362654449,0,219.040656038919,0,0,0,0,0,0,0,0,0,139.93285932648,0,0,0,0,232.945974238958,0,98.2230592632363,0,120.567029282014,89.9429017381717,0,0,0,0,199.492852797962,161.74915061469,0,191.519780382943,0,0,0,0
0,0,0,0,0,0,0,0,0,0,0,0,0,158.567996645797,0,0,0,0,0,0,193.63278243493,0,0,113.144980278377,193.659409924573,0,73.1029054543569,106.533627130087,198.964527389285,0,0,0,0,0,0,0,353.822894641502,0,231.715271819474,0,0
0,0,0,0,0,0,218.045528847001,0,0,0,0,0,0,0,0,0,139.93285932648,0,0,0,0,0,0,169.742003380707,0,0,159.183173818572,155.24952173131,0,0,0,184.249961885477,0,139.792601838991,61.0664810463559,108.381749703452,62.859596780235,174.013630695256,0,0,92.5568465385234
128.530575464043,0,153.609372090384,0,0,0,180.355266595273,98.6790043377568,0,78.8552325762656,0,188.936291522747,0,0,236.681907140956,0,0,0,0,0,0,0,0,89.3673883748406,0,131.969743415579,0,197.893790332676,205.183249704085,0,0,0,0,0,179.718364159796,70.4221432298295,188.851177466023,173.201474590904,208.005106191961,0,241.57250333243
0,0,0,0,154.070293657878,0,0,157.852515740516,0,94.9380989123498,0,0,0,0,99.2646516363145,0,0,193.63278243493,0,0,0,0,109.093416850988,0,0,71.5579325720569,227.504408813069,0,335.371040201042,0,0,0,0,0,137.177378802006,0,0,0,183.786860782462,194.442125915551,90.1317194604647
0,178.748963182352,0,153.453047983244,0,0,0,0,0,0,0,0,72.2278283150671,0,0,0,0,0,0,0,0,0,0,0,0,122.106946855269,0,0,0,137.189596148386,0,0,0,104.369974912428,206.472608421747,0,0,90.7216186966914,0,0,0
0,0,0,0,0,0,0,0,116.176698124939,0,115.194491798135,80.8080171296381,0,151.695570509541,0,146.770754374523,0,0,0,0,109.093416850988,0,0,0,93.5029580098427,321.864157986053,0,0,0,0,0,0,0,193.055010680236,89.707245288964,201.100640800745,94.7529894315991,136.685314494491,0,97.3506957544063,106.128596538706
0,81.9664354533492,0,0,173.538155409849,0,0,220.963068032256,0,75.4497121078207,283.88658203332,196.04190773555,0,0,119.345624434514,0,232.945974238958,113.144980278377,169.742003380707,89.3673883748406,0,0,0,0,0,0,251.098274723989,125.81518738273,0,0,0,180.543851962045,0,0,134.566479261133,82.6426202489162,206.912707094411,74.5815074003433,0,154.065933476765,0
0,0,0,0,0,0,0,0,247.66948903751,198.528111506785,213.67670887414,111.226326353722,0,0,0,0,0,193.659409924573,0,0,0,0,93.5029580098427,0,0,0,0,0,0,0,0,0,0,0,89.1590885155172,0,249.905610015455,0,165.597665022977,104.915316975638,0
0,0,0,348.674510760064,0,114.649126378906,141.204637091722,0,195.314816908693,0,151.036729364761,215.611029055736,93.4234866874731,0,0,0,98.2230592632363,0,0,131.969743415579,71.5579325720569,122.106946855269,321.864157986053,0,0,0,241.682021696872,173.001559092555,0,0,0,76.5072790361762,0,192.601533877686,0,0,175.196329314064,164.032723165762,263.534399241887,242.790381480436,0
162.833808134102,0,0,0,92.3502314520023,119.728129215699,0,163.945208919892,180.90030328818,161.275817184598,0,0,0,113.059176128709,67.8267069095267,0,0,73.1029054543569,159.183173818572,0,227.504408813069,0,0,251.098274723989,0,241.682021696872,0,117.208001126138,214.116367924649,0,0,0,0,137.239127032733,118.522099274347,0,357.423078228283,0,0,196.032358954952,205.09013266389
128.405764333981,261.440278806413,0,187.77054666536,142.054529471577,0,0,133.984214699576,0,0,124.853650664477,284.529238481835,0,165.893015276821,0,94.027247878695,120.567029282014,106.533627130087,155.24952173131,197.893790332676,0,0,0,125.81518738273,0,173.001559092555,117.208001126138,0,78.9559315574845,80.4367166559625,0,125.994729980093,167.066576495979,0,101.443495235174,97.3232815600345,115.868441404982,116.054372245433,228.075434767255,120.912756812582,178.224497384947
0,0,0,172.608400267715,0,0,224.523755099568,314.611698427915,0,0,103.519938150021,280.376028997576,160.530221557972,0,0,204.481117647118,89.9429017381717,198.964527389285,0,205.183249704085,335.371040201042,0,0,0,0,0,214.116367924649,78.9559315574845,0,0,135.667029391615,81.2827395071039,0,84.3635741045246,338.131802716296,0,151.806152521152,0,172.892533368851,212.592150359921,108.136066660554
0,0,190.185165668632,154.142998692322,0,0,0,0,0,146.814226519809,0,0,0,0,0,0,0,0,0,0,0,137.189596148386,0,0,0,0,0,80.4367166559625,0,0,0,220.901129804706,0,0,168.241326865882,0,134.960780198024,106.33736463831,197.486504603685,0,125.416941482916
0,0,0,0,0,101.895308036513,154.784755881607,0,0,0,0,0,0,0,0,74.4197823064597,0,0,0,0,0,0,0,0,0,0,0,0,135.667029391615,0,0,0,0,161.694997919804,269.936825670274,0,0,0,0,0,0
0,0,0,101.605593487621,0,276.620869034647,0,0,0,0,0,0,0,0,0,0,0,0,184.249961885477,0,0,0,0,180.543851962045,0,76.5072790361762,0,125.994729980093,81.2827395071039,220.901129804706,0,0,0,135.294330067913,0,0,222.053792850439,195.378266313867,0,0,0
0,0,0,0,0,0,0,0,0,0,138.425725342224,0,0,0,0,345.797434674459,0,0,0,0,0,0,0,0,0,0,0,167.066576495979,0,0,0,0,0,0,0,0,151.01089327964,0,0,0,255.441154257905
111.435629183184,0,252.487290983309,161.302948562323,0,101.5853655613,0,0,58.3493451392805,0,106.926813611922,0,143.005810983322,112.823430872325,262.382215657622,219.078548227669,199.492852797962,0,139.792601838991,0,0,104.369974912428,193.055010680236,0,0,192.601533877686,137.239127032733,0,84.3635741045246,0,161.694997919804,135.294330067913,0,0,225.013371621378,153.876396855887,146.465927798921,98.417953423071,209.996727521564,82.6299537488922,261.605527103798
0,0,96.5937438588657,0,205.839960264176,136.792307586862,0,249.798812580765,0,0,148.808626413748,155.901486485736,0,0,0,0,161.74915061469,0,61.0664810463559,179.718364159796,137.177378802006,206.472608421747,89.707245288964,134.566479261133,89.1590885155172,0,118.522099274347,101.443495235174,338.131802716296,168.241326865882,269.936825670274,0,0,225.013371621378,0,114.511014214502,124.698445421759,163.059043292369,0,186.973586461633,115.332064605654
0,0,0,0,161.325017232684,0,112.349934713559,283.248188884028,0,171.906398392157,224.551207449728,241.635434294794,0,99.3508940827211,0,153.672550905948,0,0,108.381749703452,70.4221432298295,0,0,201.100640800745,82.6426202489162,0,0,0,97.3232815600345,0,0,0,0,0,153.876396855887,114.511014214502,0,94.126460729827,112.793316814908,253.401634605989,0,238.934743274142
0,0,0,0,177.763106506206,202.712457066107,201.44584889478,259.055025639447,128.846764897717,145.74089716123,0,138.33942793804,0,325.937289045041,71.4788760670054,100.812745974529,191.519780382943,353.822894641502,62.859596780235,188.851177466023,0,0,94.7529894315991,206.912707094411,249.905610015455,175.196329314064,357.423078228283,115.868441404982,151.806152521152,134.960780198024,0,222.053792850439,151.01089327964,146.465927798921,124.698445421759,94.126460729827,0,169.453147353278,300.031143529538,142.385058730083,0
0,0,0,0,0,192.693757128262,0,0,0,115.541295036174,193.777661225572,223.705816669619,0,221.805809452716,0,0,0,0,174.013630695256,173.201474590904,0,90.7216186966914,136.685314494491,74.5815074003433,0,164.032723165762,0,116.054372245433,0,106.33736463831,0,195.378266313867,0,98.417953423071,163.059043292369,112.793316814908,169.453147353278,0,0,92.5207898118833,94.7280504127031
0,0,0,0,0,0,0,0,186.348837226466,74.7304794244225,0,0,0,171.230058197369,0,0,0,231.715271819474,0,208.005106191961,183.786860782462,0,0,0,165.597665022977,263.534399241887,0,228.075434767255,172.892533368851,197.486504603685,0,0,0,209.996727521564,0,253.401634605989,300.031143529538,0,0,0,347.376449530863
0,146.99041817625,0,101.350815329073,309.997227542691,0,217.157696745803,95.7590805983148,62.311273509377,87.8456058929559,226.825099357786,329.719143597451,306.344527664232,240.185081663983,96.7845769653343,0,0,0,0,0,194.442125915551,0,97.3506957544063,154.065933476765,104.915316975638,242.790381480436,196.032358954952,120.912756812582,212.592150359921,0,0,0,0,82.6299537488922,186.973586461633,0,142.385058730083,92.5207898118833,0,0,323.781250289068
0,94.8881692391942,0,259.442917595754,101.85207633558,0,181.316358113209,0,0,0,0,82.4756938751058,0,303.527509149359,0,0,0,0,92.5568465385234,241.57250333243,90.1317194604647,0,106.128596538706,0,0,0,205.09013266389,178.224497384947,108.136066660554,125.416941482916,0,0,255.441154257905,261.605527103798,115.332064605654,238.934743274142,0,94.7280504127031,347.376449530863,323.781250289068,0
