0,0,0,0,251.098274723989,0,0,154.142998692322,0,0,0,0,0,0,0,0,0,0,0,0,0,0,0,0,0,0,190.185165668632,108.136066660554,0,173.538155409849,0,0,0,321.124897279917,0,0,0,0,0,0,0
0,0,0,0,101.895308036513,0,0,289.631679007608,0,0,0,0,0,0,0,0,0,0,117.208001126138,0,0,0,0,0,0,0,0,0,85.7623170715703,0,78.8552325762656,0,0,0,0,0,82.6426202489162,0,0,186.973586461633,0
0,0,0,0,0,0,81.9664354533492,0,0,0,0,139.654362654449,0,0,0,0,0,0,0,154.784755881607,0,82.6299537488922,0,0,0,0,0,0,0,0,0,0,0,0,0,0,115.332064605654,0,0,0,0
0,0,0,0,347.376449530863,0,0,195.314816908693,0,161.74915061469,0,338.131802716296,0,0,151.01089327964,0,131.969743415579,0,0,0,0,0,0,202.712457066107,0,61.0664810463559,219.078548227669,93.5029580098427,0,0,0,0,0,119.728129215699,269.936825670274,0,0,0,0,209.996727521564,0
251.098274723989,101.895308036513,0,347.376449530863,0,0,0,0,0,0,80.8080171296381,0,0,0,0,194.442125915551,0,0,0,357.423078228283,0,0,180.355266595273,0,0,146.814226519809,0,155.24952173131,0,0,0,0,0,171.230058197369,159.183173818572,0,141.204637091722,0,0,74.7304794244225,70.4221432298295
0,0,0,0,0,0,0,0,0,0,0,118.522099274347,0,180.543851962045,0,138.425725342224,0,0,0,0,0,109.093416850988,151.075371308616,255.441154257905,0,0,0,75.4497121078207,112.349934713559,0,0,0,0,0,158.955087279859,76.5072790361762,99.2646516363145,167.066576495979,0,116.054372245433,195.378266313867
0,0,81.9664354533492,0,0,0,0,87.8456058929559,85.6072705949986,0,0,0,0,0,0,0,0,0,0,0,0,0,249.905610015455,0,0,0,128.846764897717,0,205.09013266389,241.57250333243,0,0,0,283.88658203332,0,180.90030328818,84.3635741045246,242.790381480436,58.3493451392805,0,62.859596780235
154.142998692322,289.631679007608,0,195.314816908693,0,0,87.8456058929559,0,0,0,225.013371621378,0,0,0,0,95.7590805983148,124.853650664477,0,196.04190773555,0,0,0,0,195.822649557859,0,93.4234866874731,0,82.1742780037132,0,0,0,0,0,174.013630695256,0,0,197.486504603685,94.8881692391942,135.294330067913,108.381749703452,0
0,0,0,0,0,0,85.6072705949986,0,0,0,306.640284138334,0,187.77054666536,161.325017232684,0,0,0,0,0,0,232.945974238958,0,191.519780382943,0,193.055010680236,0,74.5815074003433,142.385058730083,0,0,0,0,0,0,168.241326865882,0,224.523755099568,0,0,0,0
0,0,0,161.74915061469,0,0,0,0,0,0,0,300.031143529538,222.053792850439,0,125.994729980093,0,161.302948562323,0,192.601533877686,0,0,0,0,0,89.3673883748406,137.189596148386,66.5008477853491,175.196329314064,128.530575464043,67.8267069095267,0,0,0,198.964527389285,150.161410108805,114.511014214502,136.685314494491,0,136.792307586862,165.893015276821,0
0,0,0,0,80.8080171296381,0,0,225.013371621378,306.640284138334,0,0,0,94.9380989123498,0,0,0,0,205.183249704085,0,211.840482897052,261.605527103798,204.084074037941,0,0,0,276.620869034647,323.781250289068,106.926813611922,171.906398392157,0,0,0,97.5855511246009,106.128596538706,0,0,134.566479261133,110.384905066973,0,0,0
0,0,139.654362654449,338.131802716296,0,118.522099274347,0,0,0,300.031143529538,0,0,148.808626413748,0,161.694997919804,0,321.864157986053,154.070293657878,206.912707094411,100.812745974529,200.878319874537,0,0,188.851177466023,0,0,71.5579325720569,219.430938885781,0,0,0,146.770754374523,0,0,71.4788760670054,259.442917595754,142.054529471577,0,259.055025639447,335.371040201042,181.316358113209
0,0,0,0,0,0,0,0,187.77054666536,222.053792850439,94.9380989123498,148.808626413748,0,0,0,0,0,0,0,0,0,0,0,0,0,0,0,0,0,0,0,0,0,0,0,164.032723165762,196.032358954952,0,0,0,0
0,0,0,0,0,180.543851962045,0,0,161.325017232684,0,0,0,0,0,183.786860782462,0,0,0,0,0,0,0,92.5568465385234,280.376028997576,0,106.533627130087,0,151.695570509541,178.224497384947,0,0,0,0,173.059382066957,0,92.3502314520023,247.66948903751,135.667029391615,345.797434674459,115.868441404982,0
0,0,0,151.01089327964,0,0,0,0,0,125.994729980093,0,161.694997919804,0,183.786860782462,0,0,0,0,0,0,94.027247878695,0,0,217.157696745803,0,0,0,199.492852797962,262.382215657622,0,0,0,348.674510760064,96.5937438588657,0,0,0,128.405764333981,0,261.440278806413,0
0,0,0,0,194.442125915551,138.425725342224,0,95.7590805983148,0,0,0,0,0,0,0,0,0,0,0,112.823430872325,0,0,177.763106506206,0,0,0,0,0,0,0,0,73.1029054543569,0,0,0,179.718364159796,219.040656038919,0,98.2230592632363,236.681907140956,231.050882209
0,0,0,131.969743415579,0,0,0,124.853650664477,0,161.302948562323,0,321.864157986053,0,0,0,0,0,0,0,101.85207633558,0,0,0,0,0,143.005810983322,0,162.833808134102,0,0,153.672550905948,0,0,104.369974912428,0,0,306.344527664232,0,0,0,0
0,0,0,0,0,0,0,0,0,0,205.183249704085,154.070293657878,0,0,0,0,0,0,0,0,0,0,0,206.472608421747,303.527509149359,214.116367924649,125.416941482916,0,173.201474590904,0,0,0,0,160.537522273714,228.792310020318,0,0,0,0,0,0
0,117.208001126138,0,0,0,0,0,196.04190773555,0,192.601533877686,0,206.912707094411,0,0,0,0,0,0,0,0,116.176698124939,228.075434767255,0,0,0,0,0,80.4367166559625,134.960780198024,154.065933476765,0,0,0,115.871357769661,81.2827395071039,0,252.487290983309,0,0,0,0
0,0,154.784755881607,0,357.423078228283,0,0,0,0,0,211.840482897052,100.812745974529,0,0,0,112.823430872325,101.85207633558,0,0,0,0,0,0,120.912756812582,165.597665022977,169.742003380707,155.901486485736,0,0,0,0,0,0,89.1590885155172,184.249961885477,151.806152521152,231.715271819474,0,139.792601838991,163.945208919892,97.3232815600345
0,0,0,0,0,0,0,0,232.945974238958,0,261.605527103798,200.878319874537,0,0,94.027247878695,0,0,0,116.176698124939,0,0,0,193.659409924573,0,0,0,0,0,160.530221557972,0,0,0,0,213.67670887414,284.529238481835,0,0,138.33942793804,224.551207449728,241.682021696872,106.33736463831
0,0,82.6299537488922,0,0,109.093416850988,0,0,0,0,204.084074037941,0,0,0,0,0,0,0,228.075434767255,0,0,0,0,0,0,0,0,197.893790332676,0,0,0,193.63278243493,0,0,0,0,101.605593487621,0,0,137.239127032733,0
0,0,0,0,180.355266595273,151.075371308616,249.905610015455,0,191.519780382943,0,0,0,0,92.5568465385234,0,177.763106506206,0,0,0,0,193.659409924573,0,0,0,0,0,0,188.936291522747,111.435629183184,0,0,153.609372090384,0,0,163.059043292369,178.683678585178,151.036729364761,172.608400267715,0,0,119.345624434514
0,0,0,202.712457066107,0,255.441154257905,0,195.822649557859,0,0,0,188.851177466023,0,280.376028997576,217.157696745803,0,0,206.472608421747,0,120.912756812582,0,0,0,0,0,198.528111506785,98.417953423071,82.4756938751058,0,178.748963182352,0,0,0,73.4795582048751,223.705816669619,0,220.963068032256,145.74089716123,137.177378802006,353.822894641502,226.825099357786
0,0,0,0,0,0,0,0,193.055010680236,89.3673883748406,0,0,0,0,0,0,0,303.527509149359,0,165.597665022977,0,0,0,0,0,201.100640800745,172.892533368851,94.7280504127031,0,0,0,0,0,204.481117647118,186.348837226466,0,0,0,0,0,192.135034768848
0,0,0,61.0664810463559,146.814226519809,0,0,93.4234866874731,0,137.189596148386,276.620869034647,0,0,106.533627130087,0,0,143.005810983322,214.116367924649,0,169.742003380707,0,0,0,198.528111506785,201.100640800745,0,0,0,240.185081663983,120.567029282014,0,115.194491798135,0,215.611029055736,249.798812580765,133.218162784108,0,0,314.611698427915,92.5207898118833,169.453147353278
190.185165668632,0,0,219.078548227669,0,0,128.846764897717,0,74.5815074003433,66.5008477853491,323.781250289068,71.5579325720569,0,0,0,0,0,125.416941482916,0,155.901486485736,0,0,0,98.417953423071,172.892533368851,0,0,329.719143597451,227.504408813069,101.5853655613,0,0,0,173.001559092555,101.443495235174,139.93285932648,0,94.7529894315991,0,104.915316975638,146.465927798921
108.136066660554,0,0,93.5029580098427,155.24952173131,75.4497121078207,0,82.1742780037132,142.385058730083,175.196329314064,106.926813611922,219.430938885781,0,151.695570509541,199.492852797962,0,162.833808134102,0,80.4367166559625,0,0,197.893790332676,188.936291522747,82.4756938751058,94.7280504127031,0,329.719143597451,0,218.045528847001,0,0,122.106946855269,0,193.777661225572,205.839960264176,94.126460729827,140.574866691684,103.519938150021,0,263.534399241887,115.114253591495
0,85.7623170715703,0,0,0,112.349934713559,205.09013266389,0,0,128.530575464043,171.906398392157,0,0,178.224497384947,262.382215657622,0,0,173.201474590904,134.960780198024,0,160.530221557972,0,111.435629183184,0,0,240.185081663983,227.504408813069,218.045528847001,0,0,0,101.350815329073,0,112.793316814908,89.707245288964,0,221.805809452716,0,157.852515740516,192.693757128262,124.698445421759
173.538155409849,0,0,0,0,0,241.57250333243,0,0,67.8267069095267,0,0,0,0,0,0,0,0,154.065933476765,0,0,0,0,178.748963182352,0,120.567029282014,101.5853655613,0,0,0,0,0,0,161.275817184598,115.541295036174,283.248188884028,241.635434294794,0,0,0,0
0,78.8552325762656,0,0,0,0,0,0,0,0,0,0,0,0,0,0,153.672550905948,0,0,0,0,0,0,0,0,0,0,0,0,0,0,0,0,99.3508940827211,208.005106191961,0,320.356811100276,0,0,0,158.567996645797
0,0,0,0,0,0,0,0,0,0,0,146.770754374523,0,0,0,73.1029054543569,0,0,0,0,0,193.63278243493,153.609372090384,0,0,115.194491798135,0,122.106946855269,101.350815329073,0,0,0,0,0,0,113.144980278377,113.059176128709,309.997227542691,0,96.7845769653343,0
0,0,0,0,0,0,0,0,0,0,97.5855511246009,0,0,0,348.674510760064,0,0,0,0,0,0,0,0,0,0,0,0,0,0,0,0,0,0,0,74.4197823064597,0,0,133.984214699576,0,0,114.649126378906
321.124897279917,0,0,119.728129215699,171.230058197369,0,283.88658203332,174.013630695256,0,198.964527389285,106.128596538706,0,0,173.059382066957,96.5937438588657,0,104.369974912428,160.537522273714,115.871357769661,89.1590885155172,213.67670887414,0,0,73.4795582048751,204.481117647118,215.611029055736,173.001559092555,193.777661225572,112.793316814908,161.275817184598,99.3508940827211,0,0,0,111.226326353722,0,0,98.6790043377568,72.2278283150671,220.901129804706,0
0,0,0,269.936825670274,159.183173818572,158.955087279859,0,0,168.241326865882,150.161410108805,0,71.4788760670054,0,0,0,0,0,228.792310020318,81.2827395071039,184.249961885477,284.529238481835,0,163.059043292369,223.705816669619,186.348837226466,249.798812580765,101.443495235174,205.839960264176,89.707245288964,115.541295036174,208.005106191961,0,74.4197823064597,111.226326353722,0,153.876396855887,250.461724766314,89.9429017381717,0,0,125.81518738273
0,0,0,0,0,76.5072790361762,180.90030328818,0,0,114.511014214502,0,259.442917595754,164.032723165762,92.3502314520023,0,179.718364159796,0,0,0,151.806152521152,0,0,178.683678585178,0,0,133.218162784108,139.93285932648,94.126460729827,0,283.248188884028,0,113.144980278377,0,0,153.876396855887,0,325.937289045041,253.401634605989,0,212.592150359921,238.934743274142
0,82.6426202489162,115.332064605654,0,141.204637091722,99.2646516363145,84.3635741045246,197.486504603685,224.523755099568,136.685314494491,134.566479261133,142.054529471577,196.032358954952,247.66948903751,0,219.040656038919,306.344527664232,0,252.487290983309,231.715271819474,0,101.605593487621,151.036729364761,220.963068032256,0,0,0,140.574866691684,221.805809452716,241.635434294794,320.356811100276,113.059176128709,0,0,250.461724766314,325.937289045041,0,146.99041817625,201.44584889478,78.9559315574845,62.311273509377
0,0,0,0,0,167.066576495979,242.790381480436,94.8881692391942,0,0,110.384905066973,0,0,135.667029391615,128.405764333981,0,0,0,0,0,138.33942793804,0,172.608400267715,145.74089716123,0,0,94.7529894315991,103.519938150021,0,0,0,309.997227542691,133.984214699576,98.6790043377568,89.9429017381717,253.401634605989,146.99041817625,0,333.645516435298,90.1317194604647,97.3506957544063
0,0,0,0,0,0,58.3493451392805,135.294330067913,0,136.792307586862,0,259.055025639447,0,345.797434674459,0,98.2230592632363,0,0,0,139.792601838991,224.551207449728,0,0,137.177378802006,0,314.611698427915,0,0,157.852515740516,0,0,0,0,72.2278283150671,0,0,201.44584889478,333.645516435298,0,153.453047983244,0
0,186.973586461633,0,209.996727521564,74.7304794244225,116.054372245433,0,108.381749703452,0,165.893015276821,0,335.371040201042,0,115.868441404982,261.440278806413,236.681907140956,0,0,0,163.945208919892,241.682021696872,137.239127032733,0,353.822894641502,0,92.5207898118833,104.915316975638,263.534399241887,192.693757128262,0,0,96.7845769653343,0,220.901129804706,0,212.592150359921,78.9559315574845,90.1317194604647,153.453047983244,0,90.7216186966914
0,0,0,0,70.4221432298295,195.378266313867,62.859596780235,0,0,0,0,181.316358113209,0,0,0,231.050882209,0,0,0,97.3232815600345,106.33736463831,0,119.345624434514,226.825099357786,192.135034768848,169.453147353278,146.465927798921,115.114253591495,124.698445421759,0,158.567996645797,0,114.649126378906,0,125.81518738273,238.934743274142,62.311273509377,97.3506957544063,0,90.7216186966914,0
