0,0,0,0,0,111.226326353722,0,0,169.742003380707,0,0,0,0,0,0,0,0,0,0,151.695570509541,0,0,0,0,0,232.945974238958,0,0,0,0,0,0,0,169.453147353278,108.136066660554,0,0,0,0,0,0
0,0,0,0,0,0,0,0,0,0,0,0,0,0,178.748963182352,0,0,0,0,0,335.371040201042,0,0,114.649126378906,0,0,0,76.5072790361762,0,347.376449530863,0,0,0,0,0,0,0,0,338.131802716296,89.9429017381717,0
0,0,0,0,0,0,0,0,0,0,0,0,0,0,0,0,0,0,0,0,0,199.492852797962,0,0,0,225.013371621378,219.078548227669,0,0,0,0,0,0,0,0,0,0,252.487290983309,0,0,71.5579325720569
0,0,0,0,160.537522273714,0,0,0,0,0,0,0,0,325.937289045041,150.161410108805,0,0,154.142998692322,0,195.378266313867,0,0,0,89.3673883748406,0,0,241.57250333243,0,195.314816908693,0,0,0,0,300.031143529538,115.114253591495,320.356811100276,160.530221557972,92.5568465385234,0,0,0
0,0,0,160.537522273714,0,0,0,167.066576495979,181.316358113209,0,0,0,0,101.605593487621,0,0,142.385058730083,0,0,153.672550905948,61.0664810463559,187.77054666536,81.2827395071039,0,0,193.777661225572,0,158.955087279859,0,0,0,151.036729364761,0,0,0,0,0,284.529238481835,0,0,161.325017232684
111.226326353722,0,0,0,0,0,0,0,0,306.640284138334,0,0,0,201.100640800745,0,0,114.511014214502,96.7845769653343,0,0,99.2646516363145,0,0,161.275817184598,0,0,85.7623170715703,67.8267069095267,161.302948562323,0,0,0,0,329.719143597451,0,0,87.8456058929559,0,0,303.527509149359,208.005106191961
0,0,0,0,0,0,0,0,0,75.4497121078207,0,0,0,134.566479261133,0,0,0,0,0,198.528111506785,0,0,0,0,242.790381480436,195.822649557859,259.442917595754,0,148.808626413748,0,0,0,82.1742780037132,250.461724766314,115.868441404982,0,82.4756938751058,146.814226519809,0,219.040656038919,0
0,0,0,0,167.066576495979,0,0,0,201.44584889478,213.67670887414,0,115.194491798135,0,192.693757128262,221.805809452716,0,0,0,249.798812580765,0,283.88658203332,309.997227542691,0,80.4367166559625,289.631679007608,0,0,70.4221432298295,0,0,0,0,0,0,0,97.3506957544063,118.522099274347,0,0,101.895308036513,101.85207633558
169.742003380707,0,0,0,181.316358113209,0,0,201.44584889478,0,0,345.797434674459,163.945208919892,0,0,0,0,0,0,0,0,204.084074037941,0,0,0,0,0,220.963068032256,228.075434767255,0,0,0,0,0,112.349934713559,0,0,348.674510760064,0,0,98.417953423071,0
0,0,0,0,0,306.640284138334,75.4497121078207,213.67670887414,0,0,238.934743274142,82.6426202489162,0,0,0,151.806152521152,0,0,171.230058197369,0,173.059382066957,0,0,206.912707094411,0,112.823430872325,205.09013266389,198.964527389285,0,0,0,261.440278806413,0,0,180.355266595273,154.784755881607,262.382215657622,104.369974912428,140.574866691684,0,0
0,0,0,0,0,0,0,0,345.797434674459,238.934743274142,0,231.050882209,0,0,314.611698427915,0,0,0,128.846764897717,122.106946855269,0,0,108.381749703452,177.763106506206,133.984214699576,0,0,223.705816669619,100.812745974529,0,269.936825670274,0,0,197.486504603685,82.6299537488922,0,251.098274723989,0,0,0,164.032723165762
0,0,0,0,0,0,0,115.194491798135,163.945208919892,82.6426202489162,231.050882209,0,0,139.792601838991,0,106.533627130087,153.876396855887,0,0,0,0,321.124897279917,74.5815074003433,0,0,212.592150359921,180.90030328818,133.218162784108,119.345624434514,0,0,139.93285932648,146.465927798921,151.075371308616,66.5008477853491,111.435629183184,104.915316975638,0,0,323.781250289068,137.239127032733
0,0,0,0,0,0,0,0,0,0,0,0,0,0,0,0,0,0,0,0,0,0,191.519780382943,0,0,146.770754374523,0,0,0,0,0,0,0,153.453047983244,214.116367924649,0,222.053792850439,0,0,196.032358954952,0
0,0,0,325.937289045041,101.605593487621,201.100640800745,134.566479261133,192.693757128262,0,0,0,139.792601838991,0,0,0,0,306.344527664232,0,0,0,0,0,94.9380989123498,97.5855511246009,0,0,0,0,116.054372245433,0,0,0,0,0,209.996727521564,128.530575464043,0,141.204637091722,0,0,186.973586461633
0,178.748963182352,0,150.161410108805,0,0,0,221.805809452716,0,0,314.611698427915,0,0,0,0,0,0,0,0,0,0,0,98.6790043377568,97.3232815600345,0,0,0,96.5937438588657,0,0,200.878319874537,192.601533877686,0,197.893790332676,0,0,193.659409924573,0,0,0,106.33736463831
0,0,0,0,0,0,0,0,0,151.806152521152,0,106.533627130087,0,0,0,0,165.893015276821,109.093416850988,81.9664354533492,158.567996645797,0,0,0,0,0,0,0,0,0,0,0,0,0,196.04190773555,106.926813611922,174.013630695256,155.24952173131,0,171.906398392157,0,0
0,0,0,0,142.385058730083,114.511014214502,0,0,0,0,0,153.876396855887,0,306.344527664232,0,165.893015276821,0,0,0,0,0,0,0,0,137.177378802006,0,0,101.443495235174,0,0,0,0,0,71.4788760670054,112.793316814908,357.423078228283,0,0,0,0,0
0,0,0,154.142998692322,0,96.7845769653343,0,0,0,0,0,0,0,0,0,109.093416850988,0,0,0,0,125.81518738273,0,0,0,0,94.126460729827,115.332064605654,0,0,0,0,0,0,0,0,0,78.8552325762656,153.609372090384,0,0,94.7280504127031
0,0,0,0,0,0,0,249.798812580765,0,171.230058197369,128.846764897717,0,0,0,0,81.9664354533492,0,0,0,0,0,0,0,78.9559315574845,255.441154257905,0,0,62.311273509377,0,0,0,259.055025639447,0,0,283.248188884028,0,136.685314494491,116.176698124939,0,128.405764333981,0
151.695570509541,0,0,195.378266313867,153.672550905948,0,198.528111506785,0,0,0,122.106946855269,0,0,0,0,158.567996645797,0,0,0,0,0,0,194.442125915551,0,0,220.901129804706,135.667029391615,168.241326865882,89.1590885155172,0,0,0,124.698445421759,0,205.839960264176,137.189596148386,142.054529471577,236.681907140956,0,240.185081663983,0
0,335.371040201042,0,0,61.0664810463559,99.2646516363145,0,283.88658203332,204.084074037941,173.059382066957,0,0,0,0,0,0,0,125.81518738273,0,0,0,0,0,0,0,155.901486485736,0,138.425725342224,0,0,0,0,0,178.683678585178,101.350815329073,205.183249704085,0,0,0,188.851177466023,0
0,0,199.492852797962,0,187.77054666536,0,0,309.997227542691,0,0,0,321.124897279917,0,0,0,0,0,0,0,0,0,0,0,0,0,0,94.027247878695,0,261.605527103798,0,0,0,0,192.135034768848,0,94.7529894315991,0,0,0,0,0
0,0,0,0,81.2827395071039,0,0,0,0,0,108.381749703452,74.5815074003433,191.519780382943,94.9380989123498,98.6790043377568,0,0,0,0,194.442125915551,0,0,0,0,0,136.792307586862,0,161.74915061469,0,227.504408813069,0,0,0,0,224.523755099568,73.1029054543569,117.208001126138,0,0,143.005810983322,124.853650664477
0,114.649126378906,0,89.3673883748406,0,161.275817184598,0,80.4367166559625,0,206.912707094411,177.763106506206,0,0,97.5855511246009,97.3232815600345,0,0,0,78.9559315574845,0,0,0,0,0,0,0,161.694997919804,73.4795582048751,219.430938885781,72.2278283150671,0,0,0,353.822894641502,95.7590805983148,0,215.611029055736,178.224497384947,146.99041817625,226.825099357786,0
0,0,0,0,0,0,242.790381480436,289.631679007608,0,0,133.984214699576,0,0,0,0,0,137.177378802006,0,255.441154257905,0,0,0,0,0,0,85.6072705949986,204.481117647118,0,0,0,0,0,0,0,103.519938150021,0,94.8881692391942,0,0,139.654362654449,0
232.945974238958,0,225.013371621378,0,193.777661225572,0,195.822649557859,0,0,112.823430872325,0,212.592150359921,146.770754374523,0,0,0,0,94.126460729827,0,220.901129804706,155.901486485736,0,136.792307586862,0,85.6072705949986,0,0,113.059176128709,154.070293657878,0,175.196329314064,0,0,186.348837226466,110.384905066973,138.33942793804,0,0,193.63278243493,0,89.707245288964
0,0,219.078548227669,241.57250333243,0,85.7623170715703,259.442917595754,0,220.963068032256,205.09013266389,0,180.90030328818,0,0,0,0,0,115.332064605654,0,135.667029391615,0,94.027247878695,0,161.694997919804,204.481117647118,0,0,0,184.249961885477,0,0,231.715271819474,0,173.538155409849,172.608400267715,62.859596780235,165.597665022977,0,173.001559092555,101.5853655613,0
0,76.5072790361762,0,0,158.955087279859,67.8267069095267,0,70.4221432298295,228.075434767255,198.964527389285,223.705816669619,133.218162784108,0,0,96.5937438588657,0,101.443495235174,0,62.311273509377,168.241326865882,138.425725342224,0,161.74915061469,73.4795582048751,0,113.059176128709,0,0,180.543851962045,241.635434294794,0,119.728129215699,0,163.059043292369,247.66948903751,321.864157986053,333.645516435298,228.792310020318,263.534399241887,157.852515740516,74.7304794244225
0,0,0,195.314816908693,0,161.302948562323,148.808626413748,0,0,0,100.812745974529,119.345624434514,0,116.054372245433,0,0,0,0,0,89.1590885155172,0,261.605527103798,0,219.430938885781,0,154.070293657878,184.249961885477,180.543851962045,0,241.682021696872,0,115.541295036174,0,211.840482897052,58.3493451392805,0,131.969743415579,218.045528847001,188.936291522747,120.567029282014,134.960780198024
0,347.376449530863,0,0,0,0,0,0,0,0,0,0,0,0,0,0,0,0,0,0,0,0,227.504408813069,72.2278283150671,0,0,0,241.635434294794,241.682021696872,0,0,0,0,125.416941482916,0,0,249.905610015455,113.144980278377,93.4234866874731,224.551207449728,98.2230592632363
0,0,0,0,0,0,0,0,0,0,269.936825670274,0,0,0,200.878319874537,0,0,0,0,0,0,0,0,0,0,175.196329314064,0,0,0,0,0,0,0,0,0,80.8080171296381,183.786860782462,0,0,74.4197823064597,0
0,0,0,0,151.036729364761,0,0,0,0,261.440278806413,0,139.93285932648,0,0,192.601533877686,0,0,0,259.055025639447,0,0,0,0,0,0,0,231.715271819474,119.728129215699,115.541295036174,0,0,0,0,0,0,0,179.718364159796,125.994729980093,0,253.401634605989,0
0,0,0,0,0,0,82.1742780037132,0,0,0,0,146.465927798921,0,0,0,0,0,0,0,124.698445421759,0,0,0,0,0,0,0,0,0,0,0,0,0,0,0,0,93.5029580098427,0,92.3502314520023,0,0
169.453147353278,0,0,300.031143529538,0,329.719143597451,250.461724766314,0,112.349934713559,0,197.486504603685,151.075371308616,153.453047983244,0,197.893790332676,196.04190773555,71.4788760670054,0,0,0,178.683678585178,192.135034768848,0,353.822894641502,0,186.348837226466,173.538155409849,163.059043292369,211.840482897052,125.416941482916,0,0,0,0,190.185165668632,154.065933476765,99.3508940827211,151.01089327964,120.912756812582,92.5207898118833,159.183173818572
108.136066660554,0,0,115.114253591495,0,0,115.868441404982,0,0,180.355266595273,82.6299537488922,66.5008477853491,214.116367924649,209.996727521564,0,106.926813611922,112.793316814908,0,283.248188884028,205.839960264176,101.350815329073,0,224.523755099568,95.7590805983148,103.519938150021,110.384905066973,172.608400267715,247.66948903751,58.3493451392805,0,0,0,0,190.185165668632,0,0,276.620869034647,145.74089716123,217.157696745803,0,84.3635741045246
0,0,0,320.356811100276,0,0,0,97.3506957544063,0,154.784755881607,0,111.435629183184,0,128.530575464043,0,174.013630695256,357.423078228283,0,0,137.189596148386,205.183249704085,94.7529894315991,73.1029054543569,0,0,138.33942793804,62.859596780235,321.864157986053,0,0,80.8080171296381,0,0,154.065933476765,0,0,0,90.1317194604647,0,172.892533368851,202.712457066107
0,0,0,160.530221557972,0,87.8456058929559,82.4756938751058,118.522099274347,348.674510760064,262.382215657622,251.098274723989,104.915316975638,222.053792850439,0,193.659409924573,155.24952173131,0,78.8552325762656,136.685314494491,142.054529471577,0,0,117.208001126138,215.611029055736,94.8881692391942,0,165.597665022977,333.645516435298,131.969743415579,249.905610015455,183.786860782462,179.718364159796,93.5029580098427,99.3508940827211,276.620869034647,0,0,206.472608421747,162.833808134102,193.055010680236,280.376028997576
0,0,252.487290983309,92.5568465385234,284.529238481835,0,146.814226519809,0,0,104.369974912428,0,0,0,141.204637091722,0,0,0,153.609372090384,116.176698124939,236.681907140956,0,0,0,178.224497384947,0,0,0,228.792310020318,218.045528847001,113.144980278377,0,125.994729980093,0,151.01089327964,145.74089716123,90.1317194604647,206.472608421747,0,0,106.128596538706,90.7216186966914
0,338.131802716296,0,0,0,0,0,0,0,140.574866691684,0,0,0,0,0,171.906398392157,0,0,0,0,0,0,0,146.99041817625,0,193.63278243493,173.001559092555,263.534399241887,188.936291522747,93.4234866874731,0,0,92.3502314520023,120.912756812582,217.157696745803,0,162.833808134102,0,0,135.294330067913,173.201474590904
0,89.9429017381717,0,0,0,303.527509149359,219.040656038919,101.895308036513,98.417953423071,0,0,323.781250289068,196.032358954952,0,0,0,0,0,128.405764333981,240.185081663983,188.851177466023,0,143.005810983322,226.825099357786,139.654362654449,0,101.5853655613,157.852515740516,120.567029282014,224.551207449728,74.4197823064597,253.401634605989,0,92.5207898118833,0,172.892533368851,193.055010680236,106.128596538706,135.294330067913,0,115.871357769661
0,0,71.5579325720569,0,161.325017232684,208.005106191961,0,101.85207633558,0,0,164.032723165762,137.239127032733,0,186.973586461633,106.33736463831,0,0,94.7280504127031,0,0,0,0,124.853650664477,0,0,89.707245288964,0,74.7304794244225,134.960780198024,98.2230592632363,0,0,0,159.183173818572,84.3635741045246,202.712457066107,280.376028997576,90.7216186966914,173.201474590904,115.871357769661,0
