0,0,0,0,0,0,0,192.601533877686,0,0,0,0,0,0,0,0,0,306.640284138334,0,90.7216186966914,0,0,0,241.57250333243,0,0,0,0,0,0,0,0,0,0,0,0,205.09013266389,0,0,82.6426202489162,0
0,0,0,0,0,0,0,0,0,0,0,0,0,0,0,0,0,146.770754374523,0,0,0,0,0,0,0,0,0,217.157696745803,0,252.487290983309,0,0,0,0,241.635434294794,0,101.85207633558,263.534399241887,0,0,289.631679007608
0,0,0,0,0,81.2827395071039,0,0,0,0,137.177378802006,0,0,0,0,0,0,0,0,0,0,0,115.114253591495,0,137.189596148386,0,0,0,114.649126378906,0,0,0,0,0,0,0,0,0,0,0,0
0,0,0,0,160.537522273714,134.566479261133,188.936291522747,0,0,0,335.371040201042,101.443495235174,0,0,0,0,0,0,0,0,67.8267069095267,0,0,171.230058197369,0,133.218162784108,0,241.682021696872,0,0,0,0,0,228.075434767255,0,131.969743415579,227.504408813069,193.777661225572,0,0,0
0,0,0,160.537522273714,0,0,0,169.742003380707,0,180.355266595273,116.054372245433,100.812745974529,0,0,0,0,0,128.530575464043,325.937289045041,0,0,0,0,0,0,0,0,0,0,0,283.248188884028,0,283.88658203332,0,249.905610015455,133.984214699576,236.681907140956,134.960780198024,0,109.093416850988,0
0,0,81.2827395071039,134.566479261133,0,0,0,0,220.963068032256,0,0,200.878319874537,0,0,0,0,192.693757128262,0,0,0,0,0,0,212.592150359921,0,0,196.04190773555,220.901129804706,0,0,202.712457066107,0,0,208.005106191961,0,178.224497384947,172.608400267715,0,94.7529894315991,0,122.106946855269
0,0,0,188.936291522747,0,0,0,125.81518738273,173.201474590904,0,101.605593487621,0,320.356811100276,0,0,198.964527389285,0,0,0,0,0,0,0,0,0,219.078548227669,71.5579325720569,135.667029391615,0,112.823430872325,0,0,0,0,0,303.527509149359,153.672550905948,206.472608421747,0,0,0
192.601533877686,0,0,0,169.742003380707,0,125.81518738273,0,0,178.683678585178,0,0,0,0,0,199.492852797962,0,0,0,228.792310020318,0,0,0,0,0,111.226326353722,115.871357769661,151.036729364761,153.453047983244,0,0,0,0,101.5853655613,196.032358954952,0,223.705816669619,249.798812580765,0,224.523755099568,259.055025639447
0,0,0,0,0,220.963068032256,173.201474590904,0,0,0,0,0,0,0,161.275817184598,0,0,0,0,0,154.784755881607,58.3493451392805,141.204637091722,0,0,0,0,198.528111506785,0,0,0,161.325017232684,0,0,0,0,0,250.461724766314,0,114.511014214502,247.66948903751
0,0,0,0,180.355266595273,0,0,178.683678585178,0,0,0,0,0,115.868441404982,183.786860782462,276.620869034647,0,0,0,0,0,191.519780382943,0,0,0,0,345.797434674459,151.075371308616,180.90030328818,195.378266313867,0,73.4795582048751,0,139.792601838991,238.934743274142,94.027247878695,159.183173818572,92.5568465385234,0,168.241326865882,218.045528847001
0,0,137.177378802006,335.371040201042,116.054372245433,0,101.605593487621,0,0,0,0,0,0,153.609372090384,0,119.728129215699,0,0,0,0,0,0,0,0,306.344527664232,186.973586461633,0,0,98.2230592632363,0,101.895308036513,0,0,261.605527103798,89.1590885155172,0,148.808626413748,106.533627130087,97.3232815600345,66.5008477853491,0
0,0,0,101.443495235174,100.812745974529,200.878319874537,0,0,0,0,0,0,0,94.7280504127031,169.453147353278,0,0,0,0,0,0,120.912756812582,0,177.763106506206,204.481117647118,309.997227542691,231.715271819474,226.825099357786,115.541295036174,82.4756938751058,0,161.74915061469,0,128.846764897717,201.100640800745,187.77054666536,142.385058730083,219.430938885781,94.8881692391942,0,94.126460729827
0,0,0,0,0,0,320.356811100276,0,0,0,0,0,0,0,0,0,0,0,0,99.3508940827211,0,0,0,0,211.840482897052,284.529238481835,0,0,0,0,0,0,0,0,0,0,0,0,197.893790332676,0,222.053792850439
0,0,0,0,0,0,0,0,0,115.868441404982,153.609372090384,94.7280504127031,0,0,0,0,0,0,103.519938150021,165.893015276821,96.5937438588657,0,125.416941482916,85.6072705949986,0,76.5072790361762,74.7304794244225,0,259.442917595754,0,0,0,0,112.793316814908,255.441154257905,0,0,0,0,106.33736463831,0
0,0,0,0,0,0,0,0,161.275817184598,183.786860782462,0,169.453147353278,0,0,0,0,0,0,0,117.208001126138,0,0,0,0,0,146.99041817625,125.994729980093,158.567996645797,0,0,0,0,0,97.3506957544063,95.7590805983148,101.350815329073,178.748963182352,0,0,321.864157986053,0
0,0,0,0,0,0,198.964527389285,199.492852797962,0,276.620869034647,119.728129215699,0,0,0,0,0,162.833808134102,0,0,0,0,0,0,0,0,96.7845769653343,0,192.135034768848,138.425725342224,0,0,0,0,0,0,0,62.859596780235,0,0,195.822649557859,214.116367924649
0,0,0,0,0,192.693757128262,0,0,0,0,0,0,0,0,0,162.833808134102,0,0,338.131802716296,108.136066660554,0,0,0,155.24952173131,0,0,0,0,128.405764333981,0,0,0,0,98.6790043377568,93.5029580098427,0,151.806152521152,0,209.996727521564,0,0
306.640284138334,146.770754374523,0,0,128.530575464043,0,0,0,0,0,0,0,0,0,0,0,0,0,0,138.33942793804,0,0,0,0,0,0,251.098274723989,0,0,0,0,0,0,353.822894641502,92.3502314520023,0,0,0,0,92.5207898118833,321.124897279917
0,0,0,0,325.937289045041,0,0,0,0,0,0,0,0,103.519938150021,0,0,338.131802716296,0,0,0,179.718364159796,0,0,112.349934713559,173.059382066957,90.1317194604647,0,0,0,142.054529471577,0,0,80.4367166559625,0,0,0,225.013371621378,0,269.936825670274,75.4497121078207,0
90.7216186966914,0,0,0,0,0,0,228.792310020318,0,0,0,0,99.3508940827211,165.893015276821,117.208001126138,0,108.136066660554,138.33942793804,0,0,87.8456058929559,0,106.926813611922,240.185081663983,0,93.4234866874731,0,195.314816908693,0,135.294330067913,0,0,0,186.348837226466,62.311273509377,0,0,215.611029055736,0,0,204.084074037941
0,0,0,67.8267069095267,0,0,0,0,154.784755881607,0,0,0,0,96.5937438588657,0,0,0,0,179.718364159796,87.8456058929559,0,0,0,0,0,139.654362654449,0,242.790381480436,0,0,0,84.3635741045246,139.93285932648,106.128596538706,72.2278283150671,0,119.345624434514,0,0,0,181.316358113209
0,0,0,0,0,0,0,0,58.3493451392805,191.519780382943,0,120.912756812582,0,0,0,0,0,0,0,0,0,0,0,193.63278243493,0,0,0,193.055010680236,206.912707094411,0,0,0,0,0,0,154.065933476765,180.543851962045,0,0,0,0
0,0,115.114253591495,0,0,0,0,0,141.204637091722,0,0,0,0,125.416941482916,0,0,0,0,0,106.926813611922,0,0,0,0,0,71.4788760670054,188.851177466023,161.302948562323,329.719143597451,174.013630695256,0,113.059176128709,0,94.9380989123498,261.440278806413,0,173.001559092555,0,0,347.376449530863,193.659409924573
241.57250333243,0,0,171.230058197369,0,212.592150359921,0,0,0,0,0,177.763106506206,0,85.6072705949986,0,0,155.24952173131,0,112.349934713559,240.185081663983,0,193.63278243493,0,0,0,0,163.945208919892,0,0,0,163.059043292369,0,221.805809452716,333.645516435298,78.9559315574845,348.674510760064,146.814226519809,0,184.249961885477,172.892533368851,157.852515740516
0,0,137.189596148386,0,0,0,0,0,0,0,306.344527664232,204.481117647118,211.840482897052,0,0,0,0,0,173.059382066957,0,0,0,0,0,0,0,0,0,120.567029282014,0,0,0,0,0,194.442125915551,0,219.040656038919,161.694997919804,0,118.522099274347,0
0,0,0,133.218162784108,0,0,219.078548227669,111.226326353722,0,0,186.973586461633,309.997227542691,284.529238481835,76.5072790361762,146.99041817625,96.7845769653343,0,0,90.1317194604647,93.4234866874731,139.654362654449,0,71.4788760670054,0,0,0,0,116.176698124939,164.032723165762,0,0,0,0,97.5855511246009,175.196329314064,280.376028997576,151.01089327964,0,224.551207449728,0,0
0,0,0,0,0,196.04190773555,71.5579325720569,115.871357769661,0,345.797434674459,0,231.715271819474,0,74.7304794244225,125.994729980093,0,0,251.098274723989,0,0,0,0,188.851177466023,163.945208919892,0,0,0,300.031143529538,150.161410108805,0,124.698445421759,85.7623170715703,0,154.070293657878,201.44584889478,173.538155409849,89.9429017381717,140.574866691684,0,108.381749703452,0
0,217.157696745803,0,241.682021696872,0,220.901129804706,135.667029391615,151.036729364761,198.528111506785,151.075371308616,0,226.825099357786,0,0,158.567996645797,192.135034768848,0,0,0,195.314816908693,242.790381480436,193.055010680236,161.302948562323,0,0,116.176698124939,300.031143529538,0,70.4221432298295,231.050882209,0,154.142998692322,0,205.839960264176,137.239127032733,165.597665022977,124.853650664477,155.901486485736,89.3673883748406,81.9664354533492,82.1742780037132
0,0,114.649126378906,0,0,0,0,153.453047983244,0,180.90030328818,98.2230592632363,115.541295036174,0,259.442917595754,0,138.425725342224,128.405764333981,0,0,0,0,206.912707094411,329.719143597451,0,120.567029282014,164.032723165762,150.161410108805,70.4221432298295,0,0,0,82.6299537488922,0,197.486504603685,0,323.781250289068,78.8552325762656,262.382215657622,111.435629183184,171.906398392157,0
0,252.487290983309,0,0,0,0,112.823430872325,0,0,195.378266313867,0,82.4756938751058,0,0,0,0,0,0,142.054529471577,135.294330067913,0,0,174.013630695256,0,0,0,0,231.050882209,0,0,0,0,0,61.0664810463559,0,0,0,0,314.611698427915,74.5815074003433,0
0,0,0,0,283.248188884028,202.712457066107,0,0,0,0,101.895308036513,0,0,0,0,0,0,0,0,0,0,0,0,163.059043292369,0,0,124.698445421759,0,0,0,0,0,0,0,0,0,0,0,0,0,115.194491798135
0,0,0,0,0,0,0,0,161.325017232684,73.4795582048751,0,161.74915061469,0,0,0,0,0,0,0,0,84.3635741045246,0,113.059176128709,0,0,0,85.7623170715703,154.142998692322,82.6299537488922,0,0,0,0,73.1029054543569,0,0,0,158.955087279859,0,153.876396855887,0
0,0,0,0,283.88658203332,0,0,0,0,0,0,0,0,0,0,0,0,0,80.4367166559625,0,139.93285932648,0,0,221.805809452716,0,0,0,0,0,0,0,0,0,0,0,190.185165668632,0,0,0,0,0
0,0,0,228.075434767255,0,208.005106191961,0,101.5853655613,0,139.792601838991,261.605527103798,128.846764897717,0,112.793316814908,97.3506957544063,0,98.6790043377568,353.822894641502,0,186.348837226466,106.128596538706,0,94.9380989123498,333.645516435298,0,97.5855511246009,154.070293657878,205.839960264176,197.486504603685,61.0664810463559,0,73.1029054543569,0,0,136.685314494491,232.945974238958,143.005810983322,0,146.465927798921,253.401634605989,136.792307586862
0,241.635434294794,0,0,249.905610015455,0,0,196.032358954952,0,238.934743274142,89.1590885155172,201.100640800745,0,255.441154257905,95.7590805983148,0,93.5029580098427,92.3502314520023,0,62.311273509377,72.2278283150671,0,261.440278806413,78.9559315574845,194.442125915551,175.196329314064,201.44584889478,137.239127032733,0,0,0,0,0,136.685314494491,0,74.4197823064597,104.915316975638,89.707245288964,115.332064605654,98.417953423071,145.74089716123
0,0,0,131.969743415579,133.984214699576,178.224497384947,303.527509149359,0,0,94.027247878695,0,187.77054666536,0,0,101.350815329073,0,0,0,0,0,0,154.065933476765,0,348.674510760064,0,280.376028997576,173.538155409849,165.597665022977,323.781250289068,0,0,0,190.185165668632,232.945974238958,74.4197823064597,0,213.67670887414,113.144980278377,0,0,167.066576495979
205.09013266389,101.85207633558,0,227.504408813069,236.681907140956,172.608400267715,153.672550905948,223.705816669619,0,159.183173818572,148.808626413748,142.385058730083,0,0,178.748963182352,62.859596780235,151.806152521152,0,225.013371621378,0,119.345624434514,180.543851962045,173.001559092555,146.814226519809,219.040656038919,151.01089327964,89.9429017381717,124.853650664477,78.8552325762656,0,0,0,0,143.005810983322,104.915316975638,213.67670887414,0,99.2646516363145,80.8080171296381,151.695570509541,160.530221557972
0,263.534399241887,0,193.777661225572,134.960780198024,0,206.472608421747,249.798812580765,250.461724766314,92.5568465385234,106.533627130087,219.430938885781,0,0,0,0,0,0,0,215.611029055736,0,0,0,0,161.694997919804,0,140.574866691684,155.901486485736,262.382215657622,0,0,158.955087279859,0,0,89.707245288964,113.144980278377,99.2646516363145,0,0,104.369974912428,357.423078228283
0,0,0,0,0,94.7529894315991,0,0,0,0,97.3232815600345,94.8881692391942,197.893790332676,0,0,0,209.996727521564,0,269.936825670274,0,0,0,0,184.249961885477,0,224.551207449728,0,89.3673883748406,111.435629183184,314.611698427915,0,0,0,146.465927798921,115.332064605654,0,80.8080171296381,0,0,205.183249704085,0
82.6426202489162,0,0,0,109.093416850988,0,0,224.523755099568,114.511014214502,168.241326865882,66.5008477853491,0,0,106.33736463831,321.864157986053,195.822649557859,0,92.5207898118833,75.4497121078207,0,0,0,347.376449530863,172.892533368851,118.522099274347,0,108.381749703452,81.9664354533492,171.906398392157,74.5815074003433,0,153.876396855887,0,253.401634605989,98.417953423071,0,151.695570509541,104.369974912428,205.183249704085,0,110.384905066973
0,289.631679007608,0,0,0,122.106946855269,0,259.055025639447,247.66948903751,218.045528847001,0,94.126460729827,222.053792850439,0,0,214.116367924649,0,321.124897279917,0,204.084074037941,181.316358113209,0,193.659409924573,157.852515740516,0,0,0,82.1742780037132,0,0,115.194491798135,0,0,136.792307586862,145.74089716123,167.066576495979,160.530221557972,357.423078228283,0,110.384905066973,0
