0,0,0,0,133.984214699576,0,0,0,0,97.3506957544063,0,0,0,0,0,0,0,0,0,93.5029580098427,0,0,0,0,0,112.823430872325,0,0,180.90030328818,0,0,0,0,255.441154257905,0,0,0,0,0,0,0
0,0,0,0,0,0,0,200.878319874537,0,0,0,0,0,0,0,0,0,0,0,0,0,0,0,0,0,0,0,101.895308036513,188.936291522747,96.5937438588657,0,0,0,99.3508940827211,163.059043292369,0,0,136.685314494491,0,0,0
0,0,0,0,0,0,195.378266313867,0,0,0,0,114.649126378906,0,128.846764897717,0,0,0,0,0,0,0,0,0,0,0,0,0,0,0,0,0,0,0,0,0,0,0,0,0,231.715271819474,142.385058730083
0,0,0,0,0,0,0,0,92.5207898118833,0,141.204637091722,0,0,0,0,0,70.4221432298295,0,220.963068032256,0,0,80.8080171296381,0,0,0,124.698445421759,0,0,0,223.705816669619,0,150.161410108805,0,113.144980278377,178.683678585178,0,259.055025639447,82.1742780037132,139.654362654449,0,0
133.984214699576,0,0,0,0,0,0,0,89.1590885155172,67.8267069095267,0,154.784755881607,0,0,225.013371621378,0,0,0,263.534399241887,161.302948562323,0,0,0,252.487290983309,0,0,138.425725342224,97.3232815600345,0,0,0,0,0,209.996727521564,197.893790332676,321.124897279917,171.906398392157,0,0,0,0
0,0,0,0,0,0,0,0,206.912707094411,0,314.611698427915,0,75.4497121078207,0,0,161.694997919804,0,108.136066660554,321.864157986053,115.871357769661,0,0,0,0,0,98.417953423071,247.66948903751,0,320.356811100276,0,0,0,0,0,329.719143597451,217.157696745803,193.63278243493,0,0,261.440278806413,0
0,0,195.378266313867,0,0,0,0,0,0,0,206.472608421747,0,0,0,0,300.031143529538,0,0,0,81.9664354533492,0,0,0,178.748963182352,0,0,0,241.635434294794,171.230058197369,0,0,0,0,0,221.805809452716,161.325017232684,333.645516435298,87.8456058929559,0,89.9429017381717,160.537522273714
0,200.878319874537,0,0,0,0,0,0,0,140.574866691684,0,80.4367166559625,94.8881692391942,0,0,178.224497384947,303.527509149359,0,0,0,0,0,135.294330067913,0,0,0,117.208001126138,167.066576495979,269.936825670274,0,0,0,0,219.078548227669,0,169.453147353278,253.401634605989,0,61.0664810463559,116.054372245433,191.519780382943
0,0,0,92.5207898118833,89.1590885155172,206.912707094411,0,0,0,142.054529471577,0,0,0,0,0,0,0,0,0,0,134.960780198024,0,175.196329314064,0,0,0,177.763106506206,0,0,180.355266595273,0,205.839960264176,0,0,0,0,0,134.566479261133,0,347.376449530863,0
97.3506957544063,0,0,0,67.8267069095267,0,0,140.574866691684,142.054529471577,0,0,0,0,0,0,0,0,94.7529894315991,0,154.142998692322,0,0,0,0,0,113.059176128709,0,283.88658203332,106.128596538706,0,0,153.453047983244,0,71.5579325720569,106.533627130087,98.6790043377568,115.114253591495,151.695570509541,119.728129215699,276.620869034647,192.601533877686
0,0,0,141.204637091722,0,314.611698427915,206.472608421747,0,0,0,0,0,0,0,0,124.853650664477,173.201474590904,0,0,0,0,0,104.369974912428,104.915316975638,106.926813611922,109.093416850988,213.67670887414,146.99041817625,0,0,0,0,0,201.44584889478,199.492852797962,0,0,115.541295036174,186.973586461633,62.311273509377,0
0,0,114.649126378906,0,154.784755881607,0,0,80.4367166559625,0,0,0,0,0,0,0,0,108.381749703452,0,0,0,0,160.530221557972,101.443495235174,82.6299537488922,249.905610015455,289.631679007608,188.851177466023,92.5568465385234,187.77054666536,0,72.2278283150671,136.792307586862,101.85207633558,151.075371308616,125.416941482916,146.465927798921,165.893015276821,0,101.605593487621,90.1317194604647,0
0,0,0,0,0,75.4497121078207,0,94.8881692391942,0,0,0,0,0,0,145.74089716123,0,0,0,0,0,0,0,0,0,0,151.036729364761,85.6072705949986,0,125.994729980093,0,0,0,0,0,0,0,0,0,0,0,0
0,0,128.846764897717,0,0,0,0,0,0,0,0,0,0,0,192.693757128262,101.5853655613,0,125.81518738273,0,0,249.798812580765,204.481117647118,169.742003380707,0,0,120.912756812582,0,0,0,0,0,0,0,238.934743274142,128.530575464043,0,0,158.955087279859,348.674510760064,224.523755099568,115.194491798135
0,0,0,0,225.013371621378,0,0,0,0,0,0,0,145.74089716123,192.693757128262,0,0,0,0,0,0,0,193.055010680236,0,94.126460729827,0,0,0,146.770754374523,82.6426202489162,0,0,66.5008477853491,162.833808134102,146.814226519809,110.384905066973,0,219.430938885781,0,0,0,0
0,0,0,0,0,161.694997919804,300.031143529538,178.224497384947,0,0,124.853650664477,0,0,101.5853655613,0,0,0,0,0,0,236.681907140956,0,0,131.969743415579,0,154.070293657878,0,168.241326865882,151.806152521152,0,0,0,0,0,0,0,172.892533368851,0,0,0,0
0,0,0,70.4221432298295,0,0,0,303.527509149359,0,0,173.201474590904,108.381749703452,0,0,0,0,0,0,0,0,0,0,0,198.528111506785,164.032723165762,0,0,262.382215657622,0,0,0,222.053792850439,0,0,0,0,194.442125915551,0,0,111.226326353722,0
0,0,0,0,0,108.136066660554,0,0,0,94.7529894315991,0,0,0,125.81518738273,0,0,0,0,251.098274723989,218.045528847001,0,0,0,0,0,0,0,74.4197823064597,0,0,139.93285932648,0,0,0,0,357.423078228283,153.672550905948,0,0,0,0
0,0,0,220.963068032256,263.534399241887,321.864157986053,0,0,0,0,0,0,0,0,0,0,0,251.098274723989,0,0,0,0,0,0,198.964527389285,0,280.376028997576,154.065933476765,0,0,0,0,0,250.461724766314,90.7216186966914,174.013630695256,137.177378802006,0,0,163.945208919892,0
93.5029580098427,0,0,0,161.302948562323,115.871357769661,81.9664354533492,0,0,154.142998692322,0,0,0,0,0,0,0,218.045528847001,0,0,0,0,0,116.176698124939,0,84.3635741045246,112.349934713559,82.4756938751058,135.667029391615,78.8552325762656,0,0,0,139.792601838991,0,0,115.332064605654,0,76.5072790361762,201.100640800745,338.131802716296
0,0,0,0,0,0,0,0,134.960780198024,0,0,0,0,249.798812580765,0,236.681907140956,0,0,0,0,0,0,0,161.275817184598,0,101.350815329073,0,58.3493451392805,0,0,0,0,0,0,94.027247878695,148.808626413748,196.032358954952,94.7280504127031,192.135034768848,94.9380989123498,179.718364159796
0,0,0,80.8080171296381,0,0,0,0,0,0,0,160.530221557972,0,204.481117647118,193.055010680236,0,0,0,0,0,0,0,284.529238481835,0,0,0,183.786860782462,0,0,0,0,0,0,0,0,0,231.050882209,0,0,0,205.183249704085
0,0,0,0,0,0,0,135.294330067913,175.196329314064,0,104.369974912428,101.443495235174,0,169.742003380707,0,0,0,0,0,0,0,284.529238481835,0,0,155.901486485736,0,96.7845769653343,345.797434674459,0,0,0,0,0,181.316358113209,122.106946855269,143.005810983322,193.659409924573,283.248188884028,0,0,114.511014214502
0,0,0,0,252.487290983309,0,178.748963182352,0,0,0,104.915316975638,82.6299537488922,0,0,94.126460729827,131.969743415579,198.528111506785,0,0,116.176698124939,161.275817184598,0,0,0,240.185081663983,0,0,228.075434767255,306.344527664232,0,0,0,0,325.937289045041,224.551207449728,92.3502314520023,226.825099357786,241.682021696872,0,195.314816908693,172.608400267715
0,0,0,0,0,0,0,0,0,0,106.926813611922,249.905610015455,0,0,0,0,164.032723165762,0,198.964527389285,0,0,0,155.901486485736,240.185081663983,0,0,0,137.189596148386,0,0,0,0,0,0,0,196.04190773555,0,0,112.793316814908,0,165.597665022977
112.823430872325,0,0,124.698445421759,0,98.417953423071,0,0,0,113.059176128709,109.093416850988,289.631679007608,151.036729364761,120.912756812582,0,154.070293657878,0,0,0,84.3635741045246,101.350815329073,0,0,0,0,0,323.781250289068,161.74915061469,211.840482897052,0,0,180.543851962045,0,212.592150359921,195.822649557859,78.9559315574845,153.609372090384,0,0,115.868441404982,0
0,0,0,0,138.425725342224,247.66948903751,0,117.208001126138,177.763106506206,0,213.67670887414,188.851177466023,85.6072705949986,0,0,0,0,0,280.376028997576,112.349934713559,0,183.786860782462,96.7845769653343,0,0,323.781250289068,0,241.57250333243,99.2646516363145,0,0,0,0,100.812745974529,137.239127032733,0,173.059382066957,184.249961885477,0,119.345624434514,306.640284138334
0,101.895308036513,0,0,97.3232815600345,0,241.635434294794,167.066576495979,0,283.88658203332,146.99041817625,92.5568465385234,0,0,146.770754374523,168.241326865882,262.382215657622,74.4197823064597,154.065933476765,82.4756938751058,58.3493451392805,0,345.797434674459,228.075434767255,137.189596148386,161.74915061469,241.57250333243,0,214.116367924649,0,227.504408813069,0,0,153.876396855887,0,158.567996645797,242.790381480436,232.945974238958,0,353.822894641502,89.3673883748406
180.90030328818,188.936291522747,0,0,0,320.356811100276,171.230058197369,269.936825670274,0,106.128596538706,0,187.77054666536,125.994729980093,0,82.6426202489162,151.806152521152,0,0,0,135.667029391615,0,0,0,306.344527664232,0,211.840482897052,99.2646516363145,214.116367924649,0,0,0,0,0,0,73.1029054543569,74.7304794244225,205.09013266389,85.7623170715703,0,95.7590805983148,193.777661225572
0,96.5937438588657,0,223.705816669619,0,0,0,0,180.355266595273,0,0,0,0,0,0,0,0,0,0,78.8552325762656,0,0,0,0,0,0,0,0,0,0,0,0,103.519938150021,62.859596780235,128.405764333981,0,120.567029282014,111.435629183184,173.538155409849,0,74.5815074003433
0,0,0,0,0,0,0,0,0,0,0,72.2278283150671,0,0,0,0,0,139.93285932648,0,0,0,0,0,0,0,0,0,227.504408813069,0,0,0,0,0,138.33942793804,0,0,159.183173818572,215.611029055736,0,0,0
0,0,0,150.161410108805,0,0,0,0,205.839960264176,153.453047983244,0,136.792307586862,0,0,66.5008477853491,0,222.053792850439,0,0,0,0,0,0,0,0,180.543851962045,0,0,0,0,0,0,0,0,197.486504603685,0,309.997227542691,0,0,208.005106191961,157.852515740516
0,0,0,0,0,0,0,0,0,0,0,101.85207633558,0,0,162.833808134102,0,0,0,0,0,0,0,0,0,0,0,0,0,0,103.519938150021,0,0,0,71.4788760670054,0,0,0,0,220.901129804706,0,0
255.441154257905,99.3508940827211,0,113.144980278377,209.996727521564,0,0,219.078548227669,0,71.5579325720569,201.44584889478,151.075371308616,0,238.934743274142,146.814226519809,0,0,0,250.461724766314,139.792601838991,0,0,181.316358113209,325.937289045041,0,212.592150359921,100.812745974529,153.876396855887,0,62.859596780235,138.33942793804,0,71.4788760670054,0,97.5855511246009,0,89.707245288964,173.001559092555,228.792310020318,106.33736463831,219.040656038919
0,163.059043292369,0,178.683678585178,197.893790332676,329.719143597451,221.805809452716,0,0,106.533627130087,199.492852797962,125.416941482916,0,128.530575464043,110.384905066973,0,0,0,90.7216186966914,0,94.027247878695,0,122.106946855269,224.551207449728,0,195.822649557859,137.239127032733,0,73.1029054543569,128.405764333981,0,197.486504603685,0,97.5855511246009,0,259.442917595754,202.712457066107,0,151.01089327964,155.24952173131,118.522099274347
0,0,0,0,321.124897279917,217.157696745803,161.325017232684,169.453147353278,0,98.6790043377568,0,146.465927798921,0,0,0,0,0,357.423078228283,174.013630695256,0,148.808626413748,0,143.005810983322,92.3502314520023,196.04190773555,78.9559315574845,0,158.567996645797,74.7304794244225,0,0,0,0,0,259.442917595754,0,261.605527103798,190.185165668632,0,335.371040201042,0
0,0,0,259.055025639447,171.906398392157,193.63278243493,333.645516435298,253.401634605989,0,115.114253591495,0,165.893015276821,0,0,219.430938885781,172.892533368851,194.442125915551,153.672550905948,137.177378802006,115.332064605654,196.032358954952,231.050882209,193.659409924573,226.825099357786,0,153.609372090384,173.059382066957,242.790381480436,205.09013266389,120.567029282014,159.183173818572,309.997227542691,0,89.707245288964,202.712457066107,261.605527103798,0,93.4234866874731,0,81.2827395071039,186.348837226466
0,136.685314494491,0,82.1742780037132,0,0,87.8456058929559,0,134.566479261133,151.695570509541,115.541295036174,0,0,158.955087279859,0,0,0,0,0,0,94.7280504127031,0,283.248188884028,241.682021696872,0,0,184.249961885477,232.945974238958,85.7623170715703,111.435629183184,215.611029055736,0,0,173.001559092555,0,190.185165668632,93.4234866874731,0,0,73.4795582048751,204.084074037941
0,0,0,139.654362654449,0,0,0,61.0664810463559,0,119.728129215699,186.973586461633,101.605593487621,0,348.674510760064,0,0,0,0,0,76.5072790361762,192.135034768848,0,0,0,112.793316814908,0,0,0,0,173.538155409849,0,0,220.901129804706,228.792310020318,151.01089327964,0,0,0,0,98.2230592632363,133.218162784108
0,0,231.715271819474,0,0,261.440278806413,89.9429017381717,116.054372245433,347.376449530863,276.620869034647,62.311273509377,90.1317194604647,0,224.523755099568,0,0,111.226326353722,0,163.945208919892,201.100640800745,94.9380989123498,0,0,195.314816908693,0,115.868441404982,119.345624434514,353.822894641502,95.7590805983148,0,0,208.005106191961,0,106.33736463831,155.24952173131,335.371040201042,81.2827395071039,73.4795582048751,98.2230592632363,0,0
0,0,142.385058730083,0,0,0,160.537522273714,191.519780382943,0,192.601533877686,0,0,0,115.194491798135,0,0,0,0,0,338.131802716296,179.718364159796,205.183249704085,114.511014214502,172.608400267715,165.597665022977,0,306.640284138334,89.3673883748406,193.777661225572,74.5815074003433,0,157.852515740516,0,219.040656038919,118.522099274347,0,186.348837226466,204.084074037941,133.218162784108,0,0
