0,0,0,0,0,0,0,0,0,0,0,333.645516435298,0,178.224497384947,0,0,0,0,0,213.67670887414,0,0,0,114.649126378906,0,0,0,0,0,0,0,0,0,78.9559315574845,222.053792850439,0,0,0,0,0,0
0,0,0,0,0,0,136.685314494491,0,219.078548227669,0,0,0,0,0,0,0,0,0,0,0,0,0,0,184.249961885477,0,0,161.74915061469,180.355266595273,0,269.936825670274,0,0,0,0,0,0,115.868441404982,0,0,0,0
0,0,0,0,240.185081663983,0,0,0,0,0,98.2230592632363,0,0,0,0,0,0,0,0,0,173.538155409849,0,0,206.472608421747,0,0,0,0,0,0,0,0,0,0,0,0,0,0,0,262.382215657622,0
0,0,0,0,0,314.611698427915,0,0,0,0,0,153.609372090384,0,125.416941482916,0,0,0,80.8080171296381,0,0,0,0,73.4795582048751,0,0,0,0,214.116367924649,116.054372245433,161.694997919804,0,0,0,231.050882209,241.57250333243,97.5855511246009,0,101.350815329073,0,139.654362654449,0
0,0,240.185081663983,0,0,0,0,0,0,0,106.926813611922,0,0,0,0,0,0,0,0,0,99.2646516363145,162.833808134102,284.529238481835,0,0,0,0,168.241326865882,109.093416850988,0,173.059382066957,161.302948562323,0,208.005106191961,227.504408813069,0,204.481117647118,0,155.901486485736,85.6072705949986,0
0,0,0,314.611698427915,0,0,0,0,0,0,0,338.131802716296,0,0,93.4234866874731,177.763106506206,151.695570509541,0,0,108.381749703452,0,0,0,135.294330067913,0,0,242.790381480436,82.6299537488922,104.915316975638,131.969743415579,0,0,0,0,0,309.997227542691,71.4788760670054,0,0,0,90.1317194604647
0,136.685314494491,0,0,0,0,0,0,180.543851962045,74.4197823064597,165.893015276821,112.349934713559,0,0,0,124.698445421759,0,0,320.356811100276,0,0,118.522099274347,0,0,0,74.5815074003433,0,172.892533368851,0,0,0,0,0,117.208001126138,0,0,115.871357769661,163.945208919892,0,0,0
0,0,0,0,0,0,0,0,0,87.8456058929559,94.126460729827,0,0,136.792307586862,0,202.712457066107,0,0,252.487290983309,151.036729364761,236.681907140956,0,181.316358113209,114.511014214502,0,0,0,141.204637091722,89.3673883748406,0,0,0,0,194.442125915551,206.912707094411,0,195.822649557859,0,67.8267069095267,94.027247878695,0
0,219.078548227669,0,0,0,0,180.543851962045,0,0,283.248188884028,0,85.7623170715703,0,0,0,151.075371308616,0,0,0,0,0,0,0,0,66.5008477853491,0,0,209.996727521564,0,0,0,0,0,100.812745974529,113.144980278377,190.185165668632,0,0,0,232.945974238958,0
0,0,0,0,0,0,74.4197823064597,87.8456058929559,283.248188884028,0,223.705816669619,0,0,217.157696745803,0,0,0,0,187.77054666536,97.3232815600345,0,0,0,329.719143597451,0,250.461724766314,0,228.075434767255,0,0,125.994729980093,154.784755881607,0,72.2278283150671,205.839960264176,0,164.032723165762,92.5568465385234,0,251.098274723989,139.93285932648
0,0,98.2230592632363,0,106.926813611922,0,165.893015276821,94.126460729827,0,223.705816669619,0,0,0,241.682021696872,0,193.63278243493,0,0,0,289.631679007608,0,0,0,0,0,193.659409924573,128.846764897717,0,0,0,0,0,0,300.031143529538,145.74089716123,128.405764333981,192.601533877686,108.136066660554,0,347.376449530863,0
333.645516435298,0,0,153.609372090384,0,338.131802716296,112.349934713559,0,85.7623170715703,0,0,0,158.955087279859,154.142998692322,0,120.912756812582,345.797434674459,0,0,0,62.311273509377,253.401634605989,0,163.059043292369,0,151.01089327964,0,154.070293657878,157.852515740516,0,0,0,0,321.124897279917,125.81518738273,106.533627130087,94.7529894315991,0,82.1742780037132,180.90030328818,0
0,0,0,0,0,0,0,0,0,0,0,158.955087279859,0,0,0,0,0,0,0,0,0,0,0,196.032358954952,0,62.859596780235,0,0,0,0,0,0,0,0,0,0,122.106946855269,0,0,113.059176128709,205.09013266389
178.224497384947,0,0,125.416941482916,0,0,0,136.792307586862,0,217.157696745803,241.682021696872,154.142998692322,0,0,0,0,101.605593487621,0,0,0,0,0,104.369974912428,0,0,0,0,81.9664354533492,103.519938150021,0,0,0,0,212.592150359921,0,0,150.161410108805,0,0,89.1590885155172,193.055010680236
0,0,0,0,0,93.4234866874731,0,0,0,0,0,0,0,0,0,0,0,0,0,0,124.853650664477,0,0,133.218162784108,199.492852797962,0,133.984214699576,179.718364159796,151.806152521152,0,0,215.611029055736,0,75.4497121078207,153.876396855887,0,0,321.864157986053,0,261.440278806413,0
0,0,0,0,0,177.763106506206,124.698445421759,202.712457066107,151.075371308616,0,193.63278243493,120.912756812582,0,0,0,0,0,0,0,0,186.973586461633,0,0,0,0,0,115.541295036174,0,0,191.519780382943,0,0,0,0,174.013630695256,0,115.332064605654,0,0,0,0
0,0,0,0,0,151.695570509541,0,0,0,0,0,345.797434674459,0,101.605593487621,0,0,0,0,0,0,0,0,0,173.001559092555,0,0,0,171.906398392157,58.3493451392805,0,0,160.537522273714,0,0,228.792310020318,0,226.825099357786,0,0,0,139.792601838991
0,0,0,80.8080171296381,0,0,0,0,0,0,0,0,0,0,0,0,0,0,0,306.640284138334,0,0,146.465927798921,0,0,0,169.742003380707,0,146.770754374523,0,153.453047983244,0,0,0,116.176698124939,0,196.04190773555,0,0,96.5937438588657,0
0,0,0,0,0,0,320.356811100276,252.487290983309,0,187.77054666536,0,0,0,0,0,0,0,0,0,80.4367166559625,0,0,0,0,0,0,0,101.5853655613,0,0,0,204.084074037941,0,224.551207449728,0,280.376028997576,115.114253591495,137.239127032733,0,171.230058197369,106.33736463831
213.67670887414,0,0,0,0,108.381749703452,0,151.036729364761,0,97.3232815600345,289.631679007608,0,0,0,0,0,0,306.640284138334,80.4367166559625,0,205.183249704085,0,73.1029054543569,0,0,0,276.620869034647,106.128596538706,0,0,0,89.9429017381717,94.8881692391942,92.5207898118833,0,0,357.423078228283,158.567996645797,137.177378802006,0,0
0,0,173.538155409849,0,99.2646516363145,0,0,236.681907140956,0,0,0,62.311273509377,0,0,124.853650664477,186.973586461633,0,0,0,205.183249704085,0,0,0,0,0,231.715271819474,0,186.348837226466,0,0,0,0,0,0,137.189596148386,178.748963182352,96.7845769653343,0,140.574866691684,0,0
0,0,0,0,162.833808134102,0,118.522099274347,0,0,0,0,253.401634605989,0,0,0,0,0,0,0,0,0,0,0,0,0,0,101.85207633558,0,306.344527664232,0,0,0,0,225.013371621378,0,0,0,197.486504603685,0,0,138.33942793804
0,0,0,73.4795582048751,284.529238481835,0,0,181.316358113209,0,0,0,0,0,104.369974912428,0,0,0,146.465927798921,0,73.1029054543569,0,0,0,0,0,167.066576495979,0,0,95.7590805983148,221.805809452716,0,0,0,169.453147353278,138.425725342224,211.840482897052,119.728129215699,111.435629183184,0,155.24952173131,0
114.649126378906,184.249961885477,206.472608421747,0,0,135.294330067913,0,114.511014214502,0,329.719143597451,0,163.059043292369,196.032358954952,0,133.218162784108,0,173.001559092555,0,0,0,0,0,0,0,0,98.6790043377568,0,175.196329314064,0,0,0,173.201474590904,183.786860782462,0,0,161.325017232684,192.693757128262,0,219.430938885781,193.777661225572,101.443495235174
0,0,0,0,0,0,0,0,66.5008477853491,0,0,0,0,0,199.492852797962,0,0,0,0,0,0,0,0,0,0,94.9380989123498,128.530575464043,143.005810983322,146.814226519809,0,0,0,0,219.040656038919,115.194491798135,135.667029391615,0,0,0,0,119.345624434514
0,0,0,0,0,0,74.5815074003433,0,0,250.461724766314,193.659409924573,151.01089327964,62.859596780235,0,0,0,0,0,0,0,231.715271819474,0,167.066576495979,98.6790043377568,94.9380989123498,0,192.135034768848,0,81.2827395071039,0,0,90.7216186966914,112.823430872325,259.055025639447,165.597665022977,188.851177466023,84.3635741045246,201.100640800745,0,198.528111506785,220.963068032256
0,161.74915061469,0,0,0,242.790381480436,0,0,0,0,128.846764897717,0,0,0,133.984214699576,115.541295036174,0,169.742003380707,0,276.620869034647,0,101.85207633558,0,0,128.530575464043,192.135034768848,0,146.99041817625,197.893790332676,134.960780198024,0,0,0,142.054529471577,283.88658203332,353.822894641502,200.878319874537,198.964527389285,0,255.441154257905,111.226326353722
0,180.355266595273,0,214.116367924649,168.241326865882,82.6299537488922,172.892533368851,141.204637091722,209.996727521564,228.075434767255,0,154.070293657878,0,81.9664354533492,179.718364159796,0,171.906398392157,0,101.5853655613,106.128596538706,186.348837226466,0,0,175.196329314064,143.005810983322,0,146.99041817625,0,259.442917595754,0,112.793316814908,61.0664810463559,0,92.3502314520023,0,74.7304794244225,0,178.683678585178,71.5579325720569,249.905610015455,218.045528847001
0,0,0,116.054372245433,109.093416850988,104.915316975638,0,89.3673883748406,0,0,0,157.852515740516,0,103.519938150021,151.806152521152,0,58.3493451392805,146.770754374523,0,0,0,306.344527664232,95.7590805983148,0,146.814226519809,81.2827395071039,197.893790332676,259.442917595754,0,0,0,0,0,89.707245288964,0,148.808626413748,134.566479261133,201.44584889478,159.183173818572,241.635434294794,0
0,269.936825670274,0,161.694997919804,0,131.969743415579,0,0,0,0,0,0,0,0,0,191.519780382943,0,0,0,0,0,0,221.805809452716,0,0,0,134.960780198024,0,0,0,0,0,0,195.314816908693,172.608400267715,0,101.895308036513,0,0,76.5072790361762,249.798812580765
0,0,0,0,173.059382066957,0,0,0,0,125.994729980093,0,0,0,0,0,0,0,153.453047983244,0,0,0,0,0,0,0,0,0,112.793316814908,0,0,0,0,0,0,224.523755099568,0,0,195.378266313867,0,0,0
0,0,0,0,161.302948562323,0,0,0,0,154.784755881607,0,0,0,0,215.611029055736,0,160.537522273714,0,204.084074037941,89.9429017381717,0,0,0,173.201474590904,0,90.7216186966914,0,61.0664810463559,0,0,0,0,0,0,0,0,0,0,325.937289045041,0,99.3508940827211
0,0,0,0,0,0,0,0,0,0,0,0,0,0,0,0,0,0,0,94.8881692391942,0,0,0,183.786860782462,0,112.823430872325,0,0,0,0,0,0,0,323.781250289068,0,0,78.8552325762656,0,0,0,0
78.9559315574845,0,0,231.050882209,208.005106191961,0,117.208001126138,194.442125915551,100.812745974529,72.2278283150671,300.031143529538,321.124897279917,0,212.592150359921,75.4497121078207,0,0,0,224.551207449728,92.5207898118833,0,225.013371621378,169.453147353278,0,219.040656038919,259.055025639447,142.054529471577,92.3502314520023,89.707245288964,195.314816908693,0,0,323.781250289068,0,0,263.534399241887,97.3506957544063,335.371040201042,0,0,220.901129804706
222.053792850439,0,0,241.57250333243,227.504408813069,0,0,206.912707094411,113.144980278377,205.839960264176,145.74089716123,125.81518738273,0,0,153.876396855887,174.013630695256,228.792310020318,116.176698124939,0,0,137.189596148386,0,138.425725342224,0,115.194491798135,165.597665022977,283.88658203332,0,0,172.608400267715,224.523755099568,0,0,0,0,153.672550905948,238.934743274142,98.417953423071,160.530221557972,247.66948903751,120.567029282014
0,0,0,97.5855511246009,0,309.997227542691,0,0,190.185165668632,0,128.405764333981,106.533627130087,0,0,0,0,0,0,280.376028997576,0,178.748963182352,0,211.840482897052,161.325017232684,135.667029391615,188.851177466023,353.822894641502,74.7304794244225,148.808626413748,0,0,0,0,263.534399241887,153.672550905948,0,303.527509149359,0,82.6426202489162,0,261.605527103798
0,115.868441404982,0,0,204.481117647118,71.4788760670054,115.871357769661,195.822649557859,0,164.032723165762,192.601533877686,94.7529894315991,122.106946855269,150.161410108805,0,115.332064605654,226.825099357786,196.04190773555,115.114253591495,357.423078228283,96.7845769653343,0,119.728129215699,192.693757128262,0,84.3635741045246,200.878319874537,0,134.566479261133,101.895308036513,0,0,78.8552325762656,97.3506957544063,238.934743274142,303.527509149359,0,70.4221432298295,154.065933476765,93.5029580098427,82.4756938751058
0,0,0,101.350815329073,0,0,163.945208919892,0,0,92.5568465385234,108.136066660554,0,0,0,321.864157986053,0,0,0,137.239127032733,158.567996645797,0,197.486504603685,111.435629183184,0,0,201.100640800745,198.964527389285,178.683678585178,201.44584889478,0,195.378266313867,0,0,335.371040201042,98.417953423071,0,70.4221432298295,0,94.7280504127031,348.674510760064,188.936291522747
0,0,0,0,155.901486485736,0,0,67.8267069095267,0,0,0,82.1742780037132,0,0,0,0,0,0,0,137.177378802006,140.574866691684,0,0,219.430938885781,0,0,0,71.5579325720569,159.183173818572,0,0,325.937289045041,0,0,160.530221557972,82.6426202489162,154.065933476765,94.7280504127031,0,142.385058730083,161.275817184598
0,0,262.382215657622,139.654362654449,85.6072705949986,0,0,94.027247878695,232.945974238958,251.098274723989,347.376449530863,180.90030328818,113.059176128709,89.1590885155172,261.440278806413,0,0,96.5937438588657,171.230058197369,0,0,0,155.24952173131,193.777661225572,0,198.528111506785,255.441154257905,249.905610015455,241.635434294794,76.5072790361762,0,0,0,0,247.66948903751,0,93.5029580098427,348.674510760064,142.385058730083,0,110.384905066973
0,0,0,0,0,90.1317194604647,0,0,0,139.93285932648,0,0,205.09013266389,193.055010680236,0,0,139.792601838991,0,106.33736463831,0,0,138.33942793804,0,101.443495235174,119.345624434514,220.963068032256,111.226326353722,218.045528847001,0,249.798812580765,0,99.3508940827211,0,220.901129804706,120.567029282014,261.605527103798,82.4756938751058,188.936291522747,161.275817184598,110.384905066973,0
