0,0,0,0,0,0,0,0,0,0,0,0,0,0,0,0,0,0,0,173.538155409849,0,0,0,0,0,289.631679007608,0,138.425725342224,0,206.912707094411,0,0,0,96.7845769653343,0,0,0,0,0,192.601533877686,0
0,0,0,0,0,221.805809452716,0,0,0,0,0,0,0,0,0,0,0,0,101.85207633558,188.936291522747,0,0,0,0,0,0,0,0,0,0,0,0,0,0,224.551207449728,116.054372245433,80.8080171296381,0,0,0,193.659409924573
0,0,0,0,0,0,0,0,0,0,0,0,0,0,0,0,0,0,0,0,0,0,0,213.67670887414,0,0,0,284.529238481835,0,0,0,155.901486485736,0,0,0,0,193.63278243493,113.059176128709,0,0,0
0,0,0,0,73.1029054543569,0,0,0,0,261.605527103798,0,0,120.912756812582,0,0,0,0,0,0,209.996727521564,0,0,78.9559315574845,190.185165668632,0,0,0,117.208001126138,172.608400267715,0,0,173.059382066957,0,148.808626413748,0,0,118.522099274347,193.777661225572,0,283.248188884028,0
0,0,0,73.1029054543569,0,0,0,0,151.075371308616,0,0,81.2827395071039,0,0,0,0,162.833808134102,98.417953423071,0,0,0,89.9429017381717,133.218162784108,0,0,104.369974912428,236.681907140956,67.8267069095267,110.384905066973,0,200.878319874537,119.728129215699,0,303.527509149359,0,0,0,0,0,0,0
0,221.805809452716,0,0,0,0,0,0,0,99.2646516363145,0,0,0,202.712457066107,0,0,186.973586461633,0,151.036729364761,0,0,0,139.654362654449,0,0,0,0,321.124897279917,92.5568465385234,0,0,0,104.915316975638,212.592150359921,94.7529894315991,0,73.4795582048751,128.405764333981,0,0,314.611698427915
0,0,0,0,0,0,0,114.511014214502,0,0,0,0,0,0,0,196.04190773555,0,0,347.376449530863,222.053792850439,146.814226519809,0,259.055025639447,240.185081663983,0,119.345624434514,0,0,0,0,0,194.442125915551,0,165.893015276821,181.316358113209,0,228.075434767255,0,0,0,211.840482897052
0,0,0,0,0,0,114.511014214502,0,323.781250289068,0,115.541295036174,101.443495235174,0,0,0,0,153.453047983244,94.027247878695,0,0,0,0,0,85.6072705949986,0,178.748963182352,223.705816669619,225.013371621378,0,0,0,0,106.33736463831,169.453147353278,0,250.461724766314,71.4788760670054,154.142998692322,0,309.997227542691,0
0,0,0,0,151.075371308616,0,0,323.781250289068,0,0,142.054529471577,173.201474590904,0,80.4367166559625,0,0,0,169.742003380707,0,0,0,0,0,0,0,125.994729980093,0,0,204.084074037941,114.649126378906,0,0,0,0,0,0,206.472608421747,0,0,95.7590805983148,0
0,0,0,261.605527103798,0,99.2646516363145,0,0,0,0,215.611029055736,134.960780198024,124.698445421759,0,0,0,0,154.070293657878,0,0,0,0,0,0,99.3508940827211,92.5207898118833,155.24952173131,251.098274723989,0,0,0,92.3502314520023,0,100.812745974529,101.5853655613,74.7304794244225,241.57250333243,0,193.055010680236,93.4234866874731,306.344527664232
0,0,0,0,0,0,0,115.541295036174,142.054529471577,215.611029055736,0,158.955087279859,0,0,0,0,0,0,0,0,0,196.032358954952,0,198.528111506785,0,0,195.378266313867,146.770754374523,0,171.230058197369,0,187.77054666536,0,0,89.3673883748406,0,98.2230592632363,103.519938150021,112.793316814908,153.672550905948,165.597665022977
0,0,0,0,81.2827395071039,0,0,101.443495235174,173.201474590904,134.960780198024,158.955087279859,0,0,0,0,0,0,124.853650664477,353.822894641502,151.01089327964,82.6299537488922,0,0,0,85.7623170715703,125.81518738273,106.926813611922,192.135034768848,0,0,0,338.131802716296,0,153.609372090384,218.045528847001,89.707245288964,137.177378802006,136.685314494491,0,178.683678585178,142.385058730083
0,0,0,120.912756812582,0,0,0,0,0,124.698445421759,0,0,0,335.371040201042,0,0,0,0,0,0,0,0,0,0,0,0,0,0,0,0,0,0,0,0,146.99041817625,101.605593487621,0,0,0,0,109.093416850988
0,0,0,0,0,202.712457066107,0,0,80.4367166559625,0,0,0,335.371040201042,0,84.3635741045246,0,0,0,0,0,111.226326353722,138.33942793804,0,348.674510760064,0,0,231.715271819474,192.693757128262,0,0,0,0,0,97.3232815600345,74.5815074003433,0,191.519780382943,0,232.945974238958,0,128.530575464043
0,0,0,0,0,0,0,0,0,0,0,0,0,84.3635741045246,0,0,0,0,0,0,306.640284138334,94.7280504127031,0,208.005106191961,204.481117647118,171.906398392157,0,249.905610015455,82.4756938751058,0,0,0,0,133.984214699576,0,0,0,62.859596780235,94.126460729827,96.5937438588657,0
0,0,0,0,0,0,196.04190773555,0,0,0,0,0,0,0,0,0,161.694997919804,238.934743274142,0,0,164.032723165762,0,161.302948562323,0,0,0,0,0,161.74915061469,0,0,0,0,261.440278806413,76.5072790361762,0,219.040656038919,0,0,300.031143529538,140.574866691684
0,0,0,0,162.833808134102,186.973586461633,0,153.453047983244,0,0,0,0,0,0,0,161.694997919804,0,0,0,0,137.189596148386,0,0,0,0,0,255.441154257905,0,0,115.332064605654,0,0,0,188.851177466023,0,0,183.786860782462,172.892533368851,0,0,0
0,0,0,0,98.417953423071,0,0,94.027247878695,169.742003380707,154.070293657878,0,124.853650664477,0,0,0,238.934743274142,0,0,0,0,0,0,0,0,0,0,70.4221432298295,94.8881692391942,0,0,0,0,0,0,247.66948903751,0,0,0,0,0,0
0,101.85207633558,0,0,0,151.036729364761,347.376449530863,0,0,0,0,353.822894641502,0,0,0,0,0,0,0,0,146.465927798921,0,154.784755881607,0,0,0,174.013630695256,269.936825670274,113.144980278377,0,0,0,0,0,0,0,178.224497384947,0,0,253.401634605989,177.763106506206
173.538155409849,188.936291522747,0,209.996727521564,0,0,222.053792850439,0,0,0,0,151.01089327964,0,0,0,0,0,0,0,0,115.114253591495,0,0,180.90030328818,195.822649557859,321.864157986053,201.44584889478,325.937289045041,0,0,0,0,160.530221557972,197.486504603685,93.5029580098427,108.381749703452,82.1742780037132,0,0,0,161.275817184598
0,0,0,0,0,0,146.814226519809,0,0,0,0,82.6299537488922,0,111.226326353722,306.640284138334,164.032723165762,137.189596148386,0,146.465927798921,115.114253591495,0,0,78.8552325762656,0,0,0,228.792310020318,197.893790332676,0,0,0,0,0,0,0,82.6426202489162,180.355266595273,0,0,0,0
0,0,0,0,89.9429017381717,0,0,0,0,0,196.032358954952,0,0,138.33942793804,94.7280504127031,0,0,0,0,0,0,0,0,0,0,0,0,0,0,217.157696745803,0,0,0,0,0,158.567996645797,0,151.695570509541,0,283.88658203332,0
0,0,0,78.9559315574845,133.218162784108,139.654362654449,259.055025639447,0,0,0,0,0,0,0,0,161.302948562323,0,0,154.784755881607,0,78.8552325762656,0,0,145.74089716123,0,0,0,0,199.492852797962,0,0,0,0,90.1317194604647,108.136066660554,214.116367924649,74.4197823064597,87.8456058929559,0,175.196329314064,0
0,0,213.67670887414,190.185165668632,0,0,240.185081663983,85.6072705949986,0,0,198.528111506785,0,0,348.674510760064,208.005106191961,0,0,0,0,180.90030328818,0,0,145.74089716123,0,0,157.852515740516,106.533627130087,276.620869034647,0,0,0,0,0,159.183173818572,173.001559092555,122.106946855269,94.9380989123498,205.09013266389,0,141.204637091722,205.839960264176
0,0,0,0,0,0,0,0,0,99.3508940827211,0,85.7623170715703,0,0,204.481117647118,0,0,0,0,195.822649557859,0,0,0,0,0,0,153.876396855887,0,115.868441404982,0,0,0,0,227.504408813069,0,0,0,139.93285932648,163.059043292369,136.792307586862,0
289.631679007608,0,0,0,104.369974912428,0,119.345624434514,178.748963182352,125.994729980093,92.5207898118833,0,125.81518738273,0,0,171.906398392157,0,0,0,0,321.864157986053,0,0,0,157.852515740516,0,0,252.487290983309,201.100640800745,0,131.969743415579,0,0,0,120.567029282014,90.7216186966914,205.183249704085,0,224.523755099568,259.442917595754,151.806152521152,249.798812580765
0,0,0,0,236.681907140956,0,0,223.705816669619,0,155.24952173131,195.378266313867,106.926813611922,0,231.715271819474,0,0,255.441154257905,70.4221432298295,174.013630695256,201.44584889478,228.792310020318,0,0,106.533627130087,153.876396855887,252.487290983309,0,219.078548227669,195.314816908693,61.0664810463559,0,0,0,0,0,0,58.3493451392805,0,62.311273509377,179.718364159796,0
138.425725342224,0,284.529238481835,117.208001126138,67.8267069095267,321.124897279917,0,225.013371621378,0,251.098274723989,146.770754374523,192.135034768848,0,192.693757128262,249.905610015455,0,0,94.8881692391942,269.936825670274,325.937289045041,197.893790332676,0,0,276.620869034647,0,201.100640800745,219.078548227669,0,226.825099357786,0,72.2278283150671,0,0,111.435629183184,180.543851962045,0,184.249961885477,139.792601838991,345.797434674459,168.241326865882,81.9664354533492
0,0,0,172.608400267715,110.384905066973,92.5568465385234,0,0,204.084074037941,0,0,0,0,0,82.4756938751058,161.74915061469,0,0,113.144980278377,0,0,0,199.492852797962,0,115.868441404982,0,195.314816908693,226.825099357786,0,241.635434294794,0,186.348837226466,0,333.645516435298,98.6790043377568,135.294330067913,154.065933476765,97.3506957544063,135.667029391615,143.005810983322,128.846764897717
206.912707094411,0,0,0,0,0,0,0,114.649126378906,0,171.230058197369,0,0,0,0,0,115.332064605654,0,0,0,0,217.157696745803,0,0,0,131.969743415579,61.0664810463559,0,241.635434294794,0,0,0,0,262.382215657622,320.356811100276,0,0,0,0,263.534399241887,0
0,0,0,0,200.878319874537,0,0,0,0,0,0,0,0,0,0,0,0,0,0,0,0,0,0,0,0,0,0,72.2278283150671,0,0,0,0,0,163.945208919892,329.719143597451,115.194491798135,66.5008477853491,0,0,0,0
0,0,155.901486485736,173.059382066957,119.728129215699,0,194.442125915551,0,0,92.3502314520023,187.77054666536,338.131802716296,0,0,0,0,0,0,0,0,0,0,0,0,0,0,0,0,186.348837226466,0,0,0,0,0,0,0,75.4497121078207,0,0,150.161410108805,241.682021696872
0,0,0,0,0,104.915316975638,0,106.33736463831,0,0,0,0,0,0,0,0,0,0,0,160.530221557972,0,0,0,0,0,0,0,0,0,0,0,0,0,112.823430872325,0,0,71.5579325720569,0,0,0,0
96.7845769653343,0,0,148.808626413748,303.527509149359,212.592150359921,165.893015276821,169.453147353278,0,100.812745974529,0,153.609372090384,0,97.3232815600345,133.984214699576,261.440278806413,188.851177466023,0,0,197.486504603685,0,0,90.1317194604647,159.183173818572,227.504408813069,120.567029282014,0,111.435629183184,333.645516435298,262.382215657622,163.945208919892,0,112.823430872325,0,161.325017232684,0,125.416941482916,0,0,134.566479261133,242.790381480436
0,224.551207449728,0,0,0,94.7529894315991,181.316358113209,0,0,101.5853655613,89.3673883748406,218.045528847001,146.99041817625,74.5815074003433,0,76.5072790361762,0,247.66948903751,0,93.5029580098427,0,0,108.136066660554,173.001559092555,0,90.7216186966914,0,180.543851962045,98.6790043377568,320.356811100276,329.719143597451,0,0,161.325017232684,0,160.537522273714,167.066576495979,97.5855511246009,106.128596538706,115.871357769661,220.901129804706
0,116.054372245433,0,0,0,0,0,250.461724766314,0,74.7304794244225,0,89.707245288964,101.605593487621,0,0,0,0,0,0,108.381749703452,82.6426202489162,158.567996645797,214.116367924649,122.106946855269,0,205.183249704085,0,0,135.294330067913,0,115.194491798135,0,0,0,160.537522273714,0,89.1590885155172,220.963068032256,219.430938885781,101.350815329073,357.423078228283
0,80.8080171296381,193.63278243493,118.522099274347,0,73.4795582048751,228.075434767255,71.4788760670054,206.472608421747,241.57250333243,98.2230592632363,137.177378802006,0,191.519780382943,0,219.040656038919,183.786860782462,0,178.224497384947,82.1742780037132,180.355266595273,0,74.4197823064597,94.9380989123498,0,0,58.3493451392805,184.249961885477,154.065933476765,0,66.5008477853491,75.4497121078207,71.5579325720569,125.416941482916,167.066576495979,89.1590885155172,0,231.050882209,198.964527389285,0,280.376028997576
0,0,113.059176128709,193.777661225572,0,128.405764333981,0,154.142998692322,0,0,103.519938150021,136.685314494491,0,0,62.859596780235,0,172.892533368851,0,0,0,0,151.695570509541,87.8456058929559,205.09013266389,139.93285932648,224.523755099568,0,139.792601838991,97.3506957544063,0,0,0,0,0,97.5855511246009,220.963068032256,231.050882209,0,116.176698124939,137.239127032733,0
0,0,0,0,0,0,0,0,0,193.055010680236,112.793316814908,0,0,232.945974238958,94.126460729827,0,0,0,0,0,0,0,0,0,163.059043292369,259.442917595754,62.311273509377,345.797434674459,135.667029391615,0,0,0,0,0,106.128596538706,219.430938885781,198.964527389285,116.176698124939,0,112.349934713559,101.895308036513
192.601533877686,0,0,283.248188884028,0,0,0,309.997227542691,95.7590805983148,93.4234866874731,153.672550905948,178.683678585178,0,0,96.5937438588657,300.031143529538,0,0,253.401634605989,0,0,283.88658203332,175.196329314064,141.204637091722,136.792307586862,151.806152521152,179.718364159796,168.241326865882,143.005810983322,263.534399241887,0,150.161410108805,0,134.566479261133,115.871357769661,101.350815329073,0,137.239127032733,112.349934713559,0,0
0,193.659409924573,0,0,0,314.611698427915,211.840482897052,0,0,306.344527664232,165.597665022977,142.385058730083,109.093416850988,128.530575464043,0,140.574866691684,0,0,177.763106506206,161.275817184598,0,0,0,205.839960264176,0,249.798812580765,0,81.9664354533492,128.846764897717,0,0,241.682021696872,0,242.790381480436,220.901129804706,357.423078228283,280.376028997576,0,101.895308036513,0,0
