0,0,0,0,0,0,0,0,0,0,0,0,0,158.955087279859,0,72.2278283150671,0,0,0,0,0,0,0,0,0,0,0,0,0,0,0,0,0,82.6299537488922,90.7216186966914,128.405764333981,0,0,0,0,225.013371621378
0,0,124.853650664477,0,0,0,0,0,0,0,0,0,0,0,0,0,0,0,0,0,0,0,0,148.808626413748,0,0,0,92.5207898118833,241.682021696872,0,0,353.822894641502,0,0,329.719143597451,0,0,0,142.054529471577,0,0
0,124.853650664477,0,0,0,0,0,180.90030328818,0,0,0,263.534399241887,0,0,0,0,0,111.226326353722,0,0,0,0,0,0,0,0,0,0,0,0,0,0,0,0,0,0,106.128596538706,0,0,0,0
0,0,0,0,306.640284138334,173.059382066957,0,0,0,163.945208919892,0,143.005810983322,0,0,125.81518738273,0,0,0,0,0,0,0,0,196.032358954952,0,0,0,140.574866691684,0,0,0,0,0,139.93285932648,108.381749703452,204.481117647118,120.567029282014,164.032723165762,0,231.050882209,0
0,0,0,306.640284138334,0,0,171.906398392157,0,255.441154257905,0,0,0,0,0,0,0,135.294330067913,0,0,0,0,0,214.116367924649,0,97.3232815600345,0,161.275817184598,67.8267069095267,71.5579325720569,0,0,0,0,174.013630695256,347.376449530863,0,219.430938885781,0,151.075371308616,193.63278243493,0
0,0,0,173.059382066957,0,0,137.177378802006,0,0,0,94.8881692391942,261.605527103798,0,0,0,117.208001126138,283.248188884028,0,0,205.839960264176,0,0,0,0,0,74.5815074003433,0,104.369974912428,155.901486485736,75.4497121078207,251.098274723989,0,0,0,161.325017232684,0,0,0,0,186.348837226466,0
0,0,0,0,171.906398392157,137.177378802006,0,155.24952173131,0,0,252.487290983309,0,0,0,0,0,0,0,0,0,0,180.355266595273,0,109.093416850988,211.840482897052,157.852515740516,0,0,0,0,0,0,0,253.401634605989,82.4756938751058,0,178.224497384947,153.876396855887,202.712457066107,0,0
0,0,180.90030328818,0,0,0,155.24952173131,0,0,0,0,89.9429017381717,0,133.218162784108,124.698445421759,0,160.530221557972,0,187.77054666536,0,0,0,0,171.230058197369,0,0,178.748963182352,76.5072790361762,0,303.527509149359,0,61.0664810463559,0,169.742003380707,115.871357769661,0,215.611029055736,0,0,97.3506957544063,0
0,0,0,0,255.441154257905,0,0,0,0,112.823430872325,0,119.728129215699,0,0,179.718364159796,0,0,0,0,208.005106191961,0,0,0,0,284.529238481835,0,0,0,259.055025639447,0,0,0,0,99.3508940827211,161.302948562323,0,217.157696745803,0,139.792601838991,0,0
0,0,0,163.945208919892,0,0,0,0,112.823430872325,0,221.805809452716,205.09013266389,0,154.070293657878,0,111.435629183184,0,0,0,276.620869034647,115.332064605654,0,0,0,154.142998692322,204.084074037941,0,95.7590805983148,0,146.465927798921,0,0,0,116.176698124939,84.3635741045246,160.537522273714,306.344527664232,128.530575464043,0,0,228.792310020318
0,0,0,0,0,94.8881692391942,252.487290983309,0,0,221.805809452716,0,93.4234866874731,314.611698427915,0,0,0,0,0,0,0,0,0,0,97.5855511246009,0,250.461724766314,194.442125915551,165.597665022977,0,0,0,201.100640800745,0,209.996727521564,167.066576495979,0,101.605593487621,183.786860782462,0,192.135034768848,158.567996645797
0,0,263.534399241887,143.005810983322,0,261.605527103798,0,89.9429017381717,119.728129215699,205.09013266389,93.4234866874731,0,90.1317194604647,0,0,0,0,138.425725342224,0,112.793316814908,168.241326865882,0,0,122.106946855269,0,0,238.934743274142,106.33736463831,165.893015276821,0,0,0,0,80.4367166559625,0,141.204637091722,115.868441404982,0,348.674510760064,181.316358113209,188.936291522747
0,0,0,0,0,0,0,0,0,0,314.611698427915,90.1317194604647,0,0,0,0,0,0,195.378266313867,0,0,0,142.385058730083,0,0,0,0,0,231.715271819474,0,0,0,0,0,0,0,0,74.7304794244225,0,0,0
158.955087279859,0,0,0,0,0,0,133.218162784108,0,154.070293657878,0,0,0,0,134.566479261133,0,0,0,0,0,0,0,0,0,0,154.784755881607,283.88658203332,115.194491798135,199.492852797962,0,0,138.33942793804,0,0,219.078548227669,262.382215657622,66.5008477853491,89.3673883748406,193.659409924573,0,0
0,0,0,125.81518738273,0,0,0,124.698445421759,179.718364159796,0,0,0,0,134.566479261133,0,80.8080171296381,0,0,0,0,0,71.4788760670054,335.371040201042,0,0,161.694997919804,0,0,0,0,0,0,0,195.314816908693,0,0,219.040656038919,177.763106506206,0,136.685314494491,0
72.2278283150671,0,0,0,0,117.208001126138,0,0,0,111.435629183184,0,0,0,0,80.8080171296381,0,220.901129804706,0,0,87.8456058929559,0,0,0,0,0,0,0,0,62.859596780235,0,0,0,0,0,0,184.249961885477,205.183249704085,0,0,357.423078228283,94.7529894315991
0,0,0,0,135.294330067913,283.248188884028,0,160.530221557972,0,0,0,0,0,0,0,220.901129804706,0,0,0,0,218.045528847001,280.376028997576,89.707245288964,0,0,0,0,0,212.592150359921,0,0,0,0,115.541295036174,0,0,0,0,0,0,92.5568465385234
0,0,111.226326353722,0,0,0,0,0,0,0,0,138.425725342224,0,0,0,0,0,0,0,101.895308036513,0,0,0,98.6790043377568,0,0,0,139.654362654449,0,0,0,0,0,106.926813611922,261.440278806413,173.201474590904,0,0,0,0,236.681907140956
0,0,0,0,0,0,0,187.77054666536,0,0,0,0,195.378266313867,0,0,0,0,0,0,0,0,101.85207633558,103.519938150021,0,0,0,249.905610015455,241.635434294794,180.543851962045,200.878319874537,0,0,0,0,78.8552325762656,0,220.963068032256,0,0,120.912756812582,193.777661225572
0,0,0,0,0,205.839960264176,0,0,208.005106191961,276.620869034647,0,112.793316814908,0,0,0,87.8456058929559,0,101.895308036513,0,0,321.124897279917,0,320.356811100276,151.806152521152,198.528111506785,206.472608421747,153.609372090384,92.3502314520023,259.442917595754,0,0,0,0,0,0,240.185081663983,0,137.189596148386,0,108.136066660554,0
0,0,0,0,0,0,0,0,0,115.332064605654,0,168.241326865882,0,0,0,0,218.045528847001,0,0,321.124897279917,0,0,0,0,0,163.059043292369,133.984214699576,228.075434767255,100.812745974529,0,172.892533368851,0,0,0,0,0,125.416941482916,0,116.054372245433,192.601533877686,196.04190773555
0,0,0,0,0,0,180.355266595273,0,0,0,0,0,0,0,71.4788760670054,0,280.376028997576,0,101.85207633558,0,0,0,0,0,206.912707094411,0,70.4221432298295,94.7280504127031,0,0,0,0,0,0,101.350815329073,0,0,0,0,0,0
0,0,0,0,214.116367924649,0,0,0,0,0,0,0,142.385058730083,0,335.371040201042,0,89.707245288964,0,103.519938150021,320.356811100276,0,0,0,325.937289045041,0,0,0,197.893790332676,0,198.964527389285,0,0,0,96.5937438588657,115.114253591495,0,101.5853655613,213.67670887414,0,146.814226519809,241.57250333243
0,148.808626413748,0,196.032358954952,0,0,109.093416850988,171.230058197369,0,0,97.5855511246009,122.106946855269,0,0,0,0,0,98.6790043377568,0,151.806152521152,0,0,325.937289045041,0,0,146.99041817625,145.74089716123,0,146.770754374523,0,0,0,0,0,333.645516435298,321.864157986053,249.798812580765,247.66948903751,175.196329314064,242.790381480436,94.027247878695
0,0,0,0,97.3232815600345,0,211.840482897052,0,284.529238481835,154.142998692322,0,0,0,0,0,0,0,0,0,198.528111506785,0,206.912707094411,0,0,0,0,151.695570509541,0,0,0,0,0,0,0,193.055010680236,0,338.131802716296,0,0,0,191.519780382943
0,0,0,0,0,74.5815074003433,157.852515740516,0,0,204.084074037941,250.461724766314,0,0,154.784755881607,161.694997919804,0,0,0,0,206.472608421747,163.059043292369,0,0,146.99041817625,0,0,153.672550905948,150.161410108805,345.797434674459,197.486504603685,0,172.608400267715,0,162.833808134102,0,0,137.239127032733,169.453147353278,101.443495235174,114.511014214502,78.9559315574845
0,0,0,0,161.275817184598,0,0,178.748963182352,0,0,194.442125915551,238.934743274142,0,283.88658203332,0,0,0,0,249.905610015455,153.609372090384,133.984214699576,70.4221432298295,0,145.74089716123,151.695570509541,153.672550905948,0,0,188.851177466023,74.4197823064597,0,128.846764897717,135.667029391615,159.183173818572,178.683678585178,0,81.9664354533492,0,0,151.01089327964,0
0,92.5207898118833,0,140.574866691684,67.8267069095267,104.369974912428,0,76.5072790361762,0,95.7590805983148,165.597665022977,106.33736463831,0,115.194491798135,0,0,0,139.654362654449,241.635434294794,92.3502314520023,228.075434767255,94.7280504127031,197.893790332676,0,0,150.161410108805,0,0,153.453047983244,0,93.5029580098427,131.969743415579,227.504408813069,110.384905066973,226.825099357786,106.533627130087,161.74915061469,114.649126378906,0,73.1029054543569,104.915316975638
0,241.682021696872,0,0,71.5579325720569,155.901486485736,0,0,259.055025639447,0,0,165.893015276821,231.715271819474,199.492852797962,0,62.859596780235,212.592150359921,0,180.543851962045,259.442917595754,100.812745974529,0,0,146.770754374523,0,345.797434674459,188.851177466023,153.453047983244,0,0,0,0,0,323.781250289068,98.417953423071,0,154.065933476765,0,0,201.44584889478,125.994729980093
0,0,0,0,0,75.4497121078207,0,303.527509149359,0,146.465927798921,0,0,0,0,0,0,0,0,200.878319874537,0,0,0,198.964527389285,0,0,197.486504603685,74.4197823064597,0,0,0,0,0,0,0,0,173.001559092555,222.053792850439,98.2230592632363,73.4795582048751,0,0
0,0,0,0,0,251.098274723989,0,0,0,0,0,0,0,0,0,0,0,0,0,0,172.892533368851,0,0,0,0,0,0,93.5029580098427,0,0,0,0,0,232.945974238958,0,0,269.936825670274,0,0,195.822649557859,0
0,353.822894641502,0,0,0,0,0,61.0664810463559,0,0,201.100640800745,0,0,138.33942793804,0,0,0,0,0,0,0,0,0,0,0,172.608400267715,128.846764897717,131.969743415579,0,0,0,0,0,112.349934713559,0,0,85.6072705949986,0,0,192.693757128262,151.036729364761
0,0,0,0,0,0,0,0,0,0,0,0,0,0,0,0,0,0,0,0,0,0,0,0,0,0,135.667029391615,227.504408813069,0,0,0,0,0,0,0,96.7845769653343,0,190.185165668632,0,94.9380989123498,0
82.6299537488922,0,0,139.93285932648,174.013630695256,0,253.401634605989,169.742003380707,99.3508940827211,116.176698124939,209.996727521564,80.4367166559625,0,0,195.314816908693,0,115.541295036174,106.926813611922,0,0,0,0,96.5937438588657,0,0,162.833808134102,159.183173818572,110.384905066973,323.781250289068,0,232.945974238958,112.349934713559,0,0,62.311273509377,82.1742780037132,58.3493451392805,309.997227542691,81.2827395071039,136.792307586862,113.059176128709
90.7216186966914,329.719143597451,0,108.381749703452,347.376449530863,161.325017232684,82.4756938751058,115.871357769661,161.302948562323,84.3635741045246,167.066576495979,0,0,219.078548227669,0,0,0,261.440278806413,78.8552325762656,0,0,101.350815329073,115.114253591495,333.645516435298,193.055010680236,0,178.683678585178,226.825099357786,98.417953423071,0,0,0,0,62.311273509377,0,134.960780198024,173.538155409849,224.551207449728,0,118.522099274347,0
128.405764333981,0,0,204.481117647118,0,0,0,0,0,160.537522273714,0,141.204637091722,0,262.382215657622,0,184.249961885477,0,173.201474590904,0,240.185081663983,0,0,0,321.864157986053,0,0,0,106.533627130087,0,173.001559092555,0,0,96.7845769653343,82.1742780037132,134.960780198024,0,85.7623170715703,82.6426202489162,94.126460729827,186.973586461633,223.705816669619
0,0,106.128596538706,120.567029282014,219.430938885781,0,178.224497384947,215.611029055736,217.157696745803,306.344527664232,101.605593487621,115.868441404982,0,66.5008477853491,219.040656038919,205.183249704085,0,0,220.963068032256,0,125.416941482916,0,101.5853655613,249.798812580765,338.131802716296,137.239127032733,81.9664354533492,161.74915061469,154.065933476765,222.053792850439,269.936825670274,85.6072705949986,0,58.3493451392805,173.538155409849,85.7623170715703,0,119.345624434514,300.031143529538,0,113.144980278377
0,0,0,164.032723165762,0,0,153.876396855887,0,0,128.530575464043,183.786860782462,0,74.7304794244225,89.3673883748406,177.763106506206,0,0,0,0,137.189596148386,0,0,213.67670887414,247.66948903751,0,169.453147353278,0,114.649126378906,0,98.2230592632363,0,0,190.185165668632,309.997227542691,224.551207449728,82.6426202489162,119.345624434514,0,89.1590885155172,289.631679007608,0
0,142.054529471577,0,0,151.075371308616,0,202.712457066107,0,139.792601838991,0,0,348.674510760064,0,193.659409924573,0,0,0,0,0,0,116.054372245433,0,0,175.196329314064,0,101.443495235174,0,0,0,73.4795582048751,0,0,0,81.2827395071039,0,94.126460729827,300.031143529538,89.1590885155172,0,0,99.2646516363145
0,0,0,231.050882209,193.63278243493,186.348837226466,0,97.3506957544063,0,0,192.135034768848,181.316358113209,0,0,136.685314494491,357.423078228283,0,0,120.912756812582,108.136066660554,192.601533877686,0,146.814226519809,242.790381480436,0,114.511014214502,151.01089327964,73.1029054543569,201.44584889478,0,195.822649557859,192.693757128262,94.9380989123498,136.792307586862,118.522099274347,186.973586461633,0,289.631679007608,0,0,224.523755099568
225.013371621378,0,0,0,0,0,0,0,0,228.792310020318,158.567996645797,188.936291522747,0,0,0,94.7529894315991,92.5568465385234,236.681907140956,193.777661225572,0,196.04190773555,0,241.57250333243,94.027247878695,191.519780382943,78.9559315574845,0,104.915316975638,125.994729980093,0,0,151.036729364761,0,113.059176128709,0,223.705816669619,113.144980278377,0,99.2646516363145,224.523755099568,0
