0,0,0,0,0,0,0,0,0,0,0,0,0,0,0,0,0,224.523755099568,0,0,0,0,0,0,0,160.537522273714,168.241326865882,0,161.74915061469,0,0,0,0,0,137.239127032733,0,0,0,0,219.430938885781,0
0,0,0,217.157696745803,0,0,0,232.945974238958,0,0,94.9380989123498,118.522099274347,0,0,0,0,0,0,0,0,0,0,0,0,0,0,0,0,0,0,0,0,0,0,0,94.7529894315991,163.945208919892,0,0,174.013630695256,0
0,0,0,0,0,0,0,137.189596148386,0,0,161.325017232684,0,0,0,0,0,116.054372245433,0,0,0,0,0,0,0,0,124.853650664477,0,0,0,0,0,0,0,0,0,0,0,165.597665022977,0,0,0
0,217.157696745803,0,0,0,140.574866691684,94.8881692391942,0,0,154.784755881607,314.611698427915,164.032723165762,0,0,0,0,0,0,0,0,0,0,0,0,0,0,85.7623170715703,303.527509149359,0,0,202.712457066107,0,142.385058730083,0,204.084074037941,0,241.682021696872,0,0,110.384905066973,0
0,0,0,0,0,0,0,0,0,97.3232815600345,61.0664810463559,325.937289045041,0,0,0,0,0,74.4197823064597,0,0,0,193.777661225572,0,157.852515740516,0,0,223.705816669619,0,103.519938150021,0,0,133.218162784108,0,348.674510760064,78.9559315574845,0,241.635434294794,0,0,115.868441404982,172.608400267715
0,0,0,140.574866691684,0,0,0,0,0,0,208.005106191961,220.901129804706,0,0,115.114253591495,0,151.075371308616,0,0,111.435629183184,163.059043292369,0,0,0,0,0,0,259.442917595754,92.5207898118833,0,0,0,0,62.859596780235,122.106946855269,0,0,153.876396855887,0,206.912707094411,94.126460729827
0,0,0,94.8881692391942,0,0,0,283.248188884028,0,0,0,255.441154257905,0,115.871357769661,0,0,0,0,0,75.4497121078207,0,0,0,192.135034768848,0,0,0,329.719143597451,0,0,0,0,242.790381480436,283.88658203332,347.376449530863,335.371040201042,181.316358113209,0,0,190.185165668632,0
0,232.945974238958,137.189596148386,0,0,0,283.248188884028,0,0,173.538155409849,0,205.839960264176,0,0,0,0,0,0,0,0,0,0,108.136066660554,300.031143529538,0,133.984214699576,204.481117647118,62.311273509377,101.605593487621,0,0,0,0,142.054529471577,269.936825670274,186.348837226466,197.893790332676,0,0,0,160.530221557972
0,0,0,0,0,0,0,0,0,138.33942793804,0,0,0,0,0,0,0,0,0,0,226.825099357786,0,0,0,153.453047983244,0,0,231.715271819474,143.005810983322,96.5937438588657,178.683678585178,0,0,0,284.529238481835,161.275817184598,261.440278806413,0,0,0,106.128596538706
0,0,0,154.784755881607,97.3232815600345,0,0,173.538155409849,138.33942793804,0,106.926813611922,0,0,183.786860782462,0,0,0,0,0,98.6790043377568,0,0,333.645516435298,0,0,151.806152521152,114.649126378906,0,145.74089716123,195.314816908693,0,0,0,0,253.401634605989,128.405764333981,151.036729364761,0,280.376028997576,82.6426202489162,80.8080171296381
0,94.9380989123498,161.325017232684,314.611698427915,61.0664810463559,208.005106191961,0,0,0,106.926813611922,0,0,0,250.461724766314,92.5568465385234,0,0,112.793316814908,109.093416850988,0,101.85207633558,0,0,0,0,0,125.416941482916,0,0,0,0,0,0,119.728129215699,0,289.631679007608,0,193.055010680236,321.124897279917,0,0
0,118.522099274347,0,164.032723165762,325.937289045041,220.901129804706,255.441154257905,205.839960264176,0,0,0,0,0,0,0,0,66.5008477853491,0,172.892533368851,353.822894641502,231.050882209,247.66948903751,175.196329314064,74.7304794244225,0,215.611029055736,0,97.3506957544063,0,0,0,0,0,0,178.748963182352,155.901486485736,113.144980278377,112.823430872325,0,323.781250289068,106.533627130087
0,0,0,0,0,0,0,0,0,0,0,0,0,97.5855511246009,0,0,0,194.442125915551,0,0,0,0,0,0,0,0,0,158.567996645797,0,0,0,81.9664354533492,0,212.592150359921,0,0,0,0,0,222.053792850439,0
0,0,0,0,0,0,115.871357769661,0,0,183.786860782462,250.461724766314,0,97.5855511246009,0,0,0,0,0,0,146.465927798921,0,0,114.511014214502,0,0,151.695570509541,0,125.81518738273,151.01089327964,0,0,0,0,141.204637091722,136.792307586862,0,93.4234866874731,148.808626413748,0,0,125.994729980093
0,0,0,0,0,115.114253591495,0,0,0,0,92.5568465385234,0,0,0,0,306.344527664232,0,0,0,0,0,219.078548227669,0,92.3502314520023,0,0,206.472608421747,205.183249704085,188.936291522747,0,0,180.90030328818,0,89.1590885155172,0,0,136.685314494491,0,0,87.8456058929559,0
0,0,0,0,0,0,0,0,0,0,0,0,0,0,306.344527664232,0,0,0,0,209.996727521564,0,0,0,0,0,195.822649557859,205.09013266389,106.33736463831,104.369974912428,0,0,0,0,196.04190773555,0,0,119.345624434514,0,238.934743274142,117.208001126138,120.912756812582
0,0,116.054372245433,0,0,151.075371308616,0,0,0,0,0,66.5008477853491,0,0,0,0,0,0,0,0,0,0,0,0,101.350815329073,219.040656038919,0,0,165.893015276821,0,0,0,58.3493451392805,0,0,0,0,357.423078228283,193.63278243493,173.059382066957,0
224.523755099568,0,0,0,74.4197823064597,0,0,0,0,0,112.793316814908,0,194.442125915551,0,0,0,0,0,0,0,0,0,0,0,224.551207449728,0,96.7845769653343,0,0,0,0,0,0,146.770754374523,0,198.964527389285,120.567029282014,0,0,0,0
0,0,0,0,0,0,0,0,0,0,109.093416850988,172.892533368851,0,0,0,0,0,0,0,252.487290983309,0,0,0,113.059176128709,0,0,276.620869034647,139.792601838991,0,0,0,0,0,0,187.77054666536,85.6072705949986,101.443495235174,101.5853655613,0,259.055025639447,192.693757128262
0,0,0,0,0,111.435629183184,75.4497121078207,0,0,98.6790043377568,0,353.822894641502,0,146.465927798921,0,209.996727521564,0,0,252.487290983309,0,0,0,0,201.44584889478,0,0,0,154.065933476765,0,0,0,0,0,89.707245288964,167.066576495979,67.8267069095267,82.1742780037132,128.846764897717,240.185081663983,184.249961885477,309.997227542691
0,0,0,0,0,163.059043292369,0,0,226.825099357786,0,101.85207633558,231.050882209,0,0,0,0,0,0,0,0,0,0,111.226326353722,78.8552325762656,131.969743415579,199.492852797962,0,0,173.201474590904,0,0,0,0,0,0,0,94.7280504127031,228.792310020318,0,161.694997919804,84.3635741045246
0,0,0,0,193.777661225572,0,0,0,0,0,0,247.66948903751,0,0,219.078548227669,0,0,0,0,0,0,0,0,0,0,0,0,0,0,0,0,0,0,146.99041817625,0,112.349934713559,0,82.4756938751058,115.194491798135,0,99.2646516363145
0,0,0,0,0,0,0,108.136066660554,0,333.645516435298,0,175.196329314064,0,114.511014214502,0,0,0,0,0,0,111.226326353722,0,0,214.116367924649,0,89.9429017381717,0,104.915316975638,115.541295036174,0,0,0,186.973586461633,191.519780382943,0,0,108.381749703452,80.4367166559625,201.100640800745,99.3508940827211,0
0,0,0,0,157.852515740516,0,192.135034768848,300.031143529538,0,0,0,74.7304794244225,0,0,92.3502314520023,0,0,0,113.059176128709,201.44584889478,78.8552325762656,0,214.116367924649,0,138.425725342224,161.302948562323,158.955087279859,236.681907140956,73.1029054543569,0,0,0,0,101.895308036513,98.2230592632363,146.814226519809,321.864157986053,0,0,0,93.5029580098427
0,0,0,0,0,0,0,0,153.453047983244,0,0,0,0,0,0,0,101.350815329073,224.551207449728,0,0,131.969743415579,0,0,138.425725342224,0,0,0,153.672550905948,0,0,0,0,0,171.906398392157,154.142998692322,0,150.161410108805,227.504408813069,0,0,0
160.537522273714,0,124.853650664477,0,0,0,0,133.984214699576,0,151.806152521152,0,215.611029055736,0,151.695570509541,0,195.822649557859,219.040656038919,0,0,0,199.492852797962,0,89.9429017381717,161.302948562323,0,0,76.5072790361762,200.878319874537,306.640284138334,169.742003380707,0,249.798812580765,0,90.7216186966914,0,0,90.1317194604647,0,0,196.032358954952,139.654362654449
168.241326865882,0,0,85.7623170715703,223.705816669619,0,0,204.481117647118,0,114.649126378906,125.416941482916,0,0,0,206.472608421747,205.09013266389,0,96.7845769653343,276.620869034647,0,0,0,0,158.955087279859,0,76.5072790361762,0,171.230058197369,0,0,159.183173818572,94.027247878695,0,188.851177466023,0,320.356811100276,251.098274723989,0,154.070293657878,81.2827395071039,0
0,0,0,303.527509149359,0,259.442917595754,329.719143597451,62.311273509377,231.715271819474,0,0,97.3506957544063,158.567996645797,125.81518738273,205.183249704085,106.33736463831,0,0,139.792601838991,154.065933476765,0,0,104.915316975638,236.681907140956,153.672550905948,200.878319874537,171.230058197369,0,173.001559092555,241.57250333243,0,124.698445421759,0,345.797434674459,338.131802716296,137.177378802006,262.382215657622,128.530575464043,0,89.3673883748406,220.963068032256
161.74915061469,0,0,0,103.519938150021,92.5207898118833,0,101.605593487621,143.005810983322,145.74089716123,0,0,0,151.01089327964,188.936291522747,104.369974912428,165.893015276821,0,0,0,173.201474590904,0,115.541295036174,73.1029054543569,0,306.640284138334,0,173.001559092555,0,0,139.93285932648,211.840482897052,0,0,169.453147353278,225.013371621378,0,0,0,95.7590805983148,100.812745974529
0,0,0,0,0,0,0,0,96.5937438588657,195.314816908693,0,0,0,0,0,0,0,0,0,0,0,0,0,0,0,169.742003380707,0,241.57250333243,0,0,0,0,0,73.4795582048751,155.24952173131,192.601533877686,179.718364159796,98.417953423071,261.605527103798,218.045528847001,0
0,0,0,202.712457066107,0,0,0,0,178.683678585178,0,0,0,0,0,0,0,0,0,0,0,0,0,0,0,0,0,159.183173818572,0,139.93285932648,0,0,0,0,0,0,0,72.2278283150671,0,0,115.332064605654,0
0,0,0,0,133.218162784108,0,0,0,0,0,0,0,81.9664354533492,0,180.90030328818,0,0,0,0,0,0,0,0,0,0,249.798812580765,94.027247878695,124.698445421759,211.840482897052,0,0,0,0,228.075434767255,177.763106506206,0,134.960780198024,0,180.355266595273,0,0
0,0,0,142.385058730083,0,0,242.790381480436,0,0,0,0,0,0,0,0,0,58.3493451392805,0,0,0,0,0,186.973586461633,0,0,0,0,0,0,0,0,0,0,0,195.378266313867,0,0,0,0,0,0
0,0,0,0,348.674510760064,62.859596780235,283.88658203332,142.054529471577,0,0,119.728129215699,0,212.592150359921,141.204637091722,89.1590885155172,196.04190773555,0,146.770754374523,0,89.707245288964,0,146.99041817625,191.519780382943,101.895308036513,171.906398392157,90.7216186966914,188.851177466023,345.797434674459,0,73.4795582048751,0,228.075434767255,0,0,249.905610015455,0,221.805809452716,82.6299537488922,135.294330067913,153.609372090384,263.534399241887
137.239127032733,0,0,204.084074037941,78.9559315574845,122.106946855269,347.376449530863,269.936825670274,284.529238481835,253.401634605989,0,178.748963182352,0,136.792307586862,0,0,0,0,187.77054666536,167.066576495979,0,0,0,98.2230592632363,154.142998692322,0,0,338.131802716296,169.453147353278,155.24952173131,0,177.763106506206,195.378266313867,249.905610015455,0,162.833808134102,74.5815074003433,198.528111506785,71.5579325720569,0,116.176698124939
0,94.7529894315991,0,0,0,0,335.371040201042,186.348837226466,161.275817184598,128.405764333981,289.631679007608,155.901486485736,0,0,0,0,0,198.964527389285,85.6072705949986,67.8267069095267,0,112.349934713559,0,146.814226519809,0,0,320.356811100276,137.177378802006,225.013371621378,192.601533877686,0,0,0,0,162.833808134102,0,134.566479261133,0,0,0,71.4788760670054
0,163.945208919892,0,241.682021696872,241.635434294794,0,181.316358113209,197.893790332676,261.440278806413,151.036729364761,0,113.144980278377,0,93.4234866874731,136.685314494491,119.345624434514,0,120.567029282014,101.443495235174,82.1742780037132,94.7280504127031,0,108.381749703452,321.864157986053,150.161410108805,90.1317194604647,251.098274723989,262.382215657622,0,179.718364159796,72.2278283150671,134.960780198024,0,221.805809452716,74.5815074003433,134.566479261133,0,197.486504603685,213.67670887414,193.659409924573,0
0,0,165.597665022977,0,0,153.876396855887,0,0,0,0,193.055010680236,112.823430872325,0,148.808626413748,0,0,357.423078228283,0,101.5853655613,128.846764897717,228.792310020318,82.4756938751058,80.4367166559625,0,227.504408813069,0,0,128.530575464043,0,98.417953423071,0,0,0,82.6299537488922,198.528111506785,0,197.486504603685,0,180.543851962045,178.224497384947,135.667029391615
0,0,0,0,0,0,0,0,0,280.376028997576,321.124897279917,0,0,0,0,238.934743274142,193.63278243493,0,0,240.185081663983,0,115.194491798135,201.100640800745,0,0,0,154.070293657878,0,0,261.605527103798,0,180.355266595273,0,135.294330067913,71.5579325720569,0,213.67670887414,180.543851962045,0,0,70.4221432298295
219.430938885781,174.013630695256,0,110.384905066973,115.868441404982,206.912707094411,190.185165668632,0,0,82.6426202489162,0,323.781250289068,222.053792850439,0,87.8456058929559,117.208001126138,173.059382066957,0,259.055025639447,184.249961885477,161.694997919804,0,99.3508940827211,0,0,196.032358954952,81.2827395071039,89.3673883748406,95.7590805983148,218.045528847001,115.332064605654,0,0,153.609372090384,0,0,193.659409924573,178.224497384947,0,0,0
0,0,0,0,172.608400267715,94.126460729827,0,160.530221557972,106.128596538706,80.8080171296381,0,106.533627130087,0,125.994729980093,0,120.912756812582,0,0,192.693757128262,309.997227542691,84.3635741045246,99.2646516363145,0,93.5029580098427,0,139.654362654449,0,220.963068032256,100.812745974529,0,0,0,0,263.534399241887,116.176698124939,71.4788760670054,0,135.667029391615,70.4221432298295,0,0
