0,0,0,0,0,0,0,0,122.106946855269,219.078548227669,227.504408813069,0,0,0,0,0,0,0,0,0,133.218162784108,0,0,71.4788760670054,0,0,0,197.486504603685,0,0,0,0,0,0,0,0,0,0,0,0,0
0,0,0,0,0,0,0,167.066576495979,0,0,0,0,0,173.059382066957,0,0,261.605527103798,0,0,0,0,0,0,0,0,0,309.997227542691,0,0,0,0,0,0,240.185081663983,0,192.135034768848,0,106.926813611922,0,0,0
0,0,0,0,0,0,0,0,0,180.90030328818,0,0,0,0,0,0,0,0,0,0,0,0,0,0,0,0,0,247.66948903751,0,0,161.694997919804,0,0,0,172.608400267715,0,73.1029054543569,0,0,0,0
0,0,0,0,259.055025639447,0,0,0,153.609372090384,0,0,84.3635741045246,0,0,0,0,120.567029282014,114.649126378906,0,0,0,0,0,153.876396855887,0,128.530575464043,306.344527664232,0,97.5855511246009,0,0,0,0,0,89.3673883748406,0,0,0,204.084074037941,198.964527389285,118.522099274347
0,0,0,259.055025639447,0,153.453047983244,128.846764897717,0,0,249.905610015455,232.945974238958,0,0,196.04190773555,0,0,0,241.57250333243,0,303.527509149359,0,0,0,325.937289045041,0,95.7590805983148,0,0,0,0,0,0,0,89.1590885155172,125.416941482916,0,0,0,96.5937438588657,173.001559092555,0
0,0,0,0,153.453047983244,0,236.681907140956,175.196329314064,101.5853655613,0,0,0,0,94.126460729827,0,0,0,0,0,0,0,0,0,0,0,0,284.529238481835,148.808626413748,137.177378802006,165.893015276821,0,223.705816669619,0,192.693757128262,101.443495235174,98.2230592632363,0,0,0,0,184.249961885477
0,0,0,0,128.846764897717,236.681907140956,0,0,0,353.822894641502,0,82.4756938751058,0,0,0,0,0,0,0,0,289.631679007608,113.144980278377,0,0,0,0,0,115.541295036174,62.311273509377,222.053792850439,0,0,0,231.715271819474,251.098274723989,0,151.075371308616,99.3508940827211,0,0,0
0,167.066576495979,0,0,0,175.196329314064,0,0,0,0,93.5029580098427,92.5207898118833,0,219.430938885781,0,108.136066660554,0,0,0,0,0,0,0,58.3493451392805,0,0,241.635434294794,186.973586461633,204.481117647118,0,0,0,0,255.441154257905,142.054529471577,0,188.936291522747,283.88658203332,187.77054666536,0,163.059043292369
122.106946855269,0,0,153.609372090384,0,101.5853655613,0,0,0,0,0,206.912707094411,0,100.812745974529,0,0,0,0,0,0,0,0,0,276.620869034647,0,136.685314494491,0,220.963068032256,0,0,0,0,0,261.440278806413,0,0,0,0,0,333.645516435298,151.695570509541
219.078548227669,0,180.90030328818,0,249.905610015455,0,353.822894641502,0,0,0,0,226.825099357786,0,0,0,112.823430872325,0,0,161.302948562323,196.032358954952,0,0,0,140.574866691684,151.01089327964,139.654362654449,0,115.871357769661,0,0,0,0,0,0,106.128596538706,104.369974912428,199.492852797962,195.822649557859,159.183173818572,0,249.798812580765
227.504408813069,0,0,0,232.945974238958,0,0,93.5029580098427,0,0,0,146.770754374523,0,82.1742780037132,0,0,96.7845769653343,0,0,0,98.6790043377568,0,0,0,0,0,0,78.8552325762656,0,0,0,0,81.2827395071039,214.116367924649,348.674510760064,89.9429017381717,345.797434674459,165.597665022977,193.659409924573,0,139.93285932648
0,0,0,84.3635741045246,0,0,82.4756938751058,92.5207898118833,206.912707094411,226.825099357786,146.770754374523,0,0,0,115.114253591495,113.059176128709,0,0,0,0,0,224.523755099568,173.538155409849,205.839960264176,162.833808134102,0,109.093416850988,280.376028997576,205.09013266389,82.6299537488922,0,221.805809452716,0,71.5579325720569,150.161410108805,0,0,0,112.793316814908,262.382215657622,0
0,0,0,0,0,0,0,0,0,0,0,0,0,0,0,0,0,0,0,0,0,0,101.85207633558,0,0,0,0,0,92.3502314520023,0,0,0,0,97.3506957544063,0,120.912756812582,145.74089716123,0,0,205.183249704085,0
0,173.059382066957,0,0,196.04190773555,94.126460729827,0,219.430938885781,100.812745974529,0,82.1742780037132,0,0,0,0,0,0,253.401634605989,0,101.350815329073,0,0,0,0,0,0,115.868441404982,160.530221557972,179.718364159796,0,0,0,0,0,0,0,0,94.9380989123498,0,116.054372245433,94.027247878695
0,0,0,0,0,0,0,0,0,0,0,115.114253591495,0,0,0,101.605593487621,347.376449530863,61.0664810463559,0,0,0,0,252.487290983309,0,0,115.332064605654,0,0,0,0,0,178.224497384947,0,219.040656038919,0,0,139.792601838991,0,94.7529894315991,164.032723165762,218.045528847001
0,0,0,0,0,0,0,108.136066660554,0,112.823430872325,0,113.059176128709,0,0,101.605593487621,0,0,0,0,0,171.906398392157,0,0,0,0,0,0,211.840482897052,0,0,0,0,0,0,259.442917595754,283.248188884028,80.8080171296381,0,0,195.314816908693,231.050882209
0,261.605527103798,0,120.567029282014,0,0,0,0,0,0,96.7845769653343,0,0,0,347.376449530863,0,0,0,0,0,119.728129215699,0,0,0,0,0,0,94.7280504127031,178.748963182352,110.384905066973,0,0,0,133.984214699576,0,0,0,134.566479261133,0,0,0
0,0,0,114.649126378906,241.57250333243,0,0,0,0,0,0,0,0,253.401634605989,61.0664810463559,0,0,0,0,0,0,0,200.878319874537,181.316358113209,0,0,0,0,0,0,0,0,0,134.960780198024,0,0,154.065933476765,172.892533368851,0,0,0
0,0,0,0,0,0,0,0,0,161.302948562323,0,0,0,0,0,0,0,0,0,357.423078228283,208.005106191961,0,228.075434767255,186.348837226466,0,87.8456058929559,173.201474590904,142.385058730083,250.461724766314,0,0,0,0,101.895308036513,0,0,112.349934713559,119.345624434514,0,0,0
0,0,0,0,303.527509149359,0,0,0,0,196.032358954952,0,0,0,101.350815329073,0,0,0,0,357.423078228283,0,0,177.763106506206,0,174.013630695256,0,108.381749703452,116.176698124939,168.241326865882,0,0,0,151.806152521152,323.781250289068,194.442125915551,74.4197823064597,0,209.996727521564,201.44584889478,0,158.567996645797,220.901129804706
133.218162784108,0,0,0,0,0,289.631679007608,0,0,0,98.6790043377568,0,0,0,0,171.906398392157,119.728129215699,0,208.005106191961,0,0,0,217.157696745803,0,0,99.2646516363145,111.226326353722,75.4497121078207,0,335.371040201042,0,0,0,0,0,0,74.7304794244225,0,0,0,70.4221432298295
0,0,0,0,0,0,113.144980278377,0,0,0,0,224.523755099568,0,0,0,0,0,0,0,177.763106506206,0,0,0,0,180.355266595273,0,0,0,0,0,0,0,0,178.683678585178,321.864157986053,0,114.511014214502,0,0,157.852515740516,0
0,0,0,0,0,0,0,0,0,0,0,173.538155409849,101.85207633558,0,252.487290983309,0,0,200.878319874537,228.075434767255,0,217.157696745803,0,0,338.131802716296,0,103.519938150021,0,124.853650664477,306.640284138334,0,0,0,0,300.031143529538,153.672550905948,137.189596148386,124.698445421759,0,0,188.851177466023,0
71.4788760670054,0,0,153.876396855887,325.937289045041,0,0,58.3493451392805,276.620869034647,140.574866691684,0,205.839960264176,0,0,0,0,0,181.316358113209,186.348837226466,174.013630695256,0,0,338.131802716296,0,224.551207449728,0,0,66.5008477853491,90.1317194604647,0,0,0,0,125.81518738273,190.185165668632,0,0,89.707245288964,0,158.955087279859,160.537522273714
0,0,0,0,0,0,0,0,0,151.01089327964,0,162.833808134102,0,0,0,0,0,0,0,0,0,180.355266595273,0,224.551207449728,0,125.994729980093,161.275817184598,0,154.070293657878,0,0,0,0,0,74.5815074003433,138.425725342224,62.859596780235,0,0,0,0
0,0,0,128.530575464043,95.7590805983148,0,0,0,136.685314494491,139.654362654449,0,0,0,0,115.332064605654,0,0,0,87.8456058929559,108.381749703452,99.2646516363145,0,103.519938150021,0,125.994729980093,0,67.8267069095267,155.901486485736,0,213.67670887414,0,0,0,115.194491798135,131.969743415579,320.356811100276,137.239127032733,169.742003380707,94.8881692391942,183.786860782462,0
0,309.997227542691,0,306.344527664232,0,284.529238481835,0,241.635434294794,0,0,0,109.093416850988,0,115.868441404982,0,0,0,0,173.201474590904,116.176698124939,111.226326353722,0,0,0,161.275817184598,67.8267069095267,0,117.208001126138,82.6426202489162,0,0,193.63278243493,0,161.325017232684,0,163.945208919892,85.7623170715703,0,161.74915061469,192.601533877686,97.3232815600345
197.486504603685,0,247.66948903751,0,0,148.808626413748,115.541295036174,186.973586461633,220.963068032256,115.871357769661,78.8552325762656,280.376028997576,0,160.530221557972,0,211.840482897052,94.7280504127031,0,142.385058730083,168.241326865882,75.4497121078207,0,124.853650664477,66.5008477853491,0,155.901486485736,117.208001126138,0,0,104.915316975638,0,191.519780382943,0,171.230058197369,212.592150359921,154.784755881607,92.5568465385234,0,136.792307586862,0,228.792310020318
0,0,0,97.5855511246009,0,137.177378802006,62.311273509377,204.481117647118,0,0,0,205.09013266389,92.3502314520023,179.718364159796,0,0,178.748963182352,0,250.461724766314,0,0,0,306.640284138334,90.1317194604647,154.070293657878,0,82.6426202489162,0,0,0,314.611698427915,263.534399241887,0,0,138.33942793804,241.682021696872,135.294330067913,76.5072790361762,198.528111506785,143.005810983322,0
0,0,0,0,0,165.893015276821,222.053792850439,0,0,0,0,82.6299537488922,0,0,0,0,110.384905066973,0,0,0,335.371040201042,0,0,0,0,213.67670887414,0,104.915316975638,0,0,0,0,0,0,0,0,151.036729364761,0,146.814226519809,90.7216186966914,225.013371621378
0,0,161.694997919804,0,0,0,0,0,0,0,0,0,0,0,0,0,0,0,0,0,0,0,0,0,0,0,0,0,314.611698427915,0,0,0,0,0,0,242.790381480436,146.99041817625,0,0,128.405764333981,146.465927798921
0,0,0,0,0,223.705816669619,0,0,0,0,0,221.805809452716,0,0,178.224497384947,0,0,0,0,151.806152521152,0,0,0,0,0,0,193.63278243493,191.519780382943,263.534399241887,0,0,0,0,0,0,201.100640800745,80.4367166559625,193.777661225572,0,106.33736463831,0
0,0,0,0,0,0,0,0,0,0,81.2827395071039,0,0,0,0,0,0,0,0,323.781250289068,0,0,0,0,0,0,0,0,0,0,0,0,0,0,0,0,321.124897279917,215.611029055736,0,206.472608421747,0
0,240.185081663983,0,0,89.1590885155172,192.693757128262,231.715271819474,255.441154257905,261.440278806413,0,214.116367924649,71.5579325720569,97.3506957544063,0,219.040656038919,0,133.984214699576,134.960780198024,101.895308036513,194.442125915551,0,178.683678585178,300.031143529538,125.81518738273,0,115.194491798135,161.325017232684,171.230058197369,0,0,0,0,0,0,93.4234866874731,155.24952173131,106.533627130087,111.435629183184,195.378266313867,135.667029391615,0
0,0,172.608400267715,89.3673883748406,125.416941482916,101.443495235174,251.098274723989,142.054529471577,0,106.128596538706,348.674510760064,150.161410108805,0,0,0,259.442917595754,0,0,0,74.4197823064597,0,321.864157986053,153.672550905948,190.185165668632,74.5815074003433,131.969743415579,0,212.592150359921,138.33942793804,0,0,0,0,93.4234866874731,0,85.6072705949986,169.453147353278,202.712457066107,73.4795582048751,238.934743274142,180.543851962045
0,192.135034768848,0,0,0,98.2230592632363,0,0,0,104.369974912428,89.9429017381717,0,120.912756812582,0,0,283.248188884028,0,0,0,0,0,0,137.189596148386,0,138.425725342224,320.356811100276,163.945208919892,154.784755881607,241.682021696872,0,242.790381480436,201.100640800745,0,155.24952173131,85.6072705949986,0,72.2278283150671,0,0,154.142998692322,269.936825670274
0,0,73.1029054543569,0,0,0,151.075371308616,188.936291522747,0,199.492852797962,345.797434674459,0,145.74089716123,0,139.792601838991,80.8080171296381,0,154.065933476765,112.349934713559,209.996727521564,74.7304794244225,114.511014214502,124.698445421759,0,62.859596780235,137.239127032733,85.7623170715703,92.5568465385234,135.294330067913,151.036729364761,146.99041817625,80.4367166559625,321.124897279917,106.533627130087,169.453147353278,72.2278283150671,0,98.417953423071,78.9559315574845,329.719143597451,81.9664354533492
0,106.926813611922,0,0,0,0,99.3508940827211,283.88658203332,0,195.822649557859,165.597665022977,0,0,94.9380989123498,0,0,134.566479261133,172.892533368851,119.345624434514,201.44584889478,0,0,0,89.707245288964,0,169.742003380707,0,0,76.5072790361762,0,0,193.777661225572,215.611029055736,111.435629183184,202.712457066107,0,98.417953423071,0,0,197.893790332676,141.204637091722
0,0,0,204.084074037941,96.5937438588657,0,0,187.77054666536,0,159.183173818572,193.659409924573,112.793316814908,0,0,94.7529894315991,0,0,0,0,0,0,0,0,0,0,94.8881692391942,161.74915061469,136.792307586862,198.528111506785,146.814226519809,0,0,0,195.378266313867,73.4795582048751,0,78.9559315574845,0,0,0,0
0,0,0,198.964527389285,173.001559092555,0,0,0,333.645516435298,0,0,262.382215657622,205.183249704085,116.054372245433,164.032723165762,195.314816908693,0,0,0,158.567996645797,0,157.852515740516,188.851177466023,158.955087279859,0,183.786860782462,192.601533877686,0,143.005810983322,90.7216186966914,128.405764333981,106.33736463831,206.472608421747,135.667029391615,238.934743274142,154.142998692322,329.719143597451,197.893790332676,0,0,193.055010680236
0,0,0,118.522099274347,0,184.249961885477,0,163.059043292369,151.695570509541,249.798812580765,139.93285932648,0,0,94.027247878695,218.045528847001,231.050882209,0,0,0,220.901129804706,70.4221432298295,0,0,160.537522273714,0,0,97.3232815600345,228.792310020318,0,225.013371621378,146.465927798921,0,0,0,180.543851962045,269.936825670274,81.9664354533492,141.204637091722,0,193.055010680236,0
