0,0,0,198.528111506785,0,0,0,0,0,193.659409924573,0,0,0,0,0,0,0,0,0,0,0,0,0,0,0,0,0,72.2278283150671,183.786860782462,0,0,0,0,0,137.189596148386,0,0,0,0,0,142.054529471577
0,0,0,0,0,0,0,0,0,181.316358113209,0,0,0,0,187.77054666536,0,0,0,0,0,73.4795582048751,0,0,240.185081663983,0,0,0,0,0,0,0,0,0,0,198.964527389285,0,0,0,95.7590805983148,179.718364159796,0
0,0,0,0,120.912756812582,0,0,0,0,0,0,0,0,0,0,0,0,0,0,0,0,0,0,0,0,0,119.345624434514,0,225.013371621378,0,0,0,0,0,173.201474590904,212.592150359921,0,0,0,0,0
198.528111506785,0,0,0,0,0,0,0,0,0,0,111.226326353722,0,108.381749703452,0,137.239127032733,0,0,0,0,0,0,0,255.441154257905,128.530575464043,323.781250289068,0,0,128.405764333981,0,0,0,0,66.5008477853491,0,213.67670887414,99.3508940827211,0,0,306.344527664232,112.793316814908
0,0,120.912756812582,0,0,82.4756938751058,0,0,0,0,0,153.876396855887,0,0,0,0,0,0,0,0,0,0,0,120.567029282014,0,138.425725342224,0,188.851177466023,171.906398392157,0,0,0,0,253.401634605989,141.204637091722,100.812745974529,70.4221432298295,124.853650664477,0,125.416941482916,154.070293657878
0,0,0,0,82.4756938751058,0,0,0,0,261.605527103798,0,0,0,0,0,118.522099274347,0,0,0,94.8881692391942,0,0,0,0,259.442917595754,204.481117647118,0,101.443495235174,241.57250333243,0,0,160.530221557972,0,184.249961885477,97.3506957544063,0,284.529238481835,155.24952173131,0,98.417953423071,0
0,0,0,0,0,0,0,0,0,0,0,84.3635741045246,0,0,0,0,116.176698124939,0,0,0,0,108.136066660554,206.472608421747,0,0,125.81518738273,0,159.183173818572,98.2230592632363,167.066576495979,0,110.384905066973,0,0,0,0,87.8456058929559,193.777661225572,0,161.694997919804,224.551207449728
0,0,0,0,0,0,0,0,0,94.9380989123498,0,0,0,0,0,0,0,0,0,218.045528847001,89.9429017381717,0,0,195.378266313867,174.013630695256,104.369974912428,0,116.054372245433,0,94.126460729827,208.005106191961,115.541295036174,178.683678585178,133.984214699576,190.185165668632,0,115.871357769661,106.533627130087,0,97.3232815600345,0
0,0,0,0,0,0,0,0,0,0,192.601533877686,0,0,0,75.4497121078207,0,85.6072705949986,0,0,0,0,0,0,321.124897279917,0,0,0,146.770754374523,0,0,357.423078228283,224.523755099568,0,280.376028997576,0,0,333.645516435298,96.5937438588657,0,0,289.631679007608
193.659409924573,181.316358113209,0,0,0,261.605527103798,0,94.9380989123498,0,0,0,0,0,0,0,0,78.8552325762656,0,186.348837226466,0,0,0,0,76.5072790361762,0,247.66948903751,163.059043292369,314.611698427915,195.822649557859,329.719143597451,0,85.7623170715703,0,249.798812580765,67.8267069095267,124.698445421759,146.814226519809,0,0,0,71.4788760670054
0,0,0,0,0,0,0,0,192.601533877686,0,0,211.840482897052,249.905610015455,157.852515740516,0,0,115.194491798135,0,0,223.705816669619,133.218162784108,0,0,139.93285932648,0,0,193.63278243493,140.574866691684,0,0,90.7216186966914,0,0,112.349934713559,81.9664354533492,142.385058730083,0,0,134.566479261133,345.797434674459,0
0,0,0,111.226326353722,153.876396855887,0,84.3635741045246,0,0,0,211.840482897052,0,0,117.208001126138,153.672550905948,0,0,115.332064605654,0,219.430938885781,0,0,221.805809452716,151.806152521152,106.33736463831,303.527509149359,320.356811100276,0,158.567996645797,74.4197823064597,0,0,0,172.892533368851,0,0,321.864157986053,196.032358954952,90.1317194604647,250.461724766314,71.5579325720569
0,0,0,0,0,0,0,0,0,0,249.905610015455,0,0,0,0,0,0,0,171.230058197369,0,0,0,0,0,151.036729364761,0,0,0,0,0,0,0,0,97.5855511246009,0,0,227.504408813069,0,151.695570509541,0,0
0,0,0,108.381749703452,0,0,0,0,0,0,157.852515740516,117.208001126138,0,0,0,0,283.248188884028,300.031143529538,143.005810983322,199.492852797962,0,0,160.537522273714,0,0,0,0,137.177378802006,131.969743415579,222.053792850439,0,0,0,205.839960264176,335.371040201042,0,163.945208919892,0,0,0,0
0,187.77054666536,0,0,0,0,0,0,75.4497121078207,0,0,153.672550905948,0,0,0,0,0,0,58.3493451392805,215.611029055736,114.649126378906,0,145.74089716123,139.792601838991,0,0,0,347.376449530863,201.44584889478,0,0,0,0,0,228.792310020318,0,228.075434767255,0,0,0,0
0,0,0,137.239127032733,0,118.522099274347,0,0,0,0,0,0,0,0,0,0,0,0,0,0,0,0,154.065933476765,0,0,80.8080171296381,0,150.161410108805,0,0,0,269.936825670274,0,109.093416850988,0,217.157696745803,136.685314494491,146.99041817625,0,283.88658203332,0
0,0,0,0,0,0,116.176698124939,0,85.6072705949986,78.8552325762656,115.194491798135,0,0,283.248188884028,0,0,0,0,0,0,0,0,0,99.2646516363145,242.790381480436,0,0,106.128596538706,0,0,0,0,0,0,0,0,92.5207898118833,0,0,192.693757128262,0
0,0,0,0,0,0,0,0,0,0,0,115.332064605654,0,300.031143529538,0,0,0,0,0,0,151.01089327964,122.106946855269,0,0,0,155.901486485736,0,0,0,0,0,0,0,0,196.04190773555,0,0,325.937289045041,0,135.294330067913,74.7304794244225
0,0,0,0,0,0,0,0,0,186.348837226466,0,0,171.230058197369,143.005810983322,58.3493451392805,0,0,0,0,0,82.6299537488922,0,0,0,0,0,138.33942793804,231.050882209,231.715271819474,0,0,0,0,81.2827395071039,0,194.442125915551,219.078548227669,0,0,106.926813611922,0
0,0,0,0,0,94.8881692391942,0,218.045528847001,0,0,223.705816669619,219.430938885781,0,199.492852797962,215.611029055736,0,0,0,0,0,0,0,80.4367166559625,306.640284138334,0,94.7280504127031,263.534399241887,200.878319874537,161.325017232684,348.674510760064,214.116367924649,0,0,0,261.440278806413,0,62.311273509377,136.792307586862,0,0,0
0,73.4795582048751,0,0,0,0,0,89.9429017381717,0,0,133.218162784108,0,0,0,114.649126378906,0,0,151.01089327964,82.6299537488922,0,0,0,0,0,0,191.519780382943,192.135034768848,134.960780198024,0,0,0,0,0,0,232.945974238958,0,115.868441404982,128.846764897717,0,92.5568465385234,0
0,0,0,0,0,0,108.136066660554,0,0,0,0,0,0,0,0,0,0,122.106946855269,0,0,0,0,0,0,0,0,103.519938150021,115.114253591495,114.511014214502,0,0,0,0,0,0,0,0,220.901129804706,0,205.09013266389,101.350815329073
0,0,0,0,0,0,206.472608421747,0,0,0,0,221.805809452716,0,160.537522273714,145.74089716123,154.065933476765,0,0,0,80.4367166559625,0,0,0,93.4234866874731,0,168.241326865882,104.915316975638,101.85207633558,0,0,0,0,0,111.435629183184,0,148.808626413748,0,101.605593487621,173.538155409849,0,241.682021696872
0,240.185081663983,0,255.441154257905,120.567029282014,0,0,195.378266313867,321.124897279917,76.5072790361762,139.93285932648,151.806152521152,0,0,139.792601838991,0,99.2646516363145,0,0,306.640284138334,0,0,93.4234866874731,0,0,0,177.763106506206,205.183249704085,153.453047983244,0,0,0,0,238.934743274142,113.144980278377,0,154.784755881607,0,0,0,165.893015276821
0,0,0,128.530575464043,0,259.442917595754,0,174.013630695256,0,0,0,106.33736463831,151.036729364761,0,0,0,242.790381480436,0,0,0,0,0,0,0,0,73.1029054543569,0,0,0,0,0,0,0,161.74915061469,0,262.382215657622,0,0,0,0,193.055010680236
0,0,0,323.781250289068,138.425725342224,204.481117647118,125.81518738273,104.369974912428,0,247.66948903751,0,303.527509149359,0,0,0,80.8080171296381,0,155.901486485736,0,94.7280504127031,191.519780382943,0,168.241326865882,0,73.1029054543569,0,195.314816908693,101.5853655613,0,0,0,0,0,119.728129215699,178.748963182352,0,94.027247878695,158.955087279859,0,178.224497384947,0
0,0,119.345624434514,0,0,0,0,0,0,163.059043292369,193.63278243493,320.356811100276,0,0,0,0,0,0,138.33942793804,263.534399241887,192.135034768848,103.519938150021,104.915316975638,177.763106506206,0,195.314816908693,0,0,0,180.543851962045,0,0,0,89.3673883748406,89.1590885155172,169.742003380707,276.620869034647,169.453147353278,62.859596780235,197.893790332676,236.681907140956
72.2278283150671,0,0,0,188.851177466023,101.443495235174,159.183173818572,116.054372245433,146.770754374523,314.611698427915,140.574866691684,0,0,137.177378802006,347.376449530863,150.161410108805,106.128596538706,0,231.050882209,200.878319874537,134.960780198024,115.114253591495,101.85207633558,205.183249704085,0,101.5853655613,0,0,0,0,0,0,82.1742780037132,241.635434294794,112.823430872325,0,209.996727521564,146.465927798921,309.997227542691,92.3502314520023,220.963068032256
183.786860782462,0,225.013371621378,128.405764333981,171.906398392157,241.57250333243,98.2230592632363,0,0,195.822649557859,0,158.567996645797,0,131.969743415579,201.44584889478,0,0,0,231.715271819474,161.325017232684,0,114.511014214502,0,153.453047983244,0,0,0,0,0,94.7529894315991,0,0,0,153.609372090384,226.825099357786,96.7845769653343,251.098274723989,0,202.712457066107,201.100640800745,0
0,0,0,0,0,0,167.066576495979,94.126460729827,0,329.719143597451,0,74.4197823064597,0,222.053792850439,0,0,0,0,0,348.674510760064,0,0,0,0,0,0,180.543851962045,0,94.7529894315991,0,0,0,0,113.059176128709,0,0,154.142998692322,165.597665022977,0,0,0
0,0,0,0,0,0,0,208.005106191961,357.423078228283,0,90.7216186966914,0,0,0,0,0,0,0,0,214.116367924649,0,0,0,0,0,0,0,0,0,0,0,0,0,188.936291522747,0,0,101.895308036513,0,0,0,0
0,0,0,0,0,160.530221557972,110.384905066973,115.541295036174,224.523755099568,85.7623170715703,0,0,0,0,0,269.936825670274,0,0,0,0,0,0,0,0,0,0,0,0,0,0,0,0,0,0,0,175.196329314064,74.5815074003433,0,353.822894641502,139.654362654449,78.9559315574845
0,0,0,0,0,0,0,178.683678585178,0,0,0,0,0,0,0,0,0,0,0,0,0,0,0,0,0,0,0,82.1742780037132,0,0,0,0,0,161.302948562323,0,0,98.6790043377568,0,93.5029580098427,0,0
0,0,0,66.5008477853491,253.401634605989,184.249961885477,0,133.984214699576,280.376028997576,249.798812580765,112.349934713559,172.892533368851,97.5855511246009,205.839960264176,0,109.093416850988,0,0,81.2827395071039,0,0,0,111.435629183184,238.934743274142,161.74915061469,119.728129215699,89.3673883748406,241.635434294794,153.609372090384,113.059176128709,188.936291522747,0,161.302948562323,0,173.059382066957,180.355266595273,0,204.084074037941,0,0,180.90030328818
137.189596148386,198.964527389285,173.201474590904,0,141.204637091722,97.3506957544063,0,190.185165668632,0,67.8267069095267,81.9664354533492,0,0,335.371040201042,228.792310020318,0,0,196.04190773555,0,261.440278806413,232.945974238958,0,0,113.144980278377,0,178.748963182352,89.1590885155172,112.823430872325,226.825099357786,0,0,0,0,173.059382066957,0,338.131802716296,82.6426202489162,172.608400267715,259.055025639447,186.973586461633,164.032723165762
0,0,212.592150359921,213.67670887414,100.812745974529,0,0,0,0,124.698445421759,142.385058730083,0,0,0,0,217.157696745803,0,0,194.442125915551,0,0,0,148.808626413748,0,262.382215657622,0,169.742003380707,0,96.7845769653343,0,0,175.196329314064,0,180.355266595273,338.131802716296,0,206.912707094411,162.833808134102,151.075371308616,135.667029391615,161.275817184598
0,0,0,99.3508940827211,70.4221432298295,284.529238481835,87.8456058929559,115.871357769661,333.645516435298,146.814226519809,0,321.864157986053,227.504408813069,163.945208919892,228.075434767255,136.685314494491,92.5207898118833,0,219.078548227669,62.311273509377,115.868441404982,0,0,154.784755881607,0,94.027247878695,276.620869034647,209.996727521564,251.098274723989,154.142998692322,101.895308036513,74.5815074003433,98.6790043377568,0,82.6426202489162,206.912707094411,0,0,197.486504603685,252.487290983309,89.707245288964
0,0,0,0,124.853650664477,155.24952173131,193.777661225572,106.533627130087,96.5937438588657,0,0,196.032358954952,0,0,0,146.99041817625,0,325.937289045041,0,136.792307586862,128.846764897717,220.901129804706,101.605593487621,0,0,158.955087279859,169.453147353278,146.465927798921,0,165.597665022977,0,0,0,204.084074037941,172.608400267715,162.833808134102,0,0,0,61.0664810463559,0
0,95.7590805983148,0,0,0,0,0,0,0,0,134.566479261133,90.1317194604647,151.695570509541,0,0,0,0,0,0,0,0,0,173.538155409849,0,0,0,62.859596780235,309.997227542691,202.712457066107,0,0,353.822894641502,93.5029580098427,0,259.055025639447,151.075371308616,197.486504603685,0,0,125.994729980093,219.040656038919
0,179.718364159796,0,306.344527664232,125.416941482916,98.417953423071,161.694997919804,97.3232815600345,0,0,345.797434674459,250.461724766314,0,0,0,283.88658203332,192.693757128262,135.294330067913,106.926813611922,0,92.5568465385234,205.09013266389,0,0,0,178.224497384947,197.893790332676,92.3502314520023,201.100640800745,0,0,139.654362654449,0,0,186.973586461633,135.667029391615,252.487290983309,61.0664810463559,125.994729980093,0,173.001559092555
142.054529471577,0,0,112.793316814908,154.070293657878,0,224.551207449728,0,289.631679007608,71.4788760670054,0,71.5579325720569,0,0,0,0,0,74.7304794244225,0,0,0,101.350815329073,241.682021696872,165.893015276821,193.055010680236,0,236.681907140956,220.963068032256,0,0,0,78.9559315574845,0,180.90030328818,164.032723165762,161.275817184598,89.707245288964,0,219.040656038919,173.001559092555,0
