0,0,0,0,0,0,0,0,0,0,0,94.8881692391942,0,199.492852797962,0,0,0,0,0,0,0,0,0,0,0,116.176698124939,0,134.960780198024,198.528111506785,0,0,0,0,0,0,0,81.2827395071039,0,0,0,0
0,0,0,0,0,0,0,0,0,0,0,0,0,0,0,0,0,0,96.5937438588657,0,0,0,193.63278243493,0,0,165.893015276821,224.551207449728,213.67670887414,0,0,0,0,0,139.93285932648,0,0,0,0,0,0,101.85207633558
0,0,0,0,0,0,0,0,0,0,0,0,111.435629183184,0,0,0,0,0,0,0,0,0,0,0,0,0,220.901129804706,0,0,0,0,0,0,171.906398392157,163.059043292369,0,0,0,0,0,113.059176128709
0,0,0,0,347.376449530863,0,0,155.24952173131,0,0,0,0,0,0,0,0,0,161.325017232684,135.667029391615,194.442125915551,169.453147353278,0,215.611029055736,153.609372090384,0,128.530575464043,0,214.116367924649,0,0,0,0,0,0,75.4497121078207,0,138.425725342224,0,0,101.443495235174,0
0,0,0,347.376449530863,0,128.405764333981,0,0,0,139.654362654449,163.945208919892,0,0,118.522099274347,0,0,0,0,0,0,0,0,0,283.88658203332,66.5008477853491,0,115.194491798135,94.7280504127031,171.230058197369,0,0,0,0,314.611698427915,0,0,284.529238481835,219.040656038919,0,135.294330067913,0
0,0,0,0,128.405764333981,0,0,0,0,0,122.106946855269,0,0,0,0,159.183173818572,357.423078228283,0,0,180.543851962045,172.892533368851,117.208001126138,0,0,252.487290983309,206.472608421747,0,221.805809452716,223.705816669619,0,0,0,0,0,0,125.994729980093,0,0,0,187.77054666536,133.984214699576
0,0,0,0,0,0,0,0,198.964527389285,139.792601838991,0,222.053792850439,0,0,0,0,0,0,0,0,224.523755099568,0,0,106.128596538706,0,186.973586461633,0,0,0,154.784755881607,0,101.895308036513,325.937289045041,0,251.098274723989,0,321.864157986053,151.806152521152,333.645516435298,0,0
0,0,0,155.24952173131,0,0,0,0,82.1742780037132,0,81.9664354533492,62.311273509377,0,158.567996645797,0,136.685314494491,0,0,0,195.378266313867,0,192.693757128262,165.597665022977,0,0,0,0,188.936291522747,113.144980278377,0,0,0,0,240.185081663983,89.9429017381717,238.934743274142,236.681907140956,0,0,151.075371308616,0
0,0,0,0,0,0,198.964527389285,82.1742780037132,0,0,0,0,0,0,125.81518738273,0,0,0,0,140.574866691684,0,0,0,0,0,125.416941482916,0,114.511014214502,219.078548227669,120.567029282014,0,0,0,0,0,0,143.005810983322,155.901486485736,0,0,209.996727521564
0,0,0,0,139.654362654449,0,139.792601838991,0,0,0,196.04190773555,201.44584889478,153.876396855887,345.797434674459,249.905610015455,97.3506957544063,0,0,0,0,0,0,303.527509149359,0,0,205.839960264176,0,212.592150359921,96.7845769653343,255.441154257905,0,0,0,161.74915061469,0,0,115.332064605654,115.114253591495,78.8552325762656,161.694997919804,0
0,0,0,0,163.945208919892,122.106946855269,0,81.9664354533492,0,196.04190773555,0,173.059382066957,0,0,0,193.659409924573,0,0,0,0,0,0,0,82.6426202489162,0,101.350815329073,112.793316814908,0,173.001559092555,0,0,0,0,195.822649557859,197.893790332676,348.674510760064,225.013371621378,280.376028997576,0,104.915316975638,0
94.8881692391942,0,0,0,0,0,222.053792850439,62.311273509377,0,201.44584889478,173.059382066957,0,0,0,116.054372245433,0,211.840482897052,0,0,197.486504603685,142.385058730083,93.4234866874731,71.4788760670054,161.302948562323,0,0,220.963068032256,180.355266595273,133.218162784108,119.728129215699,0,276.620869034647,0,190.185165668632,0,0,228.075434767255,0,109.093416850988,0,138.33942793804
0,0,111.435629183184,0,0,0,0,0,0,153.876396855887,0,0,0,0,0,0,0,0,0,0,0,99.2646516363145,0,0,0,0,0,0,0,0,0,0,0,178.683678585178,0,146.465927798921,99.3508940827211,0,0,0,0
199.492852797962,0,0,0,118.522099274347,0,0,158.567996645797,0,345.797434674459,0,0,0,0,0,0,0,0,0,0,0,0,115.871357769661,0,0,90.7216186966914,0,202.712457066107,0,146.814226519809,0,0,0,179.718364159796,329.719143597451,195.314816908693,0,131.969743415579,151.695570509541,0,283.248188884028
0,0,0,0,0,0,0,0,125.81518738273,249.905610015455,0,116.054372245433,0,0,0,0,183.786860782462,180.90030328818,92.5568465385234,0,0,0,0,78.9559315574845,0,0,338.131802716296,0,0,0,0,0,0,0,205.183249704085,0,158.955087279859,241.635434294794,0,108.381749703452,0
0,0,0,0,0,159.183173818572,0,136.685314494491,0,97.3506957544063,193.659409924573,0,0,0,0,0,0,0,0,0,0,0,0,108.136066660554,0,0,231.050882209,0,73.1029054543569,0,0,0,0,0,151.036729364761,0,100.812745974529,101.5853655613,0,106.926813611922,0
0,0,0,0,0,357.423078228283,0,0,0,0,0,211.840482897052,0,0,183.786860782462,0,0,0,0,177.763106506206,0,353.822894641502,0,0,0,0,0,0,0,0,0,120.912756812582,0,0,219.430938885781,193.777661225572,186.348837226466,0,0,0,85.7623170715703
0,0,0,161.325017232684,0,0,0,0,0,0,0,0,0,0,180.90030328818,0,0,0,0,0,137.189596148386,0,0,200.878319874537,0,0,0,263.534399241887,0,0,241.682021696872,0,0,154.065933476765,74.4197823064597,119.345624434514,0,0,0,0,0
0,96.5937438588657,0,135.667029391615,0,0,0,0,0,0,0,0,0,0,92.5568465385234,0,0,0,0,0,0,0,0,0,188.851177466023,0,192.601533877686,259.055025639447,0,0,173.201474590904,0,0,146.770754374523,193.055010680236,0,206.912707094411,0,0,261.605527103798,114.649126378906
0,0,0,194.442125915551,0,180.543851962045,0,195.378266313867,140.574866691684,0,0,197.486504603685,0,0,0,0,177.763106506206,0,0,0,0,160.530221557972,0,67.8267069095267,0,0,0,253.401634605989,112.823430872325,0,90.1317194604647,0,0,226.825099357786,335.371040201042,103.519938150021,137.177378802006,0,146.99041817625,0,184.249961885477
0,0,0,169.453147353278,0,172.892533368851,224.523755099568,0,0,0,0,142.385058730083,0,0,0,0,0,137.189596148386,0,0,0,0,0,0,0,0,154.070293657878,0,94.7529894315991,0,0,93.5029580098427,0,0,0,300.031143529538,241.57250333243,0,92.5207898118833,178.748963182352,242.790381480436
0,0,0,0,0,117.208001126138,0,192.693757128262,0,0,0,93.4234866874731,99.2646516363145,0,0,0,353.822894641502,0,0,160.530221557972,0,0,0,0,0,0,0,249.798812580765,0,0,0,0,0,0,0,0,0,0,0,250.461724766314,0
0,193.63278243493,0,215.611029055736,0,0,0,165.597665022977,0,303.527509149359,0,71.4788760670054,0,115.871357769661,0,0,0,0,0,0,0,0,0,62.859596780235,0,153.672550905948,0,201.100640800745,262.382215657622,0,0,196.032358954952,106.533627130087,204.084074037941,204.481117647118,106.33736463831,0,0,0,0,0
0,0,0,153.609372090384,283.88658203332,0,106.128596538706,0,0,0,82.6426202489162,161.302948562323,0,0,78.9559315574845,108.136066660554,0,200.878319874537,0,67.8267069095267,0,0,62.859596780235,0,150.161410108805,0,94.9380989123498,115.541295036174,0,0,148.808626413748,0,0,0,227.504408813069,0,205.09013266389,231.715271819474,261.440278806413,95.7590805983148,0
0,0,0,0,66.5008477853491,252.487290983309,0,0,0,0,0,0,0,0,0,0,0,0,188.851177466023,0,0,0,0,150.161410108805,0,0,92.3502314520023,0,0,0,0,82.6299537488922,0,76.5072790361762,82.4756938751058,94.027247878695,0,0,0,0,145.74089716123
116.176698124939,165.893015276821,0,128.530575464043,0,206.472608421747,186.973586461633,0,125.416941482916,205.839960264176,101.350815329073,0,0,90.7216186966914,0,0,0,0,0,0,0,0,153.672550905948,0,0,0,98.2230592632363,70.4221432298295,124.698445421759,0,136.792307586862,85.6072705949986,0,87.8456058929559,115.868441404982,0,306.344527664232,58.3493451392805,0,137.239127032733,0
0,224.551207449728,220.901129804706,0,115.194491798135,0,0,0,0,0,112.793316814908,220.963068032256,0,0,338.131802716296,231.050882209,0,0,192.601533877686,0,154.070293657878,0,0,94.9380989123498,92.3502314520023,98.2230592632363,0,142.054529471577,0,0,0,0,0,168.241326865882,153.453047983244,151.01089327964,309.997227542691,84.3635741045246,0,128.846764897717,228.792310020318
134.960780198024,213.67670887414,0,214.116367924649,94.7280504127031,221.805809452716,0,188.936291522747,114.511014214502,212.592150359921,0,180.355266595273,0,202.712457066107,0,0,0,263.534399241887,259.055025639447,253.401634605989,0,249.798812580765,201.100640800745,115.541295036174,0,70.4221432298295,142.054529471577,0,306.640284138334,0,0,0,0,80.4367166559625,74.7304794244225,191.519780382943,167.066576495979,72.2278283150671,320.356811100276,112.349934713559,323.781250289068
198.528111506785,0,0,0,171.230058197369,223.705816669619,0,113.144980278377,219.078548227669,96.7845769653343,173.001559092555,133.218162784108,0,0,0,73.1029054543569,0,0,0,112.823430872325,94.7529894315991,0,262.382215657622,0,0,124.698445421759,0,306.640284138334,0,217.157696745803,0,89.1590885155172,0,89.707245288964,0,218.045528847001,97.5855511246009,0,0,124.853650664477,208.005106191961
0,0,0,0,0,0,154.784755881607,0,120.567029282014,255.441154257905,0,119.728129215699,0,146.814226519809,0,0,0,0,0,0,0,0,0,0,0,0,0,0,217.157696745803,0,0,0,0,71.5579325720569,178.224497384947,0,232.945974238958,247.66948903751,0,80.8080171296381,0
0,0,0,0,0,0,0,0,0,0,0,0,0,0,0,0,0,241.682021696872,173.201474590904,90.1317194604647,0,0,0,148.808626413748,0,136.792307586862,0,0,0,0,0,97.3232815600345,0,0,0,0,0,0,0,0,0
0,0,0,0,0,0,101.895308036513,0,0,0,0,276.620869034647,0,0,0,0,120.912756812582,0,0,0,93.5029580098427,0,196.032358954952,0,82.6299537488922,85.6072705949986,0,0,89.1590885155172,0,97.3232815600345,0,0,0,0,0,259.442917595754,0,0,269.936825670274,0
0,0,0,0,0,0,325.937289045041,0,0,0,0,0,0,0,0,0,0,0,0,0,0,0,106.533627130087,0,0,0,0,0,0,0,0,0,0,61.0664810463559,0,0,0,192.135034768848,94.126460729827,0,0
0,139.93285932648,171.906398392157,0,314.611698427915,0,0,240.185081663983,0,161.74915061469,195.822649557859,190.185165668632,178.683678585178,179.718364159796,0,0,0,154.065933476765,146.770754374523,226.825099357786,0,0,204.084074037941,0,76.5072790361762,87.8456058929559,168.241326865882,80.4367166559625,89.707245288964,71.5579325720569,0,0,61.0664810463559,0,101.605593487621,154.142998692322,174.013630695256,134.566479261133,0,98.417953423071,161.275817184598
0,0,163.059043292369,75.4497121078207,0,0,251.098274723989,89.9429017381717,0,0,197.893790332676,0,0,329.719143597451,205.183249704085,151.036729364761,219.430938885781,74.4197823064597,193.055010680236,335.371040201042,0,0,204.481117647118,227.504408813069,82.4756938751058,115.868441404982,153.453047983244,74.7304794244225,0,178.224497384947,0,0,0,101.605593487621,0,0,157.852515740516,169.742003380707,160.537522273714,173.538155409849,73.4795582048751
0,0,0,0,0,125.994729980093,0,238.934743274142,0,0,348.674510760064,0,146.465927798921,195.314816908693,0,0,193.777661225572,119.345624434514,0,103.519938150021,300.031143529538,0,106.33736463831,0,94.027247878695,0,151.01089327964,191.519780382943,218.045528847001,0,0,0,0,154.142998692322,0,0,104.369974912428,0,74.5815074003433,172.608400267715,98.6790043377568
81.2827395071039,0,0,138.425725342224,284.529238481835,0,321.864157986053,236.681907140956,143.005810983322,115.332064605654,225.013371621378,228.075434767255,99.3508940827211,0,158.955087279859,100.812745974529,186.348837226466,0,206.912707094411,137.177378802006,241.57250333243,0,0,205.09013266389,0,306.344527664232,309.997227542691,167.066576495979,97.5855511246009,232.945974238958,0,259.442917595754,0,174.013630695256,157.852515740516,104.369974912428,0,164.032723165762,111.226326353722,175.196329314064,110.384905066973
0,0,0,0,219.040656038919,0,151.806152521152,0,155.901486485736,115.114253591495,280.376028997576,0,0,131.969743415579,241.635434294794,101.5853655613,0,0,0,0,0,0,0,231.715271819474,0,58.3493451392805,84.3635741045246,72.2278283150671,0,247.66948903751,0,0,192.135034768848,134.566479261133,169.742003380707,0,164.032723165762,0,289.631679007608,141.204637091722,89.3673883748406
0,0,0,0,0,0,333.645516435298,0,0,78.8552325762656,0,109.093416850988,0,151.695570509541,0,0,0,0,0,146.99041817625,92.5207898118833,0,0,261.440278806413,0,0,0,320.356811100276,0,0,0,0,94.126460729827,0,160.537522273714,74.5815074003433,111.226326353722,289.631679007608,0,181.316358113209,162.833808134102
0,0,0,101.443495235174,135.294330067913,187.77054666536,0,151.075371308616,0,161.694997919804,104.915316975638,0,0,0,108.381749703452,106.926813611922,0,0,261.605527103798,0,178.748963182352,250.461724766314,0,95.7590805983148,0,137.239127032733,128.846764897717,112.349934713559,124.853650664477,80.8080171296381,0,269.936825670274,0,98.417953423071,173.538155409849,172.608400267715,175.196329314064,141.204637091722,181.316358113209,0,321.124897279917
0,101.85207633558,113.059176128709,0,0,133.984214699576,0,0,209.996727521564,0,0,138.33942793804,0,283.248188884028,0,0,85.7623170715703,0,114.649126378906,184.249961885477,242.790381480436,0,0,0,145.74089716123,0,228.792310020318,323.781250289068,208.005106191961,0,0,0,0,161.275817184598,73.4795582048751,98.6790043377568,110.384905066973,89.3673883748406,162.833808134102,321.124897279917,0
