0,0,0,0,0,0,0,0,0,0,0,0,0,175.196329314064,0,0,0,0,0,0,0,0,0,0,0,0,199.492852797962,0,0,0,0,0,74.4197823064597,321.124897279917,0,0,0,226.825099357786,0,0,192.601533877686
0,0,0,0,0,0,0,0,0,0,0,0,0,0,0,0,0,0,0,0,184.249961885477,0,112.793316814908,0,0,0,0,314.611698427915,109.093416850988,0,0,0,0,195.822649557859,0,0,0,208.005106191961,0,106.533627130087,0
0,0,0,0,0,0,0,0,0,0,0,194.442125915551,0,0,0,0,0,0,0,0,0,0,0,0,0,0,0,89.3673883748406,0,0,0,0,0,0,0,0,101.5853655613,0,221.805809452716,151.036729364761,0
0,0,0,0,0,0,0,232.945974238958,0,0,249.905610015455,0,0,128.846764897717,0,74.5815074003433,0,0,141.204637091722,0,0,236.681907140956,81.9664354533492,0,0,0,0,106.33736463831,0,0,0,0,0,0,90.1317194604647,0,134.960780198024,0,283.88658203332,139.792601838991,103.519938150021
0,0,0,0,0,94.7529894315991,0,0,320.356811100276,228.075434767255,0,195.314816908693,0,146.814226519809,205.183249704085,0,0,0,283.248188884028,0,0,0,108.136066660554,146.770754374523,0,0,0,66.5008477853491,93.5029580098427,0,97.5855511246009,0,0,0,0,0,98.417953423071,0,78.9559315574845,0,0
0,0,0,0,94.7529894315991,0,0,0,0,174.013630695256,0,140.574866691684,0,0,0,0,0,0,0,192.693757128262,180.543851962045,0,0,89.1590885155172,321.864157986053,0,240.185081663983,135.294330067913,198.964527389285,0,0,0,0,0,114.649126378906,0,94.027247878695,78.8552325762656,0,70.4221432298295,0
0,0,0,0,0,0,0,0,0,0,133.984214699576,0,0,0,227.504408813069,0,0,71.4788760670054,171.230058197369,0,0,197.893790332676,0,0,0,197.486504603685,0,178.748963182352,0,168.241326865882,0,0,347.376449530863,154.070293657878,0,0,183.786860782462,0,0,262.382215657622,135.667029391615
0,0,0,232.945974238958,0,0,0,0,0,0,150.161410108805,115.114253591495,0,0,0,173.001559092555,106.128596538706,325.937289045041,0,98.6790043377568,0,0,0,0,172.892533368851,0,242.790381480436,0,0,0,0,115.541295036174,0,220.963068032256,80.8080171296381,0,128.405764333981,0,205.09013266389,58.3493451392805,206.912707094411
0,0,0,0,320.356811100276,0,0,0,0,0,0,85.7623170715703,0,0,0,165.597665022977,0,0,0,0,0,0,0,0,0,173.201474590904,217.157696745803,0,139.654362654449,0,0,137.189596148386,0,93.4234866874731,160.537522273714,0,0,200.878319874537,0,252.487290983309,0
0,0,0,0,228.075434767255,174.013630695256,0,0,0,0,165.893015276821,0,0,196.04190773555,0,110.384905066973,0,0,87.8456058929559,0,0,0,136.792307586862,193.777661225572,0,251.098274723989,138.425725342224,228.792310020318,0,154.065933476765,0,0,0,161.74915061469,224.551207449728,0,115.332064605654,241.635434294794,0,192.135034768848,188.851177466023
0,0,0,249.905610015455,0,0,133.984214699576,150.161410108805,0,165.893015276821,0,0,0,101.895308036513,0,0,0,0,0,158.955087279859,0,0,218.045528847001,112.349934713559,0,0,0,0,247.66948903751,0,338.131802716296,85.6072705949986,0,163.945208919892,219.430938885781,0,173.059382066957,155.24952173131,0,0,219.078548227669
0,0,194.442125915551,0,195.314816908693,140.574866691684,0,115.114253591495,85.7623170715703,0,0,0,0,104.369974912428,0,0,0,0,0,0,0,0,0,111.435629183184,62.311273509377,158.567996645797,122.106946855269,171.906398392157,112.823430872325,99.2646516363145,0,211.840482897052,0,269.936825670274,0,120.912756812582,164.032723165762,353.822894641502,323.781250289068,241.57250333243,95.7590805983148
0,0,0,0,0,0,0,0,0,0,0,0,0,0,0,0,97.3506957544063,0,0,0,0,0,0,0,0,0,154.142998692322,125.416941482916,0,0,0,0,0,0,73.4795582048751,67.8267069095267,82.4756938751058,0,0,0,0
175.196329314064,0,0,128.846764897717,146.814226519809,0,0,0,0,196.04190773555,101.895308036513,104.369974912428,0,0,0,0,231.715271819474,0,0,0,0,0,0,0,0,261.440278806413,0,0,201.100640800745,0,0,0,0,162.833808134102,309.997227542691,0,153.876396855887,0,0,276.620869034647,146.465927798921
0,0,0,0,205.183249704085,0,227.504408813069,0,0,0,0,0,0,0,0,0,0,0,0,253.401634605989,0,0,186.973586461633,101.85207633558,0,0,73.1029054543569,255.441154257905,0,0,0,0,0,0,193.055010680236,0,153.453047983244,0,238.934743274142,133.218162784108,178.683678585178
0,0,0,74.5815074003433,0,0,0,173.001559092555,165.597665022977,110.384905066973,0,0,0,0,0,0,0,0,115.868441404982,0,94.8881692391942,0,0,0,0,125.994729980093,0,0,0,0,0,0,0,90.7216186966914,289.631679007608,186.348837226466,100.812745974529,0,0,0,0
0,0,0,0,0,0,0,106.128596538706,0,0,0,0,97.3506957544063,231.715271819474,0,0,0,0,169.453147353278,0,0,0,0,0,0,0,0,157.852515740516,0,96.5937438588657,0,0,0,0,115.194491798135,300.031143529538,0,0,142.054529471577,101.350815329073,0
0,0,0,0,0,0,71.4788760670054,325.937289045041,0,0,0,0,0,0,0,0,0,0,0,0,163.059043292369,0,92.3502314520023,146.99041817625,161.275817184598,0,101.605593487621,0,0,0,0,180.355266595273,0,0,0,113.144980278377,0,0,0,0,0
0,0,0,141.204637091722,283.248188884028,0,171.230058197369,0,0,87.8456058929559,0,0,0,0,0,115.868441404982,169.453147353278,0,0,0,0,0,0,151.806152521152,0,142.385058730083,155.901486485736,76.5072790361762,0,0,0,0,0,0,0,136.685314494491,120.567029282014,0,0,0,0
0,0,0,0,0,192.693757128262,0,98.6790043377568,0,0,158.955087279859,0,0,0,253.401634605989,0,0,0,0,0,0,96.7845769653343,99.3508940827211,0,0,209.996727521564,193.63278243493,62.859596780235,179.718364159796,0,0,0,0,153.609372090384,222.053792850439,89.707245288964,114.511014214502,181.316358113209,0,205.839960264176,212.592150359921
0,184.249961885477,0,0,0,180.543851962045,0,0,0,0,0,0,0,0,0,94.8881692391942,0,163.059043292369,0,0,0,0,119.345624434514,138.33942793804,357.423078228283,71.5579325720569,0,0,0,0,0,0,0,345.797434674459,61.0664810463559,0,223.705816669619,0,0,303.527509149359,115.871357769661
0,0,0,236.681907140956,0,0,197.893790332676,0,0,0,0,0,0,0,0,0,0,0,0,96.7845769653343,0,0,0,131.969743415579,0,111.226326353722,0,0,0,0,0,0,0,0,0,0,80.4367166559625,198.528111506785,0,261.605527103798,0
0,112.793316814908,0,81.9664354533492,108.136066660554,0,0,0,0,136.792307586862,218.045528847001,0,0,0,186.973586461633,0,0,92.3502314520023,0,99.3508940827211,119.345624434514,0,0,0,0,0,159.183173818572,0,196.032358954952,0,0,0,0,154.784755881607,151.01089327964,0,94.126460729827,0,0,0,169.742003380707
0,0,0,0,146.770754374523,89.1590885155172,0,0,0,193.777661225572,112.349934713559,111.435629183184,0,0,101.85207633558,0,0,146.99041817625,151.806152521152,0,138.33942793804,131.969743415579,0,0,0,0,0,72.2278283150671,137.239127032733,82.6426202489162,0,125.81518738273,0,161.302948562323,306.344527664232,98.2230592632363,0,94.9380989123498,0,0,188.936291522747
0,0,0,0,0,321.864157986053,0,172.892533368851,0,0,0,62.311273509377,0,0,0,0,0,161.275817184598,0,0,357.423078228283,0,0,0,0,0,0,214.116367924649,84.3635741045246,0,0,0,0,225.013371621378,0,161.325017232684,0,0,0,134.566479261133,0
0,0,0,0,0,0,197.486504603685,0,173.201474590904,251.098274723989,0,158.567996645797,0,261.440278806413,0,125.994729980093,0,0,142.385058730083,209.996727521564,71.5579325720569,111.226326353722,0,0,0,0,241.682021696872,74.7304794244225,202.712457066107,0,0,0,250.461724766314,117.208001126138,280.376028997576,0,160.530221557972,139.93285932648,0,219.040656038919,224.523755099568
199.492852797962,0,0,0,0,240.185081663983,0,242.790381480436,217.157696745803,138.425725342224,0,122.106946855269,154.142998692322,0,73.1029054543569,0,0,101.605593487621,155.901486485736,193.63278243493,0,0,159.183173818572,0,0,241.682021696872,0,94.7280504127031,0,0,0,0,0,206.472608421747,82.6299537488922,193.659409924573,153.672550905948,81.2827395071039,108.381749703452,0,0
0,314.611698427915,89.3673883748406,106.33736463831,66.5008477853491,135.294330067913,178.748963182352,0,0,228.792310020318,0,171.906398392157,125.416941482916,0,255.441154257905,0,157.852515740516,0,76.5072790361762,62.859596780235,0,0,0,72.2278283150671,214.116367924649,74.7304794244225,94.7280504127031,0,82.1742780037132,0,348.674510760064,0,0,204.481117647118,191.519780382943,145.74089716123,259.442917595754,231.050882209,92.5568465385234,137.177378802006,172.608400267715
0,109.093416850988,0,0,93.5029580098427,198.964527389285,0,0,139.654362654449,0,247.66948903751,112.823430872325,0,201.100640800745,0,0,0,0,0,179.718364159796,0,0,196.032358954952,137.239127032733,84.3635741045246,202.712457066107,0,82.1742780037132,0,101.443495235174,124.698445421759,161.694997919804,0,335.371040201042,0,333.645516435298,215.611029055736,0,0,116.054372245433,128.530575464043
0,0,0,0,0,0,168.241326865882,0,0,154.065933476765,0,99.2646516363145,0,0,0,0,96.5937438588657,0,0,0,0,0,0,82.6426202489162,0,0,0,0,101.443495235174,0,0,0,0,151.075371308616,151.695570509541,177.763106506206,178.224497384947,0,0,167.066576495979,0
0,0,0,0,97.5855511246009,0,0,0,0,0,338.131802716296,0,0,0,0,0,0,0,0,0,0,0,0,0,0,0,0,348.674510760064,124.698445421759,0,0,0,0,0,0,0,259.055025639447,220.901129804706,0,0,0
0,0,0,0,0,0,0,115.541295036174,137.189596148386,0,85.6072705949986,211.840482897052,0,0,0,0,0,180.355266595273,0,0,0,0,0,125.81518738273,0,0,0,0,161.694997919804,0,0,0,0,0,0,173.538155409849,106.926813611922,0,124.853650664477,0,104.915316975638
74.4197823064597,0,0,0,0,0,347.376449530863,0,0,0,0,0,0,0,0,0,0,0,0,0,0,0,0,0,0,250.461724766314,0,0,0,0,0,0,0,118.522099274347,0,0,0,0,0,0,201.44584889478
321.124897279917,195.822649557859,0,0,0,0,154.070293657878,220.963068032256,93.4234866874731,161.74915061469,163.945208919892,269.936825670274,0,162.833808134102,0,90.7216186966914,0,0,0,153.609372090384,345.797434674459,0,154.784755881607,161.302948562323,225.013371621378,117.208001126138,206.472608421747,204.481117647118,335.371040201042,151.075371308616,0,0,118.522099274347,0,89.9429017381717,0,180.90030328818,213.67670887414,187.77054666536,97.3232815600345,0
0,0,0,90.1317194604647,0,114.649126378906,0,80.8080171296381,160.537522273714,224.551207449728,219.430938885781,0,73.4795582048751,309.997227542691,193.055010680236,289.631679007608,115.194491798135,0,0,222.053792850439,61.0664810463559,0,151.01089327964,306.344527664232,0,280.376028997576,82.6299537488922,191.519780382943,0,151.695570509541,0,0,0,89.9429017381717,0,284.529238481835,204.084074037941,0,92.5207898118833,249.798812580765,143.005810983322
0,0,0,0,0,0,0,0,0,0,0,120.912756812582,67.8267069095267,0,0,186.348837226466,300.031143529538,113.144980278377,136.685314494491,89.707245288964,0,0,0,98.2230592632363,161.325017232684,0,193.659409924573,145.74089716123,333.645516435298,177.763106506206,0,173.538155409849,0,0,284.529238481835,0,190.185165668632,113.059176128709,195.378266313867,148.808626413748,0
0,0,101.5853655613,134.960780198024,98.417953423071,94.027247878695,183.786860782462,128.405764333981,0,115.332064605654,173.059382066957,164.032723165762,82.4756938751058,153.876396855887,153.453047983244,100.812745974529,0,0,120.567029282014,114.511014214502,223.705816669619,80.4367166559625,94.126460729827,0,0,160.530221557972,153.672550905948,259.442917595754,215.611029055736,178.224497384947,259.055025639447,106.926813611922,0,180.90030328818,204.084074037941,190.185165668632,0,306.640284138334,0,0,119.728129215699
226.825099357786,208.005106191961,0,0,0,78.8552325762656,0,0,200.878319874537,241.635434294794,155.24952173131,353.822894641502,0,0,0,0,0,0,0,181.316358113209,0,198.528111506785,0,94.9380989123498,0,139.93285932648,81.2827395071039,231.050882209,0,0,220.901129804706,0,0,213.67670887414,0,113.059176128709,306.640284138334,0,329.719143597451,263.534399241887,75.4497121078207
0,0,221.805809452716,283.88658203332,78.9559315574845,0,0,205.09013266389,0,0,0,323.781250289068,0,0,238.934743274142,0,142.054529471577,0,0,0,0,0,0,0,0,0,108.381749703452,92.5568465385234,0,0,0,124.853650664477,0,187.77054666536,92.5207898118833,195.378266313867,0,329.719143597451,0,116.176698124939,0
0,106.533627130087,151.036729364761,139.792601838991,0,70.4221432298295,262.382215657622,58.3493451392805,252.487290983309,192.135034768848,0,241.57250333243,0,276.620869034647,133.218162784108,0,101.350815329073,0,0,205.839960264176,303.527509149359,261.605527103798,0,0,134.566479261133,219.040656038919,0,137.177378802006,116.054372245433,167.066576495979,0,0,0,97.3232815600345,249.798812580765,148.808626413748,0,263.534399241887,116.176698124939,0,0
192.601533877686,0,0,103.519938150021,0,0,135.667029391615,206.912707094411,0,188.851177466023,219.078548227669,95.7590805983148,0,146.465927798921,178.683678585178,0,0,0,0,212.592150359921,115.871357769661,0,169.742003380707,188.936291522747,0,224.523755099568,0,172.608400267715,128.530575464043,0,0,104.915316975638,201.44584889478,0,143.005810983322,0,119.728129215699,75.4497121078207,0,0,0
