0,0,0,0,0,0,0,0,0,0,0,0,0,0,0,0,0,0,0,0,0,0,0,0,0,215.611029055736,0,151.695570509541,0,0,0,0,0,321.864157986053,0,0,0,172.608400267715,0,94.7280504127031,128.530575464043
0,0,0,137.177378802006,0,0,0,0,0,0,0,0,0,0,0,0,0,0,0,0,0,0,75.4497121078207,0,0,0,180.543851962045,108.136066660554,188.936291522747,0,0,119.728129215699,0,0,0,0,357.423078228283,0,0,0,0
0,0,0,0,0,0,137.239127032733,0,171.230058197369,0,0,0,0,0,0,0,0,0,0,0,0,0,0,169.453147353278,0,195.822649557859,0,134.960780198024,0,0,0,0,0,0,0,0,0,0,0,0,0
0,137.177378802006,0,0,0,87.8456058929559,0,111.226326353722,0,0,95.7590805983148,0,0,128.405764333981,309.997227542691,0,0,0,0,0,193.777661225572,0,249.798812580765,0,0,228.792310020318,202.712457066107,178.748963182352,0,0,0,0,0,180.90030328818,0,0,161.275817184598,0,0,0,0
0,0,0,0,0,150.161410108805,0,0,0,124.698445421759,134.566479261133,0,0,0,0,251.098274723989,0,104.369974912428,0,0,177.763106506206,0,0,0,0,0,0,139.93285932648,93.4234866874731,0,0,0,173.538155409849,0,109.093416850988,101.605593487621,0,325.937289045041,219.040656038919,116.176698124939,0
0,0,0,87.8456058929559,150.161410108805,0,0,0,0,116.054372245433,0,119.345624434514,0,0,0,0,196.032358954952,153.876396855887,0,0,0,71.5579325720569,0,0,0,262.382215657622,192.693757128262,0,0,0,0,0,0,0,160.537522273714,0,146.814226519809,0,241.682021696872,192.135034768848,178.683678585178
0,0,137.239127032733,0,0,0,0,300.031143529538,0,186.348837226466,0,0,0,0,0,80.4367166559625,0,0,225.013371621378,0,0,0,0,169.742003380707,154.070293657878,198.528111506785,250.461724766314,0,0,124.853650664477,0,0,0,0,0,0,186.973586461633,213.67670887414,0,0,190.185165668632
0,0,0,111.226326353722,0,0,300.031143529538,0,0,135.294330067913,0,283.248188884028,0,276.620869034647,0,0,0,0,0,0,228.075434767255,0,0,155.24952173131,0,0,0,73.1029054543569,224.523755099568,61.0664810463559,0,205.839960264176,0,165.893015276821,0,0,120.567029282014,0,104.915316975638,92.5568465385234,205.09013266389
0,0,171.230058197369,0,0,0,0,0,0,0,0,0,280.376028997576,136.792307586862,0,0,0,0,99.3508940827211,194.442125915551,306.344527664232,0,146.770754374523,0,0,0,205.183249704085,0,0,0,0,0,0,0,157.852515740516,174.013630695256,204.084074037941,0,0,0,0
0,0,0,0,124.698445421759,116.054372245433,186.348837226466,135.294330067913,0,0,252.487290983309,0,0,0,201.100640800745,0,0,113.144980278377,0,0,158.567996645797,0,0,0,0,348.674510760064,181.316358113209,101.5853655613,80.8080171296381,0,0,0,0,85.7623170715703,94.126460729827,135.667029391615,173.001559092555,236.681907140956,0,168.241326865882,0
0,0,0,95.7590805983148,134.566479261133,0,0,0,0,252.487290983309,0,108.381749703452,0,0,153.609372090384,0,58.3493451392805,0,0,218.045528847001,0,141.204637091722,98.6790043377568,0,125.81518738273,0,0,0,146.465927798921,0,0,0,70.4221432298295,0,106.926813611922,0,184.249961885477,0,97.3232815600345,76.5072790361762,0
0,0,0,0,0,119.345624434514,0,283.248188884028,0,0,108.381749703452,0,0,99.2646516363145,153.672550905948,106.128596538706,199.492852797962,0,0,0,0,335.371040201042,0,0,0,180.355266595273,81.9664354533492,98.417953423071,195.314816908693,160.530221557972,0,198.964527389285,0,0,167.066576495979,142.054529471577,163.945208919892,115.541295036174,139.792601838991,148.808626413748,208.005106191961
0,0,0,0,0,0,0,0,280.376028997576,0,0,0,0,0,0,0,137.189596148386,0,0,0,0,0,0,0,0,0,247.66948903751,0,0,0,0,0,0,0,238.934743274142,161.694997919804,0,0,0,209.996727521564,0
0,0,0,128.405764333981,0,0,0,276.620869034647,136.792307586862,0,0,99.2646516363145,0,0,0,0,259.442917595754,0,62.859596780235,117.208001126138,136.685314494491,0,0,197.486504603685,0,0,0,140.574866691684,0,0,0,0,0,62.311273509377,154.065933476765,0,161.302948562323,0,0,0,261.440278806413
0,0,0,309.997227542691,0,0,0,0,0,201.100640800745,153.609372090384,153.672550905948,0,0,0,143.005810983322,0,0,0,0,0,0,0,0,90.7216186966914,82.4756938751058,0,0,0,0,0,78.8552325762656,0,222.053792850439,0,0,0,193.659409924573,106.533627130087,93.5029580098427,0
0,0,0,0,251.098274723989,0,80.4367166559625,0,0,0,0,106.128596538706,0,0,143.005810983322,0,0,101.85207633558,0,0,0,0,0,131.969743415579,0,0,320.356811100276,0,72.2278283150671,0,0,0,0,261.605527103798,179.718364159796,0,0,159.183173818572,0,0,0
0,0,0,0,0,196.032358954952,0,0,0,0,58.3493451392805,199.492852797962,137.189596148386,259.442917595754,0,0,0,0,0,0,0,0,0,0,0,0,0,74.5815074003433,97.5855511246009,0,0,0,164.032723165762,0,0,0,82.6426202489162,0,0,133.984214699576,0
0,0,0,0,104.369974912428,153.876396855887,0,0,0,113.144980278377,0,0,0,0,0,101.85207633558,0,0,0,142.385058730083,0,0,0,0,0,0,0,81.2827395071039,0,0,0,0,0,196.04190773555,74.7304794244225,0,171.906398392157,0,0,0,0
0,0,0,0,0,0,225.013371621378,0,99.3508940827211,0,0,0,0,62.859596780235,0,0,0,0,0,0,0,0,0,138.33942793804,0,0,0,314.611698427915,269.936825670274,114.511014214502,0,0,0,0,0,101.895308036513,82.6299537488922,211.840482897052,0,175.196329314064,138.425725342224
0,0,0,0,0,0,0,0,194.442125915551,0,218.045528847001,0,0,117.208001126138,0,0,0,142.385058730083,0,0,321.124897279917,0,120.912756812582,122.106946855269,0,323.781250289068,89.1590885155172,66.5008477853491,89.9429017381717,0,306.640284138334,0,0,206.472608421747,263.534399241887,163.059043292369,188.851177466023,0,0,219.078548227669,0
0,0,0,193.777661225572,177.763106506206,0,0,228.075434767255,306.344527664232,158.567996645797,0,0,0,136.685314494491,0,0,0,0,0,321.124897279917,0,0,0,0,0,0,224.551207449728,133.218162784108,139.654362654449,0,0,0,0,289.631679007608,173.059382066957,178.224497384947,0,0,0,0,0
0,0,0,0,0,71.5579325720569,0,0,0,0,141.204637091722,335.371040201042,0,0,0,0,0,0,0,0,0,0,106.33736463831,0,0,0,0,0,92.3502314520023,0,0,0,0,114.649126378906,0,183.786860782462,162.833808134102,0,0,0,0
0,75.4497121078207,0,249.798812580765,0,0,0,0,146.770754374523,0,98.6790043377568,0,0,0,0,0,0,0,0,120.912756812582,0,106.33736463831,0,0,0,173.201474590904,0,97.3506957544063,96.5937438588657,0,0,0,0,158.955087279859,219.430938885781,0,333.645516435298,253.401634605989,0,151.036729364761,231.050882209
0,0,169.453147353278,0,0,0,169.742003380707,155.24952173131,0,0,0,0,0,197.486504603685,0,131.969743415579,0,0,138.33942793804,122.106946855269,0,0,0,0,111.435629183184,0,191.519780382943,200.878319874537,84.3635741045246,240.185081663983,0,0,0,85.6072705949986,101.350815329073,161.74915061469,255.441154257905,201.44584889478,0,82.1742780037132,226.825099357786
0,0,0,0,0,0,154.070293657878,0,0,0,125.81518738273,0,0,0,90.7216186966914,0,0,0,0,0,0,0,0,111.435629183184,0,0,0,100.812745974529,0,0,0,0,0,89.707245288964,92.5207898118833,101.443495235174,0,0,0,242.790381480436,98.2230592632363
215.611029055736,0,195.822649557859,228.792310020318,0,262.382215657622,198.528111506785,0,0,348.674510760064,0,180.355266595273,0,0,82.4756938751058,0,0,0,0,323.781250289068,0,0,173.201474590904,0,0,0,115.114253591495,212.592150359921,151.01089327964,0,0,0,0,231.715271819474,217.157696745803,154.142998692322,214.116367924649,241.635434294794,125.994729980093,94.9380989123498,0
0,180.543851962045,0,202.712457066107,0,192.693757128262,250.461724766314,0,205.183249704085,181.316358113209,0,81.9664354533492,247.66948903751,0,0,320.356811100276,0,0,0,89.1590885155172,224.551207449728,0,0,191.519780382943,0,115.114253591495,0,103.519938150021,0,0,0,0,0,153.453047983244,96.7845769653343,0,0,204.481117647118,94.8881692391942,227.504408813069,195.378266313867
151.695570509541,108.136066660554,134.960780198024,178.748963182352,139.93285932648,0,0,73.1029054543569,0,101.5853655613,0,98.417953423071,0,140.574866691684,0,0,74.5815074003433,81.2827395071039,314.611698427915,66.5008477853491,133.218162784108,0,97.3506957544063,200.878319874537,100.812745974529,212.592150359921,103.519938150021,0,0,0,0,78.9559315574845,0,73.4795582048751,0,74.4197823064597,112.793316814908,118.522099274347,110.384905066973,115.871357769661,172.892533368851
0,188.936291522747,0,0,93.4234866874731,0,0,224.523755099568,0,80.8080171296381,146.465927798921,195.314816908693,0,0,0,72.2278283150671,97.5855511246009,0,269.936825670274,89.9429017381717,139.654362654449,92.3502314520023,96.5937438588657,84.3635741045246,0,151.01089327964,0,0,0,259.055025639447,241.57250333243,0,0,165.597665022977,0,0,221.805809452716,0,0,187.77054666536,284.529238481835
0,0,0,0,0,0,124.853650664477,61.0664810463559,0,0,0,160.530221557972,0,0,0,0,0,0,114.511014214502,0,0,0,0,240.185081663983,0,0,0,0,259.055025639447,0,125.416941482916,0,0,0,353.822894641502,0,154.784755881607,345.797434674459,0,0,115.194491798135
0,0,0,0,0,0,0,0,0,0,0,0,0,0,0,0,0,0,0,306.640284138334,0,0,0,0,0,0,0,0,241.57250333243,125.416941482916,0,0,0,115.868441404982,303.527509149359,0,94.027247878695,0,0,0,0
0,119.728129215699,0,0,0,0,0,205.839960264176,0,0,0,198.964527389285,0,0,78.8552325762656,0,0,0,0,0,0,0,0,0,0,0,0,78.9559315574845,0,0,0,0,0,283.88658203332,329.719143597451,112.349934713559,206.912707094411,0,220.901129804706,89.3673883748406,0
0,0,0,0,173.538155409849,0,0,0,0,0,70.4221432298295,0,0,0,0,0,164.032723165762,0,0,0,0,0,0,0,0,0,0,0,0,0,0,0,0,192.601533877686,0,0,71.4788760670054,0,0,0,0
321.864157986053,0,0,180.90030328818,0,0,0,165.893015276821,0,85.7623170715703,0,0,0,62.311273509377,222.053792850439,261.605527103798,0,196.04190773555,0,206.472608421747,289.631679007608,114.649126378906,158.955087279859,85.6072705949986,89.707245288964,231.715271819474,153.453047983244,73.4795582048751,165.597665022977,0,115.868441404982,283.88658203332,192.601533877686,0,112.823430872325,0,193.055010680236,115.332064605654,0,347.376449530863,232.945974238958
0,0,0,0,109.093416850988,160.537522273714,0,0,157.852515740516,94.126460729827,106.926813611922,167.066576495979,238.934743274142,154.065933476765,0,179.718364159796,0,74.7304794244225,0,263.534399241887,173.059382066957,0,219.430938885781,101.350815329073,92.5207898118833,217.157696745803,96.7845769653343,0,0,353.822894641502,303.527509149359,329.719143597451,0,112.823430872325,0,0,113.059176128709,249.905610015455,90.1317194604647,0,145.74089716123
0,0,0,0,101.605593487621,0,0,0,174.013630695256,135.667029391615,0,142.054529471577,161.694997919804,0,0,0,0,0,101.895308036513,163.059043292369,178.224497384947,183.786860782462,0,161.74915061469,101.443495235174,154.142998692322,0,74.4197823064597,0,0,0,112.349934713559,0,0,0,0,223.705816669619,128.846764897717,220.963068032256,67.8267069095267,197.893790332676
0,357.423078228283,0,161.275817184598,0,146.814226519809,186.973586461633,120.567029282014,204.084074037941,173.001559092555,184.249961885477,163.945208919892,0,161.302948562323,0,0,82.6426202489162,171.906398392157,82.6299537488922,188.851177466023,0,162.833808134102,333.645516435298,255.441154257905,0,214.116367924649,0,112.793316814908,221.805809452716,154.784755881607,94.027247878695,206.912707094411,71.4788760670054,193.055010680236,113.059176128709,223.705816669619,0,0,151.806152521152,338.131802716296,146.99041817625
172.608400267715,0,0,0,325.937289045041,0,213.67670887414,0,0,236.681907140956,0,115.541295036174,0,0,193.659409924573,159.183173818572,0,0,211.840482897052,0,0,0,253.401634605989,201.44584889478,0,241.635434294794,204.481117647118,118.522099274347,0,345.797434674459,0,0,0,115.332064605654,249.905610015455,128.846764897717,0,0,155.901486485736,161.325017232684,193.63278243493
0,0,0,0,219.040656038919,241.682021696872,0,104.915316975638,0,0,97.3232815600345,139.792601838991,0,0,106.533627130087,0,0,0,0,0,0,0,0,0,0,125.994729980093,94.8881692391942,110.384905066973,0,0,0,220.901129804706,0,0,90.1317194604647,220.963068032256,151.806152521152,155.901486485736,0,0,151.075371308616
94.7280504127031,0,0,0,116.176698124939,192.135034768848,0,92.5568465385234,0,168.241326865882,76.5072790361762,148.808626413748,209.996727521564,0,93.5029580098427,0,133.984214699576,0,175.196329314064,219.078548227669,0,0,151.036729364761,82.1742780037132,242.790381480436,94.9380989123498,227.504408813069,115.871357769661,187.77054666536,0,0,89.3673883748406,0,347.376449530863,0,67.8267069095267,338.131802716296,161.325017232684,0,0,94.7529894315991
128.530575464043,0,0,0,0,178.683678585178,190.185165668632,205.09013266389,0,0,0,208.005106191961,0,261.440278806413,0,0,0,0,138.425725342224,0,0,0,231.050882209,226.825099357786,98.2230592632363,0,195.378266313867,172.892533368851,284.529238481835,115.194491798135,0,0,0,232.945974238958,145.74089716123,197.893790332676,146.99041817625,193.63278243493,151.075371308616,94.7529894315991,0
