0,0,0,0,0,0,0,0,0,73.4795582048751,0,0,0,0,0,169.453147353278,0,0,0,0,0,0,0,0,0,85.7623170715703,66.5008477853491,84.3635741045246,0,0,0,0,0,0,0,0,0,0,0,0,238.934743274142
0,0,0,0,0,0,0,82.6426202489162,0,0,0,95.7590805983148,0,0,0,0,0,0,0,0,0,0,0,0,0,0,0,0,0,0,0,306.344527664232,0,0,78.9559315574845,198.528111506785,200.878319874537,0,0,137.189596148386,0
0,0,0,0,0,0,0,0,0,0,0,0,0,101.895308036513,0,0,0,0,0,0,0,0,0,0,0,0,0,0,0,0,0,0,0,135.667029391615,116.054372245433,0,0,0,0,173.059382066957,241.682021696872
0,0,0,0,0,0,97.5855511246009,0,0,0,0,0,0,0,0,80.4367166559625,0,161.694997919804,0,224.551207449728,0,0,0,0,0,220.901129804706,215.611029055736,221.805809452716,0,0,0,0,122.106946855269,158.567996645797,262.382215657622,0,125.81518738273,0,0,120.567029282014,240.185081663983
0,0,0,0,0,0,139.654362654449,0,153.672550905948,0,0,0,0,0,135.294330067913,206.472608421747,0,0,112.793316814908,0,0,0,113.059176128709,259.442917595754,0,202.712457066107,0,0,0,0,115.194491798135,0,0,0,0,0,164.032723165762,194.442125915551,151.01089327964,93.4234866874731,124.698445421759
0,0,0,0,0,0,0,85.6072705949986,0,180.90030328818,0,241.57250333243,0,0,0,204.481117647118,242.790381480436,173.201474590904,0,0,0,0,0,0,0,0,153.876396855887,140.574866691684,252.487290983309,0,106.533627130087,0,0,0,320.356811100276,106.926813611922,67.8267069095267,0,0,74.7304794244225,0
0,0,0,97.5855511246009,139.654362654449,0,0,0,0,143.005810983322,0,142.054529471577,0,0,0,0,204.084074037941,0,0,0,0,0,0,329.719143597451,0,0,0,0,0,154.065933476765,0,0,0,72.2278283150671,117.208001126138,115.114253591495,94.9380989123498,62.311273509377,0,89.707245288964,0
0,82.6426202489162,0,0,0,85.6072705949986,0,0,0,0,0,71.5579325720569,0,94.7280504127031,133.984214699576,0,0,0,0,159.183173818572,0,0,0,0,0,323.781250289068,0,150.161410108805,74.5815074003433,0,0,173.538155409849,0,325.937289045041,137.239127032733,155.901486485736,162.833808134102,0,180.355266595273,212.592150359921,0
0,0,0,0,153.672550905948,0,0,0,0,0,0,97.3232815600345,0,0,0,0,0,120.912756812582,175.196329314064,101.605593487621,0,0,0,0,0,0,0,89.1590885155172,94.8881692391942,0,0,0,0,97.3506957544063,0,333.645516435298,154.070293657878,115.871357769661,0,0,0
73.4795582048751,0,0,0,0,180.90030328818,143.005810983322,0,0,0,231.715271819474,0,0,0,173.001559092555,0,58.3493451392805,0,0,0,74.4197823064597,0,0,80.8080171296381,0,82.6299537488922,0,163.945208919892,108.136066660554,0,219.430938885781,0,0,76.5072790361762,214.116367924649,98.417953423071,0,0,160.537522273714,116.176698124939,249.905610015455
0,0,0,0,0,0,0,0,0,231.715271819474,0,124.853650664477,92.5568465385234,0,0,0,128.530575464043,0,193.63278243493,0,101.350815329073,92.3502314520023,0,0,0,0,104.915316975638,178.683678585178,0,0,0,0,0,0,82.4756938751058,146.99041817625,178.748963182352,209.996727521564,177.763106506206,195.822649557859,160.530221557972
0,95.7590805983148,0,0,0,241.57250333243,142.054529471577,71.5579325720569,97.3232815600345,0,124.853650664477,0,0,133.218162784108,161.74915061469,0,0,321.864157986053,0,201.100640800745,169.742003380707,0,0,131.969743415579,0,153.609372090384,112.823430872325,90.7216186966914,217.157696745803,289.631679007608,0,0,0,0,227.504408813069,157.852515740516,115.332064605654,314.611698427915,0,0,0
0,0,0,0,0,0,0,0,0,0,92.5568465385234,0,0,0,0,0,0,0,0,232.945974238958,0,0,0,0,0,99.2646516363145,0,0,165.597665022977,0,0,0,0,178.224497384947,0,0,0,151.075371308616,0,0,0
0,0,101.895308036513,0,0,0,0,94.7280504127031,0,0,0,133.218162784108,0,0,0,0,0,0,0,0,90.1317194604647,165.893015276821,0,193.055010680236,0,94.7529894315991,98.6790043377568,187.77054666536,0,0,0,0,0,201.44584889478,223.705816669619,151.036729364761,196.04190773555,0,0,0,259.055025639447
0,0,0,0,135.294330067913,0,0,133.984214699576,0,173.001559092555,0,161.74915061469,0,0,0,115.868441404982,0,0,0,0,158.955087279859,114.649126378906,78.8552325762656,0,0,0,101.443495235174,0,261.440278806413,0,0,0,0,338.131802716296,199.492852797962,0,0,0,0,0,0
169.453147353278,0,0,80.4367166559625,206.472608421747,204.481117647118,0,0,0,0,0,0,0,0,115.868441404982,0,0,0,0,0,0,0,0,0,0,0,0,192.693757128262,0,0,0,104.369974912428,0,348.674510760064,134.566479261133,0,247.66948903751,0,70.4221432298295,0,0
0,0,0,0,0,242.790381480436,204.084074037941,0,0,58.3493451392805,128.530575464043,0,0,0,0,0,0,0,0,0,153.453047983244,0,0,148.808626413748,186.348837226466,0,0,0,0,0,0,0,0,228.075434767255,0,0,128.405764333981,125.416941482916,0,0,0
0,0,0,161.694997919804,0,173.201474590904,0,0,120.912756812582,0,0,321.864157986053,0,0,0,0,0,0,0,0,0,96.7845769653343,0,0,0,0,146.770754374523,0,219.078548227669,0,0,0,0,172.892533368851,94.027247878695,0,0,0,0,0,0
0,0,0,0,112.793316814908,0,0,0,175.196329314064,0,193.63278243493,0,0,0,0,0,0,0,0,283.248188884028,0,0,142.385058730083,89.9429017381717,0,0,188.936291522747,0,0,146.814226519809,0,0,0,0,0,0,261.605527103798,280.376028997576,0,93.5029580098427,213.67670887414
0,0,0,224.551207449728,0,0,0,159.183173818572,101.605593487621,0,0,201.100640800745,232.945974238958,0,0,0,0,0,283.248188884028,0,0,0,236.681907140956,0,241.635434294794,154.784755881607,205.183249704085,81.9664354533492,211.840482897052,0,0,0,0,161.325017232684,0,231.050882209,100.812745974529,141.204637091722,0,61.0664810463559,0
0,0,0,0,0,0,0,0,0,74.4197823064597,101.350815329073,169.742003380707,0,90.1317194604647,158.955087279859,0,153.453047983244,0,0,0,0,0,321.124897279917,208.005106191961,0,0,0,335.371040201042,0,155.24952173131,0,0,0,0,222.053792850439,0,195.378266313867,0,0,101.85207633558,0
0,0,0,0,0,0,0,0,0,0,92.3502314520023,0,0,165.893015276821,114.649126378906,0,0,96.7845769653343,0,0,0,0,0,0,0,0,136.792307586862,0,0,0,0,111.226326353722,139.792601838991,0,0,0,345.797434674459,0,0,0,0
0,0,0,0,113.059176128709,0,0,0,0,0,0,0,0,0,78.8552325762656,0,0,0,142.385058730083,236.681907140956,321.124897279917,0,0,0,92.5207898118833,0,0,0,119.345624434514,192.135034768848,0,0,0,81.2827395071039,179.718364159796,306.640284138334,161.302948562323,180.543851962045,0,114.511014214502,253.401634605989
0,0,0,0,259.442917595754,0,329.719143597451,0,0,80.8080171296381,0,131.969743415579,0,193.055010680236,0,0,148.808626413748,0,89.9429017381717,0,208.005106191961,0,0,0,113.144980278377,0,89.3673883748406,167.066576495979,146.465927798921,283.88658203332,249.798812580765,0,0,197.486504603685,62.859596780235,0,0,94.126460729827,0,218.045528847001,309.997227542691
0,0,0,0,0,0,0,0,0,0,0,0,0,0,0,0,186.348837226466,0,0,241.635434294794,0,0,92.5207898118833,113.144980278377,0,0,251.098274723989,109.093416850988,0,0,0,0,0,0,0,118.522099274347,0,191.519780382943,137.177378802006,171.230058197369,0
85.7623170715703,0,0,220.901129804706,202.712457066107,0,0,323.781250289068,0,82.6299537488922,0,153.609372090384,99.2646516363145,94.7529894315991,0,0,0,0,0,154.784755881607,0,0,0,0,0,0,161.275817184598,163.059043292369,106.33736463831,0,0,300.031143529538,0,219.040656038919,138.33942793804,128.846764897717,276.620869034647,225.013371621378,0,125.994729980093,103.519938150021
66.5008477853491,0,0,215.611029055736,0,153.876396855887,0,0,0,0,104.915316975638,112.823430872325,0,98.6790043377568,101.443495235174,0,0,146.770754374523,188.936291522747,205.183249704085,0,136.792307586862,0,89.3673883748406,251.098274723989,161.275817184598,0,0,0,0,0,0,0,0,0,151.695570509541,138.425725342224,106.128596538706,174.013630695256,197.893790332676,99.3508940827211
84.3635741045246,0,0,221.805809452716,0,140.574866691684,0,150.161410108805,89.1590885155172,163.945208919892,178.683678585178,90.7216186966914,0,187.77054666536,0,192.693757128262,0,0,0,81.9664354533492,335.371040201042,0,0,167.066576495979,109.093416850988,163.059043292369,0,0,269.936825670274,205.839960264176,0,193.777661225572,226.825099357786,111.435629183184,196.032358954952,87.8456058929559,101.5853655613,154.142998692322,353.822894641502,145.74089716123,192.601533877686
0,0,0,0,0,252.487290983309,0,74.5815074003433,94.8881692391942,108.136066660554,0,217.157696745803,165.597665022977,0,261.440278806413,0,0,219.078548227669,0,211.840482897052,0,0,119.345624434514,146.465927798921,0,106.33736463831,0,269.936825670274,0,224.523755099568,0,357.423078228283,0,96.5937438588657,108.381749703452,0,198.964527389285,250.461724766314,0,75.4497121078207,115.541295036174
0,0,0,0,0,0,154.065933476765,0,0,0,0,289.631679007608,0,0,0,0,0,0,146.814226519809,0,155.24952173131,0,192.135034768848,283.88658203332,0,0,0,205.839960264176,224.523755099568,0,0,0,0,183.786860782462,134.960780198024,0,151.806152521152,0,0,0,0
0,0,0,0,115.194491798135,106.533627130087,0,0,0,219.430938885781,0,0,0,0,0,0,0,0,0,0,0,0,0,249.798812580765,0,0,0,0,0,0,0,0,0,195.314816908693,0,0,0,0,0,73.1029054543569,0
0,306.344527664232,0,0,0,0,0,173.538155409849,0,0,0,0,0,0,0,104.369974912428,0,0,0,0,0,111.226326353722,0,0,0,300.031143529538,0,193.777661225572,357.423078228283,0,0,0,0,71.4788760670054,0,228.792310020318,110.384905066973,0,0,0,168.241326865882
0,0,0,122.106946855269,0,0,0,0,0,0,0,0,0,0,0,0,0,0,0,0,0,139.792601838991,0,0,0,0,0,226.825099357786,0,0,0,0,0,0,0,119.728129215699,0,0,205.09013266389,0,0
0,0,135.667029391615,158.567996645797,0,0,72.2278283150671,325.937289045041,97.3506957544063,76.5072790361762,0,0,178.224497384947,201.44584889478,338.131802716296,348.674510760064,228.075434767255,172.892533368851,0,161.325017232684,0,0,81.2827395071039,197.486504603685,0,219.040656038919,0,111.435629183184,96.5937438588657,183.786860782462,195.314816908693,71.4788760670054,0,0,347.376449530863,0,190.185165668632,206.912707094411,184.249961885477,0,193.659409924573
0,78.9559315574845,116.054372245433,262.382215657622,0,320.356811100276,117.208001126138,137.239127032733,0,214.116367924649,82.4756938751058,227.504408813069,0,223.705816669619,199.492852797962,134.566479261133,0,94.027247878695,0,0,222.053792850439,0,179.718364159796,62.859596780235,0,138.33942793804,0,196.032358954952,108.381749703452,134.960780198024,0,0,0,347.376449530863,0,0,220.963068032256,0,255.441154257905,181.316358113209,186.973586461633
0,198.528111506785,0,0,0,106.926813611922,115.114253591495,155.901486485736,333.645516435298,98.417953423071,146.99041817625,157.852515740516,0,151.036729364761,0,0,0,0,0,231.050882209,0,0,306.640284138334,0,118.522099274347,128.846764897717,151.695570509541,87.8456058929559,0,0,0,228.792310020318,119.728129215699,0,0,0,263.534399241887,0,0,172.608400267715,0
0,200.878319874537,0,125.81518738273,164.032723165762,67.8267069095267,94.9380989123498,162.833808134102,154.070293657878,0,178.748963182352,115.332064605654,0,196.04190773555,0,247.66948903751,128.405764333981,0,261.605527103798,100.812745974529,195.378266313867,345.797434674459,161.302948562323,0,0,276.620869034647,138.425725342224,101.5853655613,198.964527389285,151.806152521152,0,110.384905066973,0,190.185165668632,220.963068032256,263.534399241887,0,98.2230592632363,284.529238481835,303.527509149359,136.685314494491
0,0,0,0,194.442125915551,0,62.311273509377,0,115.871357769661,0,209.996727521564,314.611698427915,151.075371308616,0,0,0,125.416941482916,0,280.376028997576,141.204637091722,0,0,180.543851962045,94.126460729827,191.519780382943,225.013371621378,106.128596538706,154.142998692322,250.461724766314,0,0,0,0,206.912707094411,0,0,98.2230592632363,0,82.1742780037132,0,112.349934713559
0,0,0,0,151.01089327964,0,0,180.355266595273,0,160.537522273714,177.763106506206,0,0,0,0,70.4221432298295,0,0,0,0,0,0,0,0,137.177378802006,0,174.013630695256,353.822894641502,0,0,0,0,205.09013266389,184.249961885477,255.441154257905,0,284.529238481835,82.1742780037132,0,171.906398392157,139.93285932648
0,137.189596148386,173.059382066957,120.567029282014,93.4234866874731,74.7304794244225,89.707245288964,212.592150359921,0,116.176698124939,195.822649557859,0,0,0,0,0,0,0,93.5029580098427,61.0664810463559,101.85207633558,0,114.511014214502,218.045528847001,171.230058197369,125.994729980093,197.893790332676,145.74089716123,75.4497121078207,0,73.1029054543569,0,0,0,181.316358113209,172.608400267715,303.527509149359,0,171.906398392157,0,188.851177466023
238.934743274142,0,241.682021696872,240.185081663983,124.698445421759,0,0,0,0,249.905610015455,160.530221557972,0,0,259.055025639447,0,0,0,0,213.67670887414,0,0,0,253.401634605989,309.997227542691,0,103.519938150021,99.3508940827211,192.601533877686,115.541295036174,0,0,168.241326865882,0,193.659409924573,186.973586461633,0,136.685314494491,112.349934713559,139.93285932648,188.851177466023,0
