0,0,0,0,0,0,0,0,191.519780382943,280.376028997576,80.4367166559625,0,0,0,0,0,0,0,0,0,0,0,0,82.1742780037132,0,0,168.241326865882,0,0,0,0,0,0,0,0,0,0,0,0,81.9664354533492,0
0,0,0,0,0,0,0,0,0,186.348837226466,0,252.487290983309,0,0,180.90030328818,0,0,0,0,0,0,0,0,0,0,219.040656038919,0,0,146.465927798921,0,0,0,0,306.344527664232,0,0,115.868441404982,0,0,0,0
0,0,0,0,0,0,0,0,0,0,0,0,0,0,0,0,80.8080171296381,0,0,0,0,0,0,0,0,0,0,140.574866691684,0,0,0,0,0,205.839960264176,0,269.936825670274,131.969743415579,0,0,0,0
0,0,0,0,193.63278243493,0,0,0,222.053792850439,0,112.349934713559,206.912707094411,0,106.128596538706,96.7845769653343,0,0,0,0,0,0,0,0,0,0,161.302948562323,0,101.5853655613,0,137.189596148386,0,0,0,347.376449530863,0,58.3493451392805,289.631679007608,261.440278806413,0,0,0
0,0,0,193.63278243493,0,98.6790043377568,128.530575464043,0,249.798812580765,0,0,193.659409924573,0,0,154.784755881607,0,0,0,0,82.4756938751058,0,0,0,0,151.806152521152,221.805809452716,0,0,0,0,0,0,0,333.645516435298,0,184.249961885477,90.7216186966914,353.822894641502,0,171.230058197369,0
0,0,0,0,98.6790043377568,0,0,179.718364159796,0,146.770754374523,89.707245288964,0,135.667029391615,0,0,0,0,0,0,0,0,0,241.57250333243,0,0,110.384905066973,0,82.6299537488922,148.808626413748,0,0,0,0,192.601533877686,85.7623170715703,178.683678585178,224.551207449728,0,0,94.7529894315991,0
0,0,0,0,128.530575464043,0,0,0,0,0,120.912756812582,0,0,0,0,209.996727521564,0,0,0,0,0,0,159.183173818572,165.597665022977,0,0,0,338.131802716296,309.997227542691,0,205.183249704085,195.822649557859,0,0,226.825099357786,0,97.5855511246009,0,155.901486485736,0,284.529238481835
0,0,0,0,0,179.718364159796,0,0,0,0,320.356811100276,0,0,228.075434767255,0,0,151.695570509541,0,98.417953423071,283.248188884028,180.355266595273,73.1029054543569,0,0,0,0,0,89.9429017381717,93.4234866874731,0,0,0,0,142.054529471577,139.654362654449,160.530221557972,250.461724766314,0,167.066576495979,0,206.472608421747
191.519780382943,0,0,222.053792850439,249.798812580765,0,0,0,0,0,62.859596780235,0,0,71.5579325720569,0,0,0,0,173.059382066957,0,0,0,0,0,151.01089327964,0,0,153.609372090384,0,0,0,0,0,173.538155409849,0,0,231.715271819474,186.973586461633,0,0,0
280.376028997576,186.348837226466,0,0,0,146.770754374523,0,0,0,0,151.075371308616,0,72.2278283150671,0,0,0,78.9559315574845,0,108.381749703452,0,220.901129804706,0,0,255.441154257905,0,201.44584889478,0,197.486504603685,104.915316975638,0,0,0,0,228.792310020318,146.99041817625,118.522099274347,113.144980278377,0,0,85.6072705949986,169.742003380707
80.4367166559625,0,0,112.349934713559,0,89.707245288964,120.912756812582,320.356811100276,62.859596780235,151.075371308616,0,99.3508940827211,0,0,0,0,0,0,0,0,0,0,0,125.81518738273,0,323.781250289068,0,0,0,0,0,0,67.8267069095267,73.4795582048751,174.013630695256,261.605527103798,214.116367924649,161.74915061469,0,0,0
0,252.487290983309,0,206.912707094411,193.659409924573,0,0,0,0,0,99.3508940827211,0,120.567029282014,231.050882209,0,259.442917595754,0,161.275817184598,62.311273509377,153.672550905948,134.566479261133,0,0,115.871357769661,0,128.405764333981,219.078548227669,178.748963182352,0,0,0,0,138.425725342224,187.77054666536,141.204637091722,0,0,75.4497121078207,173.201474590904,0,180.543851962045
0,0,0,0,0,135.667029391615,0,0,0,72.2278283150671,0,120.567029282014,0,0,0,106.926813611922,0,0,0,0,0,0,178.224497384947,0,0,0,84.3635741045246,0,0,0,0,0,0,0,0,0,0,0,0,0,0
0,0,0,106.128596538706,0,0,0,228.075434767255,71.5579325720569,0,0,231.050882209,0,0,0,0,0,0,0,0,0,0,124.853650664477,99.2646516363145,0,0,98.2230592632363,0,154.142998692322,0,0,81.2827395071039,0,94.9380989123498,74.5815074003433,162.833808134102,172.892533368851,0,0,0,227.504408813069
0,180.90030328818,0,96.7845769653343,154.784755881607,0,0,0,0,0,0,0,0,0,0,0,0,137.239127032733,0,0,137.177378802006,0,0,0,0,0,0,136.792307586862,198.964527389285,0,303.527509149359,0,0,0,0,97.3232815600345,119.728129215699,76.5072790361762,0,0,335.371040201042
0,0,0,0,0,0,209.996727521564,0,0,0,0,259.442917595754,106.926813611922,0,0,0,0,0,0,0,114.649126378906,0,0,0,0,0,0,321.124897279917,329.719143597451,115.541295036174,0,0,0,158.955087279859,0,0,74.7304794244225,0,0,143.005810983322,177.763106506206
0,0,80.8080171296381,0,0,0,0,151.695570509541,0,78.9559315574845,0,0,0,0,0,0,0,0,0,142.385058730083,0,0,125.416941482916,0,0,0,0,192.135034768848,0,0,0,0,0,0,183.786860782462,0,188.851177466023,173.001559092555,0,192.693757128262,0
0,0,0,0,0,0,0,0,0,0,0,161.275817184598,0,0,137.239127032733,0,0,0,0,106.533627130087,0,0,0,236.681907140956,0,0,0,0,193.777661225572,0,0,0,0,0,146.814226519809,0,262.382215657622,0,0,106.33736463831,195.314816908693
0,0,0,0,0,0,0,98.417953423071,173.059382066957,108.381749703452,0,62.311273509377,0,0,0,0,0,0,0,0,0,0,89.3673883748406,0,160.537522273714,92.5568465385234,111.226326353722,0,0,0,0,0,0,0,215.611029055736,0,0,101.443495235174,0,151.036729364761,109.093416850988
0,0,0,0,82.4756938751058,0,0,283.248188884028,0,0,0,153.672550905948,0,0,0,0,142.385058730083,106.533627130087,0,0,61.0664810463559,0,196.032358954952,300.031143529538,0,0,225.013371621378,112.793316814908,164.032723165762,78.8552325762656,0,0,0,202.712457066107,94.8881692391942,0,112.823430872325,283.88658203332,134.960780198024,0,0
0,0,0,0,0,0,0,180.355266595273,0,220.901129804706,0,134.566479261133,0,0,137.177378802006,114.649126378906,0,0,0,61.0664810463559,0,0,0,0,0,97.3506957544063,94.7280504127031,0,89.1590885155172,0,0,217.157696745803,0,0,119.345624434514,0,115.194491798135,321.864157986053,0,0,0
0,0,0,0,0,0,0,73.1029054543569,0,0,0,0,0,0,0,0,0,0,0,0,0,0,161.325017232684,205.09013266389,0,154.065933476765,0,0,0,0,0,0,0,0,115.114253591495,314.611698427915,0,103.519938150021,0,190.185165668632,0
0,0,0,0,0,241.57250333243,159.183173818572,0,0,0,0,0,178.224497384947,124.853650664477,0,0,125.416941482916,0,89.3673883748406,196.032358954952,0,161.325017232684,0,0,0,0,155.24952173131,101.895308036513,0,0,0,96.5937438588657,0,0,306.640284138334,0,193.055010680236,0,128.846764897717,111.435629183184,0
82.1742780037132,0,0,0,0,0,165.597665022977,0,0,255.441154257905,125.81518738273,115.871357769661,0,99.2646516363145,0,0,0,236.681907140956,0,300.031143529538,0,205.09013266389,0,0,0,0,139.93285932648,259.055025639447,169.453147353278,247.66948903751,0,249.905610015455,0,116.054372245433,218.045528847001,0,95.7590805983148,0,0,242.790381480436,82.6426202489162
0,0,0,0,151.806152521152,0,0,0,151.01089327964,0,0,0,0,0,0,0,0,0,160.537522273714,0,0,0,0,0,0,0,163.059043292369,74.4197823064597,0,240.185081663983,0,0,0,0,224.523755099568,0,0,0,100.812745974529,154.070293657878,251.098274723989
0,219.040656038919,0,161.302948562323,221.805809452716,110.384905066973,0,0,0,201.44584889478,323.781250289068,128.405764333981,0,0,0,0,0,0,92.5568465385234,0,97.3506957544063,154.065933476765,0,0,0,0,0,101.605593487621,276.620869034647,115.332064605654,0,195.378266313867,0,175.196329314064,0,133.984214699576,114.511014214502,253.401634605989,135.294330067913,204.084074037941,0
168.241326865882,0,0,0,0,0,0,0,0,0,0,219.078548227669,84.3635741045246,98.2230592632363,0,0,0,0,111.226326353722,225.013371621378,94.7280504127031,0,155.24952173131,139.93285932648,163.059043292369,0,0,94.027247878695,181.316358113209,117.208001126138,211.840482897052,223.705816669619,0,71.4788760670054,101.85207633558,0,0,138.33942793804,0,116.176698124939,133.218162784108
0,0,140.574866691684,101.5853655613,0,82.6299537488922,338.131802716296,89.9429017381717,153.609372090384,197.486504603685,0,178.748963182352,0,0,136.792307586862,321.124897279917,192.135034768848,0,0,112.793316814908,0,0,101.895308036513,259.055025639447,74.4197823064597,101.605593487621,94.027247878695,0,357.423078228283,0,0,188.936291522747,0,92.5207898118833,153.453047983244,196.04190773555,345.797434674459,161.694997919804,348.674510760064,90.1317194604647,213.67670887414
0,146.465927798921,0,0,0,148.808626413748,309.997227542691,93.4234866874731,0,104.915316975638,0,0,0,154.142998692322,198.964527389285,329.719143597451,0,193.777661225572,0,164.032723165762,89.1590885155172,0,0,169.453147353278,0,276.620869034647,181.316358113209,357.423078228283,0,0,0,325.937289045041,0,94.126460729827,104.369974912428,0,163.945208919892,0,0,165.893015276821,70.4221432298295
0,0,0,137.189596148386,0,0,0,0,0,0,0,0,0,0,0,115.541295036174,0,0,0,78.8552325762656,0,0,0,247.66948903751,240.185081663983,115.332064605654,117.208001126138,0,0,0,0,0,0,0,0,0,204.481117647118,194.442125915551,0,108.136066660554,87.8456058929559
0,0,0,0,0,0,205.183249704085,0,0,0,0,0,0,0,303.527509149359,0,0,0,0,0,0,0,0,0,0,0,211.840482897052,0,0,0,0,0,0,0,157.852515740516,0,0,0,198.528111506785,0,93.5029580098427
0,0,0,0,0,0,195.822649557859,0,0,0,0,0,0,81.2827395071039,0,0,0,0,0,0,217.157696745803,0,96.5937438588657,249.905610015455,0,195.378266313867,223.705816669619,188.936291522747,325.937289045041,0,0,0,0,212.592150359921,0,0,125.994729980093,0,0,0,0
0,0,0,0,0,0,0,0,0,0,67.8267069095267,138.425725342224,0,0,0,0,0,0,0,0,0,0,0,0,0,0,0,0,0,0,0,0,0,241.635434294794,0,0,199.492852797962,0,0,145.74089716123,0
0,306.344527664232,205.839960264176,347.376449530863,333.645516435298,192.601533877686,0,142.054529471577,173.538155409849,228.792310020318,73.4795582048751,187.77054666536,0,94.9380989123498,0,158.955087279859,0,0,0,202.712457066107,0,0,0,116.054372245433,0,175.196329314064,71.4788760670054,92.5207898118833,94.126460729827,0,0,212.592150359921,241.635434294794,0,232.945974238958,172.608400267715,0,200.878319874537,263.534399241887,153.876396855887,101.350815329073
0,0,0,0,0,85.7623170715703,226.825099357786,139.654362654449,0,146.99041817625,174.013630695256,141.204637091722,0,74.5815074003433,0,0,183.786860782462,146.814226519809,215.611029055736,94.8881692391942,119.345624434514,115.114253591495,306.640284138334,218.045528847001,224.523755099568,0,101.85207633558,153.453047983244,104.369974912428,0,157.852515740516,0,0,232.945974238958,0,124.698445421759,0,220.963068032256,66.5008477853491,219.430938885781,0
0,0,269.936825670274,58.3493451392805,184.249961885477,178.683678585178,0,160.530221557972,0,118.522099274347,261.605527103798,0,0,162.833808134102,97.3232815600345,0,0,0,0,0,0,314.611698427915,0,0,0,133.984214699576,0,196.04190773555,0,0,0,0,0,172.608400267715,124.698445421759,0,201.100640800745,238.934743274142,150.161410108805,122.106946855269,113.059176128709
0,115.868441404982,131.969743415579,289.631679007608,90.7216186966914,224.551207449728,97.5855511246009,250.461724766314,231.715271819474,113.144980278377,214.116367924649,0,0,172.892533368851,119.728129215699,74.7304794244225,188.851177466023,262.382215657622,0,112.823430872325,115.194491798135,0,193.055010680236,95.7590805983148,0,114.511014214502,0,345.797434674459,163.945208919892,204.481117647118,0,125.994729980093,199.492852797962,0,0,201.100640800745,0,241.682021696872,171.906398392157,92.3502314520023,136.685314494491
0,0,0,261.440278806413,353.822894641502,0,0,0,186.973586461633,0,161.74915061469,75.4497121078207,0,0,76.5072790361762,0,173.001559092555,0,101.443495235174,283.88658203332,321.864157986053,103.519938150021,0,0,0,253.401634605989,138.33942793804,161.694997919804,0,194.442125915551,0,0,0,200.878319874537,220.963068032256,238.934743274142,241.682021696872,0,0,197.893790332676,0
0,0,0,0,0,0,155.901486485736,167.066576495979,0,0,0,173.201474590904,0,0,0,0,0,0,0,134.960780198024,0,0,128.846764897717,0,100.812745974529,135.294330067913,0,348.674510760064,0,0,198.528111506785,0,0,263.534399241887,66.5008477853491,150.161410108805,171.906398392157,0,0,158.567996645797,139.792601838991
81.9664354533492,0,0,0,171.230058197369,94.7529894315991,0,0,0,85.6072705949986,0,0,0,0,0,143.005810983322,192.693757128262,106.33736463831,151.036729364761,0,0,190.185165668632,111.435629183184,242.790381480436,154.070293657878,204.084074037941,116.176698124939,90.1317194604647,165.893015276821,108.136066660554,0,0,145.74089716123,153.876396855887,219.430938885781,122.106946855269,92.3502314520023,197.893790332676,158.567996645797,0,208.005106191961
0,0,0,0,0,0,284.529238481835,206.472608421747,0,169.742003380707,0,180.543851962045,0,227.504408813069,335.371040201042,177.763106506206,0,195.314816908693,109.093416850988,0,0,0,0,82.6426202489162,251.098274723989,0,133.218162784108,213.67670887414,70.4221432298295,87.8456058929559,93.5029580098427,0,0,101.350815329073,0,113.059176128709,136.685314494491,0,139.792601838991,208.005106191961,0
