0,0,0,0,0,0,0,0,0,0,0,0,0,0,0,0,0,0,0,128.530575464043,0,0,0,0,0,0,338.131802716296,251.098274723989,0,0,0,0,0,192.601533877686,249.798812580765,82.4756938751058,0,0,0,0,0
0,0,0,0,0,0,0,78.9559315574845,0,0,0,0,0,0,0,0,0,0,0,111.226326353722,0,0,0,0,198.964527389285,98.2230592632363,0,142.385058730083,90.1317194604647,0,0,0,0,0,0,0,206.912707094411,0,0,0,0
0,0,0,0,0,0,0,0,0,0,0,0,0,0,0,0,0,0,0,0,0,0,0,0,0,0,85.7623170715703,110.384905066973,0,0,0,172.892533368851,0,0,0,0,0,0,0,74.4197823064597,201.100640800745
0,0,0,0,0,0,0,236.681907140956,0,0,76.5072790361762,0,0,0,0,0,0,0,0,0,347.376449530863,0,0,0,0,70.4221432298295,125.994729980093,134.960780198024,212.592150359921,0,0,157.852515740516,0,114.649126378906,137.239127032733,314.611698427915,89.3673883748406,0,0,101.85207633558,0
0,0,0,0,0,0,0,300.031143529538,280.376028997576,0,187.77054666536,228.792310020318,0,253.401634605989,0,96.5937438588657,0,0,112.349934713559,0,0,0,0,0,0,202.712457066107,0,138.33942793804,0,0,0,0,0,0,0,153.672550905948,219.040656038919,94.126460729827,0,80.8080171296381,101.443495235174
0,0,0,0,0,0,101.895308036513,241.635434294794,0,0,0,228.075434767255,0,0,0,0,0,0,188.851177466023,151.695570509541,99.2646516363145,0,325.937289045041,163.059043292369,0,250.461724766314,0,0,217.157696745803,0,0,0,0,193.055010680236,81.2827395071039,0,0,0,0,306.344527664232,146.465927798921
0,0,0,0,0,101.895308036513,0,116.054372245433,0,146.770754374523,0,113.144980278377,0,0,0,269.936825670274,0,213.67670887414,0,0,0,0,153.609372090384,0,0,92.3502314520023,145.74089716123,106.128596538706,0,0,0,0,0,151.01089327964,0,115.114253591495,0,0,0,93.4234866874731,0
0,78.9559315574845,0,236.681907140956,300.031143529538,241.635434294794,116.054372245433,0,0,195.314816908693,71.4788760670054,0,0,0,0,0,0,0,0,178.224497384947,0,0,0,283.88658203332,0,0,154.784755881607,180.543851962045,0,73.4795582048751,0,0,0,0,122.106946855269,0,140.574866691684,206.472608421747,0,165.597665022977,0
0,0,0,0,280.376028997576,0,0,0,0,0,196.04190773555,0,0,0,0,0,0,0,0,0,0,0,0,0,0,0,0,0,0,85.6072705949986,0,0,0,93.5029580098427,220.901129804706,98.6790043377568,97.3232815600345,179.718364159796,168.241326865882,161.325017232684,101.605593487621
0,0,0,0,0,0,146.770754374523,195.314816908693,0,0,215.611029055736,201.44584889478,0,0,106.33736463831,161.74915061469,0,178.683678585178,0,259.055025639447,0,255.441154257905,0,0,0,124.698445421759,0,173.201474590904,80.4367166559625,0,0,0,106.533627130087,180.90030328818,87.8456058929559,0,0,252.487290983309,223.705816669619,226.825099357786,0
0,0,0,76.5072790361762,187.77054666536,0,0,71.4788760670054,196.04190773555,215.611029055736,0,0,0,0,0,0,0,0,0,0,151.075371308616,0,155.24952173131,136.685314494491,192.693757128262,0,232.945974238958,117.208001126138,173.538155409849,0,0,0,0,0,209.996727521564,0,118.522099274347,115.541295036174,0,89.9429017381717,0
0,0,0,0,228.792310020318,228.075434767255,113.144980278377,0,0,201.44584889478,0,0,94.027247878695,0,0,0,108.136066660554,0,0,262.382215657622,200.878319874537,115.332064605654,186.348837226466,0,0,89.707245288964,163.945208919892,219.430938885781,0,345.797434674459,112.793316814908,0,0,335.371040201042,284.529238481835,0,151.806152521152,0,186.973586461633,81.9664354533492,136.792307586862
0,0,0,0,0,0,0,0,0,0,0,94.027247878695,0,174.013630695256,224.523755099568,0,0,0,0,0,0,0,0,74.7304794244225,0,62.859596780235,0,0,0,0,0,0,0,173.059382066957,0,0,0,0,0,0,0
0,0,0,0,253.401634605989,0,0,0,0,0,0,0,174.013630695256,0,159.183173818572,0,225.013371621378,0,0,0,154.070293657878,158.567996645797,193.659409924573,0,0,0,0,101.5853655613,178.748963182352,0,0,0,0,153.453047983244,0,0,115.194491798135,62.311273509377,0,104.369974912428,247.66948903751
0,0,0,0,0,0,0,0,0,106.33736463831,0,0,224.523755099568,159.183173818572,0,0,0,148.808626413748,0,198.528111506785,0,0,0,196.032358954952,0,259.442917595754,0,0,0,0,0,0,0,320.356811100276,0,0,240.185081663983,0,119.728129215699,94.9380989123498,89.1590885155172
0,0,0,0,96.5937438588657,0,269.936825670274,0,0,161.74915061469,0,0,0,0,0,0,0,0,175.196329314064,161.275817184598,0,0,0,183.786860782462,0,92.5568465385234,0,0,0,0,0,113.059176128709,0,191.519780382943,137.189596148386,0,0,0,0,261.605527103798,0
0,0,0,0,0,0,0,0,0,0,0,108.136066660554,0,225.013371621378,0,0,0,0,0,0,0,0,82.6299537488922,0,0,0,0,82.1742780037132,0,0,0,158.955087279859,0,172.608400267715,72.2278283150671,0,162.833808134102,0,153.876396855887,249.905610015455,0
0,0,0,0,0,0,213.67670887414,0,0,178.683678585178,0,0,0,0,148.808626413748,0,0,0,0,0,0,0,0,94.8881692391942,128.405764333981,0,0,139.654362654449,195.822649557859,0,0,0,0,199.492852797962,0,0,125.416941482916,0,0,0,0
0,0,0,0,112.349934713559,188.851177466023,0,0,0,0,0,0,0,0,0,175.196329314064,0,0,0,167.066576495979,0,0,0,0,0,161.302948562323,0,131.969743415579,241.682021696872,171.230058197369,0,173.001559092555,0,0,0,238.934743274142,96.7845769653343,0,0,0,84.3635741045246
128.530575464043,111.226326353722,0,0,0,151.695570509541,0,178.224497384947,0,259.055025639447,0,262.382215657622,0,0,198.528111506785,161.275817184598,0,0,167.066576495979,0,171.906398392157,0,0,180.355266595273,0,0,0,71.5579325720569,146.814226519809,0,0,0,0,0,94.7280504127031,75.4497121078207,309.997227542691,0,0,0,116.176698124939
0,0,0,347.376449530863,0,99.2646516363145,0,0,0,0,151.075371308616,200.878319874537,0,154.070293657878,0,0,0,0,0,171.906398392157,0,0,0,0,0,74.5815074003433,0,0,94.7529894315991,0,0,0,0,135.294330067913,100.812745974529,0,333.645516435298,135.667029391615,0,0,97.5855511246009
0,0,0,0,0,0,0,0,0,255.441154257905,0,115.332064605654,0,158.567996645797,0,0,0,0,0,0,0,0,276.620869034647,263.534399241887,0,0,0,0,0,0,0,0,0,0,169.742003380707,0,0,197.486504603685,0,0,111.435629183184
0,0,0,0,0,325.937289045041,153.609372090384,0,0,0,155.24952173131,186.348837226466,0,193.659409924573,0,0,82.6299537488922,0,0,0,0,276.620869034647,0,0,0,0,353.822894641502,289.631679007608,0,0,0,0,205.183249704085,208.005106191961,220.963068032256,0,205.09013266389,150.161410108805,0,115.871357769661,0
0,0,0,0,0,163.059043292369,0,283.88658203332,0,0,136.685314494491,0,74.7304794244225,0,196.032358954952,183.786860782462,0,94.8881692391942,0,180.355266595273,0,263.534399241887,0,0,139.792601838991,0,0,112.823430872325,82.6426202489162,120.912756812582,0,0,0,0,241.57250333243,222.053792850439,204.084074037941,224.551207449728,214.116367924649,154.142998692322,0
0,198.964527389285,0,0,0,0,0,0,0,0,192.693757128262,0,0,0,0,0,0,128.405764333981,0,0,0,0,0,139.792601838991,0,0,193.63278243493,67.8267069095267,0,0,0,0,0,190.185165668632,0,0,193.777661225572,95.7590805983148,0,0,119.345624434514
0,98.2230592632363,0,70.4221432298295,202.712457066107,250.461724766314,92.3502314520023,0,0,124.698445421759,0,89.707245288964,62.859596780235,0,259.442917595754,92.5568465385234,0,0,161.302948562323,0,74.5815074003433,0,0,0,0,0,139.93285932648,0,0,0,108.381749703452,0,104.915316975638,0,61.0664810463559,231.050882209,177.763106506206,109.093416850988,242.790381480436,0,0
338.131802716296,0,85.7623170715703,125.994729980093,0,0,145.74089716123,154.784755881607,0,0,232.945974238958,163.945208919892,0,0,0,0,0,0,0,0,0,0,353.822894641502,0,193.63278243493,139.93285932648,0,151.036729364761,138.425725342224,0,0,146.99041817625,169.453147353278,155.901486485736,283.248188884028,141.204637091722,142.054529471577,181.316358113209,195.378266313867,0,0
251.098274723989,142.385058730083,110.384905066973,134.960780198024,138.33942793804,0,106.128596538706,180.543851962045,0,173.201474590904,117.208001126138,219.430938885781,0,101.5853655613,0,0,82.1742780037132,139.654362654449,131.969743415579,71.5579325720569,0,0,289.631679007608,112.823430872325,67.8267069095267,0,151.036729364761,0,101.350815329073,160.537522273714,0,0,58.3493451392805,98.417953423071,0,114.511014214502,133.218162784108,0,306.640284138334,133.984214699576,0
0,90.1317194604647,0,212.592150359921,0,217.157696745803,0,0,0,80.4367166559625,173.538155409849,0,0,178.748963182352,0,0,0,195.822649557859,241.682021696872,146.814226519809,94.7529894315991,0,0,82.6426202489162,0,0,138.425725342224,101.350815329073,0,321.124897279917,0,92.5207898118833,0,124.853650664477,192.135034768848,227.504408813069,125.81518738273,303.527509149359,0,218.045528847001,0
0,0,0,0,0,0,0,73.4795582048751,85.6072705949986,0,0,345.797434674459,0,0,0,0,0,0,171.230058197369,0,0,0,0,120.912756812582,0,0,0,160.537522273714,321.124897279917,0,0,0,0,329.719143597451,0,154.065933476765,164.032723165762,0,0,0,137.177378802006
0,0,0,0,0,0,0,0,0,0,0,112.793316814908,0,0,0,0,0,0,0,0,0,0,0,0,0,108.381749703452,0,0,0,0,0,0,0,0,0,115.868441404982,188.936291522747,0,205.839960264176,0,99.3508940827211
0,0,172.892533368851,157.852515740516,0,0,0,0,0,0,0,0,0,0,0,113.059176128709,158.955087279859,0,173.001559092555,0,0,0,0,0,0,0,146.99041817625,0,92.5207898118833,0,0,0,0,0,0,0,348.674510760064,0,73.1029054543569,160.530221557972,161.694997919804
0,0,0,0,0,0,0,0,0,106.533627130087,0,0,0,0,0,0,0,0,0,0,0,0,205.183249704085,0,0,104.915316975638,169.453147353278,58.3493451392805,0,0,0,0,0,0,0,0,0,0,0,0,0
192.601533877686,0,0,114.649126378906,0,193.055010680236,151.01089327964,0,93.5029580098427,180.90030328818,0,335.371040201042,173.059382066957,153.453047983244,320.356811100276,191.519780382943,172.608400267715,199.492852797962,0,0,135.294330067913,0,208.005106191961,0,190.185165668632,0,155.901486485736,98.417953423071,124.853650664477,329.719143597451,0,0,0,0,128.846764897717,0,143.005810983322,78.8552325762656,357.423078228283,106.926813611922,66.5008477853491
249.798812580765,0,0,137.239127032733,0,81.2827395071039,0,122.106946855269,220.901129804706,87.8456058929559,209.996727521564,284.529238481835,0,0,0,137.189596148386,72.2278283150671,0,0,94.7280504127031,100.812745974529,169.742003380707,220.963068032256,241.57250333243,0,61.0664810463559,283.248188884028,0,192.135034768848,0,0,0,0,128.846764897717,0,103.519938150021,323.781250289068,204.481117647118,97.3506957544063,184.249961885477,231.715271819474
82.4756938751058,0,0,314.611698427915,153.672550905948,0,115.114253591495,0,98.6790043377568,0,0,0,0,0,0,0,0,0,238.934743274142,75.4497121078207,0,0,0,222.053792850439,0,231.050882209,141.204637091722,114.511014214502,227.504408813069,154.065933476765,115.868441404982,0,0,0,103.519938150021,0,165.893015276821,221.805809452716,0,211.840482897052,134.566479261133
0,206.912707094411,0,89.3673883748406,219.040656038919,0,0,140.574866691684,97.3232815600345,0,118.522099274347,151.806152521152,0,115.194491798135,240.185081663983,0,162.833808134102,125.416941482916,96.7845769653343,309.997227542691,333.645516435298,0,205.09013266389,204.084074037941,193.777661225572,177.763106506206,142.054529471577,133.218162784108,125.81518738273,164.032723165762,188.936291522747,348.674510760064,0,143.005810983322,323.781250289068,165.893015276821,0,0,197.893790332676,219.078548227669,194.442125915551
0,0,0,0,94.126460729827,0,0,206.472608421747,179.718364159796,252.487290983309,115.541295036174,0,0,62.311273509377,0,0,0,0,0,0,135.667029391615,197.486504603685,150.161410108805,224.551207449728,95.7590805983148,109.093416850988,181.316358113209,0,303.527509149359,0,0,0,0,78.8552325762656,204.481117647118,221.805809452716,0,0,120.567029282014,261.440278806413,90.7216186966914
0,0,0,0,0,0,0,0,168.241326865882,223.705816669619,0,186.973586461633,0,0,119.728129215699,0,153.876396855887,0,0,0,0,0,0,214.116367924649,0,242.790381480436,195.378266313867,306.640284138334,0,0,205.839960264176,73.1029054543569,0,357.423078228283,97.3506957544063,0,197.893790332676,120.567029282014,0,0,0
0,0,74.4197823064597,101.85207633558,80.8080171296381,306.344527664232,93.4234866874731,165.597665022977,161.325017232684,226.825099357786,89.9429017381717,81.9664354533492,0,104.369974912428,94.9380989123498,261.605527103798,249.905610015455,0,0,0,0,0,115.871357769661,154.142998692322,0,0,0,133.984214699576,218.045528847001,0,0,160.530221557972,0,106.926813611922,184.249961885477,211.840482897052,219.078548227669,261.440278806413,0,0,321.864157986053
0,0,201.100640800745,0,101.443495235174,146.465927798921,0,0,101.605593487621,0,0,136.792307586862,0,247.66948903751,89.1590885155172,0,0,0,84.3635741045246,116.176698124939,97.5855511246009,111.435629183184,0,0,119.345624434514,0,0,0,0,137.177378802006,99.3508940827211,161.694997919804,0,66.5008477853491,231.715271819474,134.566479261133,194.442125915551,90.7216186966914,0,321.864157986053,0
