0,0,0,0,0,0,0,0,0,150.161410108805,0,0,0,0,0,0,0,0,0,161.325017232684,0,0,0,0,0,0,0,0,0,0,0,89.3673883748406,0,0,112.793316814908,0,92.3502314520023,0,139.792601838991,0,0
0,0,0,0,0,0,0,0,0,0,0,0,0,157.852515740516,0,0,0,0,0,0,0,0,0,0,0,173.538155409849,0,89.707245288964,0,0,0,0,0,0,82.6426202489162,0,161.302948562323,0,0,81.9664354533492,66.5008477853491
0,0,0,122.106946855269,0,0,0,0,0,0,0,0,0,0,0,0,0,96.7845769653343,0,0,0,0,136.792307586862,0,0,0,0,0,0,0,0,0,0,0,0,195.314816908693,95.7590805983148,0,0,0,0
0,0,122.106946855269,0,119.728129215699,85.6072705949986,0,82.6299537488922,0,0,0,0,0,0,165.597665022977,0,0,0,0,0,0,0,142.385058730083,133.218162784108,0,0,0,146.99041817625,141.204637091722,0,0,0,0,323.781250289068,0,195.822649557859,269.936825670274,0,0,0,163.059043292369
0,0,0,119.728129215699,0,115.194491798135,0,0,0,0,261.440278806413,0,252.487290983309,0,0,226.825099357786,0,309.997227542691,0,154.784755881607,208.005106191961,0,348.674510760064,0,0,0,110.384905066973,0,0,0,0,0,0,0,0,0,74.5815074003433,205.839960264176,206.912707094411,205.183249704085,0
0,0,0,85.6072705949986,115.194491798135,0,0,338.131802716296,0,0,190.185165668632,140.574866691684,0,113.059176128709,0,0,0,0,0,0,153.453047983244,0,0,0,259.055025639447,0,0,151.075371308616,0,0,0,0,0,99.3508940827211,225.013371621378,0,0,289.631679007608,0,113.144980278377,128.530575464043
0,0,0,0,0,0,0,0,0,255.441154257905,198.964527389285,0,0,0,0,115.868441404982,0,0,75.4497121078207,0,0,0,0,196.04190773555,0,0,0,80.4367166559625,94.7529894315991,0,0,0,0,135.294330067913,106.33736463831,116.054372245433,172.608400267715,0,62.311273509377,217.157696745803,0
0,0,0,82.6299537488922,0,338.131802716296,0,0,0,193.055010680236,0,345.797434674459,0,101.85207633558,0,0,0,0,0,0,0,0,0,0,0,177.763106506206,215.611029055736,92.5568465385234,92.5207898118833,0,0,0,0,151.01089327964,96.5937438588657,204.481117647118,329.719143597451,125.81518738273,101.443495235174,0,94.8881692391942
0,0,0,0,0,0,0,0,0,261.605527103798,0,169.453147353278,0,0,0,0,0,0,228.792310020318,0,0,94.027247878695,0,0,0,205.09013266389,0,135.667029391615,99.2646516363145,0,0,0,0,0,120.567029282014,0,213.67670887414,0,125.994729980093,0,90.1317194604647
150.161410108805,0,0,0,0,0,255.441154257905,193.055010680236,261.605527103798,0,0,262.382215657622,0,0,0,61.0664810463559,0,0,186.348837226466,82.4756938751058,227.504408813069,0,0,74.7304794244225,0,200.878319874537,0,178.224497384947,160.530221557972,0,0,0,0,201.100640800745,0,0,89.1590885155172,169.742003380707,0,62.859596780235,180.355266595273
0,0,0,0,261.440278806413,190.185165668632,198.964527389285,0,0,0,0,0,0,276.620869034647,90.7216186966914,0,0,0,212.592150359921,357.423078228283,0,0,0,155.901486485736,0,0,0,97.3506957544063,241.635434294794,0,192.693757128262,0,0,162.833808134102,108.381749703452,0,97.5855511246009,0,0,174.013630695256,139.654362654449
0,0,0,0,0,140.574866691684,0,345.797434674459,169.453147353278,262.382215657622,0,0,173.001559092555,0,0,0,0,300.031143529538,0,0,325.937289045041,0,178.748963182352,0,184.249961885477,306.640284138334,101.605593487621,124.698445421759,353.822894641502,223.705816669619,0,112.349934713559,0,220.963068032256,138.33942793804,259.442917595754,164.032723165762,109.093416850988,0,0,94.9380989123498
0,0,0,0,252.487290983309,0,0,0,0,0,0,173.001559092555,0,0,0,0,0,0,0,0,0,0,0,0,0,0,0,0,0,0,0,0,0,158.955087279859,0,0,82.1742780037132,111.226326353722,146.465927798921,0,0
0,157.852515740516,0,0,0,113.059176128709,0,101.85207633558,0,0,276.620869034647,0,0,0,0,335.371040201042,153.672550905948,0,0,0,0,101.350815329073,146.770754374523,249.905610015455,0,0,0,0,0,253.401634605989,0,0,0,0,194.442125915551,251.098274723989,0,204.084074037941,0,124.853650664477,0
0,0,0,165.597665022977,0,0,0,0,0,0,90.7216186966914,0,0,0,0,0,0,0,0,67.8267069095267,0,0,0,142.054529471577,0,151.695570509541,120.912756812582,81.2827395071039,0,0,0,0,306.344527664232,0,284.529238481835,0,197.893790332676,114.649126378906,0,231.715271819474,0
0,0,0,0,226.825099357786,0,115.868441404982,0,0,61.0664810463559,0,0,0,335.371040201042,0,0,0,0,0,0,0,0,0,0,196.032358954952,0,0,238.934743274142,347.376449530863,0,0,0,0,0,0,173.059382066957,146.814226519809,143.005810983322,0,0,193.63278243493
0,0,0,0,0,0,0,0,0,0,0,0,0,153.672550905948,0,0,0,0,0,0,0,0,0,104.369974912428,0,0,221.805809452716,70.4221432298295,137.189596148386,0,0,0,0,87.8456058929559,0,193.659409924573,232.945974238958,0,321.864157986053,0,183.786860782462
0,0,96.7845769653343,0,309.997227542691,0,0,0,0,0,0,300.031143529538,0,0,0,0,0,0,0,0,71.5579325720569,0,0,250.461724766314,0,0,128.846764897717,0,0,0,0,0,0,191.519780382943,0,0,0,0,224.523755099568,220.901129804706,0
0,0,0,0,0,0,75.4497121078207,0,228.792310020318,186.348837226466,212.592150359921,0,0,0,0,0,0,0,0,161.694997919804,0,0,0,0,0,0,192.135034768848,0,231.050882209,165.893015276821,0,0,0,222.053792850439,0,0,159.183173818572,163.945208919892,0,72.2278283150671,0
161.325017232684,0,0,0,154.784755881607,0,0,0,0,82.4756938751058,357.423078228283,0,0,0,67.8267069095267,0,0,0,161.694997919804,0,0,0,155.24952173131,0,0,94.126460729827,108.136066660554,333.645516435298,0,114.511014214502,0,101.5853655613,0,188.936291522747,93.4234866874731,0,125.416941482916,0,98.6790043377568,219.040656038919,0
0,0,0,0,208.005106191961,153.453047983244,0,0,0,227.504408813069,0,325.937289045041,0,0,0,0,0,71.5579325720569,0,0,0,0,263.534399241887,171.906398392157,0,0,0,303.527509149359,128.405764333981,280.376028997576,0,0,0,115.114253591495,283.88658203332,0,94.7280504127031,0,0,0,0
0,0,0,0,0,0,0,0,94.027247878695,0,0,0,0,101.350815329073,0,0,0,0,0,0,0,0,0,0,249.798812580765,320.356811100276,0,0,0,0,0,0,0,0,178.683678585178,199.492852797962,0,76.5072790361762,0,181.316358113209,0
0,0,136.792307586862,142.385058730083,348.674510760064,0,0,0,0,0,0,178.748963182352,0,146.770754374523,0,0,0,0,0,155.24952173131,263.534399241887,0,0,85.7623170715703,0,0,89.9429017381717,197.486504603685,0,0,0,0,0,242.790381480436,137.239127032733,151.806152521152,97.3232815600345,0,0,171.230058197369,0
0,0,0,133.218162784108,0,0,196.04190773555,0,0,74.7304794244225,155.901486485736,0,0,249.905610015455,142.054529471577,0,104.369974912428,250.461724766314,0,0,171.906398392157,0,85.7623170715703,0,78.8552325762656,0,195.378266313867,180.90030328818,0,0,0,0,0,0,314.611698427915,154.142998692322,175.196329314064,321.124897279917,0,103.519938150021,138.425725342224
0,0,0,0,0,259.055025639447,0,0,0,0,0,184.249961885477,0,0,0,196.032358954952,0,0,0,0,0,249.798812580765,0,78.8552325762656,0,202.712457066107,0,104.915316975638,0,0,0,0,0,98.2230592632363,0,0,168.241326865882,0,0,0,133.984214699576
0,173.538155409849,0,0,0,0,0,177.763106506206,205.09013266389,200.878319874537,0,306.640284138334,0,0,151.695570509541,0,0,0,0,94.126460729827,0,320.356811100276,0,0,202.712457066107,0,0,172.892533368851,98.417953423071,145.74089716123,0,71.4788760670054,0,111.435629183184,112.823430872325,188.851177466023,161.74915061469,0,154.065933476765,148.808626413748,80.8080171296381
0,0,0,0,110.384905066973,0,0,215.611029055736,0,0,0,101.605593487621,0,0,120.912756812582,0,221.805809452716,128.846764897717,192.135034768848,108.136066660554,0,0,89.9429017381717,195.378266313867,0,0,0,209.996727521564,117.208001126138,180.543851962045,106.128596538706,214.116367924649,0,206.472608421747,0,187.77054666536,247.66948903751,0,0,160.537522273714,198.528111506785
0,89.707245288964,0,146.99041817625,0,151.075371308616,80.4367166559625,92.5568465385234,135.667029391615,178.224497384947,97.3506957544063,124.698445421759,0,0,81.2827395071039,238.934743274142,70.4221432298295,0,0,333.645516435298,303.527509149359,0,197.486504603685,180.90030328818,104.915316975638,172.892533368851,209.996727521564,0,153.609372090384,0,240.185081663983,193.777661225572,283.248188884028,211.840482897052,218.045528847001,0,0,158.567996645797,0,115.541295036174,0
0,0,0,141.204637091722,0,0,94.7529894315991,92.5207898118833,99.2646516363145,160.530221557972,241.635434294794,353.822894641502,0,0,0,347.376449530863,137.189596148386,0,231.050882209,0,128.405764333981,0,0,0,0,98.417953423071,117.208001126138,153.609372090384,0,0,0,0,219.430938885781,101.895308036513,219.078548227669,0,131.969743415579,192.601533877686,186.973586461633,118.522099274347,0
0,0,0,0,0,0,0,0,0,0,0,223.705816669619,0,253.401634605989,0,0,0,0,165.893015276821,114.511014214502,280.376028997576,0,0,0,0,145.74089716123,180.543851962045,0,0,0,161.275817184598,0,0,58.3493451392805,0,0,115.871357769661,0,0,0,201.44584889478
0,0,0,0,0,0,0,0,0,0,192.693757128262,0,0,0,0,0,0,0,0,0,0,0,0,0,0,0,106.128596538706,240.185081663983,0,161.275817184598,0,0,0,0,0,0,0,0,0,93.5029580098427,136.685314494491
89.3673883748406,0,0,0,0,0,0,0,0,0,0,112.349934713559,0,0,0,0,0,0,0,101.5853655613,0,0,0,0,0,71.4788760670054,214.116367924649,193.777661225572,0,0,0,0,84.3635741045246,0,241.57250333243,116.176698124939,0,0,134.566479261133,0,73.4795582048751
0,0,0,0,0,0,0,0,0,0,0,0,0,0,306.344527664232,0,0,0,0,0,0,0,0,0,0,0,0,283.248188884028,219.430938885781,0,0,84.3635741045246,0,0,73.1029054543569,0,0,0,0,0,0
0,0,0,323.781250289068,0,99.3508940827211,135.294330067913,151.01089327964,0,201.100640800745,162.833808134102,220.963068032256,158.955087279859,0,0,0,87.8456058929559,191.519780382943,222.053792850439,188.936291522747,115.114253591495,0,242.790381480436,0,98.2230592632363,111.435629183184,206.472608421747,211.840482897052,101.895308036513,58.3493451392805,0,0,0,0,106.926813611922,137.177378802006,78.9559315574845,154.070293657878,0,139.93285932648,224.551207449728
112.793316814908,82.6426202489162,0,0,0,225.013371621378,106.33736463831,96.5937438588657,120.567029282014,0,108.381749703452,138.33942793804,0,194.442125915551,284.529238481835,0,0,0,0,93.4234866874731,283.88658203332,178.683678585178,137.239127032733,314.611698427915,0,112.823430872325,0,218.045528847001,219.078548227669,0,0,241.57250333243,73.1029054543569,106.926813611922,0,74.4197823064597,0,119.345624434514,0,228.075434767255,151.036729364761
0,0,195.314816908693,195.822649557859,0,0,116.054372245433,204.481117647118,0,0,0,259.442917595754,0,251.098274723989,0,173.059382066957,193.659409924573,0,0,0,0,199.492852797962,151.806152521152,154.142998692322,0,188.851177466023,187.77054666536,0,0,0,0,116.176698124939,0,137.177378802006,74.4197823064597,0,173.201474590904,134.960780198024,0,241.682021696872,0
92.3502314520023,161.302948562323,95.7590805983148,269.936825670274,74.5815074003433,0,172.608400267715,329.719143597451,213.67670887414,89.1590885155172,97.5855511246009,164.032723165762,82.1742780037132,0,197.893790332676,146.814226519809,232.945974238958,0,159.183173818572,125.416941482916,94.7280504127031,0,97.3232815600345,175.196329314064,168.241326865882,161.74915061469,247.66948903751,0,131.969743415579,115.871357769661,0,0,0,78.9559315574845,0,173.201474590904,0,100.812745974529,167.066576495979,0,106.533627130087
0,0,0,0,205.839960264176,289.631679007608,0,125.81518738273,0,169.742003380707,0,109.093416850988,111.226326353722,204.084074037941,114.649126378906,143.005810983322,0,0,163.945208919892,0,0,76.5072790361762,0,321.124897279917,0,0,0,158.567996645797,192.601533877686,0,0,0,0,154.070293657878,119.345624434514,134.960780198024,100.812745974529,0,236.681907140956,179.718364159796,0
139.792601838991,0,0,0,206.912707094411,0,62.311273509377,101.443495235174,125.994729980093,0,0,0,146.465927798921,0,0,0,321.864157986053,224.523755099568,0,98.6790043377568,0,0,0,0,0,154.065933476765,0,0,186.973586461633,0,0,134.566479261133,0,0,0,0,167.066576495979,236.681907140956,0,115.332064605654,0
0,81.9664354533492,0,0,205.183249704085,113.144980278377,217.157696745803,0,0,62.859596780235,174.013630695256,0,0,124.853650664477,231.715271819474,0,0,220.901129804706,72.2278283150671,219.040656038919,0,181.316358113209,171.230058197369,103.519938150021,0,148.808626413748,160.537522273714,115.541295036174,118.522099274347,0,93.5029580098427,0,0,139.93285932648,228.075434767255,241.682021696872,0,179.718364159796,115.332064605654,0,153.876396855887
0,66.5008477853491,0,163.059043292369,0,128.530575464043,0,94.8881692391942,90.1317194604647,180.355266595273,139.654362654449,94.9380989123498,0,0,0,193.63278243493,183.786860782462,0,0,0,0,0,0,138.425725342224,133.984214699576,80.8080171296381,198.528111506785,0,0,201.44584889478,136.685314494491,73.4795582048751,0,224.551207449728,151.036729364761,0,106.533627130087,0,0,153.876396855887,0
