0,0,0,0,0,0,0,0,0,231.050882209,0,0,0,0,0,0,0,0,0,89.3673883748406,0,0,0,80.8080171296381,0,0,0,161.302948562323,0,0,0,195.822649557859,0,0,0,0,0,0,0,101.350815329073,0
0,0,0,0,0,0,0,0,0,0,0,300.031143529538,0,0,0,0,0,0,0,0,0,0,195.378266313867,0,0,192.135034768848,94.7529894315991,325.937289045041,0,0,0,0,0,0,160.530221557972,0,0,0,0,128.530575464043,0
0,0,0,0,114.649126378906,0,0,0,0,0,0,0,0,0,0,0,0,0,0,0,0,0,0,0,0,0,0,81.2827395071039,122.106946855269,0,0,0,0,0,0,0,115.194491798135,0,0,168.241326865882,0
0,0,0,0,173.201474590904,0,0,0,0,0,0,199.492852797962,0,0,228.075434767255,67.8267069095267,0,0,0,0,0,0,0,0,0,0,201.100640800745,153.453047983244,101.605593487621,0,0,0,0,109.093416850988,133.984214699576,0,154.065933476765,0,136.792307586862,136.685314494491,120.567029282014
0,0,114.649126378906,173.201474590904,0,0,0,0,0,146.99041817625,74.7304794244225,190.185165668632,0,0,0,0,0,0,0,0,146.770754374523,259.442917595754,0,0,0,155.901486485736,0,96.5937438588657,276.620869034647,0,0,154.784755881607,0,0,72.2278283150671,169.742003380707,169.453147353278,0,0,0,0
0,0,0,0,0,0,0,161.74915061469,180.90030328818,93.5029580098427,194.442125915551,219.430938885781,0,0,0,0,0,0,259.055025639447,0,0,0,269.936825670274,0,0,153.876396855887,0,0,58.3493451392805,0,0,0,0,0,150.161410108805,158.955087279859,175.196329314064,0,0,183.786860782462,92.5207898118833
0,0,0,0,0,0,0,303.527509149359,0,141.204637091722,0,90.7216186966914,0,261.605527103798,0,0,0,353.822894641502,0,0,101.443495235174,143.005810983322,0,0,0,146.465927798921,66.5008477853491,283.248188884028,0,128.846764897717,0,0,0,151.075371308616,0,0,0,0,0,82.6426202489162,0
0,0,0,0,0,161.74915061469,303.527509149359,0,0,195.314816908693,75.4497121078207,151.036729364761,163.059043292369,0,0,0,0,0,198.528111506785,228.792310020318,0,0,0,137.177378802006,0,0,0,0,0,162.833808134102,0,338.131802716296,0,333.645516435298,0,335.371040201042,124.698445421759,0,0,140.574866691684,137.189596148386
0,0,0,0,0,180.90030328818,0,0,0,0,0,0,0,0,242.790381480436,0,0,0,0,0,153.672550905948,0,0,249.905610015455,0,0,0,255.441154257905,0,0,0,0,0,106.33736463831,180.543851962045,92.3502314520023,94.9380989123498,0,0,284.529238481835,115.868441404982
231.050882209,0,0,0,146.99041817625,93.5029580098427,141.204637091722,195.314816908693,0,0,0,0,0,0,0,173.538155409849,0,95.7590805983148,0,0,0,0,87.8456058929559,0,0,241.635434294794,0,81.9664354533492,116.176698124939,0,0,221.805809452716,110.384905066973,101.895308036513,250.461724766314,196.032358954952,0,76.5072790361762,0,100.812745974529,0
0,0,0,0,74.7304794244225,194.442125915551,0,75.4497121078207,0,0,0,236.681907140956,205.183249704085,0,0,0,263.534399241887,0,0,0,82.6299537488922,0,241.57250333243,220.963068032256,0,187.77054666536,0,0,201.44584889478,0,0,0,0,222.053792850439,0,74.5815074003433,98.2230592632363,111.435629183184,252.487290983309,0,0
0,300.031143529538,0,199.492852797962,190.185165668632,219.430938885781,90.7216186966914,151.036729364761,0,0,236.681907140956,0,0,306.640284138334,0,0,0,0,200.878319874537,0,0,206.912707094411,227.504408813069,153.609372090384,160.537522273714,184.249961885477,0,191.519780382943,180.355266595273,0,0,0,0,0,108.136066660554,90.1317194604647,111.226326353722,89.1590885155172,0,329.719143597451,0
0,0,0,0,0,0,0,163.059043292369,0,0,205.183249704085,0,0,0,0,0,0,0,0,0,0,0,0,0,0,0,0,0,0,0,0,0,73.1029054543569,145.74089716123,171.230058197369,0,0,0,0,0,171.906398392157
0,0,0,0,0,0,261.605527103798,0,0,0,0,306.640284138334,0,0,114.511014214502,0,225.013371621378,193.659409924573,0,0,0,0,0,321.124897279917,0,0,0,0,0,197.486504603685,133.218162784108,0,0,0,212.592150359921,116.054372245433,106.533627130087,0,173.001559092555,106.128596538706,232.945974238958
0,0,0,228.075434767255,0,0,0,0,242.790381480436,0,0,0,0,114.511014214502,0,0,251.098274723989,0,0,178.224497384947,0,0,0,178.748963182352,0,115.871357769661,89.707245288964,0,179.718364159796,0,0,0,0,0,0,0,62.859596780235,128.405764333981,0,0,103.519938150021
0,0,0,67.8267069095267,0,0,0,0,0,173.538155409849,0,0,0,0,0,0,0,0,142.385058730083,0,155.24952173131,0,0,0,0,0,164.032723165762,94.027247878695,0,0,0,0,0,94.7280504127031,104.915316975638,71.5579325720569,98.417953423071,0,205.09013266389,0,0
0,0,0,0,0,0,0,0,0,0,263.534399241887,0,0,225.013371621378,251.098274723989,0,0,0,0,0,161.275817184598,0,0,0,0,186.973586461633,247.66948903751,0,0,0,0,0,0,97.5855511246009,177.763106506206,0,224.523755099568,0,0,0,280.376028997576
0,0,0,0,0,0,353.822894641502,0,0,95.7590805983148,0,0,0,193.659409924573,0,0,0,0,0,165.597665022977,0,0,0,0,101.5853655613,0,0,0,0,0,0,0,0,193.055010680236,0,0,99.3508940827211,206.472608421747,82.4756938751058,0,0
0,0,0,0,0,259.055025639447,0,198.528111506785,0,0,0,200.878319874537,0,0,0,142.385058730083,0,0,0,0,0,0,0,139.654362654449,0,204.481117647118,321.864157986053,197.893790332676,0,0,0,0,0,0,0,0,139.93285932648,192.601533877686,115.332064605654,61.0664810463559,0
89.3673883748406,0,0,0,0,0,0,228.792310020318,0,0,0,0,0,0,178.224497384947,0,0,165.597665022977,0,0,0,0,151.695570509541,0,146.814226519809,0,97.3232815600345,78.8552325762656,71.4788760670054,82.1742780037132,0,0,214.116367924649,117.208001126138,173.059382066957,224.551207449728,219.040656038919,205.839960264176,0,0,98.6790043377568
0,0,0,0,146.770754374523,0,101.443495235174,0,153.672550905948,0,82.6299537488922,0,0,0,0,155.24952173131,161.275817184598,0,0,0,0,0,0,0,0,219.078548227669,223.705816669619,0,261.440278806413,0,0,0,0,125.81518738273,165.893015276821,0,115.114253591495,253.401634605989,0,0,0
0,0,0,0,259.442917595754,0,143.005810983322,0,0,0,0,206.912707094411,0,0,0,0,0,0,0,0,0,0,0,139.792601838991,0,0,0,0,0,0,0,0,0,211.840482897052,119.728129215699,0,92.5568465385234,0,178.683678585178,0,0
0,195.378266313867,0,0,0,269.936825670274,0,0,0,87.8456058929559,241.57250333243,227.504408813069,0,0,0,0,0,0,0,151.695570509541,0,0,0,0,0,94.8881692391942,0,167.066576495979,347.376449530863,93.4234866874731,0,0,0,0,158.567996645797,0,74.4197823064597,99.2646516363145,348.674510760064,193.777661225572,0
80.8080171296381,0,0,0,0,0,0,137.177378802006,249.905610015455,0,220.963068032256,153.609372090384,0,321.124897279917,178.748963182352,0,0,0,139.654362654449,0,0,139.792601838991,0,0,0,218.045528847001,0,0,0,0,0,161.694997919804,0,172.608400267715,238.934743274142,323.781250289068,208.005106191961,357.423078228283,226.825099357786,157.852515740516,113.059176128709
0,0,0,0,0,0,0,0,0,0,0,160.537522273714,0,0,0,0,0,101.5853655613,0,146.814226519809,0,0,0,0,0,135.294330067913,0,154.142998692322,0,0,213.67670887414,215.611029055736,0,135.667029391615,0,0,0,0,0,84.3635741045246,217.157696745803
0,192.135034768848,0,0,155.901486485736,153.876396855887,146.465927798921,0,0,241.635434294794,187.77054666536,184.249961885477,0,0,115.871357769661,0,186.973586461633,0,204.481117647118,0,219.078548227669,0,94.8881692391942,218.045528847001,135.294330067913,0,289.631679007608,314.611698427915,0,220.901129804706,0,0,0,94.126460729827,0,0,0,118.522099274347,0,120.912756812582,0
0,94.7529894315991,0,201.100640800745,0,0,66.5008477853491,0,0,0,0,0,0,0,89.707245288964,164.032723165762,247.66948903751,0,321.864157986053,97.3232815600345,223.705816669619,0,0,0,0,289.631679007608,0,196.04190773555,172.892533368851,0,0,151.01089327964,0,85.7623170715703,112.793316814908,0,148.808626413748,202.712457066107,115.541295036174,188.936291522747,154.070293657878
161.302948562323,325.937289045041,81.2827395071039,153.453047983244,96.5937438588657,0,283.248188884028,0,255.441154257905,81.9664354533492,0,191.519780382943,0,0,0,94.027247878695,0,0,197.893790332676,78.8552325762656,0,0,167.066576495979,0,154.142998692322,314.611698427915,196.04190773555,0,96.7845769653343,138.33942793804,159.183173818572,0,124.853650664477,80.4367166559625,97.3506957544063,186.348837226466,89.9429017381717,119.345624434514,131.969743415579,188.851177466023,0
0,0,122.106946855269,101.605593487621,276.620869034647,58.3493451392805,0,0,0,116.176698124939,201.44584889478,180.355266595273,0,0,179.718364159796,0,0,0,0,71.4788760670054,261.440278806413,0,347.376449530863,0,0,0,172.892533368851,96.7845769653343,0,101.85207633558,209.996727521564,0,0,70.4221432298295,283.88658203332,125.416941482916,192.693757128262,112.349934713559,0,0,62.311273509377
0,0,0,0,0,0,128.846764897717,162.833808134102,0,0,0,0,0,197.486504603685,0,0,0,0,0,82.1742780037132,0,0,93.4234866874731,0,0,220.901129804706,0,138.33942793804,101.85207633558,0,0,174.013630695256,0,0,112.823430872325,0,262.382215657622,0,0,0,0
0,0,0,0,0,0,0,0,0,0,0,0,0,133.218162784108,0,0,0,0,0,0,0,0,0,0,213.67670887414,0,0,159.183173818572,209.996727521564,0,0,0,0,0,0,0,0,0,0,231.715271819474,204.084074037941
195.822649557859,0,0,0,154.784755881607,0,0,338.131802716296,0,221.805809452716,0,0,0,0,0,0,0,0,0,0,0,0,0,161.694997919804,215.611029055736,0,151.01089327964,0,0,174.013630695256,0,0,0,142.054529471577,0,0,138.425725342224,0,0,0,104.369974912428
0,0,0,0,0,0,0,0,0,110.384905066973,0,0,73.1029054543569,0,0,0,0,0,0,214.116367924649,0,0,0,0,0,0,0,124.853650664477,0,0,0,0,0,0,0,85.6072705949986,0,0,0,0,0
0,0,0,109.093416850988,0,0,151.075371308616,333.645516435298,106.33736463831,101.895308036513,222.053792850439,0,145.74089716123,0,0,94.7280504127031,97.5855511246009,193.055010680236,0,117.208001126138,125.81518738273,211.840482897052,0,172.608400267715,135.667029391615,94.126460729827,85.7623170715703,80.4367166559625,70.4221432298295,0,0,142.054529471577,0,0,125.994729980093,113.144980278377,193.63278243493,0,241.682021696872,320.356811100276,73.4795582048751
0,160.530221557972,0,133.984214699576,72.2278283150671,150.161410108805,0,0,180.543851962045,250.461724766314,0,108.136066660554,171.230058197369,212.592150359921,0,104.915316975638,177.763106506206,0,0,173.059382066957,165.893015276821,119.728129215699,158.567996645797,238.934743274142,0,0,112.793316814908,97.3506957544063,283.88658203332,112.823430872325,0,0,0,125.994729980093,0,198.964527389285,78.9559315574845,345.797434674459,0,151.806152521152,0
0,0,0,0,169.742003380707,158.955087279859,0,335.371040201042,92.3502314520023,196.032358954952,74.5815074003433,90.1317194604647,0,116.054372245433,0,71.5579325720569,0,0,0,224.551207449728,0,0,0,323.781250289068,0,0,0,186.348837226466,125.416941482916,0,0,0,85.6072705949986,113.144980278377,198.964527389285,0,161.325017232684,134.566479261133,0,0,249.798812580765
0,0,115.194491798135,154.065933476765,169.453147353278,175.196329314064,0,124.698445421759,94.9380989123498,0,98.2230592632363,111.226326353722,0,106.533627130087,62.859596780235,98.417953423071,224.523755099568,99.3508940827211,139.93285932648,219.040656038919,115.114253591495,92.5568465385234,74.4197823064597,208.005106191961,0,0,148.808626413748,89.9429017381717,192.693757128262,262.382215657622,0,138.425725342224,0,193.63278243493,78.9559315574845,161.325017232684,0,240.185081663983,0,163.945208919892,309.997227542691
0,0,0,0,0,0,0,0,0,76.5072790361762,111.435629183184,89.1590885155172,0,0,128.405764333981,0,0,206.472608421747,192.601533877686,205.839960264176,253.401634605989,0,99.2646516363145,357.423078228283,0,118.522099274347,202.712457066107,119.345624434514,112.349934713559,0,0,0,0,0,345.797434674459,134.566479261133,240.185081663983,0,106.926813611922,108.381749703452,137.239127032733
0,0,0,136.792307586862,0,0,0,0,0,0,252.487290983309,0,0,173.001559092555,0,205.09013266389,0,82.4756938751058,115.332064605654,0,0,178.683678585178,348.674510760064,226.825099357786,0,0,115.541295036174,131.969743415579,0,0,0,0,0,241.682021696872,0,0,0,106.926813611922,0,306.344527664232,134.960780198024
101.350815329073,128.530575464043,168.241326865882,136.685314494491,0,183.786860782462,82.6426202489162,140.574866691684,284.529238481835,100.812745974529,0,329.719143597451,0,106.128596538706,0,0,0,0,61.0664810463559,0,0,0,193.777661225572,157.852515740516,84.3635741045246,120.912756812582,188.936291522747,188.851177466023,0,0,231.715271819474,0,0,320.356811100276,151.806152521152,0,163.945208919892,108.381749703452,306.344527664232,0,181.316358113209
0,0,0,120.567029282014,0,92.5207898118833,0,137.189596148386,115.868441404982,0,0,0,171.906398392157,232.945974238958,103.519938150021,0,280.376028997576,0,0,98.6790043377568,0,0,0,113.059176128709,217.157696745803,0,154.070293657878,0,62.311273509377,0,204.084074037941,104.369974912428,0,73.4795582048751,0,249.798812580765,309.997227542691,137.239127032733,134.960780198024,181.316358113209,0
