0,0,0,0,191.519780382943,158.955087279859,0,0,0,0,0,0,0,0,0,0,0,0,0,0,0,0,0,0,0,0,228.075434767255,0,0,0,0,0,0,0,0,125.416941482916,223.705816669619,0,0,92.5207898118833,0
0,0,0,0,0,0,178.224497384947,0,0,0,0,0,0,0,0,0,0,353.822894641502,0,0,0,0,0,0,0,0,0,0,154.065933476765,0,255.441154257905,0,0,0,0,0,97.3232815600345,145.74089716123,0,0,143.005810983322
0,0,0,0,0,0,0,0,0,0,0,0,0,0,0,0,0,0,0,186.348837226466,0,0,0,0,0,0,0,139.792601838991,80.4367166559625,0,0,0,0,0,0,0,0,0,0,261.440278806413,100.812745974529
0,0,0,0,0,139.654362654449,168.241326865882,0,0,122.106946855269,0,0,0,0,112.793316814908,0,0,0,0,151.075371308616,0,0,173.201474590904,0,118.522099274347,347.376449530863,338.131802716296,0,163.059043292369,0,0,0,0,205.09013266389,0,0,115.114253591495,0,0,0,283.248188884028
191.519780382943,0,0,0,0,194.442125915551,0,0,0,0,73.1029054543569,0,0,115.332064605654,0,0,0,0,0,175.196329314064,94.9380989123498,0,163.945208919892,101.350815329073,0,0,0,0,0,0,0,0,0,219.430938885781,208.005106191961,171.906398392157,128.846764897717,128.530575464043,0,0,172.892533368851
158.955087279859,0,0,139.654362654449,194.442125915551,0,0,161.275817184598,0,0,0,134.960780198024,0,0,0,0,0,0,0,0,0,135.667029391615,0,0,160.537522273714,193.777661225572,325.937289045041,0,300.031143529538,177.763106506206,0,0,0,165.597665022977,151.695570509541,0,96.5937438588657,0,0,0,0
0,178.224497384947,0,168.241326865882,0,0,0,0,0,0,146.99041817625,0,0,0,215.611029055736,0,0,0,0,0,0,0,0,0,0,133.218162784108,196.032358954952,263.534399241887,193.055010680236,0,0,157.852515740516,180.90030328818,0,224.551207449728,0,0,116.176698124939,0,320.356811100276,0
0,0,0,0,0,161.275817184598,0,0,0,90.1317194604647,348.674510760064,0,0,0,217.157696745803,0,209.996727521564,98.2230592632363,0,0,186.973586461633,0,113.059176128709,0,0,0,0,252.487290983309,205.183249704085,0,0,0,0,106.33736463831,180.543851962045,197.486504603685,188.936291522747,0,198.528111506785,66.5008477853491,0
0,0,0,0,0,0,0,0,0,0,70.4221432298295,0,0,220.901129804706,82.4756938751058,0,0,133.984214699576,0,0,192.693757128262,0,142.054529471577,0,321.124897279917,0,0,89.9429017381717,0,0,0,0,0,0,0,0,172.608400267715,0,283.88658203332,106.128596538706,0
0,0,0,122.106946855269,0,0,0,90.1317194604647,0,0,0,115.194491798135,0,155.24952173131,0,179.718364159796,221.805809452716,0,0,204.481117647118,104.915316975638,0,0,0,0,314.611698427915,124.853650664477,242.790381480436,173.538155409849,0,0,0,0,61.0664810463559,117.208001126138,119.728129215699,124.698445421759,113.144980278377,0,280.376028997576,0
0,0,0,0,73.1029054543569,0,146.99041817625,348.674510760064,70.4221432298295,0,0,0,0,89.3673883748406,0,155.901486485736,0,0,0,0,78.8552325762656,0,0,151.036729364761,0,0,0,165.893015276821,219.040656038919,0,154.070293657878,190.185165668632,0,0,138.425725342224,0,169.742003380707,93.4234866874731,250.461724766314,0,0
0,0,0,0,0,134.960780198024,0,0,0,115.194491798135,0,0,306.640284138334,0,238.934743274142,164.032723165762,0,0,0,116.054372245433,110.384905066973,85.6072705949986,0,306.344527664232,0,115.541295036174,153.609372090384,206.472608421747,161.325017232684,0,0,0,0,95.7590805983148,303.527509149359,178.748963182352,169.453147353278,146.814226519809,261.605527103798,205.839960264176,181.316358113209
0,0,0,0,0,0,0,0,0,0,0,306.640284138334,0,0,0,0,154.784755881607,0,0,0,0,0,0,101.443495235174,0,0,74.4197823064597,0,0,0,0,0,0,173.059382066957,0,0,0,0,0,231.715271819474,0
0,0,0,0,115.332064605654,0,0,0,220.901129804706,155.24952173131,89.3673883748406,0,0,0,0,0,269.936825670274,0,0,0,0,0,0,241.682021696872,213.67670887414,103.519938150021,0,249.905610015455,201.100640800745,0,0,0,0,198.964527389285,335.371040201042,0,0,146.465927798921,0,96.7845769653343,0
0,0,0,112.793316814908,0,0,215.611029055736,217.157696745803,82.4756938751058,0,0,238.934743274142,0,0,0,193.63278243493,0,0,0,0,0,0,84.3635741045246,0,0,128.405764333981,262.382215657622,137.239127032733,0,0,0,134.566479261133,0,0,0,0,212.592150359921,0,0,0,0
0,0,0,0,0,0,0,0,0,179.718364159796,155.901486485736,164.032723165762,0,0,193.63278243493,0,0,0,195.314816908693,141.204637091722,0,0,0,0,0,0,0,0,214.116367924649,0,0,0,0,0,0,218.045528847001,58.3493451392805,0,0,120.567029282014,161.694997919804
0,0,0,0,0,0,0,209.996727521564,0,221.805809452716,0,0,154.784755881607,269.936825670274,0,0,0,0,0,0,0,0,0,0,0,0,0,345.797434674459,0,92.3502314520023,0,0,0,241.635434294794,197.893790332676,0,187.77054666536,137.189596148386,0,0,0
0,353.822894641502,0,0,0,0,0,98.2230592632363,133.984214699576,0,0,0,0,0,0,0,0,0,0,0,0,0,0,0,106.926813611922,92.5568465385234,0,232.945974238958,0,0,0,0,0,192.135034768848,98.417953423071,0,0,0,174.013630695256,0,0
0,0,0,0,0,0,0,0,0,0,0,0,0,0,0,195.314816908693,0,0,0,0,0,0,0,0,0,81.2827395071039,82.6299537488922,289.631679007608,0,0,0,78.9559315574845,0,159.183173818572,247.66948903751,0,74.5815074003433,93.5029580098427,119.345624434514,180.355266595273,136.792307586862
0,0,186.348837226466,151.075371308616,175.196329314064,0,0,0,0,204.481117647118,0,116.054372245433,0,0,0,141.204637091722,0,0,0,0,137.177378802006,0,259.055025639447,241.57250333243,0,0,0,139.93285932648,81.9664354533492,0,0,0,0,206.912707094411,146.770754374523,0,67.8267069095267,71.5579325720569,0,136.685314494491,87.8456058929559
0,0,0,0,94.9380989123498,0,0,186.973586461633,192.693757128262,104.915316975638,78.8552325762656,110.384905066973,0,0,0,0,0,0,0,137.177378802006,0,0,0,115.871357769661,0,0,0,0,253.401634605989,0,0,0,0,0,112.823430872325,323.781250289068,0,114.511014214502,94.8881692391942,0,0
0,0,0,0,0,135.667029391615,0,0,0,0,0,85.6072705949986,0,0,0,0,0,0,0,0,0,0,120.912756812582,101.895308036513,0,0,0,0,0,73.4795582048751,0,329.719143597451,0,0,0,101.5853655613,193.659409924573,0,0,0,0
0,0,0,173.201474590904,163.945208919892,0,0,113.059176128709,142.054529471577,0,0,0,0,0,84.3635741045246,0,0,0,0,259.055025639447,0,120.912756812582,0,0,0,0,0,162.833808134102,0,188.851177466023,0,0,0,226.825099357786,0,0,138.33942793804,195.822649557859,153.672550905948,111.435629183184,112.349934713559
0,0,0,0,101.350815329073,0,0,0,0,0,151.036729364761,306.344527664232,101.443495235174,241.682021696872,0,0,0,0,0,241.57250333243,115.871357769661,101.895308036513,0,0,0,94.7529894315991,89.1590885155172,99.2646516363145,0,97.3506957544063,0,222.053792850439,0,99.3508940827211,321.864157986053,192.601533877686,72.2278283150671,142.385058730083,0,0,82.1742780037132
0,0,0,118.522099274347,0,160.537522273714,0,0,321.124897279917,0,0,0,0,213.67670887414,0,0,0,106.926813611922,0,0,0,0,0,0,0,0,0,0,111.226326353722,0,0,0,0,0,0,0,115.868441404982,131.969743415579,0,108.136066660554,236.681907140956
0,0,0,347.376449530863,0,193.777661225572,133.218162784108,0,0,314.611698427915,0,115.541295036174,0,103.519938150021,128.405764333981,0,0,92.5568465385234,81.2827395071039,0,0,0,0,94.7529894315991,0,0,101.605593487621,150.161410108805,249.798812580765,0,0,231.050882209,0,0,151.01089327964,89.707245288964,140.574866691684,0,106.533627130087,114.649126378906,173.001559092555
228.075434767255,0,0,338.131802716296,0,325.937289045041,196.032358954952,0,0,124.853650664477,0,153.609372090384,74.4197823064597,0,262.382215657622,0,0,0,82.6299537488922,0,0,0,0,89.1590885155172,0,101.605593487621,0,151.806152521152,0,80.8080171296381,0,109.093416850988,0,211.840482897052,0,161.74915061469,0,160.530221557972,195.378266313867,228.792310020318,108.381749703452
0,0,139.792601838991,0,0,0,263.534399241887,252.487290983309,89.9429017381717,242.790381480436,165.893015276821,206.472608421747,0,249.905610015455,137.239127032733,0,345.797434674459,232.945974238958,289.631679007608,139.93285932648,0,0,162.833808134102,99.2646516363145,0,150.161410108805,151.806152521152,0,219.078548227669,71.4788760670054,0,225.013371621378,0,183.786860782462,199.492852797962,0,240.185081663983,90.7216186966914,62.311273509377,153.876396855887,85.7623170715703
0,154.065933476765,80.4367166559625,163.059043292369,0,300.031143529538,193.055010680236,205.183249704085,0,173.538155409849,219.040656038919,161.325017232684,0,201.100640800745,0,214.116367924649,0,0,0,81.9664354533492,253.401634605989,0,0,0,111.226326353722,249.798812580765,0,219.078548227669,0,0,75.4497121078207,0,0,224.523755099568,94.7280504127031,0,0,0,0,201.44584889478,276.620869034647
0,0,0,0,0,177.763106506206,0,0,0,0,0,0,0,0,0,0,92.3502314520023,0,0,0,0,73.4795582048751,188.851177466023,97.3506957544063,0,0,80.8080171296381,71.4788760670054,0,0,0,251.098274723989,0,98.6790043377568,62.859596780235,0,74.7304794244225,0,0,0,0
0,255.441154257905,0,0,0,0,0,0,0,0,154.070293657878,0,0,0,0,0,0,0,0,0,0,0,0,0,0,0,0,0,75.4497121078207,0,0,0,0,0,76.5072790361762,184.249961885477,0,0,0,0,94.027247878695
0,0,0,0,0,0,157.852515740516,0,0,0,190.185165668632,0,0,0,134.566479261133,0,0,0,78.9559315574845,0,0,329.719143597451,0,222.053792850439,0,231.050882209,109.093416850988,225.013371621378,0,251.098274723989,0,0,0,0,0,0,0,0,0,94.126460729827,0
0,0,0,0,0,0,180.90030328818,0,0,0,0,0,0,0,0,0,0,0,0,0,0,0,0,0,0,0,0,0,0,0,0,0,0,104.369974912428,0,167.066576495979,259.442917595754,0,0,0,161.302948562323
0,0,0,205.09013266389,219.430938885781,165.597665022977,0,106.33736463831,0,61.0664810463559,0,95.7590805983148,173.059382066957,198.964527389285,0,0,241.635434294794,192.135034768848,159.183173818572,206.912707094411,0,0,226.825099357786,99.3508940827211,0,0,211.840482897052,183.786860782462,224.523755099568,98.6790043377568,0,0,104.369974912428,0,220.963068032256,227.504408813069,200.878319874537,204.084074037941,125.994729980093,125.81518738273,357.423078228283
0,0,0,0,208.005106191961,151.695570509541,224.551207449728,180.543851962045,0,117.208001126138,138.425725342224,303.527509149359,0,335.371040201042,0,0,197.893790332676,98.417953423071,247.66948903751,146.770754374523,112.823430872325,0,0,321.864157986053,0,151.01089327964,0,199.492852797962,94.7280504127031,62.859596780235,76.5072790361762,0,0,220.963068032256,0,171.230058197369,154.142998692322,0,158.567996645797,202.712457066107,196.04190773555
125.416941482916,0,0,0,171.906398392157,0,0,197.486504603685,0,119.728129215699,0,178.748963182352,0,0,0,218.045528847001,0,0,0,0,323.781250289068,101.5853655613,0,192.601533877686,0,89.707245288964,161.74915061469,0,0,0,184.249961885477,0,167.066576495979,227.504408813069,171.230058197369,0,97.5855511246009,178.683678585178,0,148.808626413748,309.997227542691
223.705816669619,97.3232815600345,0,115.114253591495,128.846764897717,96.5937438588657,0,188.936291522747,172.608400267715,124.698445421759,169.742003380707,169.453147353278,0,0,212.592150359921,58.3493451392805,187.77054666536,0,74.5815074003433,67.8267069095267,0,193.659409924573,138.33942793804,72.2278283150671,115.868441404982,140.574866691684,0,240.185081663983,0,74.7304794244225,0,0,259.442917595754,200.878319874537,154.142998692322,97.5855511246009,0,333.645516435298,284.529238481835,153.453047983244,101.85207633558
0,145.74089716123,0,0,128.530575464043,0,116.176698124939,0,0,113.144980278377,93.4234866874731,146.814226519809,0,146.465927798921,0,0,137.189596148386,0,93.5029580098427,71.5579325720569,114.511014214502,0,195.822649557859,142.385058730083,131.969743415579,0,160.530221557972,90.7216186966914,0,0,0,0,0,204.084074037941,0,178.683678585178,333.645516435298,0,0,82.6426202489162,0
0,0,0,0,0,0,0,198.528111506785,283.88658203332,0,250.461724766314,261.605527103798,0,0,0,0,0,174.013630695256,119.345624434514,0,94.8881692391942,0,153.672550905948,0,0,106.533627130087,195.378266313867,62.311273509377,0,0,0,0,0,125.994729980093,158.567996645797,0,284.529238481835,0,0,135.294330067913,0
92.5207898118833,0,261.440278806413,0,0,0,320.356811100276,66.5008477853491,106.128596538706,280.376028997576,0,205.839960264176,231.715271819474,96.7845769653343,0,120.567029282014,0,0,180.355266595273,136.685314494491,0,0,111.435629183184,0,108.136066660554,114.649126378906,228.792310020318,153.876396855887,201.44584889478,0,0,94.126460729827,0,125.81518738273,202.712457066107,148.808626413748,153.453047983244,82.6426202489162,135.294330067913,0,0
0,143.005810983322,100.812745974529,283.248188884028,172.892533368851,0,0,0,0,0,0,181.316358113209,0,0,0,161.694997919804,0,0,136.792307586862,87.8456058929559,0,0,112.349934713559,82.1742780037132,236.681907140956,173.001559092555,108.381749703452,85.7623170715703,276.620869034647,0,94.027247878695,0,161.302948562323,357.423078228283,196.04190773555,309.997227542691,101.85207633558,0,0,0,0
