0,0,0,0,181.316358113209,0,0,0,0,136.685314494491,78.9559315574845,0,0,0,199.492852797962,0,0,0,0,0,0,0,0,255.441154257905,0,314.611698427915,0,0,0,0,0,0,0,0,0,0,0,0,0,0,0
0,0,0,0,0,0,0,249.798812580765,0,0,0,0,0,0,0,0,89.9429017381717,0,0,0,0,0,71.5579325720569,0,0,180.90030328818,0,62.311273509377,0,0,0,0,0,0,0,0,0,211.840482897052,0,0,114.511014214502
0,0,0,0,0,0,0,0,214.116367924649,0,0,0,0,0,106.33736463831,0,0,186.348837226466,0,0,0,0,0,0,0,0,0,0,241.682021696872,0,0,0,0,0,0,0,0,0,0,100.812745974529,0
0,0,0,0,0,0,0,82.6426202489162,0,0,0,0,209.996727521564,0,0,0,0,0,108.136066660554,241.57250333243,0,134.960780198024,0,0,0,135.667029391615,0,154.070293657878,93.4234866874731,0,0,0,0,96.5937438588657,303.527509149359,259.055025639447,148.808626413748,0,0,225.013371621378,0
181.316358113209,0,0,0,0,0,135.294330067913,232.945974238958,0,172.892533368851,0,0,0,150.161410108805,0,0,0,119.345624434514,0,0,0,0,106.128596538706,0,0,97.3232815600345,184.249961885477,0,0,114.649126378906,0,0,0,195.822649557859,0,0,0,195.314816908693,161.325017232684,0,151.695570509541
0,0,0,0,0,0,0,187.77054666536,0,87.8456058929559,0,0,0,0,98.6790043377568,118.522099274347,0,0,0,0,92.5207898118833,0,153.453047983244,0,0,347.376449530863,85.6072705949986,154.784755881607,0,0,0,0,280.376028997576,0,228.792310020318,0,227.504408813069,0,94.8881692391942,220.963068032256,0
0,0,0,0,135.294330067913,0,0,0,0,0,0,241.635434294794,0,0,0,0,0,0,0,177.763106506206,140.574866691684,0,0,0,0,115.332064605654,0,89.707245288964,0,0,196.032358954952,0,97.5855511246009,0,205.183249704085,128.846764897717,238.934743274142,0,0,155.24952173131,62.859596780235
0,249.798812580765,0,82.6426202489162,232.945974238958,187.77054666536,0,0,0,348.674510760064,192.135034768848,0,0,81.9664354533492,0,231.715271819474,0,0,0,0,0,0,0,151.01089327964,0,0,186.973586461633,0,161.275817184598,0,133.218162784108,0,0,0,338.131802716296,0,74.5815074003433,0,168.241326865882,0,221.805809452716
0,0,214.116367924649,0,0,0,0,0,0,0,0,0,0,0,93.5029580098427,0,0,0,0,179.718364159796,0,0,259.442917595754,0,0,99.2646516363145,0,103.519938150021,84.3635741045246,0,0,0,0,201.44584889478,0,101.895308036513,90.1317194604647,0,0,0,213.67670887414
136.685314494491,0,0,0,172.892533368851,87.8456058929559,0,348.674510760064,0,0,0,151.036729364761,0,134.566479261133,0,0,0,0,173.201474590904,269.936825670274,0,0,0,0,99.3508940827211,67.8267069095267,101.443495235174,306.640284138334,0,0,0,161.302948562323,0,120.567029282014,157.852515740516,153.609372090384,283.88658203332,335.371040201042,0,0,0
78.9559315574845,0,0,0,0,0,0,192.135034768848,0,0,0,193.777661225572,95.7590805983148,0,0,0,141.204637091722,0,0,109.093416850988,0,0,0,75.4497121078207,0,0,0,61.0664810463559,0,0,0,158.567996645797,85.7623170715703,193.659409924573,0,215.611029055736,89.3673883748406,125.416941482916,119.728129215699,115.868441404982,0
0,0,0,0,0,0,241.635434294794,0,0,151.036729364761,193.777661225572,0,0,133.984214699576,116.054372245433,146.770754374523,0,0,201.100640800745,0,0,0,0,74.7304794244225,0,178.683678585178,357.423078228283,81.2827395071039,0,117.208001126138,0,110.384905066973,0,72.2278283150671,180.543851962045,306.344527664232,204.084074037941,197.893790332676,128.405764333981,139.792601838991,162.833808134102
0,0,0,209.996727521564,0,0,0,0,0,0,95.7590805983148,0,0,94.7529894315991,0,0,0,0,0,0,0,0,0,0,0,0,0,250.461724766314,0,0,0,0,0,0,82.6299537488922,154.065933476765,0,0,0,0,0
0,0,0,0,150.161410108805,0,0,81.9664354533492,0,134.566479261133,0,133.984214699576,94.7529894315991,0,138.33942793804,0,0,0,0,128.530575464043,0,0,0,0,0,0,251.098274723989,223.705816669619,74.4197823064597,0,160.530221557972,0,0,92.5568465385234,0,0,125.81518738273,113.059176128709,0,0,0
199.492852797962,0,106.33736463831,0,0,98.6790043377568,0,0,93.5029580098427,0,0,116.054372245433,0,138.33942793804,0,0,0,0,0,0,0,0,222.053792850439,115.541295036174,0,0,174.013630695256,0,167.066576495979,0,0,0,0,0,0,0,261.605527103798,0,0,163.059043292369,0
0,0,0,0,0,118.522099274347,0,231.715271819474,0,0,0,146.770754374523,0,0,0,0,0,0,0,0,231.050882209,115.114253591495,0,0,0,0,219.078548227669,0,0,0,101.85207633558,0,0,161.74915061469,194.442125915551,0,0,0,155.901486485736,192.601533877686,0
0,89.9429017381717,0,0,0,0,0,0,0,0,141.204637091722,0,0,0,0,0,0,0,0,321.864157986053,0,0,164.032723165762,224.551207449728,0,71.4788760670054,0,0,90.7216186966914,0,0,0,0,0,236.681907140956,0,247.66948903751,0,0,137.239127032733,0
0,0,186.348837226466,0,119.345624434514,0,0,0,0,0,0,0,0,0,0,0,0,0,0,0,106.926813611922,82.1742780037132,0,0,0,0,0,115.871357769661,0,0,0,0,0,0,0,70.4221432298295,252.487290983309,0,146.99041817625,0,116.176698124939
0,0,0,108.136066660554,0,0,0,0,0,173.201474590904,0,201.100640800745,0,0,0,0,0,0,0,192.693757128262,0,101.5853655613,0,0,0,300.031143529538,0,0,0,0,0,169.742003380707,0,124.853650664477,137.177378802006,0,113.144980278377,120.912756812582,0,283.248188884028,0
0,0,0,241.57250333243,0,0,177.763106506206,0,179.718364159796,269.936825670274,109.093416850988,0,0,128.530575464043,0,0,321.864157986053,0,192.693757128262,0,0,0,0,0,333.645516435298,0,0,73.1029054543569,220.901129804706,0,0,0,0,73.4795582048751,165.893015276821,0,329.719143597451,323.781250289068,0,191.519780382943,172.608400267715
0,0,0,0,0,92.5207898118833,140.574866691684,0,0,0,0,0,0,0,0,231.050882209,0,106.926813611922,0,0,0,0,0,212.592150359921,0,0,173.538155409849,345.797434674459,173.059382066957,0,0,0,0,122.106946855269,353.822894641502,0,204.481117647118,0,160.537522273714,139.654362654449,0
0,0,0,134.960780198024,0,0,0,0,0,0,0,0,0,0,0,115.114253591495,0,82.1742780037132,101.5853655613,0,0,0,92.3502314520023,0,0,0,0,0,78.8552325762656,0,0,0,0,0,0,0,104.369974912428,0,0,0,101.350815329073
0,71.5579325720569,0,0,106.128596538706,153.453047983244,0,0,259.442917595754,0,0,0,0,0,222.053792850439,0,164.032723165762,0,0,0,0,92.3502314520023,0,142.385058730083,0,0,0,197.486504603685,0,151.806152521152,0,0,0,219.040656038919,261.440278806413,0,198.964527389285,253.401634605989,0,276.620869034647,0
255.441154257905,0,0,0,0,0,0,151.01089327964,0,0,75.4497121078207,74.7304794244225,0,0,115.541295036174,0,224.551207449728,0,0,0,212.592150359921,0,142.385058730083,0,76.5072790361762,262.382215657622,0,111.435629183184,0,219.430938885781,0,158.955087279859,0,175.196329314064,104.915316975638,0,142.054529471577,240.185081663983,0,66.5008477853491,224.523755099568
0,0,0,0,0,0,0,0,0,99.3508940827211,0,0,0,0,0,0,0,0,0,333.645516435298,0,0,0,76.5072790361762,0,0,98.417953423071,138.425725342224,0,0,0,0,0,217.157696745803,0,0,146.814226519809,0,171.230058197369,98.2230592632363,139.93285932648
314.611698427915,180.90030328818,0,135.667029391615,97.3232815600345,347.376449530863,115.332064605654,0,99.2646516363145,67.8267069095267,0,178.683678585178,0,0,0,0,71.4788760670054,0,300.031143529538,0,0,0,0,262.382215657622,0,0,101.605593487621,208.005106191961,0,169.453147353278,0,0,0,205.839960264176,0,154.142998692322,0,0,190.185165668632,137.189596148386,94.027247878695
0,0,0,0,184.249961885477,85.6072705949986,0,186.973586461633,0,101.443495235174,0,357.423078228283,0,251.098274723989,174.013630695256,219.078548227669,0,0,0,0,173.538155409849,0,0,0,98.417953423071,101.605593487621,0,124.698445421759,321.124897279917,125.994729980093,0,0,82.4756938751058,206.912707094411,0,115.194491798135,146.465927798921,106.533627130087,0,80.8080171296381,0
0,62.311273509377,0,154.070293657878,0,154.784755881607,89.707245288964,0,103.519938150021,306.640284138334,61.0664810463559,81.2827395071039,250.461724766314,223.705816669619,0,0,0,115.871357769661,0,73.1029054543569,345.797434674459,0,197.486504603685,111.435629183184,138.425725342224,208.005106191961,124.698445421759,0,80.4367166559625,309.997227542691,0,0,0,284.529238481835,112.823430872325,97.3506957544063,180.355266595273,143.005810983322,161.694997919804,165.597665022977,0
0,0,241.682021696872,93.4234866874731,0,0,0,161.275817184598,84.3635741045246,0,0,0,0,74.4197823064597,167.066576495979,0,90.7216186966914,0,0,220.901129804706,173.059382066957,78.8552325762656,0,0,0,0,321.124897279917,80.4367166559625,0,94.9380989123498,218.045528847001,0,0,94.126460729827,96.7845769653343,178.748963182352,193.63278243493,188.936291522747,0,226.825099357786,198.528111506785
0,0,0,0,114.649126378906,0,0,0,0,0,0,117.208001126138,0,0,0,0,0,0,0,0,0,0,151.806152521152,219.430938885781,0,169.453147353278,125.994729980093,309.997227542691,94.9380989123498,0,0,94.7280504127031,0,0,0,0,196.04190773555,320.356811100276,0,0,0
0,0,0,0,0,0,196.032358954952,133.218162784108,0,0,0,0,0,160.530221557972,0,101.85207633558,0,0,0,0,0,0,0,0,0,0,0,0,218.045528847001,0,0,0,0,0,163.945208919892,0,0,0,0,0,0
0,0,0,0,0,0,0,0,0,161.302948562323,158.567996645797,110.384905066973,0,0,0,0,0,0,169.742003380707,0,0,0,0,158.955087279859,0,0,0,0,0,94.7280504127031,0,0,0,188.851177466023,153.672550905948,0,0,151.075371308616,0,195.378266313867,58.3493451392805
0,0,0,0,0,280.376028997576,97.5855511246009,0,0,0,85.7623170715703,0,0,0,0,0,0,0,0,0,0,0,0,0,0,0,82.4756938751058,0,0,0,0,0,0,0,0,0,325.937289045041,0,0,0,0
0,0,0,96.5937438588657,195.822649557859,0,0,0,201.44584889478,120.567029282014,193.659409924573,72.2278283150671,0,92.5568465385234,0,161.74915061469,0,0,124.853650664477,73.4795582048751,122.106946855269,0,219.040656038919,175.196329314064,217.157696745803,205.839960264176,206.912707094411,284.529238481835,94.126460729827,0,0,188.851177466023,0,0,145.74089716123,200.878319874537,242.790381480436,171.906398392157,112.349934713559,202.712457066107,173.001559092555
0,0,0,303.527509149359,0,228.792310020318,205.183249704085,338.131802716296,0,157.852515740516,0,180.543851962045,82.6299537488922,0,0,194.442125915551,236.681907140956,0,137.177378802006,165.893015276821,353.822894641502,0,261.440278806413,104.915316975638,0,0,0,112.823430872325,96.7845769653343,0,163.945208919892,153.672550905948,0,145.74089716123,0,205.09013266389,159.183173818572,263.534399241887,228.075434767255,136.792307586862,111.226326353722
0,0,0,259.055025639447,0,0,128.846764897717,0,101.895308036513,153.609372090384,215.611029055736,306.344527664232,154.065933476765,0,0,0,0,70.4221432298295,0,0,0,0,0,0,0,154.142998692322,115.194491798135,97.3506957544063,178.748963182352,0,0,0,0,200.878319874537,205.09013266389,0,178.224497384947,89.1590885155172,112.793316814908,153.876396855887,193.055010680236
0,0,0,148.808626413748,0,227.504408813069,238.934743274142,74.5815074003433,90.1317194604647,283.88658203332,89.3673883748406,204.084074037941,0,125.81518738273,261.605527103798,0,247.66948903751,252.487290983309,113.144980278377,329.719143597451,204.481117647118,104.369974912428,198.964527389285,142.054529471577,146.814226519809,0,146.465927798921,180.355266595273,193.63278243493,196.04190773555,0,0,325.937289045041,242.790381480436,159.183173818572,178.224497384947,0,183.786860782462,0,249.905610015455,206.472608421747
0,211.840482897052,0,0,195.314816908693,0,0,0,0,335.371040201042,125.416941482916,197.893790332676,0,113.059176128709,0,0,0,0,120.912756812582,323.781250289068,0,0,253.401634605989,240.185081663983,0,0,106.533627130087,143.005810983322,188.936291522747,320.356811100276,0,151.075371308616,0,171.906398392157,263.534399241887,89.1590885155172,183.786860782462,0,0,0,289.631679007608
0,0,0,0,161.325017232684,94.8881692391942,0,168.241326865882,0,0,119.728129215699,128.405764333981,0,0,0,155.901486485736,0,146.99041817625,0,0,160.537522273714,0,0,0,171.230058197369,190.185165668632,0,161.694997919804,0,0,0,0,0,112.349934713559,228.075434767255,112.793316814908,0,0,0,0,131.969743415579
0,0,100.812745974529,225.013371621378,0,220.963068032256,155.24952173131,0,0,0,115.868441404982,139.792601838991,0,0,163.059043292369,192.601533877686,137.239127032733,0,283.248188884028,191.519780382943,139.654362654449,0,276.620869034647,66.5008477853491,98.2230592632363,137.189596148386,80.8080171296381,165.597665022977,226.825099357786,0,0,195.378266313867,0,202.712457066107,136.792307586862,153.876396855887,249.905610015455,0,0,0,108.381749703452
0,114.511014214502,0,0,151.695570509541,0,62.859596780235,221.805809452716,213.67670887414,0,0,162.833808134102,0,0,0,0,0,116.176698124939,0,172.608400267715,0,101.350815329073,0,224.523755099568,139.93285932648,94.027247878695,0,0,198.528111506785,0,0,58.3493451392805,0,173.001559092555,111.226326353722,193.055010680236,206.472608421747,289.631679007608,131.969743415579,108.381749703452,0
