0,125.994729980093,0,0,0,0,190.185165668632,0,0,0,0,0,0,0,0,0,150.161410108805,0,214.116367924649,0,0,0,111.226326353722,0,0,0,0,202.712457066107,0,0,0,0,0,0,0,0,0,0,0,0,0
125.994729980093,0,0,0,0,0,0,0,0,168.241326865882,0,0,0,0,0,0,134.566479261133,0,0,0,0,0,0,0,0,196.04190773555,0,89.3673883748406,333.645516435298,0,0,0,0,0,0,0,0,0,0,0,155.24952173131
0,0,0,0,0,0,0,0,0,213.67670887414,0,195.314816908693,0,0,0,0,0,0,0,0,0,0,0,240.185081663983,0,0,0,0,0,0,0,0,0,0,0,0,211.840482897052,303.527509149359,0,0,0
0,0,0,0,0,0,0,58.3493451392805,0,124.698445421759,0,80.4367166559625,0,0,0,0,0,0,0,0,0,0,320.356811100276,106.533627130087,0,0,0,228.792310020318,160.530221557972,0,0,0,0,115.541295036174,194.442125915551,0,249.905610015455,0,325.937289045041,104.915316975638,232.945974238958
0,0,0,0,0,140.574866691684,0,0,62.311273509377,0,137.189596148386,0,0,0,0,172.892533368851,0,0,0,0,0,0,113.059176128709,180.90030328818,0,82.1742780037132,106.128596538706,78.8552325762656,151.806152521152,0,0,0,70.4221432298295,0,222.053792850439,0,104.369974912428,0,0,0,94.8881692391942
0,0,0,0,140.574866691684,0,0,0,0,0,153.672550905948,0,0,0,0,0,0,0,96.5937438588657,0,323.781250289068,0,0,0,161.74915061469,82.4756938751058,151.01089327964,205.839960264176,0,0,0,0,0,223.705816669619,0,206.912707094411,0,193.659409924573,92.3502314520023,90.1317194604647,81.9664354533492
190.185165668632,0,0,0,0,0,0,0,0,204.084074037941,0,220.963068032256,0,0,155.901486485736,0,0,0,163.059043292369,0,101.350815329073,0,0,61.0664810463559,0,109.093416850988,71.4788760670054,87.8456058929559,0,160.537522273714,0,0,0,84.3635741045246,0,0,0,0,0,138.33942793804,0
0,0,0,58.3493451392805,0,0,0,0,93.5029580098427,0,159.183173818572,110.384905066973,173.201474590904,0,0,0,0,0,111.435629183184,0,231.050882209,0,0,0,0,188.936291522747,219.078548227669,183.786860782462,115.194491798135,0,0,0,0,0,0,142.385058730083,112.793316814908,173.538155409849,220.901129804706,178.683678585178,0
0,0,0,0,62.311273509377,0,0,93.5029580098427,0,0,116.054372245433,259.442917595754,0,259.055025639447,0,0,0,0,0,0,0,0,0,251.098274723989,0,0,338.131802716296,348.674510760064,135.294330067913,0,0,0,0,0,0,0,161.694997919804,0,0,0,108.381749703452
0,168.241326865882,213.67670887414,124.698445421759,0,0,204.084074037941,0,0,0,0,0,0,0,195.378266313867,231.715271819474,0,0,0,0,0,108.136066660554,0,0,0,122.106946855269,73.1029054543569,85.6072705949986,89.9429017381717,0,139.654362654449,0,0,205.183249704085,201.100640800745,131.969743415579,146.814226519809,0,0,173.059382066957,193.63278243493
0,0,0,0,137.189596148386,153.672550905948,0,159.183173818572,116.054372245433,0,0,0,0,0,0,0,0,0,0,153.453047983244,250.461724766314,347.376449530863,0,206.472608421747,71.5579325720569,146.99041817625,241.635434294794,0,0,0,0,0,0,200.878319874537,0,0,112.823430872325,204.481117647118,0,120.912756812582,219.430938885781
0,0,195.314816908693,80.4367166559625,0,0,220.963068032256,110.384905066973,259.442917595754,0,0,0,0,0,0,201.44584889478,0,0,74.4197823064597,145.74089716123,0,139.93285932648,164.032723165762,0,0,215.611029055736,228.075434767255,357.423078228283,209.996727521564,0,0,138.425725342224,0,151.695570509541,101.895308036513,136.685314494491,0,199.492852797962,94.027247878695,0,128.846764897717
0,0,0,0,0,0,0,173.201474590904,0,0,0,0,0,0,0,0,0,0,0,0,0,0,0,283.248188884028,0,0,0,0,89.707245288964,0,0,180.543851962045,0,163.945208919892,97.3506957544063,0,0,0,0,0,0
0,0,0,0,0,0,0,0,259.055025639447,0,0,0,0,0,0,0,0,186.973586461633,0,0,0,0,0,117.208001126138,0,0,0,0,218.045528847001,151.036729364761,0,345.797434674459,136.792307586862,0,103.519938150021,242.790381480436,306.344527664232,158.955087279859,165.597665022977,125.416941482916,119.345624434514
0,0,0,0,0,0,155.901486485736,0,0,195.378266313867,0,0,0,0,0,0,0,0,0,0,195.822649557859,0,241.682021696872,0,94.126460729827,321.864157986053,0,74.7304794244225,0,0,0,0,0,167.066576495979,0,300.031143529538,115.871357769661,0,95.7590805983148,73.4795582048751,0
0,0,0,0,172.892533368851,0,0,0,0,231.715271819474,0,201.44584889478,0,0,0,0,114.511014214502,0,321.124897279917,0,0,0,0,0,0,0,0,0,252.487290983309,263.534399241887,0,0,0,106.926813611922,0,0,114.649126378906,106.33736463831,62.859596780235,0,0
150.161410108805,134.566479261133,0,0,0,0,0,0,0,0,0,0,0,0,0,114.511014214502,0,0,0,0,0,247.66948903751,0,0,0,0,101.605593487621,0,0,0,0,221.805809452716,0,89.1590885155172,128.405764333981,101.5853655613,0,178.748963182352,0,0,0
0,0,0,0,0,0,0,0,0,0,0,0,0,186.973586461633,0,0,0,0,0,94.7280504127031,143.005810983322,0,187.77054666536,0,191.519780382943,0,118.522099274347,205.09013266389,0,0,0,0,0,0,0,0,224.551207449728,0,0,353.822894641502,0
214.116367924649,0,0,0,0,96.5937438588657,163.059043292369,111.435629183184,0,0,0,74.4197823064597,0,0,0,321.124897279917,0,0,0,0,0,0,0,173.001559092555,0,0,219.040656038919,67.8267069095267,146.770754374523,0,0,0,0,178.224497384947,154.070293657878,0,0,0,0,0,0
0,0,0,0,0,0,0,0,0,0,153.453047983244,145.74089716123,0,0,0,0,0,94.7280504127031,0,0,0,0,134.960780198024,0,157.852515740516,177.763106506206,0,255.441154257905,115.332064605654,0,193.055010680236,241.57250333243,276.620869034647,174.013630695256,81.2827395071039,0,137.177378802006,186.348837226466,116.176698124939,224.523755099568,0
0,0,0,0,0,323.781250289068,101.350815329073,231.050882209,0,0,250.461724766314,0,0,0,195.822649557859,0,0,143.005810983322,0,0,0,0,0,0,0,0,0,99.2646516363145,0,0,0,0,0,133.984214699576,329.719143597451,0,208.005106191961,165.893015276821,0,169.742003380707,171.906398392157
0,0,0,0,0,0,0,0,0,108.136066660554,347.376449530863,139.93285932648,0,0,0,0,247.66948903751,0,0,0,0,0,0,0,0,0,0,0,0,0,0,0,0,212.592150359921,0,0,289.631679007608,0,0,261.605527103798,171.230058197369
111.226326353722,0,0,320.356811100276,113.059176128709,0,0,0,0,0,0,164.032723165762,0,0,241.682021696872,0,0,187.77054666536,0,134.960780198024,0,0,0,0,0,0,0,92.5568465385234,0,0,0,309.997227542691,196.032358954952,253.401634605989,0,139.792601838991,225.013371621378,93.4234866874731,0,72.2278283150671,0
0,0,240.185081663983,106.533627130087,180.90030328818,0,61.0664810463559,0,251.098274723989,0,206.472608421747,0,283.248188884028,117.208001126138,0,0,0,0,173.001559092555,0,0,0,0,0,151.075371308616,97.5855511246009,0,98.2230592632363,66.5008477853491,188.851177466023,0,0,0,0,75.4497121078207,154.784755881607,280.376028997576,0,0,146.465927798921,314.611698427915
0,0,0,0,0,161.74915061469,0,0,0,0,71.5579325720569,0,0,0,94.126460729827,0,0,191.519780382943,0,157.852515740516,0,0,0,151.075371308616,0,74.5815074003433,0,269.936825670274,0,0,0,0,0,0,161.275817184598,0,0,0,90.7216186966914,0,0
0,196.04190773555,0,0,82.1742780037132,82.4756938751058,109.093416850988,188.936291522747,0,122.106946855269,146.99041817625,215.611029055736,0,0,321.864157986053,0,0,0,0,177.763106506206,0,0,0,97.5855511246009,74.5815074003433,0,169.453147353278,306.640284138334,0,0,0,0,0,158.567996645797,198.964527389285,261.440278806413,180.355266595273,112.349934713559,0,0,82.6299537488922
0,0,0,0,106.128596538706,151.01089327964,71.4788760670054,219.078548227669,338.131802716296,73.1029054543569,241.635434294794,228.075434767255,0,0,0,0,101.605593487621,118.522099274347,219.040656038919,0,0,0,0,0,0,169.453147353278,0,148.808626413748,0,0,94.9380989123498,0,0,76.5072790361762,97.3232815600345,120.567029282014,119.728129215699,0,0,115.868441404982,217.157696745803
202.712457066107,89.3673883748406,0,228.792310020318,78.8552325762656,205.839960264176,87.8456058929559,183.786860782462,348.674510760064,85.6072705949986,0,357.423078228283,0,0,74.7304794244225,0,0,205.09013266389,67.8267069095267,255.441154257905,99.2646516363145,0,92.5568465385234,98.2230592632363,269.936825670274,306.640284138334,148.808626413748,0,135.667029391615,0,184.249961885477,0,0,100.812745974529,262.382215657622,0,161.302948562323,133.218162784108,0,0,98.417953423071
0,333.645516435298,0,160.530221557972,151.806152521152,0,0,115.194491798135,135.294330067913,89.9429017381717,0,209.996727521564,89.707245288964,218.045528847001,0,252.487290983309,0,0,146.770754374523,115.332064605654,0,0,0,66.5008477853491,0,0,0,135.667029391615,0,0,0,226.825099357786,0,0,192.693757128262,172.608400267715,154.065933476765,198.528111506785,335.371040201042,98.6790043377568,0
0,0,0,0,0,0,160.537522273714,0,0,0,0,0,0,151.036729364761,0,263.534399241887,0,0,0,0,0,0,0,188.851177466023,0,0,0,0,0,0,0,101.443495235174,0,154.142998692322,161.325017232684,142.054529471577,227.504408813069,238.934743274142,0,283.88658203332,0
0,0,0,0,0,0,0,0,0,139.654362654449,0,0,0,0,0,0,0,0,0,193.055010680236,0,0,0,0,0,0,94.9380989123498,184.249961885477,0,0,0,0,0,0,0,0,249.798812580765,0,0,0,162.833808134102
0,0,0,0,0,0,0,0,0,0,0,138.425725342224,180.543851962045,345.797434674459,0,0,221.805809452716,0,0,241.57250333243,0,0,309.997227542691,0,0,0,0,0,226.825099357786,101.443495235174,0,0,0,0,284.529238481835,0,153.609372090384,0,0,137.239127032733,0
0,0,0,0,70.4221432298295,0,0,0,0,0,0,0,0,136.792307586862,0,0,0,0,0,276.620869034647,0,0,196.032358954952,0,0,0,0,0,0,0,0,0,0,175.196329314064,0,0,0,0,0,0,0
0,0,0,115.541295036174,0,223.705816669619,84.3635741045246,0,0,205.183249704085,200.878319874537,151.695570509541,163.945208919892,0,167.066576495979,106.926813611922,89.1590885155172,0,178.224497384947,174.013630695256,133.984214699576,212.592150359921,253.401634605989,0,0,158.567996645797,76.5072790361762,100.812745974529,0,154.142998692322,0,0,175.196329314064,0,181.316358113209,113.144980278377,197.893790332676,85.7623170715703,141.204637091722,128.530575464043,0
0,0,0,194.442125915551,222.053792850439,0,0,0,0,201.100640800745,0,101.895308036513,97.3506957544063,103.519938150021,0,0,128.405764333981,0,154.070293657878,81.2827395071039,329.719143597451,0,0,75.4497121078207,161.275817184598,198.964527389285,97.3232815600345,262.382215657622,192.693757128262,161.325017232684,0,284.529238481835,0,181.316358113209,0,197.486504603685,96.7845769653343,125.81518738273,124.853650664477,92.5207898118833,179.718364159796
0,0,0,0,0,206.912707094411,0,142.385058730083,0,131.969743415579,0,136.685314494491,0,242.790381480436,300.031143529538,0,101.5853655613,0,0,0,0,0,139.792601838991,154.784755881607,0,261.440278806413,120.567029282014,0,172.608400267715,142.054529471577,0,0,0,113.144980278377,197.486504603685,0,153.876396855887,0,80.8080171296381,192.135034768848,82.6426202489162
0,0,211.840482897052,249.905610015455,104.369974912428,0,0,112.793316814908,161.694997919804,146.814226519809,112.823430872325,0,0,306.344527664232,115.871357769661,114.649126378906,0,224.551207449728,0,137.177378802006,208.005106191961,289.631679007608,225.013371621378,280.376028997576,0,180.355266595273,119.728129215699,161.302948562323,154.065933476765,227.504408813069,249.798812580765,153.609372090384,0,197.893790332676,96.7845769653343,153.876396855887,0,192.601533877686,193.777661225572,115.114253591495,94.7529894315991
0,0,303.527509149359,0,0,193.659409924573,0,173.538155409849,0,0,204.481117647118,199.492852797962,0,158.955087279859,0,106.33736463831,178.748963182352,0,0,186.348837226466,165.893015276821,0,93.4234866874731,0,0,112.349934713559,0,133.218162784108,198.528111506785,238.934743274142,0,0,0,85.7623170715703,125.81518738273,0,192.601533877686,0,0,99.3508940827211,236.681907140956
0,0,0,325.937289045041,0,92.3502314520023,0,220.901129804706,0,0,0,94.027247878695,0,165.597665022977,95.7590805983148,62.859596780235,0,0,0,116.176698124939,0,0,0,0,90.7216186966914,0,0,0,335.371040201042,0,0,0,0,141.204637091722,124.853650664477,80.8080171296381,193.777661225572,0,0,78.9559315574845,0
0,0,0,104.915316975638,0,90.1317194604647,138.33942793804,178.683678585178,0,173.059382066957,120.912756812582,0,0,125.416941482916,73.4795582048751,0,0,353.822894641502,0,224.523755099568,169.742003380707,261.605527103798,72.2278283150671,146.465927798921,0,0,115.868441404982,0,98.6790043377568,283.88658203332,0,137.239127032733,0,128.530575464043,92.5207898118833,192.135034768848,115.114253591495,99.3508940827211,78.9559315574845,0,101.85207633558
0,155.24952173131,0,232.945974238958,94.8881692391942,81.9664354533492,0,0,108.381749703452,193.63278243493,219.430938885781,128.846764897717,0,119.345624434514,0,0,0,0,0,0,171.906398392157,171.230058197369,0,314.611698427915,0,82.6299537488922,217.157696745803,98.417953423071,0,0,162.833808134102,0,0,0,179.718364159796,82.6426202489162,94.7529894315991,236.681907140956,0,101.85207633558,0
