0,0,0,0,0,0,0,160.530221557972,0,0,128.846764897717,0,0,0,146.814226519809,0,0,0,0,0,98.417953423071,0,0,0,0,232.945974238958,0,0,0,0,0,0,0,0,94.7280504127031,0,0,0,0,0,0
0,0,0,0,0,0,0,0,0,0,0,71.5579325720569,0,0,0,0,0,0,0,0,0,0,184.249961885477,0,241.635434294794,0,0,61.0664810463559,0,0,0,0,0,0,106.33736463831,0,196.04190773555,0,0,320.356811100276,0
0,0,0,0,0,280.376028997576,0,192.601533877686,0,0,0,0,0,0,0,0,0,0,0,0,0,0,0,0,0,0,161.74915061469,0,0,0,0,0,0,0,0,0,172.608400267715,0,0,0,163.059043292369
0,0,0,0,0,0,219.040656038919,0,0,0,90.7216186966914,194.442125915551,0,0,0,0,0,205.09013266389,0,0,0,0,0,171.906398392157,0,160.537522273714,142.054529471577,0,106.128596538706,0,0,101.895308036513,0,218.045528847001,231.050882209,0,97.3506957544063,0,0,114.649126378906,0
0,0,0,0,0,80.8080171296381,0,193.659409924573,153.876396855887,82.4756938751058,153.672550905948,0,0,0,0,259.055025639447,0,0,0,0,0,0,0,0,0,174.013630695256,0,95.7590805983148,115.194491798135,0,0,0,0,177.763106506206,0,0,58.3493451392805,178.748963182352,0,347.376449530863,62.311273509377
0,0,280.376028997576,0,80.8080171296381,0,151.695570509541,111.226326353722,0,125.81518738273,0,0,0,0,0,0,0,0,0,0,0,116.176698124939,0,197.486504603685,0,306.344527664232,67.8267069095267,140.574866691684,0,0,0,0,0,0,153.609372090384,74.5815074003433,192.135034768848,0,84.3635741045246,0,0
0,0,0,219.040656038919,0,151.695570509541,0,0,0,0,0,0,0,173.059382066957,162.833808134102,0,0,0,0,0,0,0,0,161.302948562323,0,74.7304794244225,247.66948903751,124.698445421759,0,0,0,0,0,0,0,225.013371621378,238.934743274142,321.864157986053,0,191.519780382943,335.371040201042
160.530221557972,0,192.601533877686,0,193.659409924573,111.226326353722,0,0,0,94.7529894315991,0,103.519938150021,0,0,0,0,0,0,255.441154257905,0,0,0,0,0,101.5853655613,0,206.472608421747,75.4497121078207,0,0,0,0,0,111.435629183184,188.851177466023,122.106946855269,136.685314494491,70.4221432298295,92.3502314520023,0,0
0,0,0,0,153.876396855887,0,0,0,0,0,0,0,0,0,78.9559315574845,0,0,82.6299537488922,0,241.682021696872,0,0,204.481117647118,0,0,222.053792850439,0,135.667029391615,0,0,0,0,0,81.2827395071039,0,0,82.1742780037132,112.823430872325,0,0,161.275817184598
0,0,0,0,82.4756938751058,125.81518738273,0,94.7529894315991,0,0,0,211.840482897052,0,0,98.2230592632363,0,0,0,93.5029580098427,0,0,0,0,96.7845769653343,0,284.529238481835,0,0,151.806152521152,139.654362654449,0,0,161.325017232684,329.719143597451,212.592150359921,252.487290983309,154.070293657878,215.611029055736,0,178.683678585178,193.055010680236
128.846764897717,0,0,90.7216186966914,153.672550905948,0,0,0,0,0,0,209.996727521564,0,321.124897279917,0,154.065933476765,0,0,0,85.7623170715703,101.443495235174,0,0,0,0,0,0,223.705816669619,72.2278283150671,120.567029282014,146.465927798921,0,0,165.893015276821,193.777661225572,154.784755881607,309.997227542691,0,0,0,0
0,71.5579325720569,0,194.442125915551,0,0,0,103.519938150021,0,211.840482897052,209.996727521564,0,0,82.6426202489162,0,0,0,0,0,179.718364159796,155.24952173131,0,0,0,133.218162784108,228.792310020318,0,201.44584889478,139.93285932648,186.973586461633,249.905610015455,193.63278243493,0,240.185081663983,137.239127032733,0,205.183249704085,0,173.538155409849,94.126460729827,120.912756812582
0,0,0,0,0,0,0,0,0,0,0,0,0,0,0,0,0,0,0,0,0,0,228.075434767255,0,0,0,118.522099274347,0,0,0,0,0,0,219.430938885781,0,112.793316814908,0,0,71.4788760670054,0,119.728129215699
0,0,0,0,0,0,173.059382066957,0,0,0,321.124897279917,82.6426202489162,0,0,198.964527389285,0,0,0,108.381749703452,220.901129804706,0,0,0,0,169.453147353278,0,0,94.8881692391942,99.3508940827211,104.369974912428,0,155.901486485736,0,90.1317194604647,0,0,0,106.533627130087,0,0,108.136066660554
146.814226519809,0,0,0,0,0,162.833808134102,0,78.9559315574845,98.2230592632363,0,0,0,198.964527389285,0,0,0,0,0,92.5207898118833,345.797434674459,0,0,0,0,137.177378802006,0,0,0,0,0,115.871357769661,0,217.157696745803,0,0,0,134.960780198024,241.57250333243,0,0
0,0,0,0,259.055025639447,0,0,0,0,0,154.065933476765,0,0,0,0,0,96.5937438588657,204.084074037941,0,141.204637091722,0,259.442917595754,0,0,0,99.2646516363145,0,0,214.116367924649,0,0,0,0,0,0,0,0,205.839960264176,151.01089327964,133.984214699576,0
0,0,0,0,0,0,0,0,0,0,0,0,0,0,0,96.5937438588657,0,0,0,283.88658203332,0,0,0,0,0,0,0,206.912707094411,146.770754374523,0,106.926813611922,0,0,172.892533368851,196.032358954952,0,73.1029054543569,0,0,314.611698427915,180.90030328818
0,0,0,205.09013266389,0,0,0,0,82.6299537488922,0,0,0,0,0,0,204.084074037941,0,0,0,0,0,0,138.33942793804,224.523755099568,0,0,303.527509149359,146.99041817625,0,0,0,0,0,0,0,145.74089716123,161.694997919804,0,0,0,0
0,0,0,0,0,0,0,255.441154257905,0,93.5029580098427,0,0,0,108.381749703452,0,0,0,0,0,0,0,0,0,213.67670887414,0,0,0,201.100640800745,100.812745974529,66.5008477853491,0,0,0,115.868441404982,167.066576495979,0,137.189596148386,0,262.382215657622,89.707245288964,0
0,0,0,0,0,0,0,0,241.682021696872,0,85.7623170715703,179.718364159796,0,220.901129804706,92.5207898118833,141.204637091722,283.88658203332,0,0,0,0,188.936291522747,0,143.005810983322,101.85207633558,0,180.543851962045,227.504408813069,163.945208919892,0,0,0,0,80.4367166559625,178.224497384947,0,348.674510760064,0,0,199.492852797962,0
98.417953423071,0,0,0,0,0,0,0,0,0,101.443495235174,155.24952173131,0,0,345.797434674459,0,0,0,0,0,0,242.790381480436,0,0,0,0,117.208001126138,115.332064605654,0,221.805809452716,0,0,195.378266313867,0,197.893790332676,114.511014214502,0,159.183173818572,195.822649557859,0,0
0,0,0,0,0,116.176698124939,0,0,0,0,0,0,0,0,0,259.442917595754,0,0,0,188.936291522747,242.790381480436,0,0,0,0,0,0,0,208.005106191961,0,0,0,0,138.425725342224,0,89.1590885155172,0,0,0,113.144980278377,0
0,184.249961885477,0,0,0,0,0,0,204.481117647118,0,0,0,228.075434767255,0,0,0,0,138.33942793804,0,0,0,0,0,119.345624434514,0,148.808626413748,0,200.878319874537,269.936825670274,0,0,0,0,124.853650664477,220.963068032256,253.401634605989,110.384905066973,202.712457066107,0,175.196329314064,112.349934713559
0,0,0,171.906398392157,0,197.486504603685,161.302948562323,0,0,96.7845769653343,0,0,0,0,0,0,0,224.523755099568,213.67670887414,143.005810983322,0,0,119.345624434514,0,236.681907140956,0,113.059176128709,115.541295036174,98.6790043377568,0,0,0,250.461724766314,0,93.4234866874731,158.567996645797,261.440278806413,187.77054666536,0,97.5855511246009,128.405764333981
0,241.635434294794,0,0,0,0,0,101.5853655613,0,0,0,133.218162784108,0,169.453147353278,0,0,0,0,0,101.85207633558,0,0,0,236.681907140956,0,0,169.742003380707,74.4197823064597,0,0,0,0,0,0,81.9664354533492,0,0,0,0,283.248188884028,0
232.945974238958,0,0,160.537522273714,174.013630695256,306.344527664232,74.7304794244225,0,222.053792850439,284.529238481835,0,228.792310020318,0,0,137.177378802006,99.2646516363145,0,0,0,0,0,0,148.808626413748,0,0,0,0,101.605593487621,0,300.031143529538,0,85.6072705949986,0,0,73.4795582048751,183.786860782462,219.078548227669,180.355266595273,0,76.5072790361762,97.3232815600345
0,0,161.74915061469,142.054529471577,0,67.8267069095267,247.66948903751,206.472608421747,0,0,0,0,118.522099274347,0,0,0,0,303.527509149359,0,180.543851962045,117.208001126138,0,0,113.059176128709,169.742003380707,0,0,192.693757128262,333.645516435298,0,0,0,0,154.142998692322,151.075371308616,353.822894641502,0,151.036729364761,62.859596780235,325.937289045041,198.528111506785
0,61.0664810463559,0,0,95.7590805983148,140.574866691684,124.698445421759,75.4497121078207,135.667029391615,0,223.705816669619,201.44584889478,0,94.8881692391942,0,0,206.912707094411,146.99041817625,201.100640800745,227.504408813069,115.332064605654,0,200.878319874537,115.541295036174,74.4197823064597,101.605593487621,192.693757128262,0,263.534399241887,0,0,168.241326865882,0,134.566479261133,0,173.201474590904,171.230058197369,0,89.3673883748406,186.348837226466,357.423078228283
0,0,0,106.128596538706,115.194491798135,0,0,0,0,151.806152521152,72.2278283150671,139.93285932648,0,99.3508940827211,0,214.116367924649,146.770754374523,0,100.812745974529,163.945208919892,0,208.005106191961,269.936825670274,98.6790043377568,0,0,333.645516435298,263.534399241887,0,125.994729980093,0,0,0,0,261.605527103798,0,78.8552325762656,0,249.798812580765,190.185165668632,231.715271819474
0,0,0,0,0,0,0,0,0,139.654362654449,120.567029282014,186.973586461633,0,104.369974912428,0,0,0,0,66.5008477853491,0,221.805809452716,0,0,0,0,300.031143529538,0,0,125.994729980093,0,0,0,0,0,92.5568465385234,0,0,153.453047983244,0,158.955087279859,0
0,0,0,0,0,0,0,0,0,0,146.465927798921,249.905610015455,0,0,0,0,106.926813611922,0,0,0,0,0,0,0,0,0,0,0,0,0,0,0,131.969743415579,195.314816908693,0,0,125.416941482916,0,0,0,0
0,0,0,101.895308036513,0,0,0,0,0,0,0,193.63278243493,0,155.901486485736,115.871357769661,0,0,0,0,0,0,0,0,0,0,85.6072705949986,0,168.241326865882,0,0,0,0,0,94.027247878695,0,0,224.551207449728,338.131802716296,0,115.114253591495,323.781250289068
0,0,0,0,0,0,0,0,0,161.325017232684,0,0,0,0,0,0,0,0,0,0,195.378266313867,0,0,250.461724766314,0,0,0,0,0,0,131.969743415579,0,0,0,0,0,87.8456058929559,0,0,0,0
0,0,0,218.045528847001,177.763106506206,0,0,111.435629183184,81.2827395071039,329.719143597451,165.893015276821,240.185081663983,219.430938885781,90.1317194604647,217.157696745803,0,172.892533368851,0,115.868441404982,80.4367166559625,0,138.425725342224,124.853650664477,0,0,0,154.142998692322,134.566479261133,0,0,195.314816908693,94.027247878695,0,0,289.631679007608,276.620869034647,104.915316975638,101.350815329073,173.001559092555,306.640284138334,128.530575464043
94.7280504127031,106.33736463831,0,231.050882209,0,153.609372090384,0,188.851177466023,0,212.592150359921,193.777661225572,137.239127032733,0,0,0,0,196.032358954952,0,167.066576495979,178.224497384947,197.893790332676,0,220.963068032256,93.4234866874731,81.9664354533492,73.4795582048751,151.075371308616,0,261.605527103798,92.5568465385234,0,0,0,289.631679007608,0,165.597665022977,109.093416850988,157.852515740516,0,136.792307586862,139.792601838991
0,0,0,0,0,74.5815074003433,225.013371621378,122.106946855269,0,252.487290983309,154.784755881607,0,112.793316814908,0,0,0,0,145.74089716123,0,0,114.511014214502,89.1590885155172,253.401634605989,158.567996645797,0,183.786860782462,353.822894641502,173.201474590904,0,0,0,0,0,276.620869034647,165.597665022977,0,226.825099357786,0,0,181.316358113209,135.294330067913
0,196.04190773555,172.608400267715,97.3506957544063,58.3493451392805,192.135034768848,238.934743274142,136.685314494491,82.1742780037132,154.070293657878,309.997227542691,205.183249704085,0,0,0,0,73.1029054543569,161.694997919804,137.189596148386,348.674510760064,0,0,110.384905066973,261.440278806413,0,219.078548227669,0,171.230058197369,78.8552325762656,0,125.416941482916,224.551207449728,87.8456058929559,104.915316975638,109.093416850988,226.825099357786,0,116.054372245433,251.098274723989,89.9429017381717,164.032723165762
0,0,0,0,178.748963182352,0,321.864157986053,70.4221432298295,112.823430872325,215.611029055736,0,0,0,106.533627130087,134.960780198024,205.839960264176,0,0,0,0,159.183173818572,0,202.712457066107,187.77054666536,0,180.355266595273,151.036729364761,0,0,153.453047983244,0,338.131802716296,0,101.350815329073,157.852515740516,0,116.054372245433,0,150.161410108805,94.9380989123498,0
0,0,0,0,0,84.3635741045246,0,92.3502314520023,0,0,0,173.538155409849,71.4788760670054,0,241.57250333243,151.01089327964,0,0,262.382215657622,0,195.822649557859,0,0,0,0,0,62.859596780235,89.3673883748406,249.798812580765,0,0,0,0,173.001559092555,0,0,251.098274723989,150.161410108805,0,0,142.385058730083
0,320.356811100276,0,114.649126378906,347.376449530863,0,191.519780382943,0,0,178.683678585178,0,94.126460729827,0,0,0,133.984214699576,314.611698427915,0,89.707245288964,199.492852797962,0,113.144980278377,175.196329314064,97.5855511246009,283.248188884028,76.5072790361762,325.937289045041,186.348837226466,190.185165668632,158.955087279859,0,115.114253591495,0,306.640284138334,136.792307586862,181.316358113209,89.9429017381717,94.9380989123498,0,0,0
0,0,163.059043292369,0,62.311273509377,0,335.371040201042,0,161.275817184598,193.055010680236,0,120.912756812582,119.728129215699,108.136066660554,0,0,180.90030328818,0,0,0,0,0,112.349934713559,128.405764333981,0,97.3232815600345,198.528111506785,357.423078228283,231.715271819474,0,0,323.781250289068,0,128.530575464043,139.792601838991,135.294330067913,164.032723165762,0,142.385058730083,0,0
