0,0,0,0,134.566479261133,0,0,0,146.814226519809,0,0,0,0,0,0,0,0,0,0,0,0,0,0,180.90030328818,0,0,0,0,0,0,0,173.001559092555,0,0,0,0,320.356811100276,0,0,0,181.316358113209
0,0,0,0,0,0,0,0,0,0,0,0,0,224.551207449728,0,0,0,0,92.5568465385234,0,0,0,0,0,0,0,0,192.135034768848,0,0,0,0,0,82.6299537488922,0,154.070293657878,78.9559315574845,0,0,0,106.128596538706
0,0,0,0,0,101.85207633558,0,0,0,0,0,0,0,0,0,249.905610015455,0,0,0,0,0,0,0,171.230058197369,0,0,0,0,0,0,0,0,0,169.453147353278,0,0,0,0,0,284.529238481835,0
0,0,0,0,0,0,0,113.144980278377,0,94.126460729827,97.3506957544063,0,0,0,0,0,0,0,0,0,0,0,219.078548227669,0,173.538155409849,0,115.332064605654,138.425725342224,139.792601838991,0,0,171.906398392157,0,201.100640800745,97.3232815600345,0,198.964527389285,0,0,0,259.442917595754
134.566479261133,0,0,0,0,357.423078228283,0,224.523755099568,0,0,0,228.075434767255,0,93.5029580098427,0,0,0,0,0,0,112.349934713559,0,0,0,0,178.748963182352,289.631679007608,0,0,0,0,0,0,0,0,236.681907140956,98.417953423071,155.901486485736,71.5579325720569,85.6072705949986,325.937289045041
0,0,101.85207633558,0,357.423078228283,0,161.302948562323,188.936291522747,0,0,0,303.527509149359,0,0,0,0,0,0,0,0,106.33736463831,0,0,0,0,177.763106506206,0,0,151.075371308616,193.055010680236,0,0,0,0,232.945974238958,201.44584889478,0,0,217.157696745803,160.537522273714,62.311273509377
0,0,0,0,0,161.302948562323,0,0,0,111.435629183184,211.840482897052,0,0,169.742003380707,0,0,0,173.059382066957,0,0,0,0,202.712457066107,124.853650664477,0,111.226326353722,0,0,0,167.066576495979,0,0,0,0,314.611698427915,214.116367924649,0,0,0,206.472608421747,163.945208919892
0,0,0,113.144980278377,224.523755099568,188.936291522747,0,0,0,0,122.106946855269,0,0,0,0,0,154.784755881607,0,112.823430872325,133.984214699576,0,0,0,78.8552325762656,0,82.4756938751058,0,0,0,106.533627130087,0,0,0,219.430938885781,0,98.6790043377568,112.793316814908,106.926813611922,161.325017232684,191.519780382943,0
146.814226519809,0,0,0,0,0,0,0,0,89.1590885155172,0,0,0,115.541295036174,0,0,0,220.963068032256,0,0,0,0,0,100.812745974529,135.667029391615,180.543851962045,0,0,0,0,0,0,0,0,74.4197823064597,0,204.481117647118,128.405764333981,0,0,151.036729364761
0,0,0,94.126460729827,0,0,111.435629183184,0,89.1590885155172,0,179.718364159796,0,206.912707094411,115.114253591495,89.9429017381717,0,0,0,249.798812580765,253.401634605989,133.218162784108,0,72.2278283150671,0,0,0,0,0,139.93285932648,0,208.005106191961,0,0,178.683678585178,0,276.620869034647,137.239127032733,0,0,131.969743415579,247.66948903751
0,0,0,97.3506957544063,0,0,211.840482897052,122.106946855269,0,179.718364159796,0,333.645516435298,0,0,89.707245288964,0,192.601533877686,0,136.792307586862,0,0,0,0,0,163.059043292369,160.530221557972,0,114.511014214502,0,0,0,0,115.871357769661,0,306.344527664232,155.24952173131,141.204637091722,0,183.786860782462,0,0
0,0,0,0,228.075434767255,303.527509149359,0,0,0,0,333.645516435298,0,94.7529894315991,218.045528847001,128.530575464043,228.792310020318,172.608400267715,0,0,172.892533368851,0,0,0,103.519938150021,0,0,119.345624434514,61.0664810463559,180.355266595273,0,263.534399241887,0,0,125.416941482916,222.053792850439,134.960780198024,241.635434294794,142.054529471577,0,251.098274723989,80.4367166559625
0,0,0,0,0,0,0,0,0,206.912707094411,0,94.7529894315991,0,0,0,0,0,231.050882209,0,0,0,0,0,195.314816908693,0,0,0,0,158.567996645797,0,0,0,0,0,0,0,165.597665022977,0,0,0,0
0,224.551207449728,0,0,93.5029580098427,0,169.742003380707,0,115.541295036174,115.114253591495,0,218.045528847001,0,0,0,0,0,0,0,0,0,0,0,0,0,221.805809452716,118.522099274347,194.442125915551,0,0,0,94.7280504127031,0,0,76.5072790361762,0,104.915316975638,109.093416850988,0,116.054372245433,0
0,0,0,0,0,0,0,0,0,89.9429017381717,89.707245288964,128.530575464043,0,0,0,0,0,0,0,0,0,0,0,0,0,0,168.241326865882,280.376028997576,195.378266313867,0,0,153.672550905948,0,101.605593487621,162.833808134102,0,95.7590805983148,283.248188884028,345.797434674459,0,0
0,0,249.905610015455,0,0,0,0,0,0,0,0,228.792310020318,0,0,0,0,0,0,0,0,0,0,75.4497121078207,0,0,0,0,90.7216186966914,0,193.777661225572,0,0,0,84.3635741045246,85.7623170715703,99.3508940827211,205.183249704085,73.4795582048751,82.6426202489162,0,0
0,0,0,0,0,0,0,154.784755881607,0,0,192.601533877686,172.608400267715,0,0,0,0,0,0,0,157.852515740516,0,90.1317194604647,0,148.808626413748,0,0,0,159.183173818572,0,0,0,0,0,0,0,0,205.09013266389,0,0,226.825099357786,300.031143529538
0,0,0,0,0,0,173.059382066957,0,220.963068032256,0,0,0,231.050882209,0,0,0,0,0,0,0,269.936825670274,0,0,0,0,0,0,0,0,92.3502314520023,0,0,0,0,204.084074037941,0,108.136066660554,0,220.901129804706,151.01089327964,0
0,92.5568465385234,0,0,0,0,0,112.823430872325,0,249.798812580765,136.792307586862,0,0,0,0,0,0,0,0,153.609372090384,0,0,0,0,0,67.8267069095267,0,0,117.208001126138,0,0,0,0,101.350815329073,0,0,80.8080171296381,139.654362654449,0,309.997227542691,125.994729980093
0,0,0,0,0,0,0,133.984214699576,0,253.401634605989,0,172.892533368851,0,0,0,0,157.852515740516,0,153.609372090384,0,92.5207898118833,0,0,0,0,186.348837226466,89.3673883748406,71.4788760670054,252.487290983309,0,0,114.649126378906,0,0,241.682021696872,74.7304794244225,153.876396855887,154.065933476765,0,82.1742780037132,150.161410108805
0,0,0,0,112.349934713559,106.33736463831,0,0,0,133.218162784108,0,0,0,0,0,0,0,269.936825670274,0,92.5207898118833,0,146.465927798921,81.2827395071039,0,0,0,115.868441404982,338.131802716296,94.027247878695,0,0,0,0,0,0,195.822649557859,0,135.294330067913,0,0,262.382215657622
0,0,0,0,0,0,0,0,0,0,0,0,0,0,0,0,90.1317194604647,0,0,0,146.465927798921,0,0,0,0,0,0,0,238.934743274142,0,0,196.032358954952,0,120.912756812582,0,113.059176128709,0,199.492852797962,0,140.574866691684,0
0,0,0,219.078548227669,0,0,202.712457066107,0,0,72.2278283150671,0,0,0,0,0,75.4497121078207,0,0,0,0,81.2827395071039,0,0,329.719143597451,0,81.9664354533492,0,146.99041817625,154.142998692322,0,0,0,0,108.381749703452,321.124897279917,0,259.055025639447,197.486504603685,124.698445421759,0,94.9380989123498
180.90030328818,0,171.230058197369,0,0,0,124.853650664477,78.8552325762656,100.812745974529,0,0,103.519938150021,195.314816908693,0,0,0,148.808626413748,0,0,0,0,0,329.719143597451,0,137.177378802006,145.74089716123,110.384905066973,283.88658203332,161.694997919804,0,0,0,0,143.005810983322,70.4221432298295,0,188.851177466023,175.196329314064,0,136.685314494491,0
0,0,0,173.538155409849,0,0,0,0,135.667029391615,0,163.059043292369,0,0,0,0,0,0,0,0,0,0,0,0,137.177378802006,0,215.611029055736,93.4234866874731,146.770754374523,178.224497384947,151.806152521152,0,0,0,0,193.659409924573,0,0,0,0,0,0
0,0,0,0,178.748963182352,177.763106506206,111.226326353722,82.4756938751058,180.543851962045,0,160.530221557972,0,0,221.805809452716,0,0,0,0,67.8267069095267,186.348837226466,0,0,81.9664354533492,145.74089716123,215.611029055736,0,353.822894641502,227.504408813069,231.715271819474,186.973586461633,0,0,0,97.5855511246009,119.728129215699,0,0,0,200.878319874537,120.567029282014,0
0,0,0,115.332064605654,289.631679007608,0,0,0,0,0,0,119.345624434514,0,118.522099274347,168.241326865882,0,0,0,0,89.3673883748406,115.868441404982,0,0,110.384905066973,93.4234866874731,353.822894641502,0,198.528111506785,104.369974912428,0,96.5937438588657,0,96.7845769653343,187.77054666536,225.013371621378,242.790381480436,255.441154257905,241.57250333243,0,164.032723165762,0
0,192.135034768848,0,138.425725342224,0,0,0,0,0,0,114.511014214502,61.0664810463559,0,194.442125915551,280.376028997576,90.7216186966914,159.183173818572,0,0,71.4788760670054,338.131802716296,0,146.99041817625,283.88658203332,146.770754374523,227.504408813069,198.528111506785,0,250.461724766314,116.176698124939,197.893790332676,101.443495235174,138.33942793804,94.8881692391942,261.605527103798,161.275817184598,306.640284138334,213.67670887414,58.3493451392805,98.2230592632363,0
0,0,0,139.792601838991,0,151.075371308616,0,0,0,139.93285932648,0,180.355266595273,158.567996645797,0,195.378266313867,0,0,0,117.208001126138,252.487290983309,94.027247878695,238.934743274142,154.142998692322,161.694997919804,178.224497384947,231.715271819474,104.369974912428,250.461724766314,0,0,0,0,0,101.5853655613,335.371040201042,196.04190773555,128.846764897717,0,0,0,137.189596148386
0,0,0,0,0,193.055010680236,167.066576495979,106.533627130087,0,0,0,0,0,0,0,193.777661225572,0,92.3502314520023,0,0,0,0,0,0,151.806152521152,186.973586461633,0,116.176698124939,0,0,0,0,0,158.955087279859,240.185081663983,0,0,0,323.781250289068,0,0
0,0,0,0,0,0,0,0,0,208.005106191961,0,263.534399241887,0,0,0,0,0,0,0,0,0,0,0,0,0,0,96.5937438588657,197.893790332676,0,0,0,0,0,0,184.249961885477,0,0,0,0,174.013630695256,0
173.001559092555,0,0,171.906398392157,0,0,0,0,0,0,0,0,0,94.7280504127031,153.672550905948,0,0,0,0,114.649126378906,0,196.032358954952,0,0,0,0,0,101.443495235174,0,0,0,0,0,87.8456058929559,0,0,173.201474590904,0,153.453047983244,0,125.81518738273
0,0,0,0,0,0,0,0,0,0,115.871357769661,0,0,0,0,0,0,0,0,0,0,0,0,0,0,0,96.7845769653343,138.33942793804,0,0,0,0,0,99.2646516363145,66.5008477853491,0,0,0,0,0,0
0,82.6299537488922,169.453147353278,201.100640800745,0,0,0,219.430938885781,0,178.683678585178,0,125.416941482916,0,0,101.605593487621,84.3635741045246,0,0,101.350815329073,0,0,120.912756812582,108.381749703452,143.005810983322,0,97.5855511246009,187.77054666536,94.8881692391942,101.5853655613,158.955087279859,0,87.8456058929559,99.2646516363145,0,321.864157986053,347.376449530863,192.693757128262,212.592150359921,209.996727521564,348.674510760064,261.440278806413
0,0,0,97.3232815600345,0,232.945974238958,314.611698427915,0,74.4197823064597,0,306.344527664232,222.053792850439,0,76.5072790361762,162.833808134102,85.7623170715703,0,204.084074037941,0,241.682021696872,0,0,321.124897279917,70.4221432298295,193.659409924573,119.728129215699,225.013371621378,261.605527103798,335.371040201042,240.185081663983,184.249961885477,0,66.5008477853491,321.864157986053,0,0,74.5815074003433,0,0,205.839960264176,193.63278243493
0,154.070293657878,0,0,236.681907140956,201.44584889478,214.116367924649,98.6790043377568,0,276.620869034647,155.24952173131,134.960780198024,0,0,0,99.3508940827211,0,0,0,74.7304794244225,195.822649557859,113.059176128709,0,0,0,0,242.790381480436,161.275817184598,196.04190773555,0,0,0,0,347.376449530863,0,0,219.040656038919,223.705816669619,0,190.185165668632,0
320.356811100276,78.9559315574845,0,198.964527389285,98.417953423071,0,0,112.793316814908,204.481117647118,137.239127032733,141.204637091722,241.635434294794,165.597665022977,104.915316975638,95.7590805983148,205.183249704085,205.09013266389,108.136066660554,80.8080171296381,153.876396855887,0,0,259.055025639447,188.851177466023,0,0,255.441154257905,306.640284138334,128.846764897717,0,0,173.201474590904,0,192.693757128262,74.5815074003433,219.040656038919,0,165.893015276821,62.859596780235,161.74915061469,115.194491798135
0,0,0,0,155.901486485736,0,0,106.926813611922,128.405764333981,0,0,142.054529471577,0,109.093416850988,283.248188884028,73.4795582048751,0,0,139.654362654449,154.065933476765,135.294330067913,199.492852797962,197.486504603685,175.196329314064,0,0,241.57250333243,213.67670887414,0,0,0,0,0,212.592150359921,0,223.705816669619,165.893015276821,0,0,142.385058730083,151.695570509541
0,0,0,0,71.5579325720569,217.157696745803,0,161.325017232684,0,0,183.786860782462,0,0,0,345.797434674459,82.6426202489162,0,220.901129804706,0,0,0,0,124.698445421759,0,0,200.878319874537,0,58.3493451392805,0,323.781250289068,0,153.453047983244,0,209.996727521564,0,0,62.859596780235,0,0,73.1029054543569,0
0,0,284.529238481835,0,85.6072705949986,160.537522273714,206.472608421747,191.519780382943,0,131.969743415579,0,251.098274723989,0,116.054372245433,0,0,226.825099357786,151.01089327964,309.997227542691,82.1742780037132,0,140.574866691684,0,136.685314494491,0,120.567029282014,164.032723165762,98.2230592632363,0,0,174.013630695256,0,0,348.674510760064,205.839960264176,190.185165668632,161.74915061469,142.385058730083,73.1029054543569,0,101.895308036513
181.316358113209,106.128596538706,0,259.442917595754,325.937289045041,62.311273509377,163.945208919892,0,151.036729364761,247.66948903751,0,80.4367166559625,0,0,0,0,300.031143529538,0,125.994729980093,150.161410108805,262.382215657622,0,94.9380989123498,0,0,0,0,0,137.189596148386,0,0,125.81518738273,0,261.440278806413,193.63278243493,0,115.194491798135,151.695570509541,0,101.895308036513,0
