0,0,0,0,0,0,0,0,0,0,0,0,0,0,0,253.401634605989,0,0,87.8456058929559,0,0,0,0,231.050882209,0,0,0,0,205.183249704085,0,0,0,0,0,289.631679007608,0,0,0,250.461724766314,0,0
0,0,0,0,141.204637091722,0,0,128.846764897717,0,0,0,0,161.694997919804,0,0,0,0,0,0,199.492852797962,0,0,0,0,0,0,0,0,183.786860782462,0,0,0,0,97.3506957544063,0,0,0,0,98.417953423071,0,0
0,0,0,0,0,0,0,0,0,0,0,0,0,0,0,0,0,0,0,0,0,0,0,0,0,0,115.868441404982,0,0,0,0,0,0,0,72.2278283150671,162.833808134102,165.893015276821,0,94.027247878695,0,0
0,0,0,0,133.218162784108,0,0,148.808626413748,0,0,0,0,0,0,0,0,94.126460729827,153.609372090384,0,0,0,0,0,0,153.453047983244,0,193.63278243493,97.3232815600345,0,0,0,0,0,193.777661225572,219.430938885781,84.3635741045246,184.249961885477,101.895308036513,0,0,174.013630695256
0,141.204637091722,0,133.218162784108,0,0,0,0,0,114.649126378906,0,0,0,155.901486485736,89.707245288964,0,0,0,0,0,0,0,0,0,206.472608421747,241.682021696872,209.996727521564,0,0,0,0,0,0,188.936291522747,284.529238481835,146.99041817625,225.013371621378,0,178.683678585178,0,163.945208919892
0,0,0,0,0,0,0,0,0,231.715271819474,353.822894641502,0,0,0,0,180.543851962045,0,0,0,153.672550905948,0,0,180.90030328818,0,0,0,0,261.440278806413,66.5008477853491,142.385058730083,0,220.963068032256,0,172.608400267715,241.57250333243,0,101.5853655613,0,0,89.9429017381717,97.5855511246009
0,0,0,0,0,0,0,320.356811100276,0,186.973586461633,0,0,0,100.812745974529,0,0,0,0,196.04190773555,348.674510760064,0,0,335.371040201042,0,0,259.055025639447,0,201.44584889478,0,0,58.3493451392805,0,0,0,173.059382066957,212.592150359921,195.314816908693,0,0,242.790381480436,0
0,128.846764897717,0,148.808626413748,0,0,320.356811100276,0,118.522099274347,161.302948562323,62.311273509377,192.693757128262,0,0,0,0,0,0,0,0,160.530221557972,0,0,0,0,0,133.984214699576,92.5207898118833,0,61.0664810463559,255.441154257905,0,0,303.527509149359,0,0,76.5072790361762,0,0,192.135034768848,80.8080171296381
0,0,0,0,0,0,0,118.522099274347,0,0,0,0,0,0,0,0,0,0,0,0,163.059043292369,0,249.798812580765,0,0,0,333.645516435298,0,128.530575464043,0,0,169.453147353278,226.825099357786,96.5937438588657,0,0,197.486504603685,113.059176128709,0,94.7529894315991,0
0,0,0,0,114.649126378906,231.715271819474,186.973586461633,161.302948562323,0,0,0,138.33942793804,0,92.3502314520023,145.74089716123,0,0,0,0,124.853650664477,0,0,0,106.33736463831,120.912756812582,0,167.066576495979,0,357.423078228283,0,0,0,0,180.355266595273,104.915316975638,0,168.241326865882,241.635434294794,171.906398392157,117.208001126138,0
0,0,0,0,0,353.822894641502,0,62.311273509377,0,0,0,325.937289045041,0,0,0,0,220.901129804706,0,0,0,0,232.945974238958,73.4795582048751,71.4788760670054,74.5815074003433,0,98.2230592632363,136.685314494491,0,0,0,0,0,300.031143529538,81.9664354533492,0,161.74915061469,0,101.605593487621,345.797434674459,205.839960264176
0,0,0,0,0,0,0,192.693757128262,0,138.33942793804,325.937289045041,0,0,137.189596148386,115.114253591495,81.2827395071039,0,173.538155409849,0,74.4197823064597,0,142.054529471577,0,157.852515740516,0,211.840482897052,0,171.230058197369,204.481117647118,0,154.142998692322,0,143.005810983322,161.275817184598,0,110.384905066973,89.1590885155172,85.7623170715703,0,140.574866691684,262.382215657622
0,161.694997919804,0,0,0,0,0,0,0,0,0,0,0,269.936825670274,0,0,0,0,0,0,0,0,0,119.345624434514,135.294330067913,0,93.4234866874731,0,0,0,0,62.859596780235,0,0,0,0,0,0,0,0,0
0,0,0,0,155.901486485736,0,100.812745974529,0,0,92.3502314520023,0,137.189596148386,269.936825670274,0,0,115.541295036174,0,0,0,194.442125915551,0,0,0,0,0,0,0,89.3673883748406,247.66948903751,217.157696745803,0,0,0,175.196329314064,0,82.6426202489162,0,0,158.567996645797,0,78.8552325762656
0,0,0,0,89.707245288964,0,0,0,0,145.74089716123,0,115.114253591495,0,0,0,0,0,0,0,0,115.871357769661,0,214.116367924649,0,0,0,283.248188884028,329.719143597451,136.792307586862,0,0,116.054372245433,0,159.183173818572,0,0,0,93.5029580098427,0,179.718364159796,0
253.401634605989,0,0,0,0,180.543851962045,0,0,0,0,0,81.2827395071039,0,115.541295036174,0,0,0,0,0,172.892533368851,0,0,0,0,139.654362654449,0,134.566479261133,0,0,0,0,0,0,90.1317194604647,74.7304794244225,0,0,120.567029282014,0,202.712457066107,0
0,0,0,94.126460729827,0,0,0,0,0,0,220.901129804706,0,0,0,0,0,0,119.728129215699,0,0,0,228.792310020318,0,321.124897279917,0,101.350815329073,0,0,0,0,0,0,0,75.4497121078207,82.4756938751058,0,0,0,0,137.239127032733,109.093416850988
0,0,0,153.609372090384,0,0,0,0,0,0,0,173.538155409849,0,0,0,0,119.728129215699,0,190.185165668632,151.075371308616,0,0,0,108.136066660554,0,0,0,73.1029054543569,0,0,0,0,0,0,0,0,103.519938150021,122.106946855269,0,0,0
87.8456058929559,0,0,0,0,0,196.04190773555,0,0,0,0,0,0,0,0,0,0,190.185165668632,0,0,0,0,0,236.681907140956,0,221.805809452716,0,195.378266313867,0,0,0,0,0,106.533627130087,0,0,106.128596538706,193.055010680236,198.964527389285,131.969743415579,249.905610015455
0,199.492852797962,0,0,0,153.672550905948,348.674510760064,0,0,124.853650664477,0,74.4197823064597,0,194.442125915551,0,172.892533368851,0,151.075371308616,0,0,0,283.88658203332,0,0,0,151.695570509541,78.9559315574845,0,0,0,0,104.369974912428,0,178.748963182352,85.6072705949986,0,208.005106191961,0,0,186.348837226466,222.053792850439
0,0,0,0,0,0,0,160.530221557972,163.059043292369,0,0,0,0,0,115.871357769661,0,0,0,0,0,0,0,188.851177466023,101.443495235174,114.511014214502,213.67670887414,0,169.742003380707,259.442917595754,0,0,0,0,0,0,125.416941482916,196.032358954952,161.325017232684,0,155.24952173131,0
0,0,0,0,0,0,0,0,0,0,232.945974238958,142.054529471577,0,0,0,0,228.792310020318,0,0,283.88658203332,0,0,0,0,0,146.770754374523,0,338.131802716296,0,0,0,0,0,0,181.316358113209,0,125.994729980093,0,0,0,0
0,0,0,0,0,180.90030328818,335.371040201042,0,249.798812580765,0,73.4795582048751,0,0,0,214.116367924649,0,0,0,0,0,188.851177466023,0,0,0,0,198.528111506785,0,146.465927798921,154.065933476765,0,0,0,0,0,154.070293657878,70.4221432298295,224.523755099568,0,106.926813611922,115.194491798135,92.5568465385234
231.050882209,0,0,0,0,0,0,0,0,106.33736463831,71.4788760670054,157.852515740516,119.345624434514,0,0,0,321.124897279917,108.136066660554,236.681907140956,0,101.443495235174,0,0,0,0,151.01089327964,219.040656038919,150.161410108805,321.864157986053,160.537522273714,219.078548227669,112.793316814908,0,177.763106506206,0,0,252.487290983309,0,0,124.698445421759,0
0,0,0,153.453047983244,206.472608421747,0,0,0,0,120.912756812582,74.5815074003433,0,135.294330067913,0,0,139.654362654449,0,0,0,0,114.511014214502,0,0,0,0,0,0,347.376449530863,0,0,0,0,0,0,0,0,206.912707094411,0,0,98.6790043377568,0
0,0,0,0,241.682021696872,0,259.055025639447,0,0,0,0,211.840482897052,0,0,0,0,101.350815329073,0,221.805809452716,151.695570509541,213.67670887414,146.770754374523,198.528111506785,151.01089327964,0,0,0,173.201474590904,94.7280504127031,0,0,323.781250289068,151.806152521152,125.81518738273,95.7590805983148,0,115.332064605654,164.032723165762,280.376028997576,0,112.349934713559
0,0,115.868441404982,193.63278243493,209.996727521564,0,0,133.984214699576,333.645516435298,167.066576495979,98.2230592632363,0,93.4234866874731,0,283.248188884028,134.566479261133,0,0,0,78.9559315574845,0,0,0,219.040656038919,0,0,0,205.09013266389,193.659409924573,0,0,138.425725342224,0,80.4367166559625,251.098274723989,0,240.185081663983,187.77054666536,0,112.823430872325,0
0,0,0,97.3232815600345,0,261.440278806413,201.44584889478,92.5207898118833,0,0,136.685314494491,171.230058197369,0,89.3673883748406,329.719143597451,0,0,73.1029054543569,195.378266313867,0,169.742003380707,338.131802716296,146.465927798921,150.161410108805,347.376449530863,173.201474590904,205.09013266389,0,154.784755881607,165.597665022977,0,0,101.85207633558,228.075434767255,192.601533877686,82.6299537488922,306.344527664232,146.814226519809,0,67.8267069095267,178.224497384947
205.183249704085,183.786860782462,0,0,0,66.5008477853491,0,0,128.530575464043,357.423078228283,0,204.481117647118,0,247.66948903751,136.792307586862,0,0,0,0,0,259.442917595754,0,154.065933476765,321.864157986053,0,94.7280504127031,193.659409924573,154.784755881607,0,0,0,0,0,137.177378802006,223.705816669619,224.551207449728,200.878319874537,201.100640800745,0,306.640284138334,90.7216186966914
0,0,0,0,0,142.385058730083,0,61.0664810463559,0,0,0,0,0,217.157696745803,0,0,0,0,0,0,0,0,0,160.537522273714,0,0,0,165.597665022977,0,0,0,0,0,0,116.176698124939,139.93285932648,0,218.045528847001,96.7845769653343,197.893790332676,94.9380989123498
0,0,0,0,0,0,58.3493451392805,255.441154257905,0,0,0,154.142998692322,0,0,0,0,0,0,0,0,0,0,0,219.078548227669,0,0,0,0,0,0,0,0,0,276.620869034647,0,0,0,0,158.955087279859,0,0
0,0,0,0,0,220.963068032256,0,0,169.453147353278,0,0,0,62.859596780235,0,116.054372245433,0,0,0,0,104.369974912428,0,0,0,112.793316814908,0,323.781250289068,138.425725342224,0,0,0,0,0,0,0,0,261.605527103798,204.084074037941,263.534399241887,0,0,0
0,0,0,0,0,0,0,0,226.825099357786,0,0,143.005810983322,0,0,0,0,0,0,0,0,0,0,0,0,0,151.806152521152,0,101.85207633558,0,0,0,0,0,0,0,0,0,0,0,0,111.226326353722
0,97.3506957544063,0,193.777661225572,188.936291522747,172.608400267715,0,303.527509149359,96.5937438588657,180.355266595273,300.031143529538,161.275817184598,0,175.196329314064,159.183173818572,90.1317194604647,75.4497121078207,0,106.533627130087,178.748963182352,0,0,0,177.763106506206,0,125.81518738273,80.4367166559625,228.075434767255,137.177378802006,0,276.620869034647,0,0,0,134.960780198024,215.611029055736,151.036729364761,108.381749703452,0,0,82.1742780037132
289.631679007608,0,72.2278283150671,219.430938885781,284.529238481835,241.57250333243,173.059382066957,0,0,104.915316975638,81.9664354533492,0,0,0,0,74.7304794244225,82.4756938751058,0,0,85.6072705949986,0,181.316358113209,154.070293657878,0,0,95.7590805983148,251.098274723989,192.601533877686,223.705816669619,116.176698124939,0,0,0,134.960780198024,0,135.667029391615,128.405764333981,238.934743274142,227.504408813069,111.435629183184,94.8881692391942
0,0,162.833808134102,84.3635741045246,146.99041817625,0,212.592150359921,0,0,0,0,110.384905066973,0,82.6426202489162,0,0,0,0,0,0,125.416941482916,0,70.4221432298295,0,0,0,0,82.6299537488922,224.551207449728,139.93285932648,0,261.605527103798,0,215.611029055736,135.667029391615,0,99.3508940827211,99.2646516363145,153.876396855887,191.519780382943,314.611698427915
0,0,165.893015276821,184.249961885477,225.013371621378,101.5853655613,195.314816908693,76.5072790361762,197.486504603685,168.241326865882,161.74915061469,89.1590885155172,0,0,0,0,0,103.519938150021,106.128596538706,208.005106191961,196.032358954952,125.994729980093,224.523755099568,252.487290983309,206.912707094411,115.332064605654,240.185081663983,306.344527664232,200.878319874537,0,0,204.084074037941,0,151.036729364761,128.405764333981,99.3508940827211,0,139.792601838991,113.144980278377,309.997227542691,173.001559092555
0,0,0,101.895308036513,0,0,0,0,113.059176128709,241.635434294794,0,85.7623170715703,0,0,93.5029580098427,120.567029282014,0,122.106946855269,193.055010680236,0,161.325017232684,0,0,0,0,164.032723165762,187.77054666536,146.814226519809,201.100640800745,218.045528847001,0,263.534399241887,0,108.381749703452,238.934743274142,99.2646516363145,139.792601838991,0,0,71.5579325720569,0
250.461724766314,98.417953423071,94.027247878695,0,178.683678585178,0,0,0,0,171.906398392157,101.605593487621,0,0,158.567996645797,0,0,0,0,198.964527389285,0,0,0,106.926813611922,0,0,280.376028997576,0,0,0,96.7845769653343,158.955087279859,0,0,0,227.504408813069,153.876396855887,113.144980278377,0,0,0,0
0,0,0,0,0,89.9429017381717,242.790381480436,192.135034768848,94.7529894315991,117.208001126138,345.797434674459,140.574866691684,0,0,179.718364159796,202.712457066107,137.239127032733,0,131.969743415579,186.348837226466,155.24952173131,0,115.194491798135,124.698445421759,98.6790043377568,0,112.823430872325,67.8267069095267,306.640284138334,197.893790332676,0,0,0,0,111.435629183184,191.519780382943,309.997227542691,71.5579325720569,0,0,195.822649557859
0,0,0,174.013630695256,163.945208919892,97.5855511246009,0,80.8080171296381,0,0,205.839960264176,262.382215657622,0,78.8552325762656,0,0,109.093416850988,0,249.905610015455,222.053792850439,0,0,92.5568465385234,0,0,112.349934713559,0,178.224497384947,90.7216186966914,94.9380989123498,0,0,111.226326353722,82.1742780037132,94.8881692391942,314.611698427915,173.001559092555,0,0,195.822649557859,0
