0,0,0,0,0,0,161.74915061469,0,0,0,0,0,0,0,0,0,0,0,0,0,0,0,0,251.098274723989,0,214.116367924649,158.955087279859,0,101.443495235174,0,0,0,0,0,74.5815074003433,0,0,0,0,0,0
0,0,0,0,0,0,0,0,0,0,0,0,0,153.453047983244,0,0,0,0,0,0,253.401634605989,0,0,146.99041817625,0,0,0,115.871357769661,0,125.994729980093,0,0,0,0,225.013371621378,0,0,150.161410108805,0,0,0
0,0,0,0,0,93.5029580098427,0,0,0,0,0,119.728129215699,0,283.248188884028,0,0,0,0,0,0,0,0,0,0,0,0,67.8267069095267,0,0,0,0,0,0,0,78.8552325762656,0,0,0,0,0,0
0,0,0,0,0,0,0,0,0,0,0,262.382215657622,0,213.67670887414,0,0,0,0,0,98.6790043377568,0,345.797434674459,0,0,0,0,0,96.5937438588657,80.8080171296381,0,0,0,0,151.806152521152,283.88658203332,94.126460729827,205.183249704085,66.5008477853491,0,192.135034768848,284.529238481835
0,0,0,0,0,0,0,0,0,0,162.833808134102,0,0,0,146.814226519809,193.055010680236,0,241.682021696872,0,71.5579325720569,160.537522273714,0,134.960780198024,0,111.226326353722,128.846764897717,0,206.472608421747,0,0,0,0,0,169.742003380707,96.7845769653343,0,114.511014214502,250.461724766314,0,0,0
0,0,93.5029580098427,0,0,0,0,0,0,178.224497384947,97.5855511246009,94.7280504127031,0,0,0,0,0,0,0,192.601533877686,0,0,0,249.798812580765,0,0,82.4756938751058,89.9429017381717,0,0,92.3502314520023,0,0,0,280.376028997576,0,227.504408813069,186.973586461633,101.350815329073,208.005106191961,0
161.74915061469,0,0,0,0,0,0,0,0,74.4197823064597,0,0,0,0,215.611029055736,241.57250333243,173.538155409849,0,0,0,0,198.528111506785,115.541295036174,0,0,0,0,76.5072790361762,247.66948903751,224.523755099568,0,0,0,0,183.786860782462,0,196.04190773555,0,0,125.81518738273,0
0,0,0,0,0,0,0,0,0,0,0,161.275817184598,0,329.719143597451,142.385058730083,0,0,0,103.519938150021,0,205.09013266389,163.059043292369,0,172.892533368851,0,178.748963182352,205.839960264176,175.196329314064,204.084074037941,0,0,0,0,0,61.0664810463559,0,93.4234866874731,0,99.2646516363145,113.059176128709,137.239127032733
0,0,0,0,0,0,0,0,0,89.3673883748406,0,0,0,0,0,158.567996645797,263.534399241887,0,0,0,0,0,0,201.44584889478,125.416941482916,128.530575464043,0,0,0,0,0,165.893015276821,0,261.440278806413,0,0,135.667029391615,193.659409924573,0,0,191.519780382943
0,0,0,0,0,178.224497384947,74.4197823064597,0,89.3673883748406,0,0,0,62.859596780235,0,90.1317194604647,0,0,0,180.355266595273,226.825099357786,0,0,112.349934713559,195.314816908693,0,0,171.230058197369,117.208001126138,0,0,0,120.567029282014,0,289.631679007608,0,193.63278243493,192.693757128262,73.1029054543569,0,119.345624434514,94.8881692391942
0,0,0,0,162.833808134102,97.5855511246009,0,0,0,0,0,78.9559315574845,0,142.054529471577,0,0,0,112.823430872325,0,0,0,0,106.926813611922,116.176698124939,0,74.7304794244225,101.85207633558,306.344527664232,154.784755881607,0,0,0,0,0,81.9664354533492,101.895308036513,131.969743415579,323.781250289068,0,145.74089716123,0
0,0,119.728129215699,262.382215657622,0,94.7280504127031,0,161.275817184598,0,0,78.9559315574845,0,0,0,0,139.792601838991,0,211.840482897052,81.2827395071039,0,0,155.901486485736,0,269.936825670274,0,0,151.695570509541,98.417953423071,184.249961885477,0,0,90.7216186966914,241.635434294794,115.332064605654,161.302948562323,195.378266313867,0,0,94.027247878695,97.3232815600345,188.851177466023
0,0,0,0,0,0,0,0,0,62.859596780235,0,0,0,0,0,0,0,0,0,0,321.124897279917,0,0,0,0,219.040656038919,0,0,0,106.533627130087,0,0,0,228.075434767255,0,0,122.106946855269,0,0,0,0
0,153.453047983244,283.248188884028,213.67670887414,0,0,0,329.719143597451,0,0,142.054529471577,0,0,0,0,0,0,0,148.808626413748,0,0,0,240.185081663983,0,0,347.376449530863,138.425725342224,92.5568465385234,137.189596148386,0,0,0,0,321.864157986053,0,338.131802716296,167.066576495979,0,0,0,0
0,0,0,0,146.814226519809,0,215.611029055736,142.385058730083,0,90.1317194604647,0,0,0,0,0,0,0,238.934743274142,0,0,0,0,0,0,0,314.611698427915,168.241326865882,106.33736463831,0,0,0,0,0,0,0,136.685314494491,173.201474590904,0,89.1590885155172,0,143.005810983322
0,0,0,0,193.055010680236,0,241.57250333243,0,158.567996645797,0,0,139.792601838991,0,0,0,0,0,0,0,0,0,0,171.906398392157,71.4788760670054,0,112.793316814908,0,0,0,109.093416850988,0,0,0,0,0,0,110.384905066973,0,0,180.543851962045,173.059382066957
0,0,0,0,0,0,173.538155409849,0,263.534399241887,0,0,0,0,0,0,0,0,0,0,196.032358954952,0,0,146.770754374523,0,0,0,0,0,87.8456058929559,0,0,0,194.442125915551,135.294330067913,320.356811100276,172.608400267715,70.4221432298295,0,0,0,0
0,0,0,0,241.682021696872,0,0,0,0,0,112.823430872325,211.840482897052,0,0,238.934743274142,0,0,0,0,276.620869034647,0,0,0,0,0,0,0,0,0,0,0,0,0,134.566479261133,139.654362654449,0,0,101.5853655613,0,0,111.435629183184
0,0,0,0,0,0,0,103.519938150021,0,180.355266595273,0,81.2827395071039,0,148.808626413748,0,0,0,0,0,0,94.7529894315991,0,0,0,82.6426202489162,0,0,353.822894641502,124.853650664477,0,0,0,0,228.792310020318,0,0,136.792307586862,0,161.694997919804,325.937289045041,0
0,0,0,98.6790043377568,71.5579325720569,192.601533877686,0,0,0,226.825099357786,0,0,0,0,0,0,196.032358954952,276.620869034647,0,0,0,0,0,106.128596538706,0,165.597665022977,101.605593487621,202.712457066107,0,0,204.481117647118,85.6072705949986,0,223.705816669619,0,0,146.465927798921,0,222.053792850439,155.24952173131,151.036729364761
0,253.401634605989,0,0,160.537522273714,0,0,205.09013266389,0,0,0,0,321.124897279917,0,0,0,0,0,94.7529894315991,0,0,0,0,114.649126378906,252.487290983309,0,0,0,128.405764333981,0,0,0,0,82.6299537488922,220.963068032256,120.912756812582,139.93285932648,0,0,219.430938885781,0
0,0,0,345.797434674459,0,0,198.528111506785,163.059043292369,0,0,0,155.901486485736,0,0,0,0,0,0,0,0,0,0,259.442917595754,0,0,0,0,0,0,0,0,0,0,118.522099274347,0,0,300.031143529538,0,221.805809452716,0,0
0,0,0,0,134.960780198024,0,115.541295036174,0,0,112.349934713559,106.926813611922,0,0,240.185081663983,0,171.906398392157,146.770754374523,0,0,0,0,259.442917595754,0,0,0,97.3506957544063,220.901129804706,0,133.218162784108,0,0,0,0,0,95.7590805983148,0,151.075371308616,0,0,124.698445421759,160.530221557972
251.098274723989,146.99041817625,0,0,0,249.798812580765,0,172.892533368851,201.44584889478,195.314816908693,116.176698124939,269.936825670274,0,0,0,71.4788760670054,0,0,0,106.128596538706,114.649126378906,0,0,0,0,0,0,190.185165668632,219.078548227669,0,0,0,0,116.054372245433,85.7623170715703,0,164.032723165762,180.90030328818,0,236.681907140956,197.486504603685
0,0,0,0,111.226326353722,0,0,0,125.416941482916,0,0,0,0,0,0,0,0,0,82.6426202489162,0,252.487290983309,0,0,0,0,0,255.441154257905,0,249.905610015455,0,0,0,0,140.574866691684,92.5207898118833,0,186.348837226466,0,0,99.3508940827211,0
214.116367924649,0,0,0,128.846764897717,0,0,178.748963182352,128.530575464043,0,74.7304794244225,0,219.040656038919,347.376449530863,314.611698427915,112.793316814908,0,0,0,165.597665022977,0,0,97.3506957544063,0,0,0,154.142998692322,137.177378802006,0,0,0,154.065933476765,0,206.912707094411,0,177.763106506206,0,197.893790332676,178.683678585178,98.2230592632363,169.453147353278
158.955087279859,0,67.8267069095267,0,0,82.4756938751058,0,205.839960264176,0,171.230058197369,101.85207633558,151.695570509541,0,138.425725342224,168.241326865882,0,0,0,0,101.605593487621,0,0,220.901129804706,0,255.441154257905,154.142998692322,0,0,0,0,0,0,138.33942793804,218.045528847001,80.4367166559625,335.371040201042,0,0,193.777661225572,309.997227542691,174.013630695256
0,115.871357769661,0,96.5937438588657,206.472608421747,89.9429017381717,76.5072790361762,175.196329314064,0,117.208001126138,306.344527664232,98.417953423071,0,92.5568465385234,106.33736463831,0,0,0,353.822894641502,202.712457066107,0,0,0,190.185165668632,0,137.177378802006,0,0,157.852515740516,104.915316975638,0,115.114253591495,108.136066660554,84.3635741045246,82.1742780037132,187.77054666536,217.157696745803,151.01089327964,209.996727521564,75.4497121078207,333.645516435298
101.443495235174,0,0,80.8080171296381,0,0,247.66948903751,204.084074037941,0,0,154.784755881607,184.249961885477,0,137.189596148386,0,0,87.8456058929559,0,124.853650664477,0,128.405764333981,0,133.218162784108,219.078548227669,249.905610015455,0,0,157.852515740516,0,58.3493451392805,0,0,0,163.945208919892,113.144980278377,0,0,303.527509149359,224.551207449728,212.592150359921,153.876396855887
0,125.994729980093,0,0,0,0,224.523755099568,0,0,0,0,0,106.533627130087,0,0,109.093416850988,0,0,0,0,0,0,0,0,0,0,0,104.915316975638,58.3493451392805,0,0,0,0,153.609372090384,259.055025639447,231.715271819474,231.050882209,242.790381480436,0,0,0
0,0,0,0,0,92.3502314520023,0,0,0,0,0,0,0,0,0,0,0,0,0,204.481117647118,0,0,0,0,0,0,0,0,0,0,0,0,0,73.4795582048751,0,133.984214699576,261.605527103798,0,0,348.674510760064,0
0,0,0,0,0,0,0,0,165.893015276821,120.567029282014,0,90.7216186966914,0,0,0,0,0,0,0,85.6072705949986,0,0,0,0,0,154.065933476765,0,115.114253591495,0,0,0,0,0,94.9380989123498,0,115.868441404982,232.945974238958,173.001559092555,0,0,100.812745974529
0,0,0,0,0,0,0,0,0,0,0,241.635434294794,0,0,0,0,194.442125915551,0,0,0,0,0,0,0,0,0,138.33942793804,108.136066660554,0,0,0,0,0,0,0,0,306.640284138334,0,0,0,0
0,0,0,151.806152521152,169.742003380707,0,0,0,261.440278806413,289.631679007608,0,115.332064605654,228.075434767255,321.864157986053,0,0,135.294330067913,134.566479261133,228.792310020318,223.705816669619,82.6299537488922,118.522099274347,0,116.054372245433,140.574866691684,206.912707094411,218.045528847001,84.3635741045246,163.945208919892,153.609372090384,73.4795582048751,94.9380989123498,0,0,89.707245288964,0,0,199.492852797962,0,357.423078228283,201.100640800745
74.5815074003433,225.013371621378,78.8552325762656,283.88658203332,96.7845769653343,280.376028997576,183.786860782462,61.0664810463559,0,0,81.9664354533492,161.302948562323,0,0,0,0,320.356811100276,139.654362654449,0,0,220.963068032256,0,95.7590805983148,85.7623170715703,92.5207898118833,0,80.4367166559625,82.1742780037132,113.144980278377,259.055025639447,0,0,0,89.707245288964,0,195.822649557859,200.878319874537,72.2278283150671,153.672550905948,0,0
0,0,0,94.126460729827,0,0,0,0,0,193.63278243493,101.895308036513,195.378266313867,0,338.131802716296,136.685314494491,0,172.608400267715,0,0,0,120.912756812582,0,0,0,0,177.763106506206,335.371040201042,187.77054666536,0,231.715271819474,133.984214699576,115.868441404982,0,0,195.822649557859,0,188.936291522747,198.964527389285,62.311273509377,108.381749703452,0
0,0,0,205.183249704085,114.511014214502,227.504408813069,196.04190773555,93.4234866874731,135.667029391615,192.693757128262,131.969743415579,0,122.106946855269,167.066576495979,173.201474590904,110.384905066973,70.4221432298295,0,136.792307586862,146.465927798921,139.93285932648,300.031143529538,151.075371308616,164.032723165762,186.348837226466,0,0,217.157696745803,0,231.050882209,261.605527103798,232.945974238958,306.640284138334,0,200.878319874537,188.936291522747,0,179.718364159796,0,115.194491798135,159.183173818572
0,150.161410108805,0,66.5008477853491,250.461724766314,186.973586461633,0,0,193.659409924573,73.1029054543569,323.781250289068,0,0,0,0,0,0,101.5853655613,0,0,0,0,0,180.90030328818,0,197.893790332676,0,151.01089327964,303.527509149359,242.790381480436,0,173.001559092555,0,199.492852797962,72.2278283150671,198.964527389285,179.718364159796,0,0,141.204637091722,161.325017232684
0,0,0,0,0,101.350815329073,0,99.2646516363145,0,0,0,94.027247878695,0,0,89.1590885155172,0,0,0,161.694997919804,222.053792850439,0,221.805809452716,0,0,0,178.683678585178,193.777661225572,209.996727521564,224.551207449728,0,0,0,0,0,153.672550905948,62.311273509377,0,0,0,154.070293657878,181.316358113209
0,0,0,192.135034768848,0,208.005106191961,125.81518738273,113.059176128709,0,119.345624434514,145.74089716123,97.3232815600345,0,0,0,180.543851962045,0,0,325.937289045041,155.24952173131,219.430938885781,0,124.698445421759,236.681907140956,99.3508940827211,98.2230592632363,309.997227542691,75.4497121078207,212.592150359921,0,348.674510760064,0,0,357.423078228283,0,108.381749703452,115.194491798135,141.204637091722,154.070293657878,0,104.369974912428
0,0,0,284.529238481835,0,0,0,137.239127032733,191.519780382943,94.8881692391942,0,188.851177466023,0,0,143.005810983322,173.059382066957,0,111.435629183184,0,151.036729364761,0,0,160.530221557972,197.486504603685,0,169.453147353278,174.013630695256,333.645516435298,153.876396855887,0,0,100.812745974529,0,201.100640800745,0,0,159.183173818572,161.325017232684,181.316358113209,104.369974912428,0
