0,0,0,0,0,0,0,106.33736463831,0,0,0,0,112.349934713559,0,0,0,0,0,0,0,0,0,0,0,0,181.316358113209,0,0,0,0,0,0,0,0,161.325017232684,0,128.530575464043,0,0,0,198.964527389285
0,0,0,0,0,0,0,0,0,0,0,161.694997919804,0,0,0,0,0,0,0,146.465927798921,0,0,0,0,0,253.401634605989,0,133.984214699576,0,0,0,0,0,99.3508940827211,0,0,0,284.529238481835,0,138.425725342224,0
0,0,0,0,0,0,0,0,0,0,0,0,0,0,0,0,0,0,0,0,219.430938885781,0,0,0,0,0,161.302948562323,0,201.44584889478,0,0,0,0,0,0,0,106.533627130087,0,0,0,139.792601838991
0,0,0,0,0,0,0,0,0,153.453047983244,115.541295036174,0,128.846764897717,94.126460729827,0,206.912707094411,82.4756938751058,0,0,0,209.996727521564,0,122.106946855269,0,0,0,186.973586461633,0,214.116367924649,0,0,0,0,0,154.070293657878,0,95.7590805983148,259.442917595754,0,0,0
0,0,0,0,0,0,178.683678585178,250.461724766314,0,0,0,0,0,0,0,205.183249704085,0,0,0,0,117.208001126138,0,0,283.248188884028,138.33942793804,109.093416850988,0,66.5008477853491,133.218162784108,0,0,0,163.945208919892,224.523755099568,226.825099357786,197.486504603685,0,0,0,92.5207898118833,0
0,0,0,0,0,0,0,0,208.005106191961,205.09013266389,0,115.871357769661,0,0,0,0,0,0,0,212.592150359921,103.519938150021,0,0,0,0,0,98.2230592632363,196.032358954952,0,231.715271819474,0,321.124897279917,0,0,73.1029054543569,0,134.566479261133,114.649126378906,115.114253591495,180.543851962045,0
0,0,0,0,178.683678585178,0,0,347.376449530863,0,0,0,0,0,0,0,0,0,0,0,93.5029580098427,0,0,0,98.6790043377568,0,222.053792850439,192.601533877686,0,0,72.2278283150671,0,0,0,306.640284138334,0,101.85207633558,186.348837226466,180.355266595273,0,154.142998692322,99.2646516363145
106.33736463831,0,0,0,250.461724766314,0,347.376449530863,0,89.707245288964,0,0,283.88658203332,0,0,0,0,0,71.4788760670054,153.876396855887,200.878319874537,0,0,0,184.249961885477,0,0,255.441154257905,0,224.551207449728,0,0,0,0,0,78.8552325762656,175.196329314064,263.534399241887,177.763106506206,0,112.823430872325,0
0,0,0,0,0,208.005106191961,0,89.707245288964,0,0,125.994729980093,0,0,0,204.481117647118,0,0,0,0,0,0,0,193.63278243493,0,0,153.609372090384,0,0,0,0,0,173.538155409849,0,0,0,0,76.5072790361762,92.5568465385234,0,119.345624434514,178.224497384947
0,0,0,153.453047983244,0,205.09013266389,0,0,0,0,249.905610015455,154.065933476765,0,0,0,0,0,151.695570509541,0,93.4234866874731,0,0,241.635434294794,158.955087279859,0,195.378266313867,0,205.839960264176,211.840482897052,0,0,192.135034768848,0,314.611698427915,320.356811100276,0,112.793316814908,180.90030328818,146.770754374523,0,153.672550905948
0,0,0,115.541295036174,0,0,0,0,125.994729980093,249.905610015455,0,0,0,139.654362654449,0,193.777661225572,0,0,0,0,309.997227542691,0,140.574866691684,0,0,0,252.487290983309,280.376028997576,0,0,0,0,96.7845769653343,220.963068032256,206.472608421747,0,145.74089716123,101.605593487621,0,172.892533368851,300.031143529538
0,161.694997919804,0,0,0,115.871357769661,0,283.88658203332,0,154.065933476765,0,0,0,168.241326865882,172.608400267715,137.189596148386,190.185165668632,0,0,325.937289045041,0,161.275817184598,0,106.926813611922,0,89.1590885155172,329.719143597451,232.945974238958,0,97.3232815600345,0,0,0,215.611029055736,0,173.001559092555,90.7216186966914,0,116.054372245433,161.74915061469,115.868441404982
112.349934713559,0,0,128.846764897717,0,0,0,0,0,0,0,0,0,0,0,0,0,0,97.3506957544063,0,0,0,0,0,0,0,111.226326353722,0,0,0,0,0,0,0,0,135.294330067913,0,0,0,261.440278806413,0
0,0,0,94.126460729827,0,0,0,0,0,0,139.654362654449,168.241326865882,0,0,0,173.201474590904,0,0,202.712457066107,141.204637091722,195.822649557859,0,0,94.9380989123498,0,0,0,0,0,87.8456058929559,323.781250289068,0,0,78.9559315574845,0,98.417953423071,0,0,0,223.705816669619,74.5815074003433
0,0,0,0,0,0,0,0,204.481117647118,0,0,172.608400267715,0,0,0,0,0,0,0,0,0,0,62.311273509377,82.6426202489162,0,179.718364159796,151.01089327964,0,249.798812580765,247.66948903751,0,97.5855511246009,0,167.066576495979,0,345.797434674459,173.059382066957,0,0,0,0
0,0,0,206.912707094411,205.183249704085,0,0,0,0,0,193.777661225572,137.189596148386,0,173.201474590904,0,0,0,0,137.239127032733,120.912756812582,0,0,0,160.537522273714,0,0,0,187.77054666536,0,0,0,0,0,188.851177466023,0,0,0,0,135.667029391615,0,0
0,0,0,82.4756938751058,0,0,0,0,0,0,0,190.185165668632,0,0,0,0,0,0,143.005810983322,0,0,0,0,0,0,0,0,106.128596538706,0,0,0,0,0,0,94.8881692391942,104.369974912428,220.901129804706,0,124.853650664477,151.806152521152,165.597665022977
0,0,0,0,0,0,0,71.4788760670054,0,151.695570509541,0,0,0,0,0,0,0,0,75.4497121078207,335.371040201042,0,0,0,0,0,0,0,0,0,276.620869034647,0,0,0,228.792310020318,0,169.742003380707,151.075371308616,0,0,306.344527664232,0
0,0,0,0,0,0,0,153.876396855887,0,0,0,0,97.3506957544063,202.712457066107,0,137.239127032733,143.005810983322,75.4497121078207,0,0,162.833808134102,0,94.027247878695,0,0,0,0,0,0,0,0,134.960780198024,0,0,136.792307586862,0,238.934743274142,0,0,74.4197823064597,0
0,146.465927798921,0,0,0,212.592150359921,93.5029580098427,200.878319874537,0,93.4234866874731,0,325.937289045041,0,141.204637091722,0,120.912756812582,0,335.371040201042,0,0,0,0,0,0,0,84.3635741045246,0,221.805809452716,259.055025639447,251.098274723989,0,0,0,67.8267069095267,131.969743415579,0,321.864157986053,0,0,0,136.685314494491
0,0,219.430938885781,209.996727521564,117.208001126138,103.519938150021,0,0,0,0,309.997227542691,0,0,195.822649557859,0,0,0,0,162.833808134102,0,0,0,0,62.859596780235,0,0,0,114.511014214502,101.5853655613,0,0,0,0,201.100640800745,0,0,71.5579325720569,0,100.812745974529,0,0
0,0,0,0,0,0,0,0,0,0,0,161.275817184598,0,0,0,0,0,0,0,0,0,0,90.1317194604647,0,0,142.054529471577,160.530221557972,0,0,0,0,0,0,0,165.893015276821,0,118.522099274347,155.24952173131,0,198.528111506785,0
0,0,0,122.106946855269,0,0,0,0,193.63278243493,241.635434294794,140.574866691684,0,0,0,62.311273509377,0,0,0,94.027247878695,0,0,90.1317194604647,0,0,0,0,128.405764333981,262.382215657622,197.893790332676,0,120.567029282014,0,0,338.131802716296,0,0,0,213.67670887414,0,82.1742780037132,94.7280504127031
0,0,0,0,283.248188884028,0,98.6790043377568,184.249961885477,0,158.955087279859,0,106.926813611922,0,94.9380989123498,82.6426202489162,160.537522273714,0,0,0,0,62.859596780235,0,0,0,0,96.5937438588657,82.6299537488922,204.084074037941,113.059176128709,0,0,0,0,163.059043292369,85.7623170715703,357.423078228283,101.443495235174,0,194.442125915551,119.728129215699,0
0,0,0,0,138.33942793804,0,0,0,0,0,0,0,0,0,0,0,0,0,0,0,0,0,0,0,0,113.144980278377,0,154.784755881607,89.3673883748406,0,0,0,0,169.453147353278,151.036729364761,137.177378802006,111.435629183184,148.808626413748,0,0,115.332064605654
181.316358113209,253.401634605989,0,0,109.093416850988,0,222.053792850439,0,153.609372090384,195.378266313867,0,89.1590885155172,0,0,179.718364159796,0,0,0,0,84.3635741045246,0,142.054529471577,0,96.5937438588657,113.144980278377,0,0,228.075434767255,0,174.013630695256,0,0,0,333.645516435298,183.786860782462,80.4367166559625,104.915316975638,0,0,81.9664354533492,94.7529894315991
0,0,161.302948562323,186.973586461633,0,98.2230592632363,192.601533877686,255.441154257905,0,0,252.487290983309,329.719143597451,111.226326353722,0,151.01089327964,0,0,0,0,0,0,160.530221557972,128.405764333981,82.6299537488922,0,0,0,217.157696745803,303.527509149359,0,0,193.659409924573,0,199.492852797962,125.81518738273,0,101.895308036513,0,0,241.57250333243,196.04190773555
0,133.984214699576,0,0,66.5008477853491,196.032358954952,0,0,0,205.839960264176,280.376028997576,232.945974238958,0,0,0,187.77054666536,106.128596538706,0,0,221.805809452716,114.511014214502,0,262.382215657622,204.084074037941,154.784755881607,228.075434767255,217.157696745803,0,159.183173818572,158.567996645797,116.176698124939,227.504408813069,139.93285932648,80.8080171296381,157.852515740516,115.194491798135,193.055010680236,353.822894641502,81.2827395071039,0,225.013371621378
0,0,201.44584889478,214.116367924649,133.218162784108,0,0,224.551207449728,0,211.840482897052,0,0,0,0,249.798812580765,0,0,0,0,259.055025639447,101.5853655613,0,197.893790332676,113.059176128709,89.3673883748406,0,303.527509149359,159.183173818572,0,0,0,150.161410108805,124.698445421759,146.814226519809,348.674510760064,269.936825670274,0,0,155.901486485736,289.631679007608,92.3502314520023
0,0,0,0,0,231.715271819474,72.2278283150671,0,0,0,0,97.3232815600345,0,87.8456058929559,247.66948903751,0,0,276.620869034647,0,251.098274723989,0,0,0,0,0,174.013630695256,0,158.567996645797,0,0,0,0,0,0,218.045528847001,0,0,240.185081663983,0,0,0
0,0,0,0,0,0,0,0,0,0,0,0,0,323.781250289068,0,0,0,0,0,0,0,0,120.567029282014,0,0,0,0,116.176698124939,0,0,0,0,0,241.682021696872,0,0,171.230058197369,101.350815329073,0,0,0
0,0,0,0,0,321.124897279917,0,0,173.538155409849,192.135034768848,0,0,0,0,97.5855511246009,0,0,0,134.960780198024,0,0,0,0,0,0,0,193.659409924573,227.504408813069,150.161410108805,0,0,0,0,0,146.99041817625,0,171.906398392157,261.605527103798,0,0,0
0,0,0,0,163.945208919892,0,0,0,0,0,96.7845769653343,0,0,0,0,0,0,0,0,0,0,0,0,0,0,0,0,139.93285932648,124.698445421759,0,0,0,0,0,0,0,0,0,192.693757128262,0,0
0,99.3508940827211,0,0,224.523755099568,0,306.640284138334,0,0,314.611698427915,220.963068032256,215.611029055736,0,78.9559315574845,167.066576495979,188.851177466023,0,228.792310020318,0,67.8267069095267,201.100640800745,0,338.131802716296,163.059043292369,169.453147353278,333.645516435298,199.492852797962,80.8080171296381,146.814226519809,0,241.682021696872,0,0,0,61.0664810463559,178.748963182352,195.314816908693,142.385058730083,191.519780382943,0,73.4795582048751
161.325017232684,0,0,154.070293657878,226.825099357786,73.1029054543569,0,78.8552325762656,0,320.356811100276,206.472608421747,0,0,0,0,0,94.8881692391942,0,136.792307586862,131.969743415579,0,165.893015276821,0,85.7623170715703,151.036729364761,183.786860782462,125.81518738273,157.852515740516,348.674510760064,218.045528847001,0,146.99041817625,0,61.0664810463559,0,219.078548227669,242.790381480436,108.381749703452,125.416941482916,89.9429017381717,0
0,0,0,0,197.486504603685,0,101.85207633558,175.196329314064,0,0,0,173.001559092555,135.294330067913,98.417953423071,345.797434674459,0,104.369974912428,169.742003380707,0,0,0,0,0,357.423078228283,137.177378802006,80.4367166559625,0,115.194491798135,269.936825670274,0,0,0,0,178.748963182352,219.078548227669,0,219.040656038919,0,0,231.050882209,236.681907140956
128.530575464043,0,106.533627130087,95.7590805983148,0,134.566479261133,186.348837226466,263.534399241887,76.5072790361762,112.793316814908,145.74089716123,90.7216186966914,0,0,173.059382066957,0,220.901129804706,151.075371308616,238.934743274142,321.864157986053,71.5579325720569,118.522099274347,0,101.443495235174,111.435629183184,104.915316975638,101.895308036513,193.055010680236,0,0,171.230058197369,171.906398392157,0,195.314816908693,242.790381480436,219.040656038919,0,108.136066660554,0,188.936291522747,85.6072705949986
0,284.529238481835,0,259.442917595754,0,114.649126378906,180.355266595273,177.763106506206,92.5568465385234,180.90030328818,101.605593487621,0,0,0,0,0,0,0,0,0,0,155.24952173131,213.67670887414,0,148.808626413748,0,0,353.822894641502,0,240.185081663983,101.350815329073,261.605527103798,0,142.385058730083,108.381749703452,0,108.136066660554,0,164.032723165762,74.7304794244225,0
0,0,0,0,0,115.114253591495,0,0,0,146.770754374523,0,116.054372245433,0,0,0,135.667029391615,124.853650664477,0,0,0,100.812745974529,0,0,194.442125915551,0,0,0,81.2827395071039,155.901486485736,0,0,0,192.693757128262,191.519780382943,125.416941482916,0,0,164.032723165762,0,58.3493451392805,70.4221432298295
0,138.425725342224,0,0,92.5207898118833,180.543851962045,154.142998692322,112.823430872325,119.345624434514,0,172.892533368851,161.74915061469,261.440278806413,223.705816669619,0,0,151.806152521152,306.344527664232,74.4197823064597,0,0,198.528111506785,82.1742780037132,119.728129215699,0,81.9664354533492,241.57250333243,0,289.631679007608,0,0,0,0,0,89.9429017381717,231.050882209,188.936291522747,74.7304794244225,58.3493451392805,0,110.384905066973
198.964527389285,0,139.792601838991,0,0,0,99.2646516363145,0,178.224497384947,153.672550905948,300.031143529538,115.868441404982,0,74.5815074003433,0,0,165.597665022977,0,0,136.685314494491,0,0,94.7280504127031,0,115.332064605654,94.7529894315991,196.04190773555,225.013371621378,92.3502314520023,0,0,0,0,73.4795582048751,0,236.681907140956,85.6072705949986,0,70.4221432298295,110.384905066973,0
