0,0,0,0,0,0,0,0,0,0,0,0,0,153.672550905948,0,0,0,81.9664354533492,201.100640800745,0,0,0,0,0,0,0,0,0,0,0,151.01089327964,0,0,0,0,0,224.523755099568,0,0,309.997227542691,0
0,0,0,0,0,0,0,222.053792850439,101.350815329073,0,0,0,0,0,89.9429017381717,0,0,0,0,0,0,0,0,0,0,0,0,0,114.649126378906,0,0,0,0,0,202.712457066107,94.7280504127031,0,0,0,155.24952173131,0
0,0,0,0,0,0,0,0,0,101.85207633558,0,0,0,0,0,0,0,0,0,192.601533877686,0,0,0,0,193.63278243493,0,0,0,0,0,0,0,92.3502314520023,0,0,0,171.230058197369,0,0,0,0
0,0,0,0,0,0,0,0,188.851177466023,0,161.74915061469,104.369974912428,0,0,125.81518738273,0,199.492852797962,0,0,146.99041817625,0,0,151.695570509541,0,195.314816908693,197.486504603685,0,0,178.683678585178,0,0,0,0,0,0,184.249961885477,0,153.453047983244,0,213.67670887414,0
0,0,0,0,0,0,0,0,0,0,0,169.742003380707,0,0,0,0,259.055025639447,0,116.054372245433,225.013371621378,0,187.77054666536,0,115.114253591495,0,0,0,0,0,146.770754374523,0,0,0,283.88658203332,135.667029391615,115.332064605654,192.135034768848,62.859596780235,90.7216186966914,0,163.945208919892
0,0,0,0,0,0,196.032358954952,0,0,125.416941482916,0,193.055010680236,0,0,0,0,0,58.3493451392805,0,205.839960264176,0,0,169.453147353278,133.984214699576,0,0,220.901129804706,117.208001126138,141.204637091722,0,0,0,0,148.808626413748,84.3635741045246,0,0,0,161.275817184598,0,175.196329314064
0,0,0,0,0,196.032358954952,0,0,0,111.226326353722,0,0,0,0,0,128.846764897717,0,0,0,0,0,0,0,0,0,0,113.144980278377,74.7304794244225,241.57250333243,0,0,62.311273509377,0,0,180.355266595273,128.530575464043,74.5815074003433,94.9380989123498,0,201.44584889478,163.059043292369
0,222.053792850439,0,0,0,0,0,0,0,0,173.059382066957,173.201474590904,0,0,0,241.635434294794,0,0,0,0,255.441154257905,0,119.345624434514,0,0,161.694997919804,0,97.3232815600345,217.157696745803,80.4367166559625,0,329.719143597451,0,0,151.075371308616,0,97.3506957544063,74.4197823064597,0,249.905610015455,200.878319874537
0,101.350815329073,0,188.851177466023,0,0,0,0,0,0,137.177378802006,0,0,97.5855511246009,0,0,0,0,0,0,325.937289045041,0,154.070293657878,205.09013266389,0,0,0,0,139.654362654449,0,0,0,0,115.868441404982,0,98.417953423071,112.349934713559,0,0,0,0
0,0,101.85207633558,0,0,125.416941482916,111.226326353722,0,0,0,80.8080171296381,320.356811100276,0,136.685314494491,0,0,0,283.248188884028,0,0,0,0,0,190.185165668632,120.912756812582,180.543851962045,0,70.4221432298295,238.934743274142,195.822649557859,0,171.906398392157,0,140.574866691684,232.945974238958,0,177.763106506206,0,0,0,261.440278806413
0,0,0,161.74915061469,0,0,0,173.059382066957,137.177378802006,80.8080171296381,0,195.378266313867,0,0,173.001559092555,0,0,0,98.2230592632363,206.912707094411,0,0,183.786860782462,0,87.8456058929559,0,223.705816669619,0,0,227.504408813069,0,0,228.075434767255,0,0,289.631679007608,81.2827395071039,0,0,0,138.425725342224
0,0,0,104.369974912428,169.742003380707,193.055010680236,0,173.201474590904,0,320.356811100276,195.378266313867,0,0,150.161410108805,99.3508940827211,0,0,128.405764333981,0,0,0,0,251.098274723989,162.833808134102,0,335.371040201042,0,219.430938885781,198.528111506785,0,0,0,0,151.036729364761,101.443495235174,173.538155409849,303.527509149359,154.065933476765,209.996727521564,0,159.183173818572
0,0,0,0,0,0,0,0,0,0,0,0,0,0,0,0,0,0,0,0,0,0,0,0,0,0,0,220.963068032256,0,0,0,0,0,0,90.1317194604647,0,205.183249704085,0,103.519938150021,198.964527389285,71.5579325720569
153.672550905948,0,0,0,0,0,0,0,97.5855511246009,136.685314494491,0,150.161410108805,0,0,0,0,0,124.853650664477,0,0,0,215.611029055736,0,186.348837226466,0,0,0,133.218162784108,134.960780198024,0,0,0,0,0,194.442125915551,106.33736463831,160.530221557972,0,0,338.131802716296,154.784755881607
0,89.9429017381717,0,125.81518738273,0,0,0,0,0,0,173.001559092555,99.3508940827211,0,0,0,0,0,0,240.185081663983,0,0,0,0,0,0,124.698445421759,99.2646516363145,0,0,0,0,0,0,109.093416850988,101.895308036513,160.537522273714,115.871357769661,0,0,92.5207898118833,0
0,0,0,0,0,0,128.846764897717,241.635434294794,0,0,0,0,0,0,0,0,0,0,0,0,0,108.381749703452,0,0,0,193.777661225572,0,0,158.955087279859,0,0,0,0,218.045528847001,0,131.969743415579,252.487290983309,193.659409924573,0,262.382215657622,98.6790043377568
0,0,0,199.492852797962,259.055025639447,0,0,0,0,0,0,0,0,0,0,0,0,0,0,192.693757128262,0,0,82.1742780037132,0,0,0,306.344527664232,106.533627130087,0,106.926813611922,0,0,0,0,100.812745974529,0,0,0,73.4795582048751,134.566479261133,0
81.9664354533492,0,0,0,0,58.3493451392805,0,0,0,283.248188884028,0,128.405764333981,0,124.853650664477,0,0,0,0,0,0,0,0,0,186.973586461633,0,0,93.4234866874731,0,0,0,0,0,0,0,158.567996645797,0,0,0,0,0,353.822894641502
201.100640800745,0,0,0,116.054372245433,0,0,0,0,0,98.2230592632363,0,0,0,240.185081663983,0,0,0,0,0,0,0,0,0,0,0,110.384905066973,116.176698124939,253.401634605989,0,0,261.605527103798,0,142.054529471577,96.7845769653343,0,0,85.6072705949986,0,0,259.442917595754
0,0,192.601533877686,146.99041817625,225.013371621378,205.839960264176,0,0,0,0,206.912707094411,0,0,0,0,0,192.693757128262,0,0,0,115.541295036174,0,85.7623170715703,179.718364159796,0,94.027247878695,136.792307586862,321.864157986053,0,0,0,0,0,167.066576495979,0,95.7590805983148,321.124897279917,0,0,113.059176128709,161.302948562323
0,0,0,0,0,0,0,255.441154257905,325.937289045041,0,0,0,0,0,0,0,0,0,0,115.541295036174,0,0,154.142998692322,0,0,0,94.8881692391942,0,161.325017232684,0,0,93.5029580098427,0,92.5568465385234,0,0,78.8552325762656,89.3673883748406,142.385058730083,314.611698427915,125.994729980093
0,0,0,0,187.77054666536,0,0,0,0,0,0,0,0,215.611029055736,0,108.381749703452,0,0,0,0,0,0,231.715271819474,145.74089716123,0,0,0,138.33942793804,0,0,0,0,0,188.936291522747,0,0,0,0,0,135.294330067913,0
0,0,0,151.695570509541,0,169.453147353278,0,119.345624434514,154.070293657878,0,183.786860782462,251.098274723989,0,0,0,0,82.1742780037132,0,0,85.7623170715703,154.142998692322,231.715271819474,0,0,0,0,0,178.748963182352,219.040656038919,0,0,119.728129215699,0,0,276.620869034647,0,0,204.481117647118,0,0,0
0,0,0,0,115.114253591495,133.984214699576,0,0,205.09013266389,190.185165668632,0,162.833808134102,0,186.348837226466,0,0,0,186.973586461633,0,179.718364159796,0,145.74089716123,0,0,0,137.239127032733,112.823430872325,151.806152521152,0,0,101.605593487621,178.224497384947,0,197.893790332676,67.8267069095267,0,101.5853655613,94.7529894315991,0,0,112.793316814908
0,0,193.63278243493,195.314816908693,0,0,0,0,0,120.912756812582,87.8456058929559,0,0,0,0,0,0,0,0,0,0,0,0,0,0,269.936825670274,96.5937438588657,0,0,0,0,0,0,106.128596538706,0,72.2278283150671,0,263.534399241887,0,114.511014214502,0
0,0,0,197.486504603685,0,0,0,161.694997919804,0,180.543851962045,0,335.371040201042,0,0,124.698445421759,193.777661225572,0,0,0,94.027247878695,0,0,0,137.239127032733,269.936825670274,0,172.892533368851,71.4788760670054,155.901486485736,0,0,61.0664810463559,0,180.90030328818,146.814226519809,231.050882209,236.681907140956,0,191.519780382943,146.465927798921,115.194491798135
0,0,0,0,0,220.901129804706,113.144980278377,0,0,0,223.705816669619,0,0,0,99.2646516363145,0,306.344527664232,93.4234866874731,110.384905066973,136.792307586862,94.8881692391942,0,0,112.823430872325,96.5937438588657,172.892533368851,0,118.522099274347,247.66948903751,345.797434674459,0,0,0,0,0,211.840482897052,139.93285932648,137.189596148386,108.136066660554,224.551207449728,0
0,0,0,0,0,117.208001126138,74.7304794244225,97.3232815600345,0,70.4221432298295,0,219.430938885781,220.963068032256,133.218162784108,0,0,106.533627130087,0,116.176698124939,321.864157986053,0,138.33942793804,178.748963182352,151.806152521152,0,71.4788760670054,118.522099274347,0,280.376028997576,153.609372090384,172.608400267715,0,208.005106191961,104.915316975638,357.423078228283,165.597665022977,214.116367924649,219.078548227669,348.674510760064,242.790381480436,300.031143529538
0,114.649126378906,0,178.683678585178,0,141.204637091722,241.57250333243,217.157696745803,139.654362654449,238.934743274142,0,198.528111506785,0,134.960780198024,0,158.955087279859,0,0,253.401634605989,0,161.325017232684,0,219.040656038919,0,0,155.901486485736,247.66948903751,280.376028997576,0,0,0,0,0,347.376449530863,204.084074037941,0,181.316358113209,122.106946855269,157.852515740516,0,0
0,0,0,0,146.770754374523,0,0,80.4367166559625,0,195.822649557859,227.504408813069,0,0,0,0,0,106.926813611922,0,0,0,0,0,0,0,0,0,345.797434674459,153.609372090384,0,0,0,0,0,226.825099357786,0,0,153.876396855887,76.5072790361762,0,89.707245288964,0
151.01089327964,0,0,0,0,0,0,0,0,0,0,0,0,0,0,0,0,0,0,0,0,0,0,101.605593487621,0,0,0,172.608400267715,0,0,0,0,0,228.792310020318,139.792601838991,0,241.682021696872,0,0,0,0
0,0,0,0,0,0,62.311273509377,329.719143597451,0,171.906398392157,0,0,0,0,0,0,0,0,261.605527103798,0,93.5029580098427,0,119.728129215699,178.224497384947,0,61.0664810463559,0,0,0,0,0,0,0,250.461724766314,0,0,323.781250289068,0,0,164.032723165762,0
0,0,92.3502314520023,0,0,0,0,0,0,0,228.075434767255,0,0,0,0,0,0,0,0,0,0,0,0,0,0,0,0,208.005106191961,0,0,0,0,0,0,196.04190773555,0,284.529238481835,0,0,0,0
0,0,0,0,283.88658203332,148.808626413748,0,0,115.868441404982,140.574866691684,0,151.036729364761,0,0,109.093416850988,218.045528847001,0,0,142.054529471577,167.066576495979,92.5568465385234,188.936291522747,0,197.893790332676,106.128596538706,180.90030328818,0,104.915316975638,347.376449530863,226.825099357786,228.792310020318,250.461724766314,0,0,120.567029282014,165.893015276821,94.126460729827,212.592150359921,73.1029054543569,249.798812580765,111.435629183184
0,202.712457066107,0,0,135.667029391615,84.3635741045246,180.355266595273,151.075371308616,0,232.945974238958,0,101.443495235174,90.1317194604647,194.442125915551,101.895308036513,0,100.812745974529,158.567996645797,96.7845769653343,0,0,0,276.620869034647,67.8267069095267,0,146.814226519809,0,357.423078228283,204.084074037941,0,139.792601838991,0,196.04190773555,120.567029282014,0,0,221.805809452716,0,168.241326865882,206.472608421747,143.005810983322
0,94.7280504127031,0,184.249961885477,115.332064605654,0,128.530575464043,0,98.417953423071,0,289.631679007608,173.538155409849,0,106.33736463831,160.537522273714,131.969743415579,0,0,0,95.7590805983148,0,0,0,0,72.2278283150671,231.050882209,211.840482897052,165.597665022977,0,0,0,0,0,165.893015276821,0,0,82.4756938751058,89.1590885155172,0,174.013630695256,0
224.523755099568,0,171.230058197369,0,192.135034768848,0,74.5815074003433,97.3506957544063,112.349934713559,177.763106506206,81.2827395071039,303.527509149359,205.183249704085,160.530221557972,115.871357769661,252.487290983309,0,0,0,321.124897279917,78.8552325762656,0,0,101.5853655613,0,236.681907140956,139.93285932648,214.116367924649,181.316358113209,153.876396855887,241.682021696872,323.781250289068,284.529238481835,94.126460729827,221.805809452716,82.4756938751058,0,82.6299537488922,78.9559315574845,333.645516435298,0
0,0,0,153.453047983244,62.859596780235,0,94.9380989123498,74.4197823064597,0,0,0,154.065933476765,0,0,0,193.659409924573,0,0,85.6072705949986,0,89.3673883748406,0,204.481117647118,94.7529894315991,263.534399241887,0,137.189596148386,219.078548227669,122.106946855269,76.5072790361762,0,0,0,212.592150359921,0,89.1590885155172,82.6299537488922,0,82.6426202489162,75.4497121078207,0
0,0,0,0,90.7216186966914,161.275817184598,0,0,0,0,0,209.996727521564,103.519938150021,0,0,0,73.4795582048751,0,0,0,142.385058730083,0,0,0,0,191.519780382943,108.136066660554,348.674510760064,157.852515740516,0,0,0,0,73.1029054543569,168.241326865882,0,78.9559315574845,82.6426202489162,0,0,306.640284138334
309.997227542691,155.24952173131,0,213.67670887414,0,0,201.44584889478,249.905610015455,0,0,0,0,198.964527389285,338.131802716296,92.5207898118833,262.382215657622,134.566479261133,0,0,113.059176128709,314.611698427915,135.294330067913,0,0,114.511014214502,146.465927798921,224.551207449728,242.790381480436,0,89.707245288964,0,164.032723165762,0,249.798812580765,206.472608421747,174.013630695256,333.645516435298,75.4497121078207,0,0,66.5008477853491
0,0,0,0,163.945208919892,175.196329314064,163.059043292369,200.878319874537,0,261.440278806413,138.425725342224,159.183173818572,71.5579325720569,154.784755881607,0,98.6790043377568,0,353.822894641502,259.442917595754,161.302948562323,125.994729980093,0,0,112.793316814908,0,115.194491798135,0,300.031143529538,0,0,0,0,0,111.435629183184,143.005810983322,0,0,0,306.640284138334,66.5008477853491,0
