0,0,0,0,0,0,0,0,0,0,0,0,0,0,0,0,0,0,114.511014214502,0,0,0,0,0,0,0,0,0,0,0,0,0,0,222.053792850439,103.519938150021,0,128.530575464043,0,0,240.185081663983,142.054529471577
0,0,0,0,0,303.527509149359,0,0,0,0,115.194491798135,0,0,0,0,0,0,0,0,0,0,0,0,157.852515740516,0,0,0,325.937289045041,99.2646516363145,0,0,0,0,0,0,0,0,0,0,163.059043292369,151.036729364761
0,0,0,0,0,0,0,193.777661225572,0,0,0,0,0,0,197.893790332676,0,0,0,0,0,0,0,0,0,0,159.183173818572,0,0,0,0,0,154.065933476765,0,314.611698427915,0,0,0,0,0,0,0
0,0,0,0,82.6299537488922,0,0,148.808626413748,104.369974912428,169.742003380707,0,106.533627130087,0,101.350815329073,0,0,0,208.005106191961,0,0,0,0,0,0,0,0,0,139.654362654449,0,146.814226519809,0,0,0,138.33942793804,146.770754374523,0,96.5937438588657,0,0,92.5568465385234,0
0,0,0,82.6299537488922,0,0,0,0,0,0,165.893015276821,101.605593487621,151.806152521152,0,0,0,173.059382066957,0,0,0,224.523755099568,0,0,0,199.492852797962,87.8456058929559,194.442125915551,71.5579325720569,97.3232815600345,0,0,0,0,0,0,0,0,94.7280504127031,0,180.355266595273,109.093416850988
0,303.527509149359,0,0,0,0,0,192.693757128262,155.901486485736,0,0,122.106946855269,0,0,0,0,0,0,134.960780198024,0,0,0,0,120.567029282014,0,168.241326865882,0,0,0,300.031143529538,0,0,0,174.013630695256,115.541295036174,80.8080171296381,67.8267069095267,309.997227542691,0,155.24952173131,0
0,0,0,0,0,0,0,0,0,94.9380989123498,201.44584889478,116.054372245433,0,0,0,0,0,153.453047983244,0,0,0,0,104.915316975638,0,0,197.486504603685,0,90.1317194604647,241.635434294794,206.472608421747,0,0,0,0,0,58.3493451392805,133.218162784108,92.3502314520023,191.519780382943,0,0
0,0,193.777661225572,148.808626413748,0,192.693757128262,0,0,0,0,0,0,0,0,280.376028997576,0,0,284.529238481835,93.5029580098427,179.718364159796,0,0,0,0,205.183249704085,74.4197823064597,94.027247878695,172.608400267715,95.7590805983148,0,0,0,219.078548227669,0,0,0,323.781250289068,192.135034768848,0,0,204.481117647118
0,0,0,104.369974912428,0,155.901486485736,0,0,0,0,0,0,0,178.683678585178,0,0,0,0,0,178.748963182352,0,0,0,80.4367166559625,0,0,0,106.926813611922,215.611029055736,0,0,0,0,150.161410108805,0,0,196.032358954952,0,0,81.2827395071039,137.189596148386
0,0,0,169.742003380707,0,0,94.9380989123498,0,0,0,0,113.059176128709,0,0,0,306.640284138334,0,195.314816908693,0,112.823430872325,227.504408813069,85.6072705949986,0,0,0,276.620869034647,94.8881692391942,259.055025639447,0,0,0,0,0,193.659409924573,172.892533368851,101.85207633558,177.763106506206,62.311273509377,108.381749703452,228.792310020318,0
0,115.194491798135,0,0,165.893015276821,0,201.44584889478,0,0,0,0,0,0,209.996727521564,0,0,0,0,125.416941482916,0,249.798812580765,0,289.631679007608,255.441154257905,0,135.667029391615,0,0,0,0,0,251.098274723989,0,101.895308036513,160.537522273714,140.574866691684,85.7623170715703,135.294330067913,0,0,171.906398392157
0,0,0,106.533627130087,101.605593487621,122.106946855269,116.054372245433,0,0,113.059176128709,0,0,0,238.934743274142,0,0,94.126460729827,0,142.385058730083,136.792307586862,0,0,112.349934713559,124.698445421759,0,306.344527664232,0,247.66948903751,106.128596538706,108.136066660554,345.797434674459,0,0,154.784755881607,223.705816669619,0,165.597665022977,0,0,190.185165668632,139.93285932648
0,0,0,0,151.806152521152,0,0,0,0,0,0,0,0,0,0,0,0,0,0,0,0,0,0,259.442917595754,113.144980278377,0,0,0,0,0,0,0,0,0,0,262.382215657622,89.3673883748406,0,0,0,205.09013266389
0,0,0,101.350815329073,0,0,0,0,178.683678585178,0,209.996727521564,238.934743274142,0,0,0,0,195.378266313867,0,0,158.567996645797,0,0,0,0,0,0,0,224.551207449728,0,0,0,0,0,213.67670887414,99.3508940827211,357.423078228283,173.001559092555,348.674510760064,0,70.4221432298295,167.066576495979
0,0,197.893790332676,0,0,0,0,280.376028997576,0,0,0,0,0,0,0,261.440278806413,0,0,66.5008477853491,232.945974238958,0,0,0,0,0,0,139.792601838991,335.371040201042,0,153.876396855887,0,0,0,0,204.084074037941,0,133.984214699576,0,0,205.839960264176,81.9664354533492
0,0,0,0,0,0,0,0,0,306.640284138334,0,0,0,0,261.440278806413,0,0,0,0,0,0,0,0,120.912756812582,0,0,101.5853655613,200.878319874537,321.124897279917,0,0,0,0,198.528111506785,162.833808134102,347.376449530863,0,161.74915061469,0,84.3635741045246,0
0,0,0,0,173.059382066957,0,0,0,0,0,0,94.126460729827,0,195.378266313867,0,0,0,0,0,0,89.9429017381717,125.994729980093,188.936291522747,201.100640800745,0,0,0,74.7304794244225,101.443495235174,0,0,0,0,0,0,0,0,164.032723165762,0,0,0
0,0,0,208.005106191961,0,0,153.453047983244,284.529238481835,0,195.314816908693,0,0,0,0,0,0,0,0,0,0,0,0,0,0,0,0,0,0,0,0,0,220.901129804706,0,186.973586461633,0,228.075434767255,71.4788760670054,0,0,0,175.196329314064
114.511014214502,0,0,0,0,134.960780198024,0,93.5029580098427,0,0,125.416941482916,142.385058730083,0,0,66.5008477853491,0,0,0,0,0,0,0,0,0,137.239127032733,171.230058197369,153.609372090384,0,0,0,0,0,0,90.7216186966914,250.461724766314,0,0,0,0,82.6426202489162,0
0,0,0,0,0,0,0,179.718364159796,178.748963182352,112.823430872325,0,136.792307586862,0,158.567996645797,232.945974238958,0,0,0,0,0,146.465927798921,220.963068032256,0,100.812745974529,0,225.013371621378,0,92.5207898118833,252.487290983309,0,0,0,0,218.045528847001,193.63278243493,0,82.4756938751058,0,0,173.538155409849,206.912707094411
0,0,0,0,224.523755099568,0,0,0,0,227.504408813069,249.798812580765,0,0,0,0,0,89.9429017381717,0,0,146.465927798921,0,0,0,0,0,221.805809452716,0,0,180.90030328818,0,283.248188884028,0,0,0,0,115.332064605654,154.142998692322,111.226326353722,161.694997919804,161.325017232684,0
0,0,0,0,0,0,0,0,0,85.6072705949986,0,0,0,0,0,0,125.994729980093,0,0,220.963068032256,0,0,0,0,0,242.790381480436,231.050882209,0,98.417953423071,0,0,0,0,119.345624434514,0,0,98.2230592632363,0,0,0,0
0,0,0,0,0,0,104.915316975638,0,0,0,289.631679007608,112.349934713559,0,0,0,0,188.936291522747,0,0,0,0,0,0,0,0,89.707245288964,82.1742780037132,184.249961885477,0,115.868441404982,97.3506957544063,96.7845769653343,0,151.695570509541,261.605527103798,241.682021696872,217.157696745803,202.712457066107,0,0,0
0,157.852515740516,0,0,0,120.567029282014,0,0,80.4367166559625,0,255.441154257905,124.698445421759,259.442917595754,0,0,120.912756812582,201.100640800745,0,0,100.812745974529,0,0,0,0,0,0,198.964527389285,73.1029054543569,186.348837226466,321.864157986053,0,0,0,112.793316814908,219.430938885781,62.859596780235,137.177378802006,219.040656038919,0,151.01089327964,0
0,0,0,0,199.492852797962,0,0,205.183249704085,0,0,0,0,113.144980278377,0,0,0,0,0,137.239127032733,0,0,0,0,0,0,0,0,249.905610015455,160.530221557972,0,0,283.88658203332,0,0,353.822894641502,0,0,241.57250333243,0,192.601533877686,0
0,0,159.183173818572,0,87.8456058929559,168.241326865882,197.486504603685,74.4197823064597,0,276.620869034647,135.667029391615,306.344527664232,0,0,0,0,0,0,171.230058197369,225.013371621378,221.805809452716,242.790381480436,89.707245288964,0,0,0,154.070293657878,128.405764333981,0,0,0,333.645516435298,0,0,0,61.0664810463559,253.401634605989,0,128.846764897717,231.715271819474,0
0,0,0,0,194.442125915551,0,0,94.027247878695,0,94.8881692391942,0,0,0,0,139.792601838991,101.5853655613,0,0,153.609372090384,0,0,231.050882209,82.1742780037132,198.964527389285,0,154.070293657878,0,138.425725342224,134.566479261133,0,0,98.6790043377568,0,263.534399241887,329.719143597451,97.5855511246009,74.5815074003433,78.9559315574845,118.522099274347,111.435629183184,0
0,325.937289045041,0,139.654362654449,71.5579325720569,0,90.1317194604647,172.608400267715,106.926813611922,259.055025639447,0,247.66948903751,0,224.551207449728,335.371040201042,200.878319874537,74.7304794244225,0,0,92.5207898118833,0,0,184.249961885477,73.1029054543569,249.905610015455,128.405764333981,138.425725342224,0,153.672550905948,0,0,214.116367924649,0,173.201474590904,76.5072790361762,236.681907140956,89.1590885155172,72.2278283150671,158.955087279859,0,141.204637091722
0,99.2646516363145,0,0,97.3232815600345,0,241.635434294794,95.7590805983148,215.611029055736,0,0,106.128596538706,0,0,0,321.124897279917,101.443495235174,0,0,252.487290983309,180.90030328818,98.417953423071,0,186.348837226466,160.530221557972,0,134.566479261133,153.672550905948,0,212.592150359921,0,0,0,115.871357769661,119.728129215699,124.853650664477,151.075371308616,0,178.224497384947,0,0
0,0,0,146.814226519809,0,300.031143529538,206.472608421747,0,0,0,0,108.136066660554,0,0,153.876396855887,0,0,0,0,0,0,0,115.868441404982,321.864157986053,0,0,0,0,212.592150359921,0,0,0,0,0,0,0,226.825099357786,0,188.851177466023,0,183.786860782462
0,0,0,0,0,0,0,0,0,0,0,345.797434674459,0,0,0,0,0,0,0,0,283.248188884028,0,97.3506957544063,0,0,0,0,0,0,0,0,0,0,180.543851962045,0,338.131802716296,106.33736463831,0,0,0,0
0,0,154.065933476765,0,0,0,0,0,0,0,251.098274723989,0,0,0,0,0,0,220.901129804706,0,0,0,0,96.7845769653343,0,283.88658203332,333.645516435298,98.6790043377568,214.116367924649,0,0,0,0,0,114.649126378906,0,0,0,0,0,193.055010680236,163.945208919892
0,0,0,0,0,0,0,219.078548227669,0,0,0,0,0,0,0,0,0,0,0,0,0,0,0,0,0,0,0,0,0,0,0,0,0,0,110.384905066973,161.275817184598,0,0,115.114253591495,269.936825670274,0
222.053792850439,0,314.611698427915,138.33942793804,0,174.013630695256,0,0,150.161410108805,193.659409924573,101.895308036513,154.784755881607,0,213.67670887414,0,198.528111506785,0,186.973586461633,90.7216186966914,218.045528847001,0,119.345624434514,151.695570509541,112.793316814908,0,0,263.534399241887,173.201474590904,115.871357769661,0,180.543851962045,114.649126378906,0,0,136.685314494491,0,161.302948562323,143.005810983322,0,93.4234866874731,117.208001126138
103.519938150021,0,0,146.770754374523,0,115.541295036174,0,0,0,172.892533368851,160.537522273714,223.705816669619,0,99.3508940827211,204.084074037941,162.833808134102,0,0,250.461724766314,193.63278243493,0,0,261.605527103798,219.430938885781,353.822894641502,0,329.719143597451,76.5072790361762,119.728129215699,0,0,0,110.384905066973,136.685314494491,0,187.77054666536,196.04190773555,195.822649557859,75.4497121078207,78.8552325762656,145.74089716123
0,0,0,0,0,80.8080171296381,58.3493451392805,0,0,101.85207633558,140.574866691684,0,262.382215657622,357.423078228283,0,347.376449530863,0,228.075434767255,0,0,115.332064605654,0,241.682021696872,62.859596780235,0,61.0664810463559,97.5855511246009,236.681907140956,124.853650664477,0,338.131802716296,0,161.275817184598,0,187.77054666536,0,0,0,169.453147353278,0,0
128.530575464043,0,0,96.5937438588657,0,67.8267069095267,133.218162784108,323.781250289068,196.032358954952,177.763106506206,85.7623170715703,165.597665022977,89.3673883748406,173.001559092555,133.984214699576,0,0,71.4788760670054,0,82.4756938751058,154.142998692322,98.2230592632363,217.157696745803,137.177378802006,0,253.401634605989,74.5815074003433,89.1590885155172,151.075371308616,226.825099357786,106.33736463831,0,0,161.302948562323,196.04190773555,0,0,116.176698124939,211.840482897052,146.99041817625,94.7529894315991
0,0,0,0,94.7280504127031,309.997227542691,92.3502314520023,192.135034768848,0,62.311273509377,135.294330067913,0,0,348.674510760064,0,161.74915061469,164.032723165762,0,0,0,111.226326353722,0,202.712457066107,219.040656038919,241.57250333243,0,78.9559315574845,72.2278283150671,0,0,0,0,0,143.005810983322,195.822649557859,0,116.176698124939,0,181.316358113209,0,320.356811100276
0,0,0,0,0,0,191.519780382943,0,0,108.381749703452,0,0,0,0,0,0,0,0,0,0,161.694997919804,0,0,0,0,128.846764897717,118.522099274347,158.955087279859,178.224497384947,188.851177466023,0,0,115.114253591495,0,75.4497121078207,169.453147353278,211.840482897052,181.316358113209,0,125.81518738273,73.4795582048751
240.185081663983,163.059043292369,0,92.5568465385234,180.355266595273,155.24952173131,0,0,81.2827395071039,228.792310020318,0,190.185165668632,0,70.4221432298295,205.839960264176,84.3635741045246,0,0,82.6426202489162,173.538155409849,161.325017232684,0,0,151.01089327964,192.601533877686,231.715271819474,111.435629183184,0,0,0,0,193.055010680236,269.936825670274,93.4234866874731,78.8552325762656,0,146.99041817625,0,125.81518738273,0,131.969743415579
142.054529471577,151.036729364761,0,0,109.093416850988,0,0,204.481117647118,137.189596148386,0,171.906398392157,139.93285932648,205.09013266389,167.066576495979,81.9664354533492,0,0,175.196329314064,0,206.912707094411,0,0,0,0,0,0,0,141.204637091722,0,183.786860782462,0,163.945208919892,0,117.208001126138,145.74089716123,0,94.7529894315991,320.356811100276,73.4795582048751,131.969743415579,0
