0,0,0,0,0,0,0,0,0,0,0,0,0,0,0,0,0,0,0,67.8267069095267,0,0,78.8552325762656,0,0,0,0,196.032358954952,0,0,0,0,0,0,101.5853655613,283.248188884028,0,0,0,191.519780382943,0
0,0,0,0,0,0,0,0,0,0,0,0,0,0,0,0,0,0,0,0,0,0,0,0,0,0,106.128596538706,0,143.005810983322,0,0,0,0,0,71.5579325720569,92.5568465385234,0,99.3508940827211,187.77054666536,184.249961885477,0
0,0,0,0,0,0,0,0,0,0,0,241.57250333243,0,0,0,0,0,0,0,0,0,0,0,0,0,309.997227542691,0,104.369974912428,120.912756812582,0,0,0,0,0,0,0,0,0,0,0,96.7845769653343
0,0,0,0,101.443495235174,0,101.85207633558,0,0,0,0,0,0,0,0,0,173.538155409849,0,73.1029054543569,0,0,80.8080171296381,0,0,0,283.88658203332,0,200.878319874537,169.453147353278,0,0,0,136.685314494491,218.045528847001,135.667029391615,0,82.6299537488922,0,0,247.66948903751,0
0,0,0,101.443495235174,0,74.5815074003433,0,0,0,0,94.126460729827,201.100640800745,222.053792850439,0,0,0,0,0,0,0,106.33736463831,0,0,0,220.901129804706,137.189596148386,162.833808134102,0,139.93285932648,0,0,0,0,227.504408813069,0,0,169.742003380707,0,0,137.177378802006,240.185081663983
0,0,0,0,74.5815074003433,0,178.224497384947,0,0,0,0,0,104.915316975638,0,98.6790043377568,165.893015276821,0,0,0,0,0,0,172.892533368851,250.461724766314,0,0,160.530221557972,173.001559092555,74.4197823064597,0,0,0,0,228.792310020318,0,194.442125915551,71.4788760670054,94.027247878695,0,0,0
0,0,0,101.85207633558,0,178.224497384947,0,195.822649557859,0,0,0,224.551207449728,0,114.511014214502,103.519938150021,0,0,0,150.161410108805,163.059043292369,0,0,0,183.786860782462,0,0,89.1590885155172,93.5029580098427,0,198.528111506785,0,0,0,0,0,0,0,0,0,85.7623170715703,0
0,0,0,0,0,0,195.822649557859,0,212.592150359921,259.442917595754,300.031143529538,0,0,110.384905066973,81.2827395071039,0,0,0,0,89.707245288964,120.567029282014,0,161.74915061469,142.385058730083,0,0,0,186.348837226466,0,0,0,0,0,0,252.487290983309,228.075434767255,97.5855511246009,0,0,154.142998692322,219.430938885781
0,0,0,0,0,0,0,212.592150359921,0,206.912707094411,0,193.055010680236,111.435629183184,323.781250289068,0,0,0,0,0,0,0,0,0,224.523755099568,172.608400267715,0,0,0,0,0,0,0,0,165.597665022977,202.712457066107,0,232.945974238958,0,115.332064605654,0,0
0,0,0,0,0,0,0,259.442917595754,206.912707094411,0,112.823430872325,94.9380989123498,0,178.748963182352,0,0,0,204.481117647118,0,154.070293657878,0,193.63278243493,0,0,128.530575464043,236.681907140956,133.218162784108,0,0,0,0,99.2646516363145,0,204.084074037941,0,284.529238481835,190.185165668632,0,314.611698427915,213.67670887414,174.013630695256
0,0,0,0,94.126460729827,0,0,300.031143529538,0,112.823430872325,0,0,0,0,101.350815329073,0,0,0,214.116367924649,0,0,0,0,175.196329314064,0,0,0,90.1317194604647,241.682021696872,320.356811100276,0,0,0,146.465927798921,146.814226519809,106.926813611922,128.405764333981,0,195.378266313867,101.605593487621,261.440278806413
0,0,241.57250333243,0,201.100640800745,0,224.551207449728,0,193.055010680236,94.9380989123498,0,0,0,70.4221432298295,259.055025639447,0,357.423078228283,0,115.541295036174,92.5207898118833,0,0,0,98.417953423071,0,82.4756938751058,0,345.797434674459,196.04190773555,76.5072790361762,0,0,0,135.294330067913,138.33942793804,0,95.7590805983148,119.345624434514,0,142.054529471577,186.973586461633
0,0,0,0,222.053792850439,104.915316975638,0,0,111.435629183184,0,0,0,0,0,0,0,0,0,0,0,0,0,0,0,0,109.093416850988,0,0,0,0,0,0,0,0,0,0,329.719143597451,0,0,90.7216186966914,0
0,0,0,0,0,0,114.511014214502,110.384905066973,323.781250289068,178.748963182352,0,70.4221432298295,0,0,0,0,0,0,140.574866691684,0,0,0,151.01089327964,263.534399241887,0,0,0,0,0,0,195.314816908693,0,0,98.2230592632363,0,253.401634605989,108.381749703452,0,134.960780198024,251.098274723989,0
0,0,0,0,0,98.6790043377568,103.519938150021,81.2827395071039,0,0,101.350815329073,259.055025639447,0,0,0,0,0,118.522099274347,0,0,0,0,0,0,0,0,164.032723165762,335.371040201042,0,0,0,0,0,84.3635741045246,0,0,348.674510760064,0,192.693757128262,0,124.853650664477
0,0,0,0,0,165.893015276821,0,0,0,0,0,0,0,0,0,0,0,61.0664810463559,209.996727521564,0,153.609372090384,0,249.798812580765,0,0,231.715271819474,0,0,205.09013266389,0,0,0,0,74.7304794244225,0,0,0,0,161.275817184598,62.859596780235,125.81518738273
0,0,0,173.538155409849,0,0,0,0,0,0,0,357.423078228283,0,0,0,0,0,0,0,0,0,0,0,0,0,0,0,255.441154257905,160.537522273714,0,0,115.871357769661,0,145.74089716123,188.851177466023,221.805809452716,0,241.635434294794,0,92.3502314520023,0
0,0,0,0,0,0,0,0,0,204.481117647118,0,0,0,0,118.522099274347,61.0664810463559,0,0,0,0,0,0,0,0,0,0,0,0,0,0,93.4234866874731,0,0,0,62.311273509377,136.792307586862,353.822894641502,180.543851962045,0,0,181.316358113209
0,0,0,73.1029054543569,0,0,150.161410108805,0,0,0,214.116367924649,115.541295036174,0,140.574866691684,0,209.996727521564,0,0,0,0,0,0,0,0,0,0,0,131.969743415579,173.201474590904,0,0,0,0,261.605527103798,94.7280504127031,0,188.936291522747,0,0,225.013371621378,0
67.8267069095267,0,0,0,0,0,163.059043292369,89.707245288964,0,154.070293657878,0,92.5207898118833,0,0,0,0,0,0,0,0,0,0,198.964527389285,0,0,306.640284138334,171.906398392157,82.1742780037132,249.905610015455,115.868441404982,0,0,0,0,73.4795582048751,139.654362654449,81.9664354533492,303.527509149359,0,82.6426202489162,155.24952173131
0,0,0,0,106.33736463831,0,0,120.567029282014,0,0,0,0,0,0,0,153.609372090384,0,0,0,0,0,0,0,0,238.934743274142,119.728129215699,180.90030328818,193.659409924573,0,0,0,122.106946855269,0,148.808626413748,201.44584889478,0,116.176698124939,226.825099357786,0,158.567996645797,0
0,0,0,80.8080171296381,0,0,0,0,0,193.63278243493,0,0,0,0,0,0,0,0,0,0,0,0,0,321.124897279917,0,0,0,155.901486485736,0,0,0,0,0,177.763106506206,0,0,141.204637091722,0,0,111.226326353722,197.486504603685
78.8552325762656,0,0,0,0,172.892533368851,0,161.74915061469,0,0,0,0,0,151.01089327964,0,249.798812580765,0,0,0,198.964527389285,0,0,0,0,179.718364159796,97.3506957544063,114.649126378906,0,116.054372245433,112.349934713559,347.376449530863,0,0,151.806152521152,0,0,163.945208919892,0,0,89.3673883748406,0
0,0,0,0,0,250.461724766314,183.786860782462,142.385058730083,224.523755099568,0,175.196329314064,98.417953423071,0,263.534399241887,0,0,0,0,0,0,0,321.124897279917,0,0,0,0,171.230058197369,205.839960264176,146.770754374523,0,0,193.777661225572,58.3493451392805,178.683678585178,117.208001126138,151.036729364761,289.631679007608,262.382215657622,217.157696745803,0,0
0,0,0,0,220.901129804706,0,0,0,172.608400267715,128.530575464043,0,0,0,0,0,0,0,0,0,0,238.934743274142,0,179.718364159796,0,0,154.065933476765,0,0,0,0,0,0,0,0,0,0,321.864157986053,113.059176128709,0,146.99041817625,306.344527664232
0,0,309.997227542691,283.88658203332,137.189596148386,0,0,0,0,236.681907140956,0,82.4756938751058,109.093416850988,0,0,231.715271819474,0,0,0,306.640284138334,119.728129215699,0,97.3506957544063,0,154.065933476765,0,72.2278283150671,0,276.620869034647,101.895308036513,0,0,0,124.698445421759,0,0,138.425725342224,125.416941482916,94.7529894315991,97.3232815600345,280.376028997576
0,106.128596538706,0,0,162.833808134102,160.530221557972,89.1590885155172,0,0,133.218162784108,0,0,0,0,164.032723165762,0,0,0,0,171.906398392157,180.90030328818,0,114.649126378906,171.230058197369,0,72.2278283150671,0,161.325017232684,80.4367166559625,0,220.963068032256,0,0,199.492852797962,333.645516435298,325.937289045041,338.131802716296,219.078548227669,0,0,153.876396855887
196.032358954952,0,104.369974912428,200.878319874537,0,173.001559092555,93.5029580098427,186.348837226466,0,0,90.1317194604647,345.797434674459,0,0,335.371040201042,0,255.441154257905,0,131.969743415579,82.1742780037132,193.659409924573,155.901486485736,0,205.839960264176,0,0,161.325017232684,0,161.302948562323,89.9429017381717,0,159.183173818572,0,180.355266595273,134.566479261133,219.040656038919,128.846764897717,151.075371308616,137.239127032733,197.893790332676,106.533627130087
0,143.005810983322,120.912756812582,169.453147353278,139.93285932648,74.4197823064597,0,0,0,0,241.682021696872,196.04190773555,0,0,0,205.09013266389,160.537522273714,0,173.201474590904,249.905610015455,0,0,116.054372245433,146.770754374523,0,276.620869034647,80.4367166559625,161.302948562323,0,0,0,0,0,0,192.135034768848,125.994729980093,168.241326865882,0,0,205.183249704085,94.8881692391942
0,0,0,0,0,0,198.528111506785,0,0,0,320.356811100276,76.5072790361762,0,0,0,0,0,0,0,115.868441404982,0,0,112.349934713559,0,0,101.895308036513,0,89.9429017381717,0,0,0,208.005106191961,0,0,0,0,153.453047983244,153.672550905948,192.601533877686,0,0
0,0,0,0,0,0,0,0,0,0,0,0,0,195.314816908693,0,0,0,93.4234866874731,0,0,0,0,347.376449530863,0,0,0,220.963068032256,0,0,0,0,0,0,0,173.059382066957,0,0,0,112.793316814908,0,0
0,0,0,0,0,0,0,0,0,99.2646516363145,0,0,0,0,0,0,115.871357769661,0,0,0,122.106946855269,0,0,193.777661225572,0,0,0,159.183173818572,0,208.005106191961,0,0,0,231.050882209,167.066576495979,158.955087279859,269.936825670274,0,0,0,78.9559315574845
0,0,0,136.685314494491,0,0,0,0,0,0,0,0,0,0,0,0,0,0,0,0,0,0,0,58.3493451392805,0,0,0,0,0,0,0,0,0,66.5008477853491,0,0,0,75.4497121078207,0,113.144980278377,0
0,0,0,218.045528847001,227.504408813069,228.792310020318,0,0,165.597665022977,204.084074037941,146.465927798921,135.294330067913,0,98.2230592632363,84.3635741045246,74.7304794244225,145.74089716123,0,261.605527103798,0,148.808626413748,177.763106506206,151.806152521152,178.683678585178,0,124.698445421759,199.492852797962,180.355266595273,0,0,0,231.050882209,66.5008477853491,0,115.114253591495,215.611029055736,242.790381480436,100.812745974529,223.705816669619,0,0
101.5853655613,71.5579325720569,0,135.667029391615,0,0,0,252.487290983309,202.712457066107,0,146.814226519809,138.33942793804,0,0,0,0,188.851177466023,62.311273509377,94.7280504127031,73.4795582048751,201.44584889478,0,0,117.208001126138,0,0,333.645516435298,134.566479261133,192.135034768848,0,173.059382066957,167.066576495979,0,115.114253591495,0,151.695570509541,108.136066660554,85.6072705949986,154.784755881607,96.5937438588657,206.472608421747
283.248188884028,92.5568465385234,0,0,0,194.442125915551,0,228.075434767255,0,284.529238481835,106.926813611922,0,0,253.401634605989,0,0,221.805809452716,136.792307586862,0,139.654362654449,0,0,0,151.036729364761,0,0,325.937289045041,219.040656038919,125.994729980093,0,0,158.955087279859,0,215.611029055736,151.695570509541,0,115.194491798135,133.984214699576,0,0,0
0,0,0,82.6299537488922,169.742003380707,71.4788760670054,0,97.5855511246009,232.945974238958,190.185165668632,128.405764333981,95.7590805983148,329.719143597451,108.381749703452,348.674510760064,0,0,353.822894641502,188.936291522747,81.9664354533492,116.176698124939,141.204637091722,163.945208919892,289.631679007608,321.864157986053,138.425725342224,338.131802716296,128.846764897717,168.241326865882,153.453047983244,0,269.936825670274,0,242.790381480436,108.136066660554,115.194491798135,0,87.8456058929559,0,0,211.840482897052
0,99.3508940827211,0,0,0,94.027247878695,0,0,0,0,0,119.345624434514,0,0,0,0,241.635434294794,180.543851962045,0,303.527509149359,226.825099357786,0,0,262.382215657622,113.059176128709,125.416941482916,219.078548227669,151.075371308616,0,153.672550905948,0,0,75.4497121078207,100.812745974529,85.6072705949986,133.984214699576,87.8456058929559,0,139.792601838991,0,161.694997919804
0,187.77054666536,0,0,0,0,0,0,115.332064605654,314.611698427915,195.378266313867,0,0,134.960780198024,192.693757128262,161.275817184598,0,0,0,0,0,0,0,217.157696745803,0,94.7529894315991,0,137.239127032733,0,192.601533877686,112.793316814908,0,0,223.705816669619,154.784755881607,0,0,139.792601838991,0,0,0
191.519780382943,184.249961885477,0,247.66948903751,137.177378802006,0,85.7623170715703,154.142998692322,0,213.67670887414,101.605593487621,142.054529471577,90.7216186966914,251.098274723989,0,62.859596780235,92.3502314520023,0,225.013371621378,82.6426202489162,158.567996645797,111.226326353722,89.3673883748406,0,146.99041817625,97.3232815600345,0,197.893790332676,205.183249704085,0,0,0,113.144980278377,0,96.5937438588657,0,0,0,0,0,157.852515740516
0,0,96.7845769653343,0,240.185081663983,0,0,219.430938885781,0,174.013630695256,261.440278806413,186.973586461633,0,0,124.853650664477,125.81518738273,0,181.316358113209,0,155.24952173131,0,197.486504603685,0,0,306.344527664232,280.376028997576,153.876396855887,106.533627130087,94.8881692391942,0,0,78.9559315574845,0,0,206.472608421747,0,211.840482897052,161.694997919804,0,157.852515740516,0
