0,0,0,0,0,180.543851962045,103.519938150021,0,0,0,0,0,0,0,0,0,0,0,0,0,0,0,0,82.4756938751058,0,0,0,306.344527664232,116.054372245433,0,0,0,0,0,0,0,231.715271819474,0,0,0,0
0,0,0,0,0,0,0,0,0,0,0,0,241.682021696872,0,187.77054666536,0,0,0,0,0,0,0,62.311273509377,0,0,0,163.945208919892,0,0,0,0,0,0,94.9380989123498,111.435629183184,0,0,0,0,161.302948562323,0
0,0,0,0,0,0,0,205.183249704085,0,0,0,0,0,0,0,0,0,0,0,158.955087279859,0,0,0,0,0,0,0,0,0,0,201.44584889478,0,0,204.084074037941,0,0,171.906398392157,0,0,0,0
0,0,0,0,0,0,0,0,0,0,0,0,0,0,0,0,0,0,0,96.5937438588657,101.895308036513,0,0,80.4367166559625,0,168.241326865882,195.378266313867,101.605593487621,261.440278806413,0,0,89.707245288964,0,82.6426202489162,0,0,58.3493451392805,151.01089327964,262.382215657622,314.611698427915,0
0,0,0,0,0,198.964527389285,0,99.3508940827211,92.5568465385234,0,0,90.7216186966914,0,0,0,0,0,0,0,357.423078228283,95.7590805983148,0,61.0664810463559,0,303.527509149359,0,0,106.533627130087,98.417953423071,0,0,0,0,115.114253591495,283.88658203332,0,131.969743415579,0,0,78.8552325762656,0
180.543851962045,0,0,0,198.964527389285,0,0,0,0,321.864157986053,0,110.384905066973,0,153.672550905948,0,0,108.381749703452,0,0,214.116367924649,0,0,0,104.915316975638,0,101.85207633558,335.371040201042,0,0,0,0,119.345624434514,0,0,114.511014214502,0,219.040656038919,0,0,0,108.136066660554
103.519938150021,0,0,0,0,0,0,0,0,0,0,0,0,73.1029054543569,0,0,180.90030328818,178.683678585178,115.332064605654,0,0,255.441154257905,0,0,0,183.786860782462,236.681907140956,345.797434674459,0,98.2230592632363,206.472608421747,0,0,0,0,225.013371621378,0,0,0,113.059176128709,0
0,0,205.183249704085,0,99.3508940827211,0,0,0,0,161.275817184598,0,169.742003380707,0,175.196329314064,0,0,115.868441404982,0,0,224.551207449728,0,0,0,195.314816908693,0,193.63278243493,0,0,0,0,0,0,0,186.348837226466,154.784755881607,136.685314494491,193.659409924573,134.960780198024,0,222.053792850439,306.640284138334
0,0,0,0,92.5568465385234,0,0,0,0,96.7845769653343,0,0,0,0,0,0,0,0,0,177.763106506206,0,0,0,0,0,125.994729980093,100.812745974529,161.74915061469,0,117.208001126138,0,0,0,309.997227542691,0,0,112.793316814908,0,289.631679007608,194.442125915551,0
0,0,0,0,0,321.864157986053,0,161.275817184598,96.7845769653343,0,253.401634605989,0,0,218.045528847001,0,0,0,0,251.098274723989,252.487290983309,76.5072790361762,0,338.131802716296,169.453147353278,0,0,0,106.128596538706,109.093416850988,0,0,0,0,184.249961885477,162.833808134102,0,227.504408813069,0,325.937289045041,104.369974912428,261.605527103798
0,0,0,0,0,0,0,0,0,253.401634605989,0,89.9429017381717,0,0,120.912756812582,62.859596780235,150.161410108805,0,128.405764333981,115.541295036174,0,0,0,0,0,259.442917595754,0,0,122.106946855269,220.901129804706,0,0,0,141.204637091722,85.6072705949986,92.5207898118833,202.712457066107,81.2827395071039,74.7304794244225,0,0
0,0,0,0,90.7216186966914,110.384905066973,0,169.742003380707,0,0,89.9429017381717,0,220.963068032256,178.748963182352,81.9664354533492,0,0,0,142.054529471577,0,0,128.530575464043,151.695570509541,97.3506957544063,151.036729364761,82.1742780037132,85.7623170715703,135.667029391615,154.070293657878,0,0,0,0,137.177378802006,0,165.893015276821,173.538155409849,125.416941482916,0,206.912707094411,0
0,241.682021696872,0,0,0,0,0,0,0,0,0,220.963068032256,0,0,0,0,0,0,0,0,0,0,0,0,0,0,0,0,118.522099274347,0,0,0,0,0,259.055025639447,0,0,99.2646516363145,0,97.3232815600345,0
0,0,0,0,0,153.672550905948,73.1029054543569,175.196329314064,0,218.045528847001,0,178.748963182352,0,0,0,98.6790043377568,82.6299537488922,133.218162784108,0,0,0,0,71.4788760670054,93.4234866874731,0,0,0,106.33736463831,195.822649557859,0,0,0,0,0,0,0,323.781250289068,0,0,0,94.7280504127031
0,187.77054666536,0,0,0,0,0,0,0,0,120.912756812582,81.9664354533492,0,0,0,0,0,0,347.376449530863,0,0,112.349934713559,0,0,0,217.157696745803,0,153.876396855887,0,0,0,0,0,0,198.528111506785,87.8456058929559,174.013630695256,226.825099357786,0,0,138.425725342224
0,0,0,0,0,0,0,0,0,0,62.859596780235,0,0,98.6790043377568,0,0,0,0,0,0,188.936291522747,0,0,0,78.9559315574845,0,0,192.135034768848,269.936825670274,0,0,0,0,196.04190773555,276.620869034647,0,348.674510760064,0,224.523755099568,0,165.597665022977
0,0,0,0,0,108.381749703452,180.90030328818,115.868441404982,0,0,150.161410108805,0,0,82.6299537488922,0,0,0,0,215.611029055736,0,0,0,0,0,0,80.8080171296381,0,146.465927798921,0,0,0,0,0,0,0,0,190.185165668632,0,0,0,134.566479261133
0,0,0,0,0,0,178.683678585178,0,0,0,0,0,0,133.218162784108,0,0,0,0,0,0,0,249.798812580765,0,153.453047983244,0,0,0,0,0,0,0,0,0,329.719143597451,0,249.905610015455,0,219.430938885781,197.486504603685,0,333.645516435298
0,0,0,0,0,0,115.332064605654,0,0,251.098274723989,128.405764333981,142.054529471577,0,0,347.376449530863,0,215.611029055736,0,0,0,0,0,0,0,0,0,101.5853655613,94.027247878695,192.693757128262,0,0,0,0,231.050882209,0,197.893790332676,0,0,0,284.529238481835,0
0,0,158.955087279859,96.5937438588657,357.423078228283,214.116367924649,0,224.551207449728,177.763106506206,252.487290983309,115.541295036174,0,0,0,0,0,0,0,0,0,139.792601838991,0,240.185081663983,0,137.239127032733,0,213.67670887414,72.2278283150671,0,0,0,0,0,193.055010680236,223.705816669619,0,241.635434294794,0,228.075434767255,0,0
0,0,0,101.895308036513,95.7590805983148,0,0,0,0,76.5072790361762,0,0,0,0,0,188.936291522747,0,0,0,139.792601838991,0,0,0,90.1317194604647,321.124897279917,238.934743274142,199.492852797962,191.519780382943,0,0,0,0,0,0,133.984214699576,0,0,196.032358954952,0,241.57250333243,0
0,0,0,0,0,0,255.441154257905,0,0,0,0,128.530575464043,0,0,112.349934713559,0,0,249.798812580765,0,0,0,0,0,0,0,0,0,164.032723165762,0,0,0,0,0,0,173.059382066957,173.201474590904,89.1590885155172,0,0,0,0
0,62.311273509377,0,0,61.0664810463559,0,0,0,0,338.131802716296,0,151.695570509541,0,71.4788760670054,0,0,0,0,0,240.185081663983,0,0,0,205.839960264176,0,0,167.066576495979,146.770754374523,120.567029282014,0,0,0,0,0,0,283.248188884028,89.3673883748406,142.385058730083,0,172.608400267715,320.356811100276
82.4756938751058,0,0,80.4367166559625,0,104.915316975638,0,195.314816908693,0,169.453147353278,0,97.3506957544063,0,93.4234866874731,0,0,0,153.453047983244,0,0,90.1317194604647,0,205.839960264176,0,0,115.194491798135,0,106.926813611922,93.5029580098427,0,0,140.574866691684,0,84.3635741045246,145.74089716123,0,204.481117647118,0,0,212.592150359921,101.443495235174
0,0,0,0,303.527509149359,0,0,0,0,0,0,151.036729364761,0,0,0,78.9559315574845,0,0,0,137.239127032733,321.124897279917,0,0,0,0,0,0,0,0,0,157.852515740516,0,0,193.777661225572,0,0,151.806152521152,124.853650664477,0,0,116.176698124939
0,0,0,168.241326865882,0,101.85207633558,183.786860782462,193.63278243493,125.994729980093,0,259.442917595754,82.1742780037132,0,0,217.157696745803,0,80.8080171296381,0,0,0,238.934743274142,0,0,115.194491798135,0,0,188.851177466023,201.100640800745,0,0,0,0,0,138.33942793804,161.325017232684,205.09013266389,154.065933476765,179.718364159796,94.8881692391942,137.189596148386,0
0,163.945208919892,0,195.378266313867,0,335.371040201042,236.681907140956,0,100.812745974529,0,0,85.7623170715703,0,0,0,0,0,0,101.5853655613,213.67670887414,199.492852797962,0,167.066576495979,0,0,188.851177466023,0,180.355266595273,209.996727521564,0,0,0,0,159.183173818572,172.892533368851,92.3502314520023,111.226326353722,161.694997919804,0,66.5008477853491,151.075371308616
306.344527664232,0,0,101.605593487621,106.533627130087,0,345.797434674459,0,161.74915061469,106.128596538706,0,135.667029391615,0,106.33736463831,153.876396855887,192.135034768848,146.465927798921,0,94.027247878695,72.2278283150671,191.519780382943,164.032723165762,146.770754374523,106.926813611922,0,201.100640800745,180.355266595273,0,0,0,0,0,173.001559092555,67.8267069095267,73.4795582048751,0,300.031143529538,158.567996645797,114.649126378906,148.808626413748,200.878319874537
116.054372245433,0,0,261.440278806413,98.417953423071,0,0,0,0,109.093416850988,122.106946855269,154.070293657878,118.522099274347,195.822649557859,0,269.936825670274,0,0,192.693757128262,0,0,0,120.567029282014,93.5029580098427,0,0,209.996727521564,0,0,0,160.537522273714,101.350815329073,0,0,280.376028997576,0,146.99041817625,139.654362654449,74.4197823064597,70.4221432298295,208.005106191961
0,0,0,0,0,0,98.2230592632363,0,117.208001126138,0,220.901129804706,0,0,0,0,0,0,0,0,0,0,0,0,0,0,0,0,0,0,0,136.792307586862,211.840482897052,181.316358113209,160.530221557972,186.973586461633,0,0,228.792310020318,0,128.846764897717,219.078548227669
0,0,201.44584889478,0,0,0,206.472608421747,0,0,0,0,0,0,0,0,0,0,0,0,0,0,0,0,0,157.852515740516,0,0,0,160.537522273714,136.792307586862,0,0,0,0,154.142998692322,0,0,0,0,0,0
0,0,0,89.707245288964,0,119.345624434514,0,0,0,0,0,0,0,0,0,0,0,0,0,0,0,0,0,140.574866691684,0,0,0,0,101.350815329073,211.840482897052,0,0,0,75.4497121078207,94.126460729827,178.224497384947,94.7529894315991,0,247.66948903751,0,192.601533877686
0,0,0,0,0,0,0,0,0,0,0,0,0,0,0,0,0,0,0,0,0,0,0,0,0,0,0,173.001559092555,0,181.316358113209,0,0,0,0,263.534399241887,250.461724766314,0,0,0,115.871357769661,0
0,94.9380989123498,204.084074037941,82.6426202489162,115.114253591495,0,0,186.348837226466,309.997227542691,184.249961885477,141.204637091722,137.177378802006,0,0,0,196.04190773555,0,329.719143597451,231.050882209,193.055010680236,0,0,0,84.3635741045246,193.777661225572,138.33942793804,159.183173818572,67.8267069095267,0,160.530221557972,0,75.4497121078207,0,0,0,135.294330067913,125.81518738273,146.814226519809,155.24952173131,221.805809452716,112.823430872325
0,111.435629183184,0,0,283.88658203332,114.511014214502,0,154.784755881607,0,162.833808134102,85.6072705949986,0,259.055025639447,0,198.528111506785,276.620869034647,0,0,0,223.705816669619,133.984214699576,173.059382066957,0,145.74089716123,0,161.325017232684,172.892533368851,73.4795582048751,280.376028997576,186.973586461633,154.142998692322,94.126460729827,263.534399241887,0,0,139.93285932648,153.609372090384,0,353.822894641502,0,171.230058197369
0,0,0,0,0,0,225.013371621378,136.685314494491,0,0,92.5207898118833,165.893015276821,0,0,87.8456058929559,0,0,249.905610015455,197.893790332676,0,0,173.201474590904,283.248188884028,0,0,205.09013266389,92.3502314520023,0,0,0,0,178.224497384947,250.461724766314,135.294330067913,139.93285932648,0,155.901486485736,71.5579325720569,0,97.5855511246009,143.005810983322
231.715271819474,0,171.906398392157,58.3493451392805,131.969743415579,219.040656038919,0,193.659409924573,112.793316814908,227.504408813069,202.712457066107,173.538155409849,0,323.781250289068,174.013630695256,348.674510760064,190.185165668632,0,0,241.635434294794,0,89.1590885155172,89.3673883748406,204.481117647118,151.806152521152,154.065933476765,111.226326353722,300.031143529538,146.99041817625,0,0,94.7529894315991,0,125.81518738273,153.609372090384,155.901486485736,0,232.945974238958,74.5815074003433,113.144980278377,0
0,0,0,151.01089327964,0,0,0,134.960780198024,0,0,81.2827395071039,125.416941482916,99.2646516363145,0,226.825099357786,0,0,219.430938885781,0,0,196.032358954952,0,142.385058730083,0,124.853650664477,179.718364159796,161.694997919804,158.567996645797,139.654362654449,228.792310020318,0,0,0,146.814226519809,0,71.5579325720569,232.945974238958,0,0,163.059043292369,124.698445421759
0,0,0,262.382215657622,0,0,0,0,289.631679007608,325.937289045041,74.7304794244225,0,0,0,0,224.523755099568,0,197.486504603685,0,228.075434767255,0,0,0,0,0,94.8881692391942,0,114.649126378906,74.4197823064597,0,0,247.66948903751,0,155.24952173131,353.822894641502,0,74.5815074003433,0,0,119.728129215699,0
0,161.302948562323,0,314.611698427915,78.8552325762656,0,113.059176128709,222.053792850439,194.442125915551,104.369974912428,0,206.912707094411,97.3232815600345,0,0,0,0,0,284.529238481835,0,241.57250333243,0,172.608400267715,212.592150359921,0,137.189596148386,66.5008477853491,148.808626413748,70.4221432298295,128.846764897717,0,0,115.871357769661,221.805809452716,0,97.5855511246009,113.144980278377,163.059043292369,119.728129215699,0,242.790381480436
0,0,0,0,0,108.136066660554,0,306.640284138334,0,261.605527103798,0,0,0,94.7280504127031,138.425725342224,165.597665022977,134.566479261133,333.645516435298,0,0,0,0,320.356811100276,101.443495235174,116.176698124939,0,151.075371308616,200.878319874537,208.005106191961,219.078548227669,0,192.601533877686,0,112.823430872325,171.230058197369,143.005810983322,0,124.698445421759,0,242.790381480436,0
