0,0,0,0,0,0,0,0,0,0,0,348.674510760064,0,0,0,0,0,0,146.99041817625,0,0,0,0,0,0,0,0,72.2278283150671,198.528111506785,0,0,0,0,0,0,0,0,0,0,133.984214699576,62.311273509377
0,0,0,0,0,0,0,0,0,0,0,139.654362654449,0,0,0,0,0,0,0,0,0,0,0,163.945208919892,0,0,0,73.4795582048751,0,0,0,0,0,140.574866691684,0,0,70.4221432298295,154.784755881607,0,89.9429017381717,0
0,0,0,0,0,0,0,0,0,0,0,0,0,0,0,276.620869034647,0,0,160.530221557972,0,0,0,0,0,0,78.9559315574845,0,0,74.4197823064597,0,0,0,0,0,0,0,0,0,0,0,204.481117647118
0,0,0,0,196.032358954952,161.325017232684,0,0,0,0,0,0,0,82.4756938751058,0,153.876396855887,0,0,0,198.964527389285,0,0,146.814226519809,0,280.376028997576,0,0,218.045528847001,71.4788760670054,0,0,0,0,75.4497121078207,103.519938150021,0,0,227.504408813069,197.893790332676,0,0
0,0,0,196.032358954952,0,0,0,0,0,67.8267069095267,192.135034768848,0,0,0,200.878319874537,0,0,0,0,0,0,184.249961885477,0,253.401634605989,97.3232815600345,0,186.973586461633,98.6790043377568,178.683678585178,0,0,0,0,0,236.681907140956,0,231.050882209,206.912707094411,0,0,81.9664354533492
0,0,0,161.325017232684,0,0,0,228.792310020318,0,0,0,0,0,0,0,0,0,0,0,222.053792850439,145.74089716123,0,0,82.6426202489162,224.551207449728,0,353.822894641502,261.440278806413,159.183173818572,0,0,0,0,193.055010680236,0,0,228.075434767255,0,71.5579325720569,224.523755099568,125.81518738273
0,0,0,0,0,0,0,196.04190773555,0,161.275817184598,0,94.126460729827,0,0,0,0,0,0,81.2827395071039,0,194.442125915551,0,90.1317194604647,119.728129215699,128.405764333981,0,128.530575464043,205.839960264176,0,0,0,0,0,0,192.601533877686,94.8881692391942,0,0,0,259.055025639447,0
0,0,0,0,0,228.792310020318,196.04190773555,0,0,173.201474590904,0,164.032723165762,0,0,0,0,0,0,0,0,0,0,195.822649557859,0,161.302948562323,193.63278243493,173.538155409849,0,0,0,0,0,94.9380989123498,136.685314494491,97.3506957544063,110.384905066973,0,154.065933476765,303.527509149359,113.144980278377,249.798812580765
0,0,0,0,0,0,0,0,0,0,93.5029580098427,193.777661225572,0,0,0,0,115.114253591495,0,0,0,0,0,0,82.1742780037132,0,0,0,0,82.6299537488922,333.645516435298,0,0,0,106.533627130087,0,0,101.85207633558,217.157696745803,0,89.1590885155172,188.936291522747
0,0,0,0,67.8267069095267,0,161.275817184598,173.201474590904,0,0,96.5937438588657,225.013371621378,0,0,0,0,0,0,0,183.786860782462,165.597665022977,0,202.712457066107,255.441154257905,0,0,136.792307586862,135.667029391615,90.7216186966914,0,0,192.693757128262,0,187.77054666536,98.2230592632363,0,193.659409924573,212.592150359921,0,116.176698124939,0
0,0,0,0,192.135034768848,0,0,0,93.5029580098427,96.5937438588657,0,0,0,0,180.90030328818,0,0,158.567996645797,0,178.224497384947,76.5072790361762,0,0,101.350815329073,0,0,219.040656038919,119.345624434514,0,180.355266595273,153.672550905948,0,0,0,0,0,205.183249704085,195.314816908693,0,151.075371308616,347.376449530863
348.674510760064,139.654362654449,0,0,0,0,94.126460729827,164.032723165762,193.777661225572,225.013371621378,0,0,0,122.106946855269,113.059176128709,0,0,95.7590805983148,0,177.763106506206,117.208001126138,0,0,240.185081663983,0,0,0,106.128596538706,0,116.054372245433,0,0,0,115.194491798135,111.226326353722,111.435629183184,242.790381480436,0,99.3508940827211,204.084074037941,153.609372090384
0,0,0,0,0,0,0,0,0,0,0,0,0,0,0,108.381749703452,172.892533368851,0,0,0,0,0,115.332064605654,0,0,0,0,137.177378802006,0,0,0,0,0,0,0,0,0,0,108.136066660554,0,99.2646516363145
0,0,0,82.4756938751058,0,0,0,0,0,0,0,122.106946855269,0,0,168.241326865882,0,0,0,0,0,241.57250333243,0,0,151.01089327964,0,100.812745974529,345.797434674459,66.5008477853491,101.895308036513,0,0,0,0,162.833808134102,171.906398392157,0,219.078548227669,118.522099274347,0,112.349934713559,0
0,0,0,0,200.878319874537,0,0,0,0,0,180.90030328818,113.059176128709,0,168.241326865882,0,0,0,0,0,96.7845769653343,0,0,0,0,0,131.969743415579,92.5207898118833,0,93.4234866874731,0,0,0,0,220.963068032256,98.417953423071,0,241.635434294794,0,137.239127032733,0,0
0,0,276.620869034647,153.876396855887,0,0,0,0,0,0,0,0,108.381749703452,0,0,0,0,0,0,0,0,0,0,141.204637091722,0,0,124.853650664477,150.161410108805,0,0,0,106.926813611922,0,137.189596148386,167.066576495979,161.694997919804,201.44584889478,0,0,0,0
0,0,0,0,0,0,0,0,115.114253591495,0,0,0,172.892533368851,0,0,0,0,259.442917595754,0,0,0,0,80.4367166559625,0,0,0,155.901486485736,284.529238481835,206.472608421747,74.5815074003433,0,0,0,0,0,197.486504603685,0,0,0,172.608400267715,0
0,0,0,0,0,0,0,0,0,0,158.567996645797,95.7590805983148,0,0,0,0,259.442917595754,0,0,0,0,0,211.840482897052,0,0,0,0,0,0,0,0,0,0,357.423078228283,321.124897279917,148.808626413748,125.416941482916,0,0,231.715271819474,0
146.99041817625,0,160.530221557972,0,0,0,81.2827395071039,0,0,0,0,0,0,0,0,0,0,0,0,0,0,0,0,0,0,320.356811100276,0,97.5855511246009,175.196329314064,0,0,323.781250289068,0,169.453147353278,0,62.859596780235,180.543851962045,247.66948903751,338.131802716296,0,0
0,0,0,198.964527389285,0,222.053792850439,0,0,0,183.786860782462,178.224497384947,177.763106506206,0,0,96.7845769653343,0,0,0,0,0,0,0,89.707245288964,0,0,92.3502314520023,146.465927798921,138.425725342224,0,134.960780198024,154.070293657878,0,0,0,114.649126378906,0,283.88658203332,0,115.868441404982,161.74915061469,138.33942793804
0,0,0,0,0,145.74089716123,194.442125915551,0,0,165.597665022977,76.5072790361762,117.208001126138,0,241.57250333243,0,0,0,0,0,0,0,0,0,0,0,109.093416850988,0,0,261.605527103798,0,0,289.631679007608,0,128.846764897717,250.461724766314,0,0,124.698445421759,0,139.792601838991,0
0,0,0,0,184.249961885477,0,0,0,0,0,0,0,0,0,0,0,0,0,0,0,0,0,0,0,0,0,74.7304794244225,283.248188884028,0,0,201.100640800745,0,0,251.098274723989,205.09013266389,179.718364159796,112.823430872325,0,0,0,0
0,0,0,146.814226519809,0,0,90.1317194604647,195.822649557859,0,202.712457066107,0,0,115.332064605654,0,0,0,80.4367166559625,211.840482897052,0,89.707245288964,0,0,0,215.611029055736,0,163.059043292369,0,0,0,0,0,0,0,114.511014214502,241.682021696872,0,112.793316814908,0,0,300.031143529538,151.695570509541
0,163.945208919892,0,0,253.401634605989,82.6426202489162,119.728129215699,0,82.1742780037132,255.441154257905,101.350815329073,240.185081663983,0,151.01089327964,0,141.204637091722,0,0,0,0,0,0,215.611029055736,0,143.005810983322,0,0,221.805809452716,133.218162784108,0,0,169.742003380707,0,0,104.915316975638,0,220.901129804706,0,0,85.7623170715703,306.344527664232
0,0,0,280.376028997576,97.3232815600345,224.551207449728,128.405764333981,161.302948562323,0,0,0,0,0,0,0,0,0,0,0,0,0,0,0,143.005810983322,0,0,0,325.937289045041,0,0,0,0,0,309.997227542691,0,0,186.348837226466,0,84.3635741045246,0,0
0,0,78.9559315574845,0,0,0,0,193.63278243493,0,0,0,0,0,100.812745974529,131.969743415579,0,0,0,320.356811100276,92.3502314520023,109.093416850988,0,163.059043292369,0,0,0,178.748963182352,190.185165668632,0,219.430938885781,0,101.443495235174,151.806152521152,155.24952173131,249.905610015455,157.852515740516,252.487290983309,223.705816669619,146.770754374523,0,262.382215657622
0,0,0,0,186.973586461633,353.822894641502,128.530575464043,173.538155409849,0,136.792307586862,219.040656038919,0,0,345.797434674459,92.5207898118833,124.853650664477,155.901486485736,0,0,146.465927798921,0,74.7304794244225,0,0,0,178.748963182352,0,0,58.3493451392805,0,0,0,263.534399241887,101.5853655613,160.537522273714,165.893015276821,335.371040201042,89.3673883748406,0,0,0
72.2278283150671,73.4795582048751,0,218.045528847001,98.6790043377568,261.440278806413,205.839960264176,0,0,135.667029391615,119.345624434514,106.128596538706,137.177378802006,66.5008477853491,0,150.161410108805,284.529238481835,0,97.5855511246009,138.425725342224,0,283.248188884028,0,221.805809452716,325.937289045041,190.185165668632,0,0,125.994729980093,314.611698427915,0,142.385058730083,0,80.8080171296381,214.116367924649,120.912756812582,92.5568465385234,0,94.7529894315991,0,0
198.528111506785,0,74.4197823064597,71.4788760670054,178.683678585178,159.183173818572,0,0,82.6299537488922,90.7216186966914,0,0,0,101.895308036513,93.4234866874731,0,206.472608421747,0,175.196329314064,0,261.605527103798,0,0,133.218162784108,0,0,58.3493451392805,125.994729980093,0,0,0,0,0,213.67670887414,195.378266313867,0,101.605593487621,158.955087279859,0,238.934743274142,154.142998692322
0,0,0,0,0,0,0,0,333.645516435298,0,180.355266595273,116.054372245433,0,0,0,0,74.5815074003433,0,0,134.960780198024,0,0,0,0,0,219.430938885781,0,314.611698427915,0,0,0,0,0,135.294330067913,0,232.945974238958,0,120.567029282014,0,0,106.33736463831
0,0,0,0,0,0,0,0,0,0,153.672550905948,0,0,0,0,0,0,0,0,154.070293657878,0,201.100640800745,0,0,0,0,0,0,0,0,0,0,0,104.369974912428,0,0,226.825099357786,0,0,115.541295036174,0
0,0,0,0,0,0,0,0,0,192.693757128262,0,0,0,0,0,106.926813611922,0,0,323.781250289068,0,289.631679007608,0,0,169.742003380707,0,101.443495235174,0,142.385058730083,0,0,0,0,0,188.851177466023,85.6072705949986,0,191.519780382943,0,0,0,173.001559092555
0,0,0,0,0,0,0,94.9380989123498,0,0,0,0,0,0,0,0,0,0,0,0,0,0,0,0,0,151.806152521152,263.534399241887,0,0,0,0,0,0,0,209.996727521564,0,269.936825670274,0,0,0,0
0,140.574866691684,0,75.4497121078207,0,193.055010680236,0,136.685314494491,106.533627130087,187.77054666536,0,115.194491798135,0,162.833808134102,220.963068032256,137.189596148386,0,357.423078228283,169.453147353278,0,128.846764897717,251.098274723989,114.511014214502,0,309.997227542691,155.24952173131,101.5853655613,80.8080171296381,213.67670887414,135.294330067913,104.369974912428,188.851177466023,0,0,0,61.0664810463559,0,181.316358113209,0,153.453047983244,0
0,0,0,103.519938150021,236.681907140956,0,192.601533877686,97.3506957544063,0,98.2230592632363,0,111.226326353722,0,171.906398392157,98.417953423071,167.066576495979,0,321.124897279917,0,114.649126378906,250.461724766314,205.09013266389,241.682021696872,104.915316975638,0,249.905610015455,160.537522273714,214.116367924649,195.378266313867,0,0,85.6072705949986,209.996727521564,0,0,94.7280504127031,174.013630695256,78.8552325762656,0,173.059382066957,0
0,0,0,0,0,0,94.8881692391942,110.384905066973,0,0,0,111.435629183184,0,0,0,161.694997919804,197.486504603685,148.808626413748,62.859596780235,0,0,179.718364159796,0,0,0,157.852515740516,165.893015276821,120.912756812582,0,232.945974238958,0,0,0,61.0664810463559,94.7280504127031,0,171.230058197369,321.864157986053,151.036729364761,306.640284138334,87.8456058929559
0,70.4221432298295,0,0,231.050882209,228.075434767255,0,0,101.85207633558,193.659409924573,205.183249704085,242.790381480436,0,219.078548227669,241.635434294794,201.44584889478,0,125.416941482916,180.543851962045,283.88658203332,0,112.823430872325,112.793316814908,220.901129804706,186.348837226466,252.487290983309,335.371040201042,92.5568465385234,101.605593487621,0,226.825099357786,191.519780382943,269.936825670274,0,174.013630695256,171.230058197369,0,134.566479261133,199.492852797962,142.054529471577,73.1029054543569
0,154.784755881607,0,227.504408813069,206.912707094411,0,0,154.065933476765,217.157696745803,212.592150359921,195.314816908693,0,0,118.522099274347,0,0,0,0,247.66948903751,0,124.698445421759,0,0,0,0,223.705816669619,89.3673883748406,0,158.955087279859,120.567029282014,0,0,0,181.316358113209,78.8552325762656,321.864157986053,134.566479261133,0,0,115.871357769661,94.027247878695
0,0,0,197.893790332676,0,71.5579325720569,0,303.527509149359,0,0,0,99.3508940827211,108.136066660554,0,137.239127032733,0,0,0,338.131802716296,115.868441404982,0,0,0,0,84.3635741045246,146.770754374523,0,94.7529894315991,0,0,0,0,0,0,0,151.036729364761,199.492852797962,0,0,208.005106191961,329.719143597451
133.984214699576,89.9429017381717,0,0,0,224.523755099568,259.055025639447,113.144980278377,89.1590885155172,116.176698124939,151.075371308616,204.084074037941,0,112.349934713559,0,0,172.608400267715,231.715271819474,0,161.74915061469,139.792601838991,0,300.031143529538,85.7623170715703,0,0,0,0,238.934743274142,0,115.541295036174,0,0,153.453047983244,173.059382066957,306.640284138334,142.054529471577,115.871357769661,208.005106191961,0,139.93285932648
62.311273509377,0,204.481117647118,0,81.9664354533492,125.81518738273,0,249.798812580765,188.936291522747,0,347.376449530863,153.609372090384,99.2646516363145,0,0,0,0,0,0,138.33942793804,0,0,151.695570509541,306.344527664232,0,262.382215657622,0,0,154.142998692322,106.33736463831,0,173.001559092555,0,0,0,87.8456058929559,73.1029054543569,94.027247878695,329.719143597451,139.93285932648,0
