0,0,0,85.6072705949986,0,0,0,0,0,0,0,0,0,0,0,0,0,0,0,0,0,0,153.453047983244,0,0,0,0,276.620869034647,0,0,0,283.88658203332,0,67.8267069095267,0,0,188.851177466023,0,0,0,0
0,0,0,0,97.5855511246009,0,108.136066660554,0,140.574866691684,0,0,0,0,0,0,0,0,0,0,0,253.401634605989,0,0,0,0,0,0,0,66.5008477853491,0,0,0,0,0,0,0,186.348837226466,62.311273509377,0,0,0
0,0,0,0,0,0,0,0,0,224.523755099568,0,0,0,0,0,104.369974912428,0,0,0,0,0,0,0,0,0,0,0,0,134.566479261133,300.031143529538,0,0,0,0,112.793316814908,0,0,0,0,0,0
85.6072705949986,0,0,0,0,0,0,0,0,0,0,128.405764333981,0,103.519938150021,0,0,0,0,0,0,0,0,0,0,0,0,135.667029391615,218.045528847001,74.5815074003433,0,0,219.430938885781,0,183.786860782462,261.605527103798,314.611698427915,0,82.1742780037132,0,111.435629183184,115.871357769661
0,97.5855511246009,0,0,0,0,0,0,0,0,335.371040201042,173.201474590904,0,124.698445421759,0,0,0,0,0,0,0,99.2646516363145,184.249961885477,137.177378802006,0,142.385058730083,0,0,0,0,0,0,0,84.3635741045246,177.763106506206,0,221.805809452716,120.912756812582,0,98.417953423071,161.694997919804
0,0,0,0,0,0,0,154.070293657878,104.915316975638,61.0664810463559,0,0,0,0,0,0,0,171.230058197369,0,113.144980278377,112.349934713559,0,0,0,0,0,92.5568465385234,106.926813611922,173.001559092555,0,0,0,154.142998692322,0,0,0,252.487290983309,0,165.597665022977,90.1317194604647,131.969743415579
0,108.136066660554,0,0,0,0,0,0,186.973586461633,259.055025639447,0,82.6426202489162,0,0,154.784755881607,0,0,0,0,0,110.384905066973,0,0,0,0,151.075371308616,247.66948903751,0,159.183173818572,0,0,0,0,0,96.7845769653343,0,0,134.960780198024,0,71.4788760670054,115.114253591495
0,0,0,0,0,154.070293657878,0,0,0,325.937289045041,209.996727521564,93.4234866874731,0,0,231.050882209,0,0,145.74089716123,0,0,0,0,0,0,139.93285932648,309.997227542691,0,90.7216186966914,122.106946855269,125.81518738273,173.538155409849,0,0,0,0,0,205.183249704085,195.822649557859,181.316358113209,93.5029580098427,0
0,140.574866691684,0,0,0,104.915316975638,186.973586461633,0,0,73.1029054543569,178.683678585178,0,0,0,0,0,0,0,0,0,0,0,136.792307586862,0,0,0,0,0,0,196.032358954952,0,188.936291522747,0,0,146.99041817625,0,173.059382066957,0,0,138.425725342224,0
0,0,224.523755099568,0,0,61.0664810463559,259.055025639447,325.937289045041,73.1029054543569,0,0,0,0,193.659409924573,205.839960264176,329.719143597451,0,0,180.355266595273,0,0,0,0,195.314816908693,0,263.534399241887,125.416941482916,138.33942793804,0,0,0,0,0,0,206.912707094411,0,194.442125915551,115.868441404982,117.208001126138,228.075434767255,0
0,0,0,0,335.371040201042,0,0,209.996727521564,178.683678585178,0,0,204.084074037941,0,0,0,0,0,0,74.4197823064597,0,0,213.67670887414,0,212.592150359921,0,136.685314494491,353.822894641502,223.705816669619,196.04190773555,0,0,0,0,338.131802716296,0,175.196329314064,101.85207633558,0,0,241.635434294794,345.797434674459
0,0,0,128.405764333981,173.201474590904,0,82.6426202489162,93.4234866874731,0,0,204.084074037941,0,0,89.707245288964,94.8881692391942,0,80.8080171296381,0,224.551207449728,225.013371621378,0,0,201.100640800745,0,348.674510760064,242.790381480436,0,0,164.032723165762,94.126460729827,0,0,0,100.812745974529,191.519780382943,241.682021696872,146.465927798921,120.567029282014,0,0,269.936825670274
0,0,0,0,0,0,0,0,0,0,0,0,0,0,0,0,0,0,0,0,0,0,0,153.672550905948,0,0,0,158.955087279859,62.859596780235,0,0,0,0,0,0,172.608400267715,0,0,0,74.7304794244225,215.611029055736
0,0,0,103.519938150021,124.698445421759,0,0,0,0,193.659409924573,0,89.707245288964,0,0,0,115.332064605654,197.893790332676,0,0,133.218162784108,0,0,0,222.053792850439,76.5072790361762,204.481117647118,0,0,0,0,0,0,0,161.325017232684,0,0,0,0,202.712457066107,94.7529894315991,85.7623170715703
0,0,0,0,0,0,154.784755881607,231.050882209,0,205.839960264176,0,94.8881692391942,0,0,0,0,141.204637091722,0,116.054372245433,0,250.461724766314,0,206.472608421747,0,0,208.005106191961,0,0,0,0,0,0,0,214.116367924649,211.840482897052,0,0,0,0,0,280.376028997576
0,0,104.369974912428,0,0,0,0,0,0,329.719143597451,0,0,0,115.332064605654,0,0,0,0,0,0,0,0,220.901129804706,0,106.33736463831,0,0,142.054529471577,0,0,0,0,0,101.895308036513,150.161410108805,0,0,0,119.728129215699,161.302948562323,106.533627130087
0,0,0,0,0,0,0,0,0,0,0,80.8080171296381,0,197.893790332676,141.204637091722,0,0,137.189596148386,0,201.44584889478,0,0,0,0,0,151.01089327964,0,92.3502314520023,0,0,0,0,0,192.601533877686,153.876396855887,0,118.522099274347,0,0,0,0
0,0,0,0,0,171.230058197369,0,145.74089716123,0,0,0,0,0,0,0,0,137.189596148386,0,0,0,0,113.059176128709,0,143.005810983322,0,0,193.63278243493,0,0,0,0,0,0,139.792601838991,94.027247878695,0,333.645516435298,0,0,0,0
0,0,0,0,0,0,0,0,0,180.355266595273,74.4197823064597,224.551207449728,0,0,116.054372245433,0,0,0,0,0,0,0,0,0,321.124897279917,0,217.157696745803,284.529238481835,0,0,0,0,0,89.3673883748406,249.798812580765,0,192.693757128262,0,179.718364159796,160.530221557972,0
0,0,0,0,0,113.144980278377,0,0,0,0,0,225.013371621378,0,133.218162784108,0,0,201.44584889478,0,0,0,0,0,0,119.345624434514,0,0,0,306.344527664232,180.90030328818,238.934743274142,128.846764897717,347.376449530863,0,180.543851962045,96.5937438588657,115.194491798135,357.423078228283,98.2230592632363,89.1590885155172,0,70.4221432298295
0,253.401634605989,0,0,0,112.349934713559,110.384905066973,0,0,0,0,0,0,0,250.461724766314,0,0,0,0,0,0,0,0,0,227.504408813069,114.511014214502,259.442917595754,261.440278806413,0,0,0,0,0,0,151.806152521152,72.2278283150671,205.09013266389,162.833808134102,0,0,81.9664354533492
0,0,0,0,99.2646516363145,0,0,0,0,0,213.67670887414,0,0,0,0,0,0,113.059176128709,0,0,0,0,0,0,0,0,187.77054666536,0,0,75.4497121078207,0,0,0,148.808626413748,0,135.294330067913,109.093416850988,0,0,0,0
153.453047983244,0,0,0,184.249961885477,0,0,0,136.792307586862,0,0,201.100640800745,0,0,206.472608421747,220.901129804706,0,0,0,0,0,0,0,0,0,161.74915061469,112.823430872325,198.964527389285,0,0,0,0,0,114.649126378906,0,200.878319874537,163.945208919892,192.135034768848,0,323.781250289068,128.530575464043
0,0,0,0,137.177378802006,0,0,0,0,195.314816908693,212.592150359921,0,153.672550905948,222.053792850439,0,0,0,143.005810983322,0,119.345624434514,0,0,0,0,228.792310020318,0,0,82.4756938751058,255.441154257905,95.7590805983148,0,251.098274723989,249.905610015455,306.640284138334,195.378266313867,161.275817184598,165.893015276821,146.770754374523,157.852515740516,0,0
0,0,0,0,0,0,0,139.93285932648,0,0,0,348.674510760064,0,76.5072790361762,0,106.33736463831,0,0,321.124897279917,0,227.504408813069,0,0,228.792310020318,0,0,0,0,0,0,0,0,0,0,0,0,92.5207898118833,0,0,146.814226519809,89.9429017381717
0,0,0,0,142.385058730083,0,151.075371308616,309.997227542691,0,263.534399241887,136.685314494491,242.790381480436,0,204.481117647118,208.005106191961,0,151.01089327964,0,0,0,114.511014214502,0,161.74915061469,0,0,0,219.078548227669,106.128596538706,193.777661225572,0,0,0,0,137.239127032733,0,236.681907140956,171.906398392157,320.356811100276,71.5579325720569,169.453147353278,0
0,0,0,135.667029391615,0,92.5568465385234,247.66948903751,0,0,125.416941482916,353.822894641502,0,0,0,0,0,0,193.63278243493,217.157696745803,0,259.442917595754,187.77054666536,112.823430872325,0,0,219.078548227669,0,151.695570509541,0,78.9559315574845,0,108.381749703452,193.055010680236,0,94.7280504127031,303.527509149359,116.176698124939,0,262.382215657622,0,199.492852797962
276.620869034647,0,0,218.045528847001,0,106.926813611922,0,90.7216186966914,0,138.33942793804,223.705816669619,0,158.955087279859,0,0,142.054529471577,92.3502314520023,0,284.529238481835,306.344527664232,261.440278806413,0,198.964527389285,82.4756938751058,0,106.128596538706,151.695570509541,0,232.945974238958,0,101.605593487621,101.350815329073,0,82.6299537488922,80.4367166559625,87.8456058929559,240.185081663983,178.748963182352,163.059043292369,124.853650664477,289.631679007608
0,66.5008477853491,134.566479261133,74.5815074003433,0,173.001559092555,159.183173818572,122.106946855269,0,0,196.04190773555,164.032723165762,62.859596780235,0,0,0,0,0,0,180.90030328818,0,0,0,255.441154257905,0,193.777661225572,0,232.945974238958,0,78.8552325762656,0,0,0,97.3506957544063,219.040656038919,73.4795582048751,151.036729364761,58.3493451392805,0,231.715271819474,111.226326353722
0,0,300.031143529538,0,0,0,0,125.81518738273,196.032358954952,0,0,94.126460729827,0,0,0,0,0,0,0,238.934743274142,0,75.4497121078207,0,95.7590805983148,0,0,78.9559315574845,0,78.8552325762656,0,0,0,0,198.528111506785,0,0,172.892533368851,0,0,0,0
0,0,0,0,0,0,0,173.538155409849,0,0,0,0,0,0,0,0,0,0,0,128.846764897717,0,0,0,0,0,0,0,101.605593487621,0,0,0,0,0,155.901486485736,97.3232815600345,0,0,0,0,158.567996645797,0
283.88658203332,0,0,219.430938885781,0,0,0,0,188.936291522747,0,0,0,0,0,0,0,0,0,0,347.376449530863,0,0,0,251.098274723989,0,0,108.381749703452,101.350815329073,0,0,0,0,0,169.742003380707,167.066576495979,0,0,241.57250333243,0,94.9380989123498,0
0,0,0,0,0,154.142998692322,0,0,0,0,0,0,0,0,0,0,0,0,0,0,0,0,0,249.905610015455,0,0,193.055010680236,0,0,0,0,0,0,0,139.654362654449,0,0,226.825099357786,0,0,0
67.8267069095267,0,0,183.786860782462,84.3635741045246,0,0,0,0,0,338.131802716296,100.812745974529,0,161.325017232684,214.116367924649,101.895308036513,192.601533877686,139.792601838991,89.3673883748406,180.543851962045,0,148.808626413748,114.649126378906,306.640284138334,0,137.239127032733,0,82.6299537488922,97.3506957544063,198.528111506785,155.901486485736,169.742003380707,0,0,0,153.609372090384,98.6790043377568,0,81.2827395071039,115.541295036174,283.248188884028
0,0,112.793316814908,261.605527103798,177.763106506206,0,96.7845769653343,0,146.99041817625,206.912707094411,0,191.519780382943,0,0,211.840482897052,150.161410108805,153.876396855887,94.027247878695,249.798812580765,96.5937438588657,151.806152521152,0,0,195.378266313867,0,0,94.7280504127031,80.4367166559625,219.040656038919,0,97.3232815600345,167.066576495979,139.654362654449,0,0,133.984214699576,178.224497384947,197.486504603685,0,0,125.994729980093
0,0,0,314.611698427915,0,0,0,0,0,0,175.196329314064,241.682021696872,172.608400267715,0,0,0,0,0,0,115.194491798135,72.2278283150671,135.294330067913,200.878319874537,161.275817184598,0,236.681907140956,303.527509149359,87.8456058929559,73.4795582048751,0,0,0,0,153.609372090384,133.984214699576,0,154.065933476765,321.864157986053,174.013630695256,101.443495235174,0
188.851177466023,186.348837226466,0,0,221.805809452716,252.487290983309,0,205.183249704085,173.059382066957,194.442125915551,101.85207633558,146.465927798921,0,0,0,0,118.522099274347,333.645516435298,192.693757128262,357.423078228283,205.09013266389,109.093416850988,163.945208919892,165.893015276821,92.5207898118833,171.906398392157,116.176698124939,240.185081663983,151.036729364761,172.892533368851,0,0,0,98.6790043377568,178.224497384947,154.065933476765,0,160.537522273714,101.5853655613,190.185165668632,168.241326865882
0,62.311273509377,0,82.1742780037132,120.912756812582,0,134.960780198024,195.822649557859,0,115.868441404982,0,120.567029282014,0,0,0,0,0,0,0,98.2230592632363,162.833808134102,0,192.135034768848,146.770754374523,0,320.356811100276,0,178.748963182352,58.3493451392805,0,0,241.57250333243,226.825099357786,0,197.486504603685,321.864157986053,160.537522273714,0,0,155.24952173131,0
0,0,0,0,0,165.597665022977,0,181.316358113209,0,117.208001126138,0,0,0,202.712457066107,0,119.728129215699,0,0,179.718364159796,89.1590885155172,0,0,0,157.852515740516,0,71.5579325720569,262.382215657622,163.059043292369,0,0,0,0,0,81.2827395071039,0,174.013630695256,101.5853655613,0,0,220.963068032256,0
0,0,0,111.435629183184,98.417953423071,90.1317194604647,71.4788760670054,93.5029580098427,138.425725342224,228.075434767255,241.635434294794,0,74.7304794244225,94.7529894315991,0,161.302948562323,0,0,160.530221557972,0,0,0,323.781250289068,0,146.814226519809,169.453147353278,0,124.853650664477,231.715271819474,0,158.567996645797,94.9380989123498,0,115.541295036174,0,101.443495235174,190.185165668632,155.24952173131,220.963068032256,0,99.3508940827211
0,0,0,115.871357769661,161.694997919804,131.969743415579,115.114253591495,0,0,0,345.797434674459,269.936825670274,215.611029055736,85.7623170715703,280.376028997576,106.533627130087,0,0,0,70.4221432298295,81.9664354533492,0,128.530575464043,0,89.9429017381717,0,199.492852797962,289.631679007608,111.226326353722,0,0,0,0,283.248188884028,125.994729980093,0,168.241326865882,0,0,99.3508940827211,0
