0,0,0,0,0,106.926813611922,0,0,0,0,0,0,0,0,0,0,0,0,163.059043292369,0,0,0,0,0,0,0,0,0,0,0,0,0,0,0,85.7623170715703,0,186.973586461633,0,0,153.453047983244,163.945208919892
0,0,0,0,0,0,0,0,0,0,227.504408813069,0,0,0,0,0,0,0,0,0,0,0,0,0,0,276.620869034647,0,195.314816908693,0,0,85.6072705949986,0,284.529238481835,348.674510760064,0,0,0,0,0,209.996727521564,0
0,0,0,0,0,0,0,0,329.719143597451,0,0,114.649126378906,0,0,0,0,0,0,0,0,0,0,0,0,0,0,0,0,0,0,0,0,0,0,0,137.177378802006,193.777661225572,0,0,213.67670887414,0
0,0,0,0,154.070293657878,0,0,247.66948903751,0,250.461724766314,0,241.635434294794,0,321.864157986053,0,94.027247878695,0,75.4497121078207,62.859596780235,0,0,0,0,226.825099357786,0,0,0,196.04190773555,0,0,0,0,0,261.605527103798,151.075371308616,0,90.1317194604647,0,0,0,0
0,0,0,154.070293657878,0,0,0,0,161.275817184598,0,0,161.302948562323,0,0,0,0,197.486504603685,0,0,111.435629183184,0,191.519780382943,0,0,0,173.001559092555,180.543851962045,0,0,0,0,0,219.430938885781,168.241326865882,151.01089327964,0,100.812745974529,0,263.534399241887,97.3232815600345,0
106.926813611922,0,0,0,0,0,0,0,0,133.984214699576,82.4756938751058,222.053792850439,0,0,0,0,0,0,0,0,0,0,0,0,0,0,314.611698427915,114.511014214502,0,89.1590885155172,0,197.893790332676,0,0,115.332064605654,0,80.4367166559625,153.876396855887,306.640284138334,81.9664354533492,201.100640800745
0,0,0,0,0,0,0,0,0,0,0,347.376449530863,0,217.157696745803,0,101.895308036513,139.93285932648,0,0,228.075434767255,0,0,178.224497384947,73.4795582048751,0,0,137.239127032733,151.036729364761,0,0,0,0,0,74.5815074003433,0,215.611029055736,82.1742780037132,154.784755881607,0,0,0
0,0,0,247.66948903751,0,0,0,0,0,195.822649557859,122.106946855269,0,0,0,0,0,116.176698124939,0,103.519938150021,89.707245288964,0,136.685314494491,0,0,0,101.350815329073,0,178.748963182352,94.7280504127031,93.5029580098427,0,251.098274723989,0,249.905610015455,0,128.846764897717,323.781250289068,0,0,0,335.371040201042
0,0,329.719143597451,0,161.275817184598,0,0,0,0,0,0,0,0,193.659409924573,139.792601838991,0,0,0,0,0,120.567029282014,0,0,159.183173818572,0,151.695570509541,0,111.226326353722,236.681907140956,0,0,0,0,0,212.592150359921,0,0,0,0,195.378266313867,0
0,0,0,250.461724766314,0,133.984214699576,0,195.822649557859,0,0,92.5207898118833,94.7529894315991,0,187.77054666536,0,0,0,0,0,0,154.065933476765,0,303.527509149359,125.416941482916,0,94.126460729827,0,97.5855511246009,0,0,223.705816669619,0,0,161.325017232684,232.945974238958,253.401634605989,96.5937438588657,160.537522273714,0,0,201.44584889478
0,227.504408813069,0,0,0,82.4756938751058,0,122.106946855269,0,92.5207898118833,0,0,0,172.892533368851,0,0,133.218162784108,0,0,0,0,0,115.871357769661,0,0,119.345624434514,151.806152521152,115.868441404982,118.522099274347,0,0,136.792307586862,0,0,0,224.523755099568,289.631679007608,208.005106191961,0,0,283.248188884028
0,0,114.649126378906,241.635434294794,161.302948562323,222.053792850439,347.376449530863,0,0,94.7529894315991,0,0,0,175.196329314064,101.605593487621,0,280.376028997576,134.566479261133,0,0,0,0,153.609372090384,220.901129804706,219.078548227669,146.814226519809,206.912707094411,0,99.2646516363145,0,0,200.878319874537,0,106.128596538706,0,0,173.538155409849,224.551207449728,0,309.997227542691,0
0,0,0,0,0,0,0,0,0,0,0,0,0,0,0,0,0,0,0,0,169.742003380707,0,0,0,0,0,141.204637091722,78.9559315574845,0,0,0,0,0,119.728129215699,154.142998692322,0,0,0,0,0,205.839960264176
0,0,0,321.864157986053,0,0,217.157696745803,0,193.659409924573,187.77054666536,172.892533368851,175.196329314064,0,0,165.597665022977,241.57250333243,0,0,0,0,0,0,0,0,0,0,0,338.131802716296,0,138.425725342224,0,0,0,0,0,0,104.369974912428,135.667029391615,0,333.645516435298,193.055010680236
0,0,0,0,0,0,0,0,139.792601838991,0,0,101.605593487621,0,165.597665022977,0,190.185165668632,0,0,0,0,171.230058197369,0,0,0,0,96.7845769653343,142.054529471577,193.63278243493,183.786860782462,0,0,0,0,238.934743274142,94.8881692391942,0,0,231.050882209,0,0,0
0,0,0,94.027247878695,0,0,101.895308036513,0,0,0,0,0,0,241.57250333243,190.185165668632,0,0,0,0,0,0,0,0,0,0,0,0,306.344527664232,165.893015276821,0,0,0,0,101.5853655613,0,192.135034768848,112.349934713559,0,241.682021696872,115.541295036174,0
0,0,0,0,197.486504603685,0,139.93285932648,116.176698124939,0,0,133.218162784108,280.376028997576,0,0,0,0,0,0,0,0,0,178.683678585178,0,205.183249704085,0,0,0,240.185081663983,0,0,0,0,0,0,196.032358954952,0,0,0,0,172.608400267715,0
0,0,0,75.4497121078207,0,0,0,0,0,0,0,134.566479261133,0,0,0,0,0,0,0,0,0,0,357.423078228283,173.201474590904,0,0,0,242.790381480436,71.4788760670054,0,0,0,0,161.694997919804,0,0,0,252.487290983309,0,0,162.833808134102
163.059043292369,0,0,62.859596780235,0,0,0,103.519938150021,0,0,0,0,0,0,0,0,0,0,0,0,131.969743415579,0,0,0,167.066576495979,0,143.005810983322,155.24952173131,0,0,0,112.823430872325,0,261.440278806413,0,0,112.793316814908,0,148.808626413748,0,82.6299537488922
0,0,0,0,111.435629183184,0,228.075434767255,89.707245288964,0,0,0,0,0,0,0,0,0,0,0,0,0,0,0,116.054372245433,150.161410108805,255.441154257905,101.85207633558,179.718364159796,214.116367924649,188.936291522747,61.0664810463559,0,0,0,0,81.2827395071039,206.472608421747,146.465927798921,180.90030328818,99.3508940827211,109.093416850988
0,0,0,0,0,0,0,0,120.567029282014,154.065933476765,0,0,169.742003380707,0,171.230058197369,0,0,0,131.969743415579,0,0,67.8267069095267,80.8080171296381,0,0,0,104.915316975638,66.5008477853491,113.144980278377,0,0,0,0,205.09013266389,0,135.294330067913,0,0,0,125.994729980093,0
0,0,0,0,191.519780382943,0,0,136.685314494491,0,0,0,0,0,0,0,0,178.683678585178,0,0,0,67.8267069095267,0,0,0,0,0,0,0,0,87.8456058929559,0,0,0,0,72.2278283150671,0,108.136066660554,0,0,0,164.032723165762
0,0,0,0,0,0,178.224497384947,0,0,303.527509149359,115.871357769661,153.609372090384,0,0,0,0,0,357.423078228283,0,0,80.8080171296381,0,0,0,82.6426202489162,192.601533877686,0,137.189596148386,0,0,0,0,0,0,58.3493451392805,113.059176128709,94.9380989123498,108.381749703452,0,92.5568465385234,345.797434674459
0,0,0,226.825099357786,0,0,73.4795582048751,0,159.183173818572,125.416941482916,0,220.901129804706,0,0,0,0,205.183249704085,173.201474590904,0,116.054372245433,0,0,0,0,204.084074037941,300.031143529538,74.7304794244225,0,321.124897279917,0,0,70.4221432298295,0,180.355266595273,184.249961885477,140.574866691684,259.442917595754,0,0,198.964527389285,106.33736463831
0,0,0,0,0,0,0,0,0,0,0,219.078548227669,0,0,0,0,0,0,167.066576495979,150.161410108805,0,0,82.6426202489162,204.084074037941,0,0,95.7590805983148,0,0,0,0,0,0,259.055025639447,134.960780198024,0,204.481117647118,0,62.311273509377,0,0
0,276.620869034647,0,0,173.001559092555,0,0,101.350815329073,151.695570509541,94.126460729827,119.345624434514,146.814226519809,0,0,96.7845769653343,0,0,0,0,255.441154257905,0,0,192.601533877686,300.031143529538,0,0,353.822894641502,249.798812580765,124.853650664477,0,0,0,0,218.045528847001,146.99041817625,115.114253591495,0,231.715271819474,0,228.792310020318,158.955087279859
0,0,0,0,180.543851962045,314.611698427915,137.239127032733,0,0,0,151.806152521152,206.912707094411,141.204637091722,0,142.054529471577,0,0,0,143.005810983322,101.85207633558,104.915316975638,0,0,74.7304794244225,95.7590805983148,353.822894641502,0,142.385058730083,202.712457066107,0,0,0,0,92.3502314520023,125.81518738273,0,221.805809452716,0,128.530575464043,138.33942793804,0
0,195.314816908693,0,196.04190773555,0,114.511014214502,151.036729364761,178.748963182352,111.226326353722,97.5855511246009,115.868441404982,0,78.9559315574845,338.131802716296,193.63278243493,306.344527664232,240.185081663983,242.790381480436,155.24952173131,179.718364159796,66.5008477853491,0,137.189596148386,0,0,249.798812580765,142.385058730083,0,174.013630695256,0,0,0,0,120.912756812582,161.74915061469,0,98.6790043377568,194.442125915551,0,89.9429017381717,171.906398392157
0,0,0,0,0,0,0,94.7280504127031,236.681907140956,0,118.522099274347,99.2646516363145,0,0,183.786860782462,165.893015276821,0,71.4788760670054,0,214.116367924649,113.144980278377,0,0,321.124897279917,0,124.853650664477,202.712457066107,174.013630695256,0,0,146.770754374523,219.040656038919,320.356811100276,71.5579325720569,101.443495235174,0,181.316358113209,0,157.852515740516,98.2230592632363,0
0,0,0,0,0,89.1590885155172,0,93.5029580098427,0,0,0,0,0,138.425725342224,0,0,0,0,0,188.936291522747,0,87.8456058929559,0,0,0,0,0,0,0,0,0,0,0,158.567996645797,155.901486485736,89.3673883748406,186.348837226466,0,73.1029054543569,0,128.405764333981
0,85.6072705949986,0,0,0,0,0,0,0,223.705816669619,0,0,0,0,0,0,0,0,0,61.0664810463559,0,0,0,0,0,0,0,0,146.770754374523,0,0,0,0,0,117.208001126138,0,98.417953423071,0,0,0,0
0,0,0,0,0,197.893790332676,0,251.098274723989,0,0,136.792307586862,200.878319874537,0,0,0,0,0,0,112.823430872325,0,0,0,0,70.4221432298295,0,0,0,0,219.040656038919,0,0,0,0,220.963068032256,0,0,199.492852797962,76.5072790361762,74.4197823064597,0,0
0,284.529238481835,0,0,219.430938885781,0,0,0,0,0,0,0,0,0,0,0,0,0,0,0,0,0,0,0,0,0,0,0,320.356811100276,0,0,0,0,0,0,124.698445421759,0,106.533627130087,0,0,0
0,348.674510760064,0,261.605527103798,168.241326865882,0,74.5815074003433,249.905610015455,0,161.325017232684,0,106.128596538706,119.728129215699,0,238.934743274142,101.5853655613,0,161.694997919804,261.440278806413,0,205.09013266389,0,0,180.355266595273,259.055025639447,218.045528847001,92.3502314520023,120.912756812582,71.5579325720569,158.567996645797,0,220.963068032256,0,0,192.693757128262,283.88658203332,262.382215657622,84.3635741045246,0,78.8552325762656,0
85.7623170715703,0,0,151.075371308616,151.01089327964,115.332064605654,0,0,212.592150359921,232.945974238958,0,0,154.142998692322,0,94.8881692391942,0,196.032358954952,0,0,0,0,72.2278283150671,58.3493451392805,184.249961885477,134.960780198024,146.99041817625,125.81518738273,161.74915061469,101.443495235174,155.901486485736,117.208001126138,0,0,192.693757128262,0,0,225.013371621378,169.453147353278,188.851177466023,177.763106506206,139.654362654449
0,0,137.177378802006,0,0,0,215.611029055736,128.846764897717,0,253.401634605989,224.523755099568,0,0,0,0,192.135034768848,0,0,0,81.2827395071039,135.294330067913,0,113.059176128709,140.574866691684,0,115.114253591495,0,0,0,89.3673883748406,0,0,124.698445421759,283.88658203332,0,0,325.937289045041,160.530221557972,198.528111506785,153.672550905948,115.194491798135
186.973586461633,0,193.777661225572,90.1317194604647,100.812745974529,80.4367166559625,82.1742780037132,323.781250289068,0,96.5937438588657,289.631679007608,173.538155409849,0,104.369974912428,0,112.349934713559,0,0,112.793316814908,206.472608421747,0,108.136066660554,94.9380989123498,259.442917595754,204.481117647118,0,221.805809452716,98.6790043377568,181.316358113209,186.348837226466,98.417953423071,199.492852797962,0,262.382215657622,225.013371621378,325.937289045041,0,145.74089716123,90.7216186966914,269.936825670274,0
0,0,0,0,0,153.876396855887,154.784755881607,0,0,160.537522273714,208.005106191961,224.551207449728,0,135.667029391615,231.050882209,0,0,252.487290983309,0,146.465927798921,0,0,108.381749703452,0,0,231.715271819474,0,194.442125915551,0,0,0,76.5072790361762,106.533627130087,84.3635741045246,169.453147353278,160.530221557972,145.74089716123,0,0,97.3506957544063,173.059382066957
0,0,0,0,263.534399241887,306.640284138334,0,0,0,0,0,0,0,0,0,241.682021696872,0,0,148.808626413748,180.90030328818,0,0,0,0,62.311273509377,0,128.530575464043,0,157.852515740516,73.1029054543569,0,74.4197823064597,0,0,188.851177466023,198.528111506785,90.7216186966914,0,0,93.4234866874731,211.840482897052
153.453047983244,209.996727521564,213.67670887414,0,97.3232815600345,81.9664354533492,0,0,195.378266313867,0,0,309.997227542691,0,333.645516435298,0,115.541295036174,172.608400267715,0,0,99.3508940827211,125.994729980093,0,92.5568465385234,198.964527389285,0,228.792310020318,138.33942793804,89.9429017381717,98.2230592632363,0,0,0,0,78.8552325762656,177.763106506206,153.672550905948,269.936825670274,97.3506957544063,93.4234866874731,0,110.384905066973
163.945208919892,0,0,0,0,201.100640800745,0,335.371040201042,0,201.44584889478,283.248188884028,0,205.839960264176,193.055010680236,0,0,0,162.833808134102,82.6299537488922,109.093416850988,0,164.032723165762,345.797434674459,106.33736463831,0,158.955087279859,0,171.906398392157,0,128.405764333981,0,0,0,0,139.654362654449,115.194491798135,0,173.059382066957,211.840482897052,110.384905066973,0
