0,128.405764333981,0,0,0,0,165.893015276821,0,0,0,0,0,0,0,0,0,0,0,0,106.128596538706,0,0,179.718364159796,0,0,241.635434294794,0,103.519938150021,0,0,0,0,0,0,0,0,0,0,0,0,0
128.405764333981,0,0,0,0,0,0,0,0,139.93285932648,0,0,0,0,0,0,0,0,0,0,0,0,0,100.812745974529,0,0,0,306.640284138334,0,0,0,0,0,220.963068032256,0,0,0,151.036729364761,0,231.715271819474,0
0,0,0,0,0,0,0,0,0,0,0,0,0,0,0,0,0,0,0,0,0,0,0,0,0,101.5853655613,0,0,0,0,0,0,0,204.481117647118,0,0,128.846764897717,0,0,153.453047983244,309.997227542691
0,0,0,0,74.5815074003433,0,0,140.574866691684,0,134.566479261133,111.226326353722,0,0,0,0,0,0,238.934743274142,194.442125915551,0,0,0,0,0,0,0,0,219.430938885781,159.183173818572,172.892533368851,0,0,0,269.936825670274,153.672550905948,0,153.609372090384,0,0,0,206.472608421747
0,0,0,74.5815074003433,0,0,137.239127032733,161.275817184598,0,0,0,0,353.822894641502,0,0,0,0,0,134.960780198024,0,0,0,0,0,94.8881692391942,0,195.314816908693,0,106.33736463831,111.435629183184,0,0,0,0,131.969743415579,128.530575464043,101.895308036513,259.055025639447,208.005106191961,0,0
0,0,0,0,0,0,0,0,0,0,242.790381480436,153.876396855887,0,0,0,0,0,227.504408813069,0,192.693757128262,181.316358113209,0,0,0,168.241326865882,0,101.605593487621,108.136066660554,0,0,211.840482897052,0,0,184.249961885477,0,154.142998692322,253.401634605989,163.059043292369,0,190.185165668632,0
165.893015276821,0,0,0,137.239127032733,0,0,329.719143597451,0,150.161410108805,321.124897279917,119.728129215699,0,0,0,0,0,0,163.945208919892,0,0,0,81.9664354533492,0,0,0,0,158.955087279859,0,0,0,0,0,0,133.984214699576,158.567996645797,89.9429017381717,0,110.384905066973,0,0
0,0,0,140.574866691684,161.275817184598,0,329.719143597451,0,0,0,0,95.7590805983148,0,196.04190773555,161.694997919804,0,0,76.5072790361762,283.248188884028,0,0,0,173.201474590904,0,0,0,0,0,142.385058730083,0,0,0,0,188.851177466023,0,357.423078228283,202.712457066107,236.681907140956,0,161.302948562323,82.4756938751058
0,0,0,0,0,0,0,0,0,0,0,0,0,232.945974238958,171.230058197369,0,0,0,146.770754374523,0,0,0,0,0,0,108.381749703452,0,280.376028997576,226.825099357786,0,141.204637091722,0,0,0,0,89.707245288964,99.3508940827211,0,0,161.325017232684,200.878319874537
0,139.93285932648,0,134.566479261133,0,0,150.161410108805,0,0,0,112.349934713559,0,0,335.371040201042,0,0,0,143.005810983322,209.996727521564,115.332064605654,0,0,169.453147353278,0,193.777661225572,81.2827395071039,171.906398392157,0,0,0,0,198.964527389285,0,124.853650664477,213.67670887414,0,96.7845769653343,0,119.345624434514,325.937289045041,0
0,0,0,111.226326353722,0,242.790381480436,321.124897279917,0,0,112.349934713559,0,0,0,0,0,115.541295036174,160.530221557972,0,0,0,146.99041817625,0,0,62.311273509377,82.6426202489162,0,196.032358954952,157.852515740516,252.487290983309,0,0,0,0,139.792601838991,219.040656038919,0,205.839960264176,0,0,300.031143529538,0
0,0,0,0,0,153.876396855887,119.728129215699,95.7590805983148,0,0,0,0,0,175.196329314064,0,220.901129804706,0,112.793316814908,0,205.09013266389,78.9559315574845,0,137.177378802006,289.631679007608,0,183.786860782462,195.378266313867,165.597665022977,125.416941482916,0,0,0,75.4497121078207,0,259.442917595754,0,90.7216186966914,106.926813611922,116.176698124939,115.114253591495,276.620869034647
0,0,0,0,353.822894641502,0,0,0,0,0,0,0,0,0,0,0,0,0,0,0,0,0,97.3506957544063,0,0,0,0,0,0,240.185081663983,0,73.1029054543569,0,0,0,0,169.742003380707,0,0,151.695570509541,0
0,0,0,0,0,0,0,196.04190773555,232.945974238958,335.371040201042,0,175.196329314064,0,0,0,0,0,0,0,98.6790043377568,197.486504603685,0,0,173.001559092555,0,0,187.77054666536,201.44584889478,191.519780382943,0,0,0,0,0,284.529238481835,222.053792850439,151.806152521152,0,0,0,116.054372245433
0,0,0,0,0,0,0,161.694997919804,171.230058197369,0,0,0,0,0,0,0,0,0,0,0,0,0,0,161.74915061469,0,193.659409924573,0,205.183249704085,0,0,0,0,0,101.85207633558,263.534399241887,67.8267069095267,0,148.808626413748,262.382215657622,167.066576495979,93.4234866874731
0,0,0,0,0,0,0,0,0,0,115.541295036174,220.901129804706,0,0,0,0,115.871357769661,0,0,154.784755881607,0,0,0,0,0,0,225.013371621378,186.973586461633,0,0,0,0,0,80.4367166559625,72.2278283150671,61.0664810463559,186.348837226466,84.3635741045246,0,0,0
0,0,0,0,0,0,0,0,0,0,160.530221557972,0,0,0,0,115.871357769661,0,0,0,0,0,0,0,0,0,173.059382066957,94.126460729827,62.859596780235,122.106946855269,0,0,0,0,78.8552325762656,125.994729980093,283.88658203332,133.218162784108,0,0,0,0
0,0,0,238.934743274142,0,227.504408813069,0,76.5072790361762,0,143.005810983322,0,112.793316814908,0,0,0,0,0,0,0,228.792310020318,0,0,0,0,0,138.33942793804,0,250.461724766314,0,0,0,0,0,0,0,0,92.5207898118833,0,0,0,0
0,0,0,194.442125915551,134.960780198024,0,163.945208919892,283.248188884028,146.770754374523,209.996727521564,0,0,0,0,0,0,0,0,0,0,118.522099274347,0,87.8456058929559,0,0,0,0,0,136.685314494491,0,0,0,0,0,0,333.645516435298,0,0,173.538155409849,120.912756812582,0
106.128596538706,0,0,0,0,192.693757128262,0,0,0,115.332064605654,0,205.09013266389,0,98.6790043377568,0,154.784755881607,0,228.792310020318,0,0,0,73.4795582048751,0,178.683678585178,192.601533877686,71.4788760670054,0,0,136.792307586862,0,0,0,0,162.833808134102,306.344527664232,0,146.465927798921,85.6072705949986,0,74.7304794244225,0
0,0,0,0,0,181.316358113209,0,0,0,0,146.99041817625,78.9559315574845,0,197.486504603685,0,0,0,0,118.522099274347,0,0,0,0,66.5008477853491,0,192.135034768848,109.093416850988,0,0,0,0,114.511014214502,89.1590885155172,154.070293657878,193.055010680236,0,0,0,0,215.611029055736,0
0,0,0,0,0,0,0,0,0,0,0,0,0,0,0,0,0,0,0,73.4795582048751,0,0,80.8080171296381,145.74089716123,0,320.356811100276,0,124.698445421759,0,0,0,0,0,0,0,0,174.013630695256,201.100640800745,98.2230592632363,0,0
179.718364159796,0,0,0,0,0,81.9664354533492,173.201474590904,0,169.453147353278,0,137.177378802006,97.3506957544063,0,0,0,0,0,87.8456058929559,0,0,80.8080171296381,0,0,0,0,0,146.814226519809,217.157696745803,261.605527103798,0,115.868441404982,117.208001126138,172.608400267715,0,0,0,0,0,249.905610015455,0
0,100.812745974529,0,0,0,0,0,0,0,0,62.311273509377,289.631679007608,0,173.001559092555,161.74915061469,0,0,0,0,178.683678585178,66.5008477853491,145.74089716123,0,0,212.592150359921,347.376449530863,97.5855511246009,94.7529894315991,0,0,0,0,0,139.654362654449,82.6299537488922,113.059176128709,92.3502314520023,178.224497384947,0,101.443495235174,89.3673883748406
0,0,0,0,94.8881692391942,168.241326865882,0,0,0,193.777661225572,82.6426202489162,0,0,0,0,0,0,0,0,192.601533877686,0,0,0,212.592150359921,0,0,0,0,0,0,0,70.4221432298295,0,0,104.369974912428,0,0,115.194491798135,0,0,180.543851962045
241.635434294794,0,101.5853655613,0,0,0,0,0,108.381749703452,81.2827395071039,0,183.786860782462,0,0,193.659409924573,0,173.059382066957,138.33942793804,0,71.4788760670054,192.135034768848,320.356811100276,0,347.376449530863,0,0,137.189596148386,74.4197823064597,58.3493451392805,0,0,0,0,99.2646516363145,0,135.667029391615,224.523755099568,0,314.611698427915,0,151.075371308616
0,0,0,0,195.314816908693,101.605593487621,0,0,0,171.906398392157,196.032358954952,195.378266313867,0,187.77054666536,0,225.013371621378,94.126460729827,0,0,0,109.093416850988,0,0,97.5855511246009,0,137.189596148386,0,193.63278243493,0,180.90030328818,0,0,0,214.116367924649,93.5029580098427,138.425725342224,241.57250333243,303.527509149359,206.912707094411,0,120.567029282014
103.519938150021,306.640284138334,0,219.430938885781,0,108.136066660554,158.955087279859,0,280.376028997576,0,157.852515740516,165.597665022977,0,201.44584889478,205.183249704085,186.973586461633,62.859596780235,250.461724766314,0,0,0,124.698445421759,146.814226519809,94.7529894315991,0,74.4197823064597,193.63278243493,0,101.350815329073,0,218.045528847001,0,251.098274723989,255.441154257905,0,261.440278806413,142.054529471577,348.674510760064,0,323.781250289068,223.705816669619
0,0,0,159.183173818572,106.33736463831,0,0,142.385058730083,226.825099357786,0,252.487290983309,125.416941482916,0,191.519780382943,0,0,122.106946855269,0,136.685314494491,136.792307586862,0,0,217.157696745803,0,0,58.3493451392805,0,101.350815329073,0,195.822649557859,96.5937438588657,0,0,219.078548227669,177.763106506206,0,106.533627130087,82.1742780037132,94.7280504127031,0,135.294330067913
0,0,0,172.892533368851,111.435629183184,0,0,0,0,0,0,0,240.185081663983,0,0,0,0,0,0,0,0,0,261.605527103798,0,0,0,180.90030328818,0,195.822649557859,0,0,0,0,0,221.805809452716,112.823430872325,0,155.901486485736,0,164.032723165762,321.864157986053
0,0,0,0,0,211.840482897052,0,0,141.204637091722,0,0,0,0,0,0,0,0,0,0,0,0,0,0,0,0,0,0,218.045528847001,96.5937438588657,0,0,0,0,0,114.649126378906,0,0,0,0,0,151.01089327964
0,0,0,0,0,0,0,0,0,198.964527389285,0,0,73.1029054543569,0,0,0,0,0,0,0,114.511014214502,0,115.868441404982,0,70.4221432298295,0,0,0,0,0,0,0,0,98.417953423071,178.748963182352,0,94.027247878695,247.66948903751,0,92.5568465385234,345.797434674459
0,0,0,0,0,0,0,0,0,0,0,75.4497121078207,0,0,0,0,0,0,0,0,89.1590885155172,0,117.208001126138,0,0,0,0,251.098274723989,0,0,0,0,0,0,0,0,188.936291522747,0,0,0,0
0,220.963068032256,204.481117647118,269.936825670274,0,184.249961885477,0,188.851177466023,0,124.853650664477,139.792601838991,0,0,0,101.85207633558,80.4367166559625,78.8552325762656,0,0,162.833808134102,154.070293657878,0,172.608400267715,139.654362654449,0,99.2646516363145,214.116367924649,255.441154257905,219.078548227669,0,0,98.417953423071,0,0,113.144980278377,104.915316975638,125.81518738273,154.065933476765,180.355266595273,204.084074037941,160.537522273714
0,0,0,153.672550905948,131.969743415579,0,133.984214699576,0,0,213.67670887414,219.040656038919,259.442917595754,0,284.529238481835,263.534399241887,72.2278283150671,125.994729980093,0,0,306.344527664232,193.055010680236,0,0,82.6299537488922,104.369974912428,0,93.5029580098427,0,177.763106506206,221.805809452716,114.649126378906,178.748963182352,0,113.144980278377,0,94.9380989123498,338.131802716296,228.075434767255,231.050882209,241.682021696872,0
0,0,0,0,128.530575464043,154.142998692322,158.567996645797,357.423078228283,89.707245288964,0,0,0,0,222.053792850439,67.8267069095267,61.0664810463559,283.88658203332,0,333.645516435298,0,0,0,0,113.059176128709,0,135.667029391615,138.425725342224,261.440278806413,0,112.823430872325,0,0,0,104.915316975638,94.9380989123498,0,97.3232815600345,0,0,224.551207449728,0
0,0,128.846764897717,153.609372090384,101.895308036513,253.401634605989,89.9429017381717,202.712457066107,99.3508940827211,96.7845769653343,205.839960264176,90.7216186966914,169.742003380707,151.806152521152,0,186.348837226466,133.218162784108,92.5207898118833,0,146.465927798921,0,174.013630695256,0,92.3502314520023,0,224.523755099568,241.57250333243,142.054529471577,106.533627130087,0,0,94.027247878695,188.936291522747,125.81518738273,338.131802716296,97.3232815600345,0,0,199.492852797962,90.1317194604647,249.798812580765
0,151.036729364761,0,0,259.055025639447,163.059043292369,0,236.681907140956,0,0,0,106.926813611922,0,0,148.808626413748,84.3635741045246,0,0,0,85.6072705949986,0,201.100640800745,0,178.224497384947,115.194491798135,0,303.527509149359,348.674510760064,82.1742780037132,155.901486485736,0,247.66948903751,0,154.065933476765,228.075434767255,0,0,0,0,197.893790332676,155.24952173131
0,0,0,0,208.005106191961,0,110.384905066973,0,0,119.345624434514,0,116.176698124939,0,0,262.382215657622,0,0,0,173.538155409849,0,0,98.2230592632363,0,0,0,314.611698427915,206.912707094411,0,94.7280504127031,0,0,0,0,180.355266595273,231.050882209,0,199.492852797962,0,0,71.5579325720569,85.7623170715703
0,231.715271819474,153.453047983244,0,0,190.185165668632,0,161.302948562323,161.325017232684,325.937289045041,300.031143529538,115.114253591495,151.695570509541,0,167.066576495979,0,0,0,120.912756812582,74.7304794244225,215.611029055736,0,249.905610015455,101.443495235174,0,0,0,323.781250289068,0,164.032723165762,0,92.5568465385234,0,204.084074037941,241.682021696872,224.551207449728,90.1317194604647,197.893790332676,71.5579325720569,0,198.528111506785
0,0,309.997227542691,206.472608421747,0,0,0,82.4756938751058,200.878319874537,0,0,276.620869034647,0,116.054372245433,93.4234866874731,0,0,0,0,0,0,0,0,89.3673883748406,180.543851962045,151.075371308616,120.567029282014,223.705816669619,135.294330067913,321.864157986053,151.01089327964,345.797434674459,0,160.537522273714,0,0,249.798812580765,155.24952173131,85.7623170715703,198.528111506785,0
