0,0,0,0,112.793316814908,0,0,96.7845769653343,0,0,76.5072790361762,0,0,0,0,0,0,0,0,0,0,0,0,0,0,0,0,173.059382066957,82.4756938751058,0,0,0,0,0,0,0,0,280.376028997576,0,0,0
0,0,0,0,0,0,0,0,0,0,0,0,0,269.936825670274,0,0,0,0,0,0,0,0,0,0,0,0,0,133.218162784108,0,0,0,0,0,0,188.851177466023,0,0,238.934743274142,348.674510760064,259.055025639447,108.381749703452
0,0,0,0,0,0,0,0,0,0,0,82.6426202489162,0,0,0,0,0,0,0,0,0,0,0,0,0,0,0,0,0,0,0,0,0,0,249.798812580765,114.511014214502,139.93285932648,0,0,87.8456058929559,0
0,0,0,0,0,0,0,172.608400267715,0,168.241326865882,0,115.541295036174,0,323.781250289068,261.440278806413,0,0,338.131802716296,0,142.054529471577,0,0,0,0,0,0,153.672550905948,195.822649557859,353.822894641502,0,0,0,0,0,0,219.078548227669,119.728129215699,0,0,205.09013266389,0
112.793316814908,0,0,0,0,99.3508940827211,0,106.128596538706,0,204.481117647118,0,155.24952173131,0,0,0,0,0,0,113.144980278377,0,0,89.707245288964,0,0,0,0,0,201.44584889478,0,151.075371308616,0,158.955087279859,0,0,0,0,180.543851962045,139.792601838991,0,231.715271819474,110.384905066973
0,0,0,0,99.3508940827211,0,165.597665022977,0,345.797434674459,0,0,283.248188884028,0,0,0,0,0,0,0,0,140.574866691684,0,0,161.302948562323,0,0,329.719143597451,0,0,0,0,191.519780382943,0,0,122.106946855269,212.592150359921,137.239127032733,89.9429017381717,0,90.1317194604647,101.85207633558
0,0,0,0,0,165.597665022977,0,0,115.871357769661,0,0,0,0,0,214.116367924649,0,0,0,0,0,0,0,0,253.401634605989,161.275817184598,195.314816908693,0,0,80.4367166559625,0,213.67670887414,0,0,300.031143529538,209.996727521564,97.3506957544063,261.605527103798,0,0,85.6072705949986,0
96.7845769653343,0,0,172.608400267715,106.128596538706,0,0,0,0,0,94.8881692391942,58.3493451392805,0,167.066576495979,0,0,241.682021696872,0,0,0,0,0,97.5855511246009,0,0,0,153.453047983244,228.792310020318,169.453147353278,0,0,119.345624434514,0,94.9380989123498,284.529238481835,0,0,165.893015276821,0,218.045528847001,0
0,0,0,0,0,345.797434674459,115.871357769661,0,0,160.530221557972,0,0,0,192.601533877686,0,0,0,0,0,180.355266595273,139.654362654449,0,0,0,0,141.204637091722,0,0,163.945208919892,0,0,0,0,283.88658203332,0,0,194.442125915551,0,0,0,197.893790332676
0,0,0,168.241326865882,204.481117647118,0,0,0,160.530221557972,0,224.523755099568,241.57250333243,0,0,171.230058197369,0,70.4221432298295,0,0,0,0,112.349934713559,117.208001126138,195.378266313867,0,0,62.859596780235,74.5815074003433,0,0,174.013630695256,219.040656038919,255.441154257905,0,0,240.185081663983,74.7304794244225,115.114253591495,0,0,0
76.5072790361762,0,0,0,0,0,0,94.8881692391942,0,224.523755099568,0,183.786860782462,0,0,0,192.135034768848,0,0,106.533627130087,0,0,0,0,177.763106506206,222.053792850439,250.461724766314,131.969743415579,186.973586461633,0,199.492852797962,0,0,0,173.001559092555,0,146.99041817625,85.7623170715703,0,0,227.504408813069,0
0,0,82.6426202489162,115.541295036174,155.24952173131,283.248188884028,0,58.3493451392805,0,241.57250333243,183.786860782462,0,228.075434767255,0,0,0,0,0,0,186.348837226466,146.770754374523,0,0,125.416941482916,0,0,208.005106191961,306.640284138334,192.693757128262,0,0,0,0,98.2230592632363,161.694997919804,0,73.4795582048751,225.013371621378,217.157696745803,205.183249704085,161.74915061469
0,0,0,0,0,0,0,0,0,0,0,228.075434767255,0,0,0,146.814226519809,0,0,0,0,0,0,0,0,0,0,90.7216186966914,181.316358113209,0,0,0,0,0,135.667029391615,0,0,247.66948903751,0,0,0,0
0,269.936825670274,0,323.781250289068,0,0,0,167.066576495979,192.601533877686,0,0,0,0,0,0,0,0,0,101.5853655613,0,78.9559315574845,0,0,0,0,0,0,104.369974912428,125.994729980093,0,0,75.4497121078207,0,193.63278243493,124.698445421759,133.984214699576,0,171.906398392157,0,0,138.33942793804
0,0,0,261.440278806413,0,0,214.116367924649,0,0,171.230058197369,0,0,0,0,0,321.124897279917,128.530575464043,0,0,108.136066660554,0,0,0,162.833808134102,0,0,0,0,0,0,0,0,0,92.3502314520023,221.805809452716,0,116.176698124939,0,114.649126378906,115.332064605654,0
0,0,0,0,0,0,0,0,0,0,192.135034768848,0,146.814226519809,0,321.124897279917,0,0,84.3635741045246,0,0,0,0,0,0,0,154.784755881607,206.912707094411,0,0,0,0,0,0,112.823430872325,118.522099274347,196.04190773555,276.620869034647,0,0,128.405764333981,0
0,0,0,0,0,0,0,241.682021696872,0,70.4221432298295,0,0,0,0,128.530575464043,0,0,0,0,0,0,224.551207449728,0,0,0,0,0,178.748963182352,98.6790043377568,241.635434294794,0,0,0,109.093416850988,67.8267069095267,187.77054666536,0,0,0,0,0
0,0,0,338.131802716296,0,0,0,0,0,0,0,0,0,0,0,84.3635741045246,0,0,0,0,0,0,0,0,0,0,0,0,173.201474590904,0,0,151.806152521152,0,101.443495235174,0,197.486504603685,164.032723165762,172.892533368851,0,0,116.054372245433
0,0,0,0,113.144980278377,0,0,0,0,0,106.533627130087,0,0,101.5853655613,0,0,0,0,0,0,97.3232815600345,289.631679007608,196.032358954952,206.472608421747,309.997227542691,0,161.325017232684,0,146.465927798921,0,0,0,0,145.74089716123,0,0,0,0,151.695570509541,0,0
0,0,0,142.054529471577,0,0,0,0,180.355266595273,0,0,186.348837226466,0,0,108.136066660554,0,0,0,0,0,0,94.7529894315991,154.065933476765,219.430938885781,100.812745974529,193.659409924573,0,115.194491798135,0,104.915316975638,0,193.777661225572,0,320.356811100276,184.249961885477,0,0,262.382215657622,0,62.311273509377,154.070293657878
0,0,0,0,0,140.574866691684,0,0,139.654362654449,0,0,146.770754374523,0,78.9559315574845,0,0,0,0,97.3232815600345,0,0,0,81.9664354533492,236.681907140956,0,211.840482897052,0,106.33736463831,154.142998692322,0,0,0,0,153.876396855887,0,0,120.567029282014,0,0,82.1742780037132,0
0,0,0,0,89.707245288964,0,0,0,0,112.349934713559,0,0,0,0,0,0,224.551207449728,0,289.631679007608,94.7529894315991,0,0,0,0,0,92.5568465385234,0,0,0,0,0,80.8080171296381,0,94.7280504127031,0,0,0,0,0,0,0
0,0,0,0,0,0,0,97.5855511246009,0,117.208001126138,0,0,0,0,0,0,0,0,196.032358954952,154.065933476765,81.9664354533492,0,0,0,0,113.059176128709,78.8552325762656,137.189596148386,0,0,0,0,0,73.1029054543569,94.126460729827,95.7590805983148,159.183173818572,0,160.537522273714,61.0664810463559,333.645516435298
0,0,0,0,0,161.302948562323,253.401634605989,0,0,195.378266313867,177.763106506206,125.416941482916,0,0,162.833808134102,0,0,0,206.472608421747,219.430938885781,236.681907140956,0,0,0,0,150.161410108805,0,200.878319874537,215.611029055736,0,111.226326353722,0,0,0,96.5937438588657,101.605593487621,89.3673883748406,111.435629183184,72.2278283150671,0,81.2827395071039
0,0,0,0,0,0,161.275817184598,0,0,0,222.053792850439,0,0,0,0,0,0,0,309.997227542691,100.812745974529,0,0,0,0,0,120.912756812582,0,180.90030328818,0,0,0,0,0,0,193.055010680236,0,201.100640800745,223.705816669619,0,157.852515740516,0
0,0,0,0,0,0,195.314816908693,0,141.204637091722,0,250.461724766314,0,0,0,0,154.784755881607,0,0,0,193.659409924573,211.840482897052,92.5568465385234,113.059176128709,150.161410108805,120.912756812582,0,136.792307586862,347.376449530863,134.566479261133,188.936291522747,0,0,0,357.423078228283,124.853650664477,0,142.385058730083,71.4788760670054,190.185165668632,0,179.718364159796
0,0,0,153.672550905948,0,329.719143597451,0,153.453047983244,0,62.859596780235,131.969743415579,208.005106191961,90.7216186966914,0,0,206.912707094411,0,0,161.325017232684,0,0,0,78.8552325762656,0,0,136.792307586862,0,169.742003380707,151.01089327964,0,0,0,0,158.567996645797,0,103.519938150021,252.487290983309,198.964527389285,321.864157986053,143.005810983322,93.5029580098427
173.059382066957,133.218162784108,0,195.822649557859,201.44584889478,0,0,228.792310020318,0,74.5815074003433,186.973586461633,306.640284138334,181.316358113209,104.369974912428,0,0,178.748963182352,0,0,115.194491798135,106.33736463831,0,137.189596148386,200.878319874537,180.90030328818,347.376449530863,169.742003380707,0,89.1590885155172,0,0,0,74.4197823064597,138.425725342224,226.825099357786,175.196329314064,232.945974238958,153.609372090384,115.868441404982,0,128.846764897717
82.4756938751058,0,0,353.822894641502,0,0,80.4367166559625,169.453147353278,163.945208919892,0,0,192.693757128262,0,125.994729980093,0,0,98.6790043377568,173.201474590904,146.465927798921,0,154.142998692322,0,0,215.611029055736,0,134.566479261133,151.01089327964,89.1590885155172,0,204.084074037941,0,0,0,125.81518738273,98.417953423071,0,251.098274723989,0,155.901486485736,0,202.712457066107
0,0,0,0,151.075371308616,0,0,0,0,0,199.492852797962,0,0,0,0,0,241.635434294794,0,0,104.915316975638,0,0,0,0,0,188.936291522747,0,0,204.084074037941,0,0,0,0,0,94.027247878695,106.926813611922,148.808626413748,0,0,101.350815329073,92.5207898118833
0,0,0,0,0,0,213.67670887414,0,0,174.013630695256,0,0,0,0,0,0,0,0,0,0,0,0,0,111.226326353722,0,0,0,0,0,0,0,0,0,0,263.534399241887,0,0,231.050882209,0,220.901129804706,0
0,0,0,0,158.955087279859,191.519780382943,0,119.345624434514,0,219.040656038919,0,0,0,75.4497121078207,0,0,0,151.806152521152,0,193.777661225572,0,80.8080171296381,0,0,0,0,0,0,0,0,0,0,0,0,0,0,220.963068032256,151.036729364761,0,173.538155409849,0
0,0,0,0,0,0,0,0,0,255.441154257905,0,0,0,0,0,0,0,0,0,0,0,0,0,0,0,0,0,74.4197823064597,0,0,0,0,0,0,135.294330067913,0,0,0,0,178.224497384947,198.528111506785
0,0,0,0,0,0,300.031143529538,94.9380989123498,283.88658203332,0,173.001559092555,98.2230592632363,135.667029391615,193.63278243493,92.3502314520023,112.823430872325,109.093416850988,101.443495235174,145.74089716123,320.356811100276,153.876396855887,94.7280504127031,73.1029054543569,0,0,357.423078228283,158.567996645797,138.425725342224,125.81518738273,0,0,0,0,0,303.527509149359,242.790381480436,93.4234866874731,101.895308036513,205.839960264176,0,259.442917595754
0,188.851177466023,249.798812580765,0,0,122.106946855269,209.996727521564,284.529238481835,0,0,0,161.694997919804,0,124.698445421759,221.805809452716,118.522099274347,67.8267069095267,0,0,184.249961885477,0,0,94.126460729827,96.5937438588657,193.055010680236,124.853650664477,0,226.825099357786,98.417953423071,94.027247878695,263.534399241887,0,135.294330067913,303.527509149359,0,249.905610015455,134.960780198024,0,0,66.5008477853491,136.685314494491
0,0,114.511014214502,219.078548227669,0,212.592150359921,97.3506957544063,0,0,240.185081663983,146.99041817625,0,0,133.984214699576,0,196.04190773555,187.77054666536,197.486504603685,0,0,0,0,95.7590805983148,101.605593487621,0,0,103.519938150021,175.196329314064,0,106.926813611922,0,0,0,242.790381480436,249.905610015455,0,178.683678585178,0,325.937289045041,0,0
0,0,139.93285932648,119.728129215699,180.543851962045,137.239127032733,261.605527103798,0,194.442125915551,74.7304794244225,85.7623170715703,73.4795582048751,247.66948903751,0,116.176698124939,276.620869034647,0,164.032723165762,0,0,120.567029282014,0,159.183173818572,89.3673883748406,201.100640800745,142.385058730083,252.487290983309,232.945974238958,251.098274723989,148.808626413748,0,220.963068032256,0,93.4234866874731,134.960780198024,178.683678585178,0,306.344527664232,137.177378802006,314.611698427915,82.6299537488922
280.376028997576,238.934743274142,0,0,139.792601838991,89.9429017381717,0,165.893015276821,0,115.114253591495,0,225.013371621378,0,171.906398392157,0,0,0,172.892533368851,0,262.382215657622,0,0,0,111.435629183184,223.705816669619,71.4788760670054,198.964527389285,153.609372090384,0,0,231.050882209,151.036729364761,0,101.895308036513,0,0,306.344527664232,0,0,335.371040201042,0
0,348.674510760064,0,0,0,0,0,0,0,0,0,217.157696745803,0,0,114.649126378906,0,0,0,151.695570509541,0,0,0,160.537522273714,72.2278283150671,0,190.185165668632,321.864157986053,115.868441404982,155.901486485736,0,0,0,0,205.839960264176,0,325.937289045041,137.177378802006,0,0,71.5579325720569,99.2646516363145
0,259.055025639447,87.8456058929559,205.09013266389,231.715271819474,90.1317194604647,85.6072705949986,218.045528847001,0,0,227.504408813069,205.183249704085,0,0,115.332064605654,128.405764333981,0,0,0,62.311273509377,82.1742780037132,0,61.0664810463559,0,157.852515740516,0,143.005810983322,0,0,101.350815329073,220.901129804706,173.538155409849,178.224497384947,0,66.5008477853491,0,314.611698427915,335.371040201042,71.5579325720569,0,163.059043292369
0,108.381749703452,0,0,110.384905066973,101.85207633558,0,0,197.893790332676,0,0,161.74915061469,0,138.33942793804,0,0,0,116.054372245433,0,154.070293657878,0,0,333.645516435298,81.2827395071039,0,179.718364159796,93.5029580098427,128.846764897717,202.712457066107,92.5207898118833,0,0,198.528111506785,259.442917595754,136.685314494491,0,82.6299537488922,0,99.2646516363145,163.059043292369,0
