0,0,0,0,0,101.895308036513,0,0,0,0,0,0,0,0,0,0,0,0,0,0,0,0,0,263.534399241887,0,0,0,0,0,0,0,0,0,335.371040201042,0,0,0,101.605593487621,0,161.74915061469,184.249961885477
0,0,0,0,0,0,111.226326353722,0,0,0,0,0,0,0,151.075371308616,0,106.128596538706,0,0,0,0,0,0,0,0,94.8881692391942,118.522099274347,0,0,0,0,0,0,0,0,90.1317194604647,0,0,0,97.5855511246009,0
0,0,0,0,0,0,0,0,0,0,0,90.7216186966914,0,180.543851962045,0,0,0,0,0,0,0,0,0,199.492852797962,0,0,0,219.078548227669,0,0,0,0,0,154.065933476765,0,0,0,0,0,0,0
0,0,0,0,0,0,0,0,276.620869034647,0,108.136066660554,172.608400267715,0,0,0,0,0,0,0,192.693757128262,0,0,146.770754374523,0,0,0,0,348.674510760064,196.04190773555,179.718364159796,0,89.707245288964,0,153.453047983244,154.070293657878,0,0,195.314816908693,193.659409924573,0,0
0,0,0,0,0,0,0,0,269.936825670274,0,0,0,0,186.348837226466,0,0,0,0,0,0,0,134.960780198024,93.4234866874731,261.605527103798,0,84.3635741045246,0,0,212.592150359921,74.5815074003433,0,0,140.574866691684,138.425725342224,0,193.777661225572,333.645516435298,0,0,186.973586461633,114.511014214502
101.895308036513,0,0,0,0,0,0,146.99041817625,0,193.055010680236,96.7845769653343,0,0,0,0,97.3232815600345,0,0,0,0,0,0,0,0,0,81.9664354533492,106.533627130087,209.996727521564,224.551207449728,0,0,0,0,143.005810983322,92.3502314520023,0,103.519938150021,0,119.345624434514,321.864157986053,0
0,111.226326353722,0,0,0,0,0,0,0,0,154.142998692322,0,0,0,261.440278806413,0,0,0,0,0,0,0,0,0,0,0,231.050882209,220.963068032256,223.705816669619,236.681907140956,0,82.1742780037132,0,262.382215657622,228.075434767255,0,206.912707094411,0,0,115.868441404982,181.316358113209
0,0,0,0,0,146.99041817625,0,0,0,92.5207898118833,0,211.840482897052,0,82.6299537488922,0,242.790381480436,71.5579325720569,0,0,98.2230592632363,0,164.032723165762,0,137.239127032733,0,0,0,188.851177466023,131.969743415579,0,0,0,0,106.926813611922,101.85207633558,217.157696745803,0,163.059043292369,0,238.934743274142,0
0,0,0,276.620869034647,269.936825670274,0,0,0,0,0,0,0,0,0,134.566479261133,0,0,151.806152521152,177.763106506206,0,187.77054666536,0,0,0,0,195.822649557859,0,0,0,0,206.472608421747,0,0,202.712457066107,0,0,61.0664810463559,0,0,0,115.871357769661
0,0,0,0,0,193.055010680236,0,92.5207898118833,0,0,0,89.3673883748406,0,0,0,94.126460729827,0,0,0,180.355266595273,125.994729980093,0,232.945974238958,133.984214699576,0,0,85.7623170715703,191.519780382943,241.635434294794,0,0,0,0,0,128.846764897717,171.230058197369,259.055025639447,146.814226519809,74.4197823064597,120.912756812582,289.631679007608
0,0,0,108.136066660554,0,96.7845769653343,154.142998692322,0,0,0,0,0,0,0,122.106946855269,0,0,0,0,0,115.541295036174,0,183.786860782462,0,0,241.682021696872,0,76.5072790361762,113.059176128709,0,0,0,0,141.204637091722,135.294330067913,0,227.504408813069,226.825099357786,73.1029054543569,94.7529894315991,116.176698124939
0,0,90.7216186966914,172.608400267715,0,0,0,211.840482897052,0,89.3673883748406,0,0,0,0,0,0,136.685314494491,0,221.805809452716,0,94.027247878695,101.443495235174,0,94.7280504127031,0,174.013630695256,253.401634605989,151.695570509541,161.302948562323,0,0,101.5853655613,150.161410108805,160.537522273714,124.698445421759,0,0,99.3508940827211,347.376449530863,153.876396855887,193.63278243493
0,0,0,0,0,0,0,0,0,0,0,0,0,0,0,0,0,114.649126378906,0,0,214.116367924649,0,0,67.8267069095267,0,0,0,154.784755881607,165.893015276821,0,0,0,0,0,0,0,0,0,0,159.183173818572,0
0,0,180.543851962045,0,186.348837226466,0,0,82.6299537488922,0,0,0,0,0,0,0,0,0,167.066576495979,0,0,0,0,195.378266313867,62.311273509377,0,87.8456058929559,125.81518738273,314.611698427915,0,0,120.567029282014,0,0,0,192.135034768848,153.609372090384,213.67670887414,0,0,80.4367166559625,0
0,151.075371308616,0,0,0,0,261.440278806413,0,134.566479261133,0,122.106946855269,0,0,0,0,0,0,0,0,0,0,0,165.597665022977,329.719143597451,0,283.88658203332,128.530575464043,0,110.384905066973,0,0,0,0,0,0,115.194491798135,0,173.201474590904,0,0,201.44584889478
0,0,0,0,0,97.3232815600345,0,242.790381480436,0,94.126460729827,0,0,0,0,0,0,303.527509149359,0,0,0,306.344527664232,0,0,0,197.893790332676,0,80.8080171296381,82.4756938751058,0,0,0,0,0,0,82.6426202489162,0,112.793316814908,0,197.486504603685,0,0
0,106.128596538706,0,0,0,0,0,71.5579325720569,0,0,0,136.685314494491,0,0,0,303.527509149359,0,0,0,0,0,0,0,124.853650664477,0,0,113.144980278377,0,0,0,0,0,0,300.031143529538,142.054529471577,0,115.332064605654,0,0,255.441154257905,0
0,0,0,0,0,0,0,0,151.806152521152,0,0,0,114.649126378906,167.066576495979,0,0,0,0,0,0,0,0,0,92.5568465385234,0,0,0,151.036729364761,0,145.74089716123,0,0,0,0,0,133.218162784108,0,0,0,320.356811100276,89.1590885155172
0,0,0,0,0,0,0,0,177.763106506206,0,0,221.805809452716,0,0,0,0,0,0,0,78.9559315574845,0,0,169.453147353278,160.530221557972,0,0,0,111.435629183184,0,0,0,192.601533877686,252.487290983309,73.4795582048751,70.4221432298295,0,259.442917595754,0,0,101.350815329073,0
0,0,0,192.693757128262,0,0,0,98.2230592632363,0,180.355266595273,0,0,0,0,0,0,0,0,78.9559315574845,0,173.538155409849,0,75.4497121078207,0,171.906398392157,119.728129215699,58.3493451392805,0,284.529238481835,0,0,0,0,251.098274723989,125.416941482916,66.5008477853491,155.901486485736,178.683678585178,225.013371621378,0,241.57250333243
0,0,0,0,0,0,0,0,187.77054666536,125.994729980093,115.541295036174,94.027247878695,214.116367924649,0,0,306.344527664232,0,0,0,173.538155409849,0,0,0,0,0,0,93.5029580098427,208.005106191961,116.054372245433,0,0,0,0,0,0,151.01089327964,220.901129804706,0,0,109.093416850988,0
0,0,0,0,134.960780198024,0,0,164.032723165762,0,0,0,101.443495235174,0,0,0,0,0,0,0,0,0,0,0,142.385058730083,0,0,0,112.349934713559,0,0,0,0,0,0,175.196329314064,280.376028997576,137.189596148386,0,0,0,0
0,0,0,146.770754374523,93.4234866874731,0,0,0,0,232.945974238958,183.786860782462,0,0,195.378266313867,165.597665022977,0,0,0,169.453147353278,75.4497121078207,0,0,0,0,161.694997919804,0,0,99.2646516363145,0,0,0,96.5937438588657,0,115.114253591495,158.955087279859,0,106.33736463831,178.224497384947,0,0,0
263.534399241887,0,199.492852797962,0,261.605527103798,0,0,137.239127032733,0,133.984214699576,0,94.7280504127031,67.8267069095267,62.311273509377,329.719143597451,0,124.853650664477,92.5568465385234,160.530221557972,0,0,142.385058730083,0,0,0,204.084074037941,85.6072705949986,158.567996645797,0,0,0,0,0,0,0,0,108.381749703452,168.241326865882,0,0,98.6790043377568
0,0,0,0,0,0,0,0,0,0,0,0,0,0,0,197.893790332676,0,0,0,171.906398392157,0,0,161.694997919804,0,0,0,205.183249704085,338.131802716296,0,247.66948903751,0,81.2827395071039,0,306.640284138334,0,0,157.852515740516,0,198.528111506785,0,0
0,94.8881692391942,0,0,84.3635741045246,81.9664354533492,0,0,195.822649557859,0,241.682021696872,174.013630695256,0,87.8456058929559,283.88658203332,0,0,0,0,119.728129215699,0,0,0,204.084074037941,0,0,309.997227542691,146.465927798921,0,0,62.859596780235,249.905610015455,0,0,155.24952173131,205.09013266389,283.248188884028,128.405764333981,0,200.878319874537,89.9429017381717
0,118.522099274347,0,0,0,106.533627130087,231.050882209,0,0,85.7623170715703,0,253.401634605989,0,125.81518738273,128.530575464043,80.8080171296381,113.144980278377,0,0,58.3493451392805,93.5029580098427,0,0,85.6072705949986,205.183249704085,309.997227542691,0,0,0,0,148.808626413748,153.672550905948,0,231.715271819474,139.93285932648,0,104.915316975638,0,0,0,162.833808134102
0,0,219.078548227669,348.674510760064,0,209.996727521564,220.963068032256,188.851177466023,0,191.519780382943,76.5072790361762,151.695570509541,154.784755881607,314.611698427915,0,82.4756938751058,0,151.036729364761,111.435629183184,0,208.005106191961,112.349934713559,99.2646516363145,158.567996645797,338.131802716296,146.465927798921,0,0,0,218.045528847001,0,0,0,169.742003380707,190.185165668632,161.325017232684,117.208001126138,104.369974912428,0,98.417953423071,139.792601838991
0,0,0,196.04190773555,212.592150359921,224.551207449728,223.705816669619,131.969743415579,0,241.635434294794,113.059176128709,161.302948562323,165.893015276821,0,110.384905066973,0,0,0,0,284.529238481835,116.054372245433,0,0,0,0,0,0,0,0,219.040656038919,0,0,0,172.892533368851,112.823430872325,240.185081663983,345.797434674459,161.275817184598,72.2278283150671,205.839960264176,74.7304794244225
0,0,0,179.718364159796,74.5815074003433,0,236.681907140956,0,0,0,0,0,0,0,0,0,0,145.74089716123,0,0,0,0,0,0,247.66948903751,0,0,218.045528847001,219.040656038919,0,0,0,0,138.33942793804,0,325.937289045041,215.611029055736,250.461724766314,0,0,0
0,0,0,0,0,0,0,0,206.472608421747,0,0,0,0,120.567029282014,0,0,0,0,0,0,0,0,0,0,0,62.859596780235,148.808626413748,0,0,0,0,0,0,0,0,0,71.4788760670054,0,0,201.100640800745,0
0,0,0,89.707245288964,0,0,82.1742780037132,0,0,0,0,101.5853655613,0,0,0,0,0,0,192.601533877686,0,0,0,96.5937438588657,0,81.2827395071039,249.905610015455,153.672550905948,0,0,0,0,0,0,0,173.001559092555,0,178.748963182352,0,0,0,137.177378802006
0,0,0,0,140.574866691684,0,0,0,0,0,0,150.161410108805,0,0,0,0,0,0,252.487290983309,0,0,0,0,0,0,0,0,0,0,0,0,0,0,198.964527389285,0,0,222.053792850439,0,0,0,0
335.371040201042,0,154.065933476765,153.453047983244,138.425725342224,143.005810983322,262.382215657622,106.926813611922,202.712457066107,0,141.204637091722,160.537522273714,0,0,0,0,300.031143529538,0,73.4795582048751,251.098274723989,0,0,115.114253591495,0,306.640284138334,0,231.715271819474,169.742003380707,172.892533368851,138.33942793804,0,0,198.964527389285,0,228.792310020318,95.7590805983148,224.523755099568,163.945208919892,0,219.430938885781,94.9380989123498
0,0,0,154.070293657878,0,92.3502314520023,228.075434767255,101.85207633558,0,128.846764897717,135.294330067913,124.698445421759,0,192.135034768848,0,82.6426202489162,142.054529471577,0,70.4221432298295,125.416941482916,0,175.196329314064,158.955087279859,0,0,155.24952173131,139.93285932648,190.185165668632,112.823430872325,0,0,173.001559092555,0,228.792310020318,0,188.936291522747,136.792307586862,196.032358954952,139.654362654449,323.781250289068,0
0,90.1317194604647,0,0,193.777661225572,0,0,217.157696745803,0,171.230058197369,0,0,0,153.609372090384,115.194491798135,0,0,133.218162784108,0,66.5008477853491,151.01089327964,280.376028997576,0,0,0,205.09013266389,0,161.325017232684,240.185081663983,325.937289045041,0,0,0,95.7590805983148,188.936291522747,0,135.667029391615,0,321.124897279917,204.481117647118,0
0,0,0,0,333.645516435298,103.519938150021,206.912707094411,0,61.0664810463559,259.055025639447,227.504408813069,0,0,213.67670887414,0,112.793316814908,115.332064605654,0,259.442917595754,155.901486485736,220.901129804706,137.189596148386,106.33736463831,108.381749703452,157.852515740516,283.248188884028,104.915316975638,117.208001126138,345.797434674459,215.611029055736,71.4788760670054,178.748963182352,222.053792850439,224.523755099568,136.792307586862,135.667029391615,0,194.442125915551,353.822894641502,0,97.3506957544063
101.605593487621,0,0,195.314816908693,0,0,0,163.059043292369,0,146.814226519809,226.825099357786,99.3508940827211,0,0,173.201474590904,0,0,0,0,178.683678585178,0,0,178.224497384947,168.241326865882,0,128.405764333981,0,104.369974912428,161.275817184598,250.461724766314,0,0,0,163.945208919892,196.032358954952,0,194.442125915551,0,100.812745974529,180.90030328818,173.059382066957
0,0,0,193.659409924573,0,119.345624434514,0,0,0,74.4197823064597,73.1029054543569,347.376449530863,0,0,0,197.486504603685,0,0,0,225.013371621378,0,0,0,0,198.528111506785,0,0,0,72.2278283150671,0,0,0,0,0,139.654362654449,321.124897279917,353.822894641502,100.812745974529,0,249.798812580765,78.8552325762656
161.74915061469,97.5855511246009,0,0,186.973586461633,321.864157986053,115.868441404982,238.934743274142,0,120.912756812582,94.7529894315991,153.876396855887,159.183173818572,80.4367166559625,0,0,255.441154257905,320.356811100276,101.350815329073,0,109.093416850988,0,0,0,0,200.878319874537,0,98.417953423071,205.839960264176,0,201.100640800745,0,0,219.430938885781,323.781250289068,204.481117647118,0,180.90030328818,249.798812580765,0,357.423078228283
184.249961885477,0,0,0,114.511014214502,0,181.316358113209,0,115.871357769661,289.631679007608,116.176698124939,193.63278243493,0,0,201.44584889478,0,0,89.1590885155172,0,241.57250333243,0,0,0,98.6790043377568,0,89.9429017381717,162.833808134102,139.792601838991,74.7304794244225,0,0,137.177378802006,0,94.9380989123498,0,0,97.3506957544063,173.059382066957,78.8552325762656,357.423078228283,0
