0,0,0,0,78.9559315574845,0,0,223.705816669619,0,0,0,178.748963182352,0,0,217.157696745803,0,0,0,0,0,0,0,0,0,0,0,0,58.3493451392805,0,0,0,0,0,0,0,0,0,0,0,139.93285932648,0
0,0,0,0,0,0,169.453147353278,0,0,0,0,0,0,213.67670887414,0,0,0,0,0,0,0,0,0,0,0,184.249961885477,0,94.027247878695,205.183249704085,0,0,0,0,98.417953423071,0,0,0,0,0,178.683678585178,0
0,0,0,0,0,186.973586461633,0,0,0,0,0,0,0,0,0,0,0,0,0,0,0,0,0,0,0,0,134.960780198024,0,0,0,0,0,0,0,173.201474590904,0,303.527509149359,0,0,82.6299537488922,0
0,0,0,0,0,196.04190773555,289.631679007608,0,0,82.4756938751058,0,93.5029580098427,0,179.718364159796,0,0,0,0,0,0,0,0,0,0,0,165.893015276821,262.382215657622,0,94.7280504127031,0,357.423078228283,0,0,72.2278283150671,115.194491798135,0,90.7216186966914,0,0,0,201.44584889478
78.9559315574845,0,0,0,0,140.574866691684,0,0,75.4497121078207,167.066576495979,0,0,0,0,82.1742780037132,124.853650664477,0,0,0,0,0,0,81.2827395071039,0,172.892533368851,0,0,161.275817184598,136.685314494491,0,0,259.055025639447,0,0,0,106.533627130087,0,0,0,160.537522273714,249.798812580765
0,0,186.973586461633,196.04190773555,140.574866691684,0,0,0,0,0,0,228.792310020318,0,0,173.001559092555,0,0,0,0,0,0,0,0,0,0,119.345624434514,206.472608421747,73.1029054543569,99.3508940827211,206.912707094411,0,0,0,199.492852797962,0,0,221.805809452716,0,0,74.5815074003433,80.8080171296381
0,169.453147353278,0,289.631679007608,0,0,0,0,0,238.934743274142,0,231.715271819474,0,0,0,0,0,0,125.81518738273,191.519780382943,85.7623170715703,0,0,0,0,193.777661225572,0,70.4221432298295,0,0,0,0,0,0,240.185081663983,0,323.781250289068,95.7590805983148,0,146.465927798921,0
223.705816669619,0,0,0,0,0,0,0,0,0,0,146.99041817625,0,0,67.8267069095267,0,194.442125915551,94.9380989123498,154.784755881607,247.66948903751,0,0,139.792601838991,193.63278243493,0,0,0,0,73.4795582048751,0,0,0,0,197.486504603685,0,112.349934713559,114.649126378906,251.098274723989,153.876396855887,212.592150359921,0
0,0,0,0,75.4497121078207,0,0,0,0,90.1317194604647,0,0,0,163.059043292369,0,0,113.144980278377,0,0,0,89.9429017381717,0,0,124.698445421759,0,0,0,142.054529471577,0,0,0,0,0,115.871357769661,0,0,177.763106506206,103.519938150021,0,138.33942793804,0
0,0,0,82.4756938751058,167.066576495979,0,238.934743274142,0,90.1317194604647,0,101.895308036513,226.825099357786,0,0,0,198.964527389285,0,0,0,0,0,0,0,333.645516435298,0,62.311273509377,151.075371308616,211.840482897052,276.620869034647,0,0,141.204637091722,0,0,172.608400267715,195.314816908693,187.77054666536,242.790381480436,0,204.481117647118,0
0,0,0,0,0,0,0,0,0,101.895308036513,0,101.605593487621,98.6790043377568,0,0,0,0,0,0,106.128596538706,193.659409924573,99.2646516363145,0,0,114.511014214502,236.681907140956,0,94.7529894315991,0,0,0,197.893790332676,0,205.839960264176,0,151.806152521152,112.823430872325,192.135034768848,0,232.945974238958,164.032723165762
178.748963182352,0,0,93.5029580098427,0,228.792310020318,231.715271819474,146.99041817625,0,226.825099357786,101.605593487621,0,0,109.093416850988,0,0,224.523755099568,0,0,101.5853655613,87.8456058929559,0,0,154.070293657878,224.551207449728,181.316358113209,195.378266313867,81.9664354533492,231.050882209,0,0,0,0,0,92.3502314520023,0,228.075434767255,0,0,222.053792850439,345.797434674459
0,0,0,0,0,0,0,0,0,0,98.6790043377568,0,0,0,250.461724766314,0,0,0,0,0,0,0,0,0,0,0,0,0,0,0,0,0,0,104.915316975638,137.177378802006,0,335.371040201042,168.241326865882,0,0,0
0,213.67670887414,0,179.718364159796,0,0,0,0,163.059043292369,0,0,109.093416850988,0,0,0,0,0,0,225.013371621378,0,0,0,92.5568465385234,0,0,0,0,249.905610015455,0,128.846764897717,0,0,0,106.33736463831,134.566479261133,97.3506957544063,101.443495235174,252.487290983309,0,96.7845769653343,0
217.157696745803,0,0,0,82.1742780037132,173.001559092555,0,67.8267069095267,0,0,0,0,250.461724766314,0,0,0,0,0,0,0,0,0,0,173.538155409849,0,0,74.4197823064597,0,0,0,0,146.770754374523,0,61.0664810463559,190.185165668632,219.040656038919,89.3673883748406,0,0,0,0
0,0,0,0,124.853650664477,0,0,0,0,198.964527389285,0,0,0,0,0,0,0,0,154.065933476765,150.161410108805,0,0,115.332064605654,300.031143529538,0,0,138.425725342224,0,0,0,0,0,0,158.955087279859,161.325017232684,0,104.369974912428,0,202.712457066107,0,0
0,0,0,0,0,0,0,194.442125915551,113.144980278377,0,0,224.523755099568,0,0,0,0,0,0,0,0,0,0,309.997227542691,0,0,93.4234866874731,116.176698124939,0,142.385058730083,0,0,0,0,0,0,128.405764333981,80.4367166559625,200.878319874537,0,0,0
0,0,0,0,0,0,0,94.9380989123498,0,0,0,0,0,0,0,0,0,0,112.793316814908,0,0,0,253.401634605989,180.355266595273,0,0,0,0,0,0,0,0,0,98.2230592632363,241.682021696872,0,101.350815329073,0,82.6426202489162,0,155.901486485736
0,0,0,0,0,0,125.81518738273,154.784755881607,0,0,0,0,0,225.013371621378,0,154.065933476765,0,112.793316814908,0,0,0,0,0,0,0,125.994729980093,201.100640800745,219.430938885781,0,0,0,0,0,89.707245288964,146.814226519809,0,0,0,0,125.416941482916,161.74915061469
0,0,0,0,0,0,191.519780382943,247.66948903751,0,0,106.128596538706,101.5853655613,0,0,0,150.161410108805,0,0,0,0,321.124897279917,241.57250333243,0,180.90030328818,0,84.3635741045246,145.74089716123,306.640284138334,314.611698427915,0,0,0,161.694997919804,136.792307586862,348.674510760064,137.189596148386,0,0,0,0,321.864157986053
0,0,0,0,0,0,85.7623170715703,0,89.9429017381717,0,193.659409924573,87.8456058929559,0,0,0,0,0,0,0,321.124897279917,0,0,0,78.8552325762656,0,0,209.996727521564,0,0,353.822894641502,263.534399241887,0,0,0,0,198.528111506785,218.045528847001,0,111.435629183184,0,165.597665022977
0,0,0,0,0,0,0,0,0,0,99.2646516363145,0,0,0,0,0,0,0,0,241.57250333243,0,0,0,0,0,0,0,0,320.356811100276,0,0,0,0,108.136066660554,155.24952173131,85.6072705949986,0,0,0,160.530221557972,153.453047983244
0,0,0,0,81.2827395071039,0,0,139.792601838991,0,0,0,0,0,92.5568465385234,0,115.332064605654,309.997227542691,253.401634605989,0,0,0,0,0,0,0,192.693757128262,338.131802716296,269.936825670274,135.294330067913,204.084074037941,0,0,0,0,261.440278806413,76.5072790361762,174.013630695256,0,122.106946855269,0,0
0,0,0,0,0,0,0,193.63278243493,124.698445421759,333.645516435298,0,154.070293657878,0,0,173.538155409849,300.031143529538,0,180.355266595273,0,180.90030328818,78.8552325762656,0,0,0,157.852515740516,0,0,169.742003380707,0,0,219.078548227669,0,0,255.441154257905,106.926813611922,283.88658203332,92.5207898118833,110.384905066973,284.529238481835,0,115.868441404982
0,0,0,0,172.892533368851,0,0,0,0,0,114.511014214502,224.551207449728,0,0,0,0,0,0,0,0,0,0,0,157.852515740516,0,0,186.348837226466,131.969743415579,0,0,0,74.7304794244225,0,0,0,306.344527664232,0,0,0,159.183173818572,119.728129215699
0,184.249961885477,0,165.893015276821,0,119.345624434514,193.777661225572,0,0,62.311273509377,236.681907140956,181.316358113209,0,0,0,0,93.4234866874731,0,125.994729980093,84.3635741045246,0,0,192.693757128262,0,0,0,0,158.567996645797,0,94.126460729827,0,196.032358954952,0,135.667029391615,151.01089327964,154.142998692322,0,0,214.116367924649,71.4788760670054,143.005810983322
0,0,134.960780198024,262.382215657622,0,206.472608421747,0,0,0,151.075371308616,0,195.378266313867,0,0,74.4197823064597,138.425725342224,116.176698124939,0,201.100640800745,145.74089716123,209.996727521564,0,338.131802716296,0,186.348837226466,0,0,180.543851962045,113.059176128709,0,0,220.963068032256,0,0,325.937289045041,0,188.851177466023,0,183.786860782462,195.822649557859,0
58.3493451392805,94.027247878695,0,0,161.275817184598,73.1029054543569,70.4221432298295,0,142.054529471577,211.840482897052,94.7529894315991,81.9664354533492,0,249.905610015455,0,0,0,0,219.430938885781,306.640284138334,0,0,269.936825670274,169.742003380707,131.969743415579,158.567996645797,180.543851962045,0,227.504408813069,193.055010680236,0,171.230058197369,153.609372090384,192.601533877686,111.226326353722,89.1590885155172,241.635434294794,139.654362654449,115.114253591495,0,0
0,205.183249704085,0,94.7280504127031,136.685314494491,99.3508940827211,0,73.4795582048751,0,276.620869034647,0,231.050882209,0,0,0,0,142.385058730083,0,0,314.611698427915,0,320.356811100276,135.294330067913,0,0,0,113.059176128709,227.504408813069,0,283.248188884028,0,0,0,188.936291522747,148.808626413748,0,280.376028997576,66.5008477853491,347.376449530863,163.945208919892,118.522099274347
0,0,0,0,0,206.912707094411,0,0,0,0,0,0,0,128.846764897717,0,0,0,0,0,0,353.822894641502,0,204.084074037941,0,0,94.126460729827,0,193.055010680236,283.248188884028,0,0,0,0,0,0,0,162.833808134102,128.530575464043,205.09013266389,120.567029282014,0
0,0,0,357.423078228283,0,0,0,0,0,0,0,0,0,0,0,0,0,0,0,0,263.534399241887,0,0,219.078548227669,0,0,0,0,0,0,0,0,0,161.302948562323,0,0,151.695570509541,137.239127032733,0,0,0
0,0,0,0,259.055025639447,0,0,0,0,141.204637091722,197.893790332676,0,0,0,146.770754374523,0,0,0,0,0,0,0,0,0,74.7304794244225,196.032358954952,220.963068032256,171.230058197369,0,0,0,0,0,62.859596780235,0,0,173.059382066957,0,0,0,215.611029055736
0,0,0,0,0,0,0,0,0,0,0,0,0,0,0,0,0,0,0,161.694997919804,0,0,0,0,0,0,0,153.609372090384,0,0,0,0,0,0,0,0,133.218162784108,115.541295036174,0,0,97.3232815600345
0,98.417953423071,0,72.2278283150671,0,199.492852797962,0,197.486504603685,115.871357769661,0,205.839960264176,0,104.915316975638,106.33736463831,61.0664810463559,158.955087279859,0,98.2230592632363,89.707245288964,136.792307586862,0,108.136066660554,0,255.441154257905,0,135.667029391615,0,192.601533877686,188.936291522747,0,161.302948562323,62.859596780235,0,0,133.984214699576,175.196329314064,153.672550905948,116.054372245433,117.208001126138,96.5937438588657,0
0,0,173.201474590904,115.194491798135,0,0,240.185081663983,0,0,172.608400267715,0,92.3502314520023,137.177378802006,134.566479261133,190.185165668632,161.325017232684,0,241.682021696872,146.814226519809,348.674510760064,0,155.24952173131,261.440278806413,106.926813611922,0,151.01089327964,325.937289045041,111.226326353722,148.808626413748,0,0,0,0,133.984214699576,0,71.5579325720569,220.901129804706,171.906398392157,0,120.912756812582,259.442917595754
0,0,0,0,106.533627130087,0,0,112.349934713559,0,195.314816908693,151.806152521152,0,0,97.3506957544063,219.040656038919,0,128.405764333981,0,0,137.189596148386,198.528111506785,85.6072705949986,76.5072790361762,283.88658203332,306.344527664232,154.142998692322,0,89.1590885155172,0,0,0,0,0,175.196329314064,71.5579325720569,0,97.5855511246009,101.85207633558,0,0,0
0,0,303.527509149359,90.7216186966914,0,221.805809452716,323.781250289068,114.649126378906,177.763106506206,187.77054666536,112.823430872325,228.075434767255,335.371040201042,101.443495235174,89.3673883748406,104.369974912428,80.4367166559625,101.350815329073,0,0,218.045528847001,0,174.013630695256,92.5207898118833,0,0,188.851177466023,241.635434294794,280.376028997576,162.833808134102,151.695570509541,173.059382066957,133.218162784108,153.672550905948,220.901129804706,97.5855511246009,0,0,0,100.812745974529,108.381749703452
0,0,0,0,0,0,95.7590805983148,251.098274723989,103.519938150021,242.790381480436,192.135034768848,0,168.241326865882,252.487290983309,0,0,200.878319874537,0,0,0,0,0,0,110.384905066973,0,0,0,139.654362654449,66.5008477853491,128.530575464043,137.239127032733,0,115.541295036174,116.054372245433,171.906398392157,101.85207633558,0,0,94.8881692391942,329.719143597451,151.036729364761
0,0,0,0,0,0,0,153.876396855887,0,0,0,0,0,0,0,202.712457066107,0,82.6426202489162,0,0,111.435629183184,0,122.106946855269,284.529238481835,0,214.116367924649,183.786860782462,115.114253591495,347.376449530863,205.09013266389,0,0,0,117.208001126138,0,0,0,94.8881692391942,0,261.605527103798,208.005106191961
139.93285932648,178.683678585178,82.6299537488922,0,160.537522273714,74.5815074003433,146.465927798921,212.592150359921,138.33942793804,204.481117647118,232.945974238958,222.053792850439,0,96.7845769653343,0,0,0,0,125.416941482916,0,0,160.530221557972,0,0,159.183173818572,71.4788760670054,195.822649557859,0,163.945208919892,120.567029282014,0,0,0,96.5937438588657,120.912756812582,0,100.812745974529,329.719143597451,261.605527103798,0,178.224497384947
0,0,0,201.44584889478,249.798812580765,80.8080171296381,0,0,0,0,164.032723165762,345.797434674459,0,0,0,0,0,155.901486485736,161.74915061469,321.864157986053,165.597665022977,153.453047983244,0,115.868441404982,119.728129215699,143.005810983322,0,0,118.522099274347,0,0,215.611029055736,97.3232815600345,0,259.442917595754,0,108.381749703452,151.036729364761,208.005106191961,178.224497384947,0
