0,0,73.1029054543569,0,0,89.3673883748406,0,0,0,0,0,0,0,269.936825670274,0,0,0,0,0,0,0,0,0,0,0,0,204.481117647118,0,0,0,110.384905066973,0,0,0,0,0,0,0,0,0,231.050882209
0,0,0,0,158.955087279859,0,0,0,0,0,0,224.523755099568,0,0,0,0,0,0,0,0,0,0,0,0,0,0,0,192.601533877686,0,0,0,0,138.425725342224,0,0,78.9559315574845,213.67670887414,253.401634605989,0,0,0
73.1029054543569,0,0,0,0,0,0,0,0,0,201.100640800745,155.901486485736,0,0,0,0,0,0,0,0,0,0,0,0,0,0,0,0,0,0,0,0,0,0,0,0,348.674510760064,0,0,186.348837226466,0
0,0,0,0,0,0,0,108.136066660554,0,119.728129215699,0,0,0,0,0,0,0,0,168.241326865882,161.275817184598,0,108.381749703452,0,219.078548227669,0,93.4234866874731,193.659409924573,0,0,153.672550905948,0,0,0,139.654362654449,85.7623170715703,0,0,0,0,85.6072705949986,220.901129804706
0,158.955087279859,0,0,0,0,0,124.853650664477,0,80.8080171296381,306.344527664232,0,0,101.350815329073,0,70.4221432298295,0,0,0,0,0,0,0,164.032723165762,99.2646516363145,67.8267069095267,0,180.355266595273,201.44584889478,0,0,181.316358113209,0,0,0,0,221.805809452716,0,0,198.964527389285,0
89.3673883748406,0,0,0,0,0,157.852515740516,0,0,306.640284138334,0,338.131802716296,0,114.511014214502,0,94.7529894315991,0,0,0,104.915316975638,0,0,241.635434294794,0,0,0,0,214.116367924649,113.144980278377,0,0,0,0,0,111.435629183184,0,106.128596538706,261.440278806413,151.806152521152,0,0
0,0,0,0,0,157.852515740516,0,0,0,0,0,0,0,0,0,146.465927798921,0,0,0,0,0,309.997227542691,0,153.876396855887,191.519780382943,90.1317194604647,94.8881692391942,236.681907140956,0,0,0,0,0,0,128.846764897717,242.790381480436,115.868441404982,0,0,188.936291522747,212.592150359921
0,0,0,108.136066660554,124.853650664477,0,0,0,0,323.781250289068,241.682021696872,0,0,92.5568465385234,0,0,0,0,0,205.839960264176,0,0,321.864157986053,0,0,0,97.3232815600345,173.201474590904,146.814226519809,0,0,0,0,202.712457066107,261.605527103798,141.204637091722,89.1590885155172,0,0,92.3502314520023,200.878319874537
0,0,0,0,0,0,0,0,0,0,0,250.461724766314,0,0,0,0,0,0,178.224497384947,186.973586461633,140.574866691684,0,0,0,0,0,228.075434767255,62.859596780235,0,94.9380989123498,0,0,0,0,0,173.538155409849,100.812745974529,0,0,159.183173818572,161.325017232684
0,0,0,119.728129215699,80.8080171296381,306.640284138334,0,323.781250289068,0,0,139.93285932648,0,0,0,135.667029391615,283.248188884028,0,0,0,177.763106506206,0,0,115.332064605654,89.707245288964,98.6790043377568,0,0,284.529238481835,195.314816908693,0,0,167.066576495979,0,0,101.895308036513,0,0,255.441154257905,224.551207449728,114.649126378906,0
0,0,201.100640800745,0,306.344527664232,0,0,241.682021696872,0,139.93285932648,0,169.453147353278,0,125.416941482916,0,0,0,0,0,183.786860782462,0,82.1742780037132,231.715271819474,0,0,0,197.486504603685,0,128.530575464043,0,0,0,0,75.4497121078207,300.031143529538,0,163.059043292369,0,74.7304794244225,0,111.226326353722
0,224.523755099568,155.901486485736,0,0,338.131802716296,0,0,250.461724766314,0,169.453147353278,0,0,0,0,205.09013266389,0,0,0,0,120.912756812582,0,0,128.405764333981,0,150.161410108805,0,196.04190773555,165.893015276821,118.522099274347,0,178.683678585178,0,151.075371308616,115.541295036174,262.382215657622,109.093416850988,73.4795582048751,232.945974238958,134.960780198024,142.054529471577
0,0,0,0,0,0,0,0,0,0,0,0,0,0,0,0,0,0,0,0,0,0,0,208.005106191961,353.822894641502,0,0,154.065933476765,0,0,0,0,0,0,0,193.055010680236,0,125.81518738273,0,84.3635741045246,0
269.936825670274,0,0,0,101.350815329073,114.511014214502,0,92.5568465385234,0,0,125.416941482916,0,0,0,333.645516435298,187.77054666536,0,0,0,0,0,0,0,218.045528847001,0,125.994729980093,0,153.453047983244,0,0,0,0,0,137.239127032733,103.519938150021,72.2278283150671,0,0,0,193.777661225572,0
0,0,0,0,0,0,0,0,0,135.667029391615,0,0,0,333.645516435298,0,0,0,0,0,0,0,0,0,0,0,136.685314494491,120.567029282014,148.808626413748,347.376449530863,0,0,0,0,303.527509149359,146.99041817625,249.905610015455,82.6426202489162,0,289.631679007608,357.423078228283,0
0,0,0,0,70.4221432298295,94.7529894315991,146.465927798921,0,0,283.248188884028,0,205.09013266389,0,187.77054666536,0,0,0,0,0,0,0,0,0,0,320.356811100276,0,0,0,0,0,0,0,0,172.608400267715,139.792601838991,0,197.893790332676,74.5815074003433,0,0,0
0,0,0,0,0,0,0,0,0,0,0,0,0,0,0,0,0,0,155.24952173131,325.937289045041,131.969743415579,0,0,0,0,0,93.5029580098427,204.084074037941,0,263.534399241887,0,0,0,0,154.784755881607,0,241.57250333243,180.543851962045,0,0,335.371040201042
0,0,0,0,0,0,0,0,0,0,0,0,0,0,0,0,0,0,0,161.694997919804,0,0,0,104.369974912428,0,171.906398392157,0,0,0,0,0,106.33736463831,0,329.719143597451,165.597665022977,0,222.053792850439,0,0,192.693757128262,92.5207898118833
0,0,0,168.241326865882,0,0,0,0,178.224497384947,0,0,0,0,0,0,0,155.24952173131,0,0,0,0,0,146.770754374523,124.698445421759,0,76.5072790361762,0,133.218162784108,0,0,0,0,0,0,174.013630695256,0,345.797434674459,192.135034768848,0,74.4197823064597,188.851177466023
0,0,0,161.275817184598,0,104.915316975638,0,205.839960264176,186.973586461633,177.763106506206,183.786860782462,0,0,0,0,0,325.937289045041,161.694997919804,0,0,0,0,259.055025639447,0,0,116.054372245433,161.74915061469,0,158.567996645797,0,0,82.4756938751058,0,116.176698124939,0,0,0,145.74089716123,0,228.792310020318,190.185165668632
0,0,0,0,0,0,0,0,140.574866691684,0,0,120.912756812582,0,0,0,0,131.969743415579,0,0,0,0,0,98.2230592632363,0,0,0,0,205.183249704085,178.748963182352,0,0,206.472608421747,0,117.208001126138,0,0,96.5937438588657,89.9429017381717,215.611029055736,249.798812580765,195.822649557859
0,0,0,108.381749703452,0,0,309.997227542691,0,0,0,82.1742780037132,0,0,0,0,0,0,0,0,0,0,0,179.718364159796,0,0,0,0,101.5853655613,0,0,0,0,173.059382066957,0,0,0,162.833808134102,0,0,211.840482897052,0
0,0,0,0,0,241.635434294794,0,321.864157986053,0,115.332064605654,231.715271819474,0,0,0,0,0,0,0,146.770754374523,259.055025639447,98.2230592632363,179.718364159796,0,0,0,184.249961885477,0,0,0,98.417953423071,0,0,0,161.302948562323,0,66.5008477853491,175.196329314064,0,0,151.01089327964,101.85207633558
0,0,0,219.078548227669,164.032723165762,0,153.876396855887,0,0,89.707245288964,0,128.405764333981,208.005106191961,218.045528847001,0,0,0,104.369974912428,124.698445421759,0,0,0,0,0,0,0,143.005810983322,97.5855511246009,0,0,223.705816669619,0,0,151.695570509541,259.442917595754,227.504408813069,198.528111506785,0,71.5579325720569,280.376028997576,196.032358954952
0,0,0,0,99.2646516363145,0,191.519780382943,0,0,98.6790043377568,0,0,353.822894641502,0,0,320.356811100276,0,0,0,0,0,0,0,0,0,154.070293657878,90.7216186966914,0,0,0,0,0,0,87.8456058929559,0,142.385058730083,0,0,0,112.793316814908,0
0,0,0,93.4234866874731,67.8267069095267,0,90.1317194604647,0,0,0,0,150.161410108805,0,125.994729980093,136.685314494491,0,0,171.906398392157,76.5072790361762,116.054372245433,0,0,184.249961885477,0,154.070293657878,0,252.487290983309,81.2827395071039,80.4367166559625,283.88658203332,0,219.430938885781,0,136.792307586862,0,225.013371621378,95.7590805983148,0,0,94.126460729827,0
204.481117647118,0,0,193.659409924573,0,0,94.8881692391942,97.3232815600345,228.075434767255,0,197.486504603685,0,0,0,120.567029282014,0,93.5029580098427,0,0,161.74915061469,0,0,0,143.005810983322,90.7216186966914,252.487290983309,0,153.609372090384,154.142998692322,0,0,0,0,171.230058197369,122.106946855269,82.6299537488922,115.114253591495,169.742003380707,0,0,247.66948903751
0,192.601533877686,0,0,180.355266595273,214.116367924649,236.681907140956,173.201474590904,62.859596780235,284.529238481835,0,196.04190773555,154.065933476765,153.453047983244,148.808626413748,0,204.084074037941,0,133.218162784108,0,205.183249704085,101.5853655613,0,97.5855511246009,0,81.2827395071039,153.609372090384,0,226.825099357786,0,217.157696745803,321.124897279917,0,101.605593487621,135.294330067913,115.194491798135,97.3506957544063,0,138.33942793804,112.349934713559,0
0,0,0,0,201.44584889478,113.144980278377,0,146.814226519809,0,195.314816908693,128.530575464043,165.893015276821,0,0,347.376449530863,0,0,0,0,158.567996645797,178.748963182352,0,0,0,0,80.4367166559625,154.142998692322,226.825099357786,0,58.3493451392805,0,0,0,62.311273509377,180.90030328818,160.537522273714,99.3508940827211,78.8552325762656,206.912707094411,163.945208919892,137.177378802006
0,0,0,153.672550905948,0,0,0,0,94.9380989123498,0,0,118.522099274347,0,0,0,0,263.534399241887,0,0,0,0,0,98.417953423071,0,0,283.88658203332,0,0,58.3493451392805,0,0,0,0,195.378266313867,61.0664810463559,0,0,94.027247878695,0,0,133.984214699576
110.384905066973,0,0,0,0,0,0,0,0,0,0,0,0,0,0,0,0,0,0,0,0,0,0,223.705816669619,0,0,0,217.157696745803,0,0,0,0,0,276.620869034647,0,0,81.9664354533492,0,71.4788760670054,0,0
0,0,0,0,181.316358113209,0,0,0,0,167.066576495979,0,178.683678585178,0,0,0,0,0,106.33736463831,0,82.4756938751058,206.472608421747,0,0,0,0,219.430938885781,0,321.124897279917,0,0,0,0,0,0,238.934743274142,0,0,209.996727521564,0,160.530221557972,0
0,138.425725342224,0,0,0,0,0,0,0,0,0,0,0,0,0,0,0,0,0,0,0,173.059382066957,0,0,0,0,0,0,0,0,0,0,0,0,0,0,115.871357769661,113.059176128709,0,106.926813611922,0
0,0,0,139.654362654449,0,0,0,202.712457066107,0,0,75.4497121078207,151.075371308616,0,137.239127032733,303.527509149359,172.608400267715,0,329.719143597451,0,116.176698124939,117.208001126138,0,161.302948562323,151.695570509541,87.8456058929559,136.792307586862,171.230058197369,101.605593487621,62.311273509377,195.378266313867,276.620869034647,0,0,0,96.7845769653343,314.611698427915,240.185081663983,194.442125915551,219.040656038919,173.001559092555,193.63278243493
0,0,0,85.7623170715703,0,111.435629183184,128.846764897717,261.605527103798,0,101.895308036513,300.031143529538,115.541295036174,0,103.519938150021,146.99041817625,139.792601838991,154.784755881607,165.597665022977,174.013630695256,0,0,0,0,259.442917595754,0,0,122.106946855269,135.294330067913,180.90030328818,61.0664810463559,0,238.934743274142,0,96.7845769653343,0,101.443495235174,112.823430872325,106.533627130087,172.892533368851,0,251.098274723989
0,78.9559315574845,0,0,0,0,242.790381480436,141.204637091722,173.538155409849,0,0,262.382215657622,193.055010680236,72.2278283150671,249.905610015455,0,0,0,0,0,0,0,66.5008477853491,227.504408813069,142.385058730083,225.013371621378,82.6299537488922,115.194491798135,160.537522273714,0,0,0,0,314.611698427915,101.443495235174,0,119.345624434514,151.036729364761,0,0,0
0,213.67670887414,348.674510760064,0,221.805809452716,106.128596538706,115.868441404982,89.1590885155172,100.812745974529,0,163.059043292369,109.093416850988,0,0,82.6426202489162,197.893790332676,241.57250333243,222.053792850439,345.797434674459,0,96.5937438588657,162.833808134102,175.196329314064,198.528111506785,0,95.7590805983148,115.114253591495,97.3506957544063,99.3508940827211,0,81.9664354533492,0,115.871357769661,240.185081663983,112.823430872325,119.345624434514,0,137.189596148386,94.7280504127031,0,220.963068032256
0,253.401634605989,0,0,0,261.440278806413,0,0,0,255.441154257905,0,73.4795582048751,125.81518738273,0,0,74.5815074003433,180.543851962045,0,192.135034768848,145.74089716123,89.9429017381717,0,0,0,0,0,169.742003380707,0,78.8552325762656,94.027247878695,0,209.996727521564,113.059176128709,194.442125915551,106.533627130087,151.036729364761,137.189596148386,0,199.492852797962,0,0
0,0,0,0,0,151.806152521152,0,0,0,224.551207449728,74.7304794244225,232.945974238958,0,0,289.631679007608,0,0,0,0,0,215.611029055736,0,0,71.5579325720569,0,0,0,138.33942793804,206.912707094411,0,71.4788760670054,0,0,219.040656038919,172.892533368851,0,94.7280504127031,199.492852797962,0,0,134.566479261133
0,0,186.348837226466,85.6072705949986,198.964527389285,0,188.936291522747,92.3502314520023,159.183173818572,114.649126378906,0,134.960780198024,84.3635741045246,193.777661225572,357.423078228283,0,0,192.693757128262,74.4197823064597,228.792310020318,249.798812580765,211.840482897052,151.01089327964,280.376028997576,112.793316814908,94.126460729827,0,112.349934713559,163.945208919892,0,0,160.530221557972,106.926813611922,173.001559092555,0,0,0,0,0,0,0
231.050882209,0,0,220.901129804706,0,0,212.592150359921,200.878319874537,161.325017232684,0,111.226326353722,142.054529471577,0,0,0,0,335.371040201042,92.5207898118833,188.851177466023,190.185165668632,195.822649557859,0,101.85207633558,196.032358954952,0,0,247.66948903751,0,137.177378802006,133.984214699576,0,0,0,193.63278243493,251.098274723989,0,220.963068032256,0,134.566479261133,0,0
