0,0,0,0,0,0,0,0,0,347.376449530863,160.530221557972,0,0,0,0,0,0,0,0,0,0,0,0,0,0,0,0,0,0,0,0,0,0,151.806152521152,183.786860782462,139.654362654449,106.33736463831,0,0,0,0
0,0,0,0,0,0,0,0,0,0,0,0,0,0,0,0,193.055010680236,0,0,0,0,0,0,0,0,0,0,0,137.189596148386,0,0,0,240.185081663983,225.013371621378,159.183173818572,0,0,142.385058730083,0,128.405764333981,0
0,0,0,0,0,0,0,0,0,0,0,0,0,0,0,0,0,0,0,0,0,0,0,0,0,219.078548227669,0,205.839960264176,303.527509149359,0,0,0,0,0,0,0,70.4221432298295,0,0,321.124897279917,0
0,0,0,0,0,0,0,0,0,0,0,0,0,0,0,114.649126378906,0,0,116.176698124939,0,0,0,80.4367166559625,0,0,0,187.77054666536,215.611029055736,0,133.984214699576,0,0,0,241.57250333243,193.777661225572,0,206.472608421747,173.201474590904,218.045528847001,195.378266313867,115.541295036174
0,0,0,0,0,0,0,0,71.5579325720569,148.808626413748,0,0,0,0,0,0,333.645516435298,0,196.04190773555,134.960780198024,0,0,154.065933476765,197.486504603685,0,0,161.325017232684,119.728129215699,0,0,0,115.114253591495,0,0,97.3506957544063,0,154.784755881607,134.566479261133,0,0,101.350815329073
0,0,0,0,0,0,0,101.605593487621,0,0,0,283.248188884028,0,111.435629183184,329.719143597451,0,0,151.01089327964,0,128.846764897717,0,0,0,211.840482897052,0,76.5072790361762,0,0,309.997227542691,0,0,0,228.792310020318,353.822894641502,62.311273509377,71.4788760670054,104.915316975638,0,0,0,0
0,0,0,0,0,0,0,0,0,262.382215657622,283.88658203332,300.031143529538,0,0,0,0,0,0,161.74915061469,99.2646516363145,0,0,0,112.823430872325,0,0,0,247.66948903751,120.567029282014,0,0,0,0,198.964527389285,0,255.441154257905,90.1317194604647,0,188.851177466023,0,97.5855511246009
0,0,0,0,0,101.605593487621,0,0,0,280.376028997576,323.781250289068,0,0,0,0,0,0,0,0,85.7623170715703,284.529238481835,101.5853655613,0,151.075371308616,0,82.6426202489162,226.825099357786,180.355266595273,157.852515740516,0,0,0,0,146.465927798921,0,0,112.793316814908,252.487290983309,186.973586461633,0,263.534399241887
0,0,0,0,71.5579325720569,0,0,0,0,184.249961885477,74.4197823064597,0,0,0,193.63278243493,0,0,0,0,78.9559315574845,89.9429017381717,0,0,164.032723165762,0,0,0,155.24952173131,209.996727521564,0,0,0,0,0,0,0,173.001559092555,0,0,206.912707094411,0
347.376449530863,0,0,0,148.808626413748,0,262.382215657622,280.376028997576,184.249961885477,0,94.8881692391942,161.302948562323,0,221.805809452716,0,0,0,0,0,0,0,131.969743415579,94.7280504127031,0,0,197.893790332676,0,161.275817184598,98.6790043377568,0,0,0,0,118.522099274347,0,95.7590805983148,153.453047983244,0,128.530575464043,0,177.763106506206
160.530221557972,0,0,0,0,0,283.88658203332,323.781250289068,74.4197823064597,94.8881692391942,0,0,0,0,0,0,0,0,0,0,0,0,175.196329314064,0,169.742003380707,0,125.81518738273,153.609372090384,201.44584889478,0,0,219.040656038919,0,73.4795582048751,103.519938150021,115.871357769661,0,200.878319874537,0,0,179.718364159796
0,0,0,0,0,283.248188884028,300.031143529538,0,0,161.302948562323,0,0,0,0,192.693757128262,306.640284138334,269.936825670274,0,249.798812580765,196.032358954952,0,0,348.674510760064,0,0,241.635434294794,106.926813611922,199.492852797962,113.144980278377,0,0,213.67670887414,0,178.683678585178,0,165.893015276821,114.511014214502,212.592150359921,180.90030328818,186.348837226466,205.09013266389
0,0,0,0,0,0,0,0,0,0,0,0,0,0,0,0,0,0,0,104.369974912428,0,0,0,0,0,94.027247878695,0,0,0,0,0,0,0,201.100640800745,181.316358113209,0,0,119.345624434514,0,0,320.356811100276
0,0,0,0,0,111.435629183184,0,0,0,221.805809452716,0,0,0,0,0,223.705816669619,0,0,0,0,0,0,0,0,101.443495235174,180.543851962045,0,0,115.332064605654,0,0,0,0,220.901129804706,321.864157986053,73.1029054543569,251.098274723989,74.5815074003433,96.7845769653343,261.440278806413,135.667029391615
0,0,0,0,0,329.719143597451,0,0,193.63278243493,0,0,192.693757128262,0,0,0,113.059176128709,0,139.93285932648,0,0,0,0,0,0,0,0,0,142.054529471577,0,0,0,85.6072705949986,0,202.712457066107,0,168.241326865882,145.74089716123,75.4497121078207,0,0,138.425725342224
0,0,0,114.649126378906,0,0,0,0,0,0,0,306.640284138334,0,223.705816669619,113.059176128709,0,0,0,0,153.876396855887,0,0,115.868441404982,241.682021696872,0,172.608400267715,204.481117647118,0,0,0,0,0,0,0,140.574866691684,0,0,0,0,0,236.681907140956
0,193.055010680236,0,0,333.645516435298,0,0,0,0,0,0,269.936825670274,0,0,0,0,0,0,0,0,0,0,0,0,0,0,0,0,173.538155409849,0,0,98.2230592632363,0,0,238.934743274142,137.239127032733,167.066576495979,0,0,153.672550905948,84.3635741045246
0,0,0,0,0,151.01089327964,0,0,0,0,0,0,0,0,139.93285932648,0,0,0,0,0,0,81.9664354533492,0,138.33942793804,0,249.905610015455,82.4756938751058,0,0,0,0,0,0,0,162.833808134102,67.8267069095267,171.230058197369,0,0,0,0
0,0,0,116.176698124939,196.04190773555,0,161.74915061469,0,0,0,0,249.798812580765,0,0,0,0,0,0,0,0,0,0,0,0,136.792307586862,0,195.822649557859,0,151.036729364761,0,0,0,276.620869034647,227.504408813069,188.936291522747,0,0,74.7304794244225,0,0,82.6299537488922
0,0,0,0,134.960780198024,128.846764897717,99.2646516363145,85.7623170715703,78.9559315574845,0,0,196.032358954952,104.369974912428,0,0,153.876396855887,0,0,0,0,192.135034768848,0,0,0,0,89.707245288964,259.442917595754,219.430938885781,0,0,0,0,0,325.937289045041,124.698445421759,158.955087279859,154.142998692322,0,0,115.194491798135,0
0,0,0,0,0,0,0,284.529238481835,89.9429017381717,0,0,0,0,0,0,0,0,0,0,192.135034768848,0,0,0,0,228.075434767255,191.519780382943,110.384905066973,0,146.770754374523,93.5029580098427,357.423078228283,163.945208919892,0,0,0,345.797434674459,150.161410108805,0,0,217.157696745803,0
0,0,0,0,0,0,0,101.5853655613,0,131.969743415579,0,0,0,0,0,0,0,81.9664354533492,0,0,0,0,0,0,0,220.963068032256,0,214.116367924649,0,0,0,0,0,62.859596780235,0,112.349934713559,0,0,0,96.5937438588657,0
0,0,0,80.4367166559625,154.065933476765,0,0,0,0,94.7280504127031,175.196329314064,348.674510760064,0,0,0,115.868441404982,0,0,0,0,0,0,0,0,0,0,289.631679007608,208.005106191961,0,0,0,0,174.013630695256,136.685314494491,155.901486485736,94.126460729827,139.792601838991,0,146.99041817625,92.5207898118833,0
0,0,0,0,197.486504603685,211.840482897052,112.823430872325,151.075371308616,164.032723165762,0,0,0,0,0,0,241.682021696872,0,138.33942793804,0,0,0,0,0,0,0,120.912756812582,0,0,146.814226519809,169.453147353278,0,158.567996645797,0,261.605527103798,82.1742780037132,231.050882209,232.945974238958,222.053792850439,61.0664810463559,101.85207633558,193.659409924573
0,0,0,0,0,0,0,0,0,0,169.742003380707,0,0,101.443495235174,0,0,0,0,136.792307586862,0,228.075434767255,0,0,0,0,231.715271819474,0,178.748963182352,78.8552325762656,135.294330067913,0,0,0,205.183249704085,0,0,0,0,0,0,117.208001126138
0,0,219.078548227669,0,0,76.5072790361762,0,82.6426202489162,0,197.893790332676,0,241.635434294794,94.027247878695,180.543851962045,0,172.608400267715,0,249.905610015455,0,89.707245288964,191.519780382943,220.963068032256,0,120.912756812582,231.715271819474,0,0,116.054372245433,0,0,0,0,0,0,100.812745974529,224.523755099568,335.371040201042,154.070293657878,0,338.131802716296,0
0,0,0,187.77054666536,161.325017232684,0,0,226.825099357786,0,0,125.81518738273,106.926813611922,0,0,0,204.481117647118,0,82.4756938751058,195.822649557859,259.442917595754,110.384905066973,0,289.631679007608,0,0,0,0,165.597665022977,137.177378802006,224.551207449728,89.3673883748406,101.895308036513,0,0,0,0,93.4234866874731,58.3493451392805,0,92.3502314520023,163.059043292369
0,0,205.839960264176,215.611029055736,119.728129215699,0,247.66948903751,180.355266595273,155.24952173131,161.275817184598,153.609372090384,199.492852797962,0,0,142.054529471577,0,0,0,0,219.430938885781,0,214.116367924649,208.005106191961,0,178.748963182352,116.054372245433,165.597665022977,0,72.2278283150671,192.601533877686,0,195.314816908693,0,178.224497384947,171.906398392157,198.528111506785,94.7529894315991,259.055025639447,250.461724766314,108.381749703452,87.8456058929559
0,137.189596148386,303.527509149359,0,0,309.997227542691,120.567029282014,157.852515740516,209.996727521564,98.6790043377568,201.44584889478,113.144980278377,0,115.332064605654,0,0,173.538155409849,0,151.036729364761,0,146.770754374523,0,0,146.814226519809,78.8552325762656,0,137.177378802006,72.2278283150671,0,0,306.344527664232,0,0,106.128596538706,89.1590885155172,0,0,0,90.7216186966914,0,0
0,0,0,133.984214699576,0,0,0,0,0,0,0,0,0,0,0,0,0,0,0,0,93.5029580098427,0,0,169.453147353278,135.294330067913,0,224.551207449728,192.601533877686,0,0,0,0,0,98.417953423071,97.3232815600345,0,160.537522273714,94.9380989123498,0,66.5008477853491,0
0,0,0,0,0,0,0,0,0,0,0,0,0,0,0,0,0,0,0,0,357.423078228283,0,0,0,0,0,89.3673883748406,0,306.344527664232,0,0,0,0,0,80.8080171296381,0,0,0,161.694997919804,106.533627130087,0
0,0,0,0,115.114253591495,0,0,0,0,0,219.040656038919,213.67670887414,0,0,85.6072705949986,0,98.2230592632363,0,0,0,163.945208919892,0,0,158.567996645797,0,0,101.895308036513,195.314816908693,0,0,0,0,0,0,0,0,141.204637091722,0,0,108.136066660554,0
0,240.185081663983,0,0,0,228.792310020318,0,0,0,0,0,0,0,0,0,0,0,0,276.620869034647,0,0,0,174.013630695256,0,0,0,0,0,0,0,0,0,0,0,0,0,0,0,125.994729980093,0,0
151.806152521152,225.013371621378,0,241.57250333243,0,353.822894641502,198.964527389285,146.465927798921,0,118.522099274347,73.4795582048751,178.683678585178,201.100640800745,220.901129804706,202.712457066107,0,0,0,227.504408813069,325.937289045041,0,62.859596780235,136.685314494491,261.605527103798,205.183249704085,0,0,178.224497384947,106.128596538706,98.417953423071,0,0,0,0,81.2827395071039,0,122.106946855269,194.442125915551,0,314.611698427915,190.185165668632
183.786860782462,159.183173818572,0,193.777661225572,97.3506957544063,62.311273509377,0,0,0,0,103.519938150021,0,181.316358113209,321.864157986053,0,140.574866691684,238.934743274142,162.833808134102,188.936291522747,124.698445421759,0,0,155.901486485736,82.1742780037132,0,100.812745974529,0,171.906398392157,89.1590885155172,97.3232815600345,80.8080171296381,0,0,81.2827395071039,0,0,173.059382066957,151.695570509541,242.790381480436,143.005810983322,0
139.654362654449,0,0,0,0,71.4788760670054,255.441154257905,0,0,95.7590805983148,115.871357769661,165.893015276821,0,73.1029054543569,168.241326865882,0,137.239127032733,67.8267069095267,0,158.955087279859,345.797434674459,112.349934713559,94.126460729827,231.050882209,0,224.523755099568,0,198.528111506785,0,0,0,0,0,0,0,0,99.3508940827211,0,0,92.5568465385234,0
106.33736463831,0,70.4221432298295,206.472608421747,154.784755881607,104.915316975638,90.1317194604647,112.793316814908,173.001559092555,153.453047983244,0,114.511014214502,0,251.098274723989,145.74089716123,0,167.066576495979,171.230058197369,0,154.142998692322,150.161410108805,0,139.792601838991,232.945974238958,0,335.371040201042,93.4234866874731,94.7529894315991,0,160.537522273714,0,141.204637091722,0,122.106946855269,173.059382066957,99.3508940827211,0,124.853650664477,109.093416850988,133.218162784108,253.401634605989
0,142.385058730083,0,173.201474590904,134.566479261133,0,0,252.487290983309,0,0,200.878319874537,212.592150359921,119.345624434514,74.5815074003433,75.4497121078207,0,0,0,74.7304794244225,0,0,0,0,222.053792850439,0,154.070293657878,58.3493451392805,259.055025639447,0,94.9380989123498,0,0,0,194.442125915551,151.695570509541,0,124.853650664477,0,0,125.416941482916,111.226326353722
0,0,0,218.045528847001,0,0,188.851177466023,186.973586461633,0,128.530575464043,0,180.90030328818,0,96.7845769653343,0,0,0,0,0,0,0,0,146.99041817625,61.0664810463559,0,0,0,250.461724766314,90.7216186966914,0,161.694997919804,0,125.994729980093,0,242.790381480436,0,109.093416850988,0,0,172.892533368851,0
0,128.405764333981,321.124897279917,195.378266313867,0,0,0,0,206.912707094411,0,0,186.348837226466,0,261.440278806413,0,0,153.672550905948,0,0,115.194491798135,217.157696745803,96.5937438588657,92.5207898118833,101.85207633558,0,338.131802716296,92.3502314520023,108.381749703452,0,66.5008477853491,106.533627130087,108.136066660554,0,314.611698427915,143.005810983322,92.5568465385234,133.218162784108,125.416941482916,172.892533368851,0,204.084074037941
0,0,0,115.541295036174,101.350815329073,0,97.5855511246009,263.534399241887,0,177.763106506206,179.718364159796,205.09013266389,320.356811100276,135.667029391615,138.425725342224,236.681907140956,84.3635741045246,0,82.6299537488922,0,0,0,0,193.659409924573,117.208001126138,0,163.059043292369,87.8456058929559,0,0,0,0,0,190.185165668632,0,0,253.401634605989,111.226326353722,0,204.084074037941,0
