0,0,0,0,0,0,98.2230592632363,0,0,357.423078228283,0,0,0,0,0,94.7280504127031,0,0,0,0,0,0,0,0,0,0,232.945974238958,0,0,0,0,0,0,116.054372245433,97.5855511246009,0,0,0,0,0,0
0,0,0,0,0,82.4756938751058,0,0,0,167.066576495979,0,263.534399241887,0,0,0,0,0,0,0,0,0,0,0,0,93.5029580098427,0,0,94.7529894315991,0,0,180.90030328818,0,0,0,0,0,0,0,137.189596148386,0,0
0,0,0,0,0,173.538155409849,0,0,112.349934713559,0,0,0,0,0,0,0,0,0,0,0,0,0,0,0,0,0,0,0,115.114253591495,0,0,0,0,151.695570509541,0,0,0,104.915316975638,0,0,0
0,0,0,0,0,0,0,120.912756812582,0,0,0,0,0,188.936291522747,0,0,0,0,0,0,0,0,128.846764897717,347.376449530863,0,201.100640800745,0,224.551207449728,80.4367166559625,78.9559315574845,0,0,0,186.348837226466,142.054529471577,136.685314494491,93.4234866874731,0,0,0,108.136066660554
0,0,0,0,0,0,0,0,125.81518738273,0,106.128596538706,195.378266313867,0,0,0,0,0,0,0,0,0,0,89.9429017381717,62.859596780235,0,78.8552325762656,165.597665022977,97.3232815600345,353.822894641502,0,0,0,0,0,0,169.453147353278,87.8456058929559,112.823430872325,204.481117647118,0,178.224497384947
0,82.4756938751058,173.538155409849,0,0,0,221.805809452716,184.249961885477,110.384905066973,113.144980278377,0,0,0,0,0,0,0,0,0,0,0,82.6299537488922,139.93285932648,0,0,0,120.567029282014,0,0,0,0,0,0,173.059382066957,172.892533368851,0,178.748963182352,94.8881692391942,231.050882209,0,0
98.2230592632363,0,0,0,0,221.805809452716,0,276.620869034647,0,0,321.124897279917,0,0,0,0,0,0,0,0,0,0,0,0,231.715271819474,0,306.640284138334,0,154.065933476765,148.808626413748,0,0,0,0,320.356811100276,181.316358113209,0,0,191.519780382943,0,89.3673883748406,236.681907140956
0,0,0,120.912756812582,0,184.249961885477,276.620869034647,0,0,192.135034768848,280.376028997576,171.906398392157,0,0,73.4795582048751,0,0,0,0,180.355266595273,0,0,306.344527664232,0,195.314816908693,71.4788760670054,66.5008477853491,214.116367924649,0,0,0,158.567996645797,0,0,134.960780198024,0,335.371040201042,0,0,0,0
0,0,112.349934713559,0,125.81518738273,110.384905066973,0,0,0,0,0,241.635434294794,0,0,0,0,0,0,0,212.592150359921,0,0,0,0,0,0,0,0,0,161.325017232684,0,0,0,0,0,205.839960264176,141.204637091722,0,128.405764333981,70.4221432298295,84.3635741045246
357.423078228283,167.066576495979,0,0,0,113.144980278377,0,192.135034768848,0,0,0,269.936825670274,309.997227542691,0,0,0,0,0,0,135.667029391615,92.5207898118833,0,0,196.04190773555,0,186.973586461633,250.461724766314,202.712457066107,0,0,0,0,0,82.6426202489162,0,157.852515740516,188.851177466023,155.901486485736,198.528111506785,215.611029055736,0
0,0,0,0,106.128596538706,0,321.124897279917,280.376028997576,0,0,0,160.537522273714,0,136.792307586862,187.77054666536,0,0,0,0,81.9664354533492,0,0,92.5568465385234,0,0,76.5072790361762,0,0,0,0,0,143.005810983322,201.44584889478,117.208001126138,0,253.401634605989,119.728129215699,348.674510760064,0,0,249.905610015455
0,263.534399241887,0,0,195.378266313867,0,0,171.906398392157,241.635434294794,269.936825670274,160.537522273714,0,0,227.504408813069,0,0,0,0,0,172.608400267715,0,0,241.682021696872,106.33736463831,161.302948562323,0,159.183173818572,325.937289045041,134.566479261133,0,0,0,0,81.2827395071039,208.005106191961,146.770754374523,100.812745974529,0,220.901129804706,196.032358954952,89.707245288964
0,0,0,0,0,0,0,0,0,309.997227542691,0,0,0,0,0,0,0,0,0,0,0,0,0,0,0,0,0,0,0,0,0,0,0,101.5853655613,173.001559092555,0,241.57250333243,137.239127032733,0,219.430938885781,0
0,0,0,188.936291522747,0,0,0,0,0,0,136.792307586862,227.504408813069,0,0,247.66948903751,0,0,0,0,82.1742780037132,0,165.893015276821,146.99041817625,220.963068032256,111.226326353722,178.683678585178,0,0,131.969743415579,154.070293657878,0,0,0,0,0,0,153.453047983244,0,0,0,168.241326865882
0,0,0,0,0,0,0,73.4795582048751,0,0,187.77054666536,0,0,247.66948903751,0,116.176698124939,0,0,158.955087279859,0,0,0,0,115.871357769661,0,124.698445421759,0,90.1317194604647,0,94.9380989123498,0,0,0,0,108.381749703452,0,0,0,161.275817184598,321.864157986053,0
94.7280504127031,0,0,0,0,0,0,0,0,0,0,0,0,0,116.176698124939,0,0,0,0,0,0,0,139.792601838991,137.177378802006,0,0,0,314.611698427915,0,0,0,0,0,0,193.055010680236,171.230058197369,155.24952173131,0,103.519938150021,94.027247878695,197.486504603685
0,0,0,0,0,0,0,0,0,0,0,0,0,0,0,0,0,0,0,194.442125915551,0,0,0,169.742003380707,0,153.609372090384,205.183249704085,0,219.040656038919,0,0,151.036729364761,0,164.032723165762,0,228.075434767255,0,0,0,151.01089327964,217.157696745803
0,0,0,0,0,0,0,0,0,0,0,0,0,0,0,0,0,0,99.3508940827211,0,119.345624434514,0,0,0,0,99.2646516363145,0,0,0,0,0,113.059176128709,0,104.369974912428,180.543851962045,0,0,114.649126378906,261.440278806413,133.218162784108,0
0,0,0,0,0,0,0,0,0,0,0,0,0,0,158.955087279859,0,0,99.3508940827211,0,195.822649557859,338.131802716296,0,0,199.492852797962,0,101.605593487621,138.425725342224,98.6790043377568,173.201474590904,0,0,0,0,101.443495235174,151.806152521152,0,151.075371308616,0,0,0,0
0,0,0,0,0,0,0,180.355266595273,212.592150359921,135.667029391615,81.9664354533492,172.608400267715,0,82.1742780037132,0,0,194.442125915551,0,195.822649557859,0,0,0,0,179.718364159796,0,0,284.529238481835,0,90.7216186966914,175.196329314064,0,0,0,118.522099274347,0,101.350815329073,94.126460729827,125.994729980093,0,0,95.7590805983148
0,0,0,0,0,0,0,0,0,92.5207898118833,0,0,0,0,0,0,0,119.345624434514,338.131802716296,0,0,0,0,142.385058730083,0,0,259.055025639447,74.7304794244225,329.719143597451,97.3506957544063,0,0,0,0,135.294330067913,209.996727521564,62.311273509377,223.705816669619,0,192.601533877686,0
0,0,0,0,0,82.6299537488922,0,0,0,0,0,0,0,165.893015276821,0,0,0,0,0,0,0,0,0,0,0,0,218.045528847001,249.798812580765,0,0,0,0,0,193.659409924573,0,0,345.797434674459,73.1029054543569,0,204.084074037941,0
0,0,0,128.846764897717,89.9429017381717,139.93285932648,0,306.344527664232,0,0,92.5568465385234,241.682021696872,0,146.99041817625,0,139.792601838991,0,0,0,0,0,0,0,259.442917595754,0,101.895308036513,0,140.574866691684,283.248188884028,0,0,0,0,193.777661225572,0,0,0,0,0,124.853650664477,58.3493451392805
0,0,0,347.376449530863,62.859596780235,0,231.715271819474,0,0,196.04190773555,0,106.33736463831,0,220.963068032256,115.871357769661,137.177378802006,169.742003380707,0,199.492852797962,179.718364159796,142.385058730083,0,259.442917595754,0,0,0,323.781250289068,289.631679007608,0,0,0,75.4497121078207,0,109.093416850988,106.533627130087,0,71.5579325720569,0,0,0,0
0,93.5029580098427,0,0,0,0,0,195.314816908693,0,0,0,161.302948562323,0,111.226326353722,0,0,0,0,0,0,0,0,0,0,0,101.85207633558,0,74.5815074003433,0,0,0,0,0,0,162.833808134102,238.934743274142,128.530575464043,0,0,161.694997919804,0
0,0,0,201.100640800745,78.8552325762656,0,306.640284138334,71.4788760670054,0,186.973586461633,76.5072790361762,0,0,178.683678585178,124.698445421759,0,153.609372090384,99.2646516363145,101.605593487621,0,0,0,101.895308036513,0,101.85207633558,0,0,190.185165668632,206.912707094411,0,0,0,0,206.472608421747,92.3502314520023,251.098274723989,242.790381480436,333.645516435298,0,0,0
232.945974238958,0,0,0,165.597665022977,120.567029282014,0,66.5008477853491,0,250.461724766314,0,159.183173818572,0,0,0,0,205.183249704085,0,138.425725342224,284.529238481835,259.055025639447,218.045528847001,0,323.781250289068,0,0,0,262.382215657622,303.527509149359,0,0,153.672550905948,0,72.2278283150671,174.013630695256,0,122.106946855269,228.792310020318,0,133.984214699576,0
0,94.7529894315991,0,224.551207449728,97.3232815600345,0,154.065933476765,214.116367924649,0,202.712457066107,0,325.937289045041,0,0,90.1317194604647,314.611698427915,0,0,98.6790043377568,0,74.7304794244225,249.798812580765,140.574866691684,289.631679007608,74.5815074003433,190.185165668632,262.382215657622,0,192.693757128262,0,96.7845769653343,67.8267069095267,219.078548227669,300.031143529538,115.194491798135,0,153.876396855887,193.63278243493,0,112.793316814908,146.465927798921
0,0,115.114253591495,80.4367166559625,353.822894641502,0,148.808626413748,0,0,0,0,134.566479261133,0,131.969743415579,0,0,219.040656038919,0,173.201474590904,90.7216186966914,329.719143597451,0,283.248188884028,0,0,206.912707094411,303.527509149359,192.693757128262,0,0,255.441154257905,0,0,0,252.487290983309,74.4197823064597,146.814226519809,0,85.7623170715703,139.654362654449,198.964527389285
0,0,0,78.9559315574845,0,0,0,0,161.325017232684,0,0,0,0,154.070293657878,94.9380989123498,0,0,0,0,175.196329314064,97.3506957544063,0,0,0,0,0,0,0,0,0,0,0,0,138.33942793804,0,200.878319874537,85.6072705949986,0,0,89.1590885155172,80.8080171296381
0,180.90030328818,0,0,0,0,0,0,0,0,0,0,0,0,0,0,0,0,0,0,0,0,0,0,0,0,0,96.7845769653343,255.441154257905,0,0,0,0,0,0,0,98.417953423071,115.541295036174,154.784755881607,0,0
0,0,0,0,0,0,0,158.567996645797,0,0,143.005810983322,0,0,0,0,0,151.036729364761,113.059176128709,0,0,0,0,0,75.4497121078207,0,0,153.672550905948,67.8267069095267,0,0,0,0,0,0,0,115.332064605654,213.67670887414,0,0,211.840482897052,205.09013266389
0,0,0,0,0,0,0,0,0,0,201.44584889478,0,0,0,0,0,0,0,0,0,0,0,0,0,0,0,0,219.078548227669,0,0,0,0,0,0,0,161.74915061469,163.059043292369,0,0,222.053792850439,0
116.054372245433,0,151.695570509541,186.348837226466,0,173.059382066957,320.356811100276,0,0,82.6426202489162,117.208001126138,81.2827395071039,101.5853655613,0,0,0,164.032723165762,104.369974912428,101.443495235174,118.522099274347,0,193.659409924573,193.777661225572,109.093416850988,0,206.472608421747,72.2278283150671,300.031143529538,0,138.33942793804,0,0,0,0,106.926813611922,0,197.893790332676,154.142998692322,183.786860782462,177.763106506206,145.74089716123
97.5855511246009,0,0,142.054529471577,0,172.892533368851,181.316358113209,134.960780198024,0,0,0,208.005106191961,173.001559092555,0,108.381749703452,193.055010680236,0,180.543851962045,151.806152521152,0,135.294330067913,0,0,106.533627130087,162.833808134102,92.3502314520023,174.013630695256,115.194491798135,252.487290983309,0,0,0,0,106.926813611922,0,111.435629183184,160.530221557972,125.416941482916,61.0664810463559,240.185081663983,150.161410108805
0,0,0,136.685314494491,169.453147353278,0,0,0,205.839960264176,157.852515740516,253.401634605989,146.770754374523,0,0,0,171.230058197369,228.075434767255,0,0,101.350815329073,209.996727521564,0,0,0,238.934743274142,251.098274723989,0,0,74.4197823064597,200.878319874537,0,115.332064605654,161.74915061469,0,111.435629183184,0,0,0,225.013371621378,0,115.868441404982
0,0,0,93.4234866874731,87.8456058929559,178.748963182352,0,335.371040201042,141.204637091722,188.851177466023,119.728129215699,100.812745974529,241.57250333243,153.453047983244,0,155.24952173131,0,0,151.075371308616,94.126460729827,62.311273509377,345.797434674459,0,71.5579325720569,128.530575464043,242.790381480436,122.106946855269,153.876396855887,146.814226519809,85.6072705949986,98.417953423071,213.67670887414,163.059043292369,197.893790332676,160.530221557972,0,0,114.511014214502,0,163.945208919892,224.523755099568
0,0,104.915316975638,0,112.823430872325,94.8881692391942,191.519780382943,0,0,155.901486485736,348.674510760064,0,137.239127032733,0,0,0,0,114.649126378906,0,125.994729980093,223.705816669619,73.1029054543569,0,0,0,333.645516435298,228.792310020318,193.63278243493,0,0,115.541295036174,0,0,154.142998692322,125.416941482916,0,114.511014214502,0,0,283.88658203332,261.605527103798
0,137.189596148386,0,0,204.481117647118,231.050882209,0,0,128.405764333981,198.528111506785,0,220.901129804706,0,0,161.275817184598,103.519938150021,0,261.440278806413,0,0,0,0,0,0,0,0,0,0,85.7623170715703,0,154.784755881607,0,0,183.786860782462,61.0664810463559,225.013371621378,0,0,0,96.5937438588657,0
0,0,0,0,0,0,89.3673883748406,0,70.4221432298295,215.611029055736,0,196.032358954952,219.430938885781,0,321.864157986053,94.027247878695,151.01089327964,133.218162784108,0,0,192.601533877686,204.084074037941,124.853650664477,0,161.694997919804,0,133.984214699576,112.793316814908,139.654362654449,89.1590885155172,0,211.840482897052,222.053792850439,177.763106506206,240.185081663983,0,163.945208919892,283.88658203332,96.5937438588657,0,226.825099357786
0,0,0,108.136066660554,178.224497384947,0,236.681907140956,0,84.3635741045246,0,249.905610015455,89.707245288964,0,168.241326865882,0,197.486504603685,217.157696745803,0,0,95.7590805983148,0,0,58.3493451392805,0,0,0,0,146.465927798921,198.964527389285,80.8080171296381,0,205.09013266389,0,145.74089716123,150.161410108805,115.868441404982,224.523755099568,261.605527103798,0,226.825099357786,0
