0,0,0,0,0,0,0,0,0,329.719143597451,72.2278283150671,0,0,0,0,0,0,0,0,0,0,0,0,0,0,0,0,120.567029282014,0,0,0,0,0,215.611029055736,0,0,82.6426202489162,0,0,306.640284138334,0
0,0,0,0,0,0,0,0,0,180.90030328818,0,96.5937438588657,0,0,0,0,280.376028997576,178.748963182352,89.1590885155172,0,0,0,0,0,0,0,357.423078228283,0,0,0,0,0,0,0,0,0,0,0,0,0,98.2230592632363
0,0,0,0,0,0,213.67670887414,0,0,81.9664354533492,0,0,0,0,0,0,0,0,0,0,0,0,0,0,0,0,0,120.912756812582,0,0,136.685314494491,0,0,0,0,0,0,154.065933476765,0,0,0
0,0,0,0,231.715271819474,0,74.5815074003433,115.871357769661,0,289.631679007608,0,0,212.592150359921,0,0,195.378266313867,0,0,283.248188884028,0,0,0,0,198.964527389285,0,0,204.481117647118,173.538155409849,0,0,0,0,114.649126378906,228.075434767255,0,0,153.672550905948,0,0,0,0
0,0,0,231.715271819474,0,154.070293657878,0,0,173.201474590904,0,0,139.654362654449,0,0,0,0,116.176698124939,0,0,0,0,94.9380989123498,0,0,0,314.611698427915,0,205.183249704085,204.084074037941,0,0,0,198.528111506785,140.574866691684,0,227.504408813069,97.5855511246009,0,0,179.718364159796,0
0,0,0,0,154.070293657878,0,0,0,0,0,0,87.8456058929559,0,0,0,101.443495235174,0,70.4221432298295,58.3493451392805,0,0,0,0,0,0,0,0,117.208001126138,106.926813611922,0,0,67.8267069095267,0,153.876396855887,97.3232815600345,90.1317194604647,90.7216186966914,0,0,195.822649557859,133.984214699576
0,0,213.67670887414,74.5815074003433,0,0,0,0,0,0,241.682021696872,0,0,0,0,0,0,0,303.527509149359,193.777661225572,0,0,0,0,0,95.7590805983148,0,195.314816908693,0,0,0,0,0,92.3502314520023,0,0,76.5072790361762,347.376449530863,115.868441404982,231.050882209,80.4367166559625
0,0,0,115.871357769661,0,0,0,0,142.385058730083,205.09013266389,0,165.597665022977,0,0,74.7304794244225,0,163.059043292369,0,0,196.04190773555,0,249.798812580765,85.7623170715703,0,0,0,0,173.059382066957,211.840482897052,0,0,261.605527103798,0,0,0,0,122.106946855269,101.895308036513,146.814226519809,150.161410108805,0
0,0,0,0,173.201474590904,0,0,142.385058730083,0,0,348.674510760064,192.135034768848,0,191.519780382943,0,0,0,0,143.005810983322,0,0,0,0,0,0,0,0,220.963068032256,232.945974238958,0,0,0,0,262.382215657622,0,0,261.440278806413,0,0,97.3506957544063,0
329.719143597451,180.90030328818,81.9664354533492,289.631679007608,0,0,0,205.09013266389,0,0,0,0,154.142998692322,221.805809452716,0,158.567996645797,0,0,0,0,111.435629183184,0,236.681907140956,0,0,112.793316814908,0,0,0,0,0,0,0,161.74915061469,151.01089327964,0,201.44584889478,106.33736463831,161.694997919804,157.852515740516,111.226326353722
72.2278283150671,0,0,0,0,0,241.682021696872,0,348.674510760064,0,0,0,0,0,0,194.442125915551,0,0,0,0,0,0,0,106.533627130087,0,224.523755099568,108.381749703452,192.693757128262,96.7845769653343,0,0,0,183.786860782462,0,73.1029054543569,165.893015276821,168.241326865882,133.218162784108,0,184.249961885477,62.859596780235
0,96.5937438588657,0,0,139.654362654449,87.8456058929559,0,165.597665022977,192.135034768848,0,0,0,100.812745974529,0,0,0,0,0,0,0,124.698445421759,0,206.472608421747,283.88658203332,250.461724766314,196.032358954952,135.667029391615,219.078548227669,115.194491798135,0,0,0,0,61.0664810463559,169.453147353278,94.027247878695,110.384905066973,241.635434294794,193.63278243493,193.659409924573,0
0,0,0,212.592150359921,0,0,0,0,0,154.142998692322,0,100.812745974529,0,0,0,0,0,0,0,0,0,0,0,169.742003380707,0,0,0,0,0,0,0,0,0,0,188.936291522747,0,0,0,0,0,137.239127032733
0,0,0,0,0,0,0,0,191.519780382943,221.805809452716,0,0,0,0,0,0,0,0,174.013630695256,125.416941482916,0,0,0,276.620869034647,0,0,202.712457066107,193.055010680236,309.997227542691,0,0,0,0,259.442917595754,263.534399241887,136.792307586862,205.839960264176,0,0,161.302948562323,335.371040201042
0,0,0,0,0,0,0,74.7304794244225,0,0,0,0,0,0,0,101.350815329073,242.790381480436,0,0,137.189596148386,0,0,161.325017232684,0,0,0,0,94.8881692391942,0,154.784755881607,151.036729364761,0,0,137.177378802006,228.792310020318,0,177.763106506206,0,0,0,155.24952173131
0,0,0,195.378266313867,0,101.443495235174,0,0,0,158.567996645797,194.442125915551,0,0,0,101.350815329073,0,0,0,0,128.405764333981,0,0,0,82.1742780037132,0,0,0,155.901486485736,0,0,0,0,0,0,0,160.537522273714,0,106.128596538706,0,0,251.098274723989
0,280.376028997576,0,0,116.176698124939,0,0,163.059043292369,0,0,0,0,0,0,242.790381480436,0,0,171.230058197369,0,0,0,0,0,0,249.905610015455,0,0,134.960780198024,240.185081663983,0,0,0,0,0,0,0,78.9559315574845,151.695570509541,0,0,0
0,178.748963182352,0,0,0,70.4221432298295,0,0,0,0,0,0,0,0,0,0,171.230058197369,0,0,89.9429017381717,0,0,0,333.645516435298,0,0,0,0,0,82.6299537488922,0,0,0,0,338.131802716296,89.707245288964,0,0,0,115.114253591495,0
0,89.1590885155172,0,283.248188884028,0,58.3493451392805,303.527509149359,0,143.005810983322,0,0,0,0,174.013630695256,0,0,0,0,0,0,0,0,118.522099274347,172.608400267715,0,0,0,108.136066660554,125.81518738273,0,0,0,0,139.792601838991,222.053792850439,0,0,0,0,0,0
0,0,0,0,0,0,193.777661225572,196.04190773555,0,0,0,0,0,125.416941482916,137.189596148386,128.405764333981,0,89.9429017381717,0,0,200.878319874537,0,209.996727521564,0,101.85207633558,0,186.348837226466,247.66948903751,0,0,0,0,0,98.417953423071,151.075371308616,104.369974912428,218.045528847001,115.541295036174,178.683678585178,0,0
0,0,0,0,0,0,0,0,0,111.435629183184,0,124.698445421759,0,0,0,0,0,0,0,200.878319874537,0,0,0,0,0,241.57250333243,238.934743274142,98.6790043377568,190.185165668632,0,0,0,0,180.543851962045,197.893790332676,0,252.487290983309,128.530575464043,159.183173818572,167.066576495979,0
0,0,0,0,94.9380989123498,0,0,249.798812580765,0,0,0,0,0,0,0,0,0,0,0,0,0,0,0,112.823430872325,0,141.204637091722,0,0,119.345624434514,74.4197823064597,92.5207898118833,0,0,0,0,0,225.013371621378,0,0,0,0
0,0,0,0,0,0,0,85.7623170715703,0,236.681907140956,0,206.472608421747,0,0,161.325017232684,0,0,0,118.522099274347,209.996727521564,0,0,0,199.492852797962,175.196329314064,115.332064605654,0,253.401634605989,0,0,0,0,0,66.5008477853491,321.124897279917,0,113.059176128709,104.915316975638,0,187.77054666536,0
0,0,0,198.964527389285,0,0,0,0,0,0,106.533627130087,283.88658203332,169.742003380707,276.620869034647,0,82.1742780037132,0,333.645516435298,172.608400267715,0,0,112.823430872325,199.492852797962,0,0,0,134.566479261133,0,224.551207449728,0,0,320.356811100276,0,62.311273509377,0,81.2827395071039,135.294330067913,0,71.5579325720569,125.994729980093,325.937289045041
0,0,0,0,0,0,0,0,0,0,0,250.461724766314,0,0,0,0,249.905610015455,0,0,101.85207633558,0,0,175.196329314064,0,0,93.4234866874731,345.797434674459,0,0,0,0,0,0,160.530221557972,85.6072705949986,94.7280504127031,300.031143529538,0,0,0,0
0,0,0,0,314.611698427915,0,95.7590805983148,0,0,112.793316814908,224.523755099568,196.032358954952,0,0,0,0,0,0,0,0,241.57250333243,141.204637091722,115.332064605654,0,93.4234866874731,0,186.973586461633,153.609372090384,113.144980278377,124.853650664477,0,151.806152521152,0,145.74089716123,163.945208919892,0,219.040656038919,142.054529471577,306.344527664232,192.601533877686,0
0,357.423078228283,0,204.481117647118,0,0,0,0,0,0,108.381749703452,135.667029391615,0,202.712457066107,0,0,0,0,0,186.348837226466,238.934743274142,0,0,134.566479261133,345.797434674459,186.973586461633,0,94.126460729827,180.355266595273,153.453047983244,0,220.901129804706,0,138.425725342224,71.4788760670054,116.054372245433,164.032723165762,101.5853655613,0,206.912707094411,0
120.567029282014,0,120.912756812582,173.538155409849,205.183249704085,117.208001126138,195.314816908693,173.059382066957,220.963068032256,0,192.693757128262,219.078548227669,0,193.055010680236,94.8881692391942,155.901486485736,134.960780198024,0,108.136066660554,247.66948903751,98.6790043377568,0,253.401634605989,0,0,153.609372090384,94.126460729827,0,158.955087279859,109.093416850988,0,138.33942793804,0,0,269.936825670274,0,0,0,93.5029580098427,148.808626413748,80.8080171296381
0,0,0,0,204.084074037941,106.926813611922,0,211.840482897052,232.945974238958,0,96.7845769653343,115.194491798135,0,309.997227542691,0,0,240.185081663983,0,125.81518738273,0,190.185165668632,119.345624434514,0,224.551207449728,0,113.144980278377,180.355266595273,158.955087279859,0,73.4795582048751,0,0,0,0,173.001559092555,0,223.705816669619,119.728129215699,99.2646516363145,0,89.3673883748406
0,0,0,0,0,0,0,0,0,0,0,0,0,0,154.784755881607,0,0,82.6299537488922,0,0,0,74.4197823064597,0,0,0,124.853650664477,153.453047983244,109.093416850988,73.4795582048751,0,0,255.441154257905,0,146.465927798921,0,201.100640800745,0,0,0,84.3635741045246,0
0,0,136.685314494491,0,0,0,0,0,0,0,0,0,0,0,151.036729364761,0,0,0,0,0,0,92.5207898118833,0,0,0,0,0,0,0,0,0,0,0,0,219.430938885781,0,0,0,0,128.846764897717,112.349934713559
0,0,0,0,0,67.8267069095267,0,261.605527103798,0,0,0,0,0,0,0,0,0,0,0,0,0,0,0,320.356811100276,0,151.806152521152,220.901129804706,138.33942793804,0,255.441154257905,0,0,0,162.833808134102,353.822894641502,0,0,0,0,103.519938150021,188.851177466023
0,0,0,114.649126378906,198.528111506785,0,0,0,0,0,183.786860782462,0,0,0,0,0,0,0,0,0,0,0,0,0,0,0,0,0,0,0,0,0,0,101.605593487621,0,0,284.529238481835,0,0,0,0
215.611029055736,0,0,228.075434767255,140.574866691684,153.876396855887,92.3502314520023,0,262.382215657622,161.74915061469,0,61.0664810463559,0,259.442917595754,137.177378802006,0,0,0,139.792601838991,98.417953423071,180.543851962045,0,66.5008477853491,62.311273509377,160.530221557972,145.74089716123,138.425725342224,0,0,146.465927798921,0,162.833808134102,101.605593487621,0,172.892533368851,181.316358113209,178.224497384947,0,0,226.825099357786,82.4756938751058
0,0,0,0,0,97.3232815600345,0,0,0,151.01089327964,73.1029054543569,169.453147353278,188.936291522747,263.534399241887,228.792310020318,0,0,338.131802716296,222.053792850439,151.075371308616,197.893790332676,0,321.124897279917,0,85.6072705949986,163.945208919892,71.4788760670054,269.936825670274,173.001559092555,0,219.430938885781,353.822894641502,0,172.892533368851,0,139.93285932648,146.99041817625,214.116367924649,208.005106191961,0,92.5568465385234
0,0,0,0,227.504408813069,90.1317194604647,0,0,0,0,165.893015276821,94.027247878695,0,136.792307586862,0,160.537522273714,0,89.707245288964,0,104.369974912428,0,0,0,81.2827395071039,94.7280504127031,0,116.054372245433,0,0,201.100640800745,0,0,0,181.316358113209,139.93285932648,0,75.4497121078207,131.969743415579,94.7529894315991,99.3508940827211,78.8552325762656
82.6426202489162,0,0,153.672550905948,97.5855511246009,90.7216186966914,76.5072790361762,122.106946855269,261.440278806413,201.44584889478,168.241326865882,110.384905066973,0,205.839960264176,177.763106506206,0,78.9559315574845,0,0,218.045528847001,252.487290983309,225.013371621378,113.059176128709,135.294330067913,300.031143529538,219.040656038919,164.032723165762,0,223.705816669619,0,0,0,284.529238481835,178.224497384947,146.99041817625,75.4497121078207,0,171.906398392157,217.157696745803,197.486504603685,146.770754374523
0,0,154.065933476765,0,0,0,347.376449530863,101.895308036513,0,106.33736463831,133.218162784108,241.635434294794,0,0,0,106.128596538706,151.695570509541,0,0,115.541295036174,128.530575464043,0,104.915316975638,0,0,142.054529471577,101.5853655613,0,119.728129215699,0,0,0,0,0,214.116367924649,131.969743415579,171.906398392157,0,323.781250289068,321.864157986053,161.275817184598
0,0,0,0,0,0,115.868441404982,146.814226519809,0,161.694997919804,0,193.63278243493,0,0,0,0,0,0,0,178.683678585178,159.183173818572,0,0,71.5579325720569,0,306.344527664232,0,93.5029580098427,99.2646516363145,0,0,0,0,0,208.005106191961,94.7529894315991,217.157696745803,323.781250289068,0,0,114.511014214502
306.640284138334,0,0,0,179.718364159796,195.822649557859,231.050882209,150.161410108805,97.3506957544063,157.852515740516,184.249961885477,193.659409924573,0,161.302948562323,0,0,0,115.114253591495,0,0,167.066576495979,0,187.77054666536,125.994729980093,0,192.601533877686,206.912707094411,148.808626413748,0,84.3635741045246,128.846764897717,103.519938150021,0,226.825099357786,0,99.3508940827211,197.486504603685,321.864157986053,0,0,259.055025639447
0,98.2230592632363,0,0,0,133.984214699576,80.4367166559625,0,0,111.226326353722,62.859596780235,0,137.239127032733,335.371040201042,155.24952173131,251.098274723989,0,0,0,0,0,0,0,325.937289045041,0,0,0,80.8080171296381,89.3673883748406,0,112.349934713559,188.851177466023,0,82.4756938751058,92.5568465385234,78.8552325762656,146.770754374523,161.275817184598,114.511014214502,259.055025639447,0
