0,0,0,0,0,0,0,0,0,0,0,0,0,0,0,0,0,0,0,0,0,0,321.124897279917,114.649126378906,0,0,0,97.3232815600345,0,284.529238481835,0,0,0,0,0,192.601533877686,0,0,240.185081663983,0,0
0,0,0,0,0,0,0,0,0,220.963068032256,0,0,0,0,0,0,0,0,0,261.605527103798,0,0,0,183.786860782462,0,165.893015276821,0,0,0,0,0,0,0,335.371040201042,148.808626413748,0,0,0,0,114.511014214502,0
0,0,0,0,0,98.6790043377568,0,0,0,0,0,0,0,0,0,236.681907140956,0,0,0,0,202.712457066107,0,0,0,0,0,0,0,101.85207633558,0,0,0,0,178.748963182352,0,0,0,0,0,0,0
0,0,0,0,0,0,0,0,0,0,0,0,0,115.114253591495,172.608400267715,0,0,0,0,133.218162784108,0,0,250.461724766314,128.530575464043,0,136.792307586862,303.527509149359,180.543851962045,0,0,0,0,0,160.537522273714,0,0,221.805809452716,0,89.1590885155172,122.106946855269,179.718364159796
0,0,0,0,0,0,0,93.5029580098427,0,190.185165668632,0,0,0,0,0,0,125.416941482916,0,0,0,0,193.777661225572,174.013630695256,150.161410108805,0,0,81.9664354533492,172.892533368851,0,0,219.040656038919,0,0,164.032723165762,241.682021696872,0,261.440278806413,0,0,222.053792850439,205.183249704085
0,0,98.6790043377568,0,0,0,0,0,0,212.592150359921,145.74089716123,192.135034768848,0,0,0,71.4788760670054,0,0,181.316358113209,0,0,0,87.8456058929559,0,167.066576495979,0,0,220.901129804706,173.538155409849,0,0,0,0,117.208001126138,153.609372090384,0,262.382215657622,0,0,146.770754374523,0
0,0,0,0,0,0,0,0,0,0,306.640284138334,94.9380989123498,0,217.157696745803,160.530221557972,0,0,0,97.5855511246009,0,0,0,0,228.075434767255,0,89.3673883748406,0,0,0,62.311273509377,0,0,0,195.822649557859,0,0,206.472608421747,0,209.996727521564,173.201474590904,159.183173818572
0,0,0,0,93.5029580098427,0,0,0,0,89.9429017381717,0,115.541295036174,201.44584889478,0,0,0,139.792601838991,195.378266313867,109.093416850988,0,0,0,0,204.481117647118,178.224497384947,0,231.715271819474,151.075371308616,255.441154257905,0,142.054529471577,0,0,0,0,137.189596148386,0,0,0,138.33942793804,101.443495235174
0,0,0,0,0,0,0,0,0,92.5568465385234,195.314816908693,0,0,0,0,140.574866691684,155.901486485736,0,0,74.4197823064597,0,0,0,0,0,0,124.698445421759,0,0,0,0,0,0,0,146.99041817625,0,205.09013266389,112.793316814908,80.4367166559625,0,97.3506957544063
0,220.963068032256,0,0,190.185165668632,212.592150359921,0,89.9429017381717,92.5568465385234,0,0,0,0,224.523755099568,0,0,0,0,0,82.6426202489162,0,0,0,168.241326865882,120.567029282014,0,0,199.492852797962,0,0,0,108.381749703452,0,84.3635741045246,96.7845769653343,187.77054666536,95.7590805983148,85.6072705949986,0,90.7216186966914,154.070293657878
0,0,0,0,0,145.74089716123,306.640284138334,0,195.314816908693,0,0,62.859596780235,0,94.7280504127031,0,0,0,0,0,241.57250333243,0,0,0,197.486504603685,0,162.833808134102,191.519780382943,153.672550905948,0,0,0,0,206.912707094411,90.1317194604647,131.969743415579,116.054372245433,171.906398392157,0,0,146.814226519809,0
0,0,0,0,0,192.135034768848,94.9380989123498,115.541295036174,0,0,62.859596780235,0,0,0,211.840482897052,0,0,0,165.597665022977,106.926813611922,0,0,0,0,151.01089327964,101.5853655613,249.905610015455,228.792310020318,106.533627130087,0,0,101.605593487621,0,232.945974238958,71.5579325720569,94.027247878695,241.635434294794,196.04190773555,224.551207449728,141.204637091722,198.964527389285
0,0,0,0,0,0,0,201.44584889478,0,0,0,0,0,0,0,0,0,0,0,180.90030328818,0,0,0,0,0,75.4497121078207,0,115.871357769661,0,0,0,0,0,94.8881692391942,0,0,78.9559315574845,0,0,0,0
0,0,0,115.114253591495,0,0,217.157696745803,0,0,224.523755099568,94.7280504127031,0,0,0,0,0,0,0,0,0,82.6299537488922,0,0,314.611698427915,0,99.3508940827211,0,188.851177466023,125.81518738273,0,0,120.912756812582,0,161.694997919804,119.728129215699,0,247.66948903751,0,0,0,223.705816669619
0,0,0,172.608400267715,0,0,160.530221557972,0,0,0,0,211.840482897052,0,0,0,0,92.3502314520023,142.385058730083,0,0,0,58.3493451392805,0,0,0,0,0,85.7623170715703,175.196329314064,0,0,0,0,0,320.356811100276,113.144980278377,321.864157986053,0,0,73.1029054543569,0
0,0,236.681907140956,0,0,71.4788760670054,0,0,140.574866691684,0,0,0,0,0,0,0,0,0,0,0,0,0,0,115.332064605654,0,0,0,163.945208919892,101.895308036513,115.868441404982,0,0,0,0,158.567996645797,306.344527664232,0,225.013371621378,0,353.822894641502,0
0,0,0,0,125.416941482916,0,0,139.792601838991,155.901486485736,0,0,0,0,0,92.3502314520023,0,0,104.369974912428,0,0,200.878319874537,115.194491798135,0,0,0,0,0,0,0,0,0,0,0,0,0,0,98.417953423071,193.055010680236,0,0,143.005810983322
0,0,0,0,0,0,0,195.378266313867,0,0,0,0,0,0,142.385058730083,0,104.369974912428,0,0,0,0,0,0,0,0,0,80.8080171296381,238.934743274142,0,0,0,0,0,0,171.230058197369,0,196.032358954952,134.566479261133,0,99.2646516363145,0
0,0,0,0,0,181.316358113209,97.5855511246009,109.093416850988,0,0,0,165.597665022977,0,0,0,0,0,0,0,0,0,0,0,134.960780198024,0,0,0,251.098274723989,348.674510760064,0,0,193.63278243493,0,154.142998692322,0,259.055025639447,82.4756938751058,173.059382066957,0,0,0
0,261.605527103798,0,133.218162784108,0,0,0,0,74.4197823064597,82.6426202489162,241.57250333243,106.926813611922,180.90030328818,0,0,0,0,0,0,0,231.050882209,0,0,227.504408813069,139.654362654449,242.790381480436,161.302948562323,0,0,0,0,276.620869034647,111.435629183184,0,0,0,280.376028997576,66.5008477853491,0,213.67670887414,0
0,0,202.712457066107,0,0,0,0,0,0,0,0,0,0,82.6299537488922,0,0,200.878319874537,0,0,231.050882209,0,0,0,0,0,81.2827395071039,98.2230592632363,0,161.74915061469,0,0,0,0,119.345624434514,219.078548227669,173.001559092555,180.355266595273,0,155.24952173131,153.876396855887,0
0,0,0,0,193.777661225572,0,0,0,0,0,0,0,0,0,58.3493451392805,0,115.194491798135,0,0,0,0,0,347.376449530863,0,178.683678585178,0,0,0,0,0,0,124.853650664477,0,0,269.936825670274,0,89.707245288964,0,0,0,0
321.124897279917,0,0,250.461724766314,174.013630695256,87.8456058929559,0,0,0,0,0,0,0,0,0,0,0,0,0,0,0,347.376449530863,0,252.487290983309,0,151.036729364761,0,194.442125915551,94.7529894315991,163.059043292369,0,0,0,0,169.453147353278,289.631679007608,135.294330067913,94.126460729827,0,104.915316975638,0
114.649126378906,183.786860782462,0,128.530575464043,150.161410108805,0,228.075434767255,204.481117647118,0,168.241326865882,197.486504603685,0,0,314.611698427915,0,115.332064605654,0,0,134.960780198024,227.504408813069,0,0,252.487290983309,0,0,0,74.5815074003433,0,0,0,0,0,0,101.350815329073,0,0,93.4234866874731,249.798812580765,0,146.465927798921,193.659409924573
0,0,0,0,0,167.066576495979,0,178.224497384947,0,120.567029282014,0,151.01089327964,0,0,0,0,0,0,0,139.654362654449,0,178.683678585178,0,0,0,112.349934713559,0,0,0,0,0,0,139.93285932648,0,0,0,0,0,128.405764333981,0,329.719143597451
0,165.893015276821,0,136.792307586862,0,0,89.3673883748406,0,0,0,162.833808134102,101.5853655613,75.4497121078207,99.3508940827211,0,0,0,0,0,242.790381480436,81.2827395071039,0,151.036729364761,0,112.349934713559,0,333.645516435298,106.33736463831,137.239127032733,169.742003380707,0,0,0,323.781250289068,0,215.611029055736,208.005106191961,0,151.806152521152,74.7304794244225,0
0,0,0,303.527509149359,81.9664354533492,0,0,231.715271819474,124.698445421759,0,191.519780382943,249.905610015455,0,0,0,0,0,80.8080171296381,0,161.302948562323,98.2230592632363,0,0,74.5815074003433,0,333.645516435298,0,219.430938885781,128.846764897717,67.8267069095267,0,0,0,186.973586461633,214.116367924649,82.1742780037132,113.059176128709,0,138.425725342224,0,197.893790332676
97.3232815600345,0,0,180.543851962045,172.892533368851,220.901129804706,0,151.075371308616,0,199.492852797962,153.672550905948,228.792310020318,115.871357769661,188.851177466023,85.7623170715703,163.945208919892,0,238.934743274142,251.098274723989,0,0,0,194.442125915551,0,0,106.33736463831,219.430938885781,0,108.136066660554,137.177378802006,0,0,0,96.5937438588657,116.176698124939,283.88658203332,76.5072790361762,92.5207898118833,136.685314494491,345.797434674459,283.248188884028
0,0,101.85207633558,0,0,173.538155409849,0,255.441154257905,0,0,0,106.533627130087,0,125.81518738273,175.196329314064,101.895308036513,0,0,348.674510760064,0,161.74915061469,0,94.7529894315991,0,0,137.239127032733,128.846764897717,108.136066660554,0,0,125.994729980093,0,0,300.031143529538,100.812745974529,0,73.4795582048751,198.528111506785,118.522099274347,259.442917595754,177.763106506206
284.529238481835,0,0,0,0,0,62.311273509377,0,0,0,0,0,0,0,0,115.868441404982,0,0,0,0,0,0,163.059043292369,0,0,169.742003380707,67.8267069095267,137.177378802006,0,0,0,0,0,151.695570509541,0,0,0,188.936291522747,204.084074037941,0,309.997227542691
0,0,0,0,219.040656038919,0,0,142.054529471577,0,0,0,0,0,0,0,0,0,0,0,0,0,0,0,0,0,0,0,0,125.994729980093,0,0,325.937289045041,0,72.2278283150671,0,0,0,111.226326353722,0,0,0
0,0,0,0,0,0,0,0,0,108.381749703452,0,101.605593487621,0,120.912756812582,0,0,0,0,193.63278243493,276.620869034647,0,124.853650664477,0,0,0,0,0,0,0,0,325.937289045041,0,0,106.128596538706,201.100640800745,0,0,0,0,78.8552325762656,157.852515740516
0,0,0,0,0,0,0,0,0,0,206.912707094411,0,0,0,0,0,0,0,0,111.435629183184,0,0,0,0,139.93285932648,0,0,0,0,0,0,0,0,0,205.839960264176,0,253.401634605989,0,0,0,0
0,335.371040201042,178.748963182352,160.537522273714,164.032723165762,117.208001126138,195.822649557859,0,0,84.3635741045246,90.1317194604647,232.945974238958,94.8881692391942,161.694997919804,0,0,0,0,154.142998692322,0,119.345624434514,0,0,101.350815329073,0,323.781250289068,186.973586461633,96.5937438588657,300.031143529538,151.695570509541,72.2278283150671,106.128596538706,0,0,161.325017232684,186.348837226466,161.275817184598,192.693757128262,0,263.534399241887,0
0,148.808626413748,0,0,241.682021696872,153.609372090384,0,0,146.99041817625,96.7845769653343,131.969743415579,71.5579325720569,0,119.728129215699,320.356811100276,158.567996645797,0,171.230058197369,0,0,219.078548227669,269.936825670274,169.453147353278,0,0,0,214.116367924649,116.176698124939,100.812745974529,0,0,201.100640800745,205.839960264176,161.325017232684,0,357.423078228283,110.384905066973,0,158.955087279859,61.0664810463559,70.4221432298295
192.601533877686,0,0,0,0,0,0,137.189596148386,0,187.77054666536,116.054372245433,94.027247878695,0,0,113.144980278377,306.344527664232,0,0,259.055025639447,0,173.001559092555,0,289.631679007608,0,0,215.611029055736,82.1742780037132,283.88658203332,0,0,0,0,0,186.348837226466,357.423078228283,0,154.065933476765,184.249961885477,0,154.784755881607,218.045528847001
0,0,0,221.805809452716,261.440278806413,262.382215657622,206.472608421747,0,205.09013266389,95.7590805983148,171.906398392157,241.635434294794,78.9559315574845,247.66948903751,321.864157986053,0,98.417953423071,196.032358954952,82.4756938751058,280.376028997576,180.355266595273,89.707245288964,135.294330067913,93.4234866874731,0,208.005106191961,113.059176128709,76.5072790361762,73.4795582048751,0,0,0,253.401634605989,161.275817184598,110.384905066973,154.065933476765,0,103.519938150021,226.825099357786,0,153.453047983244
0,0,0,0,0,0,0,0,112.793316814908,85.6072705949986,0,196.04190773555,0,0,0,225.013371621378,193.055010680236,134.566479261133,173.059382066957,66.5008477853491,0,0,94.126460729827,249.798812580765,0,0,0,92.5207898118833,198.528111506785,188.936291522747,111.226326353722,0,0,192.693757128262,0,184.249961885477,103.519938150021,0,112.823430872325,338.131802716296,133.984214699576
240.185081663983,0,0,89.1590885155172,0,0,209.996727521564,0,80.4367166559625,0,0,224.551207449728,0,0,0,0,0,0,0,0,155.24952173131,0,0,0,128.405764333981,151.806152521152,138.425725342224,136.685314494491,118.522099274347,204.084074037941,0,0,0,0,158.955087279859,0,226.825099357786,112.823430872325,0,0,0
0,114.511014214502,0,122.106946855269,222.053792850439,146.770754374523,173.201474590904,138.33942793804,0,90.7216186966914,146.814226519809,141.204637091722,0,0,73.1029054543569,353.822894641502,0,99.2646516363145,0,213.67670887414,153.876396855887,0,104.915316975638,146.465927798921,0,74.7304794244225,0,345.797434674459,259.442917595754,0,0,78.8552325762656,0,263.534399241887,61.0664810463559,154.784755881607,0,338.131802716296,0,0,135.667029391615
0,0,0,179.718364159796,205.183249704085,0,159.183173818572,101.443495235174,97.3506957544063,154.070293657878,0,198.964527389285,0,223.705816669619,0,0,143.005810983322,0,0,0,0,0,0,193.659409924573,329.719143597451,0,197.893790332676,283.248188884028,177.763106506206,309.997227542691,0,157.852515740516,0,0,70.4221432298295,218.045528847001,153.453047983244,133.984214699576,0,135.667029391615,0
