0,0,0,0,0,0,82.4756938751058,0,0,0,0,0,0,0,0,0,0,0,0,0,0,0,0,0,0,0,0,0,0,215.611029055736,0,0,153.672550905948,154.784755881607,0,0,0,0,0,101.85207633558,252.487290983309
0,0,0,0,0,0,0,249.905610015455,0,0,0,0,0,0,0,0,0,0,0,0,0,0,0,0,0,0,0,98.417953423071,154.065933476765,0,151.036729364761,0,0,0,0,0,115.871357769661,0,153.453047983244,113.144980278377,0
0,0,0,0,0,0,0,0,0,0,0,0,0,0,0,0,0,0,0,0,231.715271819474,0,168.241326865882,0,0,0,0,178.683678585178,0,0,0,169.742003380707,0,0,0,131.969743415579,0,0,0,0,0
0,0,0,0,0,0,161.325017232684,0,0,62.311273509377,94.9380989123498,0,0,0,0,163.945208919892,0,0,0,97.3232815600345,0,0,217.157696745803,116.176698124939,0,0,0,112.793316814908,146.99041817625,0,0,0,0,161.694997919804,0,0,263.534399241887,95.7590805983148,0,0,128.530575464043
0,0,0,0,0,236.681907140956,0,0,74.4197823064597,0,205.839960264176,188.936291522747,0,0,0,0,118.522099274347,0,110.384905066973,0,202.712457066107,0,0,208.005106191961,0,180.543851962045,193.777661225572,0,0,0,0,0,195.378266313867,251.098274723989,93.4234866874731,0,111.226326353722,0,0,0,0
0,0,0,0,236.681907140956,0,0,0,0,0,135.667029391615,141.204637091722,0,0,0,0,0,0,114.511014214502,0,0,0,100.812745974529,0,0,171.230058197369,348.674510760064,137.239127032733,85.7623170715703,321.864157986053,0,0,0,241.635434294794,306.344527664232,0,333.645516435298,163.059043292369,0,0,0
82.4756938751058,0,0,161.325017232684,0,0,0,80.8080171296381,0,0,0,0,116.054372245433,0,0,0,0,0,0,0,73.4795582048751,0,0,0,204.084074037941,108.136066660554,241.57250333243,0,0,0,0,224.551207449728,0,186.973586461633,133.218162784108,0,0,101.605593487621,0,224.523755099568,0
0,249.905610015455,0,0,0,0,80.8080171296381,0,0,0,0,0,0,115.194491798135,153.876396855887,0,283.88658203332,0,0,0,146.770754374523,0,0,211.840482897052,0,0,321.124897279917,0,101.5853655613,0,0,0,0,247.66948903751,197.486504603685,196.032358954952,148.808626413748,0,157.852515740516,82.1742780037132,104.369974912428
0,0,0,0,74.4197823064597,0,0,0,0,0,82.6299537488922,94.027247878695,0,0,0,158.955087279859,0,0,0,0,0,0,0,255.441154257905,0,0,89.9429017381717,209.996727521564,0,0,0,0,0,0,178.224497384947,323.781250289068,99.3508940827211,231.050882209,0,0,0
0,0,0,62.311273509377,0,0,0,0,0,0,169.453147353278,0,0,90.1317194604647,0,0,0,192.135034768848,175.196329314064,128.405764333981,0,0,0,61.0664810463559,0,80.4367166559625,151.075371308616,115.541295036174,0,114.649126378906,0,173.059382066957,0,78.8552325762656,180.90030328818,0,154.142998692322,186.348837226466,0,98.6790043377568,161.275817184598
0,0,0,94.9380989123498,205.839960264176,135.667029391615,0,0,82.6299537488922,169.453147353278,0,0,0,227.504408813069,165.597665022977,0,0,0,0,0,0,171.906398392157,161.74915061469,119.345624434514,0,81.9664354533492,0,188.851177466023,106.128596538706,0,0,0,0,0,0,0,109.093416850988,0,193.055010680236,179.718364159796,0
0,0,0,0,188.936291522747,141.204637091722,0,0,94.027247878695,0,0,0,0,0,153.609372090384,0,0,76.5072790361762,0,137.189596148386,205.09013266389,92.5207898118833,259.055025639447,0,0,140.574866691684,89.707245288964,151.01089327964,219.040656038919,0,0,101.350815329073,0,93.5029580098427,173.001559092555,138.33942793804,198.528111506785,72.2278283150671,0,206.472608421747,183.786860782462
0,0,0,0,0,0,116.054372245433,0,0,0,0,0,0,0,0,0,97.5855511246009,0,0,204.481117647118,0,0,0,0,0,0,0,122.106946855269,0,0,0,0,0,0,0,0,0,173.201474590904,0,261.440278806413,0
0,0,0,0,0,0,0,115.194491798135,0,90.1317194604647,227.504408813069,0,0,0,0,200.878319874537,0,0,0,0,106.533627130087,0,0,89.1590885155172,0,0,0,134.566479261133,0,0,0,0,0,283.248188884028,151.695570509541,213.67670887414,71.4788760670054,159.183173818572,0,160.537522273714,193.659409924573
0,0,0,0,0,0,0,153.876396855887,0,0,165.597665022977,153.609372090384,0,0,0,241.682021696872,0,0,0,0,276.620869034647,0,0,0,191.519780382943,0,143.005810983322,104.915316975638,212.592150359921,0,0,0,0,67.8267069095267,97.3506957544063,0,0,0,0,280.376028997576,0
0,0,0,163.945208919892,0,0,0,0,158.955087279859,0,0,0,0,200.878319874537,241.682021696872,0,0,0,0,90.7216186966914,0,325.937289045041,0,0,0,0,0,353.822894641502,0,0,0,0,0,0,101.443495235174,196.04190773555,66.5008477853491,0,0,0,199.492852797962
0,0,0,0,118.522099274347,0,0,283.88658203332,0,0,0,0,97.5855511246009,0,0,0,0,0,0,0,0,0,269.936825670274,0,0,74.7304794244225,0,136.685314494491,0,0,0,0,155.24952173131,240.185081663983,0,0,309.997227542691,0,0,0,218.045528847001
0,0,0,0,0,0,0,0,0,192.135034768848,0,76.5072790361762,0,0,0,0,0,0,0,0,0,0,73.1029054543569,0,146.814226519809,0,195.822649557859,0,136.792307586862,0,0,0,0,0,242.790381480436,0,178.748963182352,0,0,0,226.825099357786
0,0,0,0,110.384905066973,114.511014214502,0,0,0,175.196329314064,0,0,0,0,0,0,0,0,0,0,0,0,0,206.912707094411,96.5937438588657,0,134.960780198024,125.81518738273,222.053792850439,0,0,84.3635741045246,0,0,0,0,172.608400267715,338.131802716296,0,103.519938150021,0
0,0,0,97.3232815600345,0,0,0,0,0,128.405764333981,0,137.189596148386,204.481117647118,0,0,90.7216186966914,0,0,0,0,0,71.5579325720569,250.461724766314,81.2827395071039,125.416941482916,0,0,0,98.2230592632363,0,0,0,0,161.302948562323,249.798812580765,0,151.806152521152,303.527509149359,329.719143597451,137.177378802006,214.116367924649
0,0,231.715271819474,0,202.712457066107,0,73.4795582048751,146.770754374523,0,0,0,205.09013266389,0,106.533627130087,276.620869034647,0,0,0,0,0,0,0,0,0,0,142.385058730083,0,106.926813611922,0,75.4497121078207,0,0,0,0,94.8881692391942,0,139.792601838991,0,0,201.44584889478,0
0,0,0,0,0,0,0,0,0,0,171.906398392157,92.5207898118833,0,0,0,325.937289045041,0,0,0,71.5579325720569,0,0,219.078548227669,101.895308036513,0,0,0,0,0,0,0,0,0,0,0,92.3502314520023,177.763106506206,0,0,0,0
0,0,168.241326865882,217.157696745803,0,100.812745974529,0,0,0,0,161.74915061469,259.055025639447,0,0,0,0,269.936825670274,73.1029054543569,0,250.461724766314,0,219.078548227669,0,0,115.868441404982,0,117.208001126138,289.631679007608,0,0,87.8456058929559,94.7280504127031,0,0,0,0,112.349934713559,0,0,0,0
0,0,0,116.176698124939,208.005106191961,0,0,211.840482897052,255.441154257905,61.0664810463559,119.345624434514,0,0,89.1590885155172,0,0,0,0,206.912707094411,81.2827395071039,0,101.895308036513,0,0,0,174.013630695256,124.698445421759,0,164.032723165762,0,0,0,0,154.070293657878,0,0,238.934743274142,111.435629183184,184.249961885477,112.823430872325,345.797434674459
0,0,0,0,0,0,204.084074037941,0,0,0,0,0,0,0,191.519780382943,0,0,146.814226519809,96.5937438588657,125.416941482916,0,0,115.868441404982,0,0,0,58.3493451392805,192.693757128262,0,0,0,0,0,0,162.833808134102,0,0,0,0,165.893015276821,0
0,0,0,0,180.543851962045,171.230058197369,108.136066660554,0,0,80.4367166559625,81.9664354533492,140.574866691684,0,0,0,0,74.7304794244225,0,0,0,142.385058730083,0,0,174.013630695256,0,0,115.114253591495,160.530221557972,300.031143529538,197.893790332676,0,0,0,220.901129804706,125.994729980093,192.601533877686,228.792310020318,198.964527389285,0,195.314816908693,108.381749703452
0,0,0,0,193.777661225572,348.674510760064,241.57250333243,321.124897279917,89.9429017381717,151.075371308616,0,89.707245288964,0,0,143.005810983322,0,0,195.822649557859,134.960780198024,0,0,0,117.208001126138,124.698445421759,58.3493451392805,115.114253591495,0,120.912756812582,0,0,0,0,0,0,113.059176128709,92.5568465385234,106.33736463831,0,284.529238481835,0,314.611698427915
0,98.417953423071,178.683678585178,112.793316814908,0,137.239127032733,0,0,209.996727521564,115.541295036174,188.851177466023,151.01089327964,122.106946855269,134.566479261133,104.915316975638,353.822894641502,136.685314494491,0,125.81518738273,0,106.926813611922,0,289.631679007608,0,192.693757128262,160.530221557972,120.912756812582,0,347.376449530863,172.892533368851,0,0,150.161410108805,62.859596780235,0,96.7845769653343,219.430938885781,205.183249704085,133.984214699576,0,0
0,154.065933476765,0,146.99041817625,0,85.7623170715703,0,101.5853655613,0,0,106.128596538706,219.040656038919,0,0,212.592150359921,0,0,136.792307586862,222.053792850439,98.2230592632363,0,0,0,164.032723165762,0,300.031143529538,0,347.376449530863,0,0,0,193.63278243493,0,115.332064605654,135.294330067913,145.74089716123,74.5815074003433,201.100640800745,0,82.6426202489162,261.605527103798
215.611029055736,0,0,0,0,321.864157986053,0,0,0,114.649126378906,0,0,0,0,0,0,0,0,0,0,75.4497121078207,0,0,0,0,197.893790332676,0,172.892533368851,0,0,223.705816669619,0,0,142.054529471577,89.3673883748406,0,181.316358113209,0,0,146.465927798921,0
0,151.036729364761,0,0,0,0,0,0,0,0,0,0,0,0,0,0,0,0,0,0,0,0,87.8456058929559,0,0,0,0,0,0,223.705816669619,0,0,0,221.805809452716,0,120.567029282014,0,0,139.93285932648,0,0
0,0,169.742003380707,0,0,0,224.551207449728,0,0,173.059382066957,0,101.350815329073,0,0,0,0,0,0,84.3635741045246,0,0,0,94.7280504127031,0,0,0,0,0,193.63278243493,0,0,0,0,94.126460729827,0,139.654362654449,0,0,70.4221432298295,0,138.425725342224
153.672550905948,0,0,0,195.378266313867,0,0,0,0,0,0,0,0,0,0,0,155.24952173131,0,0,0,0,0,0,0,0,0,0,150.161410108805,0,0,0,0,0,0,0,0,0,167.066576495979,0,0,0
154.784755881607,0,0,161.694997919804,251.098274723989,241.635434294794,186.973586461633,247.66948903751,0,78.8552325762656,0,93.5029580098427,0,283.248188884028,67.8267069095267,0,240.185081663983,0,0,161.302948562323,0,0,0,154.070293657878,0,220.901129804706,0,62.859596780235,115.332064605654,142.054529471577,221.805809452716,94.126460729827,0,0,78.9559315574845,124.853650664477,180.355266595273,262.382215657622,158.567996645797,225.013371621378,173.538155409849
0,0,0,0,93.4234866874731,306.344527664232,133.218162784108,197.486504603685,178.224497384947,180.90030328818,0,173.001559092555,0,151.695570509541,97.3506957544063,101.443495235174,0,242.790381480436,0,249.798812580765,94.8881692391942,0,0,0,162.833808134102,125.994729980093,113.059176128709,0,135.294330067913,89.3673883748406,0,0,0,78.9559315574845,0,128.846764897717,194.442125915551,320.356811100276,85.6072705949986,228.075434767255,232.945974238958
0,0,131.969743415579,0,0,0,0,196.032358954952,323.781250289068,0,0,138.33942793804,0,213.67670887414,0,196.04190773555,0,0,0,0,0,92.3502314520023,0,0,0,192.601533877686,92.5568465385234,96.7845769653343,145.74089716123,0,120.567029282014,139.654362654449,0,124.853650664477,128.846764897717,0,357.423078228283,0,94.7529894315991,99.2646516363145,335.371040201042
0,115.871357769661,0,263.534399241887,111.226326353722,333.645516435298,0,148.808626413748,99.3508940827211,154.142998692322,109.093416850988,198.528111506785,0,71.4788760670054,0,66.5008477853491,309.997227542691,178.748963182352,172.608400267715,151.806152521152,139.792601838991,177.763106506206,112.349934713559,238.934743274142,0,228.792310020318,106.33736463831,219.430938885781,74.5815074003433,181.316358113209,0,0,0,180.355266595273,194.442125915551,357.423078228283,0,119.728129215699,0,190.185165668632,306.640284138334
0,0,0,95.7590805983148,0,163.059043292369,101.605593487621,0,231.050882209,186.348837226466,0,72.2278283150671,173.201474590904,159.183173818572,0,0,0,0,338.131802716296,303.527509149359,0,0,0,111.435629183184,0,198.964527389285,0,205.183249704085,201.100640800745,0,0,0,167.066576495979,262.382215657622,320.356811100276,0,119.728129215699,0,253.401634605989,259.442917595754,0
0,153.453047983244,0,0,0,0,0,157.852515740516,0,0,193.055010680236,0,0,0,0,0,0,0,0,329.719143597451,0,0,0,184.249961885477,0,0,284.529238481835,133.984214699576,0,0,139.93285932648,70.4221432298295,0,158.567996645797,85.6072705949986,94.7529894315991,0,253.401634605989,0,155.901486485736,220.963068032256
101.85207633558,113.144980278377,0,0,0,0,224.523755099568,82.1742780037132,0,98.6790043377568,179.718364159796,206.472608421747,261.440278806413,160.537522273714,280.376028997576,0,0,0,103.519938150021,137.177378802006,201.44584889478,0,0,112.823430872325,165.893015276821,195.314816908693,0,0,82.6426202489162,146.465927798921,0,0,0,225.013371621378,228.075434767255,99.2646516363145,190.185165668632,259.442917595754,155.901486485736,0,187.77054666536
252.487290983309,0,0,128.530575464043,0,0,0,104.369974912428,0,161.275817184598,0,183.786860782462,0,193.659409924573,0,199.492852797962,218.045528847001,226.825099357786,0,214.116367924649,0,0,0,345.797434674459,0,108.381749703452,314.611698427915,0,261.605527103798,0,0,138.425725342224,0,173.538155409849,232.945974238958,335.371040201042,306.640284138334,0,220.963068032256,187.77054666536,0
