0,0,0,0,0,0,0,0,0,0,0,138.33942793804,0,0,0,0,0,0,0,0,0,0,0,0,0,0,0,261.605527103798,0,0,0,0,0,196.032358954952,0,0,205.839960264176,0,0,321.124897279917,151.075371308616
0,0,0,0,0,0,80.8080171296381,0,161.275817184598,0,0,178.748963182352,0,0,0,0,0,0,0,101.443495235174,0,0,0,0,0,0,0,125.81518738273,0,0,0,0,0,0,0,0,0,115.868441404982,0,192.135034768848,0
0,0,0,175.196329314064,0,0,0,0,0,151.036729364761,0,0,0,0,0,97.3232815600345,0,0,0,0,0,0,0,0,0,0,0,82.6299537488922,0,0,0,0,0,104.369974912428,0,0,0,0,0,0,0
0,0,175.196329314064,0,0,0,0,0,0,0,0,0,0,137.239127032733,0,0,0,0,0,58.3493451392805,195.314816908693,0,0,0,0,195.822649557859,161.74915061469,74.7304794244225,306.344527664232,231.050882209,0,0,0,0,0,249.905610015455,0,154.784755881607,87.8456058929559,93.5029580098427,0
0,0,0,0,0,247.66948903751,0,137.189596148386,329.719143597451,112.349934713559,0,136.792307586862,0,0,128.405764333981,0,0,0,0,0,0,0,0,0,0,0,225.013371621378,201.44584889478,0,0,0,0,0,116.054372245433,111.435629183184,0,161.325017232684,0,232.945974238958,67.8267069095267,146.99041817625
0,0,0,0,247.66948903751,0,0,0,0,125.416941482916,0,0,0,0,0,0,0,0,194.442125915551,0,0,0,180.355266595273,0,138.425725342224,224.551207449728,0,85.7623170715703,62.311273509377,353.822894641502,0,0,113.059176128709,209.996727521564,115.194491798135,0,104.915316975638,89.9429017381717,0,0,0
0,80.8080171296381,0,0,0,0,0,0,259.442917595754,0,0,0,0,0,0,269.936825670274,106.533627130087,0,141.204637091722,0,0,0,0,133.218162784108,0,0,154.070293657878,0,0,0,0,0,0,96.5937438588657,139.654362654449,158.567996645797,73.1029054543569,0,0,119.728129215699,146.770754374523
0,0,0,0,137.189596148386,0,0,0,0,0,0,94.126460729827,0,0,92.5568465385234,253.401634605989,81.9664354533492,143.005810983322,0,0,0,92.5207898118833,231.715271819474,171.230058197369,0,0,0,228.075434767255,218.045528847001,0,0,0,0,0,93.4234866874731,94.027247878695,0,101.85207633558,136.685314494491,0,95.7590805983148
0,161.275817184598,0,0,329.719143597451,0,259.442917595754,0,0,0,0,0,0,0,0,0,0,0,0,0,0,0,0,0,0,0,220.963068032256,0,0,183.786860782462,0,0,0,0,151.806152521152,71.4788760670054,217.157696745803,139.93285932648,0,131.969743415579,146.465927798921
0,0,151.036729364761,0,112.349934713559,125.416941482916,0,0,0,0,115.541295036174,116.176698124939,252.487290983309,0,0,0,262.382215657622,0,89.1590885155172,140.574866691684,0,0,0,0,0,0,155.901486485736,300.031143529538,0,0,82.6426202489162,0,0,108.381749703452,159.183173818572,103.519938150021,155.24952173131,0,0,180.543851962045,259.055025639447
0,0,0,0,0,0,0,0,0,115.541295036174,0,71.5579325720569,0,0,0,0,0,0,193.055010680236,0,0,0,168.241326865882,357.423078228283,125.994729980093,134.960780198024,169.453147353278,122.106946855269,184.249961885477,0,0,101.5853655613,0,75.4497121078207,280.376028997576,0,172.608400267715,0,223.705816669619,111.226326353722,0
138.33942793804,178.748963182352,0,0,136.792307586862,0,0,94.126460729827,0,116.176698124939,71.5579325720569,0,0,0,0,0,0,0,0,99.3508940827211,177.763106506206,90.7216186966914,238.934743274142,192.601533877686,0,0,193.63278243493,221.805809452716,227.504408813069,161.302948562323,0,306.640284138334,0,0,188.851177466023,163.059043292369,0,323.781250289068,325.937289045041,0,186.973586461633
0,0,0,0,0,0,0,0,0,252.487290983309,0,0,0,0,0,0,0,0,0,0,0,0,0,0,0,0,0,82.4756938751058,283.248188884028,0,0,255.441154257905,0,0,0,0,198.528111506785,0,0,0,195.378266313867
0,0,0,137.239127032733,0,0,0,0,0,0,0,0,0,0,74.4197823064597,0,0,0,0,187.77054666536,0,0,0,198.964527389285,137.177378802006,173.059382066957,98.2230592632363,0,0,0,0,98.417953423071,0,0,78.8552325762656,251.098274723989,211.840482897052,0,172.892533368851,76.5072790361762,109.093416850988
0,0,0,0,128.405764333981,0,0,92.5568465385234,0,0,0,0,0,74.4197823064597,0,0,0,224.523755099568,321.864157986053,0,205.09013266389,0,0,180.90030328818,0,169.742003380707,348.674510760064,0,61.0664810463559,0,0,0,0,0,0,0,0,110.384905066973,0,220.901129804706,0
0,0,97.3232815600345,0,0,0,269.936825670274,253.401634605989,0,0,0,0,0,0,0,0,0,0,0,0,0,196.04190773555,0,208.005106191961,157.852515740516,0,0,94.8881692391942,0,0,0,0,0,0,0,204.481117647118,112.793316814908,338.131802716296,0,249.798812580765,0
0,0,0,0,0,0,106.533627130087,81.9664354533492,0,262.382215657622,0,0,0,0,0,0,0,0,0,199.492852797962,0,0,0,0,0,0,215.611029055736,134.566479261133,0,0,0,151.01089327964,0,120.567029282014,0,0,97.3506957544063,0,0,80.4367166559625,0
0,0,0,0,0,0,0,143.005810983322,0,0,0,0,0,0,224.523755099568,0,0,0,124.698445421759,0,112.823430872325,0,72.2278283150671,0,0,0,0,0,173.001559092555,0,0,0,0,142.054529471577,0,0,178.683678585178,0,0,0,135.667029391615
0,0,0,0,0,194.442125915551,141.204637091722,0,0,89.1590885155172,193.055010680236,0,0,0,321.864157986053,0,0,124.698445421759,0,174.013630695256,0,0,0,0,0,128.530575464043,0,0,114.511014214502,0,0,261.440278806413,0,0,62.859596780235,0,0,114.649126378906,0,0,0
0,101.443495235174,0,58.3493451392805,0,0,0,0,0,140.574866691684,0,99.3508940827211,0,187.77054666536,0,0,199.492852797962,0,174.013630695256,0,148.808626413748,0,0,84.3635741045246,0,70.4221432298295,0,0,128.846764897717,0,0,165.597665022977,0,0,99.2646516363145,120.912756812582,309.997227542691,0,153.876396855887,284.529238481835,0
0,0,0,195.314816908693,0,0,0,0,0,0,0,177.763106506206,0,0,205.09013266389,0,0,112.823430872325,0,148.808626413748,0,0,0,0,236.681907140956,173.201474590904,0,0,193.659409924573,74.5815074003433,0,0,0,200.878319874537,162.833808134102,0,115.332064605654,0,0,193.777661225572,0
0,0,0,0,0,0,0,92.5207898118833,0,0,0,90.7216186966914,0,0,0,196.04190773555,0,0,0,0,0,0,0,345.797434674459,0,201.100640800745,0,0,0,0,0,0,0,191.519780382943,0,0,179.718364159796,219.078548227669,0,0,0
0,0,0,0,0,180.355266595273,0,231.715271819474,0,0,168.241326865882,238.934743274142,0,0,0,0,0,72.2278283150671,0,0,0,0,0,0,161.694997919804,241.682021696872,0,101.605593487621,115.871357769661,0,0,0,101.895308036513,0,276.620869034647,0,240.185081663983,142.385058730083,228.792310020318,0,197.893790332676
0,0,0,0,0,0,133.218162784108,171.230058197369,0,0,357.423078228283,192.601533877686,0,198.964527389285,180.90030328818,208.005106191961,0,0,0,84.3635741045246,0,345.797434674459,0,0,100.812745974529,89.707245288964,222.053792850439,113.144980278377,0,0,0,0,0,153.672550905948,173.538155409849,0,94.9380989123498,0,66.5008477853491,347.376449530863,303.527509149359
0,0,0,0,0,138.425725342224,0,0,0,0,125.994729980093,0,0,137.177378802006,0,157.852515740516,0,0,0,0,236.681907140956,0,161.694997919804,100.812745974529,0,0,0,163.945208919892,0,97.5855511246009,0,0,0,0,0,0,197.486504603685,0,0,0,0
0,0,0,195.822649557859,0,224.551207449728,0,0,0,0,134.960780198024,0,0,173.059382066957,169.742003380707,0,0,0,128.530575464043,70.4221432298295,173.201474590904,201.100640800745,241.682021696872,89.707245288964,0,0,178.224497384947,106.33736463831,150.161410108805,0,0,0,0,135.294330067913,219.040656038919,151.695570509541,160.537522273714,0,0,206.472608421747,333.645516435298
0,0,0,161.74915061469,225.013371621378,0,154.070293657878,0,220.963068032256,155.901486485736,169.453147353278,193.63278243493,0,98.2230592632363,348.674510760064,0,215.611029055736,0,0,0,0,0,0,222.053792850439,0,178.224497384947,0,92.3502314520023,78.9559315574845,0,139.792601838991,0,0,81.2827395071039,118.522099274347,0,289.631679007608,241.635434294794,0,320.356811100276,0
261.605527103798,125.81518738273,82.6299537488922,74.7304794244225,201.44584889478,85.7623170715703,0,228.075434767255,0,300.031143529538,122.106946855269,221.805809452716,82.4756938751058,0,0,94.8881692391942,134.566479261133,0,0,0,0,0,101.605593487621,113.144980278377,163.945208919892,106.33736463831,92.3502314520023,0,202.712457066107,160.530221557972,0,283.88658203332,133.984214699576,158.955087279859,0,153.453047983244,146.814226519809,0,0,213.67670887414,186.348837226466
0,0,0,306.344527664232,0,62.311273509377,0,218.045528847001,0,0,184.249961885477,227.504408813069,283.248188884028,0,61.0664810463559,0,0,173.001559092555,114.511014214502,128.846764897717,193.659409924573,0,115.871357769661,0,0,150.161410108805,78.9559315574845,202.712457066107,0,0,0,0,0,106.926813611922,190.185165668632,154.065933476765,101.350815329073,0,115.114253591495,0,106.128596538706
0,0,0,231.050882209,0,353.822894641502,0,0,183.786860782462,0,0,161.302948562323,0,0,0,0,0,0,0,0,74.5815074003433,0,0,0,97.5855511246009,0,0,160.530221557972,0,0,0,0,0,0,94.7529894315991,0,219.430938885781,96.7845769653343,0,206.912707094411,0
0,0,0,0,0,0,0,0,0,82.6426202489162,0,0,0,0,0,0,0,0,0,0,0,0,0,0,0,0,139.792601838991,0,0,0,0,0,0,108.136066660554,82.1742780037132,85.6072705949986,204.084074037941,0,0,0,0
0,0,0,0,0,0,0,0,0,0,101.5853655613,306.640284138334,255.441154257905,98.417953423071,0,0,151.01089327964,0,261.440278806413,165.597665022977,0,0,0,0,0,0,0,283.88658203332,0,0,0,0,0,124.853650664477,154.142998692322,171.906398392157,0,0,0,0,0
0,0,0,0,0,113.059176128709,0,0,0,0,0,0,0,0,0,0,0,0,0,0,0,0,101.895308036513,0,0,0,0,133.984214699576,0,0,0,0,0,212.592150359921,0,0,0,242.790381480436,0,0,0
196.032358954952,0,104.369974912428,0,116.054372245433,209.996727521564,96.5937438588657,0,0,108.381749703452,75.4497121078207,0,0,0,0,0,120.567029282014,142.054529471577,0,0,200.878319874537,191.519780382943,0,153.672550905948,0,135.294330067913,81.2827395071039,158.955087279859,106.926813611922,0,108.136066660554,124.853650664477,212.592150359921,0,98.6790043377568,165.893015276821,89.3673883748406,117.208001126138,164.032723165762,205.183249704085,167.066576495979
0,0,0,0,111.435629183184,115.194491798135,139.654362654449,93.4234866874731,151.806152521152,159.183173818572,280.376028997576,188.851177466023,0,78.8552325762656,0,0,0,0,62.859596780235,99.2646516363145,162.833808134102,0,276.620869034647,173.538155409849,0,219.040656038919,118.522099274347,0,190.185165668632,94.7529894315991,82.1742780037132,154.142998692322,0,98.6790043377568,0,0,192.693757128262,188.936291522747,314.611698427915,119.345624434514,0
0,0,0,249.905610015455,0,0,158.567996645797,94.027247878695,71.4788760670054,103.519938150021,0,163.059043292369,0,251.098274723989,0,204.481117647118,0,0,0,120.912756812582,0,0,0,0,0,151.695570509541,0,153.453047983244,154.065933476765,0,85.6072705949986,171.906398392157,0,165.893015276821,0,0,94.7280504127031,153.609372090384,0,181.316358113209,226.825099357786
205.839960264176,0,0,0,161.325017232684,104.915316975638,73.1029054543569,0,217.157696745803,155.24952173131,172.608400267715,0,198.528111506785,211.840482897052,0,112.793316814908,97.3506957544063,178.683678585178,0,309.997227542691,115.332064605654,179.718364159796,240.185081663983,94.9380989123498,197.486504603685,160.537522273714,289.631679007608,146.814226519809,101.350815329073,219.430938885781,204.084074037941,0,0,89.3673883748406,192.693757128262,94.7280504127031,0,0,214.116367924649,335.371040201042,250.461724766314
0,115.868441404982,0,154.784755881607,0,89.9429017381717,0,101.85207633558,139.93285932648,0,0,323.781250289068,0,0,110.384905066973,338.131802716296,0,0,114.649126378906,0,0,219.078548227669,142.385058730083,0,0,0,241.635434294794,0,0,96.7845769653343,0,0,242.790381480436,117.208001126138,188.936291522747,153.609372090384,0,0,90.1317194604647,145.74089716123,241.57250333243
0,0,0,87.8456058929559,232.945974238958,0,0,136.685314494491,0,0,223.705816669619,325.937289045041,0,172.892533368851,0,0,0,0,0,153.876396855887,0,0,228.792310020318,66.5008477853491,0,0,0,0,115.114253591495,0,0,0,0,164.032723165762,314.611698427915,0,214.116367924649,90.1317194604647,0,0,73.4795582048751
321.124897279917,192.135034768848,0,93.5029580098427,67.8267069095267,0,119.728129215699,0,131.969743415579,180.543851962045,111.226326353722,0,0,76.5072790361762,220.901129804706,249.798812580765,80.4367166559625,0,0,284.529238481835,193.777661225572,0,0,347.376449530863,0,206.472608421747,320.356811100276,213.67670887414,0,206.912707094411,0,0,0,205.183249704085,119.345624434514,181.316358113209,335.371040201042,145.74089716123,0,0,263.534399241887
151.075371308616,0,0,0,146.99041817625,0,146.770754374523,95.7590805983148,146.465927798921,259.055025639447,0,186.973586461633,195.378266313867,109.093416850988,0,0,0,135.667029391615,0,0,0,0,197.893790332676,303.527509149359,0,333.645516435298,0,186.348837226466,106.128596538706,0,0,0,0,167.066576495979,0,226.825099357786,250.461724766314,241.57250333243,73.4795582048751,263.534399241887,0
