0,160.537522273714,0,0,0,0,0,0,0,0,0,0,0,0,0,0,0,0,0,0,0,0,0,0,0,0,0,0,94.027247878695,325.937289045041,0,0,0,0,0,101.350815329073,0,0,140.574866691684,0,204.084074037941
160.537522273714,0,0,0,0,0,0,169.453147353278,0,0,0,70.4221432298295,0,0,0,0,0,0,0,0,0,0,0,0,0,241.57250333243,151.036729364761,0,0,0,0,0,0,96.5937438588657,0,0,0,0,0,151.01089327964,0
0,0,0,0,0,193.777661225572,0,0,0,0,0,0,0,0,0,0,0,0,0,0,0,142.385058730083,0,0,0,0,104.369974912428,0,0,0,0,0,0,0,73.1029054543569,0,225.013371621378,0,0,0,0
0,0,0,0,0,0,0,114.649126378906,0,0,87.8456058929559,0,0,138.425725342224,0,0,143.005810983322,0,0,0,0,0,128.405764333981,0,101.443495235174,0,113.059176128709,172.608400267715,0,0,0,154.784755881607,0,255.441154257905,0,89.1590885155172,198.528111506785,62.311273509377,0,0,0
0,0,0,0,0,80.8080171296381,0,108.136066660554,0,89.9429017381717,0,0,0,219.040656038919,0,142.054529471577,0,0,195.378266313867,0,0,0,0,217.157696745803,0,0,183.786860782462,134.566479261133,0,0,0,0,0,231.715271819474,197.486504603685,175.196329314064,357.423078228283,0,0,125.994729980093,0
0,0,193.777661225572,0,80.8080171296381,0,0,0,97.5855511246009,0,98.417953423071,161.694997919804,0,0,0,0,0,0,98.6790043377568,241.682021696872,0,0,0,0,0,158.955087279859,0,0,0,232.945974238958,0,0,0,0,196.04190773555,58.3493451392805,136.685314494491,120.912756812582,0,168.241326865882,0
0,0,0,0,0,0,0,111.226326353722,157.852515740516,0,191.519780382943,154.070293657878,0,0,0,0,0,0,0,178.224497384947,0,0,0,165.597665022977,0,138.33942793804,0,174.013630695256,0,0,0,0,0,0,71.5579325720569,309.997227542691,0,212.592150359921,0,85.7623170715703,250.461724766314
0,169.453147353278,0,114.649126378906,108.136066660554,0,111.226326353722,0,0,347.376449530863,0,0,209.996727521564,0,0,0,0,0,228.075434767255,0,0,0,0,114.511014214502,0,95.7590805983148,0,222.053792850439,221.805809452716,0,0,0,0,201.100640800745,0,0,94.126460729827,0,303.527509149359,195.822649557859,108.381749703452
0,0,0,0,0,97.5855511246009,157.852515740516,0,0,0,0,284.529238481835,0,82.6426202489162,0,0,0,0,0,0,82.1742780037132,0,0,0,0,101.895308036513,112.823430872325,0,136.792307586862,0,0,0,0,0,115.332064605654,0,0,186.348837226466,141.204637091722,0,0
0,0,0,0,89.9429017381717,0,0,347.376449530863,0,0,0,201.44584889478,0,0,0,224.551207449728,0,0,0,0,109.093416850988,0,101.85207633558,164.032723165762,0,0,0,0,204.481117647118,321.124897279917,0,0,81.2827395071039,122.106946855269,97.3506957544063,198.964527389285,116.054372245433,215.611029055736,62.859596780235,173.201474590904,112.793316814908
0,0,0,87.8456058929559,0,98.417953423071,191.519780382943,0,0,0,0,0,0,0,0,0,289.631679007608,0,0,200.878319874537,113.144980278377,0,0,353.822894641502,99.3508940827211,74.5815074003433,0,92.5207898118833,205.183249704085,0,0,0,153.672550905948,0,348.674510760064,280.376028997576,0,112.349934713559,0,249.798812580765,0
0,70.4221432298295,0,0,0,161.694997919804,154.070293657878,0,284.529238481835,201.44584889478,0,0,0,155.901486485736,155.24952173131,214.116367924649,0,0,251.098274723989,0,0,0,0,0,72.2278283150671,194.442125915551,0,78.8552325762656,338.131802716296,0,0,133.218162784108,0,320.356811100276,173.001559092555,133.984214699576,115.194491798135,124.698445421759,119.728129215699,159.183173818572,0
0,0,0,0,0,0,0,209.996727521564,0,0,0,0,0,0,0,0,0,0,0,0,0,0,0,0,0,0,0,0,0,0,0,0,0,236.681907140956,90.1317194604647,0,66.5008477853491,137.189596148386,0,240.185081663983,0
0,0,0,138.425725342224,219.040656038919,0,0,0,82.6426202489162,0,0,155.901486485736,0,0,0,135.294330067913,0,0,0,335.371040201042,0,0,116.176698124939,0,0,0,0,153.609372090384,98.2230592632363,0,146.465927798921,92.5568465385234,0,71.4788760670054,0,0,193.63278243493,81.9664354533492,0,0,0
0,0,0,0,0,0,0,0,0,0,0,155.24952173131,0,0,0,0,187.77054666536,0,0,171.906398392157,0,0,0,0,226.825099357786,89.707245288964,0,0,0,0,0,227.504408813069,0,262.382215657622,224.523755099568,93.4234866874731,74.4197823064597,0,0,124.853650664477,150.161410108805
0,0,0,0,142.054529471577,0,0,0,0,224.551207449728,0,214.116367924649,0,135.294330067913,0,0,0,0,104.915316975638,0,0,0,0,0,0,0,0,0,120.567029282014,0,0,0,0,67.8267069095267,0,314.611698427915,195.314816908693,0,78.9559315574845,75.4497121078207,0
0,0,0,143.005810983322,0,0,0,0,0,0,289.631679007608,0,0,0,187.77054666536,0,0,0,0,0,0,0,0,0,92.3502314520023,0,0,161.302948562323,106.926813611922,0,0,0,0,0,161.275817184598,0,205.839960264176,0,0,231.050882209,228.792310020318
0,0,0,0,0,0,0,0,0,0,0,0,0,0,0,0,0,0,0,0,0,0,89.3673883748406,0,0,146.814226519809,345.797434674459,208.005106191961,163.059043292369,0,0,0,0,160.530221557972,0,0,306.640284138334,0,125.81518738273,139.93285932648,0
0,0,0,0,195.378266313867,98.6790043377568,0,228.075434767255,0,0,0,251.098274723989,0,0,0,104.915316975638,0,0,0,0,0,0,0,0,0,134.960780198024,220.901129804706,158.567996645797,0,0,0,119.345624434514,0,238.934743274142,0,99.2646516363145,0,0,0,161.74915061469,0
0,0,0,0,0,241.682021696872,178.224497384947,0,0,0,200.878319874537,0,0,335.371040201042,171.906398392157,0,0,0,0,0,0,173.059382066957,205.09013266389,171.230058197369,0,96.7845769653343,97.3232815600345,153.876396855887,193.055010680236,0,0,84.3635741045246,0,0,167.066576495979,0,306.344527664232,0,0,125.416941482916,252.487290983309
0,0,0,0,0,0,0,0,82.1742780037132,109.093416850988,113.144980278377,0,0,0,0,0,0,0,0,0,0,0,74.7304794244225,0,0,0,177.763106506206,192.693757128262,103.519938150021,0,82.4756938751058,0,0,223.705816669619,0,0,90.7216186966914,0,128.530575464043,151.695570509541,135.667029391615
0,0,142.385058730083,0,0,0,0,0,0,0,0,0,0,0,0,0,0,0,0,173.059382066957,0,0,0,181.316358113209,0,0,151.806152521152,180.355266595273,0,0,0,0,0,0,321.864157986053,0,115.868441404982,0,0,253.401634605989,0
0,0,0,128.405764333981,0,0,0,0,0,101.85207633558,0,0,0,116.176698124939,0,0,0,89.3673883748406,0,205.09013266389,74.7304794244225,0,0,0,0,261.440278806413,0,0,184.249961885477,219.078548227669,0,0,0,118.522099274347,0,0,323.781250289068,192.601533877686,218.045528847001,101.605593487621,259.442917595754
0,0,0,0,217.157696745803,0,165.597665022977,114.511014214502,0,164.032723165762,353.822894641502,0,0,0,0,0,0,0,0,171.230058197369,0,181.316358113209,0,0,0,263.534399241887,0,93.5029580098427,261.605527103798,0,0,153.453047983244,0,85.6072705949986,333.645516435298,101.5853655613,192.135034768848,165.893015276821,131.969743415579,146.99041817625,139.654362654449
0,0,0,101.443495235174,0,0,0,0,0,0,99.3508940827211,72.2278283150671,0,0,226.825099357786,0,92.3502314520023,0,0,0,0,0,0,0,0,0,115.114253591495,276.620869034647,0,0,0,0,0,0,186.973586461633,0,0,0,61.0664810463559,0,115.541295036174
0,241.57250333243,0,0,0,158.955087279859,138.33942793804,95.7590805983148,101.895308036513,0,74.5815074003433,194.442125915551,0,0,89.707245288964,0,0,146.814226519809,134.960780198024,96.7845769653343,0,0,261.440278806413,263.534399241887,0,0,300.031143529538,0,0,0,0,0,0,0,220.963068032256,76.5072790361762,137.177378802006,82.6299537488922,94.7529894315991,0,269.936825670274
0,151.036729364761,104.369974912428,113.059176128709,183.786860782462,0,0,0,112.823430872325,0,0,0,0,0,0,0,0,345.797434674459,220.901129804706,97.3232815600345,177.763106506206,151.806152521152,0,0,115.114253591495,300.031143529538,0,247.66948903751,0,242.790381480436,0,0,0,178.748963182352,179.718364159796,0,213.67670887414,197.893790332676,196.032358954952,219.430938885781,0
0,0,0,172.608400267715,134.566479261133,0,174.013630695256,222.053792850439,0,0,92.5207898118833,78.8552325762656,0,153.609372090384,0,0,161.302948562323,208.005106191961,158.567996645797,153.876396855887,192.693757128262,180.355266595273,0,93.5029580098427,276.620869034647,0,247.66948903751,0,190.185165668632,137.239127032733,180.543851962045,115.871357769661,0,241.635434294794,178.683678585178,283.248188884028,199.492852797962,0,94.8881692391942,249.905610015455,283.88658203332
94.027247878695,0,0,0,0,0,0,221.805809452716,136.792307586862,204.481117647118,205.183249704085,338.131802716296,0,98.2230592632363,0,120.567029282014,106.926813611922,163.059043292369,0,193.055010680236,103.519938150021,0,184.249961885477,261.605527103798,0,0,0,190.185165668632,0,151.075371308616,0,0,0,211.840482897052,94.7280504127031,0,154.142998692322,172.892533368851,0,0,128.846764897717
325.937289045041,0,0,0,0,232.945974238958,0,0,0,321.124897279917,0,0,0,0,0,0,0,0,0,0,0,0,219.078548227669,0,0,0,242.790381480436,137.239127032733,151.075371308616,0,0,0,0,0,148.808626413748,202.712457066107,193.659409924573,0,0,0,117.208001126138
0,0,0,0,0,0,0,0,0,0,0,0,0,146.465927798921,0,0,0,0,0,0,82.4756938751058,0,0,0,0,0,0,180.543851962045,0,0,0,0,163.945208919892,0,146.770754374523,0,173.538155409849,0,0,0,0
0,0,0,154.784755881607,0,0,0,0,0,0,0,133.218162784108,0,92.5568465385234,227.504408813069,0,0,0,119.345624434514,84.3635741045246,0,0,0,153.453047983244,0,0,0,115.871357769661,0,0,0,0,0,154.065933476765,0,0,94.9380989123498,0,0,0,188.936291522747
0,0,0,0,0,0,0,0,0,81.2827395071039,153.672550905948,0,0,0,0,0,0,0,0,0,0,0,0,0,0,0,0,0,0,0,163.945208919892,0,0,206.912707094411,0,0,0,0,0,0,145.74089716123
0,96.5937438588657,0,255.441154257905,231.715271819474,0,0,201.100640800745,0,122.106946855269,0,320.356811100276,236.681907140956,71.4788760670054,262.382215657622,67.8267069095267,0,160.530221557972,238.934743274142,0,223.705816669619,0,118.522099274347,85.6072705949986,0,0,178.748963182352,241.635434294794,211.840482897052,0,0,154.065933476765,206.912707094411,0,162.833808134102,0,206.472608421747,180.90030328818,73.4795582048751,161.325017232684,106.128596538706
0,0,73.1029054543569,0,197.486504603685,196.04190773555,71.5579325720569,0,115.332064605654,97.3506957544063,348.674510760064,173.001559092555,90.1317194604647,0,224.523755099568,0,161.275817184598,0,0,167.066576495979,0,321.864157986053,0,333.645516435298,186.973586461633,220.963068032256,179.718364159796,178.683678585178,94.7280504127031,148.808626413748,146.770754374523,0,0,162.833808134102,0,329.719143597451,169.742003380707,80.4367166559625,0,0,0
101.350815329073,0,0,89.1590885155172,175.196329314064,58.3493451392805,309.997227542691,0,0,198.964527389285,280.376028997576,133.984214699576,0,0,93.4234866874731,314.611698427915,0,0,99.2646516363145,0,0,0,0,101.5853655613,0,76.5072790361762,0,283.248188884028,0,202.712457066107,0,0,0,0,329.719143597451,0,139.792601838991,106.533627130087,0,106.33736463831,0
0,0,225.013371621378,198.528111506785,357.423078228283,136.685314494491,0,94.126460729827,0,116.054372245433,0,115.194491798135,66.5008477853491,193.63278243493,74.4197823064597,195.314816908693,205.839960264176,306.640284138334,0,306.344527664232,90.7216186966914,115.868441404982,323.781250289068,192.135034768848,0,137.177378802006,213.67670887414,199.492852797962,154.142998692322,193.659409924573,173.538155409849,94.9380989123498,0,206.472608421747,169.742003380707,139.792601838991,0,188.851177466023,0,0,111.435629183184
0,0,0,62.311273509377,0,120.912756812582,212.592150359921,0,186.348837226466,215.611029055736,112.349934713559,124.698445421759,137.189596148386,81.9664354533492,0,0,0,0,0,0,0,0,192.601533877686,165.893015276821,0,82.6299537488922,197.893790332676,0,172.892533368851,0,0,0,0,180.90030328818,80.4367166559625,106.533627130087,188.851177466023,0,0,100.812745974529,259.055025639447
140.574866691684,0,0,0,0,0,0,303.527509149359,141.204637091722,62.859596780235,0,119.728129215699,0,0,0,78.9559315574845,0,125.81518738273,0,0,128.530575464043,0,218.045528847001,131.969743415579,61.0664810463559,94.7529894315991,196.032358954952,94.8881692391942,0,0,0,0,0,73.4795582048751,0,0,0,0,0,0,0
0,151.01089327964,0,0,125.994729980093,168.241326865882,85.7623170715703,195.822649557859,0,173.201474590904,249.798812580765,159.183173818572,240.185081663983,0,124.853650664477,75.4497121078207,231.050882209,139.93285932648,161.74915061469,125.416941482916,151.695570509541,253.401634605989,101.605593487621,146.99041817625,0,0,219.430938885781,249.905610015455,0,0,0,0,0,161.325017232684,0,106.33736463831,0,100.812745974529,0,0,110.384905066973
204.084074037941,0,0,0,0,0,250.461724766314,108.381749703452,0,112.793316814908,0,0,0,0,150.161410108805,0,228.792310020318,0,0,252.487290983309,135.667029391615,0,259.442917595754,139.654362654449,115.541295036174,269.936825670274,0,283.88658203332,128.846764897717,117.208001126138,0,188.936291522747,145.74089716123,106.128596538706,0,0,111.435629183184,259.055025639447,0,110.384905066973,0
