0,0,0,0,0,0,0,0,0,158.567996645797,0,0,0,0,252.487290983309,0,0,0,0,0,0,0,0,0,0,0,0,0,0,0,0,0,0,154.065933476765,0,219.430938885781,205.183249704085,99.2646516363145,0,0,0
0,0,0,241.682021696872,0,0,0,0,142.385058730083,0,0,92.5568465385234,0,0,0,0,0,0,0,0,0,0,0,0,0,0,0,0,0,0,0,0,0,104.369974912428,0,0,0,197.893790332676,213.67670887414,201.100640800745,0
0,0,0,0,0,0,0,0,0,0,0,0,0,0,0,0,0,0,205.09013266389,0,0,0,0,255.441154257905,0,0,0,0,0,0,0,0,0,0,0,0,98.2230592632363,81.2827395071039,0,161.302948562323,0
0,241.682021696872,0,0,0,0,0,0,0,0,0,0,0,0,0,84.3635741045246,0,106.33736463831,0,219.040656038919,0,0,0,172.892533368851,0,80.4367166559625,153.609372090384,0,192.693757128262,0,0,0,0,168.241326865882,113.144980278377,228.075434767255,0,0,82.6426202489162,0,236.681907140956
0,0,0,0,0,70.4221432298295,0,0,0,0,0,0,0,249.905610015455,195.378266313867,0,187.77054666536,0,0,231.715271819474,0,0,0,0,0,0,217.157696745803,158.955087279859,96.7845769653343,0,0,0,0,0,82.4756938751058,125.416941482916,116.176698124939,227.504408813069,0,196.032358954952,73.1029054543569
0,0,0,0,70.4221432298295,0,0,0,0,0,0,124.853650664477,0,0,0,0,163.059043292369,0,82.6299537488922,0,66.5008477853491,0,0,0,0,0,137.189596148386,92.3502314520023,155.901486485736,171.230058197369,151.075371308616,193.055010680236,0,135.294330067913,0,0,134.566479261133,0,0,0,161.74915061469
0,0,0,0,0,0,0,181.316358113209,0,202.712457066107,0,151.01089327964,0,0,0,85.6072705949986,0,0,0,97.3506957544063,178.748963182352,115.332064605654,0,0,0,0,0,161.325017232684,0,0,0,0,0,0,353.822894641502,0,0,165.597665022977,112.349934713559,193.777661225572,345.797434674459
0,0,0,0,0,0,181.316358113209,0,0,138.33942793804,249.798812580765,141.204637091722,0,0,0,0,128.846764897717,0,101.605593487621,0,0,153.453047983244,0,0,0,133.218162784108,134.960780198024,0,98.417953423071,0,0,0,0,143.005810983322,119.345624434514,280.376028997576,94.7529894315991,0,154.070293657878,180.90030328818,0
0,142.385058730083,0,0,0,0,0,0,0,0,106.926813611922,224.523755099568,0,0,0,0,0,0,0,0,0,0,0,0,0,0,0,212.592150359921,115.868441404982,162.833808134102,74.4197823064597,0,0,0,240.185081663983,0,124.698445421759,209.996727521564,0,128.405764333981,0
158.567996645797,0,0,0,0,0,202.712457066107,138.33942793804,0,0,0,0,0,0,186.348837226466,0,0,0,0,0,0,73.4795582048751,95.7590805983148,106.533627130087,115.194491798135,204.084074037941,0,74.5815074003433,89.3673883748406,178.224497384947,0,0,0,177.763106506206,253.401634605989,0,118.522099274347,0,338.131802716296,151.036729364761,231.050882209
0,0,0,0,0,0,0,249.798812580765,106.926813611922,0,0,0,108.136066660554,125.994729980093,0,0,0,0,0,347.376449530863,184.249961885477,0,0,348.674510760064,0,114.649126378906,139.654362654449,125.81518738273,62.859596780235,0,101.85207633558,0,0,0,0,117.208001126138,80.8080171296381,0,120.912756812582,0,289.631679007608
0,92.5568465385234,0,0,0,124.853650664477,151.01089327964,141.204637091722,224.523755099568,0,0,0,165.893015276821,0,0,0,108.381749703452,0,114.511014214502,101.350815329073,0,0,0,232.945974238958,101.5853655613,133.984214699576,0,136.685314494491,300.031143529538,0,0,89.9429017381717,0,61.0664810463559,204.481117647118,259.055025639447,99.3508940827211,0,0,167.066576495979,226.825099357786
0,0,0,0,0,0,0,0,0,0,108.136066660554,165.893015276821,0,0,0,0,0,0,0,0,0,0,0,173.001559092555,0,261.605527103798,74.7304794244225,0,0,87.8456058929559,0,0,0,0,0,0,0,0,0,0,0
0,0,0,0,249.905610015455,0,0,0,0,0,125.994729980093,0,0,0,0,0,0,0,0,0,135.667029391615,0,261.440278806413,205.839960264176,0,0,0,154.784755881607,0,0,0,160.537522273714,0,206.912707094411,139.93285932648,0,250.461724766314,109.093416850988,96.5937438588657,325.937289045041,178.683678585178
252.487290983309,0,0,0,195.378266313867,0,0,0,0,186.348837226466,0,0,0,0,0,0,0,0,0,206.472608421747,224.551207449728,0,0,0,320.356811100276,0,0,122.106946855269,0,0,0,0,0,0,90.1317194604647,169.742003380707,228.792310020318,0,0,357.423078228283,225.013371621378
0,0,0,84.3635741045246,0,0,85.6072705949986,0,0,0,0,0,0,0,0,0,0,0,0,0,0,0,0,0,155.24952173131,283.248188884028,94.027247878695,0,0,0,0,0,139.792601838991,154.142998692322,146.814226519809,0,241.635434294794,0,0,153.876396855887,314.611698427915
0,0,0,0,187.77054666536,163.059043292369,0,128.846764897717,0,0,0,108.381749703452,0,0,0,0,0,0,0,0,0,0,161.694997919804,0,283.88658203332,0,0,0,0,192.601533877686,82.1742780037132,0,0,0,0,72.2278283150671,219.078548227669,0,0,0,0
0,0,0,106.33736463831,0,0,0,0,0,0,0,0,0,0,0,0,0,0,0,0,0,0,0,0,0,115.541295036174,0,0,0,0,0,0,0,195.822649557859,120.567029282014,197.486504603685,111.435629183184,0,97.5855511246009,193.659409924573,195.314816908693
0,0,205.09013266389,0,0,82.6299537488922,0,101.605593487621,0,0,0,114.511014214502,0,0,0,0,0,0,0,0,0,0,0,0,97.3232815600345,222.053792850439,0,333.645516435298,0,0,0,0,0,191.519780382943,0,0,119.728129215699,81.9664354533492,0,151.806152521152,62.311273509377
0,0,0,219.040656038919,231.715271819474,0,97.3506957544063,0,0,0,347.376449530863,101.350815329073,0,0,206.472608421747,0,0,0,0,0,0,0,172.608400267715,215.611029055736,0,173.059382066957,71.4788760670054,110.384905066973,0,0,0,0,0,76.5072790361762,100.812745974529,247.66948903751,138.425725342224,146.99041817625,164.032723165762,0,0
0,0,0,0,0,66.5008477853491,178.748963182352,0,0,0,184.249961885477,0,0,135.667029391615,224.551207449728,0,0,0,0,0,0,0,0,0,116.054372245433,137.177378802006,150.161410108805,198.528111506785,0,0,0,196.04190773555,0,214.116367924649,179.718364159796,0,0,0,0,276.620869034647,0
0,0,0,0,0,0,115.332064605654,153.453047983244,0,73.4795582048751,0,0,0,0,0,0,0,0,0,0,0,0,128.530575464043,58.3493451392805,0,0,0,0,0,0,0,85.7623170715703,0,211.840482897052,321.864157986053,0,0,0,0,0,0
0,0,0,0,0,0,0,0,0,95.7590805983148,0,0,0,261.440278806413,0,0,161.694997919804,0,0,172.608400267715,0,128.530575464043,0,200.878319874537,0,174.013630695256,104.915316975638,238.934743274142,0,0,0,251.098274723989,0,208.005106191961,201.44584889478,0,163.945208919892,0,0,92.5207898118833,146.465927798921
0,0,255.441154257905,172.892533368851,0,0,0,0,0,106.533627130087,348.674510760064,232.945974238958,173.001559092555,205.839960264176,0,0,0,0,0,215.611029055736,0,58.3493451392805,200.878319874537,0,0,180.543851962045,78.9559315574845,145.74089716123,137.239127032733,103.519938150021,0,0,171.906398392157,0,78.8552325762656,0,106.128596538706,0,0,0,142.054529471577
0,0,0,0,0,0,0,0,0,115.194491798135,0,101.5853655613,0,0,320.356811100276,155.24952173131,283.88658203332,0,97.3232815600345,0,116.054372245433,0,0,0,0,0,0,131.969743415579,75.4497121078207,0,0,0,0,0,0,0,101.443495235174,0,0,0,0
0,0,0,80.4367166559625,0,0,0,133.218162784108,0,204.084074037941,114.649126378906,133.984214699576,261.605527103798,0,0,283.248188884028,0,115.541295036174,222.053792850439,173.059382066957,137.177378802006,0,174.013630695256,180.543851962045,0,0,186.973586461633,0,115.114253591495,0,0,115.871357769661,0,321.124897279917,0,93.4234866874731,0,140.574866691684,175.196329314064,0,0
0,0,0,153.609372090384,217.157696745803,137.189596148386,0,134.960780198024,0,0,139.654362654449,0,74.7304794244225,0,0,94.027247878695,0,0,0,71.4788760670054,150.161410108805,0,104.915316975638,78.9559315574845,0,186.973586461633,0,241.57250333243,169.453147353278,0,0,303.527509149359,0,193.63278243493,0,101.895308036513,67.8267069095267,284.529238481835,0,183.786860782462,0
0,0,0,0,158.955087279859,92.3502314520023,161.325017232684,0,212.592150359921,74.5815074003433,125.81518738273,136.685314494491,0,154.784755881607,122.106946855269,0,0,0,333.645516435298,110.384905066973,198.528111506785,0,238.934743274142,145.74089716123,131.969743415579,0,241.57250333243,0,335.371040201042,263.534399241887,0,112.793316814908,0,148.808626413748,160.530221557972,173.201474590904,194.442125915551,146.770754374523,71.5579325720569,112.823430872325,161.275817184598
0,0,0,192.693757128262,96.7845769653343,155.901486485736,0,98.417953423071,115.868441404982,89.3673883748406,62.859596780235,300.031143529538,0,0,0,0,0,0,0,0,0,0,0,137.239127032733,75.4497121078207,115.114253591495,169.453147353278,335.371040201042,0,0,190.185165668632,0,242.790381480436,218.045528847001,192.135034768848,0,89.707245288964,262.382215657622,0,329.719143597451,198.964527389285
0,0,0,0,0,171.230058197369,0,0,162.833808134102,178.224497384947,0,0,87.8456058929559,0,0,0,192.601533877686,0,0,0,0,0,0,103.519938150021,0,0,0,263.534399241887,0,0,0,0,0,0,306.640284138334,0,269.936825670274,159.183173818572,0,0,223.705816669619
0,0,0,0,0,151.075371308616,0,0,74.4197823064597,0,101.85207633558,0,0,0,0,0,82.1742780037132,0,0,0,0,0,0,0,0,0,0,0,190.185165668632,0,0,0,0,98.6790043377568,0,0,0,0,0,0,0
0,0,0,0,0,193.055010680236,0,0,0,0,0,89.9429017381717,0,160.537522273714,0,0,0,0,0,0,196.04190773555,85.7623170715703,251.098274723989,0,0,115.871357769661,303.527509149359,112.793316814908,0,0,0,0,0,0,0,0,0,0,0,94.126460729827,188.936291522747
0,0,0,0,0,0,0,0,0,0,0,0,0,0,0,139.792601838991,0,0,0,0,0,0,0,171.906398392157,0,0,0,0,242.790381480436,0,0,0,0,0,0,0,90.7216186966914,0,136.792307586862,0,0
154.065933476765,104.369974912428,0,168.241326865882,0,135.294330067913,0,143.005810983322,0,177.763106506206,0,61.0664810463559,0,206.912707094411,0,154.142998692322,0,195.822649557859,191.519780382943,76.5072790361762,214.116367924649,211.840482897052,208.005106191961,0,0,321.124897279917,193.63278243493,148.808626413748,218.045528847001,0,98.6790043377568,0,0,0,199.492852797962,151.695570509541,173.538155409849,221.805809452716,93.5029580098427,157.852515740516,0
0,0,0,113.144980278377,82.4756938751058,0,353.822894641502,119.345624434514,240.185081663983,253.401634605989,0,204.481117647118,0,139.93285932648,90.1317194604647,146.814226519809,0,120.567029282014,0,100.812745974529,179.718364159796,321.864157986053,201.44584889478,78.8552325762656,0,0,0,160.530221557972,192.135034768848,306.640284138334,0,0,0,199.492852797962,0,220.901129804706,94.9380989123498,188.851177466023,0,113.059176128709,306.344527664232
219.430938885781,0,0,228.075434767255,125.416941482916,0,0,280.376028997576,0,0,117.208001126138,259.055025639447,0,0,169.742003380707,0,72.2278283150671,197.486504603685,0,247.66948903751,0,0,0,0,0,93.4234866874731,101.895308036513,173.201474590904,0,0,0,0,0,151.695570509541,220.901129804706,0,259.442917595754,323.781250289068,94.7280504127031,89.1590885155172,0
205.183249704085,0,98.2230592632363,0,116.176698124939,134.566479261133,0,94.7529894315991,124.698445421759,118.522099274347,80.8080171296381,99.3508940827211,0,250.461724766314,228.792310020318,241.635434294794,219.078548227669,111.435629183184,119.728129215699,138.425725342224,0,0,163.945208919892,106.128596538706,101.443495235174,0,67.8267069095267,194.442125915551,89.707245288964,269.936825670274,0,0,90.7216186966914,173.538155409849,94.9380989123498,259.442917595754,0,111.226326353722,180.355266595273,153.672550905948,0
99.2646516363145,197.893790332676,81.2827395071039,0,227.504408813069,0,165.597665022977,0,209.996727521564,0,0,0,0,109.093416850988,0,0,0,0,81.9664354533492,146.99041817625,0,0,0,0,0,140.574866691684,284.529238481835,146.770754374523,262.382215657622,159.183173818572,0,0,0,221.805809452716,188.851177466023,323.781250289068,111.226326353722,0,0,220.963068032256,309.997227542691
0,213.67670887414,0,82.6426202489162,0,0,112.349934713559,154.070293657878,0,338.131802716296,120.912756812582,0,0,96.5937438588657,0,0,0,97.5855511246009,0,164.032723165762,0,0,0,0,0,175.196329314064,0,71.5579325720569,0,0,0,0,136.792307586862,93.5029580098427,0,94.7280504127031,180.355266595273,0,0,0,0
0,201.100640800745,161.302948562323,0,196.032358954952,0,193.777661225572,180.90030328818,128.405764333981,151.036729364761,0,167.066576495979,0,325.937289045041,357.423078228283,153.876396855887,0,193.659409924573,151.806152521152,0,276.620869034647,0,92.5207898118833,0,0,0,183.786860782462,112.823430872325,329.719143597451,0,0,94.126460729827,0,157.852515740516,113.059176128709,89.1590885155172,153.672550905948,220.963068032256,0,0,94.8881692391942
0,0,0,236.681907140956,73.1029054543569,161.74915061469,345.797434674459,0,0,231.050882209,289.631679007608,226.825099357786,0,178.683678585178,225.013371621378,314.611698427915,0,195.314816908693,62.311273509377,0,0,0,146.465927798921,142.054529471577,0,0,0,161.275817184598,198.964527389285,223.705816669619,0,188.936291522747,0,0,306.344527664232,0,0,309.997227542691,0,94.8881692391942,0
