0,0,0,0,0,0,0,0,0,0,0,0,0,151.075371308616,0,0,0,0,0,193.659409924573,0,0,173.059382066957,0,0,0,150.161410108805,0,0,0,106.128596538706,0,0,0,0,0,136.685314494491,0,0,0,0
0,0,0,0,0,0,0,0,0,212.592150359921,0,95.7590805983148,0,0,0,0,145.74089716123,0,0,206.472608421747,0,0,0,163.945208919892,0,0,0,195.378266313867,0,0,0,0,0,0,0,0,190.185165668632,0,0,0,0
0,0,0,0,0,0,0,0,0,0,0,0,0,0,0,0,0,0,0,0,0,0,0,112.349934713559,0,0,0,84.3635741045246,0,0,0,106.533627130087,0,0,113.144980278377,0,0,0,345.797434674459,0,0
0,0,0,0,0,0,198.964527389285,0,0,0,193.055010680236,172.608400267715,0,94.8881692391942,0,0,0,0,0,104.915316975638,0,0,0,167.066576495979,0,0,192.135034768848,98.6790043377568,325.937289045041,0,0,143.005810983322,0,0,219.078548227669,0,192.601533877686,0,0,0,168.241326865882
0,0,0,0,0,236.681907140956,0,205.183249704085,0,347.376449530863,0,0,0,0,0,128.846764897717,0,193.777661225572,0,238.934743274142,75.4497121078207,0,180.355266595273,0,0,0,0,0,0,0,0,0,0,101.605593487621,251.098274723989,188.851177466023,101.5853655613,0,172.892533368851,0,179.718364159796
0,0,0,0,236.681907140956,0,0,89.3673883748406,0,206.912707094411,0,0,0,0,0,0,0,0,0,0,0,0,0,209.996727521564,96.7845769653343,249.798812580765,89.9429017381717,0,158.567996645797,0,0,0,0,228.792310020318,186.973586461633,0,97.3506957544063,82.1742780037132,0,73.1029054543569,61.0664810463559
0,0,0,198.964527389285,0,0,0,188.936291522747,0,98.2230592632363,0,0,0,320.356811100276,90.1317194604647,0,0,0,0,0,146.465927798921,0,0,0,0,228.075434767255,62.859596780235,219.430938885781,0,0,0,0,0,321.124897279917,0,253.401634605989,169.453147353278,0,0,0,106.926813611922
0,0,0,0,205.183249704085,89.3673883748406,188.936291522747,0,0,0,0,80.4367166559625,0,217.157696745803,151.01089327964,0,0,0,138.425725342224,0,0,0,0,0,0,303.527509149359,173.001559092555,138.33942793804,0,85.6072705949986,92.3502314520023,135.667029391615,0,0,250.461724766314,309.997227542691,146.770754374523,0,0,0,0
0,0,0,0,0,0,0,0,0,139.93285932648,169.742003380707,112.793316814908,0,283.248188884028,348.674510760064,0,0,0,72.2278283150671,0,0,0,0,155.901486485736,74.7304794244225,0,0,0,0,0,0,0,0,219.040656038919,0,0,0,159.183173818572,0,0,134.566479261133
0,212.592150359921,0,0,347.376449530863,206.912707094411,98.2230592632363,0,139.93285932648,0,0,300.031143529538,0,220.901129804706,0,0,0,0,0,0,0,0,0,247.66948903751,0,261.440278806413,335.371040201042,162.833808134102,153.609372090384,0,0,0,0,175.196329314064,306.640284138334,0,177.763106506206,193.63278243493,0,314.611698427915,58.3493451392805
0,0,0,193.055010680236,0,0,0,0,169.742003380707,0,0,0,0,0,0,0,0,0,115.332064605654,78.8552325762656,0,0,231.715271819474,110.384905066973,0,195.822649557859,70.4221432298295,171.906398392157,0,338.131802716296,0,0,85.7623170715703,165.893015276821,173.201474590904,0,0,0,223.705816669619,104.369974912428,329.719143597451
0,95.7590805983148,0,172.608400267715,0,0,0,80.4367166559625,112.793316814908,300.031143529538,0,0,0,92.5207898118833,0,0,178.683678585178,0,0,122.106946855269,0,0,135.294330067913,0,0,151.806152521152,0,259.055025639447,92.5568465385234,66.5008477853491,0,204.481117647118,0,125.416941482916,0,204.084074037941,197.893790332676,137.189596148386,146.814226519809,211.840482897052,151.036729364761
0,0,0,0,0,0,0,0,0,0,0,0,0,0,0,198.528111506785,0,178.224497384947,0,0,0,0,0,0,0,0,0,0,117.208001126138,0,0,0,0,0,202.712457066107,0,0,240.185081663983,0,0,261.605527103798
151.075371308616,0,0,94.8881692391942,0,0,320.356811100276,217.157696745803,283.248188884028,220.901129804706,0,92.5207898118833,0,0,0,0,0,0,0,0,221.805809452716,158.955087279859,0,0,0,252.487290983309,0,94.7280504127031,0,0,0,0,0,134.960780198024,0,0,0,0,0,74.4197823064597,201.44584889478
0,0,0,0,0,0,90.1317194604647,151.01089327964,348.674510760064,0,0,0,0,0,0,0,0,0,0,194.442125915551,94.7529894315991,0,0,0,0,0,0,192.693757128262,89.1590885155172,0,0,0,0,142.385058730083,0,0,214.116367924649,154.070293657878,306.344527664232,241.635434294794,0
0,0,0,0,128.846764897717,0,0,0,0,0,0,0,198.528111506785,0,0,0,0,218.045528847001,0,115.868441404982,101.895308036513,0,0,0,0,0,187.77054666536,62.311273509377,232.945974238958,0,0,0,0,0,242.790381480436,81.9664354533492,133.218162784108,0,0,0,0
0,145.74089716123,0,0,0,0,0,0,0,0,0,178.683678585178,0,0,0,0,0,0,259.442917595754,116.054372245433,153.672550905948,0,0,137.177378802006,0,353.822894641502,0,0,154.784755881607,0,0,0,0,108.136066660554,0,0,269.936825670274,0,0,0,0
0,0,0,0,193.777661225572,0,0,0,0,0,0,0,178.224497384947,0,0,218.045528847001,0,0,0,0,0,0,0,0,0,0,0,94.9380989123498,0,0,0,0,0,0,146.99041817625,225.013371621378,161.694997919804,0,241.682021696872,0,199.492852797962
0,0,0,0,0,0,0,138.425725342224,72.2278283150671,0,115.332064605654,0,0,0,0,0,259.442917595754,0,0,0,0,0,208.005106191961,0,0,0,357.423078228283,109.093416850988,0,0,0,231.050882209,0,0,82.6299537488922,0,196.032358954952,0,0,71.4788760670054,276.620869034647
193.659409924573,206.472608421747,0,104.915316975638,238.934743274142,0,0,0,0,0,78.8552325762656,122.106946855269,0,0,194.442125915551,115.868441404982,116.054372245433,0,0,0,0,0,0,0,113.059176128709,71.5579325720569,98.417953423071,0,82.4756938751058,0,0,0,0,0,99.3508940827211,81.2827395071039,0,0,249.905610015455,125.81518738273,0
0,0,0,0,75.4497121078207,0,146.465927798921,0,0,0,0,0,0,221.805809452716,94.7529894315991,101.895308036513,153.672550905948,0,0,0,0,101.85207633558,140.574866691684,205.839960264176,0,0,0,0,0,0,0,0,0,0,323.781250289068,0,333.645516435298,154.065933476765,0,0,191.519780382943
0,0,0,0,0,0,0,0,0,0,0,0,0,158.955087279859,0,0,0,0,0,0,101.85207633558,0,0,195.314816908693,0,0,0,73.4795582048751,139.792601838991,0,0,0,0,114.649126378906,0,97.5855511246009,0,76.5072790361762,0,0,0
173.059382066957,0,0,0,180.355266595273,0,0,0,0,0,231.715271819474,135.294330067913,0,0,0,0,0,0,208.005106191961,0,140.574866691684,0,0,213.67670887414,0,0,0,205.09013266389,0,124.853650664477,0,0,0,116.176698124939,174.013630695256,0,93.4234866874731,181.316358113209,0,128.405764333981,99.2646516363145
0,163.945208919892,112.349934713559,167.066576495979,0,209.996727521564,0,0,155.901486485736,247.66948903751,110.384905066973,0,0,0,0,0,137.177378802006,0,0,0,205.839960264176,195.314816908693,213.67670887414,0,0,141.204637091722,161.325017232684,74.5815074003433,78.9559315574845,0,0,0,0,137.239127032733,0,241.57250333243,148.808626413748,0,321.864157986053,0,0
0,0,0,0,0,96.7845769653343,0,0,74.7304794244225,0,0,0,0,0,0,0,0,0,0,113.059176128709,0,0,0,0,0,0,0,114.511014214502,153.876396855887,0,0,0,0,142.054529471577,0,0,161.74915061469,90.7216186966914,0,115.114253591495,171.230058197369
0,0,0,0,0,249.798812580765,228.075434767255,303.527509149359,0,261.440278806413,195.822649557859,151.806152521152,0,252.487290983309,0,0,353.822894641502,0,0,71.5579325720569,0,0,0,141.204637091722,0,0,115.871357769661,151.695570509541,161.302948562323,0,173.538155409849,0,0,94.126460729827,82.6426202489162,224.523755099568,183.786860782462,93.5029580098427,0,101.443495235174,0
150.161410108805,0,0,192.135034768848,0,89.9429017381717,62.859596780235,173.001559092555,0,335.371040201042,70.4221432298295,0,0,0,0,187.77054666536,0,0,357.423078228283,98.417953423071,0,0,0,161.325017232684,0,115.871357769661,0,0,0,154.142998692322,0,0,0,186.348837226466,108.381749703452,220.963068032256,284.529238481835,180.90030328818,115.541295036174,120.912756812582,0
0,195.378266313867,84.3635741045246,98.6790043377568,0,0,219.430938885781,138.33942793804,0,162.833808134102,171.906398392157,259.055025639447,0,94.7280504127031,192.693757128262,62.311273509377,0,94.9380989123498,109.093416850988,0,0,73.4795582048751,205.09013266389,74.5815074003433,114.511014214502,151.695570509541,0,0,0,0,224.551207449728,136.792307586862,0,153.453047983244,96.5937438588657,131.969743415579,103.519938150021,139.654362654449,115.194491798135,160.530221557972,0
0,0,0,325.937289045041,0,158.567996645797,0,0,0,153.609372090384,0,92.5568465385234,117.208001126138,0,89.1590885155172,232.945974238958,154.784755881607,0,0,82.4756938751058,0,139.792601838991,0,78.9559315574845,153.876396855887,161.302948562323,0,0,0,87.8456058929559,0,227.504408813069,200.878319874537,184.249961885477,0,94.027247878695,215.611029055736,157.852515740516,0,201.100640800745,0
0,0,0,0,0,0,0,85.6072705949986,0,0,338.131802716296,66.5008477853491,0,0,0,0,0,0,0,0,0,0,124.853650664477,0,0,0,154.142998692322,0,87.8456058929559,0,0,0,0,67.8267069095267,97.3232815600345,0,180.543851962045,0,0,124.698445421759,106.33736463831
106.128596538706,0,0,0,0,0,0,92.3502314520023,0,0,0,0,0,0,0,0,0,0,0,0,0,0,0,0,0,173.538155409849,0,224.551207449728,0,0,0,0,0,0,0,0,0,196.04190773555,0,111.435629183184,0
0,0,106.533627130087,143.005810983322,0,0,0,135.667029391615,0,0,0,204.481117647118,0,0,0,0,0,0,231.050882209,0,0,0,0,0,0,0,0,136.792307586862,227.504408813069,0,0,0,289.631679007608,0,178.748963182352,0,118.522099274347,0,0,119.728129215699,0
0,0,0,0,0,0,0,0,0,0,85.7623170715703,0,0,0,0,0,0,0,0,0,0,0,0,0,0,0,0,0,200.878319874537,0,0,289.631679007608,0,0,0,0,0,0,111.226326353722,155.24952173131,0
0,0,0,0,101.605593487621,228.792310020318,321.124897279917,0,219.040656038919,175.196329314064,165.893015276821,125.416941482916,0,134.960780198024,142.385058730083,0,108.136066660554,0,0,0,0,114.649126378906,116.176698124939,137.239127032733,142.054529471577,94.126460729827,186.348837226466,153.453047983244,184.249961885477,67.8267069095267,0,0,0,0,112.823430872325,160.537522273714,119.345624434514,165.597665022977,197.486504603685,263.534399241887,120.567029282014
0,0,113.144980278377,219.078548227669,251.098274723989,186.973586461633,0,250.461724766314,0,306.640284138334,173.201474590904,0,202.712457066107,0,0,242.790381480436,0,146.99041817625,82.6299537488922,99.3508940827211,323.781250289068,0,174.013630695256,0,0,82.6426202489162,108.381749703452,96.5937438588657,0,97.3232815600345,0,178.748963182352,0,112.823430872325,0,163.059043292369,164.032723165762,0,262.382215657622,226.825099357786,255.441154257905
0,0,0,0,188.851177466023,0,253.401634605989,309.997227542691,0,0,0,204.084074037941,0,0,0,81.9664354533492,0,225.013371621378,0,81.2827395071039,0,97.5855511246009,0,241.57250333243,0,224.523755099568,220.963068032256,131.969743415579,94.027247878695,0,0,0,0,160.537522273714,163.059043292369,0,125.994729980093,101.350815329073,0,100.812745974529,280.376028997576
136.685314494491,190.185165668632,0,192.601533877686,101.5853655613,97.3506957544063,169.453147353278,146.770754374523,0,177.763106506206,0,197.893790332676,0,0,214.116367924649,133.218162784108,269.936825670274,161.694997919804,196.032358954952,0,333.645516435298,0,93.4234866874731,148.808626413748,161.74915061469,183.786860782462,284.529238481835,103.519938150021,215.611029055736,180.543851962045,0,118.522099274347,0,119.345624434514,164.032723165762,125.994729980093,0,80.8080171296381,0,161.275817184598,89.707245288964
0,0,0,0,0,82.1742780037132,0,0,159.183173818572,193.63278243493,0,137.189596148386,240.185081663983,0,154.070293657878,0,0,0,0,0,154.065933476765,76.5072790361762,181.316358113209,0,90.7216186966914,93.5029580098427,180.90030328818,139.654362654449,157.852515740516,0,196.04190773555,0,0,165.597665022977,0,101.350815329073,80.8080171296381,0,222.053792850439,283.88658203332,0
0,0,345.797434674459,0,172.892533368851,0,0,0,0,0,223.705816669619,146.814226519809,0,0,306.344527664232,0,0,241.682021696872,0,249.905610015455,0,0,0,321.864157986053,0,0,115.541295036174,115.194491798135,0,0,0,0,111.226326353722,197.486504603685,262.382215657622,0,0,222.053792850439,0,128.530575464043,0
0,0,0,0,0,73.1029054543569,0,0,0,314.611698427915,104.369974912428,211.840482897052,0,74.4197823064597,241.635434294794,0,0,0,71.4788760670054,125.81518738273,0,0,128.405764333981,0,115.114253591495,101.443495235174,120.912756812582,160.530221557972,201.100640800745,124.698445421759,111.435629183184,119.728129215699,155.24952173131,263.534399241887,226.825099357786,100.812745974529,161.275817184598,283.88658203332,128.530575464043,0,133.984214699576
0,0,0,168.241326865882,179.718364159796,61.0664810463559,106.926813611922,0,134.566479261133,58.3493451392805,329.719143597451,151.036729364761,261.605527103798,201.44584889478,0,0,0,199.492852797962,276.620869034647,0,191.519780382943,0,99.2646516363145,0,171.230058197369,0,0,0,0,106.33736463831,0,0,0,120.567029282014,255.441154257905,280.376028997576,89.707245288964,0,0,133.984214699576,0
