0,0,0,0,0,0,0,0,0,0,0,0,0,0,0,115.541295036174,0,0,0,0,0,0,0,160.537522273714,0,0,0,276.620869034647,0,133.218162784108,0,0,0,0,199.492852797962,0,0,0,162.833808134102,0,0
0,0,0,0,0,0,0,0,0,0,0,0,0,0,222.053792850439,0,0,0,0,0,0,0,0,353.822894641502,0,136.685314494491,0,98.6790043377568,0,0,89.1590885155172,0,0,61.0664810463559,0,0,0,0,0,97.3506957544063,0
0,0,0,0,0,0,284.529238481835,0,0,0,0,0,0,0,0,0,0,0,0,0,0,0,101.350815329073,0,0,0,104.915316975638,0,0,0,0,0,0,0,0,0,153.876396855887,80.4367166559625,0,0,0
0,0,0,0,0,0,85.6072705949986,0,0,0,0,306.344527664232,0,348.674510760064,0,0,0,0,0,0,92.5568465385234,195.822649557859,0,0,0,137.189596148386,219.430938885781,263.534399241887,0,112.349934713559,0,0,0,224.523755099568,138.33942793804,100.812745974529,0,0,161.74915061469,0,0
0,0,0,0,0,0,151.695570509541,0,0,0,0,139.792601838991,0,0,137.239127032733,0,0,0,0,0,193.63278243493,62.859596780235,347.376449530863,73.4795582048751,0,146.814226519809,0,135.294330067913,197.486504603685,0,0,0,0,242.790381480436,0,0,357.423078228283,134.960780198024,0,0,118.522099274347
0,0,0,0,0,0,0,160.530221557972,0,153.453047983244,133.984214699576,220.963068032256,161.302948562323,0,0,0,120.567029282014,0,0,0,0,0,0,62.311273509377,0,190.185165668632,0,217.157696745803,0,0,0,221.805809452716,0,106.533627130087,112.793316814908,0,0,0,89.707245288964,0,146.770754374523
0,0,284.529238481835,85.6072705949986,151.695570509541,0,0,0,0,0,0,172.608400267715,0,0,0,0,0,0,0,220.901129804706,93.4234866874731,0,0,0,0,0,0,186.348837226466,169.453147353278,0,0,0,0,188.851177466023,0,0,186.973586461633,211.840482897052,0,161.275817184598,241.682021696872
0,0,0,0,0,160.530221557972,0,0,116.176698124939,255.441154257905,0,0,0,0,0,0,0,0,0,0,174.013630695256,0,0,76.5072790361762,0,0,333.645516435298,188.936291522747,66.5008477853491,112.823430872325,0,178.683678585178,206.472608421747,106.33736463831,165.597665022977,0,117.208001126138,0,113.059176128709,0,120.912756812582
0,0,0,0,0,0,0,116.176698124939,0,0,0,0,0,0,89.9429017381717,0,0,0,0,250.461724766314,137.177378802006,0,0,179.718364159796,0,0,314.611698427915,323.781250289068,0,0,0,0,0,157.852515740516,159.183173818572,0,58.3493451392805,0,0,227.504408813069,0
0,0,0,0,0,153.453047983244,0,255.441154257905,0,0,135.667029391615,163.945208919892,0,204.084074037941,223.705816669619,0,0,193.659409924573,0,0,0,0,158.567996645797,0,0,0,101.895308036513,150.161410108805,139.93285932648,198.528111506785,0,200.878319874537,0,94.7280504127031,0,93.5029580098427,180.543851962045,0,0,122.106946855269,104.369974912428
0,0,0,0,0,133.984214699576,0,0,0,135.667029391615,0,236.681907140956,0,0,74.7304794244225,0,0,0,0,82.1742780037132,0,0,0,0,78.8552325762656,187.77054666536,0,180.90030328818,205.183249704085,0,0,181.316358113209,0,99.3508940827211,154.065933476765,115.871357769661,214.116367924649,0,0,101.85207633558,269.936825670274
0,0,0,306.344527664232,139.792601838991,220.963068032256,172.608400267715,0,0,163.945208919892,236.681907140956,0,0,82.6426202489162,0,0,201.44584889478,116.054372245433,0,164.032723165762,0,0,168.241326865882,0,0,241.57250333243,0,0,325.937289045041,0,0,87.8456058929559,101.605593487621,173.201474590904,206.912707094411,0,109.093416850988,82.4756938751058,192.135034768848,108.136066660554,0
0,0,0,0,0,161.302948562323,0,0,0,0,0,0,0,0,0,143.005810983322,0,0,0,136.792307586862,0,96.5937438588657,303.527509149359,0,0,0,0,115.194491798135,0,0,0,0,0,0,0,0,0,0,0,0,0
0,0,0,348.674510760064,0,0,0,0,0,204.084074037941,0,82.6426202489162,0,0,0,0,0,0,0,0,140.574866691684,0,81.2827395071039,0,0,98.417953423071,309.997227542691,158.955087279859,195.378266313867,0,0,0,0,0,0,142.054529471577,119.728129215699,191.519780382943,0,173.538155409849,183.786860782462
0,222.053792850439,0,0,137.239127032733,0,0,0,89.9429017381717,223.705816669619,74.7304794244225,0,0,0,0,0,0,0,0,124.853650664477,0,0,0,0,0,0,0,73.1029054543569,0,0,0,0,0,0,194.442125915551,163.059043292369,82.6299537488922,0,209.996727521564,128.405764333981,0
115.541295036174,0,0,0,0,0,0,0,0,0,0,0,143.005810983322,0,0,0,0,0,0,0,0,0,0,101.443495235174,114.649126378906,0,111.226326353722,0,0,151.806152521152,0,0,0,196.032358954952,115.868441404982,0,0,90.1317194604647,208.005106191961,72.2278283150671,0
0,0,0,0,0,120.567029282014,0,0,0,0,0,201.44584889478,0,0,0,0,0,0,0,125.994729980093,0,0,128.846764897717,115.114253591495,0,0,0,0,92.3502314520023,0,97.3232815600345,0,0,195.314816908693,0,0,241.635434294794,0,0,0,259.442917595754
0,0,0,0,0,0,0,0,0,193.659409924573,0,116.054372245433,0,0,0,0,0,0,247.66948903751,0,0,0,0,0,0,320.356811100276,225.013371621378,321.864157986053,0,0,0,169.742003380707,0,0,154.784755881607,0,161.694997919804,0,0,0,0
0,0,0,0,0,0,0,0,0,0,0,0,0,0,0,0,0,247.66948903751,0,0,0,0,177.763106506206,0,0,124.698445421759,84.3635741045246,0,92.5207898118833,161.325017232684,0,0,0,0,192.601533877686,213.67670887414,171.230058197369,142.385058730083,0,108.381749703452,74.4197823064597
0,0,0,0,0,0,220.901129804706,0,250.461724766314,0,82.1742780037132,164.032723165762,136.792307586862,0,124.853650664477,0,125.994729980093,0,0,0,0,0,0,0,0,173.001559092555,178.224497384947,0,261.605527103798,0,0,0,261.440278806413,78.9559315574845,219.078548227669,0,128.530575464043,114.511014214502,0,345.797434674459,94.9380989123498
0,0,0,92.5568465385234,193.63278243493,0,93.4234866874731,174.013630695256,137.177378802006,0,0,0,0,140.574866691684,0,0,0,0,0,0,0,0,0,0,106.128596538706,75.4497121078207,0,153.672550905948,0,0,0,0,0,224.551207449728,0,0,329.719143597451,253.401634605989,0,138.425725342224,0
0,0,0,195.822649557859,62.859596780235,0,0,0,0,0,0,0,96.5937438588657,0,0,0,0,0,0,0,0,0,0,0,0,0,0,0,97.5855511246009,0,0,0,0,0,0,0,262.382215657622,238.934743274142,0,99.2646516363145,90.7216186966914
0,0,101.350815329073,0,347.376449530863,0,0,0,0,158.567996645797,0,168.241326865882,303.527509149359,81.2827395071039,0,0,128.846764897717,0,177.763106506206,0,0,0,0,0,0,145.74089716123,0,115.332064605654,192.693757128262,0,0,98.2230592632363,0,0,201.100640800745,106.926813611922,165.893015276821,0,0,0,0
160.537522273714,353.822894641502,0,0,73.4795582048751,62.311273509377,0,76.5072790361762,179.718364159796,0,0,0,0,0,0,101.443495235174,115.114253591495,0,0,0,0,0,0,0,0,0,141.204637091722,0,251.098274723989,0,283.248188884028,306.640284138334,0,125.81518738273,173.059382066957,0,259.055025639447,94.027247878695,228.075434767255,151.036729364761,67.8267069095267
0,0,0,0,0,0,0,0,0,0,78.8552325762656,0,0,0,0,114.649126378906,0,0,0,0,106.128596538706,0,0,0,0,155.901486485736,0,338.131802716296,0,226.825099357786,0,0,0,180.355266595273,0,96.7845769653343,0,0,0,202.712457066107,94.8881692391942
0,136.685314494491,0,137.189596148386,146.814226519809,190.185165668632,0,0,0,0,187.77054666536,241.57250333243,0,98.417953423071,0,0,0,320.356811100276,124.698445421759,173.001559092555,75.4497121078207,0,145.74089716123,0,155.901486485736,0,0,89.3673883748406,113.144980278377,0,0,0,0,0,280.376028997576,154.070293657878,151.075371308616,335.371040201042,0,193.055010680236,0
0,0,104.915316975638,219.430938885781,0,0,0,333.645516435298,314.611698427915,101.895308036513,0,0,0,309.997227542691,0,111.226326353722,0,225.013371621378,84.3635741045246,178.224497384947,0,0,0,141.204637091722,0,0,0,0,146.99041817625,204.481117647118,146.465927798921,0,0,172.892533368851,153.609372090384,81.9664354533492,148.808626413748,0,0,95.7590805983148,215.611029055736
276.620869034647,98.6790043377568,0,263.534399241887,135.294330067913,217.157696745803,186.348837226466,188.936291522747,323.781250289068,150.161410108805,180.90030328818,0,115.194491798135,158.955087279859,73.1029054543569,0,0,321.864157986053,0,0,153.672550905948,0,115.332064605654,0,338.131802716296,89.3673883748406,0,0,249.798812580765,0,0,0,134.566479261133,101.5853655613,283.88658203332,119.345624434514,139.654362654449,300.031143529538,0,205.839960264176,175.196329314064
0,0,0,0,197.486504603685,0,169.453147353278,66.5008477853491,0,139.93285932648,205.183249704085,325.937289045041,0,195.378266313867,0,0,92.3502314520023,0,92.5207898118833,261.605527103798,0,97.5855511246009,192.693757128262,251.098274723989,0,113.144980278377,146.99041817625,249.798812580765,0,219.040656038919,0,0,0,0,0,71.5579325720569,125.416941482916,0,212.592150359921,196.04190773555,0
133.218162784108,0,0,112.349934713559,0,0,0,112.823430872325,0,198.528111506785,0,0,0,0,0,151.806152521152,0,0,161.325017232684,0,0,0,0,0,226.825099357786,0,204.481117647118,0,219.040656038919,0,0,0,0,0,321.124897279917,80.8080171296381,0,0,0,0,0
0,89.1590885155172,0,0,0,0,0,0,0,0,0,0,0,0,0,0,97.3232815600345,0,0,0,0,0,0,283.248188884028,0,0,146.465927798921,0,0,0,0,0,0,0,0,167.066576495979,193.777661225572,0,0,0,0
0,0,0,0,0,221.805809452716,0,178.683678585178,0,200.878319874537,181.316358113209,87.8456058929559,0,0,0,0,0,169.742003380707,0,0,0,0,98.2230592632363,306.640284138334,0,0,0,0,0,0,0,0,0,231.715271819474,0,0,0,94.126460729827,0,171.906398392157,0
0,0,0,0,0,0,0,206.472608421747,0,0,0,101.605593487621,0,0,0,0,0,0,0,261.440278806413,0,0,0,0,0,0,0,134.566479261133,0,0,0,0,0,0,0,0,0,0,0,85.7623170715703,0
0,61.0664810463559,0,224.523755099568,242.790381480436,106.533627130087,188.851177466023,106.33736463831,157.852515740516,94.7280504127031,99.3508940827211,173.201474590904,0,0,0,196.032358954952,195.314816908693,0,0,78.9559315574845,224.551207449728,0,0,125.81518738273,180.355266595273,0,172.892533368851,101.5853655613,0,0,0,231.715271819474,0,0,103.519938150021,249.905610015455,231.050882209,240.185081663983,218.045528847001,252.487290983309,197.893790332676
199.492852797962,0,0,138.33942793804,0,112.793316814908,0,165.597665022977,159.183173818572,0,154.065933476765,206.912707094411,0,0,194.442125915551,115.868441404982,0,154.784755881607,192.601533877686,219.078548227669,0,0,201.100640800745,173.059382066957,0,280.376028997576,153.609372090384,283.88658203332,0,321.124897279917,0,0,0,103.519938150021,0,184.249961885477,205.09013266389,198.964527389285,151.01089327964,111.435629183184,110.384905066973
0,0,0,100.812745974529,0,0,0,0,0,93.5029580098427,115.871357769661,0,0,142.054529471577,163.059043292369,0,0,0,213.67670887414,0,0,0,106.926813611922,0,96.7845769653343,154.070293657878,81.9664354533492,119.345624434514,71.5579325720569,80.8080171296381,167.066576495979,0,0,249.905610015455,184.249961885477,0,178.748963182352,70.4221432298295,228.792310020318,0,0
0,0,153.876396855887,0,357.423078228283,0,186.973586461633,117.208001126138,58.3493451392805,180.543851962045,214.116367924649,109.093416850988,0,119.728129215699,82.6299537488922,0,241.635434294794,161.694997919804,171.230058197369,128.530575464043,329.719143597451,262.382215657622,165.893015276821,259.055025639447,0,151.075371308616,148.808626413748,139.654362654449,125.416941482916,0,193.777661225572,0,0,231.050882209,205.09013266389,178.748963182352,0,289.631679007608,94.7529894315991,131.969743415579,232.945974238958
0,0,80.4367166559625,0,134.960780198024,0,211.840482897052,0,0,0,0,82.4756938751058,0,191.519780382943,0,90.1317194604647,0,0,142.385058730083,114.511014214502,253.401634605989,238.934743274142,0,94.027247878695,0,335.371040201042,0,300.031143529538,0,0,0,94.126460729827,0,240.185081663983,198.964527389285,70.4221432298295,289.631679007608,0,154.142998692322,0,155.24952173131
162.833808134102,0,0,161.74915061469,0,89.707245288964,0,113.059176128709,0,0,0,192.135034768848,0,0,209.996727521564,208.005106191961,0,0,0,0,0,0,0,228.075434767255,0,0,0,0,212.592150359921,0,0,0,0,218.045528847001,151.01089327964,228.792310020318,94.7529894315991,154.142998692322,0,0,71.4788760670054
0,97.3506957544063,0,0,0,0,161.275817184598,0,227.504408813069,122.106946855269,101.85207633558,108.136066660554,0,173.538155409849,128.405764333981,72.2278283150671,0,0,108.381749703452,345.797434674459,138.425725342224,99.2646516363145,0,151.036729364761,202.712457066107,193.055010680236,95.7590805983148,205.839960264176,196.04190773555,0,0,171.906398392157,85.7623170715703,252.487290983309,111.435629183184,0,131.969743415579,0,0,0,74.5815074003433
0,0,0,0,118.522099274347,146.770754374523,241.682021696872,120.912756812582,0,104.369974912428,269.936825670274,0,0,183.786860782462,0,0,259.442917595754,0,74.4197823064597,94.9380989123498,0,90.7216186966914,0,67.8267069095267,94.8881692391942,0,215.611029055736,175.196329314064,0,0,0,0,0,197.893790332676,110.384905066973,0,232.945974238958,155.24952173131,71.4788760670054,74.5815074003433,0
