0,0,0,0,0,0,0,0,0,0,0,0,0,0,0,0,0,0,0,0,163.059043292369,0,0,153.672550905948,0,283.248188884028,0,0,0,0,0,0,0,0,0,0,173.538155409849,0,0,58.3493451392805,165.893015276821
0,0,0,0,0,0,0,0,0,0,0,0,0,0,0,73.4795582048751,0,0,0,171.230058197369,0,0,0,0,0,98.2230592632363,0,0,0,157.852515740516,0,0,0,0,289.631679007608,0,242.790381480436,0,0,180.543851962045,0
0,0,0,0,0,0,154.142998692322,0,0,0,0,0,0,0,0,0,0,0,0,0,0,0,0,0,0,0,0,146.814226519809,142.385058730083,0,0,0,0,249.905610015455,104.915316975638,0,0,0,0,0,0
0,0,0,0,0,0,0,154.065933476765,0,0,0,117.208001126138,0,0,186.973586461633,0,0,0,94.126460729827,0,0,0,173.001559092555,0,0,195.314816908693,0,217.157696745803,0,0,0,0,0,197.893790332676,306.344527664232,151.695570509541,158.955087279859,0,82.6299537488922,125.994729980093,0
0,0,0,0,0,220.963068032256,252.487290983309,0,139.93285932648,92.5207898118833,0,0,119.728129215699,0,0,0,0,0,101.895308036513,0,0,141.204637091722,0,96.7845769653343,0,0,0,0,167.066576495979,0,0,0,0,115.332064605654,75.4497121078207,158.567996645797,0,0,0,134.566479261133,151.01089327964
0,0,0,0,220.963068032256,0,0,284.529238481835,0,0,0,164.032723165762,0,236.681907140956,0,0,241.57250333243,0,0,122.106946855269,0,0,0,0,0,0,232.945974238958,85.7623170715703,0,0,0,0,0,89.707245288964,80.8080171296381,106.33736463831,205.09013266389,0,0,153.609372090384,300.031143529538
0,0,154.142998692322,0,252.487290983309,0,0,219.078548227669,0,0,161.694997919804,0,0,0,0,0,0,0,0,335.371040201042,321.124897279917,0,0,220.901129804706,0,180.355266595273,128.846764897717,348.674510760064,0,140.574866691684,0,0,0,0,0,0,253.401634605989,0,0,94.7529894315991,0
0,0,0,154.065933476765,0,284.529238481835,219.078548227669,0,0,280.376028997576,249.798812580765,124.853650664477,0,161.302948562323,159.183173818572,0,0,212.592150359921,0,0,0,0,98.6790043377568,87.8456058929559,0,0,0,153.453047983244,0,0,0,0,0,74.7304794244225,0,0,74.4197823064597,214.116367924649,0,0,204.481117647118
0,0,0,0,139.93285932648,0,0,0,0,0,0,0,0,0,226.825099357786,0,0,0,0,0,0,0,0,0,101.5853655613,0,155.901486485736,173.059382066957,241.635434294794,0,0,0,0,116.054372245433,0,0,255.441154257905,81.9664354533492,218.045528847001,0,131.969743415579
0,0,0,0,92.5207898118833,0,0,280.376028997576,0,0,0,61.0664810463559,0,0,0,0,0,90.1317194604647,0,0,195.378266313867,93.4234866874731,222.053792850439,124.698445421759,0,0,99.3508940827211,0,155.24952173131,0,0,106.926813611922,0,118.522099274347,231.050882209,221.805809452716,314.611698427915,309.997227542691,0,173.201474590904,169.742003380707
0,0,0,0,0,0,161.694997919804,249.798812580765,0,0,0,161.74915061469,0,215.611029055736,97.3232815600345,0,345.797434674459,0,0,0,269.936825670274,0,97.3506957544063,0,0,0,0,184.249961885477,0,0,0,259.055025639447,0,191.519780382943,0,101.443495235174,247.66948903751,106.128596538706,259.442917595754,0,206.472608421747
0,0,0,117.208001126138,0,164.032723165762,0,124.853650664477,0,61.0664810463559,161.74915061469,0,0,101.350815329073,0,194.442125915551,0,139.654362654449,263.534399241887,113.059176128709,0,115.114253591495,0,228.792310020318,0,0,154.070293657878,81.2827395071039,120.912756812582,0,0,0,195.822649557859,0,78.8552325762656,0,231.715271819474,261.605527103798,241.682021696872,171.906398392157,0
0,0,0,0,119.728129215699,0,0,0,0,0,0,0,0,0,0,0,0,0,146.770754374523,0,0,0,0,0,143.005810983322,154.784755881607,108.381749703452,0,0,0,0,0,0,0,193.777661225572,0,0,0,0,0,0
0,0,0,0,0,236.681907140956,0,161.302948562323,0,0,215.611029055736,101.350815329073,0,0,0,0,204.084074037941,0,0,148.808626413748,0,0,201.44584889478,0,0,196.04190773555,0,0,137.189596148386,0,0,133.984214699576,0,92.3502314520023,0,0,80.4367166559625,192.601533877686,0,0,71.4788760670054
0,0,0,186.973586461633,0,0,0,159.183173818572,226.825099357786,0,97.3232815600345,0,0,0,0,0,0,0,0,114.649126378906,0,0,99.2646516363145,160.537522273714,0,0,146.99041817625,0,225.013371621378,0,0,0,0,0,0,0,66.5008477853491,0,283.88658203332,73.1029054543569,0
0,73.4795582048751,0,0,0,0,0,0,0,0,0,194.442125915551,0,0,0,0,0,0,0,0,0,0,0,115.871357769661,136.792307586862,353.822894641502,72.2278283150671,115.868441404982,213.67670887414,0,0,0,0,0,0,0,0,178.748963182352,0,115.541295036174,112.349934713559
0,0,0,0,0,241.57250333243,0,0,0,0,345.797434674459,0,0,204.084074037941,0,0,0,0,0,0,0,0,0,0,0,0,0,113.144980278377,96.5937438588657,0,0,177.763106506206,0,110.384905066973,0,188.936291522747,0,0,228.075434767255,115.194491798135,0
0,0,0,0,0,0,0,212.592150359921,0,90.1317194604647,0,139.654362654449,0,0,0,0,0,0,0,0,0,0,0,0,0,74.5815074003433,219.430938885781,357.423078228283,0,76.5072790361762,199.492852797962,0,0,0,250.461724766314,0,0,0,0,0,0
0,0,0,94.126460729827,101.895308036513,0,0,0,0,0,0,263.534399241887,146.770754374523,0,0,0,0,0,0,0,0,0,89.1590885155172,0,0,0,0,196.032358954952,70.4221432298295,0,0,0,0,193.659409924573,0,202.712457066107,183.786860782462,104.369974912428,0,192.135034768848,0
0,171.230058197369,0,0,0,122.106946855269,335.371040201042,0,0,0,0,113.059176128709,0,148.808626413748,114.649126378906,0,0,0,0,0,321.864157986053,0,0,187.77054666536,0,179.718364159796,0,89.3673883748406,0,0,62.311273509377,169.453147353278,0,71.5579325720569,0,0,134.960780198024,0,211.840482897052,146.465927798921,180.90030328818
163.059043292369,0,0,0,0,0,321.124897279917,0,0,195.378266313867,269.936825670274,0,0,0,0,0,0,0,0,321.864157986053,0,0,133.218162784108,94.8881692391942,0,0,0,0,78.9559315574845,0,0,136.685314494491,0,205.183249704085,0,200.878319874537,168.241326865882,93.5029580098427,0,0,0
0,0,0,0,141.204637091722,0,0,0,0,93.4234866874731,0,115.114253591495,0,0,0,0,0,0,0,0,0,0,125.81518738273,329.719143597451,0,0,0,163.945208919892,0,0,0,0,0,0,0,0,0,0,90.7216186966914,139.792601838991,0
0,0,0,173.001559092555,0,0,0,98.6790043377568,0,222.053792850439,97.3506957544063,0,0,201.44584889478,99.2646516363145,0,0,0,89.1590885155172,0,133.218162784108,125.81518738273,0,0,0,0,151.075371308616,0,0,0,0,0,119.345624434514,114.511014214502,0,94.7280504127031,186.348837226466,0,0,103.519938150021,0
153.672550905948,0,0,0,96.7845769653343,0,220.901129804706,87.8456058929559,0,124.698445421759,0,228.792310020318,0,0,160.537522273714,115.871357769661,0,0,0,187.77054666536,94.8881692391942,329.719143597451,0,0,0,0,82.4756938751058,197.486504603685,142.054529471577,161.275817184598,0,0,0,0,101.605593487621,0,0,108.136066660554,0,209.996727521564,205.839960264176
0,0,0,0,0,0,0,0,101.5853655613,0,0,0,143.005810983322,0,0,136.792307586862,0,0,0,0,0,0,0,0,0,160.530221557972,188.851177466023,106.533627130087,0,92.5568465385234,0,0,0,97.5855511246009,150.161410108805,0,151.806152521152,0,0,0,0
283.248188884028,98.2230592632363,0,195.314816908693,0,0,180.355266595273,0,0,0,0,0,154.784755881607,196.04190773555,0,353.822894641502,0,74.5815074003433,0,179.718364159796,0,0,0,0,160.530221557972,0,0,172.608400267715,303.527509149359,333.645516435298,116.176698124939,0,0,224.523755099568,82.6426202489162,135.294330067913,111.435629183184,0,151.036729364761,198.964527389285,0
0,0,0,0,0,232.945974238958,128.846764897717,0,155.901486485736,99.3508940827211,0,154.070293657878,108.381749703452,0,146.99041817625,72.2278283150671,0,219.430938885781,0,0,0,0,151.075371308616,82.4756938751058,188.851177466023,0,0,125.416941482916,0,0,0,0,0,208.005106191961,135.667029391615,276.620869034647,198.528111506785,98.417953423071,0,192.693757128262,223.705816669619
0,0,146.814226519809,217.157696745803,0,85.7623170715703,348.674510760064,153.453047983244,173.059382066957,0,184.249961885477,81.2827395071039,0,0,0,115.868441404982,113.144980278377,357.423078228283,196.032358954952,89.3673883748406,0,163.945208919892,0,197.486504603685,106.533627130087,172.608400267715,125.416941482916,0,174.013630695256,82.1742780037132,0,0,0,193.63278243493,262.382215657622,178.224497384947,0,95.7590805983148,219.040656038919,227.504408813069,94.9380989123498
0,0,142.385058730083,0,167.066576495979,0,0,0,241.635434294794,155.24952173131,0,120.912756812582,0,137.189596148386,225.013371621378,213.67670887414,96.5937438588657,0,70.4221432298295,0,78.9559315574845,0,0,142.054529471577,0,303.527509149359,0,174.013630695256,0,0,0,240.185081663983,0,320.356811100276,175.196329314064,325.937289045041,120.567029282014,62.859596780235,0,0,84.3635741045246
0,157.852515740516,0,0,0,0,140.574866691684,0,0,0,0,0,0,0,0,0,0,76.5072790361762,0,0,0,0,0,161.275817184598,92.5568465385234,333.645516435298,0,82.1742780037132,0,0,0,138.33942793804,0,0,0,0,137.177378802006,0,109.093416850988,0,338.131802716296
0,0,0,0,0,0,0,0,0,0,0,0,0,0,0,0,0,199.492852797962,0,62.311273509377,0,0,0,0,0,116.176698124939,0,0,0,0,0,0,0,112.823430872325,94.027247878695,0,0,0,0,201.100640800745,0
0,0,0,0,0,0,0,0,0,106.926813611922,259.055025639447,0,0,133.984214699576,0,0,177.763106506206,0,0,169.453147353278,136.685314494491,0,0,0,0,0,0,0,240.185081663983,138.33942793804,0,0,0,0,224.551207449728,0,89.9429017381717,128.530575464043,0,0,0
0,0,0,0,0,0,0,0,0,0,0,195.822649557859,0,0,0,0,0,0,0,0,0,0,119.345624434514,0,0,0,0,0,0,0,0,0,0,100.812745974529,178.683678585178,0,161.325017232684,0,0,0,0
0,0,249.905610015455,197.893790332676,115.332064605654,89.707245288964,0,74.7304794244225,116.054372245433,118.522099274347,191.519780382943,0,0,92.3502314520023,0,0,110.384905066973,0,193.659409924573,71.5579325720569,205.183249704085,0,114.511014214502,0,97.5855511246009,224.523755099568,208.005106191961,193.63278243493,320.356811100276,0,112.823430872325,0,100.812745974529,0,85.6072705949986,111.226326353722,101.85207633558,145.74089716123,0,0,347.376449530863
0,289.631679007608,104.915316975638,306.344527664232,75.4497121078207,80.8080171296381,0,0,0,231.050882209,0,78.8552325762656,193.777661225572,0,0,0,0,250.461724766314,0,0,0,0,0,101.605593487621,150.161410108805,82.6426202489162,135.667029391615,262.382215657622,175.196329314064,0,94.027247878695,224.551207449728,178.683678585178,85.6072705949986,0,238.934743274142,172.892533368851,67.8267069095267,251.098274723989,112.793316814908,306.640284138334
0,0,0,151.695570509541,158.567996645797,106.33736463831,0,0,0,221.805809452716,101.443495235174,0,0,0,0,0,188.936291522747,0,202.712457066107,0,200.878319874537,0,94.7280504127031,0,0,135.294330067913,276.620869034647,178.224497384947,325.937289045041,0,0,0,0,111.226326353722,238.934743274142,0,153.876396855887,323.781250289068,193.055010680236,137.239127032733,0
173.538155409849,242.790381480436,0,158.955087279859,0,205.09013266389,253.401634605989,74.4197823064597,255.441154257905,314.611698427915,247.66948903751,231.715271819474,0,80.4367166559625,66.5008477853491,0,0,0,183.786860782462,134.960780198024,168.241326865882,0,186.348837226466,0,151.806152521152,111.435629183184,198.528111506785,0,120.567029282014,137.177378802006,0,89.9429017381717,161.325017232684,101.85207633558,172.892533368851,153.876396855887,0,206.912707094411,162.833808134102,181.316358113209,190.185165668632
0,0,0,0,0,0,0,214.116367924649,81.9664354533492,309.997227542691,106.128596538706,261.605527103798,0,192.601533877686,0,178.748963182352,0,0,104.369974912428,0,93.5029580098427,0,0,108.136066660554,0,0,98.417953423071,95.7590805983148,62.859596780235,0,0,128.530575464043,0,145.74089716123,67.8267069095267,323.781250289068,206.912707094411,0,0,138.425725342224,165.597665022977
0,0,0,82.6299537488922,0,0,0,0,218.045528847001,0,259.442917595754,241.682021696872,0,0,283.88658203332,0,228.075434767255,0,0,211.840482897052,0,90.7216186966914,0,0,0,151.036729364761,0,219.040656038919,0,109.093416850988,0,0,0,0,251.098274723989,193.055010680236,162.833808134102,0,0,0,128.405764333981
58.3493451392805,180.543851962045,0,125.994729980093,134.566479261133,153.609372090384,94.7529894315991,0,0,173.201474590904,0,171.906398392157,0,0,73.1029054543569,115.541295036174,115.194491798135,0,192.135034768848,146.465927798921,0,139.792601838991,103.519938150021,209.996727521564,0,198.964527389285,192.693757128262,227.504408813069,0,0,201.100640800745,0,0,0,112.793316814908,137.239127032733,181.316358113209,138.425725342224,0,0,261.440278806413
165.893015276821,0,0,0,151.01089327964,300.031143529538,0,204.481117647118,131.969743415579,169.742003380707,206.472608421747,0,0,71.4788760670054,0,112.349934713559,0,0,0,180.90030328818,0,0,0,205.839960264176,0,0,223.705816669619,94.9380989123498,84.3635741045246,338.131802716296,0,0,0,347.376449530863,306.640284138334,0,190.185165668632,165.597665022977,128.405764333981,261.440278806413,0
