0,0,0,0,0,249.905610015455,0,0,0,0,0,0,0,0,0,0,0,0,0,0,0,0,94.126460729827,174.013630695256,0,0,0,0,0,0,0,0,0,0,136.792307586862,0,94.8881692391942,0,0,269.936825670274,0
0,0,0,0,0,0,250.461724766314,0,0,0,0,0,0,0,0,0,0,90.1317194604647,0,0,116.176698124939,0,0,0,0,0,0,62.859596780235,0,0,0,0,0,98.6790043377568,0,0,219.040656038919,0,0,240.185081663983,0
0,0,0,72.2278283150671,0,0,0,0,0,0,0,0,0,61.0664810463559,0,0,0,0,0,0,0,0,0,0,0,0,0,124.698445421759,0,0,0,0,0,0,0,0,0,0,192.693757128262,165.893015276821,0
0,0,72.2278283150671,0,162.833808134102,0,0,0,0,0,0,0,0,146.465927798921,0,238.934743274142,0,309.997227542691,0,0,94.7280504127031,0,0,151.036729364761,0,0,0,0,122.106946855269,0,0,0,0,0,0,0,85.7623170715703,96.7845769653343,104.915316975638,161.325017232684,172.608400267715
0,0,0,162.833808134102,0,0,0,70.4221432298295,0,75.4497121078207,0,0,247.66948903751,0,0,0,242.790381480436,0,0,146.814226519809,0,0,197.486504603685,0,0,186.348837226466,262.382215657622,0,188.936291522747,0,114.649126378906,0,0,168.241326865882,0,0,155.24952173131,0,0,128.405764333981,0
249.905610015455,0,0,0,0,0,321.124897279917,92.5568465385234,0,0,179.718364159796,338.131802716296,0,0,0,0,0,0,0,0,0,0,0,113.059176128709,0,0,167.066576495979,204.084074037941,115.871357769661,0,112.793316814908,0,0,0,202.712457066107,0,212.592150359921,0,115.541295036174,205.839960264176,0
0,250.461724766314,0,0,0,321.124897279917,0,0,183.786860782462,0,0,0,0,213.67670887414,0,0,0,0,0,241.682021696872,204.481117647118,0,178.683678585178,0,0,206.472608421747,0,173.001559092555,0,211.840482897052,0,0,0,0,0,137.239127032733,0,0,0,93.5029580098427,114.511014214502
0,0,0,0,70.4221432298295,92.5568465385234,0,0,112.823430872325,196.04190773555,138.33942793804,173.201474590904,0,0,0,141.204637091722,0,0,206.912707094411,320.356811100276,0,0,0,0,0,0,139.654362654449,0,289.631679007608,0,0,0,0,241.635434294794,0,104.369974912428,58.3493451392805,142.385058730083,0,153.672550905948,0
0,0,0,0,0,0,183.786860782462,112.823430872325,0,119.728129215699,0,0,0,180.90030328818,0,0,0,205.183249704085,0,0,0,0,0,0,0,117.208001126138,0,283.248188884028,0,0,0,0,119.345624434514,227.504408813069,90.7216186966914,0,0,0,0,0,161.74915061469
0,0,0,0,75.4497121078207,0,0,196.04190773555,119.728129215699,0,0,0,0,97.3232815600345,0,184.249961885477,140.574866691684,0,89.1590885155172,0,190.185165668632,0,0,161.694997919804,0,0,0,226.825099357786,113.144980278377,0,0,98.2230592632363,0,195.314816908693,172.892533368851,0,0,335.371040201042,76.5072790361762,173.059382066957,195.822649557859
0,0,0,0,0,179.718364159796,0,138.33942793804,0,0,0,0,214.116367924649,231.050882209,0,0,0,0,151.075371308616,347.376449530863,0,221.805809452716,0,0,0,0,228.792310020318,314.611698427915,136.685314494491,0,0,0,0,158.567996645797,101.350815329073,135.294330067913,161.275817184598,160.537522273714,0,0,125.994729980093
0,0,0,0,0,338.131802716296,0,173.201474590904,0,0,0,0,0,0,0,80.4367166559625,194.442125915551,0,306.640284138334,151.01089327964,263.534399241887,154.784755881607,0,0,0,80.8080171296381,74.4197823064597,222.053792850439,153.876396855887,169.742003380707,0,87.8456058929559,0,151.806152521152,106.926813611922,99.2646516363145,82.6299537488922,0,357.423078228283,193.659409924573,253.401634605989
0,0,0,0,247.66948903751,0,0,0,0,0,214.116367924649,0,0,0,0,0,0,0,0,0,0,0,0,0,0,321.864157986053,0,0,0,252.487290983309,0,0,0,0,92.3502314520023,0,0,0,165.597665022977,0,0
0,0,61.0664810463559,146.465927798921,0,0,213.67670887414,0,180.90030328818,97.3232815600345,231.050882209,0,0,0,0,115.332064605654,0,0,0,106.533627130087,0,0,0,0,0,197.893790332676,133.218162784108,0,0,0,0,0,0,219.078548227669,0,151.695570509541,188.851177466023,94.027247878695,0,0,0
0,0,0,0,0,0,0,0,0,0,0,0,0,0,0,0,0,0,0,160.530221557972,66.5008477853491,0,175.196329314064,97.5855511246009,0,154.142998692322,0,99.3508940827211,0,0,0,0,0,139.792601838991,146.99041817625,89.707245288964,181.316358113209,0,208.005106191961,0,128.530575464043
0,0,0,238.934743274142,0,0,0,141.204637091722,0,184.249961885477,0,80.4367166559625,0,115.332064605654,0,0,0,0,0,135.667029391615,0,0,0,158.955087279859,0,0,134.566479261133,112.349934713559,0,0,0,0,0,0,0,0,0,0,0,261.440278806413,232.945974238958
0,0,0,0,242.790381480436,0,0,0,0,140.574866691684,0,194.442125915551,0,0,0,0,0,0,0,0,94.9380989123498,0,283.88658203332,0,0,0,0,0,108.136066660554,0,0,0,96.5937438588657,284.529238481835,120.912756812582,0,97.3506957544063,0,0,0,0
0,90.1317194604647,0,309.997227542691,0,0,0,0,205.183249704085,0,0,0,0,0,0,0,0,0,0,0,0,0,0,0,0,0,0,110.384905066973,205.09013266389,0,196.032358954952,0,0,193.777661225572,93.4234866874731,0,100.812745974529,0,0,0,0
0,0,0,0,0,0,0,206.912707094411,0,89.1590885155172,151.075371308616,306.640284138334,0,0,0,0,0,0,0,0,0,228.075434767255,0,0,142.054529471577,0,109.093416850988,0,0,0,0,0,0,0,0,192.135034768848,101.5853655613,191.519780382943,0,163.059043292369,78.9559315574845
0,0,0,0,146.814226519809,0,241.682021696872,320.356811100276,0,0,347.376449530863,151.01089327964,0,106.533627130087,160.530221557972,135.667029391615,0,0,0,0,0,0,0,215.611029055736,0,0,223.705816669619,231.715271819474,71.4788760670054,0,0,261.605527103798,0,323.781250289068,0,0,198.964527389285,218.045528847001,0,0,164.032723165762
0,116.176698124939,0,94.7280504127031,0,0,204.481117647118,0,0,190.185165668632,0,263.534399241887,0,0,66.5008477853491,0,94.9380989123498,0,0,0,0,0,0,0,124.853650664477,0,0,0,143.005810983322,0,0,306.344527664232,0,0,115.114253591495,0,155.901486485736,0,0,0,236.681907140956
0,0,0,0,0,0,0,0,0,0,221.805809452716,154.784755881607,0,0,0,0,0,0,228.075434767255,0,0,0,0,0,84.3635741045246,0,0,125.81518738273,201.44584889478,0,106.128596538706,0,0,0,0,0,0,0,0,0,137.177378802006
94.126460729827,0,0,0,197.486504603685,0,178.683678585178,0,0,0,0,0,0,0,175.196329314064,0,283.88658203332,0,0,0,0,0,0,303.527509149359,0,171.906398392157,0,116.054372245433,73.4795582048751,0,0,0,0,0,82.6426202489162,255.441154257905,159.183173818572,145.74089716123,0,71.5579325720569,67.8267069095267
174.013630695256,0,0,151.036729364761,0,113.059176128709,0,0,0,161.694997919804,0,0,0,0,97.5855511246009,158.955087279859,0,0,0,215.611029055736,0,0,303.527509149359,0,0,329.719143597451,139.93285932648,101.443495235174,133.984214699576,333.645516435298,0,0,0,153.453047983244,161.302948562323,0,201.100640800745,120.567029282014,82.1742780037132,276.620869034647,0
0,0,0,0,0,0,0,0,0,0,0,0,0,0,0,0,0,0,142.054529471577,0,124.853650664477,84.3635741045246,0,0,0,0,0,220.901129804706,325.937289045041,169.453147353278,0,0,0,0,146.770754374523,0,148.808626413748,193.055010680236,0,0,157.852515740516
0,0,0,0,186.348837226466,0,206.472608421747,0,117.208001126138,0,0,80.8080171296381,321.864157986053,197.893790332676,154.142998692322,0,0,0,0,0,0,0,171.906398392157,329.719143597451,0,0,225.013371621378,85.6072705949986,0,259.442917595754,259.055025639447,98.417953423071,0,125.416941482916,224.523755099568,345.797434674459,118.522099274347,180.543851962045,0,195.378266313867,0
0,0,0,0,262.382215657622,167.066576495979,0,139.654362654449,0,0,228.792310020318,74.4197823064597,0,133.218162784108,0,134.566479261133,0,0,109.093416850988,223.705816669619,0,0,0,139.93285932648,0,225.013371621378,0,94.7529894315991,74.5815074003433,0,0,0,0,348.674510760064,95.7590805983148,186.973586461633,187.77054666536,0,153.609372090384,198.528111506785,137.189596148386
0,62.859596780235,124.698445421759,0,0,204.084074037941,173.001559092555,0,283.248188884028,226.825099357786,314.611698427915,222.053792850439,0,0,99.3508940827211,112.349934713559,0,110.384905066973,0,231.715271819474,0,125.81518738273,116.054372245433,101.443495235174,220.901129804706,85.6072705949986,94.7529894315991,0,108.381749703452,0,0,171.230058197369,0,150.161410108805,101.605593487621,209.996727521564,89.9429017381717,163.945208919892,0,81.9664354533492,178.748963182352
0,0,0,122.106946855269,188.936291522747,115.871357769661,0,289.631679007608,0,113.144980278377,136.685314494491,153.876396855887,0,0,0,0,108.136066660554,205.09013266389,0,71.4788760670054,143.005810983322,201.44584889478,73.4795582048751,133.984214699576,325.937289045041,0,74.5815074003433,108.381749703452,0,0,0,0,0,178.224497384947,0,154.070293657878,0,251.098274723989,0,241.57250333243,0
0,0,0,0,0,0,211.840482897052,0,0,0,0,169.742003380707,252.487290983309,0,0,0,0,0,0,0,0,0,0,333.645516435298,169.453147353278,259.442917595754,0,0,0,0,0,0,0,180.355266595273,0,0,115.868441404982,173.538155409849,81.2827395071039,73.1029054543569,0
0,0,0,0,114.649126378906,112.793316814908,0,0,0,0,0,0,0,0,0,0,0,196.032358954952,0,0,0,106.128596538706,0,0,0,259.055025639447,0,0,0,0,0,0,0,220.963068032256,0,0,0,0,0,0,0
0,0,0,0,0,0,0,0,0,98.2230592632363,0,87.8456058929559,0,0,0,0,0,0,0,261.605527103798,306.344527664232,0,0,0,0,98.417953423071,0,171.230058197369,0,0,0,0,0,217.157696745803,353.822894641502,115.194491798135,101.85207633558,92.5207898118833,0,0,0
0,0,0,0,0,0,0,0,119.345624434514,0,0,0,0,0,0,0,96.5937438588657,0,0,0,0,0,0,0,0,0,0,0,0,0,0,0,0,0,154.065933476765,0,138.425725342224,0,0,249.798812580765,0
0,98.6790043377568,0,0,168.241326865882,0,0,241.635434294794,227.504408813069,195.314816908693,158.567996645797,151.806152521152,0,219.078548227669,139.792601838991,0,284.529238481835,193.777661225572,0,323.781250289068,0,0,0,153.453047983244,0,125.416941482916,348.674510760064,150.161410108805,178.224497384947,180.355266595273,220.963068032256,217.157696745803,0,0,0,134.960780198024,300.031143529538,192.601533877686,224.551207449728,193.63278243493,199.492852797962
136.792307586862,0,0,0,0,202.712457066107,0,0,90.7216186966914,172.892533368851,101.350815329073,106.926813611922,92.3502314520023,0,146.99041817625,0,120.912756812582,93.4234866874731,0,0,115.114253591495,0,82.6426202489162,161.302948562323,146.770754374523,224.523755099568,95.7590805983148,101.605593487621,0,0,0,353.822894641502,154.065933476765,0,0,111.435629183184,78.8552325762656,62.311273509377,200.878319874537,219.430938885781,103.519938150021
0,0,0,0,0,0,137.239127032733,104.369974912428,0,0,135.294330067913,99.2646516363145,0,151.695570509541,89.707245288964,0,0,0,192.135034768848,0,0,0,255.441154257905,0,0,345.797434674459,186.973586461633,209.996727521564,154.070293657878,0,0,115.194491798135,0,134.960780198024,111.435629183184,0,280.376028997576,0,128.846764897717,111.226326353722,177.763106506206
94.8881692391942,219.040656038919,0,85.7623170715703,155.24952173131,212.592150359921,0,58.3493451392805,0,0,161.275817184598,82.6299537488922,0,188.851177466023,181.316358113209,0,97.3506957544063,100.812745974529,101.5853655613,198.964527389285,155.901486485736,0,159.183173818572,201.100640800745,148.808626413748,118.522099274347,187.77054666536,89.9429017381717,0,115.868441404982,0,101.85207633558,138.425725342224,300.031143529538,78.8552325762656,280.376028997576,0,131.969743415579,0,74.7304794244225,89.3673883748406
0,0,0,96.7845769653343,0,0,0,142.385058730083,0,335.371040201042,160.537522273714,0,0,94.027247878695,0,0,0,0,191.519780382943,218.045528847001,0,0,145.74089716123,120.567029282014,193.055010680236,180.543851962045,0,163.945208919892,251.098274723989,173.538155409849,0,92.5207898118833,0,192.601533877686,62.311273509377,0,131.969743415579,0,106.33736463831,101.895308036513,0
0,0,192.693757128262,104.915316975638,0,115.541295036174,0,0,0,76.5072790361762,0,357.423078228283,165.597665022977,0,208.005106191961,0,0,0,0,0,0,0,0,82.1742780037132,0,0,153.609372090384,0,0,81.2827395071039,0,0,0,224.551207449728,200.878319874537,128.846764897717,0,106.33736463831,0,0,82.4756938751058
269.936825670274,240.185081663983,165.893015276821,161.325017232684,128.405764333981,205.839960264176,93.5029580098427,153.672550905948,0,173.059382066957,0,193.659409924573,0,0,0,261.440278806413,0,0,163.059043292369,0,0,0,71.5579325720569,276.620869034647,0,195.378266313867,198.528111506785,81.9664354533492,241.57250333243,73.1029054543569,0,0,249.798812580765,193.63278243493,219.430938885781,111.226326353722,74.7304794244225,101.895308036513,0,0,0
0,0,0,172.608400267715,0,0,114.511014214502,0,161.74915061469,195.822649557859,125.994729980093,253.401634605989,0,0,128.530575464043,232.945974238958,0,0,78.9559315574845,164.032723165762,236.681907140956,137.177378802006,67.8267069095267,0,157.852515740516,0,137.189596148386,178.748963182352,0,0,0,0,0,199.492852797962,103.519938150021,177.763106506206,89.3673883748406,0,82.4756938751058,0,0
