0,0,0,0,94.027247878695,0,0,0,0,0,0,0,0,0,0,112.823430872325,0,0,0,0,0,0,0,0,0,0,0,214.116367924649,0,0,0,0,0,106.533627130087,0,0,76.5072790361762,72.2278283150671,0,0,0
0,0,0,0,109.093416850988,153.672550905948,0,0,0,0,0,353.822894641502,0,306.344527664232,0,0,0,0,0,0,0,0,0,0,0,0,0,0,0,93.4234866874731,192.601533877686,0,0,0,101.605593487621,0,0,0,0,0,0
0,0,0,0,0,0,0,0,0,0,0,151.806152521152,0,0,0,0,0,0,0,0,0,0,125.416941482916,0,0,0,0,0,223.705816669619,0,0,0,0,202.712457066107,0,0,0,262.382215657622,0,0,0
0,0,0,0,161.74915061469,0,158.567996645797,0,0,174.013630695256,0,0,94.8881692391942,0,0,0,99.3508940827211,0,0,0,249.905610015455,0,0,0,0,249.798812580765,143.005810983322,0,180.355266595273,0,0,0,0,0,94.9380989123498,347.376449530863,0,195.314816908693,0,204.481117647118,0
94.027247878695,109.093416850988,0,161.74915061469,0,0,0,283.88658203332,0,0,0,0,0,100.812745974529,0,0,0,0,89.707245288964,0,0,0,0,0,0,0,325.937289045041,125.994729980093,0,138.33942793804,259.055025639447,0,0,89.9429017381717,198.964527389285,0,0,0,117.208001126138,333.645516435298,0
0,153.672550905948,0,0,0,0,113.059176128709,115.868441404982,0,0,0,0,0,0,0,171.906398392157,0,0,0,85.6072705949986,0,0,0,0,321.864157986053,0,96.7845769653343,94.126460729827,0,0,0,280.376028997576,0,0,101.895308036513,251.098274723989,106.128596538706,0,0,161.694997919804,201.100640800745
0,0,0,158.567996645797,0,113.059176128709,0,0,0,236.681907140956,0,145.74089716123,0,0,0,0,0,0,167.066576495979,90.1317194604647,173.538155409849,0,0,0,0,169.742003380707,0,90.7216186966914,0,0,0,0,0,0,335.371040201042,195.822649557859,119.345624434514,0,0,0,139.792601838991
0,0,0,0,283.88658203332,115.868441404982,0,0,136.685314494491,0,0,112.349934713559,0,0,96.5937438588657,0,0,0,0,224.523755099568,321.124897279917,0,228.075434767255,0,61.0664810463559,0,215.611029055736,106.33736463831,0,0,0,276.620869034647,0,348.674510760064,177.763106506206,82.4756938751058,93.5029580098427,0,0,0,0
0,0,0,0,0,0,0,136.685314494491,0,0,231.715271819474,101.5853655613,0,169.453147353278,0,0,0,0,0,0,0,231.050882209,0,159.183173818572,0,0,0,103.519938150021,0,0,157.852515740516,0,0,0,0,0,0,0,137.239127032733,205.183249704085,81.9664354533492
0,0,0,174.013630695256,0,0,236.681907140956,0,0,0,0,0,0,0,151.01089327964,0,0,112.793316814908,0,0,0,0,73.4795582048751,284.529238481835,151.036729364761,0,135.294330067913,241.635434294794,0,0,128.405764333981,199.492852797962,0,303.527509149359,0,75.4497121078207,97.3506957544063,172.892533368851,78.8552325762656,134.960780198024,238.934743274142
0,0,0,0,0,0,0,0,231.715271819474,0,0,219.078548227669,0,221.805809452716,146.770754374523,0,0,0,124.853650664477,196.04190773555,0,0,0,0,0,201.44584889478,141.204637091722,0,0,115.332064605654,0,0,0,95.7590805983148,71.4788760670054,101.85207633558,114.511014214502,116.054372245433,0,190.185165668632,94.7280504127031
0,353.822894641502,151.806152521152,0,0,0,145.74089716123,112.349934713559,101.5853655613,0,219.078548227669,0,0,314.611698427915,0,0,137.177378802006,165.597665022977,0,0,0,0,180.90030328818,163.945208919892,0,151.695570509541,0,142.385058730083,250.461724766314,0,0,0,0,306.640284138334,74.4197823064597,222.053792850439,146.465927798921,134.566479261133,0,98.417953423071,146.814226519809
0,0,0,94.8881692391942,0,0,0,0,0,0,0,0,0,0,92.5207898118833,0,0,0,0,0,0,0,0,0,0,0,240.185081663983,161.275817184598,0,0,0,0,0,0,115.871357769661,0,0,0,0,0,197.486504603685
0,306.344527664232,0,0,100.812745974529,0,0,0,169.453147353278,0,221.805809452716,314.611698427915,0,0,0,0,0,0,110.384905066973,0,181.316358113209,208.005106191961,0,0,0,0,0,111.226326353722,0,252.487290983309,0,0,0,136.792307586862,140.574866691684,247.66948903751,0,0,0,283.248188884028,0
0,0,0,0,0,0,0,96.5937438588657,0,151.01089327964,146.770754374523,0,92.5207898118833,0,0,0,0,0,0,0,0,0,0,98.2230592632363,0,118.522099274347,0,0,198.528111506785,0,0,0,0,192.135034768848,0,0,70.4221432298295,0,150.161410108805,309.997227542691,137.189596148386
112.823430872325,0,0,0,0,171.906398392157,0,0,0,0,0,0,0,0,0,0,153.609372090384,0,0,128.846764897717,120.567029282014,0,0,0,191.519780382943,153.453047983244,261.440278806413,71.5579325720569,0,227.504408813069,0,0,0,0,89.1590885155172,0,0,0,0,0,0
0,0,0,99.3508940827211,0,0,0,0,0,0,0,137.177378802006,0,0,0,153.609372090384,0,0,0,0,0,0,0,0,0,0,113.144980278377,0,104.915316975638,180.543851962045,0,0,0,224.551207449728,0,0,323.781250289068,345.797434674459,0,178.224497384947,0
0,0,0,0,0,0,0,0,0,112.793316814908,0,165.597665022977,0,0,0,0,0,0,0,0,0,0,0,205.09013266389,0,66.5008477853491,0,0,0,0,0,197.893790332676,0,0,329.719143597451,0,111.435629183184,0,357.423078228283,0,205.839960264176
0,0,0,0,89.707245288964,0,167.066576495979,0,0,0,124.853650664477,0,0,110.384905066973,0,0,0,0,0,0,0,0,193.055010680236,165.893015276821,0,241.682021696872,0,217.157696745803,0,0,0,0,0,192.693757128262,0,161.325017232684,133.984214699576,0,0,196.032358954952,0
0,0,0,0,0,85.6072705949986,90.1317194604647,224.523755099568,0,0,196.04190773555,0,0,0,0,128.846764897717,0,0,0,0,0,0,0,193.777661225572,0,122.106946855269,300.031143529538,155.24952173131,89.3673883748406,80.4367166559625,0,0,0,92.5568465385234,82.6426202489162,0,219.040656038919,175.196329314064,173.001559092555,101.350815329073,0
0,0,0,249.905610015455,0,0,173.538155409849,321.124897279917,0,0,0,0,0,181.316358113209,0,120.567029282014,0,0,0,0,0,0,0,0,0,195.378266313867,87.8456058929559,0,218.045528847001,0,0,158.955087279859,0,0,0,204.084074037941,94.7529894315991,0,154.142998692322,0,173.059382066957
0,0,0,0,0,0,0,0,231.050882209,0,0,0,0,208.005106191961,0,0,0,0,0,0,0,0,220.963068032256,139.654362654449,0,0,0,253.401634605989,78.9559315574845,0,0,0,0,0,0,0,183.786860782462,67.8267069095267,0,0,0
0,0,125.416941482916,0,0,0,0,228.075434767255,0,73.4795582048751,0,180.90030328818,0,0,0,0,0,0,193.055010680236,0,0,220.963068032256,0,164.032723165762,0,0,0,212.592150359921,193.63278243493,184.249961885477,0,0,0,0,193.659409924573,320.356811100276,163.059043292369,255.441154257905,0,138.425725342224,0
0,0,0,0,0,0,0,0,159.183173818572,284.529238481835,0,163.945208919892,0,0,98.2230592632363,0,0,205.09013266389,165.893015276821,193.777661225572,0,139.654362654449,164.032723165762,0,0,0,125.81518738273,155.901486485736,188.936291522747,0,0,220.901129804706,0,153.876396855887,104.369974912428,115.114253591495,142.054529471577,74.5815074003433,0,0,101.443495235174
0,0,0,0,0,321.864157986053,0,61.0664810463559,0,151.036729364761,0,0,0,0,0,191.519780382943,0,0,0,0,0,0,0,0,0,0,0,0,228.792310020318,0,0,0,0,154.784755881607,99.2646516363145,0,58.3493451392805,115.541295036174,0,0,160.530221557972
0,0,0,249.798812580765,0,0,169.742003380707,0,0,0,201.44584889478,151.695570509541,0,0,118.522099274347,153.453047983244,0,66.5008477853491,241.682021696872,122.106946855269,195.378266313867,0,0,0,0,0,178.683678585178,115.194491798135,194.442125915551,269.936825670274,0,0,0,338.131802716296,0,82.6299537488922,131.969743415579,62.859596780235,0,139.93285932648,263.534399241887
0,0,0,143.005810983322,325.937289045041,96.7845769653343,0,215.611029055736,0,135.294330067913,141.204637091722,0,240.185081663983,0,0,261.440278806413,113.144980278377,0,0,300.031143529538,87.8456058929559,0,0,125.81518738273,0,178.683678585178,0,0,225.013371621378,0,0,0,0,206.912707094411,0,211.840482897052,219.430938885781,0,242.790381480436,206.472608421747,74.7304794244225
214.116367924649,0,0,0,125.994729980093,94.126460729827,90.7216186966914,106.33736463831,103.519938150021,241.635434294794,0,142.385058730083,161.275817184598,111.226326353722,0,71.5579325720569,0,0,217.157696745803,155.24952173131,0,253.401634605989,212.592150359921,155.901486485736,0,115.194491798135,0,0,128.530575464043,0,0,209.996727521564,97.5855511246009,186.973586461633,108.136066660554,226.825099357786,188.851177466023,133.218162784108,82.1742780037132,0,116.176698124939
0,0,223.705816669619,180.355266595273,0,0,0,0,0,0,0,250.461724766314,0,0,198.528111506785,0,104.915316975638,0,0,89.3673883748406,218.045528847001,78.9559315574845,193.63278243493,188.936291522747,228.792310020318,194.442125915551,225.013371621378,128.530575464043,0,0,0,97.3232815600345,0,259.442917595754,0,241.57250333243,178.748963182352,80.8080171296381,0,124.698445421759,92.3502314520023
0,93.4234866874731,0,0,138.33942793804,0,0,0,0,0,115.332064605654,0,0,252.487290983309,0,227.504408813069,180.543851962045,0,0,80.4367166559625,0,0,184.249961885477,0,0,269.936825670274,0,0,0,0,0,0,0,148.808626413748,0,0,0,0,0,106.926813611922,0
0,192.601533877686,0,0,259.055025639447,0,0,0,157.852515740516,128.405764333981,0,0,0,0,0,0,0,0,0,0,0,0,0,0,0,0,0,0,0,0,0,0,0,0,84.3635741045246,0,261.605527103798,0,0,0,0
0,0,0,0,0,280.376028997576,0,276.620869034647,0,199.492852797962,0,0,0,0,0,0,0,197.893790332676,0,0,158.955087279859,0,0,220.901129804706,0,0,0,209.996727521564,97.3232815600345,0,0,0,0,146.99041817625,173.201474590904,0,85.7623170715703,0,0,0,0
0,0,0,0,0,0,0,0,0,0,0,0,0,0,0,0,0,0,0,0,0,0,0,0,0,0,0,97.5855511246009,0,0,0,0,0,98.6790043377568,0,0,154.070293657878,0,232.945974238958,172.608400267715,0
106.533627130087,0,202.712457066107,0,89.9429017381717,0,0,348.674510760064,0,303.527509149359,95.7590805983148,306.640284138334,0,136.792307586862,192.135034768848,0,224.551207449728,0,192.693757128262,92.5568465385234,0,0,0,153.876396855887,154.784755881607,338.131802716296,206.912707094411,186.973586461633,259.442917595754,148.808626413748,0,146.99041817625,98.6790043377568,0,151.075371308616,0,114.649126378906,171.230058197369,161.302948562323,120.912756812582,0
0,101.605593487621,0,94.9380989123498,198.964527389285,101.895308036513,335.371040201042,177.763106506206,0,0,71.4788760670054,74.4197823064597,115.871357769661,140.574866691684,0,89.1590885155172,0,329.719143597451,0,82.6426202489162,0,0,193.659409924573,104.369974912428,99.2646516363145,0,0,108.136066660554,0,0,84.3635741045246,173.201474590904,0,151.075371308616,0,81.2827395071039,73.1029054543569,0,62.311273509377,119.728129215699,187.77054666536
0,0,0,347.376449530863,0,251.098274723989,195.822649557859,82.4756938751058,0,75.4497121078207,101.85207633558,222.053792850439,0,247.66948903751,0,0,0,0,161.325017232684,0,204.084074037941,0,320.356811100276,115.114253591495,0,82.6299537488922,211.840482897052,226.825099357786,241.57250333243,0,0,0,0,0,81.2827395071039,0,0,135.667029391615,0,200.878319874537,0
76.5072790361762,0,0,0,0,106.128596538706,119.345624434514,93.5029580098427,0,97.3506957544063,114.511014214502,146.465927798921,0,0,70.4221432298295,0,323.781250289068,111.435629183184,133.984214699576,219.040656038919,94.7529894315991,183.786860782462,163.059043292369,142.054529471577,58.3493451392805,131.969743415579,219.430938885781,188.851177466023,178.748963182352,0,261.605527103798,85.7623170715703,154.070293657878,114.649126378906,73.1029054543569,0,0,213.67670887414,108.381749703452,179.718364159796,168.241326865882
72.2278283150671,0,262.382215657622,195.314816908693,0,0,0,0,0,172.892533368851,116.054372245433,134.566479261133,0,0,0,0,345.797434674459,0,0,175.196329314064,0,67.8267069095267,255.441154257905,74.5815074003433,115.541295036174,62.859596780235,0,133.218162784108,80.8080171296381,0,0,0,0,171.230058197369,0,135.667029391615,213.67670887414,0,0,162.833808134102,160.537522273714
0,0,0,0,117.208001126138,0,0,0,137.239127032733,78.8552325762656,0,0,0,0,150.161410108805,0,0,357.423078228283,0,173.001559092555,154.142998692322,0,0,0,0,0,242.790381480436,82.1742780037132,0,0,0,0,232.945974238958,161.302948562323,62.311273509377,0,108.381749703452,0,0,289.631679007608,154.065933476765
0,0,0,204.481117647118,333.645516435298,161.694997919804,0,0,205.183249704085,134.960780198024,190.185165668632,98.417953423071,0,283.248188884028,309.997227542691,0,178.224497384947,0,196.032358954952,101.350815329073,0,0,138.425725342224,0,0,139.93285932648,206.472608421747,0,124.698445421759,106.926813611922,0,0,172.608400267715,120.912756812582,119.728129215699,200.878319874537,179.718364159796,162.833808134102,289.631679007608,0,186.348837226466
0,0,0,0,0,201.100640800745,139.792601838991,0,81.9664354533492,238.934743274142,94.7280504127031,146.814226519809,197.486504603685,0,137.189596148386,0,0,205.839960264176,0,0,173.059382066957,0,0,101.443495235174,160.530221557972,263.534399241887,74.7304794244225,116.176698124939,92.3502314520023,0,0,0,0,0,187.77054666536,0,168.241326865882,160.537522273714,154.065933476765,186.348837226466,0
