0,0,0,0,0,0,0,94.7280504127031,0,0,0,153.609372090384,0,131.969743415579,0,0,0,0,0,0,0,0,0,0,0,0,0,0,0,0,0,338.131802716296,0,0,0,194.442125915551,94.7529894315991,0,0,0,0
0,0,0,140.574866691684,0,195.822649557859,0,0,0,0,0,0,0,0,125.81518738273,0,0,0,0,0,0,0,0,97.3232815600345,0,141.204637091722,0,0,0,0,0,0,0,113.059176128709,0,0,184.249961885477,0,0,0,0
0,0,0,0,0,0,0,205.839960264176,154.065933476765,0,101.5853655613,0,0,0,0,0,0,0,0,0,0,0,0,106.33736463831,0,0,0,0,0,0,0,0,0,0,0,0,0,0,0,124.698445421759,0
0,140.574866691684,0,0,0,0,0,93.5029580098427,0,0,128.405764333981,0,0,0,0,0,0,0,0,0,0,0,321.864157986053,0,82.6426202489162,74.4197823064597,0,357.423078228283,0,0,0,0,0,101.85207633558,261.605527103798,0,98.417953423071,128.530575464043,221.805809452716,180.543851962045,0
0,0,0,0,0,0,115.868441404982,0,0,0,0,0,0,205.183249704085,0,92.5568465385234,0,0,0,115.194491798135,323.781250289068,0,0,0,80.8080171296381,0,192.135034768848,73.1029054543569,211.840482897052,0,0,0,213.67670887414,0,0,97.3506957544063,0,125.416941482916,94.9380989123498,173.059382066957,0
0,195.822649557859,0,0,0,0,219.078548227669,0,0,89.1590885155172,0,0,139.93285932648,0,154.142998692322,0,0,0,0,112.793316814908,178.683678585178,0,0,0,0,0,0,155.901486485736,347.376449530863,0,0,0,0,71.5579325720569,0,139.654362654449,117.208001126138,0,0,81.9664354533492,309.997227542691
0,0,0,0,115.868441404982,219.078548227669,0,236.681907140956,0,0,225.013371621378,119.728129215699,0,0,0,0,0,0,0,0,0,0,106.926813611922,0,87.8456058929559,205.09013266389,173.201474590904,0,133.984214699576,0,0,0,0,82.1742780037132,96.5937438588657,0,259.442917595754,0,0,0,0
94.7280504127031,0,205.839960264176,93.5029580098427,0,0,236.681907140956,0,0,197.893790332676,0,120.567029282014,0,0,0,0,0,115.114253591495,0,0,106.128596538706,0,0,0,196.032358954952,0,0,0,135.667029391615,193.63278243493,0,0,0,115.541295036174,0,78.8552325762656,153.672550905948,0,0,202.712457066107,206.472608421747
0,0,154.065933476765,0,0,0,0,0,0,0,0,169.742003380707,0,0,172.608400267715,0,0,0,0,0,0,0,0,289.631679007608,0,114.649126378906,0,106.533627130087,0,0,0,0,0,0,227.504408813069,196.04190773555,249.798812580765,0,0,159.183173818572,163.059043292369
0,0,0,0,0,89.1590885155172,0,197.893790332676,0,0,136.792307586862,335.371040201042,0,153.453047983244,0,0,183.786860782462,212.592150359921,0,201.44584889478,0,0,0,0,0,321.124897279917,353.822894641502,146.465927798921,206.912707094411,0,0,178.748963182352,0,0,0,157.852515740516,0,215.611029055736,247.66948903751,219.430938885781,169.453147353278
0,0,101.5853655613,128.405764333981,0,0,225.013371621378,0,0,136.792307586862,0,241.682021696872,0,0,241.57250333243,0,0,0,0,154.070293657878,0,0,0,171.906398392157,0,116.054372245433,108.381749703452,104.369974912428,161.275817184598,0,0,74.5815074003433,0,167.066576495979,0,187.77054666536,0,255.441154257905,0,0,0
153.609372090384,0,0,0,0,0,119.728129215699,120.567029282014,169.742003380707,335.371040201042,241.682021696872,0,0,0,0,146.99041817625,146.770754374523,0,0,0,137.189596148386,222.053792850439,188.851177466023,0,0,0,188.936291522747,345.797434674459,0,0,0,142.385058730083,145.74089716123,72.2278283150671,112.349934713559,0,109.093416850988,120.912756812582,201.100640800745,0,320.356811100276
0,0,0,0,0,139.93285932648,0,0,0,0,0,0,0,0,0,0,0,0,84.3635741045246,0,0,0,0,0,0,0,0,112.823430872325,0,110.384905066973,0,98.6790043377568,0,137.239127032733,0,0,0,0,0,0,0
131.969743415579,0,0,0,205.183249704085,0,0,0,0,153.453047983244,0,0,0,0,58.3493451392805,0,0,0,325.937289045041,0,0,0,0,0,0,0,125.994729980093,0,303.527509149359,0,0,0,0,139.792601838991,195.314816908693,0,173.001559092555,333.645516435298,269.936825670274,111.435629183184,95.7590805983148
0,125.81518738273,0,0,0,154.142998692322,0,0,172.608400267715,0,241.57250333243,0,0,58.3493451392805,0,0,0,0,0,0,0,0,103.519938150021,0,0,186.973586461633,0,137.177378802006,119.345624434514,0,0,0,0,0,0,0,192.601533877686,0,0,226.825099357786,262.382215657622
0,0,0,0,92.5568465385234,0,0,0,0,0,0,146.99041817625,0,0,0,0,0,0,177.763106506206,174.013630695256,261.440278806413,0,0,160.530221557972,0,160.537522273714,181.316358113209,0,0,0,0,0,0,134.566479261133,135.294330067913,0,209.996727521564,0,0,0,0
0,0,0,0,0,0,0,0,0,183.786860782462,0,146.770754374523,0,0,0,0,0,0,133.218162784108,231.715271819474,0,0,0,81.2827395071039,0,0,0,0,329.719143597451,0,0,193.055010680236,0,115.871357769661,0,100.812745974529,0,0,0,0,89.707245288964
0,0,0,0,0,0,0,115.114253591495,0,212.592150359921,0,0,0,0,0,0,0,0,104.915316975638,259.055025639447,90.1317194604647,0,0,148.808626413748,0,161.74915061469,0,0,0,0,0,162.833808134102,0,0,0,0,99.3508940827211,0,0,0,0
0,0,0,0,0,0,0,0,0,0,0,0,84.3635741045246,325.937289045041,0,177.763106506206,133.218162784108,104.915316975638,0,0,0,284.529238481835,66.5008477853491,136.685314494491,0,0,0,0,0,0,0,0,0,0,220.963068032256,158.567996645797,118.522099274347,0,0,0,186.348837226466
0,0,0,0,115.194491798135,112.793316814908,0,0,0,201.44584889478,154.070293657878,0,0,0,0,174.013630695256,231.715271819474,259.055025639447,0,0,0,179.718364159796,94.8881692391942,0,0,190.185165668632,138.425725342224,92.5207898118833,0,0,217.157696745803,0,0,0,193.659409924573,0,80.4367166559625,214.116367924649,0,101.443495235174,0
0,0,0,0,323.781250289068,178.683678585178,0,106.128596538706,0,0,0,137.189596148386,0,0,0,261.440278806413,0,90.1317194604647,0,0,0,253.401634605989,199.492852797962,150.161410108805,0,0,0,93.4234866874731,138.33942793804,220.901129804706,0,0,0,0,114.511014214502,0,0,0,0,0,0
0,0,0,0,0,0,0,0,0,0,0,222.053792850439,0,0,0,0,0,0,284.529238481835,179.718364159796,253.401634605989,0,0,0,204.481117647118,0,0,204.084074037941,0,0,0,0,0,0,67.8267069095267,0,198.528111506785,0,0,0,0
0,0,0,321.864157986053,0,0,106.926813611922,0,0,0,0,188.851177466023,0,0,103.519938150021,0,0,0,66.5008477853491,94.8881692391942,199.492852797962,0,0,178.224497384947,0,0,0,0,251.098274723989,0,0,0,0,228.792310020318,171.230058197369,0,108.136066660554,128.846764897717,0,146.814226519809,94.027247878695
0,97.3232815600345,106.33736463831,0,0,0,0,0,289.631679007608,0,171.906398392157,0,0,0,0,160.530221557972,81.2827395071039,148.808626413748,136.685314494491,0,150.161410108805,0,178.224497384947,0,99.2646516363145,0,0,250.461724766314,122.106946855269,0,0,0,0,306.640284138334,228.075434767255,0,192.693757128262,161.302948562323,0,153.876396855887,241.635434294794
0,0,0,82.6426202489162,80.8080171296381,0,87.8456058929559,196.032358954952,0,0,0,0,0,0,0,0,0,0,0,0,0,204.481117647118,0,99.2646516363145,0,0,0,164.032723165762,0,0,0,0,0,0,238.934743274142,124.853650664477,0,276.620869034647,0,0,0
0,141.204637091722,0,74.4197823064597,0,0,205.09013266389,0,114.649126378906,321.124897279917,116.054372245433,0,0,0,186.973586461633,160.537522273714,0,161.74915061469,0,190.185165668632,0,0,0,0,0,0,200.878319874537,113.144980278377,61.0664810463559,0,0,0,0,300.031143529538,101.605593487621,263.534399241887,101.895308036513,0,161.694997919804,82.6299537488922,142.054529471577
0,0,0,0,192.135034768848,0,173.201474590904,0,0,353.822894641502,108.381749703452,188.936291522747,0,125.994729980093,0,181.316358113209,0,0,0,138.425725342224,0,0,0,0,0,200.878319874537,0,73.4795582048751,180.355266595273,242.790381480436,0,0,0,116.176698124939,223.705816669619,74.7304794244225,232.945974238958,198.964527389285,224.551207449728,197.486504603685,154.784755881607
0,0,0,357.423078228283,73.1029054543569,155.901486485736,0,0,106.533627130087,146.465927798921,104.369974912428,345.797434674459,112.823430872325,0,137.177378802006,0,0,0,0,92.5207898118833,93.4234866874731,204.084074037941,0,250.461724766314,164.032723165762,113.144980278377,73.4795582048751,0,219.040656038919,280.376028997576,168.241326865882,0,0,78.9559315574845,249.905610015455,191.519780382943,348.674510760064,82.4756938751058,218.045528847001,231.050882209,96.7845769653343
0,0,0,0,211.840482897052,347.376449530863,133.984214699576,135.667029391615,0,206.912707094411,161.275817184598,0,0,303.527509149359,119.345624434514,0,329.719143597451,0,0,0,138.33942793804,0,251.098274723989,122.106946855269,0,61.0664810463559,180.355266595273,219.040656038919,0,0,0,0,0,75.4497121078207,155.24952173131,0,252.487290983309,0,90.7216186966914,165.597665022977,98.2230592632363
0,0,0,0,0,0,0,193.63278243493,0,0,0,0,110.384905066973,0,0,0,0,0,0,0,220.901129804706,0,0,0,0,0,242.790381480436,280.376028997576,0,0,0,208.005106191961,0,165.893015276821,0,0,151.036729364761,115.332064605654,0,92.3502314520023,134.960780198024
0,0,0,0,0,0,0,0,0,0,0,0,0,0,0,0,0,0,0,217.157696745803,0,0,0,0,0,0,0,168.241326865882,0,0,0,0,0,0,97.5855511246009,0,151.01089327964,85.6072705949986,0,0,283.88658203332
338.131802716296,0,0,0,0,0,0,0,0,178.748963182352,74.5815074003433,142.385058730083,98.6790043377568,0,0,0,193.055010680236,162.833808134102,0,0,0,0,0,0,0,0,0,0,0,208.005106191961,0,0,0,0,0,0,0,0,85.7623170715703,62.311273509377,161.325017232684
0,0,0,0,213.67670887414,0,0,0,0,0,0,145.74089716123,0,0,0,0,0,0,0,0,0,0,0,0,0,0,0,0,0,0,0,0,0,175.196329314064,0,0,151.695570509541,0,0,70.4221432298295,0
0,113.059176128709,0,101.85207633558,0,71.5579325720569,82.1742780037132,115.541295036174,0,0,167.066576495979,72.2278283150671,137.239127032733,139.792601838991,0,134.566479261133,115.871357769661,0,0,0,0,0,228.792310020318,306.640284138334,0,300.031143529538,116.176698124939,78.9559315574845,75.4497121078207,165.893015276821,0,0,175.196329314064,0,180.90030328818,151.806152521152,89.9429017381717,283.248188884028,158.955087279859,76.5072790361762,143.005810983322
0,0,0,261.605527103798,0,0,96.5937438588657,0,227.504408813069,0,0,112.349934713559,0,195.314816908693,0,135.294330067913,0,0,220.963068032256,193.659409924573,114.511014214502,67.8267069095267,171.230058197369,228.075434767255,238.934743274142,101.605593487621,223.705816669619,249.905610015455,155.24952173131,0,97.5855511246009,0,0,180.90030328818,0,306.344527664232,94.126460729827,111.226326353722,193.777661225572,240.185081663983,163.945208919892
194.442125915551,0,0,0,97.3506957544063,139.654362654449,0,78.8552325762656,196.04190773555,157.852515740516,187.77054666536,0,0,0,0,0,100.812745974529,0,158.567996645797,0,0,0,0,0,124.853650664477,263.534399241887,74.7304794244225,191.519780382943,0,0,0,0,0,151.806152521152,306.344527664232,0,173.538155409849,89.3673883748406,0,172.892533368851,71.4788760670054
94.7529894315991,184.249961885477,0,98.417953423071,0,117.208001126138,259.442917595754,153.672550905948,249.798812580765,0,0,109.093416850988,0,173.001559092555,192.601533877686,209.996727521564,0,99.3508940827211,118.522099274347,80.4367166559625,0,198.528111506785,108.136066660554,192.693757128262,0,101.895308036513,232.945974238958,348.674510760064,252.487290983309,151.036729364761,151.01089327964,0,151.695570509541,89.9429017381717,94.126460729827,173.538155409849,0,101.350815329073,151.075371308616,224.523755099568,0
0,0,0,128.530575464043,125.416941482916,0,0,0,0,215.611029055736,255.441154257905,120.912756812582,0,333.645516435298,0,0,0,0,0,214.116367924649,0,0,128.846764897717,161.302948562323,276.620869034647,0,198.964527389285,82.4756938751058,0,115.332064605654,85.6072705949986,0,0,283.248188884028,111.226326353722,89.3673883748406,101.350815329073,0,195.378266313867,62.859596780235,0
0,0,0,221.805809452716,94.9380989123498,0,0,0,0,247.66948903751,0,201.100640800745,0,269.936825670274,0,0,0,0,0,0,0,0,0,0,0,161.694997919804,224.551207449728,218.045528847001,90.7216186966914,0,0,85.7623170715703,0,158.955087279859,193.777661225572,0,151.075371308616,195.378266313867,0,314.611698427915,0
0,0,124.698445421759,180.543851962045,173.059382066957,81.9664354533492,0,202.712457066107,159.183173818572,219.430938885781,0,0,0,111.435629183184,226.825099357786,0,0,0,0,101.443495235174,0,0,146.814226519809,153.876396855887,0,82.6299537488922,197.486504603685,231.050882209,165.597665022977,92.3502314520023,0,62.311273509377,70.4221432298295,76.5072790361762,240.185081663983,172.892533368851,224.523755099568,62.859596780235,314.611698427915,0,0
0,0,0,0,0,309.997227542691,0,206.472608421747,163.059043292369,169.453147353278,0,320.356811100276,0,95.7590805983148,262.382215657622,0,89.707245288964,0,186.348837226466,0,0,0,94.027247878695,241.635434294794,0,142.054529471577,154.784755881607,96.7845769653343,98.2230592632363,134.960780198024,283.88658203332,161.325017232684,0,143.005810983322,163.945208919892,71.4788760670054,0,0,0,0,0
