0,0,0,0,200.878319874537,0,0,0,0,0,0,92.5207898118833,0,0,0,0,0,0,0,0,0,0,0,0,0,0,0,0,0,0,0,0,0,0,80.4367166559625,0,98.2230592632363,0,259.055025639447,160.537522273714,0
0,0,0,112.793316814908,0,0,0,0,0,0,0,0,0,262.382215657622,0,0,0,0,0,0,101.350815329073,0,0,0,0,0,0,193.777661225572,165.597665022977,0,0,0,0,0,0,85.7623170715703,0,0,0,228.792310020318,0
0,0,0,0,0,0,0,115.871357769661,96.7845769653343,0,0,0,0,0,0,0,0,0,0,0,0,0,0,0,0,0,0,172.892533368851,0,0,0,0,0,0,141.204637091722,0,146.99041817625,0,0,0,0
0,112.793316814908,0,0,0,0,169.742003380707,0,169.453147353278,0,0,0,0,0,0,154.065933476765,0,101.443495235174,73.4795582048751,133.218162784108,0,0,0,0,80.8080171296381,178.683678585178,0,0,0,0,0,0,261.440278806413,100.812745974529,101.895308036513,0,219.430938885781,0,0,0,0
200.878319874537,0,0,0,0,0,187.77054666536,0,0,0,0,125.416941482916,0,81.9664354533492,78.9559315574845,0,145.74089716123,0,0,0,0,0,0,0,0,197.893790332676,128.405764333981,0,128.530575464043,0,0,139.792601838991,0,104.369974912428,158.955087279859,0,193.055010680236,309.997227542691,0,0,0
0,0,0,0,0,0,0,0,0,0,0,0,139.93285932648,303.527509149359,218.045528847001,0,0,0,155.24952173131,320.356811100276,0,161.325017232684,0,269.936825670274,0,112.349934713559,0,62.859596780235,0,0,0,0,0,151.036729364761,136.792307586862,0,103.519938150021,0,0,153.609372090384,101.5853655613
0,0,0,169.742003380707,187.77054666536,0,0,0,0,139.654362654449,0,0,0,0,94.7529894315991,0,0,0,0,0,0,0,0,66.5008477853491,140.574866691684,213.67670887414,0,0,206.472608421747,0,0,0,0,204.481117647118,306.640284138334,0,223.705816669619,0,198.964527389285,0,113.144980278377
0,0,115.871357769661,0,0,0,0,0,0,226.825099357786,94.027247878695,73.1029054543569,0,224.551207449728,201.44584889478,0,0,0,0,0,78.8552325762656,0,0,153.672550905948,0,284.529238481835,0,137.177378802006,0,118.522099274347,0,0,0,0,212.592150359921,81.2827395071039,135.667029391615,0,276.620869034647,0,125.81518738273
0,0,96.7845769653343,169.453147353278,0,0,0,0,0,0,0,163.945208919892,0,0,0,0,0,0,0,0,0,0,0,135.294330067913,0,259.442917595754,252.487290983309,0,0,115.541295036174,0,0,0,161.74915061469,0,0,181.316358113209,0,231.715271819474,82.4756938751058,0
0,0,0,0,0,0,139.654362654449,226.825099357786,0,0,167.066576495979,204.084074037941,0,0,214.116367924649,0,0,0,0,93.4234866874731,0,0,220.901129804706,211.840482897052,0,206.912707094411,116.054372245433,172.608400267715,154.070293657878,0,0,0,0,89.707245288964,225.013371621378,201.100640800745,99.3508940827211,117.208001126138,0,220.963068032256,0
0,0,0,0,0,0,0,94.027247878695,0,167.066576495979,0,93.5029580098427,0,0,0,0,0,0,333.645516435298,175.196329314064,0,0,0,0,261.605527103798,0,85.6072705949986,157.852515740516,154.784755881607,0,217.157696745803,82.6299537488922,0,153.453047983244,357.423078228283,0,89.1590885155172,138.33942793804,0,194.442125915551,0
92.5207898118833,0,0,0,125.416941482916,0,0,73.1029054543569,163.945208919892,204.084074037941,93.5029580098427,0,138.425725342224,0,0,0,98.6790043377568,0,171.230058197369,0,114.511014214502,0,0,0,0,136.685314494491,0,94.8881692391942,0,0,0,142.385058730083,0,325.937289045041,180.355266595273,76.5072790361762,280.376028997576,112.823430872325,338.131802716296,300.031143529538,188.936291522747
0,0,0,0,0,139.93285932648,0,0,0,0,0,138.425725342224,0,0,0,106.533627130087,0,74.5815074003433,0,183.786860782462,0,0,0,0,0,0,0,0,0,0,0,0,0,0,0,0,116.176698124939,0,0,0,0
0,262.382215657622,0,0,81.9664354533492,303.527509149359,0,224.551207449728,0,0,0,0,0,0,0,0,0,0,0,173.001559092555,0,0,151.01089327964,0,0,137.189596148386,0,99.2646516363145,0,0,0,0,0,0,115.194491798135,193.659409924573,151.806152521152,173.538155409849,0,345.797434674459,150.161410108805
0,0,0,0,78.9559315574845,218.045528847001,94.7529894315991,201.44584889478,0,214.116367924649,0,0,0,0,0,0,0,0,61.0664810463559,0,0,0,240.185081663983,190.185165668632,0,0,109.093416850988,90.7216186966914,0,0,0,0,0,0,0,92.3502314520023,119.728129215699,0,0,0,0
0,0,0,154.065933476765,0,0,0,0,0,0,0,0,106.533627130087,0,0,0,0,0,0,161.275817184598,151.075371308616,0,0,0,0,0,0,159.183173818572,0,228.075434767255,0,0,0,224.523755099568,0,232.945974238958,89.9429017381717,0,0,143.005810983322,120.567029282014
0,0,0,0,145.74089716123,0,0,0,0,0,0,98.6790043377568,0,0,0,0,0,0,0,110.384905066973,0,0,178.748963182352,0,0,0,0,0,154.142998692322,0,0,0,0,0,97.5855511246009,71.5579325720569,0,168.241326865882,0,82.1742780037132,283.248188884028
0,0,0,101.443495235174,0,0,0,0,0,0,0,0,74.5815074003433,0,0,0,0,0,0,0,329.719143597451,131.969743415579,0,0,0,283.88658203332,255.441154257905,0,0,0,0,0,0,94.126460729827,0,0,241.57250333243,0,0,122.106946855269,0
0,0,0,73.4795582048751,0,155.24952173131,0,0,0,0,333.645516435298,171.230058197369,0,0,61.0664810463559,0,0,0,0,0,106.926813611922,0,98.417953423071,0,0,0,0,0,205.839960264176,0,0,0,0,177.763106506206,165.893015276821,0,199.492852797962,186.348837226466,0,0,0
0,0,0,133.218162784108,0,320.356811100276,0,0,0,93.4234866874731,175.196329314064,0,183.786860782462,173.001559092555,0,161.275817184598,110.384905066973,0,0,0,0,227.504408813069,0,0,0,0,162.833808134102,120.912756812582,124.698445421759,0,0,108.136066660554,0,89.3673883748406,0,347.376449530863,142.054529471577,0,0,0,70.4221432298295
0,101.350815329073,0,0,0,0,0,78.8552325762656,0,0,0,114.511014214502,0,0,0,151.075371308616,0,329.719143597451,106.926813611922,0,0,0,0,348.674510760064,0,0,0,161.302948562323,104.915316975638,0,0,0,0,0,0,0,251.098274723989,84.3635741045246,208.005106191961,0,231.050882209
0,0,0,0,0,161.325017232684,0,0,0,0,0,0,0,0,0,0,0,131.969743415579,0,227.504408813069,0,0,0,0,0,0,94.7280504127031,0,0,0,0,0,0,0,0,0,0,119.345624434514,92.5568465385234,58.3493451392805,113.059176128709
0,0,0,0,0,0,0,0,0,220.901129804706,0,0,0,151.01089327964,240.185081663983,0,178.748963182352,0,98.417953423071,0,0,0,0,205.09013266389,0,0,222.053792850439,108.381749703452,306.344527664232,249.905610015455,221.805809452716,0,0,219.078548227669,0,75.4497121078207,0,0,173.201474590904,111.226326353722,0
0,0,0,0,0,269.936825670274,66.5008477853491,153.672550905948,135.294330067913,211.840482897052,0,0,0,0,190.185165668632,0,0,0,0,0,348.674510760064,0,205.09013266389,0,164.032723165762,0,0,125.994729980093,192.601533877686,205.183249704085,0,146.465927798921,163.059043292369,97.3506957544063,321.864157986053,0,314.611698427915,0,0,238.934743274142,82.6426202489162
0,0,0,80.8080171296381,0,0,140.574866691684,0,0,0,261.605527103798,0,0,0,0,0,0,0,0,0,0,0,0,164.032723165762,0,0,0,0,153.876396855887,0,197.486504603685,0,0,180.90030328818,0,90.1317194604647,0,0,160.530221557972,186.973586461633,0
0,0,0,178.683678585178,197.893790332676,112.349934713559,213.67670887414,284.529238481835,259.442917595754,206.912707094411,0,136.685314494491,0,137.189596148386,0,0,0,283.88658203332,0,0,0,0,0,0,0,0,193.63278243493,0,196.032358954952,0,0,74.4197823064597,0,115.868441404982,178.224497384947,321.124897279917,0,62.311273509377,106.33736463831,133.984214699576,353.822894641502
0,0,0,0,128.405764333981,0,0,0,252.487290983309,116.054372245433,85.6072705949986,0,0,0,109.093416850988,0,0,255.441154257905,0,162.833808134102,0,94.7280504127031,222.053792850439,0,0,193.63278243493,0,111.435629183184,158.567996645797,134.960780198024,0,0,0,202.712457066107,192.693757128262,71.4788760670054,137.239127032733,0,195.378266313867,198.528111506785,128.846764897717
0,193.777661225572,172.892533368851,0,0,62.859596780235,0,137.177378802006,0,172.608400267715,157.852515740516,94.8881692391942,0,99.2646516363145,90.7216186966914,159.183173818572,0,0,0,120.912756812582,161.302948562323,0,108.381749703452,125.994729980093,0,0,111.435629183184,0,101.605593487621,134.566479261133,96.5937438588657,242.790381480436,263.534399241887,236.681907140956,124.853650664477,0,192.135034768848,179.718364159796,67.8267069095267,173.059382066957,219.040656038919
0,165.597665022977,0,0,128.530575464043,0,206.472608421747,0,0,154.070293657878,154.784755881607,0,0,0,0,0,154.142998692322,0,205.839960264176,124.698445421759,104.915316975638,0,306.344527664232,192.601533877686,153.876396855887,196.032358954952,158.567996645797,101.605593487621,0,0,0,0,115.114253591495,0,101.85207633558,0,191.519780382943,184.249961885477,161.694997919804,215.611029055736,0
0,0,0,0,0,0,0,118.522099274347,115.541295036174,0,0,0,0,0,0,228.075434767255,0,0,0,0,0,0,249.905610015455,205.183249704085,0,0,134.960780198024,134.566479261133,0,0,74.7304794244225,0,0,209.996727521564,0,0,72.2278283150671,335.371040201042,0,0,0
0,0,0,0,0,0,0,0,0,0,217.157696745803,0,0,0,0,0,0,0,0,0,0,0,221.805809452716,0,197.486504603685,0,0,96.5937438588657,0,74.7304794244225,0,0,0,0,0,0,0,0,0,0,114.649126378906
0,0,0,0,139.792601838991,0,0,0,0,0,82.6299537488922,142.385058730083,0,0,0,0,0,0,0,108.136066660554,0,0,0,146.465927798921,0,74.4197823064597,0,242.790381480436,0,0,0,0,0,247.66948903751,0,0,95.7590805983148,171.906398392157,0,0,289.631679007608
0,0,0,261.440278806413,0,0,0,0,0,0,0,0,0,0,0,0,0,0,0,0,0,0,0,163.059043292369,0,0,0,263.534399241887,115.114253591495,0,0,0,0,0,151.695570509541,0,0,0,0,0,0
0,0,0,100.812745974529,104.369974912428,151.036729364761,204.481117647118,0,161.74915061469,89.707245288964,153.453047983244,325.937289045041,0,0,0,224.523755099568,0,94.126460729827,177.763106506206,89.3673883748406,0,0,219.078548227669,97.3506957544063,180.90030328818,115.868441404982,202.712457066107,236.681907140956,0,209.996727521564,0,247.66948903751,0,0,196.04190773555,241.635434294794,180.543851962045,87.8456058929559,148.808626413748,115.332064605654,0
80.4367166559625,0,141.204637091722,101.895308036513,158.955087279859,136.792307586862,306.640284138334,212.592150359921,0,225.013371621378,357.423078228283,180.355266595273,0,115.194491798135,0,0,97.5855511246009,0,165.893015276821,0,0,0,0,321.864157986053,0,178.224497384947,192.693757128262,124.853650664477,101.85207633558,0,0,0,151.695570509541,196.04190773555,0,253.401634605989,250.461724766314,146.814226519809,0,97.3232815600345,195.314816908693
0,85.7623170715703,0,0,0,0,0,81.2827395071039,0,201.100640800745,0,76.5072790361762,0,193.659409924573,92.3502314520023,232.945974238958,71.5579325720569,0,0,347.376449530863,0,0,75.4497121078207,0,90.1317194604647,321.124897279917,71.4788760670054,0,0,0,0,0,0,241.635434294794,253.401634605989,0,0,174.013630695256,155.901486485736,188.851177466023,146.770754374523
98.2230592632363,0,146.99041817625,219.430938885781,193.055010680236,103.519938150021,223.705816669619,135.667029391615,181.316358113209,99.3508940827211,89.1590885155172,280.376028997576,116.176698124939,151.806152521152,119.728129215699,89.9429017381717,0,241.57250333243,199.492852797962,142.054529471577,251.098274723989,0,0,314.611698427915,0,0,137.239127032733,192.135034768848,191.519780382943,72.2278283150671,0,95.7590805983148,0,180.543851962045,250.461724766314,0,0,94.9380989123498,0,249.798812580765,241.682021696872
0,0,0,0,309.997227542691,0,0,0,0,117.208001126138,138.33942793804,112.823430872325,0,173.538155409849,0,0,168.241326865882,0,186.348837226466,0,84.3635741045246,119.345624434514,0,0,0,62.311273509377,0,179.718364159796,184.249961885477,335.371040201042,0,171.906398392157,0,87.8456058929559,146.814226519809,174.013630695256,94.9380989123498,0,0,195.822649557859,106.128596538706
259.055025639447,0,0,0,0,0,198.964527389285,276.620869034647,231.715271819474,0,0,338.131802716296,0,0,0,0,0,0,0,0,208.005106191961,92.5568465385234,173.201474590904,0,160.530221557972,106.33736463831,195.378266313867,67.8267069095267,161.694997919804,0,0,0,0,148.808626413748,0,155.901486485736,0,0,0,0,0
160.537522273714,228.792310020318,0,0,0,153.609372090384,0,0,82.4756938751058,220.963068032256,194.442125915551,300.031143529538,0,345.797434674459,0,143.005810983322,82.1742780037132,122.106946855269,0,0,0,58.3493451392805,111.226326353722,238.934743274142,186.973586461633,133.984214699576,198.528111506785,173.059382066957,215.611029055736,0,0,0,0,115.332064605654,97.3232815600345,188.851177466023,249.798812580765,195.822649557859,0,0,323.781250289068
0,0,0,0,0,101.5853655613,113.144980278377,125.81518738273,0,0,0,188.936291522747,0,150.161410108805,0,120.567029282014,283.248188884028,0,0,70.4221432298295,231.050882209,113.059176128709,0,82.6426202489162,0,353.822894641502,128.846764897717,219.040656038919,0,0,114.649126378906,289.631679007608,0,0,195.314816908693,146.770754374523,241.682021696872,106.128596538706,0,323.781250289068,0
