0,0,0,0,0,0,0,0,0,0,0,0,0,0,0,0,0,0,0,0,0,0,0,0,0,61.0664810463559,0,117.208001126138,0,320.356811100276,0,0,0,0,139.654362654449,180.543851962045,133.218162784108,0,0,0,0
0,0,0,0,0,0,0,0,0,0,106.926813611922,81.9664354533492,0,0,0,0,0,0,0,0,0,0,0,0,0,0,142.054529471577,174.013630695256,0,0,0,0,0,0,184.249961885477,0,321.124897279917,259.055025639447,0,0,0
0,0,0,0,0,0,0,154.070293657878,0,0,95.7590805983148,0,0,0,0,0,0,0,0,0,0,0,128.405764333981,0,0,150.161410108805,0,232.945974238958,0,0,0,0,0,0,0,0,0,0,0,0,0
0,0,0,0,116.054372245433,0,213.67670887414,0,0,94.7280504127031,85.7623170715703,0,0,0,259.442917595754,0,100.812745974529,0,0,0,0,0,135.667029391615,153.876396855887,0,0,209.996727521564,0,0,0,0,76.5072790361762,0,357.423078228283,0,0,153.453047983244,0,0,92.5207898118833,0
0,0,0,116.054372245433,0,0,0,226.825099357786,0,261.440278806413,136.792307586862,151.036729364761,0,141.204637091722,0,0,0,0,78.8552325762656,158.567996645797,0,0,0,0,197.893790332676,171.230058197369,58.3493451392805,0,0,0,0,0,0,0,0,0,0,0,165.597665022977,78.9559315574845,146.814226519809
0,0,0,0,0,0,0,333.645516435298,0,106.33736463831,251.098274723989,0,0,0,0,0,0,94.8881692391942,0,0,220.963068032256,0,0,0,0,0,115.332064605654,138.425725342224,0,0,0,94.9380989123498,0,94.126460729827,249.798812580765,90.1317194604647,104.915316975638,0,0,223.705816669619,145.74089716123
0,0,0,213.67670887414,0,0,0,0,0,0,101.350815329073,241.635434294794,204.481117647118,0,0,0,0,0,0,89.9429017381717,0,192.135034768848,0,0,84.3635741045246,75.4497121078207,0,0,0,0,0,0,137.189596148386,151.695570509541,0,262.382215657622,119.728129215699,0,0,206.472608421747,0
0,0,154.070293657878,0,226.825099357786,333.645516435298,0,0,0,284.529238481835,0,0,0,0,0,0,0,0,224.523755099568,0,252.487290983309,0,0,0,113.144980278377,215.611029055736,0,186.973586461633,138.33942793804,0,0,0,0,202.712457066107,158.955087279859,178.748963182352,80.4367166559625,161.325017232684,0,0,208.005106191961
0,0,0,0,0,0,0,0,0,0,0,180.355266595273,94.027247878695,0,0,0,0,0,0,0,0,89.1590885155172,0,205.839960264176,0,0,183.786860782462,115.871357769661,99.2646516363145,0,0,0,0,0,101.605593487621,0,338.131802716296,73.1029054543569,250.461724766314,0,0
0,0,0,94.7280504127031,261.440278806413,106.33736463831,0,284.529238481835,0,0,0,99.3508940827211,0,0,0,115.114253591495,0,0,205.09013266389,0,98.2230592632363,0,0,146.770754374523,74.4197823064597,0,0,255.441154257905,92.5568465385234,0,0,0,0,128.530575464043,0,134.960780198024,146.465927798921,139.93285932648,0,115.541295036174,120.567029282014
0,106.926813611922,95.7590805983148,85.7623170715703,136.792307586862,251.098274723989,101.350815329073,0,0,0,0,0,0,353.822894641502,0,0,0,0,0,0,0,0,0,157.852515740516,62.311273509377,227.504408813069,73.4795582048751,80.8080171296381,0,0,0,0,0,0,241.682021696872,0,135.294330067913,0,0,148.808626413748,137.239127032733
0,81.9664354533492,0,0,151.036729364761,0,241.635434294794,0,180.355266595273,99.3508940827211,0,0,0,85.6072705949986,0,219.040656038919,0,0,0,300.031143529538,0,0,155.24952173131,96.5937438588657,0,345.797434674459,136.685314494491,0,115.194491798135,114.649126378906,0,0,137.177378802006,173.001559092555,347.376449530863,0,93.5029580098427,0,218.045528847001,101.443495235174,173.201474590904
0,0,0,0,0,0,204.481117647118,0,94.027247878695,0,0,0,0,0,0,0,0,0,0,195.314816908693,0,0,72.2278283150671,0,0,0,0,81.2827395071039,0,0,0,249.905610015455,0,0,0,0,0,0,0,0,0
0,0,0,0,141.204637091722,0,0,0,0,0,353.822894641502,85.6072705949986,0,0,125.994729980093,188.936291522747,0,0,0,0,0,0,0,193.659409924573,0,66.5008477853491,115.868441404982,211.840482897052,0,0,0,0,0,309.997227542691,118.522099274347,178.683678585178,175.196329314064,0,110.384905066973,0,0
0,0,0,259.442917595754,0,0,0,0,0,0,0,0,0,125.994729980093,0,0,0,0,0,0,276.620869034647,108.136066660554,0,89.3673883748406,0,0,0,125.81518738273,119.345624434514,0,0,0,0,116.176698124939,225.013371621378,263.534399241887,0,0,163.059043292369,321.864157986053,0
0,0,0,0,0,0,0,0,0,115.114253591495,0,219.040656038919,0,188.936291522747,0,0,0,0,92.3502314520023,0,164.032723165762,0,0,0,0,0,0,242.790381480436,71.5579325720569,0,0,0,0,280.376028997576,0,0,231.715271819474,0,222.053792850439,0,106.128596538706
0,0,0,100.812745974529,0,0,0,0,0,0,0,0,0,0,0,0,0,0,0,0,0,0,0,169.742003380707,111.226326353722,0,0,124.698445421759,0,0,0,0,0,193.777661225572,335.371040201042,0,241.57250333243,306.344527664232,0,111.435629183184,325.937289045041
0,0,0,0,0,94.8881692391942,0,0,0,0,0,0,0,0,0,0,0,0,0,198.964527389285,0,0,62.859596780235,161.275817184598,0,0,0,0,0,0,0,219.078548227669,0,0,128.846764897717,104.369974912428,167.066576495979,0,151.01089327964,0,0
0,0,0,0,78.8552325762656,0,0,224.523755099568,0,205.09013266389,0,0,0,0,0,92.3502314520023,0,0,0,0,0,0,0,160.530221557972,0,0,181.316358113209,193.63278243493,0,0,0,0,0,323.781250289068,314.611698427915,0,0,0,289.631679007608,165.893015276821,196.032358954952
0,0,0,0,158.567996645797,0,89.9429017381717,0,0,0,0,300.031143529538,195.314816908693,0,0,0,0,198.964527389285,0,0,0,0,109.093416850988,193.055010680236,0,101.895308036513,133.984214699576,159.183173818572,94.7529894315991,0,0,283.88658203332,0,113.059176128709,131.969743415579,179.718364159796,143.005810983322,0,0,0,146.99041817625
0,0,0,0,0,220.963068032256,0,252.487290983309,0,98.2230592632363,0,0,0,0,276.620869034647,164.032723165762,0,0,0,0,0,168.241326865882,217.157696745803,0,0,0,0,154.142998692322,0,0,0,0,0,161.302948562323,0,0,98.417953423071,103.519938150021,0,70.4221432298295,194.442125915551
0,0,0,0,0,0,192.135034768848,0,89.1590885155172,0,0,0,0,0,108.136066660554,0,0,0,0,0,168.241326865882,0,0,0,0,0,171.906398392157,0,0,0,0,0,0,142.385058730083,190.185165668632,0,283.248188884028,0,0,0,0
0,0,128.405764333981,135.667029391615,0,0,0,0,0,0,0,155.24952173131,72.2278283150671,0,0,0,0,62.859596780235,0,109.093416850988,217.157696745803,0,0,134.566479261133,0,201.44584889478,112.349934713559,101.85207633558,67.8267069095267,0,0,0,0,220.901129804706,74.7304794244225,0,169.453147353278,0,0,0,0
0,0,0,153.876396855887,0,0,0,0,205.839960264176,146.770754374523,157.852515740516,96.5937438588657,0,193.659409924573,89.3673883748406,0,169.742003380707,161.275817184598,160.530221557972,193.055010680236,0,0,134.566479261133,0,0,206.912707094411,0,155.901486485736,221.805809452716,0,198.528111506785,0,0,0,0,0,201.100640800745,172.892533368851,186.348837226466,0,0
0,0,0,0,197.893790332676,0,84.3635741045246,113.144980278377,0,74.4197823064597,62.311273509377,0,0,0,0,0,111.226326353722,0,0,0,0,0,0,0,0,0,0,161.74915061469,0,0,0,0,0,0,0,0,112.793316814908,125.416941482916,0,0,82.4756938751058
61.0664810463559,0,150.161410108805,0,171.230058197369,0,75.4497121078207,215.611029055736,0,0,227.504408813069,345.797434674459,0,66.5008477853491,0,0,0,0,0,101.895308036513,0,0,201.44584889478,206.912707094411,0,0,162.833808134102,348.674510760064,228.792310020318,0,0,0,0,124.853650664477,0,212.592150359921,253.401634605989,0,106.533627130087,161.694997919804,231.050882209
0,142.054529471577,0,209.996727521564,58.3493451392805,115.332064605654,0,0,183.786860782462,0,73.4795582048751,136.685314494491,0,115.868441404982,0,0,0,0,181.316358113209,133.984214699576,0,171.906398392157,112.349934713559,0,0,162.833808134102,0,0,82.6426202489162,192.601533877686,0,0,0,0,93.4234866874731,0,101.5853655613,261.605527103798,0,191.519780382943,114.511014214502
117.208001126138,174.013630695256,232.945974238958,0,0,138.425725342224,0,186.973586461633,115.871357769661,255.441154257905,80.8080171296381,0,81.2827395071039,211.840482897052,125.81518738273,242.790381480436,124.698445421759,0,193.63278243493,159.183173818572,154.142998692322,0,101.85207633558,155.901486485736,161.74915061469,348.674510760064,0,0,120.912756812582,0,0,0,0,122.106946855269,0,269.936825670274,89.707245288964,238.934743274142,0,71.4788760670054,151.075371308616
0,0,0,0,0,0,0,138.33942793804,99.2646516363145,92.5568465385234,0,115.194491798135,0,0,119.345624434514,71.5579325720569,0,0,0,94.7529894315991,0,0,67.8267069095267,221.805809452716,0,228.792310020318,82.6426202489162,120.912756812582,0,303.527509149359,0,0,139.792601838991,74.5815074003433,153.609372090384,163.945208919892,247.66948903751,140.574866691684,90.7216186966914,197.486504603685,0
320.356811100276,0,0,0,0,0,0,0,0,0,0,114.649126378906,0,0,0,0,0,0,0,0,0,0,0,0,0,0,192.601533877686,0,303.527509149359,0,236.681907140956,0,0,178.224497384947,97.3232815600345,97.3506957544063,214.116367924649,188.851177466023,0,153.672550905948,0
0,0,0,0,0,0,0,0,0,0,0,0,0,0,0,0,0,0,0,0,0,0,0,198.528111506785,0,0,0,0,0,236.681907140956,0,0,0,195.822649557859,195.378266313867,205.183249704085,0,228.075434767255,0,0,0
0,0,0,76.5072790361762,0,94.9380989123498,0,0,0,0,0,0,249.905610015455,0,0,0,0,219.078548227669,0,283.88658203332,0,0,0,0,0,0,0,0,0,0,0,0,0,224.551207449728,240.185081663983,0,0,196.04190773555,177.763106506206,97.5855511246009,87.8456058929559
0,0,0,0,0,0,137.189596148386,0,0,0,0,137.177378802006,0,0,0,0,0,0,0,0,0,0,0,0,0,0,0,0,139.792601838991,0,0,0,0,0,0,0,0,0,187.77054666536,199.492852797962,0
0,0,0,357.423078228283,0,94.126460729827,151.695570509541,202.712457066107,0,128.530575464043,0,173.001559092555,0,309.997227542691,116.176698124939,280.376028997576,193.777661225572,0,323.781250289068,113.059176128709,161.302948562323,142.385058730083,220.901129804706,0,0,124.853650664477,0,122.106946855269,74.5815074003433,178.224497384947,195.822649557859,224.551207449728,0,0,0,204.084074037941,82.1742780037132,112.823430872325,0,98.6790043377568,172.608400267715
139.654362654449,184.249961885477,0,0,0,249.798812580765,0,158.955087279859,101.605593487621,0,241.682021696872,347.376449530863,0,118.522099274347,225.013371621378,0,335.371040201042,128.846764897717,314.611698427915,131.969743415579,0,190.185165668632,74.7304794244225,0,0,0,93.4234866874731,0,153.609372090384,97.3232815600345,195.378266313867,240.185081663983,0,0,0,219.430938885781,160.537522273714,329.719143597451,0,108.381749703452,154.065933476765
180.543851962045,0,0,0,0,90.1317194604647,262.382215657622,178.748963182352,0,134.960780198024,0,0,0,178.683678585178,263.534399241887,0,0,104.369974912428,0,179.718364159796,0,0,0,0,0,212.592150359921,0,269.936825670274,163.945208919892,97.3506957544063,205.183249704085,0,0,204.084074037941,219.430938885781,0,192.693757128262,154.784755881607,0,151.806152521152,0
133.218162784108,321.124897279917,0,153.453047983244,0,104.915316975638,119.728129215699,80.4367166559625,338.131802716296,146.465927798921,135.294330067913,93.5029580098427,0,175.196329314064,0,231.715271819474,241.57250333243,167.066576495979,0,143.005810983322,98.417953423071,283.248188884028,169.453147353278,201.100640800745,112.793316814908,253.401634605989,101.5853655613,89.707245288964,247.66948903751,214.116367924649,0,0,0,82.1742780037132,160.537522273714,192.693757128262,0,0,0,306.640284138334,180.90030328818
0,259.055025639447,0,0,0,0,0,161.325017232684,73.1029054543569,139.93285932648,0,0,0,0,0,0,306.344527664232,0,0,0,103.519938150021,0,0,172.892533368851,125.416941482916,0,261.605527103798,238.934743274142,140.574866691684,188.851177466023,228.075434767255,196.04190773555,0,112.823430872325,329.719143597451,154.784755881607,0,0,200.878319874537,173.538155409849,82.6299537488922
0,0,0,0,165.597665022977,0,0,0,250.461724766314,0,0,218.045528847001,0,110.384905066973,163.059043292369,222.053792850439,0,151.01089327964,289.631679007608,0,0,0,0,186.348837226466,0,106.533627130087,0,0,90.7216186966914,0,0,177.763106506206,187.77054666536,0,0,0,0,200.878319874537,0,173.059382066957,0
0,0,0,92.5207898118833,78.9559315574845,223.705816669619,206.472608421747,0,0,115.541295036174,148.808626413748,101.443495235174,0,0,321.864157986053,0,111.435629183184,0,165.893015276821,0,70.4221432298295,0,0,0,0,161.694997919804,191.519780382943,71.4788760670054,197.486504603685,153.672550905948,0,97.5855511246009,199.492852797962,98.6790043377568,108.381749703452,151.806152521152,306.640284138334,173.538155409849,173.059382066957,0,96.7845769653343
0,0,0,0,146.814226519809,145.74089716123,0,208.005106191961,0,120.567029282014,137.239127032733,173.201474590904,0,0,0,106.128596538706,325.937289045041,0,196.032358954952,146.99041817625,194.442125915551,0,0,0,82.4756938751058,231.050882209,114.511014214502,151.075371308616,0,0,0,87.8456058929559,0,172.608400267715,154.065933476765,0,180.90030328818,82.6299537488922,0,96.7845769653343,0
