0,0,0,0,0,0,0,0,0,0,0,195.822649557859,0,0,0,0,0,0,0,0,0,0,0,89.707245288964,0,0,0,0,0,0,0,259.055025639447,0,228.792310020318,0,0,0,96.5937438588657,0,114.649126378906,0
0,0,0,0,0,0,0,94.7280504127031,0,115.541295036174,0,101.605593487621,0,0,0,0,0,0,0,96.7845769653343,0,0,0,0,0,0,0,0,0,0,0,0,0,146.99041817625,0,0,146.814226519809,0,0,0,231.715271819474
0,0,0,0,0,0,0,0,0,0,0,0,0,0,0,0,0,0,0,0,0,0,122.106946855269,0,0,0,0,303.527509149359,0,0,0,0,0,180.543851962045,0,0,98.6790043377568,82.4756938751058,0,0,0
0,0,0,0,0,0,0,0,329.719143597451,111.226326353722,112.793316814908,0,0,0,0,0,0,0,242.790381480436,0,0,197.486504603685,0,220.901129804706,0,0,227.504408813069,81.2827395071039,209.996727521564,139.792601838991,0,0,0,139.654362654449,190.185165668632,0,125.81518738273,0,0,0,0
0,0,0,0,0,131.969743415579,0,0,0,0,0,135.667029391615,0,211.840482897052,0,0,186.973586461633,225.013371621378,0,0,85.7623170715703,0,0,106.128596538706,0,0,163.945208919892,0,0,0,0,0,0,0,97.3232815600345,0,66.5008477853491,191.519780382943,136.685314494491,104.915316975638,193.777661225572
0,0,0,0,131.969743415579,0,0,0,0,222.053792850439,0,0,0,0,0,0,0,151.806152521152,0,0,0,0,0,138.425725342224,161.74915061469,169.453147353278,128.405764333981,93.4234866874731,180.355266595273,0,0,0,0,195.378266313867,110.384905066973,158.567996645797,101.85207633558,0,80.8080171296381,0,0
0,0,0,0,0,0,0,94.027247878695,125.416941482916,0,0,134.566479261133,0,0,269.936825670274,82.1742780037132,0,0,108.136066660554,0,0,0,116.054372245433,0,0,0,0,325.937289045041,0,165.893015276821,0,0,0,224.523755099568,0,0,219.430938885781,0,82.6299537488922,146.465927798921,0
0,94.7280504127031,0,0,0,0,94.027247878695,0,250.461724766314,155.901486485736,0,174.013630695256,280.376028997576,0,0,0,71.5579325720569,0,0,75.4497121078207,0,0,0,0,0,193.63278243493,208.005106191961,0,0,162.833808134102,0,0,0,283.248188884028,0,0,251.098274723989,0,262.382215657622,241.57250333243,139.93285932648
0,0,0,329.719143597451,0,0,125.416941482916,250.461724766314,0,0,0,0,0,0,0,0,0,0,0,0,0,0,0,0,0,253.401634605989,161.275817184598,0,0,120.567029282014,0,205.183249704085,0,108.381749703452,154.070293657878,0,71.4788760670054,214.116367924649,0,0,0
0,115.541295036174,0,111.226326353722,0,222.053792850439,0,155.901486485736,0,0,0,219.078548227669,0,0,0,0,0,0,0,0,160.530221557972,0,0,0,199.492852797962,98.2230592632363,113.059176128709,224.551207449728,133.984214699576,184.249961885477,0,0,0,0,128.530575464043,154.142998692322,78.8552325762656,157.852515740516,0,171.230058197369,284.529238481835
0,0,0,112.793316814908,0,0,0,0,0,0,0,0,137.177378802006,95.7590805983148,0,0,0,93.5029580098427,0,0,0,0,0,115.332064605654,0,161.302948562323,0,94.8881692391942,165.597665022977,0,171.906398392157,0,0,188.936291522747,89.1590885155172,150.161410108805,70.4221432298295,0,236.681907140956,321.864157986053,90.1317194604647
195.822649557859,101.605593487621,0,0,135.667029391615,0,134.566479261133,174.013630695256,0,219.078548227669,0,0,0,101.443495235174,124.698445421759,116.176698124939,89.9429017381717,0,0,238.934743274142,97.3506957544063,0,173.059382066957,106.533627130087,0,0,146.770754374523,0,357.423078228283,0,0,101.895308036513,0,124.853650664477,300.031143529538,0,0,172.608400267715,115.194491798135,0,0
0,0,0,0,0,0,0,280.376028997576,0,0,137.177378802006,0,0,155.24952173131,0,0,0,0,0,228.075434767255,0,0,0,0,0,73.4795582048751,0,0,0,0,0,0,0,128.846764897717,0,0,0,0,0,0,0
0,0,0,0,211.840482897052,0,0,0,0,0,95.7590805983148,101.443495235174,155.24952173131,0,0,0,0,0,0,249.798812580765,200.878319874537,0,0,0,0,159.183173818572,0,232.945974238958,137.239127032733,0,101.350815329073,0,0,0,138.33942793804,141.204637091722,306.640284138334,0,0,153.876396855887,0
0,0,0,0,0,0,269.936825670274,0,0,0,0,124.698445421759,0,0,0,0,0,0,0,106.926813611922,0,0,0,0,151.036729364761,0,0,109.093416850988,142.054529471577,142.385058730083,0,0,0,67.8267069095267,164.032723165762,92.3502314520023,0,173.538155409849,0,154.065933476765,0
0,0,0,0,0,0,82.1742780037132,0,0,0,0,116.176698124939,0,0,0,0,0,0,201.44584889478,0,0,0,0,173.001559092555,82.6426202489162,0,323.781250289068,195.314816908693,0,0,0,0,74.5815074003433,0,0,0,0,178.224497384947,0,173.201474590904,112.823430872325
0,0,0,0,186.973586461633,0,0,71.5579325720569,0,0,0,89.9429017381717,0,0,0,0,0,0,137.189596148386,187.77054666536,0,0,153.453047983244,0,0,119.728129215699,0,104.369974912428,0,0,0,0,0,0,241.682021696872,62.311273509377,0,0,0,0,0
0,0,0,0,225.013371621378,151.806152521152,0,0,0,0,93.5029580098427,0,0,0,0,0,0,0,0,0,0,0,0,0,212.592150359921,90.7216186966914,0,0,0,0,0,0,0,0,92.5568465385234,0,167.066576495979,0,0,206.472608421747,205.09013266389
0,0,0,242.790381480436,0,0,108.136066660554,0,0,0,0,0,0,0,0,201.44584889478,137.189596148386,0,0,0,215.611029055736,0,0,0,0,0,333.645516435298,0,0,0,0,115.114253591495,0,0,92.5207898118833,193.659409924573,219.040656038919,204.481117647118,0,94.126460729827,0
0,96.7845769653343,0,0,0,0,0,75.4497121078207,0,0,0,238.934743274142,228.075434767255,249.798812580765,106.926813611922,0,187.77054666536,0,0,0,0,0,0,0,0,0,321.124897279917,0,169.742003380707,94.9380989123498,76.5072790361762,0,0,353.822894641502,247.66948903751,119.345624434514,194.442125915551,0,100.812745974529,0,118.522099274347
0,0,0,0,85.7623170715703,0,0,0,0,160.530221557972,0,97.3506957544063,0,200.878319874537,0,0,0,0,215.611029055736,0,0,0,0,98.417953423071,140.574866691684,0,161.325017232684,0,0,0,0,0,0,81.9664354533492,84.3635741045246,87.8456058929559,0,72.2278283150671,0,0,73.1029054543569
0,0,0,197.486504603685,0,0,0,0,0,0,0,0,0,0,0,0,0,0,0,0,0,0,0,0,0,0,151.075371308616,252.487290983309,0,0,0,0,62.859596780235,0,0,0,114.511014214502,0,148.808626413748,135.294330067913,136.792307586862
0,0,122.106946855269,0,0,0,116.054372245433,0,0,0,0,173.059382066957,0,0,0,0,153.453047983244,0,0,0,0,0,0,180.90030328818,94.7529894315991,0,314.611698427915,154.784755881607,168.241326865882,0,0,0,0,192.135034768848,218.045528847001,217.157696745803,113.144980278377,0,0,112.349934713559,175.196329314064
89.707245288964,0,0,220.901129804706,106.128596538706,138.425725342224,0,0,0,0,115.332064605654,106.533627130087,0,0,0,173.001559092555,0,0,0,0,98.417953423071,0,180.90030328818,0,0,145.74089716123,74.7304794244225,115.868441404982,196.04190773555,263.534399241887,0,0,99.3508940827211,213.67670887414,289.631679007608,0,0,0,0,115.871357769661,221.805809452716
0,0,0,0,0,161.74915061469,0,0,0,199.492852797962,0,0,0,0,151.036729364761,82.6426202489162,0,212.592150359921,0,0,140.574866691684,0,94.7529894315991,0,0,0,0,206.912707094411,0,0,0,0,0,0,0,0,161.694997919804,0,0,201.100640800745,0
0,0,0,0,0,169.453147353278,0,193.63278243493,253.401634605989,98.2230592632363,161.302948562323,0,73.4795582048751,159.183173818572,0,0,119.728129215699,90.7216186966914,0,0,0,0,0,145.74089716123,0,0,0,204.084074037941,125.994729980093,0,0,143.005810983322,0,153.672550905948,0,306.344527664232,241.635434294794,120.912756812582,255.441154257905,198.528111506785,192.693757128262
0,0,0,227.504408813069,163.945208919892,128.405764333981,0,208.005106191961,161.275817184598,113.059176128709,0,146.770754374523,0,0,0,323.781250289068,0,0,333.645516435298,321.124897279917,161.325017232684,151.075371308616,314.611698427915,74.7304794244225,0,0,0,74.4197823064597,0,0,0,0,0,0,196.032358954952,177.763106506206,101.5853655613,0,0,153.609372090384,226.825099357786
0,0,303.527509149359,81.2827395071039,0,93.4234866874731,325.937289045041,0,0,224.551207449728,94.8881692391942,0,0,232.945974238958,109.093416850988,195.314816908693,104.369974912428,0,0,0,0,252.487290983309,154.784755881607,115.868441404982,206.912707094411,204.084074037941,74.4197823064597,0,220.963068032256,0,181.316358113209,249.905610015455,193.055010680236,61.0664810463559,347.376449530863,345.797434674459,134.960780198024,309.997227542691,0,97.5855511246009,197.893790332676
0,0,0,209.996727521564,0,180.355266595273,0,0,0,133.984214699576,165.597665022977,357.423078228283,0,137.239127032733,142.054529471577,0,0,0,0,169.742003380707,0,0,168.241326865882,196.04190773555,0,125.994729980093,0,220.963068032256,0,188.851177466023,0,151.695570509541,0,283.88658203332,261.440278806413,133.218162784108,158.955087279859,276.620869034647,163.059043292369,58.3493451392805,0
0,0,0,139.792601838991,0,0,165.893015276821,162.833808134102,120.567029282014,184.249961885477,0,0,0,0,142.385058730083,0,0,0,0,94.9380989123498,0,0,0,263.534399241887,0,0,0,0,188.851177466023,0,0,0,0,0,0,0,172.892533368851,0,178.683678585178,0,0
0,0,0,0,0,0,0,0,0,0,171.906398392157,0,0,101.350815329073,0,0,0,0,0,76.5072790361762,0,0,0,0,0,0,0,181.316358113209,0,0,0,0,0,0,259.442917595754,0,0,0,0,0,223.705816669619
259.055025639447,0,0,0,0,0,0,0,205.183249704085,0,0,101.895308036513,0,0,0,0,0,0,115.114253591495,0,0,0,0,0,0,143.005810983322,0,249.905610015455,151.695570509541,0,0,0,0,0,0,0,117.208001126138,78.9559315574845,335.371040201042,0,320.356811100276
0,0,0,0,0,0,0,0,0,0,0,0,0,0,0,74.5815074003433,0,0,0,0,0,62.859596780235,0,99.3508940827211,0,0,0,193.055010680236,0,0,0,0,0,0,0,0,338.131802716296,0,0,0,0
228.792310020318,146.99041817625,180.543851962045,139.654362654449,0,195.378266313867,224.523755099568,283.248188884028,108.381749703452,0,188.936291522747,124.853650664477,128.846764897717,0,67.8267069095267,0,0,0,0,353.822894641502,81.9664354533492,0,192.135034768848,213.67670887414,0,153.672550905948,0,61.0664810463559,283.88658203332,0,0,0,0,0,231.050882209,348.674510760064,178.748963182352,99.2646516363145,106.33736463831,261.605527103798,205.839960264176
0,0,0,190.185165668632,97.3232815600345,110.384905066973,0,0,154.070293657878,128.530575464043,89.1590885155172,300.031143529538,0,138.33942793804,164.032723165762,0,241.682021696872,92.5568465385234,92.5207898118833,247.66948903751,84.3635741045246,0,218.045528847001,289.631679007608,0,0,196.032358954952,347.376449530863,261.440278806413,0,259.442917595754,0,0,231.050882209,0,0,151.01089327964,179.718364159796,198.964527389285,103.519938150021,0
0,0,0,0,0,158.567996645797,0,0,0,154.142998692322,150.161410108805,0,0,141.204637091722,92.3502314520023,0,62.311273509377,0,193.659409924573,119.345624434514,87.8456058929559,0,217.157696745803,0,0,306.344527664232,177.763106506206,345.797434674459,133.218162784108,0,0,0,0,348.674510760064,0,0,192.601533877686,240.185081663983,0,89.3673883748406,111.435629183184
0,146.814226519809,98.6790043377568,125.81518738273,66.5008477853491,101.85207633558,219.430938885781,251.098274723989,71.4788760670054,78.8552325762656,70.4221432298295,0,0,306.640284138334,0,0,0,167.066576495979,219.040656038919,194.442125915551,0,114.511014214502,113.144980278377,0,161.694997919804,241.635434294794,101.5853655613,134.960780198024,158.955087279859,172.892533368851,0,117.208001126138,338.131802716296,178.748963182352,151.01089327964,192.601533877686,0,183.786860782462,202.712457066107,80.4367166559625,0
96.5937438588657,0,82.4756938751058,0,191.519780382943,0,0,0,214.116367924649,157.852515740516,0,172.608400267715,0,0,173.538155409849,178.224497384947,0,0,204.481117647118,0,72.2278283150671,0,0,0,0,120.912756812582,0,309.997227542691,276.620869034647,0,0,78.9559315574845,0,99.2646516363145,179.718364159796,240.185081663983,183.786860782462,0,0,85.6072705949986,160.537522273714
0,0,0,0,136.685314494491,80.8080171296381,82.6299537488922,262.382215657622,0,0,236.681907140956,115.194491798135,0,0,0,0,0,0,0,100.812745974529,0,148.808626413748,0,0,0,255.441154257905,0,0,163.059043292369,178.683678585178,0,335.371040201042,0,106.33736463831,198.964527389285,0,202.712457066107,0,0,0,0
114.649126378906,0,0,0,104.915316975638,0,146.465927798921,241.57250333243,0,171.230058197369,321.864157986053,0,0,153.876396855887,154.065933476765,173.201474590904,0,206.472608421747,94.126460729827,0,0,135.294330067913,112.349934713559,115.871357769661,201.100640800745,198.528111506785,153.609372090384,97.5855511246009,58.3493451392805,0,0,0,0,261.605527103798,103.519938150021,89.3673883748406,80.4367166559625,85.6072705949986,0,0,186.348837226466
0,231.715271819474,0,0,193.777661225572,0,0,139.93285932648,0,284.529238481835,90.1317194604647,0,0,0,0,112.823430872325,0,205.09013266389,0,118.522099274347,73.1029054543569,136.792307586862,175.196329314064,221.805809452716,0,192.693757128262,226.825099357786,197.893790332676,0,0,223.705816669619,320.356811100276,0,205.839960264176,0,111.435629183184,0,160.537522273714,0,186.348837226466,0
