0,0,0,0,0,137.239127032733,0,0,0,0,0,0,0,0,0,0,0,219.078548227669,0,0,0,0,0,0,0,0,0,0,0,0,0,0,0,98.2230592632363,0,0,137.189596148386,67.8267069095267,0,0,163.945208919892
0,0,0,0,0,0,0,183.786860782462,81.2827395071039,0,0,0,109.093416850988,276.620869034647,0,0,0,0,0,0,0,0,0,0,0,0,169.742003380707,0,0,0,0,0,0,0,0,0,0,70.4221432298295,0,169.453147353278,0
0,0,0,0,0,0,0,219.430938885781,0,0,0,204.481117647118,0,0,73.4795582048751,0,0,0,0,0,0,0,0,0,0,0,0,329.719143597451,0,0,0,0,0,0,0,0,284.529238481835,0,0,0,0
0,0,0,0,0,114.511014214502,0,0,0,261.440278806413,283.248188884028,250.461724766314,0,0,73.1029054543569,0,0,0,0,202.712457066107,0,0,0,135.294330067913,80.8080171296381,0,192.135034768848,0,93.5029580098427,0,0,0,0,82.6426202489162,0,238.934743274142,177.763106506206,0,0,0,0
0,0,0,0,0,0,0,0,205.183249704085,100.812745974529,0,306.640284138334,0,0,217.157696745803,0,173.059382066957,101.443495235174,0,0,0,0,94.9380989123498,0,0,0,0,101.895308036513,153.672550905948,178.748963182352,0,101.350815329073,0,0,0,0,111.226326353722,348.674510760064,0,0,197.486504603685
137.239127032733,0,0,114.511014214502,0,0,0,0,0,0,0,0,84.3635741045246,97.5855511246009,0,0,0,0,262.382215657622,92.5568465385234,0,0,0,0,0,0,161.275817184598,106.33736463831,0,0,0,136.792307586862,0,0,180.543851962045,201.44584889478,221.805809452716,0,154.784755881607,214.116367924649,0
0,0,0,0,0,0,0,0,0,0,0,211.840482897052,0,0,0,151.806152521152,0,0,0,120.567029282014,0,0,188.936291522747,0,0,131.969743415579,0,94.8881692391942,193.055010680236,0,0,0,0,138.425725342224,0,116.054372245433,178.683678585178,74.7304794244225,241.57250333243,119.345624434514,0
0,183.786860782462,219.430938885781,0,0,0,0,0,0,0,92.5207898118833,108.381749703452,0,85.6072705949986,0,0,0,196.032358954952,0,0,227.504408813069,0,103.519938150021,125.994729980093,145.74089716123,158.567996645797,175.196329314064,0,113.144980278377,0,0,0,0,111.435629183184,0,95.7590805983148,0,0,0,0,125.81518738273
0,81.2827395071039,0,0,205.183249704085,0,0,0,0,114.649126378906,0,0,0,0,0,0,0,0,184.249961885477,0,0,0,241.682021696872,0,0,0,0,325.937289045041,0,96.5937438588657,0,0,0,173.001559092555,231.050882209,0,0,0,228.792310020318,0,161.74915061469
0,0,0,261.440278806413,100.812745974529,0,0,0,114.649126378906,0,0,0,0,0,0,0,0,0,115.541295036174,161.302948562323,0,162.833808134102,0,94.027247878695,0,0,303.527509149359,0,118.522099274347,320.356811100276,0,0,0,289.631679007608,150.161410108805,212.592150359921,141.204637091722,146.814226519809,259.442917595754,218.045528847001,357.423078228283
0,0,0,283.248188884028,0,0,0,92.5207898118833,0,0,0,0,0,0,0,0,74.4197823064597,220.901129804706,0,0,151.036729364761,0,122.106946855269,104.369974912428,0,269.936825670274,0,85.7623170715703,178.224497384947,0,0,0,72.2278283150671,0,163.059043292369,160.537522273714,0,154.070293657878,0,206.472608421747,353.822894641502
0,0,204.481117647118,250.461724766314,306.640284138334,0,211.840482897052,108.381749703452,0,0,0,0,0,0,0,142.385058730083,157.852515740516,0,0,0,146.770754374523,0,0,94.7529894315991,0,191.519780382943,98.6790043377568,187.77054666536,81.9664354533492,0,0,0,0,82.1742780037132,159.183173818572,143.005810983322,198.964527389285,154.065933476765,128.530575464043,201.100640800745,155.24952173131
0,109.093416850988,0,0,0,84.3635741045246,0,0,0,0,0,0,0,0,0,0,0,0,0,0,0,0,0,0,0,251.098274723989,347.376449530863,0,0,0,0,0,0,0,80.4367166559625,0,192.601533877686,0,0,0,0
0,276.620869034647,0,0,0,97.5855511246009,0,85.6072705949986,0,0,0,0,0,0,180.90030328818,0,0,0,0,146.465927798921,0,0,0,0,101.5853655613,0,0,78.8552325762656,92.3502314520023,0,0,0,0,0,155.901486485736,0,115.114253591495,58.3493451392805,140.574866691684,151.01089327964,153.453047983244
0,0,73.4795582048751,73.1029054543569,217.157696745803,0,0,0,0,0,0,0,0,180.90030328818,0,0,0,0,0,0,134.960780198024,0,0,0,0,0,106.533627130087,193.63278243493,0,97.3506957544063,0,0,0,0,146.99041817625,0,223.705816669619,66.5008477853491,0,0,98.417953423071
0,0,0,0,0,0,151.806152521152,0,0,0,0,142.385058730083,0,0,0,0,0,0,0,0,90.7216186966914,0,0,0,0,128.405764333981,338.131802716296,0,0,89.1590885155172,0,0,0,61.0664810463559,240.185081663983,0,171.230058197369,0,0,101.605593487621,94.7280504127031
0,0,0,0,173.059382066957,0,0,0,0,0,74.4197823064597,157.852515740516,0,0,0,0,0,0,0,0,0,0,0,209.996727521564,139.93285932648,0,0,0,0,0,0,0,0,0,62.859596780235,71.4788760670054,172.892533368851,0,0,87.8456058929559,232.945974238958
219.078548227669,0,0,0,101.443495235174,0,0,196.032358954952,0,0,220.901129804706,0,0,0,0,0,0,0,0,0,0,0,0,309.997227542691,0,112.349934713559,0,0,0,0,0,0,0,0,306.344527664232,0,213.67670887414,0,0,300.031143529538,0
0,0,0,0,0,262.382215657622,0,0,184.249961885477,115.541295036174,0,0,0,0,0,0,0,0,0,172.608400267715,0,0,0,195.314816908693,0,0,179.718364159796,0,190.185165668632,0,0,0,0,142.054529471577,74.5815074003433,104.915316975638,161.325017232684,0,133.984214699576,0,0
0,0,0,202.712457066107,0,92.5568465385234,120.567029282014,0,0,161.302948562323,0,0,0,146.465927798921,0,0,0,0,172.608400267715,0,174.013630695256,0,0,0,173.201474590904,231.715271819474,195.378266313867,314.611698427915,224.523755099568,0,0,0,0,165.893015276821,93.4234866874731,139.792601838991,153.609372090384,321.124897279917,0,0,0
0,0,0,0,0,0,0,227.504408813069,0,0,151.036729364761,146.770754374523,0,0,134.960780198024,90.7216186966914,0,0,0,174.013630695256,0,0,0,0,0,0,0,124.853650664477,0,0,0,0,0,280.376028997576,154.142998692322,0,101.85207633558,321.864157986053,135.667029391615,0,117.208001126138
0,0,0,0,0,0,0,0,0,162.833808134102,0,0,0,0,0,0,0,0,0,0,0,0,90.1317194604647,171.906398392157,0,164.032723165762,0,115.871357769661,0,0,0,0,0,225.013371621378,89.9429017381717,0,0,0,0,139.654362654449,0
0,0,0,0,94.9380989123498,0,188.936291522747,103.519938150021,241.682021696872,0,122.106946855269,0,0,0,0,0,0,0,0,0,0,90.1317194604647,0,0,0,153.876396855887,208.005106191961,75.4497121078207,247.66948903751,252.487290983309,204.084074037941,0,0,0,205.09013266389,89.707245288964,0,0,0,136.685314494491,0
0,0,0,135.294330067913,0,0,0,125.994729980093,0,94.027247878695,104.369974912428,94.7529894315991,0,0,0,0,209.996727521564,309.997227542691,195.314816908693,0,0,171.906398392157,0,0,180.355266595273,78.9559315574845,0,205.839960264176,0,151.695570509541,0,76.5072790361762,0,198.528111506785,186.973586461633,0,89.3673883748406,0,0,106.128596538706,112.823430872325
0,0,0,80.8080171296381,0,0,0,145.74089716123,0,0,0,0,0,101.5853655613,0,0,139.93285932648,0,0,173.201474590904,0,0,0,180.355266595273,0,0,0,0,0,82.6299537488922,0,0,0,161.694997919804,0,0,206.912707094411,0,0,220.963068032256,0
0,0,0,0,0,0,131.969743415579,158.567996645797,0,0,269.936825670274,191.519780382943,251.098274723989,0,0,128.405764333981,0,112.349934713559,0,231.715271819474,0,164.032723165762,153.876396855887,78.9559315574845,0,0,138.33942793804,115.194491798135,0,0,0,0,0,168.241326865882,119.728129215699,0,255.441154257905,259.055025639447,99.2646516363145,112.793316814908,113.059176128709
0,169.742003380707,0,192.135034768848,0,161.275817184598,0,175.196329314064,0,303.527509149359,0,98.6790043377568,347.376449530863,0,106.533627130087,338.131802716296,0,0,179.718364159796,195.378266313867,0,0,208.005106191961,0,0,138.33942793804,0,173.538155409849,186.348837226466,0,97.3232815600345,199.492852797962,0,110.384905066973,193.659409924573,0,283.88658203332,0,0,0,0
0,0,329.719143597451,0,101.895308036513,106.33736463831,94.8881692391942,0,325.937289045041,0,85.7623170715703,187.77054666536,0,78.8552325762656,193.63278243493,0,0,0,0,314.611698427915,124.853650664477,115.871357769661,75.4497121078207,205.839960264176,0,115.194491798135,173.538155409849,0,195.822649557859,0,125.416941482916,196.04190773555,94.126460729827,222.053792850439,108.136066660554,148.808626413748,106.926813611922,241.635434294794,158.955087279859,99.3508940827211,0
0,0,0,93.5029580098427,153.672550905948,0,193.055010680236,113.144980278377,0,118.522099274347,178.224497384947,81.9664354533492,0,92.3502314520023,0,0,0,0,190.185165668632,224.523755099568,0,0,247.66948903751,0,0,0,186.348837226466,195.822649557859,0,249.905610015455,0,165.597665022977,0,0,134.566479261133,323.781250289068,261.605527103798,0,215.611029055736,124.698445421759,115.332064605654
0,0,0,0,178.748963182352,0,0,0,96.5937438588657,320.356811100276,0,0,0,0,97.3506957544063,89.1590885155172,0,0,0,0,0,0,252.487290983309,151.695570509541,82.6299537488922,0,0,0,249.905610015455,0,0,0,115.868441404982,0,0,0,0,0,0,71.5579325720569,0
0,0,0,0,0,0,0,0,0,0,0,0,0,0,0,0,0,0,0,0,0,0,204.084074037941,0,0,0,97.3232815600345,125.416941482916,0,0,0,0,0,333.645516435298,0,0,133.218162784108,0,0,128.846764897717,0
0,0,0,0,101.350815329073,136.792307586862,0,0,0,0,0,0,0,0,0,0,0,0,0,0,0,0,0,76.5072790361762,0,0,199.492852797962,196.04190773555,165.597665022977,0,0,0,0,120.912756812582,0,249.798812580765,62.311273509377,192.693757128262,0,0,193.777661225572
0,0,0,0,0,0,0,0,0,0,72.2278283150671,0,0,0,0,0,0,0,0,0,0,0,0,0,0,0,0,94.126460729827,0,115.868441404982,0,0,0,200.878319874537,0,0,0,0,0,335.371040201042,0
98.2230592632363,0,0,82.6426202489162,0,0,138.425725342224,111.435629183184,173.001559092555,289.631679007608,0,82.1742780037132,0,0,0,61.0664810463559,0,0,142.054529471577,165.893015276821,280.376028997576,225.013371621378,0,198.528111506785,161.694997919804,168.241326865882,110.384905066973,222.053792850439,0,0,333.645516435298,120.912756812582,200.878319874537,0,160.530221557972,236.681907140956,226.825099357786,228.075434767255,0,82.4756938751058,219.040656038919
0,0,0,0,0,180.543851962045,0,0,231.050882209,150.161410108805,163.059043292369,159.183173818572,80.4367166559625,155.901486485736,146.99041817625,240.185081663983,62.859596780235,306.344527664232,74.5815074003433,93.4234866874731,154.142998692322,89.9429017381717,205.09013266389,186.973586461633,0,119.728129215699,193.659409924573,108.136066660554,134.566479261133,0,0,0,0,160.530221557972,0,0,263.534399241887,137.177378802006,0,0,116.176698124939
0,0,0,238.934743274142,0,201.44584889478,116.054372245433,95.7590805983148,0,212.592150359921,160.537522273714,143.005810983322,0,0,0,0,71.4788760670054,0,104.915316975638,139.792601838991,0,0,89.707245288964,0,0,0,0,148.808626413748,323.781250289068,0,0,249.798812580765,0,236.681907140956,0,0,0,242.790381480436,197.893790332676,167.066576495979,253.401634605989
137.189596148386,0,284.529238481835,177.763106506206,111.226326353722,221.805809452716,178.683678585178,0,0,141.204637091722,0,198.964527389285,192.601533877686,115.114253591495,223.705816669619,171.230058197369,172.892533368851,213.67670887414,161.325017232684,153.609372090384,101.85207633558,0,0,89.3673883748406,206.912707094411,255.441154257905,283.88658203332,106.926813611922,261.605527103798,0,133.218162784108,62.311273509377,0,226.825099357786,263.534399241887,0,0,224.551207449728,181.316358113209,194.442125915551,0
67.8267069095267,70.4221432298295,0,0,348.674510760064,0,74.7304794244225,0,0,146.814226519809,154.070293657878,154.065933476765,0,58.3493451392805,66.5008477853491,0,0,0,0,321.124897279917,321.864157986053,0,0,0,0,259.055025639447,0,241.635434294794,0,0,0,192.693757128262,0,228.075434767255,137.177378802006,242.790381480436,224.551207449728,0,345.797434674459,151.075371308616,0
0,0,0,0,0,154.784755881607,241.57250333243,0,228.792310020318,259.442917595754,0,128.530575464043,0,140.574866691684,0,0,0,0,133.984214699576,0,135.667029391615,0,0,0,0,99.2646516363145,0,158.955087279859,215.611029055736,0,0,0,0,0,0,197.893790332676,181.316358113209,345.797434674459,0,0,188.851177466023
0,169.453147353278,0,0,0,214.116367924649,119.345624434514,0,0,218.045528847001,206.472608421747,201.100640800745,0,151.01089327964,0,101.605593487621,87.8456058929559,300.031143529538,0,0,0,139.654362654449,136.685314494491,106.128596538706,220.963068032256,112.793316814908,0,99.3508940827211,124.698445421759,71.5579325720569,128.846764897717,0,335.371040201042,82.4756938751058,0,167.066576495979,194.442125915551,151.075371308616,0,0,96.7845769653343
163.945208919892,0,0,0,197.486504603685,0,0,125.81518738273,161.74915061469,357.423078228283,353.822894641502,155.24952173131,0,153.453047983244,98.417953423071,94.7280504127031,232.945974238958,0,0,0,117.208001126138,0,0,112.823430872325,0,113.059176128709,0,0,115.332064605654,0,0,193.777661225572,0,219.040656038919,116.176698124939,253.401634605989,0,0,188.851177466023,96.7845769653343,0
