0,0,0,0,151.075371308616,0,87.8456058929559,0,0,0,0,0,0,0,0,0,0,0,0,0,0,0,0,0,0,0,206.912707094411,357.423078228283,0,0,0,0,0,0,120.567029282014,206.472608421747,0,0,0,0,0
0,0,0,289.631679007608,219.430938885781,193.659409924573,0,0,0,188.936291522747,0,0,0,0,0,0,0,0,0,0,0,0,0,0,0,0,0,0,0,0,0,0,0,200.878319874537,0,0,192.601533877686,0,0,140.574866691684,0
0,0,0,0,0,0,0,263.534399241887,0,0,0,0,0,0,0,0,0,74.7304794244225,0,0,0,0,0,0,0,0,0,0,0,219.040656038919,114.649126378906,0,0,0,231.050882209,0,0,0,0,0,0
0,289.631679007608,0,0,0,138.33942793804,0,124.853650664477,160.530221557972,0,0,249.798812580765,0,0,0,0,0,0,0,0,161.275817184598,0,0,0,0,131.969743415579,0,0,0,253.401634605989,0,194.442125915551,0,61.0664810463559,115.541295036174,0,0,215.611029055736,0,240.185081663983,0
151.075371308616,219.430938885781,0,0,0,0,0,0,217.157696745803,0,162.833808134102,0,0,0,0,0,0,0,0,128.530575464043,67.8267069095267,0,0,135.667029391615,0,0,119.345624434514,320.356811100276,0,0,0,160.537522273714,0,0,0,101.605593487621,314.611698427915,0,73.4795582048751,192.135034768848,0
0,193.659409924573,0,138.33942793804,0,0,82.1742780037132,0,0,0,0,0,0,98.2230592632363,0,0,0,0,186.973586461633,175.196329314064,0,0,133.218162784108,259.442917595754,73.1029054543569,321.124897279917,0,0,0,0,0,110.384905066973,0,0,0,0,116.176698124939,161.302948562323,0,0,89.3673883748406
87.8456058929559,0,0,0,0,82.1742780037132,0,0,0,0,0,0,0,0,0,0,0,0,101.895308036513,74.4197823064597,0,0,163.059043292369,0,0,0,0,0,280.376028997576,0,0,151.036729364761,0,0,0,89.9429017381717,276.620869034647,191.519780382943,153.672550905948,224.523755099568,119.728129215699
0,0,263.534399241887,124.853650664477,0,0,0,0,0,259.055025639447,205.09013266389,89.707245288964,0,0,0,0,0,0,0,238.934743274142,0,0,174.013630695256,228.792310020318,0,106.128596538706,0,0,112.793316814908,161.694997919804,0,0,0,231.715271819474,0,0,345.797434674459,179.718364159796,306.344527664232,0,137.177378802006
0,0,0,160.530221557972,217.157696745803,0,0,0,0,0,0,0,0,71.5579325720569,0,0,0,0,353.822894641502,0,0,0,309.997227542691,0,0,133.984214699576,0,321.864157986053,0,171.230058197369,0,0,0,0,0,153.453047983244,137.239127032733,0,0,329.719143597451,0
0,188.936291522747,0,0,0,0,0,259.055025639447,0,0,164.032723165762,0,0,0,101.443495235174,154.142998692322,250.461724766314,0,0,0,0,0,94.8881692391942,165.893015276821,154.065933476765,0,0,158.955087279859,99.2646516363145,0,172.608400267715,0,0,192.693757128262,98.6790043377568,333.645516435298,220.963068032256,0,115.332064605654,0,66.5008477853491
0,0,0,0,162.833808134102,0,0,205.09013266389,0,164.032723165762,0,0,0,0,0,0,0,111.435629183184,0,205.839960264176,137.189596148386,0,283.248188884028,303.527509149359,0,101.5853655613,0,146.770754374523,0,0,0,0,98.417953423071,180.355266595273,116.054372245433,0,85.6072705949986,0,0,125.81518738273,115.871357769661
0,0,0,249.798812580765,0,0,0,89.707245288964,0,0,0,0,0,284.529238481835,0,115.114253591495,0,0,146.99041817625,190.185165668632,261.605527103798,0,0,269.936825670274,0,125.416941482916,0,0,135.294330067913,159.183173818572,236.681907140956,58.3493451392805,0,219.078548227669,97.3506957544063,115.194491798135,157.852515740516,195.822649557859,80.4367166559625,184.249961885477,247.66948903751
0,0,0,0,0,0,0,0,0,0,0,0,0,0,0,0,0,0,0,0,0,0,0,109.093416850988,0,0,211.840482897052,261.440278806413,0,0,0,0,0,0,82.6299537488922,0,197.486504603685,0,0,78.9559315574845,0
0,0,0,0,0,98.2230592632363,0,0,71.5579325720569,0,0,284.529238481835,0,0,150.161410108805,0,0,0,136.792307586862,0,151.806152521152,0,138.425725342224,145.74089716123,134.566479261133,0,0,0,0,0,0,0,0,75.4497121078207,92.5207898118833,228.075434767255,148.808626413748,0,0,97.5855511246009,0
0,0,0,0,0,0,0,0,0,101.443495235174,0,0,0,150.161410108805,0,0,0,0,118.522099274347,0,0,117.208001126138,0,0,122.106946855269,0,97.3232815600345,92.5568465385234,0,0,0,0,0,199.492852797962,223.705816669619,0,195.314816908693,338.131802716296,0,165.597665022977,0
0,0,0,0,0,0,0,0,0,154.142998692322,0,115.114253591495,0,0,0,0,0,0,0,0,0,283.88658203332,0,0,0,0,90.1317194604647,94.126460729827,70.4221432298295,93.4234866874731,0,196.032358954952,0,113.059176128709,0,0,151.01089327964,106.533627130087,0,0,0
0,0,0,0,0,0,0,0,0,250.461724766314,0,0,0,0,0,0,0,0,0,0,241.635434294794,0,0,0,95.7590805983148,169.742003380707,0,0,183.786860782462,0,0,0,0,93.5029580098427,0,186.348837226466,82.6426202489162,0,0,173.001559092555,171.906398392157
0,0,74.7304794244225,0,0,0,0,0,0,0,111.435629183184,0,0,0,0,0,0,0,142.054529471577,0,0,0,0,0,0,0,225.013371621378,300.031143529538,193.777661225572,193.63278243493,0,0,0,180.90030328818,0,0,0,0,0,0,204.084074037941
0,0,0,0,0,186.973586461633,101.895308036513,0,353.822894641502,0,0,146.99041817625,0,136.792307586862,118.522099274347,0,0,142.054529471577,0,0,0,74.5815074003433,81.9664354533492,0,0,0,0,136.685314494491,0,0,0,0,0,0,139.792601838991,0,249.905610015455,0,0,0,0
0,0,0,0,128.530575464043,175.196329314064,74.4197823064597,238.934743274142,0,0,205.839960264176,190.185165668632,0,0,0,0,0,0,0,0,0,0,0,227.504408813069,128.405764333981,71.4788760670054,139.93285932648,139.654362654449,193.055010680236,0,0,0,0,114.511014214502,241.682021696872,0,202.712457066107,155.24952173131,0,0,325.937289045041
0,0,0,161.275817184598,67.8267069095267,0,0,0,0,0,137.189596148386,261.605527103798,0,151.806152521152,0,0,241.635434294794,0,0,0,0,0,0,94.9380989123498,0,104.369974912428,106.33736463831,0,161.74915061469,0,0,0,0,0,108.136066660554,0,94.7280504127031,0,0,89.1590885155172,0
0,0,0,0,0,0,0,0,0,0,0,0,0,0,117.208001126138,283.88658203332,0,0,74.5815074003433,0,0,0,0,0,0,180.543851962045,0,104.915316975638,0,0,0,0,0,0,143.005810983322,197.893790332676,0,221.805809452716,0,0,0
0,0,0,0,0,133.218162784108,163.059043292369,174.013630695256,309.997227542691,94.8881692391942,283.248188884028,0,0,138.425725342224,0,0,0,0,81.9664354533492,0,0,0,0,0,0,0,0,232.945974238958,0,0,0,0,0,146.814226519809,0,251.098274723989,92.3502314520023,81.2827395071039,0,120.912756812582,172.892533368851
0,0,0,0,135.667029391615,259.442917595754,0,228.792310020318,0,165.893015276821,303.527509149359,269.936825670274,109.093416850988,145.74089716123,0,0,0,0,0,227.504408813069,94.9380989123498,0,0,0,0,84.3635741045246,146.465927798921,323.781250289068,0,0,255.441154257905,0,224.551207449728,262.382215657622,0,213.67670887414,0,0,0,100.812745974529,205.183249704085
0,0,0,0,0,73.1029054543569,0,0,0,154.065933476765,0,0,0,134.566479261133,122.106946855269,0,95.7590805983148,0,0,128.405764333981,0,0,0,0,0,0,0,178.748963182352,198.528111506785,0,0,252.487290983309,0,0,101.350815329073,0,0,0,0,0,0
0,0,0,131.969743415579,0,321.124897279917,0,106.128596538706,133.984214699576,0,101.5853655613,125.416941482916,0,0,0,0,169.742003380707,0,0,71.4788760670054,104.369974912428,180.543851962045,0,84.3635741045246,0,0,142.385058730083,178.683678585178,208.005106191961,0,0,0,0,94.7529894315991,115.868441404982,0,212.592150359921,94.027247878695,0,226.825099357786,188.851177466023
206.912707094411,0,0,0,119.345624434514,0,0,0,0,0,0,0,211.840482897052,0,97.3232815600345,90.1317194604647,0,225.013371621378,0,139.93285932648,106.33736463831,0,0,146.465927798921,0,142.385058730083,0,155.901486485736,242.790381480436,173.059382066957,0,0,0,153.876396855887,0,201.100640800745,112.823430872325,72.2278283150671,187.77054666536,348.674510760064,177.763106506206
357.423078228283,0,0,0,320.356811100276,0,0,0,321.864157986053,158.955087279859,146.770754374523,0,261.440278806413,0,92.5568465385234,94.126460729827,0,300.031143529538,136.685314494491,139.654362654449,0,104.915316975638,232.945974238958,323.781250289068,178.748963182352,178.683678585178,155.901486485736,0,196.04190773555,0,0,151.695570509541,0,82.4756938751058,167.066576495979,134.960780198024,108.381749703452,241.57250333243,111.226326353722,218.045528847001,163.945208919892
0,0,0,0,0,0,280.376028997576,112.793316814908,0,99.2646516363145,0,135.294330067913,0,0,0,70.4221432298295,183.786860782462,193.777661225572,0,193.055010680236,161.74915061469,0,0,0,198.528111506785,208.005106191961,242.790381480436,196.04190773555,0,204.481117647118,0,222.053792850439,0,169.453147353278,96.7845769653343,0,153.609372090384,0,78.8552325762656,85.7623170715703,90.7216186966914
0,0,219.040656038919,253.401634605989,0,0,0,161.694997919804,171.230058197369,0,0,159.183173818572,0,0,0,93.4234866874731,0,193.63278243493,0,0,0,0,0,0,0,0,173.059382066957,0,204.481117647118,0,0,0,0,96.5937438588657,0,0,0,112.349934713559,0,0,0
0,0,114.649126378906,0,0,0,0,0,0,172.608400267715,0,236.681907140956,0,0,0,0,0,0,0,0,0,0,0,255.441154257905,0,0,0,0,0,0,0,0,0,0,99.3508940827211,214.116367924649,0,0,0,0,0
0,0,0,194.442125915551,160.537522273714,110.384905066973,151.036729364761,0,0,0,0,58.3493451392805,0,0,0,196.032358954952,0,0,0,0,0,0,0,0,252.487290983309,0,0,151.695570509541,222.053792850439,0,0,0,0,0,0,0,141.204637091722,0,125.994729980093,0,0
0,0,0,0,0,0,0,0,0,0,98.417953423071,0,0,0,0,0,0,0,0,0,0,0,0,224.551207449728,0,0,0,0,0,0,0,0,0,0,113.144980278377,0,101.85207633558,201.44584889478,0,0,0
0,200.878319874537,0,61.0664810463559,0,0,0,231.715271819474,0,192.693757128262,180.355266595273,219.078548227669,0,75.4497121078207,199.492852797962,113.059176128709,93.5029580098427,180.90030328818,0,114.511014214502,0,0,146.814226519809,262.382215657622,0,94.7529894315991,153.876396855887,82.4756938751058,169.453147353278,96.5937438588657,0,0,0,0,154.070293657878,128.846764897717,306.640284138334,181.316358113209,106.926813611922,80.8080171296381,103.519938150021
120.567029282014,0,231.050882209,115.541295036174,0,0,0,0,0,98.6790043377568,116.054372245433,97.3506957544063,82.6299537488922,92.5207898118833,223.705816669619,0,0,0,139.792601838991,241.682021696872,108.136066660554,143.005810983322,0,0,101.350815329073,115.868441404982,0,167.066576495979,96.7845769653343,0,99.3508940827211,0,113.144980278377,154.070293657878,0,178.224497384947,173.538155409849,0,335.371040201042,168.241326865882,62.311273509377
206.472608421747,0,0,0,101.605593487621,0,89.9429017381717,0,153.453047983244,333.645516435298,0,115.194491798135,0,228.075434767255,0,0,186.348837226466,0,0,0,0,197.893790332676,251.098274723989,213.67670887414,0,0,201.100640800745,134.960780198024,0,0,214.116367924649,0,0,128.846764897717,178.224497384947,0,161.325017232684,0,0,154.784755881607,347.376449530863
0,192.601533877686,0,0,314.611698427915,116.176698124939,276.620869034647,345.797434674459,137.239127032733,220.963068032256,85.6072705949986,157.852515740516,197.486504603685,148.808626413748,195.314816908693,151.01089327964,82.6426202489162,0,249.905610015455,202.712457066107,94.7280504127031,0,92.3502314520023,0,0,212.592150359921,112.823430872325,108.381749703452,153.609372090384,0,0,141.204637091722,101.85207633558,306.640284138334,173.538155409849,161.325017232684,0,195.378266313867,62.859596780235,158.567996645797,0
0,0,0,215.611029055736,0,161.302948562323,191.519780382943,179.718364159796,0,0,0,195.822649557859,0,0,338.131802716296,106.533627130087,0,0,0,155.24952173131,0,221.805809452716,81.2827395071039,0,0,94.027247878695,72.2278283150671,241.57250333243,0,112.349934713559,0,0,201.44584889478,181.316358113209,0,0,195.378266313867,0,76.5072790361762,124.698445421759,209.996727521564
0,0,0,0,73.4795582048751,0,153.672550905948,306.344527664232,0,115.332064605654,0,80.4367166559625,0,0,0,0,0,0,0,0,0,0,0,0,0,0,187.77054666536,111.226326353722,78.8552325762656,0,0,125.994729980093,0,106.926813611922,335.371040201042,0,62.859596780235,76.5072790361762,0,173.201474590904,220.901129804706
0,140.574866691684,0,240.185081663983,192.135034768848,0,224.523755099568,0,329.719143597451,0,125.81518738273,184.249961885477,78.9559315574845,97.5855511246009,165.597665022977,0,173.001559092555,0,0,0,89.1590885155172,0,120.912756812582,100.812745974529,0,226.825099357786,348.674510760064,218.045528847001,85.7623170715703,0,0,0,0,80.8080171296381,168.241326865882,154.784755881607,158.567996645797,124.698445421759,173.201474590904,0,198.964527389285
0,0,0,0,0,89.3673883748406,119.728129215699,137.177378802006,0,66.5008477853491,115.871357769661,247.66948903751,0,0,0,0,171.906398392157,204.084074037941,0,325.937289045041,0,0,172.892533368851,205.183249704085,0,188.851177466023,177.763106506206,163.945208919892,90.7216186966914,0,0,0,0,103.519938150021,62.311273509377,347.376449530863,0,209.996727521564,220.901129804706,198.964527389285,0
