0,0,0,0,0,73.4795582048751,0,0,0,0,0,0,0,0,0,0,0,112.349934713559,84.3635741045246,0,0,0,0,0,0,0,0,0,0,0,247.66948903751,0,0,106.533627130087,0,0,151.01089327964,0,0,0,0
0,0,0,0,0,0,0,261.605527103798,0,0,212.592150359921,214.116367924649,0,0,0,0,0,0,0,0,0,0,0,0,0,0,0,262.382215657622,0,0,0,0,0,0,241.635434294794,142.385058730083,0,172.892533368851,0,0,0
0,0,0,0,0,0,0,0,0,0,0,0,0,0,162.833808134102,0,199.492852797962,0,0,0,0,0,0,0,0,0,0,0,0,0,0,0,0,82.1742780037132,228.792310020318,85.7623170715703,0,0,0,0,0
0,0,0,0,0,0,0,0,0,0,196.04190773555,0,0,0,178.224497384947,195.378266313867,0,0,220.963068032256,321.124897279917,0,0,0,0,0,146.814226519809,0,98.417953423071,0,0,0,197.893790332676,0,0,116.176698124939,133.218162784108,220.901129804706,0,192.693757128262,348.674510760064,0
0,0,0,0,0,136.685314494491,0,0,0,0,0,108.381749703452,0,250.461724766314,0,0,347.376449530863,0,0,0,0,0,0,0,82.4756938751058,240.185081663983,219.078548227669,146.465927798921,94.9380989123498,0,0,0,0,0,228.075434767255,0,193.659409924573,96.7845769653343,0,161.74915061469,177.763106506206
73.4795582048751,0,0,0,136.685314494491,0,0,0,0,0,141.204637091722,219.040656038919,0,0,161.275817184598,0,0,0,0,0,0,0,0,320.356811100276,0,205.839960264176,173.201474590904,0,131.969743415579,0,0,0,0,0,289.631679007608,236.681907140956,0,93.5029580098427,0,103.519938150021,179.718364159796
0,0,0,0,0,0,0,0,160.530221557972,0,0,0,0,169.742003380707,0,223.705816669619,158.567996645797,192.601533877686,0,0,0,0,0,94.8881692391942,0,0,119.345624434514,101.85207633558,0,0,0,0,0,125.81518738273,201.44584889478,238.934743274142,104.915316975638,0,58.3493451392805,0,0
0,261.605527103798,0,0,0,0,0,0,0,303.527509149359,0,314.611698427915,0,0,0,0,0,0,0,0,116.054372245433,0,0,164.032723165762,0,87.8456058929559,198.528111506785,0,163.059043292369,133.984214699576,0,138.33942793804,0,94.7280504127031,151.695570509541,0,72.2278283150671,81.9664354533492,173.001559092555,181.316358113209,0
0,0,0,0,0,0,160.530221557972,0,0,115.871357769661,0,0,0,0,0,0,0,61.0664810463559,0,0,0,0,122.106946855269,0,242.790381480436,0,206.912707094411,98.2230592632363,0,0,0,0,0,108.136066660554,0,139.93285932648,112.823430872325,137.189596148386,0,0,0
0,0,0,0,0,0,0,303.527509149359,115.871357769661,0,118.522099274347,135.294330067913,0,0,0,139.792601838991,0,0,94.126460729827,259.442917595754,192.135034768848,0,201.100640800745,93.4234866874731,0,148.808626413748,101.605593487621,94.027247878695,0,0,0,0,0,89.1590885155172,0,232.945974238958,0,0,191.519780382943,188.851177466023,168.241326865882
0,212.592150359921,0,196.04190773555,0,141.204637091722,0,0,0,118.522099274347,0,106.33736463831,0,0,82.6426202489162,0,0,0,134.960780198024,153.672550905948,280.376028997576,283.248188884028,0,155.901486485736,0,0,0,0,80.8080171296381,0,0,0,0,0,0,90.7216186966914,195.314816908693,92.5568465385234,154.065933476765,0,0
0,214.116367924649,0,0,108.381749703452,219.040656038919,0,314.611698427915,0,135.294330067913,106.33736463831,0,0,151.036729364761,0,0,0,0,0,0,225.013371621378,0,106.128596538706,0,0,333.645516435298,71.5579325720569,112.793316814908,0,205.183249704085,154.784755881607,73.1029054543569,0,115.332064605654,70.4221432298295,101.443495235174,263.534399241887,253.401634605989,0,325.937289045041,0
0,0,0,0,0,0,0,0,0,0,0,0,0,0,0,0,0,0,0,0,0,0,0,115.868441404982,0,157.852515740516,0,0,0,0,0,0,0,0,306.640284138334,0,128.846764897717,0,119.728129215699,92.5207898118833,0
0,0,0,0,250.461724766314,0,169.742003380707,0,0,0,0,151.036729364761,0,0,171.230058197369,0,0,0,0,0,0,0,186.973586461633,0,0,89.3673883748406,150.161410108805,154.142998692322,0,124.698445421759,0,0,0,0,71.4788760670054,111.435629183184,128.530575464043,249.905610015455,0,90.1317194604647,0
0,0,162.833808134102,178.224497384947,0,161.275817184598,0,0,0,0,82.6426202489162,0,0,171.230058197369,0,209.996727521564,0,0,0,0,0,0,0,215.611029055736,0,0,167.066576495979,104.369974912428,0,173.059382066957,0,0,0,0,143.005810983322,0,204.481117647118,0,0,0,0
0,0,0,195.378266313867,0,0,223.705816669619,0,0,139.792601838991,0,0,0,0,209.996727521564,0,0,0,0,200.878319874537,0,0,0,169.453147353278,0,335.371040201042,0,0,109.093416850988,0,0,0,0,197.486504603685,0,0,0,188.936291522747,0,0,97.3506957544063
0,0,199.492852797962,0,347.376449530863,0,158.567996645797,0,0,0,0,0,0,0,0,0,0,0,0,0,0,0,0,75.4497121078207,0,0,0,115.194491798135,74.7304794244225,101.350815329073,0,0,0,74.4197823064597,0,0,0,0,0,78.9559315574845,205.09013266389
112.349934713559,0,0,0,0,0,192.601533877686,0,61.0664810463559,0,0,0,0,0,0,0,0,0,0,0,0,0,0,0,0,0,0,0,190.185165668632,0,0,120.912756812582,0,146.99041817625,175.196329314064,0,0,115.541295036174,0,309.997227542691,0
84.3635741045246,0,0,220.963068032256,0,0,0,0,0,94.126460729827,134.960780198024,0,0,0,0,0,0,0,0,0,0,0,0,241.682021696872,0,195.822649557859,0,161.302948562323,0,0,0,0,0,158.955087279859,0,165.597665022977,0,357.423078228283,0,284.529238481835,151.075371308616
0,0,0,321.124897279917,0,0,0,0,0,259.442917595754,153.672550905948,0,0,0,0,200.878319874537,0,0,0,0,172.608400267715,82.6299537488922,0,0,211.840482897052,101.5853655613,159.183173818572,261.440278806413,114.649126378906,0,0,0,0,135.667029391615,217.157696745803,0,206.472608421747,0,125.994729980093,137.177378802006,160.537522273714
0,0,0,0,0,0,0,116.054372245433,0,192.135034768848,280.376028997576,225.013371621378,0,0,0,0,0,0,0,172.608400267715,0,0,153.609372090384,0,153.453047983244,0,0,0,0,0,0,180.543851962045,0,226.825099357786,174.013630695256,0,171.906398392157,0,0,231.050882209,94.7529894315991
0,0,0,0,0,0,0,0,0,0,283.248188884028,0,0,0,0,0,0,0,0,82.6299537488922,0,0,0,0,0,0,0,306.344527664232,0,0,353.822894641502,0,187.77054666536,0,186.348837226466,0,97.3232815600345,0,0,0,97.5855511246009
0,0,0,0,0,0,0,0,122.106946855269,201.100640800745,0,106.128596538706,0,186.973586461633,0,0,0,0,0,0,153.609372090384,0,0,0,0,165.893015276821,0,184.249961885477,193.63278243493,0,0,163.945208919892,142.054529471577,180.355266595273,0,0,321.864157986053,99.2646516363145,0,329.719143597451,62.311273509377
0,0,0,0,0,320.356811100276,94.8881692391942,164.032723165762,0,93.4234866874731,155.901486485736,0,115.868441404982,0,215.611029055736,169.453147353278,75.4497121078207,0,241.682021696872,0,0,0,0,0,0,145.74089716123,241.57250333243,78.8552325762656,113.144980278377,0,0,0,0,345.797434674459,0,255.441154257905,259.055025639447,0,96.5937438588657,198.964527389285,0
0,0,0,0,82.4756938751058,0,0,0,242.790381480436,0,0,0,0,0,0,0,0,0,0,211.840482897052,153.453047983244,0,0,0,0,0,0,0,0,0,0,154.070293657878,0,0,0,76.5072790361762,231.715271819474,67.8267069095267,0,111.226326353722,161.325017232684
0,0,0,146.814226519809,240.185081663983,205.839960264176,0,87.8456058929559,0,148.808626413748,0,333.645516435298,157.852515740516,89.3673883748406,0,335.371040201042,0,0,195.822649557859,101.5853655613,0,0,165.893015276821,145.74089716123,0,0,219.430938885781,153.876396855887,0,0,0,0,0,92.3502314520023,202.712457066107,0,194.442125915551,0,300.031143529538,146.770754374523,0
0,0,0,0,219.078548227669,173.201474590904,119.345624434514,198.528111506785,206.912707094411,101.605593487621,0,71.5579325720569,0,150.161410108805,167.066576495979,0,0,0,0,159.183173818572,0,0,0,241.57250333243,0,219.430938885781,0,193.055010680236,128.405764333981,0,0,269.936825670274,0,80.4367166559625,0,0,138.425725342224,0,95.7590805983148,183.786860782462,338.131802716296
0,262.382215657622,0,98.417953423071,146.465927798921,0,101.85207633558,0,98.2230592632363,94.027247878695,0,112.793316814908,0,154.142998692322,104.369974912428,0,115.194491798135,0,161.302948562323,261.440278806413,0,306.344527664232,184.249961885477,78.8552325762656,0,153.876396855887,193.055010680236,0,85.6072705949986,0,0,208.005106191961,0,74.5815074003433,224.551207449728,120.567029282014,218.045528847001,193.777661225572,62.859596780235,124.853650664477,113.059176128709
0,0,0,0,94.9380989123498,131.969743415579,0,163.059043292369,0,0,80.8080171296381,0,0,0,0,109.093416850988,74.7304794244225,190.185165668632,0,114.649126378906,0,0,193.63278243493,113.144980278377,0,0,128.405764333981,85.6072705949986,0,139.654362654449,0,252.487290983309,0,0,283.88658203332,89.9429017381717,81.2827395071039,180.90030328818,115.114253591495,134.566479261133,196.032358954952
0,0,0,0,0,0,0,133.984214699576,0,0,0,205.183249704085,0,124.698445421759,173.059382066957,0,101.350815329073,0,0,0,0,0,0,0,0,0,0,0,139.654362654449,0,0,0,0,110.384905066973,204.084074037941,0,66.5008477853491,100.812745974529,0,221.805809452716,0
247.66948903751,0,0,0,0,0,0,0,0,0,0,154.784755881607,0,0,0,0,0,0,0,0,0,353.822894641502,0,0,0,0,0,0,0,0,0,0,0,323.781250289068,137.239127032733,0,0,0,0,0,213.67670887414
0,0,0,197.893790332676,0,0,0,138.33942793804,0,0,0,73.1029054543569,0,0,0,0,0,120.912756812582,0,0,180.543851962045,0,163.945208919892,0,154.070293657878,0,269.936825670274,208.005106191961,252.487290983309,0,0,0,0,0,0,0,106.926813611922,0,0,0,0
0,0,0,0,0,0,0,0,0,0,0,0,0,0,0,0,0,0,0,0,0,187.77054666536,142.054529471577,0,0,0,0,0,0,0,0,0,0,0,0,125.416941482916,0,0,0,222.053792850439,140.574866691684
106.533627130087,0,82.1742780037132,0,0,0,125.81518738273,94.7280504127031,108.136066660554,89.1590885155172,0,115.332064605654,0,0,0,197.486504603685,74.4197823064597,146.99041817625,158.955087279859,135.667029391615,226.825099357786,0,180.355266595273,345.797434674459,0,92.3502314520023,80.4367166559625,74.5815074003433,0,110.384905066973,323.781250289068,0,0,0,249.798812580765,0,173.538155409849,227.504408813069,99.3508940827211,178.748963182352,114.511014214502
0,241.635434294794,228.792310020318,116.176698124939,228.075434767255,289.631679007608,201.44584889478,151.695570509541,0,0,0,70.4221432298295,306.640284138334,71.4788760670054,143.005810983322,0,0,175.196329314064,0,217.157696745803,174.013630695256,186.348837226466,0,0,0,202.712457066107,0,224.551207449728,283.88658203332,204.084074037941,137.239127032733,0,0,249.798812580765,0,98.6790043377568,151.806152521152,0,276.620869034647,0,224.523755099568
0,142.385058730083,85.7623170715703,133.218162784108,0,236.681907140956,238.934743274142,0,139.93285932648,232.945974238958,90.7216186966914,101.443495235174,0,111.435629183184,0,0,0,0,165.597665022977,0,0,0,0,255.441154257905,76.5072790361762,0,0,120.567029282014,89.9429017381717,0,0,0,125.416941482916,0,98.6790043377568,0,155.24952173131,101.895308036513,0,0,0
151.01089327964,0,0,220.901129804706,193.659409924573,0,104.915316975638,72.2278283150671,112.823430872325,0,195.314816908693,263.534399241887,128.846764897717,128.530575464043,204.481117647118,0,0,0,0,206.472608421747,171.906398392157,97.3232815600345,321.864157986053,259.055025639447,231.715271819474,194.442125915551,138.425725342224,218.045528847001,81.2827395071039,66.5008477853491,0,106.926813611922,0,173.538155409849,151.806152521152,155.24952173131,0,89.707245288964,117.208001126138,178.683678585178,136.792307586862
0,172.892533368851,0,0,96.7845769653343,93.5029580098427,0,81.9664354533492,137.189596148386,0,92.5568465385234,253.401634605989,0,249.905610015455,0,188.936291522747,0,115.541295036174,357.423078228283,0,0,0,99.2646516363145,0,67.8267069095267,0,0,193.777661225572,180.90030328818,100.812745974529,0,0,0,227.504408813069,0,101.895308036513,89.707245288964,0,0,0,251.098274723989
0,0,0,192.693757128262,0,0,58.3493451392805,173.001559092555,0,191.519780382943,154.065933476765,0,119.728129215699,0,0,0,0,0,0,125.994729980093,0,0,0,96.5937438588657,0,300.031143529538,95.7590805983148,62.859596780235,115.114253591495,0,0,0,0,99.3508940827211,276.620869034647,0,117.208001126138,0,0,0,0
0,0,0,348.674510760064,161.74915061469,103.519938150021,0,181.316358113209,0,188.851177466023,0,325.937289045041,92.5207898118833,90.1317194604647,0,0,78.9559315574845,309.997227542691,284.529238481835,137.177378802006,231.050882209,0,329.719143597451,198.964527389285,111.226326353722,146.770754374523,183.786860782462,124.853650664477,134.566479261133,221.805809452716,0,0,222.053792850439,178.748963182352,0,0,178.683678585178,0,0,0,161.694997919804
0,0,0,0,177.763106506206,179.718364159796,0,0,0,168.241326865882,0,0,0,0,0,97.3506957544063,205.09013266389,0,151.075371308616,160.537522273714,94.7529894315991,97.5855511246009,62.311273509377,0,161.325017232684,0,338.131802716296,113.059176128709,196.032358954952,0,213.67670887414,0,140.574866691684,114.511014214502,224.523755099568,0,136.792307586862,251.098274723989,0,161.694997919804,0
