0,98.2230592632363,0,0,0,0,0,0,0,0,0,0,0,0,0,0,0,0,0,155.24952173131,0,0,0,0,0,161.275817184598,0,0,71.4788760670054,0,0,0,0,200.878319874537,0,0,0,81.2827395071039,0,0,0
98.2230592632363,0,0,0,196.032358954952,0,0,0,0,0,0,0,0,0,0,0,93.4234866874731,0,0,0,0,0,0,0,0,0,0,78.8552325762656,111.435629183184,0,0,0,0,0,0,325.937289045041,0,0,0,193.63278243493,0
0,0,0,0,0,0,0,0,0,0,0,0,0,0,0,0,0,0,0,0,0,0,0,0,0,0,0,99.3508940827211,0,0,0,0,0,0,0,250.461724766314,228.792310020318,0,0,112.349934713559,120.567029282014
0,0,0,0,180.355266595273,0,0,0,0,0,0,0,0,280.376028997576,70.4221432298295,0,0,0,0,154.142998692322,0,109.093416850988,0,0,0,135.294330067913,0,212.592150359921,0,0,154.070293657878,231.715271819474,0,98.417953423071,118.522099274347,0,87.8456058929559,94.7529894315991,0,0,0
0,196.032358954952,0,180.355266595273,0,0,0,0,0,0,71.5579325720569,0,0,0,101.895308036513,0,0,198.964527389285,0,94.9380989123498,89.9429017381717,0,0,125.81518738273,0,134.960780198024,0,0,0,241.635434294794,0,119.728129215699,0,347.376449530863,0,0,101.85207633558,0,0,0,309.997227542691
0,0,0,0,0,0,0,0,0,0,0,218.045528847001,0,0,0,269.936825670274,0,0,0,261.440278806413,306.640284138334,0,0,0,204.481117647118,0,199.492852797962,222.053792850439,0,0,0,0,0,104.915316975638,333.645516435298,115.868441404982,197.486504603685,92.5568465385234,111.226326353722,0,125.416941482916
0,0,0,0,0,0,0,112.793316814908,151.806152521152,0,0,0,0,0,0,0,0,255.441154257905,0,94.8881692391942,323.781250289068,85.7623170715703,0,73.4795582048751,0,0,0,146.814226519809,0,0,0,0,0,220.963068032256,98.6790043377568,153.672550905948,221.805809452716,0,0,125.994729980093,0
0,0,0,0,0,0,112.793316814908,0,0,0,0,353.822894641502,0,283.88658203332,0,0,0,0,0,99.2646516363145,321.124897279917,0,62.859596780235,226.825099357786,220.901129804706,0,108.381749703452,0,180.543851962045,0,0,0,0,232.945974238958,0,0,106.128596538706,97.5855511246009,139.792601838991,114.649126378906,193.777661225572
0,0,0,0,0,0,151.806152521152,0,0,228.075434767255,0,0,0,0,0,0,0,0,247.66948903751,0,0,0,0,0,0,0,177.763106506206,171.230058197369,0,165.597665022977,0,0,0,0,197.893790332676,0,225.013371621378,96.5937438588657,0,73.1029054543569,314.611698427915
0,0,0,0,0,0,0,0,228.075434767255,0,0,138.425725342224,0,173.059382066957,0,128.846764897717,0,0,136.792307586862,0,0,134.566479261133,97.3506957544063,160.537522273714,141.204637091722,0,61.0664810463559,161.694997919804,215.611029055736,0,0,0,0,194.442125915551,80.4367166559625,0,192.135034768848,74.7304794244225,0,101.443495235174,193.055010680236
0,0,0,0,71.5579325720569,0,0,0,0,0,0,0,74.4197823064597,0,0,0,0,106.33736463831,0,0,242.790381480436,0,202.712457066107,219.430938885781,95.7590805983148,80.8080171296381,0,0,85.6072705949986,0,0,0,204.084074037941,0,289.631679007608,184.249961885477,188.851177466023,195.822649557859,133.218162784108,106.926813611922,0
0,0,0,0,0,218.045528847001,0,353.822894641502,0,138.425725342224,0,0,0,90.7216186966914,0,0,117.208001126138,0,0,213.67670887414,133.984214699576,0,241.682021696872,104.369974912428,0,164.032723165762,76.5072790361762,66.5008477853491,219.078548227669,0,115.871357769661,0,0,0,357.423078228283,187.77054666536,139.654362654449,227.504408813069,174.013630695256,201.100640800745,198.528111506785
0,0,0,0,0,0,0,0,0,0,74.4197823064597,0,0,0,148.808626413748,0,0,0,0,0,0,0,0,0,0,0,241.57250333243,0,0,0,0,0,0,0,0,158.955087279859,115.541295036174,0,140.574866691684,0,0
0,0,0,280.376028997576,0,0,0,283.88658203332,0,173.059382066957,0,90.7216186966914,0,0,0,93.5029580098427,0,0,115.114253591495,0,0,0,169.453147353278,0,0,262.382215657622,0,192.693757128262,0,0,0,0,82.1742780037132,0,209.996727521564,0,94.7280504127031,0,0,116.176698124939,115.332064605654
0,0,0,70.4221432298295,101.895308036513,0,0,0,0,0,0,0,148.808626413748,0,0,0,0,0,0,0,0,172.608400267715,0,0,0,0,0,153.876396855887,0,0,193.659409924573,0,0,214.116367924649,0,97.3232815600345,151.695570509541,135.667029391615,300.031143529538,137.239127032733,0
0,0,0,0,0,269.936825670274,0,0,0,128.846764897717,0,0,0,93.5029580098427,0,0,0,0,0,249.905610015455,0,0,154.065933476765,136.685314494491,0,238.934743274142,0,78.9559315574845,0,0,0,0,0,206.472608421747,190.185165668632,0,165.893015276821,0,0,0,0
0,93.4234866874731,0,0,0,0,0,0,0,0,0,117.208001126138,0,0,0,0,0,0,92.3502314520023,0,0,335.371040201042,0,146.99041817625,0,0,0,128.530575464043,211.840482897052,0,0,0,0,161.74915061469,0,0,0,0,195.378266313867,251.098274723989,0
0,0,0,0,198.964527389285,0,255.441154257905,0,0,0,106.33736463831,0,0,0,0,0,0,0,0,0,0,0,0,0,0,0,94.027247878695,201.44584889478,0,150.161410108805,0,0,0,0,157.852515740516,0,0,0,0,205.839960264176,186.973586461633
0,0,0,0,0,0,0,0,247.66948903751,136.792307586862,0,0,0,115.114253591495,0,0,92.3502314520023,0,0,0,0,0,0,0,0,142.054529471577,115.194491798135,101.605593487621,0,0,0,223.705816669619,0,142.385058730083,116.054372245433,0,143.005810983322,0,0,62.311273509377,0
155.24952173131,0,0,154.142998692322,94.9380989123498,261.440278806413,94.8881692391942,99.2646516363145,0,0,0,213.67670887414,0,0,0,249.905610015455,0,0,0,0,0,0,0,276.620869034647,0,329.719143597451,284.529238481835,0,0,0,89.1590885155172,0,0,181.316358113209,119.345624434514,0,178.748963182352,175.196329314064,0,145.74089716123,0
0,0,0,0,89.9429017381717,306.640284138334,323.781250289068,321.124897279917,0,0,242.790381480436,133.984214699576,0,0,0,0,0,0,0,0,0,0,0,0,0,159.183173818572,0,171.906398392157,253.401634605989,161.302948562323,219.040656038919,0,0,195.314816908693,0,0,0,0,0,191.519780382943,0
0,0,0,109.093416850988,0,0,85.7623170715703,0,0,134.566479261133,0,0,0,0,172.608400267715,0,335.371040201042,0,0,0,0,0,0,0,0,0,0,120.912756812582,0,0,0,0,0,0,0,0,0,0,0,92.5207898118833,82.6426202489162
0,0,0,0,0,0,0,62.859596780235,0,97.3506957544063,202.712457066107,241.682021696872,0,169.453147353278,0,154.065933476765,0,0,0,0,0,0,0,131.969743415579,0,306.344527664232,0,224.523755099568,114.511014214502,158.567996645797,0,205.183249704085,0,128.405764333981,183.786860782462,106.533627130087,0,0,0,0,0
0,0,0,0,125.81518738273,0,73.4795582048751,226.825099357786,0,160.537522273714,219.430938885781,104.369974912428,0,0,0,136.685314494491,146.99041817625,0,0,276.620869034647,0,0,131.969743415579,0,0,113.144980278377,0,0,283.248188884028,0,0,0,0,162.833808134102,151.075371308616,151.036729364761,108.136066660554,84.3635741045246,67.8267069095267,82.6299537488922,0
0,0,0,0,0,204.481117647118,0,220.901129804706,0,141.204637091722,95.7590805983148,0,0,0,0,0,0,0,0,0,0,0,0,0,0,163.059043292369,206.912707094411,0,0,0,0,0,0,224.551207449728,0,259.442917595754,0,82.4756938751058,0,0,178.683678585178
161.275817184598,0,0,135.294330067913,134.960780198024,0,0,0,0,0,80.8080171296381,164.032723165762,0,262.382215657622,0,238.934743274142,0,0,142.054529471577,329.719143597451,159.183173818572,0,306.344527664232,113.144980278377,163.059043292369,0,110.384905066973,160.530221557972,173.201474590904,0,0,0,0,89.707245288964,0,0,179.718364159796,348.674510760064,0,0,186.348837226466
0,0,0,0,0,199.492852797962,0,108.381749703452,177.763106506206,61.0664810463559,0,76.5072790361762,241.57250333243,0,0,0,0,94.027247878695,115.194491798135,284.529238481835,0,0,0,0,206.912707094411,110.384905066973,0,0,178.224497384947,122.106946855269,0,0,0,249.798812580765,101.350815329073,124.698445421759,112.823430872325,101.5853655613,163.945208919892,0,90.1317194604647
0,78.8552325762656,99.3508940827211,212.592150359921,0,222.053792850439,146.814226519809,0,171.230058197369,161.694997919804,0,66.5008477853491,0,192.693757128262,153.876396855887,78.9559315574845,128.530575464043,201.44584889478,101.605593487621,0,171.906398392157,120.912756812582,224.523755099568,0,0,160.530221557972,0,0,155.901486485736,0,0,168.241326865882,0,137.189596148386,154.784755881607,161.325017232684,188.936291522747,0,146.770754374523,303.527509149359,172.892533368851
71.4788760670054,111.435629183184,0,0,0,0,0,180.543851962045,0,215.611029055736,85.6072705949986,219.078548227669,0,0,0,0,211.840482897052,0,0,0,253.401634605989,0,114.511014214502,283.248188884028,0,173.201474590904,178.224497384947,155.901486485736,0,151.01089327964,0,0,0,180.90030328818,217.157696745803,261.605527103798,153.453047983244,205.09013266389,0,113.059176128709,345.797434674459
0,0,0,0,241.635434294794,0,0,0,165.597665022977,0,0,0,0,0,0,0,0,150.161410108805,0,0,161.302948562323,0,158.567996645797,0,0,0,122.106946855269,0,151.01089327964,0,0,196.04190773555,173.538155409849,0,75.4497121078207,0,0,0,0,103.519938150021,0
0,0,0,154.070293657878,0,0,0,0,0,0,0,115.871357769661,0,0,193.659409924573,0,0,0,0,89.1590885155172,219.040656038919,0,0,0,0,0,0,0,0,0,0,0,0,0,0,0,0,259.055025639447,0,0,0
0,0,0,231.715271819474,119.728129215699,0,0,0,0,0,0,0,0,0,0,0,0,0,223.705816669619,0,0,0,205.183249704085,0,0,0,0,168.241326865882,0,196.04190773555,0,0,0,208.005106191961,58.3493451392805,321.864157986053,252.487290983309,0,0,192.601533877686,0
0,0,0,0,0,0,0,0,0,0,204.084074037941,0,0,82.1742780037132,0,0,0,0,0,0,0,0,0,0,0,0,0,0,0,173.538155409849,0,0,0,0,74.5815074003433,0,72.2278283150671,0,0,0,0
200.878319874537,0,0,98.417953423071,347.376449530863,104.915316975638,220.963068032256,232.945974238958,0,194.442125915551,0,0,0,0,214.116367924649,206.472608421747,161.74915061469,0,142.385058730083,181.316358113209,195.314816908693,0,128.405764333981,162.833808134102,224.551207449728,89.707245288964,249.798812580765,137.189596148386,180.90030328818,0,0,208.005106191961,0,0,173.001559092555,81.9664354533492,240.185081663983,0,0,89.3673883748406,263.534399241887
0,0,0,118.522099274347,0,333.645516435298,98.6790043377568,0,197.893790332676,80.4367166559625,289.631679007608,357.423078228283,0,209.996727521564,0,190.185165668632,0,157.852515740516,116.054372245433,119.345624434514,0,0,183.786860782462,151.075371308616,0,0,101.350815329073,154.784755881607,217.157696745803,75.4497121078207,0,58.3493451392805,74.5815074003433,173.001559092555,0,0,320.356811100276,0,167.066576495979,338.131802716296,153.609372090384
0,325.937289045041,250.461724766314,0,0,115.868441404982,153.672550905948,0,0,0,184.249961885477,187.77054666536,158.955087279859,0,97.3232815600345,0,0,0,0,0,0,0,106.533627130087,151.036729364761,259.442917595754,0,124.698445421759,161.325017232684,261.605527103798,0,0,321.864157986053,0,81.9664354533492,0,0,146.465927798921,0,137.177378802006,0,169.742003380707
0,0,228.792310020318,87.8456058929559,101.85207633558,197.486504603685,221.805809452716,106.128596538706,225.013371621378,192.135034768848,188.851177466023,139.654362654449,115.541295036174,94.7280504127031,151.695570509541,165.893015276821,0,0,143.005810983322,178.748963182352,0,0,0,108.136066660554,0,179.718364159796,112.823430872325,188.936291522747,153.453047983244,0,0,252.487290983309,72.2278283150671,240.185081663983,320.356811100276,146.465927798921,0,96.7845769653343,236.681907140956,100.812745974529,124.853650664477
81.2827395071039,0,0,94.7529894315991,0,92.5568465385234,0,97.5855511246009,96.5937438588657,74.7304794244225,195.822649557859,227.504408813069,0,0,135.667029391615,0,0,0,0,175.196329314064,0,0,0,84.3635741045246,82.4756938751058,348.674510760064,101.5853655613,0,205.09013266389,0,259.055025639447,0,0,0,0,0,96.7845769653343,0,138.33942793804,94.126460729827,231.050882209
0,0,0,0,0,111.226326353722,0,139.792601838991,0,0,133.218162784108,174.013630695256,140.574866691684,0,300.031143529538,0,195.378266313867,0,0,0,0,0,0,67.8267069095267,0,0,163.945208919892,146.770754374523,0,0,0,0,0,0,167.066576495979,137.177378802006,236.681907140956,138.33942793804,0,0,139.93285932648
0,193.63278243493,112.349934713559,0,0,0,125.994729980093,114.649126378906,73.1029054543569,101.443495235174,106.926813611922,201.100640800745,0,116.176698124939,137.239127032733,0,251.098274723989,205.839960264176,62.311273509377,145.74089716123,191.519780382943,92.5207898118833,0,82.6299537488922,0,0,0,303.527509149359,113.059176128709,103.519938150021,0,192.601533877686,0,89.3673883748406,338.131802716296,0,100.812745974529,94.126460729827,0,0,0
0,0,120.567029282014,0,309.997227542691,125.416941482916,0,193.777661225572,314.611698427915,193.055010680236,0,198.528111506785,0,115.332064605654,0,0,0,186.973586461633,0,0,0,82.6426202489162,0,0,178.683678585178,186.348837226466,90.1317194604647,172.892533368851,345.797434674459,0,0,0,0,263.534399241887,153.609372090384,169.742003380707,124.853650664477,231.050882209,139.93285932648,0,0
