0,0,0,0,247.66948903751,213.67670887414,0,0,0,0,190.185165668632,175.196329314064,0,0,0,0,0,0,0,0,0,0,0,0,0,241.682021696872,0,0,0,0,0,0,0,0,0,0,0,0,198.964527389285,0,0
0,0,0,0,0,0,0,0,0,164.032723165762,0,0,0,172.608400267715,94.126460729827,0,0,0,0,0,0,0,0,191.519780382943,0,0,0,223.705816669619,0,0,0,0,0,0,0,196.032358954952,135.294330067913,0,0,0,0
0,0,0,0,0,0,0,0,0,0,92.3502314520023,0,0,0,0,0,0,0,0,0,0,0,94.8881692391942,0,0,0,0,62.859596780235,0,0,0,0,0,0,0,0,112.349934713559,0,0,353.822894641502,0
0,0,0,0,0,0,0,165.893015276821,62.311273509377,0,0,114.649126378906,0,0,0,0,0,0,0,0,314.611698427915,0,0,93.5029580098427,0,0,205.09013266389,0,134.566479261133,0,0,0,0,154.065933476765,155.901486485736,161.74915061469,106.533627130087,0,0,96.5937438588657,94.027247878695
247.66948903751,0,0,0,0,0,0,0,211.840482897052,84.3635741045246,0,143.005810983322,116.176698124939,0,0,0,0,0,0,0,0,0,128.405764333981,0,259.055025639447,0,192.693757128262,208.005106191961,82.1742780037132,0,0,114.511014214502,0,82.6299537488922,161.302948562323,0,0,0,0,0,333.645516435298
213.67670887414,0,0,0,0,0,0,0,0,0,0,137.177378802006,0,0,0,0,236.681907140956,92.5568465385234,66.5008477853491,0,0,0,261.605527103798,199.492852797962,0,309.997227542691,0,73.1029054543569,197.486504603685,0,0,0,0,115.114253591495,200.878319874537,0,115.332064605654,0,0,115.871357769661,0
0,0,0,0,0,0,0,167.066576495979,0,0,0,76.5072790361762,0,348.674510760064,70.4221432298295,0,0,0,0,0,0,0,173.201474590904,205.839960264176,0,0,0,0,338.131802716296,141.204637091722,0,0,0,195.314816908693,0,221.805809452716,151.01089327964,139.792601838991,0,0,153.672550905948
0,0,0,165.893015276821,0,0,167.066576495979,0,0,0,0,184.249961885477,0,146.770754374523,108.381749703452,106.33736463831,0,74.5815074003433,0,0,0,161.275817184598,98.6790043377568,0,0,0,81.2827395071039,0,71.4788760670054,0,0,0,0,153.453047983244,104.915316975638,0,136.792307586862,0,0,181.316358113209,85.6072705949986
0,0,0,62.311273509377,211.840482897052,0,0,0,0,0,0,178.224497384947,0,112.823430872325,0,0,0,0,242.790381480436,280.376028997576,0,0,0,0,0,0,0,0,67.8267069095267,0,0,139.93285932648,0,0,0,0,289.631679007608,82.6426202489162,0,0,193.055010680236
0,164.032723165762,0,0,84.3635741045246,0,0,0,0,0,222.053792850439,228.792310020318,0,0,0,0,219.040656038919,0,0,220.963068032256,169.742003380707,151.075371308616,0,0,74.7304794244225,158.955087279859,179.718364159796,186.973586461633,0,0,0,0,0,161.325017232684,0,0,241.635434294794,249.798812580765,165.597665022977,231.715271819474,128.846764897717
190.185165668632,0,92.3502314520023,0,0,0,0,0,0,222.053792850439,0,162.833808134102,0,0,0,0,169.453147353278,0,0,94.7529894315991,103.519938150021,0,0,0,0,139.654362654449,98.2230592632363,0,0,101.443495235174,0,0,0,161.694997919804,119.345624434514,0,142.054529471577,249.905610015455,0,100.812745974529,225.013371621378
175.196329314064,0,0,114.649126378906,143.005810983322,137.177378802006,76.5072790361762,184.249961885477,178.224497384947,228.792310020318,162.833808134102,0,0,0,0,0,0,0,0,345.797434674459,0,0,262.382215657622,0,112.793316814908,335.371040201042,0,145.74089716123,0,0,0,0,171.906398392157,178.683678585178,347.376449530863,136.685314494491,300.031143529538,0,201.44584889478,329.719143597451,0
0,0,0,0,116.176698124939,0,0,0,0,0,0,0,0,0,0,0,0,0,0,0,98.417953423071,0,0,0,0,194.442125915551,128.530575464043,0,0,0,0,0,0,0,204.084074037941,0,172.892533368851,0,0,0,0
0,172.608400267715,0,0,0,0,348.674510760064,146.770754374523,112.823430872325,0,0,0,0,0,0,0,0,0,0,0,0,116.054372245433,0,0,0,160.537522273714,186.348837226466,159.183173818572,168.241326865882,95.7590805983148,0,0,0,58.3493451392805,0,215.611029055736,173.538155409849,0,0,232.945974238958,0
0,94.126460729827,0,0,0,0,70.4221432298295,108.381749703452,0,0,0,0,0,0,0,0,0,0,0,209.996727521564,73.4795582048751,0,0,188.936291522747,0,0,97.3506957544063,0,0,214.116367924649,0,0,0,240.185081663983,171.230058197369,0,283.88658203332,0,224.523755099568,0,0
0,0,0,0,0,0,0,106.33736463831,0,0,0,0,0,0,0,0,0,0,138.425725342224,0,202.712457066107,117.208001126138,0,101.895308036513,0,0,238.934743274142,284.529238481835,0,125.416941482916,206.472608421747,0,0,113.059176128709,0,0,261.440278806413,0,0,0,0
0,0,0,0,0,236.681907140956,0,0,0,219.040656038919,169.453147353278,0,0,0,0,0,0,0,0,158.567996645797,0,0,120.567029282014,0,0,193.63278243493,0,71.5579325720569,75.4497121078207,0,0,0,0,0,151.806152521152,0,0,154.070293657878,0,0,0
0,0,0,0,0,92.5568465385234,0,74.5815074003433,0,0,0,0,0,0,0,0,0,0,106.926813611922,0,0,0,0,0,153.876396855887,219.430938885781,138.33942793804,0,0,0,0,0,0,0,137.189596148386,217.157696745803,0,0,0,306.344527664232,0
0,0,0,0,0,66.5008477853491,0,0,242.790381480436,0,0,0,0,0,0,138.425725342224,0,106.926813611922,0,0,0,0,0,101.5853655613,0,0,0,178.748963182352,0,0,0,131.969743415579,0,220.901129804706,0,303.527509149359,0,320.356811100276,99.2646516363145,115.868441404982,0
0,0,0,0,0,0,0,0,280.376028997576,220.963068032256,94.7529894315991,345.797434674459,0,0,209.996727521564,0,158.567996645797,0,0,0,0,101.85207633558,193.659409924573,61.0664810463559,0,0,146.814226519809,125.81518738273,111.435629183184,0,0,0,0,119.728129215699,0,0,269.936825670274,183.786860782462,151.695570509541,124.853650664477,0
0,0,0,314.611698427915,0,0,0,0,0,169.742003380707,103.519938150021,0,98.417953423071,0,73.4795582048751,202.712457066107,0,0,0,0,0,0,0,250.461724766314,0,0,0,306.640284138334,0,0,0,187.77054666536,0,195.378266313867,0,0,0,196.04190773555,255.441154257905,0,323.781250289068
0,0,0,0,0,0,0,161.275817184598,0,151.075371308616,0,0,0,116.054372245433,0,117.208001126138,0,0,0,101.85207633558,0,0,0,0,0,0,0,0,0,0,0,0,0,0,0,146.99041817625,80.4367166559625,0,0,231.050882209,0
0,0,94.8881692391942,0,128.405764333981,261.605527103798,173.201474590904,98.6790043377568,0,0,0,262.382215657622,0,0,0,0,120.567029282014,0,0,193.659409924573,0,0,0,0,0,80.8080171296381,0,140.574866691684,201.100640800745,0,0,0,0,321.124897279917,0,0,74.4197823064597,0,137.239127032733,253.401634605989,0
0,191.519780382943,0,93.5029580098427,0,199.492852797962,205.839960264176,0,0,0,0,0,0,0,188.936291522747,101.895308036513,0,0,101.5853655613,61.0664810463559,250.461724766314,0,0,0,321.864157986053,0,0,94.7280504127031,87.8456058929559,0,0,0,142.385058730083,134.960780198024,97.5855511246009,122.106946855269,108.136066660554,198.528111506785,251.098274723989,0,0
0,0,0,0,259.055025639447,0,0,0,0,74.7304794244225,0,112.793316814908,0,0,0,0,0,153.876396855887,0,0,0,0,0,321.864157986053,0,0,0,276.620869034647,0,0,0,0,0,0,157.852515740516,90.7216186966914,0,72.2278283150671,0,146.465927798921,0
241.682021696872,0,0,0,0,309.997227542691,0,0,0,158.955087279859,139.654362654449,335.371040201042,194.442125915551,160.537522273714,0,0,193.63278243493,219.430938885781,0,0,0,0,80.8080171296381,0,0,0,133.218162784108,78.9559315574845,153.609372090384,0,195.822649557859,0,180.543851962045,0,204.481117647118,226.825099357786,192.601533877686,188.851177466023,0,0,151.036729364761
0,0,0,205.09013266389,192.693757128262,0,0,81.2827395071039,0,179.718364159796,98.2230592632363,0,128.530575464043,186.348837226466,97.3506957544063,238.934743274142,0,138.33942793804,0,146.814226519809,0,0,0,0,0,133.218162784108,0,93.4234866874731,101.350815329073,89.707245288964,0,0,0,252.487290983309,133.984214699576,212.592150359921,0,0,0,174.013630695256,180.355266595273
0,223.705816669619,62.859596780235,0,208.005106191961,73.1029054543569,0,0,0,186.973586461633,0,145.74089716123,0,159.183173818572,0,284.529238481835,71.5579325720569,0,178.748963182352,125.81518738273,306.640284138334,0,140.574866691684,94.7280504127031,276.620869034647,78.9559315574845,93.4234866874731,0,118.522099274347,99.3508940827211,0,104.369974912428,0,0,205.183249704085,120.912756812582,206.912707094411,192.135034768848,109.093416850988,259.442917595754,124.698445421759
0,0,0,134.566479261133,82.1742780037132,197.486504603685,338.131802716296,71.4788760670054,67.8267069095267,0,0,0,0,168.241326865882,0,0,75.4497121078207,0,0,111.435629183184,0,0,201.100640800745,87.8456058929559,0,153.609372090384,101.350815329073,118.522099274347,0,0,0,85.7623170715703,0,154.142998692322,94.9380989123498,0,78.8552325762656,154.784755881607,0,125.994729980093,283.248188884028
0,0,0,0,0,0,141.204637091722,0,0,0,101.443495235174,0,0,95.7590805983148,214.116367924649,125.416941482916,0,0,0,0,0,0,0,0,0,0,89.707245288964,99.3508940827211,0,0,115.541295036174,0,0,90.1317194604647,92.5207898118833,0,0,0,0,82.4756938751058,0
0,0,0,0,0,0,0,0,0,0,0,0,0,0,0,206.472608421747,0,0,0,0,0,0,0,0,0,195.822649557859,0,0,0,115.541295036174,0,0,0,89.9429017381717,180.90030328818,0,218.045528847001,0,0,0,0
0,0,0,0,114.511014214502,0,0,0,139.93285932648,0,0,0,0,0,0,0,0,0,131.969743415579,0,187.77054666536,0,0,0,0,0,0,104.369974912428,85.7623170715703,0,0,0,0,81.9664354533492,150.161410108805,0,0,224.551207449728,0,227.504408813069,111.226326353722
0,0,0,0,0,0,0,0,0,0,0,171.906398392157,0,0,0,0,0,0,0,0,0,0,0,142.385058730083,0,180.543851962045,0,0,0,0,0,0,0,0,0,0,110.384905066973,0,0,0,228.075434767255
0,0,0,154.065933476765,82.6299537488922,115.114253591495,195.314816908693,153.453047983244,0,161.325017232684,161.694997919804,178.683678585178,0,58.3493451392805,240.185081663983,113.059176128709,0,0,220.901129804706,119.728129215699,195.378266313867,0,321.124897279917,134.960780198024,0,0,252.487290983309,0,154.142998692322,90.1317194604647,89.9429017381717,81.9664354533492,0,0,0,197.893790332676,89.3673883748406,135.667029391615,0,113.144980278377,193.777661225572
0,0,0,155.901486485736,161.302948562323,200.878319874537,0,104.915316975638,0,0,119.345624434514,347.376449530863,204.084074037941,0,171.230058197369,0,151.806152521152,137.189596148386,0,0,0,0,0,97.5855511246009,157.852515740516,204.481117647118,133.984214699576,205.183249704085,94.9380989123498,92.5207898118833,180.90030328818,150.161410108805,0,0,0,163.059043292369,148.808626413748,115.194491798135,219.078548227669,155.24952173131,101.605593487621
0,196.032358954952,0,161.74915061469,0,0,221.805809452716,0,0,0,0,136.685314494491,0,215.611029055736,0,0,0,217.157696745803,303.527509149359,0,0,146.99041817625,0,122.106946855269,90.7216186966914,226.825099357786,212.592150359921,120.912756812582,0,0,0,0,0,197.893790332676,163.059043292369,0,163.945208919892,96.7845769653343,0,325.937289045041,106.128596538706
0,135.294330067913,112.349934713559,106.533627130087,0,115.332064605654,151.01089327964,136.792307586862,289.631679007608,241.635434294794,142.054529471577,300.031143529538,172.892533368851,173.538155409849,283.88658203332,261.440278806413,0,0,0,269.936825670274,0,80.4367166559625,74.4197823064597,108.136066660554,0,192.601533877686,0,206.912707094411,78.8552325762656,0,218.045528847001,0,110.384905066973,89.3673883748406,148.808626413748,163.945208919892,0,263.534399241887,173.059382066957,241.57250333243,160.530221557972
0,0,0,0,0,0,139.792601838991,0,82.6426202489162,249.798812580765,249.905610015455,0,0,0,0,0,154.070293657878,0,320.356811100276,183.786860782462,196.04190773555,0,0,198.528111506785,72.2278283150671,188.851177466023,0,192.135034768848,154.784755881607,0,0,224.551207449728,0,135.667029391615,115.194491798135,96.7845769653343,263.534399241887,0,177.763106506206,0,357.423078228283
198.964527389285,0,0,0,0,0,0,0,0,165.597665022977,0,201.44584889478,0,0,224.523755099568,0,0,0,99.2646516363145,151.695570509541,255.441154257905,0,137.239127032733,251.098274723989,0,0,0,109.093416850988,0,0,0,0,0,0,219.078548227669,0,173.059382066957,177.763106506206,0,97.3232815600345,89.1590885155172
0,0,353.822894641502,96.5937438588657,0,115.871357769661,0,181.316358113209,0,231.715271819474,100.812745974529,329.719143597451,0,232.945974238958,0,0,0,306.344527664232,115.868441404982,124.853650664477,0,231.050882209,253.401634605989,0,146.465927798921,0,174.013630695256,259.442917595754,125.994729980093,82.4756938751058,0,227.504408813069,0,113.144980278377,155.24952173131,325.937289045041,241.57250333243,0,97.3232815600345,0,173.001559092555
0,0,0,94.027247878695,333.645516435298,0,153.672550905948,85.6072705949986,193.055010680236,128.846764897717,225.013371621378,0,0,0,0,0,0,0,0,0,323.781250289068,0,0,0,0,151.036729364761,180.355266595273,124.698445421759,283.248188884028,0,0,111.226326353722,228.075434767255,193.777661225572,101.605593487621,106.128596538706,160.530221557972,357.423078228283,89.1590885155172,173.001559092555,0
