0,0,0,0,0,213.67670887414,228.792310020318,0,0,0,0,0,0,0,0,0,0,0,0,0,0,0,0,0,0,0,0,0,0,0,0,242.790381480436,0,94.9380989123498,0,0,219.078548227669,0,0,205.183249704085,0
0,0,0,0,0,0,0,0,0,98.417953423071,84.3635741045246,0,263.534399241887,0,0,0,0,0,0,0,0,0,0,0,0,0,0,0,0,0,0,111.226326353722,0,0,214.116367924649,261.440278806413,353.822894641502,0,0,0,0
0,0,0,0,0,0,0,0,0,133.984214699576,0,58.3493451392805,0,0,0,0,0,0,188.851177466023,0,0,0,0,0,0,0,0,0,98.6790043377568,0,0,0,0,0,0,195.314816908693,0,0,0,0,0
0,0,0,0,0,0,112.349934713559,70.4221432298295,0,0,0,0,219.430938885781,205.839960264176,157.852515740516,0,0,0,0,188.936291522747,173.538155409849,0,0,0,0,78.8552325762656,94.027247878695,201.44584889478,0,0,0,0,0,0,62.311273509377,0,0,137.177378802006,0,115.194491798135,0
0,0,0,0,0,140.574866691684,0,0,241.57250333243,0,204.084074037941,0,0,0,82.6426202489162,0,0,114.511014214502,0,0,0,0,191.519780382943,192.601533877686,0,148.808626413748,82.1742780037132,150.161410108805,90.7216186966914,0,0,0,0,0,137.239127032733,0,155.24952173131,0,72.2278283150671,0,0
213.67670887414,0,0,0,140.574866691684,0,0,92.5207898118833,186.348837226466,236.681907140956,0,177.763106506206,0,0,0,0,0,0,0,208.005106191961,0,0,0,0,259.055025639447,0,0,0,209.996727521564,0,0,0,61.0664810463559,94.7280504127031,173.001559092555,0,300.031143529538,133.218162784108,0,0,0
228.792310020318,0,0,112.349934713559,0,0,0,0,198.528111506785,0,0,193.055010680236,0,128.405764333981,252.487290983309,280.376028997576,0,0,0,0,0,112.793316814908,0,74.5815074003433,0,0,120.567029282014,171.230058197369,0,0,0,0,0,0,124.853650664477,81.2827395071039,0,0,0,0,0
0,0,0,70.4221432298295,0,92.5207898118833,0,0,0,0,112.823430872325,255.441154257905,0,0,0,0,215.611029055736,0,0,160.530221557972,135.667029391615,0,90.1317194604647,0,0,0,220.901129804706,219.040656038919,153.876396855887,0,0,0,0,137.189596148386,89.9429017381717,0,197.486504603685,262.382215657622,0,163.059043292369,0
0,0,0,0,241.57250333243,186.348837226466,198.528111506785,0,0,0,0,0,0,0,0,94.8881692391942,0,0,0,0,0,0,153.672550905948,0,0,0,0,138.33942793804,0,172.608400267715,0,0,0,173.059382066957,250.461724766314,106.33736463831,0,0,0,0,303.527509149359
0,98.417953423071,133.984214699576,0,0,236.681907140956,0,0,0,0,110.384905066973,172.892533368851,104.915316975638,0,109.093416850988,306.640284138334,0,115.868441404982,0,0,0,0,76.5072790361762,164.032723165762,0,96.5937438588657,0,100.812745974529,161.302948562323,0,0,0,0,0,0,0,323.781250289068,0,238.934743274142,92.5568465385234,194.442125915551
0,84.3635741045246,0,0,204.084074037941,0,0,112.823430872325,0,110.384905066973,0,0,0,134.960780198024,0,0,0,0,0,0,97.3506957544063,0,161.275817184598,240.185081663983,0,0,0,142.054529471577,101.85207633558,0,0,89.1590885155172,0,314.611698427915,0,116.054372245433,151.695570509541,0,0,161.74915061469,193.777661225572
0,0,58.3493451392805,0,0,177.763106506206,193.055010680236,255.441154257905,0,172.892533368851,0,0,0,87.8456058929559,0,0,0,0,0,81.9664354533492,0,0,0,131.969743415579,101.5853655613,124.698445421759,0,158.955087279859,143.005810983322,80.4367166559625,0,0,85.7623170715703,62.859596780235,106.128596538706,186.973586461633,67.8267069095267,175.196329314064,0,120.912756812582,321.864157986053
0,263.534399241887,0,219.430938885781,0,0,0,0,0,104.915316975638,0,0,0,0,0,0,0,0,0,115.332064605654,0,0,0,0,0,0,0,0,0,0,0,0,0,136.685314494491,0,197.893790332676,0,0,0,0,0
0,0,0,205.839960264176,0,0,128.405764333981,0,0,0,134.960780198024,87.8456058929559,0,0,0,0,0,0,198.964527389285,0,146.99041817625,0,80.8080171296381,155.901486485736,0,92.3502314520023,333.645516435298,146.814226519809,71.5579325720569,0,0,0,0,0,0,0,347.376449530863,0,0,0,289.631679007608
0,0,0,157.852515740516,82.6426202489162,0,252.487290983309,0,0,109.093416850988,0,0,0,0,0,0,0,0,0,309.997227542691,0,0,0,0,0,0,0,201.100640800745,0,0,0,241.682021696872,0,187.77054666536,168.241326865882,0,0,165.893015276821,115.114253591495,206.912707094411,0
0,0,0,0,0,0,280.376028997576,0,94.8881692391942,306.640284138334,0,0,0,0,0,0,0,0,0,0,0,0,0,0,0,125.416941482916,192.135034768848,184.249961885477,101.350815329073,0,0,0,335.371040201042,0,0,0,160.537522273714,261.605527103798,0,231.050882209,0
0,0,0,0,0,0,0,215.611029055736,0,0,0,0,0,0,0,0,0,0,0,345.797434674459,0,0,173.201474590904,0,0,0,103.519938150021,0,0,101.895308036513,0,0,0,338.131802716296,122.106946855269,106.533627130087,217.157696745803,0,0,0,146.770754374523
0,0,0,0,114.511014214502,0,0,0,0,115.868441404982,0,0,0,0,0,0,0,0,0,0,0,0,0,0,0,284.529238481835,0,0,0,0,193.659409924573,0,0,0,128.530575464043,222.053792850439,125.81518738273,0,227.504408813069,0,204.481117647118
0,0,188.851177466023,0,0,0,0,0,0,0,0,0,0,198.964527389285,0,0,0,0,0,108.136066660554,0,0,0,0,0,269.936825670274,180.90030328818,134.566479261133,95.7590805983148,0,0,0,0,115.541295036174,93.5029580098427,0,113.144980278377,253.401634605989,0,99.3508940827211,0
0,0,0,188.936291522747,0,208.005106191961,0,160.530221557972,0,0,0,81.9664354533492,115.332064605654,0,309.997227542691,0,345.797434674459,0,108.136066660554,0,0,0,0,0,0,0,73.1029054543569,104.369974912428,0,0,158.567996645797,0,0,66.5008477853491,199.492852797962,116.176698124939,139.792601838991,113.059176128709,74.4197823064597,0,0
0,0,0,173.538155409849,0,0,0,135.667029391615,0,0,97.3506957544063,0,0,146.99041817625,0,0,0,0,0,0,0,195.822649557859,0,151.036729364761,0,159.183173818572,0,0,0,0,0,0,0,0,205.09013266389,200.878319874537,94.126460729827,101.443495235174,0,136.792307586862,98.2230592632363
0,0,0,0,0,0,112.793316814908,0,0,0,0,0,0,0,0,0,0,0,0,0,195.822649557859,0,0,145.74089716123,0,0,0,0,99.2646516363145,0,0,0,0,0,154.070293657878,0,0,154.784755881607,0,171.906398392157,153.609372090384
0,0,0,0,191.519780382943,0,0,90.1317194604647,153.672550905948,76.5072790361762,161.275817184598,0,0,80.8080171296381,0,0,173.201474590904,0,0,0,0,0,0,0,0,0,247.66948903751,135.294330067913,283.88658203332,161.694997919804,0,0,0,249.798812580765,357.423078228283,0,0,0,0,212.592150359921,119.728129215699
0,0,0,0,192.601533877686,0,74.5815074003433,0,0,164.032723165762,240.185081663983,131.969743415579,0,155.901486485736,0,0,0,0,0,0,151.036729364761,145.74089716123,0,0,0,85.6072705949986,224.551207449728,169.742003380707,0,0,141.204637091722,125.994729980093,0,154.142998692322,97.5855511246009,306.344527664232,0,0,139.654362654449,115.871357769661,119.345624434514
0,0,0,0,0,259.055025639447,0,0,0,0,0,101.5853655613,0,0,0,0,0,0,0,0,0,0,0,0,0,89.707245288964,0,181.316358113209,167.066576495979,0,0,75.4497121078207,0,218.045528847001,0,96.7845769653343,0,0,174.013630695256,224.523755099568,0
0,0,0,78.8552325762656,148.808626413748,0,0,0,0,96.5937438588657,0,124.698445421759,0,92.3502314520023,0,125.416941482916,0,284.529238481835,269.936825670274,0,159.183173818572,0,0,85.6072705949986,89.707245288964,0,0,0,320.356811100276,0,108.381749703452,0,0,162.833808134102,283.248188884028,0,111.435629183184,151.806152521152,82.4756938751058,249.905610015455,142.385058730083
0,0,0,94.027247878695,82.1742780037132,0,120.567029282014,220.901129804706,0,0,0,0,0,333.645516435298,0,192.135034768848,103.519938150021,0,180.90030328818,73.1029054543569,0,0,247.66948903751,224.551207449728,0,0,0,169.453147353278,146.465927798921,0,0,0,0,232.945974238958,0,71.4788760670054,117.208001126138,89.3673883748406,211.840482897052,161.325017232684,118.522099274347
0,0,0,201.44584889478,150.161410108805,0,171.230058197369,219.040656038919,138.33942793804,100.812745974529,142.054529471577,158.955087279859,0,146.814226519809,201.100640800745,184.249961885477,0,0,134.566479261133,104.369974912428,0,0,135.294330067913,169.742003380707,181.316358113209,0,169.453147353278,0,329.719143597451,206.472608421747,0,251.098274723989,0,178.748963182352,0,183.786860782462,259.442917595754,163.945208919892,202.712457066107,190.185165668632,192.693757128262
0,0,98.6790043377568,0,90.7216186966914,209.996727521564,0,153.876396855887,0,161.302948562323,101.85207633558,143.005810983322,0,71.5579325720569,0,101.350815329073,0,0,95.7590805983148,0,0,99.2646516363145,283.88658203332,0,167.066576495979,320.356811100276,146.465927798921,329.719143597451,0,0,0,0,0,220.963068032256,0,0,325.937289045041,151.075371308616,178.683678585178,0,223.705816669619
0,0,0,0,0,0,0,0,172.608400267715,0,0,80.4367166559625,0,0,0,0,101.895308036513,0,0,0,0,0,161.694997919804,0,0,0,0,206.472608421747,0,0,0,0,0,276.620869034647,114.649126378906,180.355266595273,82.6299537488922,0,0,74.7304794244225,321.124897279917
0,0,0,0,0,0,0,0,0,0,0,0,0,0,0,0,0,193.659409924573,0,158.567996645797,0,0,0,141.204637091722,0,108.381749703452,0,0,0,0,0,0,0,128.846764897717,0,0,178.224497384947,0,0,0,0
242.790381480436,111.226326353722,0,0,0,0,0,0,0,0,89.1590885155172,0,0,0,241.682021696872,0,0,0,0,0,0,0,0,125.994729980093,75.4497121078207,0,0,251.098274723989,0,0,0,0,0,348.674510760064,0,0,78.9559315574845,0,93.4234866874731,165.597665022977,0
0,0,0,0,0,61.0664810463559,0,0,0,0,0,85.7623170715703,0,0,0,335.371040201042,0,0,0,0,0,0,0,0,0,0,0,0,0,0,0,0,0,0,0,0,179.718364159796,0,0,0,228.075434767255
94.9380989123498,0,0,0,0,94.7280504127031,0,137.189596148386,173.059382066957,0,314.611698427915,62.859596780235,136.685314494491,0,187.77054666536,0,338.131802716296,0,115.541295036174,66.5008477853491,0,0,249.798812580765,154.142998692322,218.045528847001,162.833808134102,232.945974238958,178.748963182352,220.963068032256,276.620869034647,128.846764897717,348.674510760064,0,0,226.825099357786,0,101.605593487621,180.543851962045,195.378266313867,97.3232815600345,0
0,214.116367924649,0,62.311273509377,137.239127032733,173.001559092555,124.853650664477,89.9429017381717,250.461724766314,0,0,106.128596538706,0,0,168.241326865882,0,122.106946855269,128.530575464043,93.5029580098427,199.492852797962,205.09013266389,154.070293657878,357.423078228283,97.5855511246009,0,283.248188884028,0,0,0,114.649126378906,0,0,0,226.825099357786,0,0,153.453047983244,225.013371621378,138.425725342224,73.4795582048751,193.63278243493
0,261.440278806413,195.314816908693,0,0,0,81.2827395071039,0,106.33736463831,0,116.054372245433,186.973586461633,197.893790332676,0,0,0,106.533627130087,222.053792850439,0,116.176698124939,200.878319874537,0,0,306.344527664232,96.7845769653343,0,71.4788760670054,183.786860782462,0,180.355266595273,0,0,0,0,0,0,231.715271819474,106.926813611922,0,154.065933476765,0
219.078548227669,353.822894641502,0,0,155.24952173131,300.031143529538,0,197.486504603685,0,323.781250289068,151.695570509541,67.8267069095267,0,347.376449530863,0,160.537522273714,217.157696745803,125.81518738273,113.144980278377,139.792601838991,94.126460729827,0,0,0,0,111.435629183184,117.208001126138,259.442917595754,325.937289045041,82.6299537488922,178.224497384947,78.9559315574845,179.718364159796,101.605593487621,153.453047983244,231.715271819474,0,241.635434294794,196.04190773555,139.93285932648,151.01089327964
0,0,0,137.177378802006,0,133.218162784108,0,262.382215657622,0,0,0,175.196329314064,0,0,165.893015276821,261.605527103798,0,0,253.401634605989,113.059176128709,101.443495235174,154.784755881607,0,0,0,151.806152521152,89.3673883748406,163.945208919892,151.075371308616,0,0,0,0,180.543851962045,225.013371621378,106.926813611922,241.635434294794,0,0,196.032358954952,94.7529894315991
0,0,0,0,72.2278283150671,0,0,0,0,238.934743274142,0,0,0,0,115.114253591495,0,0,227.504408813069,0,74.4197823064597,0,0,0,139.654362654449,174.013630695256,82.4756938751058,211.840482897052,202.712457066107,178.683678585178,0,0,93.4234866874731,0,195.378266313867,138.425725342224,0,196.04190773555,0,0,0,0
205.183249704085,0,0,115.194491798135,0,0,0,163.059043292369,0,92.5568465385234,161.74915061469,120.912756812582,0,0,206.912707094411,231.050882209,0,0,99.3508940827211,0,136.792307586862,171.906398392157,212.592150359921,115.871357769661,224.523755099568,249.905610015455,161.325017232684,190.185165668632,0,74.7304794244225,0,165.597665022977,0,97.3232815600345,73.4795582048751,154.065933476765,139.93285932648,196.032358954952,0,0,221.805809452716
0,0,0,0,0,0,0,0,303.527509149359,194.442125915551,193.777661225572,321.864157986053,0,289.631679007608,0,0,146.770754374523,204.481117647118,0,0,98.2230592632363,153.609372090384,119.728129215699,119.345624434514,0,142.385058730083,118.522099274347,192.693757128262,223.705816669619,321.124897279917,0,0,228.075434767255,0,193.63278243493,0,151.01089327964,94.7529894315991,0,221.805809452716,0
