0,0,0,0,153.453047983244,0,0,0,0,0,0,0,0,196.04190773555,0,0,0,0,0,0,0,0,0,0,0,0,0,0,0,0,0,190.185165668632,0,153.609372090384,0,0,223.705816669619,0,0,0,151.806152521152
0,0,0,0,0,0,0,0,150.161410108805,0,0,0,0,0,0,135.667029391615,0,0,0,0,0,0,198.964527389285,106.533627130087,0,0,0,0,0,0,198.528111506785,82.1742780037132,0,0,0,0,0,0,0,0,151.075371308616
0,0,0,0,0,0,0,0,0,0,0,137.189596148386,0,0,0,0,0,0,323.781250289068,0,0,0,171.230058197369,0,249.798812580765,0,0,0,0,0,0,0,0,0,0,0,0,0,0,200.878319874537,0
0,0,0,0,0,0,0,0,0,160.530221557972,0,0,111.226326353722,0,146.465927798921,0,0,0,0,0,241.635434294794,0,80.4367166559625,101.443495235174,0,81.2827395071039,0,193.63278243493,0,0,0,0,0,192.135034768848,205.839960264176,0,0,96.5937438588657,78.8552325762656,180.90030328818,0
153.453047983244,0,0,0,0,151.036729364761,0,0,0,0,0,0,0,0,0,0,231.715271819474,0,0,0,138.33942793804,0,0,241.682021696872,0,0,131.969743415579,82.6426202489162,74.4197823064597,0,0,221.805809452716,0,114.649126378906,153.876396855887,0,303.527509149359,135.294330067913,0,0,66.5008477853491
0,0,0,0,151.036729364761,0,103.519938150021,0,0,0,0,137.177378802006,0,0,115.114253591495,0,0,0,0,0,199.492852797962,0,0,115.871357769661,0,217.157696745803,73.4795582048751,0,0,93.5029580098427,142.385058730083,89.3673883748406,0,261.605527103798,128.846764897717,0,206.912707094411,0,0,0,0
0,0,0,0,0,103.519938150021,0,0,0,133.218162784108,204.481117647118,0,0,0,0,0,348.674510760064,100.812745974529,0,159.183173818572,0,0,0,0,0,0,0,0,171.906398392157,195.314816908693,0,101.605593487621,0,224.551207449728,262.382215657622,0,193.055010680236,0,0,113.144980278377,0
0,0,0,0,0,0,0,0,0,62.311273509377,0,0,0,0,276.620869034647,0,0,0,0,133.984214699576,75.4497121078207,0,0,0,175.196329314064,82.4756938751058,191.519780382943,62.859596780235,0,208.005106191961,0,154.784755881607,0,0,0,101.895308036513,134.960780198024,128.530575464043,228.792310020318,74.7304794244225,242.790381480436
0,150.161410108805,0,0,0,0,0,0,0,90.1317194604647,0,0,0,0,0,0,0,155.901486485736,0,321.124897279917,0,0,151.01089327964,136.792307586862,0,0,94.7529894315991,72.2278283150671,0,0,0,0,0,140.574866691684,0,0,251.098274723989,115.194491798135,0,0,0
0,0,0,160.530221557972,0,0,133.218162784108,62.311273509377,90.1317194604647,0,0,193.659409924573,0,0,158.955087279859,0,0,0,0,0,0,0,0,240.185081663983,0,0,347.376449530863,201.44584889478,167.066576495979,0,80.8080171296381,289.631679007608,0,108.381749703452,259.442917595754,0,0,112.793316814908,177.763106506206,98.2230592632363,228.075434767255
0,0,0,0,0,0,204.481117647118,0,0,0,0,0,0,179.718364159796,0,0,154.142998692322,0,0,81.9664354533492,202.712457066107,0,164.032723165762,0,0,0,212.592150359921,314.611698427915,0,0,0,0,0,153.672550905948,196.032358954952,154.070293657878,173.201474590904,165.597665022977,92.3502314520023,143.005810983322,84.3635741045246
0,0,137.189596148386,0,0,137.177378802006,0,0,0,193.659409924573,0,0,0,115.541295036174,148.808626413748,178.224497384947,0,0,141.204637091722,93.4234866874731,0,0,0,0,0,101.350815329073,146.814226519809,193.777661225572,114.511014214502,0,0,0,284.529238481835,74.5815074003433,92.5568465385234,194.442125915551,357.423078228283,115.332064605654,76.5072790361762,220.901129804706,261.440278806413
0,0,0,111.226326353722,0,0,0,0,0,0,0,0,0,0,0,0,0,0,0,0,0,0,0,138.425725342224,0,0,0,232.945974238958,161.325017232684,0,0,0,0,0,0,0,139.93285932648,0,0,225.013371621378,0
196.04190773555,0,0,0,0,0,0,0,0,0,179.718364159796,115.541295036174,0,0,338.131802716296,151.695570509541,0,0,0,206.472608421747,205.09013266389,0,0,0,0,145.74089716123,0,87.8456058929559,173.538155409849,0,0,0,0,333.645516435298,0,227.504408813069,0,124.698445421759,0,0,192.693757128262
0,0,0,146.465927798921,0,115.114253591495,0,276.620869034647,0,158.955087279859,0,148.808626413748,0,338.131802716296,0,0,168.241326865882,120.567029282014,95.7590805983148,0,0,0,329.719143597451,0,0,0,0,139.792601838991,0,0,0,0,0,0,309.997227542691,0,0,0,0,0,0
0,135.667029391615,0,0,0,0,0,0,0,0,0,178.224497384947,0,151.695570509541,0,0,85.7623170715703,0,0,108.136066660554,0,0,0,209.996727521564,0,0,113.059176128709,186.973586461633,249.905610015455,0,0,0,0,161.694997919804,0,0,101.5853655613,0,0,0,0
0,0,0,0,231.715271819474,0,348.674510760064,0,0,0,154.142998692322,0,0,0,168.241326865882,85.7623170715703,0,0,106.33736463831,0,112.349934713559,0,0,0,0,163.059043292369,0,0,0,0,0,0,0,0,0,0,109.093416850988,0,0,0,178.683678585178
0,0,0,0,0,0,100.812745974529,0,155.901486485736,0,0,0,0,0,120.567029282014,0,0,0,0,0,0,0,0,0,94.126460729827,0,0,0,0,0,0,0,0,0,259.055025639447,195.822649557859,61.0664810463559,0,0,238.934743274142,161.275817184598
0,0,323.781250289068,0,0,0,0,0,0,0,0,141.204637091722,0,0,95.7590805983148,0,106.33736463831,0,0,85.6072705949986,0,255.441154257905,0,0,0,169.453147353278,0,0,0,142.054529471577,0,0,0,0,154.065933476765,73.1029054543569,0,71.5579325720569,0,188.851177466023,0
0,0,0,0,0,0,159.183173818572,133.984214699576,321.124897279917,0,81.9664354533492,93.4234866874731,0,206.472608421747,0,108.136066660554,0,0,85.6072705949986,0,0,0,306.640284138334,252.487290983309,0,0,0,0,226.825099357786,118.522099274347,0,98.6790043377568,0,241.57250333243,134.566479261133,0,128.405764333981,0,0,0,224.523755099568
0,0,0,241.635434294794,138.33942793804,199.492852797962,0,75.4497121078207,0,0,202.712457066107,0,0,205.09013266389,0,0,112.349934713559,0,0,0,0,0,0,0,0,0,353.822894641502,0,0,0,0,119.728129215699,0,124.853650664477,0,0,220.963068032256,195.378266313867,0,0,192.601533877686
0,0,0,0,0,0,0,0,0,0,0,0,0,0,0,0,0,0,255.441154257905,0,0,0,0,211.840482897052,0,0,0,280.376028997576,321.864157986053,0,0,0,0,111.435629183184,0,186.348837226466,0,0,137.239127032733,89.707245288964,0
0,198.964527389285,171.230058197369,80.4367166559625,0,0,0,0,151.01089327964,0,164.032723165762,0,0,0,329.719143597451,0,0,0,0,306.640284138334,0,0,0,0,0,165.893015276821,0,97.3232815600345,146.99041817625,0,0,0,0,0,236.681907140956,78.9559315574845,205.183249704085,0,163.945208919892,0,178.748963182352
0,106.533627130087,0,101.443495235174,241.682021696872,115.871357769661,0,0,136.792307586862,240.185081663983,0,0,138.425725342224,0,0,209.996727521564,0,0,0,252.487290983309,0,211.840482897052,0,0,0,219.430938885781,0,0,94.8881692391942,335.371040201042,0,0,0,283.248188884028,99.3508940827211,183.786860782462,161.302948562323,0,0,97.5855511246009,92.5207898118833
0,0,249.798812580765,0,0,0,0,175.196329314064,0,0,0,0,0,0,0,0,0,94.126460729827,0,0,0,0,0,0,0,0,204.084074037941,125.994729980093,0,0,0,0,0,253.401634605989,0,0,172.608400267715,173.059382066957,188.936291522747,157.852515740516,0
0,0,0,81.2827395071039,0,217.157696745803,0,82.4756938751058,0,0,0,101.350815329073,0,145.74089716123,0,0,163.059043292369,0,169.453147353278,0,0,0,165.893015276821,219.430938885781,0,0,125.416941482916,160.537522273714,180.543851962045,136.685314494491,0,174.013630695256,0,201.100640800745,161.74915061469,67.8267069095267,306.344527664232,0,94.7280504127031,162.833808134102,0
0,0,0,0,131.969743415579,73.4795582048751,0,191.519780382943,94.7529894315991,347.376449530863,212.592150359921,146.814226519809,0,0,0,113.059176128709,0,0,0,0,353.822894641502,0,0,0,204.084074037941,125.416941482916,0,169.742003380707,213.67670887414,0,0,0,0,0,122.106946855269,263.534399241887,125.81518738273,184.249961885477,320.356811100276,139.654362654449,99.2646516363145
0,0,0,193.63278243493,82.6426202489162,0,0,62.859596780235,72.2278283150671,201.44584889478,314.611698427915,193.777661225572,232.945974238958,87.8456058929559,139.792601838991,186.973586461633,0,0,0,0,0,280.376028997576,97.3232815600345,0,125.994729980093,160.537522273714,169.742003380707,0,89.1590885155172,82.6299537488922,0,0,94.027247878695,215.611029055736,219.078548227669,173.001559092555,181.316358113209,106.926813611922,58.3493451392805,197.893790332676,71.4788760670054
0,0,0,0,74.4197823064597,0,171.906398392157,0,0,167.066576495979,0,114.511014214502,161.325017232684,173.538155409849,0,249.905610015455,0,0,0,226.825099357786,0,321.864157986053,146.99041817625,94.8881692391942,0,180.543851962045,213.67670887414,89.1590885155172,0,0,0,0,0,70.4221432298295,300.031143529538,101.85207633558,110.384905066973,0,104.915316975638,89.9429017381717,97.3506957544063
0,0,0,0,0,93.5029580098427,195.314816908693,208.005106191961,0,0,0,0,0,0,0,0,0,0,142.054529471577,118.522099274347,0,0,0,335.371040201042,0,136.685314494491,0,82.6299537488922,0,0,0,0,0,0,158.567996645797,0,222.053792850439,96.7845769653343,0,0,0
0,198.528111506785,0,0,0,142.385058730083,0,0,0,80.8080171296381,0,0,0,0,0,0,0,0,0,0,0,0,0,0,0,0,0,0,0,0,0,0,0,231.050882209,0,0,116.054372245433,0,0,187.77054666536,0
190.185165668632,82.1742780037132,0,0,221.805809452716,89.3673883748406,101.605593487621,154.784755881607,0,289.631679007608,0,0,0,0,0,0,0,0,0,98.6790043377568,119.728129215699,0,0,0,0,174.013630695256,0,0,0,0,0,0,0,116.176698124939,0,0,0,0,0,0,0
0,0,0,0,0,0,0,0,0,0,0,284.529238481835,0,0,0,0,0,0,0,0,0,0,0,0,0,0,0,94.027247878695,0,0,0,0,0,0,0,218.045528847001,106.128596538706,0,0,172.892533368851,0
153.609372090384,0,0,192.135034768848,114.649126378906,261.605527103798,224.551207449728,0,140.574866691684,108.381749703452,153.672550905948,74.5815074003433,0,333.645516435298,0,161.694997919804,0,0,0,241.57250333243,124.853650664477,111.435629183184,0,283.248188884028,253.401634605989,201.100640800745,0,215.611029055736,70.4221432298295,0,231.050882209,116.176698124939,0,0,283.88658203332,94.9380989123498,325.937289045041,120.912756812582,0,247.66948903751,0
0,0,0,205.839960264176,153.876396855887,128.846764897717,262.382215657622,0,0,259.442917595754,196.032358954952,92.5568465385234,0,0,309.997227542691,0,0,259.055025639447,154.065933476765,134.566479261133,0,0,236.681907140956,99.3508940827211,0,161.74915061469,122.106946855269,219.078548227669,300.031143529538,158.567996645797,0,0,0,283.88658203332,0,115.868441404982,345.797434674459,104.369974912428,146.770754374523,112.823430872325,197.486504603685
0,0,0,0,0,0,0,101.895308036513,0,0,154.070293657878,194.442125915551,0,227.504408813069,0,0,0,195.822649557859,73.1029054543569,0,0,186.348837226466,78.9559315574845,183.786860782462,0,67.8267069095267,263.534399241887,173.001559092555,101.85207633558,0,0,0,218.045528847001,94.9380989123498,115.868441404982,0,0,180.355266595273,0,155.24952173131,269.936825670274
223.705816669619,0,0,0,303.527509149359,206.912707094411,193.055010680236,134.960780198024,251.098274723989,0,173.201474590904,357.423078228283,139.93285932648,0,0,101.5853655613,109.093416850988,61.0664810463559,0,128.405764333981,220.963068032256,0,205.183249704085,161.302948562323,172.608400267715,306.344527664232,125.81518738273,181.316358113209,110.384905066973,222.053792850439,116.054372245433,0,106.128596538706,325.937289045041,345.797434674459,0,0,119.345624434514,219.040656038919,117.208001126138,98.417953423071
0,0,0,96.5937438588657,135.294330067913,0,0,128.530575464043,115.194491798135,112.793316814908,165.597665022977,115.332064605654,0,124.698445421759,0,0,0,0,71.5579325720569,0,195.378266313867,0,0,0,173.059382066957,0,184.249961885477,106.926813611922,0,96.7845769653343,0,0,0,120.912756812582,104.369974912428,180.355266595273,119.345624434514,0,90.7216186966914,250.461724766314,0
0,0,0,78.8552325762656,0,0,0,228.792310020318,0,177.763106506206,92.3502314520023,76.5072790361762,0,0,0,0,0,0,0,0,0,137.239127032733,163.945208919892,0,188.936291522747,94.7280504127031,320.356811100276,58.3493451392805,104.915316975638,0,0,0,0,0,146.770754374523,0,219.040656038919,90.7216186966914,0,0,0
0,0,200.878319874537,180.90030328818,0,0,113.144980278377,74.7304794244225,0,98.2230592632363,143.005810983322,220.901129804706,225.013371621378,0,0,0,0,238.934743274142,188.851177466023,0,0,89.707245288964,0,97.5855511246009,157.852515740516,162.833808134102,139.654362654449,197.893790332676,89.9429017381717,0,187.77054666536,0,172.892533368851,247.66948903751,112.823430872325,155.24952173131,117.208001126138,250.461724766314,0,0,214.116367924649
151.806152521152,151.075371308616,0,0,66.5008477853491,0,0,242.790381480436,0,228.075434767255,84.3635741045246,261.440278806413,0,192.693757128262,0,0,178.683678585178,161.275817184598,0,224.523755099568,192.601533877686,0,178.748963182352,92.5207898118833,0,0,99.2646516363145,71.4788760670054,97.3506957544063,0,0,0,0,0,197.486504603685,269.936825670274,98.417953423071,0,0,214.116367924649,0
