0,0,0,0,0,0,0,0,0,0,0,0,134.566479261133,0,0,0,0,0,0,0,0,0,0,75.4497121078207,0,0,0,195.314816908693,269.936825670274,0,0,0,0,0,92.3502314520023,0,0,0,0,0,155.24952173131
0,0,0,0,0,0,0,0,0,0,208.005106191961,192.693757128262,0,0,0,0,0,0,151.036729364761,0,0,0,0,0,0,338.131802716296,212.592150359921,0,0,0,0,0,0,99.2646516363145,0,0,98.417953423071,0,0,0,0
0,0,0,0,0,0,0,0,0,0,0,0,0,0,0,0,167.066576495979,0,0,0,0,0,0,0,0,0,0,0,0,0,0,190.185165668632,0,0,135.294330067913,201.44584889478,169.453147353278,0,0,0,0
0,0,0,0,159.183173818572,151.806152521152,0,0,136.685314494491,0,0,82.1742780037132,0,71.4788760670054,139.654362654449,0,0,0,0,95.7590805983148,0,0,0,0,0,89.3673883748406,0,180.543851962045,0,0,0,128.846764897717,0,0,0,0,0,0,321.864157986053,78.8552325762656,112.823430872325
0,0,0,159.183173818572,0,0,0,146.814226519809,0,325.937289045041,0,0,0,93.5029580098427,0,0,0,0,0,0,0,0,0,138.33942793804,0,89.9429017381717,0,173.001559092555,252.487290983309,120.567029282014,0,0,0,135.667029391615,163.059043292369,0,0,104.369974912428,0,96.7845769653343,204.481117647118
0,0,0,151.806152521152,0,0,0,111.435629183184,0,133.218162784108,0,0,0,116.054372245433,0,0,0,0,137.189596148386,0,0,0,171.230058197369,0,0,0,0,321.124897279917,0,250.461724766314,0,0,0,113.059176128709,85.6072705949986,141.204637091722,111.226326353722,85.7623170715703,0,261.440278806413,0
0,0,0,0,0,0,0,154.784755881607,0,0,97.5855511246009,333.645516435298,0,0,0,0,0,146.770754374523,151.695570509541,0,0,0,0,154.070293657878,0,0,0,0,94.8881692391942,0,0,0,0,151.01089327964,73.4795582048751,0,0,108.136066660554,106.128596538706,116.176698124939,236.681907140956
0,0,0,0,146.814226519809,111.435629183184,154.784755881607,0,0,80.4367166559625,0,213.67670887414,0,94.9380989123498,0,0,0,0,0,219.040656038919,276.620869034647,0,0,139.792601838991,0,329.719143597451,0,0,84.3635741045246,0,0,0,0,206.472608421747,0,253.401634605989,0,191.519780382943,148.808626413748,323.781250289068,0
0,0,0,136.685314494491,0,0,0,0,0,228.792310020318,143.005810983322,0,0,0,0,0,139.93285932648,0,0,0,0,0,194.442125915551,0,0,0,151.075371308616,225.013371621378,206.912707094411,0,0,0,0,0,0,0,118.522099274347,0,314.611698427915,0,115.114253591495
0,0,0,0,325.937289045041,133.218162784108,0,80.4367166559625,228.792310020318,0,183.786860782462,177.763106506206,0,211.840482897052,106.533627130087,221.805809452716,0,0,188.851177466023,231.715271819474,0,0,0,0,0,0,238.934743274142,199.492852797962,0,0,0,115.332064605654,0,0,146.465927798921,0,219.430938885781,220.963068032256,184.249961885477,0,0
0,208.005106191961,0,0,0,0,97.5855511246009,0,143.005810983322,183.786860782462,0,0,0,303.527509149359,193.055010680236,0,0,0,0,231.050882209,171.906398392157,0,125.81518738273,124.698445421759,0,87.8456058929559,0,0,0,0,0,247.66948903751,0,0,0,193.659409924573,0,74.7304794244225,0,161.74915061469,99.3508940827211
0,192.693757128262,0,82.1742780037132,0,0,333.645516435298,213.67670887414,0,177.763106506206,0,0,0,0,259.055025639447,0,0,90.7216186966914,242.790381480436,0,179.718364159796,115.871357769661,309.997227542691,220.901129804706,0,120.912756812582,0,178.683678585178,348.674510760064,81.9664354533492,0,0,0,0,93.4234866874731,0,58.3493451392805,180.355266595273,0,161.275817184598,173.201474590904
134.566479261133,0,0,0,0,0,0,0,0,0,0,0,0,0,0,0,0,0,0,0,0,0,0,0,0,0,353.822894641502,357.423078228283,240.185081663983,0,0,0,0,0,345.797434674459,0,110.384905066973,0,0,0,0
0,0,0,71.4788760670054,93.5029580098427,116.054372245433,0,94.9380989123498,0,211.840482897052,303.527509149359,0,0,0,0,101.605593487621,0,0,0,0,0,0,188.936291522747,0,0,0,202.712457066107,0,161.325017232684,0,0,81.2827395071039,0,0,71.5579325720569,66.5008477853491,0,227.504408813069,0,0,0
0,0,0,139.654362654449,0,0,0,0,0,106.533627130087,193.055010680236,259.055025639447,0,0,0,0,0,0,0,0,0,0,0,0,98.2230592632363,97.3506957544063,0,114.511014214502,0,0,0,224.551207449728,0,158.567996645797,131.969743415579,223.705816669619,224.523755099568,0,0,0,0
0,0,0,0,0,0,0,0,0,221.805809452716,0,0,0,101.605593487621,0,0,0,0,0,0,0,0,76.5072790361762,0,0,0,175.196329314064,94.027247878695,0,0,283.88658203332,0,0,136.792307586862,90.1317194604647,289.631679007608,181.316358113209,228.075434767255,0,0,0
0,0,167.066576495979,0,0,0,0,0,139.93285932648,0,0,0,0,0,0,0,0,0,0,133.984214699576,0,0,0,0,174.013630695256,0,153.453047983244,0,0,0,0,0,0,117.208001126138,0,219.078548227669,124.853650664477,284.529238481835,205.839960264176,0,0
0,0,0,0,0,0,146.770754374523,0,0,0,0,90.7216186966914,0,0,0,0,0,0,0,0,74.4197823064597,0,138.425725342224,263.534399241887,0,0,0,261.605527103798,0,0,0,0,137.177378802006,0,0,0,0,0,0,205.09013266389,193.63278243493
0,151.036729364761,0,0,0,137.189596148386,151.695570509541,0,0,188.851177466023,0,242.790381480436,0,0,0,0,0,0,0,0,125.994729980093,0,78.9559315574845,0,0,0,0,0,0,0,0,0,0,262.382215657622,82.6299537488922,0,195.378266313867,0,0,160.537522273714,89.1590885155172
0,0,0,95.7590805983148,0,0,0,219.040656038919,0,231.715271819474,231.050882209,0,0,0,0,0,133.984214699576,0,0,0,0,0,0,122.106946855269,217.157696745803,125.416941482916,115.868441404982,165.597665022977,192.135034768848,0,0,101.5853655613,0,187.77054666536,0,259.442917595754,164.032723165762,104.915316975638,97.3232815600345,0,0
0,0,0,0,0,0,0,276.620869034647,0,0,171.906398392157,179.718364159796,0,0,0,0,0,74.4197823064597,125.994729980093,0,0,0,0,0,0,0,165.893015276821,113.144980278377,192.601533877686,0,0,222.053792850439,94.126460729827,128.405764333981,0,0,241.635434294794,0,0,193.777661225572,0
0,0,0,0,0,0,0,0,0,0,0,115.871357769661,0,0,0,0,0,0,0,0,0,0,0,0,0,0,160.530221557972,0,0,119.728129215699,0,92.5568465385234,0,186.973586461633,0,0,306.344527664232,112.793316814908,0,94.7529894315991,0
0,0,0,0,0,171.230058197369,0,0,194.442125915551,0,125.81518738273,309.997227542691,0,188.936291522747,0,76.5072790361762,0,138.425725342224,78.9559315574845,0,0,0,0,0,0,154.065933476765,0,172.608400267715,0,0,0,0,0,168.241326865882,204.084074037941,0,172.892533368851,101.85207633558,0,80.8080171296381,0
75.4497121078207,0,0,0,138.33942793804,0,154.070293657878,139.792601838991,0,0,124.698445421759,220.901129804706,0,0,0,0,0,263.534399241887,0,122.106946855269,0,0,0,0,0,0,0,198.528111506785,178.748963182352,162.833808134102,0,0,0,197.893790332676,283.248188884028,209.996727521564,205.183249704085,197.486504603685,145.74089716123,67.8267069095267,101.350815329073
0,0,0,0,0,0,0,0,0,0,0,0,0,0,98.2230592632363,0,174.013630695256,0,0,217.157696745803,0,0,0,0,0,89.707245288964,0,74.5815074003433,0,0,0,0,0,146.99041817625,178.224497384947,0,0,198.964527389285,0,173.538155409849,61.0664810463559
0,338.131802716296,0,89.3673883748406,89.9429017381717,0,0,329.719143597451,0,0,87.8456058929559,120.912756812582,0,0,97.3506957544063,0,0,0,0,125.416941482916,0,0,154.065933476765,0,89.707245288964,0,196.04190773555,300.031143529538,115.541295036174,62.859596780235,0,0,0,106.33736463831,0,142.385058730083,232.945974238958,0,226.825099357786,73.1029054543569,163.945208919892
0,212.592150359921,0,0,0,0,0,0,151.075371308616,238.934743274142,0,0,353.822894641502,202.712457066107,0,175.196329314064,153.453047983244,0,0,115.868441404982,165.893015276821,160.530221557972,0,0,0,196.04190773555,0,72.2278283150671,195.822649557859,0,103.519938150021,0,0,98.6790043377568,173.059382066957,109.093416850988,154.142998692322,214.116367924649,0,161.694997919804,0
195.314816908693,0,0,180.543851962045,173.001559092555,321.124897279917,0,0,225.013371621378,199.492852797962,0,178.683678585178,357.423078228283,0,114.511014214502,94.027247878695,0,261.605527103798,0,165.597665022977,113.144980278377,0,172.608400267715,198.528111506785,74.5815074003433,300.031143529538,72.2278283150671,0,153.672550905948,0,306.640284138334,0,0,101.443495235174,153.609372090384,0,100.812745974529,180.90030328818,201.100640800745,119.345624434514,94.7280504127031
269.936825670274,0,0,0,252.487290983309,0,94.8881692391942,84.3635741045246,206.912707094411,0,0,348.674510760064,240.185081663983,161.325017232684,0,0,0,0,0,192.135034768848,192.601533877686,0,0,178.748963182352,0,115.541295036174,195.822649557859,153.672550905948,0,62.311273509377,0,0,0,70.4221432298295,153.876396855887,0,335.371040201042,0,255.441154257905,106.926813611922,215.611029055736
0,0,0,0,120.567029282014,250.461724766314,0,0,0,0,0,81.9664354533492,0,0,0,0,0,0,0,0,0,119.728129215699,0,162.833808134102,0,62.859596780235,0,0,62.311273509377,0,0,0,0,0,0,249.905610015455,241.57250333243,0,0,320.356811100276,128.530575464043
0,0,0,0,0,0,0,0,0,0,0,0,0,0,0,283.88658203332,0,0,0,0,0,0,0,0,0,0,103.519938150021,306.640284138334,0,0,0,200.878319874537,0,0,0,0,158.955087279859,0,0,0,82.4756938751058
0,0,190.185165668632,128.846764897717,0,0,0,0,0,115.332064605654,247.66948903751,0,0,81.2827395071039,224.551207449728,0,0,0,0,101.5853655613,222.053792850439,92.5568465385234,0,0,0,0,0,0,0,0,200.878319874537,0,0,0,0,0,114.649126378906,0,0,0,0
0,0,0,0,0,0,0,0,0,0,0,0,0,0,0,0,0,137.177378802006,0,0,94.126460729827,0,0,0,0,0,0,0,0,0,0,0,0,0,140.574866691684,82.6426202489162,0,0,0,196.032358954952,0
0,99.2646516363145,0,0,135.667029391615,113.059176128709,151.01089327964,206.472608421747,0,0,0,0,0,0,158.567996645797,136.792307586862,117.208001126138,0,262.382215657622,187.77054666536,128.405764333981,186.973586461633,168.241326865882,197.893790332676,146.99041817625,106.33736463831,98.6790043377568,101.443495235174,70.4221432298295,0,0,0,0,0,347.376449530863,150.161410108805,92.5207898118833,186.348837226466,137.239127032733,161.302948562323,280.376028997576
92.3502314520023,0,135.294330067913,0,163.059043292369,85.6072705949986,73.4795582048751,0,0,146.465927798921,0,93.4234866874731,345.797434674459,71.5579325720569,131.969743415579,90.1317194604647,0,0,82.6299537488922,0,0,0,204.084074037941,283.248188884028,178.224497384947,0,173.059382066957,153.609372090384,153.876396855887,0,0,0,140.574866691684,347.376449530863,0,108.381749703452,115.194491798135,101.895308036513,169.742003380707,0,241.682021696872
0,0,201.44584889478,0,0,141.204637091722,0,253.401634605989,0,0,193.659409924573,0,0,66.5008477853491,223.705816669619,289.631679007608,219.078548227669,0,0,259.442917595754,0,0,0,209.996727521564,0,142.385058730083,109.093416850988,0,0,249.905610015455,0,0,82.6426202489162,150.161410108805,108.381749703452,0,157.852515740516,0,0,249.798812580765,112.349934713559
0,98.417953423071,169.453147353278,0,0,111.226326353722,0,0,118.522099274347,219.430938885781,0,58.3493451392805,110.384905066973,0,224.523755099568,181.316358113209,124.853650664477,0,195.378266313867,164.032723165762,241.635434294794,306.344527664232,172.892533368851,205.183249704085,0,232.945974238958,154.142998692322,100.812745974529,335.371040201042,241.57250333243,158.955087279859,114.649126378906,0,92.5207898118833,115.194491798135,157.852515740516,0,218.045528847001,96.5937438588657,134.960780198024,155.901486485736
0,0,0,0,104.369974912428,85.7623170715703,108.136066660554,191.519780382943,0,220.963068032256,74.7304794244225,180.355266595273,0,227.504408813069,0,228.075434767255,284.529238481835,0,0,104.915316975638,0,112.793316814908,101.85207633558,197.486504603685,198.964527389285,0,214.116367924649,180.90030328818,0,0,0,0,0,186.348837226466,101.895308036513,0,218.045528847001,0,0,0,0
0,0,0,321.864157986053,0,0,106.128596538706,148.808626413748,314.611698427915,184.249961885477,0,0,0,0,0,0,205.839960264176,0,0,97.3232815600345,0,0,0,145.74089716123,0,226.825099357786,0,201.100640800745,255.441154257905,0,0,0,0,137.239127032733,169.742003380707,0,96.5937438588657,0,0,142.054529471577,0
0,0,0,78.8552325762656,96.7845769653343,261.440278806413,116.176698124939,323.781250289068,0,0,161.74915061469,161.275817184598,0,0,0,0,0,205.09013266389,160.537522273714,0,193.777661225572,94.7529894315991,80.8080171296381,67.8267069095267,173.538155409849,73.1029054543569,161.694997919804,119.345624434514,106.926813611922,320.356811100276,0,0,196.032358954952,161.302948562323,0,249.798812580765,134.960780198024,0,142.054529471577,0,251.098274723989
155.24952173131,0,0,112.823430872325,204.481117647118,0,236.681907140956,0,115.114253591495,0,99.3508940827211,173.201474590904,0,0,0,0,0,193.63278243493,89.1590885155172,0,0,0,0,101.350815329073,61.0664810463559,163.945208919892,0,94.7280504127031,215.611029055736,128.530575464043,82.4756938751058,0,0,280.376028997576,241.682021696872,112.349934713559,155.901486485736,0,0,251.098274723989,0
