0,0,0,0,0,0,0,0,213.67670887414,0,0,0,0,0,0,0,220.963068032256,0,0,0,0,0,0,0,0,0,0,0,0,201.44584889478,0,215.611029055736,0,122.106946855269,0,0,0,0,0,188.936291522747,0
0,0,0,0,0,0,0,0,0,0,0,0,0,137.177378802006,0,0,0,224.523755099568,0,177.763106506206,0,128.846764897717,0,0,0,0,333.645516435298,0,0,0,0,0,0,345.797434674459,0,193.777661225572,0,0,0,0,0
0,0,0,0,0,0,0,0,0,0,0,0,0,0,0,0,0,0,0,0,0,0,0,263.534399241887,0,0,0,0,0,0,0,0,0,155.901486485736,0,202.712457066107,172.892533368851,0,0,0,115.541295036174
0,0,0,0,0,103.519938150021,0,0,0,0,0,183.786860782462,0,0,0,0,0,0,98.2230592632363,0,0,0,0,0,151.806152521152,0,81.2827395071039,135.294330067913,161.694997919804,0,0,0,0,280.376028997576,92.5568465385234,0,196.032358954952,100.812745974529,0,198.964527389285,120.567029282014
0,0,0,0,0,0,214.116367924649,0,0,204.084074037941,0,0,0,232.945974238958,0,81.9664354533492,0,0,0,0,0,0,154.070293657878,0,93.5029580098427,115.871357769661,120.912756812582,0,169.453147353278,0,74.4197823064597,0,0,151.01089327964,0,82.6426202489162,111.226326353722,0,101.85207633558,0,0
0,0,0,103.519938150021,0,0,0,119.728129215699,0,0,338.131802716296,205.839960264176,0,0,171.906398392157,58.3493451392805,0,0,0,0,0,0,0,148.808626413748,0,0,0,0,0,262.382215657622,0,0,0,146.99041817625,101.443495235174,97.3506957544063,115.114253591495,0,92.3502314520023,0,89.3673883748406
0,0,0,0,214.116367924649,0,0,150.161410108805,99.2646516363145,0,0,0,0,0,0,0,165.597665022977,0,0,0,0,0,0,314.611698427915,0,0,94.027247878695,78.8552325762656,145.74089716123,0,0,0,0,0,117.208001126138,0,194.442125915551,0,259.055025639447,218.045528847001,101.350815329073
0,0,0,0,0,119.728129215699,150.161410108805,0,0,0,178.748963182352,0,269.936825670274,153.609372090384,0,0,0,0,0,0,0,0,151.695570509541,153.672550905948,0,0,0,0,125.994729980093,321.124897279917,0,0,0,106.128596538706,225.013371621378,222.053792850439,0,85.6072705949986,197.893790332676,198.528111506785,181.316358113209
213.67670887414,0,0,0,0,0,99.2646516363145,0,0,241.682021696872,0,0,0,0,0,0,0,161.302948562323,0,0,0,0,171.230058197369,0,154.065933476765,160.537522273714,0,329.719143597451,0,0,0,76.5072790361762,0,0,0,0,249.798812580765,0,0,74.5815074003433,0
0,0,0,0,204.084074037941,0,0,0,241.682021696872,0,155.24952173131,72.2278283150671,0,0,0,0,0,188.851177466023,0,195.822649557859,0,0,99.3508940827211,228.075434767255,0,0,146.814226519809,163.945208919892,0,0,128.530575464043,0,0,95.7590805983148,0,228.792310020318,136.685314494491,108.381749703452,73.4795582048751,160.530221557972,96.7845769653343
0,0,0,0,0,338.131802716296,0,178.748963182352,0,155.24952173131,0,146.770754374523,0,289.631679007608,0,0,0,0,0,0,0,0,206.912707094411,238.934743274142,0,186.973586461633,101.5853655613,161.275817184598,0,0,251.098274723989,0,0,217.157696745803,162.833808134102,0,84.3635741045246,0,94.126460729827,0,241.635434294794
0,0,0,183.786860782462,0,205.839960264176,0,0,0,72.2278283150671,146.770754374523,0,0,0,179.718364159796,0,157.852515740516,101.605593487621,125.81518738273,80.8080171296381,161.325017232684,0,0,109.093416850988,0,0,106.533627130087,138.425725342224,112.793316814908,224.551207449728,0,0,0,165.893015276821,261.605527103798,0,226.825099357786,199.492852797962,212.592150359921,0,219.430938885781
0,0,0,0,0,0,0,269.936825670274,0,0,0,0,0,0,0,0,0,0,0,0,0,0,0,0,0,0,173.001559092555,0,0,0,0,0,0,139.93285932648,231.050882209,115.332064605654,211.840482897052,0,0,0,0
0,137.177378802006,0,0,232.945974238958,0,0,153.609372090384,0,0,289.631679007608,0,0,0,0,0,283.88658203332,0,0,98.6790043377568,62.311273509377,0,82.6299537488922,0,151.036729364761,89.707245288964,0,114.511014214502,0,0,0,0,0,0,125.416941482916,0,0,175.196329314064,0,128.405764333981,0
0,0,0,0,0,171.906398392157,0,0,0,0,0,179.718364159796,0,0,0,0,0,0,0,0,193.63278243493,0,0,0,0,106.33736463831,71.5579325720569,193.055010680236,0,0,0,0,0,0,75.4497121078207,161.74915061469,62.859596780235,241.57250333243,227.504408813069,87.8456058929559,0
0,0,0,0,81.9664354533492,58.3493451392805,0,0,0,0,0,0,0,0,0,0,0,0,112.823430872325,0,0,0,0,89.9429017381717,0,0,0,140.574866691684,169.742003380707,0,0,151.075371308616,0,0,303.527509149359,172.608400267715,0,115.194491798135,0,136.792307586862,0
220.963068032256,0,0,0,0,0,165.597665022977,0,0,0,0,157.852515740516,0,283.88658203332,0,0,0,0,0,0,0,0,221.805809452716,0,0,116.054372245433,0,0,97.5855511246009,191.519780382943,0,0,0,0,143.005810983322,0,133.984214699576,0,0,0,0
0,224.523755099568,0,0,0,0,0,0,161.302948562323,188.851177466023,0,101.605593487621,0,0,0,0,0,0,0,0,0,0,0,89.1590885155172,0,0,0,158.567996645797,96.5937438588657,0,0,0,0,0,0,168.241326865882,0,0,0,197.486504603685,0
0,0,0,98.2230592632363,0,0,0,0,0,0,0,125.81518738273,0,0,0,112.823430872325,0,0,0,116.176698124939,205.183249704085,0,219.078548227669,0,0,118.522099274347,0,0,101.895308036513,0,0,0,0,0,0,85.7623170715703,0,158.955087279859,111.435629183184,138.33942793804,0
0,177.763106506206,0,0,0,0,0,0,0,195.822649557859,0,80.8080171296381,0,98.6790043377568,0,0,0,0,116.176698124939,0,0,139.654362654449,0,0,206.472608421747,78.9559315574845,236.681907140956,131.969743415579,357.423078228283,133.218162784108,0,0,0,190.185165668632,159.183173818572,0,61.0664810463559,104.369974912428,0,0,164.032723165762
0,0,0,0,0,0,0,0,0,0,0,161.325017232684,0,62.311273509377,193.63278243493,0,0,0,205.183249704085,0,0,0,0,0,0,173.538155409849,94.9380989123498,134.566479261133,0,0,0,124.853650664477,0,153.453047983244,353.822894641502,0,204.481117647118,309.997227542691,0,0,154.142998692322
0,128.846764897717,0,0,0,0,0,0,0,0,0,0,0,0,0,0,0,0,0,139.654362654449,0,0,0,0,0,0,240.185081663983,347.376449530863,0,0,0,0,0,306.344527664232,0,0,124.698445421759,0,0,135.667029391615,255.441154257905
0,0,0,0,154.070293657878,0,0,151.695570509541,171.230058197369,99.3508940827211,206.912707094411,0,0,82.6299537488922,0,0,221.805809452716,0,219.078548227669,0,0,0,0,70.4221432298295,0,196.04190773555,0,113.144980278377,321.864157986053,0,0,0,195.378266313867,0,173.201474590904,0,174.013630695256,0,0,0,0
0,0,263.534399241887,0,0,148.808626413748,314.611698427915,153.672550905948,0,228.075434767255,238.934743274142,109.093416850988,0,0,0,89.9429017381717,0,89.1590885155172,0,0,0,0,70.4221432298295,0,0,66.5008477853491,0,348.674510760064,0,0,0,0,0,90.7216186966914,201.100640800745,192.693757128262,325.937289045041,0,209.996727521564,106.926813611922,247.66948903751
0,0,0,151.806152521152,93.5029580098427,0,0,0,154.065933476765,0,0,0,0,151.036729364761,0,0,0,0,0,206.472608421747,0,0,0,0,0,0,0,0,90.1317194604647,0,0,0,139.792601838991,178.224497384947,0,113.059176128709,0,0,0,163.059043292369,0
0,0,0,0,115.871357769661,0,0,0,160.537522273714,0,186.973586461633,0,0,89.707245288964,106.33736463831,0,116.054372245433,0,118.522099274347,78.9559315574845,173.538155409849,0,196.04190773555,66.5008477853491,0,0,67.8267069095267,92.5207898118833,223.705816669619,0,0,276.620869034647,0,134.960780198024,137.239127032733,0,112.349934713559,0,0,219.040656038919,104.915316975638
0,333.645516435298,0,81.2827395071039,120.912756812582,0,94.027247878695,0,0,146.814226519809,101.5853655613,106.533627130087,173.001559092555,0,71.5579325720569,0,0,0,0,236.681907140956,94.9380989123498,240.185081663983,0,0,0,67.8267069095267,0,73.1029054543569,0,0,0,0,0,153.876396855887,93.4234866874731,98.417953423071,142.385058730083,0,154.784755881607,0,180.543851962045
0,0,0,135.294330067913,0,0,78.8552325762656,0,329.719143597451,163.945208919892,161.275817184598,138.425725342224,0,114.511014214502,193.055010680236,140.574866691684,0,158.567996645797,0,131.969743415579,134.566479261133,347.376449530863,113.144980278377,348.674510760064,0,92.5207898118833,73.1029054543569,0,80.4367166559625,250.461724766314,306.640284138334,0,0,242.790381480436,320.356811100276,115.868441404982,186.348837226466,205.09013266389,0,178.683678585178,195.314816908693
0,0,0,161.694997919804,169.453147353278,0,145.74089716123,125.994729980093,0,0,0,112.793316814908,0,0,0,169.742003380707,97.5855511246009,96.5937438588657,101.895308036513,357.423078228283,0,0,321.864157986053,0,90.1317194604647,223.705816669619,0,80.4367166559625,0,0,252.487290983309,0,253.401634605989,108.136066660554,187.77054666536,0,335.371040201042,0,0,74.7304794244225,82.4756938751058
201.44584889478,0,0,0,0,262.382215657622,0,321.124897279917,0,0,0,224.551207449728,0,0,0,0,191.519780382943,0,0,133.218162784108,0,0,0,0,0,0,0,250.461724766314,0,0,0,0,0,97.3232815600345,110.384905066973,0,200.878319874537,284.529238481835,0,0,0
0,0,0,0,74.4197823064597,0,0,0,0,128.530575464043,251.098274723989,0,0,0,0,0,0,0,0,0,0,0,0,0,0,0,0,306.640284138334,252.487290983309,0,0,0,0,0,0,0,0,0,0,167.066576495979,0
215.611029055736,0,0,0,0,0,0,0,76.5072790361762,0,0,0,0,0,0,151.075371308616,0,0,0,0,124.853650664477,0,0,0,0,276.620869034647,0,0,0,0,0,0,0,192.135034768848,184.249961885477,231.715271819474,0,82.1742780037132,114.649126378906,0,220.901129804706
0,0,0,0,0,0,0,0,0,0,0,0,0,0,0,0,0,0,0,0,0,0,195.378266313867,0,139.792601838991,0,0,0,253.401634605989,0,0,0,0,0,0,0,137.189596148386,0,0,0,261.440278806413
122.106946855269,345.797434674459,155.901486485736,280.376028997576,151.01089327964,146.99041817625,0,106.128596538706,0,95.7590805983148,217.157696745803,165.893015276821,139.93285932648,0,0,0,0,0,0,190.185165668632,153.453047983244,306.344527664232,0,90.7216186966914,178.224497384947,134.960780198024,153.876396855887,242.790381480436,108.136066660554,97.3232815600345,0,192.135034768848,0,0,208.005106191961,0,300.031143529538,283.248188884028,0,249.905610015455,0
0,0,0,92.5568465385234,0,101.443495235174,117.208001126138,225.013371621378,0,0,162.833808134102,261.605527103798,231.050882209,125.416941482916,75.4497121078207,303.527509149359,143.005810983322,0,0,159.183173818572,353.822894641502,0,173.201474590904,201.100640800745,0,137.239127032733,93.4234866874731,320.356811100276,187.77054666536,110.384905066973,0,184.249961885477,0,208.005106191961,0,0,119.345624434514,192.601533877686,0,94.7280504127031,0
0,193.777661225572,202.712457066107,0,82.6426202489162,97.3506957544063,0,222.053792850439,0,228.792310020318,0,0,115.332064605654,0,161.74915061469,172.608400267715,0,168.241326865882,85.7623170715703,0,0,0,0,192.693757128262,113.059176128709,0,98.417953423071,115.868441404982,0,0,0,231.715271819474,0,0,0,0,94.7529894315991,259.442917595754,0,94.8881692391942,0
0,0,172.892533368851,196.032358954952,111.226326353722,115.114253591495,194.442125915551,0,249.798812580765,136.685314494491,84.3635741045246,226.825099357786,211.840482897052,0,62.859596780235,0,133.984214699576,0,0,61.0664810463559,204.481117647118,124.698445421759,174.013630695256,325.937289045041,0,112.349934713559,142.385058730083,186.348837226466,335.371040201042,200.878319874537,0,0,137.189596148386,300.031143529538,119.345624434514,94.7529894315991,0,146.465927798921,71.4788760670054,141.204637091722,173.059382066957
0,0,0,100.812745974529,0,0,0,85.6072705949986,0,108.381749703452,0,199.492852797962,0,175.196329314064,241.57250333243,115.194491798135,0,0,158.955087279859,104.369974912428,309.997227542691,0,0,0,0,0,0,205.09013266389,0,284.529238481835,0,82.1742780037132,0,283.248188884028,192.601533877686,259.442917595754,146.465927798921,0,180.90030328818,323.781250289068,193.659409924573
0,0,0,0,101.85207633558,92.3502314520023,259.055025639447,197.893790332676,0,73.4795582048751,94.126460729827,212.592150359921,0,0,227.504408813069,0,0,0,111.435629183184,0,0,0,0,209.996727521564,0,0,154.784755881607,0,0,0,0,114.649126378906,0,0,0,0,71.4788760670054,180.90030328818,0,142.054529471577,0
188.936291522747,0,0,198.964527389285,0,0,218.045528847001,198.528111506785,74.5815074003433,160.530221557972,0,0,0,128.405764333981,87.8456058929559,136.792307586862,0,197.486504603685,138.33942793804,0,0,135.667029391615,0,106.926813611922,163.059043292369,219.040656038919,0,178.683678585178,74.7304794244225,0,167.066576495979,0,0,249.905610015455,94.7280504127031,94.8881692391942,141.204637091722,323.781250289068,142.054529471577,0,180.355266595273
0,0,115.541295036174,120.567029282014,0,89.3673883748406,101.350815329073,181.316358113209,0,96.7845769653343,241.635434294794,219.430938885781,0,0,0,0,0,0,0,164.032723165762,154.142998692322,255.441154257905,0,247.66948903751,0,104.915316975638,180.543851962045,195.314816908693,82.4756938751058,0,0,220.901129804706,261.440278806413,0,0,0,173.059382066957,193.659409924573,0,180.355266595273,0
