0,0,0,0,0,154.142998692322,0,0,0,0,0,76.5072790361762,0,0,0,0,0,0,0,0,0,0,0,0,0,0,193.777661225572,0,179.718364159796,0,0,0,0,0,0,0,0,101.350815329073,0,139.792601838991,0
0,0,0,0,0,0,0,0,0,0,0,0,0,0,0,0,0,98.6790043377568,0,151.695570509541,0,0,0,0,0,101.443495235174,0,98.417953423071,0,0,0,0,0,0,137.189596148386,0,81.2827395071039,101.605593487621,0,0,0
0,0,0,0,0,0,101.5853655613,0,0,0,0,0,0,0,0,0,0,0,0,0,0,0,0,0,0,120.912756812582,0,122.106946855269,0,0,0,0,0,0,0,0,253.401634605989,0,0,124.853650664477,0
0,0,0,0,119.728129215699,0,0,0,0,0,280.376028997576,0,0,108.381749703452,0,0,0,0,0,0,0,0,80.4367166559625,0,0,232.945974238958,347.376449530863,72.2278283150671,0,0,0,0,0,241.635434294794,93.5029580098427,146.770754374523,101.85207633558,0,137.239127032733,0,101.895308036513
0,0,0,119.728129215699,0,0,0,0,0,0,0,134.960780198024,0,0,181.316358113209,0,0,0,225.013371621378,0,151.075371308616,0,195.314816908693,0,0,0,262.382215657622,146.99041817625,92.5568465385234,0,0,0,0,0,111.226326353722,205.09013266389,338.131802716296,0,0,90.7216186966914,78.9559315574845
154.142998692322,0,0,0,0,0,146.814226519809,236.681907140956,71.5579325720569,0,283.248188884028,0,0,0,0,0,158.567996645797,323.781250289068,0,0,128.846764897717,0,0,208.005106191961,0,0,0,0,0,145.74089716123,0,0,0,238.934743274142,0,0,178.748963182352,99.3508940827211,188.936291522747,0,0
0,0,101.5853655613,0,0,146.814226519809,0,0,194.442125915551,0,0,94.027247878695,0,0,0,0,0,0,0,251.098274723989,0,0,78.8552325762656,131.969743415579,0,0,0,0,134.566479261133,0,0,0,0,178.683678585178,197.893790332676,160.530221557972,159.183173818572,89.707245288964,0,0,0
0,0,0,0,0,236.681907140956,0,0,0,0,112.793316814908,92.5207898118833,0,0,0,198.528111506785,0,0,0,200.878319874537,0,0,0,148.808626413748,0,228.075434767255,0,124.698445421759,333.645516435298,0,0,0,0,309.997227542691,89.3673883748406,0,188.851177466023,104.369974912428,74.7304794244225,116.054372245433,73.4795582048751
0,0,0,0,0,71.5579325720569,194.442125915551,0,0,0,0,0,0,0,0,0,0,0,85.7623170715703,0,0,0,321.124897279917,104.915316975638,0,0,0,89.9429017381717,0,0,0,0,0,195.822649557859,186.973586461633,116.176698124939,0,158.955087279859,0,154.784755881607,0
0,0,0,0,0,0,0,0,0,0,172.892533368851,215.611029055736,345.797434674459,169.453147353278,0,0,115.868441404982,0,0,140.574866691684,0,249.798812580765,0,151.806152521152,204.084074037941,93.4234866874731,87.8456058929559,115.541295036174,0,0,0,0,0,82.6426202489162,168.241326865882,136.685314494491,269.936825670274,228.792310020318,0,0,173.001559092555
0,0,0,280.376028997576,0,283.248188884028,0,112.793316814908,0,172.892533368851,0,92.3502314520023,0,261.605527103798,0,289.631679007608,0,0,0,115.871357769661,255.441154257905,0,172.608400267715,0,0,0,80.8080171296381,240.185081663983,205.839960264176,0,0,0,0,0,0,0,184.249961885477,0,0,135.294330067913,139.93285932648
76.5072790361762,0,0,0,134.960780198024,0,94.027247878695,92.5207898118833,0,215.611029055736,92.3502314520023,0,160.537522273714,263.534399241887,0,0,0,0,136.792307586862,0,0,199.492852797962,0,94.8881692391942,115.114253591495,0,0,171.230058197369,220.963068032256,0,0,0,0,259.442917595754,0,300.031143529538,161.275817184598,193.055010680236,109.093416850988,335.371040201042,138.33942793804
0,0,0,0,0,0,0,0,0,345.797434674459,0,160.537522273714,0,0,0,0,82.6299537488922,163.059043292369,0,0,0,0,0,0,0,0,0,0,0,0,0,117.208001126138,0,0,0,0,0,153.876396855887,0,0,0
0,0,0,108.381749703452,0,0,0,0,0,169.453147353278,261.605527103798,263.534399241887,0,0,0,0,0,0,0,70.4221432298295,0,0,110.384905066973,0,97.3506957544063,0,0,138.425725342224,0,241.682021696872,357.423078228283,0,0,219.078548227669,0,0,165.597665022977,0,0,171.906398392157,325.937289045041
0,0,0,0,181.316358113209,0,0,0,0,0,0,0,0,0,0,0,321.864157986053,108.136066660554,348.674510760064,0,190.185165668632,0,0,0,0,306.344527664232,0,0,0,0,0,169.742003380707,0,125.994729980093,193.659409924573,224.523755099568,219.430938885781,0,0,0,150.161410108805
0,0,0,0,0,0,0,198.528111506785,0,0,289.631679007608,0,0,0,0,0,0,0,0,0,100.812745974529,241.57250333243,223.705816669619,67.8267069095267,0,128.405764333981,89.1590885155172,0,94.7529894315991,0,0,0,0,0,0,0,0,0,0,81.9664354533492,162.833808134102
0,0,0,0,0,158.567996645797,0,0,0,115.868441404982,0,0,82.6299537488922,0,321.864157986053,0,0,0,71.4788760670054,0,0,0,151.01089327964,0,0,0,0,0,0,303.527509149359,0,0,0,97.3232815600345,0,0,120.567029282014,0,201.100640800745,0,0
0,98.6790043377568,0,0,0,323.781250289068,0,0,0,0,0,0,163.059043292369,0,108.136066660554,0,0,0,90.1317194604647,0,0,0,0,0,0,0,0,218.045528847001,0,0,0,175.196329314064,0,111.435629183184,231.715271819474,0,0,0,0,0,0
0,0,0,0,225.013371621378,0,0,0,85.7623170715703,0,0,136.792307586862,0,0,348.674510760064,0,71.4788760670054,90.1317194604647,0,0,0,0,191.519780382943,0,0,0,276.620869034647,242.790381480436,0,0,0,142.054529471577,0,164.032723165762,0,0,0,139.654362654449,0,0,0
0,151.695570509541,0,0,0,0,251.098274723989,200.878319874537,0,140.574866691684,115.871357769661,0,0,70.4221432298295,0,0,0,0,0,0,0,0,0,112.823430872325,0,314.611698427915,128.530575464043,153.609372090384,0,119.345624434514,73.1029054543569,0,0,95.7590805983148,114.511014214502,135.667029391615,283.88658203332,0,0,173.059382066957,0
0,0,0,0,151.075371308616,128.846764897717,0,0,0,0,255.441154257905,0,0,0,190.185165668632,100.812745974529,0,0,0,0,0,0,0,0,0,226.825099357786,0,0,201.44584889478,0,0,0,173.201474590904,249.905610015455,205.183249704085,115.194491798135,163.945208919892,0,0,167.066576495979,0
0,0,0,0,0,0,0,0,0,249.798812580765,0,199.492852797962,0,0,0,241.57250333243,0,0,0,0,0,0,0,0,0,97.5855511246009,0,0,143.005810983322,0,0,0,0,177.763106506206,0,0,141.204637091722,0,94.7280504127031,0,0
0,0,0,80.4367166559625,195.314816908693,0,78.8552325762656,0,321.124897279917,0,172.608400267715,0,0,110.384905066973,0,223.705816669619,151.01089327964,0,191.519780382943,0,0,0,0,192.601533877686,0,0,209.996727521564,113.144980278377,165.893015276821,0,0,0,0,0,306.640284138334,0,206.912707094411,0,0,0,0
0,0,0,0,0,208.005106191961,131.969743415579,148.808626413748,104.915316975638,151.806152521152,0,94.8881692391942,0,0,0,67.8267069095267,0,0,0,112.823430872325,0,0,192.601533877686,0,0,0,155.24952173131,125.416941482916,113.059176128709,112.349934713559,0,0,0,284.529238481835,219.040656038919,0,195.378266313867,227.504408813069,0,66.5008477853491,204.481117647118
0,0,0,0,0,0,0,0,0,204.084074037941,0,115.114253591495,0,97.3506957544063,0,0,0,0,0,0,0,0,0,0,0,85.6072705949986,180.90030328818,0,61.0664810463559,0,0,0,0,0,0,183.786860782462,186.348837226466,180.543851962045,0,198.964527389285,0
0,101.443495235174,120.912756812582,232.945974238958,0,0,0,228.075434767255,0,93.4234866874731,0,0,0,0,306.344527664232,128.405764333981,0,0,0,314.611698427915,226.825099357786,97.5855511246009,0,0,85.6072705949986,0,106.33736463831,96.7845769653343,62.859596780235,0,0,82.4756938751058,0,222.053792850439,0,231.050882209,0,250.461724766314,0,212.592150359921,153.453047983244
193.777661225572,0,0,347.376449530863,262.382215657622,0,0,0,0,87.8456058929559,80.8080171296381,0,0,0,0,89.1590885155172,0,0,276.620869034647,128.530575464043,0,0,209.996727521564,155.24952173131,180.90030328818,106.33736463831,0,192.135034768848,161.74915061469,0,0,0,192.693757128262,94.9380989123498,353.822894641502,0,137.177378802006,0,0,220.901129804706,94.126460729827
0,98.417953423071,122.106946855269,72.2278283150671,146.99041817625,0,0,124.698445421759,89.9429017381717,115.541295036174,240.185081663983,171.230058197369,0,138.425725342224,0,0,0,218.045528847001,242.790381480436,153.609372090384,0,0,113.144980278377,125.416941482916,0,96.7845769653343,192.135034768848,0,193.63278243493,0,0,217.157696745803,213.67670887414,115.332064605654,103.519938150021,0,155.901486485736,196.032358954952,320.356811100276,62.311273509377,214.116367924649
179.718364159796,0,0,0,92.5568465385234,0,134.566479261133,333.645516435298,0,0,205.839960264176,220.963068032256,0,0,0,94.7529894315991,0,0,0,0,201.44584889478,143.005810983322,165.893015276821,113.059176128709,61.0664810463559,62.859596780235,161.74915061469,193.63278243493,0,0,0,0,0,0,151.036729364761,0,146.465927798921,106.926813611922,221.805809452716,247.66948903751,75.4497121078207
0,0,0,0,0,145.74089716123,0,0,0,0,0,0,0,241.682021696872,0,0,303.527509149359,0,0,119.345624434514,0,0,0,112.349934713559,0,0,0,0,0,0,0,0,0,224.551207449728,161.302948562323,161.325017232684,0,84.3635741045246,0,58.3493451392805,142.385058730083
0,0,0,0,0,0,0,0,0,0,0,0,0,357.423078228283,0,0,0,0,0,73.1029054543569,0,0,0,0,0,0,0,0,0,0,0,0,0,0,196.04190773555,0,133.984214699576,0,180.355266595273,0,173.538155409849
0,0,0,0,0,0,0,0,0,0,0,0,117.208001126138,0,169.742003380707,0,0,175.196329314064,142.054529471577,0,0,0,0,0,0,82.4756938751058,0,217.157696745803,0,0,0,0,202.712457066107,0,329.719143597451,157.852515740516,0,82.1742780037132,0,259.055025639447,0
0,0,0,0,0,0,0,0,0,0,0,0,0,0,0,0,0,0,0,0,173.201474590904,0,0,0,0,0,192.693757128262,213.67670887414,0,0,0,202.712457066107,0,133.218162784108,0,0,0,0,0,0,0
0,0,0,241.635434294794,0,238.934743274142,178.683678585178,309.997227542691,195.822649557859,82.6426202489162,0,259.442917595754,0,219.078548227669,125.994729980093,0,97.3232815600345,111.435629183184,164.032723165762,95.7590805983148,249.905610015455,177.763106506206,0,284.529238481835,0,222.053792850439,94.9380989123498,115.332064605654,0,224.551207449728,0,0,133.218162784108,0,74.5815074003433,178.224497384947,206.472608421747,0,0,154.065933476765,154.070293657878
0,137.189596148386,0,93.5029580098427,111.226326353722,0,197.893790332676,89.3673883748406,186.973586461633,168.241326865882,0,0,0,0,193.659409924573,0,0,231.715271819474,0,114.511014214502,205.183249704085,0,306.640284138334,219.040656038919,0,0,353.822894641502,103.519938150021,151.036729364761,161.302948562323,196.04190773555,329.719143597451,0,74.5815074003433,0,187.77054666536,96.5937438588657,153.672550905948,125.81518738273,252.487290983309,0
0,0,0,146.770754374523,205.09013266389,0,160.530221557972,0,116.176698124939,136.685314494491,0,300.031143529538,0,0,224.523755099568,0,0,0,0,135.667029391615,115.194491798135,0,0,0,183.786860782462,231.050882209,0,0,0,161.325017232684,0,157.852515740516,0,178.224497384947,187.77054666536,0,118.522099274347,0,74.4197823064597,261.440278806413,114.649126378906
0,81.2827395071039,253.401634605989,101.85207633558,338.131802716296,178.748963182352,159.183173818572,188.851177466023,0,269.936825670274,184.249961885477,161.275817184598,0,165.597665022977,219.430938885781,0,120.567029282014,0,0,283.88658203332,163.945208919892,141.204637091722,206.912707094411,195.378266313867,186.348837226466,0,137.177378802006,155.901486485736,146.465927798921,0,133.984214699576,0,0,206.472608421747,96.5937438588657,118.522099274347,0,99.2646516363145,161.694997919804,106.128596538706,174.013630695256
101.350815329073,101.605593487621,0,0,0,99.3508940827211,89.707245288964,104.369974912428,158.955087279859,228.792310020318,0,193.055010680236,153.876396855887,0,0,0,0,0,139.654362654449,0,0,0,0,227.504408813069,180.543851962045,250.461724766314,0,196.032358954952,106.926813611922,84.3635741045246,0,82.1742780037132,0,0,153.672550905948,0,99.2646516363145,0,98.2230592632363,0,0
0,0,0,137.239127032733,0,188.936291522747,0,74.7304794244225,0,0,0,109.093416850988,0,0,0,0,201.100640800745,0,0,0,0,94.7280504127031,0,0,0,0,0,320.356811100276,221.805809452716,0,180.355266595273,0,0,0,125.81518738273,74.4197823064597,161.694997919804,98.2230592632363,0,211.840482897052,197.486504603685
139.792601838991,0,124.853650664477,0,90.7216186966914,0,0,116.054372245433,154.784755881607,0,135.294330067913,335.371040201042,0,171.906398392157,0,81.9664354533492,0,0,0,173.059382066957,167.066576495979,0,0,66.5008477853491,198.964527389285,212.592150359921,220.901129804706,62.311273509377,247.66948903751,58.3493451392805,0,259.055025639447,0,154.065933476765,252.487290983309,261.440278806413,106.128596538706,0,211.840482897052,0,106.533627130087
0,0,0,101.895308036513,78.9559315574845,0,0,73.4795582048751,0,173.001559092555,139.93285932648,138.33942793804,0,325.937289045041,150.161410108805,162.833808134102,0,0,0,0,0,0,0,204.481117647118,0,153.453047983244,94.126460729827,214.116367924649,75.4497121078207,142.385058730083,173.538155409849,0,0,154.070293657878,0,114.649126378906,174.013630695256,0,197.486504603685,106.533627130087,0
