0,0,0,0,0,0,0,0,0,115.194491798135,0,0,205.09013266389,0,0,0,0,0,0,0,0,0,0,228.075434767255,0,186.348837226466,0,0,0,0,0,0,0,67.8267069095267,0,0,0,0,0,0,157.852515740516
0,0,0,0,0,146.814226519809,0,0,0,0,0,0,0,0,0,0,0,0,0,0,0,0,0,192.601533877686,0,0,0,81.2827395071039,139.792601838991,0,0,0,0,0,0,320.356811100276,106.33736463831,148.808626413748,0,0,0
0,0,0,0,0,0,0,0,151.01089327964,241.635434294794,0,0,0,0,0,0,0,0,0,0,0,137.239127032733,0,0,0,0,0,0,0,0,0,0,0,140.574866691684,0,0,250.461724766314,0,0,0,0
0,0,0,0,146.465927798921,0,178.683678585178,0,70.4221432298295,0,0,219.040656038919,0,0,219.430938885781,0,0,108.381749703452,0,0,0,188.936291522747,0,0,0,0,192.135034768848,0,261.605527103798,0,0,225.013371621378,0,0,206.912707094411,93.5029580098427,0,0,0,115.541295036174,0
0,0,0,146.465927798921,0,0,0,0,0,75.4497121078207,171.230058197369,0,0,0,0,0,118.522099274347,0,0,0,161.275817184598,0,0,153.453047983244,0,0,0,196.04190773555,82.1742780037132,195.378266313867,97.5855511246009,0,0,0,98.2230592632363,0,89.707245288964,0,236.681907140956,169.453147353278,0
0,146.814226519809,0,0,0,0,163.059043292369,0,0,0,0,135.667029391615,0,0,0,0,0,0,222.053792850439,0,74.5815074003433,73.4795582048751,0,0,120.567029282014,167.066576495979,128.405764333981,74.4197823064597,0,0,0,0,0,0,92.3502314520023,0,120.912756812582,71.5579325720569,0,0,89.9429017381717
0,0,0,178.683678585178,0,163.059043292369,0,0,0,80.4367166559625,221.805809452716,0,171.906398392157,306.640284138334,0,0,161.74915061469,0,0,0,0,0,0,0,209.996727521564,0,0,0,0,0,0,0,0,124.698445421759,116.054372245433,219.078548227669,206.472608421747,224.523755099568,0,0,0
0,0,0,0,0,0,0,0,348.674510760064,136.685314494491,139.93285932648,138.33942793804,0,0,0,82.4756938751058,85.7623170715703,0,0,0,94.9380989123498,0,0,155.24952173131,0,0,0,0,0,0,134.960780198024,0,0,143.005810983322,104.915316975638,153.609372090384,220.963068032256,173.059382066957,0,289.631679007608,137.189596148386
0,0,151.01089327964,70.4221432298295,0,0,0,348.674510760064,0,94.7529894315991,0,0,0,0,0,249.798812580765,0,0,0,0,0,0,0,193.63278243493,0,0,96.5937438588657,0,0,0,0,0,0,338.131802716296,0,133.984214699576,0,98.417953423071,0,178.748963182352,0
115.194491798135,0,241.635434294794,0,75.4497121078207,0,80.4367166559625,136.685314494491,94.7529894315991,0,195.314816908693,110.384905066973,0,0,0,0,0,0,0,0,78.8552325762656,0,0,0,0,198.528111506785,0,208.005106191961,193.777661225572,0,335.371040201042,0,0,276.620869034647,357.423078228283,0,109.093416850988,0,251.098274723989,0,247.66948903751
0,0,0,0,171.230058197369,0,221.805809452716,139.93285932648,0,195.314816908693,0,0,0,0,226.825099357786,0,0,0,0,262.382215657622,158.567996645797,0,0,178.224497384947,0,0,78.9559315574845,87.8456058929559,0,231.050882209,0,0,0,125.994729980093,0,353.822894641502,153.876396855887,151.075371308616,253.401634605989,0,0
0,0,0,219.040656038919,0,135.667029391615,0,138.33942793804,0,110.384905066973,0,0,103.519938150021,263.534399241887,58.3493451392805,0,232.945974238958,0,211.840482897052,135.294330067913,0,0,73.1029054543569,101.605593487621,0,0,284.529238481835,0,115.332064605654,62.859596780235,0,160.537522273714,0,186.973586461633,125.416941482916,106.128596538706,0,0,146.99041817625,283.88658203332,0
205.09013266389,0,0,0,0,0,171.906398392157,0,0,0,0,103.519938150021,0,0,0,0,0,0,0,0,0,0,0,0,0,0,0,117.208001126138,0,0,0,0,0,0,0,0,0,172.892533368851,0,0,215.611029055736
0,0,0,0,0,0,306.640284138334,0,0,0,0,263.534399241887,0,0,0,193.055010680236,187.77054666536,0,0,0,0,193.659409924573,204.481117647118,0,0,0,165.893015276821,0,101.5853655613,0,0,111.226326353722,0,0,66.5008477853491,80.8080171296381,72.2278283150671,0,0,161.302948562323,252.487290983309
0,0,0,219.430938885781,0,0,0,0,0,0,226.825099357786,58.3493451392805,0,0,0,0,0,0,0,0,0,151.806152521152,283.248188884028,0,0,97.3232815600345,0,241.682021696872,0,0,0,0,0,0,104.369974912428,0,74.7304794244225,153.672550905948,303.527509149359,0,164.032723165762
0,0,0,0,0,0,0,82.4756938751058,249.798812580765,0,0,0,0,193.055010680236,0,0,0,0,0,309.997227542691,0,0,0,112.793316814908,0,90.1317194604647,0,98.6790043377568,101.85207633558,0,0,0,0,0,0,0,106.926813611922,0,0,220.901129804706,146.770754374523
0,0,0,0,118.522099274347,0,161.74915061469,85.7623170715703,0,0,0,232.945974238958,0,187.77054666536,0,0,0,0,0,0,0,0,0,0,0,173.201474590904,0,173.538155409849,0,0,0,0,0,0,227.504408813069,0,112.823430872325,0,280.376028997576,0,0
0,0,0,108.381749703452,0,0,0,0,0,0,0,0,0,0,0,0,0,0,116.176698124939,0,0,0,180.543851962045,0,0,0,194.442125915551,0,184.249961885477,0,0,0,0,0,62.311273509377,205.839960264176,180.90030328818,0,0,314.611698427915,0
0,0,0,0,0,222.053792850439,0,0,0,0,0,211.840482897052,0,0,0,0,0,116.176698124939,0,97.3506957544063,0,0,0,0,0,137.177378802006,134.566479261133,112.349934713559,154.784755881607,0,0,0,0,161.325017232684,150.161410108805,0,94.027247878695,0,0,212.592150359921,0
0,0,0,0,0,0,0,0,0,0,262.382215657622,135.294330067913,0,0,0,309.997227542691,0,0,97.3506957544063,0,0,0,0,96.7845769653343,0,154.070293657878,145.74089716123,300.031143529538,198.964527389285,0,0,0,0,163.945208919892,214.116367924649,122.106946855269,321.864157986053,119.345624434514,218.045528847001,190.185165668632,188.851177466023
0,0,0,0,161.275817184598,74.5815074003433,0,94.9380989123498,0,78.8552325762656,158.567996645797,0,0,0,0,0,0,0,0,0,0,0,94.7280504127031,0,0,0,0,0,0,0,0,0,0,325.937289045041,113.144980278377,0,183.786860782462,168.241326865882,205.183249704085,128.846764897717,333.645516435298
0,0,137.239127032733,188.936291522747,0,73.4795582048751,0,0,0,0,0,0,0,193.659409924573,151.806152521152,0,0,0,0,0,0,0,306.344527664232,0,0,0,0,0,154.065933476765,0,0,0,0,0,0,0,111.435629183184,0,0,0,0
0,0,0,0,0,0,0,0,0,0,0,73.1029054543569,0,204.481117647118,283.248188884028,0,0,180.543851962045,0,0,94.7280504127031,306.344527664232,0,155.901486485736,0,0,113.059176128709,329.719143597451,0,0,231.715271819474,0,0,81.9664354533492,0,159.183173818572,165.597665022977,0,0,115.871357769661,85.6072705949986
228.075434767255,192.601533877686,0,0,153.453047983244,0,0,155.24952173131,193.63278243493,0,178.224497384947,101.605593487621,0,0,0,112.793316814908,0,0,0,96.7845769653343,0,0,155.901486485736,0,0,131.969743415579,0,89.3673883748406,92.5568465385234,261.440278806413,0,0,0,0,0,196.032358954952,114.649126378906,151.036729364761,101.443495235174,0,169.742003380707
0,0,0,0,0,120.567029282014,209.996727521564,0,0,0,0,0,0,0,0,0,0,0,0,0,0,0,0,0,0,0,238.934743274142,106.533627130087,201.44584889478,0,0,0,0,108.136066660554,172.608400267715,0,142.385058730083,0,0,191.519780382943,125.81518738273
186.348837226466,0,0,0,0,167.066576495979,0,0,0,198.528111506785,0,0,0,0,97.3232815600345,90.1317194604647,173.201474590904,0,137.177378802006,154.070293657878,0,0,0,131.969743415579,0,0,0,197.893790332676,139.654362654449,0,0,99.3508940827211,180.355266595273,200.878319874537,138.425725342224,0,217.157696745803,142.054529471577,115.114253591495,347.376449530863,179.718364159796
0,0,0,192.135034768848,0,128.405764333981,0,0,96.5937438588657,0,78.9559315574845,284.529238481835,0,165.893015276821,0,0,0,194.442125915551,134.566479261133,145.74089716123,0,0,113.059176128709,0,238.934743274142,0,0,160.530221557972,213.67670887414,0,0,94.8881692391942,0,197.486504603685,71.4788760670054,0,115.868441404982,93.4234866874731,228.792310020318,141.204637091722,0
0,81.2827395071039,0,0,196.04190773555,74.4197823064597,0,0,0,208.005106191961,87.8456058929559,0,117.208001126138,0,241.682021696872,98.6790043377568,173.538155409849,0,112.349934713559,300.031143529538,0,0,329.719143597451,89.3673883748406,106.533627130087,197.893790332676,160.530221557972,0,195.822649557859,84.3635741045246,0,204.084074037941,177.763106506206,202.712457066107,259.442917595754,242.790381480436,0,101.895308036513,201.100640800745,192.693757128262,259.055025639447
0,139.792601838991,0,261.605527103798,82.1742780037132,0,0,0,0,193.777661225572,0,115.332064605654,0,101.5853655613,0,101.85207633558,0,184.249961885477,154.784755881607,198.964527389285,0,154.065933476765,0,92.5568465385234,201.44584889478,139.654362654449,213.67670887414,195.822649557859,0,249.905610015455,0,269.936825670274,0,0,162.833808134102,0,223.705816669619,0,0,151.695570509541,0
0,0,0,0,195.378266313867,0,0,0,0,0,231.050882209,62.859596780235,0,0,0,0,0,0,0,0,0,0,0,261.440278806413,0,0,0,84.3635741045246,249.905610015455,0,0,321.124897279917,0,0,0,92.5207898118833,199.492852797962,0,0,158.955087279859,224.551207449728
0,0,0,0,97.5855511246009,0,0,134.960780198024,0,335.371040201042,0,0,0,0,0,0,0,0,0,0,0,0,231.715271819474,0,0,0,0,0,0,0,0,0,0,241.57250333243,0,0,0,101.350815329073,0,0,0
0,0,0,225.013371621378,0,0,0,0,0,0,0,160.537522273714,0,111.226326353722,0,0,0,0,0,0,0,0,0,0,0,99.3508940827211,94.8881692391942,204.084074037941,269.936825670274,321.124897279917,0,0,0,255.441154257905,0,0,0,0,0,100.812745974529,133.218162784108
0,0,0,0,0,0,0,0,0,0,0,0,0,0,0,0,0,0,0,0,0,0,0,0,0,180.355266595273,0,177.763106506206,0,0,0,0,0,174.013630695256,0,0,82.6299537488922,0,0,323.781250289068,0
67.8267069095267,0,140.574866691684,0,0,0,124.698445421759,143.005810983322,338.131802716296,276.620869034647,125.994729980093,186.973586461633,0,0,0,0,0,0,161.325017232684,163.945208919892,325.937289045041,0,81.9664354533492,0,108.136066660554,200.878319874537,197.486504603685,202.712457066107,0,0,241.57250333243,255.441154257905,174.013630695256,0,61.0664810463559,154.142998692322,136.792307586862,240.185081663983,89.1590885155172,94.126460729827,124.853650664477
0,0,0,206.912707094411,98.2230592632363,92.3502314520023,116.054372245433,104.915316975638,0,357.423078228283,0,125.416941482916,0,66.5008477853491,104.369974912428,0,227.504408813069,62.311273509377,150.161410108805,214.116367924649,113.144980278377,0,0,0,172.608400267715,138.425725342224,71.4788760670054,259.442917595754,162.833808134102,0,0,0,0,61.0664810463559,0,82.6426202489162,114.511014214502,181.316358113209,345.797434674459,99.2646516363145,0
0,320.356811100276,0,93.5029580098427,0,0,219.078548227669,153.609372090384,133.984214699576,0,353.822894641502,106.128596538706,0,80.8080171296381,0,0,0,205.839960264176,0,122.106946855269,0,0,159.183173818572,196.032358954952,0,0,0,242.790381480436,0,92.5207898118833,0,0,0,154.142998692322,82.6426202489162,0,0,119.728129215699,0,175.196329314064,76.5072790361762
0,106.33736463831,250.461724766314,0,89.707245288964,120.912756812582,206.472608421747,220.963068032256,0,109.093416850988,153.876396855887,0,0,72.2278283150671,74.7304794244225,106.926813611922,112.823430872325,180.90030328818,94.027247878695,321.864157986053,183.786860782462,111.435629183184,165.597665022977,114.649126378906,142.385058730083,217.157696745803,115.868441404982,0,223.705816669619,199.492852797962,0,0,82.6299537488922,136.792307586862,114.511014214502,0,0,173.001559092555,161.694997919804,0,90.7216186966914
0,148.808626413748,0,0,0,71.5579325720569,224.523755099568,173.059382066957,98.417953423071,0,151.075371308616,0,172.892533368851,0,153.672550905948,0,0,0,0,119.345624434514,168.241326865882,0,0,151.036729364761,0,142.054529471577,93.4234866874731,101.895308036513,0,0,101.350815329073,0,0,240.185081663983,181.316358113209,119.728129215699,173.001559092555,0,0,128.530575464043,0
0,0,0,0,236.681907140956,0,0,0,0,251.098274723989,253.401634605989,146.99041817625,0,0,303.527509149359,0,280.376028997576,0,0,218.045528847001,205.183249704085,0,0,101.443495235174,0,115.114253591495,228.792310020318,201.100640800745,0,0,0,0,0,89.1590885155172,345.797434674459,0,161.694997919804,0,0,0,0
0,0,0,115.541295036174,169.453147353278,0,0,289.631679007608,178.748963182352,0,0,283.88658203332,0,161.302948562323,0,220.901129804706,0,314.611698427915,212.592150359921,190.185165668632,128.846764897717,0,115.871357769661,0,191.519780382943,347.376449530863,141.204637091722,192.693757128262,151.695570509541,158.955087279859,0,100.812745974529,323.781250289068,94.126460729827,99.2646516363145,175.196329314064,0,128.530575464043,0,0,95.7590805983148
157.852515740516,0,0,0,0,89.9429017381717,0,137.189596148386,0,247.66948903751,0,0,215.611029055736,252.487290983309,164.032723165762,146.770754374523,0,0,0,188.851177466023,333.645516435298,0,85.6072705949986,169.742003380707,125.81518738273,179.718364159796,0,259.055025639447,0,224.551207449728,0,133.218162784108,0,124.853650664477,0,76.5072790361762,90.7216186966914,0,0,95.7590805983148,0
