0,0,0,0,0,0,205.183249704085,115.194491798135,0,0,0,0,0,0,0,0,0,0,0,0,0,0,0,0,0,133.218162784108,0,0,101.895308036513,0,0,0,0,0,0,0,153.453047983244,0,226.825099357786,0,0
0,0,0,208.005106191961,0,0,0,0,0,0,0,0,0,0,0,0,0,0,0,0,0,0,0,0,0,0,0,195.822649557859,0,0,0,0,0,154.784755881607,0,0,263.534399241887,193.055010680236,0,97.3232815600345,138.425725342224
0,0,0,0,0,0,0,0,0,0,163.945208919892,0,0,0,225.013371621378,0,0,0,0,0,0,0,0,0,0,0,0,0,222.053792850439,0,0,0,0,110.384905066973,82.4756938751058,0,0,0,0,0,0
0,208.005106191961,0,0,92.5207898118833,0,0,0,0,213.67670887414,0,227.504408813069,0,174.013630695256,0,0,0,283.88658203332,114.649126378906,0,0,0,0,0,0,0,0,0,0,0,0,0,0,124.698445421759,0,206.472608421747,219.040656038919,198.528111506785,119.345624434514,92.3502314520023,0
0,0,0,92.5207898118833,0,202.712457066107,179.718364159796,0,116.176698124939,0,0,306.640284138334,0,0,0,0,0,0,0,0,0,0,320.356811100276,0,0,250.461724766314,0,187.77054666536,0,0,0,94.7529894315991,0,180.543851962045,70.4221432298295,101.5853655613,145.74089716123,0,133.984214699576,0,0
0,0,0,0,202.712457066107,0,0,0,0,0,0,0,0,283.248188884028,0,0,85.6072705949986,0,0,148.808626413748,0,0,0,0,136.792307586862,173.201474590904,197.893790332676,201.100640800745,199.492852797962,0,236.681907140956,0,0,0,0,178.224497384947,117.208001126138,190.185165668632,0,146.814226519809,0
205.183249704085,0,0,0,179.718364159796,0,0,0,0,0,0,0,0,0,0,173.001559092555,0,0,0,276.620869034647,62.311273509377,0,118.522099274347,0,0,0,151.036729364761,89.3673883748406,261.440278806413,0,94.126460729827,0,0,0,0,81.2827395071039,0,333.645516435298,0,159.183173818572,0
115.194491798135,0,0,0,0,0,0,0,72.2278283150671,93.4234866874731,0,0,204.084074037941,78.8552325762656,124.853650664477,0,0,104.915316975638,0,0,0,0,163.059043292369,0,0,0,241.682021696872,74.4197823064597,0,0,0,0,0,0,84.3635741045246,0,196.032358954952,255.441154257905,137.239127032733,136.685314494491,101.350815329073
0,0,0,0,116.176698124939,0,0,72.2278283150671,0,161.694997919804,82.6426202489162,0,0,0,0,0,211.840482897052,0,253.401634605989,112.823430872325,0,0,0,0,0,169.742003380707,0,146.770754374523,85.7623170715703,0,0,0,0,0,0,0,0,0,197.486504603685,0,0
0,0,0,213.67670887414,0,0,0,93.4234866874731,161.694997919804,0,89.1590885155172,242.790381480436,0,0,0,357.423078228283,0,0,0,0,98.417953423071,125.81518738273,0,0,0,89.707245288964,89.9429017381717,140.574866691684,241.57250333243,0,0,0,0,194.442125915551,80.4367166559625,0,94.9380989123498,0,115.541295036174,160.530221557972,164.032723165762
0,0,163.945208919892,0,0,0,0,0,82.6426202489162,89.1590885155172,0,146.465927798921,0,0,0,135.294330067913,280.376028997576,0,112.349934713559,0,0,168.241326865882,0,321.864157986053,0,172.608400267715,0,0,0,0,0,0,151.695570509541,82.1742780037132,193.659409924573,0,192.601533877686,0,192.135034768848,193.777661225572,0
0,0,0,227.504408813069,306.640284138334,0,0,0,0,242.790381480436,146.465927798921,0,0,154.065933476765,221.805809452716,0,0,0,303.527509149359,0,0,0,249.905610015455,300.031143529538,191.519780382943,161.275817184598,122.106946855269,0,76.5072790361762,73.4795582048751,0,120.567029282014,0,0,135.667029391615,100.812745974529,173.538155409849,158.567996645797,0,154.142998692322,106.926813611922
0,0,0,0,0,0,0,204.084074037941,0,0,0,0,0,0,0,0,0,0,0,183.786860782462,0,0,0,101.605593487621,224.523755099568,0,95.7590805983148,0,0,0,0,0,0,192.693757128262,0,0,0,0,0,0,0
0,0,0,174.013630695256,0,283.248188884028,0,78.8552325762656,0,0,0,154.065933476765,0,0,0,0,0,228.792310020318,0,178.748963182352,0,0,0,66.5008477853491,204.481117647118,0,0,94.8881692391942,161.325017232684,0,0,0,112.793316814908,0,153.672550905948,0,261.605527103798,259.055025639447,0,0,0
0,0,225.013371621378,0,0,0,0,124.853650664477,0,0,0,221.805809452716,0,0,0,0,0,0,0,0,0,0,0,0,0,74.7304794244225,134.566479261133,247.66948903751,0,139.654362654449,0,205.839960264176,0,0,151.075371308616,0,153.609372090384,323.781250289068,0,0,151.01089327964
0,0,0,0,0,0,173.001559092555,0,0,357.423078228283,135.294330067913,0,0,0,0,0,0,115.114253591495,0,116.054372245433,0,0,0,0,0,251.098274723989,0,0,0,0,0,80.8080171296381,0,177.763106506206,219.430938885781,0,161.302948562323,128.846764897717,0,0,0
0,0,0,0,0,85.6072705949986,0,0,211.840482897052,0,280.376028997576,0,0,0,0,0,0,0,0,0,0,0,0,0,0,0,0,162.833808134102,98.2230592632363,0,0,0,0,81.9664354533492,0,223.705816669619,96.5937438588657,108.136066660554,0,109.093416850988,0
0,0,0,283.88658203332,0,0,0,104.915316975638,0,0,0,0,0,228.792310020318,0,115.114253591495,0,0,0,141.204637091722,0,0,0,0,0,125.994729980093,0,0,0,119.728129215699,0,0,0,219.078548227669,205.09013266389,0,0,0,0,0,0
0,0,0,114.649126378906,0,0,0,0,253.401634605989,0,112.349934713559,303.527509149359,0,0,0,0,0,0,0,0,0,0,0,220.963068032256,0,0,167.066576495979,186.973586461633,321.124897279917,0,0,0,71.4788760670054,0,353.822894641502,0,71.5579325720569,0,0,0,99.3508940827211
0,0,0,0,0,148.808626413748,276.620869034647,0,112.823430872325,0,0,0,183.786860782462,178.748963182352,0,116.054372245433,0,141.204637091722,0,0,62.859596780235,0,0,165.893015276821,0,0,139.93285932648,228.075434767255,0,0,0,0,0,97.5855511246009,103.519938150021,134.960780198024,188.851177466023,128.405764333981,0,0,209.996727521564
0,0,0,0,0,0,62.311273509377,0,0,98.417953423071,0,0,0,0,0,0,0,0,0,62.859596780235,0,180.355266595273,0,0,150.161410108805,196.04190773555,284.529238481835,338.131802716296,0,0,0,0,0,0,169.453147353278,153.876396855887,151.806152521152,0,0,96.7845769653343,75.4497121078207
0,0,0,0,0,0,0,0,0,125.81518738273,168.241326865882,0,0,0,0,0,0,0,0,0,180.355266595273,0,0,212.592150359921,0,0,142.054529471577,0,0,0,0,0,0,0,269.936825670274,0,98.6790043377568,0,0,0,165.597665022977
0,0,0,0,320.356811100276,0,118.522099274347,163.059043292369,0,0,0,249.905610015455,0,0,0,0,0,0,0,0,0,0,0,0,0,0,220.901129804706,249.798812580765,325.937289045041,93.5029580098427,0,160.537522273714,0,0,157.852515740516,106.533627130087,289.631679007608,137.177378802006,180.90030328818,155.901486485736,0
0,0,0,0,0,0,0,0,0,0,321.864157986053,300.031143529538,101.605593487621,66.5008477853491,0,0,0,0,220.963068032256,165.893015276821,0,212.592150359921,0,0,188.936291522747,0,137.189596148386,139.792601838991,0,99.2646516363145,0,0,0,146.99041817625,92.5568465385234,115.332064605654,252.487290983309,106.33736463831,155.24952173131,94.027247878695,306.344527664232
0,0,0,0,0,136.792307586862,0,0,0,0,0,191.519780382943,224.523755099568,204.481117647118,0,0,0,0,0,0,150.161410108805,0,0,188.936291522747,0,111.226326353722,0,113.059176128709,0,0,0,0,0,171.906398392157,0,0,0,0,0,259.442917595754,0
133.218162784108,0,0,0,250.461724766314,173.201474590904,0,0,169.742003380707,89.707245288964,172.608400267715,161.275817184598,0,0,74.7304794244225,251.098274723989,0,125.994729980093,0,0,196.04190773555,0,0,0,111.226326353722,0,90.7216186966914,186.348837226466,143.005810983322,0,0,0,0,94.7280504127031,193.63278243493,73.1029054543569,0,0,0,238.934743274142,347.376449530863
0,0,0,0,0,197.893790332676,151.036729364761,241.682021696872,0,89.9429017381717,0,122.106946855269,95.7590805983148,0,134.566479261133,0,0,0,167.066576495979,139.93285932648,284.529238481835,142.054529471577,220.901129804706,137.189596148386,0,90.7216186966914,0,0,120.912756812582,0,0,0,138.33942793804,78.9559315574845,0,0,0,101.85207633558,87.8456058929559,175.196329314064,0
0,195.822649557859,0,0,187.77054666536,201.100640800745,89.3673883748406,74.4197823064597,146.770754374523,140.574866691684,0,0,0,94.8881692391942,247.66948903751,0,162.833808134102,0,186.973586461633,228.075434767255,338.131802716296,0,249.798812580765,139.792601838991,113.059176128709,186.348837226466,0,0,215.611029055736,240.185081663983,0,114.511014214502,0,195.378266313867,101.443495235174,314.611698427915,173.059382066957,108.381749703452,0,231.715271819474,58.3493451392805
101.895308036513,0,222.053792850439,0,0,199.492852797962,261.440278806413,0,85.7623170715703,241.57250333243,0,76.5072790361762,0,161.325017232684,0,0,98.2230592632363,0,321.124897279917,0,0,0,325.937289045041,0,0,143.005810983322,120.912756812582,215.611029055736,0,0,0,0,0,158.955087279859,181.316358113209,61.0664810463559,198.964527389285,0,214.116367924649,217.157696745803,335.371040201042
0,0,0,0,0,0,0,0,0,0,0,73.4795582048751,0,0,139.654362654449,0,0,119.728129215699,0,0,0,0,93.5029580098427,99.2646516363145,0,0,0,240.185081663983,0,0,0,0,0,0,128.530575464043,0,345.797434674459,218.045528847001,195.314816908693,0,348.674510760064
0,0,0,0,0,236.681907140956,94.126460729827,0,0,0,0,0,0,0,0,0,0,0,0,0,0,0,0,0,0,0,0,0,0,0,0,0,0,113.144980278377,111.435629183184,0,184.249961885477,0,0,206.912707094411,0
0,0,0,0,94.7529894315991,0,0,0,0,0,0,120.567029282014,0,0,205.839960264176,80.8080171296381,0,0,0,0,0,0,160.537522273714,0,0,0,0,114.511014214502,0,0,0,0,0,201.44584889478,0,161.74915061469,171.230058197369,0,0,231.050882209,154.070293657878
0,0,0,0,0,0,0,0,0,0,151.695570509541,0,0,112.793316814908,0,0,0,0,71.4788760670054,0,0,0,0,0,0,0,138.33942793804,0,0,0,0,0,0,0,0,0,178.683678585178,0,0,0,0
0,154.784755881607,110.384905066973,124.698445421759,180.543851962045,0,0,0,0,194.442125915551,82.1742780037132,0,192.693757128262,0,0,177.763106506206,81.9664354533492,219.078548227669,0,97.5855511246009,0,0,0,146.99041817625,171.906398392157,94.7280504127031,78.9559315574845,195.378266313867,158.955087279859,0,113.144980278377,201.44584889478,0,0,82.6299537488922,200.878319874537,115.871357769661,97.3506957544063,262.382215657622,309.997227542691,106.128596538706
0,0,82.4756938751058,0,70.4221432298295,0,0,84.3635741045246,0,80.4367166559625,193.659409924573,135.667029391615,0,153.672550905948,151.075371308616,219.430938885781,0,205.09013266389,353.822894641502,103.519938150021,169.453147353278,269.936825670274,157.852515740516,92.5568465385234,0,193.63278243493,0,101.443495235174,181.316358113209,128.530575464043,111.435629183184,0,0,82.6299537488922,0,125.416941482916,74.5815074003433,0,0,0,90.1317194604647
0,0,0,206.472608421747,101.5853655613,178.224497384947,81.2827395071039,0,0,0,0,100.812745974529,0,0,0,0,223.705816669619,0,0,134.960780198024,153.876396855887,0,106.533627130087,115.332064605654,0,73.1029054543569,0,314.611698427915,61.0664810463559,0,0,161.74915061469,0,200.878319874537,125.416941482916,0,142.385058730083,0,0,67.8267069095267,104.369974912428
153.453047983244,263.534399241887,0,219.040656038919,145.74089716123,117.208001126138,0,196.032358954952,0,94.9380989123498,192.601533877686,173.538155409849,0,261.605527103798,153.609372090384,161.302948562323,96.5937438588657,0,71.5579325720569,188.851177466023,151.806152521152,98.6790043377568,289.631679007608,252.487290983309,0,0,0,173.059382066957,198.964527389285,345.797434674459,184.249961885477,171.230058197369,178.683678585178,115.871357769661,74.5815074003433,142.385058730083,0,241.635434294794,0,224.551207449728,0
0,193.055010680236,0,198.528111506785,0,190.185165668632,333.645516435298,255.441154257905,0,0,0,158.567996645797,0,259.055025639447,323.781250289068,128.846764897717,108.136066660554,0,0,128.405764333981,0,0,137.177378802006,106.33736463831,0,0,101.85207633558,108.381749703452,0,218.045528847001,0,0,0,97.3506957544063,0,0,241.635434294794,0,0,172.892533368851,232.945974238958
226.825099357786,0,0,119.345624434514,133.984214699576,0,0,137.239127032733,197.486504603685,115.541295036174,192.135034768848,0,0,0,0,0,0,0,0,0,0,0,180.90030328818,155.24952173131,0,0,87.8456058929559,0,214.116367924649,195.314816908693,0,0,0,262.382215657622,0,0,0,0,0,131.969743415579,115.868441404982
0,97.3232815600345,0,92.3502314520023,0,146.814226519809,159.183173818572,136.685314494491,0,160.530221557972,193.777661225572,154.142998692322,0,0,0,0,109.093416850988,0,0,0,96.7845769653343,0,155.901486485736,94.027247878695,259.442917595754,238.934743274142,175.196329314064,231.715271819474,217.157696745803,0,206.912707094411,231.050882209,0,309.997227542691,0,67.8267069095267,224.551207449728,172.892533368851,131.969743415579,0,329.719143597451
0,138.425725342224,0,0,0,0,0,101.350815329073,0,164.032723165762,0,106.926813611922,0,0,151.01089327964,0,0,0,99.3508940827211,209.996727521564,75.4497121078207,165.597665022977,0,306.344527664232,0,347.376449530863,0,58.3493451392805,335.371040201042,348.674510760064,0,154.070293657878,0,106.128596538706,90.1317194604647,104.369974912428,0,232.945974238958,115.868441404982,329.719143597451,0
