0,0,0,0,115.541295036174,0,0,171.230058197369,0,0,90.1317194604647,0,0,0,0,0,0,0,0,0,0,0,0,0,0,0,168.241326865882,347.376449530863,0,0,0,0,0,0,78.9559315574845,0,0,0,0,0,0
0,0,0,0,0,0,0,0,161.302948562323,0,0,61.0664810463559,0,124.698445421759,198.528111506785,0,0,0,0,116.054372245433,0,0,0,0,0,115.868441404982,0,0,0,0,0,0,0,0,0,0,0,0,0,263.534399241887,0
0,0,0,0,0,0,174.013630695256,0,0,0,125.994729980093,0,0,0,0,0,0,0,0,0,0,0,0,0,0,0,0,193.777661225572,0,0,0,0,0,151.036729364761,0,0,85.6072705949986,0,0,0,0
0,0,0,0,0,0,139.792601838991,0,163.945208919892,151.01089327964,128.846764897717,0,0,192.135034768848,0,0,0,0,0,80.8080171296381,0,0,0,188.851177466023,0,0,111.435629183184,0,0,0,0,0,0,178.748963182352,0,115.871357769661,72.2278283150671,120.567029282014,0,154.070293657878,0
115.541295036174,0,0,0,0,0,0,0,151.075371308616,0,201.44584889478,249.798812580765,0,169.742003380707,0,0,0,0,0,276.620869034647,0,200.878319874537,0,0,125.81518738273,0,0,76.5072790361762,205.09013266389,321.864157986053,0,173.538155409849,0,0,0,249.905610015455,228.075434767255,0,0,0,0
0,0,0,0,0,0,204.084074037941,0,0,159.183173818572,128.530575464043,0,0,0,0,0,0,0,0,81.9664354533492,289.631679007608,0,0,106.33736463831,280.376028997576,0,113.059176128709,0,0,0,0,0,0,303.527509149359,218.045528847001,0,261.605527103798,193.63278243493,0,119.345624434514,92.5207898118833
0,0,174.013630695256,139.792601838991,0,204.084074037941,0,0,0,222.053792850439,0,164.032723165762,0,205.183249704085,0,0,0,0,0,0,306.344527664232,0,0,0,0,0,0,0,0,0,0,0,74.4197823064597,0,125.416941482916,96.5937438588657,0,0,93.4234866874731,173.059382066957,205.839960264176
171.230058197369,0,0,0,0,0,0,0,0,0,252.487290983309,98.6790043377568,0,0,0,112.793316814908,89.3673883748406,0,101.350815329073,192.601533877686,137.177378802006,0,0,106.926813611922,0,0,82.4756938751058,0,0,0,70.4221432298295,98.2230592632363,0,153.672550905948,0,151.806152521152,0,0,109.093416850988,0,94.8881692391942
0,161.302948562323,0,163.945208919892,151.075371308616,0,0,0,0,0,0,165.893015276821,0,0,0,195.378266313867,0,0,0,181.316358113209,0,0,179.718364159796,0,0,0,0,323.781250289068,0,0,0,0,0,321.124897279917,173.201474590904,0,148.808626413748,0,0,0,0
0,0,0,151.01089327964,0,159.183173818572,222.053792850439,0,0,0,0,0,82.1742780037132,269.936825670274,0,180.355266595273,0,0,0,247.66948903751,0,0,0,134.566479261133,199.492852797962,140.574866691684,0,226.825099357786,143.005810983322,0,0,99.3508940827211,0,93.5029580098427,81.2827395071039,177.763106506206,142.054529471577,0,0,220.963068032256,0
90.1317194604647,0,125.994729980093,128.846764897717,201.44584889478,128.530575464043,0,252.487290983309,0,0,0,0,0,0,104.915316975638,0,0,0,0,0,0,0,146.465927798921,0,0,0,0,0,82.6299537488922,0,0,231.715271819474,74.7304794244225,101.5853655613,146.99041817625,110.384905066973,309.997227542691,0,0,0,157.852515740516
0,61.0664810463559,0,0,249.798812580765,0,164.032723165762,98.6790043377568,165.893015276821,0,0,0,0,0,0,160.530221557972,0,0,0,0,0,215.611029055736,196.032358954952,161.694997919804,133.984214699576,0,138.33942793804,94.9380989123498,214.116367924649,137.189596148386,0,0,0,209.996727521564,0,97.3232815600345,74.5815074003433,194.442125915551,201.100640800745,253.401634605989,146.770754374523
0,0,0,0,0,0,0,0,0,82.1742780037132,0,0,0,0,0,0,0,0,0,0,0,0,0,338.131802716296,255.441154257905,0,0,0,0,0,0,0,0,0,71.4788760670054,0,175.196329314064,160.537522273714,0,0,0
0,124.698445421759,0,192.135034768848,169.742003380707,0,205.183249704085,0,0,269.936825670274,0,0,0,0,0,0,0,0,111.226326353722,0,0,155.24952173131,241.682021696872,0,0,0,0,131.969743415579,134.960780198024,139.654362654449,0,0,0,0,0,0,117.208001126138,94.7529894315991,0,250.461724766314,0
0,198.528111506785,0,0,0,0,0,0,0,0,104.915316975638,0,0,0,0,0,0,0,0,0,106.128596538706,0,219.078548227669,0,0,238.934743274142,113.144980278377,75.4497121078207,108.136066660554,0,139.93285932648,195.314816908693,0,0,0,0,0,0,329.719143597451,348.674510760064,0
0,0,0,0,0,0,0,112.793316814908,195.378266313867,180.355266595273,0,160.530221557972,0,0,0,0,0,0,0,0,0,0,0,0,0,0,0,116.176698124939,283.88658203332,89.707245288964,0,0,0,241.635434294794,136.685314494491,0,240.185081663983,0,0,198.964527389285,0
0,0,0,0,0,0,0,89.3673883748406,0,0,0,0,0,0,0,0,0,0,0,0,0,0,101.85207633558,150.161410108805,0,0,0,94.027247878695,0,0,0,0,0,262.382215657622,103.519938150021,73.4795582048751,357.423078228283,0,0,167.066576495979,94.7280504127031
0,0,0,0,0,0,0,0,0,0,0,0,0,0,0,0,0,0,161.74915061469,184.249961885477,0,0,0,0,0,94.126460729827,242.790381480436,87.8456058929559,0,0,0,0,0,232.945974238958,133.218162784108,0,0,122.106946855269,0,202.712457066107,0
0,0,0,0,0,0,0,101.350815329073,0,0,0,0,0,111.226326353722,0,0,0,161.74915061469,0,0,300.031143529538,0,0,97.5855511246009,333.645516435298,89.1590885155172,0,66.5008477853491,0,0,0,0,0,188.936291522747,0,85.7623170715703,325.937289045041,0,0,221.805809452716,0
0,116.054372245433,0,80.8080171296381,276.620869034647,81.9664354533492,0,192.601533877686,181.316358113209,247.66948903751,0,0,0,0,0,0,0,184.249961885477,0,0,0,0,153.609372090384,0,0,171.906398392157,283.248188884028,196.04190773555,154.065933476765,0,0,0,0,0,97.3506957544063,0,173.001559092555,58.3493451392805,0,0,180.543851962045
0,0,0,0,0,289.631679007608,306.344527664232,137.177378802006,0,0,0,0,0,0,106.128596538706,0,0,0,300.031143529538,0,0,0,0,0,0,251.098274723989,0,206.472608421747,100.812745974529,0,0,154.142998692322,0,0,106.533627130087,180.90030328818,224.523755099568,118.522099274347,0,0,0
0,0,0,0,200.878319874537,0,0,0,0,0,0,215.611029055736,0,155.24952173131,0,0,0,0,0,0,0,0,0,0,0,0,0,0,0,0,0,0,0,78.8552325762656,186.348837226466,0,187.77054666536,211.840482897052,0,0,135.294330067913
0,0,0,0,0,0,0,0,179.718364159796,0,146.465927798921,196.032358954952,0,241.682021696872,219.078548227669,0,101.85207633558,0,0,153.609372090384,0,0,0,261.440278806413,124.853650664477,0,0,320.356811100276,197.893790332676,0,0,0,0,112.823430872325,0,0,163.059043292369,224.551207449728,0,259.055025639447,0
0,0,0,188.851177466023,0,106.33736463831,0,106.926813611922,0,134.566479261133,0,161.694997919804,338.131802716296,0,0,0,150.161410108805,0,97.5855511246009,0,0,0,261.440278806413,0,0,178.224497384947,153.876396855887,0,0,0,0,259.442917595754,0,0,172.892533368851,231.050882209,82.6426202489162,213.67670887414,225.013371621378,219.430938885781,236.681907140956
0,0,0,0,125.81518738273,280.376028997576,0,0,0,199.492852797962,0,133.984214699576,255.441154257905,0,0,0,0,0,333.645516435298,0,0,0,124.853650664477,0,0,0,0,0,120.912756812582,0,0,0,0,197.486504603685,0,0,0,0,0,112.349934713559,0
0,115.868441404982,0,0,0,0,0,0,0,140.574866691684,0,0,0,0,238.934743274142,0,0,94.126460729827,89.1590885155172,171.906398392157,251.098274723989,0,0,178.224497384947,0,0,101.895308036513,92.5568465385234,158.567996645797,141.204637091722,0,0,0,191.519780382943,190.185165668632,217.157696745803,154.784755881607,62.311273509377,186.973586461633,114.649126378906,71.5579325720569
168.241326865882,0,0,111.435629183184,0,113.059176128709,0,82.4756938751058,0,0,0,138.33942793804,0,0,113.144980278377,0,0,242.790381480436,0,283.248188884028,0,0,0,153.876396855887,0,101.895308036513,0,206.912707094411,284.529238481835,195.822649557859,0,0,0,89.9429017381717,153.453047983244,220.901129804706,0,119.728129215699,212.592150359921,135.667029391615,101.443495235174
347.376449530863,0,193.777661225572,0,76.5072790361762,0,0,0,323.781250289068,226.825099357786,0,94.9380989123498,0,131.969743415579,75.4497121078207,116.176698124939,94.027247878695,87.8456058929559,66.5008477853491,196.04190773555,206.472608421747,0,320.356811100276,0,0,92.5568465385234,206.912707094411,0,241.57250333243,227.504408813069,0,0,314.611698427915,0,158.955087279859,335.371040201042,115.114253591495,193.055010680236,62.859596780235,138.425725342224,183.786860782462
0,0,0,0,205.09013266389,0,0,0,0,143.005810983322,82.6299537488922,214.116367924649,0,134.960780198024,108.136066660554,283.88658203332,0,0,0,154.065933476765,100.812745974529,0,197.893790332676,0,120.912756812582,158.567996645797,284.529238481835,241.57250333243,0,0,0,0,115.332064605654,161.275817184598,219.040656038919,0,84.3635741045246,98.417953423071,0,204.481117647118,155.901486485736
0,0,0,0,321.864157986053,0,0,0,0,0,0,137.189596148386,0,139.654362654449,0,89.707245288964,0,0,0,0,0,0,0,0,0,141.204637091722,195.822649557859,227.504408813069,0,0,0,228.792310020318,0,0,0,162.833808134102,128.405764333981,0,0,0,67.8267069095267
0,0,0,0,0,0,0,70.4221432298295,0,0,0,0,0,0,139.93285932648,0,0,0,0,0,0,0,0,0,0,0,0,0,0,0,0,0,0,73.1029054543569,169.453147353278,0,178.683678585178,0,0,0,208.005106191961
0,0,0,0,173.538155409849,0,0,98.2230592632363,0,99.3508940827211,231.715271819474,0,0,0,195.314816908693,0,0,0,0,0,154.142998692322,0,0,259.442917595754,0,0,0,0,0,228.792310020318,0,0,0,0,137.239127032733,0,161.325017232684,0,0,0,99.2646516363145
0,0,0,0,0,0,74.4197823064597,0,0,0,74.7304794244225,0,0,0,0,0,0,0,0,0,0,0,0,0,0,0,0,314.611698427915,115.332064605654,0,0,0,0,192.693757128262,0,0,0,0,0,0,0
0,0,151.036729364761,178.748963182352,0,303.527509149359,0,153.672550905948,321.124897279917,93.5029580098427,101.5853655613,209.996727521564,0,0,0,241.635434294794,262.382215657622,232.945974238958,188.936291522747,0,0,78.8552325762656,112.823430872325,0,197.486504603685,191.519780382943,89.9429017381717,0,161.275817184598,0,73.1029054543569,0,192.693757128262,0,96.7845769653343,145.74089716123,101.605593487621,0,142.385058730083,353.822894641502,115.194491798135
78.9559315574845,0,0,0,0,218.045528847001,125.416941482916,0,173.201474590904,81.2827395071039,146.99041817625,0,71.4788760670054,0,0,136.685314494491,103.519938150021,133.218162784108,0,97.3506957544063,106.533627130087,186.348837226466,0,172.892533368851,0,190.185165668632,153.453047983244,158.955087279859,219.040656038919,0,169.453147353278,137.239127032733,0,96.7845769653343,0,0,193.659409924573,90.7216186966914,172.608400267715,306.640284138334,0
0,0,0,115.871357769661,249.905610015455,0,96.5937438588657,151.806152521152,0,177.763106506206,110.384905066973,97.3232815600345,0,0,0,0,73.4795582048751,0,85.7623170715703,0,180.90030328818,0,0,231.050882209,0,217.157696745803,220.901129804706,335.371040201042,0,162.833808134102,0,0,0,145.74089716123,0,0,0,0,136.792307586862,146.814226519809,108.381749703452
0,0,85.6072705949986,72.2278283150671,228.075434767255,261.605527103798,0,0,148.808626413748,142.054529471577,309.997227542691,74.5815074003433,175.196329314064,117.208001126138,0,240.185081663983,357.423078228283,0,325.937289045041,173.001559092555,224.523755099568,187.77054666536,163.059043292369,82.6426202489162,0,154.784755881607,0,115.114253591495,84.3635741045246,128.405764333981,178.683678585178,161.325017232684,0,101.605593487621,193.659409924573,0,0,345.797434674459,151.695570509541,80.4367166559625,92.3502314520023
0,0,0,120.567029282014,0,193.63278243493,0,0,0,0,0,194.442125915551,160.537522273714,94.7529894315991,0,0,0,122.106946855269,0,58.3493451392805,118.522099274347,211.840482897052,224.551207449728,213.67670887414,0,62.311273509377,119.728129215699,193.055010680236,98.417953423071,0,0,0,0,0,90.7216186966914,0,345.797434674459,0,223.705816669619,95.7590805983148,165.597665022977
0,0,0,0,0,0,93.4234866874731,109.093416850988,0,0,0,201.100640800745,0,0,329.719143597451,0,0,0,0,0,0,0,0,225.013371621378,0,186.973586461633,212.592150359921,62.859596780235,0,0,0,0,0,142.385058730083,172.608400267715,136.792307586862,151.695570509541,223.705816669619,0,114.511014214502,104.369974912428
0,263.534399241887,0,154.070293657878,0,119.345624434514,173.059382066957,0,0,220.963068032256,0,253.401634605989,0,250.461724766314,348.674510760064,198.964527389285,167.066576495979,202.712457066107,221.805809452716,0,0,0,259.055025639447,219.430938885781,112.349934713559,114.649126378906,135.667029391615,138.425725342224,204.481117647118,0,0,0,0,353.822894641502,306.640284138334,146.814226519809,80.4367166559625,95.7590805983148,114.511014214502,0,0
0,0,0,0,0,92.5207898118833,205.839960264176,94.8881692391942,0,0,157.852515740516,146.770754374523,0,0,0,0,94.7280504127031,0,0,180.543851962045,0,135.294330067913,0,236.681907140956,0,71.5579325720569,101.443495235174,183.786860782462,155.901486485736,67.8267069095267,208.005106191961,99.2646516363145,0,115.194491798135,0,108.381749703452,92.3502314520023,165.597665022977,104.369974912428,0,0
