0,0,0,161.74915061469,0,0,0,0,0,0,0,0,0,289.631679007608,0,0,0,0,0,0,0,0,0,139.93285932648,0,0,0,134.566479261133,0,0,0,0,0,0,0,0,206.912707094411,0,0,0,98.2230592632363
0,0,0,0,0,0,0,0,0,155.901486485736,0,0,0,0,0,173.201474590904,0,0,0,0,0,0,0,0,0,0,72.2278283150671,0,0,0,0,0,0,195.314816908693,0,0,221.805809452716,136.792307586862,74.7304794244225,0,0
0,0,0,0,0,0,0,0,0,0,0,0,0,0,0,0,0,0,0,0,0,0,0,0,0,0,0,306.640284138334,0,0,0,0,0,181.316358113209,93.5029580098427,0,195.822649557859,164.032723165762,0,0,0
161.74915061469,0,0,0,0,247.66948903751,0,208.005106191961,0,253.401634605989,137.189596148386,241.57250333243,0,0,0,0,0,0,0,177.763106506206,153.609372090384,0,125.81518738273,227.504408813069,0,0,0,219.430938885781,0,0,0,140.574866691684,0,0,192.601533877686,0,0,0,0,0,0
0,0,0,0,0,0,109.093416850988,0,0,0,0,0,0,0,215.611029055736,0,0,0,0,106.33736463831,205.09013266389,0,218.045528847001,106.926813611922,0,0,160.530221557972,0,224.551207449728,0,157.852515740516,205.183249704085,0,97.3232815600345,0,0,103.519938150021,0,0,224.523755099568,112.349934713559
0,0,0,247.66948903751,0,0,0,0,0,0,146.99041817625,329.719143597451,0,0,151.806152521152,0,0,0,151.075371308616,0,325.937289045041,0,0,90.7216186966914,0,0,87.8456058929559,0,158.955087279859,61.0664810463559,0,0,0,0,101.85207633558,0,112.793316814908,0,0,124.853650664477,261.440278806413
0,0,0,0,109.093416850988,0,0,70.4221432298295,0,171.230058197369,0,122.106946855269,0,338.131802716296,199.492852797962,261.605527103798,0,0,0,178.683678585178,0,0,0,0,0,0,0,321.864157986053,0,0,0,0,0,150.161410108805,283.88658203332,252.487290983309,213.67670887414,0,0,0,0
0,0,0,208.005106191961,0,0,70.4221432298295,0,0,0,0,138.425725342224,0,0,0,0,178.748963182352,0,0,134.960780198024,0,0,92.5207898118833,161.275817184598,0,0,124.698445421759,168.241326865882,202.712457066107,231.715271819474,0,0,0,151.695570509541,106.533627130087,196.04190773555,0,0,0,153.453047983244,193.63278243493
0,0,0,0,0,0,0,0,0,0,0,85.6072705949986,0,0,0,171.906398392157,0,0,0,241.682021696872,0,0,0,106.128596538706,0,0,0,226.825099357786,58.3493451392805,133.984214699576,0,0,0,0,300.031143529538,0,0,89.9429017381717,115.332064605654,206.472608421747,0
0,155.901486485736,0,253.401634605989,0,0,171.230058197369,0,0,0,62.311273509377,80.4367166559625,0,0,0,94.7280504127031,0,0,0,139.792601838991,0,0,153.672550905948,0,0,82.6426202489162,96.7845769653343,146.465927798921,309.997227542691,0,0,173.059382066957,0,154.142998692322,219.078548227669,94.7529894315991,0,153.876396855887,0,104.915316975638,0
0,0,0,137.189596148386,0,146.99041817625,0,0,0,62.311273509377,0,76.5072790361762,0,158.567996645797,0,0,0,0,219.040656038919,0,0,0,0,0,0,66.5008477853491,142.385058730083,249.798812580765,345.797434674459,0,0,306.344527664232,0,335.371040201042,262.382215657622,143.005810983322,353.822894641502,0,0,320.356811100276,0
0,0,0,241.57250333243,0,329.719143597451,122.106946855269,138.425725342224,85.6072705949986,80.4367166559625,76.5072790361762,0,0,0,0,0,0,0,161.302948562323,115.194491798135,0,0,0,0,0,0,188.936291522747,146.814226519809,0,259.442917595754,347.376449530863,173.001559092555,179.718364159796,125.416941482916,101.443495235174,0,173.538155409849,348.674510760064,197.486504603685,89.1590885155172,0
0,0,0,0,0,0,0,0,0,0,0,0,0,0,0,0,0,0,0,0,0,0,357.423078228283,0,0,0,108.381749703452,0,0,0,0,0,0,137.239127032733,0,0,94.027247878695,0,73.4795582048751,160.537522273714,0
289.631679007608,0,0,0,0,0,338.131802716296,0,0,0,158.567996645797,0,0,0,0,0,0,98.417953423071,80.8080171296381,0,0,0,0,0,159.183173818572,92.3502314520023,0,204.481117647118,0,0,0,0,101.5853655613,193.777661225572,165.893015276821,0,0,0,231.050882209,220.963068032256,113.059176128709
0,0,0,0,215.611029055736,151.806152521152,199.492852797962,0,0,0,0,0,0,0,0,0,0,125.994729980093,0,104.369974912428,0,0,0,228.075434767255,0,94.126460729827,186.348837226466,0,0,0,0,0,0,154.070293657878,0,116.176698124939,93.4234866874731,0,0,0,99.2646516363145
0,173.201474590904,0,0,0,0,261.605527103798,0,171.906398392157,94.7280504127031,0,0,0,0,0,0,0,0,0,151.01089327964,0,0,0,0,0,0,172.892533368851,78.9559315574845,0,0,0,0,0,180.355266595273,85.7623170715703,0,100.812745974529,0,0,250.461724766314,0
0,0,0,0,0,0,0,178.748963182352,0,0,0,0,0,0,0,0,0,0,0,0,0,0,94.9380989123498,101.350815329073,175.196329314064,0,0,89.3673883748406,0,0,0,0,120.912756812582,0,0,169.453147353278,155.24952173131,137.177378802006,0,251.098274723989,0
0,0,0,0,0,0,0,0,0,0,0,0,0,98.417953423071,125.994729980093,0,0,0,183.786860782462,0,131.969743415579,0,0,222.053792850439,0,82.6299537488922,0,0,0,0,82.4756938751058,0,0,0,0,82.1742780037132,0,81.9664354533492,0,0,0
0,0,0,0,0,151.075371308616,0,0,0,0,219.040656038919,161.302948562323,0,80.8080171296381,0,0,0,183.786860782462,0,0,92.5568465385234,0,241.635434294794,0,0,0,141.204637091722,187.77054666536,0,0,0,0,0,0,0,333.645516435298,0,0,0,118.522099274347,284.529238481835
0,0,0,177.763106506206,106.33736463831,0,178.683678585178,134.960780198024,241.682021696872,139.792601838991,0,115.194491798135,0,0,104.369974912428,151.01089327964,0,0,0,0,0,0,180.90030328818,238.934743274142,0,0,119.345624434514,110.384905066973,120.567029282014,0,0,0,0,195.378266313867,0,0,280.376028997576,0,0,135.294330067913,0
0,0,0,153.609372090384,205.09013266389,325.937289045041,0,0,0,0,0,0,0,0,0,0,0,131.969743415579,92.5568465385234,0,0,0,0,0,0,115.114253591495,0,0,139.654362654449,0,0,228.792310020318,0,0,99.3508940827211,314.611698427915,209.996727521564,0,0,146.770754374523,163.945208919892
0,0,0,0,0,0,0,0,0,0,0,0,0,0,0,0,0,0,0,0,0,0,0,0,178.224497384947,0,0,95.7590805983148,135.667029391615,0,0,0,0,323.781250289068,151.036729364761,263.534399241887,167.066576495979,0,276.620869034647,0,0
0,0,0,125.81518738273,218.045528847001,0,0,92.5207898118833,0,153.672550905948,0,0,357.423078228283,0,0,0,94.9380989123498,0,241.635434294794,180.90030328818,0,0,0,0,0,201.44584889478,154.784755881607,89.707245288964,0,0,0,0,0,217.157696745803,0,0,138.33942793804,114.511014214502,0,0,117.208001126138
139.93285932648,0,0,227.504408813069,106.926813611922,90.7216186966914,0,161.275817184598,106.128596538706,0,0,0,0,0,228.075434767255,0,101.350815329073,222.053792850439,0,238.934743274142,0,0,0,0,0,283.248188884028,0,0,67.8267069095267,193.055010680236,0,0,0,114.649126378906,212.592150359921,193.659409924573,0,98.6790043377568,0,97.5855511246009,169.742003380707
0,0,0,0,0,0,0,0,0,0,0,0,0,159.183173818572,0,0,175.196329314064,0,0,0,0,178.224497384947,0,0,0,0,0,0,116.054372245433,128.405764333981,0,0,0,161.694997919804,154.065933476765,0,90.1317194604647,0,0,191.519780382943,204.084074037941
0,0,0,0,0,0,0,0,0,82.6426202489162,66.5008477853491,0,0,92.3502314520023,94.126460729827,0,0,82.6299537488922,0,0,115.114253591495,0,201.44584889478,283.248188884028,0,0,180.543851962045,240.185081663983,0,0,142.054529471577,84.3635741045246,0,190.185165668632,97.3506957544063,73.1029054543569,101.605593487621,269.936825670274,196.032358954952,119.728129215699,111.435629183184
0,72.2278283150671,0,0,160.530221557972,87.8456058929559,0,124.698445421759,0,96.7845769653343,142.385058730083,188.936291522747,108.381749703452,0,186.348837226466,172.892533368851,0,0,141.204637091722,119.345624434514,0,0,154.784755881607,0,0,180.543851962045,0,0,0,0,0,0,0,71.5579325720569,321.124897279917,0,115.871357769661,0,303.527509149359,184.249961885477,74.5815074003433
134.566479261133,0,306.640284138334,219.430938885781,0,0,321.864157986053,168.241326865882,226.825099357786,146.465927798921,249.798812580765,146.814226519809,0,204.481117647118,0,78.9559315574845,89.3673883748406,0,187.77054666536,110.384905066973,0,95.7590805983148,89.707245288964,0,0,240.185081663983,0,0,174.013630695256,0,211.840482897052,145.74089716123,0,214.116367924649,115.541295036174,220.901129804706,236.681907140956,161.325017232684,133.218162784108,0,223.705816669619
0,0,0,0,224.551207449728,158.955087279859,0,202.712457066107,58.3493451392805,309.997227542691,345.797434674459,0,0,0,0,0,0,0,0,120.567029282014,139.654362654449,135.667029391615,0,67.8267069095267,116.054372245433,0,0,174.013630695256,0,148.808626413748,0,0,225.013371621378,205.839960264176,71.4788760670054,128.846764897717,128.530575464043,162.833808134102,0,108.136066660554,165.597665022977
0,0,0,0,0,61.0664810463559,0,231.715271819474,133.984214699576,0,0,259.442917595754,0,0,0,0,0,0,0,0,0,0,0,193.055010680236,128.405764333981,0,0,0,148.808626413748,0,0,0,0,0,74.4197823064597,0,194.442125915551,96.5937438588657,0,232.945974238958,0
0,0,0,0,157.852515740516,0,0,0,0,0,0,347.376449530863,0,0,0,0,0,82.4756938751058,0,0,0,0,0,0,0,142.054529471577,0,211.840482897052,0,0,0,0,0,0,0,0,0,192.693757128262,0,0,0
0,0,0,140.574866691684,205.183249704085,0,0,0,0,173.059382066957,306.344527664232,173.001559092555,0,0,0,0,0,0,0,0,228.792310020318,0,0,0,0,84.3635741045246,0,145.74089716123,0,0,0,0,0,0,0,0,200.878319874537,0,75.4497121078207,0,62.859596780235
0,0,0,0,0,0,0,0,0,0,0,179.718364159796,0,101.5853655613,0,0,120.912756812582,0,0,0,0,0,0,0,0,0,0,0,225.013371621378,0,0,0,0,0,0,0,0,94.8881692391942,0,0,0
0,195.314816908693,181.316358113209,0,97.3232815600345,0,150.161410108805,151.695570509541,0,154.142998692322,335.371040201042,125.416941482916,137.239127032733,193.777661225572,154.070293657878,180.355266595273,0,0,0,195.378266313867,0,323.781250289068,217.157696745803,114.649126378906,161.694997919804,190.185165668632,71.5579325720569,214.116367924649,205.839960264176,0,0,0,0,0,115.868441404982,255.441154257905,198.528111506785,192.135034768848,78.8552325762656,0,0
0,0,93.5029580098427,192.601533877686,0,101.85207633558,283.88658203332,106.533627130087,300.031143529538,219.078548227669,262.382215657622,101.443495235174,0,165.893015276821,0,85.7623170715703,0,0,0,0,99.3508940827211,151.036729364761,0,212.592150359921,154.065933476765,97.3506957544063,321.124897279917,115.541295036174,71.4788760670054,74.4197823064597,0,0,0,115.868441404982,0,0,136.685314494491,259.055025639447,0,113.144980278377,242.790381480436
0,0,0,0,0,0,252.487290983309,196.04190773555,0,94.7529894315991,143.005810983322,0,0,0,116.176698124939,0,169.453147353278,82.1742780037132,333.645516435298,0,314.611698427915,263.534399241887,0,193.659409924573,0,73.1029054543569,0,220.901129804706,128.846764897717,0,0,0,0,255.441154257905,0,0,198.964527389285,0,172.608400267715,197.893790332676,101.895308036513
206.912707094411,221.805809452716,195.822649557859,0,103.519938150021,112.793316814908,213.67670887414,0,0,0,353.822894641502,173.538155409849,94.027247878695,0,93.4234866874731,100.812745974529,155.24952173131,0,0,280.376028997576,209.996727521564,167.066576495979,138.33942793804,0,90.1317194604647,101.605593487621,115.871357769661,236.681907140956,128.530575464043,194.442125915551,0,200.878319874537,0,198.528111506785,136.685314494491,198.964527389285,0,249.905610015455,112.823430872325,81.2827395071039,111.226326353722
0,136.792307586862,164.032723165762,0,0,0,0,0,89.9429017381717,153.876396855887,0,348.674510760064,0,0,0,0,137.177378802006,81.9664354533492,0,0,0,0,114.511014214502,98.6790043377568,0,269.936825670274,0,161.325017232684,162.833808134102,96.5937438588657,192.693757128262,0,94.8881692391942,192.135034768848,259.055025639447,0,249.905610015455,0,163.059043292369,201.100640800745,0
0,74.7304794244225,0,0,0,0,0,0,115.332064605654,0,0,197.486504603685,73.4795582048751,231.050882209,0,0,0,0,0,0,0,276.620869034647,0,0,0,196.032358954952,303.527509149359,133.218162784108,0,0,0,75.4497121078207,0,78.8552325762656,0,172.608400267715,112.823430872325,163.059043292369,0,0,188.851177466023
0,0,0,0,224.523755099568,124.853650664477,0,153.453047983244,206.472608421747,104.915316975638,320.356811100276,89.1590885155172,160.537522273714,220.963068032256,0,250.461724766314,251.098274723989,0,118.522099274347,135.294330067913,146.770754374523,0,0,97.5855511246009,191.519780382943,119.728129215699,184.249961885477,0,108.136066660554,232.945974238958,0,0,0,0,113.144980278377,197.893790332676,81.2827395071039,201.100640800745,0,0,186.973586461633
98.2230592632363,0,0,0,112.349934713559,261.440278806413,0,193.63278243493,0,0,0,0,0,113.059176128709,99.2646516363145,0,0,0,284.529238481835,0,163.945208919892,0,117.208001126138,169.742003380707,204.084074037941,111.435629183184,74.5815074003433,223.705816669619,165.597665022977,0,0,62.859596780235,0,0,242.790381480436,101.895308036513,111.226326353722,0,188.851177466023,186.973586461633,0
