0,0,0,0,0,74.7304794244225,0,0,0,78.8552325762656,0,0,0,0,0,0,0,0,0,0,0,0,0,0,0,0,135.667029391615,101.350815329073,0,0,0,0,0,96.5937438588657,173.201474590904,0,0,0,0,0,0
0,0,0,0,0,0,165.893015276821,0,0,238.934743274142,357.423078228283,82.6426202489162,0,0,0,0,0,0,0,0,0,0,0,0,0,0,0,0,0,0,0,173.001559092555,0,300.031143529538,0,0,204.481117647118,0,0,0,0
0,0,0,0,106.128596538706,61.0664810463559,314.611698427915,0,0,0,0,0,0,0,0,0,0,0,0,0,0,0,0,0,0,0,0,0,0,0,0,0,0,0,154.065933476765,0,0,0,118.522099274347,0,0
0,0,0,0,0,0,0,0,104.369974912428,0,0,62.859596780235,0,215.611029055736,0,0,0,0,0,0,0,0,0,213.67670887414,128.405764333981,303.527509149359,0,136.792307586862,195.822649557859,81.2827395071039,0,217.157696745803,0,0,80.8080171296381,0,0,0,228.075434767255,146.465927798921,0
0,0,106.128596538706,0,0,0,0,0,84.3635741045246,0,0,306.344527664232,0,0,0,168.241326865882,0,0,94.126460729827,0,0,0,0,111.226326353722,0,0,0,186.973586461633,155.901486485736,0,0,0,0,172.892533368851,98.6790043377568,219.040656038919,198.964527389285,201.100640800745,0,289.631679007608,0
74.7304794244225,0,61.0664810463559,0,0,0,0,153.876396855887,142.385058730083,0,219.078548227669,82.1742780037132,0,0,161.275817184598,0,0,0,0,205.839960264176,0,0,0,0,148.808626413748,0,228.792310020318,146.770754374523,0,0,108.381749703452,0,0,71.5579325720569,202.712457066107,0,0,0,0,0,0
0,165.893015276821,314.611698427915,0,0,0,0,101.443495235174,85.7623170715703,161.74915061469,0,0,0,0,0,0,0,0,0,0,178.224497384947,220.901129804706,0,0,269.936825670274,347.376449530863,0,0,0,0,0,0,0,0,0,137.189596148386,97.3506957544063,0,143.005810983322,0,62.311273509377
0,0,0,0,0,153.876396855887,101.443495235174,0,0,177.763106506206,0,0,0,153.672550905948,0,0,75.4497121078207,0,345.797434674459,169.453147353278,0,0,338.131802716296,0,0,193.659409924573,224.551207449728,125.81518738273,180.543851962045,0,0,0,0,0,0,0,226.825099357786,259.442917595754,0,111.435629183184,74.4197823064597
0,0,0,104.369974912428,84.3635741045246,142.385058730083,85.7623170715703,0,0,0,0,309.997227542691,0,0,0,163.945208919892,183.786860782462,191.519780382943,0,0,0,0,76.5072790361762,0,0,320.356811100276,161.694997919804,0,0,0,0,0,0,0,0,0,0,0,0,0,0
78.8552325762656,238.934743274142,0,0,0,0,161.74915061469,177.763106506206,0,0,0,138.425725342224,0,0,103.519938150021,160.537522273714,0,125.994729980093,0,0,0,0,0,0,0,197.893790332676,138.33942793804,325.937289045041,0,99.3508940827211,0,112.793316814908,0,120.567029282014,175.196329314064,0,151.695570509541,0,261.440278806413,145.74089716123,0
0,357.423078228283,0,0,0,219.078548227669,0,0,0,0,0,0,0,116.054372245433,231.715271819474,0,0,0,0,242.790381480436,0,0,93.5029580098427,0,0,80.4367166559625,73.1029054543569,0,154.070293657878,0,0,158.955087279859,0,0,140.574866691684,173.538155409849,167.066576495979,261.605527103798,0,96.7845769653343,250.461724766314
0,82.6426202489162,0,62.859596780235,306.344527664232,82.1742780037132,0,0,309.997227542691,138.425725342224,0,0,0,0,128.530575464043,0,0,0,0,94.9380989123498,0,0,106.533627130087,58.3493451392805,171.906398392157,0,219.430938885781,333.645516435298,0,247.66948903751,0,0,0,171.230058197369,165.597665022977,128.846764897717,115.332064605654,0,100.812745974529,67.8267069095267,194.442125915551
0,0,0,0,0,0,0,0,0,0,0,0,0,115.868441404982,0,0,0,0,0,0,0,157.852515740516,0,0,0,0,0,240.185081663983,0,81.9664354533492,0,0,0,0,0,0,0,146.99041817625,0,71.4788760670054,0
0,0,0,215.611029055736,0,0,0,153.672550905948,0,0,116.054372245433,0,115.868441404982,0,0,0,0,0,199.492852797962,90.1317194604647,0,0,0,0,0,120.912756812582,139.93285932648,0,181.316358113209,0,0,0,0,106.926813611922,187.77054666536,0,180.90030328818,0,0,139.792601838991,283.248188884028
0,0,0,0,0,161.275817184598,0,0,0,103.519938150021,231.715271819474,128.530575464043,0,0,0,0,0,188.851177466023,0,0,0,0,0,137.177378802006,0,0,78.9559315574845,106.33736463831,112.823430872325,0,0,231.050882209,0,0,92.3502314520023,0,101.85207633558,0,0,0,0
0,0,0,0,168.241326865882,0,0,0,163.945208919892,160.537522273714,0,0,0,0,0,0,0,0,0,0,184.249961885477,93.4234866874731,0,0,0,0,214.116367924649,122.106946855269,0,0,0,0,0,280.376028997576,0,0,89.707245288964,0,89.9429017381717,72.2278283150671,0
0,0,0,0,0,0,0,75.4497121078207,183.786860782462,0,0,0,0,0,0,0,0,0,0,95.7590805983148,0,0,0,164.032723165762,0,0,0,0,205.09013266389,0,195.314816908693,0,0,253.401634605989,193.63278243493,0,178.683678585178,155.24952173131,0,0,0
0,0,0,0,0,0,0,0,191.519780382943,125.994729980093,0,0,0,0,188.851177466023,0,0,0,0,0,0,0,0,0,0,0,0,321.864157986053,0,180.355266595273,0,0,262.382215657622,0,159.183173818572,134.960780198024,209.996727521564,0,0,0,0
0,0,0,0,94.126460729827,0,0,345.797434674459,0,0,0,0,0,199.492852797962,0,0,0,0,0,0,0,0,151.036729364761,0,0,0,94.7280504127031,173.059382066957,0,321.124897279917,0,0,0,193.777661225572,0,0,150.161410108805,135.294330067913,0,116.176698124939,218.045528847001
0,0,0,0,0,205.839960264176,0,169.453147353278,0,0,242.790381480436,94.9380989123498,0,90.1317194604647,0,0,95.7590805983148,0,0,0,89.3673883748406,0,0,119.345624434514,0,0,112.349934713559,146.814226519809,101.895308036513,0,0,0,0,192.693757128262,101.605593487621,0,97.3232815600345,174.013630695256,0,259.055025639447,196.04190773555
0,0,0,0,0,0,178.224497384947,0,0,0,0,0,0,0,0,184.249961885477,0,0,0,89.3673883748406,0,0,0,90.7216186966914,0,154.784755881607,0,139.654362654449,0,0,0,0,0,212.592150359921,151.01089327964,236.681907140956,306.640284138334,353.822894641502,0,241.57250333243,70.4221432298295
0,0,0,0,0,0,220.901129804706,0,0,0,0,0,157.852515740516,0,0,93.4234866874731,0,0,0,0,0,0,0,284.529238481835,0,0,0,0,169.742003380707,0,0,0,0,0,0,115.194491798135,94.7529894315991,0,0,0,208.005106191961
0,0,0,0,0,0,0,338.131802716296,76.5072790361762,0,93.5029580098427,106.533627130087,0,0,0,0,0,0,151.036729364761,0,0,0,0,0,162.833808134102,0,66.5008477853491,131.969743415579,82.6299537488922,113.059176128709,0,0,0,117.208001126138,204.084074037941,110.384905066973,0,0,0,99.2646516363145,205.183249704085
0,0,0,213.67670887414,111.226326353722,0,0,0,0,0,0,58.3493451392805,0,0,137.177378802006,0,164.032723165762,0,0,119.345624434514,90.7216186966914,284.529238481835,0,0,0,94.8881692391942,0,335.371040201042,192.601533877686,0,0,188.936291522747,0,283.88658203332,115.541295036174,101.5853655613,124.853650664477,153.609372090384,221.805809452716,113.144980278377,0
0,0,0,128.405764333981,0,148.808626413748,269.936825670274,0,0,0,0,171.906398392157,0,0,0,0,0,0,0,0,0,0,162.833808134102,0,0,124.698445421759,0,178.748963182352,0,0,0,0,190.185165668632,0,0,0,115.871357769661,0,0,252.487290983309,0
0,0,0,303.527509149359,0,0,347.376449530863,193.659409924573,320.356811100276,197.893790332676,80.4367166559625,0,0,120.912756812582,0,0,0,0,0,0,154.784755881607,0,0,94.8881692391942,124.698445421759,0,0,186.348837226466,329.719143597451,225.013371621378,224.523755099568,0,151.806152521152,232.945974238958,0,125.416941482916,196.032358954952,241.682021696872,0,0,154.142998692322
135.667029391615,0,0,0,0,228.792310020318,0,224.551207449728,161.694997919804,138.33942793804,73.1029054543569,219.430938885781,0,139.93285932648,78.9559315574845,214.116367924649,0,0,94.7280504127031,112.349934713559,0,0,66.5008477853491,0,0,0,0,249.798812580765,0,0,0,220.963068032256,0,98.417953423071,0,0,263.534399241887,0,223.705816669619,348.674510760064,92.5207898118833
101.350815329073,0,0,136.792307586862,186.973586461633,146.770754374523,0,125.81518738273,0,325.937289045041,0,333.645516435298,240.185081663983,0,106.33736463831,122.106946855269,0,321.864157986053,173.059382066957,146.814226519809,139.654362654449,0,131.969743415579,335.371040201042,178.748963182352,186.348837226466,249.798812580765,0,74.5815074003433,0,104.915316975638,0,0,200.878319874537,119.728129215699,206.472608421747,193.055010680236,114.649126378906,0,161.325017232684,0
0,0,0,195.822649557859,155.901486485736,0,0,180.543851962045,0,0,154.070293657878,0,0,181.316358113209,112.823430872325,0,205.09013266389,0,0,101.895308036513,0,169.742003380707,82.6299537488922,192.601533877686,0,329.719143597451,0,74.5815074003433,0,0,172.608400267715,255.441154257905,73.4795582048751,222.053792850439,195.378266313867,276.620869034647,89.1590885155172,0,0,0,179.718364159796
0,0,0,81.2827395071039,0,0,0,0,0,99.3508940827211,0,247.66948903751,81.9664354533492,0,0,0,0,180.355266595273,321.124897279917,0,0,0,113.059176128709,0,0,225.013371621378,0,0,0,0,0,0,0,136.685314494491,94.027247878695,0,0,163.059043292369,0,0,0
0,0,0,0,0,108.381749703452,0,0,0,0,0,0,0,0,0,0,195.314816908693,0,0,0,0,0,0,0,0,224.523755099568,0,104.915316975638,172.608400267715,0,0,0,0,0,0,0,0,108.136066660554,0,0,0
0,173.001559092555,0,217.157696745803,0,0,0,0,0,112.793316814908,158.955087279859,0,0,0,231.050882209,0,0,0,0,0,0,0,0,188.936291522747,0,0,220.963068032256,0,255.441154257905,0,0,0,0,0,0,114.511014214502,82.4756938751058,0,0,0,92.5568465385234
0,0,0,0,0,0,0,0,0,0,0,0,0,0,0,0,0,262.382215657622,0,0,0,0,0,0,190.185165668632,151.806152521152,0,0,73.4795582048751,0,0,0,0,0,0,0,0,0,0,133.984214699576,0
96.5937438588657,300.031143529538,0,0,172.892533368851,71.5579325720569,0,0,0,120.567029282014,0,171.230058197369,0,106.926813611922,0,280.376028997576,253.401634605989,0,193.777661225572,192.693757128262,212.592150359921,0,117.208001126138,283.88658203332,0,232.945974238958,98.417953423071,200.878319874537,222.053792850439,136.685314494491,0,0,0,0,323.781250289068,133.218162784108,201.44584889478,137.239127032733,192.135034768848,141.204637091722,160.530221557972
173.201474590904,0,154.065933476765,80.8080171296381,98.6790043377568,202.712457066107,0,0,0,175.196329314064,140.574866691684,165.597665022977,0,187.77054666536,92.3502314520023,0,193.63278243493,159.183173818572,0,101.605593487621,151.01089327964,0,204.084074037941,115.541295036174,0,0,0,119.728129215699,195.378266313867,94.027247878695,0,0,0,323.781250289068,0,0,142.054529471577,198.528111506785,227.504408813069,158.567996645797,241.635434294794
0,0,0,0,219.040656038919,0,137.189596148386,0,0,0,173.538155409849,128.846764897717,0,0,0,0,0,134.960780198024,0,0,236.681907140956,115.194491798135,110.384905066973,101.5853655613,0,125.416941482916,0,206.472608421747,276.620869034647,0,0,114.511014214502,0,133.218162784108,0,0,206.912707094411,85.6072705949986,134.566479261133,109.093416850988,161.302948562323
0,204.481117647118,0,0,198.964527389285,0,97.3506957544063,226.825099357786,0,151.695570509541,167.066576495979,115.332064605654,0,180.90030328818,101.85207633558,89.707245288964,178.683678585178,209.996727521564,150.161410108805,97.3232815600345,306.640284138334,94.7529894315991,0,124.853650664477,115.871357769661,196.032358954952,263.534399241887,193.055010680236,89.1590885155172,0,0,82.4756938751058,0,201.44584889478,142.054529471577,206.912707094411,0,251.098274723989,87.8456058929559,98.2230592632363,197.486504603685
0,0,0,0,201.100640800745,0,0,259.442917595754,0,0,261.605527103798,0,146.99041817625,0,0,0,155.24952173131,0,135.294330067913,174.013630695256,353.822894641502,0,0,153.609372090384,0,241.682021696872,0,114.649126378906,0,163.059043292369,108.136066660554,0,0,137.239127032733,198.528111506785,85.6072705949986,251.098274723989,0,249.905610015455,97.5855511246009,151.075371308616
0,0,118.522099274347,228.075434767255,0,0,143.005810983322,0,0,261.440278806413,0,100.812745974529,0,0,0,89.9429017381717,0,0,0,0,0,0,0,221.805809452716,0,0,223.705816669619,0,0,0,0,0,0,192.135034768848,227.504408813069,134.566479261133,87.8456058929559,249.905610015455,0,153.453047983244,211.840482897052
0,0,0,146.465927798921,289.631679007608,0,0,111.435629183184,0,145.74089716123,96.7845769653343,67.8267069095267,71.4788760670054,139.792601838991,0,72.2278283150671,0,0,116.176698124939,259.055025639447,241.57250333243,0,99.2646516363145,113.144980278377,252.487290983309,0,348.674510760064,161.325017232684,0,0,0,0,133.984214699576,141.204637091722,158.567996645797,109.093416850988,98.2230592632363,97.5855511246009,153.453047983244,0,115.114253591495
0,0,0,0,0,0,62.311273509377,74.4197823064597,0,0,250.461724766314,194.442125915551,0,283.248188884028,0,0,0,0,218.045528847001,196.04190773555,70.4221432298295,208.005106191961,205.183249704085,0,0,154.142998692322,92.5207898118833,0,179.718364159796,0,0,92.5568465385234,0,160.530221557972,241.635434294794,161.302948562323,197.486504603685,151.075371308616,211.840482897052,115.114253591495,0
