0,0,0,155.24952173131,0,0,0,0,0,0,0,0,0,0,0,0,0,0,0,0,0,0,0,0,0,0,0,214.116367924649,0,0,0,283.88658203332,0,0,357.423078228283,0,202.712457066107,0,0,151.806152521152,0
0,0,0,0,0,0,154.142998692322,0,0,0,0,93.4234866874731,0,0,0,0,0,128.405764333981,0,0,0,0,0,146.99041817625,0,0,0,0,89.1590885155172,0,0,0,0,0,0,82.1742780037132,195.822649557859,0,0,0,0
0,0,0,0,0,0,0,0,0,0,106.533627130087,0,0,0,0,0,0,0,0,0,0,0,0,115.194491798135,0,0,0,0,0,0,169.453147353278,0,0,72.2278283150671,0,0,120.567029282014,0,0,0,0
155.24952173131,0,0,0,0,0,0,0,0,92.5207898118833,0,99.3508940827211,0,0,0,0,0,128.846764897717,0,0,0,173.059382066957,134.960780198024,0,0,0,240.185081663983,0,139.93285932648,0,0,0,0,0,0,0,178.748963182352,151.01089327964,116.176698124939,333.645516435298,205.839960264176
0,0,0,0,0,163.059043292369,0,165.597665022977,0,0,0,115.541295036174,0,0,58.3493451392805,249.905610015455,0,0,0,73.4795582048751,0,0,164.032723165762,0,0,193.63278243493,0,137.177378802006,247.66948903751,0,0,0,0,108.381749703452,138.425725342224,98.417953423071,0,0,0,157.852515740516,0
0,0,0,0,163.059043292369,0,190.185165668632,0,0,0,0,89.3673883748406,0,80.4367166559625,0,0,0,0,226.825099357786,0,0,0,0,0,211.840482897052,112.823430872325,242.790381480436,111.226326353722,153.672550905948,0,0,0,0,192.693757128262,0,0,222.053792850439,101.5853655613,0,0,117.208001126138
0,154.142998692322,0,0,0,190.185165668632,0,228.792310020318,115.868441404982,0,200.878319874537,115.114253591495,0,0,0,135.667029391615,0,0,0,0,0,0,0,0,197.486504603685,106.128596538706,0,0,0,145.74089716123,0,0,0,0,74.4197823064597,62.311273509377,95.7590805983148,0,0,0,0
0,0,0,0,165.597665022977,0,228.792310020318,0,0,94.7529894315991,0,161.694997919804,0,137.189596148386,0,219.040656038919,0,0,0,0,0,0,0,348.674510760064,0,94.8881692391942,0,104.369974912428,201.100640800745,0,0,0,0,188.936291522747,0,353.822894641502,135.294330067913,0,148.808626413748,151.695570509541,97.5855511246009
0,0,0,0,0,0,115.868441404982,0,0,335.371040201042,0,0,0,0,101.605593487621,0,0,0,0,0,0,0,0,206.912707094411,0,82.6426202489162,0,74.5815074003433,0,0,0,259.442917595754,0,138.33942793804,0,99.2646516363145,236.681907140956,186.348837226466,0,0,0
0,0,0,92.5207898118833,0,0,0,94.7529894315991,335.371040201042,0,61.0664810463559,0,0,289.631679007608,125.81518738273,220.963068032256,114.511014214502,0,0,0,150.161410108805,0,0,97.3232815600345,0,0,0,101.85207633558,89.9429017381717,0,0,0,0,231.715271819474,0,74.7304794244225,92.5568465385234,0,276.620869034647,345.797434674459,113.059176128709
0,0,106.533627130087,0,0,0,200.878319874537,0,0,61.0664810463559,0,187.77054666536,0,120.912756812582,146.770754374523,0,0,0,0,0,0,0,0,171.230058197369,0,0,0,201.44584889478,142.385058730083,195.378266313867,228.075434767255,0,0,175.196329314064,94.027247878695,0,67.8267069095267,106.33736463831,184.249961885477,0,0
0,93.4234866874731,0,99.3508940827211,115.541295036174,89.3673883748406,115.114253591495,161.694997919804,0,0,187.77054666536,0,0,0,0,163.945208919892,0,0,0,241.682021696872,0,172.608400267715,0,0,306.640284138334,0,198.964527389285,204.084074037941,224.523755099568,151.036729364761,0,0,0,66.5008477853491,241.635434294794,181.316358113209,160.537522273714,0,139.792601838991,0,94.126460729827
0,0,0,0,0,0,0,0,0,0,0,0,0,219.430938885781,0,0,0,0,0,0,0,0,0,0,0,208.005106191961,0,249.798812580765,0,0,0,94.7280504127031,0,0,0,75.4497121078207,0,0,0,73.1029054543569,0
0,0,0,0,0,80.4367166559625,0,137.189596148386,0,289.631679007608,120.912756812582,0,219.430938885781,0,0,213.67670887414,165.893015276821,0,0,0,0,0,0,180.355266595273,0,0,160.530221557972,116.054372245433,0,0,0,104.915316975638,0,0,101.443495235174,0,193.055010680236,112.793316814908,0,0,0
0,0,0,0,58.3493451392805,0,0,0,101.605593487621,125.81518738273,146.770754374523,0,0,0,0,0,0,0,0,0,158.955087279859,0,197.893790332676,0,0,0,98.2230592632363,0,0,0,0,0,0,263.534399241887,115.871357769661,0,0,124.853650664477,0,198.528111506785,101.350815329073
0,0,0,0,249.905610015455,0,135.667029391615,219.040656038919,0,220.963068032256,0,163.945208919892,0,213.67670887414,0,0,194.442125915551,0,0,0,0,0,0,0,0,0,0,178.224497384947,0,205.09013266389,0,0,0,0,92.3502314520023,0,0,0,136.792307586862,0,0
0,0,0,0,0,0,0,0,0,114.511014214502,0,0,0,165.893015276821,0,194.442125915551,0,0,0,0,0,0,0,0,0,0,142.054529471577,94.9380989123498,0,0,0,0,180.543851962045,0,0,180.90030328818,224.551207449728,0,0,100.812745974529,82.6299537488922
0,128.405764333981,0,128.846764897717,0,0,0,0,0,0,0,0,0,0,0,0,0,0,220.901129804706,96.5937438588657,140.574866691684,0,0,0,255.441154257905,0,0,0,0,0,0,0,0,119.728129215699,0,0,71.5579325720569,0,0,114.649126378906,0
0,0,0,0,0,226.825099357786,0,0,0,0,0,0,0,0,0,0,0,220.901129804706,0,177.763106506206,0,0,0,186.973586461633,0,125.416941482916,218.045528847001,81.9664354533492,0,0,0,183.786860782462,0,0,284.529238481835,0,0,76.5072790361762,122.106946855269,0,141.204637091722
0,0,0,0,73.4795582048751,0,0,0,0,0,0,241.682021696872,0,0,0,0,0,96.5937438588657,177.763106506206,0,0,323.781250289068,0,93.5029580098427,131.969743415579,223.705816669619,171.906398392157,227.504408813069,87.8456058929559,0,0,253.401634605989,0,169.742003380707,215.611029055736,78.9559315574845,0,111.435629183184,0,192.135034768848,0
0,0,0,0,0,0,0,0,0,150.161410108805,0,0,0,0,158.955087279859,0,0,140.574866691684,0,0,0,0,151.075371308616,162.833808134102,0,173.538155409849,283.248188884028,78.8552325762656,159.183173818572,0,0,0,0,62.859596780235,206.472608421747,0,124.698445421759,0,0,0,251.098274723989
0,0,0,173.059382066957,0,0,0,0,0,0,0,172.608400267715,0,0,0,0,0,0,0,323.781250289068,0,0,0,119.345624434514,0,321.124897279917,0,0,231.050882209,0,0,0,0,0,0,0,300.031143529538,261.440278806413,0,0,0
0,0,0,134.960780198024,164.032723165762,0,0,0,0,0,0,0,0,0,197.893790332676,0,0,0,0,0,151.075371308616,0,0,204.481117647118,153.609372090384,154.784755881607,98.6790043377568,136.685314494491,139.654362654449,0,0,0,0,71.4788760670054,133.218162784108,0,167.066576495979,259.055025639447,0,238.934743274142,0
0,146.99041817625,115.194491798135,0,0,0,0,348.674510760064,206.912707094411,97.3232815600345,171.230058197369,0,0,180.355266595273,0,0,0,0,186.973586461633,93.5029580098427,162.833808134102,119.345624434514,204.481117647118,0,0,314.611698427915,0,0,0,0,0,108.136066660554,0,221.805809452716,329.719143597451,0,153.453047983244,0,161.302948562323,81.2827395071039,0
0,0,0,0,0,211.840482897052,197.486504603685,0,0,0,0,306.640284138334,0,0,0,0,0,255.441154257905,0,131.969743415579,0,0,153.609372090384,0,0,0,0,0,0,0,0,0,0,0,0,0,262.382215657622,80.8080171296381,195.314816908693,84.3635741045246,0
0,0,0,0,193.63278243493,112.823430872325,106.128596538706,94.8881692391942,82.6426202489162,0,0,0,208.005106191961,0,0,0,0,0,125.416941482916,223.705816669619,173.538155409849,321.124897279917,154.784755881607,314.611698427915,0,0,0,0,0,89.707245288964,0,0,0,154.070293657878,173.001559092555,191.519780382943,193.777661225572,158.567996645797,0,112.349934713559,154.065933476765
0,0,0,240.185081663983,0,242.790381480436,0,0,0,0,0,198.964527389285,0,160.530221557972,98.2230592632363,0,142.054529471577,0,218.045528847001,171.906398392157,283.248188884028,0,98.6790043377568,0,0,0,0,85.6072705949986,241.57250333243,250.461724766314,0,115.332064605654,0,192.601533877686,0,97.3506957544063,196.032358954952,137.239127032733,0,103.519938150021,106.926813611922
214.116367924649,0,0,0,137.177378802006,111.226326353722,0,104.369974912428,74.5815074003433,101.85207633558,201.44584889478,204.084074037941,249.798812580765,116.054372245433,0,178.224497384947,94.9380989123498,0,81.9664354533492,227.504408813069,78.8552325762656,0,136.685314494491,0,0,0,85.6072705949986,0,0,0,0,146.465927798921,85.7623170715703,168.241326865882,90.7216186966914,225.013371621378,143.005810983322,155.901486485736,193.659409924573,199.492852797962,306.344527664232
0,89.1590885155172,0,139.93285932648,247.66948903751,153.672550905948,0,201.100640800745,0,89.9429017381717,142.385058730083,224.523755099568,0,0,0,0,0,0,0,87.8456058929559,159.183173818572,231.050882209,139.654362654449,0,0,0,241.57250333243,0,0,219.078548227669,161.275817184598,0,0,134.566479261133,161.74915061469,125.994729980093,90.1317194604647,0,0,161.325017232684,146.814226519809
0,0,0,0,0,0,145.74089716123,0,0,0,195.378266313867,151.036729364761,0,0,0,205.09013266389,0,0,0,0,0,0,0,0,0,89.707245288964,250.461724766314,0,219.078548227669,0,0,0,0,118.522099274347,179.718364159796,209.996727521564,110.384905066973,0,0,0,0
0,0,169.453147353278,0,0,0,0,0,0,0,228.075434767255,0,0,0,0,0,0,0,0,0,0,0,0,0,0,0,0,0,161.275817184598,0,0,0,0,109.093416850988,0,0,0,82.4756938751058,0,309.997227542691,0
283.88658203332,0,0,0,0,0,0,0,259.442917595754,0,0,0,94.7280504127031,104.915316975638,0,0,0,0,183.786860782462,253.401634605989,0,0,0,108.136066660554,0,0,115.332064605654,146.465927798921,0,0,0,0,0,0,338.131802716296,0,0,0,0,0,153.876396855887
0,0,0,0,0,0,0,0,0,0,0,0,0,0,0,0,180.543851962045,0,0,0,0,0,0,0,0,0,0,85.7623170715703,0,0,0,0,0,261.605527103798,212.592150359921,0,0,0,0,252.487290983309,0
0,0,72.2278283150671,0,108.381749703452,192.693757128262,0,188.936291522747,138.33942793804,231.715271819474,175.196329314064,66.5008477853491,0,0,263.534399241887,0,0,119.728129215699,0,169.742003380707,62.859596780235,0,71.4788760670054,221.805809452716,0,154.070293657878,192.601533877686,168.241326865882,134.566479261133,118.522099274347,109.093416850988,0,261.605527103798,0,0,113.144980278377,172.892533368851,303.527509149359,0,128.530575464043,280.376028997576
357.423078228283,0,0,0,138.425725342224,0,74.4197823064597,0,0,0,94.027247878695,241.635434294794,0,101.443495235174,115.871357769661,92.3502314520023,0,0,284.529238481835,215.611029055736,206.472608421747,0,133.218162784108,329.719143597451,0,173.001559092555,0,90.7216186966914,161.74915061469,179.718364159796,0,338.131802716296,212.592150359921,0,0,174.013630695256,347.376449530863,133.984214699576,196.04190773555,269.936825670274,205.183249704085
0,82.1742780037132,0,0,98.417953423071,0,62.311273509377,353.822894641502,99.2646516363145,74.7304794244225,0,181.316358113209,75.4497121078207,0,0,0,180.90030328818,0,0,78.9559315574845,0,0,0,0,0,191.519780382943,97.3506957544063,225.013371621378,125.994729980093,209.996727521564,0,0,0,113.144980278377,174.013630695256,0,0,0,217.157696745803,0,101.895308036513
202.712457066107,195.822649557859,120.567029282014,178.748963182352,0,222.053792850439,95.7590805983148,135.294330067913,236.681907140956,92.5568465385234,67.8267069095267,160.537522273714,0,193.055010680236,0,0,224.551207449728,71.5579325720569,0,0,124.698445421759,300.031143529538,167.066576495979,153.453047983244,262.382215657622,193.777661225572,196.032358954952,143.005810983322,90.1317194604647,110.384905066973,0,0,0,172.892533368851,347.376449530863,0,0,188.851177466023,325.937289045041,320.356811100276,96.7845769653343
0,0,0,151.01089327964,0,101.5853655613,0,0,186.348837226466,0,106.33736463831,0,0,112.793316814908,124.853650664477,0,0,0,76.5072790361762,111.435629183184,0,261.440278806413,259.055025639447,0,80.8080171296381,158.567996645797,137.239127032733,155.901486485736,0,0,82.4756938751058,0,0,303.527509149359,133.984214699576,0,188.851177466023,0,0,178.683678585178,70.4221432298295
0,0,0,116.176698124939,0,0,0,148.808626413748,0,276.620869034647,184.249961885477,139.792601838991,0,0,0,136.792307586862,0,0,122.106946855269,0,0,0,0,161.302948562323,195.314816908693,0,0,193.659409924573,0,0,0,0,0,0,196.04190773555,217.157696745803,325.937289045041,0,0,173.201474590904,232.945974238958
151.806152521152,0,0,333.645516435298,157.852515740516,0,0,151.695570509541,0,345.797434674459,0,0,73.1029054543569,0,198.528111506785,0,100.812745974529,114.649126378906,0,192.135034768848,0,0,238.934743274142,81.2827395071039,84.3635741045246,112.349934713559,103.519938150021,199.492852797962,161.325017232684,0,309.997227542691,0,252.487290983309,128.530575464043,269.936825670274,0,320.356811100276,178.683678585178,173.201474590904,0,321.864157986053
0,0,0,205.839960264176,0,117.208001126138,0,97.5855511246009,0,113.059176128709,0,94.126460729827,0,0,101.350815329073,0,82.6299537488922,0,141.204637091722,0,251.098274723989,0,0,0,0,154.065933476765,106.926813611922,306.344527664232,146.814226519809,0,0,153.876396855887,0,280.376028997576,205.183249704085,101.895308036513,96.7845769653343,70.4221432298295,232.945974238958,321.864157986053,0
