0,0,0,73.4795582048751,110.384905066973,0,0,0,0,0,0,0,0,154.065933476765,0,0,0,0,0,0,0,0,0,0,0,171.230058197369,0,0,0,0,0,0,0,0,115.868441404982,0,154.070293657878,0,0,0,0
0,0,0,0,0,0,0,0,0,0,0,0,0,0,0,0,0,0,0,0,0,137.189596148386,0,0,0,114.649126378906,104.915316975638,0,0,0,0,0,0,118.522099274347,0,133.984214699576,125.416941482916,0,0,236.681907140956,0
0,0,0,0,0,0,178.683678585178,0,0,0,0,0,0,0,0,0,0,0,0,0,255.441154257905,0,0,151.695570509541,333.645516435298,0,0,217.157696745803,0,0,0,0,0,0,0,0,0,0,0,0,0
73.4795582048751,0,0,0,0,0,198.964527389285,0,0,0,180.543851962045,0,0,0,0,196.04190773555,0,0,314.611698427915,0,0,0,0,101.443495235174,0,153.609372090384,284.529238481835,0,0,0,0,0,0,154.784755881607,97.5855511246009,0,101.895308036513,0,0,173.201474590904,228.792310020318
110.384905066973,0,0,0,0,0,220.901129804706,0,84.3635741045246,242.790381480436,0,153.453047983244,0,253.401634605989,0,0,0,0,0,0,0,0,0,0,0,0,173.001559092555,142.385058730083,0,0,0,0,0,0,223.705816669619,187.77054666536,159.183173818572,138.33942793804,0,139.93285932648,228.075434767255
0,0,0,0,0,0,115.332064605654,135.667029391615,0,181.316358113209,0,178.748963182352,0,0,0,0,0,0,0,141.204637091722,0,0,247.66948903751,0,0,66.5008477853491,0,0,131.969743415579,193.777661225572,0,137.177378802006,0,119.728129215699,161.694997919804,0,300.031143529538,94.027247878695,0,0,0
0,0,178.683678585178,198.964527389285,220.901129804706,115.332064605654,0,0,158.955087279859,82.6426202489162,0,124.853650664477,0,0,0,0,171.906398392157,0,0,98.6790043377568,0,94.9380989123498,0,0,0,0,0,161.325017232684,0,0,0,0,0,94.126460729827,0,0,194.442125915551,0,0,0,0
0,0,0,0,0,135.667029391615,0,0,0,0,0,0,0,0,155.901486485736,0,0,0,169.453147353278,0,221.805809452716,280.376028997576,197.486504603685,178.224497384947,0,161.74915061469,195.314816908693,0,99.3508940827211,0,0,206.472608421747,0,0,172.892533368851,0,0,204.084074037941,89.9429017381717,133.218162784108,251.098274723989
0,0,0,0,84.3635741045246,0,158.955087279859,0,0,0,0,0,0,0,0,0,0,0,0,100.812745974529,320.356811100276,0,0,0,0,227.504408813069,101.85207633558,215.611029055736,0,0,0,0,0,146.770754374523,0,163.945208919892,0,202.712457066107,81.2827395071039,0,0
0,0,0,0,242.790381480436,181.316358113209,82.6426202489162,0,0,0,92.5568465385234,0,0,98.2230592632363,78.8552325762656,78.9559315574845,85.7623170715703,195.822649557859,0,0,0,0,0,0,0,321.124897279917,249.798812580765,0,0,148.808626413748,0,0,238.934743274142,108.381749703452,90.1317194604647,0,0,232.945974238958,219.040656038919,101.350815329073,0
0,0,0,180.543851962045,0,0,0,0,0,92.5568465385234,0,205.183249704085,0,0,0,0,0,0,309.997227542691,240.185081663983,0,90.7216186966914,0,0,0,125.81518738273,0,93.4234866874731,81.9664354533492,0,261.440278806413,0,0,161.275817184598,348.674510760064,106.926813611922,222.053792850439,0,0,208.005106191961,165.893015276821
0,0,0,0,153.453047983244,178.748963182352,124.853650664477,0,0,0,205.183249704085,0,0,0,101.605593487621,162.833808134102,200.878319874537,0,0,0,0,0,146.99041817625,205.09013266389,0,0,0,283.88658203332,220.963068032256,211.840482897052,193.055010680236,180.355266595273,0,97.3232815600345,0,197.893790332676,128.530575464043,198.528111506785,180.90030328818,117.208001126138,158.567996645797
0,0,0,0,0,0,0,0,0,0,0,0,0,0,0,0,0,219.078548227669,0,0,0,0,252.487290983309,115.871357769661,0,0,0,96.7845769653343,0,0,0,0,0,0,0,0,226.825099357786,0,0,74.5815074003433,0
154.065933476765,0,0,0,253.401634605989,0,0,0,0,98.2230592632363,0,0,0,0,116.176698124939,0,0,0,0,174.013630695256,0,0,0,113.059176128709,0,167.066576495979,0,150.161410108805,106.33736463831,0,0,0,0,89.707245288964,0,0,120.912756812582,261.605527103798,0,206.912707094411,214.116367924649
0,0,0,0,0,0,0,155.901486485736,0,78.8552325762656,0,101.605593487621,0,116.176698124939,0,0,0,201.100640800745,0,0,0,0,0,0,0,0,0,128.846764897717,0,0,0,0,0,225.013371621378,163.059043292369,0,241.635434294794,0,82.1742780037132,169.742003380707,201.44584889478
0,0,0,196.04190773555,0,0,0,0,0,78.9559315574845,0,162.833808134102,0,0,0,0,0,0,139.654362654449,0,0,0,0,250.461724766314,0,0,0,106.128596538706,186.973586461633,0,0,0,0,0,116.054372245433,125.994729980093,168.241326865882,0,0,93.5029580098427,0
0,0,0,0,0,0,171.906398392157,0,0,85.7623170715703,0,200.878319874537,0,0,0,0,0,0,0,241.57250333243,0,0,71.5579325720569,0,0,0,0,87.8456058929559,99.2646516363145,0,0,0,0,0,224.523755099568,0,0,161.302948562323,0,0,303.527509149359
0,0,0,0,0,0,0,0,0,195.822649557859,0,0,219.078548227669,0,201.100640800745,0,0,0,0,0,124.698445421759,0,0,0,0,0,0,289.631679007608,0,0,0,0,0,353.822894641502,0,173.538155409849,0,0,0,193.659409924573,136.792307586862
0,0,0,314.611698427915,0,0,0,169.453147353278,0,0,309.997227542691,0,0,0,0,139.654362654449,0,0,0,0,0,0,0,62.311273509377,177.763106506206,0,0,259.442917595754,0,94.8881692391942,0,196.032358954952,0,0,0,95.7590805983148,0,0,82.6299537488922,89.1590885155172,0
0,0,0,0,0,141.204637091722,98.6790043377568,0,100.812745974529,0,240.185081663983,0,0,174.013630695256,0,0,241.57250333243,0,0,0,0,0,335.371040201042,0,0,0,140.574866691684,103.519938150021,145.74089716123,151.01089327964,0,0,0,112.793316814908,154.142998692322,193.63278243493,188.851177466023,338.131802716296,0,323.781250289068,0
0,0,255.441154257905,0,0,0,0,221.805809452716,320.356811100276,0,0,0,0,0,0,0,0,124.698445421759,0,0,0,67.8267069095267,153.672550905948,192.135034768848,192.601533877686,0,94.7280504127031,175.196329314064,0,0,0,0,0,329.719143597451,0,0,70.4221432298295,0,0,173.059382066957,0
0,137.189596148386,0,0,0,0,94.9380989123498,280.376028997576,0,0,90.7216186966914,0,0,0,0,0,0,0,0,0,67.8267069095267,0,0,0,0,263.534399241887,0,0,0,0,0,0,0,0,0,151.036729364761,262.382215657622,0,0,0,0
0,0,0,0,0,247.66948903751,0,197.486504603685,0,0,0,146.99041817625,252.487290983309,0,0,0,71.5579325720569,0,0,335.371040201042,153.672550905948,0,0,92.5207898118833,0,0,0,321.864157986053,213.67670887414,179.718364159796,0,0,249.905610015455,0,136.685314494491,0,146.465927798921,0,0,0,101.5853655613
0,0,151.695570509541,101.443495235174,0,0,0,178.224497384947,0,0,0,205.09013266389,115.871357769661,113.059176128709,0,250.461724766314,0,0,62.311273509377,0,192.135034768848,0,92.5207898118833,0,62.859596780235,186.348837226466,109.093416850988,0,76.5072790361762,259.055025639447,0,153.876396855887,0,195.378266313867,0,0,0,0,73.1029054543569,0,283.248188884028
0,0,333.645516435298,0,0,0,0,0,0,0,0,0,0,0,0,0,0,0,177.763106506206,0,192.601533877686,0,0,62.859596780235,0,0,151.075371308616,0,0,0,0,0,0,224.551207449728,58.3493451392805,74.7304794244225,188.936291522747,0,0,0,276.620869034647
171.230058197369,114.649126378906,0,153.609372090384,0,66.5008477853491,0,161.74915061469,227.504408813069,321.124897279917,125.81518738273,0,0,167.066576495979,0,0,0,0,0,0,0,263.534399241887,0,186.348837226466,0,0,0,115.194491798135,71.4788760670054,0,0,94.7529894315991,0,106.533627130087,111.226326353722,0,138.425725342224,325.937289045041,190.185165668632,108.136066660554,0
0,104.915316975638,0,284.529238481835,173.001559092555,0,0,195.314816908693,101.85207633558,249.798812580765,0,0,0,0,0,0,0,0,0,140.574866691684,94.7280504127031,0,0,109.093416850988,151.075371308616,0,0,219.430938885781,164.032723165762,0,61.0664810463559,357.423078228283,0,209.996727521564,306.640284138334,0,306.344527664232,114.511014214502,0,82.4756938751058,111.435629183184
0,0,217.157696745803,0,142.385058730083,0,161.325017232684,0,215.611029055736,0,93.4234866874731,283.88658203332,96.7845769653343,150.161410108805,128.846764897717,106.128596538706,87.8456058929559,289.631679007608,259.442917595754,103.519938150021,175.196329314064,0,321.864157986053,0,0,115.194491798135,219.430938885781,0,120.567029282014,0,0,139.792601838991,0,104.369974912428,128.405764333981,0,113.144980278377,218.045528847001,142.054529471577,134.960780198024,80.4367166559625
0,0,0,0,0,131.969743415579,0,99.3508940827211,0,0,81.9664354533492,220.963068032256,0,106.33736463831,0,186.973586461633,99.2646516363145,0,0,145.74089716123,0,0,213.67670887414,76.5072790361762,0,71.4788760670054,164.032723165762,120.567029282014,0,0,122.106946855269,74.4197823064597,184.249961885477,157.852515740516,115.114253591495,0,151.806152521152,269.936825670274,0,115.541295036174,0
0,0,0,0,0,193.777661225572,0,0,0,148.808626413748,0,211.840482897052,0,0,0,0,0,0,94.8881692391942,151.01089327964,0,0,179.718364159796,259.055025639447,0,0,0,0,0,0,0,0,0,0,143.005810983322,0,191.519780382943,112.823430872325,0,137.239127032733,0
0,0,0,0,0,0,0,0,0,0,261.440278806413,193.055010680236,0,0,0,0,0,0,0,0,0,0,0,0,0,0,61.0664810463559,0,122.106946855269,0,0,0,0,0,0,0,92.3502314520023,0,0,80.8080171296381,0
0,0,0,0,0,137.177378802006,0,206.472608421747,0,0,0,180.355266595273,0,0,0,0,0,0,196.032358954952,0,0,0,0,153.876396855887,0,94.7529894315991,357.423078228283,139.792601838991,74.4197823064597,0,0,0,0,345.797434674459,0,0,0,0,204.481117647118,0,0
0,0,0,0,0,0,0,0,0,238.934743274142,0,0,0,0,0,0,0,0,0,0,0,0,249.905610015455,0,0,0,0,0,184.249961885477,0,0,0,0,347.376449530863,0,96.5937438588657,0,0,0,0,0
0,118.522099274347,0,154.784755881607,0,119.728129215699,94.126460729827,0,146.770754374523,108.381749703452,161.275817184598,97.3232815600345,0,89.707245288964,225.013371621378,0,0,353.822894641502,0,112.793316814908,329.719143597451,0,0,195.378266313867,224.551207449728,106.533627130087,209.996727521564,104.369974912428,157.852515740516,0,0,345.797434674459,347.376449530863,0,205.839960264176,75.4497121078207,112.349934713559,160.537522273714,0,0,231.715271819474
115.868441404982,0,0,97.5855511246009,223.705816669619,161.694997919804,0,172.892533368851,0,90.1317194604647,348.674510760064,0,0,0,163.059043292369,116.054372245433,224.523755099568,0,0,154.142998692322,0,0,136.685314494491,0,58.3493451392805,111.226326353722,306.640284138334,128.405764333981,115.114253591495,143.005810983322,0,0,0,205.839960264176,0,119.345624434514,160.530221557972,85.6072705949986,231.050882209,212.592150359921,89.3673883748406
0,133.984214699576,0,0,187.77054666536,0,0,0,163.945208919892,0,106.926813611922,197.893790332676,0,0,0,125.994729980093,0,173.538155409849,95.7590805983148,193.63278243493,0,151.036729364761,0,0,74.7304794244225,0,0,0,0,0,0,0,96.5937438588657,75.4497121078207,119.345624434514,0,155.24952173131,135.294330067913,192.693757128262,72.2278283150671,172.608400267715
154.070293657878,125.416941482916,0,101.895308036513,159.183173818572,300.031143529538,194.442125915551,0,0,0,222.053792850439,128.530575464043,226.825099357786,120.912756812582,241.635434294794,168.241326865882,0,0,0,188.851177466023,70.4221432298295,262.382215657622,146.465927798921,0,188.936291522747,138.425725342224,306.344527664232,113.144980278377,151.806152521152,191.519780382943,92.3502314520023,0,0,112.349934713559,160.530221557972,155.24952173131,0,199.492852797962,98.417953423071,165.597665022977,97.3506957544063
0,0,0,0,138.33942793804,94.027247878695,0,204.084074037941,202.712457066107,232.945974238958,0,198.528111506785,0,261.605527103798,0,0,161.302948562323,0,0,338.131802716296,0,0,0,0,0,325.937289045041,114.511014214502,218.045528847001,269.936825670274,112.823430872325,0,0,0,160.537522273714,85.6072705949986,135.294330067913,199.492852797962,0,146.814226519809,0,134.566479261133
0,0,0,0,0,0,0,89.9429017381717,81.2827395071039,219.040656038919,0,180.90030328818,0,0,82.1742780037132,0,0,0,82.6299537488922,0,0,0,0,73.1029054543569,0,190.185165668632,0,142.054529471577,0,0,0,204.481117647118,0,0,231.050882209,192.693757128262,98.417953423071,146.814226519809,0,0,241.682021696872
0,236.681907140956,0,173.201474590904,139.93285932648,0,0,133.218162784108,0,101.350815329073,208.005106191961,117.208001126138,74.5815074003433,206.912707094411,169.742003380707,93.5029580098427,0,193.659409924573,89.1590885155172,323.781250289068,173.059382066957,0,0,0,0,108.136066660554,82.4756938751058,134.960780198024,115.541295036174,137.239127032733,80.8080171296381,0,0,0,212.592150359921,72.2278283150671,165.597665022977,0,0,0,183.786860782462
0,0,0,228.792310020318,228.075434767255,0,0,251.098274723989,0,0,165.893015276821,158.567996645797,0,214.116367924649,201.44584889478,0,303.527509149359,136.792307586862,0,0,0,0,101.5853655613,283.248188884028,276.620869034647,0,111.435629183184,80.4367166559625,0,0,0,0,0,231.715271819474,89.3673883748406,172.608400267715,97.3506957544063,134.566479261133,241.682021696872,183.786860782462,0
