0,0,0,0,231.715271819474,160.530221557972,0,0,0,112.349934713559,0,0,0,0,115.541295036174,0,0,0,0,0,0,0,0,0,0,0,0,78.9559315574845,0,0,0,0,0,0,0,0,0,0,0,0,238.934743274142
0,0,0,0,0,0,0,0,0,0,0,0,0,0,283.248188884028,0,0,0,0,0,0,0,84.3635741045246,0,0,0,146.465927798921,0,0,0,0,0,0,153.672550905948,211.840482897052,0,194.442125915551,0,0,0,94.9380989123498
0,0,0,0,0,0,0,0,0,0,0,193.659409924573,0,0,0,0,0,0,0,0,0,0,0,0,0,0,0,0,0,335.371040201042,0,0,0,0,226.825099357786,0,0,0,0,93.5029580098427,99.3508940827211
0,0,0,0,0,0,300.031143529538,0,94.7280504127031,96.7845769653343,162.833808134102,112.793316814908,0,0,0,0,0,0,0,223.705816669619,0,0,139.654362654449,0,0,90.7216186966914,0,249.798812580765,112.823430872325,0,0,0,0,101.350815329073,0,0,92.5568465385234,0,0,101.5853655613,0
231.715271819474,0,0,0,0,0,0,0,0,0,0,109.093416850988,0,75.4497121078207,82.4756938751058,169.742003380707,0,0,101.895308036513,0,0,0,0,0,0,0,0,141.204637091722,0,0,0,184.249961885477,0,193.777661225572,241.682021696872,0,94.7529894315991,161.74915061469,92.3502314520023,120.912756812582,0
160.530221557972,0,0,0,0,0,0,0,0,0,0,205.839960264176,133.984214699576,0,116.176698124939,0,0,0,0,0,0,0,0,0,0,241.57250333243,259.055025639447,196.04190773555,261.605527103798,0,67.8267069095267,0,0,197.486504603685,173.538155409849,139.792601838991,81.2827395071039,159.183173818572,0,0,0
0,0,0,300.031143529538,0,0,0,0,0,0,0,95.7590805983148,143.005810983322,135.294330067913,0,0,0,0,0,158.567996645797,0,0,0,0,0,82.6299537488922,0,175.196329314064,155.24952173131,193.63278243493,0,0,0,171.906398392157,0,0,157.852515740516,93.4234866874731,0,0,284.529238481835
0,0,0,0,0,0,0,0,289.631679007608,0,198.528111506785,0,263.534399241887,0,0,0,0,111.226326353722,0,89.3673883748406,0,0,180.355266595273,0,0,0,191.519780382943,186.348837226466,0,0,0,0,104.915316975638,117.208001126138,122.106946855269,0,192.601533877686,348.674510760064,178.748963182352,153.876396855887,154.065933476765
0,0,0,94.7280504127031,0,0,0,289.631679007608,0,0,0,0,0,0,0,62.311273509377,0,161.694997919804,0,0,0,94.126460729827,0,0,0,0,0,0,0,0,0,329.719143597451,0,0,155.901486485736,241.635434294794,108.381749703452,0,0,120.567029282014,250.461724766314
112.349934713559,0,0,96.7845769653343,0,0,0,0,0,0,115.194491798135,124.698445421759,0,0,0,89.1590885155172,0,90.1317194604647,0,0,0,0,204.084074037941,0,0,178.683678585178,82.1742780037132,137.239127032733,231.050882209,0,0,0,0,0,188.851177466023,180.543851962045,94.8881692391942,218.045528847001,151.075371308616,118.522099274347,136.792307586862
0,0,0,162.833808134102,0,0,0,198.528111506785,0,115.194491798135,0,0,0,0,0,0,0,0,0,0,97.3506957544063,0,347.376449530863,113.144980278377,321.864157986053,94.027247878695,0,85.7623170715703,195.822649557859,0,306.640284138334,0,0,0,81.9664354533492,89.707245288964,0,269.936825670274,133.218162784108,0,242.790381480436
0,0,193.659409924573,112.793316814908,109.093416850988,205.839960264176,95.7590805983148,0,0,124.698445421759,0,0,0,0,222.053792850439,0,198.964527389285,0,0,179.718364159796,0,103.519938150021,146.99041817625,168.241326865882,0,0,173.001559092555,215.611029055736,195.314816908693,0,0,116.054372245433,0,101.85207633558,333.645516435298,183.786860782462,148.808626413748,0,0,97.5855511246009,0
0,0,0,0,0,133.984214699576,143.005810983322,263.534399241887,0,0,0,0,0,0,0,0,0,0,0,0,0,0,0,283.88658203332,0,0,186.973586461633,136.685314494491,0,0,0,0,0,0,0,0,0,0,0,0,0
0,0,0,0,75.4497121078207,0,135.294330067913,0,0,0,0,0,0,0,0,0,0,0,0,0,0,225.013371621378,73.1029054543569,0,192.135034768848,145.74089716123,280.376028997576,0,0,259.442917595754,0,200.878319874537,0,154.070293657878,177.763106506206,0,0,72.2278283150671,0,172.608400267715,187.77054666536
115.541295036174,283.248188884028,0,0,82.4756938751058,116.176698124939,0,0,0,0,0,222.053792850439,0,0,0,0,0,0,0,0,0,0,0,202.712457066107,0,0,0,221.805809452716,0,0,0,0,0,154.784755881607,66.5008477853491,240.185081663983,99.2646516363145,0,0,98.2230592632363,0
0,0,0,0,169.742003380707,0,0,0,62.311273509377,89.1590885155172,0,0,0,0,0,0,0,0,0,0,161.275817184598,0,0,0,0,138.425725342224,228.075434767255,0,0,62.859596780235,0,0,0,158.955087279859,0,115.868441404982,101.605593487621,0,0,0,76.5072790361762
0,0,0,0,0,0,0,0,0,0,0,198.964527389285,0,0,0,0,0,0,0,0,353.822894641502,0,0,146.814226519809,0,228.792310020318,0,82.6426202489162,142.054529471577,0,0,0,0,135.667029391615,108.136066660554,0,180.90030328818,61.0664810463559,0,0,0
0,0,0,0,0,0,0,111.226326353722,161.694997919804,90.1317194604647,0,0,0,0,0,0,0,0,161.302948562323,0,0,0,0,0,0,201.100640800745,0,252.487290983309,0,0,0,0,0,247.66948903751,142.385058730083,0,0,0,208.005106191961,0,0
0,0,0,0,101.895308036513,0,0,0,0,0,0,0,0,0,0,0,0,161.302948562323,0,178.224497384947,0,151.695570509541,0,0,0,151.806152521152,320.356811100276,0,206.472608421747,0,0,0,0,0,0,138.33942793804,303.527509149359,173.201474590904,167.066576495979,161.325017232684,0
0,0,0,223.705816669619,0,0,158.567996645797,89.3673883748406,0,0,0,179.718364159796,0,0,0,0,0,0,178.224497384947,0,201.44584889478,0,227.504408813069,128.405764333981,0,165.893015276821,0,70.4221432298295,0,0,0,74.5815074003433,0,0,0,85.6072705949986,219.430938885781,163.059043292369,97.3232815600345,89.9429017381717,124.853650664477
0,0,0,0,0,0,0,0,0,0,97.3506957544063,0,0,0,0,161.275817184598,353.822894641502,0,0,201.44584889478,0,0,0,205.183249704085,0,146.770754374523,0,153.453047983244,220.963068032256,0,209.996727521564,0,0,151.01089327964,100.812745974529,0,114.511014214502,0,0,192.693757128262,0
0,0,0,0,0,0,0,0,94.126460729827,0,0,103.519938150021,0,225.013371621378,0,0,0,0,151.695570509541,0,0,0,0,0,0,0,0,0,110.384905066973,0,0,172.892533368851,0,0,0,0,204.481117647118,0,0,92.5207898118833,0
0,84.3635741045246,0,139.654362654449,0,0,0,180.355266595273,0,204.084074037941,347.376449530863,146.99041817625,0,73.1029054543569,0,0,0,0,0,227.504408813069,0,0,0,325.937289045041,323.781250289068,0,106.533627130087,0,0,0,0,0,0,217.157696745803,154.142998692322,87.8456058929559,262.382215657622,0,0,0,0
0,0,0,0,0,0,0,0,0,0,113.144980278377,168.241326865882,283.88658203332,0,202.712457066107,0,146.814226519809,0,0,128.405764333981,205.183249704085,0,325.937289045041,0,0,357.423078228283,0,345.797434674459,193.055010680236,213.67670887414,0,0,0,114.649126378906,199.492852797962,195.378266313867,306.344527664232,205.09013266389,0,224.551207449728,151.036729364761
0,0,0,0,0,0,0,0,0,0,321.864157986053,0,0,192.135034768848,0,0,0,0,0,0,0,0,323.781250289068,0,0,174.013630695256,181.316358113209,276.620869034647,0,0,0,0,0,255.441154257905,0,0,169.453147353278,0,0,249.905610015455,321.124897279917
0,0,0,90.7216186966914,0,241.57250333243,82.6299537488922,0,0,178.683678585178,94.027247878695,0,0,145.74089716123,0,138.425725342224,228.792310020318,201.100640800745,151.806152521152,165.893015276821,146.770754374523,0,0,357.423078228283,174.013630695256,0,261.440278806413,0,0,0,0,115.871357769661,115.332064605654,0,219.078548227669,119.728129215699,0,104.369974912428,0,0,0
0,146.465927798921,0,0,0,259.055025639447,0,191.519780382943,0,82.1742780037132,0,173.001559092555,186.973586461633,280.376028997576,0,228.075434767255,0,0,320.356811100276,0,0,0,106.533627130087,0,181.316358113209,261.440278806413,0,0,163.945208919892,71.4788760670054,0,0,0,0,0,74.7304794244225,196.032358954952,96.5937438588657,190.185165668632,125.81518738273,98.417953423071
78.9559315574845,0,0,249.798812580765,141.204637091722,196.04190773555,175.196329314064,186.348837226466,0,137.239127032733,85.7623170715703,215.611029055736,136.685314494491,0,221.805809452716,0,82.6426202489162,252.487290983309,0,70.4221432298295,153.453047983244,0,0,345.797434674459,276.620869034647,0,0,0,134.566479261133,173.059382066957,0,0,0,224.523755099568,139.93285932648,160.537522273714,251.098274723989,137.177378802006,131.969743415579,197.893790332676,314.611698427915
0,0,0,112.823430872325,0,261.605527103798,155.24952173131,0,0,231.050882209,195.822649557859,195.314816908693,0,0,0,0,142.054529471577,0,206.472608421747,0,220.963068032256,110.384905066973,0,193.055010680236,0,0,163.945208919892,134.566479261133,0,171.230058197369,214.116367924649,111.435629183184,0,101.443495235174,58.3493451392805,0,125.416941482916,0,0,153.609372090384,206.912707094411
0,0,335.371040201042,0,0,0,193.63278243493,0,0,0,0,0,0,259.442917595754,0,62.859596780235,0,0,0,0,0,0,0,213.67670887414,0,0,71.4788760670054,173.059382066957,171.230058197369,0,165.597665022977,0,0,80.4367166559625,0,0,0,0,0,80.8080171296381,0
0,0,0,0,0,67.8267069095267,0,0,0,0,306.640284138334,0,0,0,0,0,0,0,0,0,209.996727521564,0,0,0,0,0,0,0,214.116367924649,165.597665022977,0,0,0,0,119.345624434514,0,0,0,0,0,0
0,0,0,0,184.249961885477,0,0,0,329.719143597451,0,0,116.054372245433,0,200.878319874537,0,0,0,0,0,74.5815074003433,0,172.892533368851,0,0,0,115.871357769661,0,0,111.435629183184,0,0,0,0,0,0,0,106.926813611922,0,140.574866691684,0,309.997227542691
0,0,0,0,0,0,0,104.915316975638,0,0,0,0,0,0,0,0,0,0,0,0,0,0,0,0,0,115.332064605654,0,0,0,0,0,0,0,253.401634605989,0,0,0,338.131802716296,0,125.994729980093,0
0,153.672550905948,0,101.350815329073,193.777661225572,197.486504603685,171.906398392157,117.208001126138,0,0,0,101.85207633558,0,154.070293657878,154.784755881607,158.955087279859,135.667029391615,247.66948903751,0,0,151.01089327964,0,217.157696745803,114.649126378906,255.441154257905,0,0,224.523755099568,101.443495235174,80.4367166559625,0,0,253.401634605989,0,188.936291522747,212.592150359921,220.901129804706,73.4795582048751,106.33736463831,74.4197823064597,0
0,211.840482897052,226.825099357786,0,241.682021696872,173.538155409849,0,122.106946855269,155.901486485736,188.851177466023,81.9664354533492,333.645516435298,0,177.763106506206,66.5008477853491,0,108.136066660554,142.385058730083,0,0,100.812745974529,0,154.142998692322,199.492852797962,0,219.078548227669,0,139.93285932648,58.3493451392805,0,119.345624434514,0,0,188.936291522747,0,128.530575464043,78.8552325762656,0,106.128596538706,98.6790043377568,0
0,0,0,0,0,139.792601838991,0,0,241.635434294794,180.543851962045,89.707245288964,183.786860782462,0,0,240.185081663983,115.868441404982,0,0,138.33942793804,85.6072705949986,0,0,87.8456058929559,195.378266313867,0,119.728129215699,74.7304794244225,160.537522273714,0,0,0,0,0,212.592150359921,128.530575464043,0,219.040656038919,0,0,115.114253591495,150.161410108805
0,194.442125915551,0,92.5568465385234,94.7529894315991,81.2827395071039,157.852515740516,192.601533877686,108.381749703452,94.8881692391942,0,148.808626413748,0,0,99.2646516363145,101.605593487621,180.90030328818,0,303.527509149359,219.430938885781,114.511014214502,204.481117647118,262.382215657622,306.344527664232,169.453147353278,0,196.032358954952,251.098274723989,125.416941482916,0,0,106.926813611922,0,220.901129804706,78.8552325762656,219.040656038919,0,164.032723165762,134.960780198024,128.846764897717,113.059176128709
0,0,0,0,161.74915061469,159.183173818572,93.4234866874731,348.674510760064,0,218.045528847001,269.936825670274,0,0,72.2278283150671,0,0,61.0664810463559,0,173.201474590904,163.059043292369,0,0,0,205.09013266389,0,104.369974912428,96.5937438588657,137.177378802006,0,0,0,0,338.131802716296,73.4795582048751,0,0,164.032723165762,0,232.945974238958,236.681907140956,71.5579325720569
0,0,0,0,92.3502314520023,0,0,178.748963182352,0,151.075371308616,133.218162784108,0,0,0,0,0,0,208.005106191961,167.066576495979,97.3232815600345,0,0,0,0,0,0,190.185165668632,131.969743415579,0,0,0,140.574866691684,0,106.33736463831,106.128596538706,0,134.960780198024,232.945974238958,0,0,137.189596148386
0,0,93.5029580098427,101.5853655613,120.912756812582,0,0,153.876396855887,120.567029282014,118.522099274347,0,97.5855511246009,0,172.608400267715,98.2230592632363,0,0,0,161.325017232684,89.9429017381717,192.693757128262,92.5207898118833,0,224.551207449728,249.905610015455,0,125.81518738273,197.893790332676,153.609372090384,80.8080171296381,0,0,125.994729980093,74.4197823064597,98.6790043377568,115.114253591495,128.846764897717,236.681907140956,0,0,0
238.934743274142,94.9380989123498,99.3508940827211,0,0,0,284.529238481835,154.065933476765,250.461724766314,136.792307586862,242.790381480436,0,0,187.77054666536,0,76.5072790361762,0,0,0,124.853650664477,0,0,0,151.036729364761,321.124897279917,0,98.417953423071,314.611698427915,206.912707094411,0,0,309.997227542691,0,0,0,150.161410108805,113.059176128709,71.5579325720569,137.189596148386,0,0
