0,0,0,0,0,0,0,0,0,0,0,0,0,0,0,0,0,0,0,0,0,0,0,0,0,0,249.905610015455,0,0,0,0,0,0,289.631679007608,259.442917595754,252.487290983309,143.005810983322,0,0,142.385058730083,0
0,0,0,0,0,0,0,0,0,0,0,0,0,0,193.777661225572,0,0,0,0,0,0,0,0,174.013630695256,0,0,0,106.533627130087,0,0,115.114253591495,0,0,155.24952173131,0,0,0,259.055025639447,0,115.332064605654,0
0,0,0,0,0,0,158.955087279859,0,0,0,0,0,0,0,0,0,0,0,103.519938150021,0,0,0,0,0,0,0,169.742003380707,0,0,0,0,0,0,0,0,0,206.472608421747,0,0,114.649126378906,0
0,0,0,0,124.853650664477,0,0,0,0,0,232.945974238958,0,0,0,96.5937438588657,0,133.218162784108,0,0,0,101.85207633558,0,0,0,0,200.878319874537,0,219.040656038919,74.5815074003433,0,0,0,0,190.185165668632,178.748963182352,0,154.142998692322,89.1590885155172,0,0,192.135034768848
0,0,0,124.853650664477,0,0,0,85.7623170715703,0,125.994729980093,89.3673883748406,171.230058197369,0,253.401634605989,0,0,0,0,0,0,0,0,0,0,148.808626413748,0,138.33942793804,0,108.381749703452,0,0,0,0,0,325.937289045041,175.196329314064,82.4756938751058,0,0,219.430938885781,261.440278806413
0,0,0,0,0,0,222.053792850439,92.3502314520023,0,109.093416850988,0,0,0,249.798812580765,0,0,0,0,0,0,219.078548227669,0,184.249961885477,0,0,113.144980278377,78.9559315574845,136.685314494491,0,0,0,154.070293657878,0,161.302948562323,151.695570509541,0,104.915316975638,94.8881692391942,0,0,0
0,0,158.955087279859,0,0,222.053792850439,0,0,0,0,0,240.185081663983,0,160.530221557972,0,0,0,0,0,0,74.4197823064597,154.065933476765,135.294330067913,0,197.893790332676,0,81.2827395071039,146.99041817625,95.7590805983148,0,0,306.640284138334,0,0,0,0,165.597665022977,0,0,0,0
0,0,0,0,85.7623170715703,92.3502314520023,0,0,0,0,205.839960264176,80.8080171296381,0,0,0,0,0,0,0,112.793316814908,0,146.770754374523,0,0,192.601533877686,173.538155409849,141.204637091722,172.892533368851,92.5568465385234,0,99.3508940827211,0,0,111.226326353722,98.2230592632363,0,124.698445421759,193.055010680236,0,0,0
0,0,0,0,0,0,0,0,0,0,0,0,0,0,66.5008477853491,0,0,0,161.325017232684,348.674510760064,0,0,0,101.895308036513,0,0,261.605527103798,0,62.859596780235,0,0,0,0,71.4788760670054,0,72.2278283150671,231.715271819474,0,137.177378802006,202.712457066107,0
0,0,0,0,125.994729980093,109.093416850988,0,0,0,0,0,115.194491798135,0,0,0,0,153.453047983244,0,247.66948903751,138.425725342224,0,276.620869034647,101.605593487621,94.7280504127031,0,81.9664354533492,0,321.864157986053,96.7845769653343,0,137.239127032733,0,0,97.3506957544063,99.2646516363145,0,0,112.349934713559,224.523755099568,314.611698427915,0
0,0,0,232.945974238958,89.3673883748406,0,0,205.839960264176,0,0,0,78.8552325762656,0,193.63278243493,0,0,218.045528847001,0,0,94.9380989123498,255.441154257905,0,0,0,0,180.543851962045,0,62.311273509377,108.136066660554,0,0,0,0,0,0,80.4367166559625,153.876396855887,0,204.481117647118,338.131802716296,120.912756812582
0,0,0,0,171.230058197369,0,240.185081663983,80.8080171296381,0,115.194491798135,78.8552325762656,0,0,0,198.528111506785,171.906398392157,0,335.371040201042,0,0,67.8267069095267,284.529238481835,115.541295036174,196.032358954952,0,215.611029055736,0,61.0664810463559,280.376028997576,0,0,98.6790043377568,0,137.189596148386,151.036729364761,111.435629183184,0,115.871357769661,0,0,227.504408813069
0,0,0,0,0,0,0,0,0,0,0,0,0,82.6426202489162,188.851177466023,0,0,0,0,0,0,0,0,0,0,0,167.066576495979,0,0,0,0,0,0,73.4795582048751,0,161.74915061469,228.792310020318,0,0,0,0
0,0,0,0,253.401634605989,249.798812580765,160.530221557972,0,0,0,193.63278243493,0,82.6426202489162,0,0,0,0,0,0,303.527509149359,0,0,0,0,0,0,0,329.719143597451,94.7529894315991,225.013371621378,0,0,0,154.784755881607,0,0,133.984214699576,98.417953423071,0,116.176698124939,153.609372090384
0,193.777661225572,0,96.5937438588657,0,0,0,0,66.5008477853491,0,0,198.528111506785,188.851177466023,0,0,0,0,0,220.963068032256,204.084074037941,89.707245288964,0,0,0,0,0,0,139.93285932648,85.6072705949986,0,0,0,0,0,0,73.1029054543569,0,0,0,0,101.5853655613
0,0,0,0,0,0,0,0,0,0,0,171.906398392157,0,0,0,0,0,0,0,231.050882209,0,0,106.33736463831,211.840482897052,0,0,76.5072790361762,188.936291522747,0,0,0,0,0,178.224497384947,94.027247878695,321.124897279917,195.314816908693,0,0,187.77054666536,0
0,0,0,133.218162784108,0,0,0,0,0,153.453047983244,218.045528847001,0,0,0,0,0,0,0,93.4234866874731,134.566479261133,0,0,0,0,0,0,0,242.790381480436,0,199.492852797962,0,0,0,173.201474590904,118.522099274347,0,114.511014214502,0,0,0,0
0,0,0,0,0,0,0,0,0,0,0,335.371040201042,0,0,0,0,0,0,0,0,0,0,151.806152521152,0,0,0,0,169.453147353278,0,357.423078228283,0,0,0,212.592150359921,0,0,306.344527664232,333.645516435298,153.672550905948,0,195.822649557859
0,0,103.519938150021,0,0,0,0,0,161.325017232684,247.66948903751,0,0,0,0,220.963068032256,0,93.4234866874731,0,0,0,0,0,0,0,0,0,0,71.5579325720569,172.608400267715,0,163.059043292369,0,0,241.635434294794,0,0,0,226.825099357786,0,353.822894641502,223.705816669619
0,0,0,0,0,0,0,112.793316814908,348.674510760064,138.425725342224,94.9380989123498,0,0,303.527509149359,204.084074037941,231.050882209,134.566479261133,0,0,0,183.786860782462,0,0,0,0,92.5207898118833,0,0,0,125.416941482916,0,0,0,191.519780382943,241.57250333243,120.567029282014,117.208001126138,157.852515740516,194.442125915551,0,0
0,0,0,101.85207633558,0,219.078548227669,74.4197823064597,0,0,0,255.441154257905,67.8267069095267,0,0,89.707245288964,0,0,0,0,183.786860782462,0,0,180.355266595273,0,0,0,0,0,0,0,0,0,0,193.659409924573,192.693757128262,0,128.530575464043,0,0,251.098274723989,101.350815329073
0,0,0,0,0,0,154.065933476765,146.770754374523,0,276.620869034647,0,284.529238481835,0,0,0,0,0,0,0,0,0,0,164.032723165762,0,0,0,150.161410108805,0,0,0,0,0,0,0,0,122.106946855269,0,0,0,179.718364159796,0
0,0,0,0,0,184.249961885477,135.294330067913,0,0,101.605593487621,0,115.541295036174,0,0,0,106.33736463831,0,151.806152521152,0,0,180.355266595273,164.032723165762,0,0,100.812745974529,134.960780198024,0,0,140.574866691684,0,0,0,0,0,151.075371308616,0,197.486504603685,0,128.846764897717,90.1317194604647,0
0,174.013630695256,0,0,0,0,0,0,101.895308036513,94.7280504127031,0,196.032358954952,0,0,0,211.840482897052,0,0,0,0,0,0,0,0,209.996727521564,145.74089716123,162.833808134102,161.275817184598,0,228.075434767255,0,139.792601838991,201.44584889478,345.797434674459,75.4497121078207,262.382215657622,139.654362654449,173.059382066957,82.1742780037132,0,131.969743415579
0,0,0,0,148.808626413748,0,197.893790332676,192.601533877686,0,0,0,0,0,0,0,0,0,0,0,0,0,0,100.812745974529,209.996727521564,0,97.5855511246009,0,201.100640800745,0,0,0,0,0,0,110.384905066973,0,178.683678585178,0,0,0,146.814226519809
0,0,0,200.878319874537,0,113.144980278377,0,173.538155409849,0,81.9664354533492,180.543851962045,215.611029055736,0,0,0,0,0,0,0,92.5207898118833,0,0,134.960780198024,145.74089716123,97.5855511246009,0,224.551207449728,101.443495235174,135.667029391615,119.728129215699,0,205.09013266389,0,70.4221432298295,116.054372245433,0,214.116367924649,0,128.405764333981,250.461724766314,0
249.905610015455,0,169.742003380707,0,138.33942793804,78.9559315574845,81.2827395071039,141.204637091722,261.605527103798,0,0,0,167.066576495979,0,0,76.5072790361762,0,0,0,0,0,150.161410108805,0,162.833808134102,0,224.551207449728,0,93.5029580098427,0,0,0,125.81518738273,0,238.934743274142,136.792307586862,186.973586461633,104.369974912428,0,142.054529471577,90.7216186966914,0
0,106.533627130087,0,219.040656038919,0,136.685314494491,146.99041817625,172.892533368851,0,321.864157986053,62.311273509377,61.0664810463559,0,329.719143597451,139.93285932648,188.936291522747,242.790381480436,169.453147353278,71.5579325720569,0,0,0,0,161.275817184598,201.100640800745,101.443495235174,93.5029580098427,0,309.997227542691,0,0,0,113.059176128709,159.183173818572,213.67670887414,208.005106191961,168.241326865882,74.7304794244225,0,300.031143529538,115.868441404982
0,0,0,74.5815074003433,108.381749703452,0,95.7590805983148,92.5568465385234,62.859596780235,96.7845769653343,108.136066660554,280.376028997576,0,94.7529894315991,85.6072705949986,0,0,0,172.608400267715,0,0,0,140.574866691684,0,0,135.667029391615,0,309.997227542691,0,0,0,119.345624434514,0,0,269.936825670274,106.926813611922,241.682021696872,283.248188884028,97.3232815600345,205.183249704085,0
0,0,0,0,0,0,0,0,0,0,0,0,0,225.013371621378,0,0,199.492852797962,357.423078228283,0,125.416941482916,0,0,0,228.075434767255,0,119.728129215699,0,0,0,0,0,0,0,198.964527389285,0,58.3493451392805,206.912707094411,196.04190773555,0,84.3635741045246,0
0,115.114253591495,0,0,0,0,0,99.3508940827211,0,137.239127032733,0,0,0,0,0,0,0,0,163.059043292369,0,0,0,0,0,0,0,0,0,0,0,0,0,155.901486485736,0,0,0,0,0,0,0,94.126460729827
0,0,0,0,0,154.070293657878,306.640284138334,0,0,0,0,98.6790043377568,0,0,0,0,0,0,0,0,0,0,0,139.792601838991,0,205.09013266389,125.81518738273,0,119.345624434514,0,0,0,0,180.90030328818,0,0,0,146.465927798921,0,165.893015276821,320.356811100276
0,0,0,0,0,0,0,0,0,0,0,0,0,0,0,0,0,0,0,0,0,0,0,201.44584889478,0,0,0,113.059176128709,0,0,155.901486485736,0,0,0,0,0,0,0,0,82.6299537488922,160.537522273714
289.631679007608,155.24952173131,0,190.185165668632,0,161.302948562323,0,111.226326353722,71.4788760670054,97.3506957544063,0,137.189596148386,73.4795582048751,154.784755881607,0,178.224497384947,173.201474590904,212.592150359921,241.635434294794,191.519780382943,193.659409924573,0,0,345.797434674459,0,70.4221432298295,238.934743274142,159.183173818572,0,198.964527389285,0,180.90030328818,0,0,236.681907140956,112.823430872325,0,0,0,87.8456058929559,106.128596538706
259.442917595754,0,0,178.748963182352,325.937289045041,151.695570509541,0,98.2230592632363,0,99.2646516363145,0,151.036729364761,0,0,0,94.027247878695,118.522099274347,0,0,241.57250333243,192.693757128262,0,151.075371308616,75.4497121078207,110.384905066973,116.054372245433,136.792307586862,213.67670887414,269.936825670274,0,0,0,0,236.681907140956,0,177.763106506206,186.348837226466,163.945208919892,195.378266313867,151.01089327964,217.157696745803
252.487290983309,0,0,0,175.196329314064,0,0,0,72.2278283150671,0,80.4367166559625,111.435629183184,161.74915061469,0,73.1029054543569,321.124897279917,0,0,0,120.567029282014,0,122.106946855269,0,262.382215657622,0,0,186.973586461633,208.005106191961,106.926813611922,58.3493451392805,0,0,0,112.823430872325,177.763106506206,0,158.567996645797,0,283.88658203332,0,0
143.005810983322,0,206.472608421747,154.142998692322,82.4756938751058,104.915316975638,165.597665022977,124.698445421759,231.715271819474,0,153.876396855887,0,228.792310020318,133.984214699576,0,195.314816908693,114.511014214502,306.344527664232,0,117.208001126138,128.530575464043,0,197.486504603685,139.654362654449,178.683678585178,214.116367924649,104.369974912428,168.241326865882,241.682021696872,206.912707094411,0,0,0,0,186.348837226466,158.567996645797,0,323.781250289068,220.901129804706,347.376449530863,263.534399241887
0,259.055025639447,0,89.1590885155172,0,94.8881692391942,0,193.055010680236,0,112.349934713559,0,115.871357769661,0,98.417953423071,0,0,0,333.645516435298,226.825099357786,157.852515740516,0,0,0,173.059382066957,0,0,0,74.7304794244225,283.248188884028,196.04190773555,0,146.465927798921,0,0,163.945208919892,0,323.781250289068,0,181.316358113209,173.001559092555,89.9429017381717
0,0,0,0,0,0,0,0,137.177378802006,224.523755099568,204.481117647118,0,0,0,0,0,0,153.672550905948,0,194.442125915551,0,0,128.846764897717,82.1742780037132,0,128.405764333981,142.054529471577,0,97.3232815600345,0,0,0,0,0,195.378266313867,283.88658203332,220.901129804706,181.316358113209,0,0,221.805809452716
142.385058730083,115.332064605654,114.649126378906,0,219.430938885781,0,0,0,202.712457066107,314.611698427915,338.131802716296,0,0,116.176698124939,0,187.77054666536,0,0,353.822894641502,0,251.098274723989,179.718364159796,90.1317194604647,0,0,250.461724766314,90.7216186966914,300.031143529538,205.183249704085,84.3635741045246,0,165.893015276821,82.6299537488922,87.8456058929559,151.01089327964,0,347.376449530863,173.001559092555,0,0,161.694997919804
0,0,0,192.135034768848,261.440278806413,0,0,0,0,0,120.912756812582,227.504408813069,0,153.609372090384,101.5853655613,0,0,195.822649557859,223.705816669619,0,101.350815329073,0,0,131.969743415579,146.814226519809,0,0,115.868441404982,0,0,94.126460729827,320.356811100276,160.537522273714,106.128596538706,217.157696745803,0,263.534399241887,89.9429017381717,221.805809452716,161.694997919804,0
