0,0,0,0,0,0,0,0,99.2646516363145,0,0,0,0,0,0,0,0,0,0,0,0,0,0,92.3502314520023,0,0,0,0,82.6426202489162,0,0,0,0,0,0,0,321.124897279917,192.693757128262,0,0,181.316358113209
0,0,0,0,0,0,0,0,128.405764333981,0,0,0,0,0,0,0,0,0,0,0,193.63278243493,0,0,198.528111506785,111.226326353722,0,0,0,154.070293657878,0,0,0,0,0,100.812745974529,0,218.045528847001,0,0,0,0
0,0,0,0,0,0,242.790381480436,0,0,0,0,0,0,0,0,0,0,0,0,0,0,0,0,94.7529894315991,0,0,0,82.1742780037132,309.997227542691,0,0,0,0,0,0,0,0,0,0,62.311273509377,0
0,0,0,0,0,101.443495235174,92.5207898118833,0,0,172.608400267715,153.672550905948,0,0,0,224.551207449728,0,205.839960264176,0,115.114253591495,231.715271819474,93.5029580098427,0,0,0,0,0,0,0,0,0,0,0,0,0,104.915316975638,338.131802716296,89.9429017381717,0,232.945974238958,0,0
0,0,0,0,0,0,0,0,0,158.955087279859,58.3493451392805,0,0,0,0,0,0,0,0,255.441154257905,0,0,161.74915061469,0,76.5072790361762,141.204637091722,161.694997919804,70.4221432298295,0,0,0,0,0,357.423078228283,173.001559092555,0,202.712457066107,323.781250289068,0,112.823430872325,117.208001126138
0,0,0,101.443495235174,0,0,0,0,0,162.833808134102,0,0,0,178.683678585178,0,0,251.098274723989,0,0,191.519780382943,0,0,0,201.100640800745,0,106.128596538706,75.4497121078207,134.960780198024,0,0,0,0,0,118.522099274347,0,89.1590885155172,231.050882209,225.013371621378,320.356811100276,0,0
0,0,242.790381480436,92.5207898118833,0,0,0,115.871357769661,0,0,0,137.177378802006,0,0,0,0,0,0,0,0,0,0,0,78.9559315574845,0,84.3635741045246,163.059043292369,0,108.136066660554,0,0,154.065933476765,0,0,0,280.376028997576,192.135034768848,0,0,98.2230592632363,101.5853655613
0,0,0,0,0,0,115.871357769661,0,0,0,0,0,72.2278283150671,0,153.609372090384,208.005106191961,204.481117647118,0,0,0,0,0,0,0,0,133.218162784108,192.601533877686,0,0,0,0,220.901129804706,174.013630695256,94.126460729827,240.185081663983,161.302948562323,0,165.597665022977,81.2827395071039,227.504408813069,101.605593487621
99.2646516363145,128.405764333981,0,0,0,0,0,0,0,0,0,0,0,0,0,112.349934713559,0,0,0,0,111.435629183184,0,0,0,0,0,0,125.81518738273,0,151.806152521152,82.6299537488922,0,0,0,0,114.649126378906,90.1317194604647,0,113.144980278377,0,140.574866691684
0,0,0,172.608400267715,158.955087279859,162.833808134102,0,0,0,0,0,325.937289045041,0,0,0,0,0,0,0,0,159.183173818572,0,153.453047983244,0,138.425725342224,0,146.814226519809,284.529238481835,151.036729364761,148.808626413748,0,321.864157986053,0,154.784755881607,0,0,160.537522273714,109.093416850988,74.5815074003433,197.486504603685,139.93285932648
0,0,0,153.672550905948,58.3493451392805,0,0,0,0,0,0,0,0,136.792307586862,81.9664354533492,0,143.005810983322,306.344527664232,0,0,89.707245288964,0,0,195.314816908693,0,0,95.7590805983148,161.325017232684,249.905610015455,0,0,0,0,0,124.698445421759,97.5855511246009,146.770754374523,0,180.355266595273,145.74089716123,0
0,0,0,0,0,0,137.177378802006,0,0,325.937289045041,0,0,221.805809452716,80.8080171296381,134.566479261133,0,0,193.055010680236,173.201474590904,0,74.4197823064597,104.369974912428,206.472608421747,119.345624434514,179.718364159796,261.440278806413,119.728129215699,348.674510760064,219.078548227669,0,0,0,0,199.492852797962,135.667029391615,125.416941482916,116.176698124939,0,0,0,178.224497384947
0,0,0,0,0,0,0,72.2278283150671,0,0,0,221.805809452716,0,0,0,0,0,0,0,0,0,0,0,180.543851962045,0,0,0,0,0,0,0,0,0,128.530575464043,0,0,0,165.893015276821,0,0,137.239127032733
0,0,0,0,0,178.683678585178,0,0,0,0,136.792307586862,80.8080171296381,0,0,0,0,0,0,0,0,94.8881692391942,71.5579325720569,164.032723165762,0,0,0,0,66.5008477853491,177.763106506206,0,0,0,0,124.853650664477,138.33942793804,0,333.645516435298,160.530221557972,0,115.194491798135,238.934743274142
0,0,0,224.551207449728,0,0,0,153.609372090384,0,0,81.9664354533492,134.566479261133,0,0,0,0,241.635434294794,0,0,0,0,195.822649557859,0,0,0,0,0,193.659409924573,0,90.7216186966914,0,0,0,289.631679007608,0,0,226.825099357786,180.90030328818,0,128.846764897717,0
0,0,0,0,0,0,0,208.005106191961,112.349934713559,0,0,0,0,0,0,0,0,108.381749703452,0,155.901486485736,0,139.792601838991,0,155.24952173131,0,0,0,151.695570509541,87.8456058929559,0,0,187.77054666536,0,222.053792850439,213.67670887414,0,0,0,0,0,0
0,0,0,205.839960264176,0,251.098274723989,0,204.481117647118,0,0,143.005810983322,0,0,0,241.635434294794,0,0,0,0,0,353.822894641502,0,0,0,0,0,0,0,97.3232815600345,0,115.332064605654,0,0,241.57250333243,0,0,0,0,219.040656038919,0,0
0,0,0,0,0,0,0,0,0,0,306.344527664232,193.055010680236,0,0,0,108.381749703452,0,0,0,0,0,0,0,0,0,0,283.88658203332,0,0,0,0,0,0,236.681907140956,115.541295036174,146.99041817625,133.984214699576,0,0,0,163.945208919892
0,0,0,115.114253591495,0,0,0,0,0,0,0,173.201474590904,0,0,0,0,0,0,0,186.973586461633,0,215.611029055736,0,0,0,161.275817184598,0,101.350815329073,219.430938885781,0,0,0,0,173.059382066957,217.157696745803,0,0,0,150.161410108805,73.1029054543569,252.487290983309
0,0,0,231.715271819474,255.441154257905,191.519780382943,0,0,0,0,0,0,0,0,0,155.901486485736,0,0,186.973586461633,0,0,0,94.7280504127031,61.0664810463559,0,153.876396855887,0,157.852515740516,94.027247878695,201.44584889478,0,89.3673883748406,0,142.385058730083,146.465927798921,0,224.523755099568,106.33736463831,0,249.798812580765,0
0,193.63278243493,0,93.5029580098427,0,0,0,0,111.435629183184,159.183173818572,89.707245288964,74.4197823064597,0,94.8881692391942,0,0,353.822894641502,0,0,0,0,0,112.793316814908,167.066576495979,0,0,0,0,154.142998692322,0,0,0,0,0,0,0,92.5568465385234,0,0,259.442917595754,0
0,0,0,0,0,0,0,0,0,0,0,104.369974912428,0,71.5579325720569,195.822649557859,139.792601838991,0,0,215.611029055736,0,0,0,0,0,0,0,0,136.685314494491,0,0,0,0,0,0,0,0,171.230058197369,0,0,122.106946855269,0
0,0,0,0,161.74915061469,0,0,0,0,153.453047983244,0,206.472608421747,0,164.032723165762,0,0,0,0,0,94.7280504127031,112.793316814908,0,0,261.605527103798,0,98.6790043377568,306.640284138334,106.533627130087,0,120.567029282014,0,0,0,195.378266313867,106.926813611922,0,198.964527389285,0,0,0,175.196329314064
92.3502314520023,198.528111506785,94.7529894315991,0,0,201.100640800745,78.9559315574845,0,0,0,195.314816908693,119.345624434514,180.543851962045,0,0,155.24952173131,0,0,0,61.0664810463559,167.066576495979,0,261.605527103798,0,0,0,62.859596780235,250.461724766314,0,0,0,0,0,209.996727521564,0,0,0,173.538155409849,214.116367924649,247.66948903751,169.453147353278
0,111.226326353722,0,0,76.5072790361762,0,0,0,0,138.425725342224,0,179.718364159796,0,0,0,0,0,0,0,0,0,0,0,0,0,188.936291522747,98.417953423071,0,0,0,0,0,0,0,110.384905066973,0,205.183249704085,206.912707094411,188.851177466023,0,0
0,0,0,0,141.204637091722,106.128596538706,84.3635741045246,133.218162784108,0,0,0,261.440278806413,0,0,0,0,0,0,161.275817184598,153.876396855887,0,0,98.6790043377568,0,188.936291522747,0,115.868441404982,211.840482897052,116.054372245433,228.792310020318,0,0,0,197.893790332676,186.348837226466,82.4756938751058,94.9380989123498,151.075371308616,158.567996645797,0,171.906398392157
0,0,0,0,161.694997919804,75.4497121078207,163.059043292369,192.601533877686,0,146.814226519809,95.7590805983148,119.728129215699,0,0,0,0,0,283.88658203332,0,0,0,0,306.640284138334,62.859596780235,98.417953423071,115.868441404982,0,101.85207633558,276.620869034647,0,0,0,0,204.084074037941,137.189596148386,200.878319874537,259.055025639447,0,0,253.401634605989,172.892533368851
0,0,82.1742780037132,0,70.4221432298295,134.960780198024,0,0,125.81518738273,284.529238481835,161.325017232684,348.674510760064,0,66.5008477853491,193.659409924573,151.695570509541,0,0,101.350815329073,157.852515740516,0,136.685314494491,106.533627130087,250.461724766314,0,211.840482897052,101.85207633558,0,99.3508940827211,0,241.682021696872,125.994729980093,0,194.442125915551,71.4788760670054,135.294330067913,120.912756812582,228.075434767255,0,85.6072705949986,329.719143597451
82.6426202489162,154.070293657878,309.997227542691,0,0,0,108.136066660554,0,0,151.036729364761,249.905610015455,219.078548227669,0,177.763106506206,0,87.8456058929559,97.3232815600345,0,219.430938885781,94.027247878695,154.142998692322,0,0,0,0,116.054372245433,276.620869034647,99.3508940827211,0,0,131.969743415579,0,0,0,151.01089327964,139.654362654449,97.3506957544063,0,0,196.032358954952,0
0,0,0,0,0,0,0,0,151.806152521152,148.808626413748,0,0,0,0,90.7216186966914,0,0,0,0,201.44584889478,0,0,120.567029282014,0,0,228.792310020318,0,0,0,0,0,205.09013266389,0,0,0,0,196.04190773555,168.241326865882,303.527509149359,347.376449530863,0
0,0,0,0,0,0,0,0,82.6299537488922,0,0,0,0,0,0,0,115.332064605654,0,0,0,0,0,0,0,0,0,0,241.682021696872,131.969743415579,0,0,0,0,169.742003380707,220.963068032256,0,0,0,0,0,0
0,0,0,0,0,0,154.065933476765,220.901129804706,0,321.864157986053,0,0,0,0,0,187.77054666536,0,0,0,89.3673883748406,0,0,0,0,0,0,0,125.994729980093,0,205.09013266389,0,0,0,101.895308036513,85.7623170715703,0,74.7304794244225,0,0,0,96.5937438588657
0,0,0,0,0,0,0,174.013630695256,0,0,0,0,0,0,0,0,0,0,0,0,0,0,0,0,0,0,0,0,0,0,0,0,0,0,223.705816669619,0,190.185165668632,113.059176128709,0,178.748963182352,0
0,0,0,0,357.423078228283,118.522099274347,0,94.126460729827,0,154.784755881607,0,199.492852797962,128.530575464043,124.853650664477,289.631679007608,222.053792850439,241.57250333243,236.681907140956,173.059382066957,142.385058730083,0,0,195.378266313867,209.996727521564,0,197.893790332676,204.084074037941,194.442125915551,0,0,169.742003380707,101.895308036513,0,0,283.248188884028,300.031143529538,263.534399241887,78.8552325762656,0,269.936825670274,93.4234866874731
0,100.812745974529,0,104.915316975638,173.001559092555,0,0,240.185081663983,0,0,124.698445421759,135.667029391615,0,138.33942793804,0,213.67670887414,0,115.541295036174,217.157696745803,146.465927798921,0,0,106.926813611922,0,110.384905066973,186.348837226466,137.189596148386,71.4788760670054,151.01089327964,0,220.963068032256,85.7623170715703,223.705816669619,283.248188884028,0,345.797434674459,0,335.371040201042,0,142.054529471577,67.8267069095267
0,0,0,338.131802716296,0,89.1590885155172,280.376028997576,161.302948562323,114.649126378906,0,97.5855511246009,125.416941482916,0,0,0,0,0,146.99041817625,0,0,0,0,0,0,0,82.4756938751058,200.878319874537,135.294330067913,139.654362654449,0,0,0,0,300.031143529538,345.797434674459,0,183.786860782462,114.511014214502,96.7845769653343,184.249961885477,80.4367166559625
321.124897279917,218.045528847001,0,89.9429017381717,202.712457066107,231.050882209,192.135034768848,0,90.1317194604647,160.537522273714,146.770754374523,116.176698124939,0,333.645516435298,226.825099357786,0,0,133.984214699576,0,224.523755099568,92.5568465385234,171.230058197369,198.964527389285,0,205.183249704085,94.9380989123498,259.055025639447,120.912756812582,97.3506957544063,196.04190773555,0,74.7304794244225,190.185165668632,263.534399241887,0,183.786860782462,0,314.611698427915,212.592150359921,262.382215657622,0
192.693757128262,0,0,0,323.781250289068,225.013371621378,0,165.597665022977,0,109.093416850988,0,0,165.893015276821,160.530221557972,180.90030328818,0,0,0,0,106.33736463831,0,0,0,173.538155409849,206.912707094411,151.075371308616,0,228.075434767255,0,168.241326865882,0,0,113.059176128709,78.8552325762656,335.371040201042,114.511014214502,314.611698427915,0,0,193.777661225572,0
0,0,0,232.945974238958,0,320.356811100276,0,81.2827395071039,113.144980278377,74.5815074003433,180.355266595273,0,0,0,0,0,219.040656038919,0,150.161410108805,0,0,0,0,214.116367924649,188.851177466023,158.567996645797,0,0,0,303.527509149359,0,0,0,0,0,96.7845769653343,212.592150359921,0,0,103.519938150021,0
0,0,62.311273509377,0,112.823430872325,0,98.2230592632363,227.504408813069,0,197.486504603685,145.74089716123,0,0,115.194491798135,128.846764897717,0,0,0,73.1029054543569,249.798812580765,259.442917595754,122.106946855269,0,247.66948903751,0,0,253.401634605989,85.6072705949986,196.032358954952,347.376449530863,0,0,178.748963182352,269.936825670274,142.054529471577,184.249961885477,262.382215657622,193.777661225572,103.519938150021,0,73.4795582048751
181.316358113209,0,0,0,117.208001126138,0,101.5853655613,101.605593487621,140.574866691684,139.93285932648,0,178.224497384947,137.239127032733,238.934743274142,0,0,0,163.945208919892,252.487290983309,0,0,0,175.196329314064,169.453147353278,0,171.906398392157,172.892533368851,329.719143597451,0,0,0,96.5937438588657,0,93.4234866874731,67.8267069095267,80.4367166559625,0,0,0,73.4795582048751,0
