0,0,0,0,0,0,0,0,0,0,0,329.719143597451,0,97.3232815600345,0,0,0,0,0,0,0,78.8552325762656,0,92.5207898118833,0,0,0,0,145.74089716123,0,0,0,0,261.605527103798,0,0,0,0,0,0,0
0,0,0,0,0,0,0,0,0,0,0,160.530221557972,0,0,0,0,0,0,0,0,0,200.878319874537,0,0,0,58.3493451392805,0,0,0,0,0,0,0,155.901486485736,0,0,333.645516435298,238.934743274142,0,80.4367166559625,0
0,0,0,0,0,0,0,151.695570509541,0,0,0,0,0,0,0,0,0,0,0,0,0,0,0,0,0,0,215.611029055736,309.997227542691,0,0,0,0,0,0,0,177.763106506206,90.1317194604647,0,0,0,0
0,0,0,0,0,0,0,0,0,154.065933476765,198.964527389285,0,0,0,0,0,137.189596148386,0,255.441154257905,179.718364159796,0,0,213.67670887414,0,0,0,111.226326353722,269.936825670274,0,0,0,0,0,199.492852797962,0,0,180.355266595273,108.381749703452,345.797434674459,0,143.005810983322
0,0,0,0,0,223.705816669619,0,158.955087279859,0,0,0,115.868441404982,0,0,0,0,0,0,0,115.541295036174,0,101.350815329073,0,228.075434767255,0,0,0,116.054372245433,0,0,0,125.81518738273,0,97.3506957544063,193.777661225572,0,70.4221432298295,192.693757128262,0,93.5029580098427,159.183173818572
0,0,0,0,223.705816669619,0,289.631679007608,232.945974238958,0,120.567029282014,0,133.218162784108,0,0,0,75.4497121078207,0,196.04190773555,0,214.116367924649,0,0,0,0,0,0,0,117.208001126138,0,0,0,0,0,201.44584889478,172.608400267715,0,357.423078228283,0,0,205.183249704085,153.672550905948
0,0,0,0,0,289.631679007608,0,92.3502314520023,0,0,183.786860782462,0,186.348837226466,0,0,0,89.707245288964,0,314.611698427915,0,261.440278806413,0,0,154.142998692322,194.442125915551,0,0,0,0,0,73.1029054543569,0,0,94.7529894315991,0,74.7304794244225,0,0,0,0,206.912707094411
0,0,151.695570509541,0,158.955087279859,232.945974238958,92.3502314520023,0,122.106946855269,0,0,0,0,0,0,300.031143529538,0,0,0,0,241.682021696872,0,0,98.6790043377568,154.070293657878,118.522099274347,0,146.814226519809,231.050882209,0,0,0,0,0,103.519938150021,114.649126378906,148.808626413748,0,252.487290983309,0,0
0,0,0,0,0,0,0,122.106946855269,0,0,0,0,0,0,134.566479261133,0,0,0,0,0,0,0,0,146.465927798921,0,205.839960264176,95.7590805983148,220.963068032256,0,0,0,0,0,0,184.249961885477,250.461724766314,124.698445421759,142.385058730083,0,0,137.239127032733
0,0,0,154.065933476765,0,120.567029282014,0,0,0,0,0,0,0,0,192.135034768848,131.969743415579,0,173.059382066957,104.915316975638,153.453047983244,0,0,0,0,0,219.430938885781,114.511014214502,0,138.33942793804,236.681907140956,178.224497384947,0,0,0,113.144980278377,171.230058197369,163.945208919892,186.973586461633,84.3635741045246,94.8881692391942,0
0,0,0,198.964527389285,0,0,183.786860782462,0,0,0,0,0,283.88658203332,0,0,0,0,98.417953423071,161.694997919804,106.128596538706,0,0,0,167.066576495979,164.032723165762,321.124897279917,0,153.876396855887,0,0,0,228.792310020318,0,0,192.601533877686,90.7216186966914,175.196329314064,0,0,101.85207633558,94.027247878695
329.719143597451,160.530221557972,0,0,115.868441404982,133.218162784108,0,0,0,0,0,0,0,0,0,0,82.6299537488922,321.864157986053,173.538155409849,151.075371308616,146.770754374523,0,115.332064605654,76.5072790361762,242.790381480436,0,193.055010680236,106.926813611922,204.481117647118,0,78.9559315574845,0,0,111.435629183184,96.5937438588657,0,240.185081663983,0,227.504408813069,0,82.4756938751058
0,0,0,0,0,0,186.348837226466,0,0,0,283.88658203332,0,0,0,0,0,0,0,0,206.472608421747,0,0,0,0,0,0,0,191.519780382943,0,0,0,0,0,0,0,283.248188884028,146.99041817625,0,0,0,0
97.3232815600345,0,0,0,0,0,0,0,0,0,0,0,0,0,253.401634605989,0,0,139.792601838991,219.040656038919,151.01089327964,0,0,201.100640800745,209.996727521564,0,0,0,0,226.825099357786,0,0,0,0,220.901129804706,0,172.892533368851,110.384905066973,115.114253591495,0,71.5579325720569,154.784755881607
0,0,0,0,0,0,0,0,134.566479261133,192.135034768848,0,0,0,253.401634605989,0,0,0,0,0,0,0,0,0,0,0,0,280.376028997576,71.4788760670054,0,0,85.6072705949986,178.683678585178,0,108.136066660554,0,205.09013266389,0,224.523755099568,0,82.1742780037132,162.833808134102
0,0,0,0,0,75.4497121078207,0,300.031143529538,0,131.969743415579,0,0,0,0,0,0,0,0,0,0,0,0,0,96.7845769653343,0,0,0,0,284.529238481835,0,0,0,0,101.605593487621,190.185165668632,0,119.345624434514,247.66948903751,0,169.742003380707,89.1590885155172
0,0,0,137.189596148386,0,0,89.707245288964,0,0,0,0,82.6299537488922,0,0,0,0,0,0,0,0,0,0,173.201474590904,0,0,67.8267069095267,224.551207449728,0,87.8456058929559,0,0,0,0,347.376449530863,94.126460729827,0,0,0,0,0,217.157696745803
0,0,0,0,0,196.04190773555,0,0,0,173.059382066957,98.417953423071,321.864157986053,0,139.792601838991,0,0,0,0,0,0,0,0,99.3508940827211,0,0,0,0,0,0,0,0,136.685314494491,0,0,0,0,73.4795582048751,0,0,0,197.486504603685
0,0,0,255.441154257905,0,0,314.611698427915,0,0,104.915316975638,161.694997919804,173.538155409849,0,219.040656038919,0,0,0,0,0,0,0,0,0,128.846764897717,0,0,0,202.712457066107,0,0,0,124.853650664477,0,348.674510760064,0,225.013371621378,0,112.823430872325,0,0,0
0,0,0,179.718364159796,115.541295036174,214.116367924649,0,0,0,153.453047983244,106.128596538706,151.075371308616,206.472608421747,151.01089327964,0,0,0,0,0,0,0,0,0,180.90030328818,0,0,171.906398392157,0,0,74.5815074003433,0,0,0,135.667029391615,222.053792850439,0,188.936291522747,168.241326865882,0,231.715271819474,195.314816908693
0,0,0,0,0,0,261.440278806413,241.682021696872,0,0,0,146.770754374523,0,0,0,0,0,0,0,0,0,0,0,0,303.527509149359,85.7623170715703,0,173.001559092555,208.005106191961,196.032358954952,218.045528847001,0,0,195.822649557859,0,62.311273509377,151.806152521152,0,0,204.084074037941,0
78.8552325762656,200.878319874537,0,0,101.350815329073,0,0,0,0,0,0,0,0,0,0,0,0,0,0,0,0,0,0,0,0,0,335.371040201042,193.63278243493,0,0,0,0,0,188.851177466023,165.597665022977,0,81.9664354533492,0,0,0,0
0,0,0,213.67670887414,0,0,0,0,0,0,0,115.332064605654,0,201.100640800745,0,0,173.201474590904,99.3508940827211,0,0,0,0,0,353.822894641502,0,197.893790332676,0,212.592150359921,94.9380989123498,320.356811100276,0,0,0,0,116.176698124939,0,169.453147353278,61.0664810463559,100.812745974529,62.859596780235,0
92.5207898118833,0,0,0,228.075434767255,0,154.142998692322,98.6790043377568,146.465927798921,0,167.066576495979,76.5072790361762,0,209.996727521564,0,96.7845769653343,0,0,128.846764897717,180.90030328818,0,0,353.822894641502,0,0,0,112.793316814908,151.036729364761,0,0,0,0,82.6426202489162,0,178.748963182352,0,157.852515740516,0,0,161.275817184598,160.537522273714
0,0,0,0,0,0,194.442125915551,154.070293657878,0,0,164.032723165762,242.790381480436,0,0,0,0,0,0,0,0,303.527509149359,0,0,0,0,139.93285932648,0,0,142.054529471577,0,0,0,0,0,119.728129215699,138.425725342224,0,163.059043292369,0,0,0
0,58.3493451392805,0,0,0,0,0,118.522099274347,205.839960264176,219.430938885781,321.124897279917,0,0,0,0,0,67.8267069095267,0,0,0,85.7623170715703,0,197.893790332676,0,139.93285932648,0,0,195.378266313867,155.24952173131,325.937289045041,0,158.567996645797,198.528111506785,306.640284138334,219.078548227669,141.204637091722,125.994729980093,0,81.2827395071039,94.7280504127031,0
0,0,215.611029055736,111.226326353722,0,0,0,0,95.7590805983148,114.511014214502,0,193.055010680236,0,0,280.376028997576,0,224.551207449728,0,0,171.906398392157,0,335.371040201042,0,112.793316814908,0,0,0,104.369974912428,140.574866691684,0,0,0,0,241.635434294794,106.533627130087,120.912756812582,128.405764333981,101.5853655613,161.302948562323,187.77054666536,338.131802716296
0,0,309.997227542691,269.936825670274,116.054372245433,117.208001126138,0,146.814226519809,220.963068032256,0,153.876396855887,106.926813611922,191.519780382943,0,71.4788760670054,0,0,0,202.712457066107,0,173.001559092555,193.63278243493,212.592150359921,151.036729364761,0,195.378266313867,104.369974912428,0,74.4197823064597,115.194491798135,0,181.316358113209,0,193.659409924573,112.349934713559,115.871357769661,113.059176128709,97.5855511246009,89.9429017381717,0,136.792307586862
145.74089716123,0,0,0,0,0,0,231.050882209,0,138.33942793804,0,204.481117647118,0,226.825099357786,0,284.529238481835,87.8456058929559,0,0,0,208.005106191961,0,94.9380989123498,0,142.054529471577,155.24952173131,140.574866691684,74.4197823064597,0,0,0,0,101.443495235174,80.8080171296381,0,263.534399241887,133.984214699576,174.013630695256,180.543851962045,101.895308036513,153.609372090384
0,0,0,0,0,0,0,0,0,236.681907140956,0,0,0,0,0,0,0,0,0,74.5815074003433,196.032358954952,0,320.356811100276,0,0,325.937289045041,0,115.194491798135,0,0,0,0,0,137.177378802006,99.2646516363145,0,0,150.161410108805,72.2278283150671,106.33736463831,0
0,0,0,0,0,0,73.1029054543569,0,0,178.224497384947,0,78.9559315574845,0,0,85.6072705949986,0,0,0,0,0,218.045528847001,0,0,0,0,0,0,0,0,0,0,139.654362654449,0,0,0,0,0,0,0,0,0
0,0,0,0,125.81518738273,0,0,0,0,0,228.792310020318,0,0,0,178.683678585178,0,0,136.685314494491,124.853650664477,0,0,0,0,0,0,158.567996645797,0,181.316358113209,0,0,139.654362654449,0,0,134.960780198024,0,0,161.325017232684,0,0,89.3673883748406,0
0,0,0,0,0,0,0,0,0,0,0,0,0,0,0,0,0,0,0,0,0,0,0,82.6426202489162,0,198.528111506785,0,0,101.443495235174,0,0,0,0,0,276.620869034647,0,0,0,0,109.093416850988,0
261.605527103798,155.901486485736,0,199.492852797962,97.3506957544063,201.44584889478,94.7529894315991,0,0,0,0,111.435629183184,0,220.901129804706,108.136066660554,101.605593487621,347.376449530863,0,348.674510760064,135.667029391615,195.822649557859,188.851177466023,0,0,0,306.640284138334,241.635434294794,193.659409924573,80.8080171296381,137.177378802006,0,134.960780198024,0,0,125.416941482916,262.382215657622,259.442917595754,0,259.055025639447,128.530575464043,0
0,0,0,0,193.777661225572,172.608400267715,0,103.519938150021,184.249961885477,113.144980278377,192.601533877686,96.5937438588657,0,0,0,190.185165668632,94.126460729827,0,0,222.053792850439,0,165.597665022977,116.176698124939,178.748963182352,119.728129215699,219.078548227669,106.533627130087,112.349934713559,0,99.2646516363145,0,0,276.620869034647,125.416941482916,0,249.905610015455,211.840482897052,135.294330067913,92.5568465385234,249.798812580765,0
0,0,177.763106506206,0,0,0,74.7304794244225,114.649126378906,250.461724766314,171.230058197369,90.7216186966914,0,283.248188884028,172.892533368851,205.09013266389,0,0,0,225.013371621378,0,62.311273509377,0,0,0,138.425725342224,141.204637091722,120.912756812582,115.871357769661,263.534399241887,0,0,0,0,262.382215657622,249.905610015455,0,0,0,0,241.57250333243,0
0,333.645516435298,90.1317194604647,180.355266595273,70.4221432298295,357.423078228283,0,148.808626413748,124.698445421759,163.945208919892,175.196329314064,240.185081663983,146.99041817625,110.384905066973,0,119.345624434514,0,73.4795582048751,0,188.936291522747,151.806152521152,81.9664354533492,169.453147353278,157.852515740516,0,125.994729980093,128.405764333981,113.059176128709,133.984214699576,0,0,161.325017232684,0,259.442917595754,211.840482897052,0,0,251.098274723989,98.2230592632363,66.5008477853491,221.805809452716
0,238.934743274142,0,108.381749703452,192.693757128262,0,0,0,142.385058730083,186.973586461633,0,0,0,115.114253591495,224.523755099568,247.66948903751,0,0,112.823430872325,168.241326865882,0,0,61.0664810463559,0,163.059043292369,0,101.5853655613,97.5855511246009,174.013630695256,150.161410108805,0,0,0,0,135.294330067913,0,251.098274723989,0,0,93.4234866874731,165.893015276821
0,0,0,345.797434674459,0,0,0,252.487290983309,0,84.3635741045246,0,227.504408813069,0,0,0,0,0,0,0,0,0,0,100.812745974529,0,0,81.2827395071039,161.302948562323,89.9429017381717,180.543851962045,72.2278283150671,0,0,0,259.055025639447,92.5568465385234,0,98.2230592632363,0,0,306.344527664232,323.781250289068
0,80.4367166559625,0,0,93.5029580098427,205.183249704085,0,0,0,94.8881692391942,101.85207633558,0,0,71.5579325720569,82.1742780037132,169.742003380707,0,0,0,231.715271819474,204.084074037941,0,62.859596780235,161.275817184598,0,94.7280504127031,187.77054666536,0,101.895308036513,106.33736463831,0,89.3673883748406,109.093416850988,128.530575464043,249.798812580765,241.57250333243,66.5008477853491,93.4234866874731,306.344527664232,0,161.74915061469
0,0,0,143.005810983322,159.183173818572,153.672550905948,206.912707094411,0,137.239127032733,0,94.027247878695,82.4756938751058,0,154.784755881607,162.833808134102,89.1590885155172,217.157696745803,197.486504603685,0,195.314816908693,0,0,0,160.537522273714,0,0,338.131802716296,136.792307586862,153.609372090384,0,0,0,0,0,0,0,221.805809452716,165.893015276821,323.781250289068,161.74915061469,0
