0,0,0,0,0,0,0,0,0,0,0,0,0,0,89.707245288964,0,0,0,0,0,0,0,0,193.055010680236,0,0,0,193.777661225572,0,0,0,0,0,0,150.161410108805,0,98.6790043377568,0,0,101.85207633558,0
0,0,0,0,0,0,0,0,0,0,0,0,0,61.0664810463559,0,0,0,0,0,276.620869034647,0,0,0,0,0,0,0,0,0,0,0,0,0,171.906398392157,0,0,116.176698124939,335.371040201042,0,111.226326353722,289.631679007608
0,0,0,0,0,0,136.792307586862,0,0,97.3232815600345,0,0,0,0,0,0,0,0,0,0,0,0,0,0,0,178.224497384947,120.567029282014,172.608400267715,0,0,0,0,0,0,0,0,0,0,0,0,0
0,0,0,0,0,0,0,0,101.350815329073,0,0,0,0,0,114.649126378906,0,0,190.185165668632,242.790381480436,78.9559315574845,0,0,0,174.013630695256,0,111.435629183184,0,0,0,0,0,0,0,0,333.645516435298,0,82.6299537488922,101.5853655613,160.537522273714,158.955087279859,309.997227542691
0,0,0,0,0,94.126460729827,0,0,0,325.937289045041,0,0,0,80.8080171296381,0,142.385058730083,0,0,0,94.9380989123498,0,103.519938150021,329.719143597451,0,0,85.7623170715703,0,0,115.868441404982,0,0,0,0,178.683678585178,193.659409924573,300.031143529538,228.792310020318,0,0,109.093416850988,0
0,0,0,0,94.126460729827,0,138.425725342224,124.698445421759,0,0,104.369974912428,99.2646516363145,0,232.945974238958,0,108.381749703452,0,0,0,202.712457066107,0,0,0,0,0,78.8552325762656,228.075434767255,240.185081663983,0,0,94.7280504127031,0,0,0,0,0,252.487290983309,0,0,0,125.994729980093
0,0,136.792307586862,0,0,138.425725342224,0,0,0,0,0,0,0,0,261.440278806413,0,0,0,0,0,198.964527389285,0,0,220.901129804706,0,0,84.3635741045246,0,108.136066660554,100.812745974529,0,96.7845769653343,206.472608421747,115.332064605654,0,269.936825670274,0,0,283.248188884028,0,0
0,0,0,0,0,124.698445421759,0,0,321.124897279917,178.748963182352,161.302948562323,89.1590885155172,0,154.142998692322,205.183249704085,0,151.806152521152,0,191.519780382943,0,0,0,128.846764897717,0,0,0,0,151.695570509541,89.9429017381717,0,0,188.851177466023,0,0,225.013371621378,0,0,164.032723165762,0,0,160.530221557972
0,0,0,101.350815329073,0,0,0,321.124897279917,0,211.840482897052,119.728129215699,0,0,0,0,0,0,0,0,0,0,0,0,197.486504603685,0,73.1029054543569,0,236.681907140956,0,0,0,0,0,106.128596538706,218.045528847001,0,133.218162784108,353.822894641502,0,0,0
0,0,97.3232815600345,0,325.937289045041,0,0,178.748963182352,211.840482897052,0,0,0,0,0,0,0,250.461724766314,151.01089327964,0,0,0,0,0,209.996727521564,338.131802716296,263.534399241887,155.901486485736,92.3502314520023,196.032358954952,0,0,0,0,206.912707094411,0,161.325017232684,161.694997919804,0,80.4367166559625,223.705816669619,195.822649557859
0,0,0,0,0,104.369974912428,0,161.302948562323,119.728129215699,0,0,306.640284138334,0,0,0,0,0,0,0,0,0,0,205.09013266389,212.592150359921,0,0,94.027247878695,348.674510760064,70.4221432298295,0,255.441154257905,82.1742780037132,0,197.893790332676,0,231.715271819474,213.67670887414,0,192.601533877686,198.528111506785,0
0,0,0,0,0,99.2646516363145,0,89.1590885155172,0,0,306.640284138334,0,231.050882209,173.201474590904,224.551207449728,90.1317194604647,118.522099274347,0,0,195.314816908693,0,284.529238481835,0,119.345624434514,0,148.808626413748,106.533627130087,314.611698427915,93.5029580098427,217.157696745803,0,0,0,259.055025639447,82.6426202489162,0,249.905610015455,0,154.065933476765,183.786860782462,0
0,0,0,0,0,0,0,0,0,0,0,231.050882209,0,0,0,0,0,0,0,0,0,0,0,0,0,159.183173818572,0,0,94.7529894315991,0,0,0,0,0,320.356811100276,0,101.605593487621,0,0,137.177378802006,0
0,61.0664810463559,0,0,80.8080171296381,232.945974238958,0,154.142998692322,0,0,0,173.201474590904,0,0,0,128.405764333981,112.349934713559,0,104.915316975638,0,0,0,0,0,0,0,125.81518738273,0,0,0,0,0,0,0,169.453147353278,0,226.825099357786,153.876396855887,0,259.442917595754,98.2230592632363
89.707245288964,0,0,114.649126378906,0,0,261.440278806413,205.183249704085,0,0,0,224.551207449728,0,0,0,0,0,74.7304794244225,0,192.135034768848,139.792601838991,0,0,0,0,0,186.973586461633,0,0,0,0,0,0,117.208001126138,0,0,241.635434294794,0,74.5815074003433,0,0
0,0,0,0,142.385058730083,108.381749703452,0,0,0,0,0,90.1317194604647,0,128.405764333981,0,0,115.194491798135,0,0,0,0,0,0,0,0,0,0,81.9664354533492,249.798812580765,0,0,0,0,71.4788760670054,0,161.74915061469,97.3506957544063,224.523755099568,0,0,0
0,0,0,0,0,0,0,151.806152521152,0,250.461724766314,0,118.522099274347,0,112.349934713559,0,115.194491798135,0,0,0,0,157.852515740516,0,188.936291522747,0,0,0,0,0,0,0,0,0,0,0,135.294330067913,0,0,0,303.527509149359,0,66.5008477853491
0,0,0,190.185165668632,0,0,0,0,0,151.01089327964,0,0,0,0,74.7304794244225,0,0,0,0,0,0,0,0,0,71.5579325720569,62.311273509377,0,0,112.793316814908,138.33942793804,0,0,0,0,0,0,72.2278283150671,0,92.5568465385234,0,0
0,0,0,242.790381480436,0,0,0,191.519780382943,0,0,0,0,0,104.915316975638,0,0,0,0,0,151.036729364761,0,0,0,262.382215657622,247.66948903751,0,280.376028997576,220.963068032256,0,146.99041817625,0,0,0,241.57250333243,153.453047983244,0,0,0,0,142.054529471577,0
0,276.620869034647,0,78.9559315574845,94.9380989123498,202.712457066107,0,0,0,0,0,195.314816908693,0,0,192.135034768848,0,0,0,151.036729364761,0,110.384905066973,0,0,0,0,0,180.543851962045,196.04190773555,120.912756812582,215.611029055736,0,0,0,199.492852797962,357.423078228283,0,161.275817184598,0,0,184.249961885477,154.784755881607
0,0,0,0,0,0,198.964527389285,0,0,0,0,0,0,0,139.792601838991,0,157.852515740516,0,0,110.384905066973,0,201.100640800745,0,140.574866691684,0,0,146.465927798921,136.685314494491,0,0,0,0,0,253.401634605989,219.040656038919,0,99.3508940827211,0,0,116.054372245433,134.566479261133
0,0,0,0,103.519938150021,0,0,0,0,0,0,284.529238481835,0,0,0,0,0,0,0,0,201.100640800745,0,168.241326865882,0,0,0,345.797434674459,124.853650664477,0,0,0,0,0,0,154.070293657878,186.348837226466,0,0,0,0,0
0,0,0,0,329.719143597451,0,0,128.846764897717,0,0,205.09013266389,0,0,0,0,0,188.936291522747,0,0,0,0,168.241326865882,0,0,0,283.88658203332,0,162.833808134102,0,0,173.059382066957,0,0,0,204.481117647118,241.682021696872,101.443495235174,143.005810983322,113.144980278377,87.8456058929559,165.597665022977
193.055010680236,0,0,174.013630695256,0,0,220.901129804706,0,197.486504603685,209.996727521564,212.592150359921,119.345624434514,0,0,0,0,0,0,262.382215657622,0,140.574866691684,0,0,0,0,0,0,62.859596780235,173.001559092555,0,0,153.609372090384,187.77054666536,155.24952173131,0,201.44584889478,101.895308036513,180.355266595273,0,193.63278243493,175.196329314064
0,0,0,0,0,0,0,0,0,338.131802716296,0,0,0,0,0,0,0,71.5579325720569,247.66948903751,0,0,0,0,0,0,173.538155409849,115.541295036174,0,0,0,0,0,0,261.605527103798,169.742003380707,219.430938885781,0,208.005106191961,139.93285932648,0,0
0,0,178.224497384947,111.435629183184,85.7623170715703,78.8552325762656,0,0,73.1029054543569,263.534399241887,0,148.808626413748,159.183173818572,0,0,0,0,62.311273509377,0,0,0,0,283.88658203332,0,173.538155409849,0,204.084074037941,163.059043292369,195.378266313867,0,0,0,0,58.3493451392805,0,180.90030328818,114.511014214502,131.969743415579,0,167.066576495979,95.7590805983148
0,0,120.567029282014,0,0,228.075434767255,84.3635741045246,0,0,155.901486485736,94.027247878695,106.533627130087,0,125.81518738273,186.973586461633,0,0,0,280.376028997576,180.543851962045,146.465927798921,345.797434674459,0,0,115.541295036174,204.084074037941,0,125.416941482916,74.4197823064597,0,0,0,0,112.823430872325,0,113.059176128709,0,73.4795582048751,0,133.984214699576,0
193.777661225572,0,172.608400267715,0,0,240.185081663983,0,151.695570509541,236.681907140956,92.3502314520023,348.674510760064,314.611698427915,0,0,0,81.9664354533492,0,0,220.963068032256,196.04190773555,136.685314494491,124.853650664477,162.833808134102,62.859596780235,0,163.059043292369,125.416941482916,0,134.960780198024,96.5937438588657,0,0,306.344527664232,106.926813611922,205.839960264176,128.530575464043,92.5207898118833,214.116367924649,321.864157986053,98.417953423071,0
0,0,0,0,115.868441404982,0,108.136066660554,89.9429017381717,0,196.032358954952,70.4221432298295,93.5029580098427,94.7529894315991,0,0,249.798812580765,0,112.793316814908,0,120.912756812582,0,0,0,173.001559092555,0,195.378266313867,74.4197823064597,134.960780198024,0,81.2827395071039,0,90.7216186966914,0,151.075371308616,76.5072790361762,93.4234866874731,194.442125915551,0,137.239127032733,0,0
0,0,0,0,0,0,100.812745974529,0,0,0,0,217.157696745803,0,0,0,0,0,138.33942793804,146.99041817625,215.611029055736,0,0,0,0,0,0,0,96.5937438588657,81.2827395071039,0,0,0,0,85.6072705949986,97.5855511246009,0,0,0,0,221.805809452716,94.8881692391942
0,0,0,0,0,94.7280504127031,0,0,0,0,255.441154257905,0,0,0,0,0,0,0,0,0,0,0,173.059382066957,0,0,0,0,0,0,0,0,0,0,219.078548227669,106.33736463831,0,192.693757128262,0,0,0,0
0,0,0,0,0,0,96.7845769653343,188.851177466023,0,0,82.1742780037132,0,0,0,0,0,0,0,0,0,0,0,0,153.609372090384,0,0,0,0,90.7216186966914,0,0,0,0,82.4756938751058,0,0,137.189596148386,227.504408813069,115.871357769661,238.934743274142,89.3673883748406
0,0,0,0,0,0,206.472608421747,0,0,0,0,0,0,0,0,0,0,0,0,0,0,0,0,187.77054666536,0,0,0,306.344527664232,0,0,0,0,0,0,0,0,146.770754374523,0,0,0,165.893015276821
0,171.906398392157,0,0,178.683678585178,0,115.332064605654,0,106.128596538706,206.912707094411,197.893790332676,259.055025639447,0,0,117.208001126138,71.4788760670054,0,0,241.57250333243,199.492852797962,253.401634605989,0,0,155.24952173131,261.605527103798,58.3493451392805,112.823430872325,106.926813611922,151.075371308616,85.6072705949986,219.078548227669,82.4756938751058,0,0,158.567996645797,115.114253591495,0,122.106946855269,0,145.74089716123,323.781250289068
150.161410108805,0,0,333.645516435298,193.659409924573,0,0,225.013371621378,218.045528847001,0,0,82.6426202489162,320.356811100276,169.453147353278,0,0,135.294330067913,0,153.453047983244,357.423078228283,219.040656038919,154.070293657878,204.481117647118,0,169.742003380707,0,0,205.839960264176,76.5072790361762,97.5855511246009,106.33736463831,0,0,158.567996645797,0,146.814226519809,179.718364159796,163.945208919892,0,75.4497121078207,251.098274723989
0,0,0,0,300.031143529538,0,269.936825670274,0,0,161.325017232684,231.715271819474,0,0,0,0,161.74915061469,0,0,0,0,0,186.348837226466,241.682021696872,201.44584889478,219.430938885781,180.90030328818,113.059176128709,128.530575464043,93.4234866874731,0,0,0,0,115.114253591495,146.814226519809,0,181.316358113209,153.672550905948,0,139.654362654449,347.376449530863
98.6790043377568,116.176698124939,0,82.6299537488922,228.792310020318,252.487290983309,0,0,133.218162784108,161.694997919804,213.67670887414,249.905610015455,101.605593487621,226.825099357786,241.635434294794,97.3506957544063,0,72.2278283150671,0,161.275817184598,99.3508940827211,0,101.443495235174,101.895308036513,0,114.511014214502,0,92.5207898118833,194.442125915551,0,192.693757128262,137.189596148386,146.770754374523,0,179.718364159796,181.316358113209,0,67.8267069095267,177.763106506206,200.878319874537,135.667029391615
0,335.371040201042,0,101.5853655613,0,0,0,164.032723165762,353.822894641502,0,0,0,0,153.876396855887,0,224.523755099568,0,0,0,0,0,0,143.005810983322,180.355266595273,208.005106191961,131.969743415579,73.4795582048751,214.116367924649,0,0,0,227.504408813069,0,122.106946855269,163.945208919892,153.672550905948,67.8267069095267,0,141.204637091722,222.053792850439,172.892533368851
0,0,0,160.537522273714,0,0,283.248188884028,0,0,80.4367166559625,192.601533877686,154.065933476765,0,0,74.5815074003433,0,303.527509149359,92.5568465385234,0,0,0,0,113.144980278377,0,139.93285932648,0,0,321.864157986053,137.239127032733,0,0,115.871357769661,0,0,0,0,177.763106506206,141.204637091722,0,0,0
101.85207633558,111.226326353722,0,158.955087279859,109.093416850988,0,0,0,0,223.705816669619,198.528111506785,183.786860782462,137.177378802006,259.442917595754,0,0,0,0,142.054529471577,184.249961885477,116.054372245433,0,87.8456058929559,193.63278243493,0,167.066576495979,133.984214699576,98.417953423071,0,221.805809452716,0,238.934743274142,0,145.74089716123,75.4497121078207,139.654362654449,200.878319874537,222.053792850439,0,0,171.230058197369
0,289.631679007608,0,309.997227542691,0,125.994729980093,0,160.530221557972,0,195.822649557859,0,0,0,98.2230592632363,0,0,66.5008477853491,0,0,154.784755881607,134.566479261133,0,165.597665022977,175.196329314064,0,95.7590805983148,0,0,0,94.8881692391942,0,89.3673883748406,165.893015276821,323.781250289068,251.098274723989,347.376449530863,135.667029391615,172.892533368851,0,171.230058197369,0
