0,0,0,0,85.7623170715703,0,0,0,0,0,0,0,0,0,0,0,0,0,0,0,153.453047983244,0,0,0,0,241.682021696872,0,0,0,0,0,0,0,0,0,0,157.852515740516,0,0,193.659409924573,333.645516435298
0,0,0,0,165.893015276821,0,0,0,0,0,0,0,0,0,93.5029580098427,213.67670887414,0,0,0,0,78.8552325762656,259.055025639447,0,0,0,0,0,160.537522273714,0,0,0,0,0,0,0,0,0,283.88658203332,0,0,0
0,0,0,0,0,0,0,357.423078228283,0,0,0,323.781250289068,0,0,0,0,0,0,0,0,0,0,0,175.196329314064,0,0,0,161.302948562323,0,0,0,0,0,99.3508940827211,0,0,0,0,0,0,0
0,0,0,0,0,0,0,0,0,0,0,138.33942793804,0,0,0,151.01089327964,0,0,0,106.533627130087,169.742003380707,131.969743415579,0,0,289.631679007608,208.005106191961,142.385058730083,0,0,0,0,193.055010680236,284.529238481835,219.078548227669,0,71.4788760670054,0,0,0,247.66948903751,0
85.7623170715703,165.893015276821,0,0,0,0,0,0,118.522099274347,197.486504603685,0,146.770754374523,0,0,0,0,177.763106506206,96.7845769653343,0,0,0,0,0,141.204637091722,0,0,0,223.705816669619,0,0,0,0,0,120.567029282014,94.7529894315991,0,172.892533368851,75.4497121078207,0,137.177378802006,0
0,0,0,0,0,0,134.960780198024,0,0,253.401634605989,321.124897279917,204.084074037941,0,0,0,0,0,0,80.8080171296381,0,0,0,186.348837226466,0,0,0,0,226.825099357786,0,0,0,0,0,160.530221557972,113.144980278377,146.814226519809,115.114253591495,224.551207449728,0,92.5568465385234,120.912756812582
0,0,0,0,0,134.960780198024,0,0,0,201.44584889478,128.846764897717,231.050882209,0,136.685314494491,0,73.4795582048751,0,0,154.065933476765,0,0,0,133.218162784108,148.808626413748,0,0,0,0,0,178.748963182352,0,0,0,146.99041817625,81.9664354533492,0,0,0,0,128.405764333981,0
0,0,357.423078228283,0,0,0,0,0,101.5853655613,0,138.425725342224,0,0,353.822894641502,89.707245288964,0,0,171.906398392157,0,0,0,97.3232815600345,94.9380989123498,206.912707094411,0,0,0,178.683678585178,0,0,150.161410108805,0,0,67.8267069095267,119.345624434514,0,188.851177466023,106.128596538706,0,154.142998692322,0
0,0,0,0,118.522099274347,0,0,101.5853655613,0,345.797434674459,0,87.8456058929559,0,0,0,0,0,0,0,0,240.185081663983,0,0,0,0,0,0,193.777661225572,196.04190773555,101.443495235174,0,0,0,199.492852797962,99.2646516363145,0,0,0,283.248188884028,0,0
0,0,0,0,197.486504603685,253.401634605989,201.44584889478,0,345.797434674459,0,0,0,0,0,0,0,0,0,0,140.574866691684,0,0,115.332064605654,0,98.6790043377568,135.667029391615,164.032723165762,78.9559315574845,187.77054666536,0,0,0,0,0,136.792307586862,94.8881692391942,261.605527103798,194.442125915551,303.527509149359,249.798812580765,90.7216186966914
0,0,0,0,0,321.124897279917,128.846764897717,138.425725342224,0,0,0,151.036729364761,0,0,0,0,0,161.325017232684,116.054372245433,139.654362654449,0,115.871357769661,204.481117647118,72.2278283150671,0,128.530575464043,0,251.098274723989,0,0,0,0,0,0,181.316358113209,101.85207633558,162.833808134102,0,0,82.4756938751058,0
0,0,323.781250289068,138.33942793804,146.770754374523,204.084074037941,231.050882209,0,87.8456058929559,0,151.036729364761,0,0,197.893790332676,0,0,262.382215657622,0,178.224497384947,0,0,0,0,0,159.183173818572,314.611698427915,0,134.566479261133,82.1742780037132,0,269.936825670274,0,142.054529471577,0,276.620869034647,0,200.878319874537,62.311273509377,0,70.4221432298295,114.649126378906
0,0,0,0,0,0,0,0,0,0,0,0,0,0,0,0,0,0,0,0,0,0,0,0,94.7280504127031,228.075434767255,231.715271819474,0,0,0,0,0,0,0,0,0,192.693757128262,82.6426202489162,0,151.695570509541,0
0,0,0,0,0,0,136.685314494491,353.822894641502,0,0,0,197.893790332676,0,0,0,0,0,255.441154257905,0,0,108.136066660554,173.059382066957,0,106.33736463831,0,0,167.066576495979,169.453147353278,0,0,0,0,0,145.74089716123,58.3493451392805,0,0,94.027247878695,211.840482897052,0,205.183249704085
0,93.5029580098427,0,0,0,0,0,89.707245288964,0,0,0,0,0,0,0,0,0,96.5937438588657,0,0,0,0,117.208001126138,219.430938885781,0,112.349934713559,0,155.901486485736,0,0,0,0,0,180.355266595273,135.294330067913,0,90.1317194604647,0,0,111.226326353722,71.5579325720569
0,213.67670887414,0,151.01089327964,0,0,73.4795582048751,0,0,0,0,0,0,0,0,0,0,0,0,115.194491798135,0,0,0,0,0,188.936291522747,263.534399241887,338.131802716296,0,241.635434294794,0,0,0,0,151.075371308616,0,0,0,0,61.0664810463559,320.356811100276
0,0,0,0,177.763106506206,0,0,0,0,0,0,262.382215657622,0,0,0,0,0,0,0,0,0,0,0,0,0,0,220.963068032256,0,335.371040201042,0,0,0,112.823430872325,154.070293657878,0,76.5072790361762,325.937289045041,163.059043292369,94.126460729827,0,0
0,0,0,0,96.7845769653343,0,0,171.906398392157,0,0,161.325017232684,0,0,255.441154257905,96.5937438588657,0,0,0,168.241326865882,0,0,0,0,184.249961885477,0,0,137.189596148386,0,0,0,173.538155409849,0,0,0,0,0,0,0,0,0,0
0,0,0,0,0,80.8080171296381,154.065933476765,0,0,0,116.054372245433,178.224497384947,0,0,0,0,0,168.241326865882,0,0,0,0,0,309.997227542691,0,153.609372090384,0,0,238.934743274142,0,0,0,0,106.926813611922,0,0,100.812745974529,97.3506957544063,0,74.7304794244225,0
0,0,0,106.533627130087,0,0,0,0,0,140.574866691684,139.654362654449,0,0,0,0,115.194491798135,0,0,0,0,139.792601838991,0,198.964527389285,321.864157986053,0,82.6299537488922,0,113.059176128709,103.519938150021,191.519780382943,0,0,0,249.905610015455,0,347.376449530863,137.239127032733,228.792310020318,158.567996645797,89.3673883748406,0
153.453047983244,78.8552325762656,0,169.742003380707,0,0,0,0,240.185081663983,0,0,0,0,108.136066660554,0,0,0,0,0,139.792601838991,0,0,0,0,0,0,232.945974238958,0,222.053792850439,146.465927798921,300.031143529538,0,0,172.608400267715,0,0,179.718364159796,0,0,115.868441404982,0
0,259.055025639447,0,131.969743415579,0,0,0,97.3232815600345,0,0,115.871357769661,0,0,173.059382066957,0,0,0,0,0,0,0,0,0,0,0,0,0,0,0,0,0,0,0,195.378266313867,209.996727521564,0,259.442917595754,0,0,0,0
0,0,0,0,0,186.348837226466,133.218162784108,94.9380989123498,0,115.332064605654,204.481117647118,0,0,0,117.208001126138,0,0,0,0,198.964527389285,0,0,0,236.681907140956,0,173.001559092555,0,218.045528847001,0,101.605593487621,0,0,0,219.040656038919,186.973586461633,195.314816908693,0,225.013371621378,0,0,0
0,0,175.196329314064,0,141.204637091722,0,148.808626413748,206.912707094411,0,0,72.2278283150671,0,0,106.33736463831,219.430938885781,0,0,184.249961885477,309.997227542691,321.864157986053,0,0,236.681907140956,0,205.839960264176,0,261.440278806413,0,114.511014214502,0,0,0,0,201.100640800745,192.135034768848,74.4197823064597,158.955087279859,0,174.013630695256,0,0
0,0,0,289.631679007608,0,0,0,0,0,98.6790043377568,0,159.183173818572,94.7280504127031,0,0,0,0,0,0,0,0,0,0,205.839960264176,0,0,104.369974912428,196.032358954952,0,0,0,0,0,205.09013266389,0,0,125.81518738273,0,0,241.57250333243,0
241.682021696872,0,0,208.005106191961,0,0,0,0,0,135.667029391615,128.530575464043,314.611698427915,228.075434767255,0,112.349934713559,188.936291522747,0,0,153.609372090384,82.6299537488922,0,0,173.001559092555,0,0,0,0,115.541295036174,212.592150359921,0,0,0,0,85.6072705949986,202.712457066107,224.523755099568,92.5207898118833,227.504408813069,112.793316814908,0,153.876396855887
0,0,0,142.385058730083,0,0,0,0,0,164.032723165762,0,0,231.715271819474,167.066576495979,0,263.534399241887,220.963068032256,137.189596148386,0,0,232.945974238958,0,0,261.440278806413,104.369974912428,0,0,97.5855511246009,93.4234866874731,0,0,124.698445421759,0,0,151.806152521152,214.116367924649,154.784755881607,89.1590885155172,250.461724766314,62.859596780235,221.805809452716
0,160.537522273714,161.302948562323,0,223.705816669619,226.825099357786,0,178.683678585178,193.777661225572,78.9559315574845,251.098274723989,134.566479261133,0,169.453147353278,155.901486485736,338.131802716296,0,0,0,113.059176128709,0,0,218.045528847001,0,196.032358954952,115.541295036174,97.5855511246009,0,80.4367166559625,0,165.597665022977,215.611029055736,0,206.472608421747,183.786860782462,348.674510760064,124.853650664477,252.487290983309,81.2827395071039,0,306.640284138334
0,0,0,0,0,0,0,0,196.04190773555,187.77054666536,0,82.1742780037132,0,0,0,0,335.371040201042,0,238.934743274142,103.519938150021,222.053792850439,0,0,114.511014214502,0,212.592150359921,93.4234866874731,80.4367166559625,0,0,0,92.3502314520023,122.106946855269,193.63278243493,110.384905066973,171.230058197369,173.201474590904,163.945208919892,139.93285932648,95.7590805983148,161.74915061469
0,0,0,0,0,0,178.748963182352,0,101.443495235174,0,0,0,0,0,0,241.635434294794,0,0,0,191.519780382943,146.465927798921,0,101.605593487621,0,0,0,0,0,0,0,0,153.672550905948,0,89.9429017381717,0,0,198.528111506785,0,0,98.417953423071,155.24952173131
0,0,0,0,0,0,0,150.161410108805,0,0,0,269.936825670274,0,0,0,0,0,173.538155409849,0,0,300.031143529538,0,0,0,0,0,0,165.597665022977,0,0,0,0,0,0,0,0,0,0,0,0,116.176698124939
0,0,0,193.055010680236,0,0,0,0,0,0,0,0,0,0,0,0,0,0,0,0,0,0,0,0,0,0,124.698445421759,215.611029055736,92.3502314520023,153.672550905948,0,0,0,190.185165668632,217.157696745803,98.2230592632363,133.984214699576,0,0,73.1029054543569,119.728129215699
0,0,0,284.529238481835,0,0,0,0,0,0,0,142.054529471577,0,0,0,0,112.823430872325,0,0,0,0,0,0,0,0,0,0,0,122.106946855269,0,0,0,0,0,0,0,125.994729980093,0,0,0,0
0,0,99.3508940827211,219.078548227669,120.567029282014,160.530221557972,146.99041817625,67.8267069095267,199.492852797962,0,0,0,0,145.74089716123,180.355266595273,0,154.070293657878,0,106.926813611922,249.905610015455,172.608400267715,195.378266313867,219.040656038919,201.100640800745,205.09013266389,85.6072705949986,0,206.472608421747,193.63278243493,89.9429017381717,0,190.185165668632,0,0,0,143.005810983322,66.5008477853491,0,0,220.901129804706,280.376028997576
0,0,0,0,94.7529894315991,113.144980278377,81.9664354533492,119.345624434514,99.2646516363145,136.792307586862,181.316358113209,276.620869034647,0,58.3493451392805,135.294330067913,151.075371308616,0,0,0,0,0,209.996727521564,186.973586461633,192.135034768848,0,202.712457066107,151.806152521152,183.786860782462,110.384905066973,0,0,217.157696745803,0,0,0,192.601533877686,306.344527664232,161.694997919804,111.435629183184,101.350815329073,242.790381480436
0,0,0,71.4788760670054,0,146.814226519809,0,0,0,94.8881692391942,101.85207633558,0,0,0,0,0,76.5072790361762,0,0,347.376449530863,0,0,195.314816908693,74.4197823064597,0,224.523755099568,214.116367924649,348.674510760064,171.230058197369,0,0,98.2230592632363,0,143.005810983322,192.601533877686,0,180.90030328818,104.915316975638,109.093416850988,0,161.275817184598
157.852515740516,0,0,0,172.892533368851,115.114253591495,0,188.851177466023,0,261.605527103798,162.833808134102,200.878319874537,192.693757128262,0,90.1317194604647,0,325.937289045041,0,100.812745974529,137.239127032733,179.718364159796,259.442917595754,0,158.955087279859,125.81518738273,92.5207898118833,154.784755881607,124.853650664477,173.201474590904,198.528111506785,0,133.984214699576,125.994729980093,66.5008477853491,306.344527664232,180.90030328818,0,180.543851962045,84.3635741045246,108.381749703452,101.895308036513
0,283.88658203332,0,0,75.4497121078207,224.551207449728,0,106.128596538706,0,194.442125915551,0,62.311273509377,82.6426202489162,94.027247878695,0,0,163.059043292369,0,97.3506957544063,228.792310020318,0,0,225.013371621378,0,0,227.504408813069,89.1590885155172,252.487290983309,163.945208919892,0,0,0,0,0,161.694997919804,104.915316975638,180.543851962045,0,0,0,329.719143597451
0,0,0,0,0,0,0,0,283.248188884028,303.527509149359,0,0,0,211.840482897052,0,0,94.126460729827,0,0,158.567996645797,0,0,0,174.013630695256,0,112.793316814908,250.461724766314,81.2827395071039,139.93285932648,0,0,0,0,0,111.435629183184,109.093416850988,84.3635741045246,0,0,125.416941482916,195.822649557859
193.659409924573,0,0,247.66948903751,137.177378802006,92.5568465385234,128.405764333981,154.142998692322,0,249.798812580765,82.4756938751058,70.4221432298295,151.695570509541,0,111.226326353722,61.0664810463559,0,0,74.7304794244225,89.3673883748406,115.868441404982,0,0,0,241.57250333243,0,62.859596780235,0,95.7590805983148,98.417953423071,0,73.1029054543569,0,220.901129804706,101.350815329073,0,108.381749703452,0,125.416941482916,0,74.5815074003433
333.645516435298,0,0,0,0,120.912756812582,0,0,0,90.7216186966914,0,114.649126378906,0,205.183249704085,71.5579325720569,320.356811100276,0,0,0,0,0,0,0,0,0,153.876396855887,221.805809452716,306.640284138334,161.74915061469,155.24952173131,116.176698124939,119.728129215699,0,280.376028997576,242.790381480436,161.275817184598,101.895308036513,329.719143597451,195.822649557859,74.5815074003433,0
