0,0,0,0,0,0,0,205.183249704085,0,0,0,0,0,0,0,0,0,0,0,0,217.157696745803,0,0,0,0,0,0,357.423078228283,0,0,0,0,0,335.371040201042,93.5029580098427,0,0,0,0,220.963068032256,0
0,0,0,0,0,0,199.492852797962,241.57250333243,0,0,0,0,0,0,0,125.994729980093,0,0,173.059382066957,0,0,0,92.5207898118833,0,0,0,0,0,0,0,0,0,0,255.441154257905,0,0,195.378266313867,0,0,0,0
0,0,0,0,0,67.8267069095267,0,0,0,0,0,0,0,0,0,0,0,0,0,101.350815329073,0,0,0,0,0,0,0,0,0,0,0,0,0,0,0,71.5579325720569,0,0,0,114.511014214502,250.461724766314
0,0,0,0,0,280.376028997576,0,178.683678585178,0,219.078548227669,0,115.114253591495,198.964527389285,0,0,261.440278806413,92.5568465385234,0,154.142998692322,82.6426202489162,0,0,0,0,0,151.01089327964,0,323.781250289068,0,0,0,0,0,82.6299537488922,98.2230592632363,0,0,0,0,0,0
0,0,0,0,0,0,89.9429017381717,154.065933476765,151.806152521152,0,0,0,0,0,118.522099274347,0,0,321.864157986053,0,180.90030328818,0,222.053792850439,151.036729364761,0,0,0,0,242.790381480436,0,141.204637091722,0,0,0,0,219.430938885781,0,0,155.24952173131,0,128.405764333981,345.797434674459
0,0,67.8267069095267,280.376028997576,0,0,0,0,0,113.059176128709,183.786860782462,136.792307586862,0,0,0,85.7623170715703,0,0,0,325.937289045041,0,0,0,0,0,0,0,175.196329314064,0,0,0,0,0,58.3493451392805,87.8456058929559,0,153.453047983244,206.472608421747,0,160.537522273714,241.682021696872
0,199.492852797962,0,0,89.9429017381717,0,0,0,0,218.045528847001,0,0,0,0,0,73.1029054543569,174.013630695256,0,0,0,0,0,0,0,0,167.066576495979,0,146.814226519809,0,0,0,0,0,0,306.640284138334,136.685314494491,263.534399241887,186.348837226466,0,284.529238481835,75.4497121078207
205.183249704085,241.57250333243,0,178.683678585178,154.065933476765,0,0,0,0,0,112.823430872325,190.185165668632,0,0,0,0,0,0,0,0,155.901486485736,348.674510760064,0,96.7845769653343,0,0,124.698445421759,0,103.519938150021,0,0,89.3673883748406,0,0,0,128.530575464043,0,100.812745974529,0,306.344527664232,211.840482897052
0,0,0,0,151.806152521152,0,0,0,0,0,0,221.805809452716,0,201.100640800745,0,0,0,0,99.3508940827211,192.135034768848,0,0,0,0,0,66.5008477853491,97.3232815600345,119.728129215699,0,0,0,0,0,0,261.605527103798,192.693757128262,0,0,0,117.208001126138,0
0,0,0,219.078548227669,0,113.059176128709,218.045528847001,0,0,0,94.9380989123498,0,0,191.519780382943,0,0,78.8552325762656,0,0,0,115.868441404982,0,215.611029055736,0,0,150.161410108805,178.748963182352,205.09013266389,135.667029391615,0,0,0,0,0,0,94.8881692391942,236.681907140956,94.027247878695,158.567996645797,320.356811100276,180.355266595273
0,0,0,0,0,183.786860782462,0,112.823430872325,0,94.9380989123498,0,0,0,0,0,0,0,0,228.792310020318,0,0,0,163.945208919892,231.715271819474,0,213.67670887414,95.7590805983148,0,161.275817184598,0,81.2827395071039,0,0,153.609372090384,106.128596538706,321.124897279917,179.718364159796,139.792601838991,0,137.239127032733,0
0,0,0,115.114253591495,0,136.792307586862,0,190.185165668632,221.805809452716,0,0,0,0,276.620869034647,0,0,165.597665022977,0,303.527509149359,0,0,80.4367166559625,0,169.742003380707,224.551207449728,204.481117647118,74.7304794244225,0,0,134.960780198024,0,137.177378802006,0,158.955087279859,0,139.93285932648,138.33942793804,145.74089716123,115.332064605654,122.106946855269,163.059043292369
0,0,0,198.964527389285,0,0,0,0,0,0,0,0,0,0,0,0,0,0,0,0,0,0,0,0,180.543851962045,161.74915061469,0,0,0,0,0,0,0,187.77054666536,0,0,151.075371308616,0,0,0,289.631679007608
0,0,0,0,0,0,0,0,201.100640800745,191.519780382943,0,276.620869034647,0,0,181.316358113209,0,0,0,0,0,0,82.1742780037132,194.442125915551,0,0,154.070293657878,0,204.084074037941,133.218162784108,0,0,0,0,162.833808134102,0,0,104.369974912428,205.839960264176,143.005810983322,0,196.032358954952
0,0,0,0,118.522099274347,0,0,0,0,0,0,0,0,181.316358113209,0,0,0,0,0,0,80.8080171296381,0,0,0,0,0,0,231.050882209,114.649126378906,74.4197823064597,76.5072790361762,161.325017232684,0,160.530221557972,0,157.852515740516,238.934743274142,0,249.798812580765,0,0
0,125.994729980093,0,261.440278806413,0,85.7623170715703,73.1029054543569,0,0,0,0,0,0,0,0,0,188.851177466023,0,0,0,0,0,0,329.719143597451,0,0,0,0,0,0,0,0,0,300.031143529538,193.63278243493,232.945974238958,0,70.4221432298295,0,309.997227542691,0
0,0,0,92.5568465385234,0,0,174.013630695256,0,0,78.8552325762656,0,165.597665022977,0,0,0,188.851177466023,0,0,0,0,0,0,0,0,0,0,0,90.1317194604647,0,0,219.040656038919,173.001559092555,0,137.189596148386,0,0,81.9664354533492,0,0,0,0
0,0,0,0,321.864157986053,0,0,0,0,0,0,0,0,0,0,0,0,0,0,0,0,139.654362654449,0,98.417953423071,0,0,97.3506957544063,227.504408813069,193.055010680236,0,0,0,0,0,112.793316814908,0,153.672550905948,0,0,197.486504603685,0
0,173.059382066957,0,154.142998692322,0,0,0,0,99.3508940827211,0,228.792310020318,303.527509149359,0,0,0,0,0,0,0,0,138.425725342224,0,164.032723165762,0,0,0,0,0,101.895308036513,0,0,0,0,62.859596780235,0,0,209.996727521564,0,90.7216186966914,0,241.635434294794
0,0,101.350815329073,82.6426202489162,180.90030328818,325.937289045041,0,0,192.135034768848,0,0,0,0,0,0,0,0,0,0,0,0,146.465927798921,0,0,0,154.784755881607,353.822894641502,74.5815074003433,0,212.592150359921,0,0,94.7529894315991,226.825099357786,61.0664810463559,259.442917595754,195.822649557859,193.659409924573,0,178.224497384947,0
217.157696745803,0,0,0,0,0,0,155.901486485736,0,115.868441404982,0,0,0,0,80.8080171296381,0,0,0,138.425725342224,0,0,0,0,106.533627130087,0,161.302948562323,0,128.846764897717,0,0,0,131.969743415579,0,0,116.176698124939,0,153.876396855887,0,0,169.453147353278,72.2278283150671
0,0,0,0,222.053792850439,0,0,348.674510760064,0,0,0,80.4367166559625,0,82.1742780037132,0,0,0,139.654362654449,0,146.465927798921,0,0,0,0,0,0,0,140.574866691684,0,0,0,0,0,0,188.936291522747,0,0,0,0,0,0
0,92.5207898118833,0,0,151.036729364761,0,0,0,0,215.611029055736,163.945208919892,0,0,194.442125915551,0,0,0,0,164.032723165762,0,0,0,0,0,197.893790332676,119.345624434514,228.075434767255,0,116.054372245433,0,0,0,0,0,106.33736463831,85.6072705949986,240.185081663983,0,104.915316975638,0,125.81518738273
0,0,0,0,0,0,0,96.7845769653343,0,0,231.715271819474,169.742003380707,0,0,0,329.719143597451,0,98.417953423071,0,0,106.533627130087,0,0,0,193.777661225572,110.384905066973,94.7280504127031,283.88658203332,98.6790043377568,0,0,101.5853655613,0,201.44584889478,134.566479261133,0,208.005106191961,120.567029282014,71.4788760670054,62.311273509377,82.4756938751058
0,0,0,0,0,0,0,0,0,0,0,224.551207449728,180.543851962045,0,0,0,0,0,0,0,0,0,197.893790332676,193.777661225572,0,0,0,135.294330067913,0,0,0,0,0,161.694997919804,314.611698427915,0,223.705816669619,142.054529471577,0,195.314816908693,0
0,0,0,151.01089327964,0,0,167.066576495979,0,66.5008477853491,150.161410108805,213.67670887414,204.481117647118,161.74915061469,154.070293657878,0,0,0,0,0,154.784755881607,161.302948562323,0,119.345624434514,110.384905066973,0,0,198.528111506785,142.385058730083,108.136066660554,173.538155409849,0,0,171.230058197369,0,186.973586461633,0,206.912707094411,0,0,0,171.906398392157
0,0,0,0,0,0,0,124.698445421759,97.3232815600345,178.748963182352,95.7590805983148,74.7304794244225,0,0,0,0,0,97.3506957544063,0,353.822894641502,0,0,228.075434767255,94.7280504127031,0,198.528111506785,0,177.763106506206,0,89.707245288964,0,111.435629183184,0,172.892533368851,115.194491798135,0,151.695570509541,172.608400267715,159.183173818572,202.712457066107,333.645516435298
357.423078228283,0,0,323.781250289068,242.790381480436,175.196329314064,146.814226519809,0,119.728129215699,205.09013266389,0,0,0,204.084074037941,231.050882209,0,90.1317194604647,227.504408813069,0,74.5815074003433,128.846764897717,140.574866691684,0,283.88658203332,135.294330067913,142.385058730083,177.763106506206,0,253.401634605989,125.416941482916,0,0,0,347.376449530863,224.523755099568,200.878319874537,115.871357769661,0,113.144980278377,252.487290983309,115.541295036174
0,0,0,0,0,0,0,103.519938150021,0,135.667029391615,161.275817184598,0,0,133.218162784108,114.649126378906,0,0,193.055010680236,101.895308036513,0,0,0,116.054372245433,98.6790043377568,0,108.136066660554,0,253.401634605989,0,0,192.601533877686,97.5855511246009,84.3635741045246,247.66948903751,0,92.3502314520023,168.241326865882,146.770754374523,214.116367924649,94.126460729827,101.443495235174
0,0,0,0,141.204637091722,0,0,0,0,0,0,134.960780198024,0,0,74.4197823064597,0,0,0,0,212.592150359921,0,0,0,0,0,173.538155409849,89.707245288964,125.416941482916,0,0,0,0,0,0,0,0,148.808626413748,89.1590885155172,262.382215657622,0,101.85207633558
0,0,0,0,0,0,0,0,0,0,81.2827395071039,0,0,0,76.5072790361762,0,219.040656038919,0,0,0,0,0,0,0,0,0,0,0,192.601533877686,0,0,0,0,0,0,0,259.055025639447,0,0,109.093416850988,0
0,0,0,0,0,0,0,89.3673883748406,0,0,0,137.177378802006,0,0,161.325017232684,0,173.001559092555,0,0,0,131.969743415579,0,0,101.5853655613,0,0,111.435629183184,0,97.5855511246009,0,0,0,0,165.893015276821,251.098274723989,0,0,196.04190773555,0,0,0
0,0,0,0,0,0,0,0,0,0,0,0,0,0,0,0,0,0,0,94.7529894315991,0,0,0,0,0,171.230058197369,0,0,84.3635741045246,0,0,0,0,0,0,106.926813611922,112.349934713559,0,0,0,0
335.371040201042,255.441154257905,0,82.6299537488922,0,58.3493451392805,0,0,0,0,153.609372090384,158.955087279859,187.77054666536,162.833808134102,160.530221557972,300.031143529538,137.189596148386,0,62.859596780235,226.825099357786,0,0,0,201.44584889478,161.694997919804,0,172.892533368851,347.376449530863,247.66948903751,0,0,165.893015276821,0,0,93.4234866874731,249.905610015455,133.984214699576,146.99041817625,78.9559315574845,96.5937438588657,220.901129804706
93.5029580098427,0,0,98.2230592632363,219.430938885781,87.8456058929559,306.640284138334,0,261.605527103798,0,106.128596538706,0,0,0,0,193.63278243493,0,112.793316814908,0,61.0664810463559,116.176698124939,188.936291522747,106.33736463831,134.566479261133,314.611698427915,186.973586461633,115.194491798135,224.523755099568,0,0,0,251.098274723989,0,93.4234866874731,0,225.013371621378,269.936825670274,173.201474590904,124.853650664477,0,108.381749703452
0,0,71.5579325720569,0,0,0,136.685314494491,128.530575464043,192.693757128262,94.8881692391942,321.124897279917,139.93285932648,0,0,157.852515740516,232.945974238958,0,0,0,259.442917595754,0,0,85.6072705949986,0,0,0,0,200.878319874537,92.3502314520023,0,0,0,106.926813611922,249.905610015455,225.013371621378,0,111.226326353722,283.248188884028,0,99.2646516363145,0
0,195.378266313867,0,0,0,153.453047983244,263.534399241887,0,0,236.681907140956,179.718364159796,138.33942793804,151.075371308616,104.369974912428,238.934743274142,0,81.9664354533492,153.672550905948,209.996727521564,195.822649557859,153.876396855887,0,240.185081663983,208.005106191961,223.705816669619,206.912707094411,151.695570509541,115.871357769661,168.241326865882,148.808626413748,259.055025639447,0,112.349934713559,133.984214699576,269.936825670274,111.226326353722,0,0,120.912756812582,101.605593487621,184.249961885477
0,0,0,0,155.24952173131,206.472608421747,186.348837226466,100.812745974529,0,94.027247878695,139.792601838991,145.74089716123,0,205.839960264176,0,70.4221432298295,0,0,0,193.659409924573,0,0,0,120.567029282014,142.054529471577,0,172.608400267715,0,146.770754374523,89.1590885155172,0,196.04190773555,0,146.99041817625,173.201474590904,283.248188884028,0,0,0,73.4795582048751,0
0,0,0,0,0,0,0,0,0,158.567996645797,0,115.332064605654,0,143.005810983322,249.798812580765,0,0,0,90.7216186966914,0,0,0,104.915316975638,71.4788760670054,0,0,159.183173818572,113.144980278377,214.116367924649,262.382215657622,0,0,0,78.9559315574845,124.853650664477,0,120.912756812582,0,0,338.131802716296,0
220.963068032256,0,114.511014214502,0,128.405764333981,160.537522273714,284.529238481835,306.344527664232,117.208001126138,320.356811100276,137.239127032733,122.106946855269,0,0,0,309.997227542691,0,197.486504603685,0,178.224497384947,169.453147353278,0,0,62.311273509377,195.314816908693,0,202.712457066107,252.487290983309,94.126460729827,0,109.093416850988,0,0,96.5937438588657,0,99.2646516363145,101.605593487621,73.4795582048751,338.131802716296,0,0
0,0,250.461724766314,0,345.797434674459,241.682021696872,75.4497121078207,211.840482897052,0,180.355266595273,0,163.059043292369,289.631679007608,196.032358954952,0,0,0,0,241.635434294794,0,72.2278283150671,0,125.81518738273,82.4756938751058,0,171.906398392157,333.645516435298,115.541295036174,101.443495235174,101.85207633558,0,0,0,220.901129804706,108.381749703452,0,184.249961885477,0,0,0,0
