0,0,0,0,0,0,0,0,0,0,0,162.833808134102,0,0,177.763106506206,0,0,0,0,0,0,0,178.224497384947,0,0,0,0,101.605593487621,0,0,0,0,0,124.853650664477,259.442917595754,0,0,0,0,0,0
0,0,0,0,0,0,0,0,0,109.093416850988,108.136066660554,74.4197823064597,0,0,0,0,0,0,0,0,0,0,0,150.161410108805,97.5855511246009,174.013630695256,0,0,0,0,0,0,0,0,0,0,0,0,0,0,139.654362654449
0,0,0,0,0,0,0,0,0,0,0,0,0,0,0,0,0,191.519780382943,0,0,0,259.055025639447,0,0,0,0,0,0,0,0,0,137.177378802006,0,0,0,0,0,135.294330067913,0,168.241326865882,0
0,0,0,0,0,82.6299537488922,0,122.106946855269,0,0,240.185081663983,0,0,348.674510760064,241.635434294794,0,0,0,0,99.3508940827211,0,0,0,0,0,139.792601838991,0,180.355266595273,0,0,0,0,0,80.4367166559625,120.567029282014,236.681907140956,93.5029580098427,0,0,0,261.440278806413
0,0,0,0,0,224.523755099568,119.345624434514,146.770754374523,0,159.183173818572,0,186.973586461633,0,0,0,0,0,0,0,0,0,0,0,0,0,0,167.066576495979,269.936825670274,0,195.822649557859,0,125.416941482916,0,82.6426202489162,137.189596148386,0,171.230058197369,0,284.529238481835,0,192.601533877686
0,0,0,82.6299537488922,224.523755099568,0,0,0,0,161.302948562323,80.8080171296381,0,0,0,0,0,0,0,223.705816669619,0,0,71.5579325720569,0,0,0,0,0,169.742003380707,154.065933476765,0,0,154.142998692322,0,161.74915061469,94.126460729827,0,345.797434674459,115.868441404982,67.8267069095267,0,0
0,0,0,0,119.345624434514,0,0,0,128.405764333981,114.649126378906,0,133.218162784108,0,0,0,165.893015276821,353.822894641502,289.631679007608,0,0,0,0,111.435629183184,0,0,0,314.611698427915,220.963068032256,261.605527103798,0,0,0,0,143.005810983322,0,0,0,0,0,0,187.77054666536
0,0,0,122.106946855269,146.770754374523,0,0,0,0,0,0,165.597665022977,0,0,0,0,0,0,0,0,0,0,0,94.8881692391942,178.748963182352,0,138.425725342224,0,114.511014214502,139.93285932648,0,0,0,158.955087279859,219.430938885781,92.5207898118833,100.812745974529,263.534399241887,163.945208919892,309.997227542691,160.537522273714
0,0,0,0,0,0,128.405764333981,0,0,0,227.504408813069,161.325017232684,0,0,0,0,0,0,0,198.528111506785,249.798812580765,0,140.574866691684,0,0,0,0,81.2827395071039,222.053792850439,0,0,0,0,101.895308036513,0,0,0,0,163.059043292369,181.316358113209,0
0,109.093416850988,0,0,159.183173818572,161.302948562323,114.649126378906,0,0,0,0,92.5568465385234,0,0,0,0,0,0,118.522099274347,0,0,283.248188884028,0,0,0,87.8456058929559,0,106.128596538706,196.04190773555,133.984214699576,0,0,0,154.784755881607,106.926813611922,161.275817184598,193.63278243493,161.694997919804,0,70.4221432298295,164.032723165762
0,108.136066660554,0,240.185081663983,0,80.8080171296381,0,0,227.504408813069,0,0,0,0,0,0,0,0,0,211.840482897052,201.44584889478,98.417953423071,0,0,206.472608421747,0,0,93.4234866874731,0,321.124897279917,0,0,0,0,106.33736463831,120.912756812582,0,84.3635741045246,78.8552325762656,0,153.453047983244,338.131802716296
162.833808134102,74.4197823064597,0,0,186.973586461633,0,133.218162784108,165.597665022977,161.325017232684,92.5568465385234,0,0,106.533627130087,0,135.667029391615,0,0,0,94.7280504127031,0,228.075434767255,141.204637091722,0,221.805809452716,0,0,335.371040201042,103.519938150021,179.718364159796,0,0,128.846764897717,0,0,200.878319874537,0,146.814226519809,136.685314494491,0,202.712457066107,0
0,0,0,0,0,0,0,0,0,0,0,106.533627130087,0,0,0,0,0,0,0,0,0,0,0,94.9380989123498,303.527509149359,0,231.050882209,0,0,0,0,0,0,0,0,0,178.683678585178,0,0,0,175.196329314064
0,0,0,348.674510760064,0,0,0,0,0,0,0,0,0,0,204.481117647118,0,0,0,0,82.1742780037132,251.098274723989,0,0,0,0,85.6072705949986,173.538155409849,124.698445421759,0,0,306.640284138334,0,0,0,195.378266313867,0,193.055010680236,160.530221557972,155.24952173131,241.682021696872,61.0664810463559
177.763106506206,0,0,241.635434294794,0,0,0,0,0,0,0,135.667029391615,0,204.481117647118,0,0,0,0,0,197.486504603685,112.823430872325,0,0,0,0,0,180.543851962045,283.88658203332,0,0,0,0,92.3502314520023,0,188.936291522747,97.3232815600345,188.851177466023,0,0,0,0
0,0,0,0,0,0,165.893015276821,0,0,0,0,0,0,0,0,0,0,0,0,0,0,0,101.350815329073,0,0,198.964527389285,125.994729980093,201.100640800745,262.382215657622,0,0,0,0,155.901486485736,104.915316975638,0,137.239127032733,0,0,224.551207449728,241.57250333243
0,0,0,0,0,0,353.822894641502,0,0,0,0,0,0,0,0,0,0,0,0,0,0,0,206.912707094411,89.707245288964,0,0,225.013371621378,0,0,0,119.728129215699,0,110.384905066973,0,0,0,90.1317194604647,97.3506957544063,219.078548227669,217.157696745803,0
0,0,191.519780382943,0,0,0,289.631679007608,0,0,0,0,0,0,0,0,0,0,0,0,0,195.314816908693,0,0,0,0,0,0,62.311273509377,0,104.369974912428,0,0,0,186.348837226466,153.672550905948,151.806152521152,0,173.001559092555,0,0,0
0,0,0,0,0,223.705816669619,0,0,0,118.522099274347,211.840482897052,94.7280504127031,0,0,0,0,0,0,0,0,0,0,253.401634605989,115.871357769661,0,0,0,0,117.208001126138,0,0,142.054529471577,0,142.385058730083,115.332064605654,0,169.453147353278,0,0,329.719143597451,0
0,0,0,99.3508940827211,0,0,0,0,198.528111506785,0,201.44584889478,0,0,82.1742780037132,197.486504603685,0,0,0,0,0,0,0,0,0,232.945974238958,136.792307586862,172.892533368851,101.85207633558,151.695570509541,0,0,205.09013266389,0,85.7623170715703,249.905610015455,0,242.790381480436,321.864157986053,0,116.054372245433,276.620869034647
0,0,0,0,0,0,0,0,249.798812580765,0,98.417953423071,228.075434767255,0,251.098274723989,112.823430872325,0,0,195.314816908693,0,0,0,0,0,0,0,228.792310020318,173.059382066957,205.839960264176,0,0,0,94.7529894315991,0,0,0,180.90030328818,184.249961885477,0,0,0,90.7216186966914
0,0,259.055025639447,0,0,71.5579325720569,0,0,0,283.248188884028,0,141.204637091722,0,0,0,0,0,0,0,0,0,0,96.7845769653343,0,0,173.201474590904,0,0,0,0,0,0,0,153.609372090384,0,0,151.01089327964,0,0,0,0
178.224497384947,0,0,0,0,0,111.435629183184,0,140.574866691684,0,0,0,0,0,0,101.350815329073,206.912707094411,0,253.401634605989,0,0,96.7845769653343,0,153.876396855887,98.6790043377568,89.1590885155172,0,113.059176128709,0,0,0,0,0,0,0,115.194491798135,0,300.031143529538,172.608400267715,112.349934713559,0
0,150.161410108805,0,0,0,0,0,94.8881692391942,0,0,206.472608421747,221.805809452716,94.9380989123498,0,0,0,89.707245288964,0,115.871357769661,0,0,0,153.876396855887,0,208.005106191961,81.9664354533492,151.075371308616,113.144980278377,82.4756938751058,0,0,157.852515740516,0,0,75.4497121078207,98.2230592632363,134.566479261133,0,74.5815074003433,134.960780198024,0
0,97.5855511246009,0,0,0,0,0,178.748963182352,0,0,0,0,303.527509149359,0,0,0,0,0,0,232.945974238958,0,0,98.6790043377568,208.005106191961,0,0,0,138.33942793804,131.969743415579,247.66948903751,0,0,0,0,0,0,0,0,0,280.376028997576,0
0,174.013630695256,0,139.792601838991,0,0,0,0,0,87.8456058929559,0,0,0,85.6072705949986,0,198.964527389285,0,0,0,136.792307586862,228.792310020318,173.201474590904,89.1590885155172,81.9664354533492,0,0,205.183249704085,71.4788760670054,73.4795582048751,193.659409924573,333.645516435298,0,0,192.693757128262,0,0,146.465927798921,320.356811100276,0,250.461724766314,171.906398392157
0,0,0,0,167.066576495979,0,314.611698427915,138.425725342224,0,0,93.4234866874731,335.371040201042,231.050882209,173.538155409849,180.543851962045,125.994729980093,225.013371621378,0,0,172.892533368851,173.059382066957,0,0,151.075371308616,0,205.183249704085,0,112.793316814908,76.5072790361762,0,0,0,0,66.5008477853491,194.442125915551,95.7590805983148,72.2278283150671,0,0,0,0
101.605593487621,0,0,180.355266595273,269.936825670274,169.742003380707,220.963068032256,0,81.2827395071039,106.128596538706,0,103.519938150021,0,124.698445421759,283.88658203332,201.100640800745,0,62.311273509377,0,101.85207633558,205.839960264176,0,113.059176128709,113.144980278377,138.33942793804,71.4788760670054,112.793316814908,0,0,0,0,0,214.116367924649,197.893790332676,215.611029055736,115.114253591495,116.176698124939,0,213.67670887414,220.901129804706,89.3673883748406
0,0,0,0,0,154.065933476765,261.605527103798,114.511014214502,222.053792850439,196.04190773555,321.124897279917,179.718364159796,0,0,0,262.382215657622,0,0,117.208001126138,151.695570509541,0,0,0,82.4756938751058,131.969743415579,73.4795582048751,76.5072790361762,0,0,125.81518738273,0,0,0,158.567996645797,325.937289045041,0,347.376449530863,196.032358954952,0,115.541295036174,154.070293657878
0,0,0,0,195.822649557859,0,0,139.93285932648,0,133.984214699576,0,0,0,0,0,0,0,104.369974912428,0,0,0,0,0,0,247.66948903751,193.659409924573,0,0,125.81518738273,0,0,0,0,323.781250289068,0,74.7304794244225,183.786860782462,0,0,0,357.423078228283
0,0,0,0,0,0,0,0,0,0,0,0,0,306.640284138334,0,0,119.728129215699,0,0,0,0,0,0,0,0,333.645516435298,0,0,0,0,0,0,0,0,0,209.996727521564,212.592150359921,0,0,238.934743274142,0
0,0,137.177378802006,0,125.416941482916,154.142998692322,0,0,0,0,0,128.846764897717,0,0,0,0,0,0,142.054529471577,205.09013266389,94.7529894315991,0,0,157.852515740516,0,0,0,0,0,0,0,0,0,146.99041817625,0,0,0,148.808626413748,101.5853655613,0,0
0,0,0,0,0,0,0,0,0,0,0,0,0,0,92.3502314520023,0,110.384905066973,0,0,0,0,0,0,0,0,0,0,214.116367924649,0,0,0,0,0,0,0,101.443495235174,0,252.487290983309,0,0,0
124.853650664477,0,0,80.4367166559625,82.6426202489162,161.74915061469,143.005810983322,158.955087279859,101.895308036513,154.784755881607,106.33736463831,0,0,0,0,155.901486485736,0,186.348837226466,142.385058730083,85.7623170715703,0,153.609372090384,0,0,0,192.693757128262,66.5008477853491,197.893790332676,158.567996645797,323.781250289068,0,146.99041817625,0,0,193.777661225572,231.715271819474,94.027247878695,0,99.2646516363145,145.74089716123,89.9429017381717
259.442917595754,0,0,120.567029282014,137.189596148386,94.126460729827,0,219.430938885781,0,106.926813611922,120.912756812582,200.878319874537,0,195.378266313867,188.936291522747,104.915316975638,0,153.672550905948,115.332064605654,249.905610015455,0,0,0,75.4497121078207,0,0,194.442125915551,215.611029055736,325.937289045041,0,0,0,0,193.777661225572,0,192.135034768848,218.045528847001,96.5937438588657,255.441154257905,111.226326353722,204.084074037941
0,0,0,236.681907140956,0,0,0,92.5207898118833,0,161.275817184598,0,0,0,0,97.3232815600345,0,0,151.806152521152,0,0,180.90030328818,0,115.194491798135,98.2230592632363,0,0,95.7590805983148,115.114253591495,0,74.7304794244225,209.996727521564,0,101.443495235174,231.715271819474,192.135034768848,0,190.185165668632,128.530575464043,226.825099357786,151.036729364761,0
0,0,0,93.5029580098427,171.230058197369,345.797434674459,0,100.812745974529,0,193.63278243493,84.3635741045246,146.814226519809,178.683678585178,193.055010680236,188.851177466023,137.239127032733,90.1317194604647,0,169.453147353278,242.790381480436,184.249961885477,151.01089327964,0,134.566479261133,0,146.465927798921,72.2278283150671,116.176698124939,347.376449530863,183.786860782462,212.592150359921,0,0,94.027247878695,218.045528847001,190.185165668632,0,73.1029054543569,306.344527664232,78.9559315574845,199.492852797962
0,0,135.294330067913,0,0,115.868441404982,0,263.534399241887,0,161.694997919804,78.8552325762656,136.685314494491,0,160.530221557972,0,0,97.3506957544063,173.001559092555,0,321.864157986053,0,0,300.031143529538,0,0,320.356811100276,0,0,196.032358954952,0,0,148.808626413748,252.487290983309,0,96.5937438588657,128.530575464043,73.1029054543569,0,0,219.040656038919,62.859596780235
0,0,0,0,284.529238481835,67.8267069095267,0,163.945208919892,163.059043292369,0,0,0,0,155.24952173131,0,0,219.078548227669,0,0,0,0,0,172.608400267715,74.5815074003433,0,0,0,213.67670887414,0,0,0,101.5853655613,0,99.2646516363145,255.441154257905,226.825099357786,306.344527664232,0,0,58.3493451392805,0
0,0,168.241326865882,0,0,0,0,309.997227542691,181.316358113209,70.4221432298295,153.453047983244,202.712457066107,0,241.682021696872,0,224.551207449728,217.157696745803,0,329.719143597451,116.054372245433,0,0,112.349934713559,134.960780198024,280.376028997576,250.461724766314,0,220.901129804706,115.541295036174,0,238.934743274142,0,0,145.74089716123,111.226326353722,151.036729364761,78.9559315574845,219.040656038919,58.3493451392805,0,108.381749703452
0,139.654362654449,0,261.440278806413,192.601533877686,0,187.77054666536,160.537522273714,0,164.032723165762,338.131802716296,0,175.196329314064,61.0664810463559,0,241.57250333243,0,0,0,276.620869034647,90.7216186966914,0,0,0,0,171.906398392157,0,89.3673883748406,154.070293657878,357.423078228283,0,0,0,89.9429017381717,204.084074037941,0,199.492852797962,62.859596780235,0,108.381749703452,0
