0,0,0,0,0,0,0,85.6072705949986,0,174.013630695256,0,0,0,74.7304794244225,0,0,0,0,0,0,0,0,0,0,0,135.294330067913,195.822649557859,0,0,0,0,0,0,347.376449530863,0,0,0,0,0,0,0
0,0,0,106.33736463831,0,151.075371308616,0,0,0,0,0,0,0,0,0,0,0,0,0,0,0,154.784755881607,0,0,0,201.44584889478,0,0,0,0,0,0,0,180.543851962045,165.597665022977,0,108.381749703452,0,0,0,0
0,0,0,0,0,0,0,0,0,0,0,0,0,0,0,0,0,0,0,0,0,0,0,0,0,0,0,303.527509149359,0,136.792307586862,0,0,0,0,115.194491798135,0,197.893790332676,0,0,188.851177466023,0
0,106.33736463831,0,0,0,0,0,0,0,0,0,193.777661225572,0,94.7529894315991,0,205.183249704085,0,0,0,0,0,0,0,348.674510760064,0,62.859596780235,0,219.040656038919,220.963068032256,0,0,0,0,139.654362654449,0,0,113.059176128709,0,204.084074037941,224.551207449728,151.01089327964
0,0,0,0,0,0,236.681907140956,0,0,0,180.355266595273,178.683678585178,0,0,0,0,0,0,98.2230592632363,0,0,157.852515740516,0,0,0,0,160.530221557972,106.533627130087,240.185081663983,0,0,0,0,141.204637091722,0,209.996727521564,115.332064605654,87.8456058929559,161.275817184598,191.519780382943,0
0,151.075371308616,0,0,0,0,0,154.065933476765,196.032358954952,100.812745974529,0,0,0,0,171.230058197369,0,0,0,0,0,0,0,0,0,0,78.8552325762656,125.994729980093,120.912756812582,94.7280504127031,0,0,0,0,0,300.031143529538,94.8881692391942,128.405764333981,118.522099274347,0,325.937289045041,0
0,0,0,0,236.681907140956,0,0,0,146.99041817625,0,85.7623170715703,0,0,238.934743274142,0,0,0,0,214.116367924649,0,0,0,151.806152521152,0,92.5568465385234,0,0,0,0,0,183.786860782462,0,0,169.742003380707,222.053792850439,323.781250289068,128.530575464043,0,0,181.316358113209,0
85.6072705949986,0,0,0,0,154.065933476765,0,0,0,219.430938885781,309.997227542691,0,0,184.249961885477,0,165.893015276821,0,0,0,0,0,82.6299537488922,232.945974238958,0,0,143.005810983322,94.9380989123498,0,160.537522273714,0,0,135.667029391615,0,89.9429017381717,0,0,217.157696745803,0,0,145.74089716123,119.345624434514
0,0,0,0,0,196.032358954952,146.99041817625,0,0,120.567029282014,0,172.608400267715,0,0,0,0,0,0,0,198.528111506785,0,0,0,0,0,0,125.81518738273,0,0,0,0,0,0,0,94.027247878695,0,164.032723165762,193.659409924573,0,142.385058730083,261.605527103798
174.013630695256,0,0,0,0,100.812745974529,0,219.430938885781,120.567029282014,0,0,113.144980278377,0,0,137.239127032733,148.808626413748,0,0,0,81.2827395071039,97.3232815600345,0,0,70.4221432298295,0,62.311273509377,0,179.718364159796,98.417953423071,0,0,255.441154257905,0,134.960780198024,0,0,74.5815074003433,0,0,247.66948903751,125.416941482916
0,0,0,0,180.355266595273,0,85.7623170715703,309.997227542691,0,0,0,280.376028997576,353.822894641502,82.4756938751058,0,0,0,0,0,0,0,0,0,0,283.88658203332,0,151.036729364761,0,0,0,139.93285932648,252.487290983309,0,101.350815329073,0,162.833808134102,61.0664810463559,112.823430872325,0,142.054529471577,84.3635741045246
0,0,0,193.777661225572,178.683678585178,0,0,0,172.608400267715,113.144980278377,280.376028997576,0,0,0,276.620869034647,213.67670887414,114.511014214502,249.798812580765,0,80.4367166559625,115.541295036174,0,357.423078228283,122.106946855269,180.90030328818,112.349934713559,0,205.839960264176,186.348837226466,0,0,0,0,101.5853655613,206.912707094411,108.136066660554,0,0,0,173.201474590904,0
0,0,0,0,0,0,0,0,0,0,353.822894641502,0,0,193.055010680236,0,0,0,0,0,0,0,0,0,0,0,168.241326865882,0,0,0,0,0,0,0,0,0,58.3493451392805,241.57250333243,110.384905066973,0,0,0
74.7304794244225,0,0,94.7529894315991,0,0,238.934743274142,184.249961885477,0,0,82.4756938751058,0,193.055010680236,0,0,115.871357769661,0,218.045528847001,269.936825670274,206.472608421747,158.955087279859,0,0,90.7216186966914,0,0,0,0,178.224497384947,0,0,0,0,0,66.5008477853491,0,0,0,0,0,0
0,0,0,0,0,171.230058197369,0,0,0,137.239127032733,0,276.620869034647,0,0,0,0,111.226326353722,0,0,0,92.5207898118833,0,173.001559092555,89.707245288964,193.63278243493,0,0,82.6426202489162,0,0,0,0,0,0,0,104.369974912428,192.601533877686,0,0,0,146.465927798921
0,0,0,205.183249704085,0,0,0,165.893015276821,0,148.808626413748,0,213.67670887414,0,115.871357769661,0,0,0,0,0,0,0,0,172.892533368851,0,0,0,262.382215657622,0,0,0,0,158.567996645797,0,0,0,0,212.592150359921,0,190.185165668632,211.840482897052,0
0,0,0,0,0,0,0,0,0,0,0,114.511014214502,0,0,111.226326353722,0,0,0,0,0,0,133.984214699576,0,197.486504603685,0,0,101.443495235174,76.5072790361762,116.054372245433,0,0,0,0,155.901486485736,0,0,112.793316814908,0,0,114.649126378906,0
0,0,0,0,0,0,0,0,0,0,0,249.798812580765,0,218.045528847001,0,0,0,0,0,0,0,0,0,0,0,0,0,153.453047983244,0,0,0,0,0,0,223.705816669619,187.77054666536,73.4795582048751,225.013371621378,221.805809452716,89.3673883748406,0
0,0,0,0,98.2230592632363,0,214.116367924649,0,0,0,0,0,0,269.936825670274,0,0,0,0,0,124.853650664477,0,0,0,0,111.435629183184,163.945208919892,241.682021696872,151.695570509541,228.075434767255,0,0,0,0,0,0,200.878319874537,119.728129215699,0,146.770754374523,0,0
0,0,0,0,0,0,0,0,198.528111506785,81.2827395071039,0,80.4367166559625,0,206.472608421747,0,0,0,0,124.853650664477,0,0,0,0,161.302948562323,0,101.605593487621,99.3508940827211,175.196329314064,134.566479261133,0,0,138.33942793804,0,154.142998692322,154.070293657878,0,241.635434294794,227.504408813069,259.055025639447,0,138.425725342224
0,0,0,0,0,0,0,0,0,97.3232815600345,0,115.541295036174,0,158.955087279859,92.5207898118833,0,0,0,0,0,0,93.5029580098427,0,263.534399241887,0,101.85207633558,81.9664354533492,0,0,0,0,0,0,0,335.371040201042,0,0,89.1590885155172,250.461724766314,188.936291522747,80.8080171296381
0,154.784755881607,0,0,157.852515740516,0,0,82.6299537488922,0,0,0,0,0,0,0,0,133.984214699576,0,0,0,93.5029580098427,0,0,0,0,0,0,0,0,0,0,0,0,139.792601838991,0,0,67.8267069095267,161.325017232684,0,0,0
0,0,0,0,0,0,151.806152521152,232.945974238958,0,0,0,357.423078228283,0,0,173.001559092555,172.892533368851,0,0,0,0,0,0,0,201.100640800745,0,0,0,95.7590805983148,195.378266313867,155.24952173131,115.868441404982,0,259.442917595754,71.4788760670054,228.792310020318,82.1742780037132,0,0,0,128.846764897717,0
0,0,0,348.674510760064,0,0,0,0,0,70.4221432298295,0,122.106946855269,0,90.7216186966914,89.707245288964,0,197.486504603685,0,0,161.302948562323,263.534399241887,0,201.100640800745,0,0,0,0,116.176698124939,283.248188884028,173.538155409849,0,0,0,253.401634605989,96.7845769653343,90.1317194604647,186.973586461633,0,242.790381480436,71.5579325720569,109.093416850988
0,0,0,0,0,0,92.5568465385234,0,0,0,283.88658203332,180.90030328818,0,0,193.63278243493,0,0,0,111.435629183184,0,0,0,0,0,0,0,220.901129804706,0,0,0,0,0,0,0,192.135034768848,92.3502314520023,0,169.453147353278,146.814226519809,0,0
135.294330067913,201.44584889478,0,62.859596780235,0,78.8552325762656,0,143.005810983322,0,62.311273509377,0,112.349934713559,168.241326865882,0,0,0,0,0,163.945208919892,101.605593487621,101.85207633558,0,0,0,0,0,0,178.748963182352,345.797434674459,106.128596538706,0,0,0,219.078548227669,104.915316975638,0,97.3506957544063,97.5855511246009,167.066576495979,0,205.09013266389
195.822649557859,0,0,0,160.530221557972,125.994729980093,0,94.9380989123498,125.81518738273,0,151.036729364761,0,0,0,0,262.382215657622,101.443495235174,0,241.682021696872,99.3508940827211,81.9664354533492,0,0,0,220.901129804706,0,0,251.098274723989,177.763106506206,0,0,0,0,74.4197823064597,198.964527389285,231.715271819474,73.1029054543569,0,0,333.645516435298,173.059382066957
0,0,303.527509149359,219.040656038919,106.533627130087,120.912756812582,0,0,0,179.718364159796,0,205.839960264176,0,0,82.6426202489162,0,76.5072790361762,153.453047983244,151.695570509541,175.196329314064,0,0,95.7590805983148,116.176698124939,0,178.748963182352,251.098274723989,0,329.719143597451,204.481117647118,0,321.124897279917,137.189596148386,338.131802716296,163.059043292369,153.609372090384,224.523755099568,192.693757128262,103.519938150021,249.905610015455,306.640284138334
0,0,0,220.963068032256,240.185081663983,94.7280504127031,0,160.537522273714,0,98.417953423071,0,186.348837226466,0,178.224497384947,0,0,116.054372245433,0,228.075434767255,134.566479261133,0,0,195.378266313867,283.248188884028,0,345.797434674459,177.763106506206,329.719143597451,0,159.183173818572,0,0,0,226.825099357786,137.177378802006,0,321.864157986053,320.356811100276,0,0,161.694997919804
0,0,136.792307586862,0,0,0,0,0,0,0,0,0,0,0,0,0,0,0,0,0,0,0,155.24952173131,173.538155409849,0,106.128596538706,0,204.481117647118,159.183173818572,0,0,195.314816908693,0,153.672550905948,133.218162784108,0,0,0,0,289.631679007608,106.926813611922
0,0,0,0,0,0,183.786860782462,0,0,0,139.93285932648,0,0,0,0,0,0,0,0,0,0,0,115.868441404982,0,0,0,0,0,0,0,0,0,0,261.440278806413,0,0,0,0,0,171.906398392157,75.4497121078207
0,0,0,0,0,0,0,135.667029391615,0,255.441154257905,252.487290983309,0,0,0,0,158.567996645797,0,0,0,138.33942793804,0,0,0,0,0,0,0,321.124897279917,0,195.314816908693,0,0,0,94.126460729827,0,0,0,215.611029055736,131.969743415579,0,72.2278283150671
0,0,0,0,0,0,0,0,0,0,0,0,0,0,0,0,0,0,0,0,0,0,259.442917595754,0,0,0,0,137.189596148386,0,0,0,0,0,78.9559315574845,0,314.611698427915,115.114253591495,0,0,0,0
347.376449530863,180.543851962045,0,139.654362654449,141.204637091722,0,169.742003380707,89.9429017381717,0,134.960780198024,101.350815329073,101.5853655613,0,0,0,0,155.901486485736,0,0,154.142998692322,0,139.792601838991,71.4788760670054,253.401634605989,0,219.078548227669,74.4197823064597,338.131802716296,226.825099357786,153.672550905948,261.440278806413,94.126460729827,78.9559315574845,0,199.492852797962,0,161.74915061469,93.4234866874731,0,0,284.529238481835
0,165.597665022977,115.194491798135,0,0,300.031143529538,222.053792850439,0,94.027247878695,0,0,206.912707094411,0,66.5008477853491,0,0,0,223.705816669619,0,154.070293657878,335.371040201042,0,228.792310020318,96.7845769653343,192.135034768848,104.915316975638,198.964527389285,163.059043292369,137.177378802006,133.218162784108,0,0,0,199.492852797962,0,140.574866691684,196.04190773555,101.895308036513,136.685314494491,231.050882209,117.208001126138
0,0,0,0,209.996727521564,94.8881692391942,323.781250289068,0,0,0,162.833808134102,108.136066660554,58.3493451392805,0,104.369974912428,0,0,187.77054666536,200.878319874537,0,0,0,82.1742780037132,90.1317194604647,92.3502314520023,0,231.715271819474,153.609372090384,0,0,0,0,314.611698427915,0,140.574866691684,0,153.876396855887,0,0,306.344527664232,194.442125915551
0,108.381749703452,197.893790332676,113.059176128709,115.332064605654,128.405764333981,128.530575464043,217.157696745803,164.032723165762,74.5815074003433,61.0664810463559,0,241.57250333243,0,192.601533877686,212.592150359921,112.793316814908,73.4795582048751,119.728129215699,241.635434294794,0,67.8267069095267,0,186.973586461633,0,97.3506957544063,73.1029054543569,224.523755099568,321.864157986053,0,0,0,115.114253591495,161.74915061469,196.04190773555,153.876396855887,0,150.161410108805,0,98.6790043377568,124.698445421759
0,0,0,0,87.8456058929559,118.522099274347,0,0,193.659409924573,0,112.823430872325,0,110.384905066973,0,0,0,0,225.013371621378,0,227.504408813069,89.1590885155172,161.325017232684,0,0,169.453147353278,97.5855511246009,0,192.693757128262,320.356811100276,0,0,215.611029055736,0,93.4234866874731,101.895308036513,0,150.161410108805,0,99.2646516363145,202.712457066107,208.005106191961
0,0,0,204.084074037941,161.275817184598,0,0,0,0,0,0,0,0,0,0,190.185165668632,0,221.805809452716,146.770754374523,259.055025639447,250.461724766314,0,0,242.790381480436,146.814226519809,167.066576495979,0,103.519938150021,0,0,0,131.969743415579,0,0,136.685314494491,0,0,99.2646516363145,0,96.5937438588657,0
0,0,188.851177466023,224.551207449728,191.519780382943,325.937289045041,181.316358113209,145.74089716123,142.385058730083,247.66948903751,142.054529471577,173.201474590904,0,0,0,211.840482897052,114.649126378906,89.3673883748406,0,0,188.936291522747,0,128.846764897717,71.5579325720569,0,0,333.645516435298,249.905610015455,0,289.631679007608,171.906398392157,0,0,0,231.050882209,306.344527664232,98.6790043377568,202.712457066107,96.5937438588657,0,0
0,0,0,151.01089327964,0,0,0,119.345624434514,261.605527103798,125.416941482916,84.3635741045246,0,0,0,146.465927798921,0,0,0,0,138.425725342224,80.8080171296381,0,0,109.093416850988,0,205.09013266389,173.059382066957,306.640284138334,161.694997919804,106.926813611922,75.4497121078207,72.2278283150671,0,284.529238481835,117.208001126138,194.442125915551,124.698445421759,208.005106191961,0,0,0
