0,108.381749703452,0,0,0,0,0,0,0,0,0,0,0,0,0,0,0,0,0,0,0,160.537522273714,0,0,0,0,0,0,139.654362654449,0,0,0,0,163.945208919892,172.608400267715,0,94.8881692391942,0,0,0,0
108.381749703452,0,0,0,0,0,0,0,0,0,0,0,0,0,0,0,0,0,0,0,0,0,0,0,0,0,0,145.74089716123,0,0,0,0,0,0,114.511014214502,205.183249704085,0,104.915316975638,85.7623170715703,224.551207449728,0
0,0,0,0,0,0,0,0,0,0,98.417953423071,276.620869034647,0,0,0,0,0,0,0,0,0,0,0,0,0,0,154.142998692322,0,0,0,0,0,0,0,75.4497121078207,0,0,0,0,0,114.649126378906
0,0,0,0,90.1317194604647,0,0,314.611698427915,0,146.99041817625,0,174.013630695256,0,0,0,0,0,0,0,186.973586461633,171.230058197369,0,202.712457066107,283.88658203332,0,115.332064605654,0,0,139.792601838991,0,0,0,0,201.44584889478,0,0,80.8080171296381,0,0,0,76.5072790361762
0,0,0,90.1317194604647,0,0,0,198.528111506785,0,0,0,134.960780198024,99.3508940827211,0,0,201.100640800745,82.1742780037132,84.3635741045246,178.224497384947,0,0,0,93.5029580098427,0,0,133.218162784108,0,215.611029055736,0,0,0,0,0,0,224.523755099568,0,104.369974912428,161.325017232684,0,0,0
0,0,0,0,0,0,0,241.635434294794,73.4795582048751,0,0,142.054529471577,0,0,0,0,0,0,0,171.906398392157,160.530221557972,0,0,0,242.790381480436,323.781250289068,0,0,345.797434674459,219.078548227669,0,0,0,141.204637091722,0,0,115.871357769661,0,137.189596148386,71.4788760670054,108.136066660554
0,0,0,0,0,0,0,153.876396855887,0,115.541295036174,0,0,0,0,205.839960264176,154.065933476765,0,0,0,94.7529894315991,0,0,325.937289045041,74.4197823064597,0,61.0664810463559,0,73.1029054543569,0,0,0,0,0,101.85207633558,0,0,206.472608421747,165.893015276821,0,250.461724766314,0
0,0,0,314.611698427915,198.528111506785,241.635434294794,153.876396855887,0,0,228.075434767255,0,329.719143597451,0,0,0,0,0,128.846764897717,0,0,0,0,135.667029391615,0,0,208.005106191961,99.2646516363145,112.793316814908,0,82.4756938751058,0,0,0,94.027247878695,255.441154257905,112.823430872325,0,0,0,0,187.77054666536
0,0,0,0,0,73.4795582048751,0,0,0,0,0,0,0,70.4221432298295,0,0,0,0,113.059176128709,0,353.822894641502,0,0,0,223.705816669619,0,128.405764333981,158.955087279859,303.527509149359,0,0,0,0,0,62.859596780235,0,0,197.893790332676,0,122.106946855269,0
0,0,0,146.99041817625,0,0,115.541295036174,228.075434767255,0,0,92.3502314520023,115.194491798135,219.040656038919,177.763106506206,0,0,0,0,0,0,0,0,0,137.177378802006,227.504408813069,0,128.530575464043,72.2278283150671,0,67.8267069095267,0,0,0,109.093416850988,0,0,90.7216186966914,98.6790043377568,111.226326353722,135.294330067913,101.350815329073
0,0,98.417953423071,0,0,0,0,0,0,92.3502314520023,0,173.001559092555,0,0,204.084074037941,0,0,0,183.786860782462,0,124.853650664477,161.74915061469,0,169.742003380707,0,0,0,95.7590805983148,92.5568465385234,0,0,0,131.969743415579,125.81518738273,180.90030328818,173.059382066957,150.161410108805,196.032358954952,0,0,0
0,0,276.620869034647,174.013630695256,134.960780198024,142.054529471577,0,329.719143597451,0,115.194491798135,173.001559092555,0,0,0,199.492852797962,92.5207898118833,115.114253591495,0,0,96.5937438588657,0,0,193.777661225572,0,0,0,226.825099357786,0,82.6299537488922,0,0,0,0,0,74.7304794244225,101.895308036513,180.355266595273,320.356811100276,146.814226519809,240.185081663983,188.936291522747
0,0,0,0,99.3508940827211,0,0,0,0,219.040656038919,0,0,0,0,78.9559315574845,0,0,0,0,0,0,0,0,0,0,0,0,0,259.055025639447,0,0,0,0,0,0,158.567996645797,0,0,0,82.6426202489162,0
0,0,0,0,0,0,0,0,70.4221432298295,177.763106506206,0,0,0,0,0,0,306.344527664232,0,0,118.522099274347,0,0,0,98.2230592632363,0,190.185165668632,253.401634605989,249.798812580765,218.045528847001,0,0,0,0,347.376449530863,228.792310020318,193.659409924573,151.695570509541,0,0,0,125.994729980093
0,0,0,0,0,0,205.839960264176,0,0,0,204.084074037941,199.492852797962,78.9559315574845,0,0,0,181.316358113209,0,0,0,0,0,0,0,0,0,348.674510760064,263.534399241887,0,0,0,0,0,153.609372090384,195.378266313867,89.9429017381717,261.440278806413,0,0,80.4367166559625,0
0,0,0,0,201.100640800745,0,154.065933476765,0,0,0,0,92.5207898118833,0,0,0,0,0,0,0,0,205.09013266389,0,0,0,0,0,309.997227542691,0,0,0,89.3673883748406,0,0,103.519938150021,333.645516435298,0,111.435629183184,259.442917595754,0,0,62.311273509377
0,0,0,0,82.1742780037132,0,0,0,0,0,0,115.114253591495,0,306.344527664232,181.316358113209,0,0,0,0,0,0,0,0,0,163.059043292369,0,0,136.792307586862,0,0,0,0,0,0,0,321.864157986053,154.784755881607,151.036729364761,0,0,120.912756812582
0,0,0,0,84.3635741045246,0,0,128.846764897717,0,0,0,0,0,0,0,0,0,0,0,0,0,0,0,0,0,0,81.2827395071039,0,0,97.3232815600345,0,143.005810983322,0,0,0,0,101.605593487621,0,193.055010680236,146.465927798921,217.157696745803
0,0,0,0,178.224497384947,0,0,0,113.059176128709,0,183.786860782462,0,0,0,0,0,0,0,0,148.808626413748,0,0,0,0,0,0,0,213.67670887414,94.9380989123498,124.698445421759,0,0,0,195.314816908693,0,119.345624434514,0,106.533627130087,0,106.926813611922,335.371040201042
0,0,0,186.973586461633,0,171.906398392157,94.7529894315991,0,0,0,0,96.5937438588657,0,118.522099274347,0,0,0,0,148.808626413748,0,81.9664354533492,0,0,173.538155409849,192.135034768848,300.031143529538,269.936825670274,94.7280504127031,0,125.416941482916,0,0,0,0,96.7845769653343,0,112.349934713559,119.728129215699,206.912707094411,0,0
0,0,0,171.230058197369,0,160.530221557972,0,0,353.822894641502,0,124.853650664477,0,0,0,0,205.09013266389,0,0,0,81.9664354533492,0,0,0,0,0,71.5579325720569,0,219.430938885781,0,0,0,0,0,146.770754374523,157.852515740516,0,106.128596538706,0,87.8456058929559,153.453047983244,0
160.537522273714,0,0,0,0,0,0,0,0,0,161.74915061469,0,0,0,0,0,0,0,0,0,0,0,0,0,0,321.124897279917,116.176698124939,0,0,0,0,306.640284138334,0,136.685314494491,0,0,113.144980278377,0,0,100.812745974529,0
0,0,0,202.712457066107,93.5029580098427,0,325.937289045041,135.667029391615,0,0,0,193.777661225572,0,0,0,0,0,0,0,0,0,0,0,283.248188884028,106.33736463831,138.33942793804,193.63278243493,0,231.715271819474,0,151.01089327964,0,0,0,0,155.901486485736,0,0,133.984214699576,232.945974238958,167.066576495979
0,0,0,283.88658203332,0,0,74.4197823064597,0,0,137.177378802006,169.742003380707,0,0,98.2230592632363,0,0,0,0,0,173.538155409849,0,0,283.248188884028,0,0,280.376028997576,0,0,162.833808134102,252.487290983309,191.519780382943,164.032723165762,0,0,197.486504603685,192.601533877686,192.693757128262,241.682021696872,165.597665022977,97.3506957544063,214.116367924649
0,0,0,0,0,242.790381480436,0,0,223.705816669619,227.504408813069,0,0,0,0,0,0,163.059043292369,0,0,192.135034768848,0,0,106.33736463831,0,0,0,0,200.878319874537,0,0,0,0,0,140.574866691684,58.3493451392805,0,225.013371621378,0,0,0,0
0,0,0,115.332064605654,133.218162784108,323.781250289068,61.0664810463559,208.005106191961,0,0,0,0,0,190.185165668632,0,0,0,0,0,300.031143529538,71.5579325720569,321.124897279917,138.33942793804,280.376028997576,0,0,204.481117647118,247.66948903751,220.901129804706,0,0,0,89.1590885155172,78.8552325762656,161.302948562323,196.04190773555,178.748963182352,110.384905066973,0,0,0
0,0,154.142998692322,0,0,0,0,99.2646516363145,128.405764333981,128.530575464043,0,226.825099357786,0,253.401634605989,348.674510760064,309.997227542691,0,81.2827395071039,0,269.936825670274,0,116.176698124939,193.63278243493,0,0,204.481117647118,0,138.425725342224,251.098274723989,0,0,184.249961885477,0,0,169.453147353278,161.694997919804,231.050882209,0,0,168.241326865882,0
0,145.74089716123,0,0,215.611029055736,0,73.1029054543569,112.793316814908,158.955087279859,72.2278283150671,95.7590805983148,0,0,249.798812580765,263.534399241887,0,136.792307586862,0,213.67670887414,94.7280504127031,219.430938885781,0,0,0,200.878319874537,247.66948903751,138.425725342224,0,159.183173818572,94.126460729827,0,115.868441404982,139.93285932648,238.934743274142,66.5008477853491,117.208001126138,85.6072705949986,151.075371308616,0,261.605527103798,249.905610015455
139.654362654449,0,0,139.792601838991,0,345.797434674459,0,0,303.527509149359,0,92.5568465385234,82.6299537488922,259.055025639447,218.045528847001,0,0,0,0,94.9380989123498,0,0,0,231.715271819474,162.833808134102,0,220.901129804706,251.098274723989,159.183173818572,0,0,0,289.631679007608,0,97.5855511246009,0,116.054372245433,241.57250333243,186.348837226466,0,101.5853655613,180.543851962045
0,0,0,0,0,219.078548227669,0,82.4756938751058,0,67.8267069095267,0,0,0,0,0,0,0,97.3232815600345,124.698445421759,125.416941482916,0,0,0,252.487290983309,0,0,0,94.126460729827,0,0,0,0,0,172.892533368851,0,0,220.963068032256,0,0,153.672550905948,0
0,0,0,0,0,0,0,0,0,0,0,0,0,0,0,89.3673883748406,0,0,0,0,0,0,151.01089327964,191.519780382943,0,0,0,0,0,0,0,0,0,0,222.053792850439,120.567029282014,0,0,0,0,134.566479261133
0,0,0,0,0,0,0,0,0,0,0,0,0,0,0,0,0,143.005810983322,0,0,0,306.640284138334,0,164.032723165762,0,0,184.249961885477,115.868441404982,289.631679007608,0,0,0,0,173.201474590904,151.806152521152,0,142.385058730083,0,154.070293657878,0,155.24952173131
0,0,0,0,0,0,0,0,0,0,131.969743415579,0,0,0,0,0,0,0,0,0,0,0,0,0,0,89.1590885155172,0,139.93285932648,0,0,0,0,0,338.131802716296,0,0,0,0,221.805809452716,0,0
163.945208919892,0,0,201.44584889478,0,141.204637091722,101.85207633558,94.027247878695,0,109.093416850988,125.81518738273,0,0,347.376449530863,153.609372090384,103.519938150021,0,0,195.314816908693,0,146.770754374523,136.685314494491,0,0,140.574866691684,78.8552325762656,0,238.934743274142,97.5855511246009,172.892533368851,0,173.201474590904,338.131802716296,0,284.529238481835,137.239127032733,194.442125915551,188.851177466023,0,212.592150359921,236.681907140956
172.608400267715,114.511014214502,75.4497121078207,0,224.523755099568,0,0,255.441154257905,62.859596780235,0,180.90030328818,74.7304794244225,0,228.792310020318,195.378266313867,333.645516435298,0,0,0,96.7845769653343,157.852515740516,0,0,197.486504603685,58.3493451392805,161.302948562323,169.453147353278,66.5008477853491,0,0,222.053792850439,151.806152521152,0,284.529238481835,0,0,0,175.196329314064,357.423078228283,101.443495235174,209.996727521564
0,205.183249704085,0,0,0,0,0,112.823430872325,0,0,173.059382066957,101.895308036513,158.567996645797,193.659409924573,89.9429017381717,0,321.864157986053,0,119.345624434514,0,0,0,155.901486485736,192.601533877686,0,196.04190773555,161.694997919804,117.208001126138,116.054372245433,0,120.567029282014,0,0,137.239127032733,0,0,89.707245288964,0,0,211.840482897052,0
94.8881692391942,0,0,80.8080171296381,104.369974912428,115.871357769661,206.472608421747,0,0,90.7216186966914,150.161410108805,180.355266595273,0,151.695570509541,261.440278806413,111.435629183184,154.784755881607,101.605593487621,0,112.349934713559,106.128596538706,113.144980278377,0,192.693757128262,225.013371621378,178.748963182352,231.050882209,85.6072705949986,241.57250333243,220.963068032256,0,142.385058730083,0,194.442125915551,0,89.707245288964,0,262.382215657622,195.822649557859,178.683678585178,93.4234866874731
0,104.915316975638,0,0,161.325017232684,0,165.893015276821,0,197.893790332676,98.6790043377568,196.032358954952,320.356811100276,0,0,0,259.442917595754,151.036729364761,0,106.533627130087,119.728129215699,0,0,0,241.682021696872,0,110.384905066973,0,151.075371308616,186.348837226466,0,0,0,0,188.851177466023,175.196329314064,0,262.382215657622,0,198.964527389285,74.5815074003433,0
0,85.7623170715703,0,0,0,137.189596148386,0,0,0,111.226326353722,0,146.814226519809,0,0,0,0,0,193.055010680236,0,206.912707094411,87.8456058929559,0,133.984214699576,165.597665022977,0,0,0,0,0,0,0,154.070293657878,221.805809452716,0,357.423078228283,0,195.822649557859,198.964527389285,0,161.275817184598,0
0,224.551207449728,0,0,0,71.4788760670054,250.461724766314,0,122.106946855269,135.294330067913,0,240.185081663983,82.6426202489162,0,80.4367166559625,0,0,146.465927798921,106.926813611922,0,153.453047983244,100.812745974529,232.945974238958,97.3506957544063,0,0,168.241326865882,261.605527103798,101.5853655613,153.672550905948,0,0,0,212.592150359921,101.443495235174,211.840482897052,178.683678585178,74.5815074003433,161.275817184598,0,179.718364159796
0,0,114.649126378906,76.5072790361762,0,108.136066660554,0,187.77054666536,0,101.350815329073,0,188.936291522747,0,125.994729980093,0,62.311273509377,120.912756812582,217.157696745803,335.371040201042,0,0,0,167.066576495979,214.116367924649,0,0,0,249.905610015455,180.543851962045,0,134.566479261133,155.24952173131,0,236.681907140956,209.996727521564,0,93.4234866874731,0,0,179.718364159796,0
