0,0,0,0,0,0,0,0,0,0,146.770754374523,0,0,0,0,0,0,0,153.609372090384,0,0,0,0,0,0,0,0,0,0,0,0,155.901486485736,0,153.876396855887,145.74089716123,0,0,206.472608421747,0,0,0
0,0,0,0,0,0,0,0,0,0,0,0,0,0,0,0,0,0,0,0,0,0,0,0,269.936825670274,0,0,97.3506957544063,0,139.792601838991,115.332064605654,0,0,180.543851962045,0,0,146.465927798921,0,0,0,67.8267069095267
0,0,0,0,0,0,0,0,0,0,0,0,0,0,0,0,0,0,0,98.2230592632363,0,0,184.249961885477,0,0,131.969743415579,0,0,0,0,0,0,0,0,117.208001126138,0,357.423078228283,0,0,0,0
0,0,0,0,0,0,0,0,0,325.937289045041,82.6299537488922,90.1317194604647,0,169.453147353278,0,143.005810983322,196.032358954952,0,0,0,0,0,0,0,0,0,192.693757128262,0,153.453047983244,0,0,0,0,162.833808134102,242.790381480436,0,177.763106506206,283.88658203332,0,0,223.705816669619
0,0,0,0,0,0,280.376028997576,179.718364159796,0,0,160.537522273714,0,0,0,0,0,161.325017232684,0,0,0,0,0,89.707245288964,0,0,0,96.7845769653343,137.177378802006,253.401634605989,0,0,0,0,219.078548227669,231.715271819474,0,236.681907140956,73.4795582048751,0,289.631679007608,99.3508940827211
0,0,0,0,0,0,0,0,80.8080171296381,0,0,0,0,0,0,0,0,0,0,124.853650664477,284.529238481835,0,0,80.4367166559625,125.416941482916,261.605527103798,0,232.945974238958,71.5579325720569,0,0,0,0,94.7280504127031,96.5937438588657,119.728129215699,92.5207898118833,0,74.5815074003433,214.116367924649,0
0,0,0,0,280.376028997576,0,0,241.682021696872,0,0,0,220.963068032256,0,0,0,252.487290983309,0,0,0,198.528111506785,0,0,0,0,217.157696745803,0,255.441154257905,101.350815329073,0,0,0,0,0,0,0,168.241326865882,128.530575464043,62.859596780235,0,193.777661225572,151.695570509541
0,0,0,0,179.718364159796,0,241.682021696872,0,151.075371308616,112.349934713559,97.3232815600345,0,0,306.344527664232,0,141.204637091722,0,94.9380989123498,0,0,0,219.430938885781,0,70.4221432298295,0,0,0,142.054529471577,0,0,0,178.224497384947,0,323.781250289068,0,0,161.275817184598,0,241.57250333243,0,193.659409924573
0,0,0,0,0,80.8080171296381,0,151.075371308616,0,197.486504603685,0,227.504408813069,0,0,0,0,0,0,0,0,174.013630695256,0,0,226.825099357786,0,0,261.440278806413,0,0,345.797434674459,0,0,0,0,0,0,195.378266313867,154.070293657878,146.814226519809,0,0
0,0,0,325.937289045041,0,0,0,112.349934713559,197.486504603685,0,0,0,259.055025639447,0,0,151.036729364761,106.128596538706,321.124897279917,173.538155409849,193.63278243493,0,115.871357769661,0,118.522099274347,0,249.905610015455,0,154.142998692322,186.348837226466,0,0,0,0,164.032723165762,0,0,106.33736463831,251.098274723989,0,90.7216186966914,0
146.770754374523,0,0,82.6299537488922,160.537522273714,0,0,97.3232815600345,0,0,0,101.85207633558,0,106.533627130087,0,0,0,0,0,209.996727521564,101.895308036513,0,119.345624434514,0,0,99.2646516363145,215.611029055736,169.742003380707,263.534399241887,0,0,0,0,173.001559092555,213.67670887414,0,72.2278283150671,0,0,0,0
0,0,0,90.1317194604647,0,0,220.963068032256,0,227.504408813069,0,101.85207633558,0,101.443495235174,114.511014214502,120.912756812582,115.868441404982,0,0,0,320.356811100276,0,0,128.405764333981,124.698445421759,0,125.81518738273,219.040656038919,103.519938150021,314.611698427915,0,0,84.3635741045246,0,0,116.176698124939,81.9664354533492,0,114.649126378906,71.4788760670054,0,134.566479261133
0,0,0,0,0,0,0,0,0,259.055025639447,0,101.443495235174,0,0,0,0,154.065933476765,0,0,0,0,0,0,0,76.5072790361762,0,0,0,0,0,0,0,0,0,0,0,0,0,175.196329314064,112.793316814908,0
0,0,0,169.453147353278,0,0,0,306.344527664232,0,0,106.533627130087,114.511014214502,0,0,0,0,0,160.530221557972,0,0,0,0,0,112.823430872325,0,0,249.798812580765,0,321.864157986053,0,0,0,0,0,115.194491798135,137.239127032733,94.027247878695,303.527509149359,0,74.4197823064597,146.99041817625
0,0,0,0,0,0,0,0,0,0,0,120.912756812582,0,0,0,0,0,0,0,155.24952173131,0,0,194.442125915551,192.135034768848,188.851177466023,0,0,92.5568465385234,240.185081663983,110.384905066973,151.01089327964,0,0,0,0,89.3673883748406,178.748963182352,204.084074037941,0,0,0
0,0,0,143.005810983322,0,0,252.487290983309,141.204637091722,0,151.036729364761,0,115.868441404982,0,0,0,0,142.385058730083,0,0,0,0,0,0,0,0,106.926813611922,259.442917595754,0,0,0,0,0,0,93.5029580098427,0,0,66.5008477853491,0,0,139.93285932648,0
0,0,0,196.032358954952,161.325017232684,0,0,0,0,106.128596538706,0,0,154.065933476765,0,0,142.385058730083,0,0,0,0,0,0,0,0,0,0,183.786860782462,201.100640800745,0,0,0,0,0,0,205.839960264176,0,187.77054666536,0,198.964527389285,0,0
0,0,0,0,0,0,0,94.9380989123498,0,321.124897279917,0,0,0,160.530221557972,0,0,0,0,0,0,0,0,0,111.226326353722,0,159.183173818572,0,0,0,0,0,0,0,195.822649557859,0,125.994729980093,104.369974912428,0,0,338.131802716296,0
153.609372090384,0,0,0,0,0,0,0,0,173.538155409849,0,0,0,0,0,0,0,0,0,0,0,0,151.806152521152,150.161410108805,0,309.997227542691,218.045528847001,78.8552325762656,109.093416850988,0,0,0,0,0,74.7304794244225,0,135.667029391615,0,165.893015276821,163.945208919892,0
0,0,98.2230592632363,0,0,124.853650664477,198.528111506785,0,0,193.63278243493,209.996727521564,320.356811100276,0,0,155.24952173131,0,0,0,0,0,247.66948903751,205.183249704085,82.6426202489162,163.059043292369,0,211.840482897052,0,0,0,0,0,0,0,0,224.523755099568,353.822894641502,192.601533877686,0,0,73.1029054543569,228.075434767255
0,0,0,0,0,284.529238481835,0,0,174.013630695256,0,101.895308036513,0,0,0,0,0,0,0,0,247.66948903751,0,0,0,0,0,186.973586461633,0,193.055010680236,0,165.597665022977,0,0,0,300.031143529538,0,188.936291522747,137.189596148386,202.712457066107,61.0664810463559,0,133.218162784108
0,0,0,0,0,0,0,219.430938885781,0,115.871357769661,0,0,0,0,0,0,0,0,0,205.183249704085,0,0,0,0,0,173.201474590904,0,0,0,0,115.541295036174,138.425725342224,0,0,113.059176128709,0,0,0,0,0,138.33942793804
0,0,184.249961885477,0,89.707245288964,0,0,0,0,0,119.345624434514,128.405764333981,0,0,194.442125915551,0,0,0,151.806152521152,82.6426202489162,0,0,0,89.9429017381717,0,0,161.74915061469,0,199.492852797962,0,0,250.461724766314,0,135.294330067913,0,0,335.371040201042,190.185165668632,0,206.912707094411,0
0,0,0,0,0,80.4367166559625,0,70.4221432298295,226.825099357786,118.522099274347,0,124.698445421759,0,112.823430872325,192.135034768848,0,0,111.226326353722,150.161410108805,163.059043292369,0,0,89.9429017381717,0,0,120.567029282014,333.645516435298,180.90030328818,97.5855511246009,0,0,0,0,0,0,0,201.44584889478,136.685314494491,0,329.719143597451,82.1742780037132
0,269.936825670274,0,0,0,125.416941482916,217.157696745803,0,0,0,0,0,76.5072790361762,0,188.851177466023,0,0,0,0,0,0,0,0,0,0,0,0,87.8456058929559,0,0,0,0,0,116.054372245433,231.050882209,225.013371621378,0,0,0,98.6790043377568,0
0,0,131.969743415579,0,0,261.605527103798,0,0,0,249.905610015455,99.2646516363145,125.81518738273,0,0,0,106.926813611922,0,159.183173818572,309.997227542691,211.840482897052,186.973586461633,173.201474590904,0,120.567029282014,0,0,0,161.694997919804,228.792310020318,204.481117647118,0,0,89.1590885155172,101.5853655613,0,0,172.608400267715,100.812745974529,0,171.230058197369,0
0,0,0,192.693757128262,96.7845769653343,0,255.441154257905,0,261.440278806413,0,215.611029055736,219.040656038919,0,249.798812580765,0,259.442917595754,183.786860782462,0,218.045528847001,0,0,0,161.74915061469,333.645516435298,0,0,0,93.4234866874731,128.846764897717,0,0,0,0,136.792307586862,108.381749703452,115.114253591495,0,0,178.683678585178,161.302948562323,75.4497121078207
0,97.3506957544063,0,0,137.177378802006,232.945974238958,101.350815329073,142.054529471577,0,154.142998692322,169.742003380707,103.519938150021,0,0,92.5568465385234,0,201.100640800745,0,78.8552325762656,0,193.055010680236,0,0,180.90030328818,87.8456058929559,161.694997919804,93.4234866874731,0,181.316358113209,92.3502314520023,0,197.893790332676,0,98.417953423071,94.8881692391942,108.136066660554,191.519780382943,212.592150359921,306.640284138334,283.248188884028,113.144980278377
0,0,0,153.453047983244,253.401634605989,71.5579325720569,0,0,0,186.348837226466,263.534399241887,314.611698427915,0,321.864157986053,240.185081663983,0,0,0,109.093416850988,0,0,0,199.492852797962,97.5855511246009,0,228.792310020318,128.846764897717,181.316358113209,0,82.4756938751058,0,0,0,180.355266595273,78.9559315574845,0,262.382215657622,0,153.672550905948,85.6072705949986,173.059382066957
0,139.792601838991,0,0,0,0,0,0,345.797434674459,0,0,0,0,0,110.384905066973,0,0,0,0,0,165.597665022977,0,0,0,0,204.481117647118,0,92.3502314520023,82.4756938751058,0,0,0,0,238.934743274142,58.3493451392805,0,0,276.620869034647,0,111.435629183184,0
0,115.332064605654,0,0,0,0,0,0,0,0,0,0,0,0,151.01089327964,0,0,0,0,0,0,115.541295036174,0,0,0,0,0,0,0,0,0,0,0,0,0,94.7529894315991,205.09013266389,0,0,133.984214699576,0
155.901486485736,0,0,0,0,0,0,178.224497384947,0,0,0,84.3635741045246,0,0,0,0,0,0,0,0,0,138.425725342224,250.461724766314,0,0,0,0,197.893790332676,0,0,0,0,0,347.376449530863,220.901129804706,0,158.955087279859,0,0,122.106946855269,241.635434294794
0,0,0,0,0,0,0,0,0,0,0,0,0,0,0,0,0,0,0,0,0,0,0,0,0,89.1590885155172,0,0,0,0,0,0,0,104.915316975638,134.960780198024,0,94.126460729827,139.654362654449,0,0,0
153.876396855887,180.543851962045,0,162.833808134102,219.078548227669,94.7280504127031,0,323.781250289068,0,164.032723165762,173.001559092555,0,0,0,0,93.5029580098427,0,195.822649557859,0,0,300.031143529538,0,135.294330067913,0,116.054372245433,101.5853655613,136.792307586862,98.417953423071,180.355266595273,238.934743274142,0,347.376449530863,104.915316975638,0,195.314816908693,148.808626413748,0,154.784755881607,172.892533368851,221.805809452716,95.7590805983148
145.74089716123,0,117.208001126138,242.790381480436,231.715271819474,96.5937438588657,0,0,0,0,213.67670887414,116.176698124939,0,115.194491798135,0,0,205.839960264176,0,74.7304794244225,224.523755099568,0,113.059176128709,0,0,231.050882209,0,108.381749703452,94.8881692391942,78.9559315574845,58.3493451392805,0,220.901129804706,134.960780198024,195.314816908693,0,224.551207449728,158.567996645797,85.7623170715703,81.2827395071039,62.311273509377,0
0,0,0,0,0,119.728129215699,168.241326865882,0,0,0,0,81.9664354533492,0,137.239127032733,89.3673883748406,0,0,125.994729980093,0,353.822894641502,188.936291522747,0,0,0,225.013371621378,0,115.114253591495,108.136066660554,0,0,94.7529894315991,0,0,148.808626413748,224.551207449728,0,157.852515740516,200.878319874537,101.605593487621,222.053792850439,140.574866691684
0,146.465927798921,357.423078228283,177.763106506206,236.681907140956,92.5207898118833,128.530575464043,161.275817184598,195.378266313867,106.33736463831,72.2278283150671,0,0,94.027247878695,178.748963182352,66.5008477853491,187.77054666536,104.369974912428,135.667029391615,192.601533877686,137.189596148386,0,335.371040201042,201.44584889478,0,172.608400267715,0,191.519780382943,262.382215657622,0,205.09013266389,158.955087279859,94.126460729827,0,158.567996645797,157.852515740516,0,0,0,208.005106191961,167.066576495979
206.472608421747,0,0,283.88658203332,73.4795582048751,0,62.859596780235,0,154.070293657878,251.098274723989,0,114.649126378906,0,303.527509149359,204.084074037941,0,0,0,0,0,202.712457066107,0,190.185165668632,136.685314494491,0,100.812745974529,0,212.592150359921,0,276.620869034647,0,0,139.654362654449,154.784755881607,85.7623170715703,200.878319874537,0,0,0,0,196.04190773555
0,0,0,0,0,74.5815074003433,0,241.57250333243,146.814226519809,0,0,71.4788760670054,175.196329314064,0,0,0,198.964527389285,0,165.893015276821,0,61.0664810463559,0,0,0,0,0,178.683678585178,306.640284138334,153.672550905948,0,0,0,0,172.892533368851,81.2827395071039,101.605593487621,0,0,0,0,348.674510760064
0,0,0,0,289.631679007608,214.116367924649,193.777661225572,0,0,90.7216186966914,0,0,112.793316814908,74.4197823064597,0,139.93285932648,0,338.131802716296,163.945208919892,73.1029054543569,0,0,206.912707094411,329.719143597451,98.6790043377568,171.230058197369,161.302948562323,283.248188884028,85.6072705949986,111.435629183184,133.984214699576,122.106946855269,0,221.805809452716,62.311273509377,222.053792850439,208.005106191961,0,0,0,171.906398392157
0,67.8267069095267,0,223.705816669619,99.3508940827211,0,151.695570509541,193.659409924573,0,0,0,134.566479261133,0,146.99041817625,0,0,0,0,0,228.075434767255,133.218162784108,138.33942793804,0,82.1742780037132,0,0,75.4497121078207,113.144980278377,173.059382066957,0,0,241.635434294794,0,95.7590805983148,0,140.574866691684,167.066576495979,196.04190773555,348.674510760064,171.906398392157,0
