0,0,0,0,0,0,0,0,0,0,0,0,0,0,0,0,0,0,0,238.934743274142,0,0,0,0,0,262.382215657622,0,151.695570509541,0,0,0,0,0,0,219.040656038919,219.078548227669,92.5207898118833,0,0,0,0
0,0,0,0,0,0,0,0,161.302948562323,0,0,71.4788760670054,0,85.6072705949986,0,0,0,0,0,120.567029282014,0,0,0,0,0,0,0,0,0,0,0,0,0,205.09013266389,112.823430872325,0,67.8267069095267,0,0,0,0
0,0,0,0,0,211.840482897052,169.742003380707,0,0,0,0,0,0,0,263.534399241887,0,160.537522273714,0,0,0,0,0,0,0,0,0,0,0,0,0,0,0,0,250.461724766314,0,0,0,0,0,0,0
0,0,0,0,0,168.241326865882,0,0,0,208.005106191961,0,284.529238481835,0,0,0,0,0,0,0,0,0,0,241.682021696872,193.055010680236,0,0,114.511014214502,223.705816669619,109.093416850988,0,139.93285932648,70.4221432298295,0,0,261.605527103798,0,335.371040201042,0,0,190.185165668632,0
0,0,0,0,0,0,99.2646516363145,0,0,106.926813611922,0,338.131802716296,0,0,0,89.707245288964,0,158.567996645797,251.098274723989,0,0,0,111.226326353722,0,0,0,115.332064605654,0,0,0,0,0,0,150.161410108805,0,113.144980278377,89.9429017381717,0,345.797434674459,116.054372245433,101.5853655613
0,0,211.840482897052,168.241326865882,0,0,178.748963182352,136.792307586862,0,0,0,0,0,0,0,0,0,90.7216186966914,0,94.7280504127031,0,224.523755099568,0,0,0,0,76.5072790361762,325.937289045041,0,0,0,252.487290983309,0,87.8456058929559,0,178.683678585178,0,0,161.694997919804,357.423078228283,0
0,0,169.742003380707,0,99.2646516363145,178.748963182352,0,0,139.792601838991,0,133.218162784108,0,0,0,0,0,141.204637091722,0,0,0,0,0,0,115.871357769661,0,0,188.851177466023,151.01089327964,0,0,0,0,0,226.825099357786,173.001559092555,0,106.128596538706,0,0,205.183249704085,0
0,0,0,0,0,136.792307586862,0,0,0,0,0,0,0,186.973586461633,173.538155409849,0,0,0,97.5855511246009,125.416941482916,161.275817184598,0,0,200.878319874537,0,0,0,154.142998692322,115.541295036174,0,0,0,0,128.405764333981,232.945974238958,153.453047983244,196.04190773555,0,198.528111506785,167.066576495979,241.635434294794
0,161.302948562323,0,0,0,0,139.792601838991,0,0,164.032723165762,0,112.793316814908,0,0,0,0,0,0,0,0,0,0,0,0,0,0,0,192.135034768848,0,0,0,0,0,0,117.208001126138,0,100.812745974529,73.1029054543569,99.3508940827211,151.075371308616,71.5579325720569
0,0,0,208.005106191961,106.926813611922,0,0,0,164.032723165762,0,93.5029580098427,146.814226519809,0,236.681907140956,0,93.4234866874731,269.936825670274,0,197.486504603685,0,0,82.4756938751058,0,348.674510760064,0,82.6426202489162,0,134.960780198024,180.543851962045,198.964527389285,0,0,0,0,101.443495235174,0,0,143.005810983322,0,0,201.100640800745
0,0,0,0,0,0,133.218162784108,0,0,93.5029580098427,0,0,0,0,249.798812580765,0,0,0,0,242.790381480436,217.157696745803,0,0,0,0,173.201474590904,169.453147353278,78.8552325762656,94.9380989123498,0,0,247.66948903751,0,108.381749703452,136.685314494491,94.8881692391942,276.620869034647,137.239127032733,0,120.912756812582,0
0,71.4788760670054,0,284.529238481835,338.131802716296,0,0,0,112.793316814908,146.814226519809,0,0,0,74.4197823064597,101.85207633558,146.465927798921,0,0,231.050882209,0,219.430938885781,329.719143597451,228.075434767255,0,306.640284138334,110.384905066973,0,0,197.893790332676,0,0,153.672550905948,0,241.57250333243,98.417953423071,0,224.551207449728,195.822649557859,0,0,135.667029391615
0,0,0,0,0,0,0,0,0,0,0,0,0,0,0,0,0,0,0,98.2230592632363,0,0,0,172.608400267715,0,0,137.189596148386,0,96.5937438588657,0,0,0,0,78.9559315574845,0,0,184.249961885477,0,0,0,0
0,85.6072705949986,0,0,0,0,0,186.973586461633,0,236.681907140956,0,74.4197823064597,0,0,0,0,155.901486485736,0,0,153.876396855887,0,0,0,0,96.7845769653343,0,154.070293657878,118.522099274347,199.492852797962,0,0,0,0,0,112.349934713559,194.442125915551,191.519780382943,165.597665022977,0,0,0
0,0,263.534399241887,0,0,0,0,173.538155409849,0,0,249.798812580765,101.85207633558,0,0,0,0,0,0,0,163.945208919892,0,0,0,111.435629183184,0,138.33942793804,0,0,0,0,0,0,0,119.728129215699,80.8080171296381,0,0,259.442917595754,0,177.763106506206,228.792310020318
0,0,0,0,89.707245288964,0,0,0,0,93.4234866874731,0,146.465927798921,0,0,0,0,0,195.378266313867,0,283.248188884028,0,0,193.63278243493,98.6790043377568,0,0,0,151.806152521152,0,0,0,0,0,145.74089716123,0,0,142.385058730083,0,0,206.912707094411,0
0,0,160.537522273714,0,0,0,141.204637091722,0,0,269.936825670274,0,0,0,155.901486485736,0,0,0,0,0,0,314.611698427915,0,0,0,104.915316975638,0,0,289.631679007608,0,0,0,0,0,0,347.376449530863,0,0,0,115.868441404982,0,113.059176128709
0,0,0,0,158.567996645797,90.7216186966914,0,0,0,0,0,0,0,0,0,195.378266313867,0,0,0,0,0,0,0,0,157.852515740516,0,175.196329314064,0,261.440278806413,0,0,0,0,101.605593487621,0,0,115.114253591495,0,0,122.106946855269,0
0,0,0,0,251.098274723989,0,0,97.5855511246009,0,197.486504603685,0,231.050882209,0,0,0,0,0,0,0,220.901129804706,0,209.996727521564,0,0,0,0,0,0,0,0,0,0,0,181.316358113209,0,124.698445421759,321.864157986053,84.3635741045246,0,155.24952173131,212.592150359921
238.934743274142,120.567029282014,0,0,0,94.7280504127031,0,125.416941482916,0,0,242.790381480436,0,98.2230592632363,153.876396855887,163.945208919892,283.248188884028,0,0,220.901129804706,0,0,0,0,0,82.1742780037132,283.88658203332,0,231.715271819474,240.185081663983,0,0,0,0,133.984214699576,0,0,218.045528847001,89.1590885155172,0,0,0
0,0,0,0,0,0,0,161.275817184598,0,0,217.157696745803,219.430938885781,0,0,0,0,314.611698427915,0,0,0,0,0,222.053792850439,0,0,0,103.519938150021,0,0,128.846764897717,0,0,165.893015276821,0,0,106.533627130087,306.344527664232,119.345624434514,0,161.74915061469,74.7304794244225
0,0,0,0,0,224.523755099568,0,0,0,82.4756938751058,0,329.719143597451,0,0,0,0,0,0,209.996727521564,0,0,0,0,0,0,0,0,146.99041817625,0,0,95.7590805983148,0,0,0,320.356811100276,151.036729364761,0,0,0,0,0
0,0,0,241.682021696872,111.226326353722,0,0,0,0,0,0,228.075434767255,0,0,0,193.63278243493,0,0,0,0,222.053792850439,0,0,0,0,186.348837226466,0,206.472608421747,140.574866691684,0,0,0,192.693757128262,333.645516435298,188.936291522747,173.059382066957,0,125.81518738273,94.126460729827,138.425725342224,0
0,0,0,193.055010680236,0,0,115.871357769661,200.878319874537,0,348.674510760064,0,0,172.608400267715,0,111.435629183184,98.6790043377568,0,0,0,0,0,0,0,0,0,62.311273509377,97.3232815600345,162.833808134102,108.136066660554,0,0,249.905610015455,0,204.084074037941,85.7623170715703,253.401634605989,180.355266595273,142.054529471577,174.013630695256,0,187.77054666536
0,0,0,0,0,0,0,0,0,0,0,306.640284138334,0,96.7845769653343,0,0,104.915316975638,157.852515740516,0,82.1742780037132,0,0,0,0,0,115.194491798135,0,0,0,0,0,0,0,0,205.839960264176,0,125.994729980093,0,114.649126378906,0,92.5568465385234
262.382215657622,0,0,0,0,0,0,0,0,82.6426202489162,173.201474590904,110.384905066973,0,0,138.33942793804,0,0,0,0,283.88658203332,0,0,186.348837226466,62.311273509377,115.194491798135,0,183.786860782462,160.530221557972,215.611029055736,135.294330067913,171.230058197369,171.906398392157,193.777661225572,97.3506957544063,0,280.376028997576,0,75.4497121078207,0,161.325017232684,0
0,0,0,114.511014214502,115.332064605654,76.5072790361762,188.851177466023,0,0,0,169.453147353278,0,137.189596148386,154.070293657878,0,0,0,175.196329314064,0,0,103.519938150021,0,0,97.3232815600345,0,183.786860782462,0,82.6299537488922,214.116367924649,116.176698124939,0,178.224497384947,0,0,80.4367166559625,0,179.718364159796,323.781250289068,0,153.609372090384,131.969743415579
151.695570509541,0,0,223.705816669619,0,325.937289045041,151.01089327964,154.142998692322,192.135034768848,134.960780198024,78.8552325762656,0,0,118.522099274347,0,151.806152521152,289.631679007608,0,0,231.715271819474,0,146.99041817625,206.472608421747,162.833808134102,0,160.530221557972,82.6299537488922,0,0,0,90.1317194604647,180.90030328818,0,204.481117647118,73.4795582048751,201.44584889478,124.853650664477,227.504408813069,255.441154257905,94.7529894315991,104.369974912428
0,0,0,109.093416850988,0,0,0,115.541295036174,0,180.543851962045,94.9380989123498,197.893790332676,96.5937438588657,199.492852797962,0,0,0,261.440278806413,0,240.185081663983,0,0,140.574866691684,108.136066660554,0,215.611029055736,214.116367924649,0,0,81.9664354533492,159.183173818572,0,0,158.955087279859,74.5815074003433,101.895308036513,195.314816908693,154.065933476765,0,196.032358954952,0
0,0,0,0,0,0,0,0,0,198.964527389285,0,0,0,0,0,0,0,0,0,0,128.846764897717,0,0,0,0,135.294330067913,116.176698124939,0,81.9664354533492,0,0,0,0,300.031143529538,225.013371621378,0,163.059043292369,101.350815329073,128.530575464043,146.770754374523,0
0,0,0,139.93285932648,0,0,0,0,0,0,0,0,0,0,0,0,0,0,0,0,0,95.7590805983148,0,0,0,171.230058197369,0,90.1317194604647,159.183173818572,0,0,0,0,0,0,0,94.027247878695,0,0,0,0
0,0,0,70.4221432298295,0,252.487290983309,0,0,0,0,247.66948903751,153.672550905948,0,0,0,0,0,0,0,0,0,0,0,249.905610015455,0,171.906398392157,178.224497384947,180.90030328818,0,0,0,0,0,0,0,0,202.712457066107,0,221.805809452716,0,81.2827395071039
0,0,0,0,0,0,0,0,0,0,0,0,0,0,0,0,0,0,0,0,165.893015276821,0,192.693757128262,0,0,193.777661225572,0,0,0,0,0,0,0,0,0,0,0,0,0,321.124897279917,62.859596780235
0,205.09013266389,250.461724766314,0,150.161410108805,87.8456058929559,226.825099357786,128.405764333981,0,0,108.381749703452,241.57250333243,78.9559315574845,0,119.728129215699,145.74089716123,0,101.605593487621,181.316358113209,133.984214699576,0,0,333.645516435298,204.084074037941,0,97.3506957544063,0,204.481117647118,158.955087279859,300.031143529538,0,0,0,0,172.892533368851,213.67670887414,92.3502314520023,66.5008477853491,309.997227542691,220.963068032256,0
219.040656038919,112.823430872325,0,261.605527103798,0,0,173.001559092555,232.945974238958,117.208001126138,101.443495235174,136.685314494491,98.417953423071,0,112.349934713559,80.8080171296381,0,347.376449530863,0,0,0,0,320.356811100276,188.936291522747,85.7623170715703,205.839960264176,0,80.4367166559625,73.4795582048751,74.5815074003433,225.013371621378,0,0,0,172.892533368851,0,134.566479261133,0,193.659409924573,0,259.055025639447,89.3673883748406
219.078548227669,0,0,0,113.144980278377,178.683678585178,0,153.453047983244,0,0,94.8881692391942,0,0,194.442125915551,0,0,0,0,124.698445421759,0,106.533627130087,151.036729364761,173.059382066957,253.401634605989,0,280.376028997576,0,201.44584889478,101.895308036513,0,0,0,0,213.67670887414,134.566479261133,0,72.2278283150671,0,0,106.33736463831,58.3493451392805
92.5207898118833,67.8267069095267,0,335.371040201042,89.9429017381717,0,106.128596538706,196.04190773555,100.812745974529,0,276.620869034647,224.551207449728,184.249961885477,191.519780382943,0,142.385058730083,0,115.114253591495,321.864157986053,218.045528847001,306.344527664232,0,0,180.355266595273,125.994729980093,0,179.718364159796,124.853650664477,195.314816908693,163.059043292369,94.027247878695,202.712457066107,0,92.3502314520023,0,72.2278283150671,0,353.822894641502,303.527509149359,139.654362654449,192.601533877686
0,0,0,0,0,0,0,0,73.1029054543569,143.005810983322,137.239127032733,195.822649557859,0,165.597665022977,259.442917595754,0,0,0,84.3635741045246,89.1590885155172,119.345624434514,0,125.81518738273,142.054529471577,0,75.4497121078207,323.781250289068,227.504408813069,154.065933476765,101.350815329073,0,0,0,66.5008477853491,193.659409924573,0,353.822894641502,0,0,0,148.808626413748
0,0,0,0,345.797434674459,161.694997919804,0,198.528111506785,99.3508940827211,0,0,0,0,0,0,0,115.868441404982,0,0,0,0,0,94.126460729827,174.013630695256,114.649126378906,0,0,255.441154257905,0,128.530575464043,0,221.805809452716,0,309.997227542691,0,0,303.527509149359,0,0,154.784755881607,137.177378802006
0,0,0,190.185165668632,116.054372245433,357.423078228283,205.183249704085,167.066576495979,151.075371308616,0,120.912756812582,0,0,0,177.763106506206,206.912707094411,0,122.106946855269,155.24952173131,0,161.74915061469,0,138.425725342224,0,0,161.325017232684,153.609372090384,94.7529894315991,196.032358954952,146.770754374523,0,0,321.124897279917,220.963068032256,259.055025639447,106.33736463831,139.654362654449,0,154.784755881607,0,61.0664810463559
0,0,0,0,101.5853655613,0,0,241.635434294794,71.5579325720569,201.100640800745,0,135.667029391615,0,0,228.792310020318,0,113.059176128709,0,212.592150359921,0,74.7304794244225,0,0,187.77054666536,92.5568465385234,0,131.969743415579,104.369974912428,0,0,0,81.2827395071039,62.859596780235,0,89.3673883748406,58.3493451392805,192.601533877686,148.808626413748,137.177378802006,61.0664810463559,0
