0,0,0,0,0,0,0,202.712457066107,0,0,0,0,0,82.4756938751058,0,0,0,0,0,0,0,0,0,73.1029054543569,0,0,0,250.461724766314,0,0,0,0,0,0,0,0,180.90030328818,0,0,114.649126378906,0
0,0,0,0,306.344527664232,0,0,0,0,0,0,0,0,0,0,0,0,0,0,0,0,0,0,0,0,0,134.960780198024,0,0,0,0,0,0,0,74.7304794244225,118.522099274347,98.6790043377568,0,249.905610015455,106.533627130087,0
0,0,0,151.075371308616,0,0,0,0,103.519938150021,0,0,0,0,0,0,0,0,0,0,111.226326353722,0,90.1317194604647,0,0,0,0,0,0,0,0,0,0,0,0,0,0,0,124.853650664477,0,0,0
0,0,151.075371308616,0,0,0,120.912756812582,81.2827395071039,0,0,0,0,0,171.906398392157,0,247.66948903751,0,0,0,0,0,0,0,0,0,94.8881692391942,0,89.707245288964,158.955087279859,0,0,0,0,96.5937438588657,71.4788760670054,0,0,0,226.825099357786,218.045528847001,74.4197823064597
0,306.344527664232,0,0,0,0,0,0,181.316358113209,85.7623170715703,0,173.201474590904,0,0,190.185165668632,0,0,0,62.311273509377,0,0,0,0,116.054372245433,0,196.04190773555,0,321.124897279917,0,0,0,0,0,116.176698124939,161.694997919804,0,61.0664810463559,146.814226519809,0,0,197.893790332676
0,0,0,0,0,0,348.674510760064,0,0,206.912707094411,146.99041817625,314.611698427915,0,0,0,0,0,0,306.640284138334,0,0,249.798812580765,0,0,0,125.994729980093,0,167.066576495979,211.840482897052,0,0,0,0,178.224497384947,71.5579325720569,280.376028997576,113.059176128709,0,0,0,119.345624434514
0,0,0,120.912756812582,0,348.674510760064,0,125.81518738273,0,0,0,104.915316975638,0,0,119.728129215699,0,0,0,0,0,0,0,0,0,0,193.659409924573,173.001559092555,0,262.382215657622,0,0,0,0,205.09013266389,0,80.4367166559625,115.541295036174,0,0,309.997227542691,95.7590805983148
202.712457066107,0,0,81.2827395071039,0,0,125.81518738273,0,0,195.314816908693,99.3508940827211,193.63278243493,0,0,219.078548227669,0,0,0,160.530221557972,148.808626413748,0,0,0,0,0,0,163.945208919892,146.770754374523,0,165.893015276821,153.609372090384,0,0,321.864157986053,0,0,173.538155409849,0,0,214.116367924649,0
0,0,103.519938150021,0,181.316358113209,0,0,0,0,0,0,201.100640800745,0,0,0,0,0,0,0,161.275817184598,0,0,0,75.4497121078207,0,0,0,0,0,0,0,0,0,193.055010680236,90.7216186966914,212.592150359921,255.441154257905,94.027247878695,0,0,151.806152521152
0,0,0,0,85.7623170715703,206.912707094411,0,195.314816908693,0,0,232.945974238958,97.3506957544063,0,0,0,0,155.24952173131,0,0,0,135.294330067913,0,139.792601838991,67.8267069095267,0,0,0,164.032723165762,0,193.777661225572,283.248188884028,0,137.177378802006,66.5008477853491,227.504408813069,0,231.715271819474,323.781250289068,0,136.792307586862,0
0,0,0,0,0,146.99041817625,0,99.3508940827211,0,232.945974238958,0,161.325017232684,0,0,0,0,0,0,0,0,188.936291522747,184.249961885477,0,128.405764333981,0,335.371040201042,122.106946855269,165.597665022977,128.530575464043,0,0,0,0,0,253.401634605989,0,140.574866691684,223.705816669619,0,101.85207633558,186.348837226466
0,0,0,0,173.201474590904,314.611698427915,104.915316975638,193.63278243493,201.100640800745,97.3506957544063,161.325017232684,0,0,0,0,0,0,142.385058730083,168.241326865882,154.065933476765,0,0,0,0,0,221.805809452716,0,241.635434294794,154.142998692322,0,0,92.3502314520023,0,175.196329314064,101.5853655613,201.44584889478,133.984214699576,106.926813611922,82.6426202489162,0,251.098274723989
0,0,0,0,0,0,0,0,0,0,0,0,0,137.189596148386,0,0,0,0,0,0,0,225.013371621378,0,0,0,0,205.839960264176,0,0,0,0,0,0,236.681907140956,220.963068032256,0,0,0,0,74.5815074003433,0
82.4756938751058,0,0,171.906398392157,0,0,0,0,0,0,0,0,137.189596148386,0,0,0,0,208.005106191961,0,0,357.423078228283,0,303.527509149359,0,143.005810983322,0,0,338.131802716296,125.416941482916,0,0,0,283.88658203332,99.2646516363145,0,0,159.183173818572,231.050882209,0,98.417953423071,0
0,0,0,0,190.185165668632,0,119.728129215699,219.078548227669,0,0,0,0,0,0,0,108.381749703452,0,0,0,325.937289045041,0,0,0,217.157696745803,76.5072790361762,113.144980278377,0,0,138.33942793804,0,0,0,0,0,0,160.537522273714,100.812745974529,0,0,187.77054666536,0
0,0,0,247.66948903751,0,0,0,0,0,0,0,0,0,0,108.381749703452,0,0,0,0,284.529238481835,0,158.567996645797,0,0,0,259.442917595754,0,163.059043292369,0,0,93.5029580098427,0,0,0,172.892533368851,0,101.443495235174,0,106.128596538706,0,215.611029055736
0,0,0,0,0,0,0,0,0,155.24952173131,0,0,0,0,0,0,0,0,0,191.519780382943,0,161.74915061469,0,0,0,0,112.349934713559,0,300.031143529538,0,0,108.136066660554,0,0,173.059382066957,115.868441404982,0,333.645516435298,0,120.567029282014,0
0,0,0,0,0,0,0,0,0,0,0,142.385058730083,0,208.005106191961,0,0,0,0,0,0,0,0,141.204637091722,0,0,0,213.67670887414,153.453047983244,0,0,0,161.302948562323,0,0,78.8552325762656,78.9559315574845,128.846764897717,0,0,0,0
0,0,0,0,62.311273509377,306.640284138334,0,160.530221557972,0,0,0,168.241326865882,0,0,0,0,0,0,0,0,0,0,0,0,0,0,0,112.793316814908,133.218162784108,0,0,111.435629183184,0,101.605593487621,0,276.620869034647,241.682021696872,192.135034768848,0,97.3232815600345,0
0,0,111.226326353722,0,0,0,0,148.808626413748,161.275817184598,0,0,154.065933476765,0,0,325.937289045041,284.529238481835,191.519780382943,0,0,0,94.7280504127031,0,142.054529471577,252.487290983309,0,0,134.566479261133,0,219.040656038919,0,0,0,112.823430872325,89.3673883748406,0,0,109.093416850988,0,0,157.852515740516,180.355266595273
0,0,0,0,0,0,0,0,0,135.294330067913,188.936291522747,0,0,357.423078228283,0,0,0,0,0,94.7280504127031,0,0,135.667029391615,0,0,261.605527103798,0,188.851177466023,0,0,0,82.1742780037132,0,136.685314494491,219.430938885781,0,110.384905066973,138.425725342224,0,0,353.822894641502
0,0,90.1317194604647,0,0,249.798812580765,0,0,0,0,184.249961885477,0,225.013371621378,0,0,158.567996645797,161.74915061469,0,0,0,0,0,0,0,0,84.3635741045246,0,0,0,0,0,0,0,0,0,0,0,169.742003380707,0,0,0
0,0,0,0,0,0,0,0,0,139.792601838991,0,0,0,303.527509149359,0,0,0,141.204637091722,0,142.054529471577,135.667029391615,0,0,89.9429017381717,154.784755881607,0,329.719143597451,179.718364159796,194.442125915551,171.230058197369,0,0,0,153.876396855887,174.013630695256,0,0,0,85.6072705949986,0,259.055025639447
73.1029054543569,0,0,0,116.054372245433,0,0,0,75.4497121078207,67.8267069095267,128.405764333981,0,0,0,217.157696745803,0,0,0,0,252.487290983309,0,0,89.9429017381717,0,0,0,97.5855511246009,0,169.453147353278,93.4234866874731,58.3493451392805,0,242.790381480436,94.9380989123498,241.57250333243,124.698445421759,92.5207898118833,0,62.859596780235,206.472608421747,0
0,0,0,0,0,0,0,0,0,0,0,0,0,143.005810983322,76.5072790361762,0,0,0,0,0,0,0,154.784755881607,0,0,0,0,196.032358954952,73.4795582048751,0,0,0,0,104.369974912428,178.683678585178,0,204.084074037941,96.7845769653343,0,115.194491798135,0
0,0,0,94.8881692391942,196.04190773555,125.994729980093,193.659409924573,0,0,0,335.371040201042,221.805809452716,0,0,113.144980278377,259.442917595754,0,0,0,0,261.605527103798,84.3635741045246,0,0,0,0,139.654362654449,0,177.763106506206,261.440278806413,0,0,0,0,197.486504603685,146.465927798921,94.126460729827,155.901486485736,150.161410108805,320.356811100276,186.973586461633
0,134.960780198024,0,0,0,0,173.001559092555,163.945208919892,0,0,122.106946855269,0,205.839960264176,0,0,0,112.349934713559,213.67670887414,0,134.566479261133,0,0,329.719143597451,97.5855511246009,0,139.654362654449,0,289.631679007608,183.786860782462,0,0,228.792310020318,0,199.492852797962,0,178.748963182352,115.871357769661,81.9664354533492,240.185081663983,87.8456058929559,0
250.461724766314,0,0,89.707245288964,321.124897279917,167.066576495979,0,146.770754374523,0,164.032723165762,165.597665022977,241.635434294794,0,338.131802716296,0,163.059043292369,0,153.453047983244,112.793316814908,0,188.851177466023,0,179.718364159796,0,196.032358954952,0,289.631679007608,0,151.036729364761,151.01089327964,0,224.551207449728,200.878319874537,172.608400267715,80.8080171296381,192.693757128262,139.93285932648,137.239127032733,0,192.601533877686,195.822649557859
0,0,0,158.955087279859,0,211.840482897052,262.382215657622,0,0,0,128.530575464043,154.142998692322,0,125.416941482916,138.33942793804,0,300.031143529538,0,133.218162784108,219.040656038919,0,0,194.442125915551,169.453147353278,73.4795582048751,177.763106506206,183.786860782462,151.036729364761,0,162.833808134102,0,0,0,269.936825670274,0,0,222.053792850439,0,154.070293657878,198.964527389285,0
0,0,0,0,0,0,0,165.893015276821,0,193.777661225572,0,0,0,0,0,0,0,0,0,0,0,0,171.230058197369,93.4234866874731,0,261.440278806413,0,151.01089327964,162.833808134102,0,0,0,0,0,224.523755099568,0,70.4221432298295,0,0,117.208001126138,238.934743274142
0,0,0,0,0,0,0,153.609372090384,0,283.248188884028,0,0,0,0,0,93.5029580098427,0,0,0,0,0,0,0,58.3493451392805,0,0,0,0,0,0,0,0,0,228.075434767255,0,0,0,0,106.33736463831,0,0
0,0,0,0,0,0,0,0,0,0,0,92.3502314520023,0,0,0,0,108.136066660554,161.302948562323,111.435629183184,0,82.1742780037132,0,0,0,0,0,228.792310020318,224.551207449728,0,0,0,0,0,195.378266313867,0,0,263.534399241887,0,114.511014214502,0,205.183249704085
0,0,0,0,0,0,0,0,0,137.177378802006,0,0,0,283.88658203332,0,0,0,0,0,112.823430872325,0,0,0,242.790381480436,0,0,0,200.878319874537,0,0,0,0,0,0,0,0,0,0,0,0,0
0,0,0,96.5937438588657,116.176698124939,178.224497384947,205.09013266389,321.864157986053,193.055010680236,66.5008477853491,0,175.196329314064,236.681907140956,99.2646516363145,0,0,0,0,101.605593487621,89.3673883748406,136.685314494491,0,153.876396855887,94.9380989123498,104.369974912428,0,199.492852797962,172.608400267715,269.936825670274,0,228.075434767255,195.378266313867,0,0,115.114253591495,204.481117647118,92.5568465385234,145.74089716123,0,0,98.2230592632363
0,74.7304794244225,0,71.4788760670054,161.694997919804,71.5579325720569,0,0,90.7216186966914,227.504408813069,253.401634605989,101.5853655613,220.963068032256,0,0,172.892533368851,173.059382066957,78.8552325762656,0,0,219.430938885781,0,174.013630695256,241.57250333243,178.683678585178,197.486504603685,0,80.8080171296381,0,224.523755099568,0,0,0,115.114253591495,0,101.350815329073,0,220.901129804706,345.797434674459,180.543851962045,209.996727521564
0,118.522099274347,0,0,0,280.376028997576,80.4367166559625,0,212.592150359921,0,0,201.44584889478,0,0,160.537522273714,0,115.868441404982,78.9559315574845,276.620869034647,0,0,0,0,124.698445421759,0,146.465927798921,178.748963182352,192.693757128262,0,0,0,0,0,204.481117647118,101.350815329073,0,94.7529894315991,115.332064605654,0,347.376449530863,101.895308036513
180.90030328818,98.6790043377568,0,0,61.0664810463559,113.059176128709,115.541295036174,173.538155409849,255.441154257905,231.715271819474,140.574866691684,133.984214699576,0,159.183173818572,100.812745974529,101.443495235174,0,128.846764897717,241.682021696872,109.093416850988,110.384905066973,0,0,92.5207898118833,204.084074037941,94.126460729827,115.871357769661,139.93285932648,222.053792850439,70.4221432298295,0,263.534399241887,0,92.5568465385234,0,94.7529894315991,0,153.672550905948,0,72.2278283150671,131.969743415579
0,0,124.853650664477,0,146.814226519809,0,0,0,94.027247878695,323.781250289068,223.705816669619,106.926813611922,0,231.050882209,0,0,333.645516435298,0,192.135034768848,0,138.425725342224,169.742003380707,0,0,96.7845769653343,155.901486485736,81.9664354533492,137.239127032733,0,0,0,0,0,145.74089716123,220.901129804706,115.332064605654,153.672550905948,0,82.6299537488922,0,0
0,249.905610015455,0,226.825099357786,0,0,0,0,0,0,0,82.6426202489162,0,0,0,106.128596538706,0,0,0,0,0,0,85.6072705949986,62.859596780235,0,150.161410108805,240.185081663983,0,154.070293657878,0,106.33736463831,114.511014214502,0,0,345.797434674459,0,0,82.6299537488922,0,89.1590885155172,151.695570509541
114.649126378906,106.533627130087,0,218.045528847001,0,0,309.997227542691,214.116367924649,0,136.792307586862,101.85207633558,0,74.5815074003433,98.417953423071,187.77054666536,0,120.567029282014,0,97.3232815600345,157.852515740516,0,0,0,206.472608421747,115.194491798135,320.356811100276,87.8456058929559,192.601533877686,198.964527389285,117.208001126138,0,0,0,0,180.543851962045,347.376449530863,72.2278283150671,0,89.1590885155172,0,198.528111506785
0,0,0,74.4197823064597,197.893790332676,119.345624434514,95.7590805983148,0,151.806152521152,0,186.348837226466,251.098274723989,0,0,0,215.611029055736,0,0,0,180.355266595273,353.822894641502,0,259.055025639447,0,0,186.973586461633,0,195.822649557859,0,238.934743274142,0,205.183249704085,0,98.2230592632363,209.996727521564,101.895308036513,131.969743415579,0,151.695570509541,198.528111506785,0
