0,0,0,0,0,0,0,0,0,178.683678585178,0,0,0,0,0,0,0,0,142.054529471577,0,0,0,0,0,0,0,0,80.4367166559625,106.33736463831,0,0,0,0,0,190.185165668632,0,151.01089327964,0,0,0,0
0,0,0,0,0,0,0,0,0,0,0,180.543851962045,0,0,0,0,0,0,0,0,0,0,0,0,206.912707094411,0,0,0,0,0,119.345624434514,0,0,87.8456058929559,0,0,73.4795582048751,112.349934713559,173.001559092555,0,0
0,0,0,0,0,0,269.936825670274,0,0,0,0,0,0,0,0,0,0,0,0,0,0,0,0,0,0,0,0,96.5937438588657,0,231.050882209,0,0,0,89.707245288964,0,0,0,0,0,140.574866691684,0
0,0,0,0,0,112.823430872325,0,0,167.066576495979,0,0,0,188.851177466023,0,108.136066660554,74.7304794244225,0,0,0,0,193.63278243493,0,0,283.88658203332,0,165.597665022977,0,201.44584889478,151.806152521152,0,0,0,0,0,251.098274723989,0,143.005810983322,73.1029054543569,0,0,0
0,0,0,0,0,0,0,0,0,153.453047983244,0,0,0,0,0,0,0,0,197.486504603685,0,0,255.441154257905,323.781250289068,74.4197823064597,0,192.693757128262,85.6072705949986,94.126460729827,0,0,0,0,0,262.382215657622,62.859596780235,146.99041817625,212.592150359921,0,128.846764897717,0,85.7623170715703
0,0,0,112.823430872325,0,0,0,0,0,125.994729980093,240.185081663983,0,0,0,0,0,0,117.208001126138,0,180.355266595273,0,191.519780382943,0,0,0,61.0664810463559,253.401634605989,193.055010680236,0,0,0,226.825099357786,0,219.078548227669,0,115.868441404982,0,98.6790043377568,169.742003380707,0,0
0,0,269.936825670274,0,0,0,0,0,0,0,101.85207633558,204.084074037941,0,0,0,0,0,0,139.654362654449,0,0,0,0,0,0,99.3508940827211,0,175.196329314064,306.640284138334,0,261.605527103798,0,0,0,0,101.350815329073,169.453147353278,218.045528847001,0,252.487290983309,114.511014214502
0,0,0,0,0,0,0,0,0,119.728129215699,0,0,0,116.176698124939,238.934743274142,0,0,0,220.963068032256,0,0,0,200.878319874537,139.93285932648,0,89.9429017381717,84.3635741045246,0,241.682021696872,0,0,228.792310020318,146.465927798921,106.128596538706,186.973586461633,97.5855511246009,261.440278806413,197.893790332676,0,0,0
0,0,0,167.066576495979,0,0,0,0,0,0,0,122.106946855269,0,75.4497121078207,163.059043292369,0,155.901486485736,0,0,325.937289045041,0,0,0,289.631679007608,0,0,321.864157986053,0,0,0,0,0,0,0,0,0,321.124897279917,0,0,199.492852797962,181.316358113209
178.683678585178,0,0,0,153.453047983244,125.994729980093,0,119.728129215699,0,0,0,106.926813611922,0,345.797434674459,0,0,0,186.348837226466,0,284.529238481835,0,104.369974912428,0,0,0,128.530575464043,0,0,0,0,0,198.964527389285,0,94.027247878695,81.2827395071039,353.822894641502,78.8552325762656,134.960780198024,0,100.812745974529,136.792307586862
0,0,0,0,0,240.185081663983,101.85207633558,0,0,0,0,78.9559315574845,0,0,0,0,120.912756812582,0,0,110.384905066973,161.325017232684,0,0,303.527509149359,224.523755099568,0,0,113.059176128709,0,208.005106191961,0,0,0,158.955087279859,135.294330067913,71.4788760670054,283.248188884028,97.3506957544063,0,214.116367924649,0
0,180.543851962045,0,0,0,0,204.084074037941,0,122.106946855269,106.926813611922,78.9559315574845,0,0,217.157696745803,300.031143529538,0,145.74089716123,0,0,219.430938885781,115.541295036174,0,232.945974238958,0,0,224.551207449728,164.032723165762,241.57250333243,134.566479261133,111.226326353722,0,0,0,94.8881692391942,142.385058730083,76.5072790361762,202.712457066107,0,0,221.805809452716,0
0,0,0,188.851177466023,0,0,0,0,0,0,0,0,0,58.3493451392805,0,0,0,0,0,139.792601838991,0,0,0,0,0,0,0,0,0,0,0,0,0,0,259.055025639447,0,0,109.093416850988,0,90.1317194604647,0
0,0,0,0,0,0,0,116.176698124939,75.4497121078207,345.797434674459,0,217.157696745803,58.3493451392805,0,0,0,94.7529894315991,0,0,93.4234866874731,0,0,96.7845769653343,198.528111506785,0,0,133.984214699576,154.784755881607,172.892533368851,0,0,0,0,0,0,0,62.311273509377,165.893015276821,0,0,0
0,0,0,108.136066660554,0,0,0,238.934743274142,163.059043292369,0,0,300.031143529538,0,0,0,0,0,0,0,0,0,0,0,309.997227542691,0,0,0,81.9664354533492,0,0,0,263.534399241887,0,171.230058197369,92.5207898118833,0,93.5029580098427,0,0,205.09013266389,195.822649557859
0,0,0,74.7304794244225,0,0,0,0,0,0,0,0,0,0,0,0,0,0,0,0,0,225.013371621378,195.378266313867,160.530221557972,0,0,0,151.036729364761,108.381749703452,131.969743415579,0,0,0,0,196.04190773555,0,187.77054666536,0,138.33942793804,0,155.24952173131
0,0,0,0,0,0,0,0,155.901486485736,0,120.912756812582,145.74089716123,0,94.7529894315991,0,0,0,0,0,0,0,0,0,276.620869034647,0,92.3502314520023,222.053792850439,0,0,0,0,0,0,98.2230592632363,137.239127032733,98.417953423071,0,0,0,0,0
0,0,0,0,0,117.208001126138,0,0,0,186.348837226466,0,0,0,0,0,0,0,0,0,0,0,0,0,0,0,0,0,82.6299537488922,0,0,0,141.204637091722,0,215.611029055736,0,0,153.609372090384,160.537522273714,0,133.218162784108,95.7590805983148
142.054529471577,0,0,0,197.486504603685,0,139.654362654449,220.963068032256,0,0,0,0,0,0,0,0,0,0,0,193.659409924573,0,0,0,0,0,153.876396855887,0,159.183173818572,82.4756938751058,101.443495235174,0,0,0,128.405764333981,66.5008477853491,0,0,104.915316975638,0,0,0
0,0,0,0,0,180.355266595273,0,0,325.937289045041,284.529238481835,110.384905066973,219.430938885781,139.792601838991,93.4234866874731,0,0,0,0,193.659409924573,0,0,153.672550905948,192.135034768848,0,0,0,94.7280504127031,320.356811100276,0,0,0,97.3232815600345,0,146.814226519809,0,0,113.144980278377,0,0,195.314816908693,280.376028997576
0,0,0,193.63278243493,0,0,0,0,0,0,161.325017232684,115.541295036174,0,0,0,0,0,0,0,0,0,0,0,0,171.906398392157,0,0,347.376449530863,118.522099274347,0,0,0,0,101.5853655613,161.74915061469,92.5568465385234,184.249961885477,89.3673883748406,0,151.075371308616,242.790381480436
0,0,0,0,255.441154257905,191.519780382943,0,0,0,104.369974912428,0,0,0,0,0,225.013371621378,0,0,0,153.672550905948,0,0,0,0,0,236.681907140956,211.840482897052,0,0,0,0,0,0,0,0,0,250.461724766314,0,0,0,0
0,0,0,0,323.781250289068,0,0,200.878319874537,0,0,0,232.945974238958,0,96.7845769653343,0,195.378266313867,0,0,0,192.135034768848,0,0,0,0,0,116.054372245433,103.519938150021,314.611698427915,0,115.194491798135,0,0,178.748963182352,161.694997919804,0,161.275817184598,0,0,196.032358954952,348.674510760064,0
0,0,0,283.88658203332,74.4197823064597,0,0,139.93285932648,289.631679007608,0,303.527509149359,0,0,198.528111506785,309.997227542691,160.530221557972,276.620869034647,0,0,0,0,0,0,0,0,0,338.131802716296,249.798812580765,220.901129804706,0,67.8267069095267,82.1742780037132,0,177.763106506206,0,154.065933476765,137.177378802006,0,228.075434767255,0,205.183249704085
0,206.912707094411,0,0,0,0,0,0,0,0,224.523755099568,0,0,0,0,0,0,0,0,0,171.906398392157,0,0,0,0,188.936291522747,0,154.142998692322,154.070293657878,0,0,0,70.4221432298295,0,0,0,201.100640800745,146.770754374523,101.605593487621,0,0
0,0,0,165.597665022977,192.693757128262,61.0664810463559,99.3508940827211,89.9429017381717,0,128.530575464043,0,224.551207449728,0,0,0,0,92.3502314520023,0,153.876396855887,0,0,236.681907140956,116.054372245433,0,188.936291522747,0,0,0,173.201474590904,231.715271819474,0,209.996727521564,0,0,158.567996645797,193.777661225572,213.67670887414,0,0,125.81518738273,357.423078228283
0,0,0,0,85.6072705949986,253.401634605989,0,84.3635741045246,321.864157986053,0,0,164.032723165762,0,133.984214699576,0,0,222.053792850439,0,0,94.7280504127031,0,211.840482897052,103.519938150021,338.131802716296,0,0,0,194.442125915551,0,0,206.472608421747,0,0,101.895308036513,137.189596148386,173.059382066957,71.5579325720569,172.608400267715,0,333.645516435298,157.852515740516
80.4367166559625,0,96.5937438588657,201.44584889478,94.126460729827,193.055010680236,175.196329314064,0,0,0,113.059176128709,241.57250333243,0,154.784755881607,81.9664354533492,151.036729364761,0,82.6299537488922,159.183173818572,320.356811100276,347.376449530863,0,314.611698427915,249.798812580765,154.142998692322,0,194.442125915551,0,135.667029391615,0,0,0,0,205.839960264176,148.808626413748,0,111.435629183184,183.786860782462,247.66948903751,138.425725342224,115.871357769661
106.33736463831,0,0,151.806152521152,0,0,306.640284138334,241.682021696872,0,0,0,134.566479261133,0,172.892533368851,0,108.381749703452,0,0,82.4756938751058,0,118.522099274347,0,0,220.901129804706,154.070293657878,173.201474590904,0,135.667029391615,0,106.533627130087,0,0,0,259.442917595754,151.695570509541,0,223.705816669619,82.6426202489162,124.853650664477,173.538155409849,168.241326865882
0,0,231.050882209,0,0,0,0,0,0,0,208.005106191961,111.226326353722,0,0,0,131.969743415579,0,0,101.443495235174,0,0,0,115.194491798135,0,0,231.715271819474,0,0,106.533627130087,0,0,0,0,0,0,89.1590885155172,0,0,125.416941482916,90.7216186966914,0
0,119.345624434514,0,0,0,0,261.605527103798,0,0,0,0,0,0,0,0,0,0,0,0,0,0,0,0,67.8267069095267,0,0,206.472608421747,0,0,0,0,0,0,0,74.5815074003433,0,0,0,0,0,178.224497384947
0,0,0,0,0,226.825099357786,0,228.792310020318,0,198.964527389285,0,0,0,0,263.534399241887,0,0,141.204637091722,0,97.3232815600345,0,0,0,82.1742780037132,0,209.996727521564,0,0,0,0,0,0,0,174.013630695256,0,0,0,0,80.8080171296381,0,219.040656038919
0,0,0,0,0,0,0,146.465927798921,0,0,0,0,0,0,0,0,0,0,0,0,0,0,178.748963182352,0,70.4221432298295,0,0,0,0,0,0,0,0,0,180.90030328818,0,0,0,0,112.793316814908,0
0,87.8456058929559,89.707245288964,0,262.382215657622,219.078548227669,0,106.128596538706,0,94.027247878695,158.955087279859,94.8881692391942,0,0,171.230058197369,0,98.2230592632363,215.611029055736,128.405764333981,146.814226519809,101.5853655613,0,161.694997919804,177.763106506206,0,0,101.895308036513,205.839960264176,259.442917595754,0,0,174.013630695256,0,0,136.685314494491,120.567029282014,99.2646516363145,0,329.719143597451,150.161410108805,163.945208919892
190.185165668632,0,0,251.098274723989,62.859596780235,0,0,186.973586461633,0,81.2827395071039,135.294330067913,142.385058730083,259.055025639447,0,92.5207898118833,196.04190773555,137.239127032733,0,66.5008477853491,0,161.74915061469,0,0,0,0,158.567996645797,137.189596148386,148.808626413748,151.695570509541,0,74.5815074003433,0,180.90030328818,136.685314494491,0,161.302948562323,241.635434294794,94.9380989123498,0,115.114253591495,204.481117647118
0,0,0,0,146.99041817625,115.868441404982,101.350815329073,97.5855511246009,0,353.822894641502,71.4788760670054,76.5072790361762,0,0,0,0,98.417953423071,0,0,0,92.5568465385234,0,161.275817184598,154.065933476765,0,193.777661225572,173.059382066957,0,0,89.1590885155172,0,0,0,120.567029282014,161.302948562323,0,249.905610015455,0,0,227.504408813069,306.344527664232
151.01089327964,73.4795582048751,0,143.005810983322,212.592150359921,0,169.453147353278,261.440278806413,321.124897279917,78.8552325762656,283.248188884028,202.712457066107,0,62.311273509377,93.5029580098427,187.77054666536,0,153.609372090384,0,113.144980278377,184.249961885477,250.461724766314,0,137.177378802006,201.100640800745,213.67670887414,71.5579325720569,111.435629183184,223.705816669619,0,0,0,0,99.2646516363145,241.635434294794,249.905610015455,0,115.332064605654,335.371040201042,124.698445421759,192.601533877686
0,112.349934713559,0,73.1029054543569,0,98.6790043377568,218.045528847001,197.893790332676,0,134.960780198024,97.3506957544063,0,109.093416850988,165.893015276821,0,0,0,160.537522273714,104.915316975638,0,89.3673883748406,0,0,0,146.770754374523,0,172.608400267715,183.786860782462,82.6426202489162,0,0,0,0,0,94.9380989123498,0,115.332064605654,0,179.718364159796,162.833808134102,0
0,173.001559092555,0,0,128.846764897717,169.742003380707,0,0,0,0,0,0,0,0,0,138.33942793804,0,0,0,0,0,0,196.032358954952,228.075434767255,101.605593487621,0,0,247.66948903751,124.853650664477,125.416941482916,0,80.8080171296381,0,329.719143597451,0,0,335.371040201042,179.718364159796,0,114.649126378906,0
0,0,140.574866691684,0,0,0,252.487290983309,0,199.492852797962,100.812745974529,214.116367924649,221.805809452716,90.1317194604647,0,205.09013266389,0,0,133.218162784108,0,195.314816908693,151.075371308616,0,348.674510760064,0,0,125.81518738273,333.645516435298,138.425725342224,173.538155409849,90.7216186966914,0,0,112.793316814908,150.161410108805,115.114253591495,227.504408813069,124.698445421759,162.833808134102,114.649126378906,0,72.2278283150671
0,0,0,0,85.7623170715703,0,114.511014214502,0,181.316358113209,136.792307586862,0,0,0,0,195.822649557859,155.24952173131,0,95.7590805983148,0,280.376028997576,242.790381480436,0,0,205.183249704085,0,357.423078228283,157.852515740516,115.871357769661,168.241326865882,0,178.224497384947,219.040656038919,0,163.945208919892,204.481117647118,306.344527664232,192.601533877686,0,0,72.2278283150671,0
