0,0,0,159.183173818572,0,0,0,0,0,0,89.3673883748406,348.674510760064,0,0,0,0,0,0,108.381749703452,0,0,0,0,0,0,0,0,0,0,0,0,0,0,0,84.3635741045246,0,161.74915061469,0,0,0,0
0,0,0,0,0,0,0,178.224497384947,0,259.442917595754,0,0,0,0,0,0,0,0,0,0,0,0,0,0,0,0,98.6790043377568,241.682021696872,103.519938150021,0,0,92.3502314520023,0,137.177378802006,0,0,0,0,0,0,0
0,0,0,0,0,0,0,0,0,0,0,0,0,0,0,0,0,0,0,195.822649557859,0,0,0,0,0,0,321.124897279917,0,0,0,0,0,0,124.698445421759,0,0,0,146.99041817625,0,231.715271819474,0
159.183173818572,0,0,0,0,0,0,0,0,0,0,0,0,0,0,0,0,0,74.4197823064597,0,219.430938885781,0,92.5207898118833,0,0,99.3508940827211,72.2278283150671,178.683678585178,67.8267069095267,0,0,175.196329314064,0,125.81518738273,0,0,261.440278806413,0,193.055010680236,0,101.443495235174
0,0,0,0,0,0,124.853650664477,85.7623170715703,0,0,94.7280504127031,135.294330067913,0,0,0,0,0,0,161.325017232684,111.226326353722,0,157.852515740516,240.185081663983,0,0,153.609372090384,0,0,0,151.075371308616,0,0,0,195.378266313867,196.032358954952,137.239127032733,306.640284138334,0,0,0,0
0,0,0,0,0,0,219.040656038919,0,97.3232815600345,93.4234866874731,0,0,0,110.384905066973,0,280.376028997576,0,283.88658203332,0,0,0,0,0,0,0,135.667029391615,137.189596148386,160.537522273714,0,0,0,150.161410108805,0,0,222.053792850439,101.85207633558,0,193.63278243493,0,112.793316814908,0
0,0,0,0,124.853650664477,219.040656038919,0,0,0,0,0,0,0,0,0,0,73.4795582048751,0,139.654362654449,0,0,0,85.6072705949986,0,0,0,163.059043292369,90.7216186966914,0,227.504408813069,0,0,201.100640800745,0,0,0,217.157696745803,154.784755881607,186.348837226466,201.44584889478,0
0,178.224497384947,0,0,85.7623170715703,0,0,0,0,0,333.645516435298,249.905610015455,0,0,0,0,0,0,0,0,347.376449530863,94.027247878695,0,212.592150359921,104.915316975638,0,162.833808134102,146.465927798921,0,0,249.798812580765,0,0,206.472608421747,171.230058197369,0,80.8080171296381,0,0,128.530575464043,223.705816669619
0,0,0,0,0,97.3232815600345,0,0,0,0,0,0,0,0,0,114.649126378906,188.851177466023,0,0,0,202.712457066107,0,338.131802716296,0,0,146.814226519809,0,0,106.926813611922,0,0,128.405764333981,0,0,78.8552325762656,118.522099274347,0,0,0,78.9559315574845,0
0,259.442917595754,0,0,0,93.4234866874731,0,0,0,0,0,115.871357769661,0,97.3506957544063,145.74089716123,0,94.126460729827,101.895308036513,0,180.90030328818,0,0,139.792601838991,153.672550905948,0,164.032723165762,0,269.936825670274,136.792307586862,0,0,0,0,0,108.136066660554,325.937289045041,106.128596538706,0,0,178.748963182352,335.371040201042
89.3673883748406,0,0,0,94.7280504127031,0,0,333.645516435298,0,0,0,0,172.608400267715,0,204.481117647118,0,0,0,0,0,0,0,101.5853655613,89.9429017381717,136.685314494491,141.204637091722,71.4788760670054,250.461724766314,0,0,0,0,0,70.4221432298295,81.2827395071039,71.5579325720569,0,104.369974912428,0,0,117.208001126138
348.674510760064,0,0,0,135.294330067913,0,0,249.905610015455,0,115.871357769661,0,0,0,80.4367166559625,0,160.530221557972,0,0,0,184.249961885477,0,0,0,151.806152521152,0,169.453147353278,224.523755099568,146.770754374523,82.6426202489162,151.695570509541,82.4756938751058,0,0,75.4497121078207,115.194491798135,0,138.33942793804,206.912707094411,112.823430872325,98.417953423071,116.054372245433
0,0,0,0,0,0,0,0,0,0,172.608400267715,0,0,0,0,0,0,0,0,97.5855511246009,0,0,0,0,0,0,0,0,0,0,0,0,0,99.2646516363145,0,0,82.1742780037132,0,0,115.332064605654,236.681907140956
0,0,0,0,0,110.384905066973,0,0,0,97.3506957544063,0,80.4367166559625,0,0,0,0,0,155.24952173131,0,0,113.144980278377,0,0,0,0,101.605593487621,0,0,0,0,0,0,0,228.075434767255,115.114253591495,120.567029282014,165.597665022977,263.534399241887,303.527509149359,215.611029055736,193.659409924573
0,0,0,0,0,0,0,0,0,145.74089716123,204.481117647118,0,0,0,0,0,0,0,0,73.1029054543569,190.185165668632,0,62.859596780235,186.973586461633,191.519780382943,0,0,0,0,0,0,0,0,151.01089327964,0,195.314816908693,89.707245288964,122.106946855269,0,0,98.2230592632363
0,0,0,0,0,280.376028997576,0,0,114.649126378906,0,0,160.530221557972,0,0,0,0,0,0,0,74.5815074003433,0,0,0,0,0,106.33736463831,0,0,0,0,0,0,0,192.693757128262,192.601533877686,0,165.893015276821,0,167.066576495979,89.1590885155172,197.486504603685
0,0,0,0,0,0,73.4795582048751,0,188.851177466023,94.126460729827,0,0,0,0,0,0,0,0,0,0,0,0,0,0,0,323.781250289068,0,194.442125915551,81.9664354533492,0,0,0,0,120.912756812582,0,0,96.5937438588657,155.901486485736,0,0,58.3493451392805
0,0,0,0,0,283.88658203332,0,0,0,101.895308036513,0,0,0,155.24952173131,0,0,0,0,113.059176128709,0,0,0,0,0,0,0,0,0,205.839960264176,320.356811100276,0,0,321.864157986053,221.805809452716,0,0,0,0,0,125.416941482916,0
108.381749703452,0,0,74.4197823064597,161.325017232684,0,139.654362654449,0,0,0,0,0,0,0,0,0,0,113.059176128709,0,0,0,0,0,0,0,0,0,204.084074037941,125.994729980093,0,168.241326865882,0,0,174.013630695256,0,95.7590805983148,231.050882209,0,247.66948903751,0,0
0,0,195.822649557859,0,111.226326353722,0,0,0,0,180.90030328818,0,184.249961885477,97.5855511246009,0,73.1029054543569,74.5815074003433,0,0,0,0,0,0,0,198.528111506785,0,0,109.093416850988,173.201474590904,228.792310020318,0,0,0,0,276.620869034647,289.631679007608,163.945208919892,161.694997919804,0,200.878319874537,0,213.67670887414
0,0,0,219.430938885781,0,0,0,347.376449530863,202.712457066107,0,0,0,0,113.144980278377,190.185165668632,0,0,0,0,0,0,0,0,329.719143597451,0,284.529238481835,0,220.963068032256,0,0,0,0,0,116.176698124939,357.423078228283,138.425725342224,199.492852797962,0,0,62.311273509377,0
0,0,0,0,157.852515740516,0,0,94.027247878695,0,0,0,0,0,0,0,0,0,0,0,0,0,0,0,148.808626413748,252.487290983309,153.453047983244,0,0,0,0,0,0,0,0,188.936291522747,0,0,151.036729364761,0,94.8881692391942,0
0,0,0,92.5207898118833,240.185081663983,0,85.6072705949986,0,338.131802716296,139.792601838991,101.5853655613,0,0,0,62.859596780235,0,0,0,0,0,0,0,0,0,0,0,0,66.5008477853491,0,0,0,0,106.533627130087,259.055025639447,0,161.275817184598,142.385058730083,0,180.543851962045,128.846764897717,134.960780198024
0,0,0,0,0,0,0,212.592150359921,0,153.672550905948,89.9429017381717,151.806152521152,0,0,186.973586461633,0,0,0,0,198.528111506785,329.719143597451,148.808626413748,0,0,0,0,153.876396855887,0,87.8456058929559,112.349934713559,0,0,0,100.812745974529,173.059382066957,82.6299537488922,171.906398392157,214.116367924649,180.355266595273,93.5029580098427,224.551207449728
0,0,0,0,0,0,0,104.915316975638,0,0,136.685314494491,0,0,0,191.519780382943,0,0,0,0,0,0,252.487290983309,0,0,0,0,94.9380989123498,225.013371621378,0,0,0,0,283.248188884028,205.09013266389,114.511014214502,0,140.574866691684,0,0,0,0
0,0,0,99.3508940827211,153.609372090384,135.667029391615,0,0,146.814226519809,164.032723165762,141.204637091722,169.453147353278,0,101.605593487621,0,106.33736463831,323.781250289068,0,0,0,284.529238481835,153.453047983244,0,0,0,0,192.135034768848,92.5568465385234,76.5072790361762,0,0,0,0,197.893790332676,154.070293657878,241.635434294794,0,179.718364159796,306.344527664232,0,0
0,98.6790043377568,321.124897279917,72.2278283150671,0,137.189596148386,163.059043292369,162.833808134102,0,0,71.4788760670054,224.523755099568,0,0,0,0,0,0,0,109.093416850988,0,0,0,153.876396855887,94.9380989123498,192.135034768848,0,0,111.435629183184,353.822894641502,0,133.984214699576,0,158.955087279859,0,0,232.945974238958,143.005810983322,161.302948562323,101.350815329073,0
0,241.682021696872,0,178.683678585178,0,160.537522273714,90.7216186966914,146.465927798921,0,269.936825670274,250.461724766314,146.770754374523,0,0,0,0,194.442125915551,0,204.084074037941,173.201474590904,220.963068032256,0,66.5008477853491,0,225.013371621378,92.5568465385234,0,0,238.934743274142,172.892533368851,142.054529471577,119.345624434514,0,262.382215657622,133.218162784108,209.996727521564,261.605527103798,226.825099357786,220.901129804706,173.538155409849,241.57250333243
0,103.519938150021,0,67.8267069095267,0,0,0,0,106.926813611922,136.792307586862,0,82.6426202489162,0,0,0,0,81.9664354533492,205.839960264176,125.994729980093,228.792310020318,0,0,0,87.8456058929559,0,76.5072790361762,111.435629183184,238.934743274142,0,61.0664810463559,0,205.183249704085,0,0,196.04190773555,208.005106191961,300.031143529538,181.316358113209,0,253.401634605989,314.611698427915
0,0,0,0,151.075371308616,0,227.504408813069,0,0,0,0,151.695570509541,0,0,0,0,0,320.356811100276,0,0,0,0,0,112.349934713559,0,0,353.822894641502,172.892533368851,61.0664810463559,0,0,0,0,0,0,0,74.7304794244225,177.763106506206,0,0,183.786860782462
0,0,0,0,0,0,0,249.798812580765,0,0,0,82.4756938751058,0,0,0,0,0,0,168.241326865882,0,0,0,0,0,0,0,0,142.054529471577,0,0,0,0,0,0,255.441154257905,0,219.078548227669,0,0,0,0
0,92.3502314520023,0,175.196329314064,0,150.161410108805,0,0,128.405764333981,0,0,0,0,0,0,0,0,0,0,0,0,0,0,0,0,0,133.984214699576,119.345624434514,205.183249704085,0,0,0,0,0,0,242.790381480436,154.065933476765,0,119.728129215699,0,134.566479261133
0,0,0,0,0,0,201.100640800745,0,0,0,0,0,0,0,0,0,0,321.864157986053,0,0,0,0,106.533627130087,0,283.248188884028,0,0,0,0,0,0,0,0,0,0,0,0,0,0,187.77054666536,0
0,137.177378802006,124.698445421759,125.81518738273,195.378266313867,0,0,206.472608421747,0,0,70.4221432298295,75.4497121078207,99.2646516363145,228.075434767255,151.01089327964,192.693757128262,120.912756812582,221.805809452716,174.013630695256,276.620869034647,116.176698124939,0,259.055025639447,100.812745974529,205.09013266389,197.893790332676,158.955087279859,262.382215657622,0,0,0,0,0,0,96.7845769653343,0,218.045528847001,131.969743415579,0,173.001559092555,0
84.3635741045246,0,0,0,196.032358954952,222.053792850439,0,171.230058197369,78.8552325762656,108.136066660554,81.2827395071039,115.194491798135,0,115.114253591495,0,192.601533877686,0,0,0,289.631679007608,357.423078228283,188.936291522747,0,173.059382066957,114.511014214502,154.070293657878,0,133.218162784108,196.04190773555,0,255.441154257905,0,0,96.7845769653343,0,345.797434674459,169.742003380707,115.541295036174,0,251.098274723989,198.964527389285
0,0,0,0,137.239127032733,101.85207633558,0,0,118.522099274347,325.937289045041,71.5579325720569,0,0,120.567029282014,195.314816908693,0,0,0,95.7590805983148,163.945208919892,138.425725342224,0,161.275817184598,82.6299537488922,0,241.635434294794,0,209.996727521564,208.005106191961,0,0,242.790381480436,0,0,345.797434674459,0,90.1317194604647,0,0,115.868441404982,0
161.74915061469,0,0,261.440278806413,306.640284138334,0,217.157696745803,80.8080171296381,0,106.128596538706,0,138.33942793804,82.1742780037132,165.597665022977,89.707245288964,165.893015276821,96.5937438588657,0,231.050882209,161.694997919804,199.492852797962,0,142.385058730083,171.906398392157,140.574866691684,0,232.945974238958,261.605527103798,300.031143529538,74.7304794244225,219.078548227669,154.065933476765,0,218.045528847001,169.742003380707,90.1317194604647,0,193.777661225572,94.7529894315991,0,158.567996645797
0,0,146.99041817625,0,0,193.63278243493,154.784755881607,0,0,0,104.369974912428,206.912707094411,0,263.534399241887,122.106946855269,0,155.901486485736,0,0,0,0,151.036729364761,0,214.116367924649,0,179.718364159796,143.005810983322,226.825099357786,181.316358113209,177.763106506206,0,0,0,131.969743415579,115.541295036174,0,193.777661225572,0,0,211.840482897052,139.93285932648
0,0,0,193.055010680236,0,0,186.348837226466,0,0,0,0,112.823430872325,0,303.527509149359,0,167.066576495979,0,0,247.66948903751,200.878319874537,0,0,180.543851962045,180.355266595273,0,306.344527664232,161.302948562323,220.901129804706,0,0,0,119.728129215699,0,0,0,0,94.7529894315991,0,0,309.997227542691,0
0,0,231.715271819474,0,0,112.793316814908,201.44584889478,128.530575464043,78.9559315574845,178.748963182352,0,98.417953423071,115.332064605654,215.611029055736,0,89.1590885155172,0,125.416941482916,0,0,62.311273509377,94.8881692391942,128.846764897717,93.5029580098427,0,0,101.350815329073,173.538155409849,253.401634605989,0,0,0,187.77054666536,173.001559092555,251.098274723989,115.868441404982,0,211.840482897052,309.997227542691,0,154.142998692322
0,0,0,101.443495235174,0,0,0,223.705816669619,0,335.371040201042,117.208001126138,116.054372245433,236.681907140956,193.659409924573,98.2230592632363,197.486504603685,58.3493451392805,0,0,213.67670887414,0,0,134.960780198024,224.551207449728,0,0,0,241.57250333243,314.611698427915,183.786860782462,0,134.566479261133,0,0,198.964527389285,0,158.567996645797,139.93285932648,0,154.142998692322,0
