0,0,0,0,0,131.969743415579,0,0,0,0,0,0,0,0,0,0,0,0,0,0,0,0,0,0,0,0,284.529238481835,0,95.7590805983148,193.659409924573,231.050882209,0,0,0,0,0,155.24952173131,0,0,0,0
0,0,0,143.005810983322,0,0,0,0,0,0,0,115.194491798135,0,0,0,0,0,0,0,0,0,269.936825670274,0,0,0,0,0,142.385058730083,139.792601838991,0,0,0,0,0,0,0,0,219.040656038919,0,0,134.566479261133
0,0,0,0,0,0,0,103.519938150021,0,0,0,178.224497384947,0,0,0,0,0,0,0,0,0,0,0,0,0,0,100.812745974529,80.4367166559625,0,0,0,0,0,0,0,0,0,0,109.093416850988,0,0
0,143.005810983322,0,0,0,0,0,204.084074037941,0,84.3635741045246,241.682021696872,0,0,0,0,0,0,0,0,0,67.8267069095267,0,211.840482897052,0,0,0,0,119.345624434514,0,0,208.005106191961,0,0,0,137.189596148386,0,261.440278806413,89.3673883748406,0,214.116367924649,154.142998692322
0,0,0,0,0,0,0,0,0,0,96.5937438588657,145.74089716123,0,0,180.543851962045,94.126460729827,116.176698124939,0,0,0,0,0,0,226.825099357786,0,106.533627130087,0,89.707245288964,252.487290983309,0,0,0,0,0,209.996727521564,0,205.183249704085,0,169.742003380707,124.853650664477,133.984214699576
131.969743415579,0,0,0,0,0,0,141.204637091722,0,0,0,148.808626413748,0,0,0,0,0,0,0,0,0,0,71.4788760670054,0,101.5853655613,259.442917595754,151.806152521152,146.99041817625,0,283.248188884028,0,0,0,289.631679007608,108.381749703452,276.620869034647,66.5008477853491,0,0,82.4756938751058,0
0,0,0,0,0,0,0,0,0,0,155.901486485736,0,0,82.1742780037132,193.777661225572,0,0,0,118.522099274347,0,0,0,115.541295036174,225.013371621378,0,263.534399241887,0,151.036729364761,0,0,0,112.823430872325,0,98.417953423071,247.66948903751,106.33736463831,74.7304794244225,0,0,0,0
0,0,103.519938150021,204.084074037941,0,141.204637091722,0,0,0,241.57250333243,357.423078228283,0,0,101.85207633558,0,0,94.027247878695,0,0,0,196.032358954952,0,348.674510760064,0,167.066576495979,219.430938885781,173.201474590904,0,0,0,0,0,0,335.371040201042,192.135034768848,0,0,164.032723165762,0,153.876396855887,0
0,0,0,0,0,0,0,0,0,0,0,0,0,0,0,0,154.784755881607,74.4197823064597,0,0,0,0,0,116.054372245433,180.355266595273,0,0,236.681907140956,138.425725342224,0,0,0,0,241.635434294794,115.114253591495,0,161.74915061469,0,0,134.960780198024,128.405764333981
0,0,0,84.3635741045246,0,0,0,241.57250333243,0,0,0,158.955087279859,0,62.311273509377,0,0,81.9664354533492,0,133.218162784108,90.7216186966914,0,125.81518738273,125.416941482916,0,0,94.8881692391942,0,338.131802716296,191.519780382943,0,0,0,0,161.275817184598,110.384905066973,197.486504603685,161.694997919804,0,0,101.443495235174,146.770754374523
0,0,0,241.682021696872,96.5937438588657,0,155.901486485736,357.423078228283,0,0,0,0,0,96.7845769653343,0,0,151.695570509541,0,0,0,0,173.001559092555,0,0,0,0,353.822894641502,99.2646516363145,0,190.185165668632,0,0,0,154.070293657878,0,128.846764897717,89.1590885155172,135.294330067913,0,320.356811100276,240.185081663983
0,115.194491798135,178.224497384947,0,145.74089716123,148.808626413748,0,0,0,158.955087279859,0,0,0,153.672550905948,0,250.461724766314,221.805809452716,0,306.640284138334,0,0,0,205.839960264176,255.441154257905,0,114.511014214502,0,195.378266313867,197.893790332676,0,0,200.878319874537,0,58.3493451392805,181.316358113209,136.792307586862,114.649126378906,202.712457066107,0,165.893015276821,0
0,0,0,0,0,0,0,0,0,0,0,0,0,0,0,0,0,249.798812580765,0,0,0,0,0,0,0,0,0,0,0,0,0,175.196329314064,0,0,300.031143529538,0,173.538155409849,0,0,112.349934713559,309.997227542691
0,0,0,0,0,0,82.1742780037132,101.85207633558,0,62.311273509377,96.7845769653343,153.672550905948,0,0,0,0,0,0,172.608400267715,228.792310020318,0,0,0,138.33942793804,0,0,0,97.3232815600345,193.055010680236,0,0,0,0,0,0,242.790381480436,97.3506957544063,0,0,90.1317194604647,117.208001126138
0,0,0,0,180.543851962045,0,193.777661225572,0,0,0,0,0,0,0,0,0,0,0,0,0,0,0,0,82.6299537488922,0,0,0,205.09013266389,108.136066660554,224.551207449728,325.937289045041,0,0,215.611029055736,0,168.241326865882,184.249961885477,238.934743274142,0,163.945208919892,0
0,0,0,0,94.126460729827,0,0,0,0,0,0,250.461724766314,0,0,0,0,0,0,0,0,0,0,0,321.864157986053,183.786860782462,0,104.369974912428,0,0,0,0,0,0,93.4234866874731,228.075434767255,0,303.527509149359,106.926813611922,0,163.059043292369,206.912707094411
0,0,0,0,116.176698124939,0,0,94.027247878695,154.784755881607,81.9664354533492,151.695570509541,221.805809452716,0,0,0,0,0,0,0,0,0,0,0,0,0,0,0,0,0,0,0,0,0,89.9429017381717,201.100640800745,0,0,75.4497121078207,0,0,85.7623170715703
0,0,0,0,0,0,0,0,74.4197823064597,0,0,0,249.798812580765,0,0,0,0,0,0,0,0,0,212.592150359921,151.01089327964,0,0,173.059382066957,206.472608421747,0,0,0,0,0,72.2278283150671,151.075371308616,0,71.5579325720569,0,0,0,0
0,0,0,0,0,0,118.522099274347,0,0,133.218162784108,0,306.640284138334,0,172.608400267715,0,0,0,0,0,135.667029391615,0,62.859596780235,0,101.605593487621,177.763106506206,0,0,0,80.8080171296381,0,0,0,0,113.059176128709,0,0,0,0,98.2230592632363,146.465927798921,0
0,0,0,0,0,0,0,0,0,90.7216186966914,0,0,0,228.792310020318,0,0,0,0,135.667029391615,0,188.851177466023,0,180.90030328818,196.04190773555,0,231.715271819474,153.609372090384,128.530575464043,251.098274723989,0,0,0,178.748963182352,314.611698427915,0,0,99.3508940827211,227.504408813069,193.63278243493,179.718364159796,174.013630695256
0,0,0,67.8267069095267,0,0,0,196.032358954952,0,0,0,0,0,0,0,0,0,0,0,188.851177466023,0,0,73.1029054543569,0,0,73.4795582048751,115.871357769661,139.654362654449,259.055025639447,0,0,0,124.698445421759,165.597665022977,0,0,201.44584889478,115.868441404982,85.6072705949986,0,0
0,269.936825670274,0,0,0,0,0,0,0,125.81518738273,173.001559092555,0,0,0,0,0,0,0,62.859596780235,0,0,0,0,0,249.905610015455,0,97.5855511246009,0,0,0,0,0,104.915316975638,0,0,0,198.528111506785,0,0,0,0
0,0,0,211.840482897052,0,71.4788760670054,115.541295036174,348.674510760064,0,125.416941482916,0,205.839960264176,0,0,0,0,0,212.592150359921,0,180.90030328818,73.1029054543569,0,0,0,0,220.901129804706,0,0,92.5207898118833,70.4221432298295,0,0,0,0,111.435629183184,0,0,187.77054666536,0,0,171.230058197369
0,0,0,0,226.825099357786,0,225.013371621378,0,116.054372245433,0,0,255.441154257905,0,138.33942793804,82.6299537488922,321.864157986053,0,151.01089327964,101.605593487621,196.04190773555,0,0,0,0,0,204.481117647118,101.895308036513,61.0664810463559,137.239127032733,0,0,0,0,0,321.124897279917,92.3502314520023,261.605527103798,195.822649557859,157.852515740516,0,0
0,0,0,0,0,101.5853655613,0,167.066576495979,180.355266595273,0,0,0,0,0,0,183.786860782462,0,0,177.763106506206,0,0,249.905610015455,0,0,0,0,0,0,219.078548227669,0,0,0,0,262.382215657622,0,0,0,0,150.161410108805,162.833808134102,0
0,0,0,0,106.533627130087,259.442917595754,263.534399241887,219.430938885781,0,94.8881692391942,0,114.511014214502,0,0,0,0,0,0,0,231.715271819474,73.4795582048751,0,220.901129804706,204.481117647118,0,0,120.912756812582,112.793316814908,169.453147353278,186.973586461633,0,0,0,139.93285932648,223.705816669619,82.6426202489162,146.814226519809,0,195.314816908693,0,192.601533877686
284.529238481835,0,100.812745974529,0,0,151.806152521152,0,173.201474590904,0,0,353.822894641502,0,0,0,0,104.369974912428,0,173.059382066957,0,153.609372090384,115.871357769661,97.5855511246009,0,101.895308036513,0,120.912756812582,0,323.781250289068,0,172.892533368851,153.453047983244,0,0,0,0,232.945974238958,253.401634605989,160.530221557972,161.302948562323,0,194.442125915551
0,142.385058730083,80.4367166559625,119.345624434514,89.707245288964,146.99041817625,151.036729364761,0,236.681907140956,338.131802716296,99.2646516363145,195.378266313867,0,97.3232815600345,205.09013266389,0,0,206.472608421747,0,128.530575464043,139.654362654449,0,0,61.0664810463559,0,112.793316814908,323.781250289068,0,0,74.5815074003433,0,306.344527664232,0,76.5072790361762,113.144980278377,199.492852797962,158.567996645797,154.065933476765,280.376028997576,283.88658203332,0
95.7590805983148,139.792601838991,0,0,252.487290983309,0,0,0,138.425725342224,191.519780382943,0,197.893790332676,0,193.055010680236,108.136066660554,0,0,0,80.8080171296381,251.098274723989,259.055025639447,0,92.5207898118833,137.239127032733,219.078548227669,169.453147353278,0,0,0,0,0,347.376449530863,0,329.719143597451,0,222.053792850439,0,171.906398392157,94.7280504127031,0,136.685314494491
193.659409924573,0,0,0,0,283.248188884028,0,0,0,0,190.185165668632,0,0,0,224.551207449728,0,0,0,0,0,0,0,70.4221432298295,0,0,186.973586461633,172.892533368851,74.5815074003433,0,0,0,0,0,0,111.226326353722,0,0,0,0,92.5568465385234,178.683678585178
231.050882209,0,0,208.005106191961,0,0,0,0,0,0,0,0,0,0,325.937289045041,0,0,0,0,0,0,0,0,0,0,0,153.453047983244,0,0,0,0,0,0,0,0,0,98.6790043377568,0,0,137.177378802006,0
0,0,0,0,0,0,112.823430872325,0,0,0,0,200.878319874537,175.196329314064,0,0,0,0,0,0,0,0,0,0,0,0,0,0,306.344527664232,347.376449530863,0,0,0,0,217.157696745803,186.348837226466,81.2827395071039,122.106946855269,94.9380989123498,0,224.523755099568,0
0,0,0,0,0,0,0,0,0,0,0,0,0,0,0,0,0,0,0,178.748963182352,124.698445421759,104.915316975638,0,0,0,0,0,0,0,0,0,0,0,198.964527389285,125.994729980093,0,0,0,0,0,0
0,0,0,0,0,289.631679007608,98.417953423071,335.371040201042,241.635434294794,161.275817184598,154.070293657878,58.3493451392805,0,0,215.611029055736,93.4234866874731,89.9429017381717,72.2278283150671,113.059176128709,314.611698427915,165.597665022977,0,0,0,262.382215657622,139.93285932648,0,76.5072790361762,329.719143597451,0,0,217.157696745803,198.964527389285,0,0,94.7529894315991,142.054529471577,87.8456058929559,101.350815329073,93.5029580098427,218.045528847001
0,0,0,137.189596148386,209.996727521564,108.381749703452,247.66948903751,192.135034768848,115.114253591495,110.384905066973,0,181.316358113209,300.031143529538,0,0,228.075434767255,201.100640800745,151.075371308616,0,0,0,0,111.435629183184,321.124897279917,0,223.705816669619,0,113.144980278377,0,111.226326353722,0,186.348837226466,125.994729980093,0,0,188.936291522747,213.67670887414,192.693757128262,333.645516435298,345.797434674459,161.325017232684
0,0,0,0,0,276.620869034647,106.33736463831,0,0,197.486504603685,128.846764897717,136.792307586862,0,242.790381480436,168.241326865882,0,0,0,0,0,0,0,0,92.3502314520023,0,82.6426202489162,232.945974238958,199.492852797962,222.053792850439,0,0,81.2827395071039,0,94.7529894315991,188.936291522747,0,160.537522273714,78.8552325762656,0,120.567029282014,106.128596538706
155.24952173131,0,0,261.440278806413,205.183249704085,66.5008477853491,74.7304794244225,0,161.74915061469,161.694997919804,89.1590885155172,114.649126378906,173.538155409849,97.3506957544063,184.249961885477,303.527509149359,0,71.5579325720569,0,99.3508940827211,201.44584889478,198.528111506785,0,261.605527103798,0,146.814226519809,253.401634605989,158.567996645797,0,0,98.6790043377568,122.106946855269,0,142.054529471577,213.67670887414,160.537522273714,0,115.332064605654,159.183173818572,220.963068032256,119.728129215699
0,219.040656038919,0,89.3673883748406,0,0,0,164.032723165762,0,0,135.294330067913,202.712457066107,0,0,238.934743274142,106.926813611922,75.4497121078207,0,0,227.504408813069,115.868441404982,0,187.77054666536,195.822649557859,0,0,160.530221557972,154.065933476765,171.906398392157,0,0,94.9380989123498,0,87.8456058929559,192.693757128262,78.8552325762656,115.332064605654,0,0,0,0
0,0,109.093416850988,0,169.742003380707,0,0,0,0,0,0,0,0,0,0,0,0,0,98.2230592632363,193.63278243493,85.6072705949986,0,0,157.852515740516,150.161410108805,195.314816908693,161.302948562323,280.376028997576,94.7280504127031,0,0,0,0,101.350815329073,333.645516435298,0,159.183173818572,0,0,78.9559315574845,0
0,0,0,214.116367924649,124.853650664477,82.4756938751058,0,153.876396855887,134.960780198024,101.443495235174,320.356811100276,165.893015276821,112.349934713559,90.1317194604647,163.945208919892,163.059043292369,0,0,146.465927798921,179.718364159796,0,0,0,0,162.833808134102,0,0,283.88658203332,0,92.5568465385234,137.177378802006,224.523755099568,0,93.5029580098427,345.797434674459,120.567029282014,220.963068032256,0,78.9559315574845,0,140.574866691684
0,134.566479261133,0,154.142998692322,133.984214699576,0,0,0,128.405764333981,146.770754374523,240.185081663983,0,309.997227542691,117.208001126138,0,206.912707094411,85.7623170715703,0,0,174.013630695256,0,0,171.230058197369,0,0,192.601533877686,194.442125915551,0,136.685314494491,178.683678585178,0,0,0,218.045528847001,161.325017232684,106.128596538706,119.728129215699,0,0,140.574866691684,0
