0,0,0,0,0,0,0,0,0,0,0,0,0,0,0,0,0,0,186.973586461633,0,0,196.04190773555,0,0,0,94.7280504127031,0,0,0,0,0,0,0,0,67.8267069095267,0,191.519780382943,0,0,201.100640800745,0
0,0,0,0,215.611029055736,0,0,0,0,135.667029391615,87.8456058929559,0,0,0,0,0,0,0,0,0,106.533627130087,0,0,205.183249704085,0,0,0,0,0,0,0,0,0,0,82.6299537488922,213.67670887414,0,0,0,0,0
0,0,0,0,0,247.66948903751,0,0,0,0,0,0,0,0,0,0,0,0,0,0,0,0,0,0,0,263.534399241887,0,120.567029282014,0,0,0,0,0,0,0,0,84.3635741045246,0,0,0,138.33942793804
0,0,0,0,0,0,153.453047983244,0,0,0,223.705816669619,0,0,0,0,0,0,0,0,0,0,0,169.742003380707,89.3673883748406,0,224.523755099568,81.2827395071039,101.443495235174,0,0,0,255.441154257905,0,0,71.5579325720569,172.892533368851,198.964527389285,0,238.934743274142,0,76.5072790361762
0,215.611029055736,0,0,0,0,0,201.44584889478,0,133.984214699576,0,0,199.492852797962,0,0,0,180.355266595273,0,0,0,0,0,0,116.054372245433,72.2278283150671,0,142.054529471577,82.1742780037132,0,180.90030328818,0,125.994729980093,0,0,206.912707094411,0,92.5207898118833,0,98.417953423071,0,0
0,0,247.66948903751,0,0,0,0,0,0,0,89.9429017381717,0,0,0,0,0,0,0,137.189596148386,0,0,178.224497384947,0,0,0,140.574866691684,73.4795582048751,174.013630695256,0,0,116.176698124939,97.3232815600345,218.045528847001,0,241.635434294794,112.823430872325,217.157696745803,0,0,0,303.527509149359
0,0,0,153.453047983244,0,0,0,0,0,283.88658203332,0,94.126460729827,0,0,0,0,0,136.792307586862,0,0,0,0,0,188.936291522747,0,74.7304794244225,0,197.893790332676,158.955087279859,0,0,0,0,101.895308036513,0,165.597665022977,309.997227542691,193.659409924573,0,0,96.5937438588657
0,0,0,0,201.44584889478,0,0,0,128.530575464043,125.81518738273,0,0,0,0,0,92.5568465385234,0,0,0,192.135034768848,219.078548227669,0,173.201474590904,0,0,62.311273509377,221.805809452716,0,0,0,0,0,0,179.718364159796,0,321.864157986053,335.371040201042,173.001559092555,153.609372090384,219.430938885781,180.543851962045
0,0,0,0,0,0,0,128.530575464043,0,141.204637091722,0,161.694997919804,0,0,0,85.7623170715703,262.382215657622,0,0,0,0,0,0,0,0,0,0,0,194.442125915551,0,154.070293657878,0,0,89.707245288964,0,0,73.1029054543569,0,159.183173818572,195.822649557859,0
0,135.667029391615,0,0,133.984214699576,0,283.88658203332,125.81518738273,141.204637091722,0,204.084074037941,0,0,97.5855511246009,153.672550905948,0,0,0,0,0,99.2646516363145,0,139.654362654449,190.185165668632,163.945208919892,128.405764333981,0,240.185081663983,61.0664810463559,0,0,0,0,193.055010680236,198.528111506785,0,0,106.33736463831,0,0,0
0,87.8456058929559,0,223.705816669619,0,89.9429017381717,0,0,0,204.084074037941,0,0,0,0,0,160.537522273714,0,0,150.161410108805,0,0,0,0,0,0,101.85207633558,181.316358113209,119.728129215699,160.530221557972,0,0,89.1590885155172,0,148.808626413748,187.77054666536,241.57250333243,225.013371621378,0,0,71.4788760670054,0
0,0,0,0,0,0,94.126460729827,0,161.694997919804,0,0,0,0,115.194491798135,231.050882209,99.3508940827211,0,0,0,0,104.369974912428,0,0,241.682021696872,124.698445421759,125.416941482916,219.040656038919,74.5815074003433,242.790381480436,251.098274723989,0,0,0,325.937289045041,323.781250289068,110.384905066973,338.131802716296,220.963068032256,104.915316975638,96.7845769653343,106.926813611922
0,0,0,0,199.492852797962,0,0,0,0,0,0,0,0,0,0,0,0,0,0,0,0,0,321.124897279917,0,0,163.059043292369,0,0,0,0,0,0,0,222.053792850439,0,0,0,0,0,231.715271819474,314.611698427915
0,0,0,0,0,0,0,0,0,97.5855511246009,0,115.194491798135,0,0,118.522099274347,0,0,0,0,74.4197823064597,0,0,120.912756812582,0,0,80.4367166559625,171.230058197369,151.036729364761,134.960780198024,0,0,0,0,0,94.9380989123498,143.005810983322,98.6790043377568,101.350815329073,0,0,78.9559315574845
0,0,0,0,0,0,0,0,0,153.672550905948,0,231.050882209,0,118.522099274347,0,0,0,0,0,186.348837226466,0,0,0,157.852515740516,0,0,0,0,173.059382066957,0,0,0,0,62.859596780235,109.093416850988,0,81.9664354533492,161.275817184598,0,196.032358954952,202.712457066107
0,0,0,0,0,0,0,92.5568465385234,85.7623170715703,0,160.537522273714,99.3508940827211,0,0,0,0,0,0,114.511014214502,0,0,0,0,94.8881692391942,101.605593487621,0,0,173.538155409849,0,0,0,0,0,154.142998692322,0,0,122.106946855269,0,0,205.09013266389,0
0,0,0,0,180.355266595273,0,0,0,262.382215657622,0,0,0,0,0,0,0,0,0,146.770754374523,347.376449530863,0,0,137.239127032733,259.055025639447,0,0,0,134.566479261133,252.487290983309,0,0,0,0,0,283.248188884028,0,139.792601838991,0,0,0,0
0,0,0,0,0,0,136.792307586862,0,0,0,0,0,0,0,0,0,0,0,168.241326865882,0,151.075371308616,0,0,236.681907140956,75.4497121078207,0,0,0,115.114253591495,0,0,0,0,188.851177466023,0,0,345.797434674459,0,0,280.376028997576,0
186.973586461633,0,0,0,0,137.189596148386,0,0,0,0,150.161410108805,0,0,0,0,114.511014214502,146.770754374523,168.241326865882,0,151.806152521152,0,0,0,0,0,0,0,70.4221432298295,0,0,0,0,0,139.93285932648,0,113.059176128709,0,0,306.344527664232,0,101.5853655613
0,0,0,0,0,0,0,192.135034768848,0,0,0,0,0,74.4197823064597,186.348837226466,0,347.376449530863,0,151.806152521152,0,348.674510760064,93.5029580098427,224.551207449728,0,0,0,154.784755881607,151.695570509541,0,90.1317194604647,0,0,0,115.868441404982,115.332064605654,94.027247878695,269.936825670274,124.853650664477,0,195.378266313867,0
0,106.533627130087,0,0,0,0,0,219.078548227669,0,99.2646516363145,0,104.369974912428,0,0,0,0,0,151.075371308616,0,348.674510760064,0,0,0,0,0,161.74915061469,0,93.4234866874731,0,0,0,0,0,195.314816908693,206.472608421747,0,175.196329314064,154.065933476765,0,114.649126378906,0
196.04190773555,0,0,0,0,178.224497384947,0,0,0,0,0,0,0,0,0,0,0,0,0,93.5029580098427,0,0,177.763106506206,0,0,0,0,153.876396855887,253.401634605989,0,0,0,0,227.504408813069,357.423078228283,0,0,0,0,0,0
0,0,0,169.742003380707,0,0,0,173.201474590904,0,139.654362654449,0,0,321.124897279917,120.912756812582,0,0,137.239127032733,0,0,224.551207449728,0,177.763106506206,0,284.529238481835,0,0,193.777661225572,0,98.2230592632363,226.825099357786,0,0,0,320.356811100276,0,0,204.481117647118,0,0,138.425725342224,0
0,205.183249704085,0,89.3673883748406,116.054372245433,0,188.936291522747,0,0,190.185165668632,0,241.682021696872,0,0,157.852515740516,94.8881692391942,259.055025639447,236.681907140956,0,0,0,0,284.529238481835,0,0,0,0,95.7590805983148,97.3506957544063,0,0,0,0,161.325017232684,106.128596538706,0,128.846764897717,82.4756938751058,249.798812580765,0,209.996727521564
0,0,0,0,72.2278283150671,0,0,0,0,163.945208919892,0,124.698445421759,0,0,0,101.605593487621,0,75.4497121078207,0,0,0,0,0,0,0,228.075434767255,146.99041817625,0,0,0,0,0,0,200.878319874537,0,289.631679007608,0,0,0,78.8552325762656,0
94.7280504127031,0,263.534399241887,224.523755099568,0,140.574866691684,74.7304794244225,62.311273509377,0,128.405764333981,101.85207633558,125.416941482916,163.059043292369,80.4367166559625,0,0,0,0,0,0,161.74915061469,0,0,0,228.075434767255,0,0,0,115.541295036174,0,300.031143529538,0,0,94.7529894315991,0,0,85.6072705949986,249.905610015455,90.7216186966914,212.592150359921,0
0,0,0,81.2827395071039,142.054529471577,73.4795582048751,0,221.805809452716,0,0,181.316358113209,219.040656038919,0,171.230058197369,0,0,0,0,0,154.784755881607,0,0,193.777661225572,0,146.99041817625,0,0,58.3493451392805,165.893015276821,131.969743415579,0,164.032723165762,0,261.605527103798,250.461724766314,82.6426202489162,0,276.620869034647,0,137.177378802006,113.144980278377
0,0,120.567029282014,101.443495235174,82.1742780037132,174.013630695256,197.893790332676,0,0,240.185081663983,119.728129215699,74.5815074003433,0,151.036729364761,0,173.538155409849,134.566479261133,0,70.4221432298295,151.695570509541,93.4234866874731,153.876396855887,0,95.7590805983148,0,0,58.3493451392805,0,112.349934713559,0,0,115.871357769661,133.218162784108,0,103.519938150021,261.440278806413,193.63278243493,100.812745974529,92.3502314520023,111.226326353722,208.005106191961
0,0,0,0,0,0,158.955087279859,0,194.442125915551,61.0664810463559,160.530221557972,242.790381480436,0,134.960780198024,173.059382066957,0,252.487290983309,115.114253591495,0,0,0,253.401634605989,98.2230592632363,97.3506957544063,0,115.541295036174,165.893015276821,112.349934713559,0,145.74089716123,0,0,0,111.435629183184,333.645516435298,0,353.822894641502,0,161.302948562323,0,178.683678585178
0,0,0,0,180.90030328818,0,0,0,0,0,0,251.098274723989,0,0,0,0,0,0,0,90.1317194604647,0,0,226.825099357786,0,0,0,131.969743415579,0,145.74089716123,0,0,0,0,329.719143597451,158.567996645797,0,220.901129804706,0,0,112.793316814908,108.136066660554
0,0,0,0,0,116.176698124939,0,0,154.070293657878,0,0,0,0,0,0,0,0,0,0,0,0,0,0,0,0,300.031143529538,0,0,0,0,0,0,0,155.901486485736,0,0,0,184.249961885477,0,80.8080171296381,0
0,0,0,255.441154257905,125.994729980093,97.3232815600345,0,0,0,0,89.1590885155172,0,0,0,0,0,0,0,0,0,0,0,0,0,0,0,164.032723165762,115.871357769661,0,0,0,0,0,232.945974238958,162.833808134102,0,211.840482897052,183.786860782462,167.066576495979,0,0
0,0,0,0,0,218.045528847001,0,0,0,0,0,0,0,0,0,0,0,0,0,0,0,0,0,0,0,0,0,133.218162784108,0,0,0,0,0,0,0,0,259.442917595754,171.906398392157,0,0,146.465927798921
0,0,0,0,0,0,101.895308036513,179.718364159796,89.707245288964,193.055010680236,148.808626413748,325.937289045041,222.053792850439,0,62.859596780235,154.142998692322,0,188.851177466023,139.93285932648,115.868441404982,195.314816908693,227.504408813069,320.356811100276,161.325017232684,200.878319874537,94.7529894315991,261.605527103798,0,111.435629183184,329.719143597451,155.901486485736,232.945974238958,0,0,0,192.693757128262,0,197.486504603685,0,108.381749703452,0
67.8267069095267,82.6299537488922,0,71.5579325720569,206.912707094411,241.635434294794,0,0,0,198.528111506785,187.77054666536,323.781250289068,0,94.9380989123498,109.093416850988,0,283.248188884028,0,0,115.332064605654,206.472608421747,357.423078228283,0,106.128596538706,0,0,250.461724766314,103.519938150021,333.645516435298,158.567996645797,0,162.833808134102,0,0,0,151.01089327964,169.453147353278,0,178.748963182352,136.685314494491,228.792310020318
0,213.67670887414,0,172.892533368851,0,112.823430872325,165.597665022977,321.864157986053,0,0,241.57250333243,110.384905066973,0,143.005810983322,0,0,0,0,113.059176128709,94.027247878695,0,0,0,0,289.631679007608,0,82.6426202489162,261.440278806413,0,0,0,0,0,192.693757128262,151.01089327964,0,117.208001126138,0,146.814226519809,214.116367924649,119.345624434514
191.519780382943,0,84.3635741045246,198.964527389285,92.5207898118833,217.157696745803,309.997227542691,335.371040201042,73.1029054543569,0,225.013371621378,338.131802716296,0,98.6790043377568,81.9664354533492,122.106946855269,139.792601838991,345.797434674459,0,269.936825670274,175.196329314064,0,204.481117647118,128.846764897717,0,85.6072705949986,0,193.63278243493,353.822894641502,220.901129804706,0,211.840482897052,259.442917595754,0,169.453147353278,117.208001126138,0,66.5008477853491,0,172.608400267715,205.839960264176
0,0,0,0,0,0,193.659409924573,173.001559092555,0,106.33736463831,0,220.963068032256,0,101.350815329073,161.275817184598,0,0,0,0,124.853650664477,154.065933476765,0,0,82.4756938751058,0,249.905610015455,276.620869034647,100.812745974529,0,0,184.249961885477,183.786860782462,171.906398392157,197.486504603685,0,0,66.5008477853491,0,192.601533877686,155.24952173131,306.640284138334
0,0,0,238.934743274142,98.417953423071,0,0,153.609372090384,159.183173818572,0,0,104.915316975638,0,0,0,0,0,0,306.344527664232,0,0,0,0,249.798812580765,0,90.7216186966914,0,92.3502314520023,161.302948562323,0,0,167.066576495979,0,0,178.748963182352,146.814226519809,0,192.601533877686,0,142.385058730083,0
201.100640800745,0,0,0,0,0,0,219.430938885781,195.822649557859,0,71.4788760670054,96.7845769653343,231.715271819474,0,196.032358954952,205.09013266389,0,280.376028997576,0,195.378266313867,114.649126378906,0,138.425725342224,0,78.8552325762656,212.592150359921,137.177378802006,111.226326353722,0,112.793316814908,80.8080171296381,0,0,108.381749703452,136.685314494491,214.116367924649,172.608400267715,155.24952173131,142.385058730083,0,135.294330067913
0,0,138.33942793804,76.5072790361762,0,303.527509149359,96.5937438588657,180.543851962045,0,0,0,106.926813611922,314.611698427915,78.9559315574845,202.712457066107,0,0,0,101.5853655613,0,0,0,0,209.996727521564,0,0,113.144980278377,208.005106191961,178.683678585178,108.136066660554,0,0,146.465927798921,0,228.792310020318,119.345624434514,205.839960264176,306.640284138334,0,135.294330067913,0
