0,0,0,0,0,0,0,0,0,0,0,0,0,0,0,0,0,0,0,0,0,0,66.5008477853491,169.742003380707,0,94.7529894315991,0,0,0,0,74.5815074003433,0,0,0,0,0,0,137.239127032733,0,0,154.142998692322
0,0,0,0,0,175.196329314064,0,0,0,106.33736463831,0,0,0,0,0,0,0,0,72.2278283150671,133.984214699576,0,0,0,0,0,0,0,306.344527664232,0,0,0,0,0,0,0,0,139.792601838991,0,0,0,335.371040201042
0,0,0,0,0,0,0,0,0,0,142.054529471577,0,0,0,0,0,0,0,0,0,0,0,0,0,0,0,0,174.013630695256,0,0,0,172.892533368851,0,0,0,0,338.131802716296,0,0,109.093416850988,0
0,0,0,0,0,0,0,136.685314494491,0,0,0,146.770754374523,0,0,113.059176128709,0,0,115.541295036174,0,0,0,0,97.5855511246009,0,0,225.013371621378,0,120.912756812582,231.050882209,0,0,0,0,135.294330067913,252.487290983309,0,241.682021696872,284.529238481835,0,0,119.728129215699
0,0,0,0,0,198.964527389285,0,71.4788760670054,303.527509149359,0,0,104.369974912428,0,0,0,0,0,0,0,224.523755099568,0,0,0,0,61.0664810463559,0,323.781250289068,217.157696745803,0,94.7280504127031,0,0,0,0,0,0,206.912707094411,106.926813611922,187.77054666536,98.2230592632363,128.846764897717
0,175.196329314064,0,0,198.964527389285,0,0,314.611698427915,0,0,0,92.3502314520023,0,0,0,137.177378802006,0,0,0,0,99.2646516363145,0,0,0,111.226326353722,0,253.401634605989,195.822649557859,0,165.597665022977,0,196.04190773555,0,0,94.9380989123498,151.806152521152,0,0,0,139.654362654449,0
0,0,0,0,0,0,0,0,0,0,205.839960264176,181.316358113209,0,0,262.382215657622,222.053792850439,0,263.534399241887,0,0,0,333.645516435298,0,0,197.486504603685,219.040656038919,0,0,0,0,0,0,0,204.481117647118,164.032723165762,0,206.472608421747,0,131.969743415579,180.543851962045,0
0,0,0,136.685314494491,71.4788760670054,314.611698427915,0,0,0,0,0,0,0,0,201.100640800745,200.878319874537,0,0,115.114253591495,0,0,0,184.249961885477,67.8267069095267,0,0,0,186.348837226466,0,0,0,228.075434767255,0,101.85207633558,136.792307586862,89.3673883748406,125.994729980093,218.045528847001,0,0,160.537522273714
0,0,0,0,303.527509149359,0,0,0,0,82.1742780037132,0,0,0,0,0,0,158.955087279859,0,116.176698124939,0,0,0,325.937289045041,0,0,0,97.3232815600345,0,199.492852797962,0,0,0,0,0,194.442125915551,0,146.99041817625,146.814226519809,0,0,259.055025639447
0,106.33736463831,0,0,0,0,0,0,82.1742780037132,0,101.5853655613,82.4756938751058,0,0,0,0,0,0,0,261.605527103798,0,0,160.530221557972,0,321.124897279917,163.945208919892,0,70.4221432298295,195.314816908693,101.350815329073,111.435629183184,300.031143529538,0,255.441154257905,124.698445421759,165.893015276821,151.01089327964,0,0,100.812745974529,0
0,0,142.054529471577,0,0,0,205.839960264176,0,0,101.5853655613,0,347.376449530863,0,0,0,0,114.649126378906,221.805809452716,106.128596538706,269.936825670274,0,0,0,163.059043292369,0,0,125.416941482916,0,242.790381480436,0,0,178.224497384947,0,345.797434674459,192.135034768848,0,0,348.674510760064,0,75.4497121078207,0
0,0,0,146.770754374523,104.369974912428,92.3502314520023,181.316358113209,0,0,82.4756938751058,347.376449530863,0,0,89.1590885155172,193.777661225572,94.027247878695,0,247.66948903751,0,58.3493451392805,0,0,128.405764333981,0,289.631679007608,198.528111506785,0,241.635434294794,0,192.601533877686,0,0,0,115.194491798135,113.144980278377,180.90030328818,168.241326865882,0,0,90.7216186966914,0
0,0,0,0,0,0,0,0,0,0,0,0,0,0,0,0,94.126460729827,0,0,0,219.430938885781,0,0,0,0,0,0,0,0,0,161.302948562323,0,0,84.3635741045246,0,0,139.93285932648,0,0,96.7845769653343,0
0,0,0,0,0,0,0,0,0,0,0,89.1590885155172,0,0,137.189596148386,143.005810983322,0,177.763106506206,0,0,95.7590805983148,0,0,321.864157986053,231.715271819474,0,153.453047983244,153.609372090384,0,0,0,0,0,259.442917595754,62.859596780235,0,0,0,197.893790332676,114.511014214502,155.24952173131
0,0,0,113.059176128709,0,0,262.382215657622,201.100640800745,0,0,0,193.777661225572,0,137.189596148386,0,0,0,0,0,0,0,0,0,204.084074037941,0,0,236.681907140956,276.620869034647,0,0,0,0,159.183173818572,161.275817184598,0,0,154.784755881607,0,0,146.465927798921,0
0,0,0,0,0,137.177378802006,222.053792850439,200.878319874537,0,0,0,94.027247878695,0,143.005810983322,0,0,0,0,0,110.384905066973,0,0,0,0,0,353.822894641502,0,0,0,0,0,0,0,232.945974238958,188.936291522747,0,0,0,92.5207898118833,0,62.311273509377
0,0,0,0,0,0,0,0,158.955087279859,0,114.649126378906,0,94.126460729827,0,0,0,0,0,0,0,93.5029580098427,0,0,82.6299537488922,0,0,0,223.705816669619,180.355266595273,0,0,0,0,0,96.5937438588657,0,192.693757128262,0,0,158.567996645797,0
0,0,0,115.541295036174,0,0,263.534399241887,0,0,0,221.805809452716,247.66948903751,0,177.763106506206,0,0,0,0,0,0,0,0,0,238.934743274142,0,0,0,0,212.592150359921,0,0,140.574866691684,0,0,0,0,0,0,0,220.963068032256,0
0,72.2278283150671,0,0,0,0,0,115.114253591495,116.176698124939,0,106.128596538706,0,0,0,0,0,0,0,0,0,0,0,0,0,0,0,224.551207449728,0,148.808626413748,0,0,0,240.185081663983,186.973586461633,0,283.88658203332,119.345624434514,193.055010680236,0,0,195.378266313867
0,133.984214699576,0,0,224.523755099568,0,0,0,0,261.605527103798,269.936825670274,58.3493451392805,0,0,0,110.384905066973,0,0,0,0,92.5568465385234,0,0,228.792310020318,0,76.5072790361762,171.906398392157,0,124.853650664477,115.871357769661,0,0,0,0,134.960780198024,172.608400267715,81.9664354533492,73.4795582048751,0,0,227.504408813069
0,0,0,0,0,99.2646516363145,0,0,0,0,0,0,219.430938885781,95.7590805983148,0,0,93.5029580098427,0,0,92.5568465385234,0,226.825099357786,0,0,251.098274723989,112.823430872325,0,98.6790043377568,202.712457066107,0,0,0,0,0,0,0,205.09013266389,153.672550905948,0,89.9429017381717,0
0,0,0,0,0,0,333.645516435298,0,0,0,0,0,0,0,0,0,0,0,0,0,226.825099357786,0,116.054372245433,0,0,205.183249704085,0,190.185165668632,0,0,0,0,0,0,0,0,183.786860782462,219.078548227669,0,0,120.567029282014
66.5008477853491,0,0,97.5855511246009,0,0,0,184.249961885477,325.937289045041,160.530221557972,0,128.405764333981,0,0,0,0,0,0,0,0,0,116.054372245433,0,0,0,0,80.4367166559625,154.065933476765,0,249.798812580765,0,261.440278806413,0,173.201474590904,0,0,97.3506957544063,0,138.425725342224,145.74089716123,0
169.742003380707,0,0,0,0,0,0,67.8267069095267,0,0,163.059043292369,0,0,321.864157986053,204.084074037941,0,82.6299537488922,238.934743274142,0,228.792310020318,0,0,0,0,0,154.070293657878,117.208001126138,115.868441404982,78.8552325762656,0,0,0,161.694997919804,151.075371308616,0,153.876396855887,193.63278243493,0,98.417953423071,357.423078228283,112.349934713559
0,0,0,0,61.0664810463559,111.226326353722,197.486504603685,0,0,321.124897279917,0,289.631679007608,0,231.715271819474,0,0,0,0,0,0,251.098274723989,0,0,0,0,0,0,0,0,0,0,0,0,0,191.519780382943,196.032358954952,213.67670887414,0,0,0,0
94.7529894315991,0,0,225.013371621378,0,0,219.040656038919,0,0,163.945208919892,0,198.528111506785,0,0,0,353.822894641502,0,0,0,76.5072790361762,112.823430872325,205.183249704085,0,154.070293657878,0,0,208.005106191961,125.81518738273,151.695570509541,0,0,0,0,101.895308036513,0,94.8881692391942,193.659409924573,309.997227542691,155.901486485736,71.5579325720569,82.6426202489162
0,0,0,0,323.781250289068,253.401634605989,0,0,97.3232815600345,0,125.416941482916,0,0,153.453047983244,236.681907140956,0,0,0,224.551207449728,171.906398392157,0,0,80.4367166559625,117.208001126138,0,208.005106191961,0,173.538155409849,209.996727521564,0,0,73.1029054543569,0,0,103.519938150021,151.036729364761,118.522099274347,85.7623170715703,134.566479261133,81.2827395071039,0
0,306.344527664232,174.013630695256,120.912756812582,217.157696745803,195.822649557859,0,186.348837226466,0,70.4221432298295,0,241.635434294794,0,153.609372090384,276.620869034647,0,223.705816669619,0,0,0,98.6790043377568,190.185165668632,154.065933476765,115.868441404982,0,125.81518738273,173.538155409849,0,133.218162784108,161.325017232684,241.57250333243,0,0,0,215.611029055736,80.8080171296381,150.161410108805,108.381749703452,169.453147353278,85.6072705949986,179.718364159796
0,0,0,231.050882209,0,0,0,0,199.492852797962,195.314816908693,242.790381480436,0,0,0,0,0,180.355266595273,212.592150359921,148.808626413748,124.853650664477,202.712457066107,0,0,78.8552325762656,0,151.695570509541,209.996727521564,133.218162784108,0,280.376028997576,0,0,0,74.4197823064597,306.640284138334,162.833808134102,283.248188884028,0,138.33942793804,74.7304794244225,122.106946855269
0,0,0,0,94.7280504127031,165.597665022977,0,0,0,101.350815329073,0,192.601533877686,0,0,0,0,0,0,0,115.871357769661,0,0,249.798812580765,0,0,0,0,161.325017232684,280.376028997576,0,0,0,78.9559315574845,161.74915061469,0,104.915316975638,0,0,0,0,0
74.5815074003433,0,0,0,0,0,0,0,0,111.435629183184,0,0,161.302948562323,0,0,0,0,0,0,0,0,0,0,0,0,0,0,241.57250333243,0,0,0,0,0,178.683678585178,220.901129804706,0,0,0,0,0,0
0,0,172.892533368851,0,0,196.04190773555,0,228.075434767255,0,300.031143529538,178.224497384947,0,0,0,0,0,0,140.574866691684,0,0,0,0,261.440278806413,0,0,0,73.1029054543569,0,0,0,0,0,0,99.3508940827211,89.707245288964,0,87.8456058929559,0,0,0,0
0,0,0,0,0,0,0,0,0,0,0,0,0,0,159.183173818572,0,0,0,240.185081663983,0,0,0,0,161.694997919804,0,0,0,0,0,78.9559315574845,0,0,0,214.116367924649,0,0,0,0,0,0,0
0,0,0,135.294330067913,0,0,204.481117647118,101.85207633558,0,255.441154257905,345.797434674459,115.194491798135,84.3635741045246,259.442917595754,161.275817184598,232.945974238958,0,0,186.973586461633,0,0,0,173.201474590904,151.075371308616,0,101.895308036513,0,0,74.4197823064597,161.74915061469,178.683678585178,99.3508940827211,214.116367924649,0,329.719143597451,249.905610015455,320.356811100276,93.4234866874731,173.001559092555,157.852515740516,141.204637091722
0,0,0,252.487290983309,0,94.9380989123498,164.032723165762,136.792307586862,194.442125915551,124.698445421759,192.135034768848,113.144980278377,0,62.859596780235,0,188.936291522747,96.5937438588657,0,0,134.960780198024,0,0,0,0,191.519780382943,0,103.519938150021,215.611029055736,306.640284138334,0,220.901129804706,89.707245288964,0,329.719143597451,0,178.748963182352,128.530575464043,101.443495235174,108.136066660554,250.461724766314,173.059382066957
0,0,0,0,0,151.806152521152,0,89.3673883748406,0,165.893015276821,0,180.90030328818,0,0,0,0,0,0,283.88658203332,172.608400267715,0,0,0,153.876396855887,196.032358954952,94.8881692391942,151.036729364761,80.8080171296381,162.833808134102,104.915316975638,0,0,0,249.905610015455,178.748963182352,0,188.851177466023,90.1317194604647,0,115.332064605654,171.230058197369
0,139.792601838991,338.131802716296,241.682021696872,206.912707094411,0,206.472608421747,125.994729980093,146.99041817625,151.01089327964,0,168.241326865882,139.93285932648,0,154.784755881607,0,192.693757128262,0,119.345624434514,81.9664354533492,205.09013266389,183.786860782462,97.3506957544063,193.63278243493,213.67670887414,193.659409924573,118.522099274347,150.161410108805,283.248188884028,0,0,87.8456058929559,0,320.356811100276,128.530575464043,188.851177466023,0,201.44584889478,112.793316814908,0,142.385058730083
137.239127032733,0,0,284.529238481835,106.926813611922,0,0,218.045528847001,146.814226519809,0,348.674510760064,0,0,0,0,0,0,0,193.055010680236,73.4795582048751,153.672550905948,219.078548227669,0,0,0,309.997227542691,85.7623170715703,108.381749703452,0,0,0,0,0,93.4234866874731,101.443495235174,90.1317194604647,201.44584889478,0,167.066576495979,211.840482897052,101.605593487621
0,0,0,0,187.77054666536,0,131.969743415579,0,0,0,0,0,0,197.893790332676,0,92.5207898118833,0,0,0,0,0,0,138.425725342224,98.417953423071,0,155.901486485736,134.566479261133,169.453147353278,138.33942793804,0,0,0,0,173.001559092555,108.136066660554,0,112.793316814908,167.066576495979,0,135.667029391615,0
0,0,109.093416850988,0,98.2230592632363,139.654362654449,180.543851962045,0,0,100.812745974529,75.4497121078207,90.7216186966914,96.7845769653343,114.511014214502,146.465927798921,0,158.567996645797,220.963068032256,0,0,89.9429017381717,0,145.74089716123,357.423078228283,0,71.5579325720569,81.2827395071039,85.6072705949986,74.7304794244225,0,0,0,0,157.852515740516,250.461724766314,115.332064605654,0,211.840482897052,135.667029391615,0,106.533627130087
154.142998692322,335.371040201042,0,119.728129215699,128.846764897717,0,0,160.537522273714,259.055025639447,0,0,0,0,155.24952173131,0,62.311273509377,0,0,195.378266313867,227.504408813069,0,120.567029282014,0,112.349934713559,0,82.6426202489162,0,179.718364159796,122.106946855269,0,0,0,0,141.204637091722,173.059382066957,171.230058197369,142.385058730083,101.605593487621,0,106.533627130087,0
