0,0,0,0,0,0,0,0,0,193.055010680236,0,357.423078228283,0,0,0,0,0,0,0,0,0,0,0,0,0,240.185081663983,142.054529471577,0,97.3506957544063,0,0,0,0,0,136.792307586862,0,0,0,0,0,0
0,0,0,0,261.440278806413,0,0,0,0,173.001559092555,0,0,193.63278243493,0,0,0,0,0,0,0,0,0,177.763106506206,160.530221557972,0,0,0,0,89.9429017381717,0,0,0,0,0,0,0,115.194491798135,0,0,0,0
0,0,0,0,0,0,0,0,0,262.382215657622,0,0,0,0,0,0,0,0,0,205.839960264176,0,0,0,0,0,0,82.6426202489162,0,0,0,0,0,0,0,0,139.654362654449,0,0,0,219.430938885781,0
0,0,0,0,0,122.106946855269,0,184.249961885477,0,0,0,249.798812580765,0,0,0,0,0,0,0,0,0,98.417953423071,0,0,165.893015276821,0,300.031143529538,0,180.543851962045,97.3232815600345,0,0,73.1029054543569,81.9664354533492,0,0,221.805809452716,0,0,154.142998692322,94.126460729827
0,261.440278806413,0,0,0,0,0,0,0,0,0,0,0,0,0,0,0,0,0,348.674510760064,198.528111506785,208.005106191961,151.806152521152,0,0,0,0,99.2646516363145,137.239127032733,0,0,0,0,321.124897279917,226.825099357786,169.742003380707,219.040656038919,82.1742780037132,223.705816669619,106.533627130087,0
0,0,0,122.106946855269,0,0,0,0,214.116367924649,196.032358954952,306.344527664232,0,0,0,0,0,0,0,0,80.4367166559625,0,0,112.349934713559,0,0,104.915316975638,0,190.185165668632,94.9380989123498,0,0,0,0,85.6072705949986,0,0,154.065933476765,155.901486485736,309.997227542691,96.7845769653343,0
0,0,0,0,0,0,0,0,0,0,95.7590805983148,0,0,0,0,161.275817184598,0,188.936291522747,0,0,92.5207898118833,0,0,0,202.712457066107,0,0,115.332064605654,0,0,201.44584889478,0,0,0,251.098274723989,0,71.4788760670054,153.672550905948,172.608400267715,167.066576495979,198.964527389285
0,0,0,184.249961885477,0,0,0,0,103.519938150021,70.4221432298295,74.7304794244225,259.055025639447,0,0,0,0,0,0,139.792601838991,0,0,118.522099274347,0,0,0,141.204637091722,263.534399241887,178.748963182352,96.5937438588657,128.405764333981,0,0,0,0,93.4234866874731,205.183249704085,0,232.945974238958,0,0,133.218162784108
0,0,0,0,0,214.116367924649,0,103.519938150021,0,0,0,249.905610015455,0,0,0,0,0,151.036729364761,0,100.812745974529,195.314816908693,0,0,0,0,219.078548227669,0,321.864157986053,192.693757128262,0,0,236.681907140956,0,0,115.868441404982,0,0,0,0,0,0
193.055010680236,173.001559092555,262.382215657622,0,0,196.032358954952,0,70.4221432298295,0,0,111.435629183184,173.538155409849,0,0,0,0,0,94.7280504127031,154.784755881607,0,0,0,94.8881692391942,151.01089327964,0,0,0,125.81518738273,225.013371621378,0,0,0,0,82.6299537488922,0,154.070293657878,227.504408813069,0,71.5579325720569,89.707245288964,0
0,0,0,0,0,306.344527664232,95.7590805983148,74.7304794244225,0,111.435629183184,0,0,0,0,0,0,0,0,0,0,0,0,212.592150359921,0,0,196.04190773555,112.793316814908,192.135034768848,0,224.551207449728,205.09013266389,0,0,199.492852797962,0,0,206.472608421747,146.99041817625,345.797434674459,119.345624434514,89.3673883748406
357.423078228283,0,0,249.798812580765,0,0,0,259.055025639447,249.905610015455,173.538155409849,0,0,0,0,133.984214699576,0,92.5568465385234,0,241.682021696872,0,0,0,241.635434294794,217.157696745803,0,98.6790043377568,0,72.2278283150671,0,142.385058730083,161.74915061469,215.611029055736,247.66948903751,58.3493451392805,179.718364159796,0,231.050882209,161.325017232684,0,192.601533877686,0
0,193.63278243493,0,0,0,0,0,0,0,0,0,0,0,0,0,329.719143597451,0,0,0,0,0,0,0,0,0,67.8267069095267,204.084074037941,0,0,0,0,0,0,0,0,0,153.453047983244,0,0,0,146.770754374523
0,0,0,0,0,0,0,0,0,0,0,0,0,0,0,87.8456058929559,125.416941482916,0,181.316358113209,255.441154257905,0,0,0,73.4795582048751,0,169.453147353278,0,62.311273509377,222.053792850439,0,0,0,0,180.90030328818,174.013630695256,0,241.57250333243,135.294330067913,0,124.853650664477,206.912707094411
0,0,0,0,0,0,0,0,0,0,0,133.984214699576,0,0,0,194.442125915551,0,0,0,74.5815074003433,0,283.248188884028,0,0,0,85.7623170715703,146.814226519809,78.9559315574845,93.5029580098427,0,0,0,0,101.85207633558,0,0,62.859596780235,195.378266313867,0,0,101.5853655613
0,0,0,0,0,0,161.275817184598,0,0,0,0,0,329.719143597451,87.8456058929559,194.442125915551,0,0,0,0,61.0664810463559,0,0,0,158.567996645797,0,101.443495235174,0,0,0,0,0,0,0,140.574866691684,138.425725342224,269.936825670274,0,0,0,320.356811100276,0
0,0,0,0,0,0,0,0,0,0,0,92.5568465385234,0,125.416941482916,0,0,0,0,0,0,0,0,0,0,0,0,0,0,75.4497121078207,0,0,116.176698124939,0,197.486504603685,0,178.224497384947,155.24952173131,115.114253591495,0,193.659409924573,204.481117647118
0,0,0,0,0,0,188.936291522747,0,151.036729364761,94.7280504127031,0,0,0,0,0,0,0,0,0,195.822649557859,0,0,0,99.3508940827211,0,0,0,0,0,0,0,0,0,211.840482897052,98.2230592632363,0,94.7529894315991,0,0,115.871357769661,0
0,0,0,0,0,0,0,139.792601838991,0,154.784755881607,0,241.682021696872,0,181.316358113209,0,0,0,0,0,353.822894641502,0,0,0,186.348837226466,0,0,171.906398392157,0,191.519780382943,0,0,0,0,101.605593487621,0,0,0,143.005810983322,128.846764897717,0,139.93285932648
0,0,205.839960264176,0,348.674510760064,80.4367166559625,0,0,100.812745974529,0,0,0,0,255.441154257905,74.5815074003433,61.0664810463559,0,195.822649557859,353.822894641502,0,0,0,134.960780198024,0,0,0,0,128.530575464043,220.901129804706,0,0,84.3635741045246,0,0,120.912756812582,306.640284138334,201.100640800745,0,0,148.808626413748,0
0,0,0,0,198.528111506785,0,92.5207898118833,0,195.314816908693,0,0,0,0,0,0,0,0,0,0,0,0,209.996727521564,0,0,0,109.093416850988,120.567029282014,0,0,138.33942793804,0,0,0,224.523755099568,136.685314494491,116.054372245433,0,90.7216186966914,0,197.893790332676,78.8552325762656
0,0,0,98.417953423071,208.005106191961,0,0,118.522099274347,0,0,0,0,0,0,283.248188884028,0,0,0,0,0,209.996727521564,0,0,0,0,0,0,289.631679007608,0,0,0,0,0,0,0,0,220.963068032256,0,0,89.1590885155172,0
0,177.763106506206,0,0,151.806152521152,112.349934713559,0,0,0,94.8881692391942,212.592150359921,241.635434294794,0,0,0,0,0,0,0,134.960780198024,0,0,0,0,0,284.529238481835,0,151.075371308616,228.792310020318,0,0,0,0,168.241326865882,74.4197823064597,231.715271819474,253.401634605989,0,0,314.611698427915,0
0,160.530221557972,0,0,0,0,0,0,0,151.01089327964,0,217.157696745803,0,73.4795582048751,0,158.567996645797,0,99.3508940827211,186.348837226466,0,0,0,0,0,112.823430872325,113.059176128709,187.77054666536,94.027247878695,145.74089716123,0,0,228.075434767255,0,146.465927798921,323.781250289068,101.350815329073,0,218.045528847001,0,108.381749703452,101.895308036513
0,0,0,165.893015276821,0,0,202.712457066107,0,0,0,0,0,0,0,0,0,0,0,0,0,0,0,0,112.823430872325,0,135.667029391615,0,0,0,0,0,0,175.196329314064,0,280.376028997576,0,338.131802716296,180.355266595273,90.1317194604647,0,106.926813611922
240.185081663983,0,0,0,0,104.915316975638,0,141.204637091722,219.078548227669,0,196.04190773555,98.6790043377568,67.8267069095267,169.453147353278,85.7623170715703,101.443495235174,0,0,0,0,109.093416850988,0,284.529238481835,113.059176128709,135.667029391615,0,82.4756938751058,325.937289045041,0,0,0,0,0,0,163.945208919892,151.695570509541,165.597665022977,0,110.384905066973,0,0
142.054529471577,0,82.6426202489162,300.031143529538,0,0,0,263.534399241887,0,0,112.793316814908,0,204.084074037941,0,146.814226519809,0,0,0,171.906398392157,0,120.567029282014,0,0,187.77054666536,0,82.4756938751058,0,114.649126378906,0,0,0,186.973586461633,0,0,303.527509149359,163.059043292369,161.694997919804,171.230058197369,108.136066660554,259.442917595754,92.3502314520023
0,0,0,0,99.2646516363145,190.185165668632,115.332064605654,178.748963182352,321.864157986053,125.81518738273,192.135034768848,72.2278283150671,0,62.311273509377,78.9559315574845,0,0,0,0,128.530575464043,0,289.631679007608,151.075371308616,94.027247878695,0,325.937289045041,114.649126378906,0,252.487290983309,172.892533368851,0,137.189596148386,0,81.2827395071039,188.851177466023,347.376449530863,134.566479261133,76.5072790361762,193.777661225572,335.371040201042,153.876396855887
97.3506957544063,89.9429017381717,0,180.543851962045,137.239127032733,94.9380989123498,0,96.5937438588657,192.693757128262,225.013371621378,0,0,0,222.053792850439,93.5029580098427,0,75.4497121078207,0,191.519780382943,220.901129804706,0,0,228.792310020318,145.74089716123,0,0,0,252.487290983309,0,0,0,0,0,125.994729980093,124.698445421759,150.161410108805,0,0,250.461724766314,0,119.728129215699
0,0,0,97.3232815600345,0,0,0,128.405764333981,0,0,224.551207449728,142.385058730083,0,0,0,0,0,0,0,0,138.33942793804,0,0,0,0,0,0,172.892533368851,0,0,0,0,0,115.541295036174,0,0,104.369974912428,80.8080171296381,0,159.183173818572,153.609372090384
0,0,0,0,0,0,201.44584889478,0,0,0,205.09013266389,161.74915061469,0,0,0,0,0,0,0,0,0,0,0,0,0,0,0,0,0,0,0,0,0,157.852515740516,0,0,161.302948562323,0,0,0,242.790381480436
0,0,0,0,0,0,0,0,236.681907140956,0,0,215.611029055736,0,0,0,0,116.176698124939,0,0,84.3635741045246,0,0,0,228.075434767255,0,0,186.973586461633,137.189596148386,0,0,0,0,0,131.969743415579,0,137.177378802006,0,160.537522273714,0,0,158.955087279859
0,0,0,73.1029054543569,0,0,0,0,0,0,0,247.66948903751,0,0,0,0,0,0,0,0,0,0,0,0,175.196329314064,0,0,0,0,0,0,0,0,0,117.208001126138,0,283.88658203332,0,0,0,0
0,0,0,81.9664354533492,321.124897279917,85.6072705949986,0,0,0,82.6299537488922,199.492852797962,58.3493451392805,0,180.90030328818,101.85207633558,140.574866691684,197.486504603685,211.840482897052,101.605593487621,0,224.523755099568,0,168.241326865882,146.465927798921,0,0,0,81.2827395071039,125.994729980093,115.541295036174,157.852515740516,131.969743415579,0,0,114.511014214502,66.5008477853491,97.5855511246009,113.144980278377,276.620869034647,0,238.934743274142
136.792307586862,0,0,0,226.825099357786,0,251.098274723989,93.4234866874731,115.868441404982,0,0,179.718364159796,0,174.013630695256,0,138.425725342224,0,98.2230592632363,0,120.912756812582,136.685314494491,0,74.4197823064597,323.781250289068,280.376028997576,163.945208919892,303.527509149359,188.851177466023,124.698445421759,0,0,0,117.208001126138,114.511014214502,0,162.833808134102,106.128596538706,111.226326353722,183.786860782462,333.645516435298,0
0,0,139.654362654449,0,169.742003380707,0,0,205.183249704085,0,154.070293657878,0,0,0,0,0,269.936825670274,178.224497384947,0,0,306.640284138334,116.054372245433,0,231.715271819474,101.350815329073,0,151.695570509541,163.059043292369,347.376449530863,150.161410108805,0,0,137.177378802006,0,66.5008477853491,162.833808134102,0,178.683678585178,0,0,106.33736463831,0
0,115.194491798135,0,221.805809452716,219.040656038919,154.065933476765,71.4788760670054,0,0,227.504408813069,206.472608421747,231.050882209,153.453047983244,241.57250333243,62.859596780235,0,155.24952173131,94.7529894315991,0,201.100640800745,0,220.963068032256,253.401634605989,0,338.131802716296,165.597665022977,161.694997919804,134.566479261133,0,104.369974912428,161.302948562323,0,283.88658203332,97.5855511246009,106.128596538706,178.683678585178,0,173.201474590904,213.67670887414,173.059382066957,200.878319874537
0,0,0,0,82.1742780037132,155.901486485736,153.672550905948,232.945974238958,0,0,146.99041817625,161.325017232684,0,135.294330067913,195.378266313867,0,115.114253591495,0,143.005810983322,0,90.7216186966914,0,0,218.045528847001,180.355266595273,0,171.230058197369,76.5072790361762,0,80.8080171296381,0,160.537522273714,0,113.144980278377,111.226326353722,0,173.201474590904,0,0,0,0
0,0,0,0,223.705816669619,309.997227542691,172.608400267715,0,0,71.5579325720569,345.797434674459,0,0,0,0,0,0,0,128.846764897717,0,0,0,0,0,90.1317194604647,110.384905066973,108.136066660554,193.777661225572,250.461724766314,0,0,0,0,276.620869034647,183.786860782462,0,213.67670887414,0,0,261.605527103798,0
0,0,219.430938885781,154.142998692322,106.533627130087,96.7845769653343,167.066576495979,0,0,89.707245288964,119.345624434514,192.601533877686,0,124.853650664477,0,320.356811100276,193.659409924573,115.871357769661,0,148.808626413748,197.893790332676,89.1590885155172,314.611698427915,108.381749703452,0,0,259.442917595754,335.371040201042,0,159.183173818572,0,0,0,0,333.645516435298,106.33736463831,173.059382066957,0,261.605527103798,0,164.032723165762
0,0,0,94.126460729827,0,0,198.964527389285,133.218162784108,0,0,89.3673883748406,0,146.770754374523,206.912707094411,101.5853655613,0,204.481117647118,0,139.93285932648,0,78.8552325762656,0,0,101.895308036513,106.926813611922,0,92.3502314520023,153.876396855887,119.728129215699,153.609372090384,242.790381480436,158.955087279859,0,238.934743274142,0,0,200.878319874537,0,0,164.032723165762,0
