0,0,0,172.608400267715,0,0,0,0,0,0,0,0,0,0,0,0,0,0,0,0,0,0,0,0,0,0,148.808626413748,169.742003380707,0,0,0,0,0,0,94.9380989123498,0,269.936825670274,0,0,348.674510760064,0
0,0,0,0,0,0,0,0,0,89.3673883748406,0,0,122.106946855269,0,0,0,0,0,0,0,0,0,0,0,0,0,0,142.054529471577,0,0,0,0,0,137.189596148386,0,0,134.566479261133,0,0,103.519938150021,92.5568465385234
0,0,0,0,0,0,0,0,192.693757128262,0,0,94.027247878695,0,0,0,0,0,0,0,0,0,0,0,0,0,0,0,0,161.275817184598,0,0,0,0,0,0,0,89.1590885155172,0,0,0,309.997227542691
172.608400267715,0,0,0,0,0,206.472608421747,0,0,151.01089327964,0,0,0,0,0,0,143.005810983322,0,0,99.3508940827211,0,0,181.316358113209,62.859596780235,263.534399241887,106.128596538706,0,139.792601838991,284.529238481835,0,0,0,0,206.912707094411,0,0,0,151.695570509541,0,0,0
0,0,0,0,0,0,0,0,0,139.93285932648,0,154.784755881607,0,0,0,0,154.065933476765,0,0,0,161.74915061469,0,0,0,0,94.8881692391942,0,193.777661225572,178.748963182352,0,193.63278243493,255.441154257905,0,197.893790332676,165.597665022977,228.075434767255,215.611029055736,0,0,0,162.833808134102
0,0,0,0,0,0,0,0,0,0,146.814226519809,242.790381480436,0,87.8456058929559,119.728129215699,0,0,163.059043292369,0,0,0,195.314816908693,173.059382066957,241.682021696872,0,112.793316814908,0,0,0,306.640284138334,0,0,0,81.2827395071039,0,171.906398392157,70.4221432298295,0,0,0,150.161410108805
0,0,0,206.472608421747,0,0,0,0,0,0,145.74089716123,0,0,0,0,0,0,0,0,0,259.055025639447,0,0,97.3506957544063,0,120.912756812582,314.611698427915,111.226326353722,188.936291522747,0,0,0,0,96.7845769653343,204.481117647118,0,259.442917595754,0,0,224.551207449728,124.698445421759
0,0,0,0,0,0,0,0,0,0,78.8552325762656,109.093416850988,0,98.6790043377568,110.384905066973,0,0,74.7304794244225,0,353.822894641502,0,0,157.852515740516,0,225.013371621378,125.416941482916,0,187.77054666536,97.3232815600345,0,0,0,0,192.601533877686,0,0,92.5207898118833,161.302948562323,0,222.053792850439,320.356811100276
0,0,192.693757128262,0,0,0,0,0,0,0,0,0,0,0,0,93.5029580098427,0,0,0,191.519780382943,0,0,106.533627130087,113.059176128709,0,0,0,204.084074037941,0,0,0,0,223.705816669619,0,221.805809452716,196.04190773555,0,0,71.4788760670054,238.934743274142,0
0,89.3673883748406,0,151.01089327964,139.93285932648,0,0,0,0,0,205.839960264176,108.381749703452,0,0,82.4756938751058,0,0,0,240.185081663983,115.332064605654,0,93.4234866874731,0,0,74.5815074003433,0,0,220.901129804706,0,0,0,116.054372245433,0,128.405764333981,104.369974912428,100.812745974529,131.969743415579,0,0,137.239127032733,120.567029282014
0,0,0,0,0,146.814226519809,145.74089716123,78.8552325762656,0,205.839960264176,0,357.423078228283,0,106.926813611922,124.853650664477,0,0,0,0,0,0,0,0,0,0,186.348837226466,177.763106506206,241.635434294794,0,155.901486485736,0,0,0,261.440278806413,219.040656038919,161.694997919804,85.6072705949986,0,0,0,227.504408813069
0,0,94.027247878695,0,154.784755881607,242.790381480436,0,109.093416850988,0,108.381749703452,357.423078228283,0,85.7623170715703,62.311273509377,0,0,0,0,0,0,0,0,0,113.144980278377,138.33942793804,71.5579325720569,139.654362654449,133.984214699576,96.5937438588657,0,119.345624434514,0,0,153.672550905948,115.114253591495,0,0,247.66948903751,73.1029054543569,66.5008477853491,188.851177466023
0,122.106946855269,0,0,0,0,0,0,0,0,0,85.7623170715703,0,0,0,0,0,0,0,283.248188884028,0,0,0,0,0,0,0,333.645516435298,0,0,0,0,0,0,306.344527664232,0,160.530221557972,0,0,0,0
0,0,0,0,0,87.8456058929559,0,98.6790043377568,0,0,106.926813611922,62.311273509377,0,0,0,0,0,0,0,163.945208919892,137.177378802006,0,94.126460729827,101.443495235174,0,178.683678585178,98.2230592632363,0,325.937289045041,0,0,101.5853655613,0,125.994729980093,0,0,0,0,0,112.349934713559,0
0,0,0,0,0,119.728129215699,0,110.384905066973,0,82.4756938751058,124.853650664477,0,0,0,0,0,0,0,0,0,0,0,92.3502314520023,0,0,0,178.224497384947,0,0,0,0,158.955087279859,0,169.453147353278,73.4795582048751,252.487290983309,74.4197823064597,0,0,212.592150359921,0
0,0,0,0,0,0,0,0,93.5029580098427,0,0,0,0,0,0,0,0,0,0,192.135034768848,197.486504603685,0,0,211.840482897052,0,0,0,154.142998692322,0,0,0,251.098274723989,0,72.2278283150671,201.100640800745,0,345.797434674459,0,0,195.378266313867,146.465927798921
0,0,0,143.005810983322,154.065933476765,0,0,0,0,0,0,0,0,0,0,0,0,0,0,0,236.681907140956,0,0,0,0,0,199.492852797962,80.8080171296381,101.605593487621,0,0,0,0,153.609372090384,0,0,0,347.376449530863,183.786860782462,0,300.031143529538
0,0,0,0,0,163.059043292369,0,74.7304794244225,0,0,0,0,0,0,0,0,0,0,0,0,0,0,303.527509149359,0,0,153.876396855887,0,165.893015276821,0,0,0,0,0,0,101.85207633558,175.196329314064,0,0,135.667029391615,151.075371308616,0
0,0,0,0,0,0,0,0,0,240.185081663983,0,0,0,0,0,0,0,0,0,0,0,0,0,81.9664354533492,75.4497121078207,0,0,180.355266595273,141.204637091722,0,0,161.325017232684,0,262.382215657622,90.7216186966914,190.185165668632,250.461724766314,205.183249704085,0,76.5072790361762,0
0,0,0,99.3508940827211,0,0,0,353.822894641502,191.519780382943,115.332064605654,0,0,283.248188884028,163.945208919892,0,192.135034768848,0,0,0,0,0,0,136.685314494491,128.530575464043,0,0,114.649126378906,0,219.078548227669,214.116367924649,0,0,0,224.523755099568,140.574866691684,0,0,142.385058730083,261.605527103798,155.24952173131,0
0,0,0,0,161.74915061469,0,259.055025639447,0,0,0,0,0,0,137.177378802006,0,197.486504603685,236.681907140956,0,0,0,0,0,0,146.99041817625,0,228.792310020318,194.442125915551,80.4367166559625,0,0,0,0,0,115.194491798135,180.90030328818,0,61.0664810463559,0,0,208.005106191961,0
0,0,0,0,0,195.314816908693,0,0,0,93.4234866874731,0,0,0,0,0,0,0,0,0,0,0,0,0,0,0,0,106.33736463831,0,0,0,0,0,0,0,173.201474590904,108.136066660554,0,160.537522273714,0,329.719143597451,338.131802716296
0,0,0,181.316358113209,0,173.059382066957,0,157.852515740516,106.533627130087,0,0,0,0,94.126460729827,92.3502314520023,0,0,303.527509149359,0,136.685314494491,0,0,0,249.798812580765,0,193.055010680236,0,115.868441404982,0,179.718364159796,232.945974238958,0,0,112.823430872325,0,0,195.822649557859,0,0,0,0
0,0,0,62.859596780235,0,241.682021696872,97.3506957544063,0,113.059176128709,0,0,113.144980278377,0,101.443495235174,0,211.840482897052,0,0,81.9664354533492,128.530575464043,146.99041817625,0,249.798812580765,0,0,0,0,0,94.7280504127031,0,0,231.715271819474,180.543851962045,0,202.712457066107,0,82.6299537488922,321.864157986053,0,125.81518738273,111.435629183184
0,0,0,263.534399241887,0,0,0,225.013371621378,0,74.5815074003433,0,138.33942793804,0,0,0,0,0,0,75.4497121078207,0,0,0,0,0,0,0,0,0,0,0,0,0,0,0,220.963068032256,0,323.781250289068,104.915316975638,128.846764897717,0,151.036729364761
0,0,0,106.128596538706,94.8881692391942,112.793316814908,120.912756812582,125.416941482916,0,0,186.348837226466,71.5579325720569,0,178.683678585178,0,0,0,153.876396855887,0,0,228.792310020318,0,193.055010680236,0,0,0,114.511014214502,249.905610015455,115.541295036174,0,0,0,0,226.825099357786,0,116.176698124939,99.2646516363145,219.430938885781,196.032358954952,0,97.5855511246009
148.808626413748,0,0,0,0,0,314.611698427915,0,0,0,177.763106506206,139.654362654449,0,98.2230592632363,178.224497384947,0,199.492852797962,0,0,114.649126378906,194.442125915551,106.33736463831,0,0,0,114.511014214502,0,0,154.070293657878,136.792307586862,82.1742780037132,67.8267069095267,0,0,0,84.3635741045246,164.032723165762,171.230058197369,276.620869034647,280.376028997576,0
169.742003380707,142.054529471577,0,139.792601838991,193.777661225572,0,111.226326353722,187.77054666536,204.084074037941,220.901129804706,241.635434294794,133.984214699576,333.645516435298,0,0,154.142998692322,80.8080171296381,165.893015276821,180.355266595273,0,80.4367166559625,0,115.868441404982,0,0,249.905610015455,0,0,289.631679007608,0,173.001559092555,117.208001126138,0,0,0,209.996727521564,158.567996645797,153.453047983244,134.960780198024,78.9559315574845,118.522099274347
0,0,161.275817184598,284.529238481835,178.748963182352,0,188.936291522747,97.3232815600345,0,0,0,96.5937438588657,0,325.937289045041,0,0,101.605593487621,0,141.204637091722,219.078548227669,0,0,0,94.7280504127031,0,115.541295036174,154.070293657878,289.631679007608,0,0,0,0,95.7590805983148,138.425725342224,0,82.6426202489162,218.045528847001,159.183173818572,0,283.88658203332,201.44584889478
0,0,0,0,0,306.640284138334,0,0,0,0,155.901486485736,0,0,0,0,0,0,0,0,214.116367924649,0,0,179.718364159796,0,0,0,136.792307586862,0,0,0,0,115.871357769661,0,89.707245288964,167.066576495979,0,213.67670887414,241.57250333243,173.538155409849,0,0
0,0,0,0,193.63278243493,0,0,0,0,0,0,119.345624434514,0,0,0,0,0,0,0,0,0,0,232.945974238958,0,0,0,82.1742780037132,173.001559092555,0,0,0,0,0,0,0,0,0,0,200.878319874537,0,0
0,0,0,0,255.441154257905,0,0,0,0,116.054372245433,0,0,0,101.5853655613,158.955087279859,251.098274723989,0,0,161.325017232684,0,0,0,0,231.715271819474,0,0,67.8267069095267,117.208001126138,0,115.871357769661,0,0,0,0,0,0,133.218162784108,0,0,0,0
0,0,0,0,0,0,0,0,223.705816669619,0,0,0,0,0,0,0,0,0,0,0,0,0,0,180.543851962045,0,0,0,0,95.7590805983148,0,0,0,0,0,0,0,94.7529894315991,0,0,89.9429017381717,0
0,137.189596148386,0,206.912707094411,197.893790332676,81.2827395071039,96.7845769653343,192.601533877686,0,128.405764333981,261.440278806413,153.672550905948,0,125.994729980093,169.453147353278,72.2278283150671,153.609372090384,0,262.382215657622,224.523755099568,115.194491798135,0,112.823430872325,0,0,226.825099357786,0,0,138.425725342224,89.707245288964,0,0,0,0,58.3493451392805,217.157696745803,90.1317194604647,101.350815329073,101.895308036513,335.371040201042,0
94.9380989123498,0,0,0,165.597665022977,0,204.481117647118,0,221.805809452716,104.369974912428,219.040656038919,115.114253591495,306.344527664232,0,73.4795582048751,201.100640800745,0,101.85207633558,90.7216186966914,140.574866691684,180.90030328818,173.201474590904,0,202.712457066107,220.963068032256,0,0,0,0,167.066576495979,0,0,0,58.3493451392805,0,135.294330067913,321.124897279917,168.241326865882,184.249961885477,174.013630695256,151.806152521152
0,0,0,0,228.075434767255,171.906398392157,0,0,196.04190773555,100.812745974529,161.694997919804,0,0,0,252.487290983309,0,0,175.196329314064,190.185165668632,0,0,108.136066660554,0,0,0,116.176698124939,84.3635741045246,209.996727521564,82.6426202489162,0,0,0,0,217.157696745803,135.294330067913,0,146.770754374523,193.659409924573,0,253.401634605989,172.892533368851
269.936825670274,134.566479261133,89.1590885155172,0,215.611029055736,70.4221432298295,259.442917595754,92.5207898118833,0,131.969743415579,85.6072705949986,0,160.530221557972,0,74.4197823064597,345.797434674459,0,0,250.461724766314,0,61.0664810463559,0,195.822649557859,82.6299537488922,323.781250289068,99.2646516363145,164.032723165762,158.567996645797,218.045528847001,213.67670887414,0,133.218162784108,94.7529894315991,90.1317194604647,321.124897279917,146.770754374523,0,198.964527389285,0,98.417953423071,231.050882209
0,0,0,151.695570509541,0,0,0,161.302948562323,0,0,0,247.66948903751,0,0,0,0,347.376449530863,0,205.183249704085,142.385058730083,0,160.537522273714,0,321.864157986053,104.915316975638,219.430938885781,171.230058197369,153.453047983244,159.183173818572,241.57250333243,0,0,0,101.350815329073,168.241326865882,193.659409924573,198.964527389285,0,205.09013266389,0,186.973586461633
0,0,0,0,0,0,0,0,71.4788760670054,0,0,73.1029054543569,0,0,0,0,183.786860782462,135.667029391615,0,261.605527103798,0,0,0,0,128.846764897717,196.032358954952,276.620869034647,134.960780198024,0,173.538155409849,200.878319874537,0,0,101.895308036513,184.249961885477,0,0,205.09013266389,0,198.528111506785,0
348.674510760064,103.519938150021,0,0,0,0,224.551207449728,222.053792850439,238.934743274142,137.239127032733,0,66.5008477853491,0,112.349934713559,212.592150359921,195.378266313867,0,151.075371308616,76.5072790361762,155.24952173131,208.005106191961,329.719143597451,0,125.81518738273,0,0,280.376028997576,78.9559315574845,283.88658203332,0,0,0,89.9429017381717,335.371040201042,174.013630695256,253.401634605989,98.417953423071,0,198.528111506785,0,0
0,92.5568465385234,309.997227542691,0,162.833808134102,150.161410108805,124.698445421759,320.356811100276,0,120.567029282014,227.504408813069,188.851177466023,0,0,0,146.465927798921,300.031143529538,0,0,0,0,338.131802716296,0,111.435629183184,151.036729364761,97.5855511246009,0,118.522099274347,201.44584889478,0,0,0,0,0,151.806152521152,172.892533368851,231.050882209,186.973586461633,0,0,0
