0,0,0,0,0,0,0,205.09013266389,115.871357769661,0,0,0,0,0,0,0,0,0,0,0,212.592150359921,0,0,0,0,0,0,0,0,0,0,0,0,0,253.401634605989,0,0,78.9559315574845,0,333.645516435298,0
0,0,0,0,0,0,0,0,0,211.840482897052,160.530221557972,0,0,0,0,0,0,0,0,0,186.973586461633,0,0,0,0,0,0,104.369974912428,0,0,0,0,0,0,0,0,116.176698124939,66.5008477853491,0,108.136066660554,0
0,0,0,0,0,0,0,217.157696745803,0,0,0,0,0,0,0,0,0,0,0,0,0,0,0,300.031143529538,90.7216186966914,0,0,0,173.201474590904,0,0,0,0,0,0,0,0,0,0,94.126460729827,0
0,0,0,0,0,181.316358113209,0,0,82.6299537488922,323.781250289068,0,0,0,0,0,0,0,0,0,0,0,0,353.822894641502,0,314.611698427915,0,0,74.7304794244225,0,241.57250333243,0,0,0,94.027247878695,289.631679007608,76.5072790361762,161.325017232684,0,227.504408813069,0,154.070293657878
0,0,0,0,0,0,0,0,0,0,161.74915061469,158.567996645797,0,200.878319874537,252.487290983309,0,0,0,0,0,0,0,0,0,0,90.1317194604647,219.430938885781,0,213.67670887414,261.605527103798,0,345.797434674459,0,58.3493451392805,177.763106506206,0,0,0,306.344527664232,174.013630695256,165.893015276821
0,0,0,181.316358113209,0,0,0,0,0,320.356811100276,195.378266313867,131.969743415579,0,226.825099357786,0,0,0,0,0,153.672550905948,0,0,128.846764897717,0,0,0,205.183249704085,81.9664354533492,0,0,106.33736463831,0,0,0,151.075371308616,224.523755099568,236.681907140956,0,206.472608421747,0,0
0,0,0,0,0,0,0,0,0,106.926813611922,0,0,0,0,0,0,0,0,0,161.275817184598,192.693757128262,0,309.997227542691,0,0,0,0,205.839960264176,178.224497384947,94.9380989123498,101.350815329073,0,0,178.748963182352,117.208001126138,0,139.792601838991,0,0,93.4234866874731,128.405764333981
205.09013266389,0,217.157696745803,0,0,0,0,0,0,153.876396855887,0,169.453147353278,0,0,82.4756938751058,0,193.63278243493,0,0,84.3635741045246,0,0,0,238.934743274142,0,0,0,0,0,160.537522273714,0,0,0,196.032358954952,261.440278806413,114.649126378906,179.718364159796,97.3232815600345,0,115.194491798135,172.608400267715
115.871357769661,0,0,82.6299537488922,0,0,0,0,0,0,85.7623170715703,98.6790043377568,0,0,0,0,0,0,0,0,0,0,0,0,0,139.654362654449,111.435629183184,136.685314494491,0,0,0,0,0,0,0,306.640284138334,134.960780198024,80.4367166559625,124.853650664477,0,0
0,211.840482897052,0,323.781250289068,0,320.356811100276,106.926813611922,153.876396855887,0,0,0,0,0,0,0,0,0,0,0,220.963068032256,0,0,184.249961885477,0,0,136.792307586862,62.859596780235,151.036729364761,173.001559092555,222.053792850439,0,0,0,138.33942793804,92.5207898118833,96.7845769653343,250.461724766314,114.511014214502,0,262.382215657622,0
0,160.530221557972,0,0,161.74915061469,195.378266313867,0,0,85.7623170715703,0,0,255.441154257905,0,242.790381480436,0,0,0,0,0,0,0,0,0,180.90030328818,195.314816908693,0,119.728129215699,0,146.99041817625,0,0,0,0,0,188.851177466023,0,165.597665022977,115.868441404982,201.44584889478,120.912756812582,162.833808134102
0,0,0,0,158.567996645797,131.969743415579,0,169.453147353278,98.6790043377568,0,255.441154257905,0,93.5029580098427,89.707245288964,0,190.185165668632,92.5568465385234,0,0,0,0,0,142.385058730083,74.4197823064597,0,193.659409924573,0,111.226326353722,135.667029391615,134.566479261133,0,0,183.786860782462,0,89.1590885155172,97.5855511246009,71.4788760670054,0,0,197.486504603685,155.901486485736
0,0,0,0,0,0,0,0,0,0,0,93.5029580098427,0,0,78.8552325762656,0,0,0,0,0,0,0,0,0,0,348.674510760064,0,0,0,0,0,0,0,0,240.185081663983,0,146.814226519809,0,0,0,82.6426202489162
0,0,0,0,200.878319874537,226.825099357786,0,0,0,0,242.790381480436,89.707245288964,0,0,202.712457066107,0,0,0,0,0,0,161.694997919804,0,0,0,0,0,303.527509149359,173.538155409849,0,0,71.5579325720569,0,0,153.453047983244,224.551207449728,357.423078228283,112.349934713559,101.895308036513,0,0
0,0,0,0,252.487290983309,0,0,82.4756938751058,0,0,0,0,78.8552325762656,202.712457066107,0,0,0,153.609372090384,0,0,0,0,0,172.892533368851,0,154.065933476765,154.784755881607,0,163.059043292369,0,0,0,0,269.936825670274,0,135.294330067913,0,0,0,284.529238481835,0
0,0,0,0,0,0,0,0,0,0,0,190.185165668632,0,0,0,0,0,0,0,0,0,0,106.533627130087,0,113.144980278377,137.239127032733,0,120.567029282014,208.005106191961,0,0,0,0,0,94.8881692391942,0,94.7529894315991,325.937289045041,0,232.945974238958,193.055010680236
0,0,0,0,0,0,0,193.63278243493,0,0,0,92.5568465385234,0,0,0,0,0,0,0,0,0,113.059176128709,0,0,0,73.1029054543569,0,249.905610015455,209.996727521564,0,0,0,0,155.24952173131,142.054529471577,0,0,251.098274723989,0,0,195.822649557859
0,0,0,0,0,0,0,0,0,0,0,0,0,0,153.609372090384,0,0,0,0,0,70.4221432298295,0,0,0,0,0,139.93285932648,0,0,175.196329314064,0,0,0,194.442125915551,118.522099274347,0,280.376028997576,0,0,82.1742780037132,204.084074037941
0,0,0,0,0,0,0,0,0,0,0,0,0,0,0,0,0,0,0,191.519780382943,122.106946855269,0,115.332064605654,168.241326865882,0,169.742003380707,159.183173818572,137.189596148386,0,0,0,0,0,119.345624434514,0,112.793316814908,180.543851962045,0,0,140.574866691684,218.045528847001
0,0,0,0,0,153.672550905948,161.275817184598,84.3635741045246,0,220.963068032256,0,0,0,0,0,0,0,0,191.519780382943,0,146.465927798921,0,0,146.770754374523,133.218162784108,0,158.955087279859,173.059382066957,214.116367924649,0,163.945208919892,85.6072705949986,0,329.719143597451,72.2278283150671,0,0,0,206.912707094411,125.994729980093,0
212.592150359921,186.973586461633,0,0,0,0,192.693757128262,0,0,0,0,0,0,0,0,0,0,70.4221432298295,122.106946855269,146.465927798921,0,0,0,145.74089716123,0,151.695570509541,171.230058197369,231.715271819474,0,0,0,0,0,73.4795582048751,0,347.376449530863,0,67.8267069095267,0,0,0
0,0,0,0,0,0,0,0,0,0,0,0,0,161.694997919804,0,0,113.059176128709,0,0,0,0,0,0,180.355266595273,0,178.683678585178,0,124.698445421759,74.5815074003433,0,0,0,0,143.005810983322,0,219.078548227669,0,0,0,0,0
0,0,0,353.822894641502,0,128.846764897717,309.997227542691,0,0,184.249961885477,0,142.385058730083,0,0,0,106.533627130087,0,0,115.332064605654,0,0,0,0,0,0,192.135034768848,0,94.7280504127031,0,0,0,150.161410108805,104.915316975638,0,0,97.3506957544063,241.682021696872,0,101.605593487621,201.100640800745,0
0,0,300.031143529538,0,0,0,0,238.934743274142,0,0,180.90030328818,74.4197823064597,0,0,172.892533368851,0,0,0,168.241326865882,146.770754374523,145.74089716123,180.355266595273,0,0,87.8456058929559,0,171.906398392157,0,283.88658203332,0,0,80.8080171296381,0,110.384905066973,199.492852797962,0,98.417953423071,335.371040201042,0,196.04190773555,99.2646516363145
0,0,90.7216186966914,314.611698427915,0,0,0,0,0,0,195.314816908693,0,0,0,0,113.144980278377,0,0,0,133.218162784108,0,0,0,87.8456058929559,0,0,0,0,0,0,0,0,0,249.798812580765,220.901129804706,186.348837226466,193.777661225572,0,0,0,0
0,0,0,0,90.1317194604647,0,0,0,139.654362654449,136.792307586862,0,193.659409924573,348.674510760064,0,154.065933476765,137.239127032733,73.1029054543569,0,169.742003380707,0,151.695570509541,178.683678585178,192.135034768848,0,0,0,247.66948903751,89.9429017381717,115.541295036174,0,0,215.611029055736,0,100.812745974529,241.635434294794,0,106.128596538706,221.805809452716,0,0,0
0,0,0,0,219.430938885781,205.183249704085,0,0,111.435629183184,62.859596780235,119.728129215699,0,0,0,154.784755881607,0,0,139.93285932648,159.183173818572,158.955087279859,171.230058197369,0,0,171.906398392157,0,247.66948903751,0,141.204637091722,228.075434767255,0,0,0,0,0,0,61.0664810463559,198.528111506785,167.066576495979,161.302948562323,338.131802716296,133.984214699576
0,104.369974912428,0,74.7304794244225,0,81.9664354533492,205.839960264176,0,136.685314494491,151.036729364761,0,111.226326353722,0,303.527509149359,0,120.567029282014,249.905610015455,0,137.189596148386,173.059382066957,231.715271819474,124.698445421759,94.7280504127031,0,0,89.9429017381717,141.204637091722,0,225.013371621378,95.7590805983148,151.01089327964,96.5937438588657,0,125.81518738273,112.823430872325,0,263.534399241887,62.311273509377,0,204.481117647118,188.936291522747
0,0,173.201474590904,0,213.67670887414,0,178.224497384947,0,0,173.001559092555,146.99041817625,135.667029391615,0,173.538155409849,163.059043292369,208.005106191961,209.996727521564,0,0,214.116367924649,0,74.5815074003433,0,283.88658203332,0,115.541295036174,228.075434767255,225.013371621378,0,0,0,0,0,116.054372245433,0,0,0,198.964527389285,187.77054666536,99.3508940827211,164.032723165762
0,0,0,241.57250333243,261.605527103798,0,94.9380989123498,160.537522273714,0,222.053792850439,0,134.566479261133,0,0,0,0,0,175.196329314064,0,0,0,0,0,0,0,0,0,95.7590805983148,0,0,0,0,0,0,0,0,98.2230592632363,0,128.530575464043,92.3502314520023,0
0,0,0,0,0,106.33736463831,101.350815329073,0,0,0,0,0,0,0,0,0,0,0,0,163.945208919892,0,0,0,0,0,0,0,151.01089327964,0,0,0,0,0,101.443495235174,0,0,125.416941482916,0,0,0,0
0,0,0,0,345.797434674459,0,0,0,0,0,0,0,0,71.5579325720569,0,0,0,0,0,85.6072705949986,0,0,150.161410108805,80.8080171296381,0,215.611029055736,0,96.5937438588657,0,0,0,0,0,109.093416850988,75.4497121078207,0,228.792310020318,0,0,0,138.425725342224
0,0,0,0,0,0,0,0,0,0,0,183.786860782462,0,0,0,0,0,0,0,0,0,0,104.915316975638,0,0,0,0,0,0,0,0,0,0,0,0,0,157.852515740516,137.177378802006,0,0,101.85207633558
0,0,0,94.027247878695,58.3493451392805,0,178.748963182352,196.032358954952,0,138.33942793804,0,0,0,0,269.936825670274,0,155.24952173131,194.442125915551,119.345624434514,329.719143597451,73.4795582048751,143.005810983322,0,110.384905066973,249.798812580765,100.812745974529,0,125.81518738273,116.054372245433,0,101.443495235174,109.093416850988,0,0,259.442917595754,321.864157986053,108.381749703452,154.142998692322,101.5853655613,197.893790332676,259.055025639447
253.401634605989,0,0,289.631679007608,177.763106506206,151.075371308616,117.208001126138,261.440278806413,0,92.5207898118833,188.851177466023,89.1590885155172,240.185081663983,153.453047983244,0,94.8881692391942,142.054529471577,118.522099274347,0,72.2278283150671,0,0,0,199.492852797962,220.901129804706,241.635434294794,0,112.823430872325,0,0,0,75.4497121078207,0,259.442917595754,0,103.519938150021,321.124897279917,81.2827395071039,148.808626413748,0,0
0,0,0,76.5072790361762,0,224.523755099568,0,114.649126378906,306.640284138334,96.7845769653343,0,97.5855511246009,0,224.551207449728,135.294330067913,0,0,0,112.793316814908,0,347.376449530863,219.078548227669,97.3506957544063,0,186.348837226466,0,61.0664810463559,0,0,0,0,0,0,321.864157986053,103.519938150021,0,276.620869034647,0,231.050882209,89.3673883748406,0
0,116.176698124939,0,161.325017232684,0,236.681907140956,139.792601838991,179.718364159796,134.960780198024,250.461724766314,165.597665022977,71.4788760670054,146.814226519809,357.423078228283,0,94.7529894315991,0,280.376028997576,180.543851962045,0,0,0,241.682021696872,98.417953423071,193.777661225572,106.128596538706,198.528111506785,263.534399241887,0,98.2230592632363,125.416941482916,228.792310020318,157.852515740516,108.381749703452,321.124897279917,276.620869034647,0,192.601533877686,0,283.248188884028,115.114253591495
78.9559315574845,66.5008477853491,0,0,0,0,0,97.3232815600345,80.4367166559625,114.511014214502,115.868441404982,0,0,112.349934713559,0,325.937289045041,251.098274723989,0,0,0,67.8267069095267,0,0,335.371040201042,0,221.805809452716,167.066576495979,62.311273509377,198.964527389285,0,0,0,137.177378802006,154.142998692322,81.2827395071039,0,192.601533877686,0,0,151.806152521152,0
0,0,0,227.504408813069,306.344527664232,206.472608421747,0,0,124.853650664477,0,201.44584889478,0,0,101.895308036513,0,0,0,0,0,206.912707094411,0,0,101.605593487621,0,0,0,161.302948562323,0,187.77054666536,128.530575464043,0,0,0,101.5853655613,148.808626413748,231.050882209,0,0,0,0,219.040656038919
333.645516435298,108.136066660554,94.126460729827,0,174.013630695256,0,93.4234866874731,115.194491798135,0,262.382215657622,120.912756812582,197.486504603685,0,0,284.529238481835,232.945974238958,0,82.1742780037132,140.574866691684,125.994729980093,0,0,201.100640800745,196.04190773555,0,0,338.131802716296,204.481117647118,99.3508940827211,92.3502314520023,0,0,0,197.893790332676,0,89.3673883748406,283.248188884028,151.806152521152,0,0,223.705816669619
0,0,0,154.070293657878,165.893015276821,0,128.405764333981,172.608400267715,0,0,162.833808134102,155.901486485736,82.6426202489162,0,0,193.055010680236,195.822649557859,204.084074037941,218.045528847001,0,0,0,0,99.2646516363145,0,0,133.984214699576,188.936291522747,164.032723165762,0,0,138.425725342224,101.85207633558,259.055025639447,0,0,115.114253591495,0,219.040656038919,223.705816669619,0
