0,0,0,0,0,0,0,0,0,0,0,0,0,0,220.963068032256,0,0,0,0,163.059043292369,0,0,0,0,0,0,0,0,253.401634605989,0,0,148.808626413748,0,249.798812580765,74.4197823064597,0,0,0,0,0,0
0,0,0,0,0,0,0,0,0,0,0,0,0,0,0,0,0,0,0,0,0,0,0,0,89.707245288964,202.712457066107,0,80.8080171296381,0,0,0,0,0,0,0,0,0,242.790381480436,171.906398392157,116.054372245433,193.63278243493
0,0,0,0,0,0,0,0,0,0,0,0,0,0,0,0,0,146.814226519809,0,0,0,0,0,0,0,95.7590805983148,0,0,223.705816669619,0,0,0,0,163.945208919892,0,0,205.09013266389,0,0,0,0
0,0,0,0,0,0,0,98.2230592632363,0,165.893015276821,0,0,0,240.185081663983,0,0,0,0,78.9559315574845,0,259.055025639447,0,0,226.825099357786,0,0,0,134.566479261133,205.183249704085,0,0,0,0,120.912756812582,115.332064605654,75.4497121078207,0,214.116367924649,0,177.763106506206,0
0,0,0,0,0,0,0,0,303.527509149359,124.853650664477,116.176698124939,101.85207633558,0,0,0,0,0,338.131802716296,0,0,0,0,0,138.33942793804,125.416941482916,0,193.055010680236,232.945974238958,284.529238481835,0,0,0,0,104.915316975638,213.67670887414,0,191.519780382943,280.376028997576,0,0,0
0,0,0,0,0,0,0,0,0,0,0,135.294330067913,198.528111506785,115.871357769661,0,0,139.654362654449,0,0,0,0,0,0,173.538155409849,231.715271819474,0,0,0,0,0,0,97.3506957544063,146.770754374523,169.453147353278,323.781250289068,0,151.075371308616,112.823430872325,113.144980278377,283.88658203332,0
0,0,0,0,0,0,0,0,0,345.797434674459,145.74089716123,106.33736463831,0,0,0,0,0,0,0,0,0,0,227.504408813069,184.249961885477,0,136.792307586862,188.936291522747,96.5937438588657,137.239127032733,0,0,0,0,125.81518738273,98.417953423071,0,0,0,0,125.994729980093,196.032358954952
0,0,0,98.2230592632363,0,0,0,0,0,0,0,348.674510760064,0,0,201.44584889478,151.01089327964,300.031143529538,167.066576495979,173.001559092555,219.078548227669,224.551207449728,0,0,263.534399241887,0,190.185165668632,276.620869034647,306.640284138334,0,0,0,0,0,0,165.597665022977,169.742003380707,164.032723165762,0,0,0,0
0,0,0,0,303.527509149359,0,0,0,0,74.7304794244225,209.996727521564,61.0664810463559,0,0,198.964527389285,0,0,0,0,0,0,0,0,222.053792850439,0,0,151.695570509541,204.084074037941,0,0,0,0,0,194.442125915551,0,0,159.183173818572,0,0,0,200.878319874537
0,0,0,165.893015276821,124.853650664477,0,345.797434674459,0,74.7304794244225,0,0,314.611698427915,0,62.859596780235,89.9429017381717,108.136066660554,58.3493451392805,0,0,82.6299537488922,0,0,84.3635741045246,0,0,0,0,0,0,0,0,251.098274723989,0,92.5207898118833,0,201.100640800745,0,100.812745974529,115.541295036174,178.224497384947,205.839960264176
0,0,0,0,116.176698124939,0,145.74089716123,0,209.996727521564,0,0,192.693757128262,0,0,162.833808134102,0,0,0,141.204637091722,192.601533877686,0,0,0,110.384905066973,0,0,0,218.045528847001,82.1742780037132,0,0,0,0,87.8456058929559,0,353.822894641502,161.694997919804,81.9664354533492,0,99.3508940827211,142.054529471577
0,0,0,0,101.85207633558,135.294330067913,106.33736463831,348.674510760064,61.0664810463559,314.611698427915,192.693757128262,0,0,0,0,0,89.1590885155172,155.24952173131,0,0,0,0,0,115.868441404982,0,309.997227542691,139.93285932648,98.6790043377568,0,0,78.8552325762656,0,0,93.5029580098427,0,106.128596538706,172.892533368851,193.659409924573,219.040656038919,62.311273509377,154.142998692322
0,0,0,0,0,198.528111506785,0,0,0,0,0,0,0,0,0,0,0,0,0,0,180.355266595273,0,0,0,0,103.519938150021,0,180.90030328818,0,0,0,0,0,0,0,0,347.376449530863,160.537522273714,0,0,0
0,0,0,240.185081663983,0,115.871357769661,0,0,0,62.859596780235,0,0,0,0,0,0,0,0,0,0,0,0,0,0,158.567996645797,225.013371621378,186.973586461633,155.901486485736,0,0,0,0,0,117.208001126138,94.8881692391942,72.2278283150671,74.5815074003433,221.805809452716,195.822649557859,94.7529894315991,0
220.963068032256,0,0,0,0,0,0,201.44584889478,198.964527389285,89.9429017381717,162.833808134102,0,0,0,0,0,0,0,70.4221432298295,0,0,0,0,0,0,109.093416850988,195.314816908693,0,119.345624434514,0,0,0,0,111.435629183184,0,0,94.9380989123498,0,0,172.608400267715,0
0,0,0,0,0,0,0,151.01089327964,0,108.136066660554,0,0,0,0,0,0,0,0,0,0,0,0,0,101.895308036513,0,215.611029055736,80.4367166559625,168.241326865882,0,0,0,0,0,0,137.189596148386,179.718364159796,262.382215657622,0,106.533627130087,140.574866691684,0
0,0,0,0,0,139.654362654449,0,300.031143529538,0,58.3493451392805,0,89.1590885155172,0,0,0,0,0,0,0,0,0,0,0,0,0,0,0,146.465927798921,0,0,0,0,0,0,71.5579325720569,150.161410108805,0,94.7280504127031,0,114.511014214502,104.369974912428
0,0,146.814226519809,0,338.131802716296,0,0,167.066576495979,0,0,0,155.24952173131,0,0,0,0,0,0,0,0,0,0,241.57250333243,0,0,0,0,146.99041817625,0,154.065933476765,0,0,0,0,0,0,153.453047983244,0,0,0,89.3673883748406
0,0,0,78.9559315574845,0,0,0,173.001559092555,0,0,141.204637091722,0,0,0,70.4221432298295,0,0,0,0,0,0,114.649126378906,0,329.719143597451,0,0,0,197.486504603685,321.864157986053,0,0,0,0,0,320.356811100276,67.8267069095267,249.905610015455,0,0,0,101.443495235174
163.059043292369,0,0,0,0,0,0,219.078548227669,0,82.6299537488922,192.601533877686,0,0,0,0,0,0,0,0,0,161.302948562323,0,211.840482897052,0,0,178.748963182352,137.177378802006,0,289.631679007608,206.912707094411,0,0,0,357.423078228283,92.3502314520023,101.605593487621,82.4756938751058,0,247.66948903751,153.672550905948,154.070293657878
0,0,0,259.055025639447,0,0,0,224.551207449728,0,0,0,0,180.355266595273,0,0,0,0,0,0,161.302948562323,0,115.114253591495,0,0,0,0,220.901129804706,188.851177466023,0,196.04190773555,192.135034768848,173.059382066957,0,81.2827395071039,0,0,219.430938885781,0,0,175.196329314064,0
0,0,0,0,0,0,0,0,0,0,0,0,0,0,0,0,0,0,114.649126378906,0,115.114253591495,0,0,0,0,0,0,255.441154257905,0,0,0,0,0,259.442917595754,153.609372090384,228.792310020318,128.846764897717,0,0,325.937289045041,0
0,0,0,0,0,0,227.504408813069,0,0,84.3635741045246,0,0,0,0,0,0,0,241.57250333243,0,211.840482897052,0,0,0,197.893790332676,157.852515740516,0,174.013630695256,228.075434767255,261.605527103798,94.126460729827,0,217.157696745803,0,0,212.592150359921,238.934743274142,0,0,0,173.201474590904,283.248188884028
0,0,0,226.825099357786,138.33942793804,173.538155409849,184.249961885477,263.534399241887,222.053792850439,0,110.384905066973,115.868441404982,0,0,0,101.895308036513,0,0,329.719143597451,0,0,0,197.893790332676,0,0,187.77054666536,333.645516435298,76.5072790361762,0,119.728129215699,0,0,0,0,180.543851962045,241.682021696872,161.74915061469,0,0,0,269.936825670274
0,89.707245288964,0,0,125.416941482916,231.715271819474,0,0,0,0,0,0,0,158.567996645797,0,0,0,0,0,0,0,0,157.852515740516,0,0,0,0,71.4788760670054,0,0,0,0,0,183.786860782462,139.792601838991,0,85.6072705949986,0,0,0,199.492852797962
0,202.712457066107,95.7590805983148,0,0,0,136.792307586862,190.185165668632,0,0,0,309.997227542691,103.519938150021,225.013371621378,109.093416850988,215.611029055736,0,0,0,178.748963182352,0,0,0,187.77054666536,0,0,122.106946855269,85.7623170715703,101.350815329073,0,0,204.481117647118,112.349934713559,0,321.124897279917,261.440278806413,135.667029391615,0,0,0,106.926813611922
0,0,0,0,193.055010680236,0,188.936291522747,276.620869034647,151.695570509541,0,0,139.93285932648,0,186.973586461633,195.314816908693,80.4367166559625,0,0,0,137.177378802006,220.901129804706,0,174.013630695256,333.645516435298,0,122.106946855269,0,0,0,160.530221557972,0,111.226326353722,0,195.378266313867,0,0,236.681907140956,153.876396855887,93.4234866874731,181.316358113209,0
0,80.8080171296381,0,134.566479261133,232.945974238958,0,96.5937438588657,306.640284138334,204.084074037941,0,218.045528847001,98.6790043377568,180.90030328818,155.901486485736,0,168.241326865882,146.465927798921,146.99041817625,197.486504603685,0,188.851177466023,255.441154257905,228.075434767255,76.5072790361762,71.4788760670054,85.7623170715703,0,0,142.385058730083,0,73.4795582048751,0,0,0,0,0,136.685314494491,128.530575464043,134.960780198024,206.472608421747,154.784755881607
253.401634605989,0,223.705816669619,205.183249704085,284.529238481835,0,137.239127032733,0,0,0,82.1742780037132,0,0,0,119.345624434514,0,0,0,321.864157986053,289.631679007608,0,0,261.605527103798,0,0,101.350815329073,0,142.385058730083,0,143.005810983322,0,0,0,99.2646516363145,96.7845769653343,231.050882209,90.1317194604647,133.218162784108,94.027247878695,161.275817184598,252.487290983309
0,0,0,0,0,0,0,0,0,0,0,0,0,0,0,0,0,154.065933476765,0,206.912707094411,196.04190773555,0,94.126460729827,119.728129215699,0,0,160.530221557972,0,143.005810983322,0,0,0,0,158.955087279859,115.194491798135,0,0,0,124.698445421759,113.059176128709,0
0,0,0,0,0,0,0,0,0,0,0,78.8552325762656,0,0,0,0,0,0,0,0,192.135034768848,0,0,0,0,0,0,73.4795582048751,0,0,0,0,0,335.371040201042,0,0,178.683678585178,0,0,171.230058197369,0
148.808626413748,0,0,0,0,97.3506957544063,0,0,0,251.098274723989,0,0,0,0,0,0,0,0,0,0,173.059382066957,0,217.157696745803,0,0,204.481117647118,111.226326353722,0,0,0,0,0,0,0,138.425725342224,0,224.523755099568,0,120.567029282014,128.405764333981,0
0,0,0,0,0,146.770754374523,0,0,0,0,0,0,0,0,0,0,0,0,0,0,0,0,0,0,0,112.349934713559,0,0,0,0,0,0,0,118.522099274347,90.7216186966914,0,66.5008477853491,0,0,0,0
249.798812580765,0,163.945208919892,120.912756812582,104.915316975638,169.453147353278,125.81518738273,0,194.442125915551,92.5207898118833,87.8456058929559,93.5029580098427,0,117.208001126138,111.435629183184,0,0,0,0,357.423078228283,81.2827395071039,259.442917595754,0,0,183.786860782462,0,195.378266313867,0,99.2646516363145,158.955087279859,335.371040201042,0,118.522099274347,0,0,0,97.5855511246009,112.793316814908,133.984214699576,97.3232815600345,82.6426202489162
74.4197823064597,0,0,115.332064605654,213.67670887414,323.781250289068,98.417953423071,165.597665022977,0,0,0,0,0,94.8881692391942,0,137.189596148386,71.5579325720569,0,320.356811100276,92.3502314520023,0,153.609372090384,212.592150359921,180.543851962045,139.792601838991,321.124897279917,0,0,96.7845769653343,115.194491798135,0,138.425725342224,90.7216186966914,0,0,241.635434294794,73.1029054543569,151.036729364761,193.777661225572,306.344527664232,0
0,0,0,75.4497121078207,0,0,0,169.742003380707,0,201.100640800745,353.822894641502,106.128596538706,0,72.2278283150671,0,179.718364159796,150.161410108805,0,67.8267069095267,101.605593487621,0,228.792310020318,238.934743274142,241.682021696872,0,261.440278806413,0,0,231.050882209,0,0,0,0,0,241.635434294794,0,250.461724766314,101.5853655613,0,0,208.005106191961
0,0,205.09013266389,0,191.519780382943,151.075371308616,0,164.032723165762,159.183173818572,0,161.694997919804,172.892533368851,347.376449530863,74.5815074003433,94.9380989123498,262.382215657622,0,153.453047983244,249.905610015455,82.4756938751058,219.430938885781,128.846764897717,0,161.74915061469,85.6072705949986,135.667029391615,236.681907140956,136.685314494491,90.1317194604647,0,178.683678585178,224.523755099568,66.5008477853491,97.5855511246009,73.1029054543569,250.461724766314,0,151.806152521152,0,0,108.381749703452
0,242.790381480436,0,214.116367924649,280.376028997576,112.823430872325,0,0,0,100.812745974529,81.9664354533492,193.659409924573,160.537522273714,221.805809452716,0,0,94.7280504127031,0,0,0,0,0,0,0,0,0,153.876396855887,128.530575464043,133.218162784108,0,0,0,0,112.793316814908,151.036729364761,101.5853655613,151.806152521152,0,92.5568465385234,186.348837226466,131.969743415579
0,171.906398392157,0,0,0,113.144980278377,0,0,0,115.541295036174,0,219.040656038919,0,195.822649557859,0,106.533627130087,0,0,0,247.66948903751,0,0,0,0,0,0,93.4234866874731,134.960780198024,94.027247878695,124.698445421759,0,120.567029282014,0,133.984214699576,193.777661225572,0,0,92.5568465385234,0,0,0
0,116.054372245433,0,177.763106506206,0,283.88658203332,125.994729980093,0,0,178.224497384947,99.3508940827211,62.311273509377,0,94.7529894315991,172.608400267715,140.574866691684,114.511014214502,0,0,153.672550905948,175.196329314064,325.937289045041,173.201474590904,0,0,0,181.316358113209,206.472608421747,161.275817184598,113.059176128709,171.230058197369,128.405764333981,0,97.3232815600345,306.344527664232,0,0,186.348837226466,0,0,161.325017232684
0,193.63278243493,0,0,0,0,196.032358954952,0,200.878319874537,205.839960264176,142.054529471577,154.142998692322,0,0,0,0,104.369974912428,89.3673883748406,101.443495235174,154.070293657878,0,0,283.248188884028,269.936825670274,199.492852797962,106.926813611922,0,154.784755881607,252.487290983309,0,0,0,0,82.6426202489162,0,208.005106191961,108.381749703452,131.969743415579,0,161.325017232684,0
