0,0,0,0,85.6072705949986,0,0,0,0,0,0,335.371040201042,0,0,0,0,0,0,0,0,0,0,0,0,0,0,284.529238481835,0,0,0,0,0,0,154.070293657878,76.5072790361762,0,314.611698427915,0,0,0,0
0,0,0,0,0,0,0,0,0,0,0,0,0,0,0,146.465927798921,0,0,0,0,0,0,0,306.640284138334,0,115.194491798135,0,161.325017232684,0,0,0,0,0,204.481117647118,0,0,154.065933476765,0,0,115.114253591495,0
0,0,0,0,241.57250333243,0,153.672550905948,0,0,0,0,0,0,0,0,0,0,0,0,0,0,0,145.74089716123,0,0,0,0,180.355266595273,0,0,0,0,0,73.4795582048751,0,0,0,0,0,0,0
0,0,0,0,0,0,0,148.808626413748,0,0,201.100640800745,0,0,0,0,0,0,0,0,0,157.852515740516,0,125.81518738273,0,222.053792850439,173.001559092555,269.936825670274,140.574866691684,0,0,0,0,0,151.695570509541,172.608400267715,0,0,80.4367166559625,0,62.859596780235,118.522099274347
85.6072705949986,0,241.57250333243,0,0,169.742003380707,0,0,0,204.084074037941,0,0,0,206.912707094411,0,0,0,104.369974912428,0,0,0,0,249.798812580765,0,0,115.541295036174,0,249.905610015455,97.5855511246009,0,0,0,0,165.893015276821,0,108.136066660554,82.6426202489162,0,345.797434674459,0,0
0,0,0,0,169.742003380707,0,0,136.792307586862,0,0,0,138.425725342224,0,198.528111506785,0,0,0,0,206.472608421747,0,196.04190773555,0,0,119.728129215699,0,104.915316975638,0,0,101.895308036513,0,0,0,0,0,220.963068032256,163.059043292369,259.055025639447,190.185165668632,0,0,241.682021696872
0,0,153.672550905948,0,0,0,0,0,0,116.054372245433,78.8552325762656,125.416941482916,0,0,0,193.63278243493,0,0,188.936291522747,0,0,0,212.592150359921,0,0,173.059382066957,0,0,114.511014214502,0,0,94.9380989123498,66.5008477853491,0,0,0,89.9429017381717,0,0,0,253.401634605989
0,0,0,148.808626413748,0,136.792307586862,0,0,0,283.88658203332,195.378266313867,217.157696745803,0,0,0,0,194.442125915551,0,0,289.631679007608,0,0,193.055010680236,198.964527389285,128.530575464043,0,0,80.8080171296381,74.7304794244225,0,0,0,0,199.492852797962,0,0,92.5207898118833,0,89.3673883748406,0,106.926813611922
0,0,0,0,0,0,0,0,0,0,0,89.707245288964,0,0,0,0,115.871357769661,0,0,0,0,0,103.519938150021,164.032723165762,0,0,0,113.144980278377,0,0,211.840482897052,0,0,0,110.384905066973,0,71.5579325720569,171.230058197369,61.0664810463559,143.005810983322,0
0,0,0,0,204.084074037941,0,116.054372245433,283.88658203332,0,0,128.846764897717,125.994729980093,240.185081663983,209.996727521564,0,0,0,0,100.812745974529,0,178.683678585178,191.519780382943,74.4197823064597,205.183249704085,0,0,242.790381480436,0,306.344527664232,0,0,0,0,0,112.349934713559,320.356811100276,0,133.984214699576,0,139.93285932648,0
0,0,0,201.100640800745,0,0,78.8552325762656,195.378266313867,0,128.846764897717,0,177.763106506206,0,188.851177466023,0,0,0,0,0,84.3635741045246,0,0,0,71.4788760670054,0,108.381749703452,215.611029055736,0,0,0,0,0,0,161.302948562323,106.533627130087,0,224.551207449728,262.382215657622,81.2827395071039,159.183173818572,0
335.371040201042,0,0,0,0,138.425725342224,125.416941482916,217.157696745803,89.707245288964,125.994729980093,177.763106506206,0,0,0,151.806152521152,97.3232815600345,0,82.6299537488922,0,0,0,0,0,111.226326353722,0,169.453147353278,227.504408813069,228.075434767255,0,74.5815074003433,0,158.955087279859,0,0,106.33736463831,283.248188884028,94.7529894315991,146.814226519809,0,201.44584889478,0
0,0,0,0,0,0,0,0,0,240.185081663983,0,0,0,0,106.128596538706,0,0,0,0,0,0,0,0,0,0,0,0,247.66948903751,0,0,151.036729364761,0,0,0,0,0,151.01089327964,0,0,75.4497121078207,0
0,0,0,0,206.912707094411,198.528111506785,0,0,0,209.996727521564,188.851177466023,0,0,0,172.892533368851,137.177378802006,0,0,0,0,0,137.189596148386,0,0,0,0,96.5937438588657,0,154.142998692322,205.839960264176,0,0,0,261.440278806413,195.822649557859,115.332064605654,134.960780198024,0,0,0,0
0,0,0,0,0,0,0,0,0,0,0,151.806152521152,106.128596538706,172.892533368851,0,0,0,92.3502314520023,0,0,0,78.9559315574845,117.208001126138,0,0,0,0,93.4234866874731,94.027247878695,0,0,0,0,0,0,160.530221557972,0,214.116367924649,0,276.620869034647,161.74915061469
0,146.465927798921,0,0,0,0,193.63278243493,0,0,0,0,97.3232815600345,0,137.177378802006,0,0,0,0,0,0,0,0,90.1317194604647,0,0,338.131802716296,0,0,0,221.805809452716,0,0,0,120.912756812582,175.196329314064,0,179.718364159796,0,0,115.868441404982,0
0,0,0,0,0,0,0,194.442125915551,115.871357769661,0,0,0,0,0,0,0,0,0,0,0,101.605593487621,0,0,0,0,0,0,158.567996645797,325.937289045041,0,0,0,0,135.667029391615,101.5853655613,0,122.106946855269,0,228.792310020318,0,135.294330067913
0,0,0,0,104.369974912428,0,0,0,0,0,0,82.6299537488922,0,0,92.3502314520023,0,0,0,0,0,101.350815329073,0,0,0,0,155.24952173131,259.442917595754,178.224497384947,137.239127032733,0,0,0,0,0,197.893790332676,0,0,0,0,0,0
0,0,0,0,0,206.472608421747,188.936291522747,0,0,100.812745974529,0,0,0,0,0,0,0,0,0,300.031143529538,0,0,0,0,0,0,183.786860782462,154.784755881607,309.997227542691,0,0,114.649126378906,0,133.218162784108,0,153.876396855887,208.005106191961,0,0,261.605527103798,0
0,0,0,0,0,0,0,289.631679007608,0,0,84.3635741045246,0,0,0,0,0,0,0,300.031143529538,0,223.705816669619,0,0,232.945974238958,0,192.601533877686,224.523755099568,151.075371308616,213.67670887414,193.777661225572,0,0,0,348.674510760064,98.2230592632363,252.487290983309,85.7623170715703,99.2646516363145,0,195.314816908693,94.126460729827
0,0,0,157.852515740516,0,196.04190773555,0,0,0,178.683678585178,0,0,0,0,0,0,101.605593487621,101.350815329073,0,223.705816669619,0,0,0,0,0,0,0,197.486504603685,0,0,0,0,58.3493451392805,116.176698124939,81.9664354533492,0,96.7845769653343,167.066576495979,0,0,138.33942793804
0,0,0,0,0,0,0,0,0,191.519780382943,0,0,0,137.189596148386,78.9559315574845,0,0,0,0,0,0,0,0,72.2278283150671,0,0,0,220.901129804706,0,0,0,0,0,0,0,193.659409924573,153.453047983244,0,0,186.348837226466,0
0,0,145.74089716123,125.81518738273,249.798812580765,0,212.592150359921,193.055010680236,103.519938150021,74.4197823064597,0,0,0,0,117.208001126138,90.1317194604647,0,0,0,0,0,0,0,0,0,303.527509149359,150.161410108805,0,0,0,0,0,0,62.311273509377,0,0,119.345624434514,0,0,153.609372090384,192.135034768848
0,306.640284138334,0,0,0,119.728129215699,0,198.964527389285,164.032723165762,205.183249704085,71.4788760670054,111.226326353722,0,0,0,0,0,0,0,232.945974238958,0,72.2278283150671,0,0,0,180.90030328818,0,0,92.5568465385234,99.3508940827211,0,0,0,87.8456058929559,219.430938885781,0,131.969743415579,196.032358954952,82.1742780037132,187.77054666536,225.013371621378
0,0,0,222.053792850439,0,0,0,128.530575464043,0,0,0,0,0,0,0,0,0,0,0,0,0,0,0,0,0,163.945208919892,0,333.645516435298,202.712457066107,0,0,181.316358113209,0,134.566479261133,205.09013266389,67.8267069095267,120.567029282014,0,0,0,0
0,115.194491798135,0,173.001559092555,115.541295036174,104.915316975638,173.059382066957,0,0,0,108.381749703452,169.453147353278,0,0,0,338.131802716296,0,155.24952173131,0,192.601533877686,0,0,303.527509149359,180.90030328818,163.945208919892,0,139.792601838991,174.013630695256,0,141.204637091722,0,0,0,0,161.275817184598,112.823430872325,186.973586461633,0,168.241326865882,0,0
284.529238481835,0,0,269.936825670274,0,0,0,0,0,242.790381480436,215.611029055736,227.504408813069,0,96.5937438588657,0,0,0,259.442917595754,183.786860782462,224.523755099568,0,0,150.161410108805,0,0,139.792601838991,0,82.4756938751058,357.423078228283,0,155.901486485736,0,128.405764333981,0,0,173.538155409849,231.715271819474,0,101.443495235174,200.878319874537,238.934743274142
0,161.325017232684,180.355266595273,140.574866691684,249.905610015455,0,0,80.8080171296381,113.144980278377,0,0,228.075434767255,247.66948903751,0,93.4234866874731,0,158.567996645797,178.224497384947,154.784755881607,151.075371308616,197.486504603685,220.901129804706,0,0,333.645516435298,174.013630695256,82.4756938751058,0,0,109.093416850988,0,142.054529471577,0,255.441154257905,0,323.781250289068,280.376028997576,219.078548227669,70.4221432298295,165.597665022977,236.681907140956
0,0,0,0,97.5855511246009,101.895308036513,114.511014214502,74.7304794244225,0,306.344527664232,0,0,0,154.142998692322,94.027247878695,0,325.937289045041,137.239127032733,309.997227542691,213.67670887414,0,0,0,92.5568465385234,202.712457066107,0,357.423078228283,0,0,192.693757128262,0,226.825099357786,0,0,321.124897279917,0,95.7590805983148,101.85207633558,0,219.040656038919,162.833808134102
0,0,0,0,0,0,0,0,0,0,0,74.5815074003433,0,205.839960264176,0,221.805809452716,0,0,0,193.777661225572,0,0,0,99.3508940827211,0,141.204637091722,0,109.093416850988,192.693757128262,0,0,94.7280504127031,0,0,0,0,93.5029580098427,0,0,0,90.7216186966914
0,0,0,0,0,0,0,0,211.840482897052,0,0,0,151.036729364761,0,0,0,0,0,0,0,0,0,0,0,0,0,155.901486485736,0,0,0,0,0,0,98.6790043377568,263.534399241887,0,0,0,0,0,94.8881692391942
0,0,0,0,0,0,94.9380989123498,0,0,0,0,158.955087279859,0,0,0,0,0,0,114.649126378906,0,0,0,0,0,181.316358113209,0,0,142.054529471577,226.825099357786,94.7280504127031,0,0,0,136.685314494491,0,0,353.822894641502,0,0,173.201474590904,112.793316814908
0,0,0,0,0,0,66.5008477853491,0,0,0,0,0,0,0,0,0,0,0,0,0,58.3493451392805,0,0,0,0,0,128.405764333981,0,0,0,0,0,0,0,97.3506957544063,0,0,250.461724766314,0,0,0
154.070293657878,204.481117647118,73.4795582048751,151.695570509541,165.893015276821,0,0,199.492852797962,0,0,161.302948562323,0,0,261.440278806413,0,120.912756812582,135.667029391615,0,133.218162784108,348.674510760064,116.176698124939,0,62.311273509377,87.8456058929559,134.566479261133,0,0,255.441154257905,0,0,98.6790043377568,136.685314494491,0,0,161.694997919804,124.698445421759,124.853650664477,231.050882209,251.098274723989,321.864157986053,160.537522273714
76.5072790361762,0,0,172.608400267715,0,220.963068032256,0,0,110.384905066973,112.349934713559,106.533627130087,106.33736463831,0,195.822649557859,0,175.196329314064,101.5853655613,197.893790332676,0,98.2230592632363,81.9664354533492,0,0,219.430938885781,205.09013266389,161.275817184598,0,0,321.124897279917,0,263.534399241887,0,97.3506957544063,161.694997919804,0,178.748963182352,98.417953423071,218.045528847001,329.719143597451,139.654362654449,0
0,0,0,0,108.136066660554,163.059043292369,0,0,0,320.356811100276,0,283.248188884028,0,115.332064605654,160.530221557972,0,0,0,153.876396855887,252.487290983309,0,193.659409924573,0,0,67.8267069095267,112.823430872325,173.538155409849,323.781250289068,0,0,0,0,0,124.698445421759,178.748963182352,0,0,241.635434294794,146.99041817625,142.385058730083,89.1590885155172
314.611698427915,154.065933476765,0,0,82.6426202489162,259.055025639447,89.9429017381717,92.5207898118833,71.5579325720569,0,224.551207449728,94.7529894315991,151.01089327964,134.960780198024,0,179.718364159796,122.106946855269,0,208.005106191961,85.7623170715703,96.7845769653343,153.453047983244,119.345624434514,131.969743415579,120.567029282014,186.973586461633,231.715271819474,280.376028997576,95.7590805983148,93.5029580098427,0,353.822894641502,0,124.853650664477,98.417953423071,0,0,347.376449530863,0,180.543851962045,0
0,0,0,80.4367166559625,0,190.185165668632,0,0,171.230058197369,133.984214699576,262.382215657622,146.814226519809,0,0,214.116367924649,0,0,0,0,99.2646516363145,167.066576495979,0,0,196.032358954952,0,0,0,219.078548227669,101.85207633558,0,0,0,250.461724766314,231.050882209,218.045528847001,241.635434294794,347.376449530863,0,113.059176128709,171.906398392157,184.249961885477
0,0,0,0,345.797434674459,0,0,89.3673883748406,61.0664810463559,0,81.2827395071039,0,0,0,0,0,228.792310020318,0,0,0,0,0,0,82.1742780037132,0,168.241326865882,101.443495235174,70.4221432298295,0,0,0,0,0,251.098274723989,329.719143597451,146.99041817625,0,113.059176128709,0,111.435629183184,146.770754374523
0,115.114253591495,0,62.859596780235,0,0,0,0,143.005810983322,139.93285932648,159.183173818572,201.44584889478,75.4497121078207,0,276.620869034647,115.868441404982,0,0,261.605527103798,195.314816908693,0,186.348837226466,153.609372090384,187.77054666536,0,0,200.878319874537,165.597665022977,219.040656038919,0,0,173.201474590904,0,321.864157986053,139.654362654449,142.385058730083,180.543851962045,171.906398392157,111.435629183184,0,73.1029054543569
0,0,0,118.522099274347,0,241.682021696872,253.401634605989,106.926813611922,0,0,0,0,0,0,161.74915061469,0,135.294330067913,0,0,94.126460729827,138.33942793804,0,192.135034768848,225.013371621378,0,0,238.934743274142,236.681907140956,162.833808134102,90.7216186966914,94.8881692391942,112.793316814908,0,160.537522273714,0,89.1590885155172,0,184.249961885477,146.770754374523,73.1029054543569,0
