0,0,0,0,0,0,0,0,0,0,0,0,0,0,353.822894641502,0,0,0,0,0,0,0,0,186.973586461633,0,228.792310020318,87.8456058929559,70.4221432298295,0,0,0,0,0,0,0,200.878319874537,0,0,0,0,0
0,0,0,0,93.5029580098427,0,0,0,0,58.3493451392805,253.401634605989,213.67670887414,0,0,0,0,0,0,0,0,0,0,0,0,0,0,0,0,195.378266313867,0,0,0,0,116.176698124939,193.63278243493,0,0,0,0,0,0
0,0,0,0,0,0,0,0,0,0,0,0,0,0,0,0,0,0,0,186.348837226466,104.369974912428,0,0,0,0,0,0,106.926813611922,0,0,0,0,0,0,0,227.504408813069,0,0,0,226.825099357786,0
0,0,0,0,0,0,0,0,202.712457066107,0,0,0,0,0,0,133.218162784108,0,158.567996645797,116.054372245433,0,120.567029282014,0,0,0,0,0,181.316358113209,0,0,180.543851962045,0,180.90030328818,0,0,219.078548227669,0,100.812745974529,0,133.984214699576,165.597665022977,228.075434767255
0,93.5029580098427,0,0,0,0,0,80.4367166559625,0,0,89.9429017381717,0,0,0,94.9380989123498,0,82.6299537488922,0,74.7304794244225,0,0,101.85207633558,125.994729980093,0,0,0,84.3635741045246,0,148.808626413748,142.054529471577,85.6072705949986,0,0,0,0,0,209.996727521564,0,0,0,73.4795582048751
0,0,0,0,0,0,283.88658203332,0,261.440278806413,94.027247878695,0,99.2646516363145,0,0,0,0,247.66948903751,0,0,94.7529894315991,0,0,0,0,61.0664810463559,0,348.674510760064,241.57250333243,0,0,0,0,0,276.620869034647,97.3232815600345,118.522099274347,335.371040201042,357.423078228283,0,0,0
0,0,0,0,0,283.88658203332,0,0,0,0,0,160.537522273714,93.4234866874731,0,0,0,0,0,232.945974238958,263.534399241887,0,0,0,124.853650664477,0,0,0,153.609372090384,90.1317194604647,0,0,0,71.5579325720569,0,0,153.453047983244,115.194491798135,224.523755099568,0,205.183249704085,0
0,0,0,0,80.4367166559625,0,0,0,205.839960264176,201.44584889478,0,194.442125915551,0,0,151.695570509541,0,0,0,0,0,0,0,191.519780382943,135.667029391615,242.790381480436,155.901486485736,101.350815329073,0,0,0,0,0,0,195.822649557859,81.9664354533492,0,214.116367924649,0,103.519938150021,75.4497121078207,222.053792850439
0,0,0,202.712457066107,0,261.440278806413,0,205.839960264176,0,0,151.01089327964,0,0,0,0,0,0,0,0,0,128.405764333981,314.611698427915,0,0,0,0,0,0,0,0,0,0,0,85.7623170715703,161.74915061469,0,212.592150359921,161.325017232684,0,0,173.201474590904
0,58.3493451392805,0,0,0,94.027247878695,0,201.44584889478,0,0,0,122.106946855269,0,0,0,109.093416850988,0,142.385058730083,101.605593487621,193.659409924573,120.912756812582,0,78.9559315574845,0,0,0,0,231.050882209,178.224497384947,173.059382066957,0,0,0,139.792601838991,306.640284138334,128.530575464043,167.066576495979,269.936825670274,0,0,0
0,253.401634605989,0,0,89.9429017381717,0,0,0,151.01089327964,0,0,238.934743274142,0,0,0,0,0,0,188.936291522747,252.487290983309,172.608400267715,0,333.645516435298,82.4756938751058,0,195.314816908693,0,151.075371308616,154.070293657878,161.694997919804,0,0,0,0,108.136066660554,218.045528847001,0,138.33942793804,0,0,0
0,213.67670887414,0,0,0,99.2646516363145,160.537522273714,194.442125915551,0,122.106946855269,238.934743274142,0,249.798812580765,0,0,0,151.806152521152,201.100640800745,0,0,0,0,97.3506957544063,0,0,96.5937438588657,160.530221557972,115.541295036174,94.126460729827,0,0,82.6426202489162,0,72.2278283150671,168.241326865882,171.906398392157,196.04190773555,0,62.859596780235,0,259.055025639447
0,0,0,0,0,0,93.4234866874731,0,0,0,0,249.798812580765,0,162.833808134102,0,0,0,0,0,0,0,193.777661225572,0,0,0,0,0,95.7590805983148,0,0,0,0,0,135.294330067913,0,0,0,0,0,0,0
0,0,0,0,0,0,0,0,0,0,0,0,162.833808134102,0,0,0,0,0,0,0,0,0,158.955087279859,67.8267069095267,0,66.5008477853491,0,345.797434674459,172.892533368851,0,0,0,217.157696745803,205.09013266389,146.814226519809,146.99041817625,187.77054666536,114.511014214502,0,106.33736463831,289.631679007608
353.822894641502,0,0,0,94.9380989123498,0,0,151.695570509541,0,0,0,0,0,0,0,71.4788760670054,0,0,0,0,0,0,0,0,0,250.461724766314,0,192.693757128262,0,0,0,0,0,94.7280504127031,188.851177466023,173.001559092555,154.065933476765,163.059043292369,0,321.124897279917,0
0,0,0,133.218162784108,0,0,0,0,0,109.093416850988,0,0,0,0,71.4788760670054,0,0,0,0,78.8552325762656,0,0,0,0,0,215.611029055736,0,119.728129215699,280.376028997576,0,0,0,0,178.748963182352,309.997227542691,0,173.538155409849,0,0,92.5568465385234,0
0,0,0,0,82.6299537488922,247.66948903751,0,0,0,0,0,151.806152521152,0,0,0,0,0,0,0,0,0,0,165.893015276821,157.852515740516,0,0,0,140.574866691684,0,99.3508940827211,145.74089716123,0,0,0,0,0,163.945208919892,113.059176128709,0,0,0
0,0,0,158.567996645797,0,0,0,0,0,142.385058730083,0,201.100640800745,0,0,0,0,0,0,0,0,0,0,0,0,0,112.823430872325,283.248188884028,0,198.528111506785,0,0,219.430938885781,0,0,0,0,338.131802716296,0,0,236.681907140956,0
0,0,0,116.054372245433,74.7304794244225,0,232.945974238958,0,0,101.605593487621,188.936291522747,0,0,0,0,0,0,0,0,0,92.3502314520023,0,101.5853655613,225.013371621378,0,300.031143529538,0,0,0,0,0,0,0,0,112.793316814908,0,171.230058197369,0,169.742003380707,0,0
0,0,186.348837226466,0,0,94.7529894315991,263.534399241887,0,0,193.659409924573,252.487290983309,0,0,0,0,78.8552325762656,0,0,0,0,0,101.895308036513,0,138.425725342224,0,0,0,119.345624434514,169.453147353278,0,0,0,62.311273509377,80.8080171296381,0,98.417953423071,137.239127032733,323.781250289068,0,131.969743415579,303.527509149359
0,0,104.369974912428,120.567029282014,0,0,0,0,128.405764333981,120.912756812582,172.608400267715,0,0,0,0,0,0,0,92.3502314520023,0,0,0,0,0,0,0,139.654362654449,0,0,0,0,223.705816669619,0,184.249961885477,0,0,141.204637091722,115.114253591495,0,146.770754374523,204.084074037941
0,0,0,0,101.85207633558,0,0,0,314.611698427915,0,0,0,193.777661225572,0,0,0,0,0,0,101.895308036513,0,0,0,0,0,0,0,224.551207449728,0,0,0,0,0,134.566479261133,108.381749703452,0,329.719143597451,0,0,0,0
0,0,0,0,125.994729980093,0,0,191.519780382943,0,78.9559315574845,333.645516435298,97.3506957544063,0,158.955087279859,0,0,165.893015276821,0,101.5853655613,0,0,0,0,0,0,192.601533877686,0,113.144980278377,115.871357769661,0,0,0,0,0,241.635434294794,0,111.435629183184,0,0,196.032358954952,251.098274723989
186.973586461633,0,0,0,0,0,124.853650664477,135.667029391615,0,0,82.4756938751058,0,0,67.8267069095267,0,0,157.852515740516,0,225.013371621378,138.425725342224,0,0,0,0,211.840482897052,94.8881692391942,0,190.185165668632,193.055010680236,0,0,183.786860782462,0,0,0,128.846764897717,74.5815074003433,220.963068032256,199.492852797962,115.332064605654,255.441154257905
0,0,0,0,0,61.0664810463559,0,242.790381480436,0,0,0,0,0,0,0,0,0,0,0,0,0,0,0,211.840482897052,0,0,81.2827395071039,241.682021696872,0,0,0,0,0,125.416941482916,76.5072790361762,0,206.912707094411,0,0,178.683678585178,177.763106506206
228.792310020318,0,0,0,0,0,0,155.901486485736,0,0,195.314816908693,96.5937438588657,0,66.5008477853491,250.461724766314,215.611029055736,0,112.823430872325,300.031143529538,0,0,0,192.601533877686,94.8881692391942,0,0,0,219.040656038919,197.893790332676,240.185081663983,175.196329314064,0,0,320.356811100276,0,0,161.302948562323,347.376449530863,0,82.1742780037132,231.715271819474
87.8456058929559,0,0,181.316358113209,84.3635741045246,348.674510760064,0,101.350815329073,0,0,0,160.530221557972,0,0,0,0,0,283.248188884028,0,0,139.654362654449,0,0,0,81.2827395071039,0,0,0,111.226326353722,74.4197823064597,0,179.718364159796,136.685314494491,174.013630695256,161.275817184598,159.183173818572,98.6790043377568,0,180.355266595273,249.905610015455,106.128596538706
70.4221432298295,0,106.926813611922,0,0,241.57250333243,153.609372090384,0,0,231.050882209,151.075371308616,115.541295036174,95.7590805983148,345.797434674459,192.693757128262,119.728129215699,140.574866691684,0,0,119.345624434514,0,224.551207449728,113.144980278377,190.185165668632,241.682021696872,219.040656038919,0,0,325.937289045041,0,0,204.481117647118,0,89.707245288964,73.1029054543569,136.792307586862,106.533627130087,0,150.161410108805,124.698445421759,262.382215657622
0,195.378266313867,0,0,148.808626413748,0,90.1317194604647,0,0,178.224497384947,154.070293657878,94.126460729827,0,172.892533368851,0,280.376028997576,0,198.528111506785,0,169.453147353278,0,0,115.871357769661,193.055010680236,0,197.893790332676,111.226326353722,325.937289045041,0,0,0,153.876396855887,0,261.605527103798,0,0,0,112.349934713559,137.189596148386,154.142998692322,306.344527664232
0,0,0,180.543851962045,142.054529471577,0,0,0,0,173.059382066957,161.694997919804,0,0,0,0,0,99.3508940827211,0,0,0,0,0,0,0,0,240.185081663983,74.4197823064597,0,0,0,0,0,0,0,110.384905066973,0,0,153.672550905948,89.3673883748406,89.1590885155172,0
0,0,0,0,85.6072705949986,0,0,0,0,0,0,0,0,0,0,0,145.74089716123,0,0,0,0,0,0,0,0,175.196329314064,0,0,0,0,0,0,0,97.5855511246009,0,0,146.465927798921,0,0,125.81518738273,0
0,0,0,180.90030328818,0,0,0,0,0,0,0,82.6426202489162,0,0,0,0,0,219.430938885781,0,0,223.705816669619,0,0,183.786860782462,0,0,179.718364159796,204.481117647118,153.876396855887,0,0,0,0,206.472608421747,321.864157986053,0,198.964527389285,0,0,0,0
0,0,0,0,0,0,71.5579325720569,0,0,0,0,0,0,217.157696745803,0,0,0,0,0,62.311273509377,0,0,0,0,0,0,136.685314494491,0,0,0,0,0,0,0,0,0,0,0,0,0,104.915316975638
0,116.176698124939,0,0,0,276.620869034647,0,195.822649557859,85.7623170715703,139.792601838991,0,72.2278283150671,135.294330067913,205.09013266389,94.7280504127031,178.748963182352,0,0,0,80.8080171296381,184.249961885477,134.566479261133,0,0,125.416941482916,320.356811100276,174.013630695256,89.707245288964,261.605527103798,0,97.5855511246009,206.472608421747,0,0,114.649126378906,137.177378802006,0,151.036729364761,90.7216186966914,134.960780198024,208.005106191961
0,193.63278243493,0,219.078548227669,0,97.3232815600345,0,81.9664354533492,161.74915061469,306.640284138334,108.136066660554,168.241326865882,0,146.814226519809,188.851177466023,309.997227542691,0,0,112.793316814908,0,0,108.381749703452,241.635434294794,0,76.5072790361762,0,161.275817184598,73.1029054543569,0,110.384905066973,0,321.864157986053,0,114.649126378906,0,0,115.868441404982,220.901129804706,259.442917595754,143.005810983322,96.7845769653343
200.878319874537,0,227.504408813069,0,0,118.522099274347,153.453047983244,0,0,128.530575464043,218.045528847001,171.906398392157,0,146.99041817625,173.001559092555,0,0,0,0,98.417953423071,0,0,0,128.846764897717,0,0,159.183173818572,136.792307586862,0,0,0,0,0,137.177378802006,0,0,117.208001126138,192.135034768848,92.5207898118833,164.032723165762,139.93285932648
0,0,0,100.812745974529,209.996727521564,335.371040201042,115.194491798135,214.116367924649,212.592150359921,167.066576495979,0,196.04190773555,0,187.77054666536,154.065933476765,173.538155409849,163.945208919892,338.131802716296,171.230058197369,137.239127032733,141.204637091722,329.719143597451,111.435629183184,74.5815074003433,206.912707094411,161.302948562323,98.6790043377568,106.533627130087,0,0,146.465927798921,198.964527389285,0,0,115.868441404982,117.208001126138,0,98.2230592632363,197.486504603685,154.784755881607,0
0,0,0,0,0,357.423078228283,224.523755099568,0,161.325017232684,269.936825670274,138.33942793804,0,0,114.511014214502,163.059043292369,0,113.059176128709,0,0,323.781250289068,115.114253591495,0,0,220.963068032256,0,347.376449530863,0,0,112.349934713559,153.672550905948,0,0,0,151.036729364761,220.901129804706,192.135034768848,98.2230592632363,0,284.529238481835,0,155.24952173131
0,0,0,133.984214699576,0,0,0,103.519938150021,0,0,0,62.859596780235,0,0,0,0,0,0,169.742003380707,0,0,0,0,199.492852797962,0,0,180.355266595273,150.161410108805,137.189596148386,89.3673883748406,0,0,0,90.7216186966914,259.442917595754,92.5207898118833,197.486504603685,284.529238481835,0,101.443495235174,0
0,0,226.825099357786,165.597665022977,0,0,205.183249704085,75.4497121078207,0,0,0,0,0,106.33736463831,321.124897279917,92.5568465385234,0,236.681907140956,0,131.969743415579,146.770754374523,0,196.032358954952,115.332064605654,178.683678585178,82.1742780037132,249.905610015455,124.698445421759,154.142998692322,89.1590885155172,125.81518738273,0,0,134.960780198024,143.005810983322,164.032723165762,154.784755881607,0,101.443495235174,0,221.805809452716
0,0,0,228.075434767255,73.4795582048751,0,0,222.053792850439,173.201474590904,0,0,259.055025639447,0,289.631679007608,0,0,0,0,0,303.527509149359,204.084074037941,0,251.098274723989,255.441154257905,177.763106506206,231.715271819474,106.128596538706,262.382215657622,306.344527664232,0,0,0,104.915316975638,208.005106191961,96.7845769653343,139.93285932648,0,155.24952173131,0,221.805809452716,0
