0,0,0,115.541295036174,0,0,0,0,0,0,0,0,0,0,0,0,0,0,0,116.054372245433,0,0,0,0,0,0,0,0,74.5815074003433,0,0,0,0,0,0,104.915316975638,128.405764333981,0,0,0,226.825099357786
0,0,0,0,0,0,0,217.157696745803,0,0,0,0,0,0,0,240.185081663983,0,0,0,151.036729364761,0,0,0,0,0,0,0,75.4497121078207,0,0,0,0,0,0,0,241.682021696872,0,0,133.984214699576,202.712457066107,0
0,0,0,0,0,0,0,0,0,0,0,0,0,0,0,0,0,0,0,0,0,0,0,82.6299537488922,0,94.7529894315991,0,0,0,0,0,195.314816908693,0,0,0,0,0,192.601533877686,0,100.812745974529,0
115.541295036174,0,0,0,0,0,0,0,0,204.084074037941,118.522099274347,157.852515740516,0,0,0,0,253.401634605989,180.90030328818,0,0,0,0,150.161410108805,0,205.839960264176,0,0,0,0,0,89.1590885155172,228.792310020318,0,0,250.461724766314,0,136.685314494491,0,0,72.2278283150671,0
0,0,0,0,0,106.33736463831,0,172.892533368851,0,138.425725342224,0,219.078548227669,0,0,0,161.302948562323,0,154.070293657878,122.106946855269,92.5568465385234,0,0,0,0,0,0,155.901486485736,0,98.6790043377568,0,0,0,158.567996645797,0,184.249961885477,0,0,232.945974238958,0,0,201.100640800745
0,0,0,0,106.33736463831,0,247.66948903751,0,0,0,0,209.996727521564,0,0,0,0,0,0,0,236.681907140956,0,0,0,153.876396855887,0,194.442125915551,0,153.609372090384,101.605593487621,192.135034768848,0,0,280.376028997576,168.241326865882,353.822894641502,0,161.325017232684,0,0,0,94.9380989123498
0,0,0,0,0,247.66948903751,0,61.0664810463559,0,0,329.719143597451,206.472608421747,0,0,0,0,0,0,0,0,0,0,0,335.371040201042,0,82.4756938751058,90.1317194604647,146.770754374523,112.793316814908,0,0,94.7280504127031,0,169.453147353278,320.356811100276,0,125.81518738273,0,0,0,0
0,217.157696745803,0,0,172.892533368851,0,61.0664810463559,0,0,193.63278243493,0,0,0,0,0,276.620869034647,0,0,0,115.868441404982,215.611029055736,0,137.177378802006,179.718364159796,0,160.530221557972,0,0,0,0,0,249.905610015455,0,167.066576495979,97.5855511246009,0,80.8080171296381,0,171.230058197369,151.695570509541,0
0,0,0,0,0,0,0,0,0,119.728129215699,0,0,0,158.955087279859,197.893790332676,0,0,0,163.059043292369,0,0,0,0,0,0,192.693757128262,0,348.674510760064,0,0,0,0,0,96.5937438588657,136.792307586862,325.937289045041,106.926813611922,0,94.8881692391942,0,0
0,0,0,204.084074037941,138.425725342224,0,0,193.63278243493,119.728129215699,0,146.465927798921,345.797434674459,0,0,0,0,0,0,213.67670887414,0,0,0,0,161.694997919804,0,188.851177466023,269.936825670274,306.344527664232,0,0,173.201474590904,0,0,89.9429017381717,164.032723165762,221.805809452716,338.131802716296,0,0,214.116367924649,73.1029054543569
0,0,0,118.522099274347,0,0,329.719143597451,0,0,146.465927798921,0,0,0,151.806152521152,0,193.659409924573,0,0,0,141.204637091722,0,0,300.031143529538,142.385058730083,0,116.176698124939,114.649126378906,111.435629183184,159.183173818572,0,0,0,0,131.969743415579,145.74089716123,191.519780382943,0,0,180.543851962045,0,0
0,0,0,157.852515740516,219.078548227669,209.996727521564,206.472608421747,0,0,345.797434674459,0,0,0,284.529238481835,0,0,0,146.814226519809,241.635434294794,0,193.777661225572,81.2827395071039,0,196.04190773555,0,259.442917595754,99.2646516363145,135.294330067913,225.013371621378,0,0,323.781250289068,0,309.997227542691,0,177.763106506206,0,212.592150359921,0,231.715271819474,140.574866691684
0,0,0,0,0,0,0,0,0,0,0,0,0,0,0,0,0,0,0,0,0,0,0,0,0,0,87.8456058929559,198.964527389285,0,0,0,195.378266313867,0,193.055010680236,67.8267069095267,82.6426202489162,0,0,0,0,0
0,0,0,0,0,0,0,0,158.955087279859,0,151.806152521152,284.529238481835,0,0,0,0,0,0,0,120.912756812582,0,0,101.350815329073,0,154.142998692322,204.481117647118,263.534399241887,0,219.040656038919,0,0,0,0,0,224.551207449728,0,134.960780198024,199.492852797962,0,128.846764897717,115.114253591495
0,0,0,0,0,0,0,0,197.893790332676,0,0,0,0,0,0,0,111.226326353722,0,0,0,0,0,227.504408813069,174.013630695256,139.654362654449,261.605527103798,95.7590805983148,0,0,223.705816669619,0,0,0,222.053792850439,0,0,165.893015276821,205.183249704085,89.707245288964,0,0
0,240.185081663983,0,0,161.302948562323,0,0,276.620869034647,0,0,193.659409924573,0,0,0,0,0,0,0,0,0,0,0,0,0,0,190.185165668632,0,262.382215657622,0,314.611698427915,0,0,0,241.57250333243,0,124.853650664477,97.3232815600345,70.4221432298295,0,0,0
0,0,0,253.401634605989,0,0,0,0,0,0,0,0,0,0,111.226326353722,0,0,0,183.786860782462,171.906398392157,0,0,169.742003380707,0,0,0,0,0,108.381749703452,0,0,0,0,0,106.533627130087,0,93.5029580098427,0,181.316358113209,197.486504603685,0
0,0,0,180.90030328818,154.070293657878,0,0,0,0,0,0,146.814226519809,0,0,0,0,0,0,0,0,0,0,0,205.09013266389,0,0,0,0,306.640284138334,0,0,0,0,90.7216186966914,0,142.054529471577,62.311273509377,165.597665022977,0,0,0
0,0,0,0,122.106946855269,0,0,0,163.059043292369,213.67670887414,0,241.635434294794,0,0,0,0,183.786860782462,0,0,0,208.005106191961,0,0,0,219.430938885781,0,0,58.3493451392805,0,0,0,0,0,81.9664354533492,0,153.672550905948,0,0,0,178.748963182352,175.196329314064
116.054372245433,151.036729364761,0,0,92.5568465385234,236.681907140956,0,115.868441404982,0,0,141.204637091722,0,0,120.912756812582,0,0,171.906398392157,0,0,0,0,0,0,0,0,173.001559092555,0,178.683678585178,138.33942793804,101.5853655613,0,0,134.566479261133,0,200.878319874537,0,85.7623170715703,186.348837226466,0,0,198.528111506785
0,0,0,0,0,0,0,215.611029055736,0,0,0,193.777661225572,0,0,0,0,0,0,208.005106191961,0,0,0,0,0,92.5207898118833,92.3502314520023,139.93285932648,173.538155409849,0,0,0,0,0,0,112.349934713559,357.423078228283,283.248188884028,71.5579325720569,0,94.027247878695,128.530575464043
0,0,0,0,0,0,0,0,0,0,0,81.2827395071039,0,0,0,0,0,0,0,0,0,0,0,0,0,0,180.355266595273,115.332064605654,0,283.88658203332,0,0,0,178.224497384947,0,0,0,249.798812580765,0,303.527509149359,133.218162784108
0,0,0,150.161410108805,0,0,0,137.177378802006,0,0,300.031143529538,0,0,101.350815329073,227.504408813069,0,169.742003380707,0,0,0,0,0,0,261.440278806413,0,0,211.840482897052,114.511014214502,0,0,104.369974912428,0,0,62.859596780235,321.124897279917,0,113.059176128709,0,163.945208919892,0,155.24952173131
0,0,82.6299537488922,0,0,153.876396855887,335.371040201042,179.718364159796,0,161.694997919804,142.385058730083,196.04190773555,0,0,174.013630695256,0,0,205.09013266389,0,0,0,0,261.440278806413,0,0,0,0,162.833808134102,188.936291522747,153.453047983244,117.208001126138,0,0,196.032358954952,96.7845769653343,0,115.194491798135,0,0,238.934743274142,98.2230592632363
0,0,0,205.839960264176,0,0,0,0,0,0,0,0,0,154.142998692322,139.654362654449,0,0,0,219.430938885781,0,92.5207898118833,0,0,0,0,0,0,0,201.44584889478,228.075434767255,0,0,0,0,0,0,186.973586461633,161.74915061469,0,206.912707094411,0
0,0,94.7529894315991,0,0,194.442125915551,82.4756938751058,160.530221557972,192.693757128262,188.851177466023,116.176698124939,259.442917595754,0,204.481117647118,261.605527103798,190.185165668632,0,0,0,173.001559092555,92.3502314520023,0,0,0,0,0,242.790381480436,0,93.4234866874731,0,0,0,0,151.01089327964,143.005810983322,0,195.822649557859,0,0,220.963068032256,108.136066660554
0,0,0,0,155.901486485736,0,90.1317194604647,0,0,269.936825670274,114.649126378906,99.2646516363145,87.8456058929559,263.534399241887,95.7590805983148,0,0,0,0,0,139.93285932648,180.355266595273,211.840482897052,0,0,242.790381480436,0,101.85207633558,84.3635741045246,0,0,0,0,0,73.4795582048751,0,124.698445421759,78.9559315574845,74.4197823064597,80.4367166559625,71.4788760670054
0,75.4497121078207,0,0,0,153.609372090384,146.770754374523,0,348.674510760064,306.344527664232,111.435629183184,135.294330067913,198.964527389285,0,0,262.382215657622,0,0,58.3493451392805,178.683678585178,173.538155409849,115.332064605654,114.511014214502,162.833808134102,0,0,101.85207633558,0,347.376449530863,154.784755881607,0,321.864157986053,0,137.239127032733,218.045528847001,224.523755099568,137.189596148386,103.519938150021,94.126460729827,113.144980278377,82.1742780037132
74.5815074003433,0,0,0,98.6790043377568,101.605593487621,112.793316814908,0,0,0,159.183173818572,225.013371621378,0,219.040656038919,0,0,108.381749703452,306.640284138334,0,138.33942793804,0,0,0,188.936291522747,201.44584889478,93.4234866874731,84.3635741045246,347.376449530863,0,0,0,0,0,109.093416850988,125.416941482916,119.345624434514,172.608400267715,0,160.537522273714,231.050882209,0
0,0,0,0,0,192.135034768848,0,0,0,0,0,0,0,0,223.705816669619,314.611698427915,0,0,0,101.5853655613,0,283.88658203332,0,153.453047983244,228.075434767255,0,0,154.784755881607,0,0,0,0,0,0,0,255.441154257905,0,0,0,85.6072705949986,187.77054666536
0,0,0,89.1590885155172,0,0,0,0,0,173.201474590904,0,0,0,0,0,0,0,0,0,0,0,0,104.369974912428,117.208001126138,0,0,0,0,0,0,0,0,0,0,0,0,76.5072790361762,0,139.792601838991,0,0
0,0,195.314816908693,228.792310020318,0,0,94.7280504127031,249.905610015455,0,0,0,323.781250289068,195.378266313867,0,0,0,0,0,0,0,0,0,0,0,0,0,0,321.864157986053,0,0,0,0,0,98.417953423071,0,115.871357769661,259.055025639447,154.065933476765,0,0,0
0,0,0,0,158.567996645797,280.376028997576,0,0,0,0,0,0,0,0,0,0,0,0,0,134.566479261133,0,0,0,0,0,0,0,0,0,0,0,0,0,0,89.3673883748406,0,0,0,0,120.567029282014,0
0,0,0,0,0,168.241326865882,169.453147353278,167.066576495979,96.5937438588657,89.9429017381717,131.969743415579,309.997227542691,193.055010680236,0,222.053792850439,241.57250333243,0,90.7216186966914,81.9664354533492,0,0,178.224497384947,62.859596780235,196.032358954952,0,151.01089327964,0,137.239127032733,109.093416850988,0,0,98.417953423071,0,0,106.128596538706,101.443495235174,252.487290983309,112.823430872325,110.384905066973,125.994729980093,101.895308036513
0,0,0,250.461724766314,184.249961885477,353.822894641502,320.356811100276,97.5855511246009,136.792307586862,164.032723165762,145.74089716123,0,67.8267069095267,224.551207449728,0,0,106.533627130087,0,0,200.878319874537,112.349934713559,0,321.124897279917,96.7845769653343,0,143.005810983322,73.4795582048751,218.045528847001,125.416941482916,0,0,0,89.3673883748406,106.128596538706,0,289.631679007608,99.3508940827211,74.7304794244225,0,148.808626413748,0
104.915316975638,241.682021696872,0,0,0,0,0,0,325.937289045041,221.805809452716,191.519780382943,177.763106506206,82.6426202489162,0,0,124.853650664477,0,142.054529471577,153.672550905948,0,357.423078228283,0,0,0,0,0,0,224.523755099568,119.345624434514,255.441154257905,0,115.871357769661,0,101.443495235174,289.631679007608,0,333.645516435298,0,0,0,220.901129804706
128.405764333981,0,0,136.685314494491,0,161.325017232684,125.81518738273,80.8080171296381,106.926813611922,338.131802716296,0,0,0,134.960780198024,165.893015276821,97.3232815600345,93.5029580098427,62.311273509377,0,85.7623170715703,283.248188884028,0,113.059176128709,115.194491798135,186.973586461633,195.822649557859,124.698445421759,137.189596148386,172.608400267715,0,76.5072790361762,259.055025639447,0,252.487290983309,99.3508940827211,333.645516435298,0,151.075371308616,146.99041817625,251.098274723989,66.5008477853491
0,0,192.601533877686,0,232.945974238958,0,0,0,0,0,0,212.592150359921,0,199.492852797962,205.183249704085,70.4221432298295,0,165.597665022977,0,186.348837226466,71.5579325720569,249.798812580765,0,0,161.74915061469,0,78.9559315574845,103.519938150021,0,0,0,154.065933476765,0,112.823430872325,74.7304794244225,0,151.075371308616,0,173.059382066957,78.8552325762656,97.3506957544063
0,133.984214699576,0,0,0,0,0,171.230058197369,94.8881692391942,0,180.543851962045,0,0,0,89.707245288964,0,181.316358113209,0,0,0,0,0,163.945208919892,0,0,0,74.4197823064597,94.126460729827,160.537522273714,0,139.792601838991,0,0,110.384905066973,0,0,146.99041817625,173.059382066957,0,161.275817184598,0
0,202.712457066107,100.812745974529,72.2278283150671,0,0,0,151.695570509541,0,214.116367924649,0,231.715271819474,0,128.846764897717,0,0,197.486504603685,0,178.748963182352,0,94.027247878695,303.527509149359,0,238.934743274142,206.912707094411,220.963068032256,80.4367166559625,113.144980278377,231.050882209,85.6072705949986,0,0,120.567029282014,125.994729980093,148.808626413748,0,251.098274723989,78.8552325762656,161.275817184598,0,135.667029391615
226.825099357786,0,0,0,201.100640800745,94.9380989123498,0,0,0,73.1029054543569,0,140.574866691684,0,115.114253591495,0,0,0,0,175.196329314064,198.528111506785,128.530575464043,133.218162784108,155.24952173131,98.2230592632363,0,108.136066660554,71.4788760670054,82.1742780037132,0,187.77054666536,0,0,0,101.895308036513,0,220.901129804706,66.5008477853491,97.3506957544063,0,135.667029391615,0
