0,0,0,0,167.066576495979,0,0,0,0,221.805809452716,0,0,0,148.808626413748,0,0,0,0,0,0,0,0,0,0,0,0,0,0,0,0,0,0,0,222.053792850439,0,0,0,0,0,115.868441404982,137.189596148386
0,0,0,0,0,0,0,0,0,0,0,0,0,158.955087279859,0,0,0,0,0,0,0,0,0,0,0,0,0,0,142.385058730083,96.5937438588657,0,0,0,151.806152521152,0,172.892533368851,0,0,0,140.574866691684,249.798812580765
0,0,0,0,0,0,0,0,0,0,0,0,0,0,0,0,0,0,0,0,0,0,0,0,0,0,0,100.812745974529,146.770754374523,0,0,0,0,133.218162784108,0,0,178.224497384947,0,0,116.176698124939,0
0,0,0,0,184.249961885477,128.530575464043,238.934743274142,0,0,0,0,0,0,0,113.059176128709,92.5568465385234,0,0,0,283.248188884028,0,0,0,0,0,0,0,214.116367924649,0,0,178.748963182352,0,0,263.534399241887,224.551207449728,0,259.442917595754,0,0,283.88658203332,82.6299537488922
167.066576495979,0,0,184.249961885477,0,70.4221432298295,0,0,0,0,0,0,198.964527389285,0,180.543851962045,0,0,0,161.694997919804,192.601533877686,0,0,0,0,0,0,0,0,82.1742780037132,0,0,89.3673883748406,0,0,232.945974238958,0,180.355266595273,0,177.763106506206,125.81518738273,333.645516435298
0,0,0,128.530575464043,70.4221432298295,0,0,154.142998692322,153.672550905948,0,0,220.963068032256,0,74.7304794244225,0,0,0,146.99041817625,0,142.054529471577,0,0,209.996727521564,0,0,146.814226519809,0,0,153.609372090384,0,0,0,0,163.945208919892,114.649126378906,0,309.997227542691,0,0,0,0
0,0,0,238.934743274142,0,0,0,120.567029282014,0,196.032358954952,0,199.492852797962,0,0,0,110.384905066973,0,178.683678585178,0,195.378266313867,0,0,0,0,0,0,194.442125915551,80.4367166559625,314.611698427915,0,188.851177466023,0,0,101.350815329073,0,0,104.915316975638,0,0,0,0
0,0,0,0,0,154.142998692322,120.567029282014,0,0,219.040656038919,112.349934713559,0,0,0,0,0,0,0,0,197.893790332676,161.302948562323,0,180.90030328818,139.792601838991,0,0,195.822649557859,193.63278243493,146.465927798921,303.527509149359,0,112.823430872325,0,94.7280504127031,0,0,228.075434767255,0,0,66.5008477853491,0
0,0,0,0,0,153.672550905948,0,0,0,208.005106191961,0,0,0,0,0,0,169.742003380707,0,0,0,0,0,0,252.487290983309,0,217.157696745803,0,89.707245288964,106.33736463831,0,0,0,0,211.840482897052,200.878319874537,0,225.013371621378,0,0,0,262.382215657622
221.805809452716,0,0,0,0,0,196.032358954952,219.040656038919,208.005106191961,0,227.504408813069,0,115.114253591495,98.6790043377568,74.4197823064597,0,0,0,0,0,240.185081663983,0,0,0,204.481117647118,120.912756812582,247.66948903751,94.9380989123498,0,0,0,0,0,82.6426202489162,348.674510760064,78.8552325762656,212.592150359921,323.781250289068,0,0,0
0,0,0,0,0,0,0,112.349934713559,0,227.504408813069,0,103.519938150021,289.631679007608,0,0,0,0,0,0,0,186.348837226466,0,0,0,201.100640800745,92.3502314520023,164.032723165762,84.3635741045246,191.519780382943,0,0,0,0,192.693757128262,122.106946855269,124.698445421759,220.901129804706,125.994729980093,0,115.871357769661,0
0,0,0,0,0,220.963068032256,199.492852797962,0,0,0,103.519938150021,0,0,0,0,0,136.685314494491,0,108.136066660554,58.3493451392805,0,0,357.423078228283,195.314816908693,0,92.5207898118833,218.045528847001,153.453047983244,0,205.839960264176,93.4234866874731,143.005810983322,0,173.001559092555,0,151.075371308616,94.027247878695,219.430938885781,345.797434674459,347.376449530863,118.522099274347
0,0,0,0,198.964527389285,0,0,0,0,115.114253591495,289.631679007608,0,0,0,0,0,0,0,0,0,0,0,0,89.9429017381717,0,306.344527664232,0,0,0,0,0,0,0,0,0,0,0,157.852515740516,0,0,0
148.808626413748,158.955087279859,0,0,0,74.7304794244225,0,0,0,98.6790043377568,0,0,0,0,224.523755099568,85.6072705949986,284.529238481835,0,0,0,0,0,0,155.24952173131,0,0,0,173.201474590904,228.792310020318,0,0,0,0,0,94.7529894315991,0,249.905610015455,162.833808134102,0,154.065933476765,0
0,0,0,113.059176128709,180.543851962045,0,0,0,0,74.4197823064597,0,0,0,224.523755099568,0,0,173.059382066957,0,0,0,0,0,269.936825670274,73.1029054543569,0,0,0,0,85.7623170715703,0,0,0,0,0,0,0,242.790381480436,106.533627130087,0,198.528111506785,106.926813611922
0,0,0,92.5568465385234,0,0,110.384905066973,0,0,0,0,0,0,85.6072705949986,0,0,0,0,0,165.597665022977,0,0,0,111.226326353722,0,0,119.345624434514,114.511014214502,0,99.3508940827211,0,0,0,241.635434294794,135.667029391615,0,160.530221557972,0,0,0,0
0,0,0,0,0,0,0,0,169.742003380707,0,0,136.685314494491,0,284.529238481835,173.059382066957,0,0,0,0,0,0,0,90.1317194604647,0,0,0,0,187.77054666536,154.784755881607,62.311273509377,0,0,0,94.126460729827,0,0,204.084074037941,0,0,0,0
0,0,0,0,0,146.99041817625,178.683678585178,0,0,0,0,0,0,0,0,0,0,0,241.682021696872,124.853650664477,0,0,0,0,75.4497121078207,98.2230592632363,0,0,0,0,0,0,0,255.441154257905,0,0,0,202.712457066107,155.901486485736,0,0
0,0,0,0,161.694997919804,0,0,0,0,0,0,108.136066660554,0,0,0,0,0,241.682021696872,0,0,171.906398392157,0,0,67.8267069095267,0,76.5072790361762,0,183.786860782462,0,0,0,173.538155409849,0,78.9559315574845,106.128596538706,0,0,97.5855511246009,0,0,134.566479261133
0,0,0,283.248188884028,192.601533877686,142.054529471577,195.378266313867,197.893790332676,0,0,0,58.3493451392805,0,0,0,165.597665022977,0,124.853650664477,0,0,0,0,0,0,0,188.936291522747,335.371040201042,151.01089327964,280.376028997576,0,0,0,236.681907140956,201.44584889478,0,111.435629183184,117.208001126138,0,0,251.098274723989,0
0,0,0,0,0,0,0,161.302948562323,0,240.185081663983,186.348837226466,0,0,0,0,0,0,0,171.906398392157,0,0,169.453147353278,161.74915061469,0,0,168.241326865882,101.895308036513,81.2827395071039,0,0,0,0,0,0,0,128.846764897717,253.401634605989,0,0,150.161410108805,61.0664810463559
0,0,0,0,0,0,0,0,0,0,0,0,0,0,0,0,0,0,0,0,169.453147353278,0,206.472608421747,0,0,112.793316814908,139.654362654449,0,0,0,0,0,0,108.381749703452,89.1590885155172,0,94.8881692391942,0,0,276.620869034647,0
0,0,0,0,0,209.996727521564,0,180.90030328818,0,0,0,357.423078228283,0,0,269.936825670274,0,90.1317194604647,0,0,0,161.74915061469,206.472608421747,0,172.608400267715,0,0,99.2646516363145,141.204637091722,95.7590805983148,0,0,329.719143597451,0,0,197.486504603685,115.332064605654,0,0,0,139.93285932648,0
0,0,0,0,0,0,0,139.792601838991,252.487290983309,0,0,195.314816908693,89.9429017381717,155.24952173131,73.1029054543569,111.226326353722,0,0,67.8267069095267,0,0,0,172.608400267715,0,0,82.4756938751058,192.135034768848,71.5579325720569,0,0,0,0,0,135.294330067913,72.2278283150671,0,115.194491798135,161.325017232684,320.356811100276,241.57250333243,74.5815074003433
0,0,0,0,0,0,0,0,0,204.481117647118,201.100640800745,0,0,0,0,0,0,75.4497121078207,0,0,0,0,0,0,0,0,109.093416850988,0,0,0,0,0,0,0,128.405764333981,190.185165668632,300.031143529538,0,116.054372245433,98.417953423071,101.85207633558
0,0,0,0,0,146.814226519809,0,0,217.157696745803,120.912756812582,92.3502314520023,92.5207898118833,306.344527664232,0,0,0,0,98.2230592632363,76.5072790361762,188.936291522747,168.241326865882,112.793316814908,0,82.4756938751058,0,0,104.369974912428,151.695570509541,226.825099357786,125.416941482916,0,101.5853655613,0,0,0,161.275817184598,0,186.973586461633,0,138.33942793804,0
0,0,0,0,0,0,194.442125915551,195.822649557859,0,247.66948903751,164.032723165762,218.045528847001,0,0,0,119.345624434514,0,0,0,335.371040201042,101.895308036513,139.654362654449,99.2646516363145,192.135034768848,109.093416850988,104.369974912428,0,137.177378802006,138.425725342224,0,0,0,0,0,231.050882209,174.013630695256,97.3232815600345,0,145.74089716123,0,250.461724766314
0,0,100.812745974529,214.116367924649,0,0,80.4367166559625,193.63278243493,89.707245288964,94.9380989123498,84.3635741045246,153.453047983244,0,173.201474590904,0,114.511014214502,187.77054666536,0,183.786860782462,151.01089327964,81.2827395071039,0,141.204637091722,71.5579325720569,0,151.695570509541,137.177378802006,0,171.230058197369,0,0,134.960780198024,193.659409924573,0,193.777661225572,0,97.3506957544063,154.070293657878,151.036729364761,153.876396855887,90.7216186966914
0,142.385058730083,146.770754374523,0,82.1742780037132,153.609372090384,314.611698427915,146.465927798921,106.33736463831,0,191.519780382943,0,0,228.792310020318,85.7623170715703,0,154.784755881607,0,0,280.376028997576,0,0,95.7590805983148,0,0,226.825099357786,138.425725342224,171.230058197369,0,131.969743415579,0,0,0,0,223.705816669619,71.4788760670054,113.144980278377,0,0,175.196329314064,0
0,96.5937438588657,0,0,0,0,0,303.527509149359,0,0,0,205.839960264176,0,0,0,99.3508940827211,62.311273509377,0,0,0,0,0,0,0,0,125.416941482916,0,0,131.969743415579,0,0,0,0,0,179.718364159796,136.792307586862,0,215.611029055736,0,0,259.055025639447
0,0,0,178.748963182352,0,0,188.851177466023,0,0,0,0,93.4234866874731,0,0,0,0,0,0,0,0,0,0,0,0,0,0,0,0,0,0,0,0,0,163.059043292369,0,93.5029580098427,0,133.984214699576,0,0,0
0,0,0,0,89.3673883748406,0,0,112.823430872325,0,0,0,143.005810983322,0,0,0,0,0,0,173.538155409849,0,0,0,329.719143597451,0,0,101.5853655613,0,134.960780198024,0,0,0,0,0,338.131802716296,80.8080171296381,0,205.09013266389,119.728129215699,0,0,0
0,0,0,0,0,0,0,0,0,0,0,0,0,0,0,0,0,0,0,236.681907140956,0,0,0,0,0,0,0,193.659409924573,0,0,0,0,0,101.605593487621,0,0,0,0,205.183249704085,0,115.541295036174
222.053792850439,151.806152521152,133.218162784108,263.534399241887,0,163.945208919892,101.350815329073,94.7280504127031,211.840482897052,82.6426202489162,192.693757128262,173.001559092555,0,0,0,241.635434294794,94.126460729827,255.441154257905,78.9559315574845,201.44584889478,0,108.381749703452,0,135.294330067913,0,0,0,0,0,0,163.059043292369,338.131802716296,101.605593487621,0,213.67670887414,0,159.183173818572,62.859596780235,193.055010680236,0,325.937289045041
0,0,0,224.551207449728,232.945974238958,114.649126378906,0,0,200.878319874537,348.674510760064,122.106946855269,0,0,94.7529894315991,0,135.667029391615,0,0,106.128596538706,0,0,89.1590885155172,197.486504603685,72.2278283150671,128.405764333981,0,231.050882209,193.777661225572,223.705816669619,179.718364159796,0,80.8080171296381,0,213.67670887414,0,219.078548227669,101.443495235174,196.04190773555,306.640284138334,181.316358113209,353.822894641502
0,172.892533368851,0,0,0,0,0,0,0,78.8552325762656,124.698445421759,151.075371308616,0,0,0,0,0,0,0,111.435629183184,128.846764897717,0,115.332064605654,0,190.185165668632,161.275817184598,174.013630695256,0,71.4788760670054,136.792307586862,93.5029580098427,0,0,0,219.078548227669,0,261.440278806413,158.567996645797,73.4795582048751,261.605527103798,160.537522273714
0,0,178.224497384947,259.442917595754,180.355266595273,309.997227542691,104.915316975638,228.075434767255,225.013371621378,212.592150359921,220.901129804706,94.027247878695,0,249.905610015455,242.790381480436,160.530221557972,204.084074037941,0,0,117.208001126138,253.401634605989,94.8881692391942,0,115.194491798135,300.031143529538,0,97.3232815600345,97.3506957544063,113.144980278377,0,0,205.09013266389,0,159.183173818572,101.443495235174,261.440278806413,0,231.715271819474,165.893015276821,321.864157986053,321.124897279917
0,0,0,0,0,0,0,0,0,323.781250289068,125.994729980093,219.430938885781,157.852515740516,162.833808134102,106.533627130087,0,0,202.712457066107,97.5855511246009,0,0,0,0,161.325017232684,0,186.973586461633,0,154.070293657878,0,215.611029055736,133.984214699576,119.728129215699,0,62.859596780235,196.04190773555,158.567996645797,231.715271819474,0,96.7845769653343,137.239127032733,0
0,0,0,0,177.763106506206,0,0,0,0,0,0,345.797434674459,0,0,0,0,0,155.901486485736,0,0,0,0,0,320.356811100276,116.054372245433,0,145.74089716123,151.036729364761,0,0,0,0,205.183249704085,193.055010680236,306.640284138334,73.4795582048751,165.893015276821,96.7845769653343,0,87.8456058929559,206.912707094411
115.868441404982,140.574866691684,116.176698124939,283.88658203332,125.81518738273,0,0,66.5008477853491,0,0,115.871357769661,347.376449530863,0,154.065933476765,198.528111506785,0,0,0,0,251.098274723989,150.161410108805,276.620869034647,139.93285932648,241.57250333243,98.417953423071,138.33942793804,0,153.876396855887,175.196329314064,0,0,0,0,0,181.316358113209,261.605527103798,321.864157986053,137.239127032733,87.8456058929559,0,81.9664354533492
137.189596148386,249.798812580765,0,82.6299537488922,333.645516435298,0,0,0,262.382215657622,0,0,118.522099274347,0,0,106.926813611922,0,0,0,134.566479261133,0,61.0664810463559,0,0,74.5815074003433,101.85207633558,0,250.461724766314,90.7216186966914,0,259.055025639447,0,0,115.541295036174,325.937289045041,353.822894641502,160.537522273714,321.124897279917,0,206.912707094411,81.9664354533492,0
