0,0,0,0,0,0,0,154.142998692322,0,0,0,249.905610015455,0,347.376449530863,0,0,0,0,221.805809452716,0,0,0,0,0,0,0,0,0,242.790381480436,0,0,0,0,0,0,0,0,0,0,0,143.005810983322
0,0,0,106.33736463831,171.230058197369,0,0,0,0,0,0,0,0,0,192.693757128262,0,0,0,0,0,0,0,0,0,0,0,0,0,0,0,0,0,0,0,97.3232815600345,0,198.528111506785,193.659409924573,0,85.7623170715703,0
0,0,0,0,0,0,0,0,0,0,0,0,0,0,0,0,0,125.994729980093,0,0,0,0,261.605527103798,94.7280504127031,0,180.355266595273,0,0,0,0,0,0,0,0,0,0,0,0,0,193.055010680236,0
0,106.33736463831,0,0,0,0,0,261.440278806413,0,80.4367166559625,146.770754374523,0,0,357.423078228283,0,353.822894641502,106.128596538706,0,157.852515740516,0,0,0,0,0,0,0,0,146.814226519809,0,0,0,223.705816669619,0,0,145.74089716123,0,128.530575464043,151.036729364761,0,0,0
0,171.230058197369,0,0,0,193.63278243493,0,192.601533877686,0,108.381749703452,0,0,0,0,0,0,0,0,61.0664810463559,345.797434674459,0,80.8080171296381,0,0,0,201.44584889478,0,222.053792850439,283.248188884028,0,0,0,197.893790332676,202.712457066107,0,0,213.67670887414,0,0,78.8552325762656,0
0,0,0,0,193.63278243493,0,0,0,62.311273509377,250.461724766314,249.798812580765,0,0,82.6299537488922,161.694997919804,0,0,0,0,94.8881692391942,0,0,0,306.640284138334,0,71.4788760670054,0,259.055025639447,0,0,0,112.793316814908,0,0,115.871357769661,0,0,0,0,97.3506957544063,104.369974912428
0,0,0,0,0,0,0,0,0,0,0,0,0,300.031143529538,0,0,0,0,0,0,119.728129215699,75.4497121078207,163.945208919892,0,74.7304794244225,94.7529894315991,0,0,255.441154257905,0,251.098274723989,0,90.1317194604647,90.7216186966914,0,252.487290983309,232.945974238958,0,0,247.66948903751,0
154.142998692322,0,0,261.440278806413,192.601533877686,0,0,0,0,0,0,205.09013266389,0,0,0,208.005106191961,137.189596148386,0,0,0,0,0,0,186.348837226466,219.430938885781,0,0,74.4197823064597,160.537522273714,113.144980278377,220.963068032256,0,0,78.9559315574845,0,321.864157986053,0,154.784755881607,0,165.597665022977,0
0,0,0,0,0,62.311273509377,0,0,0,0,0,0,0,0,0,0,0,0,0,0,0,116.176698124939,161.325017232684,0,0,190.185165668632,161.275817184598,325.937289045041,161.74915061469,71.5579325720569,0,0,0,0,0,136.685314494491,120.912756812582,0,236.681907140956,0,0
0,0,0,80.4367166559625,108.381749703452,250.461724766314,0,0,0,0,280.376028997576,98.2230592632363,0,0,73.4795582048751,321.124897279917,0,0,0,0,219.078548227669,0,153.672550905948,0,0,0,0,137.177378802006,219.040656038919,0,0,0,0,95.7590805983148,201.100640800745,188.851177466023,167.066576495979,195.378266313867,0,115.194491798135,124.698445421759
0,0,0,146.770754374523,0,249.798812580765,0,0,0,280.376028997576,0,173.059382066957,0,0,0,0,0,0,0,0,0,0,0,94.9380989123498,0,74.5815074003433,150.161410108805,125.81518738273,0,66.5008477853491,0,169.453147353278,0,114.649126378906,231.715271819474,0,175.196329314064,0,168.241326865882,58.3493451392805,94.027247878695
249.905610015455,0,0,0,0,0,0,205.09013266389,0,98.2230592632363,173.059382066957,0,0,67.8267069095267,0,164.032723165762,0,0,284.529238481835,97.5855511246009,0,0,0,153.453047983244,0,0,85.6072705949986,110.384905066973,146.99041817625,206.912707094411,0,87.8456058929559,0,122.106946855269,141.204637091722,0,159.183173818572,218.045528847001,217.157696745803,226.825099357786,99.2646516363145
0,0,0,0,0,0,0,0,0,0,0,0,0,133.984214699576,0,0,0,0,0,0,0,0,0,0,0,0,0,101.85207633558,0,0,0,0,0,198.964527389285,154.065933476765,0,158.955087279859,0,0,0,140.574866691684
347.376449530863,0,0,357.423078228283,0,82.6299537488922,300.031143529538,0,0,0,0,67.8267069095267,133.984214699576,0,0,0,0,178.748963182352,0,338.131802716296,0,0,148.808626413748,92.5568465385234,0,0,0,136.792307586862,348.674510760064,227.504408813069,0,0,0,0,0,118.522099274347,0,0,0,0,0
0,192.693757128262,0,0,0,161.694997919804,0,0,0,73.4795582048751,0,0,0,0,0,0,205.839960264176,101.443495235174,211.840482897052,0,200.878319874537,0,0,0,0,0,0,0,93.5029580098427,0,0,0,0,329.719143597451,101.605593487621,0,142.054529471577,204.084074037941,0,0,0
0,0,0,353.822894641502,0,0,0,208.005106191961,0,321.124897279917,0,164.032723165762,0,0,0,0,0,0,0,0,0,0,0,0,0,196.04190773555,194.442125915551,0,82.4756938751058,0,0,0,0,89.1590885155172,142.385058730083,0,81.9664354533492,0,206.472608421747,0,0
0,0,0,106.128596538706,0,0,0,137.189596148386,0,0,0,0,0,0,205.839960264176,0,0,0,0,0,0,0,0,0,0,0,180.543851962045,101.350815329073,0,0,0,0,0,172.892533368851,240.185081663983,283.88658203332,0,161.302948562323,0,225.013371621378,0
0,0,125.994729980093,0,0,0,0,0,0,0,0,0,0,178.748963182352,101.443495235174,0,0,0,0,0,0,0,0,0,0,0,197.486504603685,151.01089327964,153.876396855887,0,0,0,0,314.611698427915,0,0,180.90030328818,0,0,135.294330067913,0
221.805809452716,0,0,157.852515740516,61.0664810463559,0,0,0,0,0,0,284.529238481835,0,0,211.840482897052,0,0,0,0,0,0,0,0,96.5937438588657,204.481117647118,0,139.654362654449,0,151.695570509541,138.425725342224,0,0,0,0,178.224497384947,0,320.356811100276,0,0,0,0
0,0,0,0,345.797434674459,94.8881692391942,0,0,0,0,0,97.5855511246009,0,338.131802716296,0,0,0,0,0,0,228.075434767255,94.126460729827,0,92.3502314520023,73.1029054543569,106.926813611922,224.523755099568,0,0,0,0,181.316358113209,0,0,103.519938150021,111.435629183184,114.511014214502,0,188.936291522747,303.527509149359,138.33942793804
0,0,0,0,0,0,119.728129215699,0,0,219.078548227669,0,0,0,0,200.878319874537,0,0,0,0,228.075434767255,0,0,195.822649557859,155.24952173131,0,0,0,0,174.013630695256,0,0,0,0,92.5207898118833,0,0,98.417953423071,134.960780198024,82.1742780037132,163.059043292369,153.609372090384
0,0,0,0,80.8080171296381,0,75.4497121078207,0,116.176698124939,0,0,0,0,0,0,0,0,0,0,94.126460729827,0,0,0,0,135.667029391615,0,0,195.314816908693,0,0,0,169.742003380707,0,0,113.059176128709,0,0,0,0,0,0
0,0,261.605527103798,0,0,0,163.945208919892,0,161.325017232684,153.672550905948,0,0,0,148.808626413748,0,0,0,0,0,0,195.822649557859,0,0,109.093416850988,0,0,241.57250333243,125.416941482916,0,0,0,0,0,276.620869034647,209.996727521564,139.93285932648,115.868441404982,187.77054666536,0,183.786860782462,0
0,0,94.7280504127031,0,0,306.640284138334,0,186.348837226466,0,0,94.9380989123498,153.453047983244,0,92.5568465385234,0,0,0,0,96.5937438588657,92.3502314520023,155.24952173131,0,109.093416850988,0,89.707245288964,186.973586461633,0,104.915316975638,0,0,0,0,0,112.349934713559,224.551207449728,119.345624434514,98.6790043377568,0,0,128.405764333981,228.792310020318
0,0,0,0,0,0,74.7304794244225,219.430938885781,0,0,0,0,0,0,0,0,0,0,204.481117647118,73.1029054543569,0,135.667029391615,0,89.707245288964,0,124.853650664477,0,84.3635741045246,0,0,0,0,0,111.226326353722,0,0,0,0,70.4221432298295,0,0
0,0,180.355266595273,0,201.44584889478,71.4788760670054,94.7529894315991,0,190.185165668632,0,74.5815074003433,0,0,0,0,196.04190773555,0,0,0,106.926813611922,0,0,0,186.973586461633,124.853650664477,0,259.442917595754,93.4234866874731,0,0,0,131.969743415579,108.136066660554,0,262.382215657622,0,220.901129804706,238.934743274142,128.846764897717,133.218162784108,323.781250289068
0,0,0,0,0,0,0,0,161.275817184598,0,150.161410108805,85.6072705949986,0,0,0,194.442125915551,180.543851962045,197.486504603685,139.654362654449,224.523755099568,0,0,241.57250333243,0,0,259.442917595754,0,117.208001126138,0,0,193.777661225572,0,162.833808134102,155.901486485736,171.906398392157,100.812745974529,0,101.895308036513,112.823430872325,199.492852797962,89.3673883748406
0,0,0,146.814226519809,222.053792850439,259.055025639447,0,74.4197823064597,325.937289045041,137.177378802006,125.81518738273,110.384905066973,101.85207633558,136.792307586862,0,0,101.350815329073,151.01089327964,0,0,0,195.314816908693,125.416941482916,104.915316975638,84.3635741045246,93.4234866874731,117.208001126138,0,0,62.859596780235,0,165.893015276821,0,215.611029055736,158.567996645797,172.608400267715,146.465927798921,0,196.032358954952,72.2278283150671,137.239127032733
242.790381480436,0,0,0,283.248188884028,0,255.441154257905,160.537522273714,161.74915061469,219.040656038919,0,146.99041817625,0,348.674510760064,93.5029580098427,82.4756938751058,0,153.876396855887,151.695570509541,0,174.013630695256,0,0,0,0,0,0,0,0,0,0,0,0,115.114253591495,151.075371308616,173.201474590904,120.567029282014,96.7845769653343,173.001559092555,231.050882209,106.533627130087
0,0,0,0,0,0,0,113.144980278377,71.5579325720569,0,66.5008477853491,206.912707094411,0,227.504408813069,0,0,0,0,138.425725342224,0,0,0,0,0,0,0,0,62.859596780235,0,0,0,0,0,0,101.5853655613,76.5072790361762,269.936825670274,115.541295036174,0,0,0
0,0,0,0,0,0,251.098274723989,220.963068032256,0,0,0,0,0,0,0,0,0,0,0,0,0,0,0,0,0,0,193.777661225572,0,0,0,0,0,0,253.401634605989,0,0,191.519780382943,0,0,0,192.135034768848
0,0,0,223.705816669619,0,112.793316814908,0,0,0,0,169.453147353278,87.8456058929559,0,0,0,0,0,0,0,181.316358113209,0,169.742003380707,0,0,0,131.969743415579,0,165.893015276821,0,0,0,0,0,263.534399241887,0,0,89.9429017381717,0,0,0,179.718364159796
0,0,0,0,197.893790332676,0,90.1317194604647,0,0,0,0,0,0,0,0,0,0,0,0,0,0,0,0,0,0,108.136066660554,162.833808134102,0,0,0,0,0,0,134.566479261133,0,0,0,0,0,0,0
0,0,0,0,202.712457066107,0,90.7216186966914,78.9559315574845,0,95.7590805983148,114.649126378906,122.106946855269,198.964527389285,0,329.719143597451,89.1590885155172,172.892533368851,314.611698427915,0,0,92.5207898118833,0,276.620869034647,112.349934713559,111.226326353722,0,155.901486485736,215.611029055736,115.114253591495,0,253.401634605989,263.534399241887,134.566479261133,0,0,309.997227542691,177.763106506206,241.635434294794,0,184.249961885477,214.116367924649
0,97.3232815600345,0,145.74089716123,0,115.871357769661,0,0,0,201.100640800745,231.715271819474,141.204637091722,154.065933476765,0,101.605593487621,142.385058730083,240.185081663983,0,178.224497384947,103.519938150021,0,113.059176128709,209.996727521564,224.551207449728,0,262.382215657622,171.906398392157,158.567996645797,151.075371308616,101.5853655613,0,0,0,0,0,115.332064605654,178.683678585178,160.530221557972,0,116.054372245433,306.344527664232
0,0,0,0,0,0,252.487290983309,321.864157986053,136.685314494491,188.851177466023,0,0,0,118.522099274347,0,0,283.88658203332,0,0,111.435629183184,0,0,139.93285932648,119.345624434514,0,0,100.812745974529,172.608400267715,173.201474590904,76.5072790361762,0,0,0,309.997227542691,115.332064605654,0,99.3508940827211,212.592150359921,333.645516435298,0,151.806152521152
0,198.528111506785,0,128.530575464043,213.67670887414,0,232.945974238958,0,120.912756812582,167.066576495979,175.196329314064,159.183173818572,158.955087279859,0,142.054529471577,81.9664354533492,0,180.90030328818,320.356811100276,114.511014214502,98.417953423071,0,115.868441404982,98.6790043377568,0,220.901129804706,0,146.465927798921,120.567029282014,269.936825670274,191.519780382943,89.9429017381717,0,177.763106506206,178.683678585178,99.3508940827211,0,81.2827395071039,289.631679007608,82.6426202489162,335.371040201042
0,193.659409924573,0,151.036729364761,0,0,0,154.784755881607,0,195.378266313867,0,218.045528847001,0,0,204.084074037941,0,161.302948562323,0,0,0,134.960780198024,0,187.77054666536,0,0,238.934743274142,101.895308036513,0,96.7845769653343,115.541295036174,0,0,0,241.635434294794,160.530221557972,212.592150359921,81.2827395071039,0,139.792601838991,205.183249704085,173.538155409849
0,0,0,0,0,0,0,0,236.681907140956,0,168.241326865882,217.157696745803,0,0,0,206.472608421747,0,0,0,188.936291522747,82.1742780037132,0,0,0,70.4221432298295,128.846764897717,112.823430872325,196.032358954952,173.001559092555,0,0,0,0,0,0,333.645516435298,289.631679007608,139.792601838991,0,154.070293657878,0
0,85.7623170715703,193.055010680236,0,78.8552325762656,97.3506957544063,247.66948903751,165.597665022977,0,115.194491798135,58.3493451392805,226.825099357786,0,0,0,0,225.013371621378,135.294330067913,0,303.527509149359,163.059043292369,0,183.786860782462,128.405764333981,0,133.218162784108,199.492852797962,72.2278283150671,231.050882209,0,0,0,0,184.249961885477,116.054372245433,0,82.6426202489162,205.183249704085,154.070293657878,0,241.682021696872
143.005810983322,0,0,0,0,104.369974912428,0,0,0,124.698445421759,94.027247878695,99.2646516363145,140.574866691684,0,0,0,0,0,0,138.33942793804,153.609372090384,0,0,228.792310020318,0,323.781250289068,89.3673883748406,137.239127032733,106.533627130087,0,192.135034768848,179.718364159796,0,214.116367924649,306.344527664232,151.806152521152,335.371040201042,173.538155409849,0,241.682021696872,0
