0,0,0,0,0,231.715271819474,0,0,0,249.798812580765,0,0,0,0,0,0,0,0,0,198.964527389285,0,103.519938150021,0,0,0,0,0,0,0,0,0,0,0,0,0,0,0,81.9664354533492,97.3506957544063,0,0
0,0,0,0,0,0,0,0,0,0,0,0,119.345624434514,0,0,0,0,0,0,0,0,0,0,155.24952173131,0,196.04190773555,0,104.369974912428,253.401634605989,0,0,85.7623170715703,0,140.574866691684,0,0,0,0,0,0,0
0,0,0,0,0,0,0,0,0,115.541295036174,0,0,0,0,133.984214699576,0,187.77054666536,0,0,0,0,0,0,0,0,0,0,0,0,0,0,0,0,0,115.194491798135,0,0,0,0,193.055010680236,0
0,0,0,0,0,0,0,0,0,0,0,0,0,225.013371621378,112.793316814908,0,0,0,114.511014214502,0,188.851177466023,171.906398392157,0,0,0,0,194.442125915551,192.601533877686,0,0,214.116367924649,325.937289045041,0,113.144980278377,0,0,131.969743415579,0,62.859596780235,0,249.905610015455
0,0,0,0,0,158.955087279859,0,0,0,0,329.719143597451,0,125.81518738273,106.128596538706,0,0,0,0,0,80.8080171296381,0,0,115.868441404982,0,0,0,0,220.963068032256,74.4197823064597,0,0,0,0,0,163.945208919892,238.934743274142,74.5815074003433,101.5853655613,0,276.620869034647,76.5072790361762
231.715271819474,0,0,0,158.955087279859,0,0,211.840482897052,0,0,0,183.786860782462,0,96.7845769653343,0,0,0,208.005106191961,0,0,0,0,0,92.5568465385234,0,195.378266313867,125.416941482916,0,0,0,0,284.529238481835,0,180.355266595273,0,106.926813611922,138.425725342224,0,0,0,151.806152521152
0,0,0,0,0,0,0,172.892533368851,0,0,0,0,0,0,0,0,0,0,0,0,0,0,0,226.825099357786,0,160.530221557972,0,0,321.864157986053,306.344527664232,0,0,0,115.332064605654,173.538155409849,151.01089327964,231.050882209,283.248188884028,157.852515740516,184.249961885477,224.523755099568
0,0,0,0,0,211.840482897052,172.892533368851,0,0,0,180.90030328818,0,0,209.996727521564,120.567029282014,163.059043292369,0,0,143.005810983322,0,137.177378802006,0,0,196.032358954952,0,252.487290983309,0,71.4788760670054,87.8456058929559,0,0,0,0,0,120.912756812582,0,72.2278283150671,0,154.142998692322,139.654362654449,0
0,0,0,0,0,0,0,0,0,0,138.33942793804,90.7216186966914,0,0,261.440278806413,0,0,0,0,0,224.551207449728,0,0,0,0,0,82.6299537488922,112.823430872325,236.681907140956,0,0,0,227.504408813069,0,0,0,0,199.492852797962,0,178.748963182352,173.059382066957
249.798812580765,0,115.541295036174,0,0,0,0,0,0,0,142.054529471577,125.994729980093,0,192.135034768848,221.805809452716,0,0,0,167.066576495979,191.519780382943,0,0,151.695570509541,259.055025639447,0,96.5937438588657,0,151.075371308616,0,0,0,0,0,202.712457066107,0,177.763106506206,95.7590805983148,0,169.742003380707,320.356811100276,109.093416850988
0,0,0,0,329.719143597451,0,0,180.90030328818,138.33942793804,142.054529471577,0,0,0,112.349934713559,0,115.871357769661,217.157696745803,0,0,0,0,0,0,0,0,159.183173818572,0,0,0,161.74915061469,0,0,0,71.5579325720569,269.936825670274,73.1029054543569,154.070293657878,164.032723165762,0,193.63278243493,213.67670887414
0,0,0,0,0,183.786860782462,0,0,90.7216186966914,125.994729980093,0,0,0,116.176698124939,0,124.698445421759,0,0,139.93285932648,338.131802716296,0,0,134.566479261133,150.161410108805,137.239127032733,0,228.075434767255,0,0,0,101.350815329073,215.611029055736,0,78.8552325762656,171.230058197369,98.6790043377568,247.66948903751,168.241326865882,263.534399241887,82.4756938751058,104.915316975638
0,119.345624434514,0,0,125.81518738273,0,0,0,0,0,0,0,0,0,0,0,0,0,0,133.218162784108,0,0,300.031143529538,0,0,0,0,0,82.1742780037132,0,0,0,0,0,0,67.8267069095267,0,0,0,0,0
0,0,0,225.013371621378,106.128596538706,96.7845769653343,0,209.996727521564,0,192.135034768848,112.349934713559,116.176698124939,0,0,0,0,0,0,0,0,0,0,0,0,0,0,0,169.453147353278,0,0,0,0,0,146.465927798921,353.822894641502,0,97.5855511246009,201.44584889478,0,204.481117647118,148.808626413748
0,0,133.984214699576,112.793316814908,0,0,0,120.567029282014,261.440278806413,221.805809452716,0,0,0,0,0,0,0,0,0,0,0,0,0,0,0,259.442917595754,142.385058730083,219.078548227669,0,0,0,0,101.85207633558,81.2827395071039,206.472608421747,0,0,0,0,94.7529894315991,0
0,0,0,0,0,0,0,163.059043292369,0,0,115.871357769661,124.698445421759,0,0,0,0,0,0,0,128.530575464043,0,0,137.189596148386,0,193.659409924573,0,118.522099274347,280.376028997576,180.543851962045,0,0,0,0,0,206.912707094411,0,98.417953423071,0,0,0,0
0,0,187.77054666536,0,0,0,0,0,0,0,217.157696745803,0,0,0,0,0,0,0,228.792310020318,0,0,0,0,0,0,0,58.3493451392805,0,111.435629183184,111.226326353722,0,0,0,101.895308036513,74.7304794244225,0,128.405764333981,0,0,139.792601838991,0
0,0,0,0,0,208.005106191961,0,0,0,0,0,0,0,0,0,0,0,0,0,0,0,0,195.822649557859,0,0,101.605593487621,0,0,0,0,0,193.777661225572,0,0,174.013630695256,0,261.605527103798,218.045528847001,0,113.059176128709,153.672550905948
0,0,0,114.511014214502,0,0,0,143.005810983322,0,167.066576495979,0,139.93285932648,0,0,0,0,228.792310020318,0,0,0,0,0,0,0,0,0,345.797434674459,314.611698427915,160.537522273714,0,0,0,0,0,0,175.196329314064,135.294330067913,0,93.5029580098427,0,165.597665022977
198.964527389285,0,0,0,80.8080171296381,0,0,0,0,191.519780382943,0,338.131802716296,133.218162784108,0,0,128.530575464043,0,0,0,0,84.3635741045246,0,0,162.833808134102,100.812745974529,89.9429017381717,0,172.608400267715,0,0,0,201.100640800745,0,154.784755881607,153.876396855887,0,190.185165668632,0,333.645516435298,75.4497121078207,0
0,0,0,188.851177466023,0,0,0,137.177378802006,224.551207449728,0,0,0,0,0,0,0,0,0,0,84.3635741045246,0,0,0,348.674510760064,0,173.201474590904,0,153.609372090384,223.705816669619,0,0,0,0,73.4795582048751,99.3508940827211,108.136066660554,0,0,0,335.371040201042,110.384905066973
103.519938150021,0,0,171.906398392157,0,0,0,0,0,0,0,0,0,0,0,0,0,0,0,0,0,0,0,106.33736463831,0,0,0,0,0,154.065933476765,0,0,0,241.635434294794,0,0,92.5207898118833,321.124897279917,0,165.893015276821,0
0,0,0,0,115.868441404982,0,0,0,0,151.695570509541,0,134.566479261133,300.031143529538,0,0,137.189596148386,0,195.822649557859,0,0,0,0,0,0,0,0,101.443495235174,99.2646516363145,0,0,0,0,134.960780198024,195.314816908693,283.88658203332,205.183249704085,181.316358113209,241.682021696872,0,0,119.728129215699
0,155.24952173131,0,0,0,92.5568465385234,226.825099357786,196.032358954952,0,259.055025639447,0,150.161410108805,0,0,0,0,0,0,0,162.833808134102,348.674510760064,106.33736463831,0,0,124.853650664477,0,309.997227542691,158.567996645797,161.694997919804,0,94.8881692391942,0,0,145.74089716123,250.461724766314,0,135.667029391615,0,323.781250289068,0,78.9559315574845
0,0,0,0,0,0,0,0,0,0,0,137.239127032733,0,0,0,193.659409924573,0,0,0,100.812745974529,0,0,0,124.853650664477,0,0,90.1317194604647,0,108.381749703452,0,0,0,0,0,0,0,0,306.640284138334,66.5008477853491,241.57250333243,117.208001126138
0,196.04190773555,0,0,0,195.378266313867,160.530221557972,252.487290983309,0,96.5937438588657,159.183173818572,0,0,0,259.442917595754,0,0,101.605593487621,0,89.9429017381717,173.201474590904,0,0,0,0,0,186.348837226466,94.9380989123498,98.2230592632363,97.3232815600345,0,0,219.430938885781,116.054372245433,161.275817184598,178.683678585178,94.126460729827,205.839960264176,0,0,0
0,0,0,194.442125915551,0,125.416941482916,0,0,82.6299537488922,0,0,228.075434767255,0,0,142.385058730083,118.522099274347,58.3493451392805,0,345.797434674459,0,0,0,101.443495235174,309.997227542691,90.1317194604647,186.348837226466,0,70.4221432298295,357.423078228283,146.99041817625,0,0,0,0,0,186.973586461633,197.893790332676,155.901486485736,0,219.040656038919,115.114253591495
0,104.369974912428,0,192.601533877686,220.963068032256,0,0,71.4788760670054,112.823430872325,151.075371308616,0,0,0,169.453147353278,219.078548227669,280.376028997576,0,0,314.611698427915,172.608400267715,153.609372090384,0,99.2646516363145,158.567996645797,0,94.9380989123498,70.4221432298295,0,161.325017232684,0,93.4234866874731,198.528111506785,0,141.204637091722,122.106946855269,151.036729364761,136.792307586862,146.814226519809,205.09013266389,212.592150359921,136.685314494491
0,253.401634605989,0,0,74.4197823064597,0,321.864157986053,87.8456058929559,236.681907140956,0,0,0,82.1742780037132,0,0,180.543851962045,111.435629183184,0,160.537522273714,0,223.705816669619,0,0,161.694997919804,108.381749703452,98.2230592632363,357.423078228283,161.325017232684,0,0,0,347.376449530863,0,289.631679007608,242.790381480436,0,197.486504603685,179.718364159796,0,89.707245288964,0
0,0,0,0,0,0,306.344527664232,0,0,0,161.74915061469,0,0,0,0,0,111.226326353722,0,0,0,0,154.065933476765,0,0,0,97.3232815600345,146.99041817625,0,0,0,0,0,0,204.084074037941,0,114.649126378906,0,251.098274723989,220.901129804706,173.001559092555,0
0,0,0,214.116367924649,0,0,0,0,0,0,0,101.350815329073,0,0,0,0,0,0,0,0,0,0,0,94.8881692391942,0,0,0,93.4234866874731,0,0,0,0,0,188.936291522747,0,0,80.4367166559625,0,0,0,0
0,85.7623170715703,0,325.937289045041,0,284.529238481835,0,0,0,0,0,215.611029055736,0,0,0,0,0,193.777661225572,0,201.100640800745,0,0,0,0,0,0,0,198.528111506785,347.376449530863,0,0,0,0,0,94.027247878695,0,85.6072705949986,153.453047983244,0,0,0
0,0,0,0,0,0,0,0,227.504408813069,0,0,0,0,0,101.85207633558,0,0,0,0,0,0,0,134.960780198024,0,0,219.430938885781,0,0,0,0,0,0,0,106.533627130087,0,0,0,0,0,0,0
0,140.574866691684,0,113.144980278377,0,180.355266595273,115.332064605654,0,0,202.712457066107,71.5579325720569,78.8552325762656,0,146.465927798921,81.2827395071039,0,101.895308036513,0,0,154.784755881607,73.4795582048751,241.635434294794,195.314816908693,145.74089716123,0,116.054372245433,0,141.204637091722,289.631679007608,204.084074037941,188.936291522747,0,106.533627130087,0,255.441154257905,178.224497384947,61.0664810463559,0,0,92.3502314520023,222.053792850439
0,0,115.194491798135,0,163.945208919892,0,173.538155409849,120.912756812582,0,0,269.936825670274,171.230058197369,0,353.822894641502,206.472608421747,206.912707094411,74.7304794244225,174.013630695256,0,153.876396855887,99.3508940827211,0,283.88658203332,250.461724766314,0,161.275817184598,0,122.106946855269,242.790381480436,0,0,94.027247878695,0,255.441154257905,0,146.770754374523,82.6426202489162,0,128.846764897717,232.945974238958,303.527509149359
0,0,0,0,238.934743274142,106.926813611922,151.01089327964,0,0,177.763106506206,73.1029054543569,98.6790043377568,67.8267069095267,0,0,0,0,0,175.196329314064,0,108.136066660554,0,205.183249704085,0,0,178.683678585178,186.973586461633,151.036729364761,0,114.649126378906,0,0,0,178.224497384947,146.770754374523,0,192.693757128262,0,0,62.311273509377,94.7280504127031
0,0,0,131.969743415579,74.5815074003433,138.425725342224,231.050882209,72.2278283150671,0,95.7590805983148,154.070293657878,247.66948903751,0,97.5855511246009,0,98.417953423071,128.405764333981,261.605527103798,135.294330067913,190.185165668632,0,92.5207898118833,181.316358113209,135.667029391615,0,94.126460729827,197.893790332676,136.792307586862,197.486504603685,0,80.4367166559625,85.6072705949986,0,61.0664810463559,82.6426202489162,192.693757128262,0,89.3673883748406,161.302948562323,89.1590885155172,200.878319874537
81.9664354533492,0,0,0,101.5853655613,0,283.248188884028,0,199.492852797962,0,164.032723165762,168.241326865882,0,201.44584889478,0,0,0,218.045528847001,0,0,0,321.124897279917,241.682021696872,0,306.640284138334,205.839960264176,155.901486485736,146.814226519809,179.718364159796,251.098274723989,0,153.453047983244,0,0,0,0,89.3673883748406,0,240.185081663983,262.382215657622,0
97.3506957544063,0,0,62.859596780235,0,0,157.852515740516,154.142998692322,0,169.742003380707,0,263.534399241887,0,0,0,0,0,0,93.5029580098427,333.645516435298,0,0,0,323.781250289068,66.5008477853491,0,0,205.09013266389,0,220.901129804706,0,0,0,0,128.846764897717,0,161.302948562323,240.185081663983,0,0,0
0,0,193.055010680236,0,276.620869034647,0,184.249961885477,139.654362654449,178.748963182352,320.356811100276,193.63278243493,82.4756938751058,0,204.481117647118,94.7529894315991,0,139.792601838991,113.059176128709,0,75.4497121078207,335.371040201042,165.893015276821,0,0,241.57250333243,0,219.040656038919,212.592150359921,89.707245288964,173.001559092555,0,0,0,92.3502314520023,232.945974238958,62.311273509377,89.1590885155172,262.382215657622,0,0,0
0,0,0,249.905610015455,76.5072790361762,151.806152521152,224.523755099568,0,173.059382066957,109.093416850988,213.67670887414,104.915316975638,0,148.808626413748,0,0,0,153.672550905948,165.597665022977,0,110.384905066973,0,119.728129215699,78.9559315574845,117.208001126138,0,115.114253591495,136.685314494491,0,0,0,0,0,222.053792850439,303.527509149359,94.7280504127031,200.878319874537,0,0,0,0
