0,0,0,0,0,0,134.566479261133,0,0,0,0,0,0,0,0,0,0,0,0,0,0,0,0,0,0,0,0,0,0,0,0,0,119.345624434514,196.032358954952,108.136066660554,0,110.384905066973,0,0,0,94.9380989123498
0,0,0,0,0,0,0,0,0,62.311273509377,168.241326865882,0,0,0,0,0,0,0,0,0,0,0,0,0,0,0,78.9559315574845,0,0,0,0,0,0,82.4756938751058,0,0,140.574866691684,194.442125915551,0,161.275817184598,0
0,0,0,0,323.781250289068,0,0,0,0,0,0,0,0,0,0,142.385058730083,0,0,0,0,0,0,0,108.381749703452,0,0,0,0,0,0,0,0,0,137.189596148386,0,0,0,0,345.797434674459,0,0
0,0,0,0,179.718364159796,101.443495235174,0,205.839960264176,0,0,0,89.707245288964,211.840482897052,85.7623170715703,122.106946855269,0,0,0,0,0,0,0,0,0,0,131.969743415579,87.8456058929559,98.2230592632363,0,0,0,0,0,180.355266595273,112.349934713559,0,0,0,0,141.204637091722,0
0,0,323.781250289068,179.718364159796,0,0,80.4367166559625,314.611698427915,0,0,228.075434767255,0,0,0,100.812745974529,0,0,0,0,112.823430872325,0,0,0,173.001559092555,0,155.24952173131,0,0,0,143.005810983322,0,0,0,0,276.620869034647,0,158.955087279859,0,219.040656038919,173.201474590904,0
0,0,0,101.443495235174,0,0,0,0,0,96.5937438588657,320.356811100276,151.036729364761,0,0,0,0,0,0,81.2827395071039,0,205.183249704085,165.893015276821,153.672550905948,171.230058197369,0,0,71.4788760670054,153.453047983244,0,0,0,0,0,172.892533368851,0,353.822894641502,92.3502314520023,0,0,0,0
134.566479261133,0,0,0,80.4367166559625,0,0,0,206.472608421747,253.401634605989,133.218162784108,0,0,0,0,0,0,0,0,0,148.808626413748,0,208.005106191961,0,0,0,0,0,333.645516435298,0,0,0,0,215.611029055736,111.226326353722,0,195.822649557859,172.608400267715,0,151.806152521152,0
0,0,0,205.839960264176,314.611698427915,0,0,0,115.332064605654,0,0,90.1317194604647,146.99041817625,0,188.936291522747,0,0,0,85.6072705949986,96.7845769653343,231.050882209,0,161.302948562323,146.770754374523,0,0,0,138.33942793804,75.4497121078207,0,0,224.523755099568,0,0,0,0,81.9664354533492,0,0,0,125.81518738273
0,0,0,0,0,0,206.472608421747,115.332064605654,0,165.597665022977,0,0,0,0,0,0,135.294330067913,0,0,0,0,0,0,0,139.93285932648,0,0,67.8267069095267,0,116.176698124939,0,0,0,0,124.853650664477,171.906398392157,220.901129804706,0,0,0,217.157696745803
0,62.311273509377,0,0,0,96.5937438588657,253.401634605989,0,165.597665022977,0,0,193.777661225572,0,0,169.453147353278,94.027247878695,0,0,0,0,0,0,0,329.719143597451,0,0,136.792307586862,161.694997919804,154.784755881607,0,0,151.075371308616,0,151.695570509541,241.57250333243,0,177.763106506206,241.682021696872,0,114.511014214502,219.430938885781
0,168.241326865882,0,0,228.075434767255,320.356811100276,133.218162784108,0,0,0,0,0,0,0,0,76.5072790361762,357.423078228283,136.685314494491,0,0,0,0,113.059176128709,209.996727521564,0,70.4221432298295,0,0,0,0,0,0,263.534399241887,71.5579325720569,106.926813611922,0,224.551207449728,0,0,262.382215657622,97.3506957544063
0,0,0,89.707245288964,0,151.036729364761,0,90.1317194604647,0,193.777661225572,0,0,186.973586461633,0,0,0,0,125.416941482916,198.528111506785,150.161410108805,94.8881692391942,0,0,197.486504603685,92.5568465385234,162.833808134102,133.984214699576,222.053792850439,120.567029282014,0,0,0,0,137.177378802006,219.078548227669,0,321.864157986053,128.530575464043,0,180.90030328818,124.698445421759
0,0,0,211.840482897052,0,0,0,146.99041817625,0,0,0,186.973586461633,0,0,0,0,0,0,0,0,0,0,0,197.893790332676,0,0,202.712457066107,0,0,0,0,0,0,0,0,0,0,0,90.7216186966914,0,0
0,0,0,85.7623170715703,0,0,0,0,0,0,0,0,0,0,0,78.8552325762656,0,180.543851962045,0,0,106.33736463831,0,92.5207898118833,249.905610015455,0,0,300.031143529538,119.728129215699,0,0,0,0,0,0,238.934743274142,73.1029054543569,164.032723165762,120.912756812582,0,115.114253591495,101.350815329073
0,0,0,122.106946855269,100.812745974529,0,0,188.936291522747,0,169.453147353278,0,0,0,0,0,0,0,0,0,0,0,0,173.059382066957,0,0,247.66948903751,58.3493451392805,74.4197823064597,0,0,0,0,0,0,93.4234866874731,0,348.674510760064,0,0,101.5853655613,231.715271819474
0,0,142.385058730083,0,0,0,0,0,0,94.027247878695,76.5072790361762,0,0,78.8552325762656,0,0,0,0,0,0,0,0,0,0,0,0,0,0,159.183173818572,0,0,0,0,80.8080171296381,115.868441404982,94.126460729827,134.960780198024,227.504408813069,0,0,95.7590805983148
0,0,0,0,0,0,0,0,135.294330067913,0,357.423078228283,0,0,0,0,0,0,0,0,93.5029580098427,303.527509149359,0,0,0,158.567996645797,0,0,0,61.0664810463559,0,0,0,0,309.997227542691,0,0,193.63278243493,228.792310020318,0,218.045528847001,0
0,0,0,0,0,0,0,0,0,0,136.685314494491,125.416941482916,0,180.543851962045,0,0,0,0,0,0,0,0,0,98.6790043377568,0,0,174.013630695256,213.67670887414,153.609372090384,0,0,0,0,0,249.798812580765,0,106.128596538706,0,0,0,0
0,0,0,0,0,81.2827395071039,0,85.6072705949986,0,0,0,198.528111506785,0,0,0,0,0,0,0,0,0,0,193.659409924573,94.7529894315991,0,154.142998692322,0,82.6426202489162,0,0,0,0,0,255.441154257905,192.693757128262,241.635434294794,0,97.5855511246009,0,0,101.605593487621
0,0,0,0,112.823430872325,0,0,96.7845769653343,0,0,0,150.161410108805,0,0,0,0,93.5029580098427,0,0,0,178.748963182352,0,184.249961885477,0,0,99.2646516363145,115.871357769661,167.066576495979,153.876396855887,139.792601838991,0,139.654362654449,0,183.786860782462,0,0,0,146.465927798921,232.945974238958,188.851177466023,115.541295036174
0,0,0,0,0,205.183249704085,148.808626413748,231.050882209,0,0,0,94.8881692391942,0,106.33736463831,0,0,303.527509149359,0,0,178.748963182352,0,0,0,0,0,321.124897279917,223.705816669619,128.405764333981,0,0,0,0,0,142.054529471577,0,0,0,261.605527103798,0,161.325017232684,0
0,0,0,0,0,165.893015276821,0,0,0,0,0,0,0,0,0,0,0,0,0,0,0,0,0,214.116367924649,0,0,187.77054666536,72.2278283150671,0,0,0,0,0,0,205.09013266389,0,236.681907140956,0,0,103.519938150021,269.936825670274
0,0,0,0,0,153.672550905948,208.005106191961,161.302948562323,0,0,113.059176128709,0,0,92.5207898118833,173.059382066957,0,0,0,193.659409924573,184.249961885477,0,0,0,0,0,137.239127032733,242.790381480436,0,186.348837226466,0,0,0,0,200.878319874537,62.859596780235,0,115.194491798135,0,0,73.4795582048751,0
0,0,108.381749703452,0,173.001559092555,171.230058197369,0,146.770754374523,0,329.719143597451,209.996727521564,197.486504603685,197.893790332676,249.905610015455,0,0,0,98.6790043377568,94.7529894315991,0,0,214.116367924649,0,0,0,261.440278806413,0,111.435629183184,89.3673883748406,0,0,0,0,112.793316814908,0,113.144980278377,135.667029391615,306.344527664232,0,0,0
0,0,0,0,0,0,0,0,139.93285932648,0,0,92.5568465385234,0,0,0,0,158.567996645797,0,0,0,0,0,0,0,0,169.742003380707,0,0,99.3508940827211,0,0,212.592150359921,0,221.805809452716,116.054372245433,0,0,0,101.85207633558,201.44584889478,0
0,0,0,131.969743415579,155.24952173131,0,0,0,0,0,70.4221432298295,162.833808134102,0,0,247.66948903751,0,0,0,154.142998692322,99.2646516363145,321.124897279917,0,137.239127032733,261.440278806413,169.742003380707,0,252.487290983309,114.649126378906,347.376449530863,0,0,0,0,0,192.601533877686,195.378266313867,94.7280504127031,145.74089716123,74.7304794244225,0,125.994729980093
0,78.9559315574845,0,87.8456058929559,0,71.4788760670054,0,0,0,136.792307586862,0,133.984214699576,202.712457066107,300.031143529538,58.3493451392805,0,0,174.013630695256,0,115.871357769661,223.705816669619,187.77054666536,242.790381480436,0,0,252.487290983309,0,206.912707094411,195.314816908693,0,0,0,0,240.185081663983,0,128.846764897717,259.055025639447,335.371040201042,0,0,0
0,0,0,98.2230592632363,0,153.453047983244,0,138.33942793804,67.8267069095267,161.694997919804,0,222.053792850439,0,119.728129215699,74.4197823064597,0,0,213.67670887414,82.6426202489162,167.066576495979,128.405764333981,72.2278283150671,0,111.435629183184,0,114.649126378906,206.912707094411,0,160.537522273714,106.533627130087,192.135034768848,204.084074037941,0,225.013371621378,173.538155409849,154.070293657878,178.683678585178,199.492852797962,0,74.5815074003433,104.915316975638
0,0,0,0,0,0,333.645516435298,75.4497121078207,0,154.784755881607,0,120.567029282014,0,0,0,159.183173818572,61.0664810463559,153.609372090384,0,153.876396855887,0,0,186.348837226466,89.3673883748406,99.3508940827211,347.376449530863,195.314816908693,160.537522273714,0,0,97.3232815600345,0,0,193.055010680236,155.901486485736,101.895308036513,0,181.316358113209,157.852515740516,259.442917595754,0
0,0,0,0,143.005810983322,0,0,0,116.176698124939,0,0,0,0,0,0,0,0,0,0,139.792601838991,0,0,0,0,0,0,0,106.533627130087,0,0,0,0,190.185165668632,306.640284138334,191.519780382943,196.04190773555,283.88658203332,0,89.9429017381717,118.522099274347,0
0,0,0,0,0,0,0,0,0,0,0,0,0,0,0,0,0,0,0,0,0,0,0,0,0,0,0,192.135034768848,97.3232815600345,0,0,98.417953423071,0,0,0,283.248188884028,84.3635741045246,0,0,0,325.937289045041
0,0,0,0,0,0,0,224.523755099568,0,151.075371308616,0,0,0,0,0,0,0,0,0,139.654362654449,0,0,0,0,212.592150359921,0,0,204.084074037941,0,0,98.417953423071,0,0,0,0,151.01089327964,109.093416850988,161.74915061469,0,204.481117647118,154.065933476765
119.345624434514,0,0,0,0,0,0,0,0,0,263.534399241887,0,0,0,0,0,0,0,0,0,0,0,0,0,0,0,0,0,0,190.185165668632,0,0,0,0,0,0,0,0,178.224497384947,338.131802716296,0
196.032358954952,82.4756938751058,137.189596148386,180.355266595273,0,172.892533368851,215.611029055736,0,0,151.695570509541,71.5579325720569,137.177378802006,0,0,0,80.8080171296381,309.997227542691,0,255.441154257905,183.786860782462,142.054529471577,0,200.878319874537,112.793316814908,221.805809452716,0,240.185081663983,225.013371621378,193.055010680236,306.640284138334,0,0,0,0,280.376028997576,82.6299537488922,250.461724766314,0,163.059043292369,0,89.1590885155172
108.136066660554,0,0,112.349934713559,276.620869034647,0,111.226326353722,0,124.853650664477,241.57250333243,106.926813611922,219.078548227669,0,238.934743274142,93.4234866874731,115.868441404982,0,249.798812580765,192.693757128262,0,0,205.09013266389,62.859596780235,0,116.054372245433,192.601533877686,0,173.538155409849,155.901486485736,191.519780382943,0,0,0,280.376028997576,0,66.5008477853491,146.814226519809,0,175.196329314064,220.963068032256,0
0,0,0,0,0,353.822894641502,0,0,171.906398392157,0,0,0,0,73.1029054543569,0,94.126460729827,0,0,241.635434294794,0,0,0,0,113.144980278377,0,195.378266313867,128.846764897717,154.070293657878,101.895308036513,196.04190773555,283.248188884028,151.01089327964,0,82.6299537488922,66.5008477853491,0,160.530221557972,0,198.964527389285,163.945208919892,104.369974912428
110.384905066973,140.574866691684,0,0,158.955087279859,92.3502314520023,195.822649557859,81.9664354533492,220.901129804706,177.763106506206,224.551207449728,321.864157986053,0,164.032723165762,348.674510760064,134.960780198024,193.63278243493,106.128596538706,0,0,0,236.681907140956,115.194491798135,135.667029391615,0,94.7280504127031,259.055025639447,178.683678585178,0,283.88658203332,84.3635741045246,109.093416850988,0,250.461724766314,146.814226519809,160.530221557972,0,117.208001126138,0,201.100640800745,82.1742780037132
0,194.442125915551,0,0,0,0,172.608400267715,0,0,241.682021696872,0,128.530575464043,0,120.912756812582,0,227.504408813069,228.792310020318,0,97.5855511246009,146.465927798921,261.605527103798,0,0,306.344527664232,0,145.74089716123,335.371040201042,199.492852797962,181.316358113209,0,0,161.74915061469,0,0,0,0,117.208001126138,0,289.631679007608,138.425725342224,226.825099357786
0,0,345.797434674459,0,219.040656038919,0,0,0,0,0,0,0,90.7216186966914,0,0,0,0,0,0,232.945974238958,0,0,0,0,101.85207633558,74.7304794244225,0,0,157.852515740516,89.9429017381717,0,0,178.224497384947,163.059043292369,175.196329314064,198.964527389285,0,289.631679007608,0,251.098274723989,284.529238481835
0,161.275817184598,0,141.204637091722,173.201474590904,0,151.806152521152,0,0,114.511014214502,262.382215657622,180.90030328818,0,115.114253591495,101.5853655613,0,218.045528847001,0,0,188.851177466023,161.325017232684,103.519938150021,73.4795582048751,0,201.44584889478,0,0,74.5815074003433,259.442917595754,118.522099274347,0,204.481117647118,338.131802716296,0,220.963068032256,163.945208919892,201.100640800745,138.425725342224,251.098274723989,0,0
94.9380989123498,0,0,0,0,0,0,125.81518738273,217.157696745803,219.430938885781,97.3506957544063,124.698445421759,0,101.350815329073,231.715271819474,95.7590805983148,0,0,101.605593487621,115.541295036174,0,269.936825670274,0,0,0,125.994729980093,0,104.915316975638,0,0,325.937289045041,154.065933476765,0,89.1590885155172,0,104.369974912428,82.1742780037132,226.825099357786,284.529238481835,0,0
