0,0,0,0,0,137.177378802006,0,0,0,0,0,0,0,231.050882209,89.9429017381717,0,0,0,0,0,0,0,0,0,0,0,154.784755881607,0,0,0,0,0,0,0,0,0,0,0,169.453147353278,214.116367924649,0
0,0,0,0,0,0,0,0,0,0,173.001559092555,252.487290983309,0,0,58.3493451392805,0,0,0,0,0,0,0,0,0,141.204637091722,314.611698427915,0,0,0,0,0,0,0,0,0,0,0,0,0,193.63278243493,84.3635741045246
0,0,0,0,0,0,0,0,146.99041817625,0,0,0,0,0,0,0,0,0,0,0,0,0,0,0,0,0,0,0,0,0,0,0,0,0,228.075434767255,0,71.4788760670054,0,0,180.90030328818,111.435629183184
0,0,0,0,0,0,0,0,338.131802716296,160.530221557972,0,0,0,241.682021696872,0,0,0,0,0,178.683678585178,76.5072790361762,0,151.01089327964,0,0,0,259.442917595754,61.0664810463559,0,0,0,0,0,99.2646516363145,113.059176128709,0,82.6299537488922,140.574866691684,0,120.567029282014,0
0,0,0,0,0,236.681907140956,0,193.055010680236,0,0,0,153.609372090384,0,0,0,0,0,0,0,0,0,0,0,163.059043292369,0,0,0,106.926813611922,138.425725342224,94.9380989123498,0,0,62.859596780235,128.530575464043,353.822894641502,347.376449530863,115.871357769661,0,0,151.695570509541,325.937289045041
137.177378802006,0,0,0,236.681907140956,0,0,150.161410108805,112.793316814908,0,0,72.2278283150671,0,0,0,0,0,0,0,0,0,0,194.442125915551,70.4221432298295,0,187.77054666536,82.4756938751058,173.201474590904,0,0,0,0,0,177.763106506206,0,94.8881692391942,101.350815329073,0,0,161.275817184598,0
0,0,0,0,0,0,0,0,94.126460729827,0,167.066576495979,0,0,0,0,0,251.098274723989,163.945208919892,0,0,0,0,0,0,139.654362654449,97.3232815600345,143.005810983322,263.534399241887,154.070293657878,0,0,0,0,0,186.348837226466,321.124897279917,259.055025639447,224.551207449728,0,0,0
0,0,0,0,193.055010680236,150.161410108805,0,0,0,92.3502314520023,0,145.74089716123,0,0,0,0,0,0,0,0,117.208001126138,0,0,135.294330067913,0,0,96.5937438588657,108.381749703452,226.825099357786,81.2827395071039,0,0,0,300.031143529538,188.936291522747,0,357.423078228283,212.592150359921,89.1590885155172,153.876396855887,0
0,0,146.99041817625,338.131802716296,0,112.793316814908,94.126460729827,0,0,191.519780382943,0,122.106946855269,0,0,0,0,0,0,0,0,0,0,0,0,0,92.5207898118833,0,0,193.659409924573,0,0,0,0,94.7529894315991,0,112.349934713559,0,96.7845769653343,0,0,0
0,0,0,160.530221557972,0,0,0,92.3502314520023,191.519780382943,0,0,261.605527103798,247.66948903751,0,74.7304794244225,223.705816669619,0,0,180.355266595273,0,164.032723165762,0,98.6790043377568,0,173.059382066957,0,0,103.519938150021,0,165.597665022977,0,0,0,255.441154257905,190.185165668632,188.851177466023,211.840482897052,0,0,0,222.053792850439
0,173.001559092555,0,0,0,0,167.066576495979,0,0,0,0,0,0,0,219.078548227669,0,0,0,178.224497384947,196.032358954952,125.81518738273,320.356811100276,0,137.239127032733,0,198.964527389285,206.912707094411,87.8456058929559,82.1742780037132,0,0,329.719143597451,0,0,0,0,169.742003380707,276.620869034647,0,90.1317194604647,0
0,252.487290983309,0,0,153.609372090384,72.2278283150671,0,145.74089716123,122.106946855269,261.605527103798,0,0,66.5008477853491,306.344527664232,0,333.645516435298,0,0,78.8552325762656,0,0,192.601533877686,154.065933476765,0,0,0,0,112.823430872325,262.382215657622,0,0,146.465927798921,0,173.538155409849,193.777661225572,74.4197823064597,100.812745974529,0,0,124.698445421759,179.718364159796
0,0,0,0,0,0,0,0,0,247.66948903751,0,66.5008477853491,0,0,0,0,0,0,0,0,0,0,0,0,0,0,0,0,113.144980278377,0,0,186.973586461633,0,0,106.533627130087,0,158.955087279859,0,0,0,0
231.050882209,0,0,241.682021696872,0,0,0,0,0,0,0,306.344527664232,0,0,0,0,109.093416850988,303.527509149359,0,0,0,110.384905066973,283.248188884028,0,198.528111506785,0,0,219.040656038919,0,0,0,0,0,200.878319874537,155.901486485736,118.522099274347,0,183.786860782462,0,0,62.311273509377
89.9429017381717,58.3493451392805,0,0,0,0,0,0,0,74.7304794244225,219.078548227669,0,0,0,0,0,82.6426202489162,0,0,93.5029580098427,0,0,0,0,0,0,323.781250289068,131.969743415579,283.88658203332,0,0,0,0,0,213.67670887414,0,228.792310020318,0,0,180.543851962045,0
0,0,0,0,0,0,0,0,0,223.705816669619,0,333.645516435298,0,0,0,0,0,0,114.511014214502,0,249.798812580765,0,0,125.416941482916,0,0,0,161.694997919804,101.85207633558,0,81.9664354533492,0,0,0,0,201.44584889478,161.302948562323,0,0,242.790381480436,0
0,0,0,0,0,0,251.098274723989,0,0,0,0,0,0,109.093416850988,82.6426202489162,0,0,0,0,97.3506957544063,199.492852797962,0,0,0,0,0,174.013630695256,137.189596148386,0,0,0,0,0,0,151.036729364761,0,0,284.529238481835,0,0,154.142998692322
0,0,0,0,0,0,163.945208919892,0,0,0,0,0,0,303.527509149359,0,0,0,0,0,0,0,238.934743274142,0,0,0,219.430938885781,133.984214699576,0,0,0,0,0,0,162.833808134102,134.566479261133,0,80.4367166559625,0,241.57250333243,0,0
0,0,0,0,0,0,0,0,0,180.355266595273,178.224497384947,78.8552325762656,0,0,0,114.511014214502,0,0,0,101.443495235174,0,0,73.1029054543569,205.839960264176,0,67.8267069095267,0,309.997227542691,0,0,0,0,0,205.183249704085,116.054372245433,0,142.054529471577,0,0,0,0
0,0,0,178.683678585178,0,0,0,0,0,0,196.032358954952,0,0,0,93.5029580098427,0,97.3506957544063,0,101.443495235174,0,93.4234866874731,0,0,119.728129215699,0,0,98.417953423071,345.797434674459,192.693757128262,0,0,204.084074037941,0,151.806152521152,0,0,128.846764897717,306.640284138334,220.963068032256,197.893790332676,98.2230592632363
0,0,0,76.5072790361762,0,0,0,117.208001126138,0,164.032723165762,125.81518738273,0,0,0,0,249.798812580765,199.492852797962,0,0,93.4234866874731,0,0,92.5568465385234,0,0,0,0,0,106.33736463831,0,0,225.013371621378,0,0,0,0,106.128596538706,146.770754374523,0,181.316358113209,0
0,0,0,0,0,0,0,0,0,0,320.356811100276,192.601533877686,0,110.384905066973,0,0,0,238.934743274142,0,0,0,0,0,0,0,0,0,0,0,0,0,0,0,125.994729980093,159.183173818572,0,153.453047983244,0,0,0,348.674510760064
0,0,0,151.01089327964,0,194.442125915551,0,0,0,98.6790043377568,0,154.065933476765,0,283.248188884028,0,0,0,0,73.1029054543569,0,92.5568465385234,0,0,218.045528847001,0,138.33942793804,0,0,0,99.3508940827211,0,0,0,0,217.157696745803,0,136.792307586862,119.345624434514,335.371040201042,202.712457066107,0
0,0,0,0,163.059043292369,70.4221432298295,0,135.294330067913,0,0,137.239127032733,0,0,0,0,125.416941482916,0,0,205.839960264176,119.728129215699,0,0,218.045528847001,0,0,195.378266313867,161.74915061469,157.852515740516,120.912756812582,0,0,172.608400267715,0,0,139.792601838991,205.09013266389,224.523755099568,201.100640800745,0,135.667029391615,241.635434294794
0,141.204637091722,0,0,0,0,139.654362654449,0,0,173.059382066957,0,0,0,198.528111506785,0,0,0,0,0,0,0,0,0,0,0,128.405764333981,0,0,94.7280504127031,0,0,0,0,142.385058730083,171.906398392157,0,116.176698124939,0,148.808626413748,0,0
0,314.611698427915,0,0,0,187.77054666536,97.3232815600345,0,92.5207898118833,0,198.964527389285,0,0,0,0,0,0,219.430938885781,67.8267069095267,0,0,0,138.33942793804,195.378266313867,128.405764333981,0,101.895308036513,114.649126378906,124.853650664477,0,0,0,160.537522273714,134.960780198024,139.93285932648,94.027247878695,85.7623170715703,0,136.685314494491,0,231.715271819474
154.784755881607,0,0,259.442917595754,0,82.4756938751058,143.005810983322,96.5937438588657,0,0,206.912707094411,0,0,0,323.781250289068,0,174.013630695256,133.984214699576,0,98.417953423071,0,0,0,161.74915061469,0,101.895308036513,0,165.893015276821,115.541295036174,0,0,0,0,73.4795582048751,0,240.185081663983,253.401634605989,221.805809452716,89.707245288964,0,269.936825670274
0,0,0,61.0664810463559,106.926813611922,173.201474590904,263.534399241887,108.381749703452,0,103.519938150021,87.8456058929559,112.823430872325,0,219.040656038919,131.969743415579,161.694997919804,137.189596148386,0,309.997227542691,345.797434674459,0,0,0,157.852515740516,0,114.649126378906,165.893015276821,0,133.218162784108,215.611029055736,261.440278806413,175.196329314064,0,146.814226519809,0,208.005106191961,232.945974238958,249.905610015455,115.194491798135,209.996727521564,0
0,0,0,0,138.425725342224,0,154.070293657878,226.825099357786,193.659409924573,0,82.1742780037132,262.382215657622,113.144980278377,0,283.88658203332,101.85207633558,0,0,0,192.693757128262,106.33736463831,0,0,120.912756812582,94.7280504127031,124.853650664477,115.541295036174,133.218162784108,0,71.5579325720569,0,0,0,0,111.226326353722,0,115.332064605654,0,0,220.901129804706,85.6072705949986
0,0,0,0,94.9380989123498,0,0,81.2827395071039,0,165.597665022977,0,0,0,0,0,0,0,0,0,0,0,0,99.3508940827211,0,0,0,0,215.611029055736,71.5579325720569,0,0,89.3673883748406,0,196.04190773555,101.605593487621,97.5855511246009,0,0,0,204.481117647118,0
0,0,0,0,0,0,0,0,0,0,0,0,0,0,0,81.9664354533492,0,0,0,0,0,0,0,0,0,0,0,261.440278806413,0,0,0,0,0,0,0,0,161.325017232684,0,78.9559315574845,153.672550905948,104.915316975638
0,0,0,0,0,0,0,0,0,0,329.719143597451,146.465927798921,186.973586461633,0,0,0,0,0,0,204.084074037941,225.013371621378,0,0,172.608400267715,0,0,0,175.196329314064,0,89.3673883748406,0,0,0,289.631679007608,0,195.314816908693,0,151.075371308616,0,0,0
0,0,0,0,62.859596780235,0,0,0,0,0,0,0,0,0,0,0,0,0,0,0,0,0,0,0,0,160.537522273714,0,0,0,0,0,0,0,90.7216186966914,0,0,0,95.7590805983148,0,0,168.241326865882
0,0,0,99.2646516363145,128.530575464043,177.763106506206,0,300.031143529538,94.7529894315991,255.441154257905,0,173.538155409849,0,200.878319874537,0,0,0,162.833808134102,205.183249704085,151.806152521152,0,125.994729980093,0,0,142.385058730083,134.960780198024,73.4795582048751,146.814226519809,0,196.04190773555,0,289.631679007608,90.7216186966914,0,195.822649557859,206.472608421747,321.864157986053,74.5815074003433,197.486504603685,108.136066660554,158.567996645797
0,0,228.075434767255,113.059176128709,353.822894641502,0,186.348837226466,188.936291522747,0,190.185165668632,0,193.777661225572,106.533627130087,155.901486485736,213.67670887414,0,151.036729364761,134.566479261133,116.054372245433,0,0,159.183173818572,217.157696745803,139.792601838991,171.906398392157,139.93285932648,0,0,111.226326353722,101.605593487621,0,0,0,195.822649557859,0,115.868441404982,184.249961885477,172.892533368851,0,171.230058197369,0
0,0,0,0,347.376449530863,94.8881692391942,321.124897279917,0,112.349934713559,188.851177466023,0,74.4197823064597,0,118.522099274347,0,201.44584889478,0,0,0,0,0,0,0,205.09013266389,0,94.027247878695,240.185081663983,208.005106191961,0,97.5855511246009,0,195.314816908693,0,206.472608421747,115.868441404982,0,0,0,280.376028997576,227.504408813069,250.461724766314
0,0,71.4788760670054,82.6299537488922,115.871357769661,101.350815329073,259.055025639447,357.423078228283,0,211.840482897052,169.742003380707,100.812745974529,158.955087279859,0,228.792310020318,161.302948562323,0,80.4367166559625,142.054529471577,128.846764897717,106.128596538706,153.453047983244,136.792307586862,224.523755099568,116.176698124939,85.7623170715703,253.401634605989,232.945974238958,115.332064605654,0,161.325017232684,0,0,321.864157986053,184.249961885477,0,0,80.8080171296381,0,155.24952173131,115.114253591495
0,0,0,140.574866691684,0,0,224.551207449728,212.592150359921,96.7845769653343,0,276.620869034647,0,0,183.786860782462,0,0,284.529238481835,0,0,306.640284138334,146.770754374523,0,119.345624434514,201.100640800745,0,0,221.805809452716,249.905610015455,0,0,0,151.075371308616,95.7590805983148,74.5815074003433,172.892533368851,0,80.8080171296381,0,104.369974912428,0,75.4497121078207
169.453147353278,0,0,0,0,0,0,89.1590885155172,0,0,0,0,0,0,0,0,0,241.57250333243,0,220.963068032256,0,0,335.371040201042,0,148.808626413748,136.685314494491,89.707245288964,115.194491798135,0,0,78.9559315574845,0,0,197.486504603685,0,280.376028997576,0,104.369974912428,0,101.5853655613,178.748963182352
214.116367924649,193.63278243493,180.90030328818,120.567029282014,151.695570509541,161.275817184598,0,153.876396855887,0,0,90.1317194604647,124.698445421759,0,0,180.543851962045,242.790381480436,0,0,0,197.893790332676,181.316358113209,0,202.712457066107,135.667029391615,0,0,0,209.996727521564,220.901129804706,204.481117647118,153.672550905948,0,0,108.136066660554,171.230058197369,227.504408813069,155.24952173131,0,101.5853655613,0,192.135034768848
0,84.3635741045246,111.435629183184,0,325.937289045041,0,0,0,0,222.053792850439,0,179.718364159796,0,62.311273509377,0,0,154.142998692322,0,0,98.2230592632363,0,348.674510760064,0,241.635434294794,0,231.715271819474,269.936825670274,0,85.6072705949986,0,104.915316975638,0,168.241326865882,158.567996645797,0,250.461724766314,115.114253591495,75.4497121078207,178.748963182352,192.135034768848,0
