0,0,0,0,0,0,0,0,0,0,0,0,0,0,0,0,0,0,0,0,0,0,0,0,0,0,0,151.01089327964,155.24952173131,113.144980278377,0,74.4197823064597,0,338.131802716296,0,0,0,0,0,0,208.005106191961
0,0,0,0,0,0,0,0,0,0,0,150.161410108805,0,255.441154257905,0,0,124.698445421759,0,0,0,0,0,0,0,0,0,0,223.705816669619,89.3673883748406,0,0,0,0,0,0,146.99041817625,146.770754374523,0,0,0,0
0,0,0,0,0,0,0,205.09013266389,0,0,0,0,0,0,0,0,0,0,0,142.385058730083,0,0,0,0,0,0,0,0,276.620869034647,0,0,0,0,0,0,0,181.316358113209,323.781250289068,0,0,0
0,0,0,0,0,0,82.4756938751058,0,0,0,139.93285932648,135.667029391615,0,0,0,0,0,0,0,110.384905066973,353.822894641502,0,0,213.67670887414,0,0,204.084074037941,0,180.355266595273,0,284.529238481835,0,0,0,116.054372245433,153.453047983244,345.797434674459,0,0,228.075434767255,0
0,0,0,0,0,0,0,0,0,0,247.66948903751,0,206.912707094411,0,0,0,0,0,0,0,141.204637091722,0,73.1029054543569,335.371040201042,0,238.934743274142,171.230058197369,85.7623170715703,94.027247878695,0,85.6072705949986,0,0,172.892533368851,161.325017232684,0,155.901486485736,0,113.059176128709,0,0
0,0,0,0,0,0,0,224.523755099568,0,198.528111506785,0,0,0,0,0,111.226326353722,0,0,0,269.936825670274,0,0,283.248188884028,0,75.4497121078207,209.996727521564,92.5207898118833,160.530221557972,158.955087279859,0,0,0,0,158.567996645797,0,0,184.249961885477,146.814226519809,0,0,325.937289045041
0,0,0,82.4756938751058,0,0,0,0,0,62.311273509377,0,112.349934713559,0,0,0,0,94.126460729827,0,0,0,194.442125915551,0,0,0,0,157.852515740516,197.893790332676,263.534399241887,0,97.5855511246009,0,0,0,0,0,0,98.417953423071,0,241.57250333243,169.742003380707,71.5579325720569
0,0,205.09013266389,0,0,224.523755099568,0,0,201.44584889478,58.3493451392805,108.381749703452,321.124897279917,193.777661225572,136.685314494491,0,106.926813611922,0,0,0,0,173.201474590904,0,0,0,0,114.649126378906,0,0,73.4795582048751,0,0,0,0,159.183173818572,0,0,100.812745974529,0,151.695570509541,314.611698427915,0
0,0,0,0,0,0,0,201.44584889478,0,115.114253591495,0,0,0,0,0,0,87.8456058929559,0,84.3635741045246,0,0,0,0,128.846764897717,92.5568465385234,0,0,215.611029055736,94.7280504127031,0,0,0,0,0,142.054529471577,0,0,119.345624434514,0,0,82.6426202489162
0,0,0,0,0,198.528111506785,62.311273509377,58.3493451392805,115.114253591495,0,115.332064605654,0,0,101.605593487621,180.90030328818,0,90.7216186966914,0,0,0,70.4221432298295,120.912756812582,143.005810983322,0,0,168.241326865882,96.7845769653343,249.905610015455,0,0,0,0,0,172.608400267715,0,225.013371621378,217.157696745803,0,0,67.8267069095267,0
0,0,0,139.93285932648,247.66948903751,0,0,108.381749703452,0,115.332064605654,0,0,0,0,0,0,0,0,0,171.906398392157,177.763106506206,0,0,0,0,0,101.895308036513,125.416941482916,192.693757128262,0,0,0,186.348837226466,0,89.9429017381717,259.055025639447,82.1742780037132,261.605527103798,0,218.045528847001,186.973586461633
0,150.161410108805,0,135.667029391615,0,0,112.349934713559,321.124897279917,0,0,0,0,0,0,151.036729364761,151.806152521152,0,0,222.053792850439,253.401634605989,283.88658203332,0,0,178.224497384947,0,201.100640800745,191.519780382943,115.871357769661,0,347.376449530863,0,0,115.868441404982,133.984214699576,0,174.013630695256,192.601533877686,303.527509149359,0,78.8552325762656,179.718364159796
0,0,0,0,206.912707094411,0,0,193.777661225572,0,0,0,0,0,0,0,0,0,0,0,76.5072790361762,0,0,0,0,0,93.5029580098427,0,242.790381480436,0,0,161.694997919804,0,0,0,0,0,0,0,0,0,0
0,255.441154257905,0,0,0,0,0,136.685314494491,0,101.605593487621,0,0,0,0,0,193.63278243493,0,0,0,0,134.566479261133,0,226.825099357786,0,0,0,214.116367924649,240.185081663983,0,0,0,115.541295036174,0,154.070293657878,104.915316975638,193.659409924573,0,0,0,99.3508940827211,252.487290983309
0,0,0,0,0,0,0,0,0,180.90030328818,0,151.036729364761,0,0,0,0,0,0,0,0,0,146.465927798921,0,167.066576495979,0,173.059382066957,0,89.1590885155172,0,0,0,0,0,111.435629183184,0,95.7590805983148,148.808626413748,321.864157986053,0,261.440278806413,175.196329314064
0,0,0,0,0,111.226326353722,0,106.926813611922,0,0,0,151.806152521152,0,193.63278243493,0,0,0,0,0,0,0,0,61.0664810463559,0,224.551207449728,135.294330067913,80.8080171296381,0,0,0,0,0,0,0,108.136066660554,81.2827395071039,101.443495235174,0,0,0,0
0,124.698445421759,0,0,0,0,94.126460729827,0,87.8456058929559,90.7216186966914,0,0,0,0,0,0,0,0,199.492852797962,0,0,0,0,0,0,0,357.423078228283,89.707245288964,0,0,0,0,0,93.4234866874731,0,0,211.840482897052,0,0,197.486504603685,0
0,0,0,0,0,0,0,0,0,0,0,0,0,0,0,0,0,0,0,81.9664354533492,0,0,0,106.33736463831,202.712457066107,74.5815074003433,0,0,0,0,0,0,0,0,195.378266313867,97.3506957544063,74.7304794244225,188.851177466023,112.793316814908,0,0
0,0,0,0,0,0,0,0,84.3635741045246,0,0,222.053792850439,0,0,0,0,199.492852797962,0,0,228.792310020318,0,250.461724766314,0,0,0,0,0,0,0,0,0,151.075371308616,0,0,134.960780198024,0,219.040656038919,112.823430872325,101.85207633558,289.631679007608,188.936291522747
0,0,142.385058730083,110.384905066973,0,269.936825670274,0,0,0,0,171.906398392157,253.401634605989,76.5072790361762,0,0,0,0,81.9664354533492,228.792310020318,0,0,206.472608421747,106.533627130087,0,0,198.964527389285,116.176698124939,0,0,0,0,320.356811100276,0,200.878319874537,90.1317194604647,0,0,309.997227542691,137.239127032733,0,0
0,0,0,353.822894641502,141.204637091722,0,194.442125915551,173.201474590904,0,70.4221432298295,177.763106506206,283.88658203332,0,134.566479261133,0,0,0,0,0,0,0,0,0,0,0,0,0,0,0,0,0,138.33942793804,0,119.728129215699,165.893015276821,0,0,0,128.405764333981,232.945974238958,0
0,0,0,0,0,0,0,0,0,120.912756812582,0,0,0,0,146.465927798921,0,0,0,250.461724766314,206.472608421747,0,0,0,0,0,0,195.314816908693,0,0,0,0,0,0,115.194491798135,136.792307586862,0,92.3502314520023,0,0,0,0
0,0,0,0,73.1029054543569,283.248188884028,0,0,0,143.005810983322,0,0,0,226.825099357786,0,61.0664810463559,0,0,0,106.533627130087,0,0,0,0,0,103.519938150021,0,165.597665022977,227.504408813069,0,0,0,259.442917595754,99.2646516363145,0,0,173.001559092555,137.177378802006,0,161.275817184598,125.994729980093
0,0,0,213.67670887414,335.371040201042,0,0,0,128.846764897717,0,0,178.224497384947,0,0,167.066576495979,0,0,106.33736463831,0,0,0,0,0,0,0,0,66.5008477853491,196.04190773555,0,101.350815329073,162.833808134102,97.3232815600345,80.4367166559625,131.969743415579,204.481117647118,122.106946855269,183.786860782462,212.592150359921,0,114.511014214502,348.674510760064
0,0,0,0,0,75.4497121078207,0,0,92.5568465385234,0,0,0,0,0,0,224.551207449728,0,202.712457066107,0,0,0,0,0,0,0,0,72.2278283150671,0,101.5853655613,0,0,0,0,0,220.963068032256,0,139.792601838991,153.609372090384,0,178.683678585178,0
0,0,0,0,238.934743274142,209.996727521564,157.852515740516,114.649126378906,0,168.241326865882,0,201.100640800745,93.5029580098427,0,173.059382066957,135.294330067913,0,74.5815074003433,0,198.964527389285,0,0,103.519938150021,0,0,0,0,187.77054666536,154.784755881607,128.530575464043,0,0,0,231.715271819474,133.218162784108,195.822649557859,219.430938885781,0,0,164.032723165762,0
0,0,0,204.084074037941,171.230058197369,92.5207898118833,197.893790332676,0,0,96.7845769653343,101.895308036513,191.519780382943,0,214.116367924649,0,80.8080171296381,357.423078228283,0,0,116.176698124939,0,195.314816908693,0,66.5008477853491,72.2278283150671,0,0,205.183249704085,251.098274723989,0,0,0,0,205.839960264176,98.6790043377568,0,0,78.9559315574845,0,140.574866691684,0
151.01089327964,223.705816669619,0,0,85.7623170715703,160.530221557972,263.534399241887,0,215.611029055736,249.905610015455,125.416941482916,115.871357769661,242.790381480436,240.185081663983,89.1590885155172,0,89.707245288964,0,0,0,0,0,165.597665022977,196.04190773555,0,187.77054666536,205.183249704085,0,180.543851962045,153.876396855887,120.567029282014,138.425725342224,0,262.382215657622,173.538155409849,220.901129804706,94.9380989123498,0,0,154.065933476765,221.805809452716
155.24952173131,89.3673883748406,276.620869034647,180.355266595273,94.027247878695,158.955087279859,0,73.4795582048751,94.7280504127031,0,192.693757128262,0,0,0,0,0,0,0,0,0,0,0,227.504408813069,0,101.5853655613,154.784755881607,251.098274723989,180.543851962045,0,0,0,0,0,306.344527664232,94.7529894315991,0,109.093416850988,71.4788760670054,219.078548227669,160.537522273714,196.032358954952
113.144980278377,0,0,0,0,0,97.5855511246009,0,0,0,0,347.376449530863,0,0,0,0,0,0,0,0,0,0,0,101.350815329073,0,128.530575464043,0,153.876396855887,0,0,0,0,0,0,333.645516435298,236.681907140956,241.682021696872,0,0,98.2230592632363,161.74915061469
0,0,0,284.529238481835,85.6072705949986,0,0,0,0,0,0,0,161.694997919804,0,0,0,0,0,0,0,0,0,0,162.833808134102,0,0,0,120.567029282014,0,0,0,0,0,306.640284138334,0,0,0,0,0,0,0
74.4197823064597,0,0,0,0,0,0,0,0,0,0,0,0,115.541295036174,0,0,0,0,151.075371308616,320.356811100276,138.33942793804,0,0,97.3232815600345,0,0,0,138.425725342224,0,0,0,0,0,0,329.719143597451,0,0,280.376028997576,178.748963182352,0,249.798812580765
0,0,0,0,0,0,0,0,0,0,186.348837226466,115.868441404982,0,0,0,0,0,0,0,0,0,0,259.442917595754,80.4367166559625,0,0,0,0,0,0,0,0,0,0,0,153.672550905948,0,0,0,0,0
338.131802716296,0,0,0,172.892533368851,158.567996645797,0,159.183173818572,0,172.608400267715,0,133.984214699576,0,154.070293657878,111.435629183184,0,93.4234866874731,0,0,200.878319874537,119.728129215699,115.194491798135,99.2646516363145,131.969743415579,0,231.715271819474,205.839960264176,262.382215657622,306.344527664232,0,306.640284138334,0,0,0,300.031143529538,231.050882209,193.055010680236,104.369974912428,82.6299537488922,94.8881692391942,62.859596780235
0,0,0,116.054372245433,161.325017232684,0,0,0,142.054529471577,0,89.9429017381717,0,0,104.915316975638,0,108.136066660554,0,195.378266313867,134.960780198024,90.1317194604647,165.893015276821,136.792307586862,0,204.481117647118,220.963068032256,133.218162784108,98.6790043377568,173.538155409849,94.7529894315991,333.645516435298,0,329.719143597451,0,300.031143529538,0,145.74089716123,163.945208919892,118.522099274347,154.142998692322,96.5937438588657,0
0,146.99041817625,0,153.453047983244,0,0,0,0,0,225.013371621378,259.055025639447,174.013630695256,0,193.659409924573,95.7590805983148,81.2827395071039,0,97.3506957544063,0,0,0,0,0,122.106946855269,0,195.822649557859,0,220.901129804706,0,236.681907140956,0,0,153.672550905948,231.050882209,145.74089716123,0,124.853650664477,0,0,139.654362654449,117.208001126138
0,146.770754374523,181.316358113209,345.797434674459,155.901486485736,184.249961885477,98.417953423071,100.812745974529,0,217.157696745803,82.1742780037132,192.601533877686,0,0,148.808626413748,101.443495235174,211.840482897052,74.7304794244225,219.040656038919,0,0,92.3502314520023,173.001559092555,183.786860782462,139.792601838991,219.430938885781,0,94.9380989123498,109.093416850988,241.682021696872,0,0,0,193.055010680236,163.945208919892,124.853650664477,0,163.059043292369,106.128596538706,192.135034768848,190.185165668632
0,0,323.781250289068,0,0,146.814226519809,0,0,119.345624434514,0,261.605527103798,303.527509149359,0,0,321.864157986053,0,0,188.851177466023,112.823430872325,309.997227542691,0,0,137.177378802006,212.592150359921,153.609372090384,0,78.9559315574845,0,71.4788760670054,0,0,280.376028997576,0,104.369974912428,118.522099274347,0,163.059043292369,0,125.81518738273,0,241.635434294794
0,0,0,0,113.059176128709,0,241.57250333243,151.695570509541,0,0,0,0,0,0,0,0,0,112.793316814908,101.85207633558,137.239127032733,128.405764333981,0,0,0,0,0,0,0,219.078548227669,0,0,178.748963182352,0,82.6299537488922,154.142998692322,0,106.128596538706,125.81518738273,0,161.302948562323,137.189596148386
0,0,0,228.075434767255,0,0,169.742003380707,314.611698427915,0,67.8267069095267,218.045528847001,78.8552325762656,0,99.3508940827211,261.440278806413,0,197.486504603685,0,289.631679007608,0,232.945974238958,0,161.275817184598,114.511014214502,178.683678585178,164.032723165762,140.574866691684,154.065933476765,160.537522273714,98.2230592632363,0,0,0,94.8881692391942,96.5937438588657,139.654362654449,192.135034768848,0,161.302948562323,0,169.453147353278
208.005106191961,0,0,0,0,325.937289045041,71.5579325720569,0,82.6426202489162,0,186.973586461633,179.718364159796,0,252.487290983309,175.196329314064,0,0,0,188.936291522747,0,0,0,125.994729980093,348.674510760064,0,0,0,221.805809452716,196.032358954952,161.74915061469,0,249.798812580765,0,62.859596780235,0,117.208001126138,190.185165668632,241.635434294794,137.189596148386,169.453147353278,0
