0,0,0,124.853650664477,0,0,0,0,227.504408813069,0,0,0,0,0,0,0,0,0,0,0,0,0,0,0,0,0,0,0,0,0,0,0,0,0,0,135.294330067913,215.611029055736,0,0,66.5008477853491,314.611698427915
0,0,0,0,0,0,0,101.85207633558,0,0,0,0,0,0,0,0,0,0,0,0,0,0,0,70.4221432298295,0,201.100640800745,0,0,0,0,0,0,0,133.984214699576,180.355266595273,161.275817184598,0,0,0,158.955087279859,0
0,0,0,0,0,0,0,0,0,0,0,0,0,0,0,0,0,0,0,0,158.567996645797,0,0,0,0,161.325017232684,0,0,0,0,0,75.4497121078207,0,171.906398392157,205.183249704085,0,0,0,0,0,0
124.853650664477,0,0,0,155.901486485736,0,0,0,0,0,0,0,0,0,196.04190773555,0,0,0,0,0,0,191.519780382943,169.453147353278,138.33942793804,0,0,0,219.078548227669,253.401634605989,0,0,0,0,178.748963182352,0,0,62.311273509377,111.435629183184,200.878319874537,101.350815329073,0
0,0,0,155.901486485736,0,0,0,85.7623170715703,0,0,0,205.09013266389,0,0,193.63278243493,0,0,186.973586461633,0,0,0,0,104.915316975638,0,178.224497384947,0,0,78.9559315574845,85.6072705949986,0,0,0,0,0,196.032358954952,329.719143597451,300.031143529538,0,0,94.027247878695,80.8080171296381
0,0,0,0,0,0,0,0,0,0,204.084074037941,81.9664354533492,0,173.201474590904,128.846764897717,0,0,0,0,0,0,0,249.905610015455,0,180.543851962045,0,137.239127032733,161.694997919804,93.4234866874731,0,222.053792850439,261.605527103798,116.054372245433,306.344527664232,0,0,98.6790043377568,0,0,0,0
0,0,0,0,0,0,0,0,0,0,98.2230592632363,95.7590805983148,142.054529471577,0,0,0,0,109.093416850988,0,193.055010680236,0,0,0,0,0,0,0,104.369974912428,0,0,0,172.892533368851,173.001559092555,309.997227542691,139.792601838991,0,211.840482897052,0,160.530221557972,71.4788760670054,0
0,101.85207633558,0,0,85.7623170715703,0,0,0,0,175.196329314064,0,0,0,117.208001126138,0,120.567029282014,94.7529894315991,145.74089716123,0,192.693757128262,0,178.683678585178,0,108.136066660554,0,94.7280504127031,154.065933476765,0,0,0,0,0,0,97.3506957544063,321.124897279917,0,262.382215657622,0,0,113.144980278377,0
227.504408813069,0,0,0,0,0,0,0,0,134.566479261133,0,143.005810983322,0,0,0,119.728129215699,61.0664810463559,153.672550905948,125.994729980093,0,0,0,0,0,0,0,87.8456058929559,0,0,0,0,0,0,0,0,0,0,0,165.597665022977,214.116367924649,92.5568465385234
0,0,0,0,0,0,0,175.196329314064,134.566479261133,0,347.376449530863,0,111.226326353722,0,82.6299537488922,0,0,0,0,201.44584889478,220.963068032256,0,94.126460729827,153.609372090384,320.356811100276,0,0,96.7845769653343,137.189596148386,0,0,0,0,106.33736463831,74.4197823064597,259.055025639447,205.839960264176,146.814226519809,0,101.443495235174,0
0,0,0,0,0,204.084074037941,98.2230592632363,0,0,347.376449530863,0,82.1742780037132,0,153.876396855887,0,101.605593487621,171.230058197369,0,0,0,118.522099274347,0,0,0,115.868441404982,0,252.487290983309,174.013630695256,0,0,0,284.529238481835,0,0,169.742003380707,101.895308036513,0,0,140.574866691684,180.90030328818,0
0,0,0,0,205.09013266389,81.9664354533492,95.7590805983148,0,143.005810983322,0,82.1742780037132,0,181.316358113209,0,0,0,0,101.5853655613,0,89.3673883748406,0,206.472608421747,0,165.893015276821,0,338.131802716296,0,119.345624434514,115.871357769661,261.440278806413,0,0,74.7304794244225,58.3493451392805,167.066576495979,0,188.851177466023,240.185081663983,224.523755099568,0,99.2646516363145
0,0,0,0,0,0,142.054529471577,0,0,111.226326353722,0,181.316358113209,0,0,0,0,0,0,0,0,0,0,0,0,0,303.527509149359,0,74.5815074003433,0,0,0,0,0,0,0,0,242.790381480436,0,0,0,0
0,0,0,0,0,173.201474590904,0,117.208001126138,0,0,153.876396855887,0,0,0,0,0,116.176698124939,0,0,199.492852797962,0,0,0,306.640284138334,0,0,190.185165668632,241.682021696872,0,0,0,135.667029391615,0,0,335.371040201042,0,112.823430872325,197.486504603685,151.806152521152,155.24952173131,0
0,0,0,196.04190773555,193.63278243493,128.846764897717,0,0,0,82.6299537488922,0,0,0,0,0,0,0,0,0,0,0,0,125.416941482916,0,0,195.822649557859,228.792310020318,208.005106191961,247.66948903751,0,162.833808134102,0,0,0,0,0,164.032723165762,0,0,0,161.74915061469
0,0,0,0,0,0,0,120.567029282014,119.728129215699,0,101.605593487621,0,0,0,0,0,0,0,94.9380989123498,0,0,0,0,82.4756938751058,99.3508940827211,0,0,0,78.8552325762656,0,0,0,0,0,209.996727521564,0,73.1029054543569,0,103.519938150021,161.302948562323,0
0,0,0,0,0,0,0,94.7529894315991,61.0664810463559,0,171.230058197369,0,0,116.176698124939,0,0,0,0,0,0,0,0,100.812745974529,0,0,0,90.1317194604647,80.4367166559625,197.893790332676,0,0,0,0,0,0,137.177378802006,163.059043292369,0,0,0,0
0,0,0,0,186.973586461633,0,109.093416850988,145.74089716123,153.672550905948,0,0,101.5853655613,0,0,0,0,0,0,0,0,206.912707094411,0,0,0,0,0,0,0,0,0,0,0,0,323.781250289068,0,0,134.960780198024,280.376028997576,0,0,0
0,0,0,0,0,0,0,0,125.994729980093,0,0,0,0,0,0,94.9380989123498,0,0,0,231.050882209,89.9429017381717,0,146.770754374523,0,0,333.645516435298,84.3635741045246,0,202.712457066107,146.99041817625,0,0,0,224.551207449728,0,263.534399241887,0,0,0,0,148.808626413748
0,0,0,0,0,0,193.055010680236,192.693757128262,0,201.44584889478,0,89.3673883748406,0,199.492852797962,0,0,0,0,231.050882209,0,0,0,0,150.161410108805,98.417953423071,0,160.537522273714,82.6426202489162,114.649126378906,186.348837226466,0,0,0,89.1590885155172,157.852515740516,0,0,159.183173818572,0,71.5579325720569,192.135034768848
0,0,158.567996645797,0,0,0,0,0,0,220.963068032256,118.522099274347,0,0,0,0,0,0,206.912707094411,89.9429017381717,0,0,0,0,0,0,0,120.912756812582,141.204637091722,151.036729364761,0,0,0,0,151.695570509541,0,0,96.5937438588657,124.698445421759,0,106.926813611922,223.705816669619
0,0,0,191.519780382943,0,0,0,178.683678585178,0,0,0,206.472608421747,0,0,0,0,0,0,0,0,0,0,0,204.481117647118,0,0,0,151.01089327964,0,0,0,249.798812580765,0,0,0,0,289.631679007608,225.013371621378,0,0,0
0,0,0,169.453147353278,104.915316975638,249.905610015455,0,0,0,94.126460729827,0,0,0,0,125.416941482916,0,100.812745974529,0,146.770754374523,0,0,0,0,0,0,142.385058730083,0,0,0,187.77054666536,0,0,0,0,0,195.378266313867,236.681907140956,122.106946855269,131.969743415579,221.805809452716,219.430938885781
0,70.4221432298295,0,138.33942793804,0,0,0,108.136066660554,0,153.609372090384,0,165.893015276821,0,306.640284138334,0,82.4756938751058,0,0,0,150.161410108805,0,204.481117647118,0,0,0,255.441154257905,220.901129804706,115.194491798135,173.059382066957,0,0,0,0,194.442125915551,345.797434674459,0,188.936291522747,184.249961885477,0,92.5207898118833,93.5029580098427
0,0,0,0,178.224497384947,180.543851962045,0,0,0,320.356811100276,115.868441404982,0,0,0,0,99.3508940827211,0,0,0,98.417953423071,0,0,0,0,0,0,0,226.825099357786,0,0,0,0,0,213.67670887414,0,198.528111506785,0,0,0,0,97.3232815600345
0,201.100640800745,161.325017232684,0,0,0,0,94.7280504127031,0,0,0,338.131802716296,303.527509149359,0,195.822649557859,0,0,0,333.645516435298,0,0,0,142.385058730083,255.441154257905,0,0,283.248188884028,133.218162784108,0,0,163.945208919892,106.128596538706,0,112.349934713559,146.465927798921,168.241326865882,92.3502314520023,108.381749703452,106.533627130087,113.059176128709,0
0,0,0,0,0,137.239127032733,0,154.065933476765,87.8456058929559,0,252.487290983309,0,0,190.185165668632,228.792310020318,0,90.1317194604647,0,84.3635741045246,160.537522273714,120.912756812582,0,0,220.901129804706,0,283.248188884028,0,219.040656038919,73.4795582048751,193.659409924573,241.57250333243,0,0,115.332064605654,251.098274723989,0,0,325.937289045041,0,218.045528847001,0
0,0,0,219.078548227669,78.9559315574845,161.694997919804,104.369974912428,0,0,96.7845769653343,174.013630695256,119.345624434514,74.5815074003433,241.682021696872,208.005106191961,0,80.4367166559625,0,0,82.6426202489162,141.204637091722,151.01089327964,0,115.194491798135,226.825099357786,133.218162784108,219.040656038919,0,114.511014214502,112.793316814908,0,0,0,357.423078228283,125.81518738273,232.945974238958,269.936825670274,139.93285932648,0,110.384905066973,212.592150359921
0,0,0,253.401634605989,85.6072705949986,93.4234866874731,0,0,0,137.189596148386,0,115.871357769661,0,0,247.66948903751,78.8552325762656,197.893790332676,0,202.712457066107,114.649126378906,151.036729364761,0,0,173.059382066957,0,0,73.4795582048751,114.511014214502,0,0,0,0,0,172.608400267715,76.5072790361762,173.538155409849,97.5855511246009,62.859596780235,228.075434767255,0,183.786860782462
0,0,0,0,0,0,0,0,0,0,0,261.440278806413,0,0,0,0,0,0,146.99041817625,186.348837226466,0,0,187.77054666536,0,0,0,193.659409924573,112.793316814908,0,0,0,0,0,193.777661225572,348.674510760064,0,0,115.541295036174,0,154.784755881607,138.425725342224
0,0,0,0,0,222.053792850439,0,0,0,0,0,0,0,0,162.833808134102,0,0,0,0,0,0,0,0,0,0,163.945208919892,241.57250333243,0,0,0,0,0,0,0,0,0,276.620869034647,0,0,353.822894641502,0
0,0,75.4497121078207,0,0,261.605527103798,172.892533368851,0,0,0,284.529238481835,0,0,135.667029391615,0,0,0,0,0,0,0,249.798812580765,0,0,0,106.128596538706,0,0,0,0,0,0,0,192.601533877686,195.314816908693,0,128.405764333981,0,0,0,283.88658203332
0,0,0,0,0,116.054372245433,173.001559092555,0,0,0,0,74.7304794244225,0,0,0,0,0,0,0,0,0,0,0,0,0,0,0,0,0,0,0,0,0,0,0,0,136.792307586862,0,259.442917595754,0,0
0,133.984214699576,171.906398392157,178.748963182352,0,306.344527664232,309.997227542691,97.3506957544063,0,106.33736463831,0,58.3493451392805,0,0,0,0,0,323.781250289068,224.551207449728,89.1590885155172,151.695570509541,0,0,194.442125915551,213.67670887414,112.349934713559,115.332064605654,357.423078228283,172.608400267715,193.777661225572,0,192.601533877686,0,0,154.142998692322,67.8267069095267,136.685314494491,115.114253591495,154.070293657878,0,94.8881692391942
0,180.355266595273,205.183249704085,0,196.032358954952,0,139.792601838991,321.124897279917,0,74.4197823064597,169.742003380707,167.066576495979,0,335.371040201042,0,209.996727521564,0,0,0,157.852515740516,0,0,0,345.797434674459,0,146.465927798921,251.098274723989,125.81518738273,76.5072790361762,348.674510760064,0,195.314816908693,0,154.142998692322,0,81.2827395071039,139.654362654449,241.635434294794,128.530575464043,177.763106506206,238.934743274142
135.294330067913,161.275817184598,0,0,329.719143597451,0,0,0,0,259.055025639447,101.895308036513,0,0,0,0,0,137.177378802006,0,263.534399241887,0,0,0,195.378266313867,0,198.528111506785,168.241326865882,0,232.945974238958,173.538155409849,0,0,0,0,67.8267069095267,81.2827395071039,0,198.964527389285,217.157696745803,89.707245288964,179.718364159796,90.7216186966914
215.611029055736,0,0,62.311273509377,300.031143529538,98.6790043377568,211.840482897052,262.382215657622,0,205.839960264176,0,188.851177466023,242.790381480436,112.823430872325,164.032723165762,73.1029054543569,163.059043292369,134.960780198024,0,0,96.5937438588657,289.631679007608,236.681907140956,188.936291522747,0,92.3502314520023,0,269.936825670274,97.5855511246009,0,276.620869034647,128.405764333981,136.792307586862,136.685314494491,139.654362654449,198.964527389285,0,0,151.075371308616,231.715271819474,72.2278283150671
0,0,0,111.435629183184,0,0,0,0,0,146.814226519809,0,240.185081663983,0,197.486504603685,0,0,0,280.376028997576,0,159.183173818572,124.698445421759,225.013371621378,122.106946855269,184.249961885477,0,108.381749703452,325.937289045041,139.93285932648,62.859596780235,115.541295036174,0,0,0,115.114253591495,241.635434294794,217.157696745803,0,0,0,153.453047983244,250.461724766314
0,0,0,200.878319874537,0,0,160.530221557972,0,165.597665022977,0,140.574866691684,224.523755099568,0,151.806152521152,0,103.519938150021,0,0,0,0,0,0,131.969743415579,0,0,106.533627130087,0,0,228.075434767255,0,0,0,259.442917595754,154.070293657878,128.530575464043,89.707245288964,151.075371308616,0,0,0,0
66.5008477853491,158.955087279859,0,101.350815329073,94.027247878695,0,71.4788760670054,113.144980278377,214.116367924649,101.443495235174,180.90030328818,0,0,155.24952173131,0,161.302948562323,0,0,0,71.5579325720569,106.926813611922,0,221.805809452716,92.5207898118833,0,113.059176128709,218.045528847001,110.384905066973,0,154.784755881607,353.822894641502,0,0,0,177.763106506206,179.718364159796,231.715271819474,153.453047983244,0,0,321.864157986053
314.611698427915,0,0,0,80.8080171296381,0,0,0,92.5568465385234,0,0,99.2646516363145,0,0,161.74915061469,0,0,0,148.808626413748,192.135034768848,223.705816669619,0,219.430938885781,93.5029580098427,97.3232815600345,0,0,212.592150359921,183.786860782462,138.425725342224,0,283.88658203332,0,94.8881692391942,238.934743274142,90.7216186966914,72.2278283150671,250.461724766314,0,321.864157986053,0
