0,0,0,115.868441404982,0,211.840482897052,0,0,0,0,0,0,0,0,0,0,114.511014214502,0,0,0,163.945208919892,0,0,0,0,0,0,0,0,0,0,0,0,72.2278283150671,0,0,137.189596148386,0,0,0,0
0,0,0,0,0,0,0,0,228.792310020318,0,0,0,0,0,0,0,0,0,0,0,0,0,0,0,0,0,0,109.093416850988,0,0,0,0,0,261.605527103798,0,222.053792850439,0,146.465927798921,112.349934713559,81.9664354533492,0
0,0,0,0,101.443495235174,0,0,0,0,0,0,0,0,0,0,0,0,0,0,0,0,0,0,0,0,0,255.441154257905,0,0,0,0,0,0,0,0,0,0,113.059176128709,0,283.88658203332,111.435629183184
115.868441404982,0,0,0,172.892533368851,0,0,306.344527664232,0,0,320.356811100276,0,0,0,0,0,0,0,0,0,0,0,177.763106506206,0,0,205.839960264176,133.984214699576,99.2646516363145,348.674510760064,0,0,80.8080171296381,0,80.4367166559625,205.183249704085,0,111.226326353722,0,0,0,0
0,0,101.443495235174,172.892533368851,0,0,0,0,0,0,0,251.098274723989,0,0,137.177378802006,198.964527389285,0,0,0,196.032358954952,238.934743274142,0,0,0,0,0,93.5029580098427,94.7280504127031,284.529238481835,134.566479261133,0,0,0,89.9429017381717,0,0,106.533627130087,0,0,188.851177466023,0
211.840482897052,0,0,0,0,0,85.6072705949986,0,0,0,0,163.059043292369,0,128.846764897717,0,0,224.523755099568,0,231.715271819474,188.936291522747,0,0,0,0,0,81.2827395071039,0,253.401634605989,0,0,0,0,0,0,168.241326865882,333.645516435298,0,205.09013266389,172.608400267715,78.9559315574845,0
0,0,0,0,0,85.6072705949986,0,0,0,228.075434767255,193.055010680236,0,0,108.381749703452,0,0,0,0,0,0,0,94.126460729827,0,0,0,0,178.683678585178,0,0,173.538155409849,217.157696745803,0,0,135.667029391615,85.7623170715703,0,218.045528847001,0,78.8552325762656,0,247.66948903751
0,0,0,306.344527664232,0,0,0,0,0,151.695570509541,0,0,180.90030328818,115.194491798135,0,0,0,0,0,178.224497384947,124.853650664477,104.369974912428,0,192.601533877686,0,90.7216186966914,0,357.423078228283,0,0,0,0,0,106.128596538706,89.1590885155172,0,232.945974238958,112.823430872325,0,158.955087279859,151.806152521152
0,228.792310020318,0,0,0,0,0,0,0,0,178.748963182352,0,0,0,0,0,66.5008477853491,0,0,0,180.543851962045,0,0,155.24952173131,0,76.5072790361762,0,0,92.5568465385234,0,0,0,0,155.901486485736,325.937289045041,135.294330067913,95.7590805983148,0,0,0,0
0,0,0,0,0,0,228.075434767255,151.695570509541,0,0,115.871357769661,115.332064605654,0,338.131802716296,0,200.878319874537,353.822894641502,199.492852797962,0,180.355266595273,0,0,0,173.001559092555,125.416941482916,0,0,157.852515740516,280.376028997576,146.770754374523,0,0,0,89.3673883748406,114.649126378906,0,92.5207898118833,0,0,0,73.4795582048751
0,0,0,320.356811100276,0,0,193.055010680236,0,178.748963182352,115.871357769661,0,74.7304794244225,0,97.3506957544063,0,0,0,0,0,116.176698124939,0,0,0,115.541295036174,119.345624434514,224.551207449728,0,197.893790332676,0,0,0,0,0,241.682021696872,240.185081663983,161.302948562323,0,62.311273509377,96.5937438588657,0,0
0,0,0,0,251.098274723989,163.059043292369,0,0,0,115.332064605654,74.7304794244225,0,0,0,0,97.3232815600345,0,0,0,0,219.430938885781,0,0,219.040656038919,171.230058197369,148.808626413748,98.6790043377568,262.382215657622,186.348837226466,0,289.631679007608,101.605593487621,169.453147353278,94.027247878695,186.973586461633,160.537522273714,71.4788760670054,0,100.812745974529,75.4497121078207,0
0,0,0,0,0,0,0,180.90030328818,0,0,0,0,0,0,0,0,0,0,0,0,0,0,82.4756938751058,74.4197823064597,0,0,0,0,0,0,0,0,0,0,98.417953423071,0,0,165.597665022977,0,161.275817184598,0
0,0,0,0,0,128.846764897717,108.381749703452,115.194491798135,0,338.131802716296,97.3506957544063,0,0,0,0,184.249961885477,241.57250333243,0,201.44584889478,0,0,0,0,0,0,71.5579325720569,0,0,101.350815329073,0,0,0,0,0,0,133.218162784108,138.425725342224,0,0,87.8456058929559,209.996727521564
0,0,0,0,137.177378802006,0,0,0,0,0,0,0,0,0,0,0,0,0,0,204.084074037941,0,0,142.385058730083,0,0,261.440278806413,249.798812580765,242.790381480436,112.793316814908,0,0,0,0,154.070293657878,84.3635741045246,153.876396855887,137.239127032733,0,0,0,110.384905066973
0,0,0,0,198.964527389285,0,0,0,0,200.878319874537,0,97.3232815600345,0,184.249961885477,0,0,0,0,0,0,0,0,151.01089327964,122.106946855269,0,0,0,0,73.1029054543569,0,0,220.901129804706,0,0,139.93285932648,225.013371621378,193.63278243493,0,0,0,0
114.511014214502,0,0,0,0,224.523755099568,0,0,66.5008477853491,353.822894641502,0,0,0,241.57250333243,0,0,0,0,0,0,0,0,309.997227542691,0,0,0,0,0,0,0,0,0,0,124.698445421759,0,0,347.376449530863,0,118.522099274347,0,128.405764333981
0,0,0,0,0,0,0,0,0,199.492852797962,0,0,0,0,0,0,0,0,0,0,0,323.781250289068,193.777661225572,0,0,0,93.4234866874731,162.833808134102,0,183.786860782462,0,0,0,0,0,0,161.694997919804,221.805809452716,70.4221432298295,0,0
0,0,0,0,0,231.715271819474,0,0,0,0,0,0,0,201.44584889478,0,0,0,0,0,101.895308036513,0,0,97.5855511246009,0,0,134.960780198024,0,0,125.81518738273,0,0,196.04190773555,0,0,0,103.519938150021,0,94.8881692391942,321.124897279917,115.114253591495,223.705816669619
0,0,0,0,196.032358954952,188.936291522747,0,178.224497384947,0,180.355266595273,116.176698124939,0,0,0,204.084074037941,0,0,0,101.895308036513,0,0,0,204.481117647118,0,0,0,120.912756812582,0,249.905610015455,175.196329314064,0,0,0,0,108.136066660554,269.936825670274,345.797434674459,154.142998692322,0,101.5853655613,139.654362654449
163.945208919892,0,0,0,238.934743274142,0,0,124.853650664477,180.543851962045,0,0,219.430938885781,0,0,0,0,0,0,0,0,0,0,0,0,0,0,0,106.926813611922,167.066576495979,140.574866691684,0,89.707245288964,0,82.6299537488922,250.461724766314,0,171.906398392157,0,0,0,214.116367924649
0,0,0,0,0,0,94.126460729827,104.369974912428,0,0,0,0,0,0,0,0,0,323.781250289068,0,0,0,0,0,0,0,0,215.611029055736,165.893015276821,0,0,0,0,0,0,0,0,0,143.005810983322,0,99.3508940827211,329.719143597451
0,0,0,177.763106506206,0,0,0,0,0,0,0,0,82.4756938751058,0,142.385058730083,151.01089327964,309.997227542691,193.777661225572,97.5855511246009,204.481117647118,0,0,0,142.054529471577,0,0,259.055025639447,0,154.065933476765,0,0,0,0,174.013630695256,98.2230592632363,106.33736463831,0,0,0,104.915316975638,0
0,0,0,0,0,0,0,192.601533877686,155.24952173131,173.001559092555,115.541295036174,219.040656038919,74.4197823064597,0,0,122.106946855269,0,0,0,0,0,0,142.054529471577,0,113.144980278377,321.864157986053,0,0,139.792601838991,0,0,306.640284138334,90.1317194604647,125.994729980093,314.611698427915,0,151.075371308616,192.135034768848,0,202.712457066107,82.1742780037132
0,0,0,0,0,0,0,0,0,125.416941482916,119.345624434514,171.230058197369,0,0,0,0,0,0,0,0,0,0,0,113.144980278377,0,153.672550905948,0,94.9380989123498,0,0,0,0,0,191.519780382943,187.77054666536,0,0,150.161410108805,0,0,160.530221557972
0,0,0,205.839960264176,0,81.2827395071039,0,90.7216186966914,76.5072790361762,0,224.551207449728,148.808626413748,0,71.5579325720569,261.440278806413,0,0,0,134.960780198024,0,0,0,0,321.864157986053,153.672550905948,0,241.635434294794,283.248188884028,220.963068032256,0,0,0,0,153.453047983244,252.487290983309,0,335.371040201042,0,179.718364159796,231.050882209,193.659409924573
0,0,255.441154257905,133.984214699576,93.5029580098427,0,178.683678585178,0,0,0,0,98.6790043377568,0,0,249.798812580765,0,0,93.4234866874731,0,120.912756812582,0,215.611029055736,259.055025639447,0,0,241.635434294794,0,158.567996645797,145.74089716123,62.859596780235,0,146.814226519809,0,206.472608421747,259.442917595754,0,201.100640800745,0,0,208.005106191961,153.609372090384
0,109.093416850988,0,99.2646516363145,94.7280504127031,253.401634605989,0,357.423078228283,0,157.852515740516,197.893790332676,262.382215657622,0,0,242.790381480436,0,0,162.833808134102,0,0,106.926813611922,165.893015276821,0,0,94.9380989123498,283.248188884028,158.567996645797,0,101.85207633558,136.685314494491,120.567029282014,0,117.208001126138,219.078548227669,197.486504603685,194.442125915551,227.504408813069,212.592150359921,96.7845769653343,181.316358113209,61.0664810463559
0,0,0,348.674510760064,284.529238481835,0,0,0,92.5568465385234,280.376028997576,0,186.348837226466,0,101.350815329073,112.793316814908,73.1029054543569,0,0,125.81518738273,249.905610015455,167.066576495979,0,154.065933476765,139.792601838991,0,220.963068032256,145.74089716123,101.85207633558,0,303.527509149359,0,0,0,173.201474590904,0,0,190.185165668632,0,0,195.822649557859,82.6426202489162
0,0,0,0,134.566479261133,0,173.538155409849,0,0,146.770754374523,0,0,0,0,0,0,0,183.786860782462,0,175.196329314064,140.574866691684,0,0,0,0,0,62.859596780235,136.685314494491,303.527509149359,0,0,0,0,0,159.183173818572,0,0,0,0,161.74915061469,0
0,0,0,0,0,0,217.157696745803,0,0,0,0,289.631679007608,0,0,0,0,0,0,0,0,0,0,0,0,0,0,0,120.567029282014,0,0,0,0,0,0,0,0,169.742003380707,0,300.031143529538,151.036729364761,0
0,0,0,80.8080171296381,0,0,0,0,0,0,0,101.605593487621,0,0,0,220.901129804706,0,0,196.04190773555,0,89.707245288964,0,0,306.640284138334,0,0,146.814226519809,0,0,0,0,0,0,161.325017232684,0,0,141.204637091722,226.825099357786,154.784755881607,0,0
0,0,0,0,0,0,0,0,0,0,0,169.453147353278,0,0,0,0,0,0,0,0,0,0,0,90.1317194604647,0,0,0,117.208001126138,0,0,0,0,0,0,0,0,67.8267069095267,116.054372245433,0,0,0
72.2278283150671,261.605527103798,0,80.4367166559625,89.9429017381717,0,135.667029391615,106.128596538706,155.901486485736,89.3673883748406,241.682021696872,94.027247878695,0,0,154.070293657878,0,124.698445421759,0,0,0,82.6299537488922,0,174.013630695256,125.994729980093,191.519780382943,153.453047983244,206.472608421747,219.078548227669,173.201474590904,0,0,161.325017232684,0,0,136.792307586862,164.032723165762,198.528111506785,94.7529894315991,0,192.693757128262,0
0,0,0,205.183249704085,0,168.241326865882,85.7623170715703,89.1590885155172,325.937289045041,114.649126378906,240.185081663983,186.973586461633,98.417953423071,0,84.3635741045246,139.93285932648,0,0,0,108.136066660554,250.461724766314,0,98.2230592632363,314.611698427915,187.77054666536,252.487290983309,259.442917595754,197.486504603685,0,159.183173818572,0,0,0,136.792307586862,0,195.314816908693,138.33942793804,0,0,236.681907140956,173.059382066957
0,222.053792850439,0,0,0,333.645516435298,0,0,135.294330067913,0,161.302948562323,160.537522273714,0,133.218162784108,153.876396855887,225.013371621378,0,0,103.519938150021,269.936825670274,0,0,106.33736463831,0,0,0,0,194.442125915551,0,0,0,0,0,164.032723165762,195.314816908693,0,263.534399241887,276.620869034647,58.3493451392805,213.67670887414,74.5815074003433
137.189596148386,0,0,111.226326353722,106.533627130087,0,218.045528847001,232.945974238958,95.7590805983148,92.5207898118833,0,71.4788760670054,0,138.425725342224,137.239127032733,193.63278243493,347.376449530863,161.694997919804,0,345.797434674459,171.906398392157,0,0,151.075371308616,0,335.371040201042,201.100640800745,227.504408813069,190.185165668632,0,169.742003380707,141.204637091722,67.8267069095267,198.528111506785,138.33942793804,263.534399241887,0,128.530575464043,206.912707094411,146.99041817625,119.728129215699
0,146.465927798921,113.059176128709,0,0,205.09013266389,0,112.823430872325,0,0,62.311273509377,0,165.597665022977,0,0,0,0,221.805809452716,94.8881692391942,154.142998692322,0,143.005810983322,0,192.135034768848,150.161410108805,0,0,212.592150359921,0,0,0,226.825099357786,116.054372245433,94.7529894315991,0,276.620869034647,128.530575464043,0,0,131.969743415579,195.378266313867
0,112.349934713559,0,0,0,172.608400267715,78.8552325762656,0,0,0,96.5937438588657,100.812745974529,0,0,0,0,118.522099274347,70.4221432298295,321.124897279917,0,0,0,0,0,0,179.718364159796,0,96.7845769653343,0,0,300.031143529538,154.784755881607,0,0,0,58.3493451392805,206.912707094411,0,0,92.3502314520023,0
0,81.9664354533492,283.88658203332,0,188.851177466023,78.9559315574845,0,158.955087279859,0,0,0,75.4497121078207,161.275817184598,87.8456058929559,0,0,0,0,115.114253591495,101.5853655613,0,99.3508940827211,104.915316975638,202.712457066107,0,231.050882209,208.005106191961,181.316358113209,195.822649557859,161.74915061469,151.036729364761,0,0,192.693757128262,236.681907140956,213.67670887414,146.99041817625,131.969743415579,92.3502314520023,0,0
0,0,111.435629183184,0,0,0,247.66948903751,151.806152521152,0,73.4795582048751,0,0,0,209.996727521564,110.384905066973,0,128.405764333981,0,223.705816669619,139.654362654449,214.116367924649,329.719143597451,0,82.1742780037132,160.530221557972,193.659409924573,153.609372090384,61.0664810463559,82.6426202489162,0,0,0,0,0,173.059382066957,74.5815074003433,119.728129215699,195.378266313867,0,0,0
