0,0,0,0,0,0,0,262.382215657622,0,0,0,0,0,0,0,0,0,0,0,0,0,0,0,153.876396855887,0,87.8456058929559,134.960780198024,146.770754374523,0,0,0,0,0,0,0,197.893790332676,0,0,0,0,0
0,0,0,85.6072705949986,0,0,0,0,0,0,0,0,0,73.1029054543569,0,0,0,0,0,0,0,0,0,0,0,321.864157986053,0,196.04190773555,0,0,0,0,0,71.5579325720569,0,89.3673883748406,0,0,0,0,101.443495235174
0,0,0,0,125.81518738273,0,0,0,0,0,0,335.371040201042,0,0,0,0,0,0,0,0,0,0,0,0,0,163.059043292369,0,0,0,0,0,0,0,0,0,161.325017232684,0,0,0,0,110.384905066973
0,85.6072705949986,0,0,172.608400267715,0,137.239127032733,0,0,0,146.99041817625,85.7623170715703,0,0,101.605593487621,196.032358954952,0,0,0,0,0,0,0,0,0,0,197.486504603685,0,309.997227542691,0,0,0,0,222.053792850439,241.682021696872,0,82.1742780037132,0,0,0,115.332064605654
0,0,125.81518738273,172.608400267715,0,0,347.376449530863,0,209.996727521564,0,0,0,111.435629183184,0,0,0,0,0,0,95.7590805983148,0,0,187.77054666536,0,162.833808134102,0,114.511014214502,0,240.185081663983,58.3493451392805,0,0,0,0,204.481117647118,0,0,141.204637091722,0,0,153.453047983244
0,0,0,0,0,0,0,0,0,184.249961885477,247.66948903751,205.183249704085,0,0,183.786860782462,0,0,0,0,0,0,0,114.649126378906,0,0,283.88658203332,0,140.574866691684,0,99.3508940827211,0,0,0,0,66.5008477853491,125.994729980093,117.208001126138,62.859596780235,120.567029282014,0,112.823430872325
0,0,0,137.239127032733,347.376449530863,0,0,0,0,0,161.275817184598,0,0,0,0,136.685314494491,0,0,81.9664354533492,0,0,0,0,0,0,205.09013266389,0,106.533627130087,0,0,0,158.955087279859,0,0,157.852515740516,0,300.031143529538,0,109.093416850988,115.871357769661,74.7304794244225
262.382215657622,0,0,0,0,0,0,0,71.4788760670054,94.8881692391942,212.592150359921,74.5815074003433,0,0,0,0,223.705816669619,0,219.078548227669,112.349934713559,139.93285932648,0,115.114253591495,0,208.005106191961,0,0,139.792601838991,252.487290983309,0,0,217.157696745803,0,99.2646516363145,0,0,0,133.984214699576,0,0,0
0,0,0,0,209.996727521564,0,0,71.4788760670054,0,0,96.5937438588657,0,0,101.5853655613,0,0,0,0,0,165.893015276821,0,0,0,202.712457066107,0,0,0,0,104.369974912428,0,0,0,0,0,0,0,204.084074037941,169.453147353278,0,137.189596148386,154.142998692322
0,0,0,0,0,184.249961885477,0,94.8881692391942,0,0,173.201474590904,0,0,113.059176128709,193.63278243493,0,0,0,0,251.098274723989,333.645516435298,0,139.654362654449,177.763106506206,120.912756812582,98.6790043377568,0,198.528111506785,128.846764897717,0,0,0,0,94.7280504127031,133.218162784108,192.601533877686,263.534399241887,146.814226519809,0,0,0
0,0,0,146.99041817625,0,247.66948903751,161.275817184598,212.592150359921,96.5937438588657,173.201474590904,0,101.85207633558,0,0,0,0,0,0,0,0,106.33736463831,0,0,138.33942793804,0,0,224.523755099568,0,250.461724766314,0,0,0,84.3635741045246,151.806152521152,111.226326353722,0,0,325.937289045041,0,338.131802716296,0
0,0,335.371040201042,85.7623170715703,0,205.183249704085,0,74.5815074003433,0,0,101.85207633558,0,0,0,178.683678585178,0,0,178.748963182352,192.693757128262,0,0,0,128.530575464043,214.116367924649,0,154.065933476765,224.551207449728,125.416941482916,0,0,0,171.906398392157,195.314816908693,225.013371621378,67.8267069095267,0,194.442125915551,193.055010680236,249.798812580765,159.183173818572,0
0,0,0,0,111.435629183184,0,0,0,0,0,0,0,0,0,0,0,0,306.640284138334,0,289.631679007608,0,0,98.2230592632363,0,0,0,0,0,0,0,0,0,0,0,0,0,206.472608421747,0,0,167.066576495979,0
0,73.1029054543569,0,0,0,0,0,0,101.5853655613,113.059176128709,0,0,0,0,0,0,0,0,137.177378802006,0,0,135.294330067913,0,0,0,0,76.5072790361762,0,180.543851962045,0,153.609372090384,172.892533368851,0,0,236.681907140956,306.344527664232,145.74089716123,0,90.7216186966914,0,164.032723165762
0,0,0,101.605593487621,0,183.786860782462,0,0,0,193.63278243493,0,178.683678585178,0,0,0,0,0,0,0,0,0,0,261.440278806413,0,0,173.059382066957,89.1590885155172,0,151.036729364761,0,0,0,0,0,255.441154257905,228.075434767255,0,97.3506957544063,0,0,168.241326865882
0,0,0,196.032358954952,0,0,136.685314494491,0,0,0,0,0,0,0,0,0,180.90030328818,0,0,0,0,0,0,0,0,0,161.302948562323,154.784755881607,115.868441404982,0,0,89.707245288964,0,0,124.698445421759,0,155.901486485736,0,61.0664810463559,220.963068032256,0
0,0,0,0,0,0,0,223.705816669619,0,0,0,0,0,0,0,180.90030328818,0,0,0,98.417953423071,0,0,150.161410108805,0,0,0,112.793316814908,161.694997919804,0,0,0,0,0,171.230058197369,0,0,94.7529894315991,0,276.620869034647,269.936825670274,0
0,0,0,0,0,0,0,0,0,0,0,178.748963182352,306.640284138334,0,0,0,0,0,118.522099274347,0,0,0,0,0,0,0,0,0,0,314.611698427915,0,0,0,106.926813611922,231.050882209,0,93.4234866874731,0,0,94.9380989123498,116.054372245433
0,0,0,0,0,0,81.9664354533492,219.078548227669,0,0,0,192.693757128262,0,137.177378802006,0,0,0,118.522099274347,0,0,0,0,93.5029580098427,0,97.5855511246009,104.915316975638,199.492852797962,96.7845769653343,0,0,0,0,0,195.822649557859,0,0,206.912707094411,0,0,0,0
0,0,0,0,95.7590805983148,0,0,112.349934713559,165.893015276821,251.098274723989,0,0,289.631679007608,0,0,0,98.417953423071,0,0,0,0,0,259.442917595754,160.530221557972,0,101.350815329073,198.964527389285,249.905610015455,81.2827395071039,0,0,0,0,75.4497121078207,0,62.311273509377,231.715271819474,200.878319874537,0,213.67670887414,0
0,0,0,0,0,0,0,139.93285932648,0,333.645516435298,106.33736463831,0,0,0,0,0,0,0,0,0,0,0,0,0,115.541295036174,186.348837226466,241.635434294794,108.136066660554,142.385058730083,0,0,82.6426202489162,0,92.5207898118833,0,78.8552325762656,136.792307586862,0,0,0,179.718364159796
0,0,0,0,0,0,0,0,0,0,0,0,0,135.294330067913,0,0,0,0,0,0,0,0,0,0,161.74915061469,0,0,0,0,0,0,0,0,226.825099357786,163.945208919892,191.519780382943,160.537522273714,357.423078228283,0,353.822894641502,0
0,0,0,0,187.77054666536,114.649126378906,0,115.114253591495,0,139.654362654449,0,128.530575464043,98.2230592632363,0,261.440278806413,0,150.161410108805,0,93.5029580098427,259.442917595754,0,0,0,72.2278283150671,0,0,192.135034768848,0,0,0,0,0,0,0,259.055025639447,0,0,0,82.6299537488922,178.224497384947,0
153.876396855887,0,0,0,0,0,0,0,202.712457066107,177.763106506206,138.33942793804,214.116367924649,0,0,0,0,0,0,0,160.530221557972,0,0,72.2278283150671,0,0,0,101.895308036513,173.538155409849,138.425725342224,329.719143597451,0,175.196329314064,0,92.5568465385234,348.674510760064,283.248188884028,173.001559092555,0,106.128596538706,94.126460729827,188.851177466023
0,0,0,0,162.833808134102,0,0,208.005106191961,0,120.912756812582,0,0,0,0,0,0,0,0,97.5855511246009,0,115.541295036174,161.74915061469,0,0,0,0,0,131.969743415579,0,0,0,0,0,320.356811100276,280.376028997576,0,0,119.345624434514,0,0,0
87.8456058929559,321.864157986053,163.059043292369,0,0,283.88658203332,205.09013266389,0,0,98.6790043377568,0,154.065933476765,0,0,173.059382066957,0,0,0,104.915316975638,101.350815329073,186.348837226466,0,0,0,0,0,151.695570509541,188.936291522747,70.4221432298295,0,0,0,0,211.840482897052,0,0,345.797434674459,155.24952173131,193.777661225572,181.316358113209,174.013630695256
134.960780198024,0,0,197.486504603685,114.511014214502,0,0,0,0,0,224.523755099568,224.551207449728,0,76.5072790361762,89.1590885155172,161.302948562323,112.793316814908,0,199.492852797962,198.964527389285,241.635434294794,0,192.135034768848,101.895308036513,0,151.695570509541,0,165.597665022977,0,284.529238481835,0,0,0,134.566479261133,253.401634605989,201.100640800745,0,0,0,0,0
146.770754374523,196.04190773555,0,0,0,140.574866691684,106.533627130087,139.792601838991,0,198.528111506785,0,125.416941482916,0,0,0,154.784755881607,161.694997919804,0,96.7845769653343,249.905610015455,108.136066660554,0,0,173.538155409849,131.969743415579,188.936291522747,165.597665022977,0,169.742003380707,90.1317194604647,0,190.185165668632,0,146.465927798921,232.945974238958,116.176698124939,153.672550905948,238.934743274142,74.4197823064597,151.075371308616,321.124897279917
0,0,0,309.997227542691,240.185081663983,0,0,252.487290983309,104.369974912428,128.846764897717,250.461724766314,0,0,180.543851962045,151.036729364761,115.868441404982,0,0,0,81.2827395071039,142.385058730083,0,0,138.425725342224,0,70.4221432298295,0,169.742003380707,0,0,97.3232815600345,0,0,82.4756938751058,323.781250289068,135.667029391615,180.355266595273,80.4367166559625,0,218.045528847001,0
0,0,0,0,58.3493451392805,99.3508940827211,0,0,0,0,0,0,0,0,0,0,0,314.611698427915,0,0,0,0,0,329.719143597451,0,0,284.529238481835,90.1317194604647,0,0,0,0,0,124.853650664477,100.812745974529,0,303.527509149359,0,0,113.144980278377,261.605527103798
0,0,0,0,0,0,0,0,0,0,0,0,0,153.609372090384,0,0,0,0,0,0,0,0,0,0,0,0,0,0,97.3232815600345,0,0,0,0,0,219.040656038919,193.659409924573,215.611029055736,0,0,219.430938885781,0
0,0,0,0,0,0,158.955087279859,217.157696745803,0,0,0,171.906398392157,0,172.892533368851,0,89.707245288964,0,0,0,0,82.6426202489162,0,0,175.196329314064,0,0,0,190.185165668632,0,0,0,0,0,0,0,108.381749703452,73.4795582048751,0,0,241.57250333243,0
0,0,0,0,0,0,0,0,0,0,84.3635741045246,195.314816908693,0,0,0,0,0,0,0,0,0,0,0,0,0,0,0,0,0,0,0,0,0,195.378266313867,0,0,151.01089327964,201.44584889478,0,0,0
0,71.5579325720569,0,222.053792850439,0,0,0,99.2646516363145,0,94.7280504127031,151.806152521152,225.013371621378,0,0,0,0,171.230058197369,106.926813611922,195.822649557859,75.4497121078207,92.5207898118833,226.825099357786,0,92.5568465385234,320.356811100276,211.840482897052,134.566479261133,146.465927798921,82.4756938751058,124.853650664477,0,0,195.378266313867,0,227.504408813069,154.070293657878,221.805809452716,143.005810983322,0,103.519938150021,128.405764333981
0,0,0,241.682021696872,204.481117647118,66.5008477853491,157.852515740516,0,0,133.218162784108,111.226326353722,67.8267069095267,0,236.681907140956,255.441154257905,124.698445421759,0,231.050882209,0,0,0,163.945208919892,259.055025639447,348.674510760064,280.376028997576,0,253.401634605989,232.945974238958,323.781250289068,100.812745974529,219.040656038919,0,0,227.504408813069,0,0,115.194491798135,0,142.054529471577,119.728129215699,220.901129804706
197.893790332676,89.3673883748406,161.325017232684,0,0,125.994729980093,0,0,0,192.601533877686,0,0,0,306.344527664232,228.075434767255,0,0,0,0,62.311273509377,78.8552325762656,191.519780382943,0,283.248188884028,0,0,201.100640800745,116.176698124939,135.667029391615,0,193.659409924573,108.381749703452,0,154.070293657878,0,0,158.567996645797,0,0,122.106946855269,0
0,0,0,82.1742780037132,0,117.208001126138,300.031143529538,0,204.084074037941,263.534399241887,0,194.442125915551,206.472608421747,145.74089716123,0,155.901486485736,94.7529894315991,93.4234866874731,206.912707094411,231.715271819474,136.792307586862,160.537522273714,0,173.001559092555,0,345.797434674459,0,153.672550905948,180.355266595273,303.527509149359,215.611029055736,73.4795582048751,151.01089327964,221.805809452716,115.194491798135,158.567996645797,0,228.792310020318,92.3502314520023,148.808626413748,80.8080171296381
0,0,0,0,141.204637091722,62.859596780235,0,133.984214699576,169.453147353278,146.814226519809,325.937289045041,193.055010680236,0,0,97.3506957544063,0,0,0,0,200.878319874537,0,357.423078228283,0,0,119.345624434514,155.24952173131,0,238.934743274142,80.4367166559625,0,0,0,201.44584889478,143.005810983322,0,0,228.792310020318,0,205.839960264176,89.9429017381717,78.9559315574845
0,0,0,0,0,120.567029282014,109.093416850988,0,0,0,0,249.798812580765,0,90.7216186966914,0,61.0664810463559,276.620869034647,0,0,0,0,0,82.6299537488922,106.128596538706,0,193.777661225572,0,74.4197823064597,0,0,0,0,0,0,142.054529471577,0,92.3502314520023,205.839960264176,0,94.027247878695,242.790381480436
0,0,0,0,0,0,115.871357769661,0,137.189596148386,0,338.131802716296,159.183173818572,167.066576495979,0,0,220.963068032256,269.936825670274,94.9380989123498,0,213.67670887414,0,353.822894641502,178.224497384947,94.126460729827,0,181.316358113209,0,151.075371308616,218.045528847001,113.144980278377,219.430938885781,241.57250333243,0,103.519938150021,119.728129215699,122.106946855269,148.808626413748,89.9429017381717,94.027247878695,0,186.973586461633
0,101.443495235174,110.384905066973,115.332064605654,153.453047983244,112.823430872325,74.7304794244225,0,154.142998692322,0,0,0,0,164.032723165762,168.241326865882,0,0,116.054372245433,0,0,179.718364159796,0,0,188.851177466023,0,174.013630695256,0,321.124897279917,0,261.605527103798,0,0,0,128.405764333981,220.901129804706,0,80.8080171296381,78.9559315574845,242.790381480436,186.973586461633,0
