0,0,0,0,193.055010680236,0,0,0,0,0,0,0,0,0,0,0,0,0,0,0,0,0,0,0,0,0,142.054529471577,0,0,0,0,0,0,0,104.915316975638,0,205.09013266389,0,0,109.093416850988,183.786860782462
0,0,0,0,0,0,0,0,0,0,0,94.027247878695,0,0,0,0,0,0,0,0,0,0,167.066576495979,0,0,0,0,94.9380989123498,0,0,0,128.846764897717,0,158.955087279859,0,206.472608421747,114.511014214502,0,0,0,0
0,0,0,0,0,224.523755099568,0,0,0,0,0,0,0,0,0,0,0,0,0,0,0,353.822894641502,0,116.176698124939,0,0,0,0,0,0,0,0,0,0,0,0,226.825099357786,219.430938885781,0,0,0
0,0,0,0,0,0,0,0,0,0,347.376449530863,101.5853655613,0,72.2278283150671,0,238.934743274142,0,0,0,0,174.013630695256,0,0,160.530221557972,0,300.031143529538,0,221.805809452716,0,163.945208919892,0,0,0,197.486504603685,0,0,139.792601838991,0,153.672550905948,0,136.685314494491
193.055010680236,0,0,0,0,0,0,0,220.901129804706,204.084074037941,0,0,0,0,0,0,150.161410108805,0,0,0,0,0,323.781250289068,82.6299537488922,0,219.078548227669,255.441154257905,321.864157986053,165.597665022977,0,0,0,0,215.611029055736,0,0,137.177378802006,0,106.128596538706,125.994729980093,0
0,0,224.523755099568,0,0,0,222.053792850439,0,0,0,0,85.6072705949986,0,99.2646516363145,0,0,0,0,161.325017232684,0,0,209.996727521564,67.8267069095267,97.5855511246009,146.99041817625,0,0,0,0,0,0,0,143.005810983322,134.960780198024,0,0,283.248188884028,201.44584889478,0,111.226326353722,0
0,0,0,0,0,222.053792850439,0,289.631679007608,0,0,0,0,0,0,0,125.81518738273,173.538155409849,0,165.893015276821,0,0,0,0,0,0,159.183173818572,0,96.5937438588657,227.504408813069,249.798812580765,0,0,0,92.5568465385234,74.7304794244225,224.551207449728,0,325.937289045041,0,0,0
0,0,0,0,0,0,289.631679007608,0,113.059176128709,178.683678585178,0,146.814226519809,0,0,0,0,92.3502314520023,173.001559092555,90.7216186966914,92.5207898118833,0,0,0,0,0,134.566479261133,0,205.839960264176,241.57250333243,0,154.070293657878,0,0,161.74915061469,106.533627130087,0,0,306.640284138334,0,206.912707094411,0
0,0,0,0,220.901129804706,0,0,113.059176128709,0,142.385058730083,0,180.90030328818,0,0,0,0,0,0,0,58.3493451392805,0,82.4756938751058,0,0,0,0,101.895308036513,0,0,0,0,0,0,0,169.742003380707,0,0,186.973586461633,197.893790332676,0,62.859596780235
0,0,0,0,204.084074037941,0,0,178.683678585178,142.385058730083,0,0,110.384905066973,0,153.609372090384,0,220.963068032256,0,0,119.345624434514,201.100640800745,0,0,329.719143597451,253.401634605989,0,0,97.3506957544063,93.4234866874731,0,0,0,0,0,0,171.906398392157,252.487290983309,101.85207633558,153.453047983244,153.876396855887,0,262.382215657622
0,0,0,347.376449530863,0,0,0,0,0,0,0,208.005106191961,103.519938150021,0,195.378266313867,0,0,0,0,0,0,0,80.4367166559625,180.355266595273,0,98.417953423071,0,115.541295036174,135.294330067913,0,0,133.984214699576,0,335.371040201042,0,115.332064605654,119.728129215699,75.4497121078207,0,124.853650664477,84.3635741045246
0,94.027247878695,0,101.5853655613,0,85.6072705949986,0,146.814226519809,180.90030328818,110.384905066973,208.005106191961,0,0,136.792307586862,0,193.777661225572,0,0,0,0,0,0,280.376028997576,78.8552325762656,0,168.241326865882,0,94.8881692391942,73.4795582048751,0,0,0,0,71.4788760670054,139.654362654449,151.036729364761,82.6426202489162,0,80.8080171296381,241.635434294794,192.693757128262
0,0,0,0,0,0,0,0,0,0,103.519938150021,0,0,0,0,0,0,0,0,0,0,0,0,0,0,333.645516435298,218.045528847001,0,338.131802716296,0,0,0,0,0,163.059043292369,93.5029580098427,0,0,0,0,0
0,0,0,72.2278283150671,0,99.2646516363145,0,0,0,153.609372090384,0,136.792307586862,0,0,0,0,0,0,0,111.435629183184,146.465927798921,0,0,94.7280504127031,0,249.905610015455,0,0,0,172.892533368851,0,261.605527103798,0,0,71.5579325720569,0,155.24952173131,0,0,122.106946855269,259.055025639447
0,0,0,0,0,0,0,0,0,0,195.378266313867,0,0,0,0,76.5072790361762,0,0,0,0,113.144980278377,0,0,0,0,196.04190773555,0,74.5815074003433,82.1742780037132,0,0,0,0,214.116367924649,128.530575464043,118.522099274347,0,345.797434674459,0,100.812745974529,263.534399241887
0,0,0,238.934743274142,0,0,125.81518738273,0,0,220.963068032256,0,193.777661225572,0,0,76.5072790361762,0,0,0,0,0,0,196.032358954952,0,0,0,108.136066660554,0,193.63278243493,0,0,0,0,0,198.528111506785,0,0,112.823430872325,0,0,0,186.348837226466
0,0,0,0,150.161410108805,0,173.538155409849,92.3502314520023,0,0,0,0,0,0,0,0,0,0,0,242.790381480436,0,0,0,0,0,0,283.88658203332,98.2230592632363,0,0,0,94.7529894315991,0,0,139.93285932648,0,137.239127032733,0,0,309.997227542691,0
0,0,0,0,0,0,0,173.001559092555,0,0,0,0,0,0,0,0,0,0,0,0,0,115.868441404982,151.075371308616,61.0664810463559,0,213.67670887414,247.66948903751,0,0,0,0,0,128.405764333981,125.416941482916,0,0,96.7845769653343,0,0,0,0
0,0,0,0,0,161.325017232684,165.893015276821,90.7216186966914,0,119.345624434514,0,0,0,0,0,0,0,0,0,0,0,0,0,0,0,155.901486485736,158.567996645797,0,169.453147353278,232.945974238958,0,0,0,117.208001126138,124.698445421759,0,133.218162784108,0,0,178.224497384947,0
0,0,0,0,0,0,0,92.5207898118833,58.3493451392805,201.100640800745,0,0,0,111.435629183184,0,0,242.790381480436,0,0,0,160.537522273714,0,115.871357769661,138.425725342224,0,0,0,94.126460729827,0,89.3673883748406,173.201474590904,276.620869034647,138.33942793804,0,154.142998692322,114.649126378906,200.878319874537,0,101.605593487621,0,0
0,0,0,174.013630695256,0,0,0,0,0,0,0,0,0,146.465927798921,113.144980278377,0,0,0,0,160.537522273714,0,0,0,0,0,0,137.189596148386,187.77054666536,101.443495235174,0,0,0,0,0,212.592150359921,0,191.519780382943,241.682021696872,101.350815329073,180.543851962045,192.135034768848
0,0,353.822894641502,0,0,209.996727521564,0,0,82.4756938751058,0,0,0,0,0,0,196.032358954952,0,115.868441404982,0,0,0,0,0,141.204637091722,0,0,0,0,0,0,0,0,178.748963182352,0,0,0,0,0,0,0,269.936825670274
0,167.066576495979,0,0,323.781250289068,67.8267069095267,0,0,0,329.719143597451,80.4367166559625,280.376028997576,0,0,0,0,0,151.075371308616,0,115.871357769661,0,0,0,120.567029282014,0,0,135.667029391615,0,223.705816669619,0,0,0,0,98.6790043377568,74.4197823064597,184.249961885477,0,0,0,151.806152521152,0
0,0,116.176698124939,160.530221557972,82.6299537488922,97.5855511246009,0,0,0,253.401634605989,180.355266595273,78.8552325762656,0,94.7280504127031,0,0,0,61.0664810463559,0,138.425725342224,0,141.204637091722,120.567029282014,0,0,0,0,259.442917595754,0,0,0,195.822649557859,0,0,140.574866691684,225.013371621378,204.481117647118,106.926813611922,190.185165668632,0,0
0,0,0,0,0,146.99041817625,0,0,0,0,0,0,0,0,0,0,0,0,0,0,0,0,0,0,0,0,0,161.694997919804,231.715271819474,0,0,0,0,85.7623170715703,87.8456058929559,78.9559315574845,177.763106506206,181.316358113209,217.157696745803,205.183249704085,0
0,0,0,300.031143529538,219.078548227669,0,159.183173818572,134.566479261133,0,0,98.417953423071,168.241326865882,333.645516435298,249.905610015455,196.04190773555,108.136066660554,0,213.67670887414,155.901486485736,0,0,0,0,0,0,0,116.054372245433,151.01089327964,175.196329314064,0,0,0,0,157.852515740516,131.969743415579,0,62.311273509377,219.040656038919,0,0,112.349934713559
142.054529471577,0,0,0,255.441154257905,0,0,0,101.895308036513,97.3506957544063,0,0,218.045528847001,0,0,0,283.88658203332,247.66948903751,158.567996645797,0,137.189596148386,0,135.667029391615,0,0,116.054372245433,0,112.793316814908,179.718364159796,104.369974912428,0,0,0,162.833808134102,199.492852797962,0,66.5008477853491,145.74089716123,0,95.7590805983148,198.964527389285
0,94.9380989123498,0,221.805809452716,321.864157986053,0,96.5937438588657,205.839960264176,0,93.4234866874731,115.541295036174,94.8881692391942,0,0,74.5815074003433,193.63278243493,98.2230592632363,0,0,94.126460729827,187.77054666536,0,0,259.442917595754,161.694997919804,151.01089327964,112.793316814908,0,188.936291522747,211.840482897052,0,146.770754374523,0,192.601533877686,106.33736463831,0,357.423078228283,81.9664354533492,115.194491798135,154.065933476765,188.851177466023
0,0,0,0,165.597665022977,0,227.504408813069,241.57250333243,0,0,135.294330067913,73.4795582048751,338.131802716296,0,82.1742780037132,0,0,0,169.453147353278,0,101.443495235174,0,223.705816669619,0,231.715271819474,175.196329314064,179.718364159796,188.936291522747,0,0,0,0,0,284.529238481835,108.381749703452,321.124897279917,171.230058197369,120.912756812582,0,228.075434767255,90.1317194604647
0,0,0,163.945208919892,0,0,249.798812580765,0,0,0,0,0,0,172.892533368851,0,0,0,0,232.945974238958,89.3673883748406,0,0,0,0,0,0,104.369974912428,211.840482897052,0,0,0,202.712457066107,0,173.059382066957,0,251.098274723989,0,0,0,261.440278806413,0
0,0,0,0,0,0,0,154.070293657878,0,0,0,0,0,0,0,0,0,0,0,173.201474590904,0,0,0,0,0,0,0,0,0,0,0,0,0,0,194.442125915551,231.050882209,89.1590885155172,0,0,303.527509149359,0
0,128.846764897717,0,0,0,0,0,0,0,0,133.984214699576,0,0,261.605527103798,0,0,94.7529894315991,0,0,276.620869034647,0,0,0,195.822649557859,0,0,0,146.770754374523,0,202.712457066107,0,0,0,0,0,0,151.695570509541,0,115.114253591495,161.302948562323,0
0,0,0,0,0,143.005810983322,0,0,0,0,0,0,0,0,0,0,0,128.405764333981,0,138.33942793804,0,178.748963182352,0,0,0,0,0,0,0,0,0,0,0,0,0,0,0,0,0,0,148.808626413748
0,158.955087279859,0,197.486504603685,215.611029055736,134.960780198024,92.5568465385234,161.74915061469,0,0,335.371040201042,71.4788760670054,0,0,214.116367924649,198.528111506785,0,125.416941482916,117.208001126138,0,0,0,98.6790043377568,0,85.7623170715703,157.852515740516,162.833808134102,192.601533877686,284.529238481835,173.059382066957,0,0,0,0,161.275817184598,89.9429017381717,193.659409924573,240.185081663983,89.707245288964,70.4221432298295,73.1029054543569
104.915316975638,0,0,0,0,0,74.7304794244225,106.533627130087,169.742003380707,171.906398392157,0,139.654362654449,163.059043292369,71.5579325720569,128.530575464043,0,139.93285932648,0,124.698445421759,154.142998692322,212.592150359921,0,74.4197823064597,140.574866691684,87.8456058929559,131.969743415579,199.492852797962,106.33736463831,108.381749703452,0,194.442125915551,0,0,161.275817184598,0,0,154.784755881607,348.674510760064,0,228.792310020318,0
0,206.472608421747,0,0,0,0,224.551207449728,0,0,252.487290983309,115.332064605654,151.036729364761,93.5029580098427,0,118.522099274347,0,0,0,0,114.649126378906,0,0,184.249961885477,225.013371621378,78.9559315574845,0,0,0,321.124897279917,251.098274723989,231.050882209,0,0,89.9429017381717,0,0,0,306.344527664232,164.032723165762,236.681907140956,97.3232815600345
205.09013266389,114.511014214502,226.825099357786,139.792601838991,137.177378802006,283.248188884028,0,0,0,101.85207633558,119.728129215699,82.6426202489162,0,155.24952173131,0,112.823430872325,137.239127032733,96.7845769653343,133.218162784108,200.878319874537,191.519780382943,0,0,204.481117647118,177.763106506206,62.311273509377,66.5008477853491,357.423078228283,171.230058197369,0,89.1590885155172,151.695570509541,0,193.659409924573,154.784755881607,0,0,250.461724766314,99.3508940827211,314.611698427915,81.2827395071039
0,0,219.430938885781,0,0,201.44584889478,325.937289045041,306.640284138334,186.973586461633,153.453047983244,75.4497121078207,0,0,0,345.797434674459,0,0,0,0,0,241.682021696872,0,0,106.926813611922,181.316358113209,219.040656038919,145.74089716123,81.9664354533492,120.912756812582,0,0,0,0,240.185081663983,348.674510760064,306.344527664232,250.461724766314,0,0,0,172.608400267715
0,0,0,153.672550905948,106.128596538706,0,0,0,197.893790332676,153.876396855887,0,80.8080171296381,0,0,0,0,0,0,0,101.605593487621,101.350815329073,0,0,190.185165668632,217.157696745803,0,0,115.194491798135,0,0,0,115.114253591495,0,89.707245288964,0,164.032723165762,99.3508940827211,0,0,195.314816908693,0
109.093416850988,0,0,0,125.994729980093,111.226326353722,0,206.912707094411,0,0,124.853650664477,241.635434294794,0,122.106946855269,100.812745974529,0,309.997227542691,0,178.224497384947,0,180.543851962045,0,151.806152521152,0,205.183249704085,0,95.7590805983148,154.065933476765,228.075434767255,261.440278806413,303.527509149359,161.302948562323,0,70.4221432298295,228.792310020318,236.681907140956,314.611698427915,0,195.314816908693,0,320.356811100276
183.786860782462,0,0,136.685314494491,0,0,0,0,62.859596780235,262.382215657622,84.3635741045246,192.693757128262,0,259.055025639447,263.534399241887,186.348837226466,0,0,0,0,192.135034768848,269.936825670274,0,0,0,112.349934713559,198.964527389285,188.851177466023,90.1317194604647,0,0,0,148.808626413748,73.1029054543569,0,97.3232815600345,81.2827395071039,172.608400267715,0,320.356811100276,0
