0,0,0,0,0,0,0,0,0,0,193.659409924573,171.230058197369,0,0,0,0,0,0,0,0,0,0,0,0,0,0,0,289.631679007608,0,0,0,0,0,157.852515740516,0,165.597665022977,0,0,0,180.543851962045,0
0,0,0,0,161.325017232684,0,0,0,0,0,0,138.33942793804,188.936291522747,0,0,0,0,0,0,0,321.124897279917,0,0,0,0,0,0,0,0,0,0,0,67.8267069095267,0,0,161.302948562323,0,0,139.654362654449,0,0
0,0,0,0,0,0,0,0,0,0,0,0,0,0,0,0,0,0,0,0,186.348837226466,0,0,0,0,178.683678585178,0,139.93285932648,113.059176128709,0,0,0,0,0,0,0,0,0,0,0,61.0664810463559
0,0,0,0,0,0,0,74.7304794244225,0,94.8881692391942,0,0,111.226326353722,0,114.511014214502,0,214.116367924649,0,0,0,0,0,0,0,0,136.792307586862,174.013630695256,71.5579325720569,116.176698124939,0,0,0,0,92.3502314520023,0,0,104.915316975638,0,82.4756938751058,140.574866691684,0
0,161.325017232684,0,0,0,0,106.533627130087,109.093416850988,0,58.3493451392805,196.032358954952,62.859596780235,0,0,0,0,0,259.442917595754,0,0,0,0,0,206.472608421747,0,0,0,0,186.973586461633,163.059043292369,0,0,0,0,0,0,241.57250333243,0,98.2230592632363,142.054529471577,81.2827395071039
0,0,0,0,0,0,0,0,0,0,220.963068032256,0,0,78.8552325762656,0,0,0,0,201.44584889478,155.24952173131,0,276.620869034647,93.4234866874731,125.416941482916,0,0,205.839960264176,82.6299537488922,167.066576495979,0,0,0,162.833808134102,0,0,188.851177466023,101.605593487621,0,128.530575464043,0,0
0,0,0,0,106.533627130087,0,0,242.790381480436,333.645516435298,215.611029055736,0,70.4221432298295,0,0,0,0,0,106.128596538706,0,236.681907140956,0,183.786860782462,217.157696745803,0,0,0,0,0,0,0,0,0,0,198.528111506785,82.1742780037132,0,160.537522273714,0,0,0,197.893790332676
0,0,0,74.7304794244225,109.093416850988,0,242.790381480436,0,0,195.822649557859,97.3506957544063,0,0,0,0,323.781250289068,0,85.7623170715703,0,251.098274723989,0,0,0,0,0,180.355266595273,335.371040201042,136.685314494491,284.529238481835,0,0,0,0,153.672550905948,0,151.036729364761,0,329.719143597451,0,122.106946855269,0
0,0,0,0,0,0,333.645516435298,0,0,232.945974238958,0,0,117.208001126138,0,0,0,120.912756812582,0,0,0,0,0,0,220.901129804706,0,0,0,0,80.4367166559625,208.005106191961,0,0,0,0,137.239127032733,0,247.66948903751,112.349934713559,0,224.551207449728,0
0,0,0,94.8881692391942,58.3493451392805,0,215.611029055736,195.822649557859,232.945974238958,0,0,261.440278806413,0,0,0,0,0,0,151.075371308616,94.7529894315991,0,0,250.461724766314,222.053792850439,0,120.567029282014,196.04190773555,0,306.344527664232,0,0,134.960780198024,0,240.185081663983,0,0,113.144980278377,195.314816908693,0,92.5207898118833,0
193.659409924573,0,0,0,196.032358954952,220.963068032256,0,97.3506957544063,0,0,0,0,0,0,0,0,0,0,0,219.430938885781,0,0,0,0,0,172.892533368851,143.005810983322,205.09013266389,0,0,0,137.177378802006,0,135.667029391615,146.770754374523,223.705816669619,135.294330067913,141.204637091722,0,173.001559092555,228.792310020318
171.230058197369,138.33942793804,0,0,62.859596780235,0,70.4221432298295,0,0,261.440278806413,0,0,0,347.376449530863,158.955087279859,0,0,0,0,94.7280504127031,0,0,0,155.901486485736,138.425725342224,115.194491798135,115.541295036174,133.218162784108,204.084074037941,0,0,0,124.853650664477,190.185165668632,99.3508940827211,0,158.567996645797,101.443495235174,0,106.926813611922,99.2646516363145
0,188.936291522747,0,111.226326353722,0,0,0,0,117.208001126138,0,0,0,0,0,0,0,0,0,0,0,0,0,0,0,0,0,0,161.694997919804,0,0,0,0,0,0,0,94.126460729827,309.997227542691,0,0,0,0
0,0,0,0,0,78.8552325762656,0,0,0,0,0,347.376449530863,0,0,192.693757128262,0,94.027247878695,104.369974912428,101.895308036513,0,0,0,0,150.161410108805,0,100.812745974529,0,101.85207633558,0,0,165.893015276821,0,0,249.905610015455,193.63278243493,0,73.1029054543569,0,0,89.1590885155172,0
0,0,0,114.511014214502,0,0,0,0,0,0,0,158.955087279859,0,192.693757128262,0,115.868441404982,0,0,0,0,0,0,194.442125915551,0,0,0,89.707245288964,0,0,0,0,0,0,80.8080171296381,228.075434767255,0,118.522099274347,153.876396855887,0,173.538155409849,177.763106506206
0,0,0,0,0,0,0,323.781250289068,0,0,0,0,0,0,115.868441404982,0,193.055010680236,0,0,0,325.937289045041,92.5568465385234,0,0,0,0,0,306.640284138334,161.275817184598,200.878319874537,0,0,0,0,0,0,211.840482897052,0,0,283.248188884028,300.031143529538
0,0,0,214.116367924649,0,0,0,0,120.912756812582,0,0,0,0,94.027247878695,0,193.055010680236,0,0,0,0,160.530221557972,0,0,0,139.792601838991,0,0,171.906398392157,0,0,0,0,0,0,151.806152521152,90.1317194604647,0,0,0,0,163.945208919892
0,0,0,0,259.442917595754,0,106.128596538706,85.7623170715703,0,0,0,0,0,104.369974912428,0,0,0,0,0,0,0,0,0,262.382215657622,0,0,0,253.401634605989,0,0,0,0,0,213.67670887414,219.078548227669,0,0,0,238.934743274142,0,0
0,0,0,0,0,201.44584889478,0,0,0,151.075371308616,0,0,0,101.895308036513,0,0,0,0,0,142.385058730083,0,0,0,0,0,146.465927798921,78.9559315574845,74.4197823064597,0,0,0,0,191.519780382943,192.135034768848,115.332064605654,0,151.01089327964,169.742003380707,0,0,0
0,0,0,0,0,155.24952173131,236.681907140956,251.098274723989,0,94.7529894315991,219.430938885781,94.7280504127031,0,0,0,0,0,0,142.385058730083,0,0,0,0,0,97.5855511246009,0,178.748963182352,0,128.405764333981,0,0,0,0,96.7845769653343,128.846764897717,98.417953423071,205.183249704085,338.131802716296,0,259.055025639447,154.142998692322
0,321.124897279917,186.348837226466,0,0,0,0,0,0,0,0,0,0,0,0,325.937289045041,160.530221557972,0,0,0,0,0,0,159.183173818572,0,82.6426202489162,0,193.777661225572,85.6072705949986,90.7216186966914,0,0,0,179.718364159796,0,0,0,195.378266313867,201.100640800745,0,97.3232815600345
0,0,0,0,0,276.620869034647,183.786860782462,0,0,0,0,0,0,0,0,92.5568465385234,0,0,0,0,0,0,0,0,0,0,0,0,0,0,0,321.864157986053,0,0,94.9380989123498,73.4795582048751,225.013371621378,161.74915061469,0,0,0
0,0,0,0,0,93.4234866874731,217.157696745803,0,0,250.461724766314,0,0,0,0,194.442125915551,0,0,0,0,0,0,0,0,103.519938150021,151.695570509541,101.350815329073,84.3635741045246,0,98.6790043377568,0,0,0,0,110.384905066973,72.2278283150671,187.77054666536,87.8456058929559,0,204.481117647118,125.994729980093,0
0,0,0,0,206.472608421747,125.416941482916,0,0,220.901129804706,222.053792850439,0,155.901486485736,0,150.161410108805,0,0,0,262.382215657622,0,0,159.183173818572,0,103.519938150021,0,0,353.822894641502,164.032723165762,219.040656038919,131.969743415579,0,0,0,0,180.90030328818,0,168.241326865882,249.798812580765,114.649126378906,198.964527389285,0,178.224497384947
0,0,0,0,0,0,0,0,0,0,0,138.425725342224,0,0,0,0,139.792601838991,0,0,97.5855511246009,0,0,151.695570509541,0,0,283.88658203332,0,0,192.601533877686,0,348.674510760064,0,0,0,153.453047983244,0,0,62.311273509377,0,197.486504603685,0
0,0,178.683678585178,136.792307586862,0,0,0,180.355266595273,0,120.567029282014,172.892533368851,115.194491798135,0,100.812745974529,0,0,0,0,146.465927798921,0,82.6426202489162,0,101.350815329073,353.822894641502,283.88658203332,0,172.608400267715,154.065933476765,93.5029580098427,0,0,0,0,218.045528847001,199.492852797962,320.356811100276,111.435629183184,125.81518738273,0,0,0
0,0,0,174.013630695256,0,205.839960264176,0,335.371040201042,0,196.04190773555,143.005810983322,115.541295036174,0,0,89.707245288964,0,0,0,78.9559315574845,178.748963182352,0,0,84.3635741045246,164.032723165762,0,172.608400267715,0,269.936825670274,0,0,0,231.715271819474,0,119.345624434514,148.808626413748,96.5937438588657,124.698445421759,0,0,154.784755881607,357.423078228283
289.631679007608,0,139.93285932648,71.5579325720569,0,82.6299537488922,0,136.685314494491,0,0,205.09013266389,133.218162784108,161.694997919804,101.85207633558,0,306.640284138334,171.906398392157,253.401634605989,74.4197823064597,0,193.777661225572,0,0,219.040656038919,0,154.065933476765,269.936825670274,0,115.871357769661,74.5815074003433,314.611698427915,146.99041817625,0,261.605527103798,280.376028997576,154.070293657878,0,108.136066660554,0,209.996727521564,101.5853655613
0,0,113.059176128709,116.176698124939,186.973586461633,167.066576495979,0,284.529238481835,80.4367166559625,306.344527664232,0,204.084074037941,0,0,0,161.275817184598,0,0,0,128.405764333981,85.6072705949986,0,98.6790043377568,131.969743415579,192.601533877686,93.5029580098427,0,115.871357769661,0,181.316358113209,0,119.728129215699,0,0,133.984214699576,202.712457066107,66.5008477853491,0,0,0,0
0,0,0,0,163.059043292369,0,0,0,208.005106191961,0,0,0,0,0,0,200.878319874537,0,0,0,0,90.7216186966914,0,0,0,0,0,0,74.5815074003433,181.316358113209,0,0,0,0,0,146.814226519809,0,212.592150359921,0,224.523755099568,169.453147353278,106.33736463831
0,0,0,0,0,0,0,0,0,0,0,0,0,165.893015276821,0,0,0,0,0,0,0,0,0,0,348.674510760064,0,0,314.611698427915,0,0,0,0,0,0,89.3673883748406,0,116.054372245433,0,0,112.793316814908,0
0,0,0,0,0,0,0,0,0,134.960780198024,137.177378802006,0,0,0,0,0,0,0,0,0,0,321.864157986053,0,0,0,0,231.715271819474,146.99041817625,119.728129215699,0,0,0,0,134.566479261133,0,0,184.249961885477,0,71.4788760670054,255.441154257905,226.825099357786
0,67.8267069095267,0,0,0,162.833808134102,0,0,0,0,0,124.853650664477,0,0,0,0,0,0,191.519780382943,0,0,0,0,0,0,0,0,0,0,0,0,0,0,303.527509149359,0,0,0,0,0,0,0
157.852515740516,0,0,92.3502314520023,0,0,198.528111506785,153.672550905948,0,240.185081663983,135.667029391615,190.185165668632,0,249.905610015455,80.8080171296381,0,0,213.67670887414,192.135034768848,96.7845769653343,179.718364159796,0,110.384905066973,180.90030328818,0,218.045528847001,119.345624434514,261.605527103798,0,0,0,134.566479261133,303.527509149359,0,231.050882209,0,81.9664354533492,173.201474590904,241.682021696872,206.912707094411,252.487290983309
0,0,0,0,0,0,82.1742780037132,0,137.239127032733,0,146.770754374523,99.3508940827211,0,193.63278243493,228.075434767255,0,151.806152521152,219.078548227669,115.332064605654,128.846764897717,0,94.9380989123498,72.2278283150671,0,153.453047983244,199.492852797962,148.808626413748,280.376028997576,133.984214699576,146.814226519809,89.3673883748406,0,0,231.050882209,0,75.4497121078207,89.9429017381717,175.196329314064,0,221.805809452716,112.823430872325
165.597665022977,161.302948562323,0,0,0,188.851177466023,0,151.036729364761,0,0,223.705816669619,0,94.126460729827,0,0,0,90.1317194604647,0,0,98.417953423071,0,73.4795582048751,187.77054666536,168.241326865882,0,320.356811100276,96.5937438588657,154.070293657878,202.712457066107,0,0,0,0,0,75.4497121078207,0,345.797434674459,0,145.74089716123,95.7590805983148,0
0,0,0,104.915316975638,241.57250333243,101.605593487621,160.537522273714,0,247.66948903751,113.144980278377,135.294330067913,158.567996645797,309.997227542691,73.1029054543569,118.522099274347,211.840482897052,0,0,151.01089327964,205.183249704085,0,225.013371621378,87.8456058929559,249.798812580765,0,111.435629183184,124.698445421759,0,66.5008477853491,212.592150359921,116.054372245433,184.249961885477,0,81.9664354533492,89.9429017381717,345.797434674459,0,76.5072790361762,173.059382066957,227.504408813069,137.189596148386
0,0,0,0,0,0,0,329.719143597451,112.349934713559,195.314816908693,141.204637091722,101.443495235174,0,0,153.876396855887,0,0,0,169.742003380707,338.131802716296,195.378266313867,161.74915061469,0,114.649126378906,62.311273509377,125.81518738273,0,108.136066660554,0,0,0,0,0,173.201474590904,175.196329314064,0,76.5072790361762,0,263.534399241887,241.635434294794,153.609372090384
0,139.654362654449,0,82.4756938751058,98.2230592632363,128.530575464043,0,0,0,0,0,0,0,0,0,0,0,238.934743274142,0,0,201.100640800745,0,204.481117647118,198.964527389285,0,0,0,0,0,224.523755099568,0,71.4788760670054,0,241.682021696872,0,145.74089716123,173.059382066957,263.534399241887,0,0,115.114253591495
180.543851962045,0,0,140.574866691684,142.054529471577,0,0,122.106946855269,224.551207449728,92.5207898118833,173.001559092555,106.926813611922,0,89.1590885155172,173.538155409849,283.248188884028,0,0,0,259.055025639447,0,0,125.994729980093,0,197.486504603685,0,154.784755881607,209.996727521564,0,169.453147353278,112.793316814908,255.441154257905,0,206.912707094411,221.805809452716,95.7590805983148,227.504408813069,241.635434294794,0,0,108.381749703452
0,0,61.0664810463559,0,81.2827395071039,0,197.893790332676,0,0,0,228.792310020318,99.2646516363145,0,0,177.763106506206,300.031143529538,163.945208919892,0,0,154.142998692322,97.3232815600345,0,0,178.224497384947,0,0,357.423078228283,101.5853655613,0,106.33736463831,0,226.825099357786,0,252.487290983309,112.823430872325,0,137.189596148386,153.609372090384,115.114253591495,108.381749703452,0
