0,0,0,0,0,0,0,0,0,0,0,101.443495235174,0,0,0,0,0,0,0,111.435629183184,0,0,0,0,0,0,0,232.945974238958,0,0,0,0,0,0,0,0,82.1742780037132,0,0,125.416941482916,183.786860782462
0,0,0,0,0,173.538155409849,0,142.054529471577,0,0,0,0,0,221.805809452716,0,0,0,0,0,0,0,0,0,0,0,0,0,0,0,0,0,0,0,227.504408813069,174.013630695256,0,0,218.045528847001,0,106.926813611922,0
0,0,0,0,0,0,0,0,0,0,0,0,0,0,0,0,0,0,0,0,0,0,82.4756938751058,0,0,0,0,0,0,0,0,0,0,321.864157986053,0,0,204.481117647118,0,134.566479261133,0,72.2278283150671
0,0,0,0,0,0,0,0,172.892533368851,0,0,198.964527389285,0,0,0,135.294330067913,0,0,0,0,269.936825670274,0,0,137.189596148386,0,191.519780382943,193.055010680236,0,204.084074037941,0,0,0,0,74.7304794244225,198.528111506785,169.453147353278,0,115.868441404982,242.790381480436,0,0
0,0,0,0,0,94.027247878695,0,0,0,214.116367924649,0,276.620869034647,0,0,0,0,0,0,224.551207449728,0,178.683678585178,0,0,101.605593487621,0,0,71.4788760670054,0,104.915316975638,0,0,0,0,217.157696745803,300.031143529538,0,325.937289045041,141.204637091722,0,89.1590885155172,263.534399241887
0,173.538155409849,0,0,94.027247878695,0,0,98.417953423071,0,148.808626413748,262.382215657622,0,0,0,0,0,0,0,0,192.693757128262,0,0,114.511014214502,0,110.384905066973,0,139.654362654449,94.7280504127031,0,0,0,0,0,113.144980278377,180.355266595273,0,154.142998692322,0,0,195.314816908693,0
0,0,0,0,0,0,0,188.851177466023,0,0,0,0,0,115.871357769661,0,98.6790043377568,151.695570509541,0,0,120.567029282014,0,347.376449530863,153.876396855887,0,0,0,0,154.065933476765,0,112.823430872325,0,0,0,106.533627130087,213.67670887414,200.878319874537,0,0,0,0,201.100640800745
0,142.054529471577,0,0,0,98.417953423071,188.851177466023,0,0,0,0,92.3502314520023,0,122.106946855269,0,0,0,0,0,74.5815074003433,0,231.715271819474,0,0,0,222.053792850439,0,335.371040201042,163.059043292369,0,0,0,0,0,128.530575464043,0,80.8080171296381,175.196329314064,100.812745974529,186.973586461633,211.840482897052
0,0,0,172.892533368851,0,0,0,0,0,0,179.718364159796,92.5568465385234,0,151.01089327964,0,0,154.070293657878,0,0,0,101.895308036513,0,0,280.376028997576,0,158.955087279859,0,205.839960264176,0,0,0,0,0,0,333.645516435298,0,0,0,0,0,133.218162784108
0,0,0,0,214.116367924649,148.808626413748,0,0,0,0,0,0,0,62.311273509377,220.963068032256,0,0,0,240.185081663983,90.1317194604647,323.781250289068,215.611029055736,151.806152521152,0,0,0,0,193.659409924573,199.492852797962,0,0,314.611698427915,161.302948562323,151.075371308616,106.33736463831,94.126460729827,178.224497384947,0,0,82.6426202489162,0
0,0,0,0,0,262.382215657622,0,0,179.718364159796,0,0,0,205.09013266389,0,0,0,193.63278243493,0,103.519938150021,97.5855511246009,0,0,0,0,73.1029054543569,178.748963182352,159.183173818572,108.381749703452,131.969743415579,0,0,92.5207898118833,0,0,0,0,145.74089716123,99.3508940827211,0,253.401634605989,101.85207633558
101.443495235174,0,0,198.964527389285,276.620869034647,0,0,92.3502314520023,92.5568465385234,0,0,0,0,0,209.996727521564,158.567996645797,0,0,0,283.248188884028,0,0,0,194.442125915551,0,0,0,115.194491798135,98.2230592632363,0,206.472608421747,0,247.66948903751,96.7845769653343,117.208001126138,357.423078228283,109.093416850988,106.128596538706,82.6299537488922,116.176698124939,225.013371621378
0,0,0,0,0,0,0,0,0,0,205.09013266389,0,0,0,71.5579325720569,0,0,0,0,0,0,0,0,0,0,0,84.3635741045246,85.6072705949986,0,0,0,0,0,0,0,0,89.3673883748406,348.674510760064,0,0,0
0,221.805809452716,0,0,0,0,115.871357769661,122.106946855269,151.01089327964,62.311273509377,0,0,0,0,0,0,0,0,0,0,155.24952173131,0,0,0,0,0,0,306.344527664232,173.059382066957,0,0,0,0,255.441154257905,0,0,241.682021696872,181.316358113209,261.605527103798,320.356811100276,223.705816669619
0,0,0,0,0,0,0,0,0,220.963068032256,0,209.996727521564,71.5579325720569,0,0,0,0,0,0,0,0,0,0,226.825099357786,193.777661225572,138.425725342224,0,197.486504603685,0,0,0,0,0,0,0,171.230058197369,205.183249704085,190.185165668632,165.893015276821,0,146.465927798921
0,0,0,135.294330067913,0,0,98.6790043377568,0,0,0,0,158.567996645797,0,0,0,0,0,0,0,0,0,151.036729364761,219.430938885781,0,73.4795582048751,0,0,104.369974912428,195.822649557859,0,0,0,201.44584889478,0,0,0,162.833808134102,0,0,0,171.906398392157
0,0,0,0,0,0,151.695570509541,0,154.070293657878,0,193.63278243493,0,0,0,0,0,0,0,0,0,0,0,0,0,0,125.994729980093,153.672550905948,0,97.3506957544063,0,0,0,140.574866691684,167.066576495979,0,0,202.712457066107,0,0,0,195.378266313867
0,0,0,0,0,0,0,0,0,0,0,0,0,0,0,0,0,0,0,0,306.640284138334,0,0,0,75.4497121078207,0,61.0664810463559,321.124897279917,0,0,0,0,0,0,161.74915061469,219.040656038919,146.770754374523,283.88658203332,0,212.592150359921,0
0,0,0,0,224.551207449728,0,0,0,0,240.185081663983,103.519938150021,0,0,0,0,0,0,0,0,118.522099274347,172.608400267715,0,0,87.8456058929559,94.9380989123498,0,137.177378802006,0,0,0,0,0,0,250.461724766314,0,0,0,163.945208919892,125.81518738273,206.912707094411,0
111.435629183184,0,0,0,0,192.693757128262,120.567029282014,74.5815074003433,0,90.1317194604647,97.5855511246009,283.248188884028,0,0,0,0,0,0,118.522099274347,0,160.537522273714,0,0,192.135034768848,0,0,177.763106506206,252.487290983309,0,0,0,0,0,133.984214699576,241.635434294794,114.649126378906,93.4234866874731,0,0,161.275817184598,0
0,0,0,269.936825670274,178.683678585178,0,0,0,101.895308036513,323.781250289068,0,0,0,155.24952173131,0,0,0,306.640284138334,172.608400267715,160.537522273714,0,0,119.728129215699,0,0,220.901129804706,0,0,137.239127032733,0,0,0,0,0,0,0,0,0,259.442917595754,119.345624434514,0
0,0,0,0,0,0,347.376449530863,231.715271819474,0,215.611029055736,0,0,0,0,0,151.036729364761,0,0,0,0,0,0,89.9429017381717,0,0,0,0,0,153.453047983244,0,0,0,0,93.5029580098427,0,62.859596780235,0,0,0,0,0
0,0,82.4756938751058,0,0,114.511014214502,153.876396855887,0,0,151.806152521152,0,0,0,0,0,219.430938885781,0,0,0,0,119.728129215699,89.9429017381717,0,0,101.350815329073,0,353.822894641502,0,136.685314494491,303.527509149359,115.114253591495,0,0,142.385058730083,165.597665022977,0,0,188.936291522747,0,0,0
0,0,0,137.189596148386,101.605593487621,0,0,0,280.376028997576,0,0,194.442125915551,0,0,226.825099357786,0,0,0,87.8456058929559,192.135034768848,0,0,0,0,0,180.90030328818,329.719143597451,67.8267069095267,0,146.99041817625,0,161.694997919804,0,197.893790332676,128.846764897717,309.997227542691,228.075434767255,0,259.055025639447,113.059176128709,284.529238481835
0,0,0,0,0,110.384905066973,0,0,0,0,73.1029054543569,0,0,0,193.777661225572,73.4795582048751,0,75.4497121078207,94.9380989123498,0,0,0,101.350815329073,0,0,0,0,120.912756812582,0,0,0,0,0,0,0,112.793316814908,58.3493451392805,0,0,0,0
0,0,0,191.519780382943,0,0,0,222.053792850439,158.955087279859,0,178.748963182352,0,0,0,138.425725342224,0,125.994729980093,0,0,0,220.901129804706,0,0,180.90030328818,0,0,180.543851962045,289.631679007608,128.405764333981,192.601533877686,208.005106191961,0,0,143.005810983322,95.7590805983148,139.792601838991,112.349934713559,154.784755881607,0,90.7216186966914,160.530221557972
0,0,0,193.055010680236,71.4788760670054,139.654362654449,0,0,0,0,159.183173818572,0,84.3635741045246,0,0,0,153.672550905948,61.0664810463559,137.177378802006,177.763106506206,0,0,353.822894641502,329.719143597451,0,180.543851962045,0,115.541295036174,80.4367166559625,0,0,0,0,228.792310020318,0,219.078548227669,157.852515740516,173.001559092555,0,76.5072790361762,241.57250333243
232.945974238958,0,0,0,0,94.7280504127031,154.065933476765,335.371040201042,205.839960264176,193.659409924573,108.381749703452,115.194491798135,85.6072705949986,306.344527664232,197.486504603685,104.369974912428,0,321.124897279917,0,252.487290983309,0,0,0,67.8267069095267,120.912756812582,289.631679007608,115.541295036174,0,111.226326353722,0,0,187.77054666536,0,78.8552325762656,89.707245288964,134.960780198024,115.332064605654,66.5008477853491,0,153.609372090384,116.054372245433
0,0,0,204.084074037941,104.915316975638,0,0,163.059043292369,0,199.492852797962,131.969743415579,98.2230592632363,0,173.059382066957,0,195.822649557859,97.3506957544063,0,0,0,137.239127032733,153.453047983244,136.685314494491,0,0,128.405764333981,80.4367166559625,111.226326353722,0,85.7623170715703,96.5937438588657,168.241326865882,0,0,186.348837226466,0,124.853650664477,0,0,97.3232815600345,0
0,0,0,0,0,0,112.823430872325,0,0,0,0,0,0,0,0,0,0,0,0,0,0,0,303.527509149359,146.99041817625,0,192.601533877686,0,0,85.7623170715703,0,0,261.440278806413,0,0,173.201474590904,146.814226519809,70.4221432298295,0,224.523755099568,0,196.04190773555
0,0,0,0,0,0,0,0,0,0,0,206.472608421747,0,0,0,0,0,0,0,0,0,0,115.114253591495,0,0,208.005106191961,0,0,96.5937438588657,0,0,0,0,99.2646516363145,249.798812580765,0,0,0,0,0,0
0,0,0,0,0,0,0,0,0,314.611698427915,92.5207898118833,0,0,0,0,0,0,0,0,0,0,0,0,161.694997919804,0,0,0,187.77054666536,168.241326865882,261.440278806413,0,0,0,236.681907140956,136.792307586862,0,161.325017232684,238.934743274142,0,150.161410108805,0
0,0,0,0,0,0,0,0,0,161.302948562323,0,247.66948903751,0,0,0,201.44584889478,140.574866691684,0,0,0,0,0,0,0,0,0,0,0,0,0,0,0,0,0,0,0,231.050882209,0,0,0,0
0,227.504408813069,321.864157986053,74.7304794244225,217.157696745803,113.144980278377,106.533627130087,0,0,151.075371308616,0,96.7845769653343,0,255.441154257905,0,0,167.066576495979,0,250.461724766314,133.984214699576,0,93.5029580098427,142.385058730083,197.893790332676,0,143.005810983322,228.792310020318,78.8552325762656,0,0,99.2646516363145,236.681907140956,0,0,155.901486485736,0,135.667029391615,74.4197823064597,345.797434674459,169.742003380707,164.032723165762
0,174.013630695256,0,198.528111506785,300.031143529538,180.355266595273,213.67670887414,128.530575464043,333.645516435298,106.33736463831,0,117.208001126138,0,0,0,0,0,161.74915061469,0,241.635434294794,0,0,165.597665022977,128.846764897717,0,95.7590805983148,0,89.707245288964,186.348837226466,173.201474590904,249.798812580765,136.792307586862,0,155.901486485736,0,124.698445421759,101.5853655613,251.098274723989,249.905610015455,138.33942793804,0
0,0,0,169.453147353278,0,0,200.878319874537,0,0,94.126460729827,0,357.423078228283,0,0,171.230058197369,0,0,219.040656038919,0,114.649126378906,0,62.859596780235,0,309.997227542691,112.793316814908,139.792601838991,219.078548227669,134.960780198024,0,146.814226519809,0,0,0,0,124.698445421759,0,184.249961885477,196.032358954952,81.2827395071039,94.8881692391942,0
82.1742780037132,0,204.481117647118,0,325.937289045041,154.142998692322,0,80.8080171296381,0,178.224497384947,145.74089716123,109.093416850988,89.3673883748406,241.682021696872,205.183249704085,162.833808134102,202.712457066107,146.770754374523,0,93.4234866874731,0,0,0,228.075434767255,58.3493451392805,112.349934713559,157.852515740516,115.332064605654,124.853650664477,70.4221432298295,0,161.325017232684,231.050882209,135.667029391615,101.5853655613,184.249961885477,0,0,338.131802716296,108.136066660554,139.93285932648
0,218.045528847001,0,115.868441404982,141.204637091722,0,0,175.196329314064,0,0,99.3508940827211,106.128596538706,348.674510760064,181.316358113209,190.185165668632,0,0,283.88658203332,163.945208919892,0,0,0,188.936291522747,0,0,154.784755881607,173.001559092555,66.5008477853491,0,0,0,238.934743274142,0,74.4197823064597,251.098274723989,196.032358954952,0,0,0,0,94.7529894315991
0,0,134.566479261133,242.790381480436,0,0,0,100.812745974529,0,0,0,82.6299537488922,0,261.605527103798,165.893015276821,0,0,0,125.81518738273,0,259.442917595754,0,0,259.055025639447,0,0,0,0,0,224.523755099568,0,0,0,345.797434674459,249.905610015455,81.2827395071039,338.131802716296,0,0,81.9664354533492,0
125.416941482916,106.926813611922,0,0,89.1590885155172,195.314816908693,0,186.973586461633,0,82.6426202489162,253.401634605989,116.176698124939,0,320.356811100276,0,0,0,212.592150359921,206.912707094411,161.275817184598,119.345624434514,0,0,113.059176128709,0,90.7216186966914,76.5072790361762,153.609372090384,97.3232815600345,0,0,150.161410108805,0,169.742003380707,138.33942793804,94.8881692391942,108.136066660554,0,81.9664354533492,0,78.9559315574845
183.786860782462,0,72.2278283150671,0,263.534399241887,0,201.100640800745,211.840482897052,133.218162784108,0,101.85207633558,225.013371621378,0,223.705816669619,146.465927798921,171.906398392157,195.378266313867,0,0,0,0,0,0,284.529238481835,0,160.530221557972,241.57250333243,116.054372245433,0,196.04190773555,0,0,0,164.032723165762,0,0,139.93285932648,94.7529894315991,0,78.9559315574845,0
