0,0,0,167.066576495979,0,0,0,181.316358113209,0,0,0,0,0,0,0,0,0,0,0,0,0,0,0,0,0,321.124897279917,0,0,0,0,0,0,0,0,145.74089716123,0,0,0,0,193.63278243493,206.472608421747
0,0,0,0,0,0,0,0,116.176698124939,241.57250333243,0,0,193.659409924573,0,0,0,0,0,0,0,0,0,0,0,0,0,0,96.7845769653343,0,0,0,90.1317194604647,0,0,85.7623170715703,0,0,0,0,0,115.114253591495
0,0,0,0,0,0,0,0,0,0,108.136066660554,0,0,0,0,0,0,0,173.538155409849,0,0,0,0,0,0,0,76.5072790361762,0,0,0,0,0,0,218.045528847001,0,0,153.453047983244,0,0,0,0
167.066576495979,0,0,0,0,0,0,236.681907140956,0,0,0,171.906398392157,0,131.969743415579,0,0,253.401634605989,0,0,122.106946855269,87.8456058929559,0,0,0,0,0,227.504408813069,0,169.742003380707,329.719143597451,0,0,0,72.2278283150671,262.382215657622,0,321.864157986053,0,0,0,0
0,0,0,0,0,0,128.530575464043,71.5579325720569,0,94.126460729827,0,151.01089327964,0,0,0,0,0,0,0,0,82.6299537488922,197.486504603685,251.098274723989,180.355266595273,0,94.8881692391942,0,93.5029580098427,0,148.808626413748,0,0,0,0,0,139.93285932648,0,0,0,204.481117647118,231.715271819474
0,0,0,0,0,0,201.44584889478,195.822649557859,0,259.442917595754,151.075371308616,0,0,0,142.054529471577,0,0,0,0,120.912756812582,0,0,0,125.994729980093,0,232.945974238958,154.065933476765,0,153.609372090384,0,0,0,0,0,231.050882209,119.728129215699,106.33736463831,201.100640800745,0,0,0
0,0,0,0,128.530575464043,201.44584889478,0,289.631679007608,0,0,224.551207449728,94.027247878695,0,0,0,0,0,0,0,184.249961885477,0,0,133.218162784108,0,140.574866691684,0,0,89.3673883748406,0,0,0,160.530221557972,0,0,222.053792850439,159.183173818572,116.054372245433,0,0,0,0
181.316358113209,0,0,236.681907140956,71.5579325720569,195.822649557859,289.631679007608,0,0,0,139.654362654449,0,0,219.430938885781,0,0,0,0,0,124.853650664477,0,0,0,169.453147353278,0,97.3232815600345,300.031143529538,0,357.423078228283,0,0,0,0,0,108.381749703452,198.528111506785,309.997227542691,0,0,204.084074037941,0
0,116.176698124939,0,0,0,0,0,0,0,0,199.492852797962,0,0,0,0,220.963068032256,283.248188884028,0,0,191.519780382943,154.142998692322,0,0,0,0,0,109.093416850988,0,0,0,0,0,0,112.823430872325,0,93.4234866874731,261.440278806413,0,0,137.189596148386,0
0,241.57250333243,0,0,94.126460729827,259.442917595754,0,0,0,0,0,117.208001126138,202.712457066107,0,0,223.705816669619,0,0,0,0,211.840482897052,0,259.055025639447,171.230058197369,162.833808134102,276.620869034647,0,200.878319874537,205.839960264176,74.5815074003433,0,0,0,0,250.461724766314,94.7280504127031,161.302948562323,0,0,0,242.790381480436
0,0,108.136066660554,0,0,151.075371308616,224.551207449728,139.654362654449,199.492852797962,0,0,0,0,0,345.797434674459,0,0,0,89.1590885155172,0,0,0,62.311273509377,0,0,61.0664810463559,62.859596780235,0,104.915316975638,0,0,0,0,115.871357769661,0,0,175.196329314064,160.537522273714,0,92.3502314520023,187.77054666536
0,0,0,171.906398392157,151.01089327964,0,94.027247878695,0,0,117.208001126138,0,0,0,0,0,193.777661225572,255.441154257905,0,114.649126378906,0,0,0,209.996727521564,261.605527103798,98.6790043377568,146.99041817625,85.6072705949986,128.846764897717,0,0,113.144980278377,139.792601838991,0,153.672550905948,196.032358954952,163.059043292369,314.611698427915,0,0,177.763106506206,161.275817184598
0,193.659409924573,0,0,0,0,0,0,0,202.712457066107,0,0,0,0,0,0,0,0,0,0,0,0,0,134.566479261133,0,0,0,0,78.8552325762656,193.055010680236,0,0,0,0,0,0,0,0,101.85207633558,0,0
0,0,0,131.969743415579,0,0,0,219.430938885781,0,0,0,0,0,0,103.519938150021,0,0,0,135.294330067913,174.013630695256,153.876396855887,0,0,128.405764333981,0,347.376449530863,0,94.9380989123498,0,0,0,0,0,82.6426202489162,178.224497384947,213.67670887414,115.332064605654,0,0,221.805809452716,0
0,0,0,0,0,142.054529471577,0,0,0,0,345.797434674459,0,0,103.519938150021,0,0,0,0,0,0,0,325.937289045041,0,154.070293657878,0,0,0,165.893015276821,81.9664354533492,0,0,0,0,81.2827395071039,125.81518738273,0,115.868441404982,0,212.592150359921,0,151.036729364761
0,0,0,0,0,0,0,0,220.963068032256,223.705816669619,0,193.777661225572,0,0,0,0,0,0,142.385058730083,0,0,0,0,0,0,0,0,134.960780198024,283.88658203332,0,0,0,0,163.945208919892,104.369974912428,0,112.349934713559,205.183249704085,0,269.936825670274,0
0,0,0,253.401634605989,0,0,0,0,283.248188884028,0,0,255.441154257905,0,0,0,0,0,0,0,0,112.793316814908,0,0,0,0,0,333.645516435298,74.7304794244225,0,0,0,0,0,94.7529894315991,0,150.161410108805,0,106.533627130087,0,0,186.973586461633
0,0,0,0,0,0,0,0,0,0,0,0,0,0,0,0,0,0,161.325017232684,0,0,0,0,101.895308036513,0,0,99.3508940827211,220.901129804706,194.442125915551,0,0,0,0,136.685314494491,0,0,78.9559315574845,111.435629183184,0,180.543851962045,0
0,0,173.538155409849,0,0,0,0,0,0,0,89.1590885155172,114.649126378906,0,135.294330067913,0,142.385058730083,0,161.325017232684,0,0,0,0,0,0,0,0,0,115.194491798135,0,0,172.608400267715,0,0,67.8267069095267,0,0,82.4756938751058,0,186.348837226466,195.314816908693,0
0,0,0,122.106946855269,0,120.912756812582,184.249961885477,124.853650664477,191.519780382943,0,0,0,0,174.013630695256,0,0,0,0,0,0,0,0,0,161.74915061469,247.66948903751,0,75.4497121078207,323.781250289068,0,0,0,0,0,0,179.718364159796,158.955087279859,73.4795582048751,252.487290983309,195.378266313867,240.185081663983,205.09013266389
0,0,0,87.8456058929559,82.6299537488922,0,0,0,154.142998692322,211.840482897052,0,0,0,153.876396855887,0,0,112.793316814908,0,0,0,0,0,0,196.04190773555,0,0,0,0,0,0,0,0,0,206.912707094411,84.3635741045246,0,173.001559092555,96.5937438588657,173.201474590904,0,154.784755881607
0,0,0,0,197.486504603685,0,0,0,0,0,0,0,0,0,325.937289045041,0,0,0,0,0,0,0,0,0,106.128596538706,0,0,89.707245288964,0,0,0,118.522099274347,0,58.3493451392805,0,73.1029054543569,0,164.032723165762,0,0,0
0,0,0,0,251.098274723989,0,133.218162784108,0,0,259.055025639447,62.311273509377,209.996727521564,0,0,0,0,0,0,0,0,0,0,0,0,0,161.694997919804,0,97.3506957544063,125.416941482916,0,0,124.698445421759,0,90.7216186966914,188.851177466023,114.511014214502,0,172.892533368851,0,119.345624434514,306.344527664232
0,0,0,0,180.355266595273,125.994729980093,0,169.453147353278,0,171.230058197369,0,261.605527103798,134.566479261133,128.405764333981,154.070293657878,0,0,101.895308036513,0,161.74915061469,196.04190773555,0,0,0,0,192.693757128262,0,143.005810983322,225.013371621378,219.040656038919,0,0,0,0,70.4221432298295,0,192.135034768848,74.4197823064597,0,178.683678585178,0
0,0,0,0,0,0,140.574866691684,0,0,162.833808134102,0,98.6790043377568,0,0,0,0,0,0,0,247.66948903751,0,106.128596538706,0,0,0,0,0,0,0,0,0,101.350815329073,0,306.640284138334,0,0,0,178.748963182352,133.984214699576,0,157.852515740516
321.124897279917,0,0,0,94.8881692391942,232.945974238958,0,97.3232815600345,0,276.620869034647,61.0664810463559,146.99041817625,0,347.376449530863,0,0,0,0,0,0,0,0,161.694997919804,192.693757128262,0,0,0,348.674510760064,106.926813611922,71.4788760670054,0,113.059176128709,95.7590805983148,0,0,208.005106191961,120.567029282014,0,155.24952173131,99.2646516363145,66.5008477853491
0,0,76.5072790361762,227.504408813069,0,154.065933476765,0,300.031143529538,109.093416850988,0,62.859596780235,85.6072705949986,0,0,0,0,333.645516435298,99.3508940827211,0,75.4497121078207,0,0,0,0,0,0,0,141.204637091722,0,0,115.541295036174,228.792310020318,0,183.786860782462,97.5855511246009,155.901486485736,263.534399241887,0,241.635434294794,101.443495235174,353.822894641502
0,96.7845769653343,0,0,93.5029580098427,0,89.3673883748406,0,0,200.878319874537,0,128.846764897717,0,94.9380989123498,165.893015276821,134.960780198024,74.7304794244225,220.901129804706,115.194491798135,323.781250289068,0,89.707245288964,97.3506957544063,143.005810983322,0,348.674510760064,141.204637091722,0,249.798812580765,101.5853655613,190.185165668632,0,0,146.770754374523,158.567996645797,0,146.814226519809,138.33942793804,101.605593487621,136.792307586862,214.116367924649
0,0,0,169.742003380707,0,153.609372090384,0,357.423078228283,0,205.839960264176,104.915316975638,0,78.8552325762656,0,81.9664354533492,283.88658203332,0,194.442125915551,0,0,0,0,125.416941482916,225.013371621378,0,106.926813611922,0,249.798812580765,0,0,0,0,0,280.376028997576,151.695570509541,110.384905066973,98.417953423071,219.078548227669,100.812745974529,137.177378802006,335.371040201042
0,0,0,329.719143597451,148.808626413748,0,0,0,0,74.5815074003433,0,0,193.055010680236,0,0,0,0,0,0,0,0,0,0,219.040656038919,0,71.4788760670054,0,101.5853655613,0,0,0,0,0,0,238.934743274142,0,215.611029055736,338.131802716296,0,165.597665022977,0
0,0,0,0,0,0,0,0,0,0,0,113.144980278377,0,0,0,0,0,0,172.608400267715,0,0,0,0,0,0,0,115.541295036174,190.185165668632,0,0,0,0,0,0,0,0,82.1742780037132,0,0,249.905610015455,0
0,90.1317194604647,0,0,0,0,160.530221557972,0,0,0,0,139.792601838991,0,0,0,0,0,0,0,0,0,118.522099274347,124.698445421759,0,101.350815329073,113.059176128709,228.792310020318,0,0,0,0,0,0,92.5207898118833,0,0,0,0,0,188.936291522747,80.8080171296381
0,0,0,0,0,0,0,0,0,0,0,0,0,0,0,0,0,0,0,0,0,0,0,0,0,95.7590805983148,0,0,0,0,0,0,0,192.601533877686,320.356811100276,0,228.075434767255,0,0,217.157696745803,0
0,0,218.045528847001,72.2278283150671,0,0,0,0,112.823430872325,0,115.871357769661,153.672550905948,0,82.6426202489162,81.2827395071039,163.945208919892,94.7529894315991,136.685314494491,67.8267069095267,0,206.912707094411,58.3493451392805,90.7216186966914,0,306.640284138334,0,183.786860782462,146.770754374523,280.376028997576,0,0,92.5207898118833,192.601533877686,0,198.964527389285,197.893790332676,224.523755099568,137.239127032733,173.059382066957,0,92.5568465385234
145.74089716123,85.7623170715703,0,262.382215657622,0,231.050882209,222.053792850439,108.381749703452,0,250.461724766314,0,196.032358954952,0,178.224497384947,125.81518738273,104.369974912428,0,0,0,179.718364159796,84.3635741045246,0,188.851177466023,70.4221432298295,0,0,97.5855511246009,158.567996645797,151.695570509541,238.934743274142,0,0,320.356811100276,198.964527389285,0,146.465927798921,180.90030328818,135.667029391615,0,80.4367166559625,0
0,0,0,0,139.93285932648,119.728129215699,159.183173818572,198.528111506785,93.4234866874731,94.7280504127031,0,163.059043292369,0,213.67670887414,0,0,150.161410108805,0,0,158.955087279859,0,73.1029054543569,114.511014214502,0,0,208.005106191961,155.901486485736,0,110.384905066973,0,0,0,0,197.893790332676,146.465927798921,0,0,241.682021696872,111.226326353722,0,0
0,0,153.453047983244,321.864157986053,0,106.33736463831,116.054372245433,309.997227542691,261.440278806413,161.302948562323,175.196329314064,314.611698427915,0,115.332064605654,115.868441404982,112.349934713559,0,78.9559315574845,82.4756938751058,73.4795582048751,173.001559092555,0,0,192.135034768848,0,120.567029282014,263.534399241887,146.814226519809,98.417953423071,215.611029055736,82.1742780037132,0,228.075434767255,224.523755099568,180.90030328818,0,0,284.529238481835,168.241326865882,226.825099357786,303.527509149359
0,0,0,0,0,201.100640800745,0,0,0,0,160.537522273714,0,0,0,0,205.183249704085,106.533627130087,111.435629183184,0,252.487290983309,96.5937438588657,164.032723165762,172.892533368851,74.4197823064597,178.748963182352,0,0,138.33942793804,219.078548227669,338.131802716296,0,0,0,137.239127032733,135.667029391615,241.682021696872,284.529238481835,0,138.425725342224,89.9429017381717,0
0,0,0,0,0,0,0,0,0,0,0,0,101.85207633558,0,212.592150359921,0,0,0,186.348837226466,195.378266313867,173.201474590904,0,0,0,133.984214699576,155.24952173131,241.635434294794,101.605593487621,100.812745974529,0,0,0,0,173.059382066957,0,111.226326353722,168.241326865882,138.425725342224,0,0,98.2230592632363
193.63278243493,0,0,0,204.481117647118,0,0,204.084074037941,137.189596148386,0,92.3502314520023,177.763106506206,0,221.805809452716,0,269.936825670274,0,180.543851962045,195.314816908693,240.185081663983,0,0,119.345624434514,178.683678585178,0,99.2646516363145,101.443495235174,136.792307586862,137.177378802006,165.597665022977,249.905610015455,188.936291522747,217.157696745803,0,80.4367166559625,0,226.825099357786,89.9429017381717,0,0,151.806152521152
206.472608421747,115.114253591495,0,0,231.715271819474,0,0,0,0,242.790381480436,187.77054666536,161.275817184598,0,0,151.036729364761,0,186.973586461633,0,0,205.09013266389,154.784755881607,0,306.344527664232,0,157.852515740516,66.5008477853491,353.822894641502,214.116367924649,335.371040201042,0,0,80.8080171296381,0,92.5568465385234,0,0,303.527509149359,0,98.2230592632363,151.806152521152,0
