0,0,0,0,0,0,0,0,0,0,0,0,0,0,0,0,0,78.9559315574845,0,0,0,0,325.937289045041,0,0,0,0,0,0,0,0,338.131802716296,0,0,0,0,153.672550905948,0,0,118.522099274347,82.6426202489162
0,0,0,0,120.912756812582,0,0,232.945974238958,101.5853655613,122.106946855269,0,0,0,0,0,0,0,0,0,0,158.955087279859,0,0,0,0,0,0,0,0,0,0,0,0,138.33942793804,197.893790332676,0,0,0,0,0,0
0,0,0,0,0,0,0,0,0,0,0,0,0,0,0,0,0,0,0,0,154.065933476765,0,0,0,0,0,236.681907140956,0,0,0,0,0,0,0,137.189596148386,0,73.4795582048751,101.443495235174,0,0,0
0,0,0,0,0,219.040656038919,191.519780382943,0,0,146.465927798921,151.695570509541,137.239127032733,0,0,0,0,0,0,0,335.371040201042,0,0,0,0,0,0,92.3502314520023,161.275817184598,198.964527389285,0,0,0,167.066576495979,0,0,190.185165668632,111.226326353722,0,0,137.177378802006,0
0,120.912756812582,0,0,0,0,0,238.934743274142,0,0,73.1029054543569,165.597665022977,0,0,0,101.350815329073,0,0,0,0,163.059043292369,0,0,0,0,0,0,201.44584889478,113.144980278377,0,0,0,0,96.5937438588657,323.781250289068,160.537522273714,172.608400267715,0,154.070293657878,0,225.013371621378
0,0,0,219.040656038919,0,0,0,0,0,0,135.294330067913,0,0,0,0,0,0,0,117.208001126138,153.876396855887,0,94.7280504127031,0,242.790381480436,0,0,0,161.694997919804,0,0,0,146.99041817625,0,113.059176128709,219.078548227669,71.5579325720569,0,114.649126378906,128.405764333981,0,67.8267069095267
0,0,0,191.519780382943,0,0,0,0,0,0,0,0,0,125.994729980093,0,0,0,0,0,115.871357769661,0,0,255.441154257905,249.798812580765,0,241.57250333243,116.176698124939,205.09013266389,0,196.032358954952,0,0,0,0,0,0,250.461724766314,214.116367924649,0,119.728129215699,206.472608421747
0,232.945974238958,0,0,238.934743274142,0,0,0,0,0,0,0,0,0,0,106.128596538706,0,333.645516435298,0,0,136.792307586862,94.7529894315991,0,0,0,99.3508940827211,81.2827395071039,280.376028997576,154.142998692322,0,0,0,0,164.032723165762,0,283.88658203332,139.792601838991,0,205.839960264176,261.440278806413,142.054529471577
0,101.5853655613,0,0,0,0,0,0,0,0,109.093416850988,89.9429017381717,0,0,0,0,347.376449530863,0,74.5815074003433,115.194491798135,0,0,0,0,196.04190773555,0,0,0,0,0,0,101.85207633558,0,192.601533877686,202.712457066107,70.4221432298295,0,0,0,0,0
0,122.106946855269,0,146.465927798921,0,0,0,0,0,0,0,211.840482897052,0,192.693757128262,0,93.5029580098427,0,0,99.2646516363145,82.4756938751058,115.868441404982,101.605593487621,0,321.124897279917,0,115.114253591495,0,0,178.748963182352,0,0,0,0,128.846764897717,0,181.316358113209,124.698445421759,151.036729364761,193.659409924573,192.135034768848,0
0,0,0,151.695570509541,73.1029054543569,135.294330067913,0,0,109.093416850988,0,0,175.196329314064,0,0,348.674510760064,0,0,0,0,0,252.487290983309,0,80.4367166559625,0,0,227.504408813069,92.5568465385234,0,0,193.055010680236,133.218162784108,0,0,0,223.705816669619,0,100.812745974529,0,0,269.936825670274,262.382215657622
0,0,0,137.239127032733,165.597665022977,0,0,0,89.9429017381717,211.840482897052,175.196329314064,0,0,177.763106506206,0,0,0,0,186.973586461633,0,169.453147353278,0,139.93285932648,198.528111506785,0,125.81518738273,94.126460729827,276.620869034647,146.770754374523,353.822894641502,0,0,0,155.901486485736,172.892533368851,220.963068032256,0,139.654362654449,84.3635741045246,161.74915061469,0
0,0,0,0,0,0,0,0,0,0,0,0,0,0,0,0,0,0,0,0,0,0,0,0,0,0,183.786860782462,194.442125915551,0,0,0,0,0,97.3506957544063,0,0,241.635434294794,0,0,320.356811100276,112.793316814908
0,0,0,0,0,0,125.994729980093,0,0,192.693757128262,0,177.763106506206,0,0,0,0,0,0,85.6072705949986,133.984214699576,241.682021696872,0,104.915316975638,0,0,0,0,143.005810983322,0,0,0,80.8080171296381,0,115.332064605654,110.384905066973,0,142.385058730083,0,94.027247878695,0,160.530221557972
0,0,0,0,0,0,0,0,0,0,348.674510760064,0,0,0,0,284.529238481835,74.7304794244225,0,171.906398392157,306.344527664232,0,0,0,0,0,0,0,141.204637091722,0,184.249961885477,0,0,0,0,0,173.001559092555,71.4788760670054,138.425725342224,115.541295036174,195.378266313867,0
0,0,0,0,101.350815329073,0,0,106.128596538706,0,93.5029580098427,0,0,0,0,284.529238481835,0,0,98.2230592632363,0,0,0,0,97.5855511246009,0,0,0,87.8456058929559,120.567029282014,0,0,0,0,0,195.314816908693,0,0,222.053792850439,0,0,161.302948562323,0
0,0,0,0,0,0,0,0,347.376449530863,0,0,0,0,0,74.7304794244225,0,0,0,153.609372090384,0,0,0,0,0,0,180.90030328818,0,253.401634605989,148.808626413748,0,0,0,0,0,66.5008477853491,289.631679007608,0,134.960780198024,0,205.183249704085,0
78.9559315574845,0,0,0,0,0,0,333.645516435298,0,0,0,0,0,0,0,98.2230592632363,0,0,0,0,0,0,0,0,0,0,0,151.806152521152,108.381749703452,0,0,0,0,180.543851962045,145.74089716123,247.66948903751,0,0,165.893015276821,0,0
0,0,0,0,0,117.208001126138,0,0,74.5815074003433,99.2646516363145,0,186.973586461633,0,85.6072705949986,171.906398392157,0,153.609372090384,0,0,0,0,0,0,85.7623170715703,0,0,0,128.530575464043,0,0,0,0,0,94.8881692391942,173.538155409849,0,92.5207898118833,0,0,0,0
0,0,0,335.371040201042,0,153.876396855887,115.871357769661,0,115.194491798135,82.4756938751058,0,0,0,133.984214699576,306.344527664232,0,0,0,0,0,0,0,0,209.996727521564,0,90.1317194604647,0,151.075371308616,193.63278243493,0,0,0,213.67670887414,89.3673883748406,104.369974912428,0,131.969743415579,0,72.2278283150671,168.241326865882,0
0,158.955087279859,154.065933476765,0,163.059043292369,0,0,136.792307586862,0,115.868441404982,252.487290983309,169.453147353278,0,241.682021696872,0,0,0,0,0,0,0,0,0,221.805809452716,0,134.566479261133,0,0,309.997227542691,0,0,0,0,0,0,0,251.098274723989,0,0,62.859596780235,0
0,0,0,0,0,94.7280504127031,0,94.7529894315991,0,101.605593487621,0,0,0,0,0,0,0,0,0,0,0,0,0,106.533627130087,0,0,0,58.3493451392805,0,0,0,0,0,0,0,0,178.224497384947,0,0,263.534399241887,249.905610015455
325.937289045041,0,0,0,0,0,255.441154257905,0,0,0,80.4367166559625,139.93285932648,0,104.915316975638,0,97.5855511246009,0,0,0,0,0,0,0,119.345624434514,101.895308036513,89.1590885155172,135.667029391615,0,261.605527103798,0,0,0,0,219.430938885781,0,199.492852797962,0,0,226.825099357786,81.9664354533492,0
0,0,0,0,0,242.790381480436,249.798812580765,0,0,321.124897279917,0,198.528111506785,0,0,0,0,0,0,85.7623170715703,209.996727521564,221.805809452716,106.533627130087,119.345624434514,0,0,228.075434767255,0,218.045528847001,159.183173818572,162.833808134102,215.611029055736,0,0,124.853650664477,155.24952173131,0,259.442917595754,208.005106191961,0,0,97.3232815600345
0,0,0,0,0,0,0,0,196.04190773555,0,0,0,0,0,0,0,0,0,0,0,0,0,101.895308036513,0,0,0,169.742003380707,259.055025639447,0,195.822649557859,0,0,321.864157986053,0,0,0,106.33736463831,90.7216186966914,0,125.416941482916,300.031143529538
0,0,0,0,0,0,241.57250333243,99.3508940827211,0,115.114253591495,227.504408813069,125.81518738273,0,0,0,0,180.90030328818,0,0,90.1317194604647,134.566479261133,0,89.1590885155172,228.075434767255,0,0,0,240.185081663983,78.8552325762656,0,82.6299537488922,74.4197823064597,0,224.551207449728,158.567996645797,0,206.912707094411,0,193.777661225572,186.348837226466,188.936291522747
0,0,236.681907140956,92.3502314520023,0,0,116.176698124939,81.2827395071039,0,0,92.5568465385234,94.126460729827,183.786860782462,0,0,87.8456058929559,0,0,0,0,0,0,135.667029391615,0,169.742003380707,0,0,314.611698427915,173.059382066957,0,171.230058197369,0,0,108.136066660554,62.311273509377,201.100640800745,82.1742780037132,106.926813611922,0,157.852515740516,217.157696745803
0,0,0,161.275817184598,201.44584889478,161.694997919804,205.09013266389,280.376028997576,0,0,0,276.620869034647,194.442125915551,143.005810983322,141.204637091722,120.567029282014,253.401634605989,151.806152521152,128.530575464043,151.075371308616,0,58.3493451392805,0,218.045528847001,259.055025639447,240.185081663983,314.611698427915,0,112.823430872325,0,0,0,204.084074037941,163.945208919892,197.486504603685,329.719143597451,0,89.707245288964,0,231.715271819474,178.683678585178
0,0,0,198.964527389285,113.144980278377,0,0,154.142998692322,0,178.748963182352,0,146.770754374523,0,0,0,0,148.808626413748,108.381749703452,0,193.63278243493,309.997227542691,0,261.605527103798,159.183173818572,0,78.8552325762656,173.059382066957,112.823430872325,0,150.161410108805,0,112.349934713559,0,98.6790043377568,114.511014214502,0,231.050882209,103.519938150021,0,0,153.453047983244
0,0,0,0,0,0,196.032358954952,0,0,0,193.055010680236,353.822894641502,0,0,184.249961885477,0,0,0,0,0,0,0,0,162.833808134102,195.822649557859,0,0,0,150.161410108805,0,0,0,0,0,174.013630695256,0,0,0,146.814226519809,96.7845769653343,111.435629183184
0,0,0,0,0,0,0,0,0,0,133.218162784108,0,0,0,0,0,0,0,0,0,0,0,0,215.611029055736,0,82.6299537488922,171.230058197369,0,0,0,0,0,0,0,357.423078228283,224.523755099568,0,0,0,0,0
338.131802716296,0,0,0,0,146.99041817625,0,0,101.85207633558,0,0,0,0,80.8080171296381,0,0,0,0,0,0,0,0,0,0,0,74.4197823064597,0,0,112.349934713559,0,0,0,0,0,187.77054666536,140.574866691684,154.784755881607,188.851177466023,0,283.248188884028,0
0,0,0,167.066576495979,0,0,0,0,0,0,0,0,0,0,0,0,0,0,0,213.67670887414,0,0,0,0,321.864157986053,0,0,204.084074037941,0,0,0,0,0,0,0,0,93.4234866874731,0,0,0,0
0,138.33942793804,0,0,96.5937438588657,113.059176128709,0,164.032723165762,192.601533877686,128.846764897717,0,155.901486485736,97.3506957544063,115.332064605654,0,195.314816908693,0,180.543851962045,94.8881692391942,89.3673883748406,0,0,219.430938885781,124.853650664477,0,224.551207449728,108.136066660554,163.945208919892,98.6790043377568,0,0,0,0,0,61.0664810463559,220.901129804706,136.685314494491,228.792310020318,161.325017232684,151.01089327964,173.201474590904
0,197.893790332676,137.189596148386,0,323.781250289068,219.078548227669,0,0,202.712457066107,0,223.705816669619,172.892533368851,0,110.384905066973,0,0,66.5008477853491,145.74089716123,173.538155409849,104.369974912428,0,0,0,155.24952173131,0,158.567996645797,62.311273509377,197.486504603685,114.511014214502,174.013630695256,357.423078228283,187.77054666536,0,61.0664810463559,0,179.718364159796,116.054372245433,76.5072790361762,0,0,98.417953423071
0,0,0,190.185165668632,160.537522273714,71.5579325720569,0,283.88658203332,70.4221432298295,181.316358113209,0,220.963068032256,0,0,173.001559092555,0,289.631679007608,247.66948903751,0,0,0,0,199.492852797962,0,0,0,201.100640800745,329.719143597451,0,0,224.523755099568,140.574866691684,0,220.901129804706,179.718364159796,0,200.878319874537,180.355266595273,0,0,0
153.672550905948,0,73.4795582048751,111.226326353722,172.608400267715,0,250.461724766314,139.792601838991,0,124.698445421759,100.812745974529,0,241.635434294794,142.385058730083,71.4788760670054,222.053792850439,0,0,92.5207898118833,131.969743415579,251.098274723989,178.224497384947,0,259.442917595754,106.33736463831,206.912707094411,82.1742780037132,0,231.050882209,0,0,154.784755881607,93.4234866874731,136.685314494491,116.054372245433,200.878319874537,0,95.7590805983148,303.527509149359,75.4497121078207,94.9380989123498
0,0,101.443495235174,0,0,114.649126378906,214.116367924649,0,0,151.036729364761,0,139.654362654449,0,0,138.425725342224,0,134.960780198024,0,0,0,0,0,0,208.005106191961,90.7216186966914,0,106.926813611922,89.707245288964,103.519938150021,0,0,188.851177466023,0,228.792310020318,76.5072790361762,180.355266595273,95.7590805983148,0,204.481117647118,306.640284138334,212.592150359921
0,0,0,0,154.070293657878,128.405764333981,0,205.839960264176,0,193.659409924573,0,84.3635741045246,0,94.027247878695,115.541295036174,0,0,165.893015276821,0,72.2278283150671,0,0,226.825099357786,0,0,193.777661225572,0,0,0,146.814226519809,0,0,0,161.325017232684,0,0,303.527509149359,204.481117647118,0,0,0
118.522099274347,0,0,137.177378802006,0,0,119.728129215699,261.440278806413,0,192.135034768848,269.936825670274,161.74915061469,320.356811100276,0,195.378266313867,161.302948562323,205.183249704085,0,0,168.241326865882,62.859596780235,263.534399241887,81.9664354533492,0,125.416941482916,186.348837226466,157.852515740516,231.715271819474,0,96.7845769653343,0,283.248188884028,0,151.01089327964,0,0,75.4497121078207,306.640284138334,0,0,345.797434674459
82.6426202489162,0,0,0,225.013371621378,67.8267069095267,206.472608421747,142.054529471577,0,0,262.382215657622,0,112.793316814908,160.530221557972,0,0,0,0,0,0,0,249.905610015455,0,97.3232815600345,300.031143529538,188.936291522747,217.157696745803,178.683678585178,153.453047983244,111.435629183184,0,0,0,173.201474590904,98.417953423071,0,94.9380989123498,212.592150359921,0,345.797434674459,0
