0,0,191.519780382943,0,0,188.851177466023,0,0,0,0,0,0,0,0,0,0,0,0,0,0,0,0,0,0,0,0,0,0,0,0,0,62.859596780235,0,0,84.3635741045246,94.7280504127031,0,0,0,0,240.185081663983
0,0,0,0,0,0,0,0,0,0,0,353.822894641502,0,0,0,0,0,0,0,0,0,0,0,0,0,142.385058730083,0,112.349934713559,0,251.098274723989,0,0,0,128.530575464043,0,94.7529894315991,82.6426202489162,0,0,0,0
191.519780382943,0,0,0,0,0,0,0,0,0,0,0,0,348.674510760064,261.440278806413,0,0,0,0,0,0,0,0,193.777661225572,0,154.142998692322,0,0,0,0,0,0,0,0,0,0,0,0,0,0,0
0,0,0,0,100.812745974529,0,0,0,0,103.519938150021,0,0,195.822649557859,0,0,0,0,0,0,0,0,0,153.672550905948,219.040656038919,0,0,0,0,158.955087279859,180.355266595273,0,0,0,228.075434767255,0,190.185165668632,76.5072790361762,197.486504603685,0,80.8080171296381,231.050882209
0,0,0,100.812745974529,0,0,0,173.059382066957,97.3232815600345,335.371040201042,0,162.833808134102,0,0,0,0,0,146.99041817625,0,0,0,0,0,106.128596538706,0,101.443495235174,253.401634605989,140.574866691684,280.376028997576,73.1029054543569,0,0,0,0,0,209.996727521564,0,0,0,138.33942793804,0
188.851177466023,0,0,0,0,0,0,0,0,148.808626413748,201.44584889478,0,0,181.316358113209,131.969743415579,205.09013266389,90.7216186966914,0,0,0,137.189596148386,0,0,0,0,0,146.770754374523,0,134.566479261133,0,0,0,0,321.864157986053,119.345624434514,0,220.963068032256,0,0,0,168.241326865882
0,0,0,0,0,0,0,0,155.901486485736,0,0,115.871357769661,0,0,0,0,109.093416850988,0,0,101.85207633558,0,0,0,0,153.876396855887,110.384905066973,0,0,0,0,0,82.1742780037132,0,113.059176128709,171.906398392157,0,259.055025639447,0,249.798812580765,78.9559315574845,228.792310020318
0,0,0,0,173.059382066957,0,0,0,0,0,0,183.786860782462,0,0,139.792601838991,227.504408813069,136.792307586862,71.4788760670054,0,0,0,0,106.926813611922,0,0,135.294330067913,0,165.597665022977,306.640284138334,0,0,0,0,161.302948562323,108.136066660554,81.9664354533492,223.705816669619,186.348837226466,0,0,263.534399241887
0,0,0,0,97.3232815600345,0,155.901486485736,0,0,0,0,90.1317194604647,0,0,0,241.635434294794,0,0,0,0,133.218162784108,184.249961885477,0,0,0,0,0,178.224497384947,314.611698427915,0,0,0,0,0,0,0,92.5568465385234,269.936825670274,0,200.878319874537,0
0,0,0,103.519938150021,335.371040201042,148.808626413748,0,0,0,0,0,0,0,0,139.93285932648,115.332064605654,0,96.7845769653343,0,157.852515740516,0,0,0,106.533627130087,0,204.084074037941,0,0,159.183173818572,219.430938885781,0,98.2230592632363,99.2646516363145,201.100640800745,93.4234866874731,153.609372090384,122.106946855269,0,0,92.3502314520023,0
0,0,0,0,0,201.44584889478,0,0,0,0,0,221.805809452716,0,0,0,164.032723165762,0,0,89.1590885155172,0,0,0,195.378266313867,0,141.204637091722,0,151.695570509541,92.5207898118833,74.4197823064597,0,0,0,0,0,169.742003380707,125.994729980093,175.196329314064,161.275817184598,224.551207449728,238.934743274142,114.649126378906
0,353.822894641502,0,0,162.833808134102,0,115.871357769661,183.786860782462,90.1317194604647,0,221.805809452716,0,0,70.4221432298295,0,119.728129215699,0,0,151.01089327964,218.045528847001,306.344527664232,0,192.601533877686,0,0,309.997227542691,0,261.605527103798,108.381749703452,0,0,0,174.013630695256,0,151.806152521152,0,161.325017232684,104.915316975638,98.417953423071,89.9429017381717,0
0,0,0,195.822649557859,0,0,0,0,0,0,0,0,0,0,0,0,173.001559092555,0,0,67.8267069095267,0,0,0,0,0,0,0,135.667029391615,0,0,0,0,0,101.895308036513,0,0,0,0,0,193.659409924573,0
0,0,348.674510760064,0,0,181.316358113209,0,0,0,0,0,70.4221432298295,0,0,0,0,0,0,0,0,0,161.74915061469,199.492852797962,0,193.63278243493,0,241.57250333243,219.078548227669,0,180.543851962045,0,0,0,283.88658203332,220.901129804706,146.814226519809,111.226326353722,262.382215657622,0,0,0
0,0,261.440278806413,0,0,131.969743415579,0,139.792601838991,0,139.93285932648,0,0,0,0,0,0,0,0,0,213.67670887414,0,0,0,208.005106191961,0,82.6299537488922,74.5815074003433,0,154.070293657878,0,0,62.311273509377,0,0,154.784755881607,0,0,0,0,94.9380989123498,0
0,0,0,0,0,205.09013266389,0,227.504408813069,241.635434294794,115.332064605654,164.032723165762,119.728129215699,0,0,0,0,0,0,0,0,0,0,0,0,0,357.423078228283,0,124.698445421759,0,0,0,0,0,0,0,0,78.8552325762656,224.523755099568,0,0,249.905610015455
0,0,0,0,0,90.7216186966914,109.093416850988,136.792307586862,0,0,0,0,173.001559092555,0,0,0,0,0,0,0,0,0,0,321.124897279917,0,0,0,74.7304794244225,226.825099357786,0,0,0,0,0,163.945208919892,0,0,0,155.24952173131,134.960780198024,0
0,0,0,0,146.99041817625,0,0,71.4788760670054,0,96.7845769653343,0,0,0,0,0,0,0,0,0,0,0,0,0,0,0,0,167.066576495979,0,0,0,0,0,0,169.453147353278,115.114253591495,151.036729364761,205.839960264176,211.840482897052,0,0,0
0,0,0,0,0,0,0,0,0,0,89.1590885155172,151.01089327964,0,0,0,0,0,0,0,61.0664810463559,0,0,0,0,0,250.461724766314,197.893790332676,0,242.790381480436,0,212.592150359921,0,0,214.116367924649,0,178.683678585178,186.973586461633,0,125.81518738273,0,85.6072705949986
0,0,0,0,0,0,101.85207633558,0,0,157.852515740516,0,218.045528847001,67.8267069095267,0,213.67670887414,0,0,0,61.0664810463559,0,0,0,204.481117647118,112.793316814908,0,94.027247878695,303.527509149359,73.4795582048751,0,0,137.239127032733,0,0,283.248188884028,289.631679007608,0,192.693757128262,137.177378802006,0,0,139.654362654449
0,0,0,0,0,137.189596148386,0,0,133.218162784108,0,0,306.344527664232,0,0,0,0,0,0,0,0,0,0,154.065933476765,150.161410108805,0,0,106.33736463831,116.054372245433,0,172.608400267715,0,0,0,145.74089716123,111.435629183184,0,85.7623170715703,0,0,97.3506957544063,222.053792850439
0,0,0,0,0,0,0,0,184.249961885477,0,0,0,0,161.74915061469,0,0,0,0,0,0,0,0,0,173.538155409849,0,206.912707094411,0,0,333.645516435298,0,0,0,0,138.425725342224,0,196.04190773555,72.2278283150671,0,0,0,0
0,0,0,153.672550905948,0,0,0,106.926813611922,0,0,195.378266313867,192.601533877686,0,199.492852797962,0,0,0,0,0,204.481117647118,154.065933476765,0,0,158.567996645797,0,0,0,93.5029580098427,0,195.314816908693,0,0,0,94.126460729827,0,165.893015276821,125.416941482916,0,151.075371308616,0,196.032358954952
0,0,193.777661225572,219.040656038919,106.128596538706,0,0,0,0,106.533627130087,0,0,0,0,208.005106191961,0,321.124897279917,0,0,112.793316814908,150.161410108805,173.538155409849,158.567996645797,0,284.529238481835,0,95.7590805983148,124.853650664477,0,0,0,0,0,193.055010680236,87.8456058929559,0,329.719143597451,0,71.5579325720569,171.230058197369,116.176698124939
0,0,0,0,0,0,153.876396855887,0,0,0,141.204637091722,0,0,193.63278243493,0,0,0,0,0,0,0,0,0,284.529238481835,0,0,323.781250289068,276.620869034647,0,0,0,0,0,0,0,345.797434674459,115.541295036174,99.3508940827211,0,160.537522273714,0
0,142.385058730083,154.142998692322,0,101.443495235174,0,110.384905066973,135.294330067913,0,204.084074037941,0,309.997227542691,0,0,82.6299537488922,357.423078228283,0,0,250.461724766314,94.027247878695,0,206.912707094411,0,0,0,0,118.522099274347,160.530221557972,0,0,0,0,0,187.77054666536,247.66948903751,0,120.567029282014,320.356811100276,325.937289045041,133.984214699576,0
0,0,0,0,253.401634605989,146.770754374523,0,0,0,0,151.695570509541,0,0,241.57250333243,74.5815074003433,0,0,167.066576495979,197.893790332676,303.527509149359,106.33736463831,0,0,95.7590805983148,323.781250289068,118.522099274347,0,163.059043292369,236.681907140956,0,101.350815329073,0,0,0,0,0,114.511014214502,180.90030328818,98.6790043377568,136.685314494491,112.823430872325
0,112.349934713559,0,0,140.574866691684,0,0,165.597665022977,178.224497384947,0,92.5207898118833,261.605527103798,135.667029391615,219.078548227669,0,124.698445421759,74.7304794244225,0,0,73.4795582048751,116.054372245433,0,93.5029580098427,124.853650664477,276.620869034647,160.530221557972,163.059043292369,0,241.682021696872,0,0,120.912756812582,96.5937438588657,81.2827395071039,146.465927798921,113.144980278377,177.763106506206,0,104.369974912428,101.605593487621,89.3673883748406
0,0,0,158.955087279859,280.376028997576,134.566479261133,0,306.640284138334,314.611698427915,159.183173818572,74.4197823064597,108.381749703452,0,0,154.070293657878,0,226.825099357786,0,242.790381480436,0,0,333.645516435298,0,0,0,0,236.681907140956,241.682021696872,0,338.131802716296,0,0,0,128.405764333981,206.472608421747,0,194.442125915551,179.718364159796,0,252.487290983309,215.611029055736
0,251.098274723989,0,180.355266595273,73.1029054543569,0,0,0,0,219.430938885781,0,0,0,180.543851962045,0,0,0,0,0,0,172.608400267715,0,195.314816908693,0,0,0,0,0,338.131802716296,0,0,0,0,142.054529471577,0,0,0,202.712457066107,0,259.442917595754,0
0,0,0,0,0,0,0,0,0,0,0,0,0,0,0,0,0,0,212.592150359921,137.239127032733,0,0,0,0,0,0,101.350815329073,0,0,0,0,0,0,192.135034768848,0,0,255.441154257905,0,0,0,82.4756938751058
62.859596780235,0,0,0,0,0,82.1742780037132,0,0,98.2230592632363,0,0,0,0,62.311273509377,0,0,0,0,0,0,0,0,0,0,0,0,120.912756812582,0,0,0,0,0,94.8881692391942,188.936291522747,0,58.3493451392805,347.376449530863,0,161.694997919804,143.005810983322
0,0,0,0,0,0,0,0,0,99.2646516363145,0,174.013630695256,0,0,0,0,0,0,0,0,0,0,0,0,0,0,0,96.5937438588657,0,0,0,0,0,0,0,205.183249704085,117.208001126138,0,0,0,0
0,128.530575464043,0,228.075434767255,0,321.864157986053,113.059176128709,161.302948562323,0,201.100640800745,0,0,101.895308036513,283.88658203332,0,0,0,169.453147353278,214.116367924649,283.248188884028,145.74089716123,138.425725342224,94.126460729827,193.055010680236,0,187.77054666536,0,81.2827395071039,128.405764333981,142.054529471577,192.135034768848,94.8881692391942,0,0,173.201474590904,101.5853655613,0,0,66.5008477853491,198.528111506785,80.4367166559625
84.3635741045246,0,0,0,0,119.345624434514,171.906398392157,108.136066660554,0,93.4234866874731,169.742003380707,151.806152521152,0,220.901129804706,154.784755881607,0,163.945208919892,115.114253591495,0,289.631679007608,111.435629183184,0,0,87.8456058929559,0,247.66948903751,0,146.465927798921,206.472608421747,0,0,188.936291522747,0,173.201474590904,0,97.5855511246009,172.892533368851,115.194491798135,232.945974238958,198.964527389285,115.868441404982
94.7280504127031,94.7529894315991,0,190.185165668632,209.996727521564,0,0,81.9664354533492,0,153.609372090384,125.994729980093,0,0,146.814226519809,0,0,0,151.036729364761,178.683678585178,0,0,196.04190773555,165.893015276821,0,345.797434674459,0,0,113.144980278377,0,0,0,0,205.183249704085,101.5853655613,97.5855511246009,0,89.707245288964,178.748963182352,0,0,0
0,82.6426202489162,0,76.5072790361762,0,220.963068032256,259.055025639447,223.705816669619,92.5568465385234,122.106946855269,175.196329314064,161.325017232684,0,111.226326353722,0,78.8552325762656,0,205.839960264176,186.973586461633,192.693757128262,85.7623170715703,72.2278283150671,125.416941482916,329.719143597451,115.541295036174,120.567029282014,114.511014214502,177.763106506206,194.442125915551,0,255.441154257905,58.3493451392805,117.208001126138,0,172.892533368851,89.707245288964,0,0,300.031143529538,153.453047983244,0
0,0,0,197.486504603685,0,0,0,186.348837226466,269.936825670274,0,161.275817184598,104.915316975638,0,262.382215657622,0,224.523755099568,0,211.840482897052,0,137.177378802006,0,0,0,0,99.3508940827211,320.356811100276,180.90030328818,0,179.718364159796,202.712457066107,0,347.376449530863,0,0,115.194491798135,178.748963182352,0,0,75.4497121078207,225.013371621378,128.846764897717
0,0,0,0,0,0,249.798812580765,0,0,0,224.551207449728,98.417953423071,0,0,0,0,155.24952173131,0,125.81518738273,0,0,0,151.075371308616,71.5579325720569,0,325.937289045041,98.6790043377568,104.369974912428,0,0,0,0,0,66.5008477853491,232.945974238958,0,300.031143529538,75.4497121078207,0,217.157696745803,0
0,0,0,80.8080171296381,138.33942793804,0,78.9559315574845,0,200.878319874537,92.3502314520023,238.934743274142,89.9429017381717,193.659409924573,0,94.9380989123498,0,134.960780198024,0,0,0,97.3506957544063,0,0,171.230058197369,160.537522273714,133.984214699576,136.685314494491,101.605593487621,252.487290983309,259.442917595754,0,161.694997919804,0,198.528111506785,198.964527389285,0,153.453047983244,225.013371621378,217.157696745803,0,231.715271819474
240.185081663983,0,0,231.050882209,0,168.241326865882,228.792310020318,263.534399241887,0,0,114.649126378906,0,0,0,0,249.905610015455,0,0,85.6072705949986,139.654362654449,222.053792850439,0,196.032358954952,116.176698124939,0,0,112.823430872325,89.3673883748406,215.611029055736,0,82.4756938751058,143.005810983322,0,80.4367166559625,115.868441404982,0,0,128.846764897717,0,231.715271819474,0
