0,0,0,0,0,0,0,0,0,173.201474590904,125.416941482916,0,0,0,0,0,0,0,0,222.053792850439,0,0,71.4788760670054,106.33736463831,0,0,0,0,0,0,0,0,0,0,0,249.905610015455,0,0,0,0,0
0,0,0,0,0,0,0,231.050882209,0,0,0,0,0,218.045528847001,0,0,155.901486485736,0,0,0,0,0,0,0,0,0,0,0,0,283.248188884028,0,0,0,111.226326353722,92.5207898118833,0,163.059043292369,0,0,0,0
0,0,0,0,206.472608421747,0,0,0,0,0,0,0,0,0,0,0,0,0,0,67.8267069095267,87.8456058929559,0,0,0,0,0,0,164.032723165762,0,0,0,0,0,0,0,0,242.790381480436,0,0,0,0
0,0,0,0,0,89.9429017381717,146.465927798921,0,0,173.059382066957,206.912707094411,348.674510760064,0,0,188.851177466023,0,0,0,0,0,0,0,0,0,204.084074037941,0,224.523755099568,0,0,0,0,0,195.378266313867,0,0,0,0,94.7529894315991,139.654362654449,161.302948562323,135.667029391615
0,0,206.472608421747,0,0,116.054372245433,93.5029580098427,171.230058197369,0,0,0,0,0,172.892533368851,0,0,0,0,0,0,0,0,228.792310020318,106.128596538706,0,62.311273509377,0,0,0,81.9664354533492,0,0,0,137.177378802006,74.5815074003433,0,0,195.314816908693,0,92.5568465385234,171.906398392157
0,0,0,89.9429017381717,116.054372245433,0,0,0,220.901129804706,145.74089716123,177.763106506206,0,0,0,198.964527389285,0,0,0,0,220.963068032256,0,0,0,94.126460729827,0,224.551207449728,0,183.786860782462,0,0,0,139.792601838991,0,0,192.135034768848,92.3502314520023,338.131802716296,0,0,0,0
0,0,0,146.465927798921,93.5029580098427,0,0,320.356811100276,0,0,0,0,0,0,219.078548227669,0,0,0,0,138.425725342224,0,215.611029055736,0,0,0,0,178.683678585178,62.859596780235,0,98.6790043377568,0,0,0,161.694997919804,0,0,0,0,115.194491798135,238.934743274142,169.742003380707
0,231.050882209,0,0,171.230058197369,0,320.356811100276,0,0,0,217.157696745803,159.183173818572,0,90.7216186966914,0,0,0,0,306.640284138334,0,0,0,0,0,0,196.04190773555,228.075434767255,347.376449530863,321.124897279917,345.797434674459,146.770754374523,0,0,227.504408813069,154.070293657878,0,0,0,0,174.013630695256,0
0,0,0,0,0,220.901129804706,0,0,0,0,153.453047983244,241.57250333243,0,0,0,0,202.712457066107,0,165.597665022977,0,0,0,0,0,0,0,225.013371621378,0,93.4234866874731,0,0,142.385058730083,0,173.538155409849,0,112.349934713559,0,0,0,101.895308036513,0
173.201474590904,0,0,173.059382066957,0,145.74089716123,0,0,0,0,0,0,0,0,0,82.6299537488922,0,0,0,284.529238481835,124.698445421759,0,186.973586461633,173.001559092555,141.204637091722,98.417953423071,114.649126378906,136.685314494491,205.183249704085,0,0,0,0,193.63278243493,112.793316814908,0,151.036729364761,269.936825670274,0,0,90.1317194604647
125.416941482916,0,0,206.912707094411,0,177.763106506206,0,217.157696745803,153.453047983244,0,0,0,333.645516435298,125.81518738273,0,0,0,0,0,0,99.2646516363145,0,0,0,0,241.635434294794,0,160.537522273714,81.2827395071039,0,0,0,0,0,0,232.945974238958,179.718364159796,214.116367924649,0,357.423078228283,96.7845769653343
0,0,0,348.674510760064,0,0,0,159.183173818572,241.57250333243,0,0,0,181.316358113209,115.541295036174,0,0,213.67670887414,0,136.792307586862,109.093416850988,0,0,0,94.9380989123498,247.66948903751,155.24952173131,325.937289045041,158.567996645797,0,0,0,0,191.519780382943,199.492852797962,303.527509149359,114.511014214502,261.605527103798,110.384905066973,0,115.871357769661,329.719143597451
0,0,0,0,0,0,0,0,0,0,333.645516435298,181.316358113209,0,0,0,0,0,0,0,0,0,0,0,211.840482897052,0,0,0,151.806152521152,0,0,0,0,0,0,0,0,0,253.401634605989,0,0,197.486504603685
0,218.045528847001,0,0,172.892533368851,0,0,90.7216186966914,0,0,125.81518738273,115.541295036174,0,0,0,0,0,98.2230592632363,0,0,0,0,0,306.344527664232,0,167.066576495979,0,201.44584889478,0,0,0,0,0,194.442125915551,101.85207633558,353.822894641502,178.224497384947,0,0,111.435629183184,0
0,0,0,188.851177466023,0,198.964527389285,219.078548227669,0,0,0,0,0,0,0,0,0,0,0,0,0,0,0,0,190.185165668632,137.189596148386,0,0,335.371040201042,180.90030328818,0,0,0,0,157.852515740516,125.994729980093,0,151.695570509541,140.574866691684,153.876396855887,0,0
0,0,0,0,0,0,0,0,0,82.6299537488922,0,0,0,0,0,0,192.693757128262,0,101.605593487621,0,0,252.487290983309,0,137.239127032733,0,0,120.912756812582,162.833808134102,0,0,0,0,0,219.040656038919,0,192.601533877686,108.136066660554,180.543851962045,0,0,0
0,155.901486485736,0,0,0,0,0,0,202.712457066107,0,0,213.67670887414,0,0,0,192.693757128262,0,0,0,0,0,0,0,0,74.7304794244225,300.031143529538,0,219.430938885781,58.3493451392805,0,0,0,0,0,212.592150359921,0,131.969743415579,0,0,0,0
0,0,0,0,0,0,0,0,0,0,0,0,0,98.2230592632363,0,0,0,0,135.294330067913,115.332064605654,0,163.945208919892,0,0,0,0,0,0,154.142998692322,0,0,80.8080171296381,0,101.443495235174,0,0,193.777661225572,0,249.798812580765,0,0
0,0,0,0,0,0,0,306.640284138334,165.597665022977,0,0,136.792307586862,0,0,0,101.605593487621,0,135.294330067913,0,96.5937438588657,0,0,0,314.611698427915,0,0,78.8552325762656,0,201.100640800745,0,0,0,0,71.5579325720569,205.09013266389,89.3673883748406,0,0,0,0,0
222.053792850439,0,67.8267069095267,0,0,220.963068032256,138.425725342224,0,0,284.529238481835,0,109.093416850988,0,0,0,0,0,115.332064605654,96.5937438588657,0,0,0,0,143.005810983322,0,133.218162784108,0,0,0,0,0,186.348837226466,120.567029282014,84.3635741045246,113.059176128709,0,259.055025639447,128.405764333981,0,0,106.926813611922
0,0,87.8456058929559,0,0,0,0,0,0,124.698445421759,99.2646516363145,0,0,0,0,0,0,0,0,0,0,0,97.5855511246009,0,0,75.4497121078207,0,158.955087279859,0,101.350815329073,0,0,0,154.784755881607,150.161410108805,101.5853655613,146.814226519809,0,0,115.868441404982,128.530575464043
0,0,0,0,0,0,215.611029055736,0,0,0,0,0,0,0,0,252.487290983309,0,163.945208919892,0,0,0,0,0,0,0,0,0,0,0,0,276.620869034647,0,0,204.481117647118,0,0,118.522099274347,94.7280504127031,154.065933476765,0,0
71.4788760670054,0,0,0,228.792310020318,0,0,0,0,186.973586461633,0,0,0,0,0,0,0,0,0,0,97.5855511246009,0,0,0,0,196.032358954952,175.196329314064,161.74915061469,261.440278806413,0,0,89.707245288964,280.376028997576,180.355266595273,100.812745974529,0,133.984214699576,195.822649557859,0,128.846764897717,0
106.33736463831,0,0,0,106.128596538706,94.126460729827,0,0,0,173.001559092555,0,94.9380989123498,211.840482897052,306.344527664232,190.185165668632,137.239127032733,0,0,314.611698427915,143.005810983322,0,0,0,0,0,289.631679007608,117.208001126138,187.77054666536,0,0,0,0,0,240.185081663983,168.241326865882,0,108.381749703452,0,0,241.682021696872,134.960780198024
0,0,0,204.084074037941,0,0,0,0,0,141.204637091722,0,247.66948903751,0,0,137.189596148386,0,74.7304794244225,0,0,0,0,0,0,0,0,0,0,0,205.839960264176,0,0,0,0,104.915316975638,0,103.519938150021,0,0,0,113.144980278377,255.441154257905
0,0,0,0,62.311273509377,224.551207449728,0,196.04190773555,0,98.417953423071,241.635434294794,155.24952173131,0,167.066576495979,0,0,300.031143529538,0,0,133.218162784108,75.4497121078207,0,196.032358954952,289.631679007608,0,0,82.6426202489162,231.715271819474,94.8881692391942,0,0,251.098274723989,0,0,119.728129215699,0,321.864157986053,0,72.2278283150671,209.996727521564,0
0,0,0,224.523755099568,0,0,178.683678585178,228.075434767255,225.013371621378,114.649126378906,0,325.937289045041,0,0,0,120.912756812582,0,0,78.8552325762656,0,0,0,175.196329314064,117.208001126138,0,82.6426202489162,0,160.530221557972,134.566479261133,0,0,262.382215657622,0,0,226.825099357786,236.681907140956,193.055010680236,0,82.4756938751058,200.878319874537,309.997227542691
0,0,164.032723165762,0,0,183.786860782462,62.859596780235,347.376449530863,0,136.685314494491,160.537522273714,158.567996645797,151.806152521152,201.44584889478,335.371040201042,162.833808134102,219.430938885781,0,0,0,158.955087279859,0,161.74915061469,187.77054666536,0,231.715271819474,160.530221557972,0,223.705816669619,197.893790332676,0,0,0,85.7623170715703,115.114253591495,146.99041817625,259.442917595754,89.1590885155172,119.345624434514,122.106946855269,323.781250289068
0,0,0,0,0,0,0,321.124897279917,93.4234866874731,205.183249704085,81.2827395071039,0,0,0,180.90030328818,0,58.3493451392805,154.142998692322,201.100640800745,0,0,0,261.440278806413,0,205.839960264176,94.8881692391942,134.566479261133,223.705816669619,0,0,0,263.534399241887,0,283.88658203332,0,74.4197823064597,61.0664810463559,208.005106191961,78.9559315574845,97.3232815600345,66.5008477853491
0,283.248188884028,0,0,81.9664354533492,0,98.6790043377568,345.797434674459,0,0,0,0,0,0,0,0,0,0,0,0,101.350815329073,0,0,0,0,0,0,197.893790332676,0,0,0,0,0,193.659409924573,73.1029054543569,0,73.4795582048751,0,198.528111506785,172.608400267715,0
0,0,0,0,0,0,0,146.770754374523,0,0,0,0,0,0,0,0,0,0,0,0,0,276.620869034647,0,0,0,0,0,0,0,0,0,0,0,0,0,153.672550905948,188.936291522747,165.893015276821,0,148.808626413748,0
0,0,0,0,0,139.792601838991,0,0,142.385058730083,0,0,0,0,0,0,0,0,80.8080171296381,0,186.348837226466,0,0,89.707245288964,0,0,251.098274723989,262.382215657622,0,263.534399241887,0,0,0,0,0,0,178.748963182352,0,0,0,151.075371308616,124.853650664477
0,0,0,195.378266313867,0,0,0,0,0,0,0,191.519780382943,0,0,0,0,0,0,0,120.567029282014,0,0,280.376028997576,0,0,0,0,0,0,0,0,0,0,0,0,0,85.6072705949986,0,0,0,0
0,111.226326353722,0,0,137.177378802006,0,161.694997919804,227.504408813069,173.538155409849,193.63278243493,0,199.492852797962,0,194.442125915551,157.852515740516,219.040656038919,0,101.443495235174,71.5579325720569,84.3635741045246,154.784755881607,204.481117647118,180.355266595273,240.185081663983,104.915316975638,0,0,85.7623170715703,283.88658203332,193.659409924573,0,0,0,0,82.1742780037132,0,250.461724766314,138.33942793804,221.805809452716,161.325017232684,0
0,92.5207898118833,0,0,74.5815074003433,192.135034768848,0,154.070293657878,0,112.793316814908,0,303.527509149359,0,101.85207633558,125.994729980093,0,212.592150359921,0,205.09013266389,113.059176128709,150.161410108805,0,100.812745974529,168.241326865882,0,119.728129215699,226.825099357786,115.114253591495,0,73.1029054543569,0,0,0,82.1742780037132,0,76.5072790361762,169.453147353278,95.7590805983148,112.823430872325,104.369974912428,151.01089327964
249.905610015455,0,0,0,0,92.3502314520023,0,0,112.349934713559,0,232.945974238958,114.511014214502,0,353.822894641502,0,192.601533877686,0,0,89.3673883748406,0,101.5853655613,0,0,0,103.519938150021,0,236.681907140956,146.99041817625,74.4197823064597,0,153.672550905948,178.748963182352,0,0,76.5072790361762,0,161.275817184598,153.609372090384,0,0,116.176698124939
0,163.059043292369,242.790381480436,0,0,338.131802716296,0,0,0,151.036729364761,179.718364159796,261.605527103798,0,178.224497384947,151.695570509541,108.136066660554,131.969743415579,193.777661225572,0,259.055025639447,146.814226519809,118.522099274347,133.984214699576,108.381749703452,0,321.864157986053,193.055010680236,259.442917595754,61.0664810463559,73.4795582048751,188.936291522747,0,85.6072705949986,250.461724766314,169.453147353278,161.275817184598,0,70.4221432298295,142.054529471577,139.93285932648,184.249961885477
0,0,0,94.7529894315991,195.314816908693,0,0,0,0,269.936825670274,214.116367924649,110.384905066973,253.401634605989,0,140.574866691684,180.543851962045,0,0,0,128.405764333981,0,94.7280504127031,195.822649557859,0,0,0,0,89.1590885155172,208.005106191961,0,165.893015276821,0,0,138.33942793804,95.7590805983148,153.609372090384,70.4221432298295,0,0,97.3506957544063,80.4367166559625
0,0,0,139.654362654449,0,0,115.194491798135,0,0,0,0,0,0,0,153.876396855887,0,0,249.798812580765,0,0,0,154.065933476765,0,0,0,72.2278283150671,82.4756938751058,119.345624434514,78.9559315574845,198.528111506785,0,0,0,221.805809452716,112.823430872325,0,142.054529471577,0,0,94.027247878695,106.533627130087
0,0,0,161.302948562323,92.5568465385234,0,238.934743274142,174.013630695256,101.895308036513,0,357.423078228283,115.871357769661,0,111.435629183184,0,0,0,0,0,0,115.868441404982,0,128.846764897717,241.682021696872,113.144980278377,209.996727521564,200.878319874537,122.106946855269,97.3232815600345,172.608400267715,148.808626413748,151.075371308616,0,161.325017232684,104.369974912428,0,139.93285932648,97.3506957544063,94.027247878695,0,99.3508940827211
0,0,0,135.667029391615,171.906398392157,0,169.742003380707,0,0,90.1317194604647,96.7845769653343,329.719143597451,197.486504603685,0,0,0,0,0,0,106.926813611922,128.530575464043,0,0,134.960780198024,255.441154257905,0,309.997227542691,323.781250289068,66.5008477853491,0,0,124.853650664477,0,0,151.01089327964,116.176698124939,184.249961885477,80.4367166559625,106.533627130087,99.3508940827211,0
