0,0,0,0,0,0,0,0,0,0,0,204.481117647118,0,0,0,0,0,0,0,0,173.201474590904,0,0,0,0,227.504408813069,0,0,0,0,0,0,0,139.792601838991,0,0,198.528111506785,92.5568465385234,0,0,0
0,0,0,0,0,0,0,0,0,0,0,0,0,0,0,0,0,0,179.718364159796,177.763106506206,0,0,154.784755881607,0,0,0,0,0,0,146.465927798921,0,0,0,0,0,215.611029055736,252.487290983309,0,0,0,141.204637091722
0,0,0,0,0,0,0,0,0,0,206.912707094411,101.85207633558,0,0,0,0,303.527509149359,0,0,74.7304794244225,0,0,0,0,0,0,0,0,0,0,0,0,0,0,0,0,0,0,0,0,323.781250289068
0,0,0,0,109.093416850988,0,0,0,116.176698124939,175.196329314064,276.620869034647,200.878319874537,0,136.685314494491,0,0,0,0,0,0,0,0,0,249.905610015455,0,134.566479261133,137.177378802006,128.846764897717,0,0,0,0,0,0,196.032358954952,0,0,0,0,108.381749703452,96.7845769653343
0,0,0,109.093416850988,0,95.7590805983148,0,0,0,0,87.8456058929559,0,0,0,0,0,263.534399241887,0,0,181.316358113209,0,0,0,0,0,138.33942793804,76.5072790361762,90.7216186966914,0,0,0,101.443495235174,0,148.808626413748,0,231.715271819474,89.3673883748406,82.4756938751058,0,223.705816669619,0
0,0,0,0,95.7590805983148,0,111.226326353722,0,0,133.984214699576,220.963068032256,106.533627130087,0,168.241326865882,0,0,0,0,0,0,0,0,0,0,0,348.674510760064,137.189596148386,0,111.435629183184,195.378266313867,0,0,0,202.712457066107,161.694997919804,115.868441404982,0,0,0,0,115.541295036174
0,0,0,0,0,111.226326353722,0,314.611698427915,0,75.4497121078207,0,165.893015276821,0,0,0,0,150.161410108805,0,0,0,0,0,0,0,0,137.239127032733,151.806152521152,154.142998692322,205.183249704085,0,0,0,0,163.059043292369,0,197.486504603685,209.996727521564,142.054529471577,0,0,0
0,0,0,0,0,0,314.611698427915,0,82.6426202489162,0,0,193.659409924573,0,161.74915061469,0,261.440278806413,106.128596538706,0,289.631679007608,0,0,0,114.649126378906,124.853650664477,0,0,0,241.635434294794,309.997227542691,0,0,0,0,201.44584889478,0,0,204.084074037941,0,110.384905066973,242.790381480436,153.672550905948
0,0,0,116.176698124939,0,0,0,82.6426202489162,0,0,0,0,0,138.425725342224,0,0,0,0,0,259.442917595754,0,0,140.574866691684,0,0,0,0,100.812745974529,155.24952173131,113.059176128709,0,0,0,172.608400267715,163.945208919892,0,66.5008477853491,0,0,0,0
0,0,0,175.196329314064,0,133.984214699576,75.4497121078207,0,0,0,195.822649557859,338.131802716296,0,0,0,0,0,228.792310020318,347.376449530863,0,78.9559315574845,0,0,219.430938885781,0,0,0,120.912756812582,146.770754374523,115.332064605654,92.5207898118833,241.682021696872,0,62.859596780235,0,0,118.522099274347,0,198.964527389285,0,191.519780382943
0,0,206.912707094411,276.620869034647,87.8456058929559,220.963068032256,0,0,0,195.822649557859,0,192.135034768848,0,0,205.09013266389,106.33736463831,0,0,0,0,0,0,0,178.683678585178,0,0,0,0,81.9664354533492,0,81.2827395071039,0,0,0,171.906398392157,231.050882209,333.645516435298,0,0,94.8881692391942,113.144980278377
204.481117647118,0,101.85207633558,200.878319874537,0,106.533627130087,165.893015276821,193.659409924573,0,338.131802716296,192.135034768848,0,0,0,0,0,0,0,62.311273509377,192.601533877686,0,0,0,155.901486485736,120.567029282014,0,0,228.075434767255,253.401634605989,0,173.538155409849,0,0,0,213.67670887414,128.530575464043,214.116367924649,0,247.66948903751,180.90030328818,151.695570509541
0,0,0,0,0,0,0,0,0,0,0,0,0,0,0,0,0,0,0,143.005810983322,0,0,0,0,0,0,71.4788760670054,71.5579325720569,0,0,0,0,0,0,98.2230592632363,0,0,0,94.027247878695,0,206.472608421747
0,0,0,136.685314494491,0,168.241326865882,0,161.74915061469,138.425725342224,0,0,0,0,0,0,0,158.567996645797,269.936825670274,0,0,0,0,0,115.194491798135,103.519938150021,74.4197823064597,0,329.719143597451,0,0,0,0,0,259.055025639447,61.0664810463559,0,0,78.8552325762656,0,94.126460729827,0
0,0,0,0,0,0,0,0,0,0,205.09013266389,0,0,0,0,0,0,0,0,0,0,0,80.8080171296381,186.973586461633,201.100640800745,224.523755099568,151.01089327964,73.4795582048751,0,0,0,0,0,122.106946855269,0,0,115.114253591495,154.070293657878,0,222.053792850439,108.136066660554
0,0,0,0,0,0,0,261.440278806413,0,0,106.33736463831,0,0,0,0,0,0,0,0,357.423078228283,101.5853655613,0,0,0,0,97.3232815600345,0,211.840482897052,0,0,0,300.031143529538,0,104.915316975638,0,0,160.530221557972,162.833808134102,0,226.825099357786,0
0,0,303.527509149359,0,263.534399241887,0,150.161410108805,106.128596538706,0,0,0,0,0,158.567996645797,0,0,0,0,0,0,0,0,0,0,0,0,0,151.036729364761,0,0,0,0,0,186.348837226466,104.369974912428,183.786860782462,283.88658203332,0,0,0,0
0,0,0,0,0,0,0,0,0,228.792310020318,0,0,0,269.936825670274,0,0,0,0,0,97.5855511246009,261.605527103798,96.5937438588657,0,0,0,0,180.355266595273,125.994729980093,0,0,0,0,0,0,0,0,0,0,0,115.871357769661,72.2278283150671
0,179.718364159796,0,0,0,0,0,289.631679007608,0,347.376449530863,0,62.311273509377,0,0,0,0,0,0,0,0,192.693757128262,0,0,0,0,0,0,0,0,0,0,0,93.5029580098427,205.839960264176,124.698445421759,208.005106191961,154.065933476765,94.7280504127031,0,0,106.926813611922
0,177.763106506206,74.7304794244225,0,181.316358113209,0,0,0,259.442917595754,0,0,192.601533877686,143.005810983322,0,0,357.423078228283,0,97.5855511246009,0,0,212.592150359921,0,0,58.3493451392805,82.6299537488922,0,0,135.667029391615,0,0,0,0,0,0,135.294330067913,94.7529894315991,114.511014214502,119.728129215699,0,0,159.183173818572
173.201474590904,0,0,0,0,0,0,0,0,78.9559315574845,0,0,0,0,0,101.5853655613,0,261.605527103798,192.693757128262,212.592150359921,0,0,119.345624434514,146.99041817625,0,153.876396855887,98.6790043377568,0,0,217.157696745803,0,0,0,0,0,0,0,193.777661225572,0,174.013630695256,0
0,0,0,0,0,0,0,0,0,0,0,0,0,0,0,0,0,96.5937438588657,0,0,0,0,0,0,0,0,219.078548227669,0,0,0,0,0,0,0,134.960780198024,89.707245288964,219.040656038919,0,80.4367166559625,145.74089716123,173.001559092555
0,154.784755881607,0,0,0,0,0,114.649126378906,140.574866691684,0,0,0,0,0,80.8080171296381,0,0,0,0,0,119.345624434514,0,0,112.823430872325,0,306.640284138334,73.1029054543569,236.681907140956,199.492852797962,0,0,164.032723165762,0,0,220.901129804706,0,171.230058197369,0,0,161.302948562323,128.405764333981
0,0,0,249.905610015455,0,0,0,124.853650664477,0,219.430938885781,178.683678585178,155.901486485736,0,115.194491798135,186.973586461633,0,0,0,0,58.3493451392805,146.99041817625,0,112.823430872325,0,0,89.9429017381717,0,238.934743274142,224.551207449728,0,0,180.543851962045,0,188.851177466023,0,157.852515740516,0,353.822894641502,158.955087279859,232.945974238958,0
0,0,0,0,0,0,0,0,0,0,0,120.567029282014,0,103.519938150021,201.100640800745,0,0,0,0,82.6299537488922,0,0,0,0,0,0,0,101.350815329073,0,169.453147353278,125.416941482916,0,0,0,0,0,262.382215657622,112.349934713559,0,136.792307586862,0
227.504408813069,0,0,134.566479261133,138.33942793804,348.674510760064,137.239127032733,0,0,0,0,0,0,74.4197823064597,224.523755099568,97.3232815600345,0,0,0,0,153.876396855887,0,306.640284138334,89.9429017381717,0,0,190.185165668632,98.417953423071,85.7623170715703,0,0,0,0,0,117.208001126138,0,142.385058730083,90.1317194604647,193.055010680236,184.249961885477,335.371040201042
0,0,0,137.177378802006,76.5072790361762,137.189596148386,151.806152521152,0,0,0,0,0,71.4788760670054,0,151.01089327964,0,0,180.355266595273,0,0,98.6790043377568,219.078548227669,73.1029054543569,0,0,190.185165668632,0,93.4234866874731,172.892533368851,0,167.066576495979,0,320.356811100276,169.742003380707,160.537522273714,0,345.797434674459,255.441154257905,283.248188884028,0,0
0,0,0,128.846764897717,90.7216186966914,0,154.142998692322,241.635434294794,100.812745974529,120.912756812582,0,228.075434767255,71.5579325720569,329.719143597451,73.4795582048751,211.840482897052,151.036729364761,125.994729980093,0,135.667029391615,0,0,236.681907140956,238.934743274142,101.350815329073,98.417953423071,93.4234866874731,0,251.098274723989,0,0,178.748963182352,0,250.461724766314,70.4221432298295,0,85.6072705949986,99.3508940827211,195.314816908693,133.218162784108,0
0,0,0,0,0,111.435629183184,205.183249704085,309.997227542691,155.24952173131,146.770754374523,81.9664354533492,253.401634605989,0,0,0,0,0,0,0,0,0,0,199.492852797962,224.551207449728,0,85.7623170715703,172.892533368851,251.098274723989,0,241.57250333243,0,0,0,161.275817184598,151.075371308616,99.2646516363145,306.344527664232,84.3635741045246,92.3502314520023,97.3506957544063,153.609372090384
0,146.465927798921,0,0,0,195.378266313867,0,0,113.059176128709,115.332064605654,0,0,0,0,0,0,0,0,0,0,217.157696745803,0,0,0,169.453147353278,0,0,0,241.57250333243,0,0,0,0,0,197.893790332676,101.895308036513,240.185081663983,0,0,321.864157986053,0
0,0,0,0,0,0,0,0,0,92.5207898118833,81.2827395071039,173.538155409849,0,0,0,0,0,0,0,0,0,0,0,0,125.416941482916,0,167.066576495979,0,0,0,0,0,0,193.63278243493,0,0,0,0,0,0,0
0,0,0,0,101.443495235174,0,0,0,0,241.682021696872,0,0,0,0,0,300.031143529538,0,0,0,0,0,0,164.032723165762,180.543851962045,0,0,0,178.748963182352,0,0,0,0,0,112.793316814908,173.059382066957,0,89.1590885155172,188.936291522747,0,221.805809452716,0
0,0,0,0,0,0,0,0,0,0,0,0,0,0,0,0,0,0,93.5029580098427,0,0,0,0,0,0,0,320.356811100276,0,0,0,0,0,0,67.8267069095267,178.224497384947,0,153.453047983244,0,0,0,0
139.792601838991,0,0,0,148.808626413748,202.712457066107,163.059043292369,201.44584889478,172.608400267715,62.859596780235,0,0,0,259.055025639447,122.106946855269,104.915316975638,186.348837226466,0,205.839960264176,0,0,0,0,188.851177466023,0,0,169.742003380707,250.461724766314,161.275817184598,0,193.63278243493,112.793316814908,67.8267069095267,0,139.93285932648,74.5815074003433,325.937289045041,165.597665022977,321.124897279917,94.9380989123498,101.605593487621
0,0,0,196.032358954952,0,161.694997919804,0,0,163.945208919892,0,171.906398392157,213.67670887414,98.2230592632363,61.0664810463559,0,0,104.369974912428,0,124.698445421759,135.294330067913,0,134.960780198024,220.901129804706,0,0,117.208001126138,160.537522273714,70.4221432298295,151.075371308616,197.893790332676,0,173.059382066957,178.224497384947,139.93285932648,0,194.442125915551,218.045528847001,284.529238481835,161.325017232684,0,125.81518738273
0,215.611029055736,0,0,231.715271819474,115.868441404982,197.486504603685,0,0,0,231.050882209,128.530575464043,0,0,0,0,183.786860782462,0,208.005106191961,94.7529894315991,0,89.707245288964,0,157.852515740516,0,0,0,0,99.2646516363145,101.895308036513,0,0,0,74.5815074003433,194.442125915551,0,82.1742780037132,0,187.77054666536,131.969743415579,196.04190773555
198.528111506785,252.487290983309,0,0,89.3673883748406,0,209.996727521564,204.084074037941,66.5008477853491,118.522099274347,333.645516435298,214.116367924649,0,0,115.114253591495,160.530221557972,283.88658203332,0,154.065933476765,114.511014214502,0,219.040656038919,171.230058197369,0,262.382215657622,142.385058730083,345.797434674459,85.6072705949986,306.344527664232,240.185081663983,0,89.1590885155172,153.453047983244,325.937289045041,218.045528847001,82.1742780037132,0,249.798812580765,225.013371621378,280.376028997576,0
92.5568465385234,0,0,0,82.4756938751058,0,142.054529471577,0,0,0,0,0,0,78.8552325762656,154.070293657878,162.833808134102,0,0,94.7280504127031,119.728129215699,193.777661225572,0,0,353.822894641502,112.349934713559,90.1317194604647,255.441154257905,99.3508940827211,84.3635741045246,0,0,188.936291522747,0,165.597665022977,284.529238481835,0,249.798812580765,0,0,116.054372245433,0
0,0,0,0,0,0,0,110.384905066973,0,198.964527389285,0,247.66948903751,94.027247878695,0,0,0,0,0,0,0,0,80.4367166559625,0,158.955087279859,0,193.055010680236,283.248188884028,195.314816908693,92.3502314520023,0,0,0,0,321.124897279917,161.325017232684,187.77054666536,225.013371621378,0,0,139.654362654449,0
0,0,0,108.381749703452,223.705816669619,0,0,242.790381480436,0,0,94.8881692391942,180.90030328818,0,94.126460729827,222.053792850439,226.825099357786,0,115.871357769661,0,0,174.013630695256,145.74089716123,161.302948562323,232.945974238958,136.792307586862,184.249961885477,0,133.218162784108,97.3506957544063,321.864157986053,0,221.805809452716,0,94.9380989123498,0,131.969743415579,280.376028997576,116.054372245433,139.654362654449,0,146.814226519809
0,141.204637091722,323.781250289068,96.7845769653343,0,115.541295036174,0,153.672550905948,0,191.519780382943,113.144980278377,151.695570509541,206.472608421747,0,108.136066660554,0,0,72.2278283150671,106.926813611922,159.183173818572,0,173.001559092555,128.405764333981,0,0,335.371040201042,0,0,153.609372090384,0,0,0,0,101.605593487621,125.81518738273,196.04190773555,0,0,0,146.814226519809,0
