0,0,0,0,0,0,101.350815329073,0,0,0,0,0,0,0,0,0,0,0,0,0,0,0,110.384905066973,0,0,175.196329314064,94.7280504127031,0,0,0,0,0,0,0,89.3673883748406,0,0,0,219.078548227669,0,0
0,0,169.742003380707,0,70.4221432298295,0,0,0,209.996727521564,0,0,122.106946855269,0,0,0,0,0,0,0,0,0,0,0,0,0,0,155.901486485736,0,0,0,0,0,0,0,191.519780382943,0,71.5579325720569,0,0,0,0
0,169.742003380707,0,0,0,0,0,0,0,0,0,206.472608421747,0,0,0,0,0,0,0,0,0,0,0,0,0,0,0,104.369974912428,0,0,0,227.504408813069,0,0,188.936291522747,0,0,0,0,0,0
0,0,0,0,0,0,71.4788760670054,0,134.960780198024,240.185081663983,0,0,106.533627130087,0,0,0,0,0,0,0,0,0,0,158.955087279859,0,238.934743274142,111.226326353722,135.294330067913,0,0,0,0,0,190.185165668632,321.864157986053,0,146.99041817625,153.453047983244,0,96.5937438588657,0
0,70.4221432298295,0,0,0,0,0,205.183249704085,0,0,0,0,0,0,0,0,128.530575464043,0,0,111.435629183184,0,0,204.084074037941,141.204637091722,99.2646516363145,0,0,218.045528847001,0,0,103.519938150021,0,0,193.777661225572,0,199.492852797962,82.6299537488922,219.430938885781,0,142.054529471577,0
0,0,0,0,0,0,0,151.075371308616,0,300.031143529538,0,180.90030328818,0,252.487290983309,0,0,0,0,0,212.592150359921,98.6790043377568,0,0,131.969743415579,0,195.378266313867,146.465927798921,112.349934713559,0,0,0,0,0,0,194.442125915551,0,306.344527664232,0,0,242.790381480436,249.798812580765
101.350815329073,0,0,71.4788760670054,0,0,0,0,0,181.316358113209,0,0,0,97.3232815600345,0,0,0,0,259.442917595754,142.385058730083,0,0,0,0,0,0,0,192.601533877686,115.194491798135,0,0,151.036729364761,0,0,73.1029054543569,0,228.792310020318,0,0,58.3493451392805,101.443495235174
0,0,0,0,205.183249704085,151.075371308616,0,0,0,97.5855511246009,0,0,116.054372245433,62.859596780235,153.609372090384,0,0,0,0,0,0,0,160.537522273714,99.3508940827211,0,0,0,167.066576495979,0,276.620869034647,0,0,0,329.719143597451,80.4367166559625,154.142998692322,137.239127032733,101.85207633558,0,89.9429017381717,0
0,209.996727521564,0,134.960780198024,0,0,0,0,0,250.461724766314,0,0,0,0,0,0,0,0,0,178.683678585178,0,0,0,202.712457066107,0,0,0,283.248188884028,164.032723165762,0,0,0,0,0,0,150.161410108805,173.059382066957,200.878319874537,0,0,115.114253591495
0,0,0,240.185081663983,0,300.031143529538,181.316358113209,97.5855511246009,250.461724766314,0,119.345624434514,94.9380989123498,0,0,0,155.24952173131,0,0,0,283.88658203332,0,0,0,113.144980278377,0,0,217.157696745803,247.66948903751,128.846764897717,0,168.241326865882,0,0,173.001559092555,0,0,215.611029055736,0,115.332064605654,261.440278806413,0
0,0,0,0,0,0,0,0,0,119.345624434514,0,85.6072705949986,0,0,180.355266595273,162.833808134102,138.33942793804,115.541295036174,0,0,78.8552325762656,0,0,320.356811100276,0,174.013630695256,280.376028997576,0,140.574866691684,241.635434294794,0,0,0,139.654362654449,0,226.825099357786,146.770754374523,0,0,0,171.230058197369
0,122.106946855269,206.472608421747,0,0,180.90030328818,0,0,0,94.9380989123498,85.6072705949986,0,0,0,0,0,0,0,0,196.032358954952,195.314816908693,74.7304794244225,0,0,0,101.605593487621,198.528111506785,187.77054666536,133.984214699576,0,172.608400267715,0,0,161.275817184598,74.4197823064597,261.605527103798,117.208001126138,192.135034768848,114.511014214502,249.905610015455,205.09013266389
0,0,0,106.533627130087,0,0,0,116.054372245433,0,0,0,0,0,0,0,0,0,0,0,0,0,0,0,154.065933476765,97.3506957544063,0,0,357.423078228283,0,0,0,0,0,0,0,0,85.7623170715703,0,0,0,0
0,0,0,0,0,252.487290983309,97.3232815600345,62.859596780235,0,0,0,0,0,0,109.093416850988,163.945208919892,0,0,165.893015276821,0,101.895308036513,0,95.7590805983148,0,0,0,0,80.8080171296381,204.481117647118,0,0,0,0,309.997227542691,0,0,154.784755881607,314.611698427915,0,0,92.5207898118833
0,0,0,0,0,0,0,153.609372090384,0,0,180.355266595273,0,0,109.093416850988,0,0,0,106.33736463831,94.7529894315991,0,0,0,0,0,0,0,323.781250289068,197.893790332676,0,0,0,0,0,353.822894641502,0,0,163.059043292369,186.973586461633,0,124.698445421759,119.728129215699
0,0,0,0,0,0,0,0,0,155.24952173131,162.833808134102,0,0,163.945208919892,0,0,0,0,0,0,0,0,165.597665022977,0,0,0,0,145.74089716123,224.523755099568,0,0,0,0,0,137.189596148386,338.131802716296,0,161.694997919804,125.81518738273,0,220.901129804706
0,0,0,0,128.530575464043,0,0,0,0,0,138.33942793804,0,0,0,0,0,0,0,0,0,0,0,153.672550905948,0,0,151.806152521152,0,0,232.945974238958,0,0,0,0,0,289.631679007608,0,178.748963182352,213.67670887414,0,115.871357769661,106.926813611922
0,0,0,0,0,0,0,0,0,0,115.541295036174,0,0,0,106.33736463831,0,0,0,0,90.1317194604647,0,0,0,219.040656038919,0,0,0,94.8881692391942,0,224.551207449728,0,0,0,325.937289045041,220.963068032256,0,0,0,0,104.915316975638,0
0,0,0,0,0,0,259.442917595754,0,0,0,0,0,0,165.893015276821,94.7529894315991,0,0,0,0,0,0,0,0,0,0,192.693757128262,125.416941482916,269.936825670274,179.718364159796,221.805809452716,0,0,0,116.176698124939,0,0,262.382215657622,0,0,115.868441404982,81.9664354533492
0,0,0,0,111.435629183184,212.592150359921,142.385058730083,0,178.683678585178,283.88658203332,0,196.032358954952,0,0,0,0,0,90.1317194604647,0,0,197.486504603685,93.4234866874731,0,90.7216186966914,0,0,93.5029580098427,348.674510760064,154.070293657878,0,0,0,0,0,0,171.906398392157,0,306.640284138334,259.055025639447,112.793316814908,0
0,0,0,0,0,98.6790043377568,0,0,0,0,78.8552325762656,195.314816908693,0,101.895308036513,0,0,0,0,0,197.486504603685,0,0,89.1590885155172,143.005810983322,0,94.126460729827,0,0,0,0,0,0,0,335.371040201042,0,98.2230592632363,0,75.4497121078207,0,345.797434674459,62.311273509377
0,0,0,0,0,0,0,0,0,0,0,74.7304794244225,0,0,0,0,0,0,0,93.4234866874731,0,0,0,0,0,0,172.892533368851,82.6426202489162,81.2827395071039,0,0,0,0,0,61.0664810463559,0,125.994729980093,0,0,101.5853655613,0
110.384905066973,0,0,0,204.084074037941,0,0,160.537522273714,0,0,0,0,0,95.7590805983148,0,165.597665022977,153.672550905948,0,0,0,89.1590885155172,0,0,0,0,134.566479261133,0,161.74915061469,160.530221557972,201.44584889478,0,0,0,108.381749703452,106.128596538706,0,161.302948562323,0,0,133.218162784108,0
0,0,0,158.955087279859,141.204637091722,131.969743415579,0,99.3508940827211,202.712457066107,113.144980278377,320.356811100276,0,154.065933476765,0,0,0,0,219.040656038919,0,90.7216186966914,143.005810983322,0,0,0,96.7845769653343,241.682021696872,0,0,120.567029282014,0,73.4795582048751,0,0,124.853650664477,0,0,66.5008477853491,0,0,100.812745974529,82.4756938751058
0,0,0,0,99.2646516363145,0,0,0,0,0,0,0,97.3506957544063,0,0,0,0,0,0,0,0,0,0,96.7845769653343,0,0,173.201474590904,0,0,135.667029391615,0,0,0,0,108.136066660554,193.63278243493,169.453147353278,0,284.529238481835,0,157.852515740516
175.196329314064,0,0,238.934743274142,0,195.378266313867,0,0,0,0,174.013630695256,101.605593487621,0,0,0,0,151.806152521152,0,192.693757128262,0,94.126460729827,0,134.566479261133,241.682021696872,0,0,136.685314494491,201.100640800745,236.681907140956,82.1742780037132,178.224497384947,0,0,120.912756812582,231.715271819474,251.098274723989,0,0,193.055010680236,112.823430872325,0
94.7280504127031,155.901486485736,0,111.226326353722,0,146.465927798921,0,0,0,217.157696745803,280.376028997576,198.528111506785,0,0,323.781250289068,0,0,0,125.416941482916,93.5029580098427,0,172.892533368851,0,0,173.201474590904,136.685314494491,0,188.851177466023,0,0,0,0,0,0,161.325017232684,114.649126378906,128.405764333981,206.912707094411,98.417953423071,0,321.124897279917
0,0,104.369974912428,135.294330067913,218.045528847001,112.349934713559,192.601533877686,167.066576495979,283.248188884028,247.66948903751,0,187.77054666536,357.423078228283,80.8080171296381,197.893790332676,145.74089716123,0,94.8881692391942,269.936825670274,348.674510760064,0,82.6426202489162,161.74915061469,0,0,201.100640800745,188.851177466023,0,184.249961885477,0,0,214.116367924649,228.075434767255,72.2278283150671,151.01089327964,0,241.57250333243,0,0,0,139.93285932648
0,0,0,0,0,0,115.194491798135,0,164.032723165762,128.846764897717,140.574866691684,133.984214699576,0,204.481117647118,0,224.523755099568,232.945974238958,0,179.718364159796,154.070293657878,0,81.2827395071039,160.530221557972,120.567029282014,0,236.681907140956,0,184.249961885477,0,0,0,0,208.005106191961,67.8267069095267,0,94.027247878695,0,146.814226519809,74.5815074003433,205.839960264176,0
0,0,0,0,0,0,0,276.620869034647,0,0,241.635434294794,0,0,0,0,0,0,224.551207449728,221.805809452716,0,0,0,201.44584889478,0,135.667029391615,82.1742780037132,0,0,0,0,0,0,0,177.763106506206,92.3502314520023,0,186.348837226466,0,0,0,198.964527389285
0,0,0,0,103.519938150021,0,0,0,0,168.241326865882,0,172.608400267715,0,0,0,0,0,0,0,0,0,0,0,73.4795582048751,0,178.224497384947,0,0,0,0,0,0,0,193.659409924573,0,0,0,0,0,0,0
0,0,227.504408813069,0,0,0,151.036729364761,0,0,0,0,0,0,0,0,0,0,0,0,0,0,0,0,0,0,0,0,214.116367924649,0,0,0,0,137.177378802006,151.695570509541,159.183173818572,211.840482897052,173.538155409849,76.5072790361762,138.425725342224,158.567996645797,0
0,0,0,0,0,0,0,0,0,0,0,0,0,0,0,0,0,0,0,0,0,0,0,0,0,0,0,228.075434767255,208.005106191961,0,0,137.177378802006,0,303.527509149359,0,118.522099274347,0,0,0,0,0
0,0,0,190.185165668632,193.777661225572,0,0,329.719143597451,0,173.001559092555,139.654362654449,161.275817184598,0,309.997227542691,353.822894641502,0,0,325.937289045041,116.176698124939,0,335.371040201042,0,108.381749703452,124.853650664477,0,120.912756812582,0,72.2278283150671,67.8267069095267,177.763106506206,193.659409924573,151.695570509541,303.527509149359,0,180.543851962045,139.792601838991,255.441154257905,263.534399241887,113.059176128709,225.013371621378,0
89.3673883748406,191.519780382943,188.936291522747,321.864157986053,0,194.442125915551,73.1029054543569,80.4367166559625,0,0,0,74.4197823064597,0,0,0,137.189596148386,289.631679007608,220.963068032256,0,0,0,61.0664810463559,106.128596538706,0,108.136066660554,231.715271819474,161.325017232684,151.01089327964,0,92.3502314520023,0,159.183173818572,0,180.543851962045,0,0,84.3635741045246,223.705816669619,196.04190773555,153.876396855887,231.050882209
0,0,0,0,199.492852797962,0,0,154.142998692322,150.161410108805,0,226.825099357786,261.605527103798,0,0,0,338.131802716296,0,0,0,171.906398392157,98.2230592632363,0,0,0,193.63278243493,251.098274723989,114.649126378906,0,94.027247878695,0,0,211.840482897052,118.522099274347,139.792601838991,0,0,136.792307586862,333.645516435298,253.401634605989,0,195.822649557859
0,71.5579325720569,0,146.99041817625,82.6299537488922,306.344527664232,228.792310020318,137.239127032733,173.059382066957,215.611029055736,146.770754374523,117.208001126138,85.7623170715703,154.784755881607,163.059043292369,0,178.748963182352,0,262.382215657622,0,0,125.994729980093,161.302948562323,66.5008477853491,169.453147353278,0,128.405764333981,241.57250333243,0,186.348837226466,0,173.538155409849,0,255.441154257905,84.3635741045246,136.792307586862,0,222.053792850439,87.8456058929559,78.9559315574845,347.376449530863
0,0,0,153.453047983244,219.430938885781,0,0,101.85207633558,200.878319874537,0,0,192.135034768848,0,314.611698427915,186.973586461633,161.694997919804,213.67670887414,0,0,306.640284138334,75.4497121078207,0,0,0,0,0,206.912707094411,0,146.814226519809,0,0,76.5072790361762,0,263.534399241887,223.705816669619,333.645516435298,222.053792850439,0,0,148.808626413748,183.786860782462
219.078548227669,0,0,0,0,0,0,0,0,115.332064605654,0,114.511014214502,0,0,0,125.81518738273,0,0,0,259.055025639447,0,0,0,0,284.529238481835,193.055010680236,98.417953423071,0,74.5815074003433,0,0,138.425725342224,0,113.059176128709,196.04190773555,253.401634605989,87.8456058929559,0,0,89.707245288964,0
0,0,0,96.5937438588657,142.054529471577,242.790381480436,58.3493451392805,89.9429017381717,0,261.440278806413,0,249.905610015455,0,0,124.698445421759,0,115.871357769661,104.915316975638,115.868441404982,112.793316814908,345.797434674459,101.5853655613,133.218162784108,100.812745974529,0,112.823430872325,0,0,205.839960264176,0,0,158.567996645797,0,225.013371621378,153.876396855887,0,78.9559315574845,148.808626413748,89.707245288964,0,92.5568465385234
0,0,0,0,0,249.798812580765,101.443495235174,0,115.114253591495,0,171.230058197369,205.09013266389,0,92.5207898118833,119.728129215699,220.901129804706,106.926813611922,0,81.9664354533492,0,62.311273509377,0,0,82.4756938751058,157.852515740516,0,321.124897279917,139.93285932648,0,198.964527389285,0,0,0,0,231.050882209,195.822649557859,347.376449530863,183.786860782462,0,92.5568465385234,0
