0,0,0,0,0,0,0,0,0,0,0,93.5029580098427,0,0,0,0,0,0,120.912756812582,0,0,76.5072790361762,0,0,0,0,231.050882209,0,0,0,0,0,0,0,0,0,94.9380989123498,0,0,137.189596148386,0
0,0,0,0,119.728129215699,0,0,0,0,0,0,0,0,0,0,0,0,0,0,0,94.7529894315991,0,0,101.443495235174,0,0,0,0,0,0,0,0,0,0,0,0,213.67670887414,205.09013266389,0,200.878319874537,199.492852797962
0,0,0,0,58.3493451392805,0,0,0,226.825099357786,0,0,0,0,0,0,0,0,0,0,0,0,0,0,0,0,0,0,269.936825670274,0,0,0,0,0,0,0,0,0,242.790381480436,0,84.3635741045246,0
0,0,0,0,0,0,0,153.876396855887,139.792601838991,236.681907140956,0,0,0,0,0,0,0,0,0,0,0,0,133.218162784108,78.8552325762656,0,119.345624434514,0,82.1742780037132,0,161.302948562323,0,173.538155409849,0,139.93285932648,0,221.805809452716,98.417953423071,0,0,0,191.519780382943
0,119.728129215699,58.3493451392805,0,0,0,0,0,0,0,0,0,153.609372090384,0,0,163.059043292369,0,0,0,0,0,0,0,82.6426202489162,215.611029055736,178.748963182352,173.001559092555,145.74089716123,0,112.823430872325,0,0,0,181.316358113209,208.005106191961,0,194.442125915551,0,0,253.401634605989,0
0,0,0,0,0,0,0,0,0,0,198.528111506785,0,0,155.901486485736,0,180.355266595273,0,0,0,0,0,0,309.997227542691,0,137.239127032733,178.224497384947,0,71.5579325720569,0,0,0,0,241.57250333243,0,151.695570509541,357.423078228283,97.3506957544063,196.04190773555,0,228.075434767255,92.5207898118833
0,0,0,0,0,0,0,0,0,106.533627130087,195.314816908693,67.8267069095267,0,314.611698427915,0,178.683678585178,0,0,0,146.814226519809,0,255.441154257905,0,0,74.4197823064597,0,0,241.682021696872,116.054372245433,0,0,0,0,180.543851962045,0,0,224.523755099568,0,0,161.275817184598,0
0,0,0,153.876396855887,0,0,0,0,0,180.90030328818,0,204.084074037941,0,0,0,0,0,196.032358954952,0,128.530575464043,80.4367166559625,198.964527389285,62.859596780235,241.635434294794,0,0,0,0,160.530221557972,0,0,0,0,193.055010680236,0,201.44584889478,0,71.4788760670054,280.376028997576,89.707245288964,98.2230592632363
0,0,226.825099357786,139.792601838991,0,0,0,0,0,0,150.161410108805,108.381749703452,0,0,0,0,151.075371308616,0,0,0,0,0,0,276.620869034647,0,0,0,0,0,0,0,100.812745974529,0,0,114.511014214502,0,0,201.100640800745,0,97.5855511246009,151.806152521152
0,0,0,236.681907140956,0,0,106.533627130087,180.90030328818,0,0,138.425725342224,0,98.6790043377568,300.031143529538,0,0,0,153.453047983244,0,146.465927798921,0,0,159.183173818572,0,0,0,167.066576495979,154.142998692322,192.693757128262,0,0,73.1029054543569,0,0,212.592150359921,0,333.645516435298,206.912707094411,142.054529471577,0,135.667029391615
0,0,0,0,0,198.528111506785,195.314816908693,0,150.161410108805,138.425725342224,0,0,0,74.7304794244225,228.792310020318,0,192.135034768848,0,0,259.055025639447,0,0,0,0,0,136.792307586862,160.537522273714,171.906398392157,345.797434674459,0,0,0,0,0,141.204637091722,0,0,151.036729364761,219.040656038919,89.1590885155172,0
93.5029580098427,0,0,0,0,0,67.8267069095267,204.084074037941,108.381749703452,0,0,0,0,158.567996645797,106.33736463831,323.781250289068,0,0,329.719143597451,193.63278243493,115.194491798135,193.777661225572,0,0,85.7623170715703,146.99041817625,110.384905066973,81.9664354533492,0,0,0,122.106946855269,0,250.461724766314,111.435629183184,0,186.973586461633,0,202.712457066107,0,259.442917595754
0,0,0,0,153.609372090384,0,0,0,0,98.6790043377568,0,0,0,0,195.378266313867,0,0,0,108.136066660554,0,284.529238481835,0,0,0,0,0,0,0,0,0,0,0,0,0,0,0,0,0,0,249.798812580765,0
0,0,0,0,0,155.901486485736,314.611698427915,0,0,300.031143529538,74.7304794244225,158.567996645797,0,0,0,0,0,0,231.715271819474,0,80.8080171296381,0,0,0,0,0,193.659409924573,82.6299537488922,172.608400267715,0,0,0,0,106.128596538706,0,173.059382066957,137.177378802006,0,0,0,146.770754374523
0,0,0,0,0,0,0,0,0,0,228.792310020318,106.33736463831,195.378266313867,0,0,0,61.0664810463559,0,0,0,97.3232815600345,0,0,0,0,0,75.4497121078207,0,0,0,0,0,128.846764897717,321.124897279917,154.784755881607,154.065933476765,140.574866691684,0,0,99.2646516363145,0
0,0,0,0,163.059043292369,180.355266595273,178.683678585178,0,0,0,0,323.781250289068,0,0,0,0,0,0,0,0,0,0,0,0,0,101.85207633558,0,112.349934713559,0,0,0,0,0,113.144980278377,125.81518738273,0,116.176698124939,113.059176128709,0,0,92.5568465385234
0,0,0,0,0,0,0,0,151.075371308616,0,192.135034768848,0,0,0,61.0664810463559,0,0,173.201474590904,0,158.955087279859,0,0,0,0,0,0,0,93.4234866874731,92.3502314520023,169.453147353278,0,0,0,0,90.7216186966914,0,238.934743274142,0,0,0,0
0,0,0,0,0,0,0,196.032358954952,0,153.453047983244,0,0,0,0,0,0,173.201474590904,0,0,0,0,0,0,179.718364159796,0,0,0,115.114253591495,0,0,0,165.597665022977,0,164.032723165762,225.013371621378,0,0,0,197.893790332676,0,0
120.912756812582,0,0,0,0,0,0,0,0,0,0,329.719143597451,108.136066660554,231.715271819474,0,0,0,0,0,0,0,0,165.893015276821,0,0,0,0,261.440278806413,125.994729980093,0,0,209.996727521564,0,104.915316975638,306.640284138334,0,211.840482897052,0,184.249961885477,0,0
0,0,0,0,0,0,146.814226519809,128.530575464043,0,146.465927798921,259.055025639447,193.63278243493,0,0,0,0,158.955087279859,0,0,0,0,0,0,205.183249704085,62.311273509377,247.66948903751,94.8881692391942,338.131802716296,335.371040201042,115.541295036174,0,0,0,134.566479261133,94.027247878695,0,0,220.901129804706,0,138.33942793804,0
0,94.7529894315991,0,0,0,0,0,80.4367166559625,0,0,0,115.194491798135,284.529238481835,80.8080171296381,97.3232815600345,0,0,0,0,0,0,0,168.241326865882,0,0,0,117.208001126138,186.348837226466,0,0,0,0,0,0,106.926813611922,223.705816669619,0,0,0,151.01089327964,89.3673883748406
76.5072790361762,0,0,0,0,0,255.441154257905,198.964527389285,0,0,0,193.777661225572,0,0,0,0,0,0,0,0,0,0,0,0,0,0,0,125.416941482916,0,0,0,0,0,214.116367924649,0,0,162.833808134102,136.685314494491,0,0,0
0,0,0,133.218162784108,0,309.997227542691,0,62.859596780235,0,159.183173818572,0,0,0,0,0,0,0,0,165.893015276821,0,168.241326865882,0,0,171.230058197369,0,348.674510760064,0,217.157696745803,131.969743415579,0,0,0,0,261.605527103798,188.936291522747,249.905610015455,222.053792850439,0,325.937289045041,0,0
0,101.443495235174,0,78.8552325762656,82.6426202489162,0,0,241.635434294794,276.620869034647,0,0,0,0,0,0,0,0,179.718364159796,0,205.183249704085,0,0,171.230058197369,0,73.4795582048751,85.6072705949986,0,0,114.649126378906,192.601533877686,197.486504603685,0,0,96.5937438588657,263.534399241887,306.344527664232,169.742003380707,94.126460729827,0,0,78.9559315574845
0,0,0,0,215.611029055736,137.239127032733,74.4197823064597,0,0,0,0,85.7623170715703,0,0,0,0,0,0,0,62.311273509377,0,0,0,73.4795582048751,0,0,0,101.605593487621,0,0,0,0,0,128.405764333981,0,205.839960264176,0,0,0,262.382215657622,0
0,0,0,119.345624434514,178.748963182352,178.224497384947,0,0,0,0,136.792307586862,146.99041817625,0,0,0,101.85207633558,0,0,0,247.66948903751,0,0,348.674510760064,85.6072705949986,0,0,0,303.527509149359,188.851177466023,109.093416850988,0,0,0,240.185081663983,251.098274723989,347.376449530863,183.786860782462,153.672550905948,142.385058730083,174.013630695256,134.960780198024
231.050882209,0,0,0,173.001559092555,0,0,0,0,167.066576495979,160.537522273714,110.384905066973,0,193.659409924573,75.4497121078207,0,0,0,0,94.8881692391942,117.208001126138,0,0,0,0,0,0,95.7590805983148,177.763106506206,115.871357769661,0,0,0,227.504408813069,124.853650664477,82.4756938751058,87.8456058929559,70.4221432298295,81.2827395071039,101.5853655613,218.045528847001
0,0,269.936825670274,82.1742780037132,145.74089716123,71.5579325720569,241.682021696872,0,0,154.142998692322,171.906398392157,81.9664354533492,0,82.6299537488922,0,112.349934713559,93.4234866874731,115.114253591495,261.440278806413,338.131802716296,186.348837226466,125.416941482916,217.157696745803,0,101.605593487621,303.527509149359,95.7590805983148,0,206.472608421747,0,0,157.852515740516,0,0,74.5815074003433,118.522099274347,161.325017232684,0,219.430938885781,111.226326353722,0
0,0,0,0,0,0,116.054372245433,160.530221557972,0,192.693757128262,345.797434674459,0,0,172.608400267715,0,0,92.3502314520023,0,125.994729980093,335.371040201042,0,0,131.969743415579,114.649126378906,0,188.851177466023,177.763106506206,206.472608421747,0,0,0,103.519938150021,72.2278283150671,0,101.895308036513,0,135.294330067913,94.7280504127031,283.248188884028,187.77054666536,320.356811100276
0,0,0,161.302948562323,112.823430872325,0,0,0,0,0,0,0,0,0,0,0,169.453147353278,0,0,115.541295036174,0,0,0,192.601533877686,0,109.093416850988,115.871357769661,0,0,0,0,99.3508940827211,0,161.74915061469,0,0,120.567029282014,0,0,0,155.24952173131
0,0,0,0,0,0,0,0,0,0,0,0,0,0,0,0,0,0,0,0,0,0,0,197.486504603685,0,0,0,0,0,0,0,0,0,66.5008477853491,0,289.631679007608,101.350815329073,0,0,154.070293657878,90.1317194604647
0,0,0,173.538155409849,0,0,0,0,100.812745974529,73.1029054543569,0,122.106946855269,0,0,0,0,0,165.597665022977,209.996727521564,0,0,0,0,0,0,0,0,157.852515740516,103.519938150021,99.3508940827211,0,0,0,0,0,232.945974238958,0,0,161.694997919804,0,0
0,0,0,0,0,241.57250333243,0,0,0,0,0,0,0,0,128.846764897717,0,0,0,0,0,0,0,0,0,0,0,0,0,72.2278283150671,0,0,0,0,0,190.185165668632,0,112.793316814908,0,0,0,0
0,0,0,139.93285932648,181.316358113209,0,180.543851962045,193.055010680236,0,0,0,250.461724766314,0,106.128596538706,321.124897279917,113.144980278377,0,164.032723165762,104.915316975638,134.566479261133,0,214.116367924649,261.605527103798,96.5937438588657,128.405764333981,240.185081663983,227.504408813069,0,0,161.74915061469,66.5008477853491,0,0,0,224.551207449728,353.822894641502,172.892533368851,204.481117647118,175.196329314064,219.078548227669,252.487290983309
0,0,0,0,208.005106191961,151.695570509541,0,0,114.511014214502,212.592150359921,141.204637091722,111.435629183184,0,0,154.784755881607,125.81518738273,90.7216186966914,225.013371621378,306.640284138334,94.027247878695,106.926813611922,0,188.936291522747,263.534399241887,0,251.098274723989,124.853650664477,74.5815074003433,101.895308036513,0,0,0,190.185165668632,224.551207449728,0,0,96.7845769653343,220.963068032256,0,104.369974912428,195.822649557859
0,0,0,221.805809452716,0,357.423078228283,0,201.44584889478,0,0,0,0,0,173.059382066957,154.065933476765,0,0,0,0,0,223.705816669619,0,249.905610015455,306.344527664232,205.839960264176,347.376449530863,82.4756938751058,118.522099274347,0,0,289.631679007608,232.945974238958,0,353.822894641502,0,0,283.88658203332,143.005810983322,124.698445421759,321.864157986053,0
94.9380989123498,213.67670887414,0,98.417953423071,194.442125915551,97.3506957544063,224.523755099568,0,0,333.645516435298,0,186.973586461633,0,137.177378802006,140.574866691684,116.176698124939,238.934743274142,0,211.840482897052,0,0,162.833808134102,222.053792850439,169.742003380707,0,183.786860782462,87.8456058929559,161.325017232684,135.294330067913,120.567029282014,101.350815329073,0,112.793316814908,172.892533368851,96.7845769653343,283.88658203332,0,139.654362654449,115.868441404982,115.332064605654,148.808626413748
0,205.09013266389,242.790381480436,0,0,196.04190773555,0,71.4788760670054,201.100640800745,206.912707094411,151.036729364761,0,0,0,0,113.059176128709,0,0,0,220.901129804706,0,136.685314494491,0,94.126460729827,0,153.672550905948,70.4221432298295,0,94.7280504127031,0,0,0,0,204.481117647118,220.963068032256,143.005810983322,139.654362654449,0,0,133.984214699576,163.945208919892
0,0,0,0,0,0,0,280.376028997576,0,142.054529471577,219.040656038919,202.712457066107,0,0,0,0,0,197.893790332676,184.249961885477,0,0,0,325.937289045041,0,0,142.385058730083,81.2827395071039,219.430938885781,283.248188884028,0,0,161.694997919804,0,175.196329314064,0,124.698445421759,115.868441404982,0,0,0,0
137.189596148386,200.878319874537,84.3635741045246,0,253.401634605989,228.075434767255,161.275817184598,89.707245288964,97.5855511246009,0,89.1590885155172,0,249.798812580765,0,99.2646516363145,0,0,0,0,138.33942793804,151.01089327964,0,0,0,262.382215657622,174.013630695256,101.5853655613,111.226326353722,187.77054666536,0,154.070293657878,0,0,219.078548227669,104.369974912428,321.864157986053,115.332064605654,133.984214699576,0,0,89.9429017381717
0,199.492852797962,0,191.519780382943,0,92.5207898118833,0,98.2230592632363,151.806152521152,135.667029391615,0,259.442917595754,0,146.770754374523,0,92.5568465385234,0,0,0,0,89.3673883748406,0,0,78.9559315574845,0,134.960780198024,218.045528847001,0,320.356811100276,155.24952173131,90.1317194604647,0,0,252.487290983309,195.822649557859,0,148.808626413748,163.945208919892,0,89.9429017381717,0
