0,0,0,0,0,0,0,134.566479261133,0,0,0,115.541295036174,0,0,0,0,0,0,0,0,0,0,106.926813611922,0,0,197.486504603685,0,95.7590805983148,0,0,0,0,0,0,227.504408813069,0,0,0,0,0,0
0,0,0,0,0,0,0,0,169.453147353278,0,0,0,0,0,0,0,0,0,0,128.530575464043,0,0,0,0,0,0,167.066576495979,0,0,0,0,0,0,150.161410108805,0,71.4788760670054,220.901129804706,99.3508940827211,0,0,0
0,0,0,146.770754374523,0,172.892533368851,0,0,0,263.534399241887,0,0,0,0,0,0,0,0,0,0,0,0,0,0,0,0,0,0,0,0,0,0,0,0,0,206.912707094411,0,0,177.763106506206,0,0
0,0,146.770754374523,0,0,0,153.453047983244,0,347.376449530863,0,0,112.823430872325,0,0,0,0,0,0,0,191.519780382943,180.543851962045,0,158.567996645797,0,0,0,0,276.620869034647,125.416941482916,0,0,0,0,140.574866691684,89.707245288964,0,0,74.7304794244225,0,0,183.786860782462
0,0,0,0,0,0,208.005106191961,303.527509149359,0,97.3232815600345,0,0,0,215.611029055736,62.311273509377,0,0,0,0,0,204.481117647118,0,93.5029580098427,0,0,0,125.994729980093,250.461724766314,0,0,0,0,300.031143529538,224.551207449728,0,0,0,0,89.1590885155172,181.316358113209,82.6299537488922
0,0,172.892533368851,0,0,0,131.969743415579,0,0,0,212.592150359921,0,101.5853655613,0,0,115.194491798135,0,0,0,0,247.66948903751,0,0,0,219.078548227669,76.5072790361762,0,0,81.9664354533492,0,0,0,0,261.605527103798,192.135034768848,0,90.1317194604647,0,0,139.654362654449,96.5937438588657
0,0,0,153.453047983244,208.005106191961,131.969743415579,0,0,0,0,0,112.349934713559,0,0,0,0,0,0,0,0,0,0,0,103.519938150021,0,0,0,236.681907140956,78.8552325762656,0,165.893015276821,0,0,306.344527664232,136.685314494491,0,0,348.674510760064,0,153.609372090384,110.384905066973
134.566479261133,0,0,0,303.527509149359,0,0,0,0,81.2827395071039,106.128596538706,153.672550905948,0,0,0,0,0,0,0,0,0,241.57250333243,0,0,0,94.7529894315991,115.868441404982,94.8881692391942,99.2646516363145,205.839960264176,0,0,0,137.239127032733,162.833808134102,114.649126378906,139.93285932648,0,0,0,163.945208919892
0,169.453147353278,0,347.376449530863,0,0,0,0,0,0,0,0,0,0,0,0,0,0,0,0,0,0,0,82.4756938751058,70.4221432298295,0,109.093416850988,219.430938885781,0,0,0,0,0,196.032358954952,0,0,155.24952173131,228.075434767255,0,74.4197823064597,89.9429017381717
0,0,263.534399241887,0,97.3232815600345,0,0,81.2827395071039,0,0,0,221.805809452716,73.4795582048751,0,0,94.027247878695,0,0,0,0,0,112.793316814908,192.693757128262,188.851177466023,0,101.350815329073,160.537522273714,200.878319874537,0,186.973586461633,0,0,0,0,0,90.7216186966914,106.533627130087,151.01089327964,0,201.44584889478,143.005810983322
0,0,0,0,0,212.592150359921,0,106.128596538706,0,0,0,160.530221557972,0,253.401634605989,0,0,0,0,0,161.275817184598,0,0,108.381749703452,0,0,172.608400267715,209.996727521564,0,0,0,0,154.070293657878,0,284.529238481835,259.442917595754,122.106946855269,0,92.5207898118833,187.77054666536,137.177378802006,193.055010680236
115.541295036174,0,0,112.823430872325,0,0,112.349934713559,153.672550905948,0,221.805809452716,160.530221557972,0,0,0,252.487290983309,0,0,0,0,145.74089716123,108.136066660554,119.345624434514,0,118.522099274347,0,154.065933476765,205.09013266389,168.241326865882,0,0,66.5008477853491,148.808626413748,0,135.294330067913,218.045528847001,193.659409924573,0,0,0,133.984214699576,213.67670887414
0,0,0,0,0,101.5853655613,0,0,0,73.4795582048751,0,0,0,151.695570509541,0,0,0,0,0,0,0,0,0,0,0,0,0,0,0,0,0,0,0,0,0,180.355266595273,219.040656038919,0,0,0,124.853650664477
0,0,0,0,215.611029055736,0,0,0,0,0,253.401634605989,0,151.695570509541,0,0,0,0,0,0,194.442125915551,0,0,0,0,0,178.748963182352,138.33942793804,174.013630695256,0,0,0,0,85.6072705949986,199.492852797962,171.230058197369,179.718364159796,111.435629183184,0,193.63278243493,283.88658203332,0
0,0,0,0,62.311273509377,0,0,0,0,0,0,252.487290983309,0,0,0,0,0,0,161.694997919804,94.7280504127031,0,0,0,0,0,159.183173818572,323.781250289068,113.144980278377,158.955087279859,0,0,0,0,94.9380989123498,124.698445421759,0,116.176698124939,0,0,0,205.183249704085
0,0,0,0,0,115.194491798135,0,0,0,94.027247878695,0,0,0,0,0,0,0,0,0,0,0,0,0,0,97.3506957544063,0,0,0,0,0,0,241.635434294794,0,120.912756812582,151.806152521152,114.511014214502,193.777661225572,169.742003380707,0,138.425725342224,211.840482897052
0,0,0,0,0,0,0,0,0,0,0,0,0,0,0,0,0,0,0,0,0,0,58.3493451392805,0,0,333.645516435298,0,141.204637091722,71.5579325720569,0,0,0,0,238.934743274142,335.371040201042,0,139.792601838991,0,146.814226519809,186.348837226466,184.249961885477
0,0,0,0,0,0,0,0,0,0,0,0,0,0,0,0,0,0,0,0,117.208001126138,0,0,225.013371621378,0,251.098274723989,226.825099357786,0,0,0,0,0,0,0,175.196329314064,0,106.33736463831,202.712457066107,92.5568465385234,0,92.3502314520023
0,0,0,0,0,0,0,0,0,0,0,0,0,0,161.694997919804,0,0,0,0,217.157696745803,0,0,173.059382066957,0,142.054529471577,0,104.915316975638,82.1742780037132,84.3635741045246,82.6426202489162,0,115.114253591495,0,0,249.798812580765,0,115.871357769661,0,161.74915061469,0,0
0,128.530575464043,0,191.519780382943,0,0,0,0,0,0,161.275817184598,145.74089716123,0,194.442125915551,94.7280504127031,0,0,0,217.157696745803,0,0,0,0,113.059176128709,0,0,0,62.859596780235,80.8080171296381,0,0,89.3673883748406,0,0,97.5855511246009,195.314816908693,261.440278806413,142.385058730083,0,283.248188884028,101.443495235174
0,0,0,180.543851962045,204.481117647118,247.66948903751,0,0,0,0,0,108.136066660554,0,0,0,0,0,117.208001126138,0,0,0,269.936825670274,135.667029391615,0,0,0,0,0,188.936291522747,0,0,190.185165668632,0,0,262.382215657622,0,178.683678585178,101.85207633558,0,173.201474590904,0
0,0,0,0,0,0,0,241.57250333243,0,112.793316814908,0,119.345624434514,0,0,0,0,0,0,0,0,269.936825670274,0,0,0,0,0,0,78.9559315574845,0,214.116367924649,0,0,0,101.895308036513,0,0,0,0,0,320.356811100276,0
106.926813611922,0,0,158.567996645797,93.5029580098427,0,0,0,0,192.693757128262,108.381749703452,0,0,0,0,0,58.3493451392805,0,173.059382066957,0,135.667029391615,0,0,0,0,192.601533877686,0,180.90030328818,0,321.864157986053,0,0,120.567029282014,164.032723165762,0,0,0,321.124897279917,0,309.997227542691,0
0,0,0,0,0,0,103.519938150021,0,82.4756938751058,188.851177466023,0,118.522099274347,0,0,0,0,0,225.013371621378,0,113.059176128709,0,0,0,0,0,100.812745974529,151.036729364761,240.185081663983,93.4234866874731,255.441154257905,133.218162784108,204.084074037941,0,85.7623170715703,0,314.611698427915,173.538155409849,0,220.963068032256,111.226326353722,98.2230592632363
0,0,0,0,0,219.078548227669,0,0,70.4221432298295,0,0,0,0,0,0,97.3506957544063,0,0,142.054529471577,0,0,0,0,0,0,0,206.472608421747,0,259.055025639447,0,0,165.597665022977,0,0,0,0,195.822649557859,128.405764333981,0,61.0664810463559,0
197.486504603685,0,0,0,0,76.5072790361762,0,94.7529894315991,0,101.350815329073,172.608400267715,154.065933476765,0,178.748963182352,159.183173818572,0,333.645516435298,251.098274723989,0,0,0,0,192.601533877686,100.812745974529,0,0,353.822894641502,161.325017232684,0,0,0,0,0,0,198.964527389285,72.2278283150671,98.6790043377568,306.640284138334,345.797434674459,0,231.050882209
0,167.066576495979,0,0,125.994729980093,0,0,115.868441404982,109.093416850988,160.537522273714,209.996727521564,205.09013266389,0,138.33942793804,323.781250289068,0,0,226.825099357786,104.915316975638,0,0,0,0,151.036729364761,206.472608421747,353.822894641502,0,222.053792850439,231.715271819474,0,0,0,0,228.792310020318,80.4367166559625,0,242.790381480436,0,0,151.075371308616,0
95.7590805983148,0,0,276.620869034647,250.461724766314,0,236.681907140956,94.8881692391942,219.430938885781,200.878319874537,0,168.241326865882,0,174.013630695256,113.144980278377,0,141.204637091722,0,82.1742780037132,62.859596780235,0,78.9559315574845,180.90030328818,240.185081663983,0,161.325017232684,222.053792850439,0,73.1029054543569,157.852515740516,116.054372245433,0,0,338.131802716296,0,178.224497384947,329.719143597451,115.332064605654,104.369974912428,197.893790332676,0
0,0,0,125.416941482916,0,81.9664354533492,78.8552325762656,99.2646516363145,0,0,0,0,0,0,158.955087279859,0,71.5579325720569,0,84.3635741045246,80.8080171296381,188.936291522747,0,0,93.4234866874731,259.055025639447,0,231.715271819474,73.1029054543569,0,0,0,0,224.523755099568,136.792307586862,280.376028997576,241.682021696872,289.631679007608,0,198.528111506785,146.99041817625,96.7845769653343
0,0,0,0,0,0,0,205.839960264176,0,186.973586461633,0,0,0,0,0,0,0,0,82.6426202489162,0,0,214.116367924649,321.864157986053,255.441154257905,0,0,0,157.852515740516,0,0,0,196.04190773555,0,171.906398392157,0,0,98.417953423071,195.378266313867,0,0,0
0,0,0,0,0,0,165.893015276821,0,0,0,0,66.5008477853491,0,0,0,0,0,0,0,0,0,0,0,133.218162784108,0,0,0,116.054372245433,0,0,0,0,0,0,0,0,94.126460729827,0,0,119.728129215699,0
0,0,0,0,0,0,0,0,0,0,154.070293657878,148.808626413748,0,0,0,241.635434294794,0,0,115.114253591495,89.3673883748406,190.185165668632,0,0,204.084074037941,165.597665022977,0,0,0,0,196.04190773555,0,0,0,0,74.5815074003433,0,161.302948562323,0,0,0,0
0,0,0,0,300.031143529538,0,0,0,0,0,0,0,0,85.6072705949986,0,0,0,0,0,0,0,0,120.567029282014,0,0,0,0,0,224.523755099568,0,0,0,0,0,0,0,223.705816669619,0,0,0,0
0,150.161410108805,0,140.574866691684,224.551207449728,261.605527103798,306.344527664232,137.239127032733,196.032358954952,0,284.529238481835,135.294330067913,0,199.492852797962,94.9380989123498,120.912756812582,238.934743274142,0,0,0,0,101.895308036513,164.032723165762,85.7623170715703,0,0,228.792310020318,338.131802716296,136.792307586862,171.906398392157,0,0,0,0,232.945974238958,75.4497121078207,173.001559092555,125.81518738273,249.905610015455,0,101.605593487621
227.504408813069,0,0,89.707245288964,0,192.135034768848,136.685314494491,162.833808134102,0,0,259.442917595754,218.045528847001,0,171.230058197369,124.698445421759,151.806152521152,335.371040201042,175.196329314064,249.798812580765,97.5855511246009,262.382215657622,0,0,0,0,198.964527389285,80.4367166559625,0,280.376028997576,0,0,74.5815074003433,0,232.945974238958,0,146.465927798921,153.876396855887,163.059043292369,0,154.784755881607,134.960780198024
0,71.4788760670054,206.912707094411,0,0,0,0,114.649126378906,0,90.7216186966914,122.106946855269,193.659409924573,180.355266595273,179.718364159796,0,114.511014214502,0,0,0,195.314816908693,0,0,0,314.611698427915,0,72.2278283150671,0,178.224497384947,241.682021696872,0,0,0,0,75.4497121078207,146.465927798921,0,128.846764897717,201.100640800745,87.8456058929559,0,0
0,220.901129804706,0,0,0,90.1317194604647,0,139.93285932648,155.24952173131,106.533627130087,0,0,219.040656038919,111.435629183184,116.176698124939,193.777661225572,139.792601838991,106.33736463831,115.871357769661,261.440278806413,178.683678585178,0,0,173.538155409849,195.822649557859,98.6790043377568,242.790381480436,329.719143597451,289.631679007608,98.417953423071,94.126460729827,161.302948562323,223.705816669619,173.001559092555,153.876396855887,128.846764897717,0,155.901486485736,357.423078228283,325.937289045041,0
0,99.3508940827211,0,74.7304794244225,0,0,348.674510760064,0,228.075434767255,151.01089327964,92.5207898118833,0,0,0,0,169.742003380707,0,202.712457066107,0,142.385058730083,101.85207633558,0,321.124897279917,0,128.405764333981,306.640284138334,0,115.332064605654,0,195.378266313867,0,0,0,125.81518738273,163.059043292369,201.100640800745,155.901486485736,0,0,67.8267069095267,0
0,0,177.763106506206,0,89.1590885155172,0,0,0,0,0,187.77054666536,0,0,193.63278243493,0,0,146.814226519809,92.5568465385234,161.74915061469,0,0,0,0,220.963068032256,0,345.797434674459,0,104.369974912428,198.528111506785,0,0,0,0,249.905610015455,0,87.8456058929559,357.423078228283,0,0,137.189596148386,0
0,0,0,0,181.316358113209,139.654362654449,153.609372090384,0,74.4197823064597,201.44584889478,137.177378802006,133.984214699576,0,283.88658203332,0,138.425725342224,186.348837226466,0,0,283.248188884028,173.201474590904,320.356811100276,309.997227542691,111.226326353722,61.0664810463559,0,151.075371308616,197.893790332676,146.99041817625,0,119.728129215699,0,0,0,154.784755881607,0,325.937289045041,67.8267069095267,137.189596148386,0,154.142998692322
0,0,0,183.786860782462,82.6299537488922,96.5937438588657,110.384905066973,163.945208919892,89.9429017381717,143.005810983322,193.055010680236,213.67670887414,124.853650664477,0,205.183249704085,211.840482897052,184.249961885477,92.3502314520023,0,101.443495235174,0,0,0,98.2230592632363,0,231.050882209,0,0,96.7845769653343,0,0,0,0,101.605593487621,134.960780198024,0,0,0,0,154.142998692322,0
