0,0,0,0,0,0,0,0,0,0,0,0,0,0,0,0,0,0,0,0,94.7529894315991,0,0,199.492852797962,0,188.851177466023,0,0,0,0,0,0,0,109.093416850988,0,112.349934713559,0,0,0,137.189596148386,0
0,0,0,250.461724766314,0,0,0,0,0,101.5853655613,0,0,0,97.5855511246009,0,0,0,0,0,0,0,0,0,101.350815329073,0,0,0,0,223.705816669619,0,0,0,0,0,0,155.901486485736,205.839960264176,0,0,0,0
0,0,0,0,0,0,0,0,0,0,0,0,0,0,0,0,0,252.487290983309,0,0,0,0,193.777661225572,0,0,325.937289045041,0,0,219.430938885781,0,0,0,0,0,0,0,0,113.059176128709,0,0,0
0,250.461724766314,0,0,0,0,0,0,0,0,98.2230592632363,226.825099357786,0,0,0,0,0,0,0,0,0,0,314.611698427915,0,0,115.194491798135,0,82.6426202489162,0,0,0,269.936825670274,184.249961885477,171.230058197369,0,191.519780382943,62.859596780235,249.798812580765,0,0,259.055025639447
0,0,0,0,0,0,0,0,0,227.504408813069,94.7280504127031,242.790381480436,0,300.031143529538,0,0,0,0,0,0,0,208.005106191961,128.846764897717,97.3506957544063,0,96.5937438588657,0,0,114.649126378906,0,0,0,0,111.226326353722,0,0,143.005810983322,0,220.963068032256,74.4197823064597,97.3232815600345
0,0,0,0,0,0,0,61.0664810463559,0,78.9559315574845,206.912707094411,0,112.823430872325,0,241.682021696872,0,0,0,0,151.806152521152,333.645516435298,0,262.382215657622,0,0,85.6072705949986,101.443495235174,0,139.654362654449,0,0,0,0,0,160.537522273714,0,100.812745974529,73.4795582048751,0,0,0
0,0,0,0,0,0,0,162.833808134102,0,0,0,0,0,0,321.864157986053,0,0,0,0,0,0,0,66.5008477853491,157.852515740516,0,222.053792850439,94.9380989123498,195.822649557859,0,0,0,306.640284138334,0,148.808626413748,0,153.453047983244,82.1742780037132,0,151.695570509541,81.9664354533492,0
0,0,0,0,0,61.0664810463559,162.833808134102,0,0,99.2646516363145,0,0,0,0,0,0,119.345624434514,0,320.356811100276,153.876396855887,0,0,0,0,0,224.551207449728,142.054529471577,335.371040201042,0,289.631679007608,193.659409924573,231.715271819474,0,196.04190773555,151.036729364761,0,193.63278243493,0,0,0,133.984214699576
0,0,0,0,0,0,0,0,0,0,180.543851962045,0,0,211.840482897052,263.534399241887,0,0,0,0,0,0,0,0,151.075371308616,98.417953423071,0,0,188.936291522747,0,0,0,0,0,219.078548227669,197.486504603685,0,67.8267069095267,0,158.567996645797,92.3502314520023,0
0,101.5853655613,0,0,227.504408813069,78.9559315574845,0,99.2646516363145,0,0,0,116.176698124939,0,0,0,106.33736463831,0,0,0,0,0,0,0,82.6299537488922,0,125.994729980093,241.635434294794,146.770754374523,214.116367924649,0,0,0,0,154.142998692322,255.441154257905,120.912756812582,113.144980278377,0,150.161410108805,142.385058730083,94.027247878695
0,0,0,98.2230592632363,94.7280504127031,206.912707094411,0,0,180.543851962045,0,0,119.728129215699,0,71.4788760670054,0,0,0,0,0,202.712457066107,106.533627130087,0,0,0,0,138.33942793804,0,177.763106506206,0,0,58.3493451392805,0,0,0,98.6790043377568,0,192.693757128262,179.718364159796,0,160.530221557972,180.355266595273
0,0,0,226.825099357786,242.790381480436,0,0,0,0,116.176698124939,119.728129215699,0,118.522099274347,0,205.183249704085,253.401634605989,112.793316814908,139.792601838991,0,104.915316975638,0,0,0,163.059043292369,0,0,161.275817184598,219.040656038919,0,0,115.868441404982,0,303.527509149359,0,284.529238481835,134.566479261133,154.065933476765,0,215.611029055736,161.325017232684,338.131802716296
0,0,0,0,0,112.823430872325,0,0,0,0,0,118.522099274347,0,0,0,0,0,0,0,0,0,0,0,201.44584889478,0,0,0,0,75.4497121078207,0,0,0,0,0,146.465927798921,224.523755099568,0,0,0,0,0
0,97.5855511246009,0,0,300.031143529538,0,0,0,211.840482897052,0,71.4788760670054,0,0,0,0,0,0,180.90030328818,323.781250289068,0,0,0,0,0,165.597665022977,0,0,0,0,161.694997919804,0,0,0,249.905610015455,165.893015276821,0,194.442125915551,115.541295036174,0,161.74915061469,171.906398392157
0,0,0,0,0,241.682021696872,321.864157986053,0,263.534399241887,0,0,205.183249704085,0,0,0,201.100640800745,0,0,225.013371621378,138.425725342224,0,0,0,0,0,0,173.001559092555,74.5815074003433,146.99041817625,0,0,0,0,0,204.481117647118,0,0,0,173.201474590904,0,0
0,0,0,0,0,0,0,0,0,106.33736463831,0,253.401634605989,0,0,201.100640800745,0,89.1590885155172,0,0,104.369974912428,198.964527389285,0,0,0,0,71.5579325720569,0,261.605527103798,137.239127032733,0,0,0,0,0,90.7216186966914,0,0,0,0,128.530575464043,0
0,0,0,0,0,0,0,119.345624434514,0,0,0,112.793316814908,0,0,0,89.1590885155172,0,0,0,0,329.719143597451,0,0,0,0,0,133.218162784108,115.332064605654,0,0,0,0,0,259.442917595754,206.472608421747,0,0,0,357.423078228283,84.3635741045246,0
0,0,252.487290983309,0,0,0,0,0,0,0,0,139.792601838991,0,180.90030328818,0,0,0,0,135.667029391615,0,0,0,0,0,0,0,0,0,106.926813611922,205.09013266389,0,0,0,0,238.934743274142,0,0,117.208001126138,0,261.440278806413,0
0,0,0,0,0,0,0,320.356811100276,0,0,0,0,0,323.781250289068,225.013371621378,0,0,135.667029391615,0,0,80.8080171296381,0,0,0,0,198.528111506785,125.81518738273,0,161.302948562323,0,0,0,0,0,74.7304794244225,0,159.183173818572,0,175.196329314064,164.032723165762,0
0,0,0,0,0,151.806152521152,0,153.876396855887,0,0,202.712457066107,104.915316975638,0,0,138.425725342224,104.369974912428,0,0,0,0,0,0,213.67670887414,70.4221432298295,187.77054666536,0,0,0,0,0,0,178.748963182352,0,169.453147353278,218.045528847001,115.114253591495,139.93285932648,134.960780198024,0,236.681907140956,345.797434674459
94.7529894315991,0,0,0,0,333.645516435298,0,0,0,0,106.533627130087,0,0,0,0,198.964527389285,329.719143597451,0,80.8080171296381,0,0,0,0,0,0,0,221.805809452716,137.177378802006,0,0,0,0,0,96.7845769653343,0,0,174.013630695256,228.075434767255,0,178.683678585178,124.853650664477
0,0,0,0,208.005106191961,0,0,0,0,0,0,0,0,0,0,0,0,0,0,0,0,0,0,0,0,0,111.435629183184,280.376028997576,0,116.054372245433,0,0,0,347.376449530863,0,0,178.224497384947,0,125.416941482916,0,251.098274723989
0,0,193.777661225572,314.611698427915,128.846764897717,262.382215657622,66.5008477853491,0,0,0,0,0,0,0,0,0,0,0,0,213.67670887414,0,0,0,0,0,0,153.609372090384,108.136066660554,114.511014214502,0,0,0,0,321.124897279917,0,151.01089327964,168.241326865882,220.901129804706,0,115.871357769661,103.519938150021
199.492852797962,101.350815329073,0,0,97.3506957544063,0,157.852515740516,0,151.075371308616,82.6299537488922,0,163.059043292369,201.44584889478,0,0,0,0,0,0,70.4221432298295,0,0,0,0,0,136.792307586862,0,136.685314494491,131.969743415579,0,0,240.185081663983,0,72.2278283150671,108.381749703452,0,173.059382066957,283.248188884028,0,200.878319874537,247.66948903751
0,0,0,0,0,0,0,0,98.417953423071,0,0,0,0,165.597665022977,0,0,0,0,0,187.77054666536,0,0,0,0,0,0,0,193.055010680236,0,172.892533368851,0,120.567029282014,0,0,135.294330067913,195.314816908693,0,0,0,80.4367166559625,140.574866691684
188.851177466023,0,325.937289045041,115.194491798135,96.5937438588657,85.6072705949986,222.053792850439,224.551207449728,0,125.994729980093,138.33942793804,0,0,0,0,71.5579325720569,0,0,198.528111506785,0,0,0,0,136.792307586862,0,0,217.157696745803,93.5029580098427,101.605593487621,110.384905066973,0,0,0,92.5568465385234,186.973586461633,0,0,209.996727521564,0,0,154.070293657878
0,0,0,0,0,101.443495235174,94.9380989123498,142.054529471577,0,241.635434294794,0,161.275817184598,0,0,173.001559092555,0,133.218162784108,0,125.81518738273,0,221.805809452716,111.435629183184,153.609372090384,0,0,217.157696745803,0,0,0,0,195.378266313867,0,0,183.786860782462,306.344527664232,228.792310020318,181.316358113209,0,309.997227542691,172.608400267715,212.592150359921
0,0,0,82.6426202489162,0,0,195.822649557859,335.371040201042,188.936291522747,146.770754374523,177.763106506206,219.040656038919,0,0,74.5815074003433,261.605527103798,115.332064605654,0,0,0,137.177378802006,280.376028997576,108.136066660554,136.685314494491,193.055010680236,93.5029580098427,0,0,153.672550905948,90.1317194604647,0,241.57250333243,0,124.698445421759,101.895308036513,92.5207898118833,122.106946855269,155.24952173131,93.4234866874731,76.5072790361762,197.893790332676
0,223.705816669619,219.430938885781,0,114.649126378906,139.654362654449,0,0,0,214.116367924649,0,0,75.4497121078207,0,146.99041817625,137.239127032733,0,106.926813611922,161.302948562323,0,0,0,114.511014214502,131.969743415579,0,101.605593487621,0,153.672550905948,0,0,0,89.9429017381717,231.050882209,145.74089716123,192.135034768848,0,154.784755881607,186.348837226466,141.204637091722,0,0
0,0,0,0,0,0,0,289.631679007608,0,0,0,0,0,161.694997919804,0,0,0,205.09013266389,0,0,0,116.054372245433,0,0,172.892533368851,110.384905066973,0,90.1317194604647,0,0,0,0,0,196.032358954952,0,192.601533877686,173.538155409849,85.7623170715703,0,0,0
0,0,0,0,0,0,0,193.659409924573,0,0,58.3493451392805,115.868441404982,0,0,0,0,0,0,0,0,0,0,0,0,0,0,195.378266313867,0,0,0,0,0,0,276.620869034647,62.311273509377,0,0,0,0,0,0
0,0,0,269.936825670274,0,0,306.640284138334,231.715271819474,0,0,0,0,0,0,0,0,0,0,0,178.748963182352,0,0,0,240.185081663983,120.567029282014,0,0,241.57250333243,89.9429017381717,0,0,0,0,169.742003380707,0,78.8552325762656,158.955087279859,0,0,0,0
0,0,0,184.249961885477,0,0,0,0,0,0,0,303.527509149359,0,0,0,0,0,0,0,0,0,0,0,0,0,0,0,0,231.050882209,0,0,0,0,0,0,0,94.126460729827,128.405764333981,0,0,0
109.093416850988,0,0,171.230058197369,111.226326353722,0,148.808626413748,196.04190773555,219.078548227669,154.142998692322,0,0,0,249.905610015455,0,0,259.442917595754,0,0,169.453147353278,96.7845769653343,347.376449530863,321.124897279917,72.2278283150671,0,92.5568465385234,183.786860782462,124.698445421759,145.74089716123,196.032358954952,276.620869034647,169.742003380707,0,0,101.85207633558,99.3508940827211,95.7590805983148,163.945208919892,0,353.822894641502,0
0,0,0,0,0,160.537522273714,0,151.036729364761,197.486504603685,255.441154257905,98.6790043377568,284.529238481835,146.465927798921,165.893015276821,204.481117647118,90.7216186966914,206.472608421747,238.934743274142,74.7304794244225,218.045528847001,0,0,0,108.381749703452,135.294330067913,186.973586461633,306.344527664232,101.895308036513,192.135034768848,0,62.311273509377,0,0,101.85207633558,0,167.066576495979,106.128596538706,0,0,146.814226519809,0
112.349934713559,155.901486485736,0,191.519780382943,0,0,153.453047983244,0,0,120.912756812582,0,134.566479261133,224.523755099568,0,0,0,0,0,0,115.114253591495,0,0,151.01089327964,0,195.314816908693,0,228.792310020318,92.5207898118833,0,192.601533877686,0,78.8552325762656,0,99.3508940827211,167.066576495979,0,348.674510760064,0,0,94.8881692391942,283.88658203332
0,205.839960264176,0,62.859596780235,143.005810983322,100.812745974529,82.1742780037132,193.63278243493,67.8267069095267,113.144980278377,192.693757128262,154.065933476765,0,194.442125915551,0,0,0,0,159.183173818572,139.93285932648,174.013630695256,178.224497384947,168.241326865882,173.059382066957,0,0,181.316358113209,122.106946855269,154.784755881607,173.538155409849,0,158.955087279859,94.126460729827,95.7590805983148,106.128596538706,348.674510760064,0,87.8456058929559,204.084074037941,73.1029054543569,89.707245288964
0,0,113.059176128709,249.798812580765,0,73.4795582048751,0,0,0,0,179.718364159796,0,0,115.541295036174,0,0,0,117.208001126138,0,134.960780198024,228.075434767255,0,220.901129804706,283.248188884028,0,209.996727521564,0,155.24952173131,186.348837226466,85.7623170715703,0,0,128.405764333981,163.945208919892,0,0,87.8456058929559,0,232.945974238958,190.185165668632,81.2827395071039
0,0,0,0,220.963068032256,0,151.695570509541,0,158.567996645797,150.161410108805,0,215.611029055736,0,0,173.201474590904,0,357.423078228283,0,175.196329314064,0,0,125.416941482916,0,0,0,0,309.997227542691,93.4234866874731,141.204637091722,0,0,0,0,0,0,0,204.084074037941,232.945974238958,0,0,89.3673883748406
137.189596148386,0,0,0,74.4197823064597,0,81.9664354533492,0,92.3502314520023,142.385058730083,160.530221557972,161.325017232684,0,161.74915061469,0,128.530575464043,84.3635741045246,261.440278806413,164.032723165762,236.681907140956,178.683678585178,0,115.871357769661,200.878319874537,80.4367166559625,0,172.608400267715,76.5072790361762,0,0,0,0,0,353.822894641502,146.814226519809,94.8881692391942,73.1029054543569,190.185165668632,0,0,82.4756938751058
0,0,0,259.055025639447,97.3232815600345,0,0,133.984214699576,0,94.027247878695,180.355266595273,338.131802716296,0,171.906398392157,0,0,0,0,0,345.797434674459,124.853650664477,251.098274723989,103.519938150021,247.66948903751,140.574866691684,154.070293657878,212.592150359921,197.893790332676,0,0,0,0,0,0,0,283.88658203332,89.707245288964,81.2827395071039,89.3673883748406,82.4756938751058,0
