0,0,0,0,0,0,0,0,0,0,0,306.344527664232,0,0,0,0,0,0,0,0,0,0,0,0,0,0,0,306.640284138334,62.859596780235,0,0,0,0,74.4197823064597,115.114253591495,0,158.567996645797,0,0,0,0
0,0,0,0,0,0,0,0,0,98.417953423071,0,0,0,0,0,0,0,0,0,0,0,0,225.013371621378,0,0,146.770754374523,0,0,85.7623170715703,0,0,0,0,0,221.805809452716,0,231.050882209,0,173.201474590904,0,0
0,0,0,0,0,115.868441404982,0,0,0,0,0,0,0,0,0,0,0,0,0,0,0,99.2646516363145,0,0,0,0,0,220.963068032256,0,0,0,0,0,151.695570509541,0,0,178.748963182352,0,0,0,0
0,0,0,0,0,0,0,112.823430872325,0,0,0,228.792310020318,0,0,0,109.093416850988,0,0,0,0,0,0,219.078548227669,238.934743274142,0,0,98.2230592632363,101.5853655613,0,0,0,0,0,82.1742780037132,0,175.196329314064,163.059043292369,192.693757128262,0,320.356811100276,141.204637091722
0,0,0,0,0,0,0,0,0,0,0,0,0,172.608400267715,218.045528847001,0,0,72.2278283150671,300.031143529538,195.314816908693,0,0,0,135.667029391615,134.960780198024,0,128.405764333981,104.915316975638,0,0,0,262.382215657622,0,161.275817184598,138.33942793804,0,0,162.833808134102,0,115.871357769661,0
0,0,115.868441404982,0,0,0,0,0,0,125.994729980093,314.611698427915,178.683678585178,0,89.9429017381717,0,93.4234866874731,0,220.901129804706,0,186.348837226466,0,0,0,146.99041817625,0,0,193.777661225572,195.822649557859,0,0,0,0,0,0,155.24952173131,0,108.136066660554,94.126460729827,0,0,0
0,0,0,0,0,0,0,165.893015276821,0,0,157.852515740516,135.294330067913,0,118.522099274347,0,0,0,198.528111506785,82.6426202489162,0,0,0,0,0,0,0,0,0,0,255.441154257905,0,213.67670887414,0,0,142.385058730083,120.912756812582,0,0,153.672550905948,325.937289045041,112.793316814908
0,0,0,112.823430872325,0,0,165.893015276821,0,89.3673883748406,0,0,184.249961885477,0,0,0,0,0,0,97.5855511246009,0,0,0,0,94.8881692391942,0,0,345.797434674459,154.065933476765,0,82.6299537488922,0,283.248188884028,0,161.694997919804,81.9664354533492,142.054529471577,0,201.44584889478,0,106.926813611922,249.798812580765
0,0,0,0,0,0,0,89.3673883748406,0,353.822894641502,0,0,0,0,0,0,0,0,0,139.93285932648,0,0,0,0,80.4367166559625,96.5937438588657,0,0,0,0,0,321.864157986053,111.435629183184,196.04190773555,251.098274723989,0,89.1590885155172,0,0,0,259.055025639447
0,98.417953423071,0,0,0,125.994729980093,0,0,353.822894641502,0,0,197.893790332676,0,0,0,154.070293657878,0,0,0,188.851177466023,0,0,249.905610015455,151.806152521152,178.224497384947,115.332064605654,0,186.973586461633,0,145.74089716123,0,0,0,97.3232815600345,269.936825670274,114.649126378906,70.4221432298295,0,204.481117647118,0,128.530575464043
0,0,0,0,0,314.611698427915,157.852515740516,0,0,0,0,0,0,0,0,0,0,0,0,333.645516435298,0,0,160.537522273714,93.5029580098427,0,153.609372090384,161.74915061469,172.892533368851,0,0,0,0,329.719143597451,201.100640800745,85.6072705949986,0,115.541295036174,205.183249704085,112.349934713559,154.142998692322,87.8456058929559
306.344527664232,0,0,228.792310020318,0,178.683678585178,135.294330067913,184.249961885477,0,197.893790332676,0,0,101.85207633558,0,96.7845769653343,0,0,0,0,0,0,0,113.144980278377,154.784755881607,133.218162784108,125.81518738273,205.09013266389,280.376028997576,232.945974238958,0,0,0,0,0,0,161.302948562323,106.533627130087,226.825099357786,214.116367924649,193.63278243493,200.878319874537
0,0,0,0,0,0,0,0,0,0,0,101.85207633558,0,0,0,0,0,0,0,0,0,197.486504603685,0,0,0,0,219.430938885781,0,0,0,0,347.376449530863,0,0,0,0,222.053792850439,0,0,58.3493451392805,0
0,0,0,0,172.608400267715,89.9429017381717,118.522099274347,0,0,0,0,0,0,0,0,0,188.936291522747,0,0,0,0,0,0,261.440278806413,0,61.0664810463559,131.969743415579,94.7529894315991,115.194491798135,0,0,0,0,0,180.90030328818,0,106.33736463831,84.3635741045246,0,124.698445421759,94.9380989123498
0,0,0,0,218.045528847001,0,0,0,0,0,0,96.7845769653343,0,0,0,0,0,0,0,0,193.659409924573,0,146.814226519809,0,0,193.055010680236,0,0,164.032723165762,338.131802716296,0,0,206.912707094411,158.955087279859,78.9559315574845,0,0,208.005106191961,0,66.5008477853491,0
0,0,0,109.093416850988,0,93.4234866874731,0,0,0,154.070293657878,0,0,0,0,0,0,0,0,0,253.401634605989,116.054372245433,0,0,0,0,0,0,0,195.378266313867,0,0,0,0,173.059382066957,0,0,321.124897279917,211.840482897052,263.534399241887,191.519780382943,0
0,0,0,0,0,0,0,0,0,0,0,0,0,188.936291522747,0,0,0,0,0,241.682021696872,0,0,94.7280504127031,0,0,161.325017232684,0,323.781250289068,0,78.8552325762656,0,0,0,187.77054666536,0,0,139.792601838991,0,0,111.226326353722,114.511014214502
0,0,0,0,72.2278283150671,220.901129804706,198.528111506785,0,0,0,0,0,0,0,0,0,0,0,119.728129215699,247.66948903751,0,0,0,0,0,90.7216186966914,0,0,0,180.543851962045,0,0,0,140.574866691684,150.161410108805,0,0,0,0,0,0
0,0,0,0,300.031143529538,0,82.6426202489162,97.5855511246009,0,0,0,0,0,0,0,0,0,119.728129215699,0,155.901486485736,215.611029055736,0,0,212.592150359921,0,139.654362654449,0,0,219.040656038919,0,0,0,0,74.7304794244225,0,122.106946855269,94.027247878695,0,0,0,0
0,0,0,0,195.314816908693,186.348837226466,0,0,139.93285932648,188.851177466023,333.645516435298,0,0,0,0,253.401634605989,241.682021696872,247.66948903751,155.901486485736,0,92.3502314520023,0,0,0,0,0,0,73.1029054543569,117.208001126138,173.001559092555,0,0,0,81.2827395071039,92.5568465385234,0,209.996727521564,0,0,0,169.453147353278
0,0,0,0,0,0,0,0,0,0,0,0,0,0,193.659409924573,116.054372245433,0,0,215.611029055736,92.3502314520023,0,0,0,0,92.5207898118833,159.183173818572,0,348.674510760064,100.812745974529,0,309.997227542691,0,0,289.631679007608,0,99.3508940827211,76.5072790361762,0,0,284.529238481835,0
0,0,99.2646516363145,0,0,0,0,0,0,0,0,0,197.486504603685,0,0,0,0,0,0,0,0,0,0,0,0,0,0,80.8080171296381,0,0,0,0,0,136.792307586862,224.523755099568,0,283.88658203332,0,276.620869034647,0,171.230058197369
0,225.013371621378,0,219.078548227669,0,0,0,0,0,249.905610015455,160.537522273714,113.144980278377,0,0,146.814226519809,0,94.7280504127031,0,0,0,0,0,0,98.6790043377568,0,0,108.381749703452,101.443495235174,168.241326865882,0,0,228.075434767255,0,113.059176128709,0,0,71.5579325720569,0,0,146.465927798921,0
0,0,0,238.934743274142,135.667029391615,146.99041817625,0,94.8881692391942,0,151.806152521152,93.5029580098427,154.784755881607,0,261.440278806413,0,0,0,0,212.592150359921,0,0,0,98.6790043377568,0,0,138.425725342224,95.7590805983148,101.605593487621,167.066576495979,0,0,0,0,0,0,183.786860782462,137.239127032733,71.4788760670054,180.355266595273,163.945208919892,0
0,0,0,0,134.960780198024,0,0,0,80.4367166559625,178.224497384947,0,133.218162784108,0,0,0,0,0,0,0,0,92.5207898118833,0,0,0,0,0,0,89.707245288964,0,0,206.472608421747,0,0,0,0,151.075371308616,0,0,0,171.906398392157,67.8267069095267
0,146.770754374523,0,0,0,0,0,0,96.5937438588657,115.332064605654,153.609372090384,125.81518738273,0,61.0664810463559,193.055010680236,0,161.325017232684,90.7216186966914,139.654362654449,0,159.183173818572,0,0,138.425725342224,0,0,242.790381480436,0,192.601533877686,0,0,236.681907140956,0,0,0,97.3506957544063,250.461724766314,74.5815074003433,160.530221557972,0,120.567029282014
0,0,0,98.2230592632363,128.405764333981,193.777661225572,0,345.797434674459,0,0,161.74915061469,205.09013266389,219.430938885781,131.969743415579,0,0,0,0,0,0,0,0,108.381749703452,95.7590805983148,0,242.790381480436,0,125.416941482916,0,190.185165668632,0,0,0,0,82.4756938751058,169.742003380707,153.453047983244,101.350815329073,143.005810983322,73.4795582048751,335.371040201042
306.640284138334,0,220.963068032256,101.5853655613,104.915316975638,195.822649557859,0,154.065933476765,0,186.973586461633,172.892533368851,280.376028997576,0,94.7529894315991,0,0,323.781250289068,0,0,73.1029054543569,348.674510760064,80.8080171296381,101.443495235174,101.605593487621,89.707245288964,0,125.416941482916,0,196.032358954952,0,174.013630695256,0,0,204.084074037941,177.763106506206,119.345624434514,101.895308036513,153.876396855887,0,103.519938150021,151.036729364761
62.859596780235,85.7623170715703,0,0,0,0,0,0,0,0,0,232.945974238958,0,115.194491798135,164.032723165762,195.378266313867,0,0,219.040656038919,117.208001126138,100.812745974529,0,168.241326865882,167.066576495979,0,192.601533877686,0,196.032358954952,0,0,0,0,0,224.551207449728,231.715271819474,137.177378802006,227.504408813069,128.846764897717,192.135034768848,62.311273509377,199.492852797962
0,0,0,0,0,0,255.441154257905,82.6299537488922,0,145.74089716123,0,0,0,0,338.131802716296,0,78.8552325762656,180.543851962045,0,173.001559092555,0,0,0,0,0,0,190.185165668632,0,0,0,0,116.176698124939,0,0,0,148.808626413748,0,0,0,179.718364159796,0
0,0,0,0,0,0,0,0,0,0,0,0,0,0,0,0,0,0,0,0,309.997227542691,0,0,0,206.472608421747,0,0,174.013630695256,0,0,0,0,261.605527103798,252.487290983309,104.369974912428,0,0,0,0,0,0
0,0,0,0,262.382215657622,0,213.67670887414,283.248188884028,321.864157986053,0,0,0,347.376449530863,0,0,0,0,0,0,0,0,0,228.075434767255,0,0,236.681907140956,0,0,0,116.176698124939,0,0,0,0,151.01089327964,0,202.712457066107,0,357.423078228283,0,0
0,0,0,0,0,0,0,0,111.435629183184,0,329.719143597451,0,0,0,206.912707094411,0,0,0,0,0,0,0,0,0,0,0,0,0,0,0,261.605527103798,0,0,0,0,0,75.4497121078207,0,0,0,0
74.4197823064597,0,151.695570509541,82.1742780037132,161.275817184598,0,0,161.694997919804,196.04190773555,97.3232815600345,201.100640800745,0,0,0,158.955087279859,173.059382066957,187.77054666536,140.574866691684,74.7304794244225,81.2827395071039,289.631679007608,136.792307586862,113.059176128709,0,0,0,0,204.084074037941,224.551207449728,0,252.487290983309,0,0,0,241.635434294794,0,194.442125915551,303.527509149359,136.685314494491,137.189596148386,90.1317194604647
115.114253591495,221.805809452716,0,0,138.33942793804,155.24952173131,142.385058730083,81.9664354533492,251.098274723989,269.936825670274,85.6072705949986,0,0,180.90030328818,78.9559315574845,0,0,150.161410108805,0,92.5568465385234,0,224.523755099568,0,0,0,0,82.4756938751058,177.763106506206,231.715271819474,0,104.369974912428,151.01089327964,0,241.635434294794,0,181.316358113209,259.442917595754,0,134.566479261133,205.839960264176,198.964527389285
0,0,0,175.196329314064,0,0,120.912756812582,142.054529471577,0,114.649126378906,0,161.302948562323,0,0,0,0,0,0,122.106946855269,0,99.3508940827211,0,0,183.786860782462,151.075371308616,97.3506957544063,169.742003380707,119.345624434514,137.177378802006,148.808626413748,0,0,0,0,181.316358113209,0,173.538155409849,124.853650664477,0,241.57250333243,110.384905066973
158.567996645797,231.050882209,178.748963182352,163.059043292369,0,108.136066660554,0,0,89.1590885155172,70.4221432298295,115.541295036174,106.533627130087,222.053792850439,106.33736463831,0,321.124897279917,139.792601838991,0,94.027247878695,209.996727521564,76.5072790361762,283.88658203332,71.5579325720569,137.239127032733,0,250.461724766314,153.453047983244,101.895308036513,227.504408813069,0,0,202.712457066107,75.4497121078207,194.442125915551,259.442917595754,173.538155409849,0,165.597665022977,0,240.185081663983,0
0,0,0,192.693757128262,162.833808134102,94.126460729827,0,201.44584889478,0,0,205.183249704085,226.825099357786,0,84.3635741045246,208.005106191961,211.840482897052,0,0,0,0,0,0,0,71.4788760670054,0,74.5815074003433,101.350815329073,153.876396855887,128.846764897717,0,0,0,0,303.527509149359,0,124.853650664477,165.597665022977,0,217.157696745803,133.984214699576,106.128596538706
0,173.201474590904,0,0,0,0,153.672550905948,0,0,204.481117647118,112.349934713559,214.116367924649,0,0,0,263.534399241887,0,0,0,0,0,276.620869034647,0,180.355266595273,0,160.530221557972,143.005810983322,0,192.135034768848,0,0,357.423078228283,0,136.685314494491,134.566479261133,0,0,217.157696745803,0,0,0
0,0,0,320.356811100276,115.871357769661,0,325.937289045041,106.926813611922,0,0,154.142998692322,193.63278243493,58.3493451392805,124.698445421759,66.5008477853491,191.519780382943,111.226326353722,0,0,0,284.529238481835,0,146.465927798921,163.945208919892,171.906398392157,0,73.4795582048751,103.519938150021,62.311273509377,179.718364159796,0,0,0,137.189596148386,205.839960264176,241.57250333243,240.185081663983,133.984214699576,0,0,223.705816669619
0,0,0,141.204637091722,0,0,112.793316814908,249.798812580765,259.055025639447,128.530575464043,87.8456058929559,200.878319874537,0,94.9380989123498,0,0,114.511014214502,0,0,169.453147353278,0,171.230058197369,0,0,67.8267069095267,120.567029282014,335.371040201042,151.036729364761,199.492852797962,0,0,0,0,90.1317194604647,198.964527389285,110.384905066973,0,106.128596538706,0,223.705816669619,0
