0,0,0,0,98.2230592632363,0,0,0,0,0,0,0,0,0,0,0,0,0,0,0,197.893790332676,0,0,0,0,0,0,0,0,0,0,0,0,241.635434294794,137.177378802006,0,101.5853655613,0,0,0,89.3673883748406
0,0,0,0,0,0,284.529238481835,0,0,0,0,0,0,0,0,0,0,0,0,0,0,0,0,0,0,300.031143529538,120.567029282014,0,0,0,0,0,0,198.528111506785,231.050882209,347.376449530863,0,0,101.350815329073,0,0
0,0,0,72.2278283150671,0,0,0,0,0,103.519938150021,0,0,0,0,0,0,0,0,0,0,0,0,0,0,0,206.472608421747,0,0,0,0,0,0,0,0,0,0,96.5937438588657,251.098274723989,0,0,0
0,0,72.2278283150671,0,0,0,0,0,0,94.9380989123498,0,0,0,0,0,151.01089327964,0,0,0,97.3506957544063,222.053792850439,0,0,0,106.128596538706,0,338.131802716296,85.6072705949986,139.93285932648,0,0,0,0,146.814226519809,0,97.5855511246009,78.9559315574845,0,0,195.314816908693,0
98.2230592632363,0,0,0,0,89.9429017381717,0,146.465927798921,0,0,101.443495235174,0,0,0,154.065933476765,0,0,173.201474590904,93.5029580098427,196.04190773555,0,0,0,0,0,0,0,108.381749703452,0,0,0,0,0,128.846764897717,139.654362654449,353.822894641502,227.504408813069,0,0,0,345.797434674459
0,0,0,0,89.9429017381717,0,0,0,223.705816669619,0,0,188.936291522747,0,259.055025639447,0,0,0,0,0,0,0,0,136.685314494491,117.208001126138,158.955087279859,0,0,142.385058730083,247.66948903751,90.1317194604647,0,0,0,76.5072790361762,0,195.822649557859,114.511014214502,0,139.792601838991,0,0
0,284.529238481835,0,0,0,0,0,70.4221432298295,0,0,0,196.032358954952,0,0,113.144980278377,0,0,0,0,0,325.937289045041,0,0,0,0,0,0,112.793316814908,0,195.378266313867,0,0,0,116.176698124939,215.611029055736,93.4234866874731,134.566479261133,115.332064605654,0,0,171.230058197369
0,0,0,0,146.465927798921,0,70.4221432298295,0,179.718364159796,0,0,136.792307586862,82.6426202489162,0,0,0,0,124.698445421759,0,0,0,0,0,92.5568465385234,169.742003380707,111.435629183184,193.659409924573,118.522099274347,329.719143597451,61.0664810463559,0,0,0,0,173.001559092555,0,0,249.798812580765,0,0,314.611698427915
0,0,0,0,0,223.705816669619,0,179.718364159796,0,269.936825670274,0,0,133.218162784108,0,0,0,0,0,0,0,0,0,0,208.005106191961,0,0,204.084074037941,106.533627130087,0,0,205.839960264176,0,0,0,0,0,199.492852797962,0,0,228.075434767255,82.1742780037132
0,0,103.519938150021,94.9380989123498,0,0,0,0,269.936825670274,0,0,0,0,177.763106506206,226.825099357786,109.093416850988,0,0,163.945208919892,71.5579325720569,201.44584889478,0,0,137.239127032733,0,0,98.417953423071,134.960780198024,221.805809452716,0,161.694997919804,0,0,0,0,150.161410108805,289.631679007608,0,178.683678585178,58.3493451392805,0
0,0,0,0,101.443495235174,0,0,0,0,0,0,162.833808134102,0,0,0,0,0,0,145.74089716123,187.77054666536,128.405764333981,219.430938885781,0,0,67.8267069095267,228.792310020318,92.5207898118833,240.185081663983,125.416941482916,183.786860782462,0,0,0,153.672550905948,0,0,171.906398392157,0,142.054529471577,0,78.8552325762656
0,0,0,0,0,188.936291522747,196.032358954952,136.792307586862,0,0,162.833808134102,0,0,81.9664354533492,0,0,89.1590885155172,0,71.4788760670054,0,214.116367924649,0,0,0,283.248188884028,220.963068032256,261.605527103798,220.901129804706,138.425725342224,0,0,94.8881692391942,0,62.859596780235,151.075371308616,0,238.934743274142,263.534399241887,74.7304794244225,192.601533877686,119.728129215699
0,0,0,0,0,0,0,82.6426202489162,133.218162784108,0,0,0,0,0,0,98.6790043377568,0,0,0,0,0,0,0,0,0,0,0,0,181.316358113209,0,0,0,0,135.294330067913,0,0,0,0,104.369974912428,0,0
0,0,0,0,0,259.055025639447,0,0,0,177.763106506206,0,81.9664354533492,0,0,0,0,0,0,115.871357769661,250.461724766314,154.142998692322,108.136066660554,100.812745974529,0,0,0,0,0,333.645516435298,0,0,0,0,0,0,348.674510760064,82.6299537488922,0,153.876396855887,82.4756938751058,115.194491798135
0,0,0,0,154.065933476765,0,113.144980278377,0,0,226.825099357786,0,0,0,0,0,0,0,0,0,0,0,0,0,122.106946855269,0,178.224497384947,0,0,114.649126378906,0,0,115.541295036174,0,146.770754374523,0,217.157696745803,0,306.640284138334,0,161.325017232684,125.81518738273
0,0,0,151.01089327964,0,0,0,0,0,109.093416850988,0,0,98.6790043377568,0,0,0,0,0,0,133.984214699576,0,0,0,252.487290983309,0,94.027247878695,0,74.5815074003433,0,0,0,0,0,0,231.715271819474,280.376028997576,95.7590805983148,0,0,255.441154257905,0
0,0,0,0,0,0,0,0,0,0,0,89.1590885155172,0,0,0,0,0,0,0,0,0,0,113.059176128709,0,193.63278243493,0,0,112.823430872325,321.124897279917,66.5008477853491,0,128.530575464043,0,99.3508940827211,161.302948562323,0,115.114253591495,0,0,0,0
0,0,0,0,173.201474590904,0,0,124.698445421759,0,0,0,0,0,0,0,0,0,0,0,138.33942793804,0,309.997227542691,0,0,0,0,0,0,0,0,0,0,0,0,87.8456058929559,0,242.790381480436,0,241.682021696872,157.852515740516,110.384905066973
0,0,0,0,93.5029580098427,0,0,0,0,163.945208919892,145.74089716123,71.4788760670054,0,115.871357769661,0,0,0,0,0,0,0,0,0,0,0,0,192.135034768848,73.4795582048751,165.893015276821,112.349934713559,0,0,0,74.4197823064597,0,0,0,153.609372090384,0,213.67670887414,0
0,0,0,97.3506957544063,196.04190773555,0,0,0,0,71.5579325720569,187.77054666536,0,0,250.461724766314,0,133.984214699576,0,138.33942793804,0,0,0,0,0,212.592150359921,0,106.33736463831,225.013371621378,224.523755099568,241.57250333243,0,0,0,0,219.040656038919,219.078548227669,0,81.2827395071039,180.90030328818,0,75.4497121078207,0
197.893790332676,0,0,222.053792850439,0,0,325.937289045041,0,0,201.44584889478,128.405764333981,214.116367924649,0,154.142998692322,0,0,0,0,0,0,0,0,0,249.905610015455,80.8080171296381,0,193.055010680236,0,0,0,0,0,0,120.912756812582,119.345624434514,0,0,0,0,84.3635741045246,0
0,0,0,0,0,0,0,0,0,0,219.430938885781,0,0,108.136066660554,0,0,0,309.997227542691,0,0,0,0,0,0,0,0,0,197.486504603685,0,0,0,0,0,97.3232815600345,0,0,306.344527664232,163.059043292369,0,154.784755881607,0
0,0,0,0,0,136.685314494491,0,0,0,0,0,0,0,100.812745974529,0,0,113.059176128709,0,0,0,0,0,0,0,0,116.054372245433,146.99041817625,190.185165668632,0,0,276.620869034647,165.597665022977,160.537522273714,0,94.7529894315991,224.551207449728,357.423078228283,0,101.605593487621,191.519780382943,159.183173818572
0,0,0,0,0,117.208001126138,0,92.5568465385234,208.005106191961,137.239127032733,0,0,0,0,122.106946855269,252.487290983309,0,0,0,212.592150359921,249.905610015455,0,0,0,0,169.453147353278,154.070293657878,161.74915061469,335.371040201042,0,0,172.608400267715,0,188.851177466023,320.356811100276,204.481117647118,261.440278806413,151.695570509541,0,148.808626413748,0
0,0,0,106.128596538706,0,158.955087279859,0,169.742003380707,0,0,67.8267069095267,283.248188884028,0,0,0,0,193.63278243493,0,0,0,80.8080171296381,0,0,0,0,0,167.066576495979,173.059382066957,0,0,0,0,0,0,0,0,141.204637091722,0,0,0,0
0,300.031143529538,206.472608421747,0,0,0,0,111.435629183184,0,0,228.792310020318,220.963068032256,0,0,178.224497384947,94.027247878695,0,0,0,106.33736463831,0,0,116.054372245433,169.453147353278,0,0,0,89.707245288964,135.667029391615,0,0,0,151.036729364761,151.806152521152,321.864157986053,101.85207633558,0,303.527509149359,180.543851962045,73.1029054543569,137.189596148386
0,120.567029282014,0,338.131802716296,0,0,0,193.659409924573,204.084074037941,98.417953423071,92.5207898118833,261.605527103798,0,0,0,0,0,0,192.135034768848,225.013371621378,193.055010680236,0,146.99041817625,154.070293657878,167.066576495979,0,0,0,80.4367166559625,0,0,0,0,155.901486485736,0,259.442917595754,111.226326353722,0,115.868441404982,178.748963182352,209.996727521564
0,0,0,85.6072705949986,108.381749703452,142.385058730083,112.793316814908,118.522099274347,106.533627130087,134.960780198024,240.185081663983,220.901129804706,0,0,0,74.5815074003433,112.823430872325,0,73.4795582048751,224.523755099568,0,197.486504603685,190.185165668632,161.74915061469,173.059382066957,89.707245288964,0,0,161.275817184598,0,0,0,0,283.88658203332,106.926813611922,206.912707094411,62.311273509377,143.005810983322,211.840482897052,218.045528847001,90.7216186966914
0,0,0,139.93285932648,0,247.66948903751,0,329.719143597451,0,221.805809452716,125.416941482916,138.425725342224,181.316358113209,333.645516435298,114.649126378906,0,321.124897279917,0,165.893015276821,241.57250333243,0,0,0,335.371040201042,0,135.667029391615,80.4367166559625,161.275817184598,0,0,0,198.964527389285,0,0,155.24952173131,0,131.969743415579,96.7845769653343,0,0,202.712457066107
0,0,0,0,0,90.1317194604647,195.378266313867,61.0664810463559,0,0,183.786860782462,0,0,0,0,0,66.5008477853491,0,112.349934713559,0,0,0,0,0,0,0,0,0,0,0,0,0,0,124.853650664477,262.382215657622,0,253.401634605989,0,0,174.013630695256,94.7280504127031
0,0,0,0,0,0,0,0,205.839960264176,161.694997919804,0,0,0,0,0,0,0,0,0,0,0,0,276.620869034647,0,0,0,0,0,0,0,0,0,0,0,184.249961885477,0,0,193.777661225572,0,0,236.681907140956
0,0,0,0,0,0,0,0,0,0,0,94.8881692391942,0,0,115.541295036174,0,128.530575464043,0,0,0,0,0,165.597665022977,172.608400267715,0,0,0,0,198.964527389285,0,0,0,0,0,160.530221557972,194.442125915551,205.09013266389,153.453047983244,0,104.915316975638,0
0,0,0,0,0,0,0,0,0,0,0,0,0,0,0,0,0,0,0,0,0,0,160.537522273714,0,0,151.036729364761,0,0,0,0,0,0,0,0,201.100640800745,0,0,192.693757128262,164.032723165762,0,0
241.635434294794,198.528111506785,0,146.814226519809,128.846764897717,76.5072790361762,116.176698124939,0,0,0,153.672550905948,62.859596780235,135.294330067913,0,146.770754374523,0,99.3508940827211,0,74.4197823064597,219.040656038919,120.912756812582,97.3232815600345,0,188.851177466023,0,151.806152521152,155.901486485736,283.88658203332,0,124.853650664477,0,0,0,0,186.973586461633,99.2646516363145,0,125.994729980093,140.574866691684,158.567996645797,200.878319874537
137.177378802006,231.050882209,0,0,139.654362654449,0,215.611029055736,173.001559092555,0,0,0,151.075371308616,0,0,0,231.715271819474,161.302948562323,87.8456058929559,0,219.078548227669,119.345624434514,0,94.7529894315991,320.356811100276,0,321.864157986053,0,106.926813611922,155.24952173131,262.382215657622,184.249961885477,160.530221557972,201.100640800745,186.973586461633,0,92.3502314520023,232.945974238958,175.196329314064,0,172.892533368851,0
0,347.376449530863,0,97.5855511246009,353.822894641502,195.822649557859,93.4234866874731,0,0,150.161410108805,0,0,0,348.674510760064,217.157696745803,280.376028997576,0,0,0,0,0,0,224.551207449728,204.481117647118,0,101.85207633558,259.442917595754,206.912707094411,0,0,0,194.442125915551,0,99.2646516363145,92.3502314520023,0,186.348837226466,0,0,205.183249704085,0
101.5853655613,0,96.5937438588657,78.9559315574845,227.504408813069,114.511014214502,134.566479261133,0,199.492852797962,289.631679007608,171.906398392157,238.934743274142,0,82.6299537488922,0,95.7590805983148,115.114253591495,242.790381480436,0,81.2827395071039,0,306.344527664232,357.423078228283,261.440278806413,141.204637091722,0,111.226326353722,62.311273509377,131.969743415579,253.401634605989,0,205.09013266389,0,0,232.945974238958,186.348837226466,0,94.126460729827,180.355266595273,85.7623170715703,168.241326865882
0,0,251.098274723989,0,0,0,115.332064605654,249.798812580765,0,0,0,263.534399241887,0,0,306.640284138334,0,0,0,153.609372090384,180.90030328818,0,163.059043292369,0,151.695570509541,0,303.527509149359,0,143.005810983322,96.7845769653343,0,193.777661225572,153.453047983244,192.693757128262,125.994729980093,175.196329314064,0,94.126460729827,0,0,101.895308036513,173.538155409849
0,101.350815329073,0,0,0,139.792601838991,0,0,0,178.683678585178,142.054529471577,74.7304794244225,104.369974912428,153.876396855887,0,0,0,241.682021696872,0,0,0,0,101.605593487621,0,0,180.543851962045,115.868441404982,211.840482897052,0,0,0,0,164.032723165762,140.574866691684,0,0,180.355266595273,0,0,0,0
0,0,0,195.314816908693,0,0,0,0,228.075434767255,58.3493451392805,0,192.601533877686,0,82.4756938751058,161.325017232684,255.441154257905,0,157.852515740516,213.67670887414,75.4497121078207,84.3635741045246,154.784755881607,191.519780382943,148.808626413748,0,73.1029054543569,178.748963182352,218.045528847001,0,174.013630695256,0,104.915316975638,0,158.567996645797,172.892533368851,205.183249704085,85.7623170715703,101.895308036513,0,0,323.781250289068
89.3673883748406,0,0,0,345.797434674459,0,171.230058197369,314.611698427915,82.1742780037132,0,78.8552325762656,119.728129215699,0,115.194491798135,125.81518738273,0,0,110.384905066973,0,0,0,0,159.183173818572,0,0,137.189596148386,209.996727521564,90.7216186966914,202.712457066107,94.7280504127031,236.681907140956,0,0,200.878319874537,0,0,168.241326865882,173.538155409849,0,323.781250289068,0
