0,0,0,0,0,0,0,0,0,329.719143597451,0,0,0,0,0,0,0,0,0,0,0,0,111.435629183184,0,0,0,0,276.620869034647,0,0,0,0,0,0,0,0,169.742003380707,206.472608421747,0,0,255.441154257905
0,0,0,0,0,0,0,0,348.674510760064,0,0,114.511014214502,0,0,0,0,0,0,0,0,0,0,0,0,0,0,0,146.770754374523,0,90.1317194604647,0,0,0,0,224.523755099568,251.098274723989,0,0,0,284.529238481835,0
0,0,0,0,0,0,0,0,0,0,0,0,0,0,0,71.4788760670054,0,0,0,101.605593487621,0,0,0,0,0,99.3508940827211,0,0,0,0,0,0,0,0,0,71.5579325720569,106.128596538706,0,0,0,0
0,0,0,0,0,262.382215657622,0,171.906398392157,0,173.538155409849,0,134.960780198024,0,0,106.533627130087,0,0,0,0,219.040656038919,0,0,0,0,0,0,178.683678585178,145.74089716123,155.24952173131,0,192.135034768848,0,0,0,208.005106191961,0,81.2827395071039,0,0,0,209.996727521564
0,0,0,0,0,178.748963182352,0,0,0,0,165.597665022977,197.893790332676,106.926813611922,0,0,0,0,0,89.1590885155172,0,211.840482897052,0,0,0,0,206.912707094411,0,0,125.994729980093,168.241326865882,0,0,0,178.224497384947,0,101.85207633558,231.715271819474,108.381749703452,0,0,175.196329314064
0,0,0,262.382215657622,178.748963182352,0,0,110.384905066973,0,124.698445421759,0,0,96.5937438588657,0,0,0,0,0,0,173.201474590904,0,0,0,115.114253591495,0,0,204.084074037941,183.786860782462,0,0,0,0,158.955087279859,62.311273509377,0,187.77054666536,146.99041817625,306.344527664232,0,0,0
0,0,0,0,0,0,0,89.707245288964,141.204637091722,0,0,101.5853655613,0,0,0,0,0,0,0,0,75.4497121078207,0,0,128.405764333981,142.385058730083,0,104.915316975638,153.876396855887,139.654362654449,0,0,0,0,118.522099274347,0,345.797434674459,128.530575464043,0,92.3502314520023,0,0
0,0,0,171.906398392157,0,110.384905066973,89.707245288964,0,228.792310020318,225.013371621378,0,0,0,215.611029055736,108.136066660554,0,186.973586461633,226.825099357786,0,0,0,0,0,0,0,115.871357769661,0,196.04190773555,0,205.183249704085,0,134.566479261133,0,0,163.059043292369,0,158.567996645797,0,0,201.100640800745,0
0,348.674510760064,0,0,0,0,141.204637091722,228.792310020318,0,0,0,0,0,192.601533877686,0,0,0,193.659409924573,0,0,0,151.01089327964,0,242.790381480436,0,0,0,165.893015276821,333.645516435298,0,0,0,0,162.833808134102,0,0,0,0,0,112.793316814908,0
329.719143597451,0,0,173.538155409849,0,124.698445421759,0,225.013371621378,0,0,0,0,0,96.7845769653343,0,0,0,0,0,220.963068032256,0,0,167.066576495979,172.892533368851,0,306.640284138334,138.33942793804,259.442917595754,259.055025639447,0,0,0,0,98.417953423071,93.4234866874731,0,151.806152521152,0,82.1742780037132,137.189596148386,143.005810983322
0,0,0,0,165.597665022977,0,0,0,0,0,0,85.6072705949986,0,0,87.8456058929559,0,0,0,0,111.226326353722,0,180.355266595273,97.3232815600345,113.144980278377,0,0,0,116.054372245433,193.63278243493,0,161.694997919804,0,0,236.681907140956,78.8552325762656,117.208001126138,0,269.936825670274,263.534399241887,300.031143529538,0
0,114.511014214502,0,134.960780198024,197.893790332676,0,101.5853655613,0,0,0,85.6072705949986,0,0,0,0,0,125.81518738273,0,0,94.8881692391942,0,303.527509149359,94.9380989123498,159.183173818572,0,247.66948903751,222.053792850439,146.814226519809,85.7623170715703,0,0,0,0,135.294330067913,197.486504603685,0,80.4367166559625,142.054529471577,205.839960264176,219.078548227669,89.3673883748406
0,0,0,0,106.926813611922,96.5937438588657,0,0,0,0,0,0,0,0,0,0,0,0,80.8080171296381,0,0,0,0,0,0,0,0,200.878319874537,0,0,0,0,0,0,0,0,338.131802716296,0,0,0,94.126460729827
0,0,0,0,0,0,0,215.611029055736,192.601533877686,96.7845769653343,0,0,0,0,0,0,171.230058197369,0,0,249.905610015455,114.649126378906,161.325017232684,193.777661225572,160.530221557972,0,0,0,0,0,0,0,66.5008477853491,0,161.302948562323,309.997227542691,0,0,0,0,154.142998692322,157.852515740516
0,0,0,106.533627130087,0,0,0,108.136066660554,0,0,87.8456058929559,0,0,0,0,0,0,0,0,0,280.376028997576,0,0,0,353.822894641502,93.5029580098427,0,0,0,0,0,213.67670887414,0,124.853650664477,94.027247878695,0,89.9429017381717,0,0,137.177378802006,195.822649557859
0,0,71.4788760670054,0,0,0,0,0,0,0,0,0,0,0,0,0,0,0,0,0,0,0,82.6426202489162,0,0,0,261.605527103798,180.90030328818,153.453047983244,0,227.504408813069,0,82.6299537488922,194.442125915551,99.2646516363145,0,115.868441404982,0,221.805809452716,0,0
0,0,0,0,0,0,0,186.973586461633,0,0,0,125.81518738273,0,171.230058197369,0,0,0,0,0,231.050882209,0,0,0,0,161.275817184598,0,252.487290983309,0,101.443495235174,154.070293657878,0,0,0,0,0,0,218.045528847001,219.430938885781,0,0,0
0,0,0,0,0,0,0,226.825099357786,193.659409924573,0,0,0,0,0,0,0,0,0,0,0,198.964527389285,0,0,0,0,0,0,95.7590805983148,0,0,0,0,0,174.013630695256,0,0,74.4197823064597,153.609372090384,0,169.453147353278,138.425725342224
0,0,0,0,89.1590885155172,0,0,0,0,0,0,0,80.8080171296381,0,0,0,0,0,0,98.2230592632363,0,0,0,0,0,133.218162784108,0,78.9559315574845,196.032358954952,186.348837226466,0,0,0,0,112.823430872325,240.185081663983,0,101.895308036513,0,137.239127032733,120.912756812582
0,0,101.605593487621,219.040656038919,0,173.201474590904,0,0,0,220.963068032256,111.226326353722,94.8881692391942,0,249.905610015455,0,0,231.050882209,0,98.2230592632363,0,0,0,0,0,70.4221432298295,115.541295036174,0,195.314816908693,0,0,0,0,0,195.378266313867,0,184.249961885477,113.059176128709,0,0,135.667029391615,151.036729364761
0,0,0,0,211.840482897052,0,75.4497121078207,0,0,0,0,0,0,114.649126378906,280.376028997576,0,0,198.964527389285,0,0,0,0,0,0,0,325.937289045041,0,0,0,0,0,241.682021696872,0,0,61.0664810463559,335.371040201042,261.440278806413,0,283.88658203332,136.685314494491,74.5815074003433
0,0,0,0,0,0,0,0,151.01089327964,0,180.355266595273,303.527509149359,0,161.325017232684,0,0,0,0,0,0,0,0,0,320.356811100276,0,0,0,0,133.984214699576,0,0,0,0,0,151.075371308616,0,0,0,0,0,180.543851962045
111.435629183184,0,0,0,0,0,0,0,0,167.066576495979,97.3232815600345,94.9380989123498,0,193.777661225572,0,82.6426202489162,0,0,0,0,0,0,0,128.846764897717,0,0,73.4795582048751,119.728129215699,160.537522273714,0,0,0,0,122.106946855269,97.3506957544063,0,106.33736463831,238.934743274142,0,0,241.635434294794
0,0,0,0,0,115.114253591495,128.405764333981,0,242.790381480436,172.892533368851,113.144980278377,159.183173818572,0,160.530221557972,0,0,0,0,0,0,0,320.356811100276,128.846764897717,0,81.9664354533492,241.57250333243,191.519780382943,0,0,321.124897279917,0,0,0,92.5568465385234,283.248188884028,74.7304794244225,214.116367924649,217.157696745803,104.369974912428,0,0
0,0,0,0,0,0,142.385058730083,0,0,0,0,0,0,0,353.822894641502,0,161.275817184598,0,0,70.4221432298295,0,0,0,81.9664354533492,0,0,0,136.792307586862,155.901486485736,205.09013266389,76.5072790361762,0,0,0,84.3635741045246,0,0,0,0,0,0
0,0,99.3508940827211,0,206.912707094411,0,0,115.871357769661,0,306.640284138334,0,247.66948903751,0,0,93.5029580098427,0,0,0,133.218162784108,115.541295036174,325.937289045041,0,0,241.57250333243,0,0,212.592150359921,94.7529894315991,112.349934713559,0,0,0,0,73.1029054543569,94.7280504127031,0,98.6790043377568,347.376449530863,148.808626413748,67.8267069095267,139.792601838991
0,0,0,178.683678585178,0,204.084074037941,104.915316975638,0,0,138.33942793804,0,222.053792850439,0,0,0,261.605527103798,252.487290983309,0,0,0,0,0,73.4795582048751,191.519780382943,0,212.592150359921,0,154.784755881607,119.345624434514,190.185165668632,0,0,0,154.065933476765,188.936291522747,164.032723165762,0,173.059382066957,249.798812580765,100.812745974529,201.44584889478
276.620869034647,146.770754374523,0,145.74089716123,0,183.786860782462,153.876396855887,196.04190773555,165.893015276821,259.442917595754,116.054372245433,146.814226519809,200.878319874537,0,0,180.90030328818,0,95.7590805983148,78.9559315574845,195.314816908693,0,0,119.728129215699,0,136.792307586862,94.7529894315991,154.784755881607,0,0,193.055010680236,0,82.4756938751058,0,0,163.945208919892,97.5855511246009,131.969743415579,179.718364159796,228.075434767255,125.416941482916,0
0,0,0,155.24952173131,125.994729980093,0,139.654362654449,0,333.645516435298,259.055025639447,193.63278243493,85.7623170715703,0,0,0,153.453047983244,101.443495235174,0,196.032358954952,0,0,133.984214699576,160.537522273714,0,155.901486485736,112.349934713559,119.345624434514,0,0,0,0,72.2278283150671,0,101.350815329073,232.945974238958,177.763106506206,115.194491798135,0,0,321.864157986053,0
0,90.1317194604647,0,0,168.241326865882,0,0,205.183249704085,0,0,0,0,0,0,0,0,154.070293657878,0,186.348837226466,0,0,0,0,321.124897279917,205.09013266389,0,190.185165668632,193.055010680236,0,0,0,0,0,0,161.74915061469,0,192.693757128262,0,0,0,0
0,0,0,192.135034768848,0,0,0,0,0,0,161.694997919804,0,0,0,0,227.504408813069,0,0,0,0,0,0,0,0,76.5072790361762,0,0,0,0,0,0,0,0,220.901129804706,0,0,0,0,0,90.7216186966914,0
0,0,0,0,0,0,0,134.566479261133,0,0,0,0,0,66.5008477853491,213.67670887414,0,0,0,0,0,241.682021696872,0,0,0,0,0,0,82.4756938751058,72.2278283150671,0,0,0,0,0,0,116.176698124939,62.859596780235,250.461724766314,0,151.695570509541,172.608400267715
0,0,0,0,0,158.955087279859,0,0,0,0,0,0,0,0,0,82.6299537488922,0,0,0,0,0,0,0,0,0,0,0,0,0,0,0,0,0,199.492852797962,139.93285932648,0,0,0,0,140.574866691684,0
0,0,0,0,178.224497384947,62.311273509377,118.522099274347,0,162.833808134102,98.417953423071,236.681907140956,135.294330067913,0,161.302948562323,124.853650664477,194.442125915551,0,174.013630695256,0,195.378266313867,0,0,122.106946855269,92.5568465385234,0,73.1029054543569,154.065933476765,0,101.350815329073,0,220.901129804706,0,199.492852797962,0,146.465927798921,92.5207898118833,198.528111506785,357.423078228283,224.551207449728,253.401634605989,173.001559092555
0,224.523755099568,0,208.005106191961,0,0,0,163.059043292369,0,93.4234866874731,78.8552325762656,197.486504603685,0,309.997227542691,94.027247878695,99.2646516363145,0,0,112.823430872325,0,61.0664810463559,151.075371308616,97.3506957544063,283.248188884028,84.3635741045246,94.7280504127031,188.936291522747,163.945208919892,232.945974238958,161.74915061469,0,0,139.93285932648,146.465927798921,0,0,58.3493451392805,0,181.316358113209,103.519938150021,0
0,251.098274723989,71.5579325720569,0,101.85207633558,187.77054666536,345.797434674459,0,0,0,117.208001126138,0,0,0,0,0,0,0,240.185081663983,184.249961885477,335.371040201042,0,0,74.7304794244225,0,0,164.032723165762,97.5855511246009,177.763106506206,0,0,116.176698124939,0,92.5207898118833,0,0,314.611698427915,120.567029282014,0,289.631679007608,323.781250289068
169.742003380707,0,106.128596538706,81.2827395071039,231.715271819474,146.99041817625,128.530575464043,158.567996645797,0,151.806152521152,0,80.4367166559625,338.131802716296,0,89.9429017381717,115.868441404982,218.045528847001,74.4197823064597,0,113.059176128709,261.440278806413,0,106.33736463831,214.116367924649,0,98.6790043377568,0,131.969743415579,115.194491798135,192.693757128262,0,62.859596780235,0,198.528111506785,58.3493451392805,314.611698427915,0,115.332064605654,204.481117647118,188.851177466023,202.712457066107
206.472608421747,0,0,0,108.381749703452,306.344527664232,0,0,0,0,269.936825670274,142.054529471577,0,0,0,0,219.430938885781,153.609372090384,101.895308036513,0,0,0,238.934743274142,217.157696745803,0,347.376449530863,173.059382066957,179.718364159796,0,0,0,250.461724766314,0,357.423078228283,0,120.567029282014,115.332064605654,0,153.672550905948,150.161410108805,223.705816669619
0,0,0,0,0,0,92.3502314520023,0,0,82.1742780037132,263.534399241887,205.839960264176,0,0,0,221.805809452716,0,0,0,0,283.88658203332,0,0,104.369974912428,0,148.808626413748,249.798812580765,228.075434767255,0,0,0,0,0,224.551207449728,181.316358113209,0,204.481117647118,153.672550905948,0,109.093416850988,0
0,284.529238481835,0,0,0,0,0,201.100640800745,112.793316814908,137.189596148386,300.031143529538,219.078548227669,0,154.142998692322,137.177378802006,0,0,169.453147353278,137.239127032733,135.667029391615,136.685314494491,0,0,0,0,67.8267069095267,100.812745974529,125.416941482916,321.864157986053,0,90.7216186966914,151.695570509541,140.574866691684,253.401634605989,103.519938150021,289.631679007608,188.851177466023,150.161410108805,109.093416850988,0,0
255.441154257905,0,0,209.996727521564,175.196329314064,0,0,0,0,143.005810983322,0,89.3673883748406,94.126460729827,157.852515740516,195.822649557859,0,0,138.425725342224,120.912756812582,151.036729364761,74.5815074003433,180.543851962045,241.635434294794,0,0,139.792601838991,201.44584889478,0,0,0,0,172.608400267715,0,173.001559092555,0,323.781250289068,202.712457066107,223.705816669619,0,0,0
