0,188.851177466023,0,0,0,0,0,0,0,0,136.792307586862,0,0,101.443495235174,0,0,0,0,0,0,0,106.128596538706,214.116367924649,0,0,0,0,0,0,0,0,0,0,321.864157986053,0,0,0,0,0,0,0
188.851177466023,0,0,0,0,0,0,0,0,0,0,0,0,0,0,0,0,0,0,0,153.453047983244,0,0,345.797434674459,0,0,0,0,0,0,0,0,0,0,125.81518738273,101.895308036513,172.892533368851,0,0,96.5937438588657,0
0,0,0,0,0,0,283.88658203332,0,0,0,0,0,0,0,0,0,0,0,0,0,0,0,0,82.1742780037132,0,0,0,195.378266313867,157.852515740516,0,0,0,0,0,0,0,232.945974238958,0,0,0,0
0,0,0,0,306.640284138334,180.543851962045,0,0,0,120.912756812582,0,97.5855511246009,0,188.936291522747,0,0,0,0,0,90.7216186966914,0,0,0,128.846764897717,0,0,0,78.8552325762656,134.566479261133,0,0,0,0,0,97.3506957544063,115.332064605654,0,0,177.763106506206,190.185165668632,0
0,0,0,306.640284138334,0,94.027247878695,0,0,0,0,0,262.382215657622,0,0,0,115.868441404982,201.100640800745,0,0,146.814226519809,0,125.416941482916,58.3493451392805,0,0,238.934743274142,0,0,0,0,0,0,0,0,61.0664810463559,0,73.1029054543569,196.032358954952,151.01089327964,0,71.4788760670054
0,0,0,180.543851962045,94.027247878695,0,0,0,0,0,215.611029055736,0,0,0,128.530575464043,0,0,0,0,0,0,93.4234866874731,0,168.241326865882,206.472608421747,0,0,120.567029282014,0,112.349934713559,0,0,0,80.4367166559625,72.2278283150671,0,113.144980278377,0,0,154.065933476765,106.533627130087
0,0,283.88658203332,0,0,0,0,227.504408813069,226.825099357786,0,193.659409924573,0,0,0,0,0,0,0,0,0,0,0,0,0,228.792310020318,0,0,161.275817184598,75.4497121078207,0,0,0,0,0,165.597665022977,139.93285932648,180.355266595273,175.196329314064,0,151.075371308616,172.608400267715
0,0,0,0,0,0,227.504408813069,0,0,0,89.1590885155172,0,0,0,0,67.8267069095267,0,0,0,92.5568465385234,192.601533877686,0,0,87.8456058929559,0,90.1317194604647,251.098274723989,108.136066660554,158.567996645797,0,0,0,192.693757128262,205.183249704085,96.7845769653343,0,78.9559315574845,0,153.609372090384,113.059176128709,0
0,0,0,0,0,0,226.825099357786,0,0,0,0,101.350815329073,269.936825670274,0,139.792601838991,0,89.3673883748406,0,0,0,0,0,0,0,0,0,0,205.09013266389,103.519938150021,0,0,0,0,0,94.9380989123498,0,171.230058197369,0,0,199.492852797962,124.698445421759
0,0,0,120.912756812582,0,0,0,0,0,0,0,0,325.937289045041,92.5207898118833,240.185081663983,145.74089716123,284.529238481835,143.005810983322,194.442125915551,142.054529471577,0,0,0,208.005106191961,0,0,148.808626413748,85.7623170715703,0,219.078548227669,0,0,280.376028997576,142.385058730083,160.530221557972,0,329.719143597451,0,0,0,193.055010680236
136.792307586862,0,0,0,0,215.611029055736,193.659409924573,89.1590885155172,0,0,0,101.85207633558,0,0,0,0,0,241.57250333243,0,252.487290983309,0,0,155.24952173131,0,138.425725342224,117.208001126138,162.833808134102,93.5029580098427,0,0,204.084074037941,0,0,0,118.522099274347,0,0,174.013630695256,0,0,213.67670887414
0,0,0,97.5855511246009,262.382215657622,0,0,0,101.350815329073,0,101.85207633558,0,220.963068032256,0,146.770754374523,0,0,0,106.33736463831,202.712457066107,206.912707094411,0,111.226326353722,0,0,186.973586461633,0,76.5072790361762,0,0,137.239127032733,0,193.777661225572,276.620869034647,146.465927798921,0,150.161410108805,250.461724766314,151.806152521152,131.969743415579,101.5853655613
0,0,0,0,0,0,0,0,269.936825670274,325.937289045041,0,220.963068032256,0,0,0,0,0,0,0,0,0,0,0,0,0,0,0,0,165.893015276821,249.905610015455,0,0,0,0,0,0,161.302948562323,0,0,0,0
101.443495235174,0,0,188.936291522747,0,0,0,0,0,92.5207898118833,0,0,0,0,0,0,151.695570509541,0,94.7529894315991,0,0,82.4756938751058,0,0,0,104.369974912428,98.417953423071,225.013371621378,94.126460729827,0,0,0,0,259.442917595754,0,0,82.6426202489162,173.201474590904,261.605527103798,0,0
0,0,0,0,0,128.530575464043,0,0,139.792601838991,240.185081663983,0,146.770754374523,0,0,0,125.994729980093,0,0,119.728129215699,0,0,0,0,0,0,205.839960264176,180.90030328818,0,0,0,0,135.667029391615,0,0,0,263.534399241887,0,0,0,74.4197823064597,179.718364159796
0,0,0,0,115.868441404982,0,0,67.8267069095267,0,145.74089716123,0,0,0,0,125.994729980093,0,163.945208919892,0,106.926813611922,0,0,0,0,0,0,184.249961885477,62.859596780235,0,255.441154257905,0,0,211.840482897052,0,0,169.742003380707,0,0,0,0,0,0
0,0,0,0,201.100640800745,0,0,0,89.3673883748406,284.529238481835,0,0,0,151.695570509541,0,163.945208919892,0,0,0,0,0,0,0,0,0,0,0,95.7590805983148,0,0,0,160.537522273714,0,0,137.177378802006,0,161.694997919804,0,0,0,99.3508940827211
0,0,0,0,0,0,0,0,0,143.005810983322,241.57250333243,0,0,0,0,0,0,0,0,224.551207449728,0,0,0,259.055025639447,0,0,0,0,0,0,0,0,0,0,154.784755881607,128.405764333981,101.605593487621,0,0,133.984214699576,191.519780382943
0,0,0,0,0,0,0,0,0,194.442125915551,0,106.33736463831,0,94.7529894315991,119.728129215699,106.926813611922,0,0,0,0,173.538155409849,0,0,0,0,0,163.059043292369,100.812745974529,212.592150359921,261.440278806413,0,0,0,0,0,0,228.075434767255,314.611698427915,0,0,0
0,0,0,90.7216186966914,146.814226519809,0,0,92.5568465385234,0,142.054529471577,252.487290983309,202.712457066107,0,0,0,0,0,224.551207449728,0,0,74.7304794244225,0,104.915316975638,161.74915061469,0,73.4795582048751,0,173.059382066957,0,0,0,0,0,112.823430872325,89.9429017381717,62.311273509377,220.901129804706,347.376449530863,0,0,0
0,153.453047983244,0,0,0,0,0,192.601533877686,0,0,0,206.912707094411,0,0,0,0,0,0,173.538155409849,74.7304794244225,0,0,158.955087279859,0,0,198.528111506785,0,197.893790332676,0,0,0,0,0,231.715271819474,249.798812580765,0,320.356811100276,0,201.44584889478,0,247.66948903751
106.128596538706,0,0,0,125.416941482916,93.4234866874731,0,0,0,0,0,0,0,82.4756938751058,0,0,0,0,0,0,0,0,181.316358113209,0,0,0,0,0,0,0,0,309.997227542691,0,222.053792850439,0,353.822894641502,0,0,0,0,0
214.116367924649,0,0,0,58.3493451392805,0,0,0,0,0,155.24952173131,111.226326353722,0,0,0,0,0,0,0,104.915316975638,158.955087279859,181.316358113209,0,116.054372245433,0,0,0,357.423078228283,0,0,0,300.031143529538,0,108.381749703452,0,0,283.248188884028,81.2827395071039,323.781250289068,115.871357769661,0
0,345.797434674459,82.1742780037132,128.846764897717,0,168.241326865882,0,87.8456058929559,0,208.005106191961,0,0,0,0,0,0,0,259.055025639447,0,161.74915061469,0,0,116.054372245433,0,0,0,178.683678585178,139.654362654449,242.790381480436,141.204637091722,0,0,0,137.189596148386,0,196.04190773555,0,136.685314494491,114.649126378906,204.481117647118,82.6299537488922
0,0,0,0,0,206.472608421747,228.792310020318,0,0,0,138.425725342224,0,0,0,0,0,0,0,0,0,0,0,0,0,0,94.7280504127031,0,114.511014214502,200.878319874537,0,0,0,0,109.093416850988,0,333.645516435298,187.77054666536,0,0,138.33942793804,0
0,0,0,0,238.934743274142,0,0,90.1317194604647,0,0,117.208001126138,186.973586461633,0,104.369974912428,205.839960264176,184.249961885477,0,0,0,73.4795582048751,198.528111506785,0,0,0,94.7280504127031,0,195.822649557859,224.523755099568,241.635434294794,0,0,0,0,219.430938885781,241.682021696872,115.194491798135,80.8080171296381,164.032723165762,197.486504603685,92.3502314520023,0
0,0,0,0,0,0,0,251.098274723989,0,148.808626413748,162.833808134102,0,0,98.417953423071,180.90030328818,62.859596780235,0,0,163.059043292369,0,0,0,0,178.683678585178,0,195.822649557859,0,66.5008477853491,223.705816669619,219.040656038919,0,321.124897279917,0,155.901486485736,124.853650664477,115.541295036174,178.224497384947,85.6072705949986,0,167.066576495979,253.401634605989
0,0,195.378266313867,78.8552325762656,0,120.567029282014,161.275817184598,108.136066660554,205.09013266389,85.7623170715703,93.5029580098427,76.5072790361762,0,225.013371621378,0,0,95.7590805983148,0,100.812745974529,173.059382066957,197.893790332676,0,357.423078228283,139.654362654449,114.511014214502,224.523755099568,66.5008477853491,0,112.793316814908,0,0,0,169.453147353278,119.345624434514,193.63278243493,154.070293657878,348.674510760064,0,0,195.314816908693,81.9664354533492
0,0,157.852515740516,134.566479261133,0,0,75.4497121078207,158.567996645797,103.519938150021,0,0,0,165.893015276821,94.126460729827,0,255.441154257905,0,0,212.592150359921,0,0,0,0,242.790381480436,200.878319874537,241.635434294794,223.705816669619,112.793316814908,0,0,0,0,192.135034768848,84.3635741045246,0,151.036729364761,231.050882209,183.786860782462,0,116.176698124939,115.114253591495
0,0,0,0,0,112.349934713559,0,0,0,219.078548227669,0,0,249.905610015455,0,0,0,0,0,261.440278806413,0,0,0,0,141.204637091722,0,0,219.040656038919,0,0,0,0,0,0,94.8881692391942,0,140.574866691684,89.707245288964,0,217.157696745803,198.964527389285,0
0,0,0,0,0,0,0,0,0,0,204.084074037941,137.239127032733,0,0,0,0,0,0,0,0,0,0,0,0,0,0,0,0,0,0,0,0,0,154.142998692322,74.5815074003433,0,135.294330067913,171.906398392157,0,0,0
0,0,0,0,0,0,0,0,0,0,0,0,0,0,135.667029391615,211.840482897052,160.537522273714,0,0,0,0,309.997227542691,300.031143529538,0,0,0,321.124897279917,0,0,0,0,0,0,159.183173818572,98.6790043377568,133.218162784108,218.045528847001,0,0,335.371040201042,0
0,0,0,0,0,0,0,192.693757128262,0,280.376028997576,0,193.777661225572,0,0,0,0,0,0,0,0,0,0,0,0,0,0,0,169.453147353278,192.135034768848,0,0,0,0,0,0,0,0,0,0,0,0
321.864157986053,0,0,0,0,80.4367166559625,0,205.183249704085,0,142.385058730083,0,276.620869034647,0,259.442917595754,0,0,0,0,0,112.823430872325,231.715271819474,222.053792850439,108.381749703452,137.189596148386,109.093416850988,219.430938885781,155.901486485736,119.345624434514,84.3635741045246,94.8881692391942,154.142998692322,159.183173818572,0,0,186.348837226466,209.996727521564,178.748963182352,98.2230592632363,338.131802716296,122.106946855269,70.4221432298295
0,125.81518738273,0,97.3506957544063,61.0664810463559,72.2278283150671,165.597665022977,96.7845769653343,94.9380989123498,160.530221557972,118.522099274347,146.465927798921,0,0,0,169.742003380707,137.177378802006,154.784755881607,0,89.9429017381717,249.798812580765,0,0,0,0,241.682021696872,124.853650664477,193.63278243493,0,0,74.5815074003433,98.6790043377568,0,186.348837226466,0,0,161.325017232684,303.527509149359,0,71.5579325720569,221.805809452716
0,101.895308036513,0,115.332064605654,0,0,139.93285932648,0,0,0,0,0,0,0,263.534399241887,0,0,128.405764333981,0,62.311273509377,0,353.822894641502,0,196.04190773555,333.645516435298,115.194491798135,115.541295036174,154.070293657878,151.036729364761,140.574866691684,0,133.218162784108,0,209.996727521564,0,0,0,110.384905066973,306.344527664232,236.681907140956,0
0,172.892533368851,232.945974238958,0,73.1029054543569,113.144980278377,180.355266595273,78.9559315574845,171.230058197369,329.719143597451,0,150.161410108805,161.302948562323,82.6426202489162,0,0,161.694997919804,101.605593487621,228.075434767255,220.901129804706,320.356811100276,0,283.248188884028,0,187.77054666536,80.8080171296381,178.224497384947,348.674510760064,231.050882209,89.707245288964,135.294330067913,218.045528847001,0,178.748963182352,161.325017232684,0,0,153.672550905948,0,111.435629183184,99.2646516363145
0,0,0,0,196.032358954952,0,175.196329314064,0,0,0,174.013630695256,250.461724766314,0,173.201474590904,0,0,0,0,314.611698427915,347.376449530863,0,0,81.2827395071039,136.685314494491,0,164.032723165762,85.6072705949986,0,183.786860782462,0,171.906398392157,0,0,98.2230592632363,303.527509149359,110.384905066973,153.672550905948,0,146.99041817625,97.3232815600345,173.001559092555
0,0,0,177.763106506206,151.01089327964,0,0,153.609372090384,0,0,0,151.806152521152,0,261.605527103798,0,0,0,0,0,0,201.44584889478,0,323.781250289068,114.649126378906,0,197.486504603685,0,0,0,217.157696745803,0,0,0,338.131802716296,0,306.344527664232,0,146.99041817625,0,289.631679007608,153.876396855887
0,96.5937438588657,0,190.185165668632,0,154.065933476765,151.075371308616,113.059176128709,199.492852797962,0,0,131.969743415579,0,0,74.4197823064597,0,0,133.984214699576,0,0,0,0,115.871357769661,204.481117647118,138.33942793804,92.3502314520023,167.066576495979,195.314816908693,116.176698124939,198.964527389285,0,335.371040201042,0,122.106946855269,71.5579325720569,236.681907140956,111.435629183184,97.3232815600345,289.631679007608,0,134.960780198024
0,0,0,0,71.4788760670054,106.533627130087,172.608400267715,0,124.698445421759,193.055010680236,213.67670887414,101.5853655613,0,0,179.718364159796,0,99.3508940827211,191.519780382943,0,0,247.66948903751,0,0,82.6299537488922,0,0,253.401634605989,81.9664354533492,115.114253591495,0,0,0,0,70.4221432298295,221.805809452716,0,99.2646516363145,173.001559092555,153.876396855887,134.960780198024,0
