0,116.176698124939,0,0,0,0,0,0,0,141.204637091722,0,0,0,0,0,0,0,0,0,0,0,0,0,0,0,0,81.9664354533492,145.74089716123,0,0,0,0,0,0,162.833808134102,0,347.376449530863,0,0,0,0
116.176698124939,0,0,0,0,0,0,0,0,0,0,0,0,0,0,0,153.453047983244,0,0,227.504408813069,0,0,0,0,0,0,0,0,0,0,0,0,0,217.157696745803,0,314.611698427915,0,98.417953423071,0,75.4497121078207,0
0,0,0,0,0,0,0,0,0,0,0,89.3673883748406,0,0,0,0,0,0,0,0,0,0,236.681907140956,0,0,0,0,357.423078228283,0,0,0,0,0,125.81518738273,226.825099357786,0,0,0,0,0,0
0,0,0,0,0,0,0,0,0,206.472608421747,146.465927798921,0,0,0,0,0,0,205.183249704085,0,186.348837226466,0,0,0,115.871357769661,0,0,0,80.8080171296381,94.7529894315991,0,0,306.640284138334,0,139.93285932648,345.797434674459,0,171.906398392157,112.793316814908,0,0,115.194491798135
0,0,0,0,0,255.441154257905,0,0,0,178.224497384947,104.915316975638,0,0,0,206.912707094411,0,0,0,231.715271819474,0,58.3493451392805,125.416941482916,0,0,0,0,124.698445421759,0,120.912756812582,0,139.654362654449,0,0,188.936291522747,0,0,0,94.7280504127031,0,82.6299537488922,309.997227542691
0,0,0,0,255.441154257905,0,172.608400267715,0,0,177.763106506206,0,0,0,0,0,0,0,0,0,0,0,0,0,113.059176128709,0,101.5853655613,192.135034768848,348.674510760064,0,161.74915061469,62.311273509377,0,0,0,154.142998692322,194.442125915551,175.196329314064,167.066576495979,0,191.519780382943,0
0,0,0,0,0,172.608400267715,0,0,0,0,0,154.784755881607,103.519938150021,0,0,122.106946855269,0,160.530221557972,205.839960264176,0,0,0,0,71.4788760670054,0,0,193.659409924573,0,211.840482897052,0,0,0,0,192.601533877686,111.226326353722,0,333.645516435298,0,0,74.7304794244225,0
0,0,0,0,0,0,0,0,214.116367924649,161.325017232684,0,137.239127032733,0,140.574866691684,0,70.4221432298295,0,0,0,151.01089327964,321.864157986053,0,0,89.9429017381717,0,200.878319874537,197.486504603685,253.401634605989,0,142.054529471577,0,0,0,0,0,108.136066660554,94.126460729827,0,0,181.316358113209,95.7590805983148
0,0,0,0,0,0,0,214.116367924649,0,0,148.808626413748,0,0,138.425725342224,82.6426202489162,0,0,0,0,146.814226519809,0,0,0,0,0,67.8267069095267,0,261.440278806413,0,0,0,0,269.936825670274,0,0,0,155.901486485736,153.672550905948,0,119.345624434514,0
141.204637091722,0,0,206.472608421747,178.224497384947,177.763106506206,0,161.325017232684,0,0,335.371040201042,87.8456058929559,0,101.895308036513,0,137.189596148386,172.892533368851,0,195.378266313867,0,0,197.893790332676,0,78.8552325762656,0,0,0,0,0,188.851177466023,0,0,0,218.045528847001,158.955087279859,0,173.059382066957,0,125.994729980093,0,0
0,0,0,146.465927798921,104.915316975638,0,0,0,148.808626413748,335.371040201042,0,323.781250289068,0,283.248188884028,0,0,0,159.183173818572,0,0,0,240.185081663983,0,198.528111506785,0,142.385058730083,80.4367166559625,220.963068032256,0,0,0,0,0,0,0,106.128596538706,0,223.705816669619,0,238.934743274142,186.973586461633
0,0,89.3673883748406,0,0,0,154.784755881607,137.239127032733,0,87.8456058929559,323.781250289068,0,0,108.381749703452,0,0,0,325.937289045041,169.742003380707,222.053792850439,0,131.969743415579,179.718364159796,320.356811100276,119.728129215699,0,251.098274723989,193.63278243493,0,0,0,146.770754374523,0,0,249.905610015455,0,180.90030328818,92.3502314520023,263.534399241887,0,97.3506957544063
0,0,0,0,0,0,103.519938150021,0,0,0,0,0,0,0,0,0,0,0,0,0,0,0,0,0,0,0,0,193.055010680236,168.241326865882,0,0,0,0,262.382215657622,0,0,137.177378802006,0,0,150.161410108805,0
0,0,0,0,0,0,0,140.574866691684,138.425725342224,101.895308036513,283.248188884028,108.381749703452,0,0,0,0,0,90.1317194604647,0,0,90.7216186966914,0,99.3508940827211,81.2827395071039,0,0,99.2646516363145,0,220.901129804706,0,0,0,0,0,196.032358954952,0,0,101.605593487621,0,0,112.823430872325
0,0,0,0,206.912707094411,0,0,0,82.6426202489162,0,0,0,0,0,0,0,0,0,196.04190773555,92.5568465385234,0,0,0,0,0,0,204.481117647118,174.013630695256,0,0,0,138.33942793804,0,155.24952173131,173.001559092555,0,89.707245288964,178.683678585178,0,94.8881692391942,0
0,0,0,0,0,0,122.106946855269,70.4221432298295,0,137.189596148386,0,0,0,0,0,0,136.792307586862,115.868441404982,0,0,0,0,0,0,136.685314494491,0,0,0,0,0,0,0,0,0,146.99041817625,225.013371621378,0,219.040656038919,195.314816908693,98.2230592632363,0
0,153.453047983244,0,0,0,0,0,0,0,172.892533368851,0,0,0,0,0,136.792307586862,0,0,0,0,0,0,117.208001126138,289.631679007608,0,0,0,0,101.443495235174,284.529238481835,0,0,0,0,241.57250333243,0,190.185165668632,0,0,0,78.9559315574845
0,0,0,205.183249704085,0,0,160.530221557972,0,0,0,159.183173818572,325.937289045041,0,90.1317194604647,0,115.868441404982,0,0,0,0,0,0,0,0,0,0,0,128.530575464043,0,0,0,0,0,165.893015276821,0,106.533627130087,0,0,0,0,0
0,0,0,0,231.715271819474,0,205.839960264176,0,0,195.378266313867,0,169.742003380707,0,0,196.04190773555,0,0,0,0,0,0,0,0,0,0,0,0,276.620869034647,143.005810983322,0,0,0,0,97.3232815600345,0,0,241.635434294794,118.522099274347,0,165.597665022977,173.201474590904
0,227.504408813069,0,186.348837226466,0,0,0,151.01089327964,146.814226519809,0,0,222.053792850439,0,0,92.5568465385234,0,0,0,0,0,0,0,0,0,0,96.7845769653343,0,100.812745974529,0,124.853650664477,115.114253591495,195.822649557859,0,0,232.945974238958,215.611029055736,114.511014214502,0,300.031143529538,106.926813611922,242.790381480436
0,0,0,0,58.3493451392805,0,0,321.864157986053,0,0,0,0,0,90.7216186966914,0,0,0,0,0,0,0,0,0,151.695570509541,259.442917595754,161.694997919804,209.996727521564,128.846764897717,0,0,0,0,0,0,161.302948562323,247.66948903751,0,82.1742780037132,0,153.609372090384,92.5207898118833
0,0,0,0,125.416941482916,0,0,0,0,197.893790332676,240.185081663983,131.969743415579,0,0,0,0,0,0,0,0,0,0,0,135.294330067913,0,0,0,0,0,0,0,0,0,321.124897279917,0,250.461724766314,303.527509149359,0,0,0,0
0,0,236.681907140956,0,0,0,0,0,0,0,0,179.718364159796,0,99.3508940827211,0,0,117.208001126138,0,0,0,0,0,0,96.5937438588657,0,134.566479261133,0,93.5029580098427,109.093416850988,0,0,0,164.032723165762,74.5815074003433,224.523755099568,128.405764333981,114.649126378906,76.5072790361762,161.275817184598,0,0
0,0,0,115.871357769661,0,113.059176128709,71.4788760670054,89.9429017381717,0,78.8552325762656,198.528111506785,320.356811100276,0,81.2827395071039,0,0,289.631679007608,0,0,0,151.695570509541,135.294330067913,96.5937438588657,0,0,85.7623170715703,0,353.822894641502,0,201.44584889478,0,0,0,221.805809452716,0,0,205.09013266389,0,0,178.748963182352,110.384905066973
0,0,0,0,0,0,0,0,0,0,0,119.728129215699,0,0,0,136.685314494491,0,0,0,0,259.442917595754,0,0,0,0,133.218162784108,0,219.430938885781,212.592150359921,0,0,198.964527389285,0,0,135.667029391615,0,71.5579325720569,0,0,0,115.332064605654
0,0,0,0,0,101.5853655613,0,200.878319874537,67.8267069095267,0,142.385058730083,0,0,0,0,0,0,0,0,96.7845769653343,161.694997919804,0,134.566479261133,85.7623170715703,133.218162784108,0,306.344527664232,224.551207449728,113.144980278377,72.2278283150671,0,329.719143597451,0,241.682021696872,116.054372245433,0,261.605527103798,157.852515740516,0,183.786860782462,163.945208919892
81.9664354533492,0,0,0,124.698445421759,192.135034768848,193.659409924573,197.486504603685,0,0,80.4367166559625,251.098274723989,0,99.2646516363145,204.481117647118,0,0,0,0,0,209.996727521564,0,0,0,0,306.344527664232,0,82.4756938751058,61.0664810463559,0,0,0,0,151.806152521152,133.984214699576,115.541295036174,0,283.88658203332,231.050882209,173.538155409849,94.9380989123498
145.74089716123,0,357.423078228283,80.8080171296381,0,348.674510760064,0,253.401634605989,261.440278806413,0,220.963068032256,193.63278243493,193.055010680236,0,174.013630695256,0,0,128.530575464043,276.620869034647,100.812745974529,128.846764897717,0,93.5029580098427,353.822894641502,219.430938885781,224.551207449728,82.4756938751058,0,101.350815329073,0,0,0,192.693757128262,106.33736463831,180.543851962045,201.100640800745,111.435629183184,0,0,73.4795582048751,134.960780198024
0,0,0,94.7529894315991,120.912756812582,0,211.840482897052,0,0,0,0,0,168.241326865882,220.901129804706,0,0,101.443495235174,0,143.005810983322,0,0,0,109.093416850988,0,212.592150359921,113.144980278377,61.0664810463559,101.350815329073,0,66.5008477853491,193.777661225572,158.567996645797,0,104.369974912428,0,0,154.070293657878,204.084074037941,180.355266595273,154.065933476765,228.792310020318
0,0,0,0,0,161.74915061469,0,142.054529471577,0,188.851177466023,0,0,0,0,0,0,284.529238481835,0,0,124.853650664477,0,0,0,201.44584889478,0,72.2278283150671,0,0,66.5008477853491,0,0,0,0,153.876396855887,0,0,151.036729364761,0,0,0,74.4197823064597
0,0,0,0,139.654362654449,62.311273509377,0,0,0,0,0,0,0,0,0,0,0,0,0,115.114253591495,0,0,0,0,0,0,0,0,193.777661225572,0,0,0,0,202.712457066107,0,0,171.230058197369,0,0,0,0
0,0,0,306.640284138334,0,0,0,0,0,0,0,146.770754374523,0,0,138.33942793804,0,0,0,0,195.822649557859,0,0,0,0,198.964527389285,329.719143597451,0,0,158.567996645797,0,0,0,0,213.67670887414,62.859596780235,338.131802716296,139.792601838991,0,0,0,0
0,0,0,0,0,0,0,0,269.936825670274,0,0,0,0,0,0,0,0,0,0,0,0,0,164.032723165762,0,0,0,0,192.693757128262,0,0,0,0,0,0,0,0,0,0,169.453147353278,259.055025639447,0
0,217.157696745803,125.81518738273,139.93285932648,188.936291522747,0,192.601533877686,0,0,218.045528847001,0,0,262.382215657622,0,155.24952173131,0,0,165.893015276821,97.3232815600345,0,0,321.124897279917,74.5815074003433,221.805809452716,0,241.682021696872,151.806152521152,106.33736463831,104.369974912428,153.876396855887,202.712457066107,213.67670887414,0,0,85.6072705949986,120.567029282014,98.6790043377568,0,163.059043292369,101.85207633558,184.249961885477
162.833808134102,0,226.825099357786,345.797434674459,0,154.142998692322,111.226326353722,0,0,158.955087279859,0,249.905610015455,0,196.032358954952,173.001559092555,146.99041817625,241.57250333243,0,0,232.945974238958,161.302948562323,0,224.523755099568,0,135.667029391615,116.054372245433,133.984214699576,180.543851962045,0,0,0,62.859596780235,0,85.6072705949986,0,219.078548227669,84.3635741045246,151.075371308616,252.487290983309,228.075434767255,0
0,314.611698427915,0,0,0,194.442125915551,0,108.136066660554,0,0,106.128596538706,0,0,0,0,225.013371621378,0,106.533627130087,0,215.611029055736,247.66948903751,250.461724766314,128.405764333981,0,0,0,115.541295036174,201.100640800745,0,0,0,338.131802716296,0,120.567029282014,219.078548227669,0,93.4234866874731,280.376028997576,187.77054666536,208.005106191961,0
347.376449530863,0,0,171.906398392157,0,175.196329314064,333.645516435298,94.126460729827,155.901486485736,173.059382066957,0,180.90030328818,137.177378802006,0,89.707245288964,0,190.185165668632,0,241.635434294794,114.511014214502,0,303.527509149359,114.649126378906,205.09013266389,71.5579325720569,261.605527103798,0,111.435629183184,154.070293657878,151.036729364761,171.230058197369,139.792601838991,0,98.6790043377568,84.3635741045246,93.4234866874731,0,97.5855511246009,89.1590885155172,199.492852797962,160.537522273714
0,98.417953423071,0,112.793316814908,94.7280504127031,167.066576495979,0,0,153.672550905948,0,223.705816669619,92.3502314520023,0,101.605593487621,178.683678585178,219.040656038919,0,0,118.522099274347,0,82.1742780037132,0,76.5072790361762,0,0,157.852515740516,283.88658203332,0,204.084074037941,0,0,0,0,0,151.075371308616,280.376028997576,97.5855511246009,0,94.027247878695,0,0
0,0,0,0,0,0,0,0,0,125.994729980093,0,263.534399241887,0,0,0,195.314816908693,0,0,0,300.031143529538,0,0,161.275817184598,0,0,0,231.050882209,0,180.355266595273,0,0,0,169.453147353278,163.059043292369,252.487290983309,187.77054666536,89.1590885155172,94.027247878695,0,249.798812580765,73.1029054543569
0,75.4497121078207,0,0,82.6299537488922,191.519780382943,74.7304794244225,181.316358113209,119.345624434514,0,238.934743274142,0,150.161410108805,0,94.8881692391942,98.2230592632363,0,0,165.597665022977,106.926813611922,153.609372090384,0,0,178.748963182352,0,183.786860782462,173.538155409849,73.4795582048751,154.065933476765,0,0,0,259.055025639447,101.85207633558,228.075434767255,208.005106191961,199.492852797962,0,249.798812580765,0,112.349934713559
0,0,0,115.194491798135,309.997227542691,0,0,95.7590805983148,0,0,186.973586461633,97.3506957544063,0,112.823430872325,0,0,78.9559315574845,0,173.201474590904,242.790381480436,92.5207898118833,0,0,110.384905066973,115.332064605654,163.945208919892,94.9380989123498,134.960780198024,228.792310020318,74.4197823064597,0,0,0,184.249961885477,0,0,160.537522273714,0,73.1029054543569,112.349934713559,0
