0,0,0,0,0,0,217.157696745803,0,0,0,0,345.797434674459,0,0,0,0,0,0,0,0,0,0,0,0,0,0,0,0,0,0,0,0,0,0,84.3635741045246,0,259.055025639447,0,0,148.808626413748,163.059043292369
0,0,0,0,0,0,0,309.997227542691,201.100640800745,0,0,0,0,0,0,0,280.376028997576,0,0,0,0,0,0,0,0,0,0,117.208001126138,0,0,0,0,0,73.4795582048751,0,0,113.059176128709,0,96.7845769653343,0,0
0,0,0,0,108.381749703452,0,0,0,0,0,0,173.059382066957,0,0,0,0,0,0,0,0,0,0,0,0,98.6790043377568,0,0,0,0,0,0,0,0,0,114.649126378906,306.344527664232,0,0,0,0,0
0,0,0,0,0,0,0,0,218.045528847001,138.425725342224,0,0,0,172.608400267715,0,0,0,0,0,0,0,89.3673883748406,0,0,0,325.937289045041,61.0664810463559,139.792601838991,106.33736463831,0,0,231.715271819474,0,0,0,135.667029391615,71.4788760670054,0,161.275817184598,184.249961885477,0
0,0,108.381749703452,0,0,0,0,0,0,0,0,159.183173818572,0,0,0,101.5853655613,0,0,289.631679007608,106.128596538706,0,0,241.682021696872,0,0,198.528111506785,101.895308036513,0,225.013371621378,0,0,0,0,0,219.078548227669,78.9559315574845,154.142998692322,197.486504603685,0,347.376449530863,0
0,0,0,0,0,0,0,133.984214699576,0,0,0,119.728129215699,0,98.417953423071,0,232.945974238958,0,0,0,0,0,0,153.453047983244,191.519780382943,0,157.852515740516,205.09013266389,131.969743415579,0,0,0,0,98.2230592632363,172.892533368851,0,0,200.878319874537,115.332064605654,0,222.053792850439,0
217.157696745803,0,0,0,0,0,0,151.075371308616,0,0,133.218162784108,118.522099274347,0,0,153.609372090384,0,0,0,0,67.8267069095267,72.2278283150671,0,0,221.805809452716,0,202.712457066107,195.822649557859,0,0,0,0,0,0,0,89.9429017381717,0,104.369974912428,250.461724766314,0,0,0
0,309.997227542691,0,0,0,133.984214699576,151.075371308616,0,0,145.74089716123,180.355266595273,0,0,321.864157986053,90.1317194604647,214.116367924649,0,0,0,0,188.936291522747,0,0,89.1590885155172,0,0,0,116.176698124939,0,0,0,151.695570509541,0,106.533627130087,0,0,112.793316814908,0,231.050882209,0,101.605593487621
0,201.100640800745,0,218.045528847001,0,0,0,0,0,0,283.88658203332,0,155.901486485736,0,0,0,0,0,0,0,0,0,0,0,0,0,211.840482897052,125.994729980093,0,85.6072705949986,253.401634605989,0,0,171.230058197369,0,197.893790332676,199.492852797962,0,0,0,0
0,0,0,138.425725342224,0,0,0,145.74089716123,0,0,109.093416850988,0,0,94.8881692391942,139.93285932648,0,0,0,0,0,161.302948562323,261.440278806413,190.185165668632,0,0,0,0,162.833808134102,94.7529894315991,71.5579325720569,0,0,0,94.126460729827,261.605527103798,169.453147353278,89.707245288964,174.013630695256,0,101.350815329073,120.912756812582
0,0,0,0,0,0,133.218162784108,180.355266595273,283.88658203332,109.093416850988,0,0,0,115.868441404982,0,0,0,0,0,0,0,0,116.054372245433,0,0,66.5008477853491,99.2646516363145,178.748963182352,158.955087279859,0,0,128.405764333981,0,0,165.597665022977,0,348.674510760064,92.5568465385234,251.098274723989,58.3493451392805,0
345.797434674459,0,173.059382066957,0,159.183173818572,119.728129215699,118.522099274347,0,0,0,0,0,0,0,74.7304794244225,93.5029580098427,73.1029054543569,196.04190773555,0,206.472608421747,0,0,0,173.538155409849,0,151.806152521152,178.683678585178,0,323.781250289068,0,0,0,0,108.136066660554,255.441154257905,338.131802716296,125.416941482916,0,236.681907140956,204.481117647118,142.054529471577
0,0,0,0,0,0,0,0,155.901486485736,0,0,0,0,0,0,0,0,0,0,0,0,0,0,0,167.066576495979,81.9664354533492,0,0,0,0,0,137.189596148386,0,0,0,0,124.698445421759,0,0,0,169.742003380707
0,0,0,172.608400267715,0,98.417953423071,0,321.864157986053,0,94.8881692391942,115.868441404982,0,0,0,0,0,0,0,0,0,0,0,0,0,0,0,0,306.640284138334,187.77054666536,101.443495235174,0,154.070293657878,0,82.6426202489162,161.694997919804,0,242.790381480436,0,0,209.996727521564,329.719143597451
0,0,0,0,0,0,153.609372090384,90.1317194604647,0,139.93285932648,0,74.7304794244225,0,0,0,0,0,0,224.551207449728,0,0,161.74915061469,0,0,0,0,74.5815074003433,0,0,119.345624434514,241.635434294794,0,0,269.936825670274,0,137.239127032733,0,284.529238481835,0,0,0
0,0,0,0,101.5853655613,232.945974238958,0,214.116367924649,0,0,0,93.5029580098427,0,0,0,0,0,0,0,0,0,99.3508940827211,0,0,0,178.224497384947,112.823430872325,0,215.611029055736,0,0,219.430938885781,0,0,0,0,0,303.527509149359,0,194.442125915551,0
0,280.376028997576,0,0,0,0,0,0,0,0,0,73.1029054543569,0,0,0,0,0,0,0,155.24952173131,195.314816908693,0,0,173.001559092555,0,0,0,0,0,0,135.294330067913,0,0,208.005106191961,262.382215657622,0,0,0,0,136.792307586862,146.99041817625
0,0,0,0,0,0,0,0,0,0,0,196.04190773555,0,0,0,0,0,0,0,0,0,0,0,0,0,0,204.084074037941,101.85207633558,0,0,0,0,0,125.81518738273,143.005810983322,171.906398392157,227.504408813069,212.592150359921,0,76.5072790361762,0
0,0,0,0,289.631679007608,0,0,0,0,0,0,0,0,0,224.551207449728,0,0,0,0,192.135034768848,0,0,259.442917595754,0,0,0,62.859596780235,139.654362654449,180.543851962045,0,0,0,0,0,0,0,94.7280504127031,85.7623170715703,111.435629183184,115.541295036174,177.763106506206
0,0,0,0,106.128596538706,0,67.8267069095267,0,0,0,0,206.472608421747,0,0,0,0,155.24952173131,0,192.135034768848,0,180.90030328818,0,0,163.945208919892,0,92.5207898118833,0,165.893015276821,249.905610015455,0,0,0,111.226326353722,94.9380989123498,97.3506957544063,0,314.611698427915,106.926813611922,249.798812580765,0,158.567996645797
0,0,0,0,0,0,72.2278283150671,188.936291522747,0,161.302948562323,0,0,0,0,0,0,195.314816908693,0,0,180.90030328818,0,0,146.814226519809,120.567029282014,0,0,75.4497121078207,0,0,0,0,0,0,181.316358113209,198.964527389285,82.4756938751058,161.325017232684,0,154.784755881607,0,0
0,0,0,89.3673883748406,0,0,0,0,0,261.440278806413,0,0,0,0,161.74915061469,99.3508940827211,0,0,0,0,0,0,0,175.196329314064,0,0,0,96.5937438588657,0,0,0,0,0,0,192.693757128262,0,0,140.574866691684,0,0,0
0,0,0,0,241.682021696872,153.453047983244,0,0,0,190.185165668632,116.054372245433,0,0,0,0,0,0,0,259.442917595754,0,146.814226519809,0,0,0,0,136.685314494491,0,247.66948903751,97.5855511246009,82.1742780037132,0,0,0,137.177378802006,80.8080171296381,357.423078228283,0,226.825099357786,0,0,195.378266313867
0,0,0,0,0,191.519780382943,221.805809452716,89.1590885155172,0,0,0,173.538155409849,0,0,0,0,173.001559092555,0,0,163.945208919892,120.567029282014,175.196329314064,0,0,0,138.33942793804,0,168.241326865882,0,0,103.519938150021,114.511014214502,0,113.144980278377,81.2827395071039,192.601533877686,115.194491798135,95.7590805983148,0,283.248188884028,90.7216186966914
0,0,98.6790043377568,0,0,0,0,0,0,0,0,0,167.066576495979,0,0,0,0,0,0,0,0,0,0,0,0,0,0,150.161410108805,196.032358954952,100.812745974529,0,0,0,151.01089327964,353.822894641502,213.67670887414,0,0,94.027247878695,263.534399241887,0
0,0,0,325.937289045041,198.528111506785,157.852515740516,202.712457066107,0,0,0,66.5008477853491,151.806152521152,81.9664354533492,0,0,178.224497384947,0,0,0,92.5207898118833,0,0,136.685314494491,138.33942793804,0,0,186.973586461633,252.487290983309,0,0,0,0,0,92.3502314520023,97.3232815600345,183.786860782462,160.537522273714,220.963068032256,62.311273509377,112.349934713559,0
0,0,0,61.0664810463559,101.895308036513,205.09013266389,195.822649557859,0,211.840482897052,0,99.2646516363145,178.683678585178,0,0,74.5815074003433,112.823430872325,0,204.084074037941,62.859596780235,0,75.4497121078207,0,0,0,0,186.973586461633,0,80.4367166559625,228.075434767255,0,0,0,300.031143529538,276.620869034647,0,0,220.901129804706,240.185081663983,0,0,153.876396855887
0,117.208001126138,0,139.792601838991,0,131.969743415579,0,116.176698124939,125.994729980093,162.833808134102,178.748963182352,0,0,306.640284138334,0,0,0,101.85207633558,139.654362654449,165.893015276821,0,96.5937438588657,247.66948903751,168.241326865882,150.161410108805,252.487290983309,80.4367166559625,0,335.371040201042,219.040656038919,142.385058730083,0,193.777661225572,134.566479261133,160.530221557972,201.44584889478,0,0,146.770754374523,115.114253591495,134.960780198024
0,0,0,106.33736463831,225.013371621378,0,0,0,0,94.7529894315991,158.955087279859,323.781250289068,0,187.77054666536,0,215.611029055736,0,0,180.543851962045,249.905610015455,0,0,97.5855511246009,0,196.032358954952,0,228.075434767255,335.371040201042,0,0,0,0,0,70.4221432298295,115.871357769661,146.465927798921,122.106946855269,141.204637091722,104.915316975638,164.032723165762,154.065933476765
0,0,0,0,0,0,0,0,85.6072705949986,71.5579325720569,0,0,0,101.443495235174,119.345624434514,0,0,0,0,0,0,0,82.1742780037132,0,100.812745974529,0,0,219.040656038919,0,0,0,0,0,74.4197823064597,128.530575464043,0,153.672550905948,0,0,173.201474590904,0
0,0,0,0,0,0,0,0,253.401634605989,0,0,0,0,0,241.635434294794,0,135.294330067913,0,0,0,0,0,0,103.519938150021,0,0,0,142.385058730083,0,0,0,0,0,0,0,0,0,0,0,228.792310020318,0
0,0,0,231.715271819474,0,0,0,151.695570509541,0,0,128.405764333981,0,137.189596148386,154.070293657878,0,219.430938885781,0,0,0,0,0,0,0,114.511014214502,0,0,0,0,0,0,0,0,0,78.8552325762656,0,0,193.055010680236,0,0,93.4234866874731,82.6299537488922
0,0,0,0,0,98.2230592632363,0,0,0,0,0,0,0,0,0,0,0,0,0,111.226326353722,0,0,0,0,0,0,300.031143529538,193.777661225572,0,0,0,0,0,0,0,0,0,0,0,0,223.705816669619
0,73.4795582048751,0,0,0,172.892533368851,0,106.533627130087,171.230058197369,94.126460729827,0,108.136066660554,0,82.6426202489162,269.936825670274,0,208.005106191961,125.81518738273,0,94.9380989123498,181.316358113209,0,137.177378802006,113.144980278377,151.01089327964,92.3502314520023,276.620869034647,134.566479261133,70.4221432298295,74.4197823064597,0,78.8552325762656,0,0,188.851177466023,128.846764897717,241.57250333243,333.645516435298,0,0,124.853650664477
84.3635741045246,0,114.649126378906,0,219.078548227669,0,89.9429017381717,0,0,261.605527103798,165.597665022977,255.441154257905,0,161.694997919804,0,0,262.382215657622,143.005810983322,0,97.3506957544063,198.964527389285,192.693757128262,80.8080171296381,81.2827395071039,353.822894641502,97.3232815600345,0,160.530221557972,115.871357769661,128.530575464043,0,0,0,188.851177466023,0,0,205.183249704085,321.124897279917,0,186.348837226466,110.384905066973
0,0,306.344527664232,135.667029391615,78.9559315574845,0,0,0,197.893790332676,169.453147353278,0,338.131802716296,0,0,137.239127032733,0,0,171.906398392157,0,0,82.4756938751058,0,357.423078228283,192.601533877686,213.67670887414,183.786860782462,0,201.44584889478,146.465927798921,0,0,0,0,128.846764897717,0,0,238.934743274142,0,0,87.8456058929559,193.659409924573
259.055025639447,113.059176128709,0,71.4788760670054,154.142998692322,200.878319874537,104.369974912428,112.793316814908,199.492852797962,89.707245288964,348.674510760064,125.416941482916,124.698445421759,242.790381480436,0,0,0,227.504408813069,94.7280504127031,314.611698427915,161.325017232684,0,0,115.194491798135,0,160.537522273714,220.901129804706,0,122.106946855269,153.672550905948,0,193.055010680236,0,241.57250333243,205.183249704085,238.934743274142,0,193.63278243493,320.356811100276,179.718364159796,151.036729364761
0,0,0,0,197.486504603685,115.332064605654,250.461724766314,0,0,174.013630695256,92.5568465385234,0,0,0,284.529238481835,303.527509149359,0,212.592150359921,85.7623170715703,106.926813611922,0,140.574866691684,226.825099357786,95.7590805983148,0,220.963068032256,240.185081663983,0,141.204637091722,0,0,0,0,333.645516435298,321.124897279917,0,193.63278243493,0,0,224.523755099568,0
0,96.7845769653343,0,161.275817184598,0,0,0,231.050882209,0,0,251.098274723989,236.681907140956,0,0,0,0,0,0,111.435629183184,249.798812580765,154.784755881607,0,0,0,94.027247878695,62.311273509377,0,146.770754374523,104.915316975638,0,0,0,0,0,0,0,320.356811100276,0,0,205.839960264176,206.912707094411
148.808626413748,0,0,184.249961885477,347.376449530863,222.053792850439,0,0,0,101.350815329073,58.3493451392805,204.481117647118,0,209.996727521564,0,194.442125915551,136.792307586862,76.5072790361762,115.541295036174,0,0,0,0,283.248188884028,263.534399241887,112.349934713559,0,115.114253591495,164.032723165762,173.201474590904,228.792310020318,93.4234866874731,0,0,186.348837226466,87.8456058929559,179.718364159796,224.523755099568,205.839960264176,0,0
163.059043292369,0,0,0,0,0,0,101.605593487621,0,120.912756812582,0,142.054529471577,169.742003380707,329.719143597451,0,0,146.99041817625,0,177.763106506206,158.567996645797,0,0,195.378266313867,90.7216186966914,0,0,153.876396855887,134.960780198024,154.065933476765,0,0,82.6299537488922,223.705816669619,124.853650664477,110.384905066973,193.659409924573,151.036729364761,0,206.912707094411,0,0
