0,0,0,0,73.1029054543569,0,0,0,0,0,0,0,0,0,241.682021696872,0,0,0,0,0,0,0,0,0,0,262.382215657622,0,0,0,0,0,0,0,0,0,78.8552325762656,82.4756938751058,0,0,215.611029055736,0
0,0,0,146.465927798921,0,195.822649557859,208.005106191961,0,0,0,0,94.8881692391942,0,0,0,0,0,84.3635741045246,0,0,0,0,0,0,0,0,0,0,134.566479261133,0,0,0,0,0,0,0,283.248188884028,0,0,0,0
0,0,0,0,0,0,0,0,0,197.486504603685,0,241.57250333243,0,0,0,0,0,0,0,0,0,0,0,0,0,0,0,0,174.013630695256,0,0,0,0,0,0,0,153.453047983244,0,0,167.066576495979,0
0,146.465927798921,0,0,101.605593487621,0,0,0,195.378266313867,114.649126378906,190.185165668632,0,0,0,0,178.683678585178,0,0,0,0,0,0,188.851177466023,0,0,0,0,321.864157986053,206.912707094411,94.126460729827,0,0,0,0,0,0,74.4197823064597,0,333.645516435298,0,92.5207898118833
73.1029054543569,0,0,101.605593487621,0,133.218162784108,0,0,161.694997919804,0,0,0,0,218.045528847001,125.416941482916,0,0,0,125.81518738273,0,0,0,0,58.3493451392805,0,0,0,169.742003380707,0,155.24952173131,241.635434294794,159.183173818572,0,0,94.7529894315991,0,128.405764333981,0,0,0,0
0,195.822649557859,0,0,133.218162784108,0,74.7304794244225,0,154.070293657878,0,78.9559315574845,231.715271819474,0,0,161.275817184598,0,0,0,0,0,0,0,0,0,0,0,192.601533877686,0,61.0664810463559,153.672550905948,0,0,0,165.597665022977,0,0,212.592150359921,106.33736463831,0,219.430938885781,0
0,208.005106191961,0,0,0,74.7304794244225,0,194.442125915551,0,0,0,186.348837226466,0,0,0,0,0,0,227.504408813069,0,0,0,103.519938150021,168.241326865882,0,197.893790332676,201.100640800745,0,146.770754374523,0,0,0,0,0,146.99041817625,111.435629183184,151.075371308616,0,0,0,0
0,0,0,0,0,0,194.442125915551,0,306.640284138334,283.88658203332,0,220.901129804706,0,0,0,0,0,0,0,0,0,0,0,0,0,151.695570509541,155.901486485736,151.036729364761,178.224497384947,142.054529471577,0,0,0,169.453147353278,114.511014214502,0,188.936291522747,115.194491798135,66.5008477853491,111.226326353722,89.707245288964
0,0,0,195.378266313867,161.694997919804,154.070293657878,0,306.640284138334,0,0,0,0,0,0,0,0,0,0,0,128.846764897717,0,0,0,98.6790043377568,0,180.543851962045,0,104.915316975638,0,0,0,0,0,62.311273509377,0,269.936825670274,0,0,0,0,100.812745974529
0,0,197.486504603685,114.649126378906,0,0,0,283.88658203332,0,0,300.031143529538,0,0,115.541295036174,0,0,0,236.681907140956,0,0,0,139.654362654449,199.492852797962,0,0,0,0,135.294330067913,158.955087279859,0,0,120.912756812582,0,71.4788760670054,89.9429017381717,195.314816908693,0,202.712457066107,175.196329314064,139.792601838991,200.878319874537
0,0,0,190.185165668632,0,78.9559315574845,0,0,0,300.031143529538,0,172.608400267715,0,252.487290983309,0,0,125.994729980093,0,0,0,0,338.131802716296,173.001559092555,0,213.67670887414,0,0,119.345624434514,0,0,0,0,0,0,211.840482897052,0,280.376028997576,109.093416850988,220.963068032256,238.934743274142,112.349934713559
0,94.8881692391942,241.57250333243,0,0,231.715271819474,186.348837226466,220.901129804706,0,0,172.608400267715,0,0,153.876396855887,85.6072705949986,163.059043292369,0,99.3508940827211,0,0,106.533627130087,0,0,67.8267069095267,0,249.905610015455,136.685314494491,0,92.5568465385234,94.9380989123498,0,0,0,205.839960264176,87.8456058929559,251.098274723989,284.529238481835,0,0,0,122.106946855269
0,0,0,0,0,0,0,0,0,0,0,0,0,0,0,0,0,0,0,113.144980278377,0,164.032723165762,0,0,0,0,0,0,0,0,0,0,0,181.316358113209,255.441154257905,0,135.667029391615,0,0,0,94.027247878695
0,0,0,0,218.045528847001,0,0,0,0,115.541295036174,252.487290983309,153.876396855887,0,0,0,345.797434674459,0,0,0,71.5579325720569,0,0,0,116.054372245433,0,0,124.853650664477,137.189596148386,0,0,0,0,0,205.183249704085,172.892533368851,101.350815329073,323.781250289068,0,0,0,157.852515740516
241.682021696872,0,0,0,125.416941482916,161.275817184598,0,0,0,0,0,85.6072705949986,0,0,0,0,0,0,0,247.66948903751,0,0,0,240.185081663983,0,93.4234866874731,0,314.611698427915,0,0,115.868441404982,0,0,263.534399241887,0,0,228.792310020318,0,0,0,142.385058730083
0,0,0,178.683678585178,0,0,0,0,0,0,0,163.059043292369,0,345.797434674459,0,0,0,0,193.63278243493,106.128596538706,0,0,0,0,335.371040201042,0,347.376449530863,72.2278283150671,0,0,0,0,186.973586461633,0,148.808626413748,0,115.871357769661,0,0,0,0
0,0,0,0,0,0,0,0,0,0,125.994729980093,0,0,0,0,0,0,0,0,158.567996645797,161.302948562323,0,0,276.620869034647,0,0,0,0,0,173.201474590904,0,0,0,0,0,205.09013266389,97.3232815600345,171.906398392157,0,303.527509149359,140.574866691684
0,84.3635741045246,0,0,0,0,0,0,0,236.681907140956,0,99.3508940827211,0,0,0,0,0,0,0,206.472608421747,90.1317194604647,0,0,75.4497121078207,0,0,0,150.161410108805,145.74089716123,0,0,0,0,0,0,0,0,0,0,196.032358954952,0
0,0,0,0,125.81518738273,0,227.504408813069,0,0,0,0,0,0,0,0,193.63278243493,0,0,0,160.530221557972,0,0,0,0,0,184.249961885477,0,0,0,0,0,0,0,134.960780198024,101.895308036513,92.3502314520023,101.443495235174,117.208001126138,0,141.204637091722,137.239127032733
0,0,0,0,0,0,0,0,128.846764897717,0,0,0,113.144980278377,71.5579325720569,247.66948903751,106.128596538706,158.567996645797,206.472608421747,160.530221557972,0,0,161.74915061469,249.798812580765,0,0,228.075434767255,193.659409924573,177.763106506206,171.230058197369,196.04190773555,0,0,0,0,104.369974912428,0,0,0,0,76.5072790361762,0
0,0,0,0,0,0,0,0,0,0,0,106.533627130087,0,0,0,0,161.302948562323,90.1317194604647,0,0,0,0,0,259.442917595754,146.814226519809,0,0,112.823430872325,0,0,0,0,99.2646516363145,204.481117647118,97.3506957544063,0,120.567029282014,0,115.114253591495,183.786860782462,306.344527664232
0,0,0,0,0,0,0,0,0,139.654362654449,338.131802716296,0,164.032723165762,0,0,0,0,0,0,161.74915061469,0,0,0,0,0,138.425725342224,0,0,133.984214699576,0,0,0,0,0,0,165.893015276821,0,320.356811100276,0,0,0
0,0,0,188.851177466023,0,0,103.519938150021,0,0,199.492852797962,173.001559092555,0,0,0,0,0,0,0,0,249.798812580765,0,0,0,82.6299537488922,0,0,119.728129215699,89.3673883748406,0,0,0,0,101.5853655613,0,253.401634605989,0,81.9664354533492,231.050882209,74.5815074003433,97.5855511246009,96.5937438588657
0,0,0,0,58.3493451392805,0,168.241326865882,0,98.6790043377568,0,0,67.8267069095267,0,116.054372245433,240.185081663983,0,276.620869034647,75.4497121078207,0,0,259.442917595754,0,82.6299537488922,0,0,193.777661225572,0,124.698445421759,0,0,0,139.93285932648,0,219.040656038919,289.631679007608,0,90.7216186966914,115.332064605654,0,143.005810983322,250.461724766314
0,0,0,0,0,0,0,0,0,0,213.67670887414,0,0,0,0,335.371040201042,0,0,0,0,146.814226519809,0,0,0,0,0,80.4367166559625,193.055010680236,0,0,0,0,0,226.825099357786,309.997227542691,180.355266595273,0,73.4795582048751,0,357.423078228283,0
262.382215657622,0,0,0,0,0,197.893790332676,151.695570509541,180.543851962045,0,0,249.905610015455,0,0,93.4234866874731,0,0,0,184.249961885477,228.075434767255,0,138.425725342224,0,193.777661225572,0,0,113.059176128709,110.384905066973,0,0,0,223.705816669619,0,214.116367924649,219.078548227669,173.538155409849,261.605527103798,137.177378802006,0,101.85207633558,325.937289045041
0,0,0,0,0,192.601533877686,201.100640800745,155.901486485736,0,0,0,136.685314494491,0,124.853650664477,0,347.376449530863,0,0,0,193.659409924573,0,0,119.728129215699,0,80.4367166559625,113.059176128709,0,154.784755881607,0,0,0,94.7280504127031,198.528111506785,321.124897279917,118.522099274347,89.1590885155172,179.718364159796,173.059382066957,128.530575464043,217.157696745803,0
0,0,0,321.864157986053,169.742003380707,0,0,151.036729364761,104.915316975638,135.294330067913,119.345624434514,0,0,137.189596148386,314.611698427915,72.2278283150671,0,150.161410108805,0,177.763106506206,112.823430872325,0,89.3673883748406,124.698445421759,193.055010680236,110.384905066973,154.784755881607,0,108.381749703452,0,154.065933476765,0,0,329.719143597451,81.2827395071039,198.964527389285,93.5029580098427,80.8080171296381,162.833808134102,180.90030328818,85.7623170715703
0,134.566479261133,174.013630695256,206.912707094411,0,61.0664810463559,146.770754374523,178.224497384947,0,158.955087279859,0,92.5568465385234,0,0,0,0,0,145.74089716123,0,171.230058197369,0,133.984214699576,0,0,0,0,0,108.381749703452,0,0,153.609372090384,136.792307586862,0,70.4221432298295,232.945974238958,106.926813611922,82.1742780037132,108.136066660554,0,222.053792850439,204.084074037941
0,0,0,94.126460729827,155.24952173131,153.672550905948,0,142.054529471577,0,0,0,94.9380989123498,0,0,0,0,173.201474590904,0,0,196.04190773555,0,0,0,0,0,0,0,0,0,0,0,0,0,353.822894641502,242.790381480436,0,96.7845769653343,0,62.859596780235,0,0
0,0,0,0,241.635434294794,0,0,0,0,0,0,0,0,0,115.868441404982,0,0,0,0,0,0,0,0,0,0,0,0,154.065933476765,153.609372090384,0,0,0,0,191.519780382943,0,0,0,0,0,82.6426202489162,0
0,0,0,0,159.183173818572,0,0,0,0,120.912756812582,0,0,0,0,0,0,0,0,0,0,0,0,0,139.93285932648,0,223.705816669619,94.7280504127031,0,136.792307586862,0,0,0,0,163.945208919892,160.537522273714,161.325017232684,0,0,192.135034768848,98.2230592632363,0
0,0,0,0,0,0,0,0,0,0,0,0,0,0,0,186.973586461633,0,0,0,0,99.2646516363145,0,101.5853655613,0,0,0,198.528111506785,0,0,0,0,0,0,0,0,0,261.440278806413,0,0,0,0
0,0,0,0,0,165.597665022977,0,169.453147353278,62.311273509377,71.4788760670054,0,205.839960264176,181.316358113209,205.183249704085,263.534399241887,0,0,0,134.960780198024,0,204.481117647118,0,0,219.040656038919,226.825099357786,214.116367924649,321.124897279917,329.719143597451,70.4221432298295,353.822894641502,191.519780382943,163.945208919892,0,0,131.969743415579,151.806152521152,95.7590805983148,178.748963182352,259.055025639447,116.176698124939,348.674510760064
0,0,0,0,94.7529894315991,0,146.99041817625,114.511014214502,0,89.9429017381717,211.840482897052,87.8456058929559,255.441154257905,172.892533368851,0,148.808626413748,0,0,101.895308036513,104.369974912428,97.3506957544063,0,253.401634605989,289.631679007608,309.997227542691,219.078548227669,118.522099274347,81.2827395071039,232.945974238958,242.790381480436,0,160.537522273714,0,131.969743415579,0,0,154.142998692322,201.44584889478,192.693757128262,0,0
78.8552325762656,0,0,0,0,0,111.435629183184,0,269.936825670274,195.314816908693,0,251.098274723989,0,101.350815329073,0,0,205.09013266389,0,92.3502314520023,0,0,165.893015276821,0,0,180.355266595273,173.538155409849,89.1590885155172,198.964527389285,106.926813611922,0,0,161.325017232684,0,151.806152521152,0,0,112.793316814908,0,0,209.996727521564,98.417953423071
82.4756938751058,283.248188884028,153.453047983244,74.4197823064597,128.405764333981,212.592150359921,151.075371308616,188.936291522747,0,0,280.376028997576,284.529238481835,135.667029391615,323.781250289068,228.792310020318,115.871357769661,97.3232815600345,0,101.443495235174,0,120.567029282014,0,81.9664354533492,90.7216186966914,0,261.605527103798,179.718364159796,93.5029580098427,82.1742780037132,96.7845769653343,0,0,261.440278806413,95.7590805983148,154.142998692322,112.793316814908,0,187.77054666536,0,225.013371621378,0
0,0,0,0,0,106.33736463831,0,115.194491798135,0,202.712457066107,109.093416850988,0,0,0,0,0,171.906398392157,0,117.208001126138,0,0,320.356811100276,231.050882209,115.332064605654,73.4795582048751,137.177378802006,173.059382066957,80.8080171296381,108.136066660554,0,0,0,0,178.748963182352,201.44584889478,0,187.77054666536,0,151.01089327964,138.33942793804,224.523755099568
0,0,0,333.645516435298,0,0,0,66.5008477853491,0,175.196329314064,220.963068032256,0,0,0,0,0,0,0,0,0,115.114253591495,0,74.5815074003433,0,0,0,128.530575464043,162.833808134102,0,62.859596780235,0,192.135034768848,0,259.055025639447,192.693757128262,0,0,151.01089327964,0,224.551207449728,221.805809452716
215.611029055736,0,167.066576495979,0,0,219.430938885781,0,111.226326353722,0,139.792601838991,238.934743274142,0,0,0,0,0,303.527509149359,196.032358954952,141.204637091722,76.5072790361762,183.786860782462,0,97.5855511246009,143.005810983322,357.423078228283,101.85207633558,217.157696745803,180.90030328818,222.053792850439,0,82.6426202489162,98.2230592632363,0,116.176698124939,0,209.996727521564,225.013371621378,138.33942793804,224.551207449728,0,0
0,0,0,92.5207898118833,0,0,0,89.707245288964,100.812745974529,200.878319874537,112.349934713559,122.106946855269,94.027247878695,157.852515740516,142.385058730083,0,140.574866691684,0,137.239127032733,0,306.344527664232,0,96.5937438588657,250.461724766314,0,325.937289045041,0,85.7623170715703,204.084074037941,0,0,0,0,348.674510760064,0,98.417953423071,0,224.523755099568,221.805809452716,0,0
