0,0,0,0,0,0,0,0,0,0,220.963068032256,151.01089327964,0,0,0,0,0,0,0,0,0,0,0,0,0,0,0,138.425725342224,0,0,0,0,0,134.960780198024,0,0,0,106.33736463831,0,0,150.161410108805
0,0,0,0,0,177.763106506206,0,101.85207633558,263.534399241887,0,0,0,0,0,0,0,0,0,0,0,0,0,0,135.294330067913,0,252.487290983309,0,0,0,0,0,0,0,0,146.465927798921,0,261.440278806413,0,0,0,0
0,0,0,80.8080171296381,0,0,0,0,0,124.698445421759,173.059382066957,151.036729364761,0,0,0,0,0,0,0,0,0,0,0,0,0,0,0,0,142.054529471577,0,0,0,0,0,0,0,0,0,0,0,0
0,0,80.8080171296381,0,0,0,0,0,0,0,212.592150359921,0,0,80.4367166559625,0,320.356811100276,249.905610015455,193.777661225572,0,0,0,0,0,178.748963182352,0,0,0,194.442125915551,300.031143529538,0,0,0,153.672550905948,0,124.853650664477,0,0,71.5579325720569,309.997227542691,0,0
0,0,0,0,0,98.6790043377568,160.537522273714,0,0,197.893790332676,0,0,0,232.945974238958,73.4795582048751,0,0,0,0,192.601533877686,200.878319874537,0,0,204.084074037941,0,139.93285932648,0,145.74089716123,0,0,0,0,0,0,0,0,140.574866691684,85.6072705949986,0,165.597665022977,101.5853655613
0,177.763106506206,0,0,98.6790043377568,0,0,154.142998692322,0,247.66948903751,0,169.453147353278,0,0,0,0,58.3493451392805,0,0,0,231.050882209,0,223.705816669619,0,0,199.492852797962,95.7590805983148,142.385058730083,0,0,0,0,0,0,0,217.157696745803,314.611698427915,0,0,104.369974912428,0
0,0,0,0,160.537522273714,0,0,0,0,196.04190773555,163.059043292369,0,0,0,0,0,93.5029580098427,0,190.185165668632,0,158.567996645797,0,0,0,0,0,0,259.055025639447,0,213.67670887414,0,0,0,165.893015276821,161.325017232684,333.645516435298,0,0,0,96.5937438588657,133.984214699576
0,101.85207633558,0,0,0,154.142998692322,0,0,0,0,0,0,0,0,0,0,158.955087279859,197.486504603685,0,0,0,0,241.682021696872,0,0,146.99041817625,94.7280504127031,0,97.3232815600345,117.208001126138,0,74.5815074003433,0,160.530221557972,155.24952173131,137.239127032733,89.1590885155172,173.001559092555,0,180.355266595273,0
0,263.534399241887,0,0,0,0,0,0,0,0,188.851177466023,0,0,0,0,0,0,0,0,94.027247878695,0,153.876396855887,0,0,0,0,0,329.719143597451,119.345624434514,0,0,0,0,112.793316814908,157.852515740516,0,125.994729980093,0,0,251.098274723989,228.075434767255
0,0,124.698445421759,0,197.893790332676,247.66948903751,196.04190773555,0,0,0,0,0,0,0,0,231.715271819474,0,225.013371621378,78.8552325762656,0,120.567029282014,0,0,348.674510760064,0,241.57250333243,0,209.996727521564,186.348837226466,0,0,76.5072790361762,0,0,0,178.224497384947,167.066576495979,90.7216186966914,0,112.349934713559,122.106946855269
220.963068032256,0,173.059382066957,212.592150359921,0,0,163.059043292369,0,188.851177466023,0,0,0,92.5568465385234,205.839960264176,0,0,0,112.823430872325,151.075371308616,218.045528847001,0,0,0,0,0,89.9429017381717,153.609372090384,115.332064605654,0,0,0,97.5855511246009,0,0,0,227.504408813069,0,280.376028997576,0,0,0
151.01089327964,0,151.036729364761,0,0,169.453147353278,0,0,0,0,0,0,0,211.840482897052,70.4221432298295,0,97.3506957544063,0,137.177378802006,155.901486485736,84.3635741045246,0,0,0,0,195.378266313867,101.895308036513,120.912756812582,106.533627130087,115.868441404982,0,0,0,269.936825670274,81.2827395071039,134.566479261133,321.864157986053,163.945208919892,128.405764333981,0,135.667029391615
0,0,0,0,0,0,0,0,0,0,92.5568465385234,0,0,0,0,0,153.453047983244,0,0,0,0,0,0,67.8267069095267,0,0,0,0,154.065933476765,202.712457066107,0,0,0,0,0,0,196.032358954952,0,0,0,0
0,0,0,80.4367166559625,232.945974238958,0,0,0,0,0,205.839960264176,211.840482897052,0,0,219.430938885781,0,0,0,0,159.183173818572,201.100640800745,0,0,106.128596538706,0,0,0,94.9380989123498,0,283.88658203332,0,0,0,154.070293657878,108.381749703452,115.194491798135,175.196329314064,0,0,0,0
0,0,0,0,73.4795582048751,0,0,0,0,0,0,70.4221432298295,0,219.430938885781,0,0,0,0,0,0,0,0,306.344527664232,161.694997919804,162.833808134102,0,137.189596148386,0,0,0,0,325.937289045041,0,139.654362654449,186.973586461633,89.3673883748406,0,0,0,238.934743274142,0
0,0,0,320.356811100276,0,0,0,0,0,231.715271819474,0,0,0,0,0,0,0,161.275817184598,0,0,0,115.871357769661,0,82.6299537488922,0,0,0,0,0,82.4756938751058,0,0,0,191.519780382943,96.7845769653343,0,62.859596780235,128.530575464043,172.892533368851,0,0
0,0,0,249.905610015455,0,58.3493451392805,93.5029580098427,158.955087279859,0,0,0,97.3506957544063,153.453047983244,0,0,0,0,0,0,250.461724766314,0,0,0,0,0,0,220.901129804706,242.790381480436,0,0,0,0,0,0,0,0,205.183249704085,0,0,0,0
0,0,0,193.777661225572,0,0,0,197.486504603685,0,225.013371621378,112.823430872325,0,0,0,0,161.275817184598,0,0,0,0,0,0,74.4197823064597,0,0,0,0,0,110.384905066973,0,0,0,0,72.2278283150671,0,0,103.519938150021,0,0,0,0
0,0,0,0,0,0,190.185165668632,0,0,78.8552325762656,151.075371308616,137.177378802006,0,0,0,0,0,0,0,0,0,0,0,253.401634605989,0,0,0,174.013630695256,0,85.7623170715703,0,0,0,99.3508940827211,0,222.053792850439,284.529238481835,0,0,151.695570509541,101.443495235174
0,0,0,0,192.601533877686,0,0,0,94.027247878695,0,218.045528847001,155.901486485736,0,159.183173818572,0,0,250.461724766314,0,0,0,0,0,0,181.316358113209,0,219.040656038919,0,173.538155409849,224.551207449728,0,0,141.204637091722,195.822649557859,262.382215657622,161.302948562323,0,136.792307586862,171.906398392157,0,184.249961885477,0
0,0,0,0,200.878319874537,231.050882209,158.567996645797,0,0,120.567029282014,0,84.3635741045246,0,201.100640800745,0,0,0,0,0,0,0,180.90030328818,0,0,0,0,0,125.81518738273,193.63278243493,0,0,0,0,119.728129215699,338.131802716296,0,180.543851962045,0,259.442917595754,0,0
0,0,0,0,0,0,0,0,153.876396855887,0,0,0,0,0,0,115.871357769661,0,0,0,0,180.90030328818,0,0,0,106.926813611922,0,249.798812580765,236.681907140956,0,0,0,0,0,113.144980278377,74.7304794244225,0,0,0,0,0,0
0,0,0,0,0,223.705816669619,0,241.682021696872,0,0,0,0,0,0,306.344527664232,0,0,74.4197823064597,0,0,0,0,0,0,0,143.005810983322,192.693757128262,98.417953423071,78.9559315574845,0,0,0,0,276.620869034647,94.8881692391942,228.792310020318,101.350815329073,0,198.964527389285,240.185081663983,204.481117647118
0,135.294330067913,0,178.748963182352,204.084074037941,0,0,0,0,348.674510760064,0,0,67.8267069095267,106.128596538706,161.694997919804,82.6299537488922,0,0,253.401634605989,181.316358113209,0,0,0,0,193.659409924573,114.511014214502,183.786860782462,205.09013266389,0,0,73.1029054543569,0,0,188.936291522747,321.124897279917,0,255.441154257905,0,0,116.176698124939,0
0,0,0,0,0,0,0,0,0,0,0,0,0,0,162.833808134102,0,0,0,0,0,0,106.926813611922,0,193.659409924573,0,92.5207898118833,0,172.608400267715,0,0,0,0,0,0,0,0,215.611029055736,101.605593487621,94.126460729827,195.314816908693,357.423078228283
0,252.487290983309,0,0,139.93285932648,199.492852797962,0,146.99041817625,0,241.57250333243,89.9429017381717,195.378266313867,0,0,0,0,0,0,0,219.040656038919,0,0,143.005810983322,114.511014214502,92.5207898118833,0,306.640284138334,0,0,0,0,0,164.032723165762,92.3502314520023,179.718364159796,154.784755881607,198.528111506785,169.742003380707,0,114.649126378906,128.846764897717
0,0,0,0,0,95.7590805983148,0,94.7280504127031,0,0,153.609372090384,101.895308036513,0,0,137.189596148386,0,220.901129804706,0,0,0,0,249.798812580765,192.693757128262,183.786860782462,0,306.640284138334,0,146.814226519809,115.114253591495,82.1742780037132,0,0,0,345.797434674459,146.770754374523,125.416941482916,87.8456058929559,173.201474590904,0,62.311273509377,289.631679007608
138.425725342224,0,0,194.442125915551,145.74089716123,142.385058730083,259.055025639447,0,329.719143597451,209.996727521564,115.332064605654,120.912756812582,0,94.9380989123498,0,0,242.790381480436,0,174.013630695256,173.538155409849,125.81518738273,236.681907140956,98.417953423071,205.09013266389,172.608400267715,0,146.814226519809,0,283.248188884028,0,94.7529894315991,0,0,0,168.241326865882,0,98.2230592632363,66.5008477853491,138.33942793804,133.218162784108,131.969743415579
0,0,142.054529471577,300.031143529538,0,0,0,97.3232815600345,119.345624434514,186.348837226466,0,106.533627130087,154.065933476765,0,0,0,0,110.384905066973,0,224.551207449728,193.63278243493,0,78.9559315574845,0,0,0,115.114253591495,283.248188884028,0,139.792601838991,0,90.1317194604647,0,151.806152521152,111.226326353722,0,323.781250289068,226.825099357786,0,335.371040201042,171.230058197369
0,0,0,0,0,0,213.67670887414,117.208001126138,0,0,0,115.868441404982,202.712457066107,283.88658203332,0,82.4756938751058,0,0,85.7623170715703,0,0,0,0,0,0,0,82.1742780037132,0,139.792601838991,0,0,0,0,0,0,0,0,0,353.822894641502,0,108.136066660554
0,0,0,0,0,0,0,0,0,0,0,0,0,0,0,0,0,0,0,0,0,0,0,73.1029054543569,0,0,0,94.7529894315991,0,0,0,0,0,206.912707094411,0,61.0664810463559,104.915316975638,0,111.435629183184,0,0
0,0,0,0,0,0,0,74.5815074003433,0,76.5072790361762,97.5855511246009,0,0,0,325.937289045041,0,0,0,0,141.204637091722,0,0,0,0,0,0,0,0,90.1317194604647,0,0,0,0,261.605527103798,0,118.522099274347,303.527509149359,0,0,136.685314494491,89.707245288964
0,0,0,153.672550905948,0,0,0,0,0,0,0,0,0,0,0,0,0,0,0,195.822649557859,0,0,0,0,0,164.032723165762,0,0,0,0,0,0,0,0,75.4497121078207,0,0,0,0,241.635434294794,0
134.960780198024,0,0,0,0,0,165.893015276821,160.530221557972,112.793316814908,0,0,269.936825670274,0,154.070293657878,139.654362654449,191.519780382943,0,72.2278283150671,99.3508940827211,262.382215657622,119.728129215699,113.144980278377,276.620869034647,188.936291522747,0,92.3502314520023,345.797434674459,0,151.806152521152,0,206.912707094411,261.605527103798,0,0,81.9664354533492,116.054372245433,187.77054666536,0,214.116367924649,224.523755099568,206.472608421747
0,146.465927798921,0,124.853650664477,0,0,161.325017232684,155.24952173131,157.852515740516,0,0,81.2827395071039,0,108.381749703452,186.973586461633,96.7845769653343,0,0,0,161.302948562323,338.131802716296,74.7304794244225,94.8881692391942,321.124897279917,0,179.718364159796,146.770754374523,168.241326865882,111.226326353722,0,0,0,75.4497121078207,81.9664354533492,0,0,148.808626413748,82.6426202489162,347.376449530863,71.4788760670054,221.805809452716
0,0,0,0,0,217.157696745803,333.645516435298,137.239127032733,0,178.224497384947,227.504408813069,134.566479261133,0,115.194491798135,89.3673883748406,0,0,0,222.053792850439,0,0,0,228.792310020318,0,0,154.784755881607,125.416941482916,0,0,0,61.0664810463559,118.522099274347,0,116.054372245433,0,0,0,100.812745974529,99.2646516363145,115.541295036174,113.059176128709
0,261.440278806413,0,0,140.574866691684,314.611698427915,0,89.1590885155172,125.994729980093,167.066576495979,0,321.864157986053,196.032358954952,175.196329314064,0,62.859596780235,205.183249704085,103.519938150021,284.529238481835,136.792307586862,180.543851962045,0,101.350815329073,255.441154257905,215.611029055736,198.528111506785,87.8456058929559,98.2230592632363,323.781250289068,0,104.915316975638,303.527509149359,0,187.77054666536,148.808626413748,0,0,201.44584889478,193.055010680236,161.74915061469,109.093416850988
106.33736463831,0,0,71.5579325720569,85.6072705949986,0,0,173.001559092555,0,90.7216186966914,280.376028997576,163.945208919892,0,0,0,128.530575464043,0,0,0,171.906398392157,0,0,0,0,101.605593487621,169.742003380707,173.201474590904,66.5008477853491,226.825099357786,0,0,0,0,0,82.6426202489162,100.812745974529,201.44584889478,0,208.005106191961,93.4234866874731,219.078548227669
0,0,0,309.997227542691,0,0,0,0,0,0,0,128.405764333981,0,0,0,172.892533368851,0,0,0,0,259.442917595754,0,198.964527389285,0,94.126460729827,0,0,138.33942793804,0,353.822894641502,111.435629183184,0,0,214.116367924649,347.376449530863,99.2646516363145,193.055010680236,208.005106191961,0,192.135034768848,0
0,0,0,0,165.597665022977,104.369974912428,96.5937438588657,180.355266595273,251.098274723989,112.349934713559,0,0,0,0,238.934743274142,0,0,0,151.695570509541,184.249961885477,0,0,240.185081663983,116.176698124939,195.314816908693,114.649126378906,62.311273509377,133.218162784108,335.371040201042,0,0,136.685314494491,241.635434294794,224.523755099568,71.4788760670054,115.541295036174,161.74915061469,93.4234866874731,192.135034768848,0,178.683678585178
150.161410108805,0,0,0,101.5853655613,0,133.984214699576,0,228.075434767255,122.106946855269,0,135.667029391615,0,0,0,0,0,0,101.443495235174,0,0,0,204.481117647118,0,357.423078228283,128.846764897717,289.631679007608,131.969743415579,171.230058197369,108.136066660554,0,89.707245288964,0,206.472608421747,221.805809452716,113.059176128709,109.093416850988,219.078548227669,0,178.683678585178,0
