0,0,0,0,0,0,0,0,0,124.698445421759,231.715271819474,0,0,0,0,0,0,0,146.465927798921,0,178.748963182352,0,0,0,0,0,0,0,0,163.945208919892,0,0,0,0,249.798812580765,0,0,0,0,0,0
0,0,0,231.050882209,0,0,71.5579325720569,0,0,137.189596148386,0,0,0,0,0,0,0,158.567996645797,0,0,0,0,0,0,0,178.224497384947,179.718364159796,0,0,0,0,0,0,188.851177466023,0,0,0,0,0,0,0
0,0,0,0,0,0,0,106.33736463831,0,0,0,0,0,0,0,0,0,0,0,0,0,0,115.114253591495,0,0,0,0,0,0,0,0,0,114.511014214502,0,0,0,0,195.314816908693,0,0,276.620869034647
0,231.050882209,0,0,0,0,0,205.839960264176,0,0,0,0,0,0,198.964527389285,106.926813611922,0,0,0,61.0664810463559,110.384905066973,136.792307586862,0,0,0,111.226326353722,143.005810983322,160.530221557972,0,0,0,0,0,87.8456058929559,92.5568465385234,0,0,0,0,321.864157986053,0
0,0,0,0,0,0,347.376449530863,115.541295036174,125.994729980093,0,82.6426202489162,0,0,0,0,0,0,0,0,0,0,0,0,101.350815329073,94.126460729827,0,205.183249704085,101.5853655613,0,206.912707094411,0,0,0,138.425725342224,120.567029282014,0,220.901129804706,154.070293657878,289.631679007608,0,0
0,0,0,0,0,0,0,0,131.969743415579,193.055010680236,0,94.7529894315991,0,0,0,0,0,0,0,261.440278806413,169.742003380707,0,0,0,0,217.157696745803,0,0,153.453047983244,128.846764897717,0,0,0,165.597665022977,116.176698124939,0,119.345624434514,213.67670887414,0,115.868441404982,139.654362654449
0,71.5579325720569,0,0,347.376449530863,0,0,0,0,0,284.529238481835,0,0,125.416941482916,0,0,0,0,94.8881692391942,0,0,0,0,262.382215657622,0,240.185081663983,0,201.44584889478,193.777661225572,0,0,0,66.5008477853491,251.098274723989,133.984214699576,0,0,0,193.63278243493,0,0
0,0,106.33736463831,205.839960264176,115.541295036174,0,0,0,0,0,0,161.325017232684,0,0,0,0,0,0,0,142.385058730083,0,0,0,0,198.528111506785,0,82.4756938751058,221.805809452716,154.784755881607,0,0,151.075371308616,0,154.065933476765,90.7216186966914,280.376028997576,250.461724766314,114.649126378906,106.128596538706,0,0
0,0,0,0,125.994729980093,131.969743415579,0,0,0,0,0,0,0,0,0,0,0,0,171.906398392157,74.7304794244225,0,0,0,0,0,0,0,162.833808134102,247.66948903751,0,0,0,0,92.3502314520023,73.4795582048751,128.405764333981,119.728129215699,0,0,309.997227542691,0
124.698445421759,137.189596148386,0,0,0,193.055010680236,0,0,0,0,0,108.136066660554,0,175.196329314064,103.519938150021,0,259.442917595754,0,193.659409924573,134.960780198024,74.4197823064597,199.492852797962,0,0,80.4367166559625,181.316358113209,0,0,109.093416850988,0,0,0,0,0,188.936291522747,72.2278283150671,78.8552325762656,161.302948562323,0,0,0
231.715271819474,0,0,0,82.6426202489162,0,284.529238481835,0,0,0,0,0,0,137.239127032733,0,0,0,0,0,89.707245288964,0,0,205.09013266389,0,0,236.681907140956,183.786860782462,241.682021696872,224.551207449728,104.369974912428,0,0,0,122.106946855269,0,0,73.1029054543569,241.57250333243,0,74.5815074003433,94.9380989123498
0,0,0,0,0,94.7529894315991,0,161.325017232684,0,108.136066660554,0,0,180.355266595273,158.955087279859,0,0,202.712457066107,0,70.4221432298295,112.349934713559,153.609372090384,0,0,186.348837226466,0,113.059176128709,201.100640800745,159.183173818572,173.001559092555,196.04190773555,0,283.248188884028,0,0,0,0,219.040656038919,173.201474590904,153.876396855887,111.435629183184,106.533627130087
0,0,0,0,0,0,0,0,0,0,0,180.355266595273,0,0,0,0,0,0,0,0,0,0,76.5072790361762,81.2827395071039,0,92.5207898118833,0,209.996727521564,0,0,0,0,0,0,0,0,0,0,314.611698427915,0,0
0,0,0,0,0,0,125.416941482916,0,0,175.196329314064,137.239127032733,158.955087279859,0,0,0,151.806152521152,0,0,0,138.33942793804,0,0,0,98.417953423071,0,178.683678585178,58.3493451392805,0,0,0,0,93.4234866874731,0,0,67.8267069095267,174.013630695256,204.481117647118,0,0,101.443495235174,0
0,0,0,198.964527389285,0,0,0,0,0,103.519938150021,0,0,0,0,0,0,0,0,145.74089716123,0,0,187.77054666536,0,96.7845769653343,0,155.901486485736,0,89.9429017381717,190.185165668632,0,0,0,0,0,133.218162784108,220.963068032256,212.592150359921,0,0,0,252.487290983309
0,0,0,106.926813611922,0,0,0,0,0,0,0,0,0,151.806152521152,0,0,169.453147353278,0,0,0,0,320.356811100276,0,112.823430872325,0,80.8080171296381,283.88658203332,0,0,0,0,0,0,177.763106506206,0,0,108.381749703452,167.066576495979,0,0,180.90030328818
0,0,0,0,0,0,0,0,0,259.442917595754,0,202.712457066107,0,0,0,169.453147353278,0,0,0,0,0,0,0,0,0,0,0,101.85207633558,325.937289045041,0,0,0,0,151.695570509541,0,97.5855511246009,184.249961885477,0,0,180.543851962045,89.1590885155172
0,158.567996645797,0,0,0,0,0,0,0,0,0,0,0,0,0,0,0,0,0,0,161.275817184598,0,0,0,0,0,0,78.9559315574845,192.135034768848,0,0,0,0,357.423078228283,0,0,259.055025639447,146.99041817625,200.878319874537,125.81518738273,0
146.465927798921,0,0,0,0,0,94.8881692391942,0,171.906398392157,193.659409924573,0,70.4221432298295,0,0,145.74089716123,0,0,0,0,0,0,0,0,0,0,0,155.24952173131,0,82.6299537488922,0,0,335.371040201042,0,0,329.719143597451,154.142998692322,0,238.934743274142,0,0,0
0,0,0,61.0664810463559,0,261.440278806413,0,142.385058730083,74.7304794244225,134.960780198024,89.707245288964,112.349934713559,0,138.33942793804,0,0,0,0,0,0,0,0,0,172.892533368851,0,0,0,0,94.027247878695,242.790381480436,151.036729364761,104.915316975638,0,157.852515740516,348.674510760064,0,0,0,0,303.527509149359,345.797434674459
178.748963182352,0,0,110.384905066973,0,169.742003380707,0,0,0,74.4197823064597,0,153.609372090384,0,0,0,0,0,161.275817184598,0,0,0,0,98.2230592632363,0,0,232.945974238958,0,0,0,0,0,0,0,97.3232815600345,195.822649557859,0,0,135.294330067913,0,261.605527103798,195.378266313867
0,0,0,136.792307586862,0,0,0,0,0,199.492852797962,0,0,0,0,187.77054666536,320.356811100276,0,0,0,0,0,0,0,223.705816669619,0,0,0,99.2646516363145,0,0,0,0,0,0,0,0,255.441154257905,333.645516435298,0,0,0
0,0,115.114253591495,0,0,0,0,0,0,0,205.09013266389,0,76.5072790361762,0,0,0,0,0,0,0,98.2230592632363,0,0,186.973586461633,151.01089327964,353.822894641502,0,0,228.792310020318,0,0,0,0,146.770754374523,101.605593487621,140.574866691684,117.208001126138,118.522099274347,82.1742780037132,0,113.144980278377
0,0,0,0,101.350815329073,0,262.382215657622,0,0,0,0,186.348837226466,81.2827395071039,98.417953423071,96.7845769653343,112.823430872325,0,0,0,172.892533368851,0,223.705816669619,186.973586461633,0,0,90.1317194604647,263.534399241887,135.667029391615,0,0,0,0,0,249.905610015455,141.204637091722,173.059382066957,194.442125915551,306.344527664232,0,219.430938885781,0
0,0,0,0,94.126460729827,0,0,198.528111506785,0,80.4367166559625,0,0,0,0,0,0,0,0,0,0,0,0,151.01089327964,0,0,0,115.871357769661,321.124897279917,0,0,0,0,0,192.601533877686,0,222.053792850439,0,0,197.486504603685,0,215.611029055736
0,178.224497384947,0,111.226326353722,0,217.157696745803,240.185081663983,0,0,181.316358113209,236.681907140956,113.059176128709,92.5207898118833,178.683678585178,155.901486485736,80.8080171296381,0,0,0,0,232.945974238958,0,353.822894641502,90.1317194604647,0,0,197.893790332676,192.693757128262,0,0,0,0,0,163.059043292369,85.7623170715703,0,98.6790043377568,0,0,85.6072705949986,0
0,179.718364159796,0,143.005810983322,205.183249704085,0,0,82.4756938751058,0,0,183.786860782462,201.100640800745,0,58.3493451392805,0,283.88658203332,0,0,155.24952173131,0,0,0,0,263.534399241887,115.871357769661,197.893790332676,0,214.116367924649,150.161410108805,0,0,0,0,0,208.005106191961,206.472608421747,95.7590805983148,0,241.635434294794,75.4497121078207,306.640284138334
0,0,0,160.530221557972,101.5853655613,0,201.44584889478,221.805809452716,162.833808134102,0,241.682021696872,159.183173818572,209.996727521564,0,89.9429017381717,0,101.85207633558,78.9559315574845,0,0,0,99.2646516363145,0,135.667029391615,321.124897279917,192.693757128262,214.116367924649,0,300.031143529538,219.078548227669,93.5029580098427,0,0,116.054372245433,168.241326865882,62.859596780235,148.808626413748,112.793316814908,100.812745974529,253.401634605989,101.895308036513
0,0,0,0,0,153.453047983244,193.777661225572,154.784755881607,247.66948903751,109.093416850988,224.551207449728,173.001559092555,0,0,190.185165668632,0,325.937289045041,192.135034768848,82.6299537488922,94.027247878695,0,0,228.792310020318,0,0,0,150.161410108805,300.031143529538,0,0,0,0,146.814226519809,97.3506957544063,164.032723165762,0,139.792601838991,84.3635741045246,0,120.912756812582,0
163.945208919892,0,0,0,206.912707094411,128.846764897717,0,0,0,0,104.369974912428,196.04190773555,0,0,0,0,0,0,0,242.790381480436,0,0,0,0,0,0,0,219.078548227669,0,0,0,0,0,191.519780382943,0,0,196.032358954952,0,0,99.3508940827211,115.332064605654
0,0,0,0,0,0,0,0,0,0,0,0,0,0,0,0,0,0,0,151.036729364761,0,0,0,0,0,0,0,93.5029580098427,0,0,0,0,0,225.013371621378,0,0,128.530575464043,204.084074037941,0,115.194491798135,0
0,0,0,0,0,0,0,151.075371308616,0,0,0,283.248188884028,0,93.4234866874731,0,0,0,0,335.371040201042,104.915316975638,0,0,0,0,0,0,0,0,0,0,0,0,0,338.131802716296,323.781250289068,161.694997919804,94.7280504127031,0,0,165.893015276821,71.4788760670054
0,0,114.511014214502,0,0,0,66.5008477853491,0,0,0,0,0,0,0,0,0,0,0,0,0,0,0,0,0,0,0,0,0,146.814226519809,0,0,0,0,0,0,0,161.74915061469,0,0,0,89.3673883748406
0,188.851177466023,0,87.8456058929559,138.425725342224,165.597665022977,251.098274723989,154.065933476765,92.3502314520023,0,122.106946855269,0,0,0,0,177.763106506206,151.695570509541,357.423078228283,0,157.852515740516,97.3232815600345,0,146.770754374523,249.905610015455,192.601533877686,163.059043292369,0,116.054372245433,97.3506957544063,191.519780382943,225.013371621378,338.131802716296,0,0,0,124.853650664477,134.566479261133,0,269.936825670274,136.685314494491,0
249.798812580765,0,0,92.5568465385234,120.567029282014,116.176698124939,133.984214699576,90.7216186966914,73.4795582048751,188.936291522747,0,0,0,67.8267069095267,133.218162784108,0,0,0,329.719143597451,348.674510760064,195.822649557859,0,101.605593487621,141.204637091722,0,85.7623170715703,208.005106191961,168.241326865882,164.032723165762,0,0,323.781250289068,0,0,0,228.075434767255,96.5937438588657,171.230058197369,0,160.537522273714,81.9664354533492
0,0,0,0,0,0,0,280.376028997576,128.405764333981,72.2278283150671,0,0,0,174.013630695256,220.963068032256,0,97.5855511246009,0,154.142998692322,0,0,0,140.574866691684,173.059382066957,222.053792850439,0,206.472608421747,62.859596780235,0,0,0,161.694997919804,0,124.853650664477,228.075434767255,0,211.840482897052,0,139.93285932648,153.672550905948,227.504408813069
0,0,0,0,220.901129804706,119.345624434514,0,250.461724766314,119.728129215699,78.8552325762656,73.1029054543569,219.040656038919,0,204.481117647118,212.592150359921,108.381749703452,184.249961885477,259.055025639447,0,0,0,255.441154257905,117.208001126138,194.442125915551,0,98.6790043377568,95.7590805983148,148.808626413748,139.792601838991,196.032358954952,128.530575464043,94.7280504127031,161.74915061469,134.566479261133,96.5937438588657,211.840482897052,0,173.538155409849,137.177378802006,172.608400267715,142.054529471577
0,0,195.314816908693,0,154.070293657878,213.67670887414,0,114.649126378906,0,161.302948562323,241.57250333243,173.201474590904,0,0,0,167.066576495979,0,146.99041817625,238.934743274142,0,135.294330067913,333.645516435298,118.522099274347,306.344527664232,0,0,0,112.793316814908,84.3635741045246,0,204.084074037941,0,0,0,171.230058197369,0,173.538155409849,0,0,224.523755099568,0
0,0,0,0,289.631679007608,0,193.63278243493,106.128596538706,0,0,0,153.876396855887,314.611698427915,0,0,0,0,200.878319874537,0,0,0,0,82.1742780037132,0,197.486504603685,0,241.635434294794,100.812745974529,0,0,0,0,0,269.936825670274,0,139.93285932648,137.177378802006,0,0,226.825099357786,62.311273509377
0,0,0,321.864157986053,0,115.868441404982,0,0,309.997227542691,0,74.5815074003433,111.435629183184,0,101.443495235174,0,0,180.543851962045,125.81518738273,0,303.527509149359,261.605527103798,0,0,219.430938885781,0,85.6072705949986,75.4497121078207,253.401634605989,120.912756812582,99.3508940827211,115.194491798135,165.893015276821,0,136.685314494491,160.537522273714,153.672550905948,172.608400267715,224.523755099568,226.825099357786,0,218.045528847001
0,0,276.620869034647,0,0,139.654362654449,0,0,0,0,94.9380989123498,106.533627130087,0,0,252.487290983309,180.90030328818,89.1590885155172,0,0,345.797434674459,195.378266313867,0,113.144980278377,0,215.611029055736,0,306.640284138334,101.895308036513,0,115.332064605654,0,71.4788760670054,89.3673883748406,0,81.9664354533492,227.504408813069,142.054529471577,0,62.311273509377,218.045528847001,0
