0,0,0,0,0,0,0,0,0,0,0,0,0,0,0,0,0,0,0,0,0,0,0,200.878319874537,0,0,0,224.551207449728,128.530575464043,0,0,0,0,111.435629183184,0,0,0,0,82.4756938751058,108.136066660554,0
0,0,0,0,0,0,0,255.441154257905,0,0,0,0,0,0,0,0,0,0,0,0,0,0,0,0,0,0,133.218162784108,0,212.592150359921,0,0,0,109.093416850988,0,114.511014214502,0,335.371040201042,0,0,101.443495235174,0
0,0,0,0,219.430938885781,0,0,0,0,0,0,0,0,0,0,0,0,0,0,154.070293657878,122.106946855269,0,0,73.1029054543569,0,0,0,0,0,0,0,0,0,136.685314494491,0,0,0,0,0,0,0
0,0,0,0,171.230058197369,0,0,0,357.423078228283,161.325017232684,0,0,0,0,0,0,0,0,0,0,0,0,0,124.853650664477,0,134.566479261133,134.960780198024,283.248188884028,188.851177466023,193.055010680236,0,0,0,0,194.442125915551,0,118.522099274347,74.5815074003433,0,269.936825670274,0
0,0,219.430938885781,171.230058197369,0,261.605527103798,0,0,119.728129215699,0,0,153.609372090384,0,0,0,0,0,0,0,0,164.032723165762,0,0,0,0,116.054372245433,0,250.461724766314,192.693757128262,0,0,103.519938150021,0,0,155.901486485736,146.770754374523,0,135.294330067913,0,252.487290983309,0
0,0,0,0,261.605527103798,0,0,198.964527389285,249.905610015455,219.078548227669,204.481117647118,97.5855511246009,0,89.9429017381717,0,0,0,0,0,0,0,0,0,0,0,0,193.777661225572,125.994729980093,74.4197823064597,0,0,0,0,159.183173818572,158.955087279859,0,0,0,0,201.44584889478,306.640284138334
0,0,0,0,0,0,0,113.059176128709,0,198.528111506785,0,161.275817184598,62.311273509377,0,0,241.635434294794,0,0,0,0,0,90.1317194604647,0,0,112.793316814908,0,0,137.177378802006,0,0,0,0,0,141.204637091722,155.24952173131,0,98.2230592632363,0,167.066576495979,0,242.790381480436
0,255.441154257905,0,0,0,198.964527389285,113.059176128709,0,0,172.608400267715,0,0,0,320.356811100276,0,0,0,0,104.915316975638,0,0,139.654362654449,0,0,137.189596148386,143.005810983322,227.504408813069,142.385058730083,303.527509149359,178.224497384947,0,0,0,0,110.384905066973,0,0,0,0,106.128596538706,191.519780382943
0,0,0,357.423078228283,119.728129215699,249.905610015455,0,0,0,0,0,128.846764897717,0,0,0,0,0,0,0,0,0,0,0,0,0,0,0,0,192.601533877686,0,106.33736463831,0,0,71.5579325720569,276.620869034647,145.74089716123,146.99041817625,0,0,0,101.5853655613
0,0,0,161.325017232684,0,219.078548227669,198.528111506785,172.608400267715,0,0,125.416941482916,154.065933476765,280.376028997576,151.075371308616,67.8267069095267,0,106.926813611922,0,0,0,0,0,0,263.534399241887,0,115.194491798135,0,101.85207633558,0,0,0,0,0,345.797434674459,0,115.871357769661,220.901129804706,0,84.3635741045246,0,289.631679007608
0,0,0,0,0,204.481117647118,0,0,0,125.416941482916,0,223.705816669619,0,0,0,0,0,0,0,224.523755099568,85.7623170715703,0,133.984214699576,99.3508940827211,0,247.66948903751,321.864157986053,214.116367924649,333.645516435298,99.2646516363145,0,0,0,119.345624434514,0,62.859596780235,178.683678585178,0,94.7280504127031,0,0
0,0,0,0,153.609372090384,97.5855511246009,161.275817184598,0,128.846764897717,154.065933476765,223.705816669619,0,0,206.472608421747,115.332064605654,0,0,0,0,0,82.6426202489162,226.825099357786,0,0,0,0,181.316358113209,138.33942793804,338.131802716296,0,0,0,93.4234866874731,61.0664810463559,228.792310020318,151.806152521152,98.417953423071,306.344527664232,171.906398392157,0,120.912756812582
0,0,0,0,0,0,62.311273509377,0,0,280.376028997576,0,0,0,0,0,0,0,196.04190773555,0,0,0,0,0,165.893015276821,0,169.453147353278,0,0,0,0,0,0,0,108.381749703452,0,0,0,0,0,0,0
0,0,0,0,0,89.9429017381717,0,320.356811100276,0,151.075371308616,0,206.472608421747,0,0,0,0,353.822894641502,300.031143529538,0,0,0,0,183.786860782462,0,0,0,0,78.8552325762656,0,97.3232815600345,0,0,0,249.798812580765,241.57250333243,193.63278243493,106.533627130087,0,81.9664354533492,0,0
0,0,0,0,0,0,0,0,0,67.8267069095267,0,115.332064605654,0,0,0,0,0,211.840482897052,115.541295036174,0,173.059382066957,0,0,0,74.7304794244225,0,0,0,0,0,0,0,0,0,80.4367166559625,101.350815329073,241.682021696872,140.574866691684,0,76.5072790361762,93.5029580098427
0,0,0,0,0,0,241.635434294794,0,0,0,0,0,0,0,0,0,0,0,0,174.013630695256,0,0,0,0,0,115.868441404982,0,0,259.442917595754,0,0,70.4221432298295,0,208.005106191961,0,0,206.912707094411,186.348837226466,283.88658203332,154.784755881607,160.537522273714
0,0,0,0,0,0,0,0,0,106.926813611922,0,0,0,353.822894641502,0,0,0,0,0,112.349934713559,0,0,0,75.4497121078207,0,329.719143597451,0,73.4795582048751,0,0,0,138.425725342224,0,0,0,0,82.1742780037132,0,0,158.567996645797,173.538155409849
0,0,0,0,0,0,0,0,0,0,0,0,196.04190773555,300.031143529538,211.840482897052,0,0,0,0,0,0,0,0,228.075434767255,0,0,0,71.4788760670054,0,0,0,0,0,0,169.742003380707,162.833808134102,90.7216186966914,0,0,205.09013266389,0
0,0,0,0,0,0,0,104.915316975638,0,0,0,0,0,0,115.541295036174,0,0,0,0,240.185081663983,0,0,96.5937438588657,0,113.144980278377,98.6790043377568,0,151.01089327964,0,348.674510760064,0,0,0,192.135034768848,205.839960264176,0,177.763106506206,323.781250289068,0,0,0
0,0,154.070293657878,0,0,0,0,0,0,0,224.523755099568,0,0,0,0,174.013630695256,112.349934713559,0,240.185081663983,0,101.605593487621,0,0,0,0,213.67670887414,195.314816908693,115.114253591495,82.6299537488922,193.659409924573,0,0,180.543851962045,58.3493451392805,0,72.2278283150671,0,161.302948562323,0,197.486504603685,151.036729364761
0,0,122.106946855269,0,164.032723165762,0,0,0,0,0,85.7623170715703,82.6426202489162,0,0,173.059382066957,0,0,0,0,101.605593487621,0,253.401634605989,0,0,0,172.892533368851,284.529238481835,0,0,0,0,0,0,238.934743274142,180.355266595273,0,139.792601838991,0,0,190.185165668632,0
0,0,0,0,0,0,90.1317194604647,139.654362654449,0,0,0,226.825099357786,0,0,0,0,0,0,0,0,253.401634605989,0,0,0,0,124.698445421759,0,0,0,0,0,0,0,153.672550905948,0,0,120.567029282014,0,0,146.814226519809,0
0,0,0,0,0,0,0,0,0,0,133.984214699576,0,0,183.786860782462,0,0,0,0,96.5937438588657,0,0,0,0,163.059043292369,0,104.369974912428,168.241326865882,142.054529471577,0,87.8456058929559,0,117.208001126138,0,95.7590805983148,0,153.453047983244,101.895308036513,0,251.098274723989,232.945974238958,201.100640800745
200.878319874537,0,73.1029054543569,124.853650664477,0,0,0,0,0,263.534399241887,99.3508940827211,0,165.893015276821,0,0,0,75.4497121078207,228.075434767255,0,0,0,0,163.059043292369,0,128.405764333981,0,0,0,0,161.694997919804,94.9380989123498,153.876396855887,0,0,151.695570509541,89.3673883748406,137.239127032733,100.812745974529,220.963068032256,0,97.3506957544063
0,0,0,0,0,0,112.793316814908,137.189596148386,0,0,0,0,0,0,74.7304794244225,0,0,0,113.144980278377,0,0,0,0,128.405764333981,0,0,0,81.2827395071039,0,0,0,0,0,150.161410108805,0,0,187.77054666536,205.183249704085,0,0,218.045528847001
0,0,0,134.566479261133,116.054372245433,0,0,143.005810983322,0,115.194491798135,247.66948903751,0,169.453147353278,0,0,115.868441404982,329.719143597451,0,98.6790043377568,213.67670887414,172.892533368851,124.698445421759,104.369974912428,0,0,0,173.201474590904,0,196.032358954952,0,0,0,0,0,92.3502314520023,0,94.126460729827,89.1590885155172,0,259.055025639447,186.973586461633
0,133.218162784108,0,134.960780198024,0,193.777661225572,0,227.504408813069,0,0,321.864157986053,181.316358113209,0,0,0,0,0,0,0,195.314816908693,284.529238481835,0,168.241326865882,0,0,173.201474590904,0,173.001559092555,163.945208919892,0,0,154.142998692322,225.013371621378,347.376449530863,92.5568465385234,262.382215657622,261.440278806413,0,0,178.748963182352,209.996727521564
224.551207449728,0,0,283.248188884028,250.461724766314,125.994729980093,137.177378802006,142.385058730083,0,101.85207633558,214.116367924649,138.33942793804,0,78.8552325762656,0,0,73.4795582048751,71.4788760670054,151.01089327964,115.114253591495,0,0,142.054529471577,0,81.2827395071039,0,173.001559092555,0,231.715271819474,161.74915061469,195.822649557859,0,0,0,175.196329314064,112.823430872325,148.808626413748,221.805809452716,236.681907140956,184.249961885477,204.084074037941
128.530575464043,212.592150359921,0,188.851177466023,192.693757128262,74.4197823064597,0,303.527509149359,192.601533877686,0,333.645516435298,338.131802716296,0,0,0,259.442917595754,0,0,0,82.6299537488922,0,0,0,0,0,196.032358954952,163.945208919892,231.715271819474,0,0,0,217.157696745803,0,131.969743415579,157.852515740516,0,85.6072705949986,219.040656038919,116.176698124939,0,92.5207898118833
0,0,0,193.055010680236,0,0,0,178.224497384947,0,0,99.2646516363145,0,0,97.3232815600345,0,0,0,0,348.674510760064,193.659409924573,0,0,87.8456058929559,161.694997919804,0,0,0,161.74915061469,0,0,0,0,0,0,125.81518738273,0,202.712457066107,0,0,0,0
0,0,0,0,0,0,0,0,106.33736463831,0,0,0,0,0,0,0,0,0,0,0,0,0,0,94.9380989123498,0,0,0,195.822649557859,0,0,0,0,0,195.378266313867,0,180.90030328818,0,222.053792850439,0,0,0
0,0,0,0,103.519938150021,0,0,0,0,0,0,0,0,0,0,70.4221432298295,138.425725342224,0,0,0,0,0,117.208001126138,153.876396855887,0,0,154.142998692322,0,217.157696745803,0,0,0,0,136.792307586862,114.649126378906,0,0,160.530221557972,0,199.492852797962,0
0,109.093416850988,0,0,0,0,0,0,0,0,0,93.4234866874731,0,0,0,0,0,0,0,180.543851962045,0,0,0,0,0,0,225.013371621378,0,0,0,0,0,0,0,0,0,0,0,0,309.997227542691,0
111.435629183184,0,136.685314494491,0,0,159.183173818572,141.204637091722,0,71.5579325720569,345.797434674459,119.345624434514,61.0664810463559,108.381749703452,249.798812580765,0,208.005106191961,0,0,192.135034768848,58.3493451392805,238.934743274142,153.672550905948,95.7590805983148,0,150.161410108805,0,347.376449530863,0,131.969743415579,0,195.378266313867,136.792307586862,0,0,66.5008477853491,0,111.226326353722,215.611029055736,0,139.93285932648,94.8881692391942
0,114.511014214502,0,194.442125915551,155.901486485736,158.955087279859,155.24952173131,110.384905066973,276.620869034647,0,0,228.792310020318,0,241.57250333243,80.4367166559625,0,0,169.742003380707,205.839960264176,0,180.355266595273,0,0,151.695570509541,0,92.3502314520023,92.5568465385234,175.196329314064,157.852515740516,125.81518738273,0,114.649126378906,0,66.5008477853491,0,0,197.893790332676,146.465927798921,94.7529894315991,321.124897279917,0
0,0,0,0,146.770754374523,0,0,0,145.74089716123,115.871357769661,62.859596780235,151.806152521152,0,193.63278243493,101.350815329073,0,0,162.833808134102,0,72.2278283150671,0,0,153.453047983244,89.3673883748406,0,0,262.382215657622,112.823430872325,0,0,180.90030328818,0,0,0,0,0,80.8080171296381,188.936291522747,325.937289045041,179.718364159796,314.611698427915
0,335.371040201042,0,118.522099274347,0,0,98.2230592632363,0,146.99041817625,220.901129804706,178.683678585178,98.417953423071,0,106.533627130087,241.682021696872,206.912707094411,82.1742780037132,90.7216186966914,177.763106506206,0,139.792601838991,120.567029282014,101.895308036513,137.239127032733,187.77054666536,94.126460729827,261.440278806413,148.808626413748,85.6072705949986,202.712457066107,0,0,0,111.226326353722,197.893790332676,80.8080171296381,0,96.7845769653343,78.9559315574845,231.050882209,165.597665022977
0,0,0,74.5815074003433,135.294330067913,0,0,0,0,0,0,306.344527664232,0,0,140.574866691684,186.348837226466,0,0,323.781250289068,161.302948562323,0,0,0,100.812745974529,205.183249704085,89.1590885155172,0,221.805809452716,219.040656038919,0,222.053792850439,160.530221557972,0,215.611029055736,146.465927798921,188.936291522747,96.7845769653343,0,135.667029391615,94.027247878695,0
82.4756938751058,0,0,0,0,0,167.066576495979,0,0,84.3635741045246,94.7280504127031,171.906398392157,0,81.9664354533492,0,283.88658203332,0,0,0,0,0,0,251.098274723989,220.963068032256,0,0,0,236.681907140956,116.176698124939,0,0,0,0,0,94.7529894315991,325.937289045041,78.9559315574845,135.667029391615,0,0,0
108.136066660554,101.443495235174,0,269.936825670274,252.487290983309,201.44584889478,0,106.128596538706,0,0,0,0,0,0,76.5072790361762,154.784755881607,158.567996645797,205.09013266389,0,197.486504603685,190.185165668632,146.814226519809,232.945974238958,0,0,259.055025639447,178.748963182352,184.249961885477,0,0,0,199.492852797962,309.997227542691,139.93285932648,321.124897279917,179.718364159796,231.050882209,94.027247878695,0,0,89.707245288964
0,0,0,0,0,306.640284138334,242.790381480436,191.519780382943,101.5853655613,289.631679007608,0,120.912756812582,0,0,93.5029580098427,160.537522273714,173.538155409849,0,0,151.036729364761,0,0,201.100640800745,97.3506957544063,218.045528847001,186.973586461633,209.996727521564,204.084074037941,92.5207898118833,0,0,0,0,94.8881692391942,0,314.611698427915,165.597665022977,0,0,89.707245288964,0
