0,0,0,0,0,251.098274723989,0,0,0,0,0,0,0,0,0,0,0,0,0,0,0,0,0,0,0,0,0,97.5855511246009,0,188.851177466023,0,0,0,0,0,0,0,0,110.384905066973,112.793316814908,146.814226519809
0,0,0,0,0,0,0,0,0,0,0,136.792307586862,0,186.973586461633,0,0,0,0,0,0,0,0,0,0,0,118.522099274347,0,120.567029282014,0,115.868441404982,0,0,0,0,153.672550905948,0,0,0,215.611029055736,0,0
0,0,0,0,138.33942793804,0,0,0,0,76.5072790361762,0,0,0,0,0,0,0,0,0,0,0,0,0,0,0,181.316358113209,0,0,0,231.050882209,0,0,0,0,0,0,0,0,0,184.249961885477,0
0,0,0,0,0,0,0,0,0,0,0,289.631679007608,0,249.905610015455,0,0,168.241326865882,0,300.031143529538,154.065933476765,0,0,0,135.667029391615,0,73.1029054543569,0,165.597665022977,89.1590885155172,160.530221557972,0,0,0,213.67670887414,0,0,321.124897279917,0,0,115.114253591495,0
0,0,138.33942793804,0,0,0,0,0,0,75.4497121078207,0,0,89.9429017381717,0,0,0,0,0,139.654362654449,0,0,0,0,192.693757128262,154.070293657878,0,0,85.6072705949986,329.719143597451,0,0,219.430938885781,0,220.963068032256,323.781250289068,0,0,160.537522273714,72.2278283150671,218.045528847001,0
251.098274723989,0,0,0,0,0,333.645516435298,0,0,199.492852797962,0,183.786860782462,0,120.912756812582,247.66948903751,0,0,0,0,0,0,0,0,209.996727521564,0,0,0,284.529238481835,133.984214699576,0,0,108.136066660554,0,87.8456058929559,0,195.314816908693,0,155.24952173131,0,142.054529471577,0
0,0,0,0,0,333.645516435298,0,0,196.032358954952,236.681907140956,252.487290983309,0,0,0,0,0,0,0,163.945208919892,58.3493451392805,146.770754374523,0,0,0,0,0,205.839960264176,169.453147353278,0,0,0,0,0,145.74089716123,94.027247878695,0,202.712457066107,0,0,0,125.994729980093
0,0,0,0,0,0,0,0,204.481117647118,228.792310020318,111.226326353722,0,115.194491798135,194.442125915551,196.04190773555,0,0,0,314.611698427915,179.718364159796,0,0,0,158.955087279859,0,0,70.4221432298295,0,200.878319874537,0,0,119.728129215699,0,0,62.859596780235,212.592150359921,0,0,93.4234866874731,0,157.852515740516
0,0,0,0,0,0,196.032358954952,204.481117647118,0,151.036729364761,101.895308036513,171.230058197369,93.5029580098427,0,0,161.74915061469,0,0,0,0,0,0,187.77054666536,0,0,0,0,208.005106191961,0,0,0,0,0,89.707245288964,0,0,211.840482897052,0,0,0,0
0,0,76.5072790361762,0,75.4497121078207,199.492852797962,236.681907140956,228.792310020318,151.036729364761,0,115.332064605654,109.093416850988,0,128.846764897717,0,0,227.504408813069,0,225.013371621378,0,0,0,113.059176128709,0,0,0,0,66.5008477853491,71.5579325720569,0,0,0,0,0,195.822649557859,0,131.969743415579,90.7216186966914,0,309.997227542691,0
0,0,0,0,0,0,252.487290983309,111.226326353722,101.895308036513,115.332064605654,0,92.5568465385234,0,0,0,240.185081663983,0,0,0,143.005810983322,172.892533368851,0,95.7590805983148,283.88658203332,0,0,173.201474590904,112.823430872325,0,0,0,0,0,0,269.936825670274,98.417953423071,115.541295036174,0,0,0,101.350815329073
0,136.792307586862,0,289.631679007608,0,183.786860782462,0,0,171.230058197369,109.093416850988,92.5568465385234,0,0,177.763106506206,0,335.371040201042,171.906398392157,0,173.001559092555,0,73.4795582048751,0,0,116.054372245433,0,78.9559315574845,154.784755881607,0,0,188.936291522747,0,0,0,0,0,134.566479261133,161.694997919804,224.551207449728,303.527509149359,348.674510760064,134.960780198024
0,0,0,0,89.9429017381717,0,0,115.194491798135,93.5029580098427,0,0,0,0,0,99.2646516363145,0,0,0,0,0,0,0,0,0,0,0,71.4788760670054,0,0,0,0,0,0,0,206.472608421747,0,0,0,0,0,0
0,186.973586461633,0,249.905610015455,0,120.912756812582,0,194.442125915551,0,128.846764897717,0,177.763106506206,0,0,0,0,0,191.519780382943,0,0,0,0,0,0,0,219.040656038919,0,125.416941482916,0,0,0,0,0,82.1742780037132,178.683678585178,228.075434767255,306.640284138334,0,0,0,283.248188884028
0,0,0,0,0,247.66948903751,0,196.04190773555,0,0,0,0,99.2646516363145,0,0,113.144980278377,0,0,0,0,0,0,0,81.9664354533492,0,0,0,161.275817184598,150.161410108805,0,0,0,0,0,241.635434294794,117.208001126138,259.442917595754,111.435629183184,0,0,137.239127032733
0,0,0,0,0,0,0,0,161.74915061469,0,240.185081663983,335.371040201042,0,0,113.144980278377,0,0,0,0,67.8267069095267,61.0664810463559,0,0,162.833808134102,0,0,0,0,0,0,0,0,0,82.4756938751058,169.742003380707,0,74.7304794244225,0,0,104.369974912428,0
0,0,0,168.241326865882,0,0,0,0,0,227.504408813069,0,171.906398392157,0,0,0,0,0,0,0,0,0,0,0,0,0,135.294330067913,0,140.574866691684,321.864157986053,0,0,0,0,137.189596148386,0,0,153.453047983244,0,0,224.523755099568,94.7280504127031
0,0,0,0,0,0,0,0,0,0,0,0,0,191.519780382943,0,0,0,0,0,0,0,0,0,204.084074037941,0,0,0,219.078548227669,161.325017232684,0,0,0,139.792601838991,163.059043292369,0,0,98.6790043377568,198.964527389285,0,197.486504603685,0
0,0,0,300.031143529538,139.654362654449,0,163.945208919892,314.611698427915,0,225.013371621378,0,173.001559092555,0,0,0,0,0,0,0,0,0,0,0,338.131802716296,0,112.349934713559,0,221.805809452716,347.376449530863,0,0,0,0,0,253.401634605989,0,0,0,0,0,146.99041817625
0,0,0,154.065933476765,0,0,58.3493451392805,179.718364159796,0,0,143.005810983322,0,0,0,0,67.8267069095267,0,0,0,0,0,0,101.443495235174,0,231.715271819474,101.5853655613,98.2230592632363,0,0,0,261.605527103798,0,0,153.876396855887,261.440278806413,173.059382066957,192.135034768848,96.7845769653343,180.355266595273,137.177378802006,0
0,0,0,0,0,0,146.770754374523,0,0,0,172.892533368851,73.4795582048751,0,0,0,61.0664810463559,0,0,0,0,0,0,0,80.4367166559625,0,0,153.609372090384,114.511014214502,0,0,0,0,0,0,119.345624434514,151.075371308616,80.8080171296381,276.620869034647,0,165.893015276821,345.797434674459
0,0,0,0,0,0,0,0,0,0,0,0,0,0,0,0,0,0,0,0,0,0,214.116367924649,0,198.528111506785,0,82.6426202489162,0,133.218162784108,0,0,0,0,97.3506957544063,0,0,205.183249704085,0,0,125.81518738273,94.7529894315991
0,0,0,0,0,0,0,0,187.77054666536,113.059176128709,95.7590805983148,0,0,0,0,0,0,0,0,101.443495235174,0,214.116367924649,0,148.808626413748,0,193.777661225572,103.519938150021,0,238.934743274142,0,0,0,0,74.5815074003433,100.812745974529,81.2827395071039,174.013630695256,0,94.8881692391942,0,201.100640800745
0,0,0,135.667029391615,192.693757128262,209.996727521564,0,158.955087279859,0,0,283.88658203332,116.054372245433,0,0,81.9664354533492,162.833808134102,0,204.084074037941,338.131802716296,0,80.4367166559625,0,148.808626413748,0,190.185165668632,0,116.176698124939,0,0,0,0,0,0,193.659409924573,241.682021696872,0,124.853650664477,0,164.032723165762,62.311273509377,0
0,0,0,0,154.070293657878,0,0,0,0,0,0,0,0,0,0,0,0,0,0,231.715271819474,0,198.528111506785,0,190.185165668632,0,0,206.912707094411,0,0,0,0,0,142.385058730083,106.33736463831,154.142998692322,0,180.90030328818,0,0,0,151.806152521152
0,118.522099274347,181.316358113209,73.1029054543569,0,0,0,0,0,0,0,78.9559315574845,0,219.040656038919,0,0,135.294330067913,0,112.349934713559,101.5853655613,0,0,193.777661225572,0,0,0,320.356811100276,226.825099357786,242.790381480436,0,0,259.055025639447,0,90.1317194604647,101.85207633558,280.376028997576,222.053792850439,167.066576495979,220.901129804706,0,97.3232815600345
0,0,0,0,0,0,205.839960264176,70.4221432298295,0,0,173.201474590904,154.784755881607,71.4788760670054,0,0,0,0,0,0,98.2230592632363,153.609372090384,82.6426202489162,103.519938150021,116.176698124939,206.912707094411,320.356811100276,0,255.441154257905,193.63278243493,0,155.901486485736,0,94.126460729827,175.196329314064,186.348837226466,0,94.9380989123498,0,0,353.822894641502,0
97.5855511246009,120.567029282014,0,165.597665022977,85.6072705949986,284.529238481835,169.453147353278,0,208.005106191961,66.5008477853491,112.823430872325,0,0,125.416941482916,161.275817184598,0,140.574866691684,219.078548227669,221.805809452716,0,114.511014214502,0,0,0,0,226.825099357786,255.441154257905,0,78.8552325762656,101.605593487621,357.423078228283,0,0,114.649126378906,0,262.382215657622,96.5937438588657,99.3508940827211,92.3502314520023,159.183173818572,85.7623170715703
0,0,0,89.1590885155172,329.719143597451,133.984214699576,0,200.878319874537,0,71.5579325720569,0,0,0,0,150.161410108805,0,321.864157986053,161.325017232684,347.376449530863,0,0,133.218162784108,238.934743274142,0,0,242.790381480436,193.63278243493,78.8552325762656,0,0,0,141.204637091722,0,158.567996645797,108.381749703452,0,138.425725342224,106.926813611922,249.798812580765,151.695570509541,0
188.851177466023,115.868441404982,231.050882209,160.530221557972,0,0,0,0,0,0,0,188.936291522747,0,0,0,0,0,0,0,0,0,0,0,0,0,0,0,101.605593487621,0,0,0,0,0,92.5207898118833,0,0,0,325.937289045041,201.44584889478,74.4197823064597,106.128596538706
0,0,0,0,0,0,0,0,0,0,0,0,0,0,0,0,0,0,0,261.605527103798,0,0,0,0,0,0,155.901486485736,357.423078228283,0,0,0,0,0,0,0,128.405764333981,250.461724766314,172.608400267715,0,0,0
0,0,0,0,219.430938885781,108.136066660554,0,119.728129215699,0,0,0,0,0,0,0,0,0,0,0,0,0,0,0,0,0,259.055025639447,0,0,141.204637091722,0,0,0,0,193.055010680236,0,104.915316975638,205.09013266389,139.93285932648,197.893790332676,180.543851962045,0
0,0,0,0,0,0,0,0,0,0,0,0,0,0,0,0,0,139.792601838991,0,0,0,0,0,0,142.385058730083,0,94.126460729827,0,0,0,0,0,0,263.534399241887,0,0,0,0,0,0,195.378266313867
0,0,0,213.67670887414,220.963068032256,87.8456058929559,145.74089716123,0,89.707245288964,0,0,0,0,82.1742780037132,0,82.4756938751058,137.189596148386,163.059043292369,0,153.876396855887,0,97.3506957544063,74.5815074003433,193.659409924573,106.33736463831,90.1317194604647,175.196329314064,114.649126378906,158.567996645797,92.5207898118833,0,193.055010680236,263.534399241887,0,178.224497384947,161.302948562323,128.530575464043,217.157696745803,0,136.685314494491,0
0,153.672550905948,0,0,323.781250289068,0,94.027247878695,62.859596780235,0,195.822649557859,269.936825670274,0,206.472608421747,178.683678585178,241.635434294794,169.742003380707,0,0,253.401634605989,261.440278806413,119.345624434514,0,100.812745974529,241.682021696872,154.142998692322,101.85207633558,186.348837226466,0,108.381749703452,0,0,0,0,178.224497384947,0,122.106946855269,173.538155409849,84.3635741045246,0,232.945974238958,151.01089327964
0,0,0,0,0,195.314816908693,0,212.592150359921,0,0,98.417953423071,134.566479261133,0,228.075434767255,117.208001126138,0,0,0,0,173.059382066957,151.075371308616,0,81.2827395071039,0,0,280.376028997576,0,262.382215657622,0,0,128.405764333981,104.915316975638,0,161.302948562323,122.106946855269,0,192.601533877686,89.3673883748406,115.871357769661,124.698445421759,0
0,0,0,321.124897279917,0,0,202.712457066107,0,211.840482897052,131.969743415579,115.541295036174,161.694997919804,0,306.640284138334,259.442917595754,74.7304794244225,153.453047983244,98.6790043377568,0,192.135034768848,80.8080171296381,205.183249704085,174.013630695256,124.853650664477,180.90030328818,222.053792850439,94.9380989123498,96.5937438588657,138.425725342224,0,250.461724766314,205.09013266389,0,128.530575464043,173.538155409849,192.601533877686,0,306.344527664232,106.533627130087,82.6299537488922,146.465927798921
0,0,0,0,160.537522273714,155.24952173131,0,0,0,90.7216186966914,0,224.551207449728,0,0,111.435629183184,0,0,198.964527389285,0,96.7845769653343,276.620869034647,0,0,0,0,167.066576495979,0,99.3508940827211,106.926813611922,325.937289045041,172.608400267715,139.93285932648,0,217.157696745803,84.3635741045246,89.3673883748406,306.344527664232,0,0,241.57250333243,178.748963182352
110.384905066973,215.611029055736,0,0,72.2278283150671,0,0,93.4234866874731,0,0,0,303.527509149359,0,0,0,0,0,0,0,180.355266595273,0,0,94.8881692391942,164.032723165762,0,220.901129804706,0,92.3502314520023,249.798812580765,201.44584889478,0,197.893790332676,0,0,0,115.871357769661,106.533627130087,0,0,0,0
112.793316814908,0,184.249961885477,115.114253591495,218.045528847001,142.054529471577,0,0,0,309.997227542691,0,348.674510760064,0,0,0,104.369974912428,224.523755099568,197.486504603685,0,137.177378802006,165.893015276821,125.81518738273,0,62.311273509377,0,0,353.822894641502,159.183173818572,151.695570509541,74.4197823064597,0,180.543851962045,0,136.685314494491,232.945974238958,124.698445421759,82.6299537488922,241.57250333243,0,0,223.705816669619
146.814226519809,0,0,0,0,0,125.994729980093,157.852515740516,0,0,101.350815329073,134.960780198024,0,283.248188884028,137.239127032733,0,94.7280504127031,0,146.99041817625,0,345.797434674459,94.7529894315991,201.100640800745,0,151.806152521152,97.3232815600345,0,85.7623170715703,0,106.128596538706,0,0,195.378266313867,0,151.01089327964,0,146.465927798921,178.748963182352,0,223.705816669619,0
