0,0,0,0,0,0,0,0,0,0,0,66.5008477853491,0,0,0,0,0,0,0,0,0,0,0,0,0,0,0,0,0,0,0,138.425725342224,0,0,125.416941482916,201.44584889478,0,0,0,98.2230592632363,284.529238481835
0,0,0,0,0,0,0,0,0,0,0,200.878319874537,0,0,0,0,0,0,0,94.8881692391942,0,0,0,0,0,0,0,101.605593487621,153.672550905948,0,0,0,0,0,0,0,215.611029055736,0,148.808626413748,0,174.013630695256
0,0,0,0,0,0,0,133.984214699576,0,0,0,0,0,0,0,0,0,0,0,0,0,0,0,0,0,0,0,0,228.792310020318,0,0,0,0,0,146.770754374523,0,188.936291522747,0,0,82.6426202489162,0
0,0,0,0,0,0,0,161.74915061469,0,250.461724766314,0,0,0,0,0,309.997227542691,0,0,0,108.381749703452,0,0,0,106.33736463831,0,251.098274723989,143.005810983322,240.185081663983,0,181.316358113209,0,0,0,180.355266595273,306.640284138334,0,113.059176128709,0,0,70.4221432298295,0
0,0,0,0,0,0,0,72.2278283150671,0,114.649126378906,193.63278243493,115.871357769661,0,0,0,111.226326353722,0,0,0,269.936825670274,0,106.128596538706,0,0,0,193.777661225572,0,96.7845769653343,0,112.349934713559,0,0,0,89.9429017381717,137.189596148386,0,227.504408813069,0,0,161.302948562323,0
0,0,0,0,0,0,0,128.846764897717,0,0,96.5937438588657,0,0,157.852515740516,115.332064605654,0,0,0,0,0,0,0,0,0,0,276.620869034647,106.926813611922,0,0,179.718364159796,128.530575464043,0,0,113.144980278377,192.135034768848,120.567029282014,197.486504603685,0,196.032358954952,103.519938150021,0
0,0,0,0,0,0,0,0,0,0,173.201474590904,0,99.3508940827211,335.371040201042,289.631679007608,0,0,0,0,173.001559092555,0,98.417953423071,0,0,0,0,0,89.707245288964,259.055025639447,0,0,0,0,151.075371308616,0,119.345624434514,0,232.945974238958,178.748963182352,300.031143529538,0
0,0,133.984214699576,161.74915061469,72.2278283150671,128.846764897717,0,0,0,71.5579325720569,115.868441404982,0,0,177.763106506206,0,0,0,0,0,0,0,0,193.055010680236,0,0,173.059382066957,0,137.239127032733,0,159.183173818572,0,0,0,82.4756938751058,184.249961885477,201.100640800745,75.4497121078207,261.605527103798,0,0,0
0,0,0,0,0,0,0,0,0,0,0,0,117.208001126138,0,0,321.124897279917,0,0,0,0,255.441154257905,0,253.401634605989,193.659409924573,0,0,0,94.126460729827,0,0,0,0,0,0,178.224497384947,333.645516435298,114.511014214502,0,0,124.698445421759,106.533627130087
0,0,0,250.461724766314,114.649126378906,0,0,71.5579325720569,0,0,0,338.131802716296,0,220.901129804706,0,0,196.04190773555,0,0,0,0,0,0,0,320.356811100276,241.57250333243,151.036729364761,94.027247878695,0,205.839960264176,0,0,0,206.472608421747,188.851177466023,0,306.344527664232,98.6790043377568,222.053792850439,163.059043292369,142.054529471577
0,0,0,0,193.63278243493,96.5937438588657,173.201474590904,115.868441404982,0,0,0,195.378266313867,0,0,0,0,74.5815074003433,0,0,0,283.88658203332,0,0,218.045528847001,153.453047983244,138.33942793804,0,0,0,0,241.682021696872,0,0,124.853650664477,0,74.7304794244225,0,0,226.825099357786,155.901486485736,133.218162784108
66.5008477853491,200.878319874537,0,0,115.871357769661,0,0,0,0,338.131802716296,195.378266313867,0,0,94.7280504127031,0,90.1317194604647,0,163.945208919892,247.66948903751,146.99041817625,194.442125915551,0,0,100.812745974529,0,345.797434674459,0,93.4234866874731,153.876396855887,0,0,112.793316814908,0,211.840482897052,0,0,158.955087279859,80.8080171296381,0,139.93285932648,58.3493451392805
0,0,0,0,0,0,99.3508940827211,0,117.208001126138,0,0,0,0,0,0,0,0,0,0,0,0,0,0,146.814226519809,0,0,0,0,197.893790332676,0,0,0,0,150.161410108805,0,0,195.822649557859,0,0,0,0
0,0,0,0,0,157.852515740516,335.371040201042,177.763106506206,0,220.901129804706,0,94.7280504127031,0,0,0,0,0,0,0,0,128.405764333981,0,202.712457066107,0,173.538155409849,0,175.196329314064,0,0,0,0,92.5568465385234,0,0,155.24952173131,0,134.960780198024,225.013371621378,0,0,195.314816908693
0,0,0,0,0,115.332064605654,289.631679007608,0,0,0,0,0,0,0,0,0,0,0,0,0,99.2646516363145,0,125.81518738273,92.5207898118833,0,82.1742780037132,93.5029580098427,0,214.116367924649,0,0,0,0,169.742003380707,115.114253591495,0,224.551207449728,0,0,0,224.523755099568
0,0,0,309.997227542691,111.226326353722,0,0,0,321.124897279917,0,0,90.1317194604647,0,0,0,0,0,0,0,0,206.912707094411,0,0,0,0,186.348837226466,0,84.3635741045246,101.895308036513,0,0,0,0,0,0,0,303.527509149359,0,0,137.177378802006,171.230058197369
0,0,0,0,0,0,0,0,0,196.04190773555,74.5815074003433,0,0,0,0,0,0,0,0,0,0,0,0,0,0,0,135.294330067913,89.3673883748406,0,171.906398392157,0,0,0,187.77054666536,0,97.5855511246009,76.5072790361762,0,192.693757128262,205.09013266389,0
0,0,0,0,0,0,0,0,0,0,0,163.945208919892,0,0,0,0,0,0,221.805809452716,80.4367166559625,122.106946855269,0,0,0,0,0,116.176698124939,0,81.9664354533492,0,0,0,0,94.9380989123498,0,190.185165668632,0,0,0,101.350815329073,0
0,0,0,0,0,0,0,0,0,0,0,247.66948903751,0,0,0,0,0,221.805809452716,0,85.7623170715703,0,0,90.7216186966914,0,0,0,209.996727521564,73.4795582048751,0,0,0,0,115.541295036174,213.67670887414,231.050882209,223.705816669619,0,348.674510760064,0,0,104.915316975638
0,94.8881692391942,0,108.381749703452,269.936825670274,0,173.001559092555,0,0,0,0,146.99041817625,0,0,0,0,0,80.4367166559625,85.7623170715703,0,0,0,0,0,78.9559315574845,0,154.065933476765,228.075434767255,263.534399241887,0,0,0,0,168.241326865882,220.963068032256,161.325017232684,0,192.601533877686,0,178.683678585178,357.423078228283
0,0,0,0,0,0,0,0,255.441154257905,0,283.88658203332,194.442125915551,0,128.405764333981,99.2646516363145,206.912707094411,0,122.106946855269,0,0,0,212.592150359921,0,151.01089327964,0,0,0,0,0,0,0,119.728129215699,321.864157986053,0,0,0,180.543851962045,0,0,94.7529894315991,0
0,0,0,0,106.128596538706,0,98.417953423071,0,0,0,0,0,0,0,0,0,0,0,0,0,212.592150359921,0,0,0,0,0,0,314.611698427915,135.667029391615,241.635434294794,0,0,0,217.157696745803,0,0,0,0,0,323.781250289068,0
0,0,0,0,0,0,0,193.055010680236,253.401634605989,0,0,0,0,202.712457066107,125.81518738273,0,0,0,90.7216186966914,0,0,0,0,236.681907140956,0,0,111.435629183184,0,252.487290983309,0,87.8456058929559,249.798812580765,0,0,120.912756812582,71.4788760670054,158.567996645797,238.934743274142,0,0,204.481117647118
0,0,0,106.33736463831,0,0,0,0,193.659409924573,0,218.045528847001,100.812745974529,146.814226519809,0,92.5207898118833,0,0,0,0,0,151.01089327964,0,236.681907140956,0,160.537522273714,183.786860782462,165.893015276821,110.384905066973,0,0,0,82.6299537488922,73.1029054543569,118.522099274347,0,101.443495235174,0,0,151.695570509541,325.937289045041,112.823430872325
0,0,0,0,0,0,0,0,0,320.356811100276,153.453047983244,0,0,173.538155409849,0,0,0,0,0,78.9559315574845,0,0,0,160.537522273714,0,0,164.032723165762,180.90030328818,0,0,0,0,0,0,95.7590805983148,0,131.969743415579,0,0,109.093416850988,0
0,0,0,251.098274723989,193.777661225572,276.620869034647,0,173.059382066957,0,241.57250333243,138.33942793804,345.797434674459,0,0,82.1742780037132,186.348837226466,0,0,0,0,0,0,0,183.786860782462,0,0,0,199.492852797962,116.054372245433,0,74.4197823064597,136.685314494491,0,89.1590885155172,280.376028997576,0,108.136066660554,62.859596780235,0,134.566479261133,165.597665022977
0,0,0,143.005810983322,0,106.926813611922,0,0,0,151.036729364761,0,0,0,175.196329314064,93.5029580098427,0,135.294330067913,116.176698124939,209.996727521564,154.065933476765,0,0,111.435629183184,165.893015276821,164.032723165762,0,0,154.142998692322,208.005106191961,0,0,0,0,198.964527389285,161.694997919804,219.430938885781,172.608400267715,139.792601838991,0,0,154.070293657878
0,101.605593487621,0,240.185081663983,96.7845769653343,0,89.707245288964,137.239127032733,94.126460729827,94.027247878695,0,93.4234866874731,0,0,0,84.3635741045246,89.3673883748406,0,73.4795582048751,228.075434767255,0,314.611698427915,0,110.384905066973,180.90030328818,199.492852797962,154.142998692322,0,329.719143597451,0,219.040656038919,125.994729980093,0,242.790381480436,259.442917595754,0,262.382215657622,162.833808134102,231.715271819474,186.973586461633,101.5853655613
0,153.672550905948,228.792310020318,0,0,0,259.055025639447,0,0,0,0,153.876396855887,197.893790332676,0,214.116367924649,101.895308036513,0,81.9664354533492,0,263.534399241887,0,135.667029391615,252.487290983309,0,0,116.054372245433,208.005106191961,329.719143597451,0,136.792307586862,0,0,0,249.905610015455,0,101.85207633558,261.440278806413,198.528111506785,85.6072705949986,283.248188884028,0
0,0,0,181.316358113209,112.349934713559,179.718364159796,0,159.183173818572,0,205.839960264176,0,0,0,0,0,0,171.906398392157,0,0,0,0,241.635434294794,0,0,0,0,0,0,136.792307586862,0,0,142.385058730083,0,0,0,0,151.806152521152,0,205.183249704085,0,0
0,0,0,0,0,128.530575464043,0,0,0,0,241.682021696872,0,0,0,0,0,0,0,0,0,0,0,87.8456058929559,0,0,74.4197823064597,0,219.040656038919,0,0,0,0,0,0,97.3506957544063,0,0,0,0,0,0
138.425725342224,0,0,0,0,0,0,0,0,0,0,112.793316814908,0,92.5568465385234,0,0,0,0,0,0,119.728129215699,0,249.798812580765,82.6299537488922,0,136.685314494491,0,125.994729980093,0,142.385058730083,0,0,0,0,153.609372090384,0,0,219.078548227669,0,0,0
0,0,0,0,0,0,0,0,0,0,0,0,0,0,0,0,0,0,115.541295036174,0,321.864157986053,0,0,73.1029054543569,0,0,0,0,0,0,0,0,0,353.822894641502,0,0,67.8267069095267,0,0,0,0
0,0,0,180.355266595273,89.9429017381717,113.144980278377,151.075371308616,82.4756938751058,0,206.472608421747,124.853650664477,211.840482897052,150.161410108805,0,169.742003380707,0,187.77054666536,94.9380989123498,213.67670887414,168.241326865882,0,217.157696745803,0,118.522099274347,0,89.1590885155172,198.964527389285,242.790381480436,249.905610015455,0,0,0,353.822894641502,0,92.3502314520023,0,167.066576495979,160.530221557972,61.0664810463559,0,154.784755881607
125.416941482916,0,146.770754374523,306.640284138334,137.189596148386,192.135034768848,0,184.249961885477,178.224497384947,188.851177466023,0,0,0,155.24952173131,115.114253591495,0,0,0,231.050882209,220.963068032256,0,0,120.912756812582,0,95.7590805983148,280.376028997576,161.694997919804,259.442917595754,0,0,97.3506957544063,153.609372090384,0,92.3502314520023,0,139.654362654449,347.376449530863,81.2827395071039,140.574866691684,115.194491798135,0
201.44584889478,0,0,0,0,120.567029282014,119.345624434514,201.100640800745,333.645516435298,0,74.7304794244225,0,0,0,0,0,97.5855511246009,190.185165668632,223.705816669619,161.325017232684,0,0,71.4788760670054,101.443495235174,0,0,219.430938885781,0,101.85207633558,0,0,0,0,0,139.654362654449,0,191.519780382943,204.084074037941,104.369974912428,0,172.892533368851
0,215.611029055736,188.936291522747,113.059176128709,227.504408813069,197.486504603685,0,75.4497121078207,114.511014214502,306.344527664232,0,158.955087279859,195.822649557859,134.960780198024,224.551207449728,303.527509149359,76.5072790361762,0,0,0,180.543851962045,0,158.567996645797,0,131.969743415579,108.136066660554,172.608400267715,262.382215657622,261.440278806413,151.806152521152,0,0,67.8267069095267,167.066576495979,347.376449530863,191.519780382943,0,169.453147353278,145.74089716123,78.8552325762656,62.311273509377
0,0,0,0,0,0,232.945974238958,261.605527103798,0,98.6790043377568,0,80.8080171296381,0,225.013371621378,0,0,0,0,348.674510760064,192.601533877686,0,0,238.934743274142,0,0,62.859596780235,139.792601838991,162.833808134102,198.528111506785,0,0,219.078548227669,0,160.530221557972,81.2827395071039,204.084074037941,169.453147353278,0,141.204637091722,97.3232815600345,161.275817184598
0,148.808626413748,0,0,0,196.032358954952,178.748963182352,0,0,222.053792850439,226.825099357786,0,0,0,0,0,192.693757128262,0,0,0,0,0,0,151.695570509541,0,0,0,231.715271819474,85.6072705949986,205.183249704085,0,0,0,61.0664810463559,140.574866691684,104.369974912428,145.74089716123,141.204637091722,0,0,0
98.2230592632363,0,82.6426202489162,70.4221432298295,161.302948562323,103.519938150021,300.031143529538,0,124.698445421759,163.059043292369,155.901486485736,139.93285932648,0,0,0,137.177378802006,205.09013266389,101.350815329073,0,178.683678585178,94.7529894315991,323.781250289068,0,325.937289045041,109.093416850988,134.566479261133,0,186.973586461633,283.248188884028,0,0,0,0,0,115.194491798135,0,78.8552325762656,97.3232815600345,0,0,146.465927798921
284.529238481835,174.013630695256,0,0,0,0,0,0,106.533627130087,142.054529471577,133.218162784108,58.3493451392805,0,195.314816908693,224.523755099568,171.230058197369,0,0,104.915316975638,357.423078228283,0,0,204.481117647118,112.823430872325,0,165.597665022977,154.070293657878,101.5853655613,0,0,0,0,0,154.784755881607,0,172.892533368851,62.311273509377,161.275817184598,0,146.465927798921,0
