0,0,0,199.492852797962,0,0,219.430938885781,0,0,0,0,0,0,0,0,0,0,0,0,0,0,0,0,0,0,0,131.969743415579,89.1590885155172,0,0,0,0,0,276.620869034647,0,0,142.385058730083,0,0,0,0
0,0,0,0,0,0,0,0,114.511014214502,0,0,0,0,187.77054666536,0,0,0,0,0,0,0,0,0,0,0,228.075434767255,0,0,0,0,0,85.6072705949986,0,0,0,0,177.763106506206,80.4367166559625,128.405764333981,0,0
0,0,0,0,0,0,139.93285932648,0,0,0,0,0,0,0,0,0,0,0,0,0,0,0,115.868441404982,0,0,0,0,138.33942793804,0,0,0,97.5855511246009,0,0,0,140.574866691684,0,0,0,0,0
199.492852797962,0,0,0,0,101.5853655613,0,0,0,0,255.441154257905,0,0,0,0,0,0,0,0,165.893015276821,195.822649557859,0,0,0,125.994729980093,213.67670887414,115.114253591495,154.065933476765,180.543851962045,0,0,0,0,0,93.5029580098427,160.537522273714,0,0,0,200.878319874537,0
0,0,0,0,0,0,0,146.770754374523,151.036729364761,0,0,0,0,137.177378802006,0,0,109.093416850988,0,0,198.528111506785,0,0,0,94.126460729827,0,165.597665022977,262.382215657622,0,104.915316975638,0,0,0,0,0,93.4234866874731,249.798812580765,148.808626413748,111.435629183184,0,0,125.416941482916
0,0,0,101.5853655613,0,0,0,0,0,0,106.533627130087,143.005810983322,0,0,0,0,0,0,0,0,0,0,0,173.059382066957,0,174.013630695256,161.275817184598,241.57250333243,0,0,225.013371621378,0,190.185165668632,115.194491798135,74.5815074003433,0,106.128596538706,0,0,104.369974912428,164.032723165762
219.430938885781,0,139.93285932648,0,0,0,0,0,0,0,0,0,0,0,283.248188884028,0,0,0,138.425725342224,0,0,0,0,250.461724766314,0,0,89.707245288964,0,306.344527664232,92.5568465385234,0,0,0,178.224497384947,97.3232815600345,195.314816908693,101.443495235174,0,0,252.487290983309,0
0,0,0,0,146.770754374523,0,0,0,0,115.541295036174,71.5579325720569,0,0,0,214.116367924649,78.9559315574845,151.075371308616,0,0,0,124.698445421759,0,178.748963182352,0,0,0,0,139.792601838991,111.226326353722,0,0,0,0,231.050882209,314.611698427915,0,215.611029055736,146.99041817625,0,136.792307586862,153.672550905948
0,114.511014214502,0,0,151.036729364761,0,0,0,0,0,0,0,0,0,0,0,0,0,154.142998692322,303.527509149359,0,0,0,162.833808134102,0,345.797434674459,0,0,84.3635741045246,0,0,0,0,0,0,186.348837226466,118.522099274347,157.852515740516,0,169.742003380707,0
0,0,0,0,0,0,0,115.541295036174,0,0,325.937289045041,116.176698124939,0,112.823430872325,0,0,0,0,0,0,228.792310020318,202.712457066107,220.963068032256,0,0,259.055025639447,173.538155409849,80.8080171296381,82.6299537488922,0,0,133.218162784108,0,155.901486485736,224.551207449728,94.7280504127031,196.04190773555,0,249.905610015455,0,220.901129804706
0,0,0,255.441154257905,0,106.533627130087,0,71.5579325720569,0,325.937289045041,0,0,0,181.316358113209,0,306.640284138334,0,0,0,62.859596780235,0,0,0,269.936825670274,0,0,150.161410108805,0,223.705816669619,0,0,0,108.136066660554,112.793316814908,0,0,193.055010680236,161.302948562323,0,179.718364159796,300.031143529538
0,0,0,0,0,143.005810983322,0,0,0,116.176698124939,0,0,0,0,193.659409924573,0,0,0,0,173.001559092555,197.486504603685,0,0,163.945208919892,134.566479261133,219.040656038919,0,100.812745974529,259.442917595754,82.4756938751058,160.530221557972,197.893790332676,0,101.895308036513,142.054529471577,89.9429017381717,241.635434294794,101.85207633558,108.381749703452,193.63278243493,161.325017232684
0,0,0,0,0,0,0,0,0,0,0,0,0,112.349934713559,0,0,0,0,0,0,0,0,0,94.7529894315991,180.355266595273,0,184.249961885477,219.078548227669,0,0,0,0,0,280.376028997576,0,0,0,0,0,0,0
0,187.77054666536,0,0,137.177378802006,0,0,0,0,112.823430872325,181.316358113209,0,112.349934713559,0,0,0,0,0,204.084074037941,0,0,353.822894641502,0,0,0,0,0,238.934743274142,0,67.8267069095267,0,0,153.453047983244,242.790381480436,0,0,186.973586461633,347.376449530863,0,0,136.685314494491
0,0,0,0,0,0,283.248188884028,214.116367924649,0,0,0,193.659409924573,0,0,0,0,0,0,135.667029391615,357.423078228283,0,0,0,0,76.5072790361762,0,251.098274723989,338.131802716296,320.356811100276,0,0,0,0,0,98.2230592632363,0,134.960780198024,0,62.311273509377,0,0
0,0,0,0,0,0,0,78.9559315574845,0,0,306.640284138334,0,0,0,0,0,0,205.839960264176,0,0,101.605593487621,0,124.853650664477,191.519780382943,0,155.24952173131,0,145.74089716123,0,0,106.33736463831,0,0,0,0,0,0,0,119.345624434514,0,161.74915061469
0,0,0,0,109.093416850988,0,0,151.075371308616,0,0,0,0,0,0,0,0,0,125.81518738273,0,0,115.332064605654,0,0,0,0,0,0,206.472608421747,0,0,0,0,0,154.784755881607,0,171.230058197369,195.378266313867,0,0,172.892533368851,178.683678585178
0,0,0,0,0,0,0,0,0,0,0,0,0,0,0,205.839960264176,125.81518738273,0,0,0,114.649126378906,0,0,192.135034768848,0,0,169.453147353278,0,0,0,0,0,0,204.481117647118,0,0,146.814226519809,0,0,146.465927798921,113.059176128709
0,0,0,0,0,0,138.425725342224,0,154.142998692322,0,0,0,0,204.084074037941,135.667029391615,0,0,0,0,201.44584889478,0,0,206.912707094411,0,90.7216186966914,0,0,0,0,0,0,0,0,161.694997919804,0,81.9664354533492,94.8881692391942,188.936291522747,0,137.239127032733,0
0,0,0,165.893015276821,198.528111506785,0,0,0,303.527509149359,0,62.859596780235,173.001559092555,0,0,357.423078228283,0,0,0,201.44584889478,0,85.7623170715703,0,0,211.840482897052,0,0,0,348.674510760064,163.059043292369,236.681907140956,0,183.786860782462,0,192.601533877686,192.693757128262,0,335.371040201042,0,0,0,99.2646516363145
0,0,0,195.822649557859,0,0,0,124.698445421759,0,228.792310020318,0,197.486504603685,0,0,0,101.605593487621,115.332064605654,114.649126378906,0,85.7623170715703,0,0,74.4197823064597,117.208001126138,0,0,0,217.157696745803,0,0,0,0,0,0,0,0,58.3493451392805,0,0,95.7590805983148,0
0,0,0,0,0,0,0,0,0,202.712457066107,0,0,0,353.822894641502,0,0,0,0,0,0,0,0,0,0,0,283.88658203332,139.654362654449,119.728129215699,0,0,0,0,0,0,0,0,205.183249704085,0,66.5008477853491,153.609372090384,0
0,0,115.868441404982,0,0,0,0,178.748963182352,0,220.963068032256,0,0,0,0,0,124.853650664477,0,0,206.912707094411,0,74.4197823064597,0,0,0,0,120.567029282014,0,193.777661225572,0,0,0,0,0,115.871357769661,232.945974238958,168.241326865882,196.032358954952,75.4497121078207,0,253.401634605989,188.851177466023
0,0,0,0,94.126460729827,173.059382066957,250.461724766314,0,162.833808134102,0,269.936825670274,163.945208919892,94.7529894315991,0,0,191.519780382943,0,192.135034768848,0,211.840482897052,117.208001126138,0,0,0,172.608400267715,0,0,135.294330067913,87.8456058929559,0,0,0,0,98.417953423071,309.997227542691,0,0,96.5937438588657,0,240.185081663983,208.005106191961
0,0,0,125.994729980093,0,0,0,0,0,0,0,134.566479261133,180.355266595273,0,76.5072790361762,0,0,0,90.7216186966914,0,0,0,0,172.608400267715,0,0,0,0,0,103.519938150021,0,0,0,0,218.045528847001,0,94.9380989123498,0,0,198.964527389285,0
0,228.075434767255,0,213.67670887414,165.597665022977,174.013630695256,0,0,345.797434674459,259.055025639447,0,219.040656038919,0,0,0,155.24952173131,0,0,0,0,0,283.88658203332,120.567029282014,0,0,0,82.1742780037132,0,151.695570509541,329.719143597451,158.955087279859,128.846764897717,0,0,133.984214699576,92.3502314520023,0,99.3508940827211,89.3673883748406,0,113.144980278377
131.969743415579,0,0,115.114253591495,262.382215657622,161.275817184598,89.707245288964,0,0,173.538155409849,150.161410108805,0,184.249961885477,0,251.098274723989,0,0,169.453147353278,0,0,0,139.654362654449,0,0,0,82.1742780037132,0,205.09013266389,0,222.053792850439,167.066576495979,0,0,284.529238481835,90.1317194604647,81.2827395071039,0,0,101.350815329073,120.912756812582,0
89.1590885155172,0,138.33942793804,154.065933476765,0,241.57250333243,0,139.792601838991,0,80.8080171296381,0,100.812745974529,219.078548227669,238.934743274142,338.131802716296,145.74089716123,206.472608421747,0,0,348.674510760064,217.157696745803,119.728129215699,193.777661225572,135.294330067913,0,0,205.09013266389,0,72.2278283150671,94.027247878695,0,0,0,110.384905066973,231.715271819474,0,159.183173818572,333.645516435298,106.926813611922,321.864157986053,180.90030328818
0,0,0,180.543851962045,104.915316975638,0,306.344527664232,111.226326353722,84.3635741045246,82.6299537488922,223.705816669619,259.442917595754,0,0,320.356811100276,0,0,0,0,163.059043292369,0,0,0,87.8456058929559,0,151.695570509541,0,72.2278283150671,0,154.070293657878,0,0,321.124897279917,71.4788760670054,78.8552325762656,73.4795582048751,0,221.805809452716,173.201474590904,247.66948903751,0
0,0,0,0,0,0,92.5568465385234,0,0,0,0,82.4756938751058,0,67.8267069095267,0,0,0,0,0,236.681907140956,0,0,0,0,103.519938150021,329.719143597451,222.053792850439,94.027247878695,154.070293657878,0,0,0,0,0,261.605527103798,0,74.7304794244225,0,0,0,0
0,0,0,0,0,225.013371621378,0,0,0,0,0,160.530221557972,0,0,0,106.33736463831,0,0,0,0,0,0,0,0,0,158.955087279859,167.066576495979,0,0,0,0,0,0,0,0,0,82.6426202489162,0,0,0,0
0,85.6072705949986,97.5855511246009,0,0,0,0,0,0,133.218162784108,0,197.893790332676,0,0,0,0,0,0,0,183.786860782462,0,0,0,0,0,128.846764897717,0,0,0,0,0,0,0,261.440278806413,226.825099357786,116.054372245433,0,141.204637091722,0,98.6790043377568,0
0,0,0,0,0,190.185165668632,0,0,0,0,108.136066660554,0,0,153.453047983244,0,0,0,0,0,0,0,0,0,0,0,0,0,0,321.124897279917,0,0,0,0,0,209.996727521564,0,0,0,0,0,0
276.620869034647,0,0,0,0,115.194491798135,178.224497384947,231.050882209,0,155.901486485736,112.793316814908,101.895308036513,280.376028997576,242.790381480436,0,0,154.784755881607,204.481117647118,161.694997919804,192.601533877686,0,0,115.871357769661,98.417953423071,0,0,284.529238481835,110.384905066973,71.4788760670054,0,0,261.440278806413,0,0,128.530575464043,122.106946855269,137.189596148386,171.906398392157,151.806152521152,224.523755099568,70.4221432298295
0,0,0,93.5029580098427,93.4234866874731,74.5815074003433,97.3232815600345,314.611698427915,0,224.551207449728,0,142.054529471577,0,0,98.2230592632363,0,0,0,0,192.693757128262,0,0,232.945974238958,309.997227542691,218.045528847001,133.984214699576,90.1317194604647,231.715271819474,78.8552325762656,261.605527103798,0,226.825099357786,209.996727521564,128.530575464043,0,97.3506957544063,212.592150359921,92.5207898118833,73.1029054543569,0,153.876396855887
0,0,140.574866691684,160.537522273714,249.798812580765,0,195.314816908693,0,186.348837226466,94.7280504127031,0,89.9429017381717,0,0,0,0,171.230058197369,0,81.9664354533492,0,0,0,168.241326865882,0,0,92.3502314520023,81.2827395071039,0,73.4795582048751,0,0,116.054372245433,0,122.106946855269,97.3506957544063,0,241.682021696872,289.631679007608,0,201.100640800745,0
142.385058730083,177.763106506206,0,0,148.808626413748,106.128596538706,101.443495235174,215.611029055736,118.522099274347,196.04190773555,193.055010680236,241.635434294794,0,186.973586461633,134.960780198024,0,195.378266313867,146.814226519809,94.8881692391942,335.371040201042,58.3493451392805,205.183249704085,196.032358954952,0,94.9380989123498,0,0,159.183173818572,0,74.7304794244225,82.6426202489162,0,0,137.189596148386,212.592150359921,241.682021696872,0,227.504408813069,194.442125915551,323.781250289068,158.567996645797
0,80.4367166559625,0,0,111.435629183184,0,0,146.99041817625,157.852515740516,0,161.302948562323,101.85207633558,0,347.376449530863,0,0,0,0,188.936291522747,0,0,0,75.4497121078207,96.5937438588657,0,99.3508940827211,0,333.645516435298,221.805809452716,0,0,141.204637091722,0,171.906398392157,92.5207898118833,289.631679007608,227.504408813069,0,0,263.534399241887,175.196329314064
0,128.405764333981,0,0,0,0,0,0,0,249.905610015455,0,108.381749703452,0,0,62.311273509377,119.345624434514,0,0,0,0,0,66.5008477853491,0,0,0,89.3673883748406,101.350815329073,106.926813611922,173.201474590904,0,0,0,0,151.806152521152,73.1029054543569,0,194.442125915551,0,0,151.01089327964,61.0664810463559
0,0,0,200.878319874537,0,104.369974912428,252.487290983309,136.792307586862,169.742003380707,0,179.718364159796,193.63278243493,0,0,0,0,172.892533368851,146.465927798921,137.239127032733,0,95.7590805983148,153.609372090384,253.401634605989,240.185081663983,198.964527389285,0,120.912756812582,321.864157986053,247.66948903751,0,0,98.6790043377568,0,224.523755099568,0,201.100640800745,323.781250289068,263.534399241887,151.01089327964,0,96.7845769653343
0,0,0,0,125.416941482916,164.032723165762,0,153.672550905948,0,220.901129804706,300.031143529538,161.325017232684,0,136.685314494491,0,161.74915061469,178.683678585178,113.059176128709,0,99.2646516363145,0,0,188.851177466023,208.005106191961,0,113.144980278377,0,180.90030328818,0,0,0,0,0,70.4221432298295,153.876396855887,0,158.567996645797,175.196329314064,61.0664810463559,96.7845769653343,0
