0,0,0,0,0,0,0,0,0,0,0,0,0,0,0,0,231.050882209,0,0,283.88658203332,0,0,0,67.8267069095267,0,0,0,0,0,0,0,0,0,175.196329314064,0,0,160.530221557972,202.712457066107,0,0,0
0,0,0,0,0,0,0,196.04190773555,0,0,0,0,0,0,0,0,0,0,0,0,0,357.423078228283,0,0,0,0,0,0,82.6426202489162,0,0,0,0,241.682021696872,0,0,259.055025639447,0,0,85.6072705949986,125.81518738273
0,0,0,219.430938885781,0,0,0,0,0,0,0,0,0,0,0,0,0,110.384905066973,0,0,0,0,0,0,0,0,0,92.3502314520023,0,0,0,0,0,0,0,0,0,0,0,242.790381480436,62.311273509377
0,0,219.430938885781,0,0,195.314816908693,0,205.09013266389,0,0,0,173.001559092555,0,0,0,0,0,224.551207449728,0,0,0,138.33942793804,0,320.356811100276,0,0,0,58.3493451392805,80.8080171296381,0,0,0,0,153.672550905948,0,0,128.530575464043,196.032358954952,0,231.715271819474,0
0,0,0,0,0,0,0,172.608400267715,0,0,209.996727521564,222.053792850439,0,236.681907140956,0,0,0,0,0,309.997227542691,0,0,101.443495235174,186.348837226466,0,0,177.763106506206,0,100.812745974529,0,0,151.075371308616,0,94.7529894315991,0,0,0,0,165.893015276821,184.249961885477,200.878319874537
0,0,0,195.314816908693,0,0,0,112.823430872325,0,109.093416850988,142.385058730083,0,0,96.5937438588657,0,0,0,0,161.74915061469,76.5072790361762,0,0,0,82.6299537488922,0,78.9559315574845,0,173.201474590904,0,0,0,0,0,0,150.161410108805,0,253.401634605989,338.131802716296,0,314.611698427915,0
0,0,0,0,0,0,0,193.777661225572,115.114253591495,0,0,0,0,0,0,0,0,0,104.369974912428,0,0,0,0,208.005106191961,0,0,0,72.2278283150671,0,139.93285932648,0,134.960780198024,0,124.853650664477,250.461724766314,0,113.059176128709,261.440278806413,0,153.609372090384,227.504408813069
0,196.04190773555,0,205.09013266389,172.608400267715,112.823430872325,193.777661225572,0,0,0,0,0,0,240.185081663983,0,0,0,0,0,178.748963182352,0,0,0,0,0,204.084074037941,241.635434294794,0,0,0,0,173.059382066957,0,180.90030328818,0,198.528111506785,205.839960264176,0,198.964527389285,140.574866691684,122.106946855269
0,0,0,0,0,0,115.114253591495,0,0,0,211.840482897052,0,0,0,0,0,269.936825670274,0,161.275817184598,0,172.892533368851,0,0,197.486504603685,0,0,0,138.425725342224,0,0,0,0,0,323.781250289068,108.136066660554,112.349934713559,0,192.693757128262,0,0,0
0,0,0,0,0,109.093416850988,0,0,0,0,164.032723165762,179.718364159796,252.487290983309,191.519780382943,74.7304794244225,0,0,133.218162784108,192.135034768848,114.649126378906,0,101.85207633558,0,0,0,192.601533877686,224.523755099568,321.124897279917,154.070293657878,188.936291522747,0,0,0,0,0,161.325017232684,197.893790332676,153.876396855887,0,0,0
0,0,0,0,209.996727521564,142.385058730083,0,0,211.840482897052,164.032723165762,0,161.302948562323,0,0,219.040656038919,115.194491798135,201.44584889478,0,0,0,0,0,195.822649557859,106.33736463831,163.945208919892,180.543851962045,0,142.054529471577,0,0,0,0,0,0,96.7845769653343,146.99041817625,0,0,262.382215657622,0,0
0,0,0,173.001559092555,222.053792850439,0,0,0,0,179.718364159796,161.302948562323,0,0,0,115.871357769661,0,85.7623170715703,0,0,139.792601838991,0,0,0,137.189596148386,217.157696745803,206.472608421747,228.075434767255,223.705816669619,241.57250333243,104.915316975638,0,0,0,89.3673883748406,70.4221432298295,117.208001126138,112.793316814908,167.066576495979,113.144980278377,125.994729980093,0
0,0,0,0,0,0,0,0,0,252.487290983309,0,0,0,0,0,0,0,0,0,0,0,0,0,0,0,213.67670887414,0,238.934743274142,0,0,0,0,0,131.969743415579,0,0,249.905610015455,87.8456058929559,0,0,0
0,0,0,0,236.681907140956,96.5937438588657,0,240.185081663983,0,191.519780382943,0,0,0,0,193.63278243493,148.808626413748,0,0,0,232.945974238958,0,0,306.640284138334,0,0,81.9664354533492,0,151.695570509541,0,0,0,0,0,101.350815329073,261.605527103798,0,283.248188884028,84.3635741045246,0,0,0
0,0,0,0,0,0,0,0,0,74.7304794244225,219.040656038919,115.871357769661,0,193.63278243493,0,0,0,0,0,0,162.833808134102,0,0,0,0,0,0,0,0,0,151.036729364761,151.806152521152,165.597665022977,0,94.9380989123498,61.0664810463559,0,0,0,174.013630695256,98.2230592632363
0,0,0,0,0,0,0,0,0,0,115.194491798135,0,0,148.808626413748,0,0,0,0,0,190.185165668632,116.054372245433,0,0,98.6790043377568,0,0,0,136.685314494491,201.100640800745,0,186.973586461633,0,0,193.659409924573,143.005810983322,125.416941482916,0,0,0,0,0
231.050882209,0,0,0,0,0,0,0,269.936825670274,0,201.44584889478,85.7623170715703,0,0,0,0,0,0,0,0,99.3508940827211,0,0,0,0,0,0,0,0,0,0,0,0,220.963068032256,0,115.868441404982,280.376028997576,93.4234866874731,0,300.031143529538,0
0,0,110.384905066973,224.551207449728,0,0,0,0,0,133.218162784108,0,0,0,0,0,0,0,0,0,0,0,0,106.533627130087,0,0,0,0,0,0,0,0,118.522099274347,0,259.442917595754,0,303.527509149359,161.694997919804,0,0,116.176698124939,0
0,0,0,0,0,161.74915061469,104.369974912428,0,161.275817184598,192.135034768848,0,0,0,0,0,0,0,0,0,0,0,0,306.344527664232,199.492852797962,169.453147353278,0,0,92.5568465385234,321.864157986053,0,0,97.3232815600345,0,0,0,0,171.906398392157,0,0,124.698445421759,0
283.88658203332,0,0,0,309.997227542691,76.5072790361762,0,178.748963182352,0,114.649126378906,0,139.792601838991,0,232.945974238958,0,190.185165668632,0,0,0,0,0,0,0,153.453047983244,0,114.511014214502,146.770754374523,178.683678585178,0,71.5579325720569,187.77054666536,0,0,0,263.534399241887,0,75.4497121078207,0,92.5207898118833,0,0
0,0,0,0,0,0,0,0,172.892533368851,0,0,0,0,0,162.833808134102,116.054372245433,99.3508940827211,0,0,0,0,0,214.116367924649,0,0,0,255.441154257905,98.417953423071,151.01089327964,0,0,0,0,0,333.645516435298,0,73.1029054543569,74.4197823064597,90.1317194604647,0,106.926813611922
0,357.423078228283,0,138.33942793804,0,0,0,0,0,101.85207633558,0,0,0,0,0,0,0,0,0,0,0,0,0,0,0,0,128.846764897717,101.605593487621,0,0,0,0,0,135.294330067913,160.537522273714,0,101.5853655613,0,0,0,0
0,0,0,0,101.443495235174,0,0,0,0,0,195.822649557859,0,0,306.640284138334,0,0,0,106.533627130087,306.344527664232,0,214.116367924649,0,0,159.183173818572,226.825099357786,93.5029580098427,0,0,220.901129804706,0,0,0,0,154.142998692322,193.055010680236,0,347.376449530863,225.013371621378,0,0,97.5855511246009
67.8267069095267,0,0,320.356811100276,186.348837226466,82.6299537488922,208.005106191961,0,197.486504603685,0,106.33736463831,137.189596148386,0,0,0,98.6790043377568,0,0,199.492852797962,153.453047983244,0,0,159.183173818572,0,0,0,99.2646516363145,135.667029391615,115.332064605654,0,0,0,0,0,137.239127032733,0,0,0,348.674510760064,215.611029055736,171.230058197369
0,0,0,0,0,0,0,0,0,0,163.945208919892,217.157696745803,0,0,0,0,0,0,169.453147353278,0,0,0,226.825099357786,0,0,0,137.177378802006,158.955087279859,206.912707094411,0,0,0,0,325.937289045041,0,0,0,0,0,212.592150359921,168.241326865882
0,0,0,0,0,78.9559315574845,0,204.084074037941,0,192.601533877686,180.543851962045,206.472608421747,213.67670887414,81.9664354533492,0,0,0,0,0,114.511014214502,0,0,93.5029580098427,0,0,0,78.8552325762656,115.541295036174,194.442125915551,80.4367166559625,0,0,0,155.901486485736,103.519938150021,94.8881692391942,89.9429017381717,0,289.631679007608,111.226326353722,335.371040201042
0,0,0,0,177.763106506206,0,0,241.635434294794,0,224.523755099568,0,228.075434767255,0,0,0,0,0,0,0,146.770754374523,255.441154257905,128.846764897717,0,99.2646516363145,137.177378802006,78.8552325762656,0,345.797434674459,82.4756938751058,0,0,134.566479261133,0,0,89.707245288964,173.538155409849,228.792310020318,119.345624434514,188.851177466023,183.786860782462,154.784755881607
0,0,92.3502314520023,58.3493451392805,0,173.201474590904,72.2278283150671,0,138.425725342224,321.124897279917,142.054529471577,223.705816669619,238.934743274142,151.695570509541,0,136.685314494491,0,0,92.5568465385234,178.683678585178,98.417953423071,101.605593487621,0,135.667029391615,158.955087279859,115.541295036174,345.797434674459,0,251.098274723989,0,0,108.381749703452,0,101.895308036513,158.567996645797,95.7590805983148,119.728129215699,111.435629183184,0,195.378266313867,0
0,82.6426202489162,0,80.8080171296381,100.812745974529,0,0,0,0,154.070293657878,0,241.57250333243,0,0,0,201.100640800745,0,0,321.864157986053,0,151.01089327964,0,220.901129804706,115.332064605654,206.912707094411,194.442125915551,82.4756938751058,251.098274723989,0,0,0,0,247.66948903751,81.2827395071039,62.859596780235,120.912756812582,249.798812580765,329.719143597451,0,0,71.4788760670054
0,0,0,0,0,0,139.93285932648,0,0,188.936291522747,0,104.915316975638,0,0,0,0,0,0,0,71.5579325720569,0,0,0,0,0,80.4367166559625,0,0,0,0,0,0,0,66.5008477853491,89.1590885155172,0,73.4795582048751,0,157.852515740516,169.742003380707,139.654362654449
0,0,0,0,0,0,0,0,0,0,0,0,0,0,151.036729364761,186.973586461633,0,0,0,187.77054666536,0,0,0,0,0,0,0,0,0,0,0,0,0,218.045528847001,180.355266595273,0,0,0,0,0,128.405764333981
0,0,0,0,151.075371308616,0,134.960780198024,173.059382066957,0,0,0,0,0,0,151.806152521152,0,0,118.522099274347,97.3232815600345,0,0,0,0,0,0,0,134.566479261133,108.381749703452,0,0,0,0,0,0,0,205.183249704085,120.567029282014,0,0,94.126460729827,0
0,0,0,0,0,0,0,0,0,0,0,0,0,0,165.597665022977,0,0,0,0,0,0,0,0,0,0,0,0,0,247.66948903751,0,0,0,0,0,136.792307586862,0,0,133.984214699576,106.128596538706,0,0
175.196329314064,241.682021696872,0,153.672550905948,94.7529894315991,0,124.853650664477,180.90030328818,323.781250289068,0,0,89.3673883748406,131.969743415579,101.350815329073,0,193.659409924573,220.963068032256,259.442917595754,0,0,0,135.294330067913,154.142998692322,0,325.937289045041,155.901486485736,0,101.895308036513,81.2827395071039,66.5008477853491,218.045528847001,0,0,0,204.481117647118,0,146.465927798921,0,146.814226519809,178.224497384947,353.822894641502
0,0,0,0,0,150.161410108805,250.461724766314,0,108.136066660554,0,96.7845769653343,70.4221432298295,0,261.605527103798,94.9380989123498,143.005810983322,0,0,0,263.534399241887,333.645516435298,160.537522273714,193.055010680236,137.239127032733,0,103.519938150021,89.707245288964,158.567996645797,62.859596780235,89.1590885155172,180.355266595273,0,136.792307586862,204.481117647118,0,155.24952173131,94.7280504127031,0,0,181.316358113209,163.059043292369
0,0,0,0,0,0,0,198.528111506785,112.349934713559,161.325017232684,146.99041817625,117.208001126138,0,0,61.0664810463559,125.416941482916,115.868441404982,303.527509149359,0,0,0,0,0,0,0,94.8881692391942,173.538155409849,95.7590805983148,120.912756812582,0,0,205.183249704085,0,0,155.24952173131,0,94.027247878695,0,90.7216186966914,221.805809452716,145.74089716123
160.530221557972,259.055025639447,0,128.530575464043,0,253.401634605989,113.059176128709,205.839960264176,0,197.893790332676,0,112.793316814908,249.905610015455,283.248188884028,0,0,280.376028997576,161.694997919804,171.906398392157,75.4497121078207,73.1029054543569,101.5853655613,347.376449530863,0,0,89.9429017381717,228.792310020318,119.728129215699,249.798812580765,73.4795582048751,0,120.567029282014,0,146.465927798921,94.7280504127031,94.027247878695,0,154.065933476765,219.078548227669,284.529238481835,97.3506957544063
202.712457066107,0,0,196.032358954952,0,338.131802716296,261.440278806413,0,192.693757128262,153.876396855887,0,167.066576495979,87.8456058929559,84.3635741045246,0,0,93.4234866874731,0,0,0,74.4197823064597,0,225.013371621378,0,0,0,119.345624434514,111.435629183184,329.719143597451,0,0,0,133.984214699576,0,0,0,154.065933476765,0,82.1742780037132,141.204637091722,276.620869034647
0,0,0,0,165.893015276821,0,0,198.964527389285,0,0,262.382215657622,113.144980278377,0,0,0,0,0,0,0,92.5207898118833,90.1317194604647,0,0,348.674510760064,0,289.631679007608,188.851177466023,0,0,157.852515740516,0,0,106.128596538706,146.814226519809,0,90.7216186966914,219.078548227669,82.1742780037132,0,0,0
0,85.6072705949986,242.790381480436,231.715271819474,184.249961885477,314.611698427915,153.609372090384,140.574866691684,0,0,0,125.994729980093,0,0,174.013630695256,0,300.031143529538,116.176698124939,124.698445421759,0,0,0,0,215.611029055736,212.592150359921,111.226326353722,183.786860782462,195.378266313867,0,169.742003380707,0,94.126460729827,0,178.224497384947,181.316358113209,221.805809452716,284.529238481835,141.204637091722,0,0,74.5815074003433
0,125.81518738273,62.311273509377,0,200.878319874537,0,227.504408813069,122.106946855269,0,0,0,0,0,0,98.2230592632363,0,0,0,0,0,106.926813611922,0,97.5855511246009,171.230058197369,168.241326865882,335.371040201042,154.784755881607,0,71.4788760670054,139.654362654449,128.405764333981,0,0,353.822894641502,163.059043292369,145.74089716123,97.3506957544063,276.620869034647,0,74.5815074003433,0
