0,0,241.635434294794,0,0,0,0,0,205.183249704085,0,0,172.892533368851,0,0,0,0,0,0,0,0,0,0,238.934743274142,0,0,0,0,200.878319874537,0,0,0,0,0,94.8881692391942,0,0,0,0,0,0,0
0,0,0,0,0,0,0,0,0,0,0,0,0,0,0,0,0,0,0,122.106946855269,0,0,0,0,0,0,72.2278283150671,81.9664354533492,154.784755881607,0,0,0,154.065933476765,169.453147353278,0,0,0,0,0,0,135.667029391615
241.635434294794,0,0,0,0,0,0,0,0,0,0,0,0,0,0,0,0,0,0,0,0,0,0,0,0,212.592150359921,0,136.685314494491,0,0,0,0,0,82.6299537488922,0,0,0,0,0,0,115.868441404982
0,0,0,0,0,0,0,0,0,0,0,94.7280504127031,0,0,0,0,0,0,0,280.376028997576,114.649126378906,0,80.8080171296381,151.075371308616,261.605527103798,0,201.44584889478,128.846764897717,92.5568465385234,0,0,0,0,184.249961885477,0,220.963068032256,173.201474590904,0,0,320.356811100276,0
0,0,0,0,0,0,111.435629183184,0,114.511014214502,101.350815329073,0,80.4367166559625,0,0,0,0,0,232.945974238958,0,0,0,0,89.1590885155172,0,225.013371621378,309.997227542691,0,153.672550905948,0,0,101.5853655613,223.705816669619,0,0,93.5029580098427,0,188.851177466023,0,0,115.871357769661,0
0,0,0,0,0,0,0,0,0,0,0,251.098274723989,0,0,117.208001126138,0,0,113.059176128709,181.316358113209,0,0,98.6790043377568,0,0,0,0,138.33942793804,96.5937438588657,219.040656038919,0,0,78.9559315574845,0,242.790381480436,161.302948562323,173.059382066957,219.078548227669,0,0,357.423078228283,0
0,0,0,0,111.435629183184,0,0,0,249.905610015455,82.6426202489162,0,0,0,0,0,0,197.893790332676,131.969743415579,0,142.054529471577,136.792307586862,0,0,0,0,0,0,255.441154257905,0,0,0,0,0,192.601533877686,76.5072790361762,97.3232815600345,0,0,0,222.053792850439,263.534399241887
0,0,0,0,0,0,0,0,0,0,193.659409924573,0,128.405764333981,101.895308036513,101.443495235174,0,0,0,165.893015276821,186.973586461633,0,0,0,154.142998692322,0,345.797434674459,215.611029055736,205.09013266389,191.519780382943,0,0,0,0,0,0,151.695570509541,162.833808134102,173.001559092555,0,194.442125915551,240.185081663983
205.183249704085,0,0,0,114.511014214502,0,249.905610015455,0,0,0,172.608400267715,0,0,0,0,0,0,0,0,0,104.369974912428,0,0,0,0,0,150.161410108805,0,0,0,0,0,0,70.4221432298295,228.792310020318,231.715271819474,0,306.344527664232,0,0,119.345624434514
0,0,0,0,101.350815329073,0,82.6426202489162,0,0,0,0,0,89.707245288964,347.376449530863,224.523755099568,0,0,0,0,161.325017232684,0,0,198.528111506785,173.538155409849,206.472608421747,196.04190773555,112.793316814908,0,115.194491798135,154.070293657878,0,0,0,124.698445421759,0,0,100.812745974529,218.045528847001,0,249.798812580765,115.541295036174
0,0,0,0,0,0,0,193.659409924573,172.608400267715,0,0,0,116.054372245433,0,0,0,0,0,0,142.385058730083,138.425725342224,0,0,139.654362654449,0,109.093416850988,335.371040201042,74.7304794244225,178.683678585178,204.084074037941,73.4795582048751,0,125.416941482916,0,106.533627130087,0,259.055025639447,151.806152521152,0,0,0
172.892533368851,0,0,94.7280504127031,80.4367166559625,251.098274723989,0,0,0,0,0,0,0,160.537522273714,276.620869034647,0,0,0,115.114253591495,338.131802716296,0,0,0,321.124897279917,226.825099357786,84.3635741045246,0,168.241326865882,99.2646516363145,71.4788760670054,66.5008477853491,0,0,62.311273509377,303.527509149359,174.013630695256,160.530221557972,0,62.859596780235,231.050882209,0
0,0,0,0,0,0,0,128.405764333981,0,89.707245288964,116.054372245433,0,0,0,0,0,0,0,0,0,0,0,0,0,0,0,193.63278243493,0,0,0,0,0,0,0,236.681907140956,0,101.85207633558,0,0,0,0
0,0,0,0,0,0,0,101.895308036513,0,347.376449530863,0,160.537522273714,0,0,112.349934713559,0,155.24952173131,0,224.551207449728,228.075434767255,0,0,261.440278806413,0,0,0,0,241.682021696872,146.770754374523,193.777661225572,0,0,0,94.126460729827,158.567996645797,0,0,0,0,0,283.88658203332
0,0,0,0,0,117.208001126138,0,101.443495235174,0,224.523755099568,0,276.620869034647,0,112.349934713559,0,0,0,0,171.230058197369,0,0,0,0,97.5855511246009,0,0,0,196.032358954952,0,0,0,137.189596148386,0,329.719143597451,0,0,96.7845769653343,0,0,306.640284138334,0
0,0,0,0,0,0,0,0,0,0,0,0,0,0,0,0,0,0,0,0,0,0,108.381749703452,0,0,0,135.294330067913,0,146.465927798921,0,157.852515740516,0,74.5815074003433,94.7529894315991,0,195.822649557859,164.032723165762,125.81518738273,151.036729364761,0,161.694997919804
0,0,0,0,0,0,197.893790332676,0,0,0,0,0,0,155.24952173131,0,0,0,283.248188884028,0,187.77054666536,0,0,0,0,0,104.915316975638,0,0,323.781250289068,0,0,0,0,0,180.543851962045,0,0,71.5579325720569,78.8552325762656,0,106.33736463831
0,0,0,0,232.945974238958,113.059176128709,131.969743415579,0,0,0,0,0,0,0,0,0,283.248188884028,0,0,0,0,0,0,0,0,177.763106506206,85.7623170715703,0,0,0,0,0,0,321.864157986053,0,0,0,125.994729980093,0,247.66948903751,0
0,0,0,0,0,181.316358113209,0,165.893015276821,0,0,0,115.114253591495,0,224.551207449728,171.230058197369,0,0,0,0,0,106.926813611922,0,0,0,0,0,0,193.055010680236,0,0,0,0,0,0,333.645516435298,0,175.196329314064,353.822894641502,87.8456058929559,186.348837226466,0
0,122.106946855269,0,280.376028997576,0,0,142.054529471577,186.973586461633,0,161.325017232684,142.385058730083,338.131802716296,0,228.075434767255,0,0,187.77054666536,0,0,0,0,0,0,202.712457066107,134.566479261133,0,0,289.631679007608,188.936291522747,0,0,0,0,0,241.57250333243,0,93.4234866874731,0,0,82.1742780037132,163.945208919892
0,0,0,114.649126378906,0,0,136.792307586862,0,104.369974912428,0,138.425725342224,0,0,0,0,0,0,0,106.926813611922,0,0,0,0,101.605593487621,0,179.718364159796,0,61.0664810463559,0,141.204637091722,0,0,0,250.461724766314,0,0,74.4197823064597,209.996727521564,0,119.728129215699,0
0,0,0,0,0,98.6790043377568,0,0,0,0,0,0,0,0,0,0,0,0,0,0,0,0,0,0,0,0,314.611698427915,155.901486485736,0,0,0,0,0,171.906398392157,0,300.031143529538,92.5207898118833,0,103.519938150021,94.027247878695,0
238.934743274142,0,0,80.8080171296381,89.1590885155172,0,0,0,0,198.528111506785,0,0,0,261.440278806413,0,108.381749703452,0,0,0,0,0,0,0,0,145.74089716123,0,0,115.332064605654,180.355266595273,0,0,0,0,0,195.378266313867,140.574866691684,161.74915061469,180.90030328818,0,199.492852797962,113.144980278377
0,0,0,151.075371308616,0,0,0,154.142998692322,0,173.538155409849,139.654362654449,321.124897279917,0,0,97.5855511246009,0,0,0,0,202.712457066107,101.605593487621,0,0,0,201.100640800745,0,0,159.183173818572,110.384905066973,220.901129804706,0,0,0,146.99041817625,89.3673883748406,253.401634605989,133.984214699576,98.417953423071,99.3508940827211,73.1029054543569,0
0,0,0,261.605527103798,225.013371621378,0,0,0,0,206.472608421747,0,226.825099357786,0,0,0,0,0,0,0,134.566479261133,0,0,145.74089716123,201.100640800745,0,143.005810983322,0,137.239127032733,0,0,0,192.135034768848,0,0,0,0,0,0,0,0,0
0,0,212.592150359921,0,309.997227542691,0,0,345.797434674459,0,196.04190773555,109.093416850988,84.3635741045246,0,0,0,0,104.915316975638,177.763106506206,0,0,179.718364159796,0,0,0,143.005810983322,0,92.3502314520023,97.3506957544063,214.116367924649,0,0,0,183.786860782462,213.67670887414,151.01089327964,0,95.7590805983148,112.823430872325,118.522099274347,0,198.964527389285
0,72.2278283150671,0,201.44584889478,0,138.33942793804,0,215.611029055736,150.161410108805,112.793316814908,335.371040201042,0,193.63278243493,0,0,135.294330067913,0,85.7623170715703,0,0,0,314.611698427915,0,0,0,92.3502314520023,0,0,0,0,0,0,0,81.2827395071039,227.504408813069,163.059043292369,208.005106191961,146.814226519809,252.487290983309,124.853650664477,137.177378802006
200.878319874537,81.9664354533492,136.685314494491,128.846764897717,153.672550905948,96.5937438588657,255.441154257905,205.09013266389,0,0,74.7304794244225,168.241326865882,0,241.682021696872,196.032358954952,0,0,0,193.055010680236,289.631679007608,61.0664810463559,155.901486485736,115.332064605654,159.183173818572,137.239127032733,97.3506957544063,0,0,262.382215657622,0,0,284.529238481835,0,259.442917595754,58.3493451392805,0,169.742003380707,153.453047983244,0,0,89.9429017381717
0,154.784755881607,0,92.5568465385234,0,219.040656038919,0,191.519780382943,0,115.194491798135,178.683678585178,99.2646516363145,0,146.770754374523,0,146.465927798921,323.781250289068,0,0,188.936291522747,0,0,180.355266595273,110.384905066973,0,214.116367924649,0,262.382215657622,0,0,0,0,0,90.1317194604647,205.839960264176,82.4756938751058,165.597665022977,108.136066660554,0,0,325.937289045041
0,0,0,0,0,0,0,0,0,154.070293657878,204.084074037941,71.4788760670054,0,193.777661225572,0,0,0,0,0,0,141.204637091722,0,0,220.901129804706,0,0,0,0,0,0,0,167.066576495979,0,0,0,178.748963182352,139.93285932648,0,120.912756812582,98.2230592632363,0
0,0,0,0,101.5853655613,0,0,0,0,0,73.4795582048751,66.5008477853491,0,0,0,157.852515740516,0,0,0,0,0,0,0,0,0,0,0,0,0,0,0,0,0,158.955087279859,0,0,197.486504603685,0,0,0,0
0,0,0,0,223.705816669619,78.9559315574845,0,0,0,0,0,0,0,0,137.189596148386,0,0,0,0,0,0,0,0,0,192.135034768848,0,0,284.529238481835,0,167.066576495979,0,0,0,0,348.674510760064,106.128596538706,206.912707094411,0,192.693757128262,90.7216186966914,0
0,154.065933476765,0,0,0,0,0,0,0,0,125.416941482916,0,0,0,0,74.5815074003433,0,0,0,0,0,0,0,0,0,183.786860782462,0,0,0,0,0,0,0,0,0,0,134.960780198024,0,0,0,0
94.8881692391942,169.453147353278,82.6299537488922,184.249961885477,0,242.790381480436,192.601533877686,0,70.4221432298295,124.698445421759,0,62.311273509377,0,94.126460729827,329.719143597451,94.7529894315991,0,321.864157986053,0,0,250.461724766314,171.906398392157,0,146.99041817625,0,213.67670887414,81.2827395071039,259.442917595754,90.1317194604647,0,158.955087279859,0,0,0,148.808626413748,128.530575464043,178.224497384947,0,0,85.6072705949986,75.4497121078207
0,0,0,0,93.5029580098427,161.302948562323,76.5072790361762,0,228.792310020318,0,106.533627130087,303.527509149359,236.681907140956,158.567996645797,0,0,180.543851962045,0,333.645516435298,241.57250333243,0,0,195.378266313867,89.3673883748406,0,151.01089327964,227.504408813069,58.3493451392805,205.839960264176,0,0,348.674510760064,0,148.808626413748,0,120.567029282014,204.481117647118,221.805809452716,153.876396855887,161.275817184598,269.936825670274
0,0,0,220.963068032256,0,173.059382066957,97.3232815600345,151.695570509541,231.715271819474,0,0,174.013630695256,0,0,0,195.822649557859,0,0,0,0,0,300.031143529538,140.574866691684,253.401634605989,0,0,163.059043292369,0,82.4756938751058,178.748963182352,0,106.128596538706,0,128.530575464043,120.567029282014,0,217.157696745803,0,0,190.185165668632,153.609372090384
0,0,0,173.201474590904,188.851177466023,219.078548227669,0,162.833808134102,0,100.812745974529,259.055025639447,160.530221557972,101.85207633558,0,96.7845769653343,164.032723165762,0,0,175.196329314064,93.4234866874731,74.4197823064597,92.5207898118833,161.74915061469,133.984214699576,0,95.7590805983148,208.005106191961,169.742003380707,165.597665022977,139.93285932648,197.486504603685,206.912707094411,134.960780198024,178.224497384947,204.481117647118,217.157696745803,0,139.792601838991,116.176698124939,133.218162784108,0
0,0,0,0,0,0,0,173.001559092555,306.344527664232,218.045528847001,151.806152521152,0,0,0,0,125.81518738273,71.5579325720569,125.994729980093,353.822894641502,0,209.996727521564,0,180.90030328818,98.417953423071,0,112.823430872325,146.814226519809,153.453047983244,108.136066660554,0,0,0,0,0,221.805809452716,0,139.792601838991,0,111.226326353722,219.430938885781,94.9380989123498
0,0,0,0,0,0,0,0,0,0,0,62.859596780235,0,0,0,151.036729364761,78.8552325762656,0,87.8456058929559,0,0,103.519938150021,0,99.3508940827211,0,118.522099274347,252.487290983309,0,0,120.912756812582,0,192.693757128262,0,0,153.876396855887,0,116.176698124939,111.226326353722,0,211.840482897052,67.8267069095267
0,0,0,320.356811100276,115.871357769661,357.423078228283,222.053792850439,194.442125915551,0,249.798812580765,0,231.050882209,0,0,306.640284138334,0,0,247.66948903751,186.348837226466,82.1742780037132,119.728129215699,94.027247878695,199.492852797962,73.1029054543569,0,0,124.853650664477,0,0,98.2230592632363,0,90.7216186966914,0,85.6072705949986,161.275817184598,190.185165668632,133.218162784108,219.430938885781,211.840482897052,0,195.314816908693
0,135.667029391615,115.868441404982,0,0,0,263.534399241887,240.185081663983,119.345624434514,115.541295036174,0,0,0,283.88658203332,0,161.694997919804,106.33736463831,0,0,163.945208919892,0,0,113.144980278377,0,0,198.964527389285,137.177378802006,89.9429017381717,325.937289045041,0,0,0,0,75.4497121078207,269.936825670274,153.609372090384,0,94.9380989123498,67.8267069095267,195.314816908693,0
