0,0,0,0,0,0,0,0,0,0,0,0,0,161.325017232684,0,0,0,0,0,0,0,0,0,0,0,71.4788760670054,220.963068032256,178.683678585178,0,0,0,0,0,0,0,0,0,131.969743415579,117.208001126138,0,0
0,0,0,70.4221432298295,0,242.790381480436,0,0,0,0,0,0,0,0,0,0,0,0,0,0,0,0,0,0,0,0,0,0,82.6426202489162,0,159.183173818572,0,0,0,80.8080171296381,0,72.2278283150671,0,0,151.036729364761,0
0,0,0,224.551207449728,0,0,0,113.144980278377,0,0,0,0,0,0,0,0,0,0,0,0,0,0,0,0,0,0,0,0,0,0,0,0,0,0,0,87.8456058929559,0,154.070293657878,0,0,160.537522273714
0,70.4221432298295,224.551207449728,0,0,0,168.241326865882,0,0,335.371040201042,0,0,0,0,81.2827395071039,0,0,100.812745974529,0,0,0,0,151.075371308616,0,0,0,158.955087279859,115.194491798135,0,284.529238481835,0,0,0,225.013371621378,0,0,223.705816669619,0,0,0,323.781250289068
0,0,0,0,0,214.116367924649,0,206.472608421747,0,218.045528847001,139.792601838991,0,0,0,0,0,0,0,0,0,0,0,320.356811100276,141.204637091722,175.196329314064,138.425725342224,94.027247878695,0,0,0,0,0,0,0,101.443495235174,138.33942793804,0,112.349934713559,0,97.5855511246009,150.161410108805
0,242.790381480436,0,0,214.116367924649,0,0,0,0,0,122.106946855269,0,151.01089327964,0,0,0,0,0,0,0,0,0,0,0,0,0,151.695570509541,146.814226519809,165.893015276821,115.332064605654,0,0,0,80.4367166559625,211.840482897052,120.567029282014,0,124.698445421759,0,193.777661225572,353.822894641502
0,0,0,168.241326865882,0,0,0,0,0,0,0,119.728129215699,0,0,134.960780198024,195.822649557859,94.126460729827,0,0,0,0,0,306.640284138334,262.382215657622,0,0,204.481117647118,192.135034768848,240.185081663983,0,0,0,0,321.864157986053,0,276.620869034647,0,0,0,195.314816908693,0
0,0,113.144980278377,0,206.472608421747,0,0,0,98.2230592632363,300.031143529538,0,0,0,143.005810983322,111.435629183184,0,0,95.7590805983148,0,82.4756938751058,0,0,169.453147353278,0,0,171.906398392157,197.486504603685,0,0,81.9664354533492,0,0,0,357.423078228283,142.385058730083,0,155.901486485736,0,0,0,289.631679007608
0,0,0,0,0,0,0,98.2230592632363,0,90.1317194604647,0,0,0,232.945974238958,0,0,0,0,0,115.114253591495,0,0,0,0,0,116.176698124939,0,201.100640800745,0,0,198.964527389285,109.093416850988,0,0,219.078548227669,0,74.4197823064597,0,0,114.511014214502,0
0,0,0,335.371040201042,218.045528847001,0,0,300.031143529538,90.1317194604647,0,0,84.3635741045246,73.4795582048751,0,78.8552325762656,0,0,0,193.659409924573,0,0,0,0,0,106.128596538706,0,205.839960264176,259.055025639447,222.053792850439,0,0,0,0,124.853650664477,125.81518738273,269.936825670274,208.005106191961,161.694997919804,85.7623170715703,0,0
0,0,0,0,139.792601838991,122.106946855269,0,0,0,0,0,172.608400267715,0,0,219.040656038919,251.098274723989,62.859596780235,0,73.1029054543569,0,0,306.344527664232,0,112.823430872325,0,0,0,348.674510760064,212.592150359921,140.574866691684,0,0,0,0,0,82.1742780037132,101.85207633558,0,0,94.7280504127031,164.032723165762
0,0,0,0,0,0,119.728129215699,0,0,84.3635741045246,172.608400267715,0,0,0,0,128.405764333981,0,0,0,101.895308036513,263.534399241887,0,74.7304794244225,82.6299537488922,0,108.381749703452,154.142998692322,136.792307586862,153.876396855887,145.74089716123,0,180.355266595273,0,134.566479261133,112.793316814908,106.33736463831,171.230058197369,247.66948903751,0,114.649126378906,113.059176128709
0,0,0,0,0,151.01089327964,0,0,0,73.4795582048751,0,0,0,0,0,0,0,0,0,0,0,0,0,92.5568465385234,0,0,0,191.519780382943,0,0,0,0,0,0,75.4497121078207,0,78.9559315574845,0,0,0,0
161.325017232684,0,0,0,0,0,0,143.005810983322,232.945974238958,0,0,0,0,0,0,0,0,0,0,153.672550905948,155.24952173131,0,161.302948562323,0,0,137.239127032733,0,92.5207898118833,0,0,0,165.597665022977,0,128.846764897717,0,201.44584889478,169.742003380707,0,188.936291522747,0,74.5815074003433
0,0,0,81.2827395071039,0,0,134.960780198024,111.435629183184,0,78.8552325762656,219.040656038919,0,0,0,0,0,0,0,0,217.157696745803,0,0,0,0,99.2646516363145,0,0,92.3502314520023,0,133.984214699576,0,0,0,228.792310020318,199.492852797962,0,0,0,261.440278806413,0,0
0,0,0,0,0,0,195.822649557859,0,0,0,251.098274723989,128.405764333981,0,0,0,0,193.055010680236,0,0,0,0,0,0,0,0,314.611698427915,0,0,215.611029055736,0,0,198.528111506785,0,0,261.605527103798,104.915316975638,303.527509149359,0,0,142.054529471577,0
0,0,0,0,0,0,94.126460729827,0,0,0,62.859596780235,0,0,0,0,193.055010680236,0,0,0,94.7529894315991,0,0,0,200.878319874537,0,0,0,0,0,0,0,0,0,151.806152521152,0,0,186.348837226466,135.667029391615,0,94.8881692391942,133.218162784108
0,0,0,100.812745974529,0,0,0,95.7590805983148,0,0,0,0,0,0,0,0,0,0,0,161.275817184598,0,0,0,96.5937438588657,0,329.719143597451,0,338.131802716296,0,0,0,0,0,139.654362654449,192.693757128262,0,0,0,0,137.177378802006,0
0,0,0,0,0,0,0,0,0,193.659409924573,73.1029054543569,0,0,0,0,0,0,0,0,0,0,0,0,0,0,101.5853655613,0,250.461724766314,204.084074037941,0,0,0,120.912756812582,148.808626413748,90.7216186966914,160.530221557972,0,0,219.430938885781,71.5579325720569,183.786860782462
0,0,0,0,0,0,0,82.4756938751058,115.114253591495,0,0,101.895308036513,0,153.672550905948,217.157696745803,0,94.7529894315991,161.275817184598,0,0,333.645516435298,0,181.316358113209,161.74915061469,0,0,0,154.065933476765,345.797434674459,0,0,0,0,58.3493451392805,173.001559092555,174.013630695256,0,0,111.226326353722,0,283.88658203332
0,0,0,0,0,0,0,0,0,0,0,263.534399241887,0,155.24952173131,0,0,0,0,0,333.645516435298,0,0,192.601533877686,0,0,0,249.905610015455,221.805809452716,0,0,0,0,194.442125915551,196.032358954952,61.0664810463559,0,153.609372090384,180.543851962045,0,325.937289045041,101.605593487621
0,0,0,0,0,0,0,0,0,0,306.344527664232,0,0,0,0,0,0,0,0,0,0,0,0,76.5072790361762,0,197.893790332676,0,226.825099357786,249.798812580765,0,0,0,0,0,177.763106506206,0,180.90030328818,0,0,253.401634605989,0
0,0,0,151.075371308616,320.356811100276,0,306.640284138334,169.453147353278,0,0,0,74.7304794244225,0,161.302948562323,0,0,0,0,0,181.316358113209,192.601533877686,0,0,0,202.712457066107,0,241.682021696872,0,0,0,0,173.059382066957,0,89.9429017381717,0,228.075434767255,0,0,0,209.996727521564,66.5008477853491
0,0,0,0,141.204637091722,0,262.382215657622,0,0,0,112.823430872325,82.6299537488922,92.5568465385234,0,0,0,200.878319874537,96.5937438588657,0,161.74915061469,0,76.5072790361762,0,0,0,98.6790043377568,193.63278243493,110.384905066973,0,146.99041817625,227.504408813069,106.926813611922,0,184.249961885477,0,0,213.67670887414,153.453047983244,0,173.201474590904,0
0,0,0,0,175.196329314064,0,0,0,0,106.128596538706,0,0,0,0,99.2646516363145,0,0,0,0,0,0,0,202.712457066107,0,0,0,0,0,98.417953423071,0,0,0,0,231.050882209,0,0,205.09013266389,101.350815329073,89.707245288964,0,146.465927798921
71.4788760670054,0,0,0,138.425725342224,0,0,171.906398392157,116.176698124939,0,0,108.381749703452,0,137.239127032733,0,314.611698427915,0,329.719143597451,101.5853655613,0,0,197.893790332676,0,98.6790043377568,0,0,283.248188884028,280.376028997576,62.311273509377,0,0,187.77054666536,0,99.3508940827211,0,255.441154257905,241.635434294794,106.533627130087,0,157.852515740516,0
220.963068032256,0,0,158.955087279859,94.027247878695,151.695570509541,204.481117647118,197.486504603685,0,205.839960264176,0,154.142998692322,0,0,0,0,0,0,0,0,249.905610015455,0,241.682021696872,193.63278243493,0,283.248188884028,0,220.901129804706,137.189596148386,0,0,0,0,172.892533368851,116.054372245433,238.934743274142,167.066576495979,224.523755099568,125.994729980093,0,0
178.683678585178,0,0,115.194491798135,0,146.814226519809,192.135034768848,0,201.100640800745,259.055025639447,348.674510760064,136.792307586862,191.519780382943,92.5207898118833,92.3502314520023,0,0,338.131802716296,250.461724766314,154.065933476765,221.805809452716,226.825099357786,0,110.384905066973,0,280.376028997576,220.901129804706,0,205.183249704085,0,259.442917595754,173.538155409849,0,252.487290983309,0,0,125.416941482916,115.871357769661,241.57250333243,309.997227542691,0
0,82.6426202489162,0,0,0,165.893015276821,240.185081663983,0,0,222.053792850439,212.592150359921,153.876396855887,0,0,0,215.611029055736,0,0,204.084074037941,345.797434674459,0,249.798812580765,0,0,98.417953423071,62.311273509377,137.189596148386,205.183249704085,0,0,0,0,115.541295036174,104.369974912428,118.522099274347,0,231.715271819474,136.685314494491,178.224497384947,196.04190773555,0
0,0,0,284.529238481835,0,115.332064605654,0,81.9664354533492,0,0,140.574866691684,145.74089716123,0,0,133.984214699576,0,0,0,0,0,0,0,0,146.99041817625,0,0,0,0,0,0,0,154.784755881607,0,0,108.136066660554,0,186.973586461633,0,0,128.530575464043,0
0,159.183173818572,0,0,0,0,0,0,198.964527389285,0,0,0,0,0,0,0,0,0,0,0,0,0,0,227.504408813069,0,0,0,259.442917595754,0,0,0,0,0,178.748963182352,0,0,93.5029580098427,0,0,0,0
0,0,0,0,0,0,0,0,109.093416850988,0,0,180.355266595273,0,165.597665022977,0,198.528111506785,0,0,0,0,0,0,173.059382066957,106.926813611922,0,187.77054666536,0,173.538155409849,0,154.784755881607,0,0,0,0,96.7845769653343,0,163.945208919892,0,0,0,0
0,0,0,0,0,0,0,0,0,0,0,0,0,0,0,0,0,0,120.912756812582,0,194.442125915551,0,0,0,0,0,0,0,115.541295036174,0,0,0,0,103.519938150021,0,0,85.6072705949986,0,0,0,0
0,0,0,225.013371621378,0,80.4367166559625,321.864157986053,357.423078228283,0,124.853650664477,0,134.566479261133,0,128.846764897717,228.792310020318,0,151.806152521152,139.654362654449,148.808626413748,58.3493451392805,196.032358954952,0,89.9429017381717,184.249961885477,231.050882209,99.3508940827211,172.892533368851,252.487290983309,104.369974912428,0,178.748963182352,0,103.519938150021,0,0,0,135.294330067913,0,190.185165668632,115.868441404982,163.059043292369
0,80.8080171296381,0,0,101.443495235174,211.840482897052,0,142.385058730083,219.078548227669,125.81518738273,0,112.793316814908,75.4497121078207,0,199.492852797962,261.605527103798,0,192.693757128262,90.7216186966914,173.001559092555,61.0664810463559,177.763106506206,0,0,0,0,116.054372245433,0,118.522099274347,108.136066660554,0,96.7845769653343,0,0,0,89.3673883748406,162.833808134102,188.851177466023,119.345624434514,94.9380989123498,347.376449530863
0,0,87.8456058929559,0,138.33942793804,120.567029282014,276.620869034647,0,0,269.936825670274,82.1742780037132,106.33736463831,0,201.44584889478,0,104.915316975638,0,0,160.530221557972,174.013630695256,0,0,228.075434767255,0,0,255.441154257905,238.934743274142,0,0,0,0,0,0,0,89.3673883748406,0,139.93285932648,146.770754374523,0,321.124897279917,97.3232815600345
0,72.2278283150671,0,223.705816669619,0,0,0,155.901486485736,74.4197823064597,208.005106191961,101.85207633558,171.230058197369,78.9559315574845,169.742003380707,0,303.527509149359,186.348837226466,0,0,0,153.609372090384,180.90030328818,0,213.67670887414,205.09013266389,241.635434294794,167.066576495979,125.416941482916,231.715271819474,186.973586461633,93.5029580098427,163.945208919892,85.6072705949986,135.294330067913,162.833808134102,139.93285932648,0,67.8267069095267,97.3506957544063,179.718364159796,89.1590885155172
131.969743415579,0,154.070293657878,0,112.349934713559,124.698445421759,0,0,0,161.694997919804,0,247.66948903751,0,0,0,0,135.667029391615,0,0,0,180.543851962045,0,0,153.453047983244,101.350815329073,106.533627130087,224.523755099568,115.871357769661,136.685314494491,0,0,0,0,0,188.851177466023,146.770754374523,67.8267069095267,0,158.567996645797,195.378266313867,93.4234866874731
117.208001126138,0,0,0,0,0,0,0,0,85.7623170715703,0,0,0,188.936291522747,261.440278806413,0,0,0,219.430938885781,111.226326353722,0,0,0,0,89.707245288964,0,125.994729980093,241.57250333243,178.224497384947,0,0,0,0,190.185165668632,119.345624434514,0,97.3506957544063,158.567996645797,0,0,206.912707094411
0,151.036729364761,0,0,97.5855511246009,193.777661225572,195.314816908693,0,114.511014214502,0,94.7280504127031,114.649126378906,0,0,0,142.054529471577,94.8881692391942,137.177378802006,71.5579325720569,0,325.937289045041,253.401634605989,209.996727521564,173.201474590904,0,157.852515740516,0,309.997227542691,196.04190773555,128.530575464043,0,0,0,115.868441404982,94.9380989123498,321.124897279917,179.718364159796,195.378266313867,0,0,236.681907140956
0,0,160.537522273714,323.781250289068,150.161410108805,353.822894641502,0,289.631679007608,0,0,164.032723165762,113.059176128709,0,74.5815074003433,0,0,133.218162784108,0,183.786860782462,283.88658203332,101.605593487621,0,66.5008477853491,0,146.465927798921,0,0,0,0,0,0,0,0,163.059043292369,347.376449530863,97.3232815600345,89.1590885155172,93.4234866874731,206.912707094411,236.681907140956,0
