0,0,0,0,0,0,0,0,0,0,0,0,0,0,0,0,0,219.430938885781,0,0,0,0,0,0,0,0,0,0,112.349934713559,0,0,0,0,188.936291522747,0,0,262.382215657622,0,215.611029055736,0,58.3493451392805
0,0,0,96.5937438588657,0,0,0,0,0,0,0,0,0,0,0,0,0,0,0,99.2646516363145,0,0,0,151.075371308616,0,0,0,0,0,0,128.405764333981,0,0,0,0,0,198.964527389285,0,0,255.441154257905,112.823430872325
0,0,0,0,0,0,90.1317194604647,0,0,131.969743415579,228.075434767255,103.519938150021,0,0,195.378266313867,0,0,0,0,0,0,0,0,0,0,0,0,0,0,0,0,0,0,0,0,0,0,0,0,0,0
0,96.5937438588657,0,0,0,0,0,0,0,0,0,224.523755099568,0,73.4795582048751,78.9559315574845,0,0,0,0,94.126460729827,0,0,0,0,0,116.176698124939,0,269.936825670274,81.2827395071039,0,0,314.611698427915,0,0,155.901486485736,140.574866691684,0,0,0,161.74915061469,161.325017232684
0,0,0,0,0,0,0,0,0,0,0,146.770754374523,0,0,172.608400267715,0,0,115.871357769661,0,0,0,0,183.786860782462,0,0,0,173.201474590904,0,192.135034768848,154.065933476765,0,225.013371621378,0,259.055025639447,0,357.423078228283,67.8267069095267,99.3508940827211,0,111.435629183184,104.915316975638
0,0,0,0,0,0,0,101.895308036513,223.705816669619,242.790381480436,104.369974912428,80.8080171296381,0,0,0,0,0,0,0,120.912756812582,0,0,0,106.33736463831,0,188.851177466023,0,196.032358954952,0,0,0,0,0,0,128.530575464043,0,95.7590805983148,180.90030328818,276.620869034647,145.74089716123,0
0,0,90.1317194604647,0,0,0,0,0,0,0,204.481117647118,0,0,0,0,224.551207449728,0,0,0,320.356811100276,0,193.63278243493,0,74.4197823064597,0,128.846764897717,0,135.667029391615,0,0,0,0,0,205.839960264176,347.376449530863,0,261.605527103798,0,0,162.833808134102,227.504408813069
0,0,0,0,0,101.895308036513,0,0,0,0,0,0,0,0,0,71.5579325720569,0,240.185081663983,109.093416850988,0,92.5207898118833,0,178.748963182352,141.204637091722,177.763106506206,114.511014214502,163.059043292369,0,0,190.185165668632,0,0,231.715271819474,82.6299537488922,0,0,192.601533877686,0,0,101.443495235174,101.350815329073
0,0,0,0,0,223.705816669619,0,0,0,0,168.241326865882,0,0,117.208001126138,62.311273509377,0,0,0,0,0,0,0,0,0,151.01089327964,0,0,101.85207633558,0,0,0,0,0,180.355266595273,0,108.381749703452,0,161.694997919804,108.136066660554,139.93285932648,0
0,0,131.969743415579,0,0,242.790381480436,0,0,0,0,192.693757128262,0,0,139.654362654449,0,209.996727521564,0,0,284.529238481835,323.781250289068,0,0,78.8552325762656,0,0,100.812745974529,81.9664354533492,158.955087279859,205.183249704085,0,0,0,0,228.792310020318,171.230058197369,195.822649557859,106.533627130087,101.605593487621,0,186.348837226466,0
0,0,228.075434767255,0,0,104.369974912428,204.481117647118,0,168.241326865882,192.693757128262,0,87.8456058929559,0,174.013630695256,0,0,0,0,163.945208919892,0,0,0,0,0,0,0,89.9429017381717,178.683678585178,0,0,0,0,0,124.853650664477,146.814226519809,0,113.059176128709,0,125.416941482916,306.640284138334,138.33942793804
0,0,103.519938150021,224.523755099568,146.770754374523,80.8080171296381,0,0,0,0,87.8456058929559,0,0,0,0,213.67670887414,0,98.6790043377568,184.249961885477,0,94.027247878695,0,0,101.5853655613,0,74.5815074003433,125.994729980093,94.7280504127031,231.050882209,0,0,0,0,222.053792850439,146.465927798921,181.316358113209,98.2230592632363,280.376028997576,148.808626413748,106.128596538706,0
0,0,0,0,0,0,0,0,0,0,0,0,0,0,0,0,0,0,0,0,165.893015276821,219.078548227669,0,115.332064605654,0,0,0,197.893790332676,0,0,0,0,0,0,136.792307586862,0,124.698445421759,0,0,0,0
0,0,0,73.4795582048751,0,0,0,0,117.208001126138,139.654362654449,174.013630695256,0,0,0,0,0,0,0,0,82.1742780037132,0,0,329.719143597451,0,0,283.248188884028,96.7845769653343,0,193.055010680236,0,0,0,0,0,119.345624434514,137.177378802006,97.3506957544063,0,133.218162784108,197.486504603685,0
0,0,195.378266313867,78.9559315574845,172.608400267715,0,0,0,62.311273509377,0,0,0,0,0,0,0,0,0,0,0,0,251.098274723989,238.934743274142,0,0,0,0,261.440278806413,0,0,0,0,0,153.609372090384,160.537522273714,0,160.530221557972,66.5008477853491,0,0,241.635434294794
0,0,0,0,0,0,224.551207449728,71.5579325720569,0,209.996727521564,0,213.67670887414,0,0,0,0,0,0,159.183173818572,0,0,0,0,0,0,0,137.189596148386,0,85.7623170715703,217.157696745803,0,0,0,0,0,90.7216186966914,154.784755881607,0,151.036729364761,0,0
0,0,0,0,0,0,0,0,0,0,0,0,0,0,0,0,0,0,80.4367166559625,208.005106191961,0,0,0,198.528111506785,0,0,187.77054666536,70.4221432298295,82.4756938751058,0,0,139.792601838991,0,133.984214699576,76.5072790361762,0,0,0,0,0,71.4788760670054
219.430938885781,0,0,0,115.871357769661,0,0,240.185081663983,0,0,0,98.6790043377568,0,0,0,0,0,0,0,0,0,0,157.852515740516,115.114253591495,0,0,0,325.937289045041,0,0,0,0,0,250.461724766314,0,0,94.9380989123498,0,0,0,0
0,0,0,0,0,0,0,109.093416850988,0,284.529238481835,163.945208919892,184.249961885477,0,0,0,159.183173818572,80.4367166559625,0,0,0,151.695570509541,259.442917595754,0,0,0,0,0,85.6072705949986,0,0,0,0,0,0,0,0,283.88658203332,98.417953423071,0,211.840482897052,0
0,99.2646516363145,0,94.126460729827,0,120.912756812582,320.356811100276,0,0,323.781250289068,0,0,0,82.1742780037132,0,0,208.005106191961,0,0,0,0,0,153.876396855887,72.2278283150671,0,0,93.5029580098427,118.522099274347,236.681907140956,0,0,0,0,135.294330067913,178.224497384947,97.5855511246009,348.674510760064,0,0,171.906398392157,0
0,0,0,0,0,0,0,92.5207898118833,0,0,0,94.027247878695,165.893015276821,0,0,0,0,0,151.695570509541,0,0,0,0,0,0,151.806152521152,201.44584889478,196.04190773555,0,94.8881692391942,0,93.4234866874731,0,94.7529894315991,353.822894641502,0,73.1029054543569,115.868441404982,0,0,0
0,0,0,0,0,0,193.63278243493,0,0,0,0,0,219.078548227669,0,251.098274723989,0,0,0,259.442917595754,0,0,0,0,0,300.031143529538,153.453047983244,0,89.707245288964,0,0,0,0,0,0,0,0,321.864157986053,0,0,0,0
0,0,0,0,183.786860782462,0,0,178.748963182352,0,78.8552325762656,0,0,0,329.719143597451,238.934743274142,0,0,157.852515740516,0,153.876396855887,0,0,0,0,0,0,0,206.472608421747,84.3635741045246,0,0,0,0,180.543851962045,169.742003380707,333.645516435298,0,62.859596780235,252.487290983309,219.040656038919,0
0,151.075371308616,0,0,0,106.33736463831,74.4197823064597,141.204637091722,0,0,0,101.5853655613,115.332064605654,0,0,0,198.528111506785,115.114253591495,0,72.2278283150671,0,0,0,0,0,321.124897279917,306.344527664232,201.100640800745,119.728129215699,0,204.084074037941,0,0,0,220.901129804706,161.275817184598,89.1590885155172,111.226326353722,0,74.7304794244225,0
0,0,0,0,0,0,0,177.763106506206,151.01089327964,0,0,0,0,0,0,0,0,0,0,0,0,300.031143529538,0,0,0,0,0,82.6426202489162,0,0,0,0,0,0,164.032723165762,165.597665022977,214.116367924649,143.005810983322,0,226.825099357786,169.453147353278
0,0,0,116.176698124939,0,188.851177466023,128.846764897717,114.511014214502,0,100.812745974529,0,74.5815074003433,0,283.248188884028,0,0,0,0,0,0,151.806152521152,153.453047983244,0,321.124897279917,0,0,195.314816908693,0,0,0,75.4497121078207,134.960780198024,186.973586461633,158.567996645797,106.926813611922,0,114.649126378906,125.81518738273,0,116.054372245433,92.5568465385234
0,0,0,0,173.201474590904,0,0,163.059043292369,0,81.9664354533492,89.9429017381717,125.994729980093,0,96.7845769653343,0,137.189596148386,187.77054666536,0,0,93.5029580098427,201.44584889478,0,0,306.344527664232,0,195.314816908693,0,199.492852797962,205.09013266389,0,0,138.425725342224,193.659409924573,97.3232815600345,0,122.106946855269,193.777661225572,0,0,0,335.371040201042
0,0,0,269.936825670274,0,196.032358954952,135.667029391615,0,101.85207633558,158.955087279859,178.683678585178,94.7280504127031,197.893790332676,0,261.440278806413,0,70.4221432298295,325.937289045041,85.6072705949986,118.522099274347,196.04190773555,89.707245288964,206.472608421747,201.100640800745,82.6426202489162,0,199.492852797962,0,303.527509149359,146.99041817625,263.534399241887,0,0,0,221.805809452716,0,110.384905066973,0,89.3673883748406,167.066576495979,289.631679007608
112.349934713559,0,0,81.2827395071039,192.135034768848,0,0,0,0,205.183249704085,0,231.050882209,0,193.055010680236,0,85.7623170715703,82.4756938751058,0,0,236.681907140956,0,0,84.3635741045246,119.728129215699,0,0,205.09013266389,303.527509149359,0,0,191.519780382943,202.712457066107,0,253.401634605989,173.538155409849,249.798812580765,0,0,206.912707094411,241.682021696872,150.161410108805
0,0,0,0,154.065933476765,0,0,190.185165668632,0,0,0,0,0,0,0,217.157696745803,0,0,0,0,94.8881692391942,0,0,0,0,0,0,146.99041817625,0,0,0,0,0,249.905610015455,173.001559092555,155.24952173131,0,0,200.878319874537,172.892533368851,173.059382066957
0,128.405764333981,0,0,0,0,0,0,0,0,0,0,0,0,0,0,0,0,0,0,0,0,0,204.084074037941,0,75.4497121078207,0,263.534399241887,191.519780382943,0,0,0,0,0,0,0,0,241.57250333243,0,0,0
0,0,0,314.611698427915,225.013371621378,0,0,0,0,0,0,0,0,0,0,0,139.792601838991,0,0,0,93.4234866874731,0,0,0,0,134.960780198024,138.425725342224,0,202.712457066107,0,0,0,0,232.945974238958,112.793316814908,0,0,247.66948903751,0,92.3502314520023,0
0,0,0,0,0,0,0,231.715271819474,0,0,0,0,0,0,0,0,0,0,0,0,0,0,0,0,0,186.973586461633,193.659409924573,0,0,0,0,0,0,0,0,0,0,115.194491798135,0,120.567029282014,0
188.936291522747,0,0,0,259.055025639447,0,205.839960264176,82.6299537488922,180.355266595273,228.792310020318,124.853650664477,222.053792850439,0,0,153.609372090384,0,133.984214699576,250.461724766314,0,135.294330067913,94.7529894315991,0,180.543851962045,0,0,158.567996645797,97.3232815600345,0,253.401634605989,249.905610015455,0,232.945974238958,0,0,161.302948562323,218.045528847001,137.239127032733,220.963068032256,345.797434674459,309.997227542691,113.144980278377
0,0,0,155.901486485736,0,128.530575464043,347.376449530863,0,0,171.230058197369,146.814226519809,146.465927798921,136.792307586862,119.345624434514,160.537522273714,0,76.5072790361762,0,0,178.224497384947,353.822894641502,0,169.742003380707,220.901129804706,164.032723165762,106.926813611922,0,221.805809452716,173.538155409849,173.001559092555,0,112.793316814908,0,161.302948562323,0,142.385058730083,179.718364159796,194.442125915551,0,0,136.685314494491
0,0,0,140.574866691684,357.423078228283,0,0,0,108.381749703452,195.822649557859,0,181.316358113209,0,137.177378802006,0,90.7216186966914,0,0,0,97.5855511246009,0,0,333.645516435298,161.275817184598,165.597665022977,0,122.106946855269,0,249.798812580765,155.24952173131,0,0,0,218.045528847001,142.385058730083,0,212.592150359921,0,0,153.672550905948,61.0664810463559
262.382215657622,198.964527389285,0,0,67.8267069095267,95.7590805983148,261.605527103798,192.601533877686,0,106.533627130087,113.059176128709,98.2230592632363,124.698445421759,97.3506957544063,160.530221557972,154.784755881607,0,94.9380989123498,283.88658203332,348.674510760064,73.1029054543569,321.864157986053,0,89.1590885155172,214.116367924649,114.649126378906,193.777661225572,110.384905066973,0,0,0,0,0,137.239127032733,179.718364159796,212.592150359921,0,154.070293657878,142.054529471577,115.541295036174,175.196329314064
0,0,0,0,99.3508940827211,180.90030328818,0,0,161.694997919804,101.605593487621,0,280.376028997576,0,0,66.5008477853491,0,0,0,98.417953423071,0,115.868441404982,0,62.859596780235,111.226326353722,143.005810983322,125.81518738273,0,0,0,0,241.57250333243,247.66948903751,115.194491798135,220.963068032256,194.442125915551,0,154.070293657878,0,134.566479261133,0,338.131802716296
215.611029055736,0,0,0,0,276.620869034647,0,0,108.136066660554,0,125.416941482916,148.808626413748,0,133.218162784108,0,151.036729364761,0,0,0,0,0,0,252.487290983309,0,0,0,0,89.3673883748406,206.912707094411,200.878319874537,0,0,0,345.797434674459,0,0,142.054529471577,134.566479261133,0,0,154.142998692322
0,255.441154257905,0,161.74915061469,111.435629183184,145.74089716123,162.833808134102,101.443495235174,139.93285932648,186.348837226466,306.640284138334,106.128596538706,0,197.486504603685,0,0,0,0,211.840482897052,171.906398392157,0,0,219.040656038919,74.7304794244225,226.825099357786,116.054372245433,0,167.066576495979,241.682021696872,172.892533368851,0,92.3502314520023,120.567029282014,309.997227542691,0,153.672550905948,115.541295036174,0,0,0,0
58.3493451392805,112.823430872325,0,161.325017232684,104.915316975638,0,227.504408813069,101.350815329073,0,0,138.33942793804,0,0,0,241.635434294794,0,71.4788760670054,0,0,0,0,0,0,0,169.453147353278,92.5568465385234,335.371040201042,289.631679007608,150.161410108805,173.059382066957,0,0,0,113.144980278377,136.685314494491,61.0664810463559,175.196329314064,338.131802716296,154.142998692322,0,0
