0,0,0,0,0,0,0,0,0,0,0,0,0,0,0,0,0,0,0,0,0,161.694997919804,0,0,0,195.378266313867,0,0,0,0,0,0,0,140.574866691684,0,250.461724766314,145.74089716123,0,0,0,92.5568465385234
0,0,0,96.5937438588657,0,0,345.797434674459,0,0,0,0,0,93.4234866874731,0,0,0,0,0,0,0,0,0,0,0,0,222.053792850439,0,348.674510760064,0,0,0,0,0,0,300.031143529538,0,325.937289045041,0,0,0,0
0,0,0,0,0,0,0,0,0,0,0,0,0,0,0,0,0,0,0,0,0,94.027247878695,0,0,0,0,0,329.719143597451,0,0,0,139.654362654449,0,0,110.384905066973,0,0,0,0,0,303.527509149359
0,96.5937438588657,0,0,98.417953423071,0,338.131802716296,0,0,0,0,261.440278806413,148.808626413748,0,0,0,0,0,0,125.994729980093,0,0,0,196.04190773555,0,0,94.8881692391942,181.316358113209,0,0,0,0,0,133.984214699576,99.2646516363145,0,99.3508940827211,0,180.90030328818,0,0
0,0,0,98.417953423071,0,0,353.822894641502,0,0,220.963068032256,109.093416850988,0,0,0,0,0,0,193.63278243493,0,0,0,0,0,104.915316975638,220.901129804706,80.8080171296381,0,0,188.936291522747,0,0,0,0,0,162.833808134102,0,158.955087279859,106.926813611922,154.065933476765,173.201474590904,0
0,0,0,0,0,0,0,0,101.85207633558,347.376449530863,124.698445421759,238.934743274142,0,0,0,0,323.781250289068,0,184.249961885477,0,0,0,259.442917595754,0,0,0,180.543851962045,169.742003380707,169.453147353278,0,0,0,0,0,101.350815329073,0,74.7304794244225,0,0,165.893015276821,225.013371621378
0,345.797434674459,0,338.131802716296,353.822894641502,0,0,98.2230592632363,0,81.2827395071039,0,0,0,0,0,241.635434294794,0,0,92.3502314520023,158.567996645797,171.906398392157,0,0,240.185081663983,0,0,218.045528847001,0,0,0,0,0,0,0,0,0,178.748963182352,0,0,0,66.5008477853491
0,0,0,0,0,0,98.2230592632363,0,0,205.839960264176,0,196.032358954952,0,0,138.425725342224,0,0,78.9559315574845,0,0,115.541295036174,0,0,67.8267069095267,0,168.241326865882,232.945974238958,135.294330067913,217.157696745803,0,0,0,134.566479261133,0,209.996727521564,0,134.960780198024,0,0,155.901486485736,167.066576495979
0,0,0,0,0,101.85207633558,0,0,0,0,0,0,0,0,0,0,0,0,0,0,0,0,115.194491798135,0,0,204.084074037941,151.036729364761,180.355266595273,159.183173818572,192.135034768848,0,115.332064605654,0,89.3673883748406,0,0,151.075371308616,0,0,72.2278283150671,0
0,0,0,0,220.963068032256,347.376449530863,81.2827395071039,205.839960264176,0,0,100.812745974529,357.423078228283,0,0,0,190.185165668632,139.792601838991,0,0,74.5815074003433,0,0,0,125.81518738273,0,101.5853655613,137.239127032733,219.078548227669,0,0,0,0,0,94.7529894315991,97.3232815600345,89.1590885155172,142.054529471577,142.385058730083,0,0,0
0,0,0,0,109.093416850988,124.698445421759,0,0,0,100.812745974529,0,101.605593487621,0,0,161.325017232684,0,0,0,0,0,0,0,151.695570509541,0,0,0,0,0,115.114253591495,61.0664810463559,195.314816908693,0,0,205.09013266389,206.912707094411,179.718364159796,262.382215657622,252.487290983309,208.005106191961,85.6072705949986,0
0,0,0,261.440278806413,0,238.934743274142,0,196.032358954952,0,357.423078228283,101.605593487621,0,0,0,0,71.5579325720569,0,0,0,195.822649557859,0,0,135.667029391615,0,228.792310020318,333.645516435298,164.032723165762,224.523755099568,128.846764897717,96.7845769653343,0,0,0,146.465927798921,177.763106506206,174.013630695256,249.905610015455,335.371040201042,0,84.3635741045246,251.098274723989
0,93.4234866874731,0,148.808626413748,0,0,0,0,0,0,0,0,0,197.893790332676,0,0,0,0,131.969743415579,101.443495235174,0,0,0,0,0,0,0,0,0,0,0,0,0,0,0,0,0,0,0,0,172.892533368851
0,0,0,0,0,0,0,0,0,0,0,0,197.893790332676,0,0,0,0,192.601533877686,0,0,0,137.177378802006,112.823430872325,0,0,183.786860782462,309.997227542691,106.128596538706,97.3506957544063,112.793316814908,0,0,0,0,115.868441404982,75.4497121078207,95.7590805983148,0,0,172.608400267715,128.530575464043
0,0,0,0,0,0,0,138.425725342224,0,0,161.325017232684,0,0,0,0,0,0,0,0,0,0,178.224497384947,0,90.1317194604647,0,0,0,231.715271819474,284.529238481835,0,0,191.519780382943,0,226.825099357786,124.853650664477,161.302948562323,0,163.945208919892,236.681907140956,0,0
0,0,0,0,0,0,241.635434294794,0,0,190.185165668632,0,71.5579325720569,0,0,0,0,0,0,136.792307586862,206.472608421747,0,0,0,97.5855511246009,0,0,161.275817184598,0,0,0,0,0,0,155.24952173131,259.055025639447,154.070293657878,0,0,0,94.126460729827,0
0,0,0,0,0,323.781250289068,0,0,0,139.792601838991,0,0,0,0,0,0,0,0,0,205.183249704085,0,0,0,0,0,0,0,111.226326353722,113.059176128709,0,0,223.705816669619,0,78.8552325762656,160.530221557972,0,241.57250333243,219.430938885781,0,0,0
0,0,0,0,193.63278243493,0,0,78.9559315574845,0,0,0,0,0,192.601533877686,0,0,0,0,0,0,0,0,0,0,0,141.204637091722,0,253.401634605989,0,0,70.4221432298295,0,0,89.9429017381717,0,0,89.707245288964,0,0,146.770754374523,0
0,0,0,0,0,184.249961885477,92.3502314520023,0,0,0,0,0,131.969743415579,0,0,136.792307586862,0,0,0,0,201.44584889478,0,0,0,118.522099274347,280.376028997576,0,0,0,0,0,0,0,111.435629183184,0,0,108.136066660554,276.620869034647,139.93285932648,165.597665022977,0
0,0,0,125.994729980093,0,0,158.567996645797,0,0,74.5815074003433,0,195.822649557859,101.443495235174,0,0,206.472608421747,205.183249704085,0,0,0,0,0,71.4788760670054,0,0,113.144980278377,219.040656038919,188.851177466023,81.9664354533492,0,0,0,0,193.777661225572,116.054372245433,0,119.345624434514,0,0,153.672550905948,261.605527103798
0,0,0,0,0,0,171.906398392157,115.541295036174,0,0,0,0,0,0,0,0,0,0,201.44584889478,0,0,0,0,283.88658203332,153.609372090384,94.7280504127031,163.059043292369,119.728129215699,306.640284138334,0,197.486504603685,0,0,173.001559092555,0,0,255.441154257905,175.196329314064,0,0,0
161.694997919804,0,94.027247878695,0,0,0,0,0,0,0,0,0,0,137.177378802006,178.224497384947,0,0,0,0,0,0,0,0,120.912756812582,0,0,0,0,0,0,0,0,0,0,0,0,90.7216186966914,0,193.055010680236,0,150.161410108805
0,0,0,0,0,259.442917595754,0,0,115.194491798135,0,151.695570509541,135.667029391615,0,112.823430872325,0,0,0,0,0,71.4788760670054,0,0,0,0,0,320.356811100276,153.876396855887,0,0,0,0,92.5207898118833,0,137.189596148386,114.649126378906,138.33942793804,0,289.631679007608,154.142998692322,133.218162784108,0
0,0,0,196.04190773555,104.915316975638,0,240.185081663983,67.8267069095267,0,125.81518738273,0,0,0,0,90.1317194604647,97.5855511246009,0,0,0,0,283.88658203332,120.912756812582,0,0,0,221.805809452716,160.537522273714,241.682021696872,85.7623170715703,211.840482897052,151.806152521152,0,0,128.405764333981,0,157.852515740516,0,0,213.67670887414,314.611698427915,0
0,0,0,0,220.901129804706,0,0,0,0,0,0,228.792310020318,0,0,0,0,0,0,118.522099274347,0,153.609372090384,0,0,0,0,0,0,73.4795582048751,249.798812580765,0,0,0,0,212.592150359921,93.5029580098427,0,204.481117647118,0,0,0,112.349934713559
195.378266313867,222.053792850439,0,0,80.8080171296381,0,0,168.241326865882,204.084074037941,101.5853655613,0,333.645516435298,0,183.786860782462,0,0,0,141.204637091722,280.376028997576,113.144980278377,94.7280504127031,0,320.356811100276,221.805809452716,0,0,0,0,0,125.416941482916,0,0,0,58.3493451392805,0,193.659409924573,62.859596780235,0,151.01089327964,228.075434767255,0
0,0,0,94.8881692391942,0,180.543851962045,218.045528847001,232.945974238958,151.036729364761,137.239127032733,0,164.032723165762,0,309.997227542691,0,161.275817184598,0,0,0,219.040656038919,163.059043292369,0,153.876396855887,160.537522273714,0,0,0,108.381749703452,0,73.1029054543569,0,116.176698124939,143.005810983322,0,0,82.6426202489162,0,122.106946855269,0,114.511014214502,0
0,348.674510760064,329.719143597451,181.316358113209,0,169.742003380707,0,135.294330067913,180.355266595273,219.078548227669,0,224.523755099568,0,106.128596538706,231.715271819474,0,111.226326353722,253.401634605989,0,188.851177466023,119.728129215699,0,0,241.682021696872,73.4795582048751,0,108.381749703452,0,178.683678585178,0,0,103.519938150021,0,98.6790043377568,321.124897279917,120.567029282014,198.528111506785,194.442125915551,82.6299537488922,153.453047983244,247.66948903751
0,0,0,0,188.936291522747,169.453147353278,0,217.157696745803,159.183173818572,0,115.114253591495,128.846764897717,0,97.3506957544063,284.529238481835,0,113.059176128709,0,0,81.9664354533492,306.640284138334,0,0,85.7623170715703,249.798812580765,0,0,178.683678585178,0,0,0,0,201.100640800745,0,214.116367924649,0,224.551207449728,146.99041817625,198.964527389285,154.784755881607,104.369974912428
0,0,0,0,0,0,0,0,192.135034768848,0,61.0664810463559,96.7845769653343,0,112.793316814908,0,0,0,0,0,0,0,0,0,211.840482897052,0,125.416941482916,73.1029054543569,0,0,0,0,0,0,0,115.871357769661,0,146.814226519809,0,0,117.208001126138,94.9380989123498
0,0,0,0,0,0,0,0,0,0,195.314816908693,0,0,0,0,0,0,70.4221432298295,0,0,197.486504603685,0,0,151.806152521152,0,0,0,0,0,0,0,0,0,192.693757128262,0,0,0,0,0,227.504408813069,0
0,0,139.654362654449,0,0,0,0,0,115.332064605654,0,0,0,0,0,191.519780382943,0,223.705816669619,0,0,0,0,0,92.5207898118833,0,0,0,116.176698124939,103.519938150021,0,0,0,0,0,306.344527664232,263.534399241887,0,0,87.8456058929559,0,0,186.348837226466
0,0,0,0,0,0,0,134.566479261133,0,0,0,0,0,0,0,0,0,0,0,0,0,0,0,0,0,0,143.005810983322,0,201.100640800745,0,0,0,0,0,0,0,200.878319874537,0,0,0,231.050882209
140.574866691684,0,0,133.984214699576,0,0,0,0,89.3673883748406,94.7529894315991,205.09013266389,146.465927798921,0,0,226.825099357786,155.24952173131,78.8552325762656,89.9429017381717,111.435629183184,193.777661225572,173.001559092555,0,137.189596148386,128.405764333981,212.592150359921,58.3493451392805,0,98.6790043377568,0,0,192.693757128262,306.344527664232,0,0,202.712457066107,101.895308036513,199.492852797962,187.77054666536,0,106.33736463831,321.864157986053
0,300.031143529538,110.384905066973,99.2646516363145,162.833808134102,101.350815329073,0,209.996727521564,0,97.3232815600345,206.912707094411,177.763106506206,0,115.868441404982,124.853650664477,259.055025639447,160.530221557972,0,0,116.054372245433,0,0,114.649126378906,0,93.5029580098427,0,0,321.124897279917,214.116367924649,115.871357769661,0,263.534399241887,0,202.712457066107,0,82.1742780037132,161.74915061469,186.973586461633,242.790381480436,0,0
250.461724766314,0,0,0,0,0,0,0,0,89.1590885155172,179.718364159796,174.013630695256,0,75.4497121078207,161.302948562323,154.070293657878,0,0,0,0,0,0,138.33942793804,157.852515740516,0,193.659409924573,82.6426202489162,120.567029282014,0,0,0,0,0,101.895308036513,82.1742780037132,0,80.4367166559625,106.533627130087,173.059382066957,215.611029055736,82.4756938751058
145.74089716123,325.937289045041,0,99.3508940827211,158.955087279859,74.7304794244225,178.748963182352,134.960780198024,151.075371308616,142.054529471577,262.382215657622,249.905610015455,0,95.7590805983148,0,0,241.57250333243,89.707245288964,108.136066660554,119.345624434514,255.441154257905,90.7216186966914,0,0,204.481117647118,62.859596780235,0,198.528111506785,224.551207449728,146.814226519809,0,0,200.878319874537,199.492852797962,161.74915061469,80.4367166559625,0,283.248188884028,0,62.311273509377,136.685314494491
0,0,0,0,106.926813611922,0,0,0,0,142.385058730083,252.487290983309,335.371040201042,0,0,163.945208919892,0,219.430938885781,0,276.620869034647,0,175.196329314064,0,289.631679007608,0,0,0,122.106946855269,194.442125915551,146.99041817625,0,0,87.8456058929559,0,187.77054666536,186.973586461633,106.533627130087,283.248188884028,0,269.936825670274,74.4197823064597,173.538155409849
0,0,0,180.90030328818,154.065933476765,0,0,0,0,0,208.005106191961,0,0,0,236.681907140956,0,0,0,139.93285932648,0,0,193.055010680236,154.142998692322,213.67670887414,0,151.01089327964,0,82.6299537488922,198.964527389285,0,0,0,0,0,242.790381480436,173.059382066957,0,269.936825670274,0,76.5072790361762,0
0,0,0,0,173.201474590904,165.893015276821,0,155.901486485736,72.2278283150671,0,85.6072705949986,84.3635741045246,0,172.608400267715,0,94.126460729827,0,146.770754374523,165.597665022977,153.672550905948,0,0,133.218162784108,314.611698427915,0,228.075434767255,114.511014214502,153.453047983244,154.784755881607,117.208001126138,227.504408813069,0,0,106.33736463831,0,215.611029055736,62.311273509377,74.4197823064597,76.5072790361762,0,171.230058197369
92.5568465385234,0,303.527509149359,0,0,225.013371621378,66.5008477853491,167.066576495979,0,0,0,251.098274723989,172.892533368851,128.530575464043,0,0,0,0,0,261.605527103798,0,150.161410108805,0,0,112.349934713559,0,0,247.66948903751,104.369974912428,94.9380989123498,0,186.348837226466,231.050882209,321.864157986053,0,82.4756938751058,136.685314494491,173.538155409849,0,171.230058197369,0
