0,0,0,186.973586461633,0,0,0,0,0,0,0,0,0,0,0,0,0,0,0,171.230058197369,0,0,306.640284138334,0,0,0,0,0,0,0,0,0,0,0,201.44584889478,0,193.659409924573,0,0,0,128.405764333981
0,0,0,0,0,0,0,0,0,155.901486485736,98.2230592632363,0,0,0,0,0,0,0,0,0,0,0,0,0,0,0,276.620869034647,0,0,0,0,249.905610015455,0,70.4221432298295,0,0,74.7304794244225,0,0,0,198.964527389285
0,0,0,0,0,0,0,0,0,0,0,0,0,0,0,0,0,0,0,0,0,0,106.926813611922,0,0,0,0,103.519938150021,221.805809452716,0,0,0,0,0,193.055010680236,0,162.833808134102,0,0,0,0
186.973586461633,0,0,0,0,113.059176128709,0,0,0,323.781250289068,0,0,0,197.893790332676,0,0,0,0,0,0,0,0,106.128596538706,84.3635741045246,0,0,111.226326353722,306.344527664232,0,0,0,0,0,0,187.77054666536,154.070293657878,80.8080171296381,0,0,96.7845769653343,198.528111506785
0,0,0,0,0,0,0,0,0,112.793316814908,0,0,0,0,150.161410108805,82.6426202489162,0,0,320.356811100276,238.934743274142,0,0,0,142.054529471577,0,225.013371621378,192.693757128262,96.5937438588657,173.001559092555,236.681907140956,0,0,0,0,197.486504603685,0,0,101.5853655613,0,81.9664354533492,0
0,0,0,113.059176128709,0,0,0,226.825099357786,0,0,0,329.719143597451,0,0,0,0,0,0,0,139.654362654449,0,0,0,92.5207898118833,0,241.57250333243,347.376449530863,172.892533368851,0,0,283.248188884028,0,0,0,180.543851962045,0,160.537522273714,146.814226519809,172.608400267715,151.01089327964,0
0,0,0,0,0,0,0,0,141.204637091722,137.189596148386,0,0,0,128.846764897717,0,159.183173818572,0,0,0,136.792307586862,0,0,131.969743415579,0,119.345624434514,0,0,98.6790043377568,206.472608421747,0,0,0,0,78.8552325762656,0,139.93285932648,321.124897279917,0,0,206.912707094411,0
0,0,0,0,0,226.825099357786,0,0,0,0,0,0,0,262.382215657622,117.208001126138,0,73.4795582048751,0,0,143.005810983322,178.224497384947,0,0,193.63278243493,153.609372090384,357.423078228283,161.275817184598,205.183249704085,0,125.416941482916,0,120.912756812582,0,300.031143529538,0,135.294330067913,82.6299537488922,0,0,0,0
0,0,0,0,0,0,141.204637091722,0,0,0,101.605593487621,0,0,0,0,0,0,116.176698124939,0,0,0,0,0,201.100640800745,0,0,0,81.2827395071039,90.1317194604647,0,0,0,0,72.2278283150671,269.936825670274,0,71.4788760670054,251.098274723989,0,135.667029391615,0
0,155.901486485736,0,323.781250289068,112.793316814908,0,137.189596148386,0,0,0,146.99041817625,0,0,0,133.984214699576,0,0,0,73.1029054543569,0,94.126460729827,90.7216186966914,0,161.302948562323,0,0,151.695570509541,101.85207633558,0,109.093416850988,0,0,0,85.6072705949986,0,181.316358113209,213.67670887414,94.7529894315991,212.592150359921,0,0
0,98.2230592632363,0,0,0,0,0,0,101.605593487621,146.99041817625,0,125.994729980093,220.963068032256,0,0,0,0,0,161.694997919804,0,0,0,134.960780198024,0,0,255.441154257905,94.027247878695,92.5568465385234,247.66948903751,0,0,113.144980278377,0,178.748963182352,99.2646516363145,0,242.790381480436,116.054372245433,0,0,0
0,0,0,0,0,329.719143597451,0,0,0,0,125.994729980093,0,0,0,110.384905066973,154.065933476765,192.601533877686,153.453047983244,0,61.0664810463559,146.770754374523,85.7623170715703,0,214.116367924649,115.871357769661,151.075371308616,101.443495235174,93.4234866874731,199.492852797962,0,0,188.936291522747,0,115.114253591495,142.385058730083,0,95.7590805983148,158.567996645797,0,89.9429017381717,0
0,0,0,0,0,0,0,0,0,0,220.963068032256,0,0,0,0,0,0,0,196.04190773555,0,0,0,0,0,0,98.417953423071,0,0,108.136066660554,0,0,0,0,0,0,165.893015276821,0,0,0,259.442917595754,0
0,0,0,197.893790332676,0,0,128.846764897717,262.382215657622,0,0,0,0,0,0,173.538155409849,0,0,0,0,0,0,0,0,0,0,0,179.718364159796,263.534399241887,0,155.24952173131,0,195.822649557859,0,157.852515740516,0,114.649126378906,222.053792850439,193.777661225572,0,76.5072790361762,114.511014214502
0,0,0,0,150.161410108805,0,0,117.208001126138,0,133.984214699576,0,110.384905066973,0,173.538155409849,0,0,0,0,0,205.839960264176,115.194491798135,280.376028997576,164.032723165762,0,0,0,0,0,0,0,0,0,0,0,0,0,0,202.712457066107,0,89.707245288964,115.541295036174
0,0,0,0,82.6426202489162,0,159.183173818572,0,0,0,0,154.065933476765,0,0,0,0,0,0,94.8881692391942,0,0,0,0,0,0,228.075434767255,0,151.806152521152,169.453147353278,0,0,0,0,0,192.135034768848,0,177.763106506206,0,0,138.33942793804,186.348837226466
0,0,0,0,0,0,0,73.4795582048751,0,0,0,192.601533877686,0,0,0,0,0,0,0,0,0,0,223.705816669619,0,58.3493451392805,0,140.574866691684,180.90030328818,0,0,0,0,0,0,89.1590885155172,217.157696745803,104.369974912428,0,0,0,112.349934713559
0,0,0,0,0,0,0,0,116.176698124939,0,0,153.453047983244,0,0,0,0,0,0,0,0,0,0,0,106.533627130087,0,191.519780382943,0,314.611698427915,0,0,0,0,145.74089716123,220.901129804706,0,183.786860782462,0,0,0,0,124.698445421759
0,0,0,0,320.356811100276,0,0,0,0,73.1029054543569,161.694997919804,0,196.04190773555,0,0,94.8881692391942,0,0,0,0,252.487290983309,0,0,0,0,0,0,219.430938885781,321.864157986053,190.185165668632,0,333.645516435298,0,173.059382066957,0,0,0,0,133.218162784108,0,0
171.230058197369,0,0,0,238.934743274142,139.654362654449,136.792307586862,143.005810983322,0,0,0,61.0664810463559,0,0,205.839960264176,0,0,0,0,0,120.567029282014,75.4497121078207,115.868441404982,154.142998692322,0,0,0,0,0,0,0,0,0,94.7280504127031,196.032358954952,173.201474590904,62.859596780235,163.945208919892,0,94.9380989123498,0
0,0,0,0,0,0,0,178.224497384947,0,94.126460729827,0,146.770754374523,0,0,115.194491798135,0,0,0,252.487290983309,120.567029282014,0,0,138.425725342224,0,0,0,0,171.906398392157,0,0,0,0,0,180.355266595273,67.8267069095267,146.465927798921,0,0,122.106946855269,0,93.5029580098427
0,0,0,0,0,0,0,0,0,90.7216186966914,0,85.7623170715703,0,0,280.376028997576,0,0,0,0,75.4497121078207,0,0,0,148.808626413748,0,0,0,0,0,0,0,0,0,195.378266313867,0,0,219.040656038919,0,66.5008477853491,0,0
306.640284138334,0,106.926813611922,106.128596538706,0,0,131.969743415579,0,0,0,134.960780198024,0,0,0,164.032723165762,0,223.705816669619,0,0,115.868441404982,138.425725342224,0,0,0,0,0,0,0,0,0,0,0,0,168.241326865882,163.059043292369,137.177378802006,219.078548227669,240.185081663983,0,335.371040201042,0
0,0,0,84.3635741045246,142.054529471577,92.5207898118833,0,193.63278243493,201.100640800745,161.302948562323,0,214.116367924649,0,0,0,0,0,106.533627130087,0,154.142998692322,0,148.808626413748,0,0,0,184.249961885477,139.792601838991,92.3502314520023,205.09013266389,0,0,0,0,218.045528847001,345.797434674459,0,82.1742780037132,0,78.9559315574845,87.8456058929559,0
0,0,0,0,0,0,119.345624434514,153.609372090384,0,0,0,115.871357769661,0,0,0,0,58.3493451392805,0,0,0,0,0,0,0,0,0,0,261.605527103798,0,0,0,303.527509149359,0,0,0,0,208.005106191961,231.050882209,153.876396855887,0,224.523755099568
0,0,0,0,225.013371621378,241.57250333243,0,357.423078228283,0,0,255.441154257905,151.075371308616,98.417953423071,0,0,228.075434767255,0,191.519780382943,0,0,0,0,0,184.249961885477,0,0,259.055025639447,115.332064605654,188.851177466023,62.311273509377,0,0,0,108.381749703452,204.084074037941,241.682021696872,71.5579325720569,353.822894641502,0,124.853650664477,228.792310020318
0,276.620869034647,0,111.226326353722,192.693757128262,347.376449530863,0,161.275817184598,0,151.695570509541,94.027247878695,101.443495235174,0,179.718364159796,0,0,140.574866691684,0,0,0,0,0,0,139.792601838991,0,259.055025639447,0,178.683678585178,0,119.728129215699,284.529238481835,0,0,194.442125915551,153.672550905948,0,209.996727521564,200.878319874537,160.530221557972,0,0
0,0,103.519938150021,306.344527664232,96.5937438588657,172.892533368851,98.6790043377568,205.183249704085,81.2827395071039,101.85207633558,92.5568465385234,93.4234866874731,0,263.534399241887,0,151.806152521152,180.90030328818,314.611698427915,219.430938885781,0,171.906398392157,0,0,92.3502314520023,261.605527103798,115.332064605654,178.683678585178,0,0,0,0,0,0,158.955087279859,74.4197823064597,224.551207449728,118.522099274347,97.3506957544063,0,97.3232815600345,106.33736463831
0,0,221.805809452716,0,173.001559092555,0,206.472608421747,0,90.1317194604647,0,247.66948903751,199.492852797962,108.136066660554,0,0,169.453147353278,0,0,321.864157986053,0,0,0,0,205.09013266389,0,188.851177466023,0,0,0,0,0,161.325017232684,125.81518738273,215.611029055736,249.798812580765,195.314816908693,261.440278806413,338.131802716296,74.5815074003433,250.461724766314,174.013630695256
0,0,0,0,236.681907140956,0,0,125.416941482916,0,109.093416850988,0,0,0,155.24952173131,0,0,0,0,190.185165668632,0,0,0,0,0,0,62.311273509377,119.728129215699,0,0,0,0,112.823430872325,0,165.597665022977,0,0,0,0,0,309.997227542691,82.4756938751058
0,0,0,0,0,283.248188884028,0,0,0,0,0,0,0,0,0,0,0,0,0,0,0,0,0,0,0,0,284.529238481835,0,0,0,0,0,0,348.674510760064,0,136.685314494491,0,0,175.196329314064,227.504408813069,0
0,249.905610015455,0,0,0,0,0,120.912756812582,0,0,113.144980278377,188.936291522747,0,195.822649557859,0,0,0,0,333.645516435298,0,0,0,0,0,303.527509149359,0,0,0,161.325017232684,112.823430872325,0,0,0,0,128.530575464043,253.401634605989,0,0,0,0,0
0,0,0,0,0,0,0,0,0,0,0,0,0,0,0,0,0,145.74089716123,0,0,0,0,0,0,0,0,0,0,125.81518738273,0,0,0,0,100.812745974529,0,0,289.631679007608,0,0,0,161.74915061469
0,70.4221432298295,0,0,0,0,78.8552325762656,300.031143529538,72.2278283150671,85.6072705949986,178.748963182352,115.114253591495,0,157.852515740516,0,0,0,220.901129804706,173.059382066957,94.7280504127031,180.355266595273,195.378266313867,168.241326865882,218.045528847001,0,108.381749703452,194.442125915551,158.955087279859,215.611029055736,165.597665022977,348.674510760064,0,100.812745974529,0,80.4367166559625,0,154.784755881607,111.435629183184,0,151.036729364761,0
201.44584889478,0,193.055010680236,187.77054666536,197.486504603685,180.543851962045,0,0,269.936825670274,0,99.2646516363145,142.385058730083,0,0,0,192.135034768848,89.1590885155172,0,0,196.032358954952,67.8267069095267,0,163.059043292369,345.797434674459,0,204.084074037941,153.672550905948,74.4197823064597,249.798812580765,0,0,128.530575464043,0,80.4367166559625,0,0,134.566479261133,167.066576495979,204.481117647118,137.239127032733,104.915316975638
0,0,0,154.070293657878,0,0,139.93285932648,135.294330067913,0,181.316358113209,0,0,165.893015276821,114.649126378906,0,0,217.157696745803,183.786860782462,0,173.201474590904,146.465927798921,0,137.177378802006,0,0,241.682021696872,0,224.551207449728,195.314816908693,0,136.685314494491,253.401634605989,0,0,0,0,89.3673883748406,0,0,283.88658203332,325.937289045041
193.659409924573,74.7304794244225,162.833808134102,80.8080171296381,0,160.537522273714,321.124897279917,82.6299537488922,71.4788760670054,213.67670887414,242.790381480436,95.7590805983148,0,222.053792850439,0,177.763106506206,104.369974912428,0,0,62.859596780235,0,219.040656038919,219.078548227669,82.1742780037132,208.005106191961,71.5579325720569,209.996727521564,118.522099274347,261.440278806413,0,0,0,289.631679007608,154.784755881607,134.566479261133,89.3673883748406,0,0,232.945974238958,101.895308036513,99.3508940827211
0,0,0,0,101.5853655613,146.814226519809,0,0,251.098274723989,94.7529894315991,116.054372245433,158.567996645797,0,193.777661225572,202.712457066107,0,0,0,0,163.945208919892,0,0,240.185081663983,0,231.050882209,353.822894641502,200.878319874537,97.3506957544063,338.131802716296,0,0,0,0,111.435629183184,167.066576495979,0,0,0,169.742003380707,97.5855511246009,231.715271819474
0,0,0,0,0,172.608400267715,0,0,0,212.592150359921,0,0,0,0,0,0,0,0,133.218162784108,0,122.106946855269,66.5008477853491,0,78.9559315574845,153.876396855887,0,160.530221557972,0,74.5815074003433,0,175.196329314064,0,0,0,204.481117647118,0,232.945974238958,169.742003380707,0,241.635434294794,101.350815329073
0,0,0,96.7845769653343,81.9664354533492,151.01089327964,206.912707094411,0,135.667029391615,0,0,89.9429017381717,259.442917595754,76.5072790361762,89.707245288964,138.33942793804,0,0,0,94.9380989123498,0,0,335.371040201042,87.8456058929559,0,124.853650664477,0,97.3232815600345,250.461724766314,309.997227542691,227.504408813069,0,0,151.036729364761,137.239127032733,283.88658203332,101.895308036513,97.5855511246009,241.635434294794,0,211.840482897052
128.405764333981,198.964527389285,0,198.528111506785,0,0,0,0,0,0,0,0,0,114.511014214502,115.541295036174,186.348837226466,112.349934713559,124.698445421759,0,0,93.5029580098427,0,0,0,224.523755099568,228.792310020318,0,106.33736463831,174.013630695256,82.4756938751058,0,0,161.74915061469,0,104.915316975638,325.937289045041,99.3508940827211,231.715271819474,101.350815329073,211.840482897052,0
