0,0,0,0,0,0,0,0,0,0,0,0,0,0,0,0,0,0,0,0,0,0,0,0,0,115.871357769661,0,0,0,232.945974238958,0,0,0,171.906398392157,0,0,115.541295036174,140.574866691684,0,242.790381480436,0
0,0,0,0,0,276.620869034647,0,0,0,84.3635741045246,0,0,0,0,0,0,0,0,0,0,0,0,0,0,0,180.90030328818,220.963068032256,58.3493451392805,0,253.401634605989,0,0,0,111.226326353722,0,0,0,0,0,0,0
0,0,0,0,0,0,0,0,131.969743415579,0,0,262.382215657622,0,0,0,0,0,0,0,0,0,0,0,306.344527664232,0,0,0,0,0,0,0,0,0,0,89.707245288964,0,133.984214699576,0,0,0,0
0,0,0,0,0,0,0,160.537522273714,0,0,224.523755099568,161.74915061469,0,0,201.44584889478,220.901129804706,0,0,0,67.8267069095267,0,0,0,0,348.674510760064,0,192.135034768848,261.605527103798,0,0,0,0,0,150.161410108805,178.683678585178,93.4234866874731,0,0,335.371040201042,0,0
0,0,0,0,0,0,90.7216186966914,0,241.682021696872,98.2230592632363,320.356811100276,195.822649557859,0,0,0,164.032723165762,0,0,0,97.3506957544063,0,0,0,0,0,94.9380989123498,89.9429017381717,0,212.592150359921,0,0,0,110.384905066973,0,0,0,112.349934713559,0,0,134.960780198024,333.645516435298
0,276.620869034647,0,0,0,0,0,74.5815074003433,0,0,0,0,0,173.001559092555,0,0,0,0,0,0,104.369974912428,0,73.1029054543569,94.8881692391942,289.631679007608,198.528111506785,94.027247878695,0,0,0,0,0,0,153.453047983244,112.823430872325,0,167.066576495979,0,0,135.294330067913,347.376449530863
0,0,0,0,90.7216186966914,0,0,0,0,0,0,82.4756938751058,0,0,0,0,0,0,0,0,0,0,0,0,205.09013266389,0,0,200.878319874537,153.609372090384,145.74089716123,161.694997919804,0,0,146.770754374523,329.719143597451,193.777661225572,263.534399241887,0,92.5207898118833,181.316358113209,0
0,0,0,160.537522273714,0,74.5815074003433,0,0,0,70.4221432298295,338.131802716296,138.425725342224,0,0,0,0,113.059176128709,0,259.055025639447,163.945208919892,231.050882209,0,0,0,0,0,0,223.705816669619,0,0,0,206.472608421747,0,217.157696745803,0,0,0,151.01089327964,196.04190773555,146.465927798921,99.3508940827211
0,0,131.969743415579,0,241.682021696872,0,0,0,0,0,250.461724766314,0,0,97.3232815600345,194.442125915551,0,0,0,0,0,0,0,211.840482897052,89.1590885155172,0,80.8080171296381,0,92.5568465385234,0,0,0,0,0,0,151.695570509541,0,139.93285932648,0,0,0,0
0,84.3635741045246,0,0,98.2230592632363,0,0,70.4221432298295,0,0,218.045528847001,0,0,0,0,0,0,0,169.742003380707,0,222.053792850439,0,0,78.8552325762656,0,62.311273509377,0,146.99041817625,303.527509149359,0,161.325017232684,0,0,133.218162784108,168.241326865882,247.66948903751,115.194491798135,141.204637091722,0,96.7845769653343,122.106946855269
0,0,0,224.523755099568,320.356811100276,0,0,338.131802716296,250.461724766314,218.045528847001,0,0,0,345.797434674459,0,119.728129215699,0,0,0,0,0,103.519938150021,0,146.814226519809,0,0,0,154.070293657878,0,0,0,81.2827395071039,0,128.405764333981,97.5855511246009,0,208.005106191961,153.876396855887,0,0,227.504408813069
0,0,262.382215657622,161.74915061469,195.822649557859,0,82.4756938751058,138.425725342224,0,0,0,0,0,0,0,186.973586461633,219.430938885781,224.551207449728,0,85.6072705949986,0,0,309.997227542691,0,0,158.955087279859,120.912756812582,172.892533368851,177.763106506206,0,0,0,0,255.441154257905,213.67670887414,180.543851962045,111.435629183184,136.685314494491,0,92.3502314520023,155.24952173131
0,0,0,0,0,0,0,0,0,0,0,0,0,0,0,0,0,0,0,0,0,0,0,0,0,0,0,0,186.348837226466,0,0,101.605593487621,0,0,161.302948562323,0,0,178.748963182352,0,241.635434294794,321.864157986053
0,0,0,0,0,173.001559092555,0,0,97.3232815600345,0,345.797434674459,0,0,0,0,0,0,0,0,231.715271819474,0,0,0,74.7304794244225,0,0,62.859596780235,118.522099274347,0,0,0,238.934743274142,0,0,94.126460729827,139.792601838991,148.808626413748,228.075434767255,191.519780382943,73.4795582048751,0
0,0,0,201.44584889478,0,0,0,0,194.442125915551,0,0,0,0,0,0,0,165.597665022977,0,0,159.183173818572,0,0,195.314816908693,0,98.6790043377568,0,0,163.059043292369,0,0,101.895308036513,0,0,154.142998692322,0,0,323.781250289068,179.718364159796,0,94.7529894315991,0
0,0,0,220.901129804706,164.032723165762,0,0,0,0,0,119.728129215699,186.973586461633,0,0,0,0,0,0,0,0,0,0,124.853650664477,0,0,0,137.177378802006,0,280.376028997576,193.055010680236,0,0,0,0,0,206.912707094411,0,0,0,115.868441404982,101.85207633558
0,0,0,0,0,0,0,113.059176128709,0,0,0,219.430938885781,0,0,165.597665022977,0,0,0,0,0,116.054372245433,0,0,0,0,87.8456058929559,0,0,0,0,0,0,0,214.116367924649,165.893015276821,85.7623170715703,226.825099357786,0,0,0,125.81518738273
0,0,0,0,0,0,0,0,0,0,0,224.551207449728,0,0,0,0,0,0,205.839960264176,0,0,0,0,0,0,0,193.63278243493,0,135.667029391615,0,0,0,0,209.996727521564,143.005810983322,0,151.075371308616,0,0,173.201474590904,71.5579325720569
0,0,0,0,0,0,0,259.055025639447,0,169.742003380707,0,0,0,0,0,0,0,205.839960264176,0,0,109.093416850988,0,82.1742780037132,74.4197823064597,0,0,78.9559315574845,154.065933476765,0,0,0,0,0,0,0,0,158.567996645797,72.2278283150671,215.611029055736,0,101.350815329073
0,0,0,67.8267069095267,97.3506957544063,0,0,163.945208919892,0,0,0,85.6072705949986,0,231.715271819474,159.183173818572,0,0,0,0,0,0,202.712457066107,0,249.798812580765,0,241.57250333243,112.793316814908,108.381749703452,300.031143529538,221.805809452716,0,0,0,80.4367166559625,0,0,228.792310020318,201.100640800745,0,151.036729364761,0
0,0,0,0,0,104.369974912428,0,231.050882209,0,222.053792850439,0,0,0,0,0,0,116.054372245433,0,109.093416850988,0,0,0,0,284.529238481835,0,0,0,98.417953423071,195.378266313867,0,0,0,0,173.538155409849,261.440278806413,197.486504603685,0,0,0,306.640284138334,134.566479261133
0,0,0,0,0,0,0,0,0,0,103.519938150021,0,0,0,0,0,0,0,0,202.712457066107,0,0,0,0,0,0,117.208001126138,99.2646516363145,269.936825670274,0,0,0,0,0,90.1317194604647,0,219.078548227669,0,161.275817184598,0,0
0,0,0,0,0,73.1029054543569,0,0,211.840482897052,0,0,309.997227542691,0,0,195.314816908693,124.853650664477,0,0,82.1742780037132,0,0,0,0,0,190.185165668632,236.681907140956,115.114253591495,0,0,0,0,0,0,75.4497121078207,353.822894641502,151.806152521152,106.33736463831,0,205.183249704085,0,89.3673883748406
0,0,306.344527664232,0,0,94.8881692391942,0,0,89.1590885155172,78.8552325762656,146.814226519809,0,0,74.7304794244225,0,0,0,0,74.4197823064597,249.798812580765,284.529238481835,0,0,0,0,196.032358954952,325.937289045041,128.846764897717,198.964527389285,0,249.905610015455,240.185081663983,0,0,104.915316975638,142.054529471577,0,188.851177466023,0,157.852515740516,0
0,0,0,348.674510760064,0,289.631679007608,205.09013266389,0,0,0,0,0,0,0,98.6790043377568,0,0,0,0,0,0,0,190.185165668632,0,0,0,94.7280504127031,183.786860782462,0,0,0,0,0,82.6426202489162,0,0,252.487290983309,0,0,137.239127032733,0
115.871357769661,180.90030328818,0,0,94.9380989123498,198.528111506785,0,0,80.8080171296381,62.311273509377,0,158.955087279859,0,0,0,0,87.8456058929559,0,0,241.57250333243,0,0,236.681907140956,196.032358954952,0,0,188.936291522747,106.128596538706,0,0,106.533627130087,197.893790332676,0,120.567029282014,108.136066660554,0,61.0664810463559,0,93.5029580098427,100.812745974529,0
0,220.963068032256,0,192.135034768848,89.9429017381717,94.027247878695,0,0,0,0,0,120.912756812582,0,62.859596780235,0,137.177378802006,0,193.63278243493,78.9559315574845,112.793316814908,0,117.208001126138,115.114253591495,325.937289045041,94.7280504127031,188.936291522747,0,0,128.530575464043,0,0,193.659409924573,0,0,0,0,225.013371621378,171.230058197369,142.385058730083,0,0
0,58.3493451392805,0,261.605527103798,0,0,200.878319874537,223.705816669619,92.5568465385234,146.99041817625,154.070293657878,172.892533368851,0,118.522099274347,163.059043292369,0,0,0,154.065933476765,108.381749703452,98.417953423071,99.2646516363145,0,128.846764897717,183.786860782462,106.128596538706,0,0,81.9664354533492,0,0,0,184.249961885477,71.4788760670054,160.530221557972,175.196329314064,101.5853655613,115.332064605654,136.792307586862,114.511014214502,124.698445421759
0,0,0,0,212.592150359921,0,153.609372090384,0,0,303.527509149359,0,177.763106506206,186.348837226466,0,0,280.376028997576,0,135.667029391615,0,300.031143529538,195.378266313867,269.936825670274,0,198.964527389285,0,0,128.530575464043,81.9664354533492,0,204.084074037941,106.926813611922,0,155.901486485736,116.176698124939,172.608400267715,173.059382066957,192.601533877686,0,0,114.649126378906,0
232.945974238958,253.401634605989,0,0,0,0,145.74089716123,0,0,0,0,0,0,0,0,193.055010680236,0,0,0,221.805809452716,0,0,0,0,0,0,0,0,204.084074037941,0,0,119.345624434514,0,0,0,0,0,321.124897279917,125.416941482916,162.833808134102,178.224497384947
0,0,0,0,0,0,161.694997919804,0,0,161.325017232684,0,0,0,0,101.895308036513,0,0,0,0,0,0,0,0,249.905610015455,0,106.533627130087,0,0,106.926813611922,0,0,0,0,0,0,0,0,0,0,0,0
0,0,0,0,0,0,0,206.472608421747,0,0,81.2827395071039,0,101.605593487621,238.934743274142,0,0,0,0,0,0,0,0,0,240.185081663983,0,197.893790332676,193.659409924573,0,0,119.345624434514,0,0,0,259.442917595754,0,101.443495235174,0,219.040656038919,0,0,0
0,0,0,0,110.384905066973,0,0,0,0,0,0,0,0,0,0,0,0,0,0,0,0,0,0,0,0,0,0,184.249961885477,155.901486485736,0,0,0,0,0,0,0,125.994729980093,0,0,113.144980278377,0
171.906398392157,111.226326353722,0,150.161410108805,0,153.453047983244,146.770754374523,217.157696745803,0,133.218162784108,128.405764333981,255.441154257905,0,0,154.142998692322,0,214.116367924649,209.996727521564,0,80.4367166559625,173.538155409849,0,75.4497121078207,0,82.6426202489162,120.567029282014,0,71.4788760670054,116.176698124939,0,0,259.442917595754,0,0,283.88658203332,174.013630695256,138.33942793804,251.098274723989,187.77054666536,0,153.672550905948
0,0,89.707245288964,178.683678585178,0,112.823430872325,329.719143597451,0,151.695570509541,168.241326865882,97.5855511246009,213.67670887414,161.302948562323,94.126460729827,0,0,165.893015276821,143.005810983322,0,0,261.440278806413,90.1317194604647,353.822894641502,104.915316975638,0,108.136066660554,0,160.530221557972,172.608400267715,0,0,0,0,283.88658203332,0,82.6299537488922,192.693757128262,283.248188884028,0,180.355266595273,66.5008477853491
0,0,0,93.4234866874731,0,0,193.777661225572,0,0,247.66948903751,0,180.543851962045,0,139.792601838991,0,206.912707094411,85.7623170715703,0,0,0,197.486504603685,0,151.806152521152,142.054529471577,0,0,0,175.196329314064,173.059382066957,0,0,101.443495235174,0,174.013630695256,82.6299537488922,0,357.423078228283,0,154.784755881607,204.481117647118,76.5072790361762
115.541295036174,0,133.984214699576,0,112.349934713559,167.066576495979,263.534399241887,0,139.93285932648,115.194491798135,208.005106191961,111.435629183184,0,148.808626413748,323.781250289068,0,226.825099357786,151.075371308616,158.567996645797,228.792310020318,0,219.078548227669,106.33736463831,0,252.487290983309,61.0664810463559,225.013371621378,101.5853655613,192.601533877686,0,0,0,125.994729980093,138.33942793804,192.693757128262,357.423078228283,0,95.7590805983148,314.611698427915,199.492852797962,96.5937438588657
140.574866691684,0,0,0,0,0,0,151.01089327964,0,141.204637091722,153.876396855887,136.685314494491,178.748963182352,228.075434767255,179.718364159796,0,0,0,72.2278283150671,201.100640800745,0,0,0,188.851177466023,0,0,171.230058197369,115.332064605654,0,321.124897279917,0,219.040656038919,0,251.098274723989,283.248188884028,0,95.7590805983148,0,139.654362654449,0,137.189596148386
0,0,0,335.371040201042,0,0,92.5207898118833,196.04190773555,0,0,0,0,0,191.519780382943,0,0,0,0,215.611029055736,0,0,161.275817184598,205.183249704085,0,0,93.5029580098427,142.385058730083,136.792307586862,0,125.416941482916,0,0,0,187.77054666536,0,154.784755881607,314.611698427915,139.654362654449,0,0,0
242.790381480436,0,0,0,134.960780198024,135.294330067913,181.316358113209,146.465927798921,0,96.7845769653343,0,92.3502314520023,241.635434294794,73.4795582048751,94.7529894315991,115.868441404982,0,173.201474590904,0,151.036729364761,306.640284138334,0,0,157.852515740516,137.239127032733,100.812745974529,0,114.511014214502,114.649126378906,162.833808134102,0,0,113.144980278377,0,180.355266595273,204.481117647118,199.492852797962,0,0,0,169.453147353278
0,0,0,0,333.645516435298,347.376449530863,0,99.3508940827211,0,122.106946855269,227.504408813069,155.24952173131,321.864157986053,0,0,101.85207633558,125.81518738273,71.5579325720569,101.350815329073,0,134.566479261133,0,89.3673883748406,0,0,0,0,124.698445421759,0,178.224497384947,0,0,0,153.672550905948,66.5008477853491,76.5072790361762,96.5937438588657,137.189596148386,0,169.453147353278,0
