0,0,0,0,137.177378802006,0,0,0,0,0,98.2230592632363,196.032358954952,0,0,0,93.5029580098427,0,0,0,0,0,0,0,0,0,0,0,241.682021696872,0,0,0,0,0,0,0,154.784755881607,0,0,0,0,0
0,0,0,171.230058197369,0,0,192.601533877686,0,0,0,0,0,0,0,0,0,0,0,0,0,0,0,217.157696745803,0,0,0,220.963068032256,225.013371621378,180.355266595273,0,0,142.054529471577,0,0,0,0,0,0,0,0,0
0,0,0,0,0,0,0,163.059043292369,0,0,0,0,0,0,0,0,0,0,0,0,0,0,0,119.345624434514,0,0,0,0,0,0,0,0,0,74.4197823064597,0,0,0,0,0,119.728129215699,241.57250333243
0,171.230058197369,0,0,0,0,0,0,0,0,0,232.945974238958,0,0,205.839960264176,0,0,0,0,320.356811100276,97.3506957544063,0,0,0,231.050882209,186.348837226466,0,228.075434767255,0,0,0,191.519780382943,0,143.005810983322,89.9429017381717,0,0,62.311273509377,0,0,85.6072705949986
137.177378802006,0,0,0,0,0,0,0,280.376028997576,115.194491798135,0,0,0,0,0,0,0,0,0,80.8080171296381,0,0,134.566479261133,97.5855511246009,0,0,0,0,0,262.382215657622,71.4788760670054,0,0,104.369974912428,323.781250289068,0,226.825099357786,101.605593487621,0,199.492852797962,321.864157986053
0,0,0,0,0,0,0,0,0,137.189596148386,0,113.144980278377,0,0,101.443495235174,0,0,81.9664354533492,0,0,0,161.275817184598,116.054372245433,252.487290983309,0,158.955087279859,0,160.537522273714,259.442917595754,0,0,0,0,0,0,0,205.183249704085,73.1029054543569,0,118.522099274347,338.131802716296
0,192.601533877686,0,0,0,0,0,0,0,206.472608421747,0,0,0,0,0,0,0,108.381749703452,161.302948562323,101.350815329073,73.4795582048751,139.792601838991,0,0,0,0,201.100640800745,0,124.698445421759,0,0,269.936825670274,0,0,89.3673883748406,0,0,0,117.208001126138,131.969743415579,0
0,0,163.059043292369,0,0,0,0,0,0,0,0,241.635434294794,0,112.823430872325,99.2646516363145,0,0,0,194.442125915551,0,0,0,92.5568465385234,115.114253591495,0,114.649126378906,139.654362654449,0,76.5072790361762,0,0,0,0,94.8881692391942,181.316358113209,190.185165668632,193.63278243493,0,94.126460729827,0,67.8267069095267
0,0,0,0,280.376028997576,0,0,0,0,0,0,0,0,0,0,0,0,242.790381480436,0,0,0,0,115.871357769661,178.224497384947,106.533627130087,133.984214699576,0,155.901486485736,0,0,0,198.528111506785,0,0,219.040656038919,188.851177466023,0,0,0,212.592150359921,0
0,0,0,0,115.194491798135,137.189596148386,206.472608421747,0,0,0,0,184.249961885477,128.846764897717,0,0,173.001559092555,0,0,177.763106506206,223.705816669619,0,0,151.695570509541,153.453047983244,0,0,0,125.994729980093,347.376449530863,0,0,0,224.551207449728,84.3635741045246,0,197.486504603685,253.401634605989,115.332064605654,0,0,348.674510760064
98.2230592632363,0,0,0,0,0,0,0,0,0,0,173.538155409849,0,196.04190773555,0,0,0,0,109.093416850988,0,195.822649557859,187.77054666536,0,0,0,153.672550905948,0,116.176698124939,165.893015276821,0,0,0,0,201.44584889478,96.5937438588657,205.09013266389,329.719143597451,0,70.4221432298295,215.611029055736,136.685314494491
196.032358954952,0,0,232.945974238958,0,113.144980278377,0,241.635434294794,0,184.249961885477,173.538155409849,0,0,0,0,261.605527103798,0,0,306.640284138334,204.084074037941,178.748963182352,0,153.876396855887,0,106.926813611922,178.683678585178,0,78.9559315574845,214.116367924649,0,0,0,0,98.417953423071,193.055010680236,0,138.33942793804,146.99041817625,0,135.667029391615,81.2827395071039
0,0,0,0,0,0,0,0,0,128.846764897717,0,0,0,0,0,0,0,0,0,0,0,0,345.797434674459,142.385058730083,0,0,0,145.74089716123,0,0,0,335.371040201042,0,0,0,0,110.384905066973,0,0,0,0
0,0,0,0,0,0,0,112.823430872325,0,0,196.04190773555,0,0,0,161.325017232684,0,247.66948903751,0,0,0,0,0,94.027247878695,0,0,0,115.541295036174,93.4234866874731,219.078548227669,261.440278806413,0,148.808626413748,333.645516435298,71.5579325720569,0,0,0,0,240.185081663983,193.659409924573,0
0,0,0,205.839960264176,0,101.443495235174,0,99.2646516363145,0,0,0,0,0,161.325017232684,0,0,103.519938150021,0,0,0,0,0,0,0,0,114.511014214502,0,133.218162784108,0,0,0,0,0,198.964527389285,0,0,82.1742780037132,0,314.611698427915,183.786860782462,357.423078228283
93.5029580098427,0,0,0,0,0,0,0,0,173.001559092555,0,261.605527103798,0,0,0,0,0,0,0,0,0,0,101.5853655613,0,0,0,0,168.241326865882,154.065933476765,0,0,113.059176128709,0,0,0,89.707245288964,100.812745974529,220.901129804706,0,167.066576495979,0
0,0,0,0,0,0,0,0,0,0,0,0,0,247.66948903751,103.519938150021,0,0,0,61.0664810463559,192.693757128262,0,0,0,0,0,0,66.5008477853491,0,179.718364159796,0,0,0,0,94.9380989123498,120.912756812582,155.24952173131,151.806152521152,0,0,0,0
0,0,0,0,0,81.9664354533492,108.381749703452,0,242.790381480436,0,0,0,0,0,0,0,0,0,0,90.1317194604647,0,0,0,175.196329314064,0,0,200.878319874537,0,0,154.142998692322,0,0,0,0,228.792310020318,0,96.7845769653343,0,0,0,0
0,0,0,0,0,0,161.302948562323,194.442125915551,0,177.763106506206,109.093416850988,306.640284138334,0,0,0,0,61.0664810463559,0,0,0,0,0,0,128.405764333981,0,0,193.777661225572,0,0,0,0,0,0,141.204637091722,202.712457066107,0,0,163.945208919892,0,159.183173818572,0
0,0,0,320.356811100276,80.8080171296381,0,101.350815329073,0,0,223.705816669619,0,204.084074037941,0,0,0,0,192.693757128262,90.1317194604647,0,0,0,0,0,0,0,128.530575464043,75.4497121078207,289.631679007608,0,0,0,0,0,250.461724766314,195.378266313867,153.609372090384,125.416941482916,255.441154257905,213.67670887414,125.81518738273,0
0,0,0,97.3506957544063,0,0,73.4795582048751,0,0,0,195.822649557859,178.748963182352,0,0,0,0,0,0,0,0,0,0,0,0,0,219.430938885781,249.905610015455,115.868441404982,0,0,58.3493451392805,0,0,92.3502314520023,0,0,195.314816908693,74.5815074003433,0,94.7529894315991,180.543851962045
0,0,0,0,0,161.275817184598,139.792601838991,0,0,0,187.77054666536,0,0,0,0,0,0,0,0,0,0,0,0,0,0,161.694997919804,146.770754374523,0,0,0,0,0,0,0,0,154.070293657878,211.840482897052,85.7623170715703,0,0,0
0,217.157696745803,0,0,134.566479261133,116.054372245433,0,92.5568465385234,115.871357769661,151.695570509541,0,153.876396855887,345.797434674459,94.027247878695,0,101.5853655613,0,0,0,0,0,0,0,0,169.742003380707,0,0,259.055025639447,0,99.3508940827211,0,0,0,0,120.567029282014,0,146.814226519809,0,0,0,0
0,0,119.345624434514,0,97.5855511246009,252.487290983309,0,115.114253591495,178.224497384947,153.453047983244,0,0,142.385058730083,0,0,0,0,175.196329314064,128.405764333981,0,0,0,0,0,0,72.2278283150671,0,283.88658203332,151.036729364761,0,0,0,0,78.8552325762656,236.681907140956,139.93285932648,62.859596780235,0,222.053792850439,249.798812580765,136.792307586862
0,0,0,231.050882209,0,0,0,0,106.533627130087,0,0,106.926813611922,0,0,0,0,0,0,0,0,0,0,169.742003380707,0,0,0,0,224.523755099568,172.608400267715,0,0,0,0,173.201474590904,0,140.574866691684,137.239127032733,0,111.435629183184,0,0
0,0,0,186.348837226466,0,158.955087279859,0,114.649126378906,133.984214699576,0,153.672550905948,178.683678585178,0,0,114.511014214502,0,0,0,0,128.530575464043,219.430938885781,161.694997919804,0,72.2278283150671,0,0,276.620869034647,146.465927798921,0,0,151.01089327964,0,0,0,157.852515740516,186.973586461633,309.997227542691,192.135034768848,0,173.059382066957,174.013630695256
0,220.963068032256,0,0,0,0,201.100640800745,139.654362654449,0,0,0,0,0,115.541295036174,0,0,66.5008477853491,200.878319874537,193.777661225572,75.4497121078207,249.905610015455,146.770754374523,0,0,0,276.620869034647,0,204.481117647118,325.937289045041,0,82.6426202489162,101.895308036513,0,218.045528847001,0,0,231.715271819474,353.822894641502,101.85207633558,0,206.912707094411
241.682021696872,225.013371621378,0,228.075434767255,0,160.537522273714,0,0,155.901486485736,125.994729980093,116.176698124939,78.9559315574845,145.74089716123,93.4234866874731,133.218162784108,168.241326865882,0,0,0,289.631679007608,115.868441404982,0,259.055025639447,283.88658203332,224.523755099568,146.465927798921,204.481117647118,0,0,162.833808134102,0,0,0,92.5207898118833,306.344527664232,74.7304794244225,90.7216186966914,87.8456058929559,169.453147353278,108.136066660554,0
0,180.355266595273,0,0,0,259.442917595754,124.698445421759,76.5072790361762,0,347.376449530863,165.893015276821,214.116367924649,0,219.078548227669,0,154.065933476765,179.718364159796,0,0,0,0,0,0,151.036729364761,172.608400267715,0,325.937289045041,0,0,104.915316975638,0,98.6790043377568,0,80.4367166559625,95.7590805983148,0,150.161410108805,303.527509149359,0,300.031143529538,112.793316814908
0,0,0,0,262.382215657622,0,0,0,0,0,0,0,0,261.440278806413,0,0,0,154.142998692322,0,0,0,0,99.3508940827211,0,0,0,0,162.833808134102,104.915316975638,0,0,0,0,221.805809452716,94.7280504127031,111.226326353722,180.90030328818,0,0,197.893790332676,0
0,0,0,0,71.4788760670054,0,0,0,0,0,0,0,0,0,0,0,0,0,0,0,58.3493451392805,0,0,0,0,151.01089327964,82.6426202489162,0,0,0,0,112.349934713559,0,0,158.567996645797,0,0,0,0,0,0
0,142.054529471577,0,191.519780382943,0,0,269.936825670274,0,198.528111506785,0,0,0,335.371040201042,148.808626413748,0,113.059176128709,0,0,0,0,0,0,0,0,0,0,101.895308036513,0,98.6790043377568,0,112.349934713559,0,0,0,0,0,151.075371308616,0,0,0,0
0,0,0,0,0,0,0,0,0,224.551207449728,0,0,0,333.645516435298,0,0,0,0,0,0,0,0,0,0,0,0,0,0,0,0,0,0,0,0,263.534399241887,97.3232815600345,0,0,0,0,172.892533368851
0,0,74.4197823064597,143.005810983322,104.369974912428,0,0,94.8881692391942,0,84.3635741045246,201.44584889478,98.417953423071,0,71.5579325720569,198.964527389285,0,94.9380989123498,0,141.204637091722,250.461724766314,92.3502314520023,0,0,78.8552325762656,173.201474590904,0,218.045528847001,92.5207898118833,80.4367166559625,221.805809452716,0,0,0,0,165.597665022977,208.005106191961,209.996727521564,171.906398392157,124.853650664477,106.33736463831,251.098274723989
0,0,0,89.9429017381717,323.781250289068,0,89.3673883748406,181.316358113209,219.040656038919,0,96.5937438588657,193.055010680236,0,0,0,0,120.912756812582,228.792310020318,202.712457066107,195.378266313867,0,0,120.567029282014,236.681907140956,0,157.852515740516,0,306.344527664232,95.7590805983148,94.7280504127031,158.567996645797,0,263.534399241887,165.597665022977,0,0,138.425725342224,321.124897279917,284.529238481835,106.128596538706,82.4756938751058
154.784755881607,0,0,0,0,0,0,190.185165668632,188.851177466023,197.486504603685,205.09013266389,0,0,0,0,89.707245288964,155.24952173131,0,0,153.609372090384,0,154.070293657878,0,139.93285932648,140.574866691684,186.973586461633,0,74.7304794244225,0,111.226326353722,0,0,97.3232815600345,208.005106191961,0,0,164.032723165762,160.530221557972,0,188.936291522747,0
0,0,0,0,226.825099357786,205.183249704085,0,193.63278243493,0,253.401634605989,329.719143597451,138.33942793804,110.384905066973,0,82.1742780037132,100.812745974529,151.806152521152,96.7845769653343,0,125.416941482916,195.314816908693,211.840482897052,146.814226519809,62.859596780235,137.239127032733,309.997227542691,231.715271819474,90.7216186966914,150.161410108805,180.90030328818,0,151.075371308616,0,209.996727521564,138.425725342224,164.032723165762,0,135.294330067913,134.960780198024,122.106946855269,238.934743274142
0,0,0,62.311273509377,101.605593487621,73.1029054543569,0,0,0,115.332064605654,0,146.99041817625,0,0,0,220.901129804706,0,0,163.945208919892,255.441154257905,74.5815074003433,85.7623170715703,0,0,0,192.135034768848,353.822894641502,87.8456058929559,303.527509149359,0,0,0,0,171.906398392157,321.124897279917,160.530221557972,135.294330067913,0,0,89.1590885155172,82.6299537488922
0,0,0,0,0,0,117.208001126138,94.126460729827,0,0,70.4221432298295,0,0,240.185081663983,314.611698427915,0,0,0,0,213.67670887414,0,0,0,222.053792850439,111.435629183184,0,101.85207633558,169.453147353278,0,0,0,0,0,124.853650664477,284.529238481835,0,134.960780198024,0,0,161.74915061469,227.504408813069
0,0,119.728129215699,0,199.492852797962,118.522099274347,131.969743415579,0,212.592150359921,0,215.611029055736,135.667029391615,0,193.659409924573,183.786860782462,167.066576495979,0,0,159.183173818572,125.81518738273,94.7529894315991,0,0,249.798812580765,0,173.059382066957,0,108.136066660554,300.031143529538,197.893790332676,0,0,0,106.33736463831,106.128596538706,188.936291522747,122.106946855269,89.1590885155172,161.74915061469,0,283.248188884028
0,0,241.57250333243,85.6072705949986,321.864157986053,338.131802716296,0,67.8267069095267,0,348.674510760064,136.685314494491,81.2827395071039,0,0,357.423078228283,0,0,0,0,0,180.543851962045,0,0,136.792307586862,0,174.013630695256,206.912707094411,0,112.793316814908,0,0,0,172.892533368851,251.098274723989,82.4756938751058,0,238.934743274142,82.6299537488922,227.504408813069,283.248188884028,0
