0,0,0,0,197.486504603685,0,0,0,0,0,0,0,0,0,0,0,0,0,0,160.530221557972,0,0,0,222.053792850439,0,0,0,0,280.376028997576,0,0,0,0,0,0,0,87.8456058929559,0,0,0,120.912756812582
0,0,0,0,0,106.128596538706,0,0,164.032723165762,0,0,0,0,0,61.0664810463559,0,0,0,173.059382066957,0,0,0,0,0,0,0,0,0,0,0,0,0,0,101.605593487621,0,0,169.453147353278,0,0,321.864157986053,0
0,0,0,0,0,0,0,0,0,0,0,300.031143529538,0,0,0,0,0,0,0,0,0,0,0,0,0,0,177.763106506206,0,133.984214699576,0,0,0,0,73.1029054543569,0,0,0,0,0,108.136066660554,0
0,0,0,0,0,0,0,125.416941482916,0,0,0,0,0,0,0,0,0,0,0,0,252.487290983309,0,329.719143597451,0,124.698445421759,0,0,154.065933476765,0,195.314816908693,0,231.050882209,0,116.054372245433,183.786860782462,142.054529471577,92.5568465385234,0,0,314.611698427915,101.350815329073
197.486504603685,0,0,0,0,0,159.183173818572,73.4795582048751,259.055025639447,0,0,283.248188884028,0,193.63278243493,0,0,0,0,0,0,92.5207898118833,224.523755099568,0,0,0,113.144980278377,0,0,0,0,0,0,0,78.9559315574845,261.605527103798,309.997227542691,0,0,0,106.33736463831,89.3673883748406
0,106.128596538706,0,0,0,0,0,0,104.915316975638,0,0,0,228.792310020318,112.793316814908,0,0,0,0,0,209.996727521564,0,0,173.201474590904,0,0,94.027247878695,0,133.218162784108,249.905610015455,0,0,0,0,99.2646516363145,62.311273509377,161.302948562323,157.852515740516,0,0,119.345624434514,0
0,0,0,0,159.183173818572,0,0,196.032358954952,0,0,0,0,74.5815074003433,0,236.681907140956,0,0,0,0,93.4234866874731,0,0,138.33942793804,0,0,0,0,0,104.369974912428,325.937289045041,0,0,0,197.893790332676,165.893015276821,0,171.230058197369,178.748963182352,0,0,214.116367924649
0,0,0,125.416941482916,73.4795582048751,0,196.032358954952,0,0,0,0,67.8267069095267,0,220.901129804706,0,0,0,241.635434294794,153.876396855887,184.249961885477,0,0,0,0,140.574866691684,120.567029282014,76.5072790361762,0,241.682021696872,100.812745974529,0,0,0,0,0,145.74089716123,333.645516435298,232.945974238958,0,0,0
0,164.032723165762,0,0,259.055025639447,104.915316975638,0,0,0,97.3506957544063,0,0,0,0,0,0,0,0,0,0,0,0,0,0,0,353.822894641502,0,0,186.348837226466,0,94.9380989123498,173.001559092555,0,0,283.88658203332,0,0,0,139.93285932648,153.672550905948,0
0,0,0,0,0,0,0,0,97.3506957544063,0,306.344527664232,109.093416850988,0,0,0,0,111.226326353722,211.840482897052,155.901486485736,131.969743415579,115.194491798135,0,0,158.955087279859,0,134.960780198024,0,115.541295036174,71.4788760670054,0,0,0,0,160.537522273714,82.6299537488922,0,114.649126378906,162.833808134102,0,255.441154257905,217.157696745803
0,0,0,0,0,0,0,0,0,306.344527664232,0,284.529238481835,82.1742780037132,0,0,0,0,193.055010680236,0,142.385058730083,0,0,205.09013266389,192.693757128262,153.609372090384,161.694997919804,85.7623170715703,143.005810983322,0,321.124897279917,0,161.275817184598,0,0,0,0,208.005106191961,112.823430872325,0,190.185165668632,0
0,0,300.031143529538,0,283.248188884028,0,0,67.8267069095267,0,109.093416850988,284.529238481835,0,0,94.126460729827,0,66.5008477853491,114.511014214502,0,124.853650664477,0,0,0,0,261.440278806413,0,103.519938150021,0,218.045528847001,215.611029055736,0,163.945208919892,0,115.868441404982,115.871357769661,0,289.631679007608,98.2230592632363,146.770754374523,90.7216186966914,263.534399241887,0
0,0,0,0,0,228.792310020318,74.5815074003433,0,0,0,82.1742780037132,0,0,0,0,151.806152521152,0,0,0,0,0,0,0,223.705816669619,0,0,0,0,98.6790043377568,0,0,0,0,0,0,0,0,0,0,0,0
0,0,0,0,193.63278243493,112.793316814908,0,220.901129804706,0,0,0,94.126460729827,0,0,192.135034768848,0,0,0,0,0,188.936291522747,0,0,0,0,180.543851962045,141.204637091722,221.805809452716,0,94.7280504127031,0,0,0,219.078548227669,0,0,357.423078228283,98.417953423071,0,136.792307586862,0
0,61.0664810463559,0,0,0,0,236.681907140956,0,0,0,0,0,0,192.135034768848,0,70.4221432298295,0,0,0,151.01089327964,0,0,0,0,0,0,0,112.349934713559,0,0,0,81.2827395071039,0,119.728129215699,205.183249704085,0,165.597665022977,0,0,139.654362654449,195.378266313867
0,0,0,0,0,0,0,0,0,0,0,66.5008477853491,151.806152521152,0,70.4221432298295,0,0,0,0,0,137.239127032733,0,96.7845769653343,0,0,0,0,174.013630695256,0,0,0,101.895308036513,0,0,0,348.674510760064,0,0,201.44584889478,178.224497384947,151.036729364761
0,0,0,0,0,0,0,0,0,111.226326353722,0,114.511014214502,0,0,0,0,0,95.7590805983148,0,242.790381480436,0,0,179.718364159796,0,0,0,0,0,0,0,0,0,0,139.792601838991,0,106.533627130087,58.3493451392805,71.5579325720569,0,323.781250289068,0
0,0,0,0,0,0,0,241.635434294794,0,211.840482897052,193.055010680236,0,0,0,0,0,95.7590805983148,0,0,0,0,0,82.4756938751058,0,0,153.453047983244,0,0,0,0,0,0,0,0,161.325017232684,0,238.934743274142,228.075434767255,0,0,0
0,173.059382066957,0,0,0,0,0,153.876396855887,0,155.901486485736,0,124.853650664477,0,0,0,0,0,0,0,0,0,0,206.472608421747,335.371040201042,150.161410108805,85.6072705949986,96.5937438588657,137.177378802006,0,0,0,0,0,0,345.797434674459,0,151.075371308616,0,0,0,0
160.530221557972,0,0,0,0,209.996727521564,93.4234866874731,184.249961885477,0,131.969743415579,142.385058730083,0,0,0,151.01089327964,0,242.790381480436,0,0,0,0,128.530575464043,212.592150359921,0,0,0,125.994729980093,276.620869034647,0,225.013371621378,0,0,0,0,148.808626413748,0,106.926813611922,136.685314494491,0,0,198.964527389285
0,0,0,252.487290983309,92.5207898118833,0,0,0,0,115.194491798135,0,0,0,188.936291522747,0,137.239127032733,0,0,0,0,0,0,0,191.519780382943,0,0,108.381749703452,146.99041817625,82.6426202489162,0,0,0,0,259.442917595754,154.070293657878,0,0,0,80.4367166559625,0,110.384905066973
0,0,0,0,224.523755099568,0,0,0,0,0,0,0,0,0,0,0,0,0,0,128.530575464043,0,0,0,338.131802716296,0,154.142998692322,0,199.492852797962,219.040656038919,0,0,0,0,186.973586461633,204.481117647118,0,0,0,0,0,0
0,0,0,329.719143597451,0,173.201474590904,138.33942793804,0,0,0,205.09013266389,0,0,0,0,96.7845769653343,179.718364159796,82.4756938751058,206.472608421747,212.592150359921,0,0,0,0,0,0,0,74.7304794244225,0,137.189596148386,0,0,0,0,0,135.667029391615,128.405764333981,0,169.742003380707,0,72.2278283150671
222.053792850439,0,0,0,0,0,0,0,0,158.955087279859,192.693757128262,261.440278806413,223.705816669619,0,0,0,0,0,335.371040201042,0,191.519780382943,338.131802716296,0,0,138.425725342224,146.814226519809,97.5855511246009,146.465927798921,173.538155409849,0,0,0,0,195.822649557859,187.77054666536,213.67670887414,154.784755881607,178.683678585178,0,192.601533877686,0
0,0,0,124.698445421759,0,0,0,140.574866691684,0,0,153.609372090384,0,0,0,0,0,0,0,150.161410108805,0,0,0,0,138.425725342224,0,0,0,89.1590885155172,0,202.712457066107,0,0,0,206.912707094411,224.551207449728,0,101.5853655613,0,0,0,0
0,0,0,0,113.144980278377,94.027247878695,0,120.567029282014,353.822894641502,134.960780198024,161.694997919804,103.519938150021,0,180.543851962045,0,0,0,153.453047983244,85.6072705949986,0,0,154.142998692322,0,146.814226519809,0,0,0,241.57250333243,0,0,0,303.527509149359,347.376449530863,81.9664354533492,128.846764897717,0,135.294330067913,0,0,188.851177466023,269.936825670274
0,0,177.763106506206,0,0,0,0,76.5072790361762,0,0,85.7623170715703,0,0,141.204637091722,0,0,0,0,96.5937438588657,125.994729980093,108.381749703452,0,0,97.5855511246009,0,0,0,262.382215657622,80.8080171296381,90.1317194604647,0,74.4197823064597,0,158.567996645797,93.5029580098427,226.825099357786,118.522099274347,92.3502314520023,251.098274723989,134.566479261133,320.356811100276
0,0,0,154.065933476765,0,133.218162784108,0,0,0,115.541295036174,143.005810983322,218.045528847001,0,221.805809452716,112.349934713559,174.013630695256,0,0,137.177378802006,276.620869034647,146.99041817625,199.492852797962,74.7304794244225,146.465927798921,89.1590885155172,241.57250333243,262.382215657622,0,101.443495235174,204.084074037941,227.504408813069,0,0,97.3232815600345,180.355266595273,62.859596780235,219.430938885781,250.461724766314,247.66948903751,0,200.878319874537
280.376028997576,0,133.984214699576,0,0,249.905610015455,104.369974912428,241.682021696872,186.348837226466,71.4788760670054,0,215.611029055736,98.6790043377568,0,0,0,0,0,0,0,82.6426202489162,219.040656038919,0,173.538155409849,0,0,80.8080171296381,101.443495235174,0,0,0,0,117.208001126138,167.066576495979,0,113.059176128709,220.963068032256,115.332064605654,194.442125915551,94.7529894315991,0
0,0,0,195.314816908693,0,0,325.937289045041,100.812745974529,0,0,321.124897279917,0,0,94.7280504127031,0,0,0,0,0,225.013371621378,0,0,137.189596148386,0,202.712457066107,0,90.1317194604647,204.084074037941,0,0,0,0,0,0,0,0,0,0,0,0,205.839960264176
0,0,0,0,0,0,0,0,94.9380989123498,0,0,163.945208919892,0,0,0,0,0,0,0,0,0,0,0,0,0,0,0,227.504408813069,0,0,0,0,0,0,196.04190773555,0,115.114253591495,171.906398392157,0,0,0
0,0,0,231.050882209,0,0,0,0,173.001559092555,0,161.275817184598,0,0,0,81.2827395071039,101.895308036513,0,0,0,0,0,0,0,0,0,303.527509149359,74.4197823064597,0,0,0,0,0,111.435629183184,0,0,163.059043292369,193.659409924573,0,0,161.74915061469,0
0,0,0,0,0,0,0,0,0,0,0,115.868441404982,0,0,0,0,0,0,0,0,0,0,0,0,0,347.376449530863,0,0,117.208001126138,0,0,111.435629183184,0,0,0,0,0,0,84.3635741045246,0,0
0,101.605593487621,73.1029054543569,116.054372245433,78.9559315574845,99.2646516363145,197.893790332676,0,0,160.537522273714,0,115.871357769661,0,219.078548227669,119.728129215699,0,139.792601838991,0,0,0,259.442917595754,186.973586461633,0,195.822649557859,206.912707094411,81.9664354533492,158.567996645797,97.3232815600345,167.066576495979,0,0,0,0,0,175.196329314064,78.8552325762656,75.4497121078207,99.3508940827211,155.24952173131,89.9429017381717,172.608400267715
0,0,0,183.786860782462,261.605527103798,62.311273509377,165.893015276821,0,283.88658203332,82.6299537488922,0,0,0,0,205.183249704085,0,0,161.325017232684,345.797434674459,148.808626413748,154.070293657878,204.481117647118,0,187.77054666536,224.551207449728,128.846764897717,93.5029580098427,180.355266595273,0,0,196.04190773555,0,0,175.196329314064,0,151.695570509541,240.185081663983,180.90030328818,253.401634605989,125.81518738273,249.798812580765
0,0,0,142.054529471577,309.997227542691,161.302948562323,0,145.74089716123,0,0,0,289.631679007608,0,0,0,348.674510760064,106.533627130087,0,0,0,0,0,135.667029391615,213.67670887414,0,0,226.825099357786,62.859596780235,113.059176128709,0,0,163.059043292369,0,78.8552325762656,151.695570509541,0,89.707245288964,0,168.241326865882,94.8881692391942,193.777661225572
87.8456058929559,169.453147353278,0,92.5568465385234,0,157.852515740516,171.230058197369,333.645516435298,0,114.649126378906,208.005106191961,98.2230592632363,0,357.423078228283,165.597665022977,0,58.3493451392805,238.934743274142,151.075371308616,106.926813611922,0,0,128.405764333981,154.784755881607,101.5853655613,135.294330067913,118.522099274347,219.430938885781,220.963068032256,0,115.114253591495,193.659409924573,0,75.4497121078207,240.185081663983,89.707245288964,0,122.106946855269,0,198.528111506785,181.316358113209
0,0,0,0,0,0,178.748963182352,232.945974238958,0,162.833808134102,112.823430872325,146.770754374523,0,98.417953423071,0,0,71.5579325720569,228.075434767255,0,136.685314494491,0,0,0,178.683678585178,0,0,92.3502314520023,250.461724766314,115.332064605654,0,171.906398392157,0,0,99.3508940827211,180.90030328818,0,122.106946855269,0,306.640284138334,172.892533368851,201.100640800745
0,0,0,0,0,0,0,0,139.93285932648,0,0,90.7216186966914,0,0,0,201.44584889478,0,0,0,0,80.4367166559625,0,169.742003380707,0,0,0,251.098274723989,247.66948903751,194.442125915551,0,0,0,84.3635741045246,155.24952173131,253.401634605989,168.241326865882,0,306.640284138334,0,116.176698124939,231.715271819474
0,321.864157986053,108.136066660554,314.611698427915,106.33736463831,119.345624434514,0,0,153.672550905948,255.441154257905,190.185165668632,263.534399241887,0,136.792307586862,139.654362654449,178.224497384947,323.781250289068,0,0,0,0,0,0,192.601533877686,0,188.851177466023,134.566479261133,0,94.7529894315991,0,0,161.74915061469,0,89.9429017381717,125.81518738273,94.8881692391942,198.528111506785,172.892533368851,116.176698124939,0,101.85207633558
120.912756812582,0,0,101.350815329073,89.3673883748406,0,214.116367924649,0,0,217.157696745803,0,0,0,0,195.378266313867,151.036729364761,0,0,0,198.964527389285,110.384905066973,0,72.2278283150671,0,0,269.936825670274,320.356811100276,200.878319874537,0,205.839960264176,0,0,0,172.608400267715,249.798812580765,193.777661225572,181.316358113209,201.100640800745,231.715271819474,101.85207633558,0
