0,172.608400267715,0,0,0,73.4795582048751,261.605527103798,231.715271819474,0,0,0,0,0,0,0,0,0,0,0,0,0,0,0,0,0,0,0,0,117.208001126138,0,0,0,0,0,0,155.901486485736,0,0,0,0,0
172.608400267715,0,0,0,111.435629183184,0,151.036729364761,0,0,0,0,0,0,0,0,0,0,0,0,259.442917595754,0,0,0,0,0,0,0,0,0,0,0,0,0,160.530221557972,221.805809452716,280.376028997576,0,0,0,0,0
0,0,0,0,0,0,0,0,0,0,0,0,0,0,0,0,0,0,0,0,0,0,0,0,0,0,0,158.567996645797,0,0,0,0,0,0,0,125.416941482916,225.013371621378,0,0,214.116367924649,348.674510760064
0,0,0,0,153.876396855887,0,0,0,0,0,0,0,0,0,0,195.822649557859,148.808626413748,283.248188884028,0,85.7623170715703,0,0,106.33736463831,0,0,0,0,106.128596538706,0,0,0,0,262.382215657622,0,173.059382066957,314.611698427915,82.1742780037132,0,0,181.316358113209,213.67670887414
0,111.435629183184,0,153.876396855887,0,0,0,0,0,151.075371308616,0,138.425725342224,193.63278243493,151.01089327964,329.719143597451,155.24952173131,249.905610015455,0,169.742003380707,0,178.748963182352,0,0,0,0,0,0,0,0,0,0,0,0,0,0,0,104.915316975638,0,224.523755099568,0,309.997227542691
73.4795582048751,0,0,0,0,0,199.492852797962,0,184.249961885477,193.777661225572,0,0,0,0,0,0,0,0,0,61.0664810463559,0,0,0,212.592150359921,201.44584889478,0,101.605593487621,0,224.551207449728,0,0,180.543851962045,0,222.053792850439,0,85.6072705949986,0,96.5937438588657,0,250.461724766314,0
261.605527103798,151.036729364761,0,0,0,199.492852797962,0,0,0,160.537522273714,0,0,0,0,0,0,0,0,0,0,0,0,171.906398392157,0,183.786860782462,89.3673883748406,136.685314494491,158.955087279859,0,0,0,82.4756938751058,0,142.054529471577,112.349934713559,0,0,0,0,161.694997919804,0
231.715271819474,0,0,0,0,0,0,0,0,0,103.519938150021,115.332064605654,0,0,58.3493451392805,0,0,197.893790332676,0,0,0,0,0,0,0,0,228.075434767255,76.5072790361762,98.417953423071,0,194.442125915551,0,0,106.533627130087,137.177378802006,81.9664354533492,89.707245288964,108.136066660554,219.040656038919,188.936291522747,0
0,0,0,0,0,184.249961885477,0,0,0,0,62.311273509377,0,0,0,0,0,0,0,0,0,0,0,0,0,0,115.868441404982,0,72.2278283150671,283.88658203332,0,0,200.878319874537,0,206.472608421747,0,0,186.348837226466,251.098274723989,0,173.201474590904,108.381749703452
0,0,0,0,151.075371308616,193.777661225572,160.537522273714,0,0,0,198.964527389285,114.511014214502,0,0,112.793316814908,0,0,0,0,0,89.9429017381717,238.934743274142,353.822894641502,0,0,249.798812580765,125.81518738273,151.695570509541,201.100640800745,0,0,0,0,116.176698124939,106.926813611922,241.57250333243,0,188.851177466023,137.239127032733,0,0
0,0,0,0,0,0,0,103.519938150021,62.311273509377,198.964527389285,0,0,0,180.90030328818,0,223.705816669619,0,0,161.325017232684,0,161.302948562323,0,0,146.465927798921,0,0,175.196329314064,0,80.4367166559625,75.4497121078207,0,0,161.275817184598,137.189596148386,119.345624434514,0,171.230058197369,0,0,263.534399241887,0
0,0,0,0,138.425725342224,0,0,115.332064605654,0,114.511014214502,0,0,74.5815074003433,220.901129804706,0,0,167.066576495979,220.963068032256,128.530575464043,115.541295036174,94.7280504127031,0,209.996727521564,0,252.487290983309,196.04190773555,0,178.683678585178,71.5579325720569,0,0,205.183249704085,0,195.378266313867,134.960780198024,0,165.597665022977,0,0,151.806152521152,142.385058730083
0,0,0,0,193.63278243493,0,0,0,0,0,0,74.5815074003433,0,0,0,0,0,0,0,0,0,0,0,112.823430872325,0,0,0,0,0,0,0,202.712457066107,0,0,119.728129215699,0,0,0,0,240.185081663983,0
0,0,0,0,151.01089327964,0,0,0,0,0,180.90030328818,220.901129804706,0,0,0,0,115.114253591495,231.050882209,306.344527664232,0,78.9559315574845,0,154.065933476765,0,205.09013266389,0,0,191.519780382943,0,0,0,0,0,179.718364159796,163.945208919892,0,101.350815329073,0,0,101.5853655613,0
0,0,0,0,329.719143597451,0,0,58.3493451392805,0,112.793316814908,0,0,0,0,0,0,0,0,0,232.945974238958,0,0,0,120.567029282014,0,0,162.833808134102,163.059043292369,0,0,0,0,0,0,325.937289045041,333.645516435298,92.5207898118833,193.659409924573,0,0,99.2646516363145
0,0,0,195.822649557859,155.24952173131,0,0,0,0,0,223.705816669619,0,0,0,0,0,0,0,0,0,0,0,0,81.2827395071039,0,89.1590885155172,0,96.7845769653343,169.453147353278,84.3635741045246,0,0,0,0,100.812745974529,0,193.055010680236,161.74915061469,0,0,0
0,0,0,148.808626413748,249.905610015455,0,0,0,0,0,0,167.066576495979,0,115.114253591495,0,0,0,0,0,0,0,284.529238481835,0,74.4197823064597,0,0,0,94.027247878695,0,0,0,0,94.8881692391942,95.7590805983148,0,0,0,0,0,180.355266595273,0
0,0,0,283.248188884028,0,0,0,197.893790332676,0,0,0,220.963068032256,0,231.050882209,0,0,0,0,0,0,0,0,0,0,0,0,0,0,0,0,0,0,0,0,94.9380989123498,0,215.611029055736,276.620869034647,0,113.144980278377,208.005106191961
0,0,0,0,169.742003380707,0,0,0,0,0,161.325017232684,128.530575464043,0,306.344527664232,0,0,0,0,0,0,0,0,261.440278806413,145.74089716123,0,115.871357769661,0,0,0,236.681907140956,0,146.99041817625,0,153.453047983244,143.005810983322,0,98.2230592632363,0,0,0,0
0,259.442917595754,0,85.7623170715703,0,61.0664810463559,0,0,0,0,0,115.541295036174,0,0,232.945974238958,0,0,0,0,0,168.241326865882,0,0,247.66948903751,118.522099274347,104.369974912428,253.401634605989,115.194491798135,0,0,0,228.792310020318,0,98.6790043377568,0,135.294330067913,0,306.640284138334,0,320.356811100276,109.093416850988
0,0,0,0,178.748963182352,0,0,0,0,89.9429017381717,161.302948562323,94.7280504127031,0,78.9559315574845,0,0,0,0,0,168.241326865882,0,0,0,0,0,0,135.667029391615,139.93285932648,0,0,0,0,0,218.045528847001,0,219.430938885781,97.3506957544063,0,0,92.3502314520023,90.1317194604647
0,0,0,0,0,0,0,0,0,238.934743274142,0,0,0,0,0,0,284.529238481835,0,0,0,0,0,0,0,0,0,0,0,101.85207633558,0,0,0,0,0,177.763106506206,110.384905066973,133.984214699576,0,0,186.973586461633,141.204637091722
0,0,0,106.33736463831,0,0,171.906398392157,0,0,353.822894641502,0,209.996727521564,0,154.065933476765,0,0,0,0,261.440278806413,0,0,0,0,111.226326353722,0,101.895308036513,178.224497384947,70.4221432298295,0,0,0,0,0,114.649126378906,128.846764897717,92.5568465385234,0,173.001559092555,140.574866691684,0,0
0,0,0,0,0,212.592150359921,0,0,0,0,146.465927798921,0,112.823430872325,0,120.567029282014,81.2827395071039,74.4197823064597,0,145.74089716123,247.66948903751,0,0,111.226326353722,0,0,195.314816908693,0,205.839960264176,139.792601838991,0,0,0,0,187.77054666536,173.538155409849,150.161410108805,71.4788760670054,0,82.6426202489162,146.770754374523,94.126460729827
0,0,0,0,0,201.44584889478,183.786860782462,0,0,0,0,252.487290983309,0,205.09013266389,0,0,0,0,0,118.522099274347,0,0,0,0,0,124.853650664477,0,0,0,0,172.892533368851,0,0,0,0,0,204.084074037941,154.142998692322,197.486504603685,0,0
0,0,0,0,0,0,89.3673883748406,0,115.868441404982,249.798812580765,0,196.04190773555,0,0,0,89.1590885155172,0,0,115.871357769661,104.369974912428,0,0,101.895308036513,195.314816908693,124.853650664477,0,131.969743415579,134.566479261133,0,269.936825670274,113.059176128709,0,0,303.527509149359,323.781250289068,0,321.124897279917,335.371040201042,94.7529894315991,242.790381480436,0
0,0,0,0,0,101.605593487621,136.685314494491,228.075434767255,0,125.81518738273,175.196329314064,0,0,0,162.833808134102,0,0,0,0,253.401634605989,135.667029391615,0,178.224497384947,0,0,131.969743415579,0,241.635434294794,219.078548227669,0,0,0,0,192.601533877686,93.5029580098427,198.528111506785,159.183173818572,211.840482897052,78.8552325762656,174.013630695256,192.135034768848
0,0,158.567996645797,106.128596538706,0,0,158.955087279859,76.5072790361762,72.2278283150671,151.695570509541,0,178.683678585178,0,191.519780382943,163.059043292369,96.7845769653343,94.027247878695,0,0,115.194491798135,139.93285932648,0,70.4221432298295,205.839960264176,0,134.566479261133,241.635434294794,0,345.797434674459,116.054372245433,0,101.443495235174,0,66.5008477853491,192.693757128262,0,90.7216186966914,347.376449530863,157.852515740516,190.185165668632,289.631679007608
117.208001126138,0,0,0,0,224.551207449728,0,98.417953423071,283.88658203332,201.100640800745,80.4367166559625,71.5579325720569,0,0,0,169.453147353278,0,0,0,0,0,101.85207633558,0,139.792601838991,0,0,219.078548227669,345.797434674459,0,154.784755881607,93.4234866874731,0,0,226.825099357786,133.218162784108,338.131802716296,97.5855511246009,74.7304794244225,204.481117647118,0,97.3232815600345
0,0,0,0,0,0,0,0,0,0,75.4497121078207,0,0,0,0,84.3635741045246,0,0,236.681907140956,0,0,0,0,0,0,269.936825670274,0,116.054372245433,154.784755881607,0,0,0,0,67.8267069095267,125.994729980093,0,321.864157986053,136.792307586862,0,0,217.157696745803
0,0,0,0,0,0,0,194.442125915551,0,0,0,0,0,0,0,0,0,0,0,0,0,0,0,0,172.892533368851,113.059176128709,0,0,93.4234866874731,0,0,99.3508940827211,0,0,0,0,206.912707094411,0,0,0,0
0,0,0,0,0,180.543851962045,82.4756938751058,0,200.878319874537,0,0,205.183249704085,202.712457066107,0,0,0,0,0,146.99041817625,228.792310020318,0,0,0,0,0,0,0,101.443495235174,0,0,99.3508940827211,0,0,146.814226519809,0,0,124.698445421759,0,0,0,0
0,0,0,262.382215657622,0,0,0,0,0,0,161.275817184598,0,0,0,0,0,94.8881692391942,0,0,0,0,0,0,0,0,0,0,0,0,0,0,0,0,82.6299537488922,0,0,62.859596780235,0,0,0,0
0,160.530221557972,0,0,0,222.053792850439,142.054529471577,106.533627130087,206.472608421747,116.176698124939,137.189596148386,195.378266313867,0,179.718364159796,0,0,95.7590805983148,0,153.453047983244,98.6790043377568,218.045528847001,0,114.649126378906,187.77054666536,0,303.527509149359,192.601533877686,66.5008477853491,226.825099357786,67.8267069095267,0,146.814226519809,82.6299537488922,0,0,0,153.609372090384,300.031143529538,0,241.682021696872,154.070293657878
0,221.805809452716,0,173.059382066957,0,0,112.349934713559,137.177378802006,0,106.926813611922,119.345624434514,134.960780198024,119.728129215699,163.945208919892,325.937289045041,100.812745974529,0,94.9380989123498,143.005810983322,0,0,177.763106506206,128.846764897717,173.538155409849,0,323.781250289068,93.5029580098427,192.693757128262,133.218162784108,125.994729980093,0,0,0,0,0,0,0,73.1029054543569,196.032358954952,164.032723165762,357.423078228283
155.901486485736,280.376028997576,125.416941482916,314.611698427915,0,85.6072705949986,0,81.9664354533492,0,241.57250333243,0,0,0,0,333.645516435298,0,0,0,0,135.294330067913,219.430938885781,110.384905066973,92.5568465385234,150.161410108805,0,0,198.528111506785,0,338.131802716296,0,0,0,0,0,0,0,120.912756812582,122.106946855269,0,255.441154257905,80.8080171296381
0,0,225.013371621378,82.1742780037132,104.915316975638,0,0,89.707245288964,186.348837226466,0,171.230058197369,165.597665022977,0,101.350815329073,92.5207898118833,193.055010680236,0,215.611029055736,98.2230592632363,0,97.3506957544063,133.984214699576,0,71.4788760670054,204.084074037941,321.124897279917,159.183173818572,90.7216186966914,97.5855511246009,321.864157986053,206.912707094411,124.698445421759,62.859596780235,153.609372090384,0,120.912756812582,0,138.33942793804,165.893015276821,227.504408813069,153.672550905948
0,0,0,0,0,96.5937438588657,0,108.136066660554,251.098274723989,188.851177466023,0,0,0,0,193.659409924573,161.74915061469,0,276.620869034647,0,306.640284138334,0,0,173.001559092555,0,154.142998692322,335.371040201042,211.840482897052,347.376449530863,74.7304794244225,136.792307586862,0,0,0,300.031143529538,73.1029054543569,122.106946855269,138.33942793804,0,259.055025639447,0,0
0,0,0,0,224.523755099568,0,0,219.040656038919,0,137.239127032733,0,0,0,0,0,0,0,0,0,0,0,0,140.574866691684,82.6426202489162,197.486504603685,94.7529894315991,78.8552325762656,157.852515740516,204.481117647118,0,0,0,0,0,196.032358954952,0,165.893015276821,259.055025639447,0,139.654362654449,128.405764333981
0,0,214.116367924649,181.316358113209,0,250.461724766314,161.694997919804,188.936291522747,173.201474590904,0,263.534399241887,151.806152521152,240.185081663983,101.5853655613,0,0,180.355266595273,113.144980278377,0,320.356811100276,92.3502314520023,186.973586461633,0,146.770754374523,0,242.790381480436,174.013630695256,190.185165668632,0,0,0,0,0,241.682021696872,164.032723165762,255.441154257905,227.504408813069,0,139.654362654449,0,87.8456058929559
0,0,348.674510760064,213.67670887414,309.997227542691,0,0,0,108.381749703452,0,0,142.385058730083,0,0,99.2646516363145,0,0,208.005106191961,0,109.093416850988,90.1317194604647,141.204637091722,0,94.126460729827,0,0,192.135034768848,289.631679007608,97.3232815600345,217.157696745803,0,0,0,154.070293657878,357.423078228283,80.8080171296381,153.672550905948,0,128.405764333981,87.8456058929559,0
