0,0,0,0,101.895308036513,0,0,0,0,0,0,0,0,0,0,0,0,0,0,0,0,0,0,0,0,0,95.7590805983148,193.055010680236,0,0,0,0,0,0,150.161410108805,0,103.519938150021,0,0,61.0664810463559,0
0,0,0,85.6072705949986,0,89.1590885155172,0,0,0,0,0,0,0,261.440278806413,0,0,0,94.027247878695,0,0,0,0,0,0,0,173.201474590904,0,133.984214699576,0,0,0,0,0,0,0,0,300.031143529538,0,0,0,0
0,0,0,0,0,0,0,0,0,0,0,0,0,0,0,0,0,0,0,0,0,0,0,0,0,0,261.605527103798,0,112.823430872325,0,0,0,0,0,92.5568465385234,98.6790043377568,128.846764897717,0,0,0,0
0,85.6072705949986,0,0,0,134.960780198024,0,0,0,110.384905066973,347.376449530863,0,0,85.7623170715703,0,0,0,0,0,125.81518738273,0,0,0,0,113.144980278377,0,0,158.567996645797,0,0,0,0,0,259.055025639447,0,117.208001126138,87.8456058929559,0,0,62.859596780235,180.90030328818
101.895308036513,0,0,0,0,93.4234866874731,0,202.712457066107,0,139.93285932648,0,0,0,0,0,0,0,0,0,253.401634605989,0,0,171.230058197369,263.534399241887,0,0,178.748963182352,108.136066660554,197.486504603685,0,0,0,0,0,161.694997919804,0,0,169.742003380707,0,115.541295036174,81.9664354533492
0,89.1590885155172,0,134.960780198024,93.4234866874731,0,0,0,0,192.693757128262,0,348.674510760064,0,0,0,0,0,0,213.67670887414,0,0,0,0,0,321.124897279917,225.013371621378,0,224.551207449728,116.054372245433,0,0,0,0,179.718364159796,0,0,0,262.382215657622,154.142998692322,0,115.871357769661
0,0,0,0,0,0,0,0,0,0,280.376028997576,0,0,0,99.3508940827211,101.350815329073,0,0,118.522099274347,0,112.349934713559,0,0,228.075434767255,153.876396855887,201.44584889478,0,0,106.33736463831,0,0,0,0,0,108.381749703452,0,240.185081663983,199.492852797962,115.114253591495,0,0
0,0,0,0,202.712457066107,0,0,0,251.098274723989,0,0,104.915316975638,0,0,0,0,172.608400267715,0,174.013630695256,0,0,0,0,128.405764333981,0,158.955087279859,142.385058730083,70.4221432298295,0,0,0,0,0,283.88658203332,0,195.822649557859,306.640284138334,94.8881692391942,160.530221557972,306.344527664232,74.7304794244225
0,0,0,0,0,0,0,251.098274723989,0,98.2230592632363,187.77054666536,338.131802716296,0,0,0,0,82.6426202489162,0,0,0,0,0,0,99.2646516363145,241.682021696872,184.249961885477,0,180.355266595273,0,0,0,0,0,0,0,0,101.85207633558,0,0,0,204.481117647118
0,0,0,110.384905066973,139.93285932648,192.693757128262,0,0,98.2230592632363,0,0,84.3635741045246,0,0,0,205.09013266389,0,250.461724766314,0,0,222.053792850439,0,0,0,0,106.533627130087,197.893790332676,151.806152521152,206.912707094411,0,0,227.504408813069,0,204.084074037941,0,0,219.078548227669,135.667029391615,0,181.316358113209,94.9380989123498
0,0,0,347.376449530863,0,0,280.376028997576,0,187.77054666536,0,0,325.937289045041,0,0,0,0,0,0,0,269.936825670274,0,111.435629183184,155.901486485736,188.936291522747,165.893015276821,0,0,208.005106191961,0,195.378266313867,0,223.705816669619,137.177378802006,0,0,0,92.5207898118833,200.878319874537,0,0,90.1317194604647
0,0,0,0,0,348.674510760064,0,104.915316975638,338.131802716296,84.3635741045246,325.937289045041,0,0,0,218.045528847001,0,0,0,89.9429017381717,101.5853655613,0,80.4367166559625,115.194491798135,193.659409924573,0,0,309.997227542691,109.093416850988,236.681907140956,0,0,0,0,241.635434294794,228.792310020318,172.892533368851,183.786860782462,196.04190773555,0,219.040656038919,82.1742780037132
0,0,0,0,0,0,0,0,0,0,0,0,0,0,0,0,0,0,100.812745974529,0,0,0,0,0,0,0,0,0,0,0,0,0,136.792307586862,249.905610015455,205.839960264176,97.5855511246009,276.620869034647,0,0,0,0
0,261.440278806413,0,85.7623170715703,0,0,0,0,0,0,0,0,0,0,0,0,0,0,0,0,0,173.001559092555,0,0,151.01089327964,178.224497384947,238.934743274142,196.032358954952,198.528111506785,0,120.912756812582,0,0,161.325017232684,131.969743415579,0,242.790381480436,136.685314494491,138.425725342224,0,0
0,0,0,0,0,0,99.3508940827211,0,0,0,0,218.045528847001,0,0,0,0,0,0,101.443495235174,0,0,0,157.852515740516,0,0,67.8267069095267,0,353.822894641502,82.4756938751058,329.719143597451,0,0,0,0,0,119.345624434514,177.763106506206,0,0,241.57250333243,104.369974912428
0,0,0,0,0,0,101.350815329073,0,0,205.09013266389,0,0,0,0,0,0,0,78.8552325762656,0,186.973586461633,0,0,0,0,0,137.189596148386,97.3506957544063,0,345.797434674459,0,0,0,0,153.453047983244,151.036729364761,0,0,0,164.032723165762,76.5072790361762,0
0,0,0,0,0,0,0,172.608400267715,82.6426202489162,0,0,0,0,0,0,0,0,0,0,0,0,0,75.4497121078207,112.793316814908,145.74089716123,0,0,193.63278243493,58.3493451392805,0,0,0,0,0,212.592150359921,128.530575464043,194.442125915551,0,0,0,0
0,94.027247878695,0,0,0,0,0,0,0,250.461724766314,0,0,0,0,0,78.8552325762656,0,0,0,142.054529471577,0,0,0,0,0,0,201.100640800745,0,0,0,0,153.609372090384,0,93.5029580098427,0,0,314.611698427915,163.945208919892,0,0,0
0,0,0,0,0,213.67670887414,118.522099274347,174.013630695256,0,0,0,89.9429017381717,100.812745974529,0,101.443495235174,0,0,0,0,0,0,0,0,0,0,0,151.075371308616,161.74915061469,0,96.7845769653343,0,0,0,0,139.792601838991,0,0,0,0,214.116367924649,124.853650664477
0,0,0,125.81518738273,253.401634605989,0,0,0,0,0,269.936825670274,101.5853655613,0,0,0,186.973586461633,0,142.054529471577,0,0,0,0,89.3673883748406,74.4197823064597,0,0,0,0,66.5008477853491,0,0,249.798812580765,0,0,89.707245288964,74.5815074003433,94.7280504127031,119.728129215699,134.566479261133,141.204637091722,96.5937438588657
0,0,0,0,0,0,112.349934713559,0,0,222.053792850439,0,0,0,0,0,0,0,0,0,0,0,0,151.695570509541,71.5579325720569,0,139.654362654449,82.6299537488922,180.543851962045,116.176698124939,0,146.814226519809,146.99041817625,0,81.2827395071039,0,0,206.472608421747,92.3502314520023,0,0,0
0,0,0,0,0,0,0,0,0,0,111.435629183184,80.4367166559625,0,173.001559092555,0,0,0,0,0,0,0,0,0,0,0,195.314816908693,0,0,0,0,72.2278283150671,114.511014214502,0,111.226326353722,0,0,0,0,0,232.945974238958,0
0,0,0,0,171.230058197369,0,0,0,0,0,155.901486485736,115.194491798135,0,0,157.852515740516,0,75.4497121078207,0,0,89.3673883748406,151.695570509541,0,0,0,0,0,94.126460729827,113.059176128709,0,0,0,138.33942793804,0,209.996727521564,192.601533877686,0,0,71.4788760670054,0,224.523755099568,231.715271819474
0,0,0,0,263.534399241887,0,228.075434767255,128.405764333981,99.2646516363145,0,188.936291522747,193.659409924573,0,0,0,0,112.793316814908,0,0,74.4197823064597,71.5579325720569,0,0,0,226.825099357786,106.128596538706,73.1029054543569,0,80.8080171296381,190.185165668632,0,0,94.7529894315991,198.964527389285,0,0,143.005810983322,0,284.529238481835,0,140.574866691684
0,0,0,113.144980278377,0,321.124897279917,153.876396855887,0,241.682021696872,0,165.893015276821,0,0,151.01089327964,0,0,145.74089716123,0,0,0,0,0,0,226.825099357786,0,0,0,0,0,0,0,0,0,0,101.605593487621,0,0,0,0,0,135.294330067913
0,173.201474590904,0,0,0,225.013371621378,201.44584889478,158.955087279859,184.249961885477,106.533627130087,0,0,0,178.224497384947,67.8267069095267,137.189596148386,0,0,0,0,139.654362654449,195.314816908693,0,106.128596538706,0,0,188.851177466023,162.833808134102,335.371040201042,0,0,0,0,155.24952173131,333.645516435298,320.356811100276,154.784755881607,0,0,259.442917595754,0
95.7590805983148,0,261.605527103798,0,178.748963182352,0,0,142.385058730083,0,197.893790332676,0,309.997227542691,0,238.934743274142,0,97.3506957544063,0,201.100640800745,151.075371308616,0,82.6299537488922,0,94.126460729827,73.1029054543569,0,188.851177466023,0,178.683678585178,133.218162784108,186.348837226466,0,0,0,90.7216186966914,62.311273509377,0,0,0,0,289.631679007608,0
193.055010680236,133.984214699576,0,158.567996645797,108.136066660554,224.551207449728,0,70.4221432298295,180.355266595273,151.806152521152,208.005106191961,109.093416850988,0,196.032358954952,353.822894641502,0,193.63278243493,0,161.74915061469,0,180.543851962045,0,113.059176128709,0,0,162.833808134102,178.683678585178,0,0,146.770754374523,0,0,0,192.135034768848,167.066576495979,215.611029055736,120.567029282014,160.537522273714,98.417953423071,165.597665022977,193.777661225572
0,0,112.823430872325,0,197.486504603685,116.054372245433,106.33736463831,0,0,206.912707094411,0,236.681907140956,0,198.528111506785,82.4756938751058,345.797434674459,58.3493451392805,0,0,66.5008477853491,116.176698124939,0,0,80.8080171296381,0,335.371040201042,133.218162784108,0,0,283.248188884028,0,0,0,115.868441404982,255.441154257905,323.781250289068,247.66948903751,173.538155409849,0,0,0
0,0,0,0,0,0,0,0,0,0,195.378266313867,0,0,0,329.719143597451,0,0,0,96.7845769653343,0,0,0,0,190.185165668632,0,0,186.348837226466,146.770754374523,283.248188884028,0,0,0,0,221.805809452716,122.106946855269,0,137.239127032733,0,0,154.065933476765,0
0,0,0,0,0,0,0,0,0,0,0,0,0,120.912756812582,0,0,0,0,0,0,146.814226519809,72.2278283150671,0,0,0,0,0,0,0,0,0,0,0,191.519780382943,0,0,124.698445421759,0,357.423078228283,0,0
0,0,0,0,0,0,0,0,0,227.504408813069,223.705816669619,0,0,0,0,0,0,153.609372090384,0,249.798812580765,146.99041817625,114.511014214502,138.33942793804,0,0,0,0,0,0,0,0,0,0,73.4795582048751,0,0,159.183173818572,0,125.416941482916,321.864157986053,0
0,0,0,0,0,0,0,0,0,0,137.177378802006,0,136.792307586862,0,0,0,0,0,0,0,0,0,0,94.7529894315991,0,0,0,0,0,0,0,0,0,0,0,219.430938885781,0,0,0,169.453147353278,0
0,0,0,259.055025639447,0,179.718364159796,0,283.88658203332,0,204.084074037941,0,241.635434294794,249.905610015455,161.325017232684,0,153.453047983244,0,93.5029580098427,0,0,81.2827395071039,111.226326353722,209.996727521564,198.964527389285,0,155.24952173131,90.7216186966914,192.135034768848,115.868441404982,221.805809452716,191.519780382943,73.4795582048751,0,0,205.183249704085,148.808626413748,0,163.059043292369,125.994729980093,231.050882209,220.963068032256
150.161410108805,0,92.5568465385234,0,161.694997919804,0,108.381749703452,0,0,0,0,228.792310020318,205.839960264176,131.969743415579,0,151.036729364761,212.592150359921,0,139.792601838991,89.707245288964,0,0,192.601533877686,0,101.605593487621,333.645516435298,62.311273509377,167.066576495979,255.441154257905,122.106946855269,0,0,0,205.183249704085,0,175.196329314064,146.465927798921,211.840482897052,303.527509149359,106.926813611922,168.241326865882
0,0,98.6790043377568,117.208001126138,0,0,0,195.822649557859,0,0,0,172.892533368851,97.5855511246009,0,119.345624434514,0,128.530575464043,0,0,74.5815074003433,0,0,0,0,0,320.356811100276,0,215.611029055736,323.781250289068,0,0,0,219.430938885781,148.808626413748,175.196329314064,0,171.906398392157,97.3232815600345,115.332064605654,153.672550905948,161.275817184598
103.519938150021,300.031143529538,128.846764897717,87.8456058929559,0,0,240.185081663983,306.640284138334,101.85207633558,219.078548227669,92.5207898118833,183.786860782462,276.620869034647,242.790381480436,177.763106506206,0,194.442125915551,314.611698427915,0,94.7280504127031,206.472608421747,0,0,143.005810983322,0,154.784755881607,0,120.567029282014,247.66948903751,137.239127032733,124.698445421759,159.183173818572,0,0,146.465927798921,171.906398392157,0,154.070293657878,252.487290983309,78.9559315574845,161.302948562323
0,0,0,0,169.742003380707,262.382215657622,199.492852797962,94.8881692391942,0,135.667029391615,200.878319874537,196.04190773555,0,136.685314494491,0,0,0,163.945208919892,0,119.728129215699,92.3502314520023,0,71.4788760670054,0,0,0,0,160.537522273714,173.538155409849,0,0,0,0,163.059043292369,211.840482897052,97.3232815600345,154.070293657878,0,0,114.649126378906,220.901129804706
0,0,0,0,0,154.142998692322,115.114253591495,160.530221557972,0,0,0,0,0,138.425725342224,0,164.032723165762,0,0,0,134.566479261133,0,0,0,284.529238481835,0,0,0,98.417953423071,0,0,357.423078228283,125.416941482916,0,125.994729980093,303.527509149359,115.332064605654,252.487290983309,0,0,217.157696745803,0
61.0664810463559,0,0,62.859596780235,115.541295036174,0,0,306.344527664232,0,181.316358113209,0,219.040656038919,0,0,241.57250333243,76.5072790361762,0,0,214.116367924649,141.204637091722,0,232.945974238958,224.523755099568,0,0,259.442917595754,289.631679007608,165.597665022977,0,154.065933476765,0,321.864157986053,169.453147353278,231.050882209,106.926813611922,153.672550905948,78.9559315574845,114.649126378906,217.157696745803,0,173.059382066957
0,0,0,180.90030328818,81.9664354533492,115.871357769661,0,74.7304794244225,204.481117647118,94.9380989123498,90.1317194604647,82.1742780037132,0,0,104.369974912428,0,0,0,124.853650664477,96.5937438588657,0,0,231.715271819474,140.574866691684,135.294330067913,0,0,193.777661225572,0,0,0,0,0,220.963068032256,168.241326865882,161.275817184598,161.302948562323,220.901129804706,0,173.059382066957,0
