0,0,0,0,0,0,0,0,0,98.2230592632363,0,0,0,0,0,0,0,0,240.185081663983,0,0,0,0,0,0,0,190.185165668632,61.0664810463559,0,0,0,0,0,0,0,0,158.567996645797,0,0,134.960780198024,0
0,0,0,0,0,0,0,0,0,0,0,0,0,0,0,0,0,0,0,0,0,0,0,0,0,0,276.620869034647,0,0,0,0,0,252.487290983309,97.3232815600345,103.519938150021,0,0,171.230058197369,173.059382066957,151.695570509541,0
0,0,0,0,0,0,0,0,0,0,0,0,0,0,104.915316975638,0,0,0,0,0,0,0,0,150.161410108805,0,131.969743415579,0,0,0,0,0,0,0,0,0,0,159.183173818572,0,0,0,113.059176128709
0,0,0,0,0,146.465927798921,0,120.912756812582,0,161.74915061469,0,205.183249704085,0,0,231.050882209,161.275817184598,108.136066660554,0,0,0,114.649126378906,212.592150359921,0,0,0,0,0,137.189596148386,0,0,201.44584889478,0,0,0,0,0,78.8552325762656,0,0,0,137.177378802006
0,0,0,0,0,0,0,0,96.7845769653343,314.611698427915,0,183.786860782462,0,0,0,0,0,0,139.654362654449,138.425725342224,0,283.248188884028,71.4788760670054,0,0,0,0,321.124897279917,96.5937438588657,0,0,0,0,0,224.551207449728,0,141.204637091722,180.355266595273,261.605527103798,0,153.453047983244
0,0,0,146.465927798921,0,0,231.715271819474,0,193.055010680236,168.241326865882,0,0,0,0,87.8456058929559,0,0,0,0,241.682021696872,0,0,192.601533877686,0,0,195.314816908693,0,93.4234866874731,0,186.973586461633,0,0,0,192.135034768848,0,0,0,333.645516435298,0,180.90030328818,195.378266313867
0,0,0,0,0,231.715271819474,0,0,0,0,0,0,0,0,0,0,259.442917595754,0,300.031143529538,115.332064605654,0,0,195.822649557859,106.33736463831,0,112.823430872325,0,205.09013266389,0,0,94.027247878695,0,0,209.996727521564,242.790381480436,0,95.7590805983148,171.906398392157,0,0,0
0,0,0,120.912756812582,0,0,0,0,0,62.859596780235,74.7304794244225,181.316358113209,0,81.9664354533492,0,0,0,0,200.878319874537,218.045528847001,208.005106191961,135.294330067913,0,92.5568465385234,0,0,76.5072790361762,178.683678585178,115.114253591495,0,0,74.5815074003433,0,283.88658203332,228.075434767255,0,0,0,0,0,0
0,0,0,0,96.7845769653343,193.055010680236,0,0,0,0,0,112.349934713559,0,0,250.461724766314,0,0,0,222.053792850439,0,0,0,0,0,0,280.376028997576,0,175.196329314064,226.825099357786,0,179.718364159796,0,0,111.226326353722,193.777661225572,0,0,0,0,0,0
98.2230592632363,0,0,161.74915061469,314.611698427915,168.241326865882,0,62.859596780235,0,0,0,106.128596538706,0,0,0,0,0,0,0,0,134.566479261133,0,98.6790043377568,0,0,110.384905066973,0,101.895308036513,101.605593487621,0,0,224.523755099568,0,205.839960264176,116.054372245433,241.635434294794,154.065933476765,204.084074037941,0,72.2278283150671,0
0,0,0,0,0,0,0,74.7304794244225,0,0,0,140.574866691684,0,115.194491798135,0,0,0,0,249.905610015455,146.814226519809,0,0,0,160.530221557972,0,146.99041817625,0,82.1742780037132,173.001559092555,155.901486485736,0,0,0,151.01089327964,119.345624434514,101.85207633558,263.534399241887,0,0,67.8267069095267,184.249961885477
0,0,0,205.183249704085,183.786860782462,0,0,181.316358113209,112.349934713559,106.128596538706,140.574866691684,0,0,0,74.4197823064597,353.822894641502,0,0,197.893790332676,128.530575464043,0,0,197.486504603685,0,0,0,206.912707094411,139.93285932648,261.440278806413,0,0,0,0,128.405764333981,99.2646516363145,111.435629183184,219.430938885781,157.852515740516,73.1029054543569,163.945208919892,0
0,0,0,0,0,0,0,0,0,0,0,0,0,0,0,0,0,0,0,0,0,0,0,73.4795582048751,0,0,0,309.997227542691,75.4497121078207,0,0,0,0,125.994729980093,0,0,146.770754374523,0,0,255.441154257905,0
0,0,0,0,0,0,0,81.9664354533492,0,0,115.194491798135,0,0,0,0,115.871357769661,0,0,0,188.936291522747,0,0,58.3493451392805,0,169.742003380707,0,199.492852797962,0,0,0,80.4367166559625,0,0,0,154.070293657878,0,81.2827395071039,236.681907140956,194.442125915551,104.369974912428,206.472608421747
0,0,104.915316975638,231.050882209,0,87.8456058929559,0,0,250.461724766314,0,0,74.4197823064597,0,0,0,0,0,0,0,225.013371621378,0,0,0,192.693757128262,0,269.936825670274,0,0,0,0,0,0,0,173.538155409849,0,151.806152521152,0,151.075371308616,0,0,94.126460729827
0,0,0,161.275817184598,0,0,0,0,0,0,0,353.822894641502,0,115.871357769661,0,0,0,0,0,0,0,94.7529894315991,0,0,0,158.955087279859,259.055025639447,174.013630695256,0,0,0,0,0,0,94.9380989123498,0,0,101.443495235174,160.537522273714,82.6426202489162,0
0,0,0,108.136066660554,0,0,259.442917595754,0,0,0,0,0,0,0,0,0,0,0,0,0,151.036729364761,0,0,0,0,187.77054666536,0,101.350815329073,0,173.201474590904,0,0,0,193.659409924573,136.685314494491,80.8080171296381,125.81518738273,0,0,0,0
0,0,0,0,0,0,0,0,0,0,0,0,0,0,0,0,0,0,0,0,251.098274723989,0,0,0,348.674510760064,0,0,0,220.901129804706,0,0,221.805809452716,0,186.348837226466,99.3508940827211,0,161.302948562323,0,0,139.792601838991,153.672550905948
240.185081663983,0,0,0,139.654362654449,0,300.031143529538,200.878319874537,222.053792850439,0,249.905610015455,197.893790332676,0,0,0,0,0,0,0,0,0,0,0,0,0,0,85.7623170715703,0,101.5853655613,0,0,0,0,0,0,82.6299537488922,215.611029055736,0,0,143.005810983322,0
0,0,0,0,138.425725342224,241.682021696872,115.332064605654,218.045528847001,0,0,146.814226519809,128.530575464043,0,188.936291522747,225.013371621378,0,0,0,0,0,136.792307586862,321.864157986053,93.5029580098427,0,241.57250333243,0,0,84.3635741045246,0,0,0,0,196.032358954952,0,0,0,177.763106506206,0,0,85.6072705949986,92.5207898118833
0,0,0,114.649126378906,0,0,0,208.005106191961,0,134.566479261133,0,0,0,0,0,0,151.036729364761,251.098274723989,0,136.792307586862,0,0,92.3502314520023,0,0,142.385058730083,0,109.093416850988,0,0,0,0,0,219.040656038919,169.453147353278,0,89.9429017381717,0,0,0,262.382215657622
0,0,0,212.592150359921,283.248188884028,0,0,135.294330067913,0,0,0,0,0,0,0,94.7529894315991,0,0,0,321.864157986053,0,0,0,97.5855511246009,0,0,0,0,306.640284138334,0,0,289.631679007608,0,0,0,0,0,0,0,0,0
0,0,0,0,71.4788760670054,192.601533877686,195.822649557859,0,0,98.6790043377568,0,197.486504603685,0,58.3493451392805,0,0,0,0,0,93.5029580098427,92.3502314520023,0,0,323.781250289068,0,124.698445421759,0,0,0,0,0,0,0,0,172.892533368851,82.4756938751058,153.876396855887,125.416941482916,0,0,232.945974238958
0,0,150.161410108805,0,0,0,106.33736463831,92.5568465385234,0,0,160.530221557972,0,73.4795582048751,0,192.693757128262,0,0,0,0,0,0,97.5855511246009,323.781250289068,0,172.608400267715,90.7216186966914,119.728129215699,213.67670887414,118.522099274347,0,0,178.224497384947,0,100.812745974529,161.325017232684,347.376449530863,62.311273509377,0,0,0,108.381749703452
0,0,0,0,0,0,0,0,0,0,0,0,0,169.742003380707,0,0,0,348.674510760064,0,241.57250333243,0,0,0,172.608400267715,0,0,357.423078228283,0,0,0,0,0,0,120.567029282014,214.116367924649,193.63278243493,0,0,0,201.100640800745,198.528111506785
0,0,131.969743415579,0,0,195.314816908693,112.823430872325,0,280.376028997576,110.384905066973,146.99041817625,0,0,0,269.936825670274,158.955087279859,187.77054666536,0,0,0,142.385058730083,0,124.698445421759,90.7216186966914,0,0,219.078548227669,133.984214699576,122.106946855269,155.24952173131,0,0,0,0,115.868441404982,0,106.533627130087,198.964527389285,0,238.934743274142,0
190.185165668632,276.620869034647,0,0,0,0,0,76.5072790361762,0,0,0,206.912707094411,0,199.492852797962,0,259.055025639447,0,0,85.7623170715703,0,0,0,0,119.728129215699,357.423078228283,219.078548227669,0,114.511014214502,325.937289045041,0,178.748963182352,0,0,329.719143597451,0,284.529238481835,228.792310020318,217.157696745803,128.846764897717,335.371040201042,223.705816669619
61.0664810463559,0,0,137.189596148386,321.124897279917,93.4234866874731,205.09013266389,178.683678585178,175.196329314064,101.895308036513,82.1742780037132,139.93285932648,309.997227542691,0,0,174.013630695256,101.350815329073,0,0,84.3635741045246,109.093416850988,0,0,213.67670887414,0,133.984214699576,114.511014214502,0,70.4221432298295,0,0,89.707245288964,0,97.3506957544063,0,306.344527664232,89.3673883748406,137.239127032733,71.5579325720569,249.798812580765,112.793316814908
0,0,0,0,96.5937438588657,0,0,115.114253591495,226.825099357786,101.605593487621,173.001559092555,261.440278806413,75.4497121078207,0,0,0,0,220.901129804706,101.5853655613,0,0,306.640284138334,0,118.522099274347,0,122.106946855269,325.937289045041,70.4221432298295,0,0,0,145.74089716123,142.054529471577,94.8881692391942,0,164.032723165762,202.712457066107,163.059043292369,0,0,220.963068032256
0,0,0,0,0,186.973586461633,0,0,0,0,155.901486485736,0,0,0,0,0,173.201474590904,0,0,0,0,0,0,0,0,155.24952173131,0,0,0,0,0,0,153.609372090384,188.851177466023,165.893015276821,0,338.131802716296,253.401634605989,211.840482897052,167.066576495979,0
0,0,0,201.44584889478,0,0,94.027247878695,0,179.718364159796,0,0,0,0,80.4367166559625,0,0,0,0,0,0,0,0,0,0,0,0,178.748963182352,0,0,0,0,0,0,0,0,345.797434674459,0,0,0,0,0
0,0,0,0,0,0,0,74.5815074003433,0,224.523755099568,0,0,0,0,0,0,0,221.805809452716,0,0,0,289.631679007608,0,178.224497384947,0,0,0,89.707245288964,145.74089716123,0,0,0,0,154.784755881607,0,0,191.519780382943,0,0,78.9559315574845,117.208001126138
0,252.487290983309,0,0,0,0,0,0,0,0,0,0,0,0,0,0,0,0,0,196.032358954952,0,0,0,0,0,0,0,0,142.054529471577,153.609372090384,0,0,0,0,0,0,0,0,0,98.417953423071,0
0,97.3232815600345,0,0,0,192.135034768848,209.996727521564,283.88658203332,111.226326353722,205.839960264176,151.01089327964,128.405764333981,125.994729980093,0,173.538155409849,0,193.659409924573,186.348837226466,0,0,219.040656038919,0,0,100.812745974529,120.567029282014,0,329.719143597451,97.3506957544063,94.8881692391942,188.851177466023,0,154.784755881607,0,0,138.33942793804,94.7280504127031,66.5008477853491,0,165.597665022977,106.926813611922,162.833808134102
0,103.519938150021,0,0,224.551207449728,0,242.790381480436,228.075434767255,193.777661225572,116.054372245433,119.345624434514,99.2646516363145,0,154.070293657878,0,94.9380989123498,136.685314494491,99.3508940827211,0,0,169.453147353278,0,172.892533368851,161.325017232684,214.116367924649,115.868441404982,0,0,0,165.893015276821,0,0,0,138.33942793804,0,148.808626413748,90.1317194604647,116.176698124939,204.481117647118,227.504408813069,180.543851962045
0,0,0,0,0,0,0,0,0,241.635434294794,101.85207633558,111.435629183184,0,0,151.806152521152,0,80.8080171296381,0,82.6299537488922,0,0,0,82.4756938751058,347.376449530863,193.63278243493,0,284.529238481835,306.344527664232,164.032723165762,0,345.797434674459,0,0,94.7280504127031,148.808626413748,0,133.218162784108,124.853650664477,135.667029391615,196.04190773555,0
158.567996645797,0,159.183173818572,78.8552325762656,141.204637091722,0,95.7590805983148,0,0,154.065933476765,263.534399241887,219.430938885781,146.770754374523,81.2827395071039,0,0,125.81518738273,161.302948562323,215.611029055736,177.763106506206,89.9429017381717,0,153.876396855887,62.311273509377,0,106.533627130087,228.792310020318,89.3673883748406,202.712457066107,338.131802716296,0,191.519780382943,0,66.5008477853491,90.1317194604647,133.218162784108,0,154.142998692322,247.66948903751,303.527509149359,161.694997919804
0,171.230058197369,0,0,180.355266595273,333.645516435298,171.906398392157,0,0,204.084074037941,0,157.852515740516,0,236.681907140956,151.075371308616,101.443495235174,0,0,0,0,0,0,125.416941482916,0,0,198.964527389285,217.157696745803,137.239127032733,163.059043292369,253.401634605989,0,0,0,0,116.176698124939,124.853650664477,154.142998692322,0,113.144980278377,115.541295036174,0
0,173.059382066957,0,0,261.605527103798,0,0,0,0,0,0,73.1029054543569,0,194.442125915551,0,160.537522273714,0,0,0,0,0,0,0,0,0,0,128.846764897717,71.5579325720569,0,211.840482897052,0,0,0,165.597665022977,204.481117647118,135.667029391615,247.66948903751,113.144980278377,0,89.1590885155172,320.356811100276
134.960780198024,151.695570509541,0,0,0,180.90030328818,0,0,0,72.2278283150671,67.8267069095267,163.945208919892,255.441154257905,104.369974912428,0,82.6426202489162,0,139.792601838991,143.005810983322,85.6072705949986,0,0,0,0,201.100640800745,238.934743274142,335.371040201042,249.798812580765,0,167.066576495979,0,78.9559315574845,98.417953423071,106.926813611922,227.504408813069,196.04190773555,303.527509149359,115.541295036174,89.1590885155172,0,0
0,0,113.059176128709,137.177378802006,153.453047983244,195.378266313867,0,0,0,0,184.249961885477,0,0,206.472608421747,94.126460729827,0,0,153.672550905948,0,92.5207898118833,262.382215657622,0,232.945974238958,108.381749703452,198.528111506785,0,223.705816669619,112.793316814908,220.963068032256,0,0,117.208001126138,0,162.833808134102,180.543851962045,0,161.694997919804,0,320.356811100276,0,0
