0,0,0,0,0,0,0,0,0,0,0,199.492852797962,0,157.852515740516,0,0,0,0,0,0,0,0,93.5029580098427,159.183173818572,0,0,0,0,0,0,0,0,0,0,161.694997919804,0,146.465927798921,0,0,0,0
0,0,0,198.528111506785,0,0,0,0,0,0,0,0,0,0,0,0,0,0,0,0,0,0,0,283.248188884028,0,0,249.905610015455,158.955087279859,0,0,0,0,0,0,0,0,61.0664810463559,103.519938150021,0,74.7304794244225,0
0,0,0,0,0,0,0,0,0,92.3502314520023,0,0,0,0,0,0,0,0,0,101.605593487621,165.597665022977,0,0,0,0,0,0,0,0,0,0,0,0,0,197.893790332676,0,193.659409924573,0,0,0,0
0,198.528111506785,0,0,0,261.605527103798,0,153.609372090384,0,0,0,0,0,0,0,0,0,0,0,0,0,0,0,0,0,0,114.649126378906,206.912707094411,146.814226519809,0,146.770754374523,0,106.926813611922,0,0,151.695570509541,111.226326353722,66.5008477853491,94.7280504127031,220.963068032256,0
0,0,0,0,0,0,224.551207449728,171.230058197369,0,0,172.892533368851,0,0,0,0,250.461724766314,0,0,0,200.878319874537,0,0,263.534399241887,0,0,0,85.6072705949986,161.275817184598,255.441154257905,0,115.541295036174,161.74915061469,0,348.674510760064,58.3493451392805,0,0,169.742003380707,0,0,0
0,0,0,261.605527103798,0,0,0,0,0,198.964527389285,137.239127032733,0,0,0,0,0,0,0,117.208001126138,115.868441404982,74.5815074003433,0,0,113.059176128709,0,100.812745974529,0,89.1590885155172,0,0,0,0,0,228.792310020318,0,0,314.611698427915,220.901129804706,114.511014214502,0,181.316358113209
0,0,0,0,224.551207449728,0,0,0,143.005810983322,0,0,194.442125915551,0,0,0,0,0,0,228.075434767255,109.093416850988,0,0,0,0,0,0,0,188.851177466023,99.2646516363145,0,0,0,0,70.4221432298295,241.635434294794,303.527509149359,213.67670887414,75.4497121078207,0,187.77054666536,0
0,0,0,153.609372090384,171.230058197369,0,0,0,347.376449530863,150.161410108805,0,0,0,80.4367166559625,0,0,80.8080171296381,0,146.99041817625,0,0,0,0,179.718364159796,0,111.435629183184,0,72.2278283150671,141.204637091722,0,0,219.040656038919,0,71.5579325720569,0,0,172.608400267715,0,0,138.425725342224,73.1029054543569
0,0,0,0,0,0,143.005810983322,347.376449530863,0,0,190.185165668632,154.784755881607,0,0,261.440278806413,0,0,0,191.519780382943,0,0,0,0,221.805809452716,217.157696745803,0,0,0,92.5568465385234,0,0,0,0,188.936291522747,125.416941482916,0,0,0,0,0,0
0,0,92.3502314520023,0,0,198.964527389285,0,150.161410108805,0,0,0,115.332064605654,155.24952173131,112.349934713559,0,0,0,0,125.81518738273,148.808626413748,161.325017232684,0,87.8456058929559,0,0,139.792601838991,0,137.177378802006,0,154.070293657878,0,81.9664354533492,0,205.839960264176,0,139.93285932648,134.566479261133,0,167.066576495979,0,0
0,0,0,0,172.892533368851,137.239127032733,0,0,190.185165668632,0,0,153.672550905948,0,0,0,197.486504603685,0,0,0,82.6299537488922,122.106946855269,0,0,0,0,0,168.241326865882,0,224.523755099568,0,162.833808134102,94.027247878695,0,195.822649557859,97.5855511246009,0,0,106.533627130087,0,94.9380989123498,82.4756938751058
199.492852797962,0,0,0,0,0,194.442125915551,0,154.784755881607,115.332064605654,153.672550905948,0,180.543851962045,0,0,0,0,89.3673883748406,0,90.7216186966914,116.054372245433,0,0,0,345.797434674459,135.667029391615,222.053792850439,137.189596148386,241.57250333243,133.984214699576,0,0,0,226.825099357786,160.530221557972,106.33736463831,284.529238481835,0,329.719143597451,209.996727521564,0
0,0,0,0,0,0,0,0,0,155.24952173131,0,180.543851962045,0,0,0,0,0,0,0,0,0,0,0,0,0,0,0,0,0,0,0,0,0,0,112.793316814908,62.311273509377,0,0,241.682021696872,0,131.969743415579
157.852515740516,0,0,0,0,0,0,80.4367166559625,0,112.349934713559,0,0,0,0,0,251.098274723989,101.443495235174,0,0,0,0,0,0,0,0,325.937289045041,96.7845769653343,173.059382066957,211.840482897052,0,0,0,0,227.504408813069,142.054529471577,276.620869034647,208.005106191961,0,0,0,89.707245288964
0,0,0,0,0,0,0,0,261.440278806413,0,0,0,0,0,0,269.936825670274,0,195.314816908693,0,0,169.453147353278,0,160.537522273714,0,76.5072790361762,106.128596538706,0,206.472608421747,184.249961885477,0,0,0,0,0,0,0,81.2827395071039,225.013371621378,0,99.3508940827211,0
0,0,0,0,250.461724766314,0,0,0,0,0,197.486504603685,0,0,251.098274723989,269.936825670274,0,0,0,0,0,0,0,0,95.7590805983148,0,0,215.611029055736,0,0,0,0,0,0,178.683678585178,153.453047983244,0,71.4788760670054,0,0,202.712457066107,259.442917595754
0,0,0,0,0,0,0,80.8080171296381,0,0,0,0,0,101.443495235174,0,0,0,0,0,0,0,0,0,173.001559092555,0,231.715271819474,193.63278243493,118.522099274347,98.417953423071,0,0,0,0,104.915316975638,0,101.85207633558,0,0,0,78.9559315574845,0
0,0,0,0,0,0,0,0,0,0,0,89.3673883748406,0,0,195.314816908693,0,0,0,0,0,0,193.777661225572,0,0,0,0,171.906398392157,0,0,283.88658203332,0,0,0,323.781250289068,101.895308036513,0,280.376028997576,0,0,173.538155409849,0
0,0,0,0,0,117.208001126138,228.075434767255,146.99041817625,191.519780382943,125.81518738273,0,0,0,0,0,0,0,0,0,0,0,0,120.912756812582,0,192.693757128262,204.084074037941,115.114253591495,124.698445421759,0,177.763106506206,0,0,0,0,0,0,0,240.185081663983,0,0,0
0,0,101.605593487621,0,200.878319874537,115.868441404982,109.093416850988,0,0,148.808626413748,82.6299537488922,90.7216186966914,0,0,0,0,0,0,0,0,142.385058730083,253.401634605989,0,232.945974238958,0,0,0,0,0,124.853650664477,0,0,219.078548227669,0,0,153.876396855887,139.654362654449,151.806152521152,0,161.302948562323,97.3506957544063
0,0,165.597665022977,0,0,74.5815074003433,0,0,0,161.325017232684,122.106946855269,116.054372245433,0,0,169.453147353278,0,0,0,0,142.385058730083,0,0,0,0,0,0,0,0,242.790381480436,0,90.1317194604647,0,0,333.645516435298,94.8881692391942,0,223.705816669619,0,0,0,89.9429017381717
0,0,0,0,0,0,0,0,0,0,0,0,0,0,0,0,0,193.777661225572,0,253.401634605989,0,0,0,0,0,133.218162784108,192.601533877686,165.893015276821,0,0,0,0,0,174.013630695256,0,0,0,0,0,178.224497384947,78.8552325762656
93.5029580098427,0,0,0,263.534399241887,0,0,0,0,87.8456058929559,0,0,0,0,160.537522273714,0,0,0,120.912756812582,0,0,0,0,353.822894641502,0,119.345624434514,0,289.631679007608,0,0,0,249.798812580765,110.384905066973,175.196329314064,94.126460729827,0,128.405764333981,201.44584889478,0,357.423078228283,0
159.183173818572,283.248188884028,0,0,0,113.059176128709,0,179.718364159796,221.805809452716,0,0,0,0,0,0,95.7590805983148,173.001559092555,0,0,232.945974238958,0,0,353.822894641502,0,219.430938885781,0,0,335.371040201042,204.481117647118,0,0,0,67.8267069095267,306.344527664232,196.032358954952,101.350815329073,0,0,119.728129215699,82.1742780037132,196.04190773555
0,0,0,0,0,0,0,0,217.157696745803,0,0,345.797434674459,0,0,76.5072790361762,0,0,0,192.693757128262,0,0,0,0,219.430938885781,0,0,0,218.045528847001,0,0,0,0,0,0,128.846764897717,338.131802716296,115.871357769661,0,300.031143529538,0,0
0,0,0,0,0,100.812745974529,0,111.435629183184,0,139.792601838991,0,135.667029391615,0,325.937289045041,106.128596538706,0,231.715271819474,0,204.084074037941,0,0,133.218162784108,119.345624434514,0,0,0,192.135034768848,108.136066660554,154.142998692322,0,0,321.124897279917,0,0,173.201474590904,178.748963182352,163.945208919892,151.01089327964,0,112.823430872325,186.973586461633
0,249.905610015455,0,114.649126378906,85.6072705949986,0,0,0,0,0,168.241326865882,222.053792850439,0,96.7845769653343,0,215.611029055736,193.63278243493,171.906398392157,115.114253591495,0,0,192.601533877686,0,0,0,192.135034768848,0,93.4234866874731,0,201.100640800745,0,0,0,0,262.382215657622,0,82.6426202489162,101.5853655613,154.065933476765,94.7529894315991,180.355266595273
0,158.955087279859,0,206.912707094411,161.275817184598,89.1590885155172,188.851177466023,72.2278283150671,0,137.177378802006,0,137.189596148386,0,173.059382066957,206.472608421747,0,118.522099274347,0,124.698445421759,0,0,165.893015276821,289.631679007608,335.371040201042,218.045528847001,108.136066660554,93.4234866874731,0,163.059043292369,0,0,0,0,321.864157986053,195.378266313867,136.792307586862,180.90030328818,259.055025639447,186.348837226466,236.681907140956,74.4197823064597
0,0,0,146.814226519809,255.441154257905,0,99.2646516363145,141.204637091722,92.5568465385234,0,224.523755099568,241.57250333243,0,211.840482897052,184.249961885477,0,98.417953423071,0,0,0,242.790381480436,0,0,204.481117647118,0,154.142998692322,0,163.059043292369,0,212.592150359921,0,164.032723165762,0,0,0,145.74089716123,183.786860782462,0,205.09013266389,92.5207898118833,309.997227542691
0,0,0,0,0,0,0,0,0,154.070293657878,0,133.984214699576,0,0,0,0,0,283.88658203332,177.763106506206,124.853650664477,0,0,0,0,0,0,201.100640800745,0,212.592150359921,0,0,151.075371308616,0,214.116367924649,0,0,84.3635741045246,0,0,0,252.487290983309
0,0,0,146.770754374523,115.541295036174,0,0,0,0,0,162.833808134102,0,0,0,0,0,0,0,0,0,90.1317194604647,0,0,0,0,0,0,0,0,0,0,0,0,98.2230592632363,97.3232815600345,0,0,0,0,0,0
0,0,0,0,161.74915061469,0,0,219.040656038919,0,81.9664354533492,94.027247878695,0,0,0,0,0,0,0,0,0,0,0,249.798812580765,0,0,321.124897279917,0,0,164.032723165762,151.075371308616,0,0,0,0,0,0,96.5937438588657,238.934743274142,0,0,205.183249704085
0,0,0,106.926813611922,0,0,0,0,0,0,0,0,0,0,0,0,0,0,0,219.078548227669,0,0,110.384905066973,67.8267069095267,0,0,0,0,0,0,0,0,0,0,0,0,104.369974912428,0,0,0,0
0,0,0,0,348.674510760064,228.792310020318,70.4221432298295,71.5579325720569,188.936291522747,205.839960264176,195.822649557859,226.825099357786,0,227.504408813069,0,178.683678585178,104.915316975638,323.781250289068,0,0,333.645516435298,174.013630695256,175.196329314064,306.344527664232,0,0,0,321.864157986053,0,214.116367924649,98.2230592632363,0,0,0,98.6790043377568,116.176698124939,138.33942793804,140.574866691684,113.144980278377,158.567996645797,115.194491798135
161.694997919804,0,197.893790332676,0,58.3493451392805,0,241.635434294794,0,125.416941482916,0,97.5855511246009,160.530221557972,112.793316814908,142.054529471577,0,153.453047983244,0,101.895308036513,0,0,94.8881692391942,0,94.126460729827,196.032358954952,128.846764897717,173.201474590904,262.382215657622,195.378266313867,0,0,97.3232815600345,0,0,98.6790043377568,0,0,320.356811100276,135.294330067913,108.381749703452,247.66948903751,151.036729364761
0,0,0,151.695570509541,0,0,303.527509149359,0,0,139.93285932648,0,106.33736463831,62.311273509377,276.620869034647,0,0,101.85207633558,0,0,153.876396855887,0,0,0,101.350815329073,338.131802716296,178.748963182352,0,136.792307586862,145.74089716123,0,0,0,0,116.176698124939,0,0,306.640284138334,193.055010680236,231.050882209,128.530575464043,125.994729980093
146.465927798921,61.0664810463559,193.659409924573,111.226326353722,0,314.611698427915,213.67670887414,172.608400267715,0,134.566479261133,0,284.529238481835,0,208.005106191961,81.2827395071039,71.4788760670054,0,280.376028997576,0,139.654362654449,223.705816669619,0,128.405764333981,0,115.871357769661,163.945208919892,82.6426202489162,180.90030328818,183.786860782462,84.3635741045246,0,96.5937438588657,104.369974912428,138.33942793804,320.356811100276,306.640284138334,0,85.7623170715703,120.567029282014,155.901486485736,0
0,103.519938150021,0,66.5008477853491,169.742003380707,220.901129804706,75.4497121078207,0,0,0,106.533627130087,0,0,0,225.013371621378,0,0,0,240.185081663983,151.806152521152,0,0,201.44584889478,0,0,151.01089327964,101.5853655613,259.055025639447,0,0,0,238.934743274142,0,140.574866691684,135.294330067913,193.055010680236,85.7623170715703,0,0,136.685314494491,134.960780198024
0,0,0,94.7280504127031,0,114.511014214502,0,0,0,167.066576495979,0,329.719143597451,241.682021696872,0,0,0,0,0,0,0,0,0,0,119.728129215699,300.031143529538,0,154.065933476765,186.348837226466,205.09013266389,0,0,0,0,113.144980278377,108.381749703452,231.050882209,120.567029282014,0,0,62.859596780235,0
0,74.7304794244225,0,220.963068032256,0,0,187.77054666536,138.425725342224,0,0,94.9380989123498,209.996727521564,0,0,99.3508940827211,202.712457066107,78.9559315574845,173.538155409849,0,161.302948562323,0,178.224497384947,357.423078228283,82.1742780037132,0,112.823430872325,94.7529894315991,236.681907140956,92.5207898118833,0,0,0,0,158.567996645797,247.66948903751,128.530575464043,155.901486485736,136.685314494491,62.859596780235,0,73.4795582048751
0,0,0,0,0,181.316358113209,0,73.1029054543569,0,0,82.4756938751058,0,131.969743415579,89.707245288964,0,259.442917595754,0,0,0,97.3506957544063,89.9429017381717,78.8552325762656,0,196.04190773555,0,186.973586461633,180.355266595273,74.4197823064597,309.997227542691,252.487290983309,0,205.183249704085,0,115.194491798135,151.036729364761,125.994729980093,0,134.960780198024,0,73.4795582048751,0
