0,0,0,0,0,0,0,0,0,0,0,0,0,0,0,0,0,0,0,183.786860782462,0,0,0,0,0,0,82.6426202489162,0,112.793316814908,0,0,0,0,0,0,0,217.157696745803,0,276.620869034647,0,94.027247878695
0,0,0,0,0,0,0,202.712457066107,0,153.876396855887,0,0,0,0,206.912707094411,0,219.078548227669,0,0,0,0,0,0,0,0,0,0,0,0,0,0,0,0,0,306.344527664232,0,187.77054666536,0,0,67.8267069095267,0
0,0,0,133.984214699576,0,0,0,0,0,0,0,137.177378802006,0,0,0,0,0,143.005810983322,0,0,0,0,0,0,0,0,0,0,0,0,0,0,0,0,0,0,71.4788760670054,0,0,0,99.2646516363145
0,0,133.984214699576,0,114.511014214502,0,0,101.85207633558,0,193.659409924573,92.5568465385234,0,0,0,116.176698124939,0,0,0,0,0,80.4367166559625,0,0,145.74089716123,0,101.443495235174,0,0,0,0,0,0,0,314.611698427915,0,0,62.859596780235,0,0,96.5937438588657,104.915316975638
0,0,0,114.511014214502,0,0,0,353.822894641502,0,178.224497384947,58.3493451392805,0,0,0,0,0,0,0,0,0,0,154.142998692322,0,0,0,0,0,0,0,173.059382066957,82.1742780037132,0,0,111.435629183184,198.964527389285,82.6299537488922,139.654362654449,0,280.376028997576,303.527509149359,85.6072705949986
0,0,0,0,0,0,92.3502314520023,134.960780198024,262.382215657622,0,61.0664810463559,139.93285932648,0,0,0,0,0,172.608400267715,75.4497121078207,0,269.936825670274,0,0,0,0,0,188.936291522747,335.371040201042,0,0,0,108.381749703452,0,78.8552325762656,0,0,0,0,161.275817184598,100.812745974529,0
0,0,0,0,0,92.3502314520023,0,0,0,153.609372090384,0,0,0,89.1590885155172,151.036729364761,0,151.075371308616,0,0,151.695570509541,0,0,154.070293657878,0,0,0,0,325.937289045041,0,0,0,0,0,128.405764333981,196.032358954952,101.5853655613,0,255.441154257905,0,109.093416850988,0
0,202.712457066107,0,101.85207633558,353.822894641502,134.960780198024,0,0,0,0,0,171.230058197369,0,0,223.705816669619,0,0,0,165.597665022977,0,0,306.640284138334,0,0,0,0,0,151.806152521152,0,0,0,153.453047983244,0,117.208001126138,169.742003380707,0,115.868441404982,0,139.792601838991,247.66948903751,146.99041817625
0,0,0,0,0,262.382215657622,0,0,0,0,222.053792850439,0,0,0,0,0,0,0,0,0,0,0,160.537522273714,0,0,193.055010680236,128.846764897717,0,0,142.385058730083,0,0,0,0,199.492852797962,0,224.523755099568,177.763106506206,205.183249704085,180.355266595273,0
0,153.876396855887,0,193.659409924573,178.224497384947,0,153.609372090384,0,0,0,158.567996645797,0,0,241.57250333243,205.839960264176,0,135.667029391615,0,0,0,165.893015276821,106.926813611922,66.5008477853491,0,0,119.345624434514,0,157.852515740516,174.013630695256,0,0,81.2827395071039,259.442917595754,0,0,0,0,74.4197823064597,0,0,345.797434674459
0,0,0,92.5568465385234,58.3493451392805,61.0664810463559,0,0,222.053792850439,158.567996645797,0,0,0,0,0,0,0,0,0,169.453147353278,0,0,0,195.378266313867,124.698445421759,321.124897279917,194.442125915551,106.533627130087,84.3635741045246,0,0,0,0,133.218162784108,0,0,168.241326865882,96.7845769653343,167.066576495979,0,0
0,0,137.177378802006,0,0,139.93285932648,0,171.230058197369,0,0,0,0,76.5072790361762,211.840482897052,0,136.685314494491,0,0,0,164.032723165762,0,0,0,90.7216186966914,172.892533368851,0,115.541295036174,197.893790332676,205.09013266389,0,114.649126378906,0,0,116.054372245433,101.605593487621,192.693757128262,241.635434294794,180.543851962045,158.955087279859,338.131802716296,106.33736463831
0,0,0,0,0,0,0,0,0,0,0,76.5072790361762,0,0,0,0,0,0,0,0,74.5815074003433,0,0,0,0,0,0,0,0,0,0,0,0,283.248188884028,0,0,215.611029055736,146.465927798921,0,0,178.748963182352
0,0,0,0,0,0,89.1590885155172,0,0,241.57250333243,0,211.840482897052,0,0,0,0,0,0,0,125.994729980093,0,0,0,228.075434767255,120.912756812582,0,0,283.88658203332,98.417953423071,0,208.005106191961,0,0,231.050882209,0,94.9380989123498,261.440278806413,0,0,329.719143597451,137.239127032733
0,206.912707094411,0,116.176698124939,0,0,151.036729364761,223.705816669619,0,205.839960264176,0,0,0,0,0,0,0,0,242.790381480436,0,0,0,0,0,0,150.161410108805,0,212.592150359921,0,0,0,0,0,98.6790043377568,0,140.574866691684,153.672550905948,0,0,90.1317194604647,0
0,0,0,0,0,0,0,0,0,0,0,136.685314494491,0,0,0,0,0,0,0,0,93.5029580098427,193.777661225572,0,124.853650664477,0,81.9664354533492,309.997227542691,94.7529894315991,0,0,0,0,0,0,200.878319874537,209.996727521564,131.969743415579,0,0,163.945208919892,0
0,219.078548227669,0,0,0,0,151.075371308616,0,0,135.667029391615,0,0,0,0,0,0,0,0,0,0,0,0,0,225.013371621378,0,0,0,0,181.316358113209,0,0,0,0,186.348837226466,173.201474590904,0,184.249961885477,0,0,94.8881692391942,94.126460729827
0,0,143.005810983322,0,0,172.608400267715,0,0,0,0,0,0,0,0,0,0,0,0,0,195.822649557859,0,0,89.707245288964,0,320.356811100276,0,0,173.538155409849,0,0,0,179.718364159796,0,125.416941482916,0,198.528111506785,0,0,0,0,0
0,0,0,0,0,75.4497121078207,0,165.597665022977,0,0,0,0,0,0,242.790381480436,0,0,0,0,0,0,0,0,141.204637091722,220.963068032256,0,72.2278283150671,0,321.864157986053,112.349934713559,0,0,137.189596148386,154.065933476765,250.461724766314,0,70.4221432298295,0,0,0,0
183.786860782462,0,0,0,0,0,151.695570509541,0,0,0,169.453147353278,164.032723165762,0,125.994729980093,0,0,0,195.822649557859,0,0,0,0,71.5579325720569,0,357.423078228283,101.895308036513,138.33942793804,62.311273509377,161.74915061469,0,0,0,0,0,111.226326353722,227.504408813069,128.530575464043,0,97.5855511246009,0,228.792310020318
0,0,0,80.4367166559625,0,269.936825670274,0,0,0,165.893015276821,0,0,74.5815074003433,0,0,93.5029580098427,0,0,0,0,0,0,0,0,0,0,0,241.682021696872,0,80.8080171296381,206.472608421747,0,0,0,89.3673883748406,0,115.332064605654,261.605527103798,0,323.781250289068,284.529238481835
0,0,0,0,154.142998692322,0,0,306.640284138334,0,106.926813611922,0,0,0,0,0,193.777661225572,0,0,0,0,0,0,0,0,0,0,0,0,0,0,0,73.1029054543569,0,0,263.534399241887,0,0,0,178.683678585178,0,232.945974238958
0,0,0,0,0,0,154.070293657878,0,160.537522273714,66.5008477853491,0,0,0,0,0,0,0,89.707245288964,0,71.5579325720569,0,0,0,98.2230592632363,190.185165668632,0,240.185081663983,87.8456058929559,82.4756938751058,0,0,0,0,161.325017232684,110.384905066973,0,193.63278243493,173.001559092555,0,188.851177466023,0
0,0,0,145.74089716123,0,0,0,0,0,0,195.378266313867,90.7216186966914,0,228.075434767255,0,124.853650664477,225.013371621378,0,141.204637091722,0,0,0,98.2230592632363,0,0,136.792307586862,89.9429017381717,197.486504603685,146.770754374523,348.674510760064,0,0,0,259.055025639447,115.114253591495,231.715271819474,0,219.430938885781,0,161.694997919804,224.551207449728
0,0,0,0,0,0,0,0,0,0,124.698445421759,172.892533368851,0,120.912756812582,0,0,0,320.356811100276,220.963068032256,357.423078228283,0,0,190.185165668632,0,0,300.031143529538,0,0,0,0,0,0,0,159.183173818572,0,238.934743274142,0,0,0,0,0
0,0,0,101.443495235174,0,0,0,0,193.055010680236,119.345624434514,321.124897279917,0,0,0,150.161410108805,81.9664354533492,0,0,0,101.895308036513,0,0,0,136.792307586862,300.031143529538,0,253.401634605989,78.9559315574845,213.67670887414,0,0,154.784755881607,0,104.369974912428,221.805809452716,347.376449530863,151.01089327964,97.3506957544063,0,214.116367924649,94.7280504127031
82.6426202489162,0,0,0,0,188.936291522747,0,0,128.846764897717,0,194.442125915551,115.541295036174,0,0,0,309.997227542691,0,0,72.2278283150671,138.33942793804,0,0,240.185081663983,89.9429017381717,0,253.401634605989,0,108.136066660554,161.302948562323,0,249.905610015455,0,0,180.90030328818,289.631679007608,135.294330067913,204.481117647118,0,146.814226519809,191.519780382943,0
0,0,0,0,0,335.371040201042,325.937289045041,151.806152521152,0,157.852515740516,106.533627130087,197.893790332676,0,283.88658203332,212.592150359921,94.7529894315991,0,173.538155409849,0,62.311273509377,241.682021696872,0,87.8456058929559,197.486504603685,0,78.9559315574845,108.136066660554,0,138.425725342224,0,0,175.196329314064,120.567029282014,226.825099357786,195.314816908693,85.7623170715703,160.530221557972,192.135034768848,201.100640800745,112.823430872325,249.798812580765
112.793316814908,0,0,0,0,0,0,0,0,174.013630695256,84.3635741045246,205.09013266389,0,98.417953423071,0,0,181.316358113209,0,321.864157986053,161.74915061469,0,0,82.4756938751058,146.770754374523,0,213.67670887414,161.302948562323,138.425725342224,0,171.906398392157,0,103.519938150021,97.3232815600345,0,115.871357769661,0,93.4234866874731,113.144980278377,0,252.487290983309,218.045528847001
0,0,0,0,173.059382066957,0,0,0,142.385058730083,0,0,0,0,0,0,0,0,0,112.349934713559,0,80.8080171296381,0,0,348.674510760064,0,0,0,0,171.906398392157,0,0,0,118.522099274347,0,0,219.040656038919,204.084074037941,142.054529471577,0,115.194491798135,0
0,0,0,0,82.1742780037132,0,0,0,0,0,0,114.649126378906,0,208.005106191961,0,0,0,0,0,0,206.472608421747,0,0,0,0,0,249.905610015455,0,0,0,0,0,0,0,0,0,0,0,0,125.81518738273,0
0,0,0,0,0,108.381749703452,0,153.453047983244,0,81.2827395071039,0,0,0,0,0,0,0,179.718364159796,0,0,0,73.1029054543569,0,0,0,154.784755881607,0,175.196329314064,103.519938150021,0,0,0,0,95.7590805983148,0,0,74.7304794244225,113.059176128709,0,0,0
0,0,0,0,0,0,0,0,0,259.442917595754,0,0,0,0,0,0,0,0,137.189596148386,0,0,0,0,0,0,0,0,120.567029282014,97.3232815600345,118.522099274347,0,0,0,0,0,0,0,0,0,0,0
0,0,0,314.611698427915,111.435629183184,78.8552325762656,128.405764333981,117.208001126138,0,0,133.218162784108,116.054372245433,283.248188884028,231.050882209,98.6790043377568,0,186.348837226466,125.416941482916,154.065933476765,0,0,0,161.325017232684,259.055025639447,159.183173818572,104.369974912428,180.90030328818,226.825099357786,0,0,0,95.7590805983148,0,0,162.833808134102,134.566479261133,101.350815329073,148.808626413748,99.3508940827211,333.645516435298,0
0,306.344527664232,0,0,198.964527389285,0,196.032358954952,169.742003380707,199.492852797962,0,0,101.605593487621,0,0,0,200.878319874537,173.201474590904,0,250.461724766314,111.226326353722,89.3673883748406,263.534399241887,110.384905066973,115.114253591495,0,221.805809452716,289.631679007608,195.314816908693,115.871357769661,0,0,0,0,162.833808134102,0,155.24952173131,92.5207898118833,220.901129804706,192.601533877686,155.901486485736,122.106946855269
0,0,0,0,82.6299537488922,0,101.5853655613,0,0,0,0,192.693757128262,0,94.9380989123498,140.574866691684,209.996727521564,0,198.528111506785,0,227.504408813069,0,0,0,231.715271819474,238.934743274142,347.376449530863,135.294330067913,85.7623170715703,0,219.040656038919,0,0,0,134.566479261133,155.24952173131,0,106.128596538706,251.098274723989,0,201.44584889478,0
217.157696745803,187.77054666536,71.4788760670054,62.859596780235,139.654362654449,0,0,115.868441404982,224.523755099568,0,168.241326865882,241.635434294794,215.611029055736,261.440278806413,153.672550905948,131.969743415579,184.249961885477,0,70.4221432298295,128.530575464043,115.332064605654,0,193.63278243493,0,0,151.01089327964,204.481117647118,160.530221557972,93.4234866874731,204.084074037941,0,74.7304794244225,0,101.350815329073,92.5207898118833,106.128596538706,0,73.4795582048751,196.04190773555,0,119.728129215699
0,0,0,0,0,0,255.441154257905,0,177.763106506206,74.4197823064597,96.7845769653343,180.543851962045,146.465927798921,0,0,0,0,0,0,0,261.605527103798,0,173.001559092555,219.430938885781,0,97.3506957544063,0,192.135034768848,113.144980278377,142.054529471577,0,113.059176128709,0,148.808626413748,220.901129804706,251.098274723989,73.4795582048751,0,0,236.681907140956,163.059043292369
276.620869034647,0,0,0,280.376028997576,161.275817184598,0,139.792601838991,205.183249704085,0,167.066576495979,158.955087279859,0,0,0,0,0,0,0,97.5855511246009,0,178.683678585178,0,0,0,0,146.814226519809,201.100640800745,0,0,0,0,0,99.3508940827211,192.601533877686,0,196.04190773555,0,0,0,186.973586461633
0,67.8267069095267,0,96.5937438588657,303.527509149359,100.812745974529,109.093416850988,247.66948903751,180.355266595273,0,0,338.131802716296,0,329.719143597451,90.1317194604647,163.945208919892,94.8881692391942,0,0,0,323.781250289068,0,188.851177466023,161.694997919804,0,214.116367924649,191.519780382943,112.823430872325,252.487290983309,115.194491798135,125.81518738273,0,0,333.645516435298,155.901486485736,201.44584889478,0,236.681907140956,0,0,0
94.027247878695,0,99.2646516363145,104.915316975638,85.6072705949986,0,0,146.99041817625,0,345.797434674459,0,106.33736463831,178.748963182352,137.239127032733,0,0,94.126460729827,0,0,228.792310020318,284.529238481835,232.945974238958,0,224.551207449728,0,94.7280504127031,0,249.798812580765,218.045528847001,0,0,0,0,0,122.106946855269,0,119.728129215699,163.059043292369,186.973586461633,0,0
