0,0,0,0,0,101.895308036513,0,0,0,0,137.239127032733,0,0,0,0,0,0,137.189596148386,0,0,0,0,0,0,0,0,0,92.5568465385234,0,0,0,0,0,240.185081663983,0,0,0,0,0,241.57250333243,0
0,0,0,76.5072790361762,0,0,181.316358113209,0,0,89.3673883748406,0,0,0,0,0,0,0,0,0,0,0,0,0,0,0,0,0,223.705816669619,0,0,0,0,0,103.519938150021,0,0,62.859596780235,0,0,0,219.078548227669
0,0,0,0,0,0,0,0,0,0,0,168.241326865882,0,0,0,0,0,0,0,0,0,0,0,0,0,0,0,97.5855511246009,226.825099357786,0,0,0,0,0,0,215.611029055736,199.492852797962,0,0,0,0
0,76.5072790361762,0,0,0,0,0,0,0,196.04190773555,119.728129215699,335.371040201042,0,0,0,259.055025639447,0,0,0,113.144980278377,0,0,78.9559315574845,0,261.605527103798,0,314.611698427915,0,0,0,0,109.093416850988,0,0,111.226326353722,0,0,0,161.694997919804,128.405764333981,0
0,0,0,0,0,106.533627130087,0,0,141.204637091722,353.822894641502,0,140.574866691684,0,87.8456058929559,0,136.792307586862,0,0,0,133.984214699576,0,0,0,0,115.114253591495,0,198.528111506785,0,0,158.955087279859,0,0,0,0,0,192.601533877686,89.707245288964,0,0,128.846764897717,212.592150359921
101.895308036513,0,0,0,106.533627130087,0,0,106.128596538706,164.032723165762,0,0,151.036729364761,0,0,0,338.131802716296,0,0,0,178.683678585178,82.6299537488922,0,0,0,0,0,0,135.667029391615,194.442125915551,0,0,0,329.719143597451,195.314816908693,208.005106191961,0,0,0,0,0,186.973586461633
0,181.316358113209,0,0,0,0,0,0,0,80.4367166559625,89.9429017381717,284.529238481835,0,0,125.994729980093,0,0,0,193.777661225572,153.672550905948,0,0,165.893015276821,0,0,0,0,112.349934713559,0,0,0,0,0,192.135034768848,0,142.385058730083,150.161410108805,0,0,204.084074037941,0
0,0,0,0,0,106.128596538706,0,0,0,0,228.075434767255,0,0,218.045528847001,0,0,205.839960264176,0,0,0,160.530221557972,0,138.33942793804,134.960780198024,0,142.054529471577,188.936291522747,0,0,0,0,0,0,214.116367924649,188.851177466023,205.183249704085,0,143.005810983322,81.9664354533492,73.1029054543569,306.344527664232
0,0,0,0,141.204637091722,164.032723165762,0,0,0,0,0,0,0,0,0,0,0,0,0,0,0,0,0,90.1317194604647,162.833808134102,0,283.248188884028,0,85.7623170715703,0,0,323.781250289068,0,0,92.5207898118833,0,0,262.382215657622,78.8552325762656,289.631679007608,0
0,89.3673883748406,0,196.04190773555,353.822894641502,0,80.4367166559625,0,0,0,0,173.001559092555,0,146.99041817625,0,222.053792850439,0,0,0,0,0,0,125.81518738273,82.1742780037132,0,112.793316814908,161.74915061469,0,224.551207449728,192.693757128262,0,0,161.275817184598,0,180.355266595273,138.425725342224,74.5815074003433,0,146.465927798921,0,0
137.239127032733,0,0,119.728129215699,0,0,89.9429017381717,228.075434767255,0,0,0,0,0,0,116.054372245433,0,0,0,0,219.040656038919,94.126460729827,0,82.6426202489162,193.659409924573,0,151.075371308616,104.915316975638,0,0,154.784755881607,0,0,0,0,0,0,179.718364159796,0,163.945208919892,161.302948562323,263.534399241887
0,0,168.241326865882,335.371040201042,140.574866691684,151.036729364761,284.529238481835,0,0,173.001559092555,0,0,0,94.7529894315991,112.823430872325,0,0,0,0,220.963068032256,0,0,101.85207633558,148.808626413748,0,0,120.567029282014,0,110.384905066973,0,0,0,0,146.770754374523,117.208001126138,101.443495235174,115.868441404982,191.519780382943,154.142998692322,231.050882209,101.605593487621
0,0,0,0,0,0,0,0,0,0,0,0,0,0,0,0,0,0,0,0,0,0,0,66.5008477853491,0,159.183173818572,0,213.67670887414,0,0,0,0,0,209.996727521564,276.620869034647,0,0,174.013630695256,0,0,0
0,0,0,0,87.8456058929559,0,0,218.045528847001,0,146.99041817625,0,94.7529894315991,0,0,0,0,0,0,0,187.77054666536,0,0,0,173.538155409849,0,333.645516435298,0,247.66948903751,67.8267069095267,0,0,0,0,111.435629183184,137.177378802006,0,116.176698124939,236.681907140956,0,0,300.031143529538
0,0,0,0,0,0,125.994729980093,0,0,0,116.054372245433,112.823430872325,0,0,0,0,153.609372090384,0,0,0,139.792601838991,0,0,125.416941482916,0,177.763106506206,0,124.853650664477,0,219.430938885781,0,0,0,0,0,0,197.486504603685,0,93.4234866874731,124.698445421759,0
0,0,0,259.055025639447,136.792307586862,338.131802716296,0,0,0,222.053792850439,0,0,0,0,0,0,178.748963182352,0,0,0,108.136066660554,0,0,0,113.059176128709,0,0,0,0,0,0,0,0,0,0,0,249.798812580765,193.055010680236,0,157.852515740516,348.674510760064
0,0,0,0,0,0,0,205.839960264176,0,0,0,0,0,0,153.609372090384,178.748963182352,0,197.893790332676,0,0,0,0,195.378266313867,180.543851962045,0,0,0,0,320.356811100276,0,0,0,0,238.934743274142,0,0,0,202.712457066107,0,172.608400267715,0
137.189596148386,0,0,0,0,0,0,0,0,0,0,0,0,0,0,0,197.893790332676,0,0,0,0,0,0,0,0,96.5937438588657,167.066576495979,321.864157986053,0,0,0,0,0,252.487290983309,0,0,158.567996645797,0,228.792310020318,0,114.511014214502
0,0,0,0,0,0,193.777661225572,0,0,0,0,0,0,0,0,0,0,0,0,0,0,345.797434674459,0,193.63278243493,0,115.541295036174,0,0,74.4197823064597,128.530575464043,0,74.7304794244225,0,0,73.4795582048751,198.964527389285,58.3493451392805,259.442917595754,0,0,151.695570509541
0,0,0,113.144980278377,133.984214699576,178.683678585178,153.672550905948,0,0,0,219.040656038919,220.963068032256,0,187.77054666536,0,0,0,0,0,0,0,0,0,0,0,153.876396855887,269.936825670274,232.945974238958,221.805809452716,169.742003380707,0,0,0,94.8881692391942,0,306.640284138334,0,255.441154257905,0,89.1590885155172,81.2827395071039
0,0,0,0,0,82.6299537488922,0,160.530221557972,0,0,94.126460729827,0,0,0,139.792601838991,108.136066660554,0,0,0,0,0,0,0,0,154.070293657878,90.7216186966914,0,95.7590805983148,0,0,0,0,0,145.74089716123,82.4756938751058,0,153.453047983244,94.7280504127031,0,169.453147353278,0
0,0,0,0,0,0,0,0,0,0,0,0,0,0,0,0,0,0,345.797434674459,0,0,0,0,0,0,0,0,98.2230592632363,211.840482897052,0,0,0,0,204.481117647118,62.311273509377,0,100.812745974529,0,136.685314494491,195.822649557859,0
0,0,0,78.9559315574845,0,0,165.893015276821,138.33942793804,0,125.81518738273,82.6426202489162,101.85207633558,0,0,0,0,195.378266313867,0,0,0,0,0,0,0,0,200.878319874537,173.201474590904,80.8080171296381,160.537522273714,0,0,0,0,84.3635741045246,220.901129804706,146.814226519809,196.032358954952,0,0,0,0
0,0,0,0,0,0,0,134.960780198024,90.1317194604647,82.1742780037132,193.659409924573,148.808626413748,66.5008477853491,173.538155409849,125.416941482916,0,180.543851962045,0,193.63278243493,0,0,0,0,0,0,0,0,151.806152521152,224.523755099568,0,0,0,0,135.294330067913,206.912707094411,201.44584889478,72.2278283150671,250.461724766314,0,71.5579325720569,120.912756812582
0,0,0,261.605527103798,115.114253591495,0,0,0,162.833808134102,0,0,0,0,0,0,113.059176128709,0,0,0,0,154.070293657878,0,0,0,0,0,0,253.401634605989,106.926813611922,0,0,0,0,0,0,183.786860782462,106.33736463831,94.9380989123498,0,0,0
0,0,0,0,0,0,0,142.054529471577,0,112.793316814908,151.075371308616,0,159.183173818572,333.645516435298,177.763106506206,0,0,96.5937438588657,115.541295036174,153.876396855887,90.7216186966914,0,200.878319874537,0,0,0,205.09013266389,186.348837226466,163.059043292369,0,0,0,0,155.901486485736,154.065933476765,303.527509149359,0,171.906398392157,0,104.369974912428,283.88658203332
0,0,0,314.611698427915,198.528111506785,0,0,188.936291522747,283.248188884028,161.74915061469,104.915316975638,120.567029282014,0,0,0,0,0,167.066576495979,0,269.936825670274,0,0,173.201474590904,0,0,205.09013266389,0,241.635434294794,321.124897279917,0,0,101.350815329073,0,241.682021696872,101.5853655613,0,92.3502314520023,133.218162784108,122.106946855269,0,139.654362654449
92.5568465385234,223.705816669619,97.5855511246009,0,0,135.667029391615,112.349934713559,0,0,0,0,0,213.67670887414,247.66948903751,124.853650664477,0,0,321.864157986053,0,232.945974238958,95.7590805983148,98.2230592632363,80.8080171296381,151.806152521152,253.401634605989,186.348837226466,241.635434294794,0,0,99.2646516363145,227.504408813069,85.6072705949986,251.098274723989,175.196329314064,118.522099274347,357.423078228283,161.325017232684,0,139.93285932648,71.4788760670054,0
0,0,226.825099357786,0,0,194.442125915551,0,0,85.7623170715703,224.551207449728,0,110.384905066973,0,67.8267069095267,0,0,320.356811100276,0,74.4197823064597,221.805809452716,0,211.840482897052,160.537522273714,224.523755099568,106.926813611922,163.059043292369,321.124897279917,0,0,0,0,173.059382066957,0,155.24952173131,190.185165668632,0,115.332064605654,0,0,114.649126378906,94.027247878695
0,0,0,0,158.955087279859,0,0,0,0,192.693757128262,154.784755881607,0,0,0,219.430938885781,0,0,0,128.530575464043,169.742003380707,0,0,0,0,0,0,0,99.2646516363145,0,0,0,0,0,115.871357769661,0,206.472608421747,171.230058197369,0,0,201.100640800745,0
0,0,0,0,0,0,0,0,0,0,0,0,0,0,0,0,0,0,0,0,0,0,0,0,0,0,0,227.504408813069,0,0,0,0,0,0,347.376449530863,0,242.790381480436,280.376028997576,119.345624434514,108.381749703452,0
0,0,0,109.093416850988,0,0,0,0,323.781250289068,0,0,0,0,0,0,0,0,0,74.7304794244225,0,0,0,0,0,0,0,101.350815329073,85.6072705949986,173.059382066957,0,0,0,0,93.5029580098427,151.01089327964,134.566479261133,261.440278806413,0,0,0,115.194491798135
0,0,0,0,0,329.719143597451,0,0,0,161.275817184598,0,0,0,0,0,0,0,0,0,0,0,0,0,0,0,0,0,251.098274723989,0,0,0,0,0,0,0,0,131.969743415579,61.0664810463559,0,0,0
240.185081663983,103.519938150021,0,0,0,195.314816908693,192.135034768848,214.116367924649,0,0,0,146.770754374523,209.996727521564,111.435629183184,0,0,238.934743274142,252.487290983309,0,94.8881692391942,145.74089716123,204.481117647118,84.3635741045246,135.294330067913,0,155.901486485736,241.682021696872,175.196329314064,155.24952173131,115.871357769661,0,93.5029580098427,0,0,99.3508940827211,217.157696745803,165.597665022977,178.224497384947,0,172.892533368851,0
0,0,0,111.226326353722,0,208.005106191961,0,188.851177466023,92.5207898118833,180.355266595273,0,117.208001126138,276.620869034647,137.177378802006,0,0,0,0,73.4795582048751,0,82.4756938751058,62.311273509377,220.901129804706,206.912707094411,0,154.065933476765,101.5853655613,118.522099274347,190.185165668632,0,347.376449530863,151.01089327964,0,99.3508940827211,0,231.715271819474,98.6790043377568,325.937289045041,97.3506957544063,249.905610015455,0
0,0,215.611029055736,0,192.601533877686,0,142.385058730083,205.183249704085,0,138.425725342224,0,101.443495235174,0,0,0,0,0,0,198.964527389285,306.640284138334,0,0,146.814226519809,201.44584889478,183.786860782462,303.527509149359,0,357.423078228283,0,206.472608421747,0,134.566479261133,0,217.157696745803,231.715271819474,0,184.249961885477,0,0,0,96.7845769653343
0,62.859596780235,199.492852797962,0,89.707245288964,0,150.161410108805,0,0,74.5815074003433,179.718364159796,115.868441404982,0,116.176698124939,197.486504603685,249.798812580765,0,158.567996645797,58.3493451392805,0,153.453047983244,100.812745974529,196.032358954952,72.2278283150671,106.33736463831,0,92.3502314520023,161.325017232684,115.332064605654,171.230058197369,242.790381480436,261.440278806413,131.969743415579,165.597665022977,98.6790043377568,184.249961885477,0,225.013371621378,0,98.417953423071,180.90030328818
0,0,0,0,0,0,0,143.005810983322,262.382215657622,0,0,191.519780382943,174.013630695256,236.681907140956,0,193.055010680236,202.712457066107,0,259.442917595754,255.441154257905,94.7280504127031,0,0,250.461724766314,94.9380989123498,171.906398392157,133.218162784108,0,0,0,280.376028997576,0,61.0664810463559,178.224497384947,325.937289045041,0,225.013371621378,0,0,0,309.997227542691
0,0,0,161.694997919804,0,0,0,81.9664354533492,78.8552325762656,146.465927798921,163.945208919892,154.142998692322,0,0,93.4234866874731,0,0,228.792310020318,0,0,0,136.685314494491,0,0,0,0,122.106946855269,139.93285932648,0,0,119.345624434514,0,0,0,97.3506957544063,0,0,0,0,70.4221432298295,75.4497121078207
241.57250333243,0,0,128.405764333981,128.846764897717,0,204.084074037941,73.1029054543569,289.631679007608,0,161.302948562323,231.050882209,0,0,124.698445421759,157.852515740516,172.608400267715,0,0,89.1590885155172,169.453147353278,195.822649557859,0,71.5579325720569,0,104.369974912428,0,71.4788760670054,114.649126378906,201.100640800745,108.381749703452,0,0,172.892533368851,249.905610015455,0,98.417953423071,0,70.4221432298295,0,97.3232815600345
0,219.078548227669,0,0,212.592150359921,186.973586461633,0,306.344527664232,0,0,263.534399241887,101.605593487621,0,300.031143529538,0,348.674510760064,0,114.511014214502,151.695570509541,81.2827395071039,0,0,0,120.912756812582,0,283.88658203332,139.654362654449,0,94.027247878695,0,0,115.194491798135,0,0,0,96.7845769653343,180.90030328818,309.997227542691,75.4497121078207,97.3232815600345,0
