0,0,0,0,0,0,0,0,0,119.345624434514,0,0,0,0,0,0,0,0,0,0,0,0,0,0,0,0,236.681907140956,0,0,0,0,0,0,0,163.059043292369,198.964527389285,0,204.481117647118,0,173.001559092555,0
0,0,0,0,0,0,0,0,0,0,0,73.4795582048751,0,0,0,0,0,0,0,146.465927798921,0,0,0,0,0,0,0,0,221.805809452716,276.620869034647,0,0,0,0,202.712457066107,0,128.405764333981,0,0,309.997227542691,0
0,0,0,0,0,0,0,0,0,0,259.055025639447,148.808626413748,0,0,0,0,0,0,0,0,0,0,0,0,0,0,0,0,181.316358113209,325.937289045041,0,122.106946855269,0,0,0,0,0,0,0,0,0
0,0,0,0,251.098274723989,0,0,0,0,93.4234866874731,0,168.241326865882,0,89.3673883748406,0,0,0,0,0,0,0,0,0,128.846764897717,0,205.09013266389,0,136.792307586862,219.040656038919,0,0,0,0,0,101.85207633558,151.075371308616,247.66948903751,154.070293657878,146.770754374523,0,0
0,0,0,251.098274723989,0,0,139.792601838991,135.667029391615,0,0,101.605593487621,154.142998692322,0,0,283.88658203332,0,0,0,300.031143529538,0,0,0,115.541295036174,0,0,138.425725342224,0,0,0,0,0,0,0,347.376449530863,0,87.8456058929559,161.74915061469,252.487290983309,115.194491798135,0,0
0,0,0,0,0,0,0,0,0,108.136066660554,164.032723165762,0,0,139.93285932648,0,125.81518738273,206.912707094411,112.793316814908,0,106.926813611922,157.852515740516,0,0,0,0,82.6299537488922,0,0,0,134.960780198024,0,0,0,80.4367166559625,0,238.934743274142,73.1029054543569,0,0,0,348.674510760064
0,0,0,0,139.792601838991,0,0,0,0,0,0,0,0,0,183.786860782462,78.9559315574845,0,0,0,0,0,0,0,0,112.349934713559,191.519780382943,0,78.8552325762656,187.77054666536,0,0,0,0,197.893790332676,175.196329314064,0,180.543851962045,85.7623170715703,220.963068032256,133.218162784108,0
0,0,0,0,135.667029391615,0,0,0,219.430938885781,0,0,0,0,174.013630695256,0,0,0,139.654362654449,0,0,227.504408813069,145.74089716123,231.715271819474,0,224.523755099568,0,113.059176128709,263.534399241887,201.100640800745,0,0,0,0,153.453047983244,190.185165668632,124.853650664477,111.226326353722,0,0,169.742003380707,0
0,0,0,0,0,0,0,219.430938885781,0,0,0,0,0,0,0,62.311273509377,0,0,0,179.718364159796,0,0,0,0,0,0,205.839960264176,169.453147353278,0,0,192.693757128262,0,0,0,98.6790043377568,0,101.895308036513,101.5853655613,0,338.131802716296,173.059382066957
119.345624434514,0,0,93.4234866874731,0,108.136066660554,0,0,0,0,161.275817184598,0,0,0,224.551207449728,0,0,0,0,0,0,72.2278283150671,0,93.5029580098427,186.348837226466,151.01089327964,196.032358954952,249.798812580765,109.093416850988,99.2646516363145,155.24952173131,0,0,0,280.376028997576,0,0,0,137.239127032733,97.5855511246009,255.441154257905
0,0,259.055025639447,0,101.605593487621,164.032723165762,0,0,0,161.275817184598,0,0,218.045528847001,0,0,0,142.054529471577,137.177378802006,0,136.685314494491,106.33736463831,0,192.135034768848,0,0,0,82.4756938751058,99.3508940827211,124.698445421759,0,0,0,0,151.806152521152,0,0,217.157696745803,0,0,178.683678585178,0
0,73.4795582048751,148.808626413748,168.241326865882,154.142998692322,0,0,0,0,0,0,0,0,259.442917595754,0,165.597665022977,0,0,161.694997919804,71.5579325720569,0,94.126460729827,0,74.7304794244225,0,84.3635741045246,110.384905066973,0,116.176698124939,0,0,240.185081663983,0,158.955087279859,94.7529894315991,71.4788760670054,131.969743415579,0,215.611029055736,196.04190773555,171.906398392157
0,0,0,0,0,0,0,0,0,0,218.045528847001,0,0,0,0,0,0,0,0,0,0,0,0,0,0,0,219.078548227669,0,0,0,0,0,0,0,76.5072790361762,0,250.461724766314,104.915316975638,0,283.248188884028,0
0,0,0,89.3673883748406,0,139.93285932648,0,174.013630695256,0,0,0,259.442917595754,0,0,198.528111506785,269.936825670274,0,0,0,0,0,116.054372245433,0,231.050882209,0,0,206.472608421747,0,178.224497384947,0,0,0,0,141.204637091722,0,0,0,97.3232815600345,125.416941482916,0,172.608400267715
0,0,0,0,283.88658203332,0,183.786860782462,0,0,224.551207449728,0,0,0,198.528111506785,0,0,0,357.423078228283,0,0,0,0,172.892533368851,0,0,0,0,135.294330067913,0,0,0,0,0,0,104.369974912428,261.605527103798,0,92.3502314520023,133.984214699576,0,153.672550905948
0,0,0,0,0,125.81518738273,78.9559315574845,0,62.311273509377,0,0,165.597665022977,0,269.936825670274,0,0,0,0,220.901129804706,0,0,0,0,0,0,204.084074037941,0,113.144980278377,0,0,0,0,0,345.797434674459,249.905610015455,0,0,186.973586461633,0,0,0
0,0,0,0,0,206.912707094411,0,0,0,0,142.054529471577,0,0,0,0,0,0,0,0,0,0,0,103.519938150021,0,0,0,0,212.592150359921,0,0,0,241.57250333243,0,0,61.0664810463559,242.790381480436,94.7280504127031,0,115.868441404982,193.659409924573,0
0,0,0,0,0,112.793316814908,0,139.654362654449,0,0,137.177378802006,0,0,0,357.423078228283,0,0,0,0,66.5008477853491,0,0,0,0,0,0,0,82.6426202489162,0,0,0,0,0,0,320.356811100276,0,0,0,0,180.90030328818,200.878319874537
0,0,0,0,300.031143529538,0,0,0,0,0,0,161.694997919804,0,0,0,220.901129804706,0,0,0,97.3506957544063,163.945208919892,0,0,195.822649557859,0,0,162.833808134102,161.302948562323,120.912756812582,0,0,0,0,0,0,0,222.053792850439,0,0,115.871357769661,96.7845769653343
0,146.465927798921,0,0,0,106.926813611922,0,0,179.718364159796,0,136.685314494491,71.5579325720569,0,0,0,0,0,66.5008477853491,97.3506957544063,0,0,0,0,0,201.44584889478,89.1590885155172,167.066576495979,125.994729980093,195.378266313867,0,0,226.825099357786,0,0,321.864157986053,74.5815074003433,137.189596148386,80.8080171296381,0,0,0
0,0,0,0,0,157.852515740516,0,227.504408813069,0,0,106.33736463831,0,0,0,0,0,0,0,163.945208919892,0,0,0,0,146.814226519809,0,0,0,106.533627130087,0,0,0,0,0,205.183249704085,75.4497121078207,306.640284138334,89.707245288964,0,192.601533877686,193.777661225572,114.511014214502
0,0,0,0,0,0,0,145.74089716123,0,72.2278283150671,0,94.126460729827,0,116.054372245433,0,0,0,0,0,0,0,0,0,0,0,112.823430872325,0,0,0,0,0,0,0,353.822894641502,284.529238481835,0,0,0,0,261.440278806413,0
0,0,0,0,115.541295036174,0,0,231.715271819474,0,0,192.135034768848,0,0,0,172.892533368851,0,103.519938150021,0,0,0,0,0,0,208.005106191961,0,0,143.005810983322,115.114253591495,0,0,0,188.936291522747,0,228.792310020318,159.183173818572,0,95.7590805983148,199.492852797962,0,173.538155409849,241.635434294794
0,0,0,128.846764897717,0,0,0,0,0,93.5029580098427,0,74.7304794244225,0,231.050882209,0,0,0,0,195.822649557859,0,146.814226519809,0,208.005106191961,0,173.201474590904,160.537522273714,0,0,228.075434767255,0,211.840482897052,101.350815329073,0,180.355266595273,115.332064605654,140.574866691684,155.901486485736,154.784755881607,0,92.5207898118833,241.682021696872
0,0,0,0,0,0,112.349934713559,224.523755099568,0,186.348837226466,0,0,0,0,0,0,0,0,0,201.44584889478,0,0,0,173.201474590904,0,195.314816908693,0,184.249961885477,0,0,0,0,0,118.522099274347,0,0,335.371040201042,0,0,0,146.99041817625
0,0,0,205.09013266389,138.425725342224,82.6299537488922,191.519780382943,0,0,151.01089327964,0,84.3635741045246,0,0,0,204.084074037941,0,0,0,89.1590885155172,0,112.823430872325,0,160.537522273714,195.314816908693,0,70.4221432298295,188.851177466023,0,62.859596780235,0,0,0,0,0,150.161410108805,194.442125915551,158.567996645797,98.417953423071,90.7216186966914,323.781250289068
236.681907140956,0,0,0,0,0,0,113.059176128709,205.839960264176,196.032358954952,82.4756938751058,110.384905066973,219.078548227669,206.472608421747,0,0,0,0,162.833808134102,167.066576495979,0,0,143.005810983322,0,0,70.4221432298295,0,0,0,262.382215657622,0,0,120.567029282014,333.645516435298,165.893015276821,0,138.33942793804,153.876396855887,0,321.124897279917,108.381749703452
0,0,0,136.792307586862,0,0,78.8552325762656,263.534399241887,169.453147353278,249.798812580765,99.3508940827211,0,0,0,135.294330067913,113.144980278377,212.592150359921,82.6426202489162,161.302948562323,125.994729980093,106.533627130087,0,115.114253591495,0,184.249961885477,188.851177466023,0,0,151.695570509541,142.385058730083,0,171.230058197369,0,193.63278243493,134.566479261133,94.027247878695,161.325017232684,119.728129215699,98.2230592632363,223.705816669619,314.611698427915
0,221.805809452716,181.316358113209,219.040656038919,0,0,187.77054666536,201.100640800745,0,109.093416850988,124.698445421759,116.176698124939,0,178.224497384947,0,0,0,0,120.912756812582,195.378266313867,0,0,0,228.075434767255,0,0,0,151.695570509541,0,306.344527664232,0,0,0,89.9429017381717,81.9664354533492,94.9380989123498,94.8881692391942,81.2827395071039,92.5568465385234,0,232.945974238958
0,276.620869034647,325.937289045041,0,0,134.960780198024,0,0,0,99.2646516363145,0,0,0,0,0,0,0,0,0,0,0,0,0,0,0,62.859596780235,262.382215657622,142.385058730083,306.344527664232,0,0,0,0,0,96.5937438588657,0,0,160.530221557972,0,101.443495235174,0
0,0,0,0,0,0,0,0,192.693757128262,155.24952173131,0,0,0,0,0,0,0,0,0,0,0,0,0,211.840482897052,0,0,0,0,0,0,0,0,0,213.67670887414,0,117.208001126138,153.609372090384,0,0,0,0
0,0,122.106946855269,0,0,0,0,0,0,0,0,240.185081663983,0,0,0,0,241.57250333243,0,0,226.825099357786,0,0,188.936291522747,101.350815329073,0,0,0,171.230058197369,0,0,0,0,128.530575464043,197.486504603685,0,0,67.8267069095267,0,0,0,154.065933476765
0,0,0,0,0,0,0,0,0,0,0,0,0,0,0,0,0,0,0,0,0,0,0,0,0,0,120.567029282014,0,0,0,0,128.530575464043,0,209.996727521564,82.1742780037132,0,90.1317194604647,0,0,0,0
0,0,0,0,347.376449530863,80.4367166559625,197.893790332676,153.453047983244,0,0,151.806152521152,158.955087279859,0,141.204637091722,0,345.797434674459,0,0,0,0,205.183249704085,353.822894641502,228.792310020318,180.355266595273,118.522099274347,0,333.645516435298,193.63278243493,89.9429017381717,0,213.67670887414,197.486504603685,209.996727521564,0,85.6072705949986,100.812745974529,178.748963182352,193.055010680236,289.631679007608,225.013371621378,58.3493451392805
163.059043292369,202.712457066107,0,101.85207633558,0,0,175.196329314064,190.185165668632,98.6790043377568,280.376028997576,0,94.7529894315991,76.5072790361762,0,104.369974912428,249.905610015455,61.0664810463559,320.356811100276,0,321.864157986053,75.4497121078207,284.529238481835,159.183173818572,115.332064605654,0,0,165.893015276821,134.566479261133,81.9664354533492,96.5937438588657,0,0,82.1742780037132,85.6072705949986,0,0,114.649126378906,0,0,0,0
198.964527389285,0,0,151.075371308616,87.8456058929559,238.934743274142,0,124.853650664477,0,0,0,71.4788760670054,0,0,261.605527103798,0,242.790381480436,0,0,74.5815074003433,306.640284138334,0,0,140.574866691684,0,150.161410108805,0,94.027247878695,94.9380989123498,0,117.208001126138,0,0,100.812745974529,0,0,74.4197823064597,0,0,329.719143597451,111.435629183184
0,128.405764333981,0,247.66948903751,161.74915061469,73.1029054543569,180.543851962045,111.226326353722,101.895308036513,0,217.157696745803,131.969743415579,250.461724766314,0,0,0,94.7280504127031,0,222.053792850439,137.189596148386,89.707245288964,0,95.7590805983148,155.901486485736,335.371040201042,194.442125915551,138.33942793804,161.325017232684,94.8881692391942,0,153.609372090384,67.8267069095267,90.1317194604647,178.748963182352,114.649126378906,74.4197823064597,0,151.036729364761,214.116367924649,0,253.401634605989
204.481117647118,0,0,154.070293657878,252.487290983309,0,85.7623170715703,0,101.5853655613,0,0,0,104.915316975638,97.3232815600345,92.3502314520023,186.973586461633,0,0,0,80.8080171296381,0,0,199.492852797962,154.784755881607,0,158.567996645797,153.876396855887,119.728129215699,81.2827395071039,160.530221557972,0,0,0,193.055010680236,0,0,151.036729364761,0,0,177.763106506206,0
0,0,0,146.770754374523,115.194491798135,0,220.963068032256,0,0,137.239127032733,0,215.611029055736,0,125.416941482916,133.984214699576,0,115.868441404982,0,0,0,192.601533877686,0,0,0,0,98.417953423071,0,98.2230592632363,92.5568465385234,0,0,0,0,289.631679007608,0,0,214.116367924649,0,0,106.128596538706,0
173.001559092555,309.997227542691,0,0,0,0,133.218162784108,169.742003380707,338.131802716296,97.5855511246009,178.683678585178,196.04190773555,283.248188884028,0,0,0,193.659409924573,180.90030328818,115.871357769661,0,193.777661225572,261.440278806413,173.538155409849,92.5207898118833,0,90.7216186966914,321.124897279917,223.705816669619,0,101.443495235174,0,0,0,225.013371621378,0,329.719143597451,0,177.763106506206,106.128596538706,0,303.527509149359
0,0,0,0,0,348.674510760064,0,0,173.059382066957,255.441154257905,0,171.906398392157,0,172.608400267715,153.672550905948,0,0,200.878319874537,96.7845769653343,0,114.511014214502,0,241.635434294794,241.682021696872,146.99041817625,323.781250289068,108.381749703452,314.611698427915,232.945974238958,0,0,154.065933476765,0,58.3493451392805,0,111.435629183184,253.401634605989,0,0,303.527509149359,0
