0,80.8080171296381,0,0,0,0,0,0,0,0,0,116.054372245433,0,0,0,0,0,167.066576495979,0,0,0,0,0,0,0,0,0,0,0,0,0,0,0,124.698445421759,0,89.3673883748406,0,0,0,0,96.5937438588657
80.8080171296381,0,0,0,0,0,80.4367166559625,165.893015276821,0,0,208.005106191961,0,0,0,0,0,0,0,0,104.369974912428,0,0,0,0,0,0,0,0,247.66948903751,0,0,0,0,0,0,0,0,263.534399241887,0,0,0
0,0,0,0,0,0,0,108.136066660554,0,0,0,160.537522273714,0,0,0,0,151.806152521152,0,0,0,0,0,0,0,0,0,0,0,0,0,0,0,0,0,0,0,92.5207898118833,0,0,333.645516435298,0
0,0,0,0,0,173.059382066957,0,98.2230592632363,0,0,303.527509149359,0,0,98.417953423071,226.825099357786,0,0,195.378266313867,0,0,0,0,0,0,0,99.2646516363145,249.798812580765,0,214.116367924649,0,153.672550905948,153.609372090384,0,0,0,0,90.1317194604647,0,0,151.01089327964,0
0,0,0,0,0,198.528111506785,0,0,0,300.031143529538,193.055010680236,114.649126378906,0,115.541295036174,196.032358954952,0,0,0,0,261.440278806413,153.876396855887,0,0,0,0,66.5008477853491,0,205.09013266389,133.218162784108,0,0,0,0,0,71.4788760670054,0,0,137.177378802006,0,0,179.718364159796
0,0,0,173.059382066957,198.528111506785,0,0,0,0,0,120.912756812582,0,0,165.597665022977,0,0,0,0,151.695570509541,0,0,0,0,0,0,231.715271819474,106.926813611922,219.040656038919,0,0,92.5568465385234,138.33942793804,0,0,205.183249704085,0,255.441154257905,241.635434294794,213.67670887414,0,0
0,80.4367166559625,0,0,0,0,0,0,0,117.208001126138,314.611698427915,0,0,0,0,241.57250333243,0,0,0,0,137.239127032733,0,0,0,0,0,0,0,252.487290983309,155.24952173131,0,172.608400267715,0,62.859596780235,125.994729980093,0,262.382215657622,186.973586461633,148.808626413748,0,0
0,165.893015276821,108.136066660554,98.2230592632363,0,0,0,0,0,0,0,133.984214699576,0,0,0,0,0,0,241.682021696872,112.793316814908,161.74915061469,135.667029391615,0,0,0,238.934743274142,195.314816908693,259.055025639447,0,0,0,0,0,168.241326865882,0,74.7304794244225,115.194491798135,0,178.224497384947,283.248188884028,0
0,0,0,0,0,0,0,0,0,73.4795582048751,0,0,197.893790332676,0,204.084074037941,0,0,74.4197823064597,0,0,0,0,199.492852797962,0,0,0,0,169.742003380707,223.705816669619,0,0,0,0,98.6790043377568,0,0,139.654362654449,0,0,306.344527664232,181.316358113209
0,0,0,0,300.031143529538,0,117.208001126138,0,73.4795582048751,0,198.964527389285,136.685314494491,0,347.376449530863,0,0,0,0,0,0,154.142998692322,0,82.4756938751058,0,0,261.605527103798,325.937289045041,62.311273509377,0,0,0,0,0,70.4221432298295,125.81518738273,0,95.7590805983148,220.901129804706,89.9429017381717,192.601533877686,321.864157986053
0,208.005106191961,0,303.527509149359,193.055010680236,120.912756812582,314.611698427915,0,0,198.964527389285,0,173.201474590904,0,0,125.416941482916,146.814226519809,0,0,160.530221557972,0,0,134.566479261133,0,0,0,219.430938885781,0,89.707245288964,0,0,0,0,0,93.5029580098427,0,250.461724766314,0,120.567029282014,0,0,0
116.054372245433,0,160.537522273714,0,114.649126378906,0,0,133.984214699576,0,136.685314494491,173.201474590904,0,0,0,0,190.185165668632,0,0,0,157.852515740516,89.1590885155172,142.385058730083,251.098274723989,0,0,112.823430872325,151.036729364761,329.719143597451,115.868441404982,128.530575464043,0,202.712457066107,0,0,119.345624434514,169.453147353278,225.013371621378,0,0,321.124897279917,0
0,0,0,0,0,0,0,0,197.893790332676,0,0,0,0,0,0,0,0,0,0,0,0,0,0,106.128596538706,0,0,0,99.3508940827211,0,0,0,0,0,191.519780382943,0,0,143.005810983322,0,146.770754374523,0,0
0,0,0,98.417953423071,115.541295036174,165.597665022977,0,0,0,347.376449530863,0,0,0,0,0,193.777661225572,0,0,0,222.053792850439,0,0,0,74.5815074003433,0,0,0,0,0,146.465927798921,0,0,0,259.442917595754,0,221.805809452716,150.161410108805,0,306.640284138334,188.851177466023,58.3493451392805
0,0,0,226.825099357786,196.032358954952,0,0,0,204.084074037941,0,125.416941482916,0,0,0,0,101.443495235174,211.840482897052,0,82.6426202489162,0,0,0,227.504408813069,0,0,0,0,0,0,0,0,209.996727521564,0,67.8267069095267,0,0,0,338.131802716296,0,104.915316975638,0
0,0,0,0,0,0,241.57250333243,0,0,0,146.814226519809,190.185165668632,0,193.777661225572,101.443495235174,0,0,0,0,0,0,0,0,195.822649557859,0,113.144980278377,0,309.997227542691,0,0,0,0,0,240.185081663983,131.969743415579,72.2278283150671,0,0,0,0,0
0,0,151.806152521152,0,0,0,0,0,0,0,0,0,0,0,211.840482897052,0,0,0,0,228.075434767255,0,0,0,201.100640800745,0,0,0,81.2827395071039,0,0,0,0,0,78.8552325762656,0,108.381749703452,97.3506957544063,0,242.790381480436,0,101.5853655613
167.066576495979,0,0,195.378266313867,0,0,0,0,74.4197823064597,0,0,0,0,0,0,0,0,0,0,0,0,0,0,0,0,0,0,215.611029055736,137.189596148386,0,0,0,0,0,188.936291522747,0,163.059043292369,96.7845769653343,0,284.529238481835,0
0,0,0,0,0,151.695570509541,0,241.682021696872,0,0,160.530221557972,0,0,0,82.6426202489162,0,0,0,0,124.853650664477,0,0,0,0,0,0,217.157696745803,171.906398392157,97.5855511246009,0,0,0,0,0,0,0,85.7623170715703,93.4234866874731,177.763106506206,0,161.302948562323
0,104.369974912428,0,0,261.440278806413,0,0,112.793316814908,0,0,0,157.852515740516,0,222.053792850439,0,0,228.075434767255,0,124.853650664477,0,0,0,0,171.230058197369,0,174.013630695256,0,180.90030328818,0,138.425725342224,0,162.833808134102,0,140.574866691684,0,100.812745974529,122.106946855269,87.8456058929559,0,158.567996645797,0
0,0,0,0,153.876396855887,0,137.239127032733,161.74915061469,0,154.142998692322,0,89.1590885155172,0,0,0,0,0,0,0,0,0,0,0,139.93285932648,0,0,75.4497121078207,82.6299537488922,90.7216186966914,0,0,0,335.371040201042,323.781250289068,0,0,115.332064605654,0,0,0,283.88658203332
0,0,0,0,0,0,0,135.667029391615,0,0,134.566479261133,142.385058730083,0,0,0,0,0,0,0,0,0,0,0,0,0,101.895308036513,0,136.792307586862,0,0,0,0,0,146.99041817625,0,0,135.294330067913,0,0,103.519938150021,0
0,0,0,0,0,0,0,0,199.492852797962,82.4756938751058,0,251.098274723989,0,0,227.504408813069,0,0,0,0,0,0,0,0,76.5072790361762,0,0,175.196329314064,205.839960264176,159.183173818572,71.5579325720569,0,158.955087279859,0,192.693757128262,193.659409924573,0,0,196.04190773555,0,151.075371308616,101.605593487621
0,0,0,0,0,0,0,0,0,0,0,0,106.128596538706,74.5815074003433,0,195.822649557859,201.100640800745,0,0,171.230058197369,139.93285932648,0,76.5072790361762,0,154.784755881607,128.405764333981,134.960780198024,0,0,0,0,0,161.325017232684,118.522099274347,192.135034768848,206.472608421747,206.912707094411,186.348837226466,163.945208919892,161.694997919804,212.592150359921
0,0,0,0,0,0,0,0,0,0,0,0,0,0,0,0,0,0,0,0,0,0,0,154.784755881607,0,0,139.792601838991,0,280.376028997576,0,0,0,0,111.226326353722,109.093416850988,178.683678585178,348.674510760064,78.9559315574845,0,253.401634605989,197.486504603685
0,0,0,99.2646516363145,66.5008477853491,231.715271819474,0,238.934743274142,0,261.605527103798,219.430938885781,112.823430872325,0,0,0,113.144980278377,0,0,0,174.013630695256,0,101.895308036513,0,128.405764333981,0,0,200.878319874537,0,101.350815329073,0,0,119.728129215699,183.786860782462,0,84.3635741045246,94.9380989123498,110.384905066973,0,0,173.538155409849,94.027247878695
0,0,0,249.798812580765,0,106.926813611922,0,195.314816908693,0,325.937289045041,0,151.036729364761,0,0,0,0,0,0,217.157696745803,0,75.4497121078207,0,175.196329314064,134.960780198024,139.792601838991,200.878319874537,0,154.070293657878,0,187.77054666536,106.533627130087,0,0,114.511014214502,228.792310020318,85.6072705949986,269.936825670274,0,0,115.871357769661,249.905610015455
0,0,0,0,205.09013266389,219.040656038919,0,259.055025639447,169.742003380707,62.311273509377,89.707245288964,329.719143597451,99.3508940827211,0,0,309.997227542691,81.2827395071039,215.611029055736,171.906398392157,180.90030328818,82.6299537488922,136.792307586862,205.839960264176,0,0,0,154.070293657878,0,81.9664354533492,231.050882209,0,0,0,142.054529471577,101.85207633558,94.126460729827,320.356811100276,224.523755099568,94.7529894315991,155.901486485736,94.7280504127031
0,247.66948903751,0,214.116367924649,133.218162784108,0,252.487290983309,0,223.705816669619,0,0,115.868441404982,0,0,0,0,0,137.189596148386,97.5855511246009,0,90.7216186966914,0,159.183173818572,0,280.376028997576,101.350815329073,0,81.9664354533492,0,0,141.204637091722,0,0,219.078548227669,161.275817184598,116.176698124939,145.74089716123,0,194.442125915551,289.631679007608,82.1742780037132
0,0,0,0,0,0,155.24952173131,0,0,0,0,128.530575464043,0,146.465927798921,0,0,0,0,0,138.425725342224,0,0,71.5579325720569,0,0,0,187.77054666536,231.050882209,0,0,0,0,0,154.065933476765,201.44584889478,0,224.551207449728,0,0,0,106.33736463831
0,0,0,153.672550905948,0,92.5568465385234,0,0,0,0,0,0,0,0,0,0,0,0,0,0,0,0,0,0,0,0,106.533627130087,0,141.204637091722,0,0,0,0,92.3502314520023,232.945974238958,0,0,0,0,0,0
0,0,0,153.609372090384,0,138.33942793804,172.608400267715,0,0,0,0,202.712457066107,0,0,209.996727521564,0,0,0,0,162.833808134102,0,0,158.955087279859,0,0,119.728129215699,0,0,0,0,0,0,0,0,220.963068032256,0,0,178.748963182352,0,112.349934713559,0
0,0,0,0,0,0,0,0,0,0,0,0,0,0,0,0,0,0,0,0,335.371040201042,0,0,161.325017232684,0,183.786860782462,0,0,0,0,0,0,0,0,111.435629183184,0,0,0,0,0,276.620869034647
124.698445421759,0,0,0,0,0,62.859596780235,168.241326865882,98.6790043377568,70.4221432298295,93.5029580098427,0,191.519780382943,259.442917595754,67.8267069095267,240.185081663983,78.8552325762656,0,0,140.574866691684,323.781250289068,146.99041817625,192.693757128262,118.522099274347,111.226326353722,0,114.511014214502,142.054529471577,219.078548227669,154.065933476765,92.3502314520023,0,0,0,164.032723165762,180.543851962045,184.249961885477,193.63278243493,0,0,0
0,0,0,0,71.4788760670054,205.183249704085,125.994729980093,0,0,125.81518738273,0,119.345624434514,0,0,0,131.969743415579,0,188.936291522747,0,0,0,0,193.659409924573,192.135034768848,109.093416850988,84.3635741045246,228.792310020318,101.85207633558,161.275817184598,201.44584889478,232.945974238958,220.963068032256,111.435629183184,164.032723165762,0,218.045528847001,173.001559092555,128.846764897717,73.1029054543569,153.453047983244,115.114253591495
89.3673883748406,0,0,0,0,0,0,74.7304794244225,0,0,250.461724766314,169.453147353278,0,221.805809452716,0,72.2278283150671,108.381749703452,0,0,100.812745974529,0,0,0,206.472608421747,178.683678585178,94.9380989123498,85.6072705949986,94.126460729827,116.176698124939,0,0,0,0,180.543851962045,218.045528847001,0,61.0664810463559,0,0,345.797434674459,236.681907140956
0,0,92.5207898118833,90.1317194604647,0,255.441154257905,262.382215657622,115.194491798135,139.654362654449,95.7590805983148,0,225.013371621378,143.005810983322,150.161410108805,0,0,97.3506957544063,163.059043292369,85.7623170715703,122.106946855269,115.332064605654,135.294330067913,0,206.912707094411,348.674510760064,110.384905066973,269.936825670274,320.356811100276,145.74089716123,224.551207449728,0,0,0,184.249961885477,173.001559092555,61.0664810463559,0,353.822894641502,94.8881692391942,180.355266595273,357.423078228283
0,263.534399241887,0,0,137.177378802006,241.635434294794,186.973586461633,0,0,220.901129804706,120.567029282014,0,0,0,338.131802716296,0,0,96.7845769653343,93.4234866874731,87.8456058929559,0,0,196.04190773555,186.348837226466,78.9559315574845,0,0,224.523755099568,0,0,0,178.748963182352,0,193.63278243493,128.846764897717,0,353.822894641502,0,172.892533368851,204.481117647118,0
0,0,0,0,0,213.67670887414,148.808626413748,178.224497384947,0,89.9429017381717,0,0,146.770754374523,306.640284138334,0,0,242.790381480436,0,177.763106506206,0,0,0,0,163.945208919892,0,0,0,94.7529894315991,194.442125915551,0,0,0,0,0,73.1029054543569,0,94.8881692391942,172.892533368851,0,113.059176128709,0
0,0,333.645516435298,151.01089327964,0,0,0,283.248188884028,306.344527664232,192.601533877686,0,321.124897279917,0,188.851177466023,104.915316975638,0,0,284.529238481835,0,158.567996645797,0,103.519938150021,151.075371308616,161.694997919804,253.401634605989,173.538155409849,115.871357769661,155.901486485736,289.631679007608,0,0,112.349934713559,0,0,153.453047983244,345.797434674459,180.355266595273,204.481117647118,113.059176128709,0,97.3232815600345
96.5937438588657,0,0,0,179.718364159796,0,0,0,181.316358113209,321.864157986053,0,0,0,58.3493451392805,0,0,101.5853655613,0,161.302948562323,0,283.88658203332,0,101.605593487621,212.592150359921,197.486504603685,94.027247878695,249.905610015455,94.7280504127031,82.1742780037132,106.33736463831,0,0,276.620869034647,0,115.114253591495,236.681907140956,357.423078228283,0,0,97.3232815600345,0
