0,0,0,0,0,0,195.378266313867,0,0,0,0,85.6072705949986,0,0,0,96.7845769653343,0,0,0,0,0,0,0,251.098274723989,0,0,0,0,0,0,0,0,0,0,163.059043292369,0,197.893790332676,0,0,0,0
0,0,0,0,0,0,0,0,0,0,0,225.013371621378,0,0,0,201.100640800745,78.9559315574845,0,0,0,0,0,226.825099357786,0,0,0,0,0,231.715271819474,0,0,0,0,0,160.537522273714,0,0,0,0,94.9380989123498,0
0,0,0,0,0,253.401634605989,0,0,0,0,0,0,0,116.176698124939,0,0,0,0,0,0,0,0,0,0,0,0,0,0,100.812745974529,0,0,0,0,0,0,0,283.88658203332,82.1742780037132,0,0,0
0,0,0,0,0,0,0,128.405764333981,0,101.350815329073,0,0,0,0,0,0,101.85207633558,269.936825670274,0,0,0,0,0,0,153.876396855887,0,0,151.01089327964,154.142998692322,0,204.084074037941,0,0,231.050882209,0,0,99.2646516363145,0,71.4788760670054,94.027247878695,106.128596538706
0,0,0,0,0,0,61.0664810463559,0,222.053792850439,188.936291522747,0,89.9429017381717,0,255.441154257905,0,0,0,0,0,70.4221432298295,0,0,0,115.868441404982,0,217.157696745803,0,92.5568465385234,101.443495235174,0,0,0,0,164.032723165762,261.440278806413,0,209.996727521564,0,0,306.640284138334,0
0,0,253.401634605989,0,0,0,0,0,202.712457066107,163.945208919892,219.430938885781,0,0,0,0,0,0,0,0,0,0,165.893015276821,0,241.57250333243,0,0,133.218162784108,0,103.519938150021,0,0,0,0,238.934743274142,284.529238481835,82.4756938751058,172.892533368851,321.124897279917,0,0,159.183173818572
195.378266313867,0,0,0,61.0664810463559,0,0,261.605527103798,0,0,0,0,0,0,106.33736463831,137.177378802006,0,0,0,0,348.674510760064,0,242.790381480436,0,0,120.912756812582,98.6790043377568,0,0,0,0,0,283.248188884028,306.344527664232,0,0,178.224497384947,0,0,0,109.093416850988
0,0,0,128.405764333981,0,0,261.605527103798,0,0,0,0,145.74089716123,0,115.114253591495,0,0,345.797434674459,0,0,228.792310020318,303.527509149359,0,0,0,120.567029282014,160.530221557972,140.574866691684,154.784755881607,0,0,0,347.376449530863,0,133.984214699576,150.161410108805,0,139.654362654449,0,0,0,114.649126378906
0,0,0,0,222.053792850439,202.712457066107,0,0,0,0,0,117.208001126138,0,0,0,0,0,0,0,171.906398392157,151.806152521152,0,0,119.728129215699,0,183.786860782462,0,138.33942793804,0,0,0,0,0,0,181.316358113209,276.620869034647,0,0,263.534399241887,0,0
0,0,0,101.350815329073,188.936291522747,163.945208919892,0,0,0,0,0,0,0,249.905610015455,0,0,146.770754374523,0,0,115.332064605654,94.8881692391942,0,0,206.912707094411,228.075434767255,208.005106191961,151.075371308616,71.5579325720569,220.901129804706,0,0,0,0,0,82.6426202489162,62.311273509377,74.5815074003433,111.226326353722,0,0,219.078548227669
0,0,0,0,0,219.430938885781,0,0,0,0,0,198.528111506785,0,0,99.3508940827211,128.846764897717,221.805809452716,0,186.348837226466,0,259.442917595754,224.551207449728,0,0,0,0,72.2278283150671,0,139.93285932648,113.144980278377,0,0,0,195.314816908693,0,146.814226519809,193.659409924573,0,0,148.808626413748,168.241326865882
85.6072705949986,225.013371621378,0,0,89.9429017381717,0,0,145.74089716123,117.208001126138,0,198.528111506785,0,0,0,0,0,125.994729980093,161.302948562323,62.859596780235,0,309.997227542691,0,0,0,0,0,146.465927798921,188.851177466023,115.871357769661,108.381749703452,0,125.81518738273,0,134.566479261133,178.748963182352,193.63278243493,0,335.371040201042,0,113.059176128709,249.798812580765
0,0,0,0,0,0,0,0,0,0,0,0,0,0,0,0,0,0,0,198.964527389285,0,0,0,172.608400267715,0,192.135034768848,0,192.693757128262,85.7623170715703,0,0,0,0,0,0,0,0,0,0,75.4497121078207,0
0,0,116.176698124939,0,255.441154257905,0,0,115.114253591495,0,249.905610015455,0,0,0,0,215.611029055736,80.8080171296381,0,192.601533877686,0,161.325017232684,0,0,0,0,0,0,0,136.792307586862,81.2827395071039,0,0,0,0,94.7529894315991,0,0,236.681907140956,114.511014214502,252.487290983309,0,0
0,0,0,0,0,0,106.33736463831,0,0,0,99.3508940827211,0,0,215.611029055736,0,0,0,0,0,0,0,0,80.4367166559625,0,161.74915061469,0,138.425725342224,205.183249704085,0,0,0,0,0,0,0,213.67670887414,155.24952173131,101.605593487621,175.196329314064,0,97.3232815600345
96.7845769653343,201.100640800745,0,0,0,0,137.177378802006,0,0,0,128.846764897717,0,0,80.8080171296381,0,0,0,0,155.901486485736,0,106.926813611922,0,0,190.185165668632,0,0,0,179.718364159796,0,212.592150359921,0,0,0,0,0,180.90030328818,0,0,0,0,0
0,78.9559315574845,0,101.85207633558,0,0,0,345.797434674459,0,146.770754374523,221.805809452716,125.994729980093,0,0,0,0,0,0,0,0,0,0,0,0,0,0,178.683678585178,0,0,0,0,0,0,0,95.7590805983148,0,250.461724766314,0,0,219.040656038919,0
0,0,0,269.936825670274,0,0,0,0,0,0,0,161.302948562323,0,192.601533877686,0,0,0,0,0,0,0,0,0,0,0,0,0,0,0,0,0,0,0,0,0,67.8267069095267,154.065933476765,73.1029054543569,89.707245288964,94.126460729827,177.763106506206
0,0,0,0,0,0,0,0,0,0,186.348837226466,62.859596780235,0,0,0,155.901486485736,0,0,0,0,0,0,131.969743415579,0,167.066576495979,0,169.453147353278,162.833808134102,0,135.294330067913,0,0,0,0,0,93.5029580098427,0,142.385058730083,84.3635741045246,0,151.695570509541
0,0,0,0,70.4221432298295,0,0,228.792310020318,171.906398392157,115.332064605654,0,0,198.964527389285,161.325017232684,0,0,0,0,0,0,0,92.3502314520023,73.4795582048751,165.597665022977,0,220.963068032256,101.5853655613,106.533627130087,143.005810983322,0,115.541295036174,0,0,0,338.131802716296,135.667029391615,89.3673883748406,0,0,0,0
0,0,0,0,0,0,348.674510760064,303.527509149359,151.806152521152,94.8881692391942,259.442917595754,309.997227542691,0,0,0,106.926813611922,0,0,0,0,0,0,0,0,240.185081663983,0,0,201.44584889478,0,0,0,353.822894641502,0,195.822649557859,0,0,111.435629183184,0,0,191.519780382943,0
0,0,0,0,0,165.893015276821,0,0,0,0,224.551207449728,0,0,0,0,0,0,0,0,92.3502314520023,0,0,0,0,0,0,0,0,214.116367924649,0,0,0,0,87.8456058929559,0,98.2230592632363,173.059382066957,116.054372245433,0,0,0
0,226.825099357786,0,0,0,0,242.790381480436,0,0,0,0,0,0,0,80.4367166559625,0,0,0,131.969743415579,73.4795582048751,0,0,0,97.5855511246009,0,142.054529471577,193.055010680236,227.504408813069,0,241.682021696872,0,0,0,115.194491798135,110.384905066973,0,90.1317194604647,90.7216186966914,0,108.136066660554,0
251.098274723989,0,0,0,115.868441404982,241.57250333243,0,0,119.728129215699,206.912707094411,0,0,172.608400267715,0,0,190.185165668632,0,0,0,165.597665022977,0,0,97.5855511246009,0,0,104.369974912428,58.3493451392805,0,0,0,0,0,0,96.5937438588657,173.538155409849,158.955087279859,218.045528847001,151.036729364761,357.423078228283,204.481117647118,169.742003380707
0,0,0,153.876396855887,0,0,0,120.567029282014,0,228.075434767255,0,0,0,0,161.74915061469,0,0,0,167.066576495979,0,240.185081663983,0,0,0,0,0,0,325.937289045041,0,0,0,0,0,196.04190773555,112.793316814908,0,0,0,0,314.611698427915,0
0,0,0,0,217.157696745803,0,120.912756812582,160.530221557972,183.786860782462,208.005106191961,0,0,192.135034768848,0,0,0,0,0,0,220.963068032256,0,0,142.054529471577,104.369974912428,0,0,0,300.031143529538,74.7304794244225,0,289.631679007608,0,0,194.442125915551,180.543851962045,206.472608421747,171.230058197369,157.852515740516,329.719143597451,137.239127032733,153.609372090384
0,0,0,0,0,133.218162784108,98.6790043377568,140.574866691684,0,151.075371308616,72.2278283150671,146.465927798921,0,0,138.425725342224,0,178.683678585178,0,169.453147353278,101.5853655613,0,0,193.055010680236,58.3493451392805,0,0,0,211.840482897052,232.945974238958,0,0,82.6299537488922,0,205.09013266389,139.792601838991,94.7280504127031,223.705816669619,196.032358954952,0,0,0
0,0,0,151.01089327964,92.5568465385234,0,0,154.784755881607,138.33942793804,71.5579325720569,0,188.851177466023,192.693757128262,136.792307586862,205.183249704085,179.718364159796,0,0,162.833808134102,106.533627130087,201.44584889478,0,227.504408813069,0,325.937289045041,300.031143529538,211.840482897052,0,241.635434294794,92.5207898118833,0,173.001559092555,0,76.5072790361762,154.070293657878,93.4234866874731,323.781250289068,0,247.66948903751,101.895308036513,320.356811100276
0,231.715271819474,100.812745974529,154.142998692322,101.443495235174,103.519938150021,0,0,0,220.901129804706,139.93285932648,115.871357769661,85.7623170715703,81.2827395071039,0,0,0,0,0,143.005810983322,0,214.116367924649,0,0,0,74.7304794244225,232.945974238958,241.635434294794,0,0,0,0,186.973586461633,134.960780198024,161.694997919804,0,125.416941482916,0,0,146.99041817625,193.777661225572
0,0,0,0,0,0,0,0,0,0,113.144980278377,108.381749703452,0,0,0,212.592150359921,0,0,135.294330067913,0,0,0,241.682021696872,0,0,0,0,92.5207898118833,0,0,0,153.453047983244,0,0,333.645516435298,0,280.376028997576,118.522099274347,0,89.1590885155172,0
0,0,0,204.084074037941,0,0,0,0,0,0,0,0,0,0,0,0,0,0,0,115.541295036174,0,0,0,0,0,289.631679007608,0,0,0,0,0,0,0,0,0,0,141.204637091722,0,0,184.249961885477,112.349934713559
0,0,0,0,0,0,0,347.376449530863,0,0,0,125.81518738273,0,0,0,0,0,0,0,0,353.822894641502,0,0,0,0,0,82.6299537488922,173.001559092555,0,153.453047983244,0,0,0,119.345624434514,187.77054666536,0,158.567996645797,122.106946855269,0,259.055025639447,0
0,0,0,0,0,0,283.248188884028,0,0,0,0,0,0,0,0,0,0,0,0,0,0,0,0,0,0,0,0,0,186.973586461633,0,0,0,0,199.492852797962,0,0,0,0,153.672550905948,0,197.486504603685
0,0,0,231.050882209,164.032723165762,238.934743274142,306.344527664232,133.984214699576,0,0,195.314816908693,134.566479261133,0,94.7529894315991,0,0,0,0,0,0,195.822649557859,87.8456058929559,115.194491798135,96.5937438588657,196.04190773555,194.442125915551,205.09013266389,76.5072790361762,134.960780198024,0,0,119.345624434514,199.492852797962,0,136.685314494491,74.4197823064597,224.523755099568,128.530575464043,124.853650664477,78.8552325762656,173.201474590904
163.059043292369,160.537522273714,0,0,261.440278806413,284.529238481835,0,150.161410108805,181.316358113209,82.6426202489162,0,178.748963182352,0,0,0,0,95.7590805983148,0,0,338.131802716296,0,0,110.384905066973,173.538155409849,112.793316814908,180.543851962045,139.792601838991,154.070293657878,161.694997919804,333.645516435298,0,187.77054666536,0,136.685314494491,0,98.417953423071,0,205.839960264176,97.3506957544063,180.355266595273,137.189596148386
0,0,0,0,0,82.4756938751058,0,0,276.620869034647,62.311273509377,146.814226519809,193.63278243493,0,0,213.67670887414,180.90030328818,0,67.8267069095267,93.5029580098427,135.667029391615,0,98.2230592632363,0,158.955087279859,0,206.472608421747,94.7280504127031,93.4234866874731,0,0,0,0,0,74.4197823064597,98.417953423071,0,321.864157986053,0,0,262.382215657622,0
197.893790332676,0,283.88658203332,99.2646516363145,209.996727521564,172.892533368851,178.224497384947,139.654362654449,0,74.5815074003433,193.659409924573,0,0,236.681907140956,155.24952173131,0,250.461724766314,154.065933476765,0,89.3673883748406,111.435629183184,173.059382066957,90.1317194604647,218.045528847001,0,171.230058197369,223.705816669619,323.781250289068,125.416941482916,280.376028997576,141.204637091722,158.567996645797,0,224.523755099568,0,321.864157986053,0,0,174.013630695256,112.823430872325,66.5008477853491
0,0,82.1742780037132,0,0,321.124897279917,0,0,0,111.226326353722,0,335.371040201042,0,114.511014214502,101.605593487621,0,0,73.1029054543569,142.385058730083,0,0,116.054372245433,90.7216186966914,151.036729364761,0,157.852515740516,196.032358954952,0,0,118.522099274347,0,122.106946855269,0,128.530575464043,205.839960264176,0,0,0,124.698445421759,161.275817184598,81.9664354533492
0,0,0,71.4788760670054,0,0,0,0,263.534399241887,0,0,0,0,252.487290983309,175.196329314064,0,0,89.707245288964,84.3635741045246,0,0,0,0,357.423078228283,0,329.719143597451,0,247.66948903751,0,0,0,0,153.672550905948,124.853650664477,97.3506957544063,0,174.013630695256,124.698445421759,0,200.878319874537,0
0,94.9380989123498,0,94.027247878695,306.640284138334,0,0,0,0,0,148.808626413748,113.059176128709,75.4497121078207,0,0,0,219.040656038919,94.126460729827,0,0,191.519780382943,0,108.136066660554,204.481117647118,314.611698427915,137.239127032733,0,101.895308036513,146.99041817625,89.1590885155172,184.249961885477,259.055025639447,0,78.8552325762656,180.355266595273,262.382215657622,112.823430872325,161.275817184598,200.878319874537,0,104.915316975638
0,0,0,106.128596538706,0,159.183173818572,109.093416850988,114.649126378906,0,219.078548227669,168.241326865882,249.798812580765,0,0,97.3232815600345,0,0,177.763106506206,151.695570509541,0,0,0,0,169.742003380707,0,153.609372090384,0,320.356811100276,193.777661225572,0,112.349934713559,0,197.486504603685,173.201474590904,137.189596148386,0,66.5008477853491,81.9664354533492,0,104.915316975638,0
