0,0,0,0,0,0,0,165.597665022977,0,0,0,0,0,0,0,137.177378802006,0,0,0,0,0,0,0,0,0,0,145.74089716123,0,0,0,0,0,0,73.4795582048751,161.275817184598,0,0,0,0,139.654362654449,0
0,0,0,0,131.969743415579,0,0,0,0,0,283.88658203332,0,0,70.4221432298295,0,0,0,0,0,0,0,0,0,0,0,0,0,0,0,0,161.694997919804,0,0,206.472608421747,0,196.04190773555,111.226326353722,0,0,0,0
0,0,0,0,0,0,0,0,0,0,0,0,0,0,0,0,0,0,0,0,0,0,0,0,0,0,0,94.9380989123498,0,109.093416850988,0,0,0,163.945208919892,0,0,240.185081663983,0,0,159.183173818572,0
0,0,0,0,0,0,0,0,158.955087279859,0,0,226.825099357786,0,192.693757128262,0,213.67670887414,0,0,0,0,0,0,0,97.3506957544063,0,0,0,188.936291522747,0,0,0,0,108.136066660554,87.8456058929559,0,0,153.672550905948,82.4756938751058,173.001559092555,82.6426202489162,231.050882209
0,131.969743415579,0,0,0,0,0,0,0,0,0,0,154.142998692322,135.667029391615,0,137.189596148386,0,0,236.681907140956,0,0,0,0,136.792307586862,0,0,220.963068032256,155.24952173131,114.649126378906,153.876396855887,0,0,104.915316975638,0,72.2278283150671,0,146.814226519809,94.7280504127031,0,0,0
0,0,0,0,0,0,0,0,199.492852797962,204.084074037941,220.901129804706,0,0,0,0,0,0,228.792310020318,0,0,0,0,0,155.901486485736,146.99041817625,0,289.631679007608,0,223.705816669619,0,0,80.8080171296381,125.994729980093,0,0,120.912756812582,306.344527664232,0,101.5853655613,198.964527389285,0
0,0,0,0,0,0,0,0,0,0,0,0,0,0,95.7590805983148,0,0,0,0,80.4367166559625,0,0,108.381749703452,217.157696745803,0,62.311273509377,134.566479261133,320.356811100276,348.674510760064,0,0,0,0,280.376028997576,89.1590885155172,0,150.161410108805,106.33736463831,0,135.294330067913,0
165.597665022977,0,0,0,0,0,0,0,0,202.712457066107,212.592150359921,163.059043292369,0,0,249.905610015455,178.683678585178,161.325017232684,0,0,154.784755881607,0,0,215.611029055736,192.135034768848,0,0,0,180.90030328818,66.5008477853491,0,0,0,0,0,0,205.839960264176,181.316358113209,0,0,103.519938150021,101.605593487621
0,0,0,158.955087279859,0,199.492852797962,0,0,0,0,98.2230592632363,106.128596538706,0,0,116.054372245433,0,0,0,0,0,0,133.218162784108,0,0,0,0,347.376449530863,247.66948903751,143.005810983322,0,0,0,0,99.3508940827211,0,0,82.6299537488922,0,0,0,0
0,0,0,0,0,204.084074037941,0,202.712457066107,0,0,0,160.537522273714,0,251.098274723989,146.770754374523,0,0,0,96.5937438588657,0,0,232.945974238958,99.2646516363145,94.8881692391942,338.131802716296,0,0,115.868441404982,0,133.984214699576,0,0,0,195.314816908693,172.608400267715,0,0,113.144980278377,252.487290983309,92.5207898118833,209.996727521564
0,283.88658203332,0,0,0,220.901129804706,0,212.592150359921,98.2230592632363,0,0,253.401634605989,0,0,0,0,0,0,335.371040201042,0,0,0,0,0,0,345.797434674459,98.417953423071,357.423078228283,261.440278806413,0,0,0,0,0,263.534399241887,164.032723165762,128.530575464043,242.790381480436,92.3502314520023,134.960780198024,0
0,0,0,226.825099357786,0,0,0,163.059043292369,106.128596538706,160.537522273714,253.401634605989,0,193.777661225572,169.453147353278,0,0,0,193.055010680236,0,0,0,0,98.6790043377568,353.822894641502,0,227.504408813069,104.369974912428,74.4197823064597,148.808626413748,0,0,0,0,118.522099274347,90.7216186966914,161.74915061469,214.116367924649,96.7845769653343,0,151.075371308616,154.065933476765
0,0,0,0,154.142998692322,0,0,0,0,0,0,193.777661225572,0,0,0,0,0,0,0,0,74.7304794244225,0,219.040656038919,0,0,0,0,0,0,0,0,0,0,333.645516435298,71.4788760670054,0,0,0,0,0,0
0,70.4221432298295,0,192.693757128262,135.667029391615,0,0,0,0,251.098274723989,0,169.453147353278,0,0,0,0,161.302948562323,0,0,0,167.066576495979,0,0,329.719143597451,157.852515740516,81.9664354533492,221.805809452716,194.442125915551,0,0,0,0,0,0,0,0,158.567996645797,0,0,0,58.3493451392805
0,0,0,0,0,0,95.7590805983148,249.905610015455,116.054372245433,146.770754374523,0,0,0,0,0,0,0,0,0,100.812745974529,0,0,140.574866691684,115.332064605654,0,0,0,187.77054666536,0,0,0,0,0,0,146.465927798921,0,71.5579325720569,173.538155409849,94.027247878695,0,0
137.177378802006,0,0,213.67670887414,137.189596148386,0,0,178.683678585178,0,0,0,0,0,0,0,0,178.224497384947,0,0,0,0,0,0,0,0,0,0,97.5855511246009,0,0,0,0,0,195.378266313867,184.249961885477,92.5568465385234,197.893790332676,0,0,106.533627130087,0
0,0,0,0,0,0,0,161.325017232684,0,0,0,0,0,161.302948562323,0,178.224497384947,0,0,0,197.486504603685,0,97.3232815600345,0,0,115.871357769661,0,0,119.345624434514,0,0,0,228.075434767255,0,0,0,160.530221557972,200.878319874537,0,0,0,0
0,0,0,0,0,228.792310020318,0,0,0,0,0,193.055010680236,0,0,0,0,0,0,0,0,0,0,0,0,0,0,206.912707094411,0,0,101.85207633558,94.7529894315991,0,0,300.031143529538,0,0,0,201.44584889478,179.718364159796,106.926813611922,0
0,0,0,0,236.681907140956,0,0,0,0,96.5937438588657,335.371040201042,0,0,0,0,0,0,0,0,188.851177466023,259.055025639447,0,0,82.1742780037132,0,0,0,0,306.640284138334,0,0,205.183249704085,0,85.7623170715703,323.781250289068,303.527509149359,136.685314494491,0,0,0,0
0,0,0,0,0,0,80.4367166559625,154.784755881607,0,0,0,0,0,0,100.812745974529,0,197.486504603685,0,188.851177466023,0,321.124897279917,0,0,137.239127032733,0,186.973586461633,325.937289045041,119.728129215699,0,93.5029580098427,78.8552325762656,201.100640800745,117.208001126138,0,141.204637091722,0,151.01089327964,0,81.2827395071039,0,0
0,0,0,0,0,0,0,0,0,0,0,0,74.7304794244225,167.066576495979,0,0,0,0,259.055025639447,321.124897279917,0,0,0,0,0,190.185165668632,120.567029282014,0,198.528111506785,205.09013266389,0,0,0,222.053792850439,180.543851962045,262.382215657622,219.430938885781,0,0,250.461724766314,0
0,0,0,0,0,0,0,0,133.218162784108,232.945974238958,0,0,0,0,0,0,97.3232815600345,0,0,0,0,0,142.385058730083,89.3673883748406,0,218.045528847001,0,0,183.786860782462,0,0,0,0,0,0,0,0,0,0,0,231.715271819474
0,0,0,0,0,0,108.381749703452,215.611029055736,0,99.2646516363145,0,98.6790043377568,219.040656038919,0,140.574866691684,0,0,0,0,0,0,142.385058730083,0,241.57250333243,0,124.853650664477,0,0,61.0664810463559,0,0,112.793316814908,0,224.523755099568,0,0,84.3635741045246,172.892533368851,0,0,90.1317194604647
0,0,0,97.3506957544063,136.792307586862,155.901486485736,217.157696745803,192.135034768848,0,94.8881692391942,0,353.822894641502,0,329.719143597451,115.332064605654,0,0,0,82.1742780037132,137.239127032733,0,89.3673883748406,241.57250333243,0,0,0,168.241326865882,284.529238481835,0,0,0,0,0,0,178.748963182352,196.032358954952,151.806152521152,0,0,0,85.6072705949986
0,0,0,0,0,146.99041817625,0,0,0,338.131802716296,0,0,0,157.852515740516,0,0,115.871357769661,0,0,0,0,0,0,0,0,195.822649557859,0,153.609372090384,171.906398392157,0,0,0,0,0,0,162.833808134102,0,0,0,283.248188884028,208.005106191961
0,0,0,0,0,0,62.311273509377,0,0,0,345.797434674459,227.504408813069,0,81.9664354533492,0,0,0,0,0,186.973586461633,190.185165668632,218.045528847001,124.853650664477,0,195.822649557859,0,177.763106506206,93.4234866874731,0,111.435629183184,138.425725342224,138.33942793804,0,94.126460729827,174.013630695256,0,173.059382066957,89.707245288964,0,67.8267069095267,261.605527103798
145.74089716123,0,0,0,220.963068032256,289.631679007608,134.566479261133,0,347.376449530863,0,98.417953423071,104.369974912428,0,221.805809452716,0,0,0,206.912707094411,0,325.937289045041,120.567029282014,0,0,168.241326865882,0,177.763106506206,0,0,154.070293657878,0,0,0,0,78.9559315574845,269.936825670274,112.823430872325,110.384905066973,151.695570509541,0,0,142.054529471577
0,0,94.9380989123498,188.936291522747,155.24952173131,0,320.356811100276,180.90030328818,247.66948903751,115.868441404982,357.423078228283,74.4197823064597,0,194.442125915551,187.77054666536,97.5855511246009,119.345624434514,0,0,119.728129215699,0,0,0,284.529238481835,153.609372090384,93.4234866874731,0,0,193.63278243493,0,115.541295036174,125.81518738273,0,241.682021696872,76.5072790361762,0,62.859596780235,101.895308036513,115.114253591495,74.5815074003433,276.620869034647
0,0,0,0,114.649126378906,223.705816669619,348.674510760064,66.5008477853491,143.005810983322,0,261.440278806413,148.808626413748,0,0,0,0,0,0,306.640284138334,0,198.528111506785,183.786860782462,61.0664810463559,0,171.906398392157,0,154.070293657878,193.63278243493,0,241.635434294794,0,0,0,73.1029054543569,139.792601838991,211.840482897052,314.611698427915,259.442917595754,0,0,180.355266595273
0,0,109.093416850988,0,153.876396855887,0,0,0,0,133.984214699576,0,0,0,0,0,0,0,101.85207633558,0,93.5029580098427,205.09013266389,0,0,0,0,111.435629183184,0,0,241.635434294794,0,0,0,0,122.106946855269,171.230058197369,0,112.349934713559,0,0,0,0
0,161.694997919804,0,0,0,0,0,0,0,0,0,0,0,0,0,0,0,94.7529894315991,0,78.8552325762656,0,0,0,0,0,138.425725342224,0,115.541295036174,0,0,0,0,0,0,0,0,0,0,0,204.481117647118,0
0,0,0,0,0,80.8080171296381,0,0,0,0,0,0,0,0,0,0,228.075434767255,0,205.183249704085,201.100640800745,0,0,112.793316814908,0,0,138.33942793804,0,125.81518738273,0,0,0,0,0,0,0,139.93285932648,0,0,224.551207449728,89.9429017381717,193.659409924573
0,0,0,108.136066660554,104.915316975638,125.994729980093,0,0,0,0,0,0,0,0,0,0,0,0,0,117.208001126138,0,0,0,0,0,0,0,0,0,0,0,0,0,0,0,0,0,0,0,165.893015276821,0
73.4795582048751,206.472608421747,163.945208919892,87.8456058929559,0,0,280.376028997576,0,99.3508940827211,195.314816908693,0,118.522099274347,333.645516435298,0,0,195.378266313867,0,300.031143529538,85.7623170715703,0,222.053792850439,0,224.523755099568,0,0,94.126460729827,78.9559315574845,241.682021696872,73.1029054543569,122.106946855269,0,0,0,0,173.201474590904,115.194491798135,75.4497121078207,116.176698124939,125.416941482916,191.519780382943,151.036729364761
161.275817184598,0,0,0,72.2278283150671,0,89.1590885155172,0,0,172.608400267715,263.534399241887,90.7216186966914,71.4788760670054,0,146.465927798921,184.249961885477,0,0,323.781250289068,141.204637091722,180.543851962045,0,0,178.748963182352,0,174.013630695256,269.936825670274,76.5072790361762,139.792601838991,171.230058197369,0,0,0,173.201474590904,0,238.934743274142,219.078548227669,169.742003380707,225.013371621378,124.698445421759,192.601533877686
0,196.04190773555,0,0,0,120.912756812582,0,205.839960264176,0,0,164.032723165762,161.74915061469,0,0,0,92.5568465385234,160.530221557972,0,303.527509149359,0,262.382215657622,0,0,196.032358954952,162.833808134102,0,112.823430872325,0,211.840482897052,0,0,139.93285932648,0,115.194491798135,238.934743274142,0,0,101.443495235174,0,113.059176128709,255.441154257905
0,111.226326353722,240.185081663983,153.672550905948,146.814226519809,306.344527664232,150.161410108805,181.316358113209,82.6299537488922,0,128.530575464043,214.116367924649,0,158.567996645797,71.5579325720569,197.893790332676,200.878319874537,0,136.685314494491,151.01089327964,219.430938885781,0,84.3635741045246,151.806152521152,0,173.059382066957,110.384905066973,62.859596780235,314.611698427915,112.349934713559,0,0,0,75.4497121078207,219.078548227669,0,0,101.350815329073,128.846764897717,249.798812580765,321.864157986053
0,0,0,82.4756938751058,94.7280504127031,0,106.33736463831,0,0,113.144980278377,242.790381480436,96.7845769653343,0,0,173.538155409849,0,0,201.44584889478,0,0,0,0,172.892533368851,0,0,89.707245288964,151.695570509541,101.895308036513,259.442917595754,0,0,0,0,116.176698124939,169.742003380707,101.443495235174,101.350815329073,0,114.511014214502,153.453047983244,186.348837226466
0,0,0,173.001559092555,0,101.5853655613,0,0,0,252.487290983309,92.3502314520023,0,0,0,94.027247878695,0,0,179.718364159796,0,81.2827395071039,0,0,0,0,0,0,0,115.114253591495,0,0,0,224.551207449728,0,125.416941482916,225.013371621378,0,128.846764897717,114.511014214502,0,128.405764333981,175.196329314064
139.654362654449,0,159.183173818572,82.6426202489162,0,198.964527389285,135.294330067913,103.519938150021,0,92.5207898118833,134.960780198024,151.075371308616,0,0,0,106.533627130087,0,106.926813611922,0,0,250.461724766314,0,0,0,283.248188884028,67.8267069095267,0,74.5815074003433,0,0,204.481117647118,89.9429017381717,165.893015276821,191.519780382943,124.698445421759,113.059176128709,249.798812580765,153.453047983244,128.405764333981,0,309.997227542691
0,0,0,231.050882209,0,0,0,101.605593487621,0,209.996727521564,0,154.065933476765,0,58.3493451392805,0,0,0,0,0,0,0,231.715271819474,90.1317194604647,85.6072705949986,208.005106191961,261.605527103798,142.054529471577,276.620869034647,180.355266595273,0,0,193.659409924573,0,151.036729364761,192.601533877686,255.441154257905,321.864157986053,186.348837226466,175.196329314064,309.997227542691,0
