0,0,0,0,0,0,192.135034768848,0,0,0,0,178.683678585178,0,0,0,0,0,0,0,0,0,0,0,0,0,0,0,153.672550905948,0,0,0,0,0,161.302948562323,106.533627130087,0,0,191.519780382943,0,0,0
0,0,0,0,183.786860782462,0,0,0,114.511014214502,0,0,0,0,0,0,0,0,0,0,0,0,0,0,300.031143529538,0,0,104.915316975638,249.905610015455,0,0,0,0,0,0,0,0,112.823430872325,0,220.901129804706,0,0
0,0,0,0,0,0,0,0,0,0,0,0,0,0,0,0,0,0,0,0,0,0,221.805809452716,0,0,187.77054666536,0,0,0,0,0,247.66948903751,0,0,0,0,0,0,122.106946855269,184.249961885477,0
0,0,0,0,0,0,236.681907140956,112.349934713559,205.839960264176,0,0,0,0,0,0,0,0,0,119.345624434514,219.078548227669,0,0,0,0,0,0,92.5207898118833,82.6299537488922,0,0,0,0,0,321.864157986053,164.032723165762,154.070293657878,148.808626413748,173.538155409849,0,0,161.694997919804
0,183.786860782462,0,0,0,0,100.812745974529,0,0,0,0,0,0,0,0,0,124.853650664477,0,0,0,220.963068032256,0,0,0,0,0,215.611029055736,0,151.806152521152,98.6790043377568,0,0,0,101.895308036513,228.792310020318,153.876396855887,347.376449530863,66.5008477853491,0,128.846764897717,205.09013266389
0,0,0,0,0,0,325.937289045041,0,0,0,0,101.443495235174,0,0,0,0,0,0,193.777661225572,0,0,0,0,112.793316814908,0,0,154.142998692322,70.4221432298295,212.592150359921,0,194.442125915551,0,0,153.609372090384,0,353.822894641502,133.218162784108,0,161.74915061469,177.763106506206,283.88658203332
192.135034768848,0,0,236.681907140956,100.812745974529,325.937289045041,0,161.325017232684,320.356811100276,0,0,0,0,0,0,0,0,0,0,0,0,0,0,0,139.654362654449,97.5855511246009,0,231.715271819474,0,0,0,0,0,106.128596538706,209.996727521564,0,154.784755881607,0,0,0,74.7304794244225
0,0,0,112.349934713559,0,0,161.325017232684,0,0,348.674510760064,0,303.527509149359,0,0,142.385058730083,0,0,0,0,0,115.541295036174,163.059043292369,0,251.098274723989,0,357.423078228283,72.2278283150671,104.369974912428,228.075434767255,94.027247878695,0,0,0,0,74.5815074003433,163.945208919892,0,0,0,0,93.5029580098427
0,114.511014214502,0,205.839960264176,0,0,320.356811100276,0,0,0,124.698445421759,0,0,193.659409924573,262.382215657622,0,0,214.116367924649,0,0,269.936825670274,0,0,0,0,94.7529894315991,0,0,0,0,0,0,0,0,204.481117647118,73.1029054543569,0,0,0,0,0
0,0,0,0,0,0,0,348.674510760064,0,0,0,217.157696745803,0,0,253.401634605989,206.472608421747,0,335.371040201042,0,309.997227542691,0,0,158.567996645797,252.487290983309,87.8456058929559,135.294330067913,109.093416850988,0,106.33736463831,82.6426202489162,0,224.551207449728,0,0,0,242.790381480436,175.196329314064,200.878319874537,0,0,241.635434294794
0,0,0,0,0,0,0,0,124.698445421759,0,0,224.523755099568,153.453047983244,0,0,0,0,0,94.8881692391942,0,0,0,96.5937438588657,157.852515740516,0,0,219.040656038919,180.543851962045,128.405764333981,73.4795582048751,0,0,0,190.185165668632,306.640284138334,85.7623170715703,0,154.065933476765,0,241.57250333243,255.441154257905
178.683678585178,0,0,0,0,101.443495235174,0,303.527509149359,0,217.157696745803,224.523755099568,0,0,0,169.453147353278,0,0,0,146.814226519809,0,0,198.528111506785,0,193.63278243493,0,137.239127032733,0,211.840482897052,196.032358954952,0,155.901486485736,0,0,95.7590805983148,115.332064605654,208.005106191961,151.075371308616,193.055010680236,218.045528847001,80.8080171296381,151.695570509541
0,0,0,0,0,0,0,0,0,0,153.453047983244,0,0,0,0,0,0,0,0,133.984214699576,0,0,250.461724766314,0,0,0,0,0,0,0,0,0,0,97.3232815600345,0,0,125.81518738273,0,0,159.183173818572,0
0,0,0,0,0,0,0,0,193.659409924573,0,0,0,0,0,0,0,227.504408813069,0,111.435629183184,120.912756812582,0,0,0,173.059382066957,0,135.667029391615,134.566479261133,231.050882209,155.24952173131,0,172.892533368851,0,0,195.314816908693,0,0,101.350815329073,0,106.926813611922,0,98.2230592632363
0,0,0,0,0,0,0,142.385058730083,262.382215657622,253.401634605989,0,169.453147353278,0,0,0,0,139.792601838991,0,0,0,0,0,0,0,142.054529471577,0,0,201.100640800745,78.9559315574845,0,0,0,0,0,280.376028997576,0,0,110.384905066973,197.486504603685,0,173.201474590904
0,0,0,0,0,0,0,0,0,206.472608421747,0,0,0,0,0,0,0,0,162.833808134102,92.5568465385234,0,0,118.522099274347,0,0,0,0,82.4756938751058,232.945974238958,0,0,0,0,0,259.442917595754,0,85.6072705949986,84.3635741045246,165.597665022977,90.7216186966914,0
0,0,0,0,124.853650664477,0,0,0,0,0,0,0,0,227.504408813069,139.792601838991,0,0,0,0,0,89.1590885155172,0,195.822649557859,0,0,0,0,141.204637091722,0,0,0,0,0,146.465927798921,0,0,81.2827395071039,139.93285932648,0,0,115.194491798135
0,0,0,0,0,0,0,0,214.116367924649,335.371040201042,0,0,0,0,0,0,0,0,0,0,0,0,0,116.054372245433,0,0,99.3508940827211,0,0,0,0,0,0,195.378266313867,94.9380989123498,0,206.912707094411,131.969743415579,0,167.066576495979,0
0,0,0,119.345624434514,0,193.777661225572,0,0,0,0,94.8881692391942,146.814226519809,0,111.435629183184,0,162.833808134102,0,0,0,0,113.059176128709,0,0,179.718364159796,0,101.5853655613,0,0,0,0,0,0,0,0,226.825099357786,128.530575464043,314.611698427915,0,0,0,0
0,0,0,219.078548227669,0,0,0,0,0,309.997227542691,0,0,133.984214699576,120.912756812582,0,92.5568465385234,0,0,0,0,76.5072790361762,0,101.605593487621,0,0,114.649126378906,0,0,62.311273509377,0,0,111.226326353722,198.964527389285,201.44584889478,222.053792850439,306.344527664232,113.144980278377,0,0,103.519938150021,181.316358113209
0,0,0,0,220.963068032256,0,0,115.541295036174,269.936825670274,0,0,0,0,0,0,0,89.1590885155172,0,113.059176128709,76.5072790361762,0,0,151.036729364761,0,0,276.620869034647,140.574866691684,0,0,0,0,0,0,115.114253591495,62.859596780235,0,199.492852797962,0,0,82.1742780037132,0
0,0,0,0,0,0,0,163.059043292369,0,0,0,198.528111506785,0,0,0,0,0,0,0,0,0,0,0,0,143.005810983322,0,0,67.8267069095267,0,0,0,0,0,192.693757128262,0,0,205.183249704085,0,0,289.631679007608,108.136066660554
0,0,221.805809452716,0,0,0,0,0,0,158.567996645797,96.5937438588657,0,250.461724766314,0,0,118.522099274347,195.822649557859,0,0,101.605593487621,151.036729364761,0,0,0,0,0,241.682021696872,0,0,0,0,0,0,192.601533877686,89.9429017381717,0,204.084074037941,219.430938885781,178.748963182352,333.645516435298,0
0,300.031143529538,0,0,0,112.793316814908,0,251.098274723989,0,252.487290983309,157.852515740516,193.63278243493,0,173.059382066957,0,0,0,116.054372245433,179.718364159796,0,0,0,0,0,160.530221557972,0,0,98.417953423071,137.177378802006,146.99041817625,165.893015276821,74.4197823064597,0,138.425725342224,240.185081663983,0,137.189596148386,0,0,0,196.04190773555
0,0,0,0,0,0,139.654362654449,0,0,87.8456058929559,0,0,0,0,142.054529471577,0,0,0,0,0,0,143.005810983322,0,160.530221557972,0,89.707245288964,0,116.176698124939,0,0,0,0,134.960780198024,0,0,0,75.4497121078207,0,0,108.381749703452,0
0,0,187.77054666536,0,0,0,97.5855511246009,357.423078228283,94.7529894315991,135.294330067913,0,137.239127032733,0,135.667029391615,0,0,0,0,101.5853655613,114.649126378906,276.620869034647,0,0,0,89.707245288964,0,138.33942793804,81.9664354533492,225.013371621378,0,0,0,0,125.994729980093,0,178.224497384947,171.230058197369,263.534399241887,71.4788760670054,0,58.3493451392805
0,104.915316975638,0,92.5207898118833,215.611029055736,154.142998692322,0,72.2278283150671,0,109.093416850988,219.040656038919,0,0,134.566479261133,0,0,0,99.3508940827211,0,0,140.574866691684,0,241.682021696872,0,0,138.33942793804,0,125.416941482916,61.0664810463559,71.5579325720569,0,0,0,284.529238481835,345.797434674459,89.3673883748406,197.893790332676,0,0,261.605527103798,0
153.672550905948,249.905610015455,0,82.6299537488922,0,70.4221432298295,231.715271819474,104.369974912428,0,0,180.543851962045,211.840482897052,0,231.050882209,201.100640800745,82.4756938751058,141.204637091722,0,0,0,0,67.8267069095267,0,98.417953423071,116.176698124939,81.9664354533492,125.416941482916,0,136.792307586862,0,0,145.74089716123,0,186.348837226466,321.124897279917,99.2646516363145,115.871357769661,261.440278806413,169.742003380707,115.868441404982,160.537522273714
0,0,0,0,151.806152521152,212.592150359921,0,228.075434767255,0,106.33736463831,128.405764333981,196.032358954952,0,155.24952173131,78.9559315574845,232.945974238958,0,0,0,62.311273509377,0,0,0,137.177378802006,0,225.013371621378,61.0664810463559,136.792307586862,0,0,0,0,0,188.936291522747,338.131802716296,96.7845769653343,120.567029282014,0,158.955087279859,213.67670887414,186.973586461633
0,0,0,0,98.6790043377568,0,0,94.027247878695,0,82.6426202489162,73.4795582048751,0,0,0,0,0,0,0,0,0,0,0,0,146.99041817625,0,0,71.5579325720569,0,0,0,0,0,0,93.4234866874731,0,0,101.85207633558,249.798812580765,0,161.275817184598,94.7280504127031
0,0,0,0,0,194.442125915551,0,0,0,0,0,155.901486485736,0,172.892533368851,0,0,0,0,0,0,0,0,0,165.893015276821,0,0,0,0,0,0,0,0,0,0,119.728129215699,0,0,168.241326865882,0,0,0
0,0,247.66948903751,0,0,0,0,0,0,224.551207449728,0,0,0,0,0,0,0,0,0,111.226326353722,0,0,0,74.4197823064597,0,0,0,145.74089716123,0,0,0,0,151.01089327964,0,94.126460729827,146.770754374523,172.608400267715,136.685314494491,0,0,223.705816669619
0,0,0,0,0,0,0,0,0,0,0,0,0,0,0,0,0,0,0,198.964527389285,0,0,0,0,134.960780198024,0,0,0,0,0,0,151.01089327964,0,0,78.8552325762656,0,0,0,0,92.3502314520023,0
161.302948562323,0,0,321.864157986053,101.895308036513,153.609372090384,106.128596538706,0,0,0,190.185165668632,95.7590805983148,97.3232815600345,195.314816908693,0,0,146.465927798921,195.378266313867,0,201.44584889478,115.114253591495,192.693757128262,192.601533877686,138.425725342224,0,125.994729980093,284.529238481835,186.348837226466,188.936291522747,93.4234866874731,0,0,0,0,0,97.3506957544063,174.013630695256,202.712457066107,150.161410108805,180.90030328818,0
106.533627130087,0,0,164.032723165762,228.792310020318,0,209.996727521564,74.5815074003433,204.481117647118,0,306.640284138334,115.332064605654,0,0,280.376028997576,259.442917595754,0,94.9380989123498,226.825099357786,222.053792850439,62.859596780235,0,89.9429017381717,240.185081663983,0,0,345.797434674459,321.124897279917,338.131802716296,0,119.728129215699,94.126460729827,78.8552325762656,0,0,0,117.208001126138,0,329.719143597451,283.248188884028,0
0,0,0,154.070293657878,153.876396855887,353.822894641502,0,163.945208919892,73.1029054543569,242.790381480436,85.7623170715703,208.005106191961,0,0,0,0,0,0,128.530575464043,306.344527664232,0,0,0,0,0,178.224497384947,89.3673883748406,99.2646516363145,96.7845769653343,0,0,146.770754374523,0,97.3506957544063,0,0,0,188.851177466023,0,238.934743274142,90.1317194604647
0,112.823430872325,0,148.808626413748,347.376449530863,133.218162784108,154.784755881607,0,0,175.196329314064,0,151.075371308616,125.81518738273,101.350815329073,0,85.6072705949986,81.2827395071039,206.912707094411,314.611698427915,113.144980278377,199.492852797962,205.183249704085,204.084074037941,137.189596148386,75.4497121078207,171.230058197369,197.893790332676,115.871357769661,120.567029282014,101.85207633558,0,172.608400267715,0,174.013630695256,117.208001126138,0,0,171.906398392157,180.355266595273,173.001559092555,0
191.519780382943,0,0,173.538155409849,66.5008477853491,0,0,0,0,200.878319874537,154.065933476765,193.055010680236,0,0,110.384905066973,84.3635741045246,139.93285932648,131.969743415579,0,0,0,0,219.430938885781,0,0,263.534399241887,0,261.440278806413,0,249.798812580765,168.241326865882,136.685314494491,0,202.712457066107,0,188.851177466023,171.906398392157,0,0,323.781250289068,0
0,220.901129804706,122.106946855269,0,0,161.74915061469,0,0,0,0,0,218.045528847001,0,106.926813611922,197.486504603685,165.597665022977,0,0,0,0,0,0,178.748963182352,0,0,71.4788760670054,0,169.742003380707,158.955087279859,0,0,0,0,150.161410108805,329.719143597451,0,180.355266595273,0,0,80.4367166559625,0
0,0,184.249961885477,0,128.846764897717,177.763106506206,0,0,0,0,241.57250333243,80.8080171296381,159.183173818572,0,0,90.7216186966914,0,167.066576495979,0,103.519938150021,82.1742780037132,289.631679007608,333.645516435298,0,108.381749703452,0,261.605527103798,115.868441404982,213.67670887414,161.275817184598,0,0,92.3502314520023,180.90030328818,283.248188884028,238.934743274142,173.001559092555,323.781250289068,80.4367166559625,0,259.055025639447
0,0,0,161.694997919804,205.09013266389,283.88658203332,74.7304794244225,93.5029580098427,0,241.635434294794,255.441154257905,151.695570509541,0,98.2230592632363,173.201474590904,0,115.194491798135,0,0,181.316358113209,0,108.136066660554,0,196.04190773555,0,58.3493451392805,0,160.537522273714,186.973586461633,94.7280504127031,0,223.705816669619,0,0,0,90.1317194604647,0,0,0,259.055025639447,0
