0,0,0,0,0,0,0,0,0,0,0,0,0,0,74.4197823064597,0,0,0,108.381749703452,0,0,0,0,158.955087279859,0,0,0,161.694997919804,0,0,0,0,0,106.128596538706,0,0,0,0,0,119.728129215699,0
0,0,0,0,0,218.045528847001,0,0,0,0,97.3506957544063,0,0,0,0,0,0,0,0,0,0,143.005810983322,0,0,0,0,0,0,0,0,0,0,0,188.936291522747,300.031143529538,0,238.934743274142,0,0,153.453047983244,0
0,0,0,0,0,0,0,0,0,0,0,0,0,0,262.382215657622,0,0,0,0,0,0,0,0,0,197.893790332676,151.075371308616,0,101.605593487621,0,0,0,0,0,0,0,0,0,0,0,0,259.055025639447
0,0,0,0,0,212.592150359921,186.973586461633,0,0,0,0,99.3508940827211,0,0,0,0,0,0,0,0,71.4788760670054,0,0,89.3673883748406,0,320.356811100276,0,0,226.825099357786,0,213.67670887414,0,0,0,220.963068032256,0,89.1590885155172,0,165.893015276821,111.435629183184,162.833808134102
0,0,0,0,0,0,0,0,0,357.423078228283,0,191.519780382943,0,0,240.185081663983,0,224.551207449728,0,0,0,94.027247878695,0,0,0,0,0,135.667029391615,128.846764897717,62.311273509377,0,0,0,0,97.5855511246009,82.1742780037132,219.430938885781,192.693757128262,0,85.6072705949986,249.798812580765,0
0,218.045528847001,0,212.592150359921,0,0,0,0,0,184.249961885477,0,0,0,0,0,0,0,0,0,94.9380989123498,169.742003380707,0,151.806152521152,180.355266595273,0,80.8080171296381,0,0,0,0,0,0,0,0,158.567996645797,193.63278243493,161.74915061469,214.116367924649,0,178.748963182352,306.344527664232
0,0,0,186.973586461633,0,0,0,0,0,0,0,0,0,0,139.654362654449,198.528111506785,90.1317194604647,0,0,0,0,0,0,0,134.960780198024,153.876396855887,133.984214699576,0,82.6426202489162,0,0,0,0,97.3232815600345,0,75.4497121078207,122.106946855269,0,136.685314494491,249.905610015455,0
0,0,0,0,0,0,0,0,0,98.6790043377568,194.442125915551,0,0,172.892533368851,0,0,0,338.131802716296,0,0,0,0,146.770754374523,160.530221557972,0,0,151.695570509541,250.461724766314,104.915316975638,0,0,306.640284138334,0,114.511014214502,120.567029282014,161.275817184598,90.7216186966914,0,58.3493451392805,187.77054666536,0
0,0,0,0,0,0,0,0,0,0,0,172.608400267715,0,0,0,0,115.541295036174,0,0,0,125.994729980093,0,0,0,0,222.053792850439,62.859596780235,78.9559315574845,0,82.4756938751058,0,0,0,0,0,0,219.078548227669,100.812745974529,329.719143597451,0,103.519938150021
0,0,0,0,357.423078228283,184.249961885477,0,98.6790043377568,0,0,175.196329314064,0,0,0,94.7529894315991,0,0,0,345.797434674459,0,199.492852797962,73.1029054543569,206.912707094411,0,221.805809452716,0,259.442917595754,112.349934713559,0,0,0,225.013371621378,0,284.529238481835,139.93285932648,0,101.895308036513,0,269.936825670274,0,101.5853655613
0,97.3506957544063,0,0,0,0,0,194.442125915551,0,175.196329314064,0,0,0,0,0,0,0,0,321.864157986053,0,0,101.85207633558,0,108.136066660554,0,208.005106191961,276.620869034647,141.204637091722,171.906398392157,0,0,0,0,81.2827395071039,0,163.945208919892,165.597665022977,0,202.712457066107,309.997227542691,193.659409924573
0,0,0,99.3508940827211,191.519780382943,0,0,0,172.608400267715,0,0,0,0,154.070293657878,113.059176128709,161.302948562323,0,242.790381480436,0,89.9429017381717,0,0,137.239127032733,98.417953423071,0,70.4221432298295,209.996727521564,115.114253591495,204.084074037941,0,0,96.7845769653343,0,153.672550905948,223.705816669619,0,93.4234866874731,201.100640800745,0,148.808626413748,198.964527389285
0,0,0,0,0,0,0,0,0,0,0,0,0,325.937289045041,0,0,0,0,0,241.682021696872,0,0,0,0,0,0,0,114.649126378906,0,0,0,0,0,0,118.522099274347,0,0,0,0,181.316358113209,134.566479261133
0,0,0,0,0,0,0,172.892533368851,0,0,0,154.070293657878,325.937289045041,0,0,0,0,0,0,0,0,0,0,92.5207898118833,0,0,0,112.793316814908,0,154.142998692322,353.822894641502,99.2646516363145,0,128.530575464043,116.054372245433,0,241.635434294794,219.040656038919,0,188.851177466023,227.504408813069
74.4197823064597,0,262.382215657622,0,240.185081663983,0,139.654362654449,0,0,94.7529894315991,0,113.059176128709,0,0,0,0,0,61.0664810463559,0,137.177378802006,0,78.8552325762656,66.5008477853491,0,0,0,115.871357769661,0,0,0,0,0,0,0,0,87.8456058929559,0,0,0,0,0
0,0,0,0,0,0,198.528111506785,0,0,0,0,161.302948562323,0,0,0,0,0,0,0,154.784755881607,0,0,0,0,0,0,0,153.609372090384,116.176698124939,0,0,95.7590805983148,0,140.574866691684,0,0,73.4795582048751,151.01089327964,0,174.013630695256,135.294330067913
0,0,0,0,224.551207449728,0,90.1317194604647,0,115.541295036174,0,0,0,0,0,0,0,0,0,0,0,0,0,261.605527103798,0,0,211.840482897052,0,125.416941482916,0,0,119.345624434514,0,0,0,0,206.472608421747,101.443495235174,0,0,160.537522273714,0
0,0,0,0,0,0,0,338.131802716296,0,0,0,242.790381480436,0,0,61.0664810463559,0,0,0,0,0,115.332064605654,0,0,0,0,124.698445421759,0,200.878319874537,0,0,0,0,0,193.055010680236,241.57250333243,0,163.059043292369,0,0,0,0
108.381749703452,0,0,0,0,0,0,0,0,345.797434674459,321.864157986053,0,0,0,0,0,0,0,0,0,0,0,0,236.681907140956,159.183173818572,0,0,120.912756812582,0,0,0,0,0,80.4367166559625,112.823430872325,183.786860782462,155.901486485736,0,173.001559092555,173.201474590904,0
0,0,0,0,0,94.9380989123498,0,0,0,0,0,89.9429017381717,241.682021696872,0,137.177378802006,154.784755881607,0,0,0,0,109.093416850988,0,94.126460729827,261.440278806413,0,204.481117647118,71.5579325720569,0,232.945974238958,138.33942793804,0,0,205.839960264176,180.543851962045,0,0,94.8881692391942,247.66948903751,142.385058730083,0,0
0,0,0,71.4788760670054,94.027247878695,169.742003380707,0,0,125.994729980093,199.492852797962,0,0,0,0,0,0,0,115.332064605654,0,109.093416850988,0,0,0,139.792601838991,0,0,0,192.135034768848,0,0,0,124.853650664477,164.032723165762,0,74.7304794244225,0,0,196.04190773555,0,0,0
0,143.005810983322,0,0,0,0,0,0,0,73.1029054543569,101.85207633558,0,0,0,78.8552325762656,0,0,0,0,0,0,0,0,228.792310020318,0,0,0,0,0,0,0,0,289.631679007608,0,0,0,0,0,92.3502314520023,348.674510760064,0
0,0,0,0,0,151.806152521152,0,146.770754374523,0,206.912707094411,0,137.239127032733,0,0,66.5008477853491,0,261.605527103798,0,0,94.126460729827,0,0,0,321.124897279917,0,193.777661225572,98.2230592632363,0,67.8267069095267,84.3635741045246,0,0,0,0,0,0,231.715271819474,251.098274723989,0,0,155.24952173131
158.955087279859,0,0,89.3673883748406,0,180.355266595273,0,160.530221557972,0,0,108.136066660554,98.417953423071,0,92.5207898118833,0,0,0,0,236.681907140956,261.440278806413,139.792601838991,228.792310020318,321.124897279917,0,0,125.81518738273,201.44584889478,192.601533877686,314.611698427915,138.425725342224,0,0,0,0,231.050882209,0,106.533627130087,0,0,0,0
0,0,197.893790332676,0,0,0,134.960780198024,0,0,221.805809452716,0,0,0,0,0,0,0,0,159.183173818572,0,0,0,0,0,0,0,224.523755099568,0,117.208001126138,0,0,0,0,142.054529471577,0,179.718364159796,101.350815329073,0,0,0,106.926813611922
0,0,151.075371308616,320.356811100276,0,80.8080171296381,153.876396855887,0,222.053792850439,0,208.005106191961,70.4221432298295,0,0,0,0,211.840482897052,124.698445421759,0,204.481117647118,0,0,193.777661225572,125.81518738273,0,0,263.534399241887,145.74089716123,0,0,0,92.5568465385234,0,173.059382066957,85.7623170715703,186.348837226466,0,0,0,323.781250289068,137.189596148386
0,0,0,0,135.667029391615,0,133.984214699576,151.695570509541,62.859596780235,259.442917595754,276.620869034647,209.996727521564,0,0,115.871357769661,0,0,0,0,71.5579325720569,0,0,98.2230592632363,201.44584889478,224.523755099568,263.534399241887,0,173.538155409849,94.7280504127031,0,0,0,0,205.183249704085,146.465927798921,167.066576495979,151.036729364761,96.5937438588657,0,0,0
161.694997919804,0,101.605593487621,0,128.846764897717,0,0,250.461724766314,78.9559315574845,112.349934713559,141.204637091722,115.114253591495,114.649126378906,112.793316814908,0,153.609372090384,125.416941482916,200.878319874537,120.912756812582,0,192.135034768848,0,0,192.601533877686,0,145.74089716123,173.538155409849,0,283.88658203332,0,0,0,0,177.763106506206,215.611029055736,74.5815074003433,303.527509149359,154.065933476765,81.9664354533492,157.852515740516,72.2278283150671
0,0,0,226.825099357786,62.311273509377,0,82.6426202489162,104.915316975638,0,0,171.906398392157,204.084074037941,0,0,0,116.176698124939,0,0,0,232.945974238958,0,0,67.8267069095267,314.611698427915,117.208001126138,0,94.7280504127031,283.88658203332,0,283.248188884028,333.645516435298,0,0,168.241326865882,0,89.707245288964,180.90030328818,115.868441404982,0,146.814226519809,115.194491798135
0,0,0,0,0,0,0,0,82.4756938751058,0,0,0,0,154.142998692322,0,0,0,0,0,138.33942793804,0,0,84.3635741045246,138.425725342224,0,0,0,0,283.248188884028,0,0,0,0,0,197.486504603685,0,178.683678585178,133.218162784108,0,169.453147353278,146.99041817625
0,0,0,213.67670887414,0,0,0,0,0,0,0,0,0,353.822894641502,0,0,119.345624434514,0,0,0,0,0,0,0,0,0,0,0,333.645516435298,0,0,0,0,106.33736463831,0,0,0,171.230058197369,0,0,0
0,0,0,0,0,0,0,306.640284138334,0,225.013371621378,0,96.7845769653343,0,99.2646516363145,0,95.7590805983148,0,0,0,0,124.853650664477,0,0,0,0,92.5568465385234,0,0,0,0,0,0,0,0,0,0,347.376449530863,150.161410108805,113.144980278377,0,178.224497384947
0,0,0,0,0,0,0,0,0,0,0,0,0,0,0,0,0,0,0,205.839960264176,164.032723165762,289.631679007608,0,0,0,0,0,0,0,0,0,0,0,220.901129804706,131.969743415579,0,0,0,0,0,0
106.128596538706,188.936291522747,0,0,97.5855511246009,0,97.3232815600345,114.511014214502,0,284.529238481835,81.2827395071039,153.672550905948,0,128.530575464043,0,140.574866691684,0,193.055010680236,80.4367166559625,180.543851962045,0,0,0,0,142.054529471577,173.059382066957,205.183249704085,177.763106506206,168.241326865882,0,106.33736463831,0,220.901129804706,0,195.378266313867,252.487290983309,217.157696745803,161.325017232684,0,255.441154257905,190.185165668632
0,300.031143529538,0,220.963068032256,82.1742780037132,158.567996645797,0,120.567029282014,0,139.93285932648,0,223.705816669619,118.522099274347,116.054372245433,0,0,0,241.57250333243,112.823430872325,0,74.7304794244225,0,0,231.050882209,0,85.7623170715703,146.465927798921,215.611029055736,0,197.486504603685,0,0,131.969743415579,195.378266313867,0,128.405764333981,196.032358954952,104.369974912428,253.401634605989,76.5072790361762,111.226326353722
0,0,0,0,219.430938885781,193.63278243493,75.4497121078207,161.275817184598,0,0,163.945208919892,0,0,0,87.8456058929559,0,206.472608421747,0,183.786860782462,0,0,0,0,0,179.718364159796,186.348837226466,167.066576495979,74.5815074003433,89.707245288964,0,0,0,0,252.487290983309,128.405764333981,0,110.384905066973,82.6299537488922,205.09013266389,228.075434767255,0
0,238.934743274142,0,89.1590885155172,192.693757128262,161.74915061469,122.106946855269,90.7216186966914,219.078548227669,101.895308036513,165.597665022977,93.4234866874731,0,241.635434294794,0,73.4795582048751,101.443495235174,163.059043292369,155.901486485736,94.8881692391942,0,0,231.715271819474,106.533627130087,101.350815329073,0,151.036729364761,303.527509149359,180.90030328818,178.683678585178,0,347.376449530863,0,217.157696745803,196.032358954952,110.384905066973,0,280.376028997576,0,136.792307586862,335.371040201042
0,0,0,0,0,214.116367924649,0,0,100.812745974529,0,0,201.100640800745,0,219.040656038919,0,151.01089327964,0,0,0,247.66948903751,196.04190773555,0,251.098274723989,0,0,0,96.5937438588657,154.065933476765,115.868441404982,133.218162784108,171.230058197369,150.161410108805,0,161.325017232684,104.369974912428,82.6299537488922,280.376028997576,0,195.314816908693,93.5029580098427,0
0,0,0,165.893015276821,85.6072705949986,0,136.685314494491,58.3493451392805,329.719143597451,269.936825670274,202.712457066107,0,0,0,0,0,0,0,173.001559092555,142.385058730083,0,92.3502314520023,0,0,0,0,0,81.9664354533492,0,0,0,113.144980278377,0,0,253.401634605989,205.09013266389,0,195.314816908693,0,0,0
119.728129215699,153.453047983244,0,111.435629183184,249.798812580765,178.748963182352,249.905610015455,187.77054666536,0,0,309.997227542691,148.808626413748,181.316358113209,188.851177466023,0,174.013630695256,160.537522273714,0,173.201474590904,0,0,348.674510760064,0,0,0,323.781250289068,0,157.852515740516,146.814226519809,169.453147353278,0,0,0,255.441154257905,76.5072790361762,228.075434767255,136.792307586862,93.5029580098427,0,0,195.822649557859
0,0,259.055025639447,162.833808134102,0,306.344527664232,0,0,103.519938150021,101.5853655613,193.659409924573,198.964527389285,134.566479261133,227.504408813069,0,135.294330067913,0,0,0,0,0,0,155.24952173131,0,106.926813611922,137.189596148386,0,72.2278283150671,115.194491798135,146.99041817625,0,178.224497384947,0,190.185165668632,111.226326353722,0,335.371040201042,0,0,195.822649557859,0
