0,0,0,0,0,0,0,0,0,158.567996645797,0,0,0,0,0,0,0,0,0,0,0,0,0,61.0664810463559,0,80.8080171296381,161.325017232684,85.6072705949986,0,0,0,0,0,188.851177466023,0,0,0,0,0,0,0
0,0,0,112.793316814908,0,85.7623170715703,0,0,0,0,0,0,0,0,0,0,0,0,0,0,0,0,0,153.609372090384,283.88658203332,0,0,135.294330067913,0,0,0,0,0,0,0,0,0,67.8267069095267,0,0,74.7304794244225
0,0,0,0,0,0,0,259.055025639447,0,0,0,0,0,0,0,139.654362654449,0,145.74089716123,0,0,0,0,0,0,0,0,0,0,214.116367924649,0,0,0,0,0,238.934743274142,0,0,0,0,0,0
0,112.793316814908,0,0,0,0,0,0,0,89.9429017381717,128.530575464043,0,0,0,0,0,0,0,0,0,0,0,0,0,0,0,353.822894641502,325.937289045041,112.823430872325,0,0,0,0,0,180.90030328818,137.189596148386,106.926813611922,74.4197823064597,96.5937438588657,136.792307586862,111.435629183184
0,0,0,0,0,0,154.070293657878,0,0,0,236.681907140956,115.868441404982,0,115.332064605654,89.3673883748406,0,0,0,0,78.8552325762656,0,119.345624434514,0,171.906398392157,0,0,193.055010680236,0,0,103.519938150021,0,219.040656038919,224.523755099568,0,206.472608421747,0,92.5207898118833,0,0,0,0
0,85.7623170715703,0,0,0,0,0,153.453047983244,94.8881692391942,220.963068032256,78.9559315574845,261.440278806413,0,0,0,0,0,0,0,89.1590885155172,0,0,0,120.567029282014,0,0,0,0,154.142998692322,217.157696745803,0,163.059043292369,0,115.541295036174,0,0,262.382215657622,0,0,283.248188884028,0
0,0,0,0,154.070293657878,0,0,0,0,0,0,0,0,175.196329314064,0,0,0,0,0,0,94.7280504127031,177.763106506206,0,0,74.5815074003433,0,150.161410108805,0,124.853650664477,0,0,146.770754374523,0,0,104.915316975638,99.3508940827211,159.183173818572,0,231.050882209,140.574866691684,0
0,0,259.055025639447,0,0,153.453047983244,0,0,0,0,135.667029391615,94.027247878695,0,0,0,0,190.185165668632,0,101.605593487621,0,0,0,255.441154257905,0,0,117.208001126138,241.57250333243,0,0,0,0,0,178.683678585178,81.2827395071039,141.204637091722,0,92.3502314520023,0,206.912707094411,118.522099274347,241.635434294794
0,0,0,0,0,94.8881692391942,0,0,0,73.1029054543569,0,241.682021696872,0,0,0,125.81518738273,0,0,0,0,0,0,0,0,0,269.936825670274,0,115.871357769661,0,0,0,136.685314494491,0,0,108.381749703452,187.77054666536,218.045528847001,0,0,151.695570509541,0
158.567996645797,0,0,89.9429017381717,0,220.963068032256,0,0,73.1029054543569,0,0,193.63278243493,151.036729364761,335.371040201042,0,173.201474590904,0,198.964527389285,0,0,0,0,200.878319874537,157.852515740516,0,0,160.537522273714,0,101.443495235174,242.790381480436,0,0,0,219.078548227669,134.566479261133,0,125.994729980093,0,0,0,128.405764333981
0,0,0,128.530575464043,236.681907140956,78.9559315574845,0,135.667029391615,0,0,0,143.005810983322,0,0,0,0,0,0,0,0,97.3506957544063,0,186.973586461633,208.005106191961,0,133.218162784108,0,100.812745974529,0,180.355266595273,0,0,0,357.423078228283,197.486504603685,0,62.311273509377,198.528111506785,0,120.912756812582,0
0,0,0,0,115.868441404982,261.440278806413,0,94.027247878695,241.682021696872,193.63278243493,143.005810983322,0,0,0,0,0,201.44584889478,195.314816908693,0,98.6790043377568,168.241326865882,0,0,0,0,0,289.631679007608,231.715271819474,114.649126378906,0,0,0,0,115.194491798135,240.185081663983,169.453147353278,81.9664354533492,125.416941482916,151.075371308616,204.481117647118,184.249961885477
0,0,0,0,0,0,0,0,0,151.036729364761,0,0,0,321.124897279917,211.840482897052,0,0,0,0,0,0,0,0,0,0,0,0,169.742003380707,0,0,0,0,0,0,0,161.694997919804,0,0,0,172.892533368851,0
0,0,0,0,115.332064605654,0,175.196329314064,0,0,335.371040201042,0,0,321.124897279917,0,0,0,0,0,94.126460729827,133.984214699576,0,0,212.592150359921,192.601533877686,0,0,0,158.955087279859,205.09013266389,0,0,0,0,84.3635741045246,0,0,199.492852797962,348.674510760064,0,0,192.135034768848
0,0,0,0,89.3673883748406,0,0,0,0,0,0,0,211.840482897052,0,0,0,0,138.425725342224,0,0,73.4795582048751,0,0,0,0,0,306.640284138334,106.533627130087,0,165.597665022977,115.114253591495,0,0,0,303.527509149359,0,154.065933476765,261.605527103798,0,333.645516435298,0
0,0,139.654362654449,0,0,0,0,0,125.81518738273,173.201474590904,0,0,0,0,0,0,0,0,173.059382066957,0,142.054529471577,0,0,134.960780198024,0,0,0,113.144980278377,0,0,0,0,0,119.728129215699,0,180.543851962045,82.6426202489162,0,0,0,167.066576495979
0,0,0,0,0,0,0,190.185165668632,0,0,0,201.44584889478,0,0,0,0,0,0,0,284.529238481835,153.876396855887,0,0,0,98.417953423071,0,0,173.538155409849,0,0,0,0,0,142.385058730083,0,213.67670887414,225.013371621378,0,0,72.2278283150671,0
0,0,145.74089716123,0,0,0,0,0,0,198.964527389285,0,195.314816908693,0,0,138.425725342224,0,0,0,0,0,0,249.798812580765,0,0,0,0,0,0,0,0,0,0,0,101.895308036513,0,164.032723165762,110.384905066973,227.504408813069,0,0,0
0,0,0,0,0,0,0,101.605593487621,0,0,0,0,0,94.126460729827,0,173.059382066957,0,0,0,338.131802716296,0,0,0,219.430938885781,0,0,0,196.04190773555,228.075434767255,0,0,0,0,70.4221432298295,146.99041817625,0,0,116.176698124939,228.792310020318,128.846764897717,0
0,0,0,0,78.8552325762656,89.1590885155172,0,0,0,0,0,98.6790043377568,0,133.984214699576,0,0,284.529238481835,0,338.131802716296,0,0,0,220.901129804706,131.969743415579,0,221.805809452716,71.4788760670054,89.707245288964,148.808626413748,0,0,0,0,112.349934713559,82.6299537488922,0,138.33942793804,151.01089327964,139.93285932648,0,0
0,0,0,0,0,0,94.7280504127031,0,0,0,97.3506957544063,168.241326865882,0,0,73.4795582048751,142.054529471577,153.876396855887,0,0,0,0,0,178.748963182352,0,252.487290983309,0,209.996727521564,0,222.053792850439,0,0,0,0,0,162.833808134102,0,186.348837226466,0,0,0,165.893015276821
0,0,0,0,119.345624434514,0,177.763106506206,0,0,0,0,0,0,0,0,0,0,249.798812580765,0,0,0,0,0,96.7845769653343,0,323.781250289068,0,250.461724766314,0,0,0,0,0,0,106.33736463831,0,0,0,0,0,202.712457066107
0,0,0,0,0,0,0,255.441154257905,0,200.878319874537,186.973586461633,0,0,212.592150359921,0,0,0,0,0,220.901129804706,178.748963182352,0,0,0,0,195.378266313867,97.5855511246009,71.5579325720569,0,263.534399241887,0,215.611029055736,0,0,98.2230592632363,0,223.705816669619,0,0,58.3493451392805,306.344527664232
61.0664810463559,153.609372090384,0,0,171.906398392157,120.567029282014,0,0,0,157.852515740516,208.005106191961,0,0,192.601533877686,0,134.960780198024,0,0,219.430938885781,131.969743415579,0,96.7845769653343,0,0,0,0,90.7216186966914,0,124.698445421759,0,0,0,0,94.7529894315991,0,82.1742780037132,172.608400267715,109.093416850988,259.442917595754,179.718364159796,0
0,283.88658203332,0,0,0,0,74.5815074003433,0,0,0,0,0,0,0,0,0,98.417953423071,0,0,0,252.487290983309,0,0,0,0,111.226326353722,0,0,0,196.032358954952,92.5568465385234,0,0,300.031143529538,0,0,151.806152521152,0,0,0,251.098274723989
80.8080171296381,0,0,0,0,0,0,117.208001126138,269.936825670274,0,133.218162784108,0,0,0,0,0,0,0,0,221.805809452716,0,323.781250289068,195.378266313867,0,111.226326353722,0,0,122.106946855269,224.551207449728,0,321.864157986053,160.530221557972,0,146.465927798921,113.059176128709,201.100640800745,95.7590805983148,194.442125915551,93.4234866874731,276.620869034647,249.905610015455
161.325017232684,0,0,353.822894641502,193.055010680236,0,150.161410108805,241.57250333243,0,160.537522273714,0,289.631679007608,0,0,306.640284138334,0,0,0,0,71.4788760670054,209.996727521564,0,97.5855511246009,90.7216186966914,0,0,0,101.85207633558,0,0,0,347.376449530863,0,163.945208919892,178.224497384947,116.054372245433,173.001559092555,0,0,309.997227542691,99.2646516363145
85.6072705949986,135.294330067913,0,325.937289045041,0,0,0,0,115.871357769661,0,100.812745974529,231.715271819474,169.742003380707,158.955087279859,106.533627130087,113.144980278377,173.538155409849,0,196.04190773555,89.707245288964,0,250.461724766314,71.5579325720569,0,0,122.106946855269,101.85207633558,0,171.230058197369,0,101.5853655613,94.9380989123498,320.356811100276,192.693757128262,114.511014214502,0,155.901486485736,205.839960264176,0,280.376028997576,139.792601838991
0,0,214.116367924649,112.823430872325,0,154.142998692322,124.853650664477,0,0,101.443495235174,0,114.649126378906,0,205.09013266389,0,0,0,0,228.075434767255,148.808626413748,222.053792850439,0,0,124.698445421759,0,224.551207449728,0,171.230058197369,0,191.519780382943,0,0,0,87.8456058929559,0,193.659409924573,153.672550905948,232.945974238958,82.4756938751058,345.797434674459,193.777661225572
0,0,0,0,103.519938150021,217.157696745803,0,0,0,242.790381480436,180.355266595273,0,0,0,165.597665022977,0,0,0,0,0,0,0,263.534399241887,0,196.032358954952,0,0,0,191.519780382943,0,0,137.177378802006,0,174.013630695256,0,0,0,0,0,226.825099357786,0
0,0,0,0,0,0,0,0,0,0,0,0,0,0,115.114253591495,0,0,0,0,0,0,0,0,0,92.5568465385234,321.864157986053,0,101.5853655613,0,0,0,0,0,0,0,0,253.401634605989,0,0,161.275817184598,0
0,0,0,0,219.040656038919,163.059043292369,146.770754374523,0,136.685314494491,0,0,0,0,0,0,0,0,0,0,0,0,0,215.611029055736,0,0,160.530221557972,347.376449530863,94.9380989123498,0,137.177378802006,0,0,0,0,0,0,0,137.239127032733,0,0,205.183249704085
0,0,0,0,224.523755099568,0,0,178.683678585178,0,0,0,0,0,0,0,0,0,0,0,0,0,0,0,0,0,0,0,320.356811100276,0,0,0,0,0,104.369974912428,0,0,188.936291522747,0,0,0,0
188.851177466023,0,0,0,0,115.541295036174,0,81.2827395071039,0,219.078548227669,357.423078228283,115.194491798135,0,84.3635741045246,0,119.728129215699,142.385058730083,101.895308036513,70.4221432298295,112.349934713559,0,0,0,94.7529894315991,300.031143529538,146.465927798921,163.945208919892,192.693757128262,87.8456058929559,174.013630695256,0,0,104.369974912428,0,195.822649557859,183.786860782462,155.24952173131,66.5008477853491,106.128596538706,62.859596780235,0
0,0,238.934743274142,180.90030328818,206.472608421747,0,104.915316975638,141.204637091722,108.381749703452,134.566479261133,197.486504603685,240.185081663983,0,0,303.527509149359,0,0,0,146.99041817625,82.6299537488922,162.833808134102,106.33736463831,98.2230592632363,0,0,113.059176128709,178.224497384947,114.511014214502,0,0,0,0,0,195.822649557859,0,314.611698427915,90.1317194604647,76.5072790361762,97.3232815600345,197.893790332676,93.5029580098427
0,0,0,137.189596148386,0,0,99.3508940827211,0,187.77054666536,0,0,169.453147353278,161.694997919804,0,0,180.543851962045,213.67670887414,164.032723165762,0,0,0,0,0,82.1742780037132,0,201.100640800745,116.054372245433,0,193.659409924573,0,0,0,0,183.786860782462,314.611698427915,0,154.784755881607,161.302948562323,101.350815329073,80.4367166559625,146.814226519809
0,0,0,106.926813611922,92.5207898118833,262.382215657622,159.183173818572,92.3502314520023,218.045528847001,125.994729980093,62.311273509377,81.9664354533492,0,199.492852797962,154.065933476765,82.6426202489162,225.013371621378,110.384905066973,0,138.33942793804,186.348837226466,0,223.705816669619,172.608400267715,151.806152521152,95.7590805983148,173.001559092555,155.901486485736,153.672550905948,0,253.401634605989,0,188.936291522747,155.24952173131,90.1317194604647,154.784755881607,0,0,0,181.316358113209,75.4497121078207
0,67.8267069095267,0,74.4197823064597,0,0,0,0,0,0,198.528111506785,125.416941482916,0,348.674510760064,261.605527103798,0,0,227.504408813069,116.176698124939,151.01089327964,0,0,0,109.093416850988,0,194.442125915551,0,205.839960264176,232.945974238958,0,0,137.239127032733,0,66.5008477853491,76.5072790361762,161.302948562323,0,0,329.719143597451,247.66948903751,204.084074037941
0,0,0,96.5937438588657,0,0,231.050882209,206.912707094411,0,0,0,151.075371308616,0,0,0,0,0,0,228.792310020318,139.93285932648,0,0,0,259.442917595754,0,93.4234866874731,0,0,82.4756938751058,0,0,0,0,106.128596538706,97.3232815600345,101.350815329073,0,329.719143597451,0,161.74915061469,108.136066660554
0,0,0,136.792307586862,0,283.248188884028,140.574866691684,118.522099274347,151.695570509541,0,120.912756812582,204.481117647118,172.892533368851,0,333.645516435298,0,72.2278283150671,0,128.846764897717,0,0,0,58.3493451392805,179.718364159796,0,276.620869034647,309.997227542691,280.376028997576,345.797434674459,226.825099357786,161.275817184598,0,0,62.859596780235,197.893790332676,80.4367166559625,181.316358113209,247.66948903751,161.74915061469,0,0
0,74.7304794244225,0,111.435629183184,0,0,0,241.635434294794,0,128.405764333981,0,184.249961885477,0,192.135034768848,0,167.066576495979,0,0,0,0,165.893015276821,202.712457066107,306.344527664232,0,251.098274723989,249.905610015455,99.2646516363145,139.792601838991,193.777661225572,0,0,205.183249704085,0,0,93.5029580098427,146.814226519809,75.4497121078207,204.084074037941,108.136066660554,0,0
