0,0,180.355266595273,0,0,0,0,0,0,114.649126378906,0,0,0,0,0,0,0,0,0,131.969743415579,0,0,0,92.5207898118833,0,153.876396855887,0,0,103.519938150021,0,0,0,0,0,0,0,0,0,0,0,0
0,0,0,0,0,0,0,0,0,0,0,192.601533877686,0,0,0,345.797434674459,0,0,0,217.157696745803,0,0,0,0,208.005106191961,0,0,0,85.6072705949986,0,0,0,0,151.075371308616,0,0,249.905610015455,0,0,0,0
180.355266595273,0,0,0,0,0,0,241.682021696872,0,0,0,0,0,0,0,0,0,0,0,0,0,0,0,0,0,0,0,0,0,0,0,0,0,0,110.384905066973,0,0,93.4234866874731,0,99.2646516363145,0
0,0,0,0,0,0,0,0,71.5579325720569,0,323.781250289068,0,0,82.6299537488922,197.893790332676,0,190.185165668632,0,0,0,0,0,0,98.2230592632363,0,0,0,193.777661225572,0,0,0,0,0,125.81518738273,80.4367166559625,173.001559092555,240.185081663983,0,0,173.201474590904,115.541295036174
0,0,0,0,0,0,92.3502314520023,0,153.672550905948,261.440278806413,143.005810983322,108.136066660554,0,0,0,113.059176128709,0,0,0,0,0,0,0,108.381749703452,0,0,0,90.1317194604647,306.640284138334,0,0,0,0,213.67670887414,136.792307586862,262.382215657622,163.945208919892,161.325017232684,0,0,0
0,0,0,0,0,0,0,124.853650664477,0,0,0,151.01089327964,0,0,0,0,0,193.659409924573,0,228.792310020318,155.901486485736,0,0,325.937289045041,0,67.8267069095267,104.369974912428,193.055010680236,0,195.822649557859,0,201.100640800745,0,111.435629183184,94.126460729827,0,0,338.131802716296,0,0,0
0,0,0,0,92.3502314520023,0,0,0,0,0,204.481117647118,263.534399241887,151.806152521152,0,90.7216186966914,0,0,0,0,0,0,0,0,231.050882209,141.204637091722,227.504408813069,128.846764897717,200.878319874537,0,0,0,0,0,0,71.4788760670054,146.99041817625,0,0,0,0,160.537522273714
0,0,241.682021696872,0,0,124.853650664477,0,0,0,0,0,82.1742780037132,112.793316814908,181.316358113209,0,140.574866691684,0,0,0,97.5855511246009,0,0,62.311273509377,0,0,0,154.142998692322,0,106.926813611922,0,0,0,0,58.3493451392805,0,177.763106506206,241.635434294794,0,99.3508940827211,100.812745974529,209.996727521564
0,0,0,71.5579325720569,153.672550905948,0,0,0,0,0,0,0,0,0,0,321.864157986053,0,259.055025639447,0,0,0,0,115.194491798135,0,0,0,0,194.442125915551,0,0,0,0,0,333.645516435298,215.611029055736,119.345624434514,137.189596148386,0,0,0,139.93285932648
114.649126378906,0,0,0,261.440278806413,0,0,0,0,0,184.249961885477,167.066576495979,0,0,195.378266313867,0,0,117.208001126138,81.9664354533492,0,0,0,223.705816669619,347.376449530863,0,111.226326353722,139.654362654449,205.839960264176,89.3673883748406,0,161.302948562323,0,173.538155409849,134.566479261133,0,0,0,154.065933476765,0,0,116.054372245433
0,0,0,323.781250289068,143.005810983322,0,204.481117647118,0,0,184.249961885477,0,146.814226519809,0,0,0,0,0,0,104.915316975638,0,125.416941482916,0,250.461724766314,0,0,0,142.385058730083,314.611698427915,0,94.7280504127031,0,0,0,220.901129804706,231.715271819474,0,241.57250333243,247.66948903751,0,89.1590885155172,0
0,192.601533877686,0,0,108.136066660554,151.01089327964,263.534399241887,82.1742780037132,0,167.066576495979,146.814226519809,0,94.7529894315991,0,0,178.748963182352,82.4756938751058,303.527509149359,0,0,0,0,74.5815074003433,0,0,0,0,172.892533368851,162.833808134102,94.027247878695,0,101.350815329073,0,161.694997919804,0,0,191.519780382943,151.695570509541,0,160.530221557972,253.401634605989
0,0,0,0,0,0,151.806152521152,112.793316814908,0,0,0,94.7529894315991,0,0,0,0,0,0,0,0,0,0,0,0,0,0,0,0,0,0,0,0,0,0,0,0,80.8080171296381,0,236.681907140956,306.344527664232,0
0,0,0,82.6299537488922,0,0,0,181.316358113209,0,0,0,0,0,0,0,70.4221432298295,0,0,87.8456058929559,0,150.161410108805,163.059043292369,115.114253591495,172.608400267715,0,164.032723165762,0,0,0,0,0,74.7304794244225,0,0,284.529238481835,148.808626413748,135.667029391615,0,124.698445421759,0,0
0,0,0,197.893790332676,0,0,90.7216186966914,0,0,195.378266313867,0,0,0,0,0,205.183249704085,0,0,0,0,202.712457066107,137.239127032733,0,0,136.685314494491,0,0,85.7623170715703,0,0,0,0,0,158.955087279859,357.423078228283,0,153.453047983244,0,0,212.592150359921,0
0,345.797434674459,0,0,113.059176128709,0,0,140.574866691684,321.864157986053,0,0,178.748963182352,0,70.4221432298295,205.183249704085,0,0,0,226.825099357786,0,0,0,0,0,0,0,118.522099274347,178.224497384947,0,0,0,0,0,106.33736463831,0,0,0,0,0,0,0
0,0,0,190.185165668632,0,0,0,0,0,0,0,82.4756938751058,0,0,0,0,0,0,0,0,0,0,133.984214699576,178.683678585178,0,0,242.790381480436,0,252.487290983309,0,0,0,0,0,219.430938885781,0,0,174.013630695256,0,309.997227542691,329.719143597451
0,0,0,0,0,193.659409924573,0,0,259.055025639447,117.208001126138,0,303.527509149359,0,0,0,0,0,0,0,114.511014214502,0,353.822894641502,0,0,0,0,0,0,0,0,0,0,0,0,82.6426202489162,0,201.44584889478,0,0,0,97.3506957544063
0,0,0,0,0,0,0,0,0,81.9664354533492,104.915316975638,0,0,87.8456058929559,0,226.825099357786,0,0,0,119.728129215699,0,0,283.248188884028,98.417953423071,0,0,0,0,168.241326865882,0,0,0,187.77054666536,0,0,0,133.218162784108,300.031143529538,0,0,113.144980278377
131.969743415579,217.157696745803,0,0,0,228.792310020318,0,97.5855511246009,0,0,0,0,0,0,0,0,0,114.511014214502,119.728129215699,0,139.792601838991,0,0,180.543851962045,0,0,112.823430872325,96.7845769653343,0,276.620869034647,198.964527389285,0,0,153.609372090384,221.805809452716,0,188.936291522747,0,115.868441404982,96.5937438588657,0
0,0,0,0,0,155.901486485736,0,0,0,0,125.416941482916,0,0,150.161410108805,202.712457066107,0,0,0,0,139.792601838991,0,0,0,0,0,0,75.4497121078207,0,186.973586461633,0,0,0,0,206.912707094411,0,76.5072790361762,214.116367924649,179.718364159796,0,158.567996645797,97.3232815600345
0,0,0,0,0,0,0,0,0,0,0,0,0,163.059043292369,137.239127032733,0,0,353.822894641502,0,0,0,0,0,0,0,0,151.036729364761,0,0,116.176698124939,0,0,0,128.405764333981,0,0,84.3635741045246,0,0,95.7590805983148,0
0,0,0,0,0,0,0,62.311273509377,115.194491798135,223.705816669619,250.461724766314,74.5815074003433,0,115.114253591495,0,0,133.984214699576,0,283.248188884028,0,0,0,0,81.2827395071039,0,219.078548227669,0,138.425725342224,0,0,0,0,0,0,348.674510760064,98.6790043377568,320.356811100276,0,0,101.895308036513,0
92.5207898118833,0,0,98.2230592632363,108.381749703452,325.937289045041,231.050882209,0,0,347.376449530863,0,0,0,172.608400267715,0,0,178.683678585178,0,98.417953423071,180.543851962045,0,0,81.2827395071039,0,280.376028997576,161.74915061469,219.040656038919,186.348837226466,89.9429017381717,0,0,0,0,128.530575464043,0,0,0,0,0,78.8552325762656,192.135034768848
0,208.005106191961,0,0,0,0,141.204637091722,0,0,0,0,0,0,0,136.685314494491,0,0,0,0,0,0,0,0,280.376028997576,0,0,0,93.5029580098427,0,0,0,0,0,169.453147353278,101.5853655613,0,101.605593487621,0,173.059382066957,0,218.045528847001
153.876396855887,0,0,0,0,67.8267069095267,227.504408813069,0,0,111.226326353722,0,0,0,164.032723165762,0,0,0,0,0,0,0,0,219.078548227669,161.74915061469,0,0,62.859596780235,0,289.631679007608,211.840482897052,0,220.963068032256,155.24952173131,261.605527103798,101.85207633558,232.945974238958,73.1029054543569,120.567029282014,224.523755099568,135.294330067913,154.070293657878
0,0,0,0,0,104.369974912428,128.846764897717,154.142998692322,0,139.654362654449,142.385058730083,0,0,0,0,118.522099274347,242.790381480436,0,0,112.823430872325,75.4497121078207,151.036729364761,0,219.040656038919,0,62.859596780235,0,269.936825670274,146.770754374523,0,0,0,0,101.443495235174,145.74089716123,204.084074037941,238.934743274142,199.492852797962,0,196.04190773555,0
0,0,0,193.777661225572,90.1317194604647,193.055010680236,200.878319874537,0,194.442125915551,205.839960264176,314.611698427915,172.892533368851,0,0,85.7623170715703,178.224497384947,0,0,0,96.7845769653343,0,0,138.425725342224,186.348837226466,93.5029580098427,0,269.936825670274,0,228.075434767255,61.0664810463559,115.871357769661,188.851177466023,161.275817184598,92.5568465385234,146.465927798921,225.013371621378,109.093416850988,73.4795582048751,283.88658203332,0,171.906398392157
103.519938150021,85.6072705949986,0,0,306.640284138334,0,0,106.926813611922,0,89.3673883748406,0,162.833808134102,0,0,0,0,252.487290983309,0,168.241326865882,0,186.973586461633,0,0,89.9429017381717,0,289.631679007608,146.770754374523,228.075434767255,0,198.528111506785,0,134.960780198024,0,0,321.124897279917,183.786860782462,106.533627130087,72.2278283150671,0,159.183173818572,74.4197823064597
0,0,0,0,0,195.822649557859,0,0,0,0,94.7280504127031,94.027247878695,0,0,0,0,0,0,0,276.620869034647,0,116.176698124939,0,0,0,211.840482897052,0,61.0664810463559,198.528111506785,0,0,0,0,0,193.63278243493,0,0,0,175.196329314064,180.90030328818,0
0,0,0,0,0,0,0,0,0,161.302948562323,0,0,0,0,0,0,0,0,0,198.964527389285,0,0,0,0,0,0,0,115.871357769661,0,0,0,0,0,0,0,66.5008477853491,169.742003380707,0,0,0,206.472608421747
0,0,0,0,0,201.100640800745,0,0,0,0,0,101.350815329073,0,74.7304794244225,0,0,0,0,0,0,0,0,0,0,0,220.963068032256,0,188.851177466023,134.960780198024,0,0,0,0,137.177378802006,192.693757128262,115.332064605654,94.9380989123498,0,0,165.893015276821,0
0,0,0,0,0,0,0,0,0,173.538155409849,0,0,0,0,0,0,0,0,187.77054666536,0,0,0,0,0,0,155.24952173131,0,161.275817184598,0,0,0,0,0,0,0,0,0,0,0,224.551207449728,0
0,151.075371308616,0,125.81518738273,213.67670887414,111.435629183184,0,58.3493451392805,333.645516435298,134.566479261133,220.901129804706,161.694997919804,0,0,158.955087279859,106.33736463831,0,0,0,153.609372090384,206.912707094411,128.405764333981,0,128.530575464043,169.453147353278,261.605527103798,101.443495235174,92.5568465385234,0,0,0,137.177378802006,0,0,205.09013266389,259.442917595754,89.707245288964,106.128596538706,142.054529471577,112.349934713559,0
0,0,110.384905066973,80.4367166559625,136.792307586862,94.126460729827,71.4788760670054,0,215.611029055736,0,231.715271819474,0,0,284.529238481835,357.423078228283,0,219.430938885781,82.6426202489162,0,221.805809452716,0,0,348.674510760064,0,101.5853655613,101.85207633558,145.74089716123,146.465927798921,321.124897279917,193.63278243493,0,192.693757128262,0,205.09013266389,0,0,195.314816908693,335.371040201042,197.486504603685,222.053792850439,0
0,0,0,173.001559092555,262.382215657622,0,146.99041817625,177.763106506206,119.345624434514,0,0,0,0,148.808626413748,0,0,0,0,0,0,76.5072790361762,0,98.6790043377568,0,0,232.945974238958,204.084074037941,225.013371621378,183.786860782462,0,66.5008477853491,115.332064605654,0,259.442917595754,0,0,125.994729980093,157.852515740516,171.230058197369,0,138.33942793804
0,249.905610015455,0,240.185081663983,163.945208919892,0,0,241.635434294794,137.189596148386,0,241.57250333243,191.519780382943,80.8080171296381,135.667029391615,153.453047983244,0,0,201.44584889478,133.218162784108,188.936291522747,214.116367924649,84.3635741045246,320.356811100276,0,101.605593487621,73.1029054543569,238.934743274142,109.093416850988,106.533627130087,0,169.742003380707,94.9380989123498,0,89.707245288964,195.314816908693,125.994729980093,0,255.441154257905,154.784755881607,94.8881692391942,122.106946855269
0,0,93.4234866874731,0,161.325017232684,338.131802716296,0,0,0,154.065933476765,247.66948903751,151.695570509541,0,0,0,0,174.013630695256,0,300.031143529538,0,179.718364159796,0,0,0,0,120.567029282014,199.492852797962,73.4795582048751,72.2278283150671,0,0,0,0,106.128596538706,335.371040201042,157.852515740516,255.441154257905,0,251.098274723989,165.597665022977,78.9559315574845
0,0,0,0,0,0,0,99.3508940827211,0,0,0,0,236.681907140956,124.698445421759,0,0,0,0,0,115.868441404982,0,0,0,0,173.059382066957,224.523755099568,0,283.88658203332,0,175.196329314064,0,0,0,142.054529471577,197.486504603685,171.230058197369,154.784755881607,251.098274723989,0,196.032358954952,249.798812580765
0,0,99.2646516363145,173.201474590904,0,0,0,100.812745974529,0,0,89.1590885155172,160.530221557972,306.344527664232,0,212.592150359921,0,309.997227542691,0,0,96.5937438588657,158.567996645797,95.7590805983148,101.895308036513,78.8552325762656,0,135.294330067913,196.04190773555,0,159.183173818572,180.90030328818,0,165.893015276821,224.551207449728,112.349934713559,222.053792850439,0,94.8881692391942,165.597665022977,196.032358954952,0,120.912756812582
0,0,0,115.541295036174,0,0,160.537522273714,209.996727521564,139.93285932648,116.054372245433,0,253.401634605989,0,0,0,0,329.719143597451,97.3506957544063,113.144980278377,0,97.3232815600345,0,0,192.135034768848,218.045528847001,154.070293657878,0,171.906398392157,74.4197823064597,0,206.472608421747,0,0,0,0,138.33942793804,122.106946855269,78.9559315574845,249.798812580765,120.912756812582,0
