0,0,0,0,261.605527103798,0,0,146.770754374523,0,0,0,0,0,0,0,0,0,0,0,0,0,0,255.441154257905,0,0,154.070293657878,0,0,0,0,0,0,0,348.674510760064,0,0,0,93.5029580098427,0,0,0
0,0,0,165.597665022977,0,0,154.142998692322,0,0,0,0,0,0,0,0,0,0,0,104.915316975638,252.487290983309,0,0,0,0,0,0,143.005810983322,0,151.695570509541,0,0,0,0,0,0,87.8456058929559,0,0,0,0,0
0,0,0,0,0,0,0,0,0,0,0,0,0,0,101.895308036513,0,0,0,0,0,0,0,0,0,0,0,0,0,241.635434294794,0,0,205.09013266389,0,0,0,0,177.763106506206,62.311273509377,0,0,0
0,165.597665022977,0,0,0,0,0,0,0,353.822894641502,0,146.465927798921,0,0,136.792307586862,0,119.728129215699,0,242.790381480436,76.5072790361762,89.1590885155172,0,205.839960264176,0,0,0,112.349934713559,75.4497121078207,0,0,0,0,0,0,0,0,0,0,0,171.906398392157,98.6790043377568
261.605527103798,0,0,0,0,0,101.85207633558,0,193.659409924573,0,0,111.226326353722,0,0,0,228.792310020318,0,0,0,202.712457066107,0,0,0,0,0,135.294330067913,96.5937438588657,0,0,201.44584889478,0,0,124.698445421759,92.3502314520023,208.005106191961,250.461724766314,314.611698427915,0,0,0,0
0,0,0,0,0,0,0,0,108.136066660554,133.984214699576,321.124897279917,0,0,161.74915061469,89.9429017381717,0,0,0,0,0,0,0,113.059176128709,0,0,253.401634605989,212.592150359921,333.645516435298,0,0,0,0,138.425725342224,219.078548227669,153.609372090384,0,195.378266313867,61.0664810463559,0,0,0
0,154.142998692322,0,0,101.85207633558,0,0,0,0,0,0,116.054372245433,0,106.33736463831,0,0,0,0,0,142.385058730083,0,0,0,0,89.3673883748406,240.185081663983,0,164.032723165762,0,0,0,0,0,289.631679007608,0,249.905610015455,199.492852797962,0,85.6072705949986,0,113.144980278377
146.770754374523,0,0,0,0,0,0,0,0,97.5855511246009,0,97.3232815600345,0,0,0,0,0,215.611029055736,0,155.24952173131,191.519780382943,0,0,232.945974238958,183.786860782462,125.994729980093,0,139.93285932648,0,0,0,0,0,141.204637091722,259.055025639447,0,94.8881692391942,222.053792850439,0,134.960780198024,101.350815329073
0,0,0,0,193.659409924573,108.136066660554,0,0,0,0,0,0,0,100.812745974529,0,217.157696745803,0,0,78.8552325762656,0,0,0,0,0,0,0,0,263.534399241887,0,0,0,0,0,0,101.5853655613,228.075434767255,0,146.99041817625,0,175.196329314064,137.177378802006
0,0,0,353.822894641502,0,133.984214699576,0,97.5855511246009,0,0,226.825099357786,0,0,85.7623170715703,193.63278243493,0,0,0,0,0,111.435629183184,168.241326865882,0,169.453147353278,0,0,284.529238481835,81.9664354533492,136.685314494491,0,99.2646516363145,0,0,0,209.996727521564,115.871357769661,0,0,231.715271819474,192.135034768848,188.851177466023
0,0,0,0,0,321.124897279917,0,0,0,226.825099357786,0,178.748963182352,174.013630695256,0,125.81518738273,0,0,128.846764897717,0,151.806152521152,219.040656038919,0,201.100640800745,0,0,0,196.032358954952,206.472608421747,0,197.486504603685,0,0,0,0,0,204.481117647118,140.574866691684,0,0,81.2827395071039,120.567029282014
0,0,0,146.465927798921,111.226326353722,0,116.054372245433,97.3232815600345,0,0,178.748963182352,0,160.537522273714,0,197.893790332676,0,0,0,0,0,0,0,160.530221557972,213.67670887414,227.504408813069,146.814226519809,142.054529471577,158.955087279859,0,0,139.654362654449,329.719143597451,0,224.551207449728,300.031143529538,0,154.784755881607,249.798812580765,94.027247878695,357.423078228283,0
0,0,0,0,0,0,0,0,0,0,174.013630695256,160.537522273714,0,0,0,0,0,0,0,0,0,0,0,0,0,0,0,200.878319874537,115.194491798135,0,0,0,0,0,0,0,139.792601838991,0,0,247.66948903751,0
0,0,0,0,0,161.74915061469,106.33736463831,0,100.812745974529,85.7623170715703,0,0,0,0,0,0,0,101.443495235174,161.325017232684,0,0,0,0,131.969743415579,0,66.5008477853491,0,190.185165668632,0,0,0,0,0,0,74.7304794244225,194.442125915551,103.519938150021,0,173.538155409849,338.131802716296,0
0,0,101.895308036513,136.792307586862,0,89.9429017381717,0,0,0,193.63278243493,125.81518738273,197.893790332676,0,0,0,0,0,0,231.050882209,0,0,0,0,0,0,345.797434674459,303.527509149359,0,0,0,0,0,0,195.314816908693,0,306.640284138334,62.859596780235,0,0,0,0
0,0,0,0,228.792310020318,0,0,0,217.157696745803,0,0,0,0,0,0,0,0,0,0,0,0,0,80.8080171296381,0,347.376449530863,0,0,114.649126378906,134.566479261133,0,0,0,0,151.036729364761,205.183249704085,0,124.853650664477,0,96.7845769653343,151.075371308616,0
0,0,0,119.728129215699,0,0,0,0,0,0,0,0,0,0,0,0,0,0,0,0,0,0,0,180.543851962045,0,0,161.275817184598,276.620869034647,0,198.964527389285,0,120.912756812582,0,73.1029054543569,218.045528847001,0,97.3506957544063,0,196.04190773555,0,0
0,0,0,0,0,0,0,215.611029055736,0,0,128.846764897717,0,0,101.443495235174,0,0,0,0,323.781250289068,0,0,0,241.57250333243,0,0,221.805809452716,0,173.201474590904,180.355266595273,0,0,0,67.8267069095267,0,0,0,0,0,0,0,0
0,104.915316975638,0,242.790381480436,0,0,0,0,78.8552325762656,0,0,0,0,161.325017232684,231.050882209,0,0,323.781250289068,0,0,0,0,90.7216186966914,72.2278283150671,0,173.001559092555,0,0,162.833808134102,0,0,0,0,159.183173818572,92.5568465385234,0,0,0,0,0,0
0,252.487290983309,0,76.5072790361762,202.712457066107,0,142.385058730083,155.24952173131,0,0,151.806152521152,0,0,0,0,0,0,0,0,0,82.6426202489162,167.066576495979,161.694997919804,0,0,0,0,115.868441404982,225.013371621378,106.926813611922,0,0,0,0,172.892533368851,0,186.348837226466,135.667029391615,0,73.4795582048751,137.239127032733
0,0,0,89.1590885155172,0,0,0,191.519780382943,0,111.435629183184,219.040656038919,0,0,0,0,0,0,0,0,82.6426202489162,0,0,153.876396855887,0,0,238.934743274142,0,0,150.161410108805,0,0,0,0,241.682021696872,157.852515740516,0,224.523755099568,0,122.106946855269,192.601533877686,0
0,0,0,0,0,0,0,0,0,168.241326865882,0,0,0,0,0,0,0,0,0,167.066576495979,0,0,0,220.963068032256,0,0,0,0,115.541295036174,82.6299537488922,0,0,0,0,0,0,99.3508940827211,90.1317194604647,0,236.681907140956,0
255.441154257905,0,0,205.839960264176,0,113.059176128709,0,0,0,0,201.100640800745,160.530221557972,0,0,0,80.8080171296381,0,241.57250333243,90.7216186966914,161.694997919804,153.876396855887,0,0,0,0,93.4234866874731,259.442917595754,0,0,0,0,0,0,0,0,70.4221432298295,119.345624434514,0,0,0,106.533627130087
0,0,0,0,0,0,0,232.945974238958,0,169.453147353278,0,213.67670887414,0,131.969743415579,0,0,180.543851962045,0,72.2278283150671,0,0,220.963068032256,0,0,193.777661225572,181.316358113209,115.114253591495,110.384905066973,211.840482897052,0,106.128596538706,0,0,117.208001126138,0,138.33942793804,114.511014214502,161.302948562323,145.74089716123,0,84.3635741045246
0,0,0,0,0,0,89.3673883748406,183.786860782462,0,0,0,227.504408813069,0,0,0,347.376449530863,0,0,0,0,0,0,0,193.777661225572,0,0,0,112.793316814908,0,0,0,0,0,0,0,0,206.912707094411,251.098274723989,325.937289045041,173.059382066957,0
154.070293657878,0,0,0,135.294330067913,253.401634605989,240.185081663983,125.994729980093,0,0,0,146.814226519809,0,66.5008477853491,345.797434674459,0,0,221.805809452716,173.001559092555,0,238.934743274142,0,93.4234866874731,181.316358113209,0,0,0,163.945208919892,0,0,80.4367166559625,0,0,98.417953423071,188.936291522747,0,125.416941482916,306.344527664232,0,0,214.116367924649
0,143.005810983322,0,112.349934713559,96.5937438588657,212.592150359921,0,0,0,284.529238481835,196.032358954952,142.054529471577,0,0,303.527509149359,0,161.275817184598,0,0,0,0,0,259.442917595754,115.114253591495,0,0,0,82.1742780037132,82.4756938751058,0,0,192.693757128262,0,283.88658203332,115.332064605654,0,98.2230592632363,137.189596148386,0,204.084074037941,109.093416850988
0,0,0,75.4497121078207,0,333.645516435298,164.032723165762,139.93285932648,263.534399241887,81.9664354533492,206.472608421747,158.955087279859,200.878319874537,190.185165668632,0,114.649126378906,276.620869034647,173.201474590904,0,115.868441404982,0,0,0,110.384905066973,112.793316814908,163.945208919892,82.1742780037132,0,163.059043292369,74.5815074003433,0,118.522099274347,0,154.065933476765,94.7280504127031,335.371040201042,128.405764333981,104.369974912428,0,320.356811100276,0
0,151.695570509541,241.635434294794,0,0,0,0,0,0,136.685314494491,0,0,115.194491798135,0,0,134.566479261133,0,180.355266595273,162.833808134102,225.013371621378,150.161410108805,115.541295036174,0,211.840482897052,0,0,82.4756938751058,163.059043292369,0,0,0,0,0,133.218162784108,108.381749703452,269.936825670274,219.430938885781,223.705816669619,172.608400267715,179.718364159796,220.901129804706
0,0,0,0,201.44584889478,0,0,0,0,0,197.486504603685,0,0,0,0,0,198.964527389285,0,0,106.926813611922,0,82.6299537488922,0,0,0,0,0,74.5815074003433,0,0,0,0,0,0,171.230058197369,193.055010680236,153.453047983244,0,309.997227542691,153.672550905948,0
0,0,0,0,0,0,0,0,0,99.2646516363145,0,139.654362654449,0,0,0,0,0,0,0,0,0,0,0,106.128596538706,0,80.4367166559625,0,0,0,0,0,0,0,321.864157986053,0,0,0,0,0,71.5579325720569,0
0,0,205.09013266389,0,0,0,0,0,0,0,0,329.719143597451,0,0,0,0,120.912756812582,0,0,0,0,0,0,0,0,0,192.693757128262,118.522099274347,0,0,0,0,0,155.901486485736,89.707245288964,148.808626413748,112.823430872325,0,0,178.224497384947,187.77054666536
0,0,0,0,124.698445421759,138.425725342224,0,0,0,0,0,0,0,0,0,0,0,67.8267069095267,0,0,0,0,0,0,0,0,0,0,0,0,0,0,0,128.530575464043,0,0,0,0,0,0,94.126460729827
348.674510760064,0,0,0,92.3502314520023,219.078548227669,289.631679007608,141.204637091722,0,0,0,224.551207449728,0,0,195.314816908693,151.036729364761,73.1029054543569,0,159.183173818572,0,241.682021696872,0,0,117.208001126138,0,98.417953423071,283.88658203332,154.065933476765,133.218162784108,0,321.864157986053,155.901486485736,128.530575464043,0,95.7590805983148,92.5207898118833,283.248188884028,186.973586461633,74.4197823064597,178.683678585178,184.249961885477
0,0,0,0,208.005106191961,153.609372090384,0,259.055025639447,101.5853655613,209.996727521564,0,300.031143529538,0,74.7304794244225,0,205.183249704085,218.045528847001,0,92.5568465385234,172.892533368851,157.852515740516,0,0,0,0,188.936291522747,115.332064605654,94.7280504127031,108.381749703452,171.230058197369,0,89.707245288964,0,95.7590805983148,0,94.9380989123498,58.3493451392805,198.528111506785,195.822649557859,180.90030328818,94.7529894315991
0,87.8456058929559,0,0,250.461724766314,0,249.905610015455,0,228.075434767255,115.871357769661,204.481117647118,0,0,194.442125915551,306.640284138334,0,0,0,0,0,0,0,70.4221432298295,138.33942793804,0,0,0,335.371040201042,269.936825670274,193.055010680236,0,148.808626413748,0,92.5207898118833,94.9380989123498,0,101.605593487621,0,0,169.742003380707,116.176698124939
0,0,177.763106506206,0,314.611698427915,195.378266313867,199.492852797962,94.8881692391942,0,0,140.574866691684,154.784755881607,139.792601838991,103.519938150021,62.859596780235,124.853650664477,97.3506957544063,0,0,186.348837226466,224.523755099568,99.3508940827211,119.345624434514,114.511014214502,206.912707094411,125.416941482916,98.2230592632363,128.405764333981,219.430938885781,153.453047983244,0,112.823430872325,0,283.248188884028,58.3493451392805,101.605593487621,0,262.382215657622,0,78.9559315574845,261.440278806413
93.5029580098427,0,62.311273509377,0,0,61.0664810463559,0,222.053792850439,146.99041817625,0,0,249.798812580765,0,0,0,0,0,0,0,135.667029391615,0,90.1317194604647,0,161.302948562323,251.098274723989,306.344527664232,137.189596148386,104.369974912428,223.705816669619,0,0,0,0,186.973586461633,198.528111506785,0,262.382215657622,0,71.4788760670054,151.01089327964,158.567996645797
0,0,0,0,0,0,85.6072705949986,0,0,231.715271819474,0,94.027247878695,0,173.538155409849,0,96.7845769653343,196.04190773555,0,0,0,122.106946855269,0,0,145.74089716123,325.937289045041,0,0,0,172.608400267715,309.997227542691,0,0,0,74.4197823064597,195.822649557859,0,0,71.4788760670054,0,0,165.893015276821
0,0,0,171.906398392157,0,0,0,134.960780198024,175.196329314064,192.135034768848,81.2827395071039,357.423078228283,247.66948903751,338.131802716296,0,151.075371308616,0,0,0,73.4795582048751,192.601533877686,236.681907140956,0,0,173.059382066957,0,204.084074037941,320.356811100276,179.718364159796,153.672550905948,71.5579325720569,178.224497384947,0,178.683678585178,180.90030328818,169.742003380707,78.9559315574845,151.01089327964,0,0,280.376028997576
0,0,0,98.6790043377568,0,0,113.144980278377,101.350815329073,137.177378802006,188.851177466023,120.567029282014,0,0,0,0,0,0,0,0,137.239127032733,0,0,106.533627130087,84.3635741045246,0,214.116367924649,109.093416850988,0,220.901129804706,0,0,187.77054666536,94.126460729827,184.249961885477,94.7529894315991,116.176698124939,261.440278806413,158.567996645797,165.893015276821,280.376028997576,0
