0,0,0,0,0,0,0,0,0,0,0,0,0,0,0,0,0,0,0,0,0,0,0,0,0,0,262.382215657622,215.611029055736,0,205.839960264176,0,0,0,0,142.054529471577,0,186.348837226466,0,0,0,138.33942793804
0,0,0,0,0,0,0,0,0,0,153.876396855887,81.9664354533492,0,0,0,0,0,0,0,94.8881692391942,0,0,0,0,0,0,73.1029054543569,0,114.649126378906,0,0,0,0,0,0,323.781250289068,0,0,0,202.712457066107,0
0,0,0,0,197.893790332676,0,0,187.77054666536,0,0,0,0,0,0,151.806152521152,0,0,0,0,0,0,0,0,0,0,0,89.3673883748406,0,0,0,0,0,0,94.126460729827,0,0,0,0,0,0,0
0,0,0,0,0,0,0,87.8456058929559,0,321.124897279917,205.09013266389,306.640284138334,0,94.7280504127031,120.567029282014,0,0,0,0,112.823430872325,0,0,0,0,0,241.57250333243,0,74.7304794244225,82.1742780037132,0,0,0,0,146.465927798921,0,303.527509149359,0,0,0,193.777661225572,0
0,0,197.893790332676,0,0,225.013371621378,70.4221432298295,0,0,0,0,158.567996645797,0,94.027247878695,161.275817184598,0,0,0,177.763106506206,188.851177466023,0,0,0,0,238.934743274142,0,0,0,71.5579325720569,0,0,0,0,125.416941482916,150.161410108805,0,137.189596148386,0,0,0,184.249961885477
0,0,0,0,225.013371621378,0,0,289.631679007608,76.5072790361762,226.825099357786,261.440278806413,0,0,0,0,0,0,195.314816908693,0,0,124.698445421759,0,0,259.442917595754,0,0,0,101.443495235174,0,0,0,0,0,213.67670887414,186.973586461633,0,250.461724766314,0,116.176698124939,0,195.822649557859
0,0,0,0,70.4221432298295,0,0,228.075434767255,0,71.4788760670054,0,0,0,0,0,0,0,0,0,0,0,0,0,0,0,201.44584889478,263.534399241887,217.157696745803,0,0,0,82.6299537488922,0,172.608400267715,300.031143529538,199.492852797962,249.905610015455,314.611698427915,0,66.5008477853491,0
0,0,187.77054666536,87.8456058929559,0,289.631679007608,228.075434767255,0,0,0,0,0,0,0,306.344527664232,0,0,0,0,253.401634605989,0,0,0,154.065933476765,0,242.790381480436,0,113.059176128709,101.5853655613,0,231.050882209,0,0,0,131.969743415579,0,171.230058197369,151.01089327964,0,153.609372090384,169.453147353278
0,0,0,0,0,76.5072790361762,0,0,0,236.681907140956,0,0,0,115.114253591495,0,0,280.376028997576,106.128596538706,0,0,183.786860782462,249.798812580765,0,0,0,0,0,255.441154257905,0,0,0,0,0,222.053792850439,0,143.005810983322,0,0,0,111.226326353722,0
0,0,0,321.124897279917,0,226.825099357786,71.4788760670054,0,236.681907140956,0,0,0,276.620869034647,0,0,165.597665022977,208.005106191961,0,0,0,0,0,82.4756938751058,133.984214699576,321.864157986053,0,146.814226519809,196.032358954952,95.7590805983148,0,0,0,335.371040201042,204.481117647118,169.742003380707,0,104.915316975638,227.504408813069,0,0,0
0,153.876396855887,0,205.09013266389,0,261.440278806413,0,0,0,0,0,0,0,0,0,0,0,0,81.2827395071039,0,0,0,195.378266313867,0,197.486504603685,98.2230592632363,120.912756812582,73.4795582048751,134.960780198024,0,174.013630695256,0,0,153.672550905948,206.472608421747,0,345.797434674459,115.332064605654,0,0,146.99041817625
0,81.9664354533492,0,306.640284138334,158.567996645797,0,0,0,0,0,0,0,0,0,140.574866691684,106.533627130087,0,0,0,173.059382066957,112.793316814908,0,0,157.852515740516,141.204637091722,0,114.511014214502,0,247.66948903751,93.5029580098427,94.9380989123498,261.605527103798,0,158.955087279859,96.7845769653343,119.728129215699,221.805809452716,0,167.066576495979,97.3506957544063,309.997227542691
0,0,0,0,0,0,0,0,0,276.620869034647,0,0,0,0,0,0,284.529238481835,0,125.81518738273,0,0,0,0,0,0,0,0,0,78.8552325762656,0,0,0,0,0,0,80.4367166559625,219.430938885781,0,0,0,0
0,0,0,94.7280504127031,94.027247878695,0,0,0,115.114253591495,0,0,0,0,0,0,0,0,0,0,0,0,109.093416850988,0,0,0,161.302948562323,0,134.566479261133,92.5568465385234,0,0,0,0,0,204.084074037941,89.1590885155172,72.2278283150671,115.194491798135,154.070293657878,97.5855511246009,125.994729980093
0,0,151.806152521152,120.567029282014,161.275817184598,0,0,306.344527664232,0,0,0,140.574866691684,0,0,0,0,219.078548227669,0,98.417953423071,0,99.2646516363145,0,0,0,0,85.6072705949986,0,93.4234866874731,115.868441404982,0,0,0,0,0,0,0,122.106946855269,0,0,0,0
0,0,0,0,0,0,0,0,0,165.597665022977,0,106.533627130087,0,0,0,0,325.937289045041,0,0,148.808626413748,0,0,194.442125915551,0,0,106.33736463831,0,128.405764333981,0,0,0,0,0,89.9429017381717,92.5207898118833,0,82.6426202489162,0,0,0,178.683678585178
0,0,0,0,0,0,0,0,280.376028997576,208.005106191961,0,0,284.529238481835,0,219.078548227669,325.937289045041,0,0,0,0,0,0,232.945974238958,0,0,0,175.196329314064,0,0,0,0,0,0,0,0,0,0,165.893015276821,0,62.859596780235,193.63278243493
0,0,0,0,0,195.314816908693,0,0,106.128596538706,0,0,0,0,0,0,0,0,0,0,0,0,179.718364159796,0,0,0,224.551207449728,0,136.685314494491,0,0,0,101.605593487621,0,0,178.748963182352,0,0,0,0,231.715271819474,62.311273509377
0,0,0,0,177.763106506206,0,0,0,0,0,81.2827395071039,0,125.81518738273,0,98.417953423071,0,0,0,0,135.294330067913,0,0,0,0,0,178.224497384947,0,191.519780382943,159.183173818572,0,0,0,0,117.208001126138,145.74089716123,171.906398392157,220.901129804706,0,0,0,0
0,94.8881692391942,0,112.823430872325,188.851177466023,0,0,253.401634605989,0,0,0,173.059382066957,0,0,0,148.808626413748,0,0,135.294330067913,0,0,0,101.895308036513,0,0,160.530221557972,205.183249704085,211.840482897052,206.912707094411,0,0,0,357.423078228283,80.8080171296381,0,0,173.001559092555,0,0,139.792601838991,219.040656038919
0,0,0,0,0,124.698445421759,0,0,183.786860782462,0,0,112.793316814908,0,0,99.2646516363145,0,0,0,0,0,0,0,164.032723165762,0,163.059043292369,0,0,0,142.385058730083,181.316358113209,0,0,0,0,201.100640800745,180.90030328818,154.142998692322,0,241.682021696872,240.185081663983,0
0,0,0,0,0,0,0,0,249.798812580765,0,0,0,0,109.093416850988,0,0,0,179.718364159796,0,0,0,0,0,154.784755881607,0,0,111.435629183184,133.218162784108,188.936291522747,0,0,0,0,228.792310020318,0,0,0,0,0,0,0
0,0,0,0,0,0,0,0,0,82.4756938751058,195.378266313867,0,0,0,0,194.442125915551,232.945974238958,0,0,101.895308036513,164.032723165762,0,0,0,146.770754374523,0,0,108.381749703452,0,0,0,0,0,0,180.355266595273,101.85207633558,193.055010680236,139.654362654449,223.705816669619,61.0664810463559,196.04190773555
0,0,0,0,0,259.442917595754,0,154.065933476765,0,133.984214699576,0,157.852515740516,0,0,0,0,0,0,0,0,0,154.784755881607,0,0,0,180.543851962045,99.3508940827211,78.9559315574845,192.693757128262,212.592150359921,0,161.694997919804,0,110.384905066973,338.131802716296,214.116367924649,209.996727521564,155.24952173131,96.5937438588657,200.878319874537,173.201474590904
0,0,0,0,238.934743274142,0,0,0,0,321.864157986053,197.486504603685,141.204637091722,0,0,0,0,0,0,0,0,163.059043292369,0,146.770754374523,0,0,0,0,0,0,0,0,0,0,329.719143597451,0,0,160.537522273714,0,90.1317194604647,115.541295036174,0
0,0,0,241.57250333243,0,0,201.44584889478,242.790381480436,0,0,98.2230592632363,0,0,161.302948562323,85.6072705949986,106.33736463831,0,224.551207449728,178.224497384947,160.530221557972,0,0,0,180.543851962045,0,0,116.054372245433,163.945208919892,89.707245288964,353.822894641502,0,320.356811100276,0,104.369974912428,333.645516435298,0,269.936825670274,0,113.144980278377,0,0
262.382215657622,73.1029054543569,89.3673883748406,0,0,0,263.534399241887,0,0,146.814226519809,120.912756812582,114.511014214502,0,0,0,0,175.196329314064,0,0,205.183249704085,0,111.435629183184,0,99.3508940827211,0,116.054372245433,0,136.792307586862,119.345624434514,155.901486485736,0,0,0,0,101.350815329073,0,106.926813611922,168.241326865882,0,241.635434294794,118.522099274347
215.611029055736,0,0,74.7304794244225,0,101.443495235174,217.157696745803,113.059176128709,255.441154257905,196.032358954952,73.4795582048751,0,0,134.566479261133,93.4234866874731,128.405764333981,0,136.685314494491,191.519780382943,211.840482897052,0,133.218162784108,108.381749703452,78.9559315574845,0,163.945208919892,136.792307586862,0,0,90.7216186966914,0,0,0,103.519938150021,220.963068032256,0,198.964527389285,161.325017232684,283.88658203332,151.695570509541,259.055025639447
0,114.649126378906,0,82.1742780037132,71.5579325720569,0,0,101.5853655613,0,95.7590805983148,134.960780198024,247.66948903751,78.8552325762656,92.5568465385234,115.868441404982,0,0,0,159.183173818572,206.912707094411,142.385058730083,188.936291522747,0,192.693757128262,0,89.707245288964,119.345624434514,0,0,0,0,0,0,251.098274723989,0,98.6790043377568,151.075371308616,108.136066660554,0,0,0
205.839960264176,0,0,0,0,0,0,0,0,0,0,93.5029580098427,0,0,0,0,0,0,0,0,181.316358113209,0,0,212.592150359921,0,353.822894641502,155.901486485736,90.7216186966914,0,0,0,0,0,173.538155409849,135.667029391615,198.528111506785,0,252.487290983309,0,0,0
0,0,0,0,0,0,0,231.050882209,0,0,174.013630695256,94.9380989123498,0,0,0,0,0,0,0,0,0,0,0,0,0,0,0,0,0,0,0,0,0,0,0,0,97.3232815600345,0,0,190.185165668632,153.453047983244
0,0,0,0,0,0,82.6299537488922,0,0,0,0,261.605527103798,0,0,0,0,0,101.605593487621,0,0,0,0,0,161.694997919804,0,320.356811100276,0,0,0,0,0,0,0,128.530575464043,172.892533368851,137.239127032733,0,283.248188884028,0,92.3502314520023,74.5815074003433
0,0,0,0,0,0,0,0,0,335.371040201042,0,0,0,0,0,0,0,0,0,357.423078228283,0,0,0,0,0,0,0,0,0,0,0,0,0,0,0,0,162.833808134102,138.425725342224,0,348.674510760064,0
0,0,94.126460729827,146.465927798921,125.416941482916,213.67670887414,172.608400267715,0,222.053792850439,204.481117647118,153.672550905948,158.955087279859,0,0,0,89.9429017381717,0,0,117.208001126138,80.8080171296381,0,228.792310020318,0,110.384905066973,329.719143597451,104.369974912428,0,103.519938150021,251.098274723989,173.538155409849,0,128.530575464043,0,0,193.659409924573,94.7529894315991,0,128.846764897717,112.349934713559,85.7623170715703,124.853650664477
142.054529471577,0,0,0,150.161410108805,186.973586461633,300.031143529538,131.969743415579,0,169.742003380707,206.472608421747,96.7845769653343,0,204.084074037941,0,92.5207898118833,0,178.748963182352,145.74089716123,0,201.100640800745,0,180.355266595273,338.131802716296,0,333.645516435298,101.350815329073,220.963068032256,0,135.667029391615,0,172.892533368851,0,193.659409924573,0,218.045528847001,58.3493451392805,115.871357769661,0,139.93285932648,0
0,323.781250289068,0,303.527509149359,0,0,199.492852797962,0,143.005810983322,0,0,119.728129215699,80.4367166559625,89.1590885155172,0,0,0,0,171.906398392157,0,180.90030328818,0,101.85207633558,214.116367924649,0,0,0,0,98.6790043377568,198.528111506785,0,137.239127032733,0,94.7529894315991,218.045528847001,0,137.177378802006,0,192.135034768848,74.4197823064597,0
186.348837226466,0,0,0,137.189596148386,250.461724766314,249.905610015455,171.230058197369,0,104.915316975638,345.797434674459,221.805809452716,219.430938885781,72.2278283150671,122.106946855269,82.6426202489162,0,0,220.901129804706,173.001559092555,154.142998692322,0,193.055010680236,209.996727521564,160.537522273714,269.936825670274,106.926813611922,198.964527389285,151.075371308616,0,97.3232815600345,0,162.833808134102,0,58.3493451392805,137.177378802006,0,224.523755099568,192.601533877686,84.3635741045246,347.376449530863
0,0,0,0,0,0,314.611698427915,151.01089327964,0,227.504408813069,115.332064605654,0,0,115.194491798135,0,0,165.893015276821,0,0,0,0,0,139.654362654449,155.24952173131,0,0,168.241326865882,161.325017232684,108.136066660554,252.487290983309,0,283.248188884028,138.425725342224,128.846764897717,115.871357769661,0,224.523755099568,0,75.4497121078207,161.74915061469,151.036729364761
0,0,0,0,0,116.176698124939,0,0,0,0,0,167.066576495979,0,154.070293657878,0,0,0,0,0,0,241.682021696872,0,223.705816669619,96.5937438588657,90.1317194604647,113.144980278377,0,283.88658203332,0,0,0,0,0,112.349934713559,0,192.135034768848,192.601533877686,75.4497121078207,0,100.812745974529,67.8267069095267
0,202.712457066107,0,193.777661225572,0,0,66.5008477853491,153.609372090384,111.226326353722,0,0,97.3506957544063,0,97.5855511246009,0,0,62.859596780235,231.715271819474,0,139.792601838991,240.185081663983,0,61.0664810463559,200.878319874537,115.541295036174,0,241.635434294794,151.695570509541,0,0,190.185165668632,92.3502314520023,348.674510760064,85.7623170715703,139.93285932648,74.4197823064597,84.3635741045246,161.74915061469,100.812745974529,0,0
138.33942793804,0,0,0,184.249961885477,195.822649557859,0,169.453147353278,0,0,146.99041817625,309.997227542691,0,125.994729980093,0,178.683678585178,193.63278243493,62.311273509377,0,219.040656038919,0,0,196.04190773555,173.201474590904,0,0,118.522099274347,259.055025639447,0,0,153.453047983244,74.5815074003433,0,124.853650664477,0,0,347.376449530863,151.036729364761,67.8267069095267,0,0
