0,0,0,0,0,0,0,0,0,0,0,0,0,0,0,0,0,0,0,0,0,0,0,0,101.350815329073,158.955087279859,0,0,80.8080171296381,0,0,0,0,323.781250289068,0,0,0,0,0,154.070293657878,220.963068032256
0,0,0,0,0,0,0,138.425725342224,0,0,0,188.936291522747,0,0,173.059382066957,0,113.059176128709,0,0,116.176698124939,0,0,0,0,0,0,0,0,0,0,0,0,0,0,247.66948903751,0,153.672550905948,0,0,0,0
0,0,0,0,0,0,0,200.878319874537,0,0,0,0,0,0,0,0,0,0,192.135034768848,0,0,0,0,0,0,0,0,0,82.4756938751058,101.605593487621,0,0,0,0,0,106.533627130087,0,0,0,0,0
0,0,0,0,160.530221557972,0,0,90.7216186966914,0,0,0,171.230058197369,0,219.078548227669,0,0,0,0,0,0,0,0,0,0,199.492852797962,82.1742780037132,223.705816669619,269.936825670274,0,0,0,191.519780382943,0,0,225.013371621378,0,155.901486485736,0,142.054529471577,0,101.85207633558
0,0,0,160.530221557972,0,0,0,0,0,249.905610015455,0,0,0,0,0,97.3232815600345,0,0,0,241.57250333243,172.892533368851,120.912756812582,0,0,0,180.90030328818,82.6426202489162,153.609372090384,0,193.777661225572,0,0,0,158.567996645797,0,178.224497384947,262.382215657622,161.302948562323,0,0,0
0,0,0,0,0,0,0,0,0,0,0,165.597665022977,219.430938885781,251.098274723989,0,0,0,0,0,0,0,228.792310020318,89.3673883748406,280.376028997576,0,0,0,0,0,0,0,0,115.871357769661,160.537522273714,289.631679007608,183.786860782462,250.461724766314,0,154.142998692322,82.6299537488922,177.763106506206
0,0,0,0,0,0,0,0,104.369974912428,196.032358954952,0,0,0,142.385058730083,0,0,0,0,153.876396855887,0,0,0,0,0,0,188.851177466023,112.349934713559,97.5855511246009,135.294330067913,231.715271819474,0,0,0,0,184.249961885477,89.1590885155172,0,0,0,128.405764333981,241.682021696872
0,138.425725342224,200.878319874537,90.7216186966914,0,0,0,0,0,0,0,73.1029054543569,0,0,146.814226519809,0,0,0,0,0,0,0,169.742003380707,85.7623170715703,0,0,168.241326865882,238.934743274142,347.376449530863,0,0,115.868441404982,0,0,125.994729980093,0,195.314816908693,94.027247878695,0,249.798812580765,78.9559315574845
0,0,0,0,0,0,104.369974912428,0,0,0,208.005106191961,94.7529894315991,0,0,0,175.196329314064,0,0,0,140.574866691684,0,0,0,0,0,0,0,134.566479261133,204.084074037941,0,0,0,0,335.371040201042,62.859596780235,0,98.2230592632363,0,80.4367166559625,0,0
0,0,0,0,249.905610015455,0,196.032358954952,0,0,0,320.356811100276,0,0,128.530575464043,0,300.031143529538,0,0,0,261.605527103798,0,0,0,236.681907140956,0,0,192.693757128262,192.601533877686,92.5207898118833,0,0,161.74915061469,114.649126378906,205.09013266389,99.3508940827211,338.131802716296,169.453147353278,206.472608421747,106.926813611922,0,0
0,0,0,0,0,0,0,0,208.005106191961,320.356811100276,0,122.106946855269,0,115.114253591495,0,0,0,0,0,125.416941482916,0,0,118.522099274347,194.442125915551,0,95.7590805983148,0,146.465927798921,0,89.707245288964,0,113.144980278377,0,106.128596538706,0,0,321.864157986053,162.833808134102,0,84.3635741045246,228.075434767255
0,188.936291522747,0,171.230058197369,0,165.597665022977,0,73.1029054543569,94.7529894315991,0,122.106946855269,0,0,0,0,0,0,221.805809452716,72.2278283150671,85.6072705949986,0,0,0,119.345624434514,224.523755099568,100.812745974529,0,0,0,0,145.74089716123,103.519938150021,0,111.226326353722,198.964527389285,109.093416850988,179.718364159796,92.5568465385234,0,94.126460729827,61.0664810463559
0,0,0,0,0,219.430938885781,0,0,0,0,0,0,0,0,146.770754374523,0,252.487290983309,0,0,0,0,0,0,0,0,148.808626413748,173.001559092555,0,0,0,0,0,0,0,0,0,284.529238481835,0,0,0,0
0,0,0,219.078548227669,0,251.098274723989,142.385058730083,0,0,128.530575464043,115.114253591495,0,0,0,0,0,0,0,0,0,161.275817184598,0,0,173.201474590904,0,81.9664354533492,186.973586461633,215.611029055736,157.852515740516,0,212.592150359921,0,0,0,222.053792850439,151.806152521152,0,0,0,0,0
0,173.059382066957,0,0,0,0,0,146.814226519809,0,0,0,0,146.770754374523,0,0,0,0,0,213.67670887414,0,0,0,0,0,0,97.3506957544063,128.846764897717,76.5072790361762,120.567029282014,0,0,195.822649557859,0,0,0,0,0,94.7280504127031,259.055025639447,181.316358113209,0
0,0,0,0,97.3232815600345,0,0,0,175.196329314064,300.031143529538,0,0,0,0,0,0,0,0,0,0,171.906398392157,0,62.311273509377,0,0,276.620869034647,114.511014214502,345.797434674459,0,0,98.417953423071,0,0,0,0,0,353.822894641502,0,0,0,201.100640800745
0,113.059176128709,0,0,0,0,0,0,0,0,0,0,252.487290983309,0,0,0,0,0,0,232.945974238958,0,0,0,96.7845769653343,0,0,0,67.8267069095267,0,205.839960264176,0,66.5008477853491,196.04190773555,226.825099357786,0,0,306.640284138334,0,0,0,0
0,0,0,0,0,0,0,0,0,0,0,221.805809452716,0,0,0,0,0,0,0,0,161.325017232684,0,0,0,0,0,0,0,211.840482897052,0,0,0,0,0,154.065933476765,195.378266313867,314.611698427915,333.645516435298,240.185081663983,94.9380989123498,0
0,0,192.135034768848,0,0,0,153.876396855887,0,0,0,0,72.2278283150671,0,0,213.67670887414,0,0,0,0,0,0,0,0,74.5815074003433,150.161410108805,0,0,0,321.124897279917,0,0,0,0,154.784755881607,0,135.667029391615,117.208001126138,93.4234866874731,0,329.719143597451,0
0,116.176698124939,0,0,241.57250333243,0,0,0,140.574866691684,261.605527103798,125.416941482916,85.6072705949986,0,0,0,0,232.945974238958,0,0,0,99.2646516363145,0,0,0,0,0,0,71.4788760670054,348.674510760064,0,0,0,0,198.528111506785,151.075371308616,0,219.040656038919,151.036729364761,178.748963182352,106.33736463831,197.893790332676
0,0,0,0,172.892533368851,0,0,0,0,0,0,0,0,161.275817184598,0,171.906398392157,0,161.325017232684,0,99.2646516363145,0,0,0,0,0,0,186.348837226466,209.996727521564,0,201.44584889478,0,0,0,231.050882209,153.453047983244,0,124.853650664477,0,0,357.423078228283,217.157696745803
0,0,0,0,120.912756812582,228.792310020318,0,0,0,0,0,0,0,0,0,0,0,0,0,0,0,0,0,0,139.792601838991,255.441154257905,0,283.248188884028,0,0,0,261.440278806413,0,58.3493451392805,94.8881692391942,0,0,0,0,0,0
0,0,0,0,0,89.3673883748406,0,169.742003380707,0,0,118.522099274347,0,0,0,0,62.311273509377,0,0,0,0,0,0,0,0,0,74.7304794244225,0,197.486504603685,73.4795582048751,134.960780198024,0,0,0,139.654362654449,119.728129215699,136.792307586862,205.183249704085,0,71.5579325720569,180.355266595273,101.443495235174
0,0,0,0,0,280.376028997576,0,85.7623170715703,0,236.681907140956,194.442125915551,119.345624434514,0,173.201474590904,0,0,96.7845769653343,0,74.5815074003433,0,0,0,0,0,202.712457066107,218.045528847001,96.5937438588657,92.3502314520023,325.937289045041,141.204637091722,0,0,0,89.9429017381717,0,0,155.24952173131,115.194491798135,220.901129804706,159.183173818572,0
101.350815329073,0,0,199.492852797962,0,0,0,0,0,0,0,224.523755099568,0,0,0,0,0,0,150.161410108805,0,0,139.792601838991,0,202.712457066107,0,0,0,167.066576495979,0,0,0,0,0,174.013630695256,136.685314494491,0,139.93285932648,0,0,0,0
158.955087279859,0,0,82.1742780037132,180.90030328818,0,188.851177466023,0,0,0,95.7590805983148,100.812745974529,148.808626413748,81.9664354533492,97.3506957544063,276.620869034647,0,0,0,0,0,255.441154257905,74.7304794244225,218.045528847001,0,0,0,193.659409924573,70.4221432298295,0,0,0,0,263.534399241887,108.381749703452,0,187.77054666536,0,0,165.893015276821,87.8456058929559
0,0,0,223.705816669619,82.6426202489162,0,112.349934713559,168.241326865882,0,192.693757128262,0,0,173.001559092555,186.973586461633,128.846764897717,114.511014214502,0,0,0,0,186.348837226466,0,0,96.5937438588657,0,0,0,81.2827395071039,0,0,101.5853655613,0,0,204.481117647118,131.969743415579,125.81518738273,137.239127032733,241.635434294794,303.527509149359,78.8552325762656,0
0,0,0,269.936825670274,153.609372090384,0,97.5855511246009,238.934743274142,134.566479261133,192.601533877686,146.465927798921,0,0,215.611029055736,76.5072790361762,345.797434674459,67.8267069095267,0,0,71.4788760670054,209.996727521564,283.248188884028,197.486504603685,92.3502314520023,167.066576495979,193.659409924573,81.2827395071039,0,0,0,0,283.88658203332,0,242.790381480436,151.01089327964,133.984214699576,143.005810983322,133.218162784108,0,137.189596148386,111.435629183184
80.8080171296381,0,82.4756938751058,0,0,0,135.294330067913,347.376449530863,204.084074037941,92.5207898118833,0,0,0,157.852515740516,120.567029282014,0,0,211.840482897052,321.124897279917,348.674510760064,0,0,73.4795582048751,325.937289045041,0,70.4221432298295,0,0,0,0,0,0,0,146.99041817625,75.4497121078207,163.059043292369,214.116367924649,227.504408813069,0,104.915316975638,161.694997919804
0,0,101.605593487621,0,193.777661225572,0,231.715271819474,0,0,0,89.707245288964,0,0,0,0,0,205.839960264176,0,0,0,201.44584889478,0,134.960780198024,141.204637091722,0,0,0,0,0,0,0,0,0,0,0,0,0,0,193.055010680236,164.032723165762,90.1317194604647
0,0,0,0,0,0,0,0,0,0,0,145.74089716123,0,212.592150359921,0,98.417953423071,0,0,0,0,0,0,0,0,0,0,101.5853655613,0,0,0,0,0,0,0,0,0,0,110.384905066973,0,112.793316814908,0
0,0,0,191.519780382943,0,0,0,115.868441404982,0,161.74915061469,113.144980278377,103.519938150021,0,0,195.822649557859,0,66.5008477853491,0,0,0,0,261.440278806413,0,0,0,0,0,283.88658203332,0,0,0,0,0,0,193.63278243493,0,0,0,0,0,93.5029580098427
0,0,0,0,0,115.871357769661,0,0,0,114.649126378906,0,0,0,0,0,0,196.04190773555,0,0,0,0,0,0,0,0,0,0,0,0,0,0,0,0,98.6790043377568,0,0,0,180.543851962045,0,0,0
323.781250289068,0,0,0,158.567996645797,160.537522273714,0,0,335.371040201042,205.09013266389,106.128596538706,111.226326353722,0,0,0,0,226.825099357786,0,154.784755881607,198.528111506785,231.050882209,58.3493451392805,139.654362654449,89.9429017381717,174.013630695256,263.534399241887,204.481117647118,242.790381480436,146.99041817625,0,0,0,98.6790043377568,0,115.541295036174,173.538155409849,206.912707094411,0,108.136066660554,151.695570509541,163.945208919892
0,247.66948903751,0,225.013371621378,0,289.631679007608,184.249961885477,125.994729980093,62.859596780235,99.3508940827211,0,198.964527389285,0,222.053792850439,0,0,0,154.065933476765,0,151.075371308616,153.453047983244,94.8881692391942,119.728129215699,0,136.685314494491,108.381749703452,131.969743415579,151.01089327964,75.4497121078207,0,0,193.63278243493,0,115.541295036174,0,0,190.185165668632,259.442917595754,0,116.054372245433,112.823430872325
0,0,106.533627130087,0,178.224497384947,183.786860782462,89.1590885155172,0,0,338.131802716296,0,109.093416850988,0,151.806152521152,0,0,0,195.378266313867,135.667029391615,0,0,0,136.792307586862,0,0,0,125.81518738273,133.984214699576,163.059043292369,0,0,0,0,173.538155409849,0,0,138.33942793804,115.332064605654,253.401634605989,172.608400267715,306.344527664232
0,153.672550905948,0,155.901486485736,262.382215657622,250.461724766314,0,195.314816908693,98.2230592632363,169.453147353278,321.864157986053,179.718364159796,284.529238481835,0,0,353.822894641502,306.640284138334,314.611698427915,117.208001126138,219.040656038919,124.853650664477,0,205.183249704085,155.24952173131,139.93285932648,187.77054666536,137.239127032733,143.005810983322,214.116367924649,0,0,0,0,206.912707094411,190.185165668632,138.33942793804,0,178.683678585178,74.4197823064597,309.997227542691,101.895308036513
0,0,0,0,161.302948562323,0,0,94.027247878695,0,206.472608421747,162.833808134102,92.5568465385234,0,0,94.7280504127031,0,0,333.645516435298,93.4234866874731,151.036729364761,0,0,0,115.194491798135,0,0,241.635434294794,133.218162784108,227.504408813069,0,110.384905066973,0,180.543851962045,0,259.442917595754,115.332064605654,178.683678585178,0,224.551207449728,137.177378802006,0
0,0,0,142.054529471577,0,154.142998692322,0,0,80.4367166559625,106.926813611922,0,0,0,0,259.055025639447,0,0,240.185081663983,0,178.748963182352,0,0,71.5579325720569,220.901129804706,0,0,303.527509149359,0,0,193.055010680236,0,0,0,108.136066660554,0,253.401634605989,74.4197823064597,224.551207449728,0,0,0
154.070293657878,0,0,0,0,82.6299537488922,128.405764333981,249.798812580765,0,0,84.3635741045246,94.126460729827,0,0,181.316358113209,0,0,94.9380989123498,329.719143597451,106.33736463831,357.423078228283,0,180.355266595273,159.183173818572,0,165.893015276821,78.8552325762656,137.189596148386,104.915316975638,164.032723165762,112.793316814908,0,0,151.695570509541,116.054372245433,172.608400267715,309.997227542691,137.177378802006,0,0,124.698445421759
220.963068032256,0,0,101.85207633558,0,177.763106506206,241.682021696872,78.9559315574845,0,0,228.075434767255,61.0664810463559,0,0,0,201.100640800745,0,0,0,197.893790332676,217.157696745803,0,101.443495235174,0,0,87.8456058929559,0,111.435629183184,161.694997919804,90.1317194604647,0,93.5029580098427,0,163.945208919892,112.823430872325,306.344527664232,101.895308036513,0,0,124.698445421759,0
