0,0,0,0,0,0,0,0,0,0,0,0,0,0,0,0,0,0,0,0,0,0,0,0,0,137.177378802006,0,196.032358954952,94.9380989123498,0,0,0,0,0,206.472608421747,0,261.605527103798,0,128.530575464043,0,0
0,0,0,0,0,0,99.3508940827211,180.90030328818,0,0,228.075434767255,0,0,0,0,0,0,0,0,161.275817184598,0,0,303.527509149359,0,0,0,0,0,146.465927798921,0,0,0,0,0,0,0,184.249961885477,0,0,0,0
0,0,0,0,0,0,0,0,0,0,0,0,0,0,0,0,0,0,195.822649557859,0,0,0,0,0,0,0,0,139.93285932648,173.201474590904,0,0,0,0,0,0,0,92.5568465385234,0,0,226.825099357786,0
0,0,0,0,0,0,206.912707094411,0,0,0,0,122.106946855269,0,0,0,0,276.620869034647,0,0,0,0,0,0,106.926813611922,142.054529471577,183.786860782462,329.719143597451,188.936291522747,0,0,0,0,0,0,192.135034768848,197.486504603685,0,114.649126378906,178.748963182352,117.208001126138,0
0,0,0,0,0,94.027247878695,0,249.798812580765,0,0,0,0,0,192.693757128262,0,0,0,0,0,0,0,0,0,148.808626413748,81.9664354533492,0,186.973586461633,153.876396855887,0,0,0,196.04190773555,0,97.3506957544063,345.797434674459,0,82.4756938751058,97.5855511246009,171.906398392157,78.8552325762656,0
0,0,0,0,94.027247878695,0,165.597665022977,193.659409924573,0,113.144980278377,0,133.218162784108,0,0,202.712457066107,0,0,0,0,187.77054666536,0,0,0,0,193.63278243493,0,0,259.055025639447,179.718364159796,0,0,0,0,137.189596148386,0,0,219.078548227669,0,0,163.059043292369,66.5008477853491
0,99.3508940827211,0,206.912707094411,0,165.597665022977,0,0,0,0,0,0,0,227.504408813069,0,194.442125915551,0,0,0,136.685314494491,0,0,0,0,0,0,0,223.705816669619,173.001559092555,0,0,309.997227542691,0,143.005810983322,208.005106191961,0,198.528111506785,0,0,124.698445421759,0
0,180.90030328818,0,0,249.798812580765,193.659409924573,0,0,240.185081663983,82.6426202489162,0,82.6299537488922,0,0,0,146.770754374523,0,0,0,283.248188884028,116.176698124939,0,0,0,0,0,84.3635741045246,163.945208919892,0,98.417953423071,0,0,0,62.859596780235,0,0,250.461724766314,261.440278806413,0,128.405764333981,0
0,0,0,0,0,0,0,240.185081663983,0,0,0,314.611698427915,0,0,0,0,247.66948903751,67.8267069095267,113.059176128709,253.401634605989,0,0,195.314816908693,93.4234866874731,0,0,0,0,0,0,0,0,0,0,0,0,158.567996645797,0,0,157.852515740516,70.4221432298295
0,0,0,0,0,113.144980278377,0,82.6426202489162,0,0,238.934743274142,300.031143529538,197.893790332676,0,321.124897279917,0,0,0,114.511014214502,72.2278283150671,0,249.905610015455,0,0,0,0,131.969743415579,154.065933476765,0,0,0,0,0,0,71.5579325720569,76.5072790361762,150.161410108805,89.707245288964,198.964527389285,306.640284138334,320.356811100276
0,228.075434767255,0,0,0,0,0,0,0,238.934743274142,0,0,0,0,124.853650664477,0,0,0,0,0,0,0,97.3232815600345,108.381749703452,0,101.895308036513,89.3673883748406,0,217.157696745803,200.878319874537,0,0,153.609372090384,241.635434294794,213.67670887414,0,192.601533877686,118.522099274347,353.822894641502,92.3502314520023,0
0,0,0,122.106946855269,0,133.218162784108,0,82.6299537488922,314.611698427915,300.031143529538,0,0,0,0,0,173.538155409849,0,0,306.344527664232,115.332064605654,119.728129215699,178.224497384947,0,62.311273509377,0,201.100640800745,81.2827395071039,241.57250333243,220.901129804706,115.541295036174,0,0,0,155.901486485736,73.1029054543569,100.812745974529,151.01089327964,0,173.059382066957,0,0
0,0,0,0,0,0,0,0,0,197.893790332676,0,0,0,112.793316814908,0,0,0,0,58.3493451392805,0,0,0,0,0,0,0,0,0,0,0,0,0,0,0,0,0,74.7304794244225,151.075371308616,0,0,110.384905066973
0,0,0,0,192.693757128262,0,227.504408813069,0,0,0,0,0,112.793316814908,0,0,0,0,0,0,0,174.013630695256,0,211.840482897052,231.050882209,0,78.9559315574845,151.695570509541,0,0,0,0,160.537522273714,0,164.032723165762,186.348837226466,75.4497121078207,73.4795582048751,0,0,0,154.070293657878
0,0,0,0,0,202.712457066107,0,0,0,321.124897279917,124.853650664477,0,0,0,0,0,0,0,139.792601838991,0,0,0,0,0,193.055010680236,0,0,159.183173818572,0,0,205.839960264176,0,0,357.423078228283,115.194491798135,0,111.226326353722,85.6072705949986,0,168.241326865882,0
0,0,0,0,0,0,194.442125915551,146.770754374523,0,0,0,173.538155409849,0,0,0,0,0,0,0,155.24952173131,0,0,89.1590885155172,98.6790043377568,0,0,0,172.892533368851,0,0,0,0,0,0,0,262.382215657622,89.9429017381717,195.378266313867,0,125.994729980093,0
0,0,0,276.620869034647,0,0,0,0,247.66948903751,0,0,0,0,0,0,0,0,0,191.519780382943,0,0,0,0,0,98.2230592632363,0,142.385058730083,158.955087279859,335.371040201042,0,0,0,0,125.416941482916,0,0,0,90.7216186966914,0,109.093416850988,0
0,0,0,0,0,0,0,0,67.8267069095267,0,0,0,0,0,0,0,0,0,0,0,0,0,0,0,0,0,224.523755099568,181.316358113209,104.369974912428,0,161.694997919804,0,0,125.81518738273,0,0,96.7845769653343,146.99041817625,0,0,289.631679007608
0,0,195.822649557859,0,0,0,0,0,113.059176128709,114.511014214502,0,306.344527664232,58.3493451392805,0,139.792601838991,0,191.519780382943,0,0,0,0,0,0,0,0,0,0,0,0,205.09013266389,0,0,112.823430872325,0,214.116367924649,0,71.4788760670054,0,0,0,94.7529894315991
0,161.275817184598,0,0,0,187.77054666536,136.685314494491,283.248188884028,253.401634605989,72.2278283150671,0,115.332064605654,0,0,0,155.24952173131,0,0,0,0,0,0,101.605593487621,95.7590805983148,0,175.196329314064,218.045528847001,204.084074037941,0,0,0,128.846764897717,0,80.8080171296381,134.960780198024,0,283.88658203332,0,0,0,0
0,0,0,0,0,0,0,116.176698124939,0,0,0,119.728129215699,0,174.013630695256,0,0,0,0,0,0,0,0,0,0,190.185165668632,80.4367166559625,0,0,172.608400267715,0,160.530221557972,0,0,141.204637091722,153.672550905948,263.534399241887,0,231.715271819474,154.142998692322,90.1317194604647,0
0,0,0,0,0,0,0,0,0,249.905610015455,0,178.224497384947,0,0,0,0,0,0,0,0,0,0,0,135.667029391615,0,0,171.230058197369,0,0,0,0,134.566479261133,0,137.239127032733,0,161.302948562323,225.013371621378,0,0,0,0
0,303.527509149359,0,0,0,0,0,0,195.314816908693,0,97.3232815600345,0,0,211.840482897052,0,89.1590885155172,0,0,0,101.605593487621,0,0,0,120.567029282014,188.851177466023,169.453147353278,228.792310020318,0,0,0,0,0,0,104.915316975638,106.533627130087,0,0,205.183249704085,0,209.996727521564,219.430938885781
0,0,0,106.926813611922,148.808626413748,0,0,0,93.4234866874731,0,108.381749703452,62.311273509377,0,231.050882209,0,98.6790043377568,0,0,0,95.7590805983148,0,135.667029391615,120.567029282014,0,0,252.487290983309,0,151.036729364761,145.74089716123,269.936825670274,0,0,0,347.376449530863,94.7280504127031,178.683678585178,0,0,61.0664810463559,0,161.74915061469
0,0,0,142.054529471577,81.9664354533492,193.63278243493,0,0,0,0,0,0,0,0,193.055010680236,0,98.2230592632363,0,0,0,190.185165668632,0,188.851177466023,0,0,215.611029055736,0,0,0,0,0,0,0,280.376028997576,0,0,0,232.945974238958,0,0,0
137.177378802006,0,0,183.786860782462,0,0,0,0,0,0,101.895308036513,201.100640800745,0,78.9559315574845,0,0,0,0,0,175.196329314064,80.4367166559625,0,169.453147353278,252.487290983309,215.611029055736,0,0,135.294330067913,116.054372245433,0,133.984214699576,0,0,101.443495235174,321.864157986053,101.350815329073,115.114253591495,0,221.805809452716,199.492852797962,146.814226519809
0,0,0,329.719143597451,186.973586461633,0,0,84.3635741045246,0,131.969743415579,89.3673883748406,81.2827395071039,0,151.695570509541,0,0,142.385058730083,224.523755099568,0,218.045528847001,0,171.230058197369,228.792310020318,0,0,0,0,120.912756812582,106.33736463831,0,0,0,0,153.453047983244,115.871357769661,219.040656038919,112.349934713559,0,0,82.1742780037132,284.529238481835
196.032358954952,0,139.93285932648,188.936291522747,153.876396855887,259.055025639447,223.705816669619,163.945208919892,0,154.065933476765,0,241.57250333243,0,0,159.183173818572,172.892533368851,158.955087279859,181.316358113209,0,204.084074037941,0,0,0,151.036729364761,0,135.294330067913,120.912756812582,0,0,108.136066660554,193.777661225572,0,139.654362654449,103.519938150021,169.742003380707,323.781250289068,92.5207898118833,167.066576495979,0,101.85207633558,325.937289045041
94.9380989123498,146.465927798921,173.201474590904,0,0,179.718364159796,173.001559092555,0,0,0,217.157696745803,220.901129804706,0,0,0,0,335.371040201042,104.369974912428,0,0,172.608400267715,0,0,145.74089716123,0,116.054372245433,106.33736463831,0,0,0,0,151.806152521152,0,138.33942793804,204.481117647118,259.442917595754,101.5853655613,201.44584889478,96.5937438588657,0,111.435629183184
0,0,0,0,0,0,0,98.417953423071,0,0,200.878319874537,115.541295036174,0,0,0,0,0,0,205.09013266389,0,0,0,0,269.936825670274,0,0,0,108.136066660554,0,0,0,162.833808134102,0,138.425725342224,94.8881692391942,0,0,0,333.645516435298,0,115.868441404982
0,0,0,0,0,0,0,0,0,0,0,0,0,0,205.839960264176,0,0,161.694997919804,0,0,160.530221557972,0,0,0,0,133.984214699576,0,193.777661225572,0,0,0,0,0,0,0,224.551207449728,0,0,0,0,0
0,0,0,0,196.04190773555,0,309.997227542691,0,0,0,0,0,0,160.537522273714,0,0,0,0,0,128.846764897717,0,134.566479261133,0,0,0,0,0,0,151.806152521152,162.833808134102,0,0,0,0,0,348.674510760064,99.2646516363145,0,0,255.441154257905,154.784755881607
0,0,0,0,0,0,0,0,0,0,153.609372090384,0,0,0,0,0,0,0,112.823430872325,0,0,0,0,0,0,0,0,139.654362654449,0,0,0,0,0,0,0,0,0,106.128596538706,0,136.792307586862,0
0,0,0,0,97.3506957544063,137.189596148386,143.005810983322,62.859596780235,0,0,241.635434294794,155.901486485736,0,164.032723165762,357.423078228283,0,125.416941482916,125.81518738273,0,80.8080171296381,141.204637091722,137.239127032733,104.915316975638,347.376449530863,280.376028997576,101.443495235174,153.453047983244,103.519938150021,138.33942793804,138.425725342224,0,0,0,0,212.592150359921,94.126460729827,180.355266595273,0,236.681907140956,85.7623170715703,0
206.472608421747,0,0,192.135034768848,345.797434674459,0,208.005106191961,0,0,71.5579325720569,213.67670887414,73.1029054543569,0,186.348837226466,115.194491798135,0,0,0,214.116367924649,134.960780198024,153.672550905948,0,106.533627130087,94.7280504127031,0,321.864157986053,115.871357769661,169.742003380707,204.481117647118,94.8881692391942,0,0,0,212.592150359921,0,177.763106506206,165.893015276821,220.963068032256,0,222.053792850439,74.5815074003433
0,0,0,197.486504603685,0,0,0,0,0,76.5072790361762,0,100.812745974529,0,75.4497121078207,0,262.382215657622,0,0,0,0,263.534399241887,161.302948562323,0,178.683678585178,0,101.350815329073,219.040656038919,323.781250289068,259.442917595754,0,224.551207449728,348.674510760064,0,94.126460729827,177.763106506206,0,140.574866691684,0,0,180.543851962045,338.131802716296
261.605527103798,184.249961885477,92.5568465385234,0,82.4756938751058,219.078548227669,198.528111506785,250.461724766314,158.567996645797,150.161410108805,192.601533877686,151.01089327964,74.7304794244225,73.4795582048751,111.226326353722,89.9429017381717,0,96.7845769653343,71.4788760670054,283.88658203332,0,225.013371621378,0,0,0,115.114253591495,112.349934713559,92.5207898118833,101.5853655613,0,0,99.2646516363145,0,180.355266595273,165.893015276821,140.574866691684,0,241.682021696872,251.098274723989,0,93.5029580098427
0,0,0,114.649126378906,97.5855511246009,0,0,261.440278806413,0,89.707245288964,118.522099274347,0,151.075371308616,0,85.6072705949986,195.378266313867,90.7216186966914,146.99041817625,0,0,231.715271819474,0,205.183249704085,0,232.945974238958,0,0,167.066576495979,201.44584889478,0,0,0,106.128596538706,0,220.963068032256,0,241.682021696872,0,0,87.8456058929559,161.325017232684
128.530575464043,0,0,178.748963182352,171.906398392157,0,0,0,0,198.964527389285,353.822894641502,173.059382066957,0,0,0,0,0,0,0,0,154.142998692322,0,0,61.0664810463559,0,221.805809452716,0,0,96.5937438588657,333.645516435298,0,0,0,236.681907140956,0,0,251.098274723989,0,0,74.4197823064597,119.345624434514
0,0,226.825099357786,117.208001126138,78.8552325762656,163.059043292369,124.698445421759,128.405764333981,157.852515740516,306.640284138334,92.3502314520023,0,0,0,168.241326865882,125.994729980093,109.093416850988,0,0,0,90.1317194604647,0,209.996727521564,0,0,199.492852797962,82.1742780037132,101.85207633558,0,0,0,255.441154257905,136.792307586862,85.7623170715703,222.053792850439,180.543851962045,0,87.8456058929559,74.4197823064597,0,242.790381480436
0,0,0,0,0,66.5008477853491,0,0,70.4221432298295,320.356811100276,0,0,110.384905066973,154.070293657878,0,0,0,289.631679007608,94.7529894315991,0,0,0,219.430938885781,161.74915061469,0,146.814226519809,284.529238481835,325.937289045041,111.435629183184,115.868441404982,0,154.784755881607,0,0,74.5815074003433,338.131802716296,93.5029580098427,161.325017232684,119.345624434514,242.790381480436,0
