0,0,0,0,0,0,0,0,0,0,0,0,0,0,0,0,0,0,0,0,0,0,0,138.425725342224,194.442125915551,0,0,0,151.806152521152,0,0,0,0,217.157696745803,0,222.053792850439,58.3493451392805,0,0,0,0
0,0,0,0,0,0,0,0,0,0,0,0,0,0,0,0,242.790381480436,0,0,0,0,0,0,81.9664354533492,0,0,0,73.4795582048751,0,0,0,0,82.6426202489162,0,0,98.417953423071,215.611029055736,0,0,0,145.74089716123
0,0,0,0,0,0,0,0,0,0,97.3232815600345,0,0,0,134.960780198024,0,0,0,0,0,0,90.7216186966914,0,0,0,0,0,0,0,0,0,0,0,165.597665022977,193.055010680236,0,0,0,0,0,0
0,0,0,0,345.797434674459,0,0,0,0,240.185081663983,82.6299537488922,171.230058197369,0,0,0,0,0,160.537522273714,0,140.574866691684,0,0,151.01089327964,262.382215657622,0,218.045528847001,0,167.066576495979,0,0,0,0,0,0,81.2827395071039,0,183.786860782462,0,0,0,106.128596538706
0,0,0,345.797434674459,0,0,0,0,329.719143597451,0,0,120.567029282014,0,161.694997919804,0,249.798812580765,0,0,0,0,0,0,0,150.161410108805,228.075434767255,0,0,139.654362654449,192.693757128262,0,0,0,0,333.645516435298,178.748963182352,0,0,72.2278283150671,0,320.356811100276,197.893790332676
0,0,0,0,0,0,241.635434294794,0,0,0,0,119.345624434514,0,0,0,0,309.997227542691,0,174.013630695256,202.712457066107,193.63278243493,0,0,0,0,160.530221557972,321.124897279917,169.742003380707,0,0,314.611698427915,0,0,120.912756812582,0,0,300.031143529538,0,0,165.893015276821,116.176698124939
0,0,0,0,0,241.635434294794,0,0,0,0,155.24952173131,94.027247878695,0,89.1590885155172,162.833808134102,0,0,117.208001126138,0,0,0,0,259.442917595754,0,0,205.839960264176,0,125.994729980093,0,0,0,0,0,154.784755881607,0,0,85.6072705949986,178.224497384947,94.7280504127031,0,0
0,0,0,0,0,0,0,0,0,236.681907140956,0,113.144980278377,0,0,0,204.481117647118,0,0,204.084074037941,154.142998692322,0,0,0,0,335.371040201042,62.859596780235,66.5008477853491,347.376449530863,101.350815329073,0,0,0,0,178.683678585178,142.054529471577,306.640284138334,193.777661225572,74.7304794244225,0,159.183173818572,0
0,0,0,0,329.719143597451,0,0,0,0,187.77054666536,0,0,0,0,0,155.901486485736,0,0,0,0,303.527509149359,0,0,173.201474590904,0,0,0,261.440278806413,0,0,0,180.355266595273,109.093416850988,0,0,0,137.177378802006,231.050882209,0,250.461724766314,0
0,0,0,240.185081663983,0,0,0,236.681907140956,187.77054666536,0,0,263.534399241887,0,101.895308036513,0,0,223.705816669619,0,0,0,261.605527103798,0,115.114253591495,106.533627130087,0,133.984214699576,134.566479261133,227.504408813069,321.864157986053,0,0,0,0,0,0,154.070293657878,283.88658203332,357.423078228283,0,89.707245288964,164.032723165762
0,0,97.3232815600345,82.6299537488922,0,0,155.24952173131,0,0,0,0,87.8456058929559,0,0,0,0,0,0,153.609372090384,0,0,0,0,106.926813611922,289.631679007608,231.715271819474,0,0,0,338.131802716296,0,104.915316975638,0,173.538155409849,0,80.4367166559625,98.2230592632363,142.385058730083,201.100640800745,198.964527389285,0
0,0,0,171.230058197369,120.567029282014,119.345624434514,94.027247878695,113.144980278377,0,263.534399241887,87.8456058929559,0,0,0,0,92.5207898118833,0,0,276.620869034647,220.901129804706,259.055025639447,0,225.013371621378,0,71.5579325720569,0,0,0,0,0,0,128.530575464043,0,192.601533877686,0,92.3502314520023,115.194491798135,94.126460729827,113.059176128709,124.698445421759,163.059043292369
0,0,0,0,0,0,0,0,0,0,0,0,0,188.936291522747,0,0,0,0,0,0,0,0,0,0,0,0,151.036729364761,192.135034768848,0,0,0,0,0,0,62.311273509377,136.685314494491,0,0,125.81518738273,0,0
0,0,0,0,161.694997919804,0,89.1590885155172,0,0,101.895308036513,0,0,188.936291522747,0,0,180.543851962045,0,0,0,0,0,0,0,0,0,0,74.5815074003433,137.189596148386,232.945974238958,0,175.196329314064,224.523755099568,0,255.441154257905,0,146.465927798921,163.945208919892,0,0,135.667029391615,0
0,0,134.960780198024,0,0,0,162.833808134102,0,0,0,0,0,0,0,0,148.808626413748,0,0,124.853650664477,0,0,0,0,190.185165668632,0,135.294330067913,99.2646516363145,0,249.905610015455,0,0,0,0,0,0,0,161.325017232684,101.605593487621,67.8267069095267,95.7590805983148,0
0,0,0,0,249.798812580765,0,0,204.481117647118,155.901486485736,0,0,92.5207898118833,0,180.543851962045,148.808626413748,0,0,0,0,0,0,0,0,0,0,173.001559092555,0,96.7845769653343,0,0,0,110.384905066973,0,0,158.567996645797,0,0,0,136.792307586862,0,0
0,242.790381480436,0,0,0,309.997227542691,0,0,0,223.705816669619,0,0,0,0,0,0,0,0,0,0,0,133.218162784108,214.116367924649,0,0,0,104.369974912428,0,0,0,0,0,0,197.486504603685,0,112.793316814908,78.9559315574845,219.078548227669,0,0,0
0,0,0,160.537522273714,0,0,117.208001126138,0,0,0,0,0,0,0,0,0,0,0,0,96.5937438588657,154.065933476765,0,0,0,0,0,75.4497121078207,0,208.005106191961,0,0,0,111.435629183184,0,212.592150359921,0,114.511014214502,0,0,0,0
0,0,0,0,0,174.013630695256,0,204.084074037941,0,0,153.609372090384,276.620869034647,0,0,124.853650664477,0,0,0,0,151.695570509541,0,0,0,0,0,0,82.4756938751058,0,206.912707094411,226.825099357786,0,0,0,0,84.3635741045246,0,0,0,0,112.823430872325,94.7529894315991
0,0,0,140.574866691684,0,202.712457066107,0,154.142998692322,0,0,0,220.901129804706,0,0,0,0,0,96.5937438588657,151.695570509541,0,0,0,111.226326353722,0,0,219.040656038919,80.8080171296381,195.314816908693,0,115.332064605654,0,0,0,306.344527664232,125.416941482916,0,157.852515740516,115.871357769661,0,76.5072790361762,224.551207449728
0,0,0,0,0,193.63278243493,0,0,303.527509149359,261.605527103798,0,259.055025639447,0,0,0,0,0,154.065933476765,0,0,0,0,78.8552325762656,128.405764333981,0,0,0,280.376028997576,0,0,0,0,0,0,0,161.302948562323,97.5855511246009,70.4221432298295,0,201.44584889478,161.74915061469
0,0,90.7216186966914,0,0,0,0,0,0,0,0,0,0,0,0,0,133.218162784108,0,0,0,0,0,0,139.792601838991,0,0,0,211.840482897052,168.241326865882,0,0,0,0,0,206.472608421747,228.792310020318,0,348.674510760064,0,0,0
0,0,0,151.01089327964,0,0,259.442917595754,0,0,115.114253591495,0,225.013371621378,0,0,0,0,214.116367924649,0,0,111.226326353722,78.8552325762656,0,0,0,0,101.5853655613,99.3508940827211,158.955087279859,0,116.054372245433,0,0,0,0,213.67670887414,0,193.659409924573,179.718364159796,0,0,143.005810983322
138.425725342224,81.9664354533492,0,262.382215657622,150.161410108805,0,0,0,173.201474590904,106.533627130087,106.926813611922,0,0,0,190.185165668632,0,0,0,0,0,128.405764333981,139.792601838991,0,0,195.378266313867,283.248188884028,0,73.1029054543569,0,0,173.059382066957,0,0,138.33942793804,0,186.973586461633,0,241.57250333243,0,137.239127032733,151.075371308616
194.442125915551,0,0,0,228.075434767255,0,0,335.371040201042,0,0,289.631679007608,71.5579325720569,0,0,0,0,0,0,0,0,0,0,0,195.378266313867,0,0,0,139.93285932648,0,0,0,0,0,153.876396855887,0,0,82.1742780037132,0,0,94.9380989123498,0
0,0,0,218.045528847001,0,160.530221557972,205.839960264176,62.859596780235,0,133.984214699576,231.715271819474,0,0,0,135.294330067913,173.001559092555,0,0,0,219.040656038919,0,0,101.5853655613,283.248188884028,0,0,0,85.7623170715703,98.6790043377568,108.381749703452,0,0,0,177.763106506206,141.204637091722,0,118.522099274347,0,153.453047983244,323.781250289068,171.906398392157
0,0,0,0,0,321.124897279917,0,66.5008477853491,0,134.566479261133,0,0,151.036729364761,74.5815074003433,99.2646516363145,0,104.369974912428,75.4497121078207,82.4756938751058,80.8080171296381,0,0,99.3508940827211,0,0,0,0,186.348837226466,180.90030328818,0,0,205.09013266389,0,112.349934713559,89.9429017381717,0,205.183249704085,0,119.728129215699,251.098274723989,115.868441404982
0,73.4795582048751,0,167.066576495979,139.654362654449,169.742003380707,125.994729980093,347.376449530863,261.440278806413,227.504408813069,0,0,192.135034768848,137.189596148386,0,96.7845769653343,0,0,0,195.314816908693,280.376028997576,211.840482897052,158.955087279859,73.1029054543569,139.93285932648,85.7623170715703,186.348837226466,0,101.443495235174,0,0,188.851177466023,0,115.541295036174,221.805809452716,146.99041817625,191.519780382943,0,0,238.934743274142,93.5029580098427
151.806152521152,0,0,0,192.693757128262,0,0,101.350815329073,0,321.864157986053,0,0,0,232.945974238958,249.905610015455,0,0,208.005106191961,206.912707094411,0,0,168.241326865882,0,0,0,98.6790043377568,180.90030328818,101.443495235174,0,74.4197823064597,0,122.106946855269,253.401634605989,103.519938150021,241.682021696872,0,101.85207633558,153.672550905948,0,61.0664810463559,284.529238481835
0,0,0,0,0,0,0,0,0,0,338.131802716296,0,0,0,0,0,0,0,226.825099357786,115.332064605654,0,0,116.054372245433,0,0,108.381749703452,0,0,74.4197823064597,0,0,0,0,220.963068032256,181.316358113209,0,0,0,106.33736463831,198.528111506785,353.822894641502
0,0,0,0,0,314.611698427915,0,0,0,0,0,0,0,175.196329314064,0,0,0,0,0,0,0,0,0,173.059382066957,0,0,0,0,0,0,0,0,0,0,131.969743415579,0,0,0,169.453147353278,128.846764897717,0
0,0,0,0,0,0,0,0,180.355266595273,0,104.915316975638,128.530575464043,0,224.523755099568,0,110.384905066973,0,0,0,0,0,0,0,0,0,0,205.09013266389,188.851177466023,122.106946855269,0,0,0,0,200.878319874537,0,0,195.822649557859,0,269.936825670274,0,0
0,82.6426202489162,0,0,0,0,0,0,109.093416850988,0,0,0,0,0,0,0,0,111.435629183184,0,0,0,0,0,0,0,0,0,0,253.401634605989,0,0,0,0,0,114.649126378906,0,0,0,0,0,0
217.157696745803,0,165.597665022977,0,333.645516435298,120.912756812582,154.784755881607,178.683678585178,0,0,173.538155409849,192.601533877686,0,255.441154257905,0,0,197.486504603685,0,0,306.344527664232,0,0,0,138.33942793804,153.876396855887,177.763106506206,112.349934713559,115.541295036174,103.519938150021,220.963068032256,0,200.878319874537,0,0,97.3506957544063,90.1317194604647,161.275817184598,172.892533368851,219.430938885781,71.4788760670054,92.5568465385234
0,0,193.055010680236,81.2827395071039,178.748963182352,0,0,142.054529471577,0,0,0,0,62.311273509377,0,0,158.567996645797,0,212.592150359921,84.3635741045246,125.416941482916,0,206.472608421747,213.67670887414,0,0,141.204637091722,89.9429017381717,221.805809452716,241.682021696872,181.316358113209,131.969743415579,0,114.649126378906,97.3506957544063,0,325.937289045041,146.814226519809,247.66948903751,184.249961885477,108.136066660554,89.3673883748406
222.053792850439,98.417953423071,0,0,0,0,0,306.640284138334,0,154.070293657878,80.4367166559625,92.3502314520023,136.685314494491,146.465927798921,0,0,112.793316814908,0,0,0,161.302948562323,228.792310020318,0,186.973586461633,0,0,0,146.99041817625,0,0,0,0,0,90.1317194604647,325.937289045041,0,196.04190773555,209.996727521564,0,252.487290983309,172.608400267715
58.3493451392805,215.611029055736,0,183.786860782462,0,300.031143529538,85.6072705949986,193.777661225572,137.177378802006,283.88658203332,98.2230592632363,115.194491798135,0,163.945208919892,161.325017232684,0,78.9559315574845,114.511014214502,0,157.852515740516,97.5855511246009,0,193.659409924573,0,82.1742780037132,118.522099274347,205.183249704085,191.519780382943,101.85207633558,0,0,195.822649557859,0,161.275817184598,146.814226519809,196.04190773555,0,93.4234866874731,94.8881692391942,199.492852797962,196.032358954952
0,0,0,0,72.2278283150671,0,178.224497384947,74.7304794244225,231.050882209,357.423078228283,142.385058730083,94.126460729827,0,0,101.605593487621,0,219.078548227669,0,0,115.871357769661,70.4221432298295,348.674510760064,179.718364159796,241.57250333243,0,0,0,0,153.672550905948,0,0,0,0,172.892533368851,247.66948903751,209.996727521564,93.4234866874731,0,146.770754374523,0,0
0,0,0,0,0,0,94.7280504127031,0,0,0,201.100640800745,113.059176128709,125.81518738273,0,67.8267069095267,136.792307586862,0,0,0,0,0,0,0,0,0,153.453047983244,119.728129215699,0,0,106.33736463831,169.453147353278,269.936825670274,0,219.430938885781,184.249961885477,0,94.8881692391942,146.770754374523,0,0,0
0,0,0,0,320.356811100276,165.893015276821,0,159.183173818572,250.461724766314,89.707245288964,198.964527389285,124.698445421759,0,135.667029391615,95.7590805983148,0,0,0,112.823430872325,76.5072790361762,201.44584889478,0,0,137.239127032733,94.9380989123498,323.781250289068,251.098274723989,238.934743274142,61.0664810463559,198.528111506785,128.846764897717,0,0,71.4788760670054,108.136066660554,252.487290983309,199.492852797962,0,0,0,100.812745974529
0,145.74089716123,0,106.128596538706,197.893790332676,116.176698124939,0,0,0,164.032723165762,0,163.059043292369,0,0,0,0,0,0,94.7529894315991,224.551207449728,161.74915061469,0,143.005810983322,151.075371308616,0,171.906398392157,115.868441404982,93.5029580098427,284.529238481835,353.822894641502,0,0,0,92.5568465385234,89.3673883748406,172.608400267715,196.032358954952,0,0,100.812745974529,0
