0,0,0,0,0,0,0,0,0,205.183249704085,133.984214699576,0,0,0,80.8080171296381,0,0,0,0,0,0,0,0,0,0,0,0,0,0,0,0,0,0,284.529238481835,0,0,224.523755099568,142.054529471577,0,0,0
0,0,0,0,0,128.405764333981,283.88658203332,0,0,0,0,0,0,0,0,0,0,0,0,0,0,0,0,0,0,0,0,0,113.059176128709,0,0,0,0,338.131802716296,306.640284138334,0,223.705816669619,0,0,0,74.7304794244225
0,0,0,0,163.945208919892,0,0,0,228.075434767255,0,0,250.461724766314,0,0,0,0,0,0,0,0,0,0,0,0,0,0,0,0,154.142998692322,0,0,0,0,0,188.851177466023,0,0,0,0,0,0
0,0,0,0,0,0,0,196.04190773555,0,0,92.3502314520023,0,143.005810983322,0,0,0,0,0,94.126460729827,0,0,0,0,151.036729364761,62.311273509377,137.177378802006,0,263.534399241887,219.078548227669,0,345.797434674459,0,0,0,114.511014214502,0,74.5815074003433,151.01089327964,0,0,0
0,0,163.945208919892,0,0,140.574866691684,0,0,0,154.070293657878,0,0,0,0,0,61.0664810463559,0,0,0,0,0,0,0,92.5568465385234,0,99.3508940827211,0,255.441154257905,139.654362654449,0,0,70.4221432298295,0,0,192.693757128262,261.440278806413,320.356811100276,0,0,249.798812580765,106.926813611922
0,128.405764333981,0,0,140.574866691684,0,90.1317194604647,0,0,0,0,0,0,0,84.3635741045246,118.522099274347,119.728129215699,0,0,213.67670887414,0,0,73.4795582048751,97.3232815600345,220.963068032256,348.674510760064,241.682021696872,0,0,0,0,0,0,161.275817184598,0,0,122.106946855269,0,0,0,0
0,283.88658203332,0,0,0,90.1317194604647,0,0,0,259.055025639447,0,165.597665022977,0,113.144980278377,0,0,0,0,0,0,134.960780198024,0,249.905610015455,0,0,0,169.742003380707,188.936291522747,58.3493451392805,0,0,0,0,0,0,0,96.5937438588657,173.201474590904,0,0,214.116367924649
0,0,0,196.04190773555,0,0,0,0,0,0,0,0,173.538155409849,128.846764897717,0,0,0,115.194491798135,0,198.528111506785,138.425725342224,172.608400267715,0,0,0,82.6426202489162,82.4756938751058,306.344527664232,73.1029054543569,103.519938150021,0,0,0,357.423078228283,95.7590805983148,0,0,0,0,115.114253591495,151.075371308616
0,0,228.075434767255,0,0,0,0,0,0,0,0,0,0,0,0,0,0,0,0,323.781250289068,0,0,146.814226519809,67.8267069095267,0,0,0,175.196329314064,0,269.936825670274,0,0,0,0,168.241326865882,321.864157986053,325.937289045041,0,0,104.369974912428,232.945974238958
205.183249704085,0,0,0,154.070293657878,0,259.055025639447,0,0,0,0,131.969743415579,0,0,0,0,159.183173818572,0,101.350815329073,0,142.385058730083,0,0,0,0,197.486504603685,173.059382066957,0,0,247.66948903751,115.541295036174,0,0,146.99041817625,101.5853655613,205.839960264176,93.4234866874731,181.316358113209,0,259.442917595754,101.895308036513
133.984214699576,0,0,92.3502314520023,0,0,0,0,0,0,0,93.5029580098427,0,0,0,0,117.208001126138,0,0,136.685314494491,0,0,101.605593487621,184.249961885477,0,158.567996645797,241.635434294794,110.384905066973,236.681907140956,0,0,204.481117647118,0,212.592150359921,0,0,82.1742780037132,161.74915061469,0,0,94.7280504127031
0,0,250.461724766314,0,0,0,165.597665022977,0,0,131.969743415579,93.5029580098427,0,0,353.822894641502,146.770754374523,161.325017232684,0,220.901129804706,211.840482897052,0,194.442125915551,0,0,0,0,112.793316814908,0,186.973586461633,191.519780382943,81.2827395071039,71.4788760670054,0,0,161.302948562323,309.997227542691,0,87.8456058929559,89.707245288964,94.027247878695,0,137.239127032733
0,0,0,143.005810983322,0,0,0,173.538155409849,0,0,0,0,0,0,0,0,0,0,158.955087279859,0,0,0,0,0,0,0,0,0,0,0,0,0,0,0,0,148.808626413748,0,0,0,146.465927798921,157.852515740516
0,0,0,0,0,0,113.144980278377,128.846764897717,0,0,0,353.822894641502,0,0,162.833808134102,0,0,0,0,0,197.893790332676,0,136.792307586862,300.031143529538,0,0,0,115.868441404982,0,114.649126378906,0,0,0,329.719143597451,0,0,163.059043292369,0,160.530221557972,206.912707094411,106.533627130087
80.8080171296381,0,0,0,0,84.3635741045246,0,0,0,0,0,146.770754374523,0,162.833808134102,0,0,0,0,0,0,0,0,0,0,0,238.934743274142,178.748963182352,289.631679007608,0,0,0,0,0,173.001559092555,186.348837226466,98.2230592632363,261.605527103798,0,0,0,135.667029391615
0,0,0,0,61.0664810463559,118.522099274347,0,0,0,0,0,161.325017232684,0,0,0,0,0,0,0,78.9559315574845,0,0,0,0,0,0,137.189596148386,111.435629183184,0,0,0,321.124897279917,0,0,215.611029055736,0,109.093416850988,180.90030328818,0,201.44584889478,0
0,0,0,0,0,119.728129215699,0,0,0,159.183173818572,117.208001126138,0,0,0,0,0,0,0,0,124.698445421759,0,0,0,0,0,0,171.906398392157,174.013630695256,0,0,0,0,0,219.430938885781,0,0,0,0,192.601533877686,252.487290983309,145.74089716123
0,0,0,0,0,0,0,115.194491798135,0,0,0,220.901129804706,0,0,0,0,0,0,0,0,0,100.812745974529,0,0,0,0,167.066576495979,124.853650664477,225.013371621378,0,0,0,0,98.6790043377568,0,154.784755881607,0,62.859596780235,0,0,0
0,0,0,94.126460729827,0,0,0,0,0,101.350815329073,0,211.840482897052,158.955087279859,0,0,0,0,0,0,0,193.777661225572,0,160.537522273714,240.185081663983,0,0,0,0,0,0,0,94.9380989123498,0,151.806152521152,0,0,169.453147353278,241.57250333243,108.381749703452,0,0
0,0,0,0,0,213.67670887414,0,198.528111506785,323.781250289068,0,136.685314494491,0,0,0,0,78.9559315574845,124.698445421759,0,0,0,0,0,0,153.453047983244,0,0,154.065933476765,111.226326353722,94.7529894315991,119.345624434514,0,335.371040201042,0,172.892533368851,0,222.053792850439,66.5008477853491,0,0,276.620869034647,205.09013266389
0,0,0,0,0,0,134.960780198024,138.425725342224,0,142.385058730083,0,194.442125915551,0,197.893790332676,0,0,0,0,193.777661225572,0,0,0,0,314.611698427915,139.93285932648,196.032358954952,0,0,0,226.825099357786,0,0,0,0,0,0,161.694997919804,115.871357769661,82.6299537488922,0,0
0,0,0,0,0,0,0,172.608400267715,0,0,0,0,0,0,0,0,0,100.812745974529,0,0,0,0,0,89.3673883748406,0,165.893015276821,0,0,0,0,0,0,0,224.551207449728,204.084074037941,0,0,0,178.224497384947,0,133.218162784108
0,0,0,0,0,73.4795582048751,249.905610015455,0,146.814226519809,0,101.605593487621,0,0,136.792307586862,0,0,0,0,160.537522273714,0,0,0,0,0,0,138.33942793804,0,125.994729980093,303.527509149359,0,0,0,0,0,81.9664354533492,208.005106191961,198.964527389285,0,195.378266313867,283.248188884028,206.472608421747
0,0,0,151.036729364761,92.5568465385234,97.3232815600345,0,0,67.8267069095267,0,184.249961885477,0,0,300.031143529538,0,0,0,0,240.185081663983,153.453047983244,314.611698427915,89.3673883748406,0,0,0,0,155.24952173131,139.792601838991,80.4367166559625,0,0,0,0,0,112.349934713559,195.314816908693,108.136066660554,0,195.822649557859,178.683678585178,202.712457066107
0,0,0,62.311273509377,0,220.963068032256,0,0,0,0,0,0,0,0,0,0,0,0,0,0,139.93285932648,0,0,0,0,0,0,98.417953423071,253.401634605989,193.055010680236,0,0,0,120.912756812582,0,153.609372090384,190.185165668632,0,0,75.4497121078207,0
0,0,0,137.177378802006,99.3508940827211,348.674510760064,0,82.6426202489162,0,197.486504603685,158.567996645797,112.793316814908,0,0,238.934743274142,0,0,0,0,0,196.032358954952,165.893015276821,138.33942793804,0,0,0,177.763106506206,0,104.915316975638,120.567029282014,0,90.7216186966914,0,0,135.294330067913,74.4197823064597,0,106.33736463831,0,242.790381480436,179.718364159796
0,0,0,0,0,241.682021696872,169.742003380707,82.4756938751058,0,173.059382066957,241.635434294794,0,0,0,178.748963182352,137.189596148386,171.906398392157,167.066576495979,0,154.065933476765,0,0,0,155.24952173131,0,177.763106506206,0,262.382215657622,125.416941482916,0,125.81518738273,0,0,134.566479261133,151.695570509541,0,280.376028997576,153.672550905948,0,180.355266595273,0
0,0,0,263.534399241887,255.441154257905,0,188.936291522747,306.344527664232,175.196329314064,0,110.384905066973,186.973586461633,0,115.868441404982,289.631679007608,111.435629183184,174.013630695256,124.853650664477,0,111.226326353722,0,0,125.994729980093,139.792601838991,98.417953423071,0,262.382215657622,0,94.8881692391942,0,0,71.5579325720569,0,183.786860782462,92.5207898118833,101.443495235174,96.7845769653343,85.7623170715703,333.645516435298,76.5072790361762,141.204637091722
0,113.059176128709,154.142998692322,219.078548227669,139.654362654449,0,58.3493451392805,73.1029054543569,0,0,236.681907140956,191.519780382943,0,0,0,0,0,225.013371621378,0,94.7529894315991,0,0,303.527509149359,80.4367166559625,253.401634605989,104.915316975638,125.416941482916,94.8881692391942,0,0,0,0,150.161410108805,0,231.050882209,0,218.045528847001,97.5855511246009,0,231.715271819474,0
0,0,0,0,0,0,0,103.519938150021,269.936825670274,247.66948903751,0,81.2827395071039,0,114.649126378906,0,0,0,0,0,119.345624434514,226.825099357786,0,0,0,193.055010680236,120.567029282014,0,0,0,0,0,153.876396855887,0,0,0,0,180.543851962045,0,0,0,0
0,0,0,345.797434674459,0,0,0,0,0,115.541295036174,0,71.4788760670054,0,0,0,0,0,0,0,0,0,0,0,0,0,0,125.81518738273,0,0,0,0,0,0,0,72.2278283150671,0,192.135034768848,0,0,0,0
0,0,0,0,70.4221432298295,0,0,0,0,0,204.481117647118,0,0,0,0,321.124897279917,0,0,94.9380989123498,335.371040201042,0,0,0,0,0,90.7216186966914,0,71.5579325720569,0,153.876396855887,0,0,0,251.098274723989,227.504408813069,0,0,0,0,89.1590885155172,0
0,0,0,0,0,0,0,0,0,0,0,0,0,0,0,0,0,0,0,0,0,0,0,0,0,0,0,0,150.161410108805,0,0,0,0,85.6072705949986,0,112.823430872325,116.054372245433,0,0,199.492852797962,0
284.529238481835,338.131802716296,0,0,0,161.275817184598,0,357.423078228283,0,146.99041817625,212.592150359921,161.302948562323,0,329.719143597451,173.001559092555,0,219.430938885781,98.6790043377568,151.806152521152,172.892533368851,0,224.551207449728,0,0,120.912756812582,0,134.566479261133,183.786860782462,0,0,0,251.098274723989,85.6072705949986,0,209.996727521564,187.77054666536,101.85207633558,193.63278243493,128.530575464043,89.9429017381717,217.157696745803
0,306.640284138334,188.851177466023,114.511014214502,192.693757128262,0,0,95.7590805983148,168.241326865882,101.5853655613,0,309.997227542691,0,0,186.348837226466,215.611029055736,0,0,0,0,0,204.084074037941,81.9664354533492,112.349934713559,0,135.294330067913,151.695570509541,92.5207898118833,231.050882209,0,72.2278283150671,227.504408813069,0,209.996727521564,0,78.8552325762656,193.659409924573,228.792310020318,106.128596538706,200.878319874537,0
0,0,0,0,261.440278806413,0,0,0,321.864157986053,205.839960264176,0,0,148.808626413748,0,98.2230592632363,0,0,154.784755881607,0,222.053792850439,0,0,208.005106191961,195.314816908693,153.609372090384,74.4197823064597,0,101.443495235174,0,0,0,0,112.823430872325,187.77054666536,78.8552325762656,0,201.100640800745,99.2646516363145,116.176698124939,221.805809452716,0
224.523755099568,223.705816669619,0,74.5815074003433,320.356811100276,122.106946855269,96.5937438588657,0,325.937289045041,93.4234866874731,82.1742780037132,87.8456058929559,0,163.059043292369,261.605527103798,109.093416850988,0,0,169.453147353278,66.5008477853491,161.694997919804,0,198.964527389285,108.136066660554,190.185165668632,0,280.376028997576,96.7845769653343,218.045528847001,180.543851962045,192.135034768848,0,116.054372245433,101.85207633558,193.659409924573,201.100640800745,0,0,347.376449530863,219.040656038919,0
142.054529471577,0,0,151.01089327964,0,0,173.201474590904,0,0,181.316358113209,161.74915061469,89.707245288964,0,0,0,180.90030328818,0,62.859596780235,241.57250333243,0,115.871357769661,0,0,0,0,106.33736463831,153.672550905948,85.7623170715703,97.5855511246009,0,0,0,0,193.63278243493,228.792310020318,99.2646516363145,0,0,171.230058197369,115.332064605654,164.032723165762
0,0,0,0,0,0,0,0,0,0,0,94.027247878695,0,160.530221557972,0,0,192.601533877686,0,108.381749703452,0,82.6299537488922,178.224497384947,195.378266313867,195.822649557859,0,0,0,333.645516435298,0,0,0,0,0,128.530575464043,106.128596538706,116.176698124939,347.376449530863,171.230058197369,0,97.3506957544063,0
0,0,0,0,249.798812580765,0,0,115.114253591495,104.369974912428,259.442917595754,0,0,146.465927798921,206.912707094411,0,201.44584889478,252.487290983309,0,0,276.620869034647,0,0,283.248188884028,178.683678585178,75.4497121078207,242.790381480436,180.355266595273,76.5072790361762,231.715271819474,0,0,89.1590885155172,199.492852797962,89.9429017381717,200.878319874537,221.805809452716,219.040656038919,115.332064605654,97.3506957544063,0,155.901486485736
0,74.7304794244225,0,0,106.926813611922,0,214.116367924649,151.075371308616,232.945974238958,101.895308036513,94.7280504127031,137.239127032733,157.852515740516,106.533627130087,135.667029391615,0,145.74089716123,0,0,205.09013266389,0,133.218162784108,206.472608421747,202.712457066107,0,179.718364159796,0,141.204637091722,0,0,0,0,0,217.157696745803,0,0,0,164.032723165762,0,155.901486485736,0
