0,0,0,0,66.5008477853491,0,0,0,0,0,0,0,0,0,0,0,0,0,0,0,0,0,0,119.345624434514,0,0,0,0,240.185081663983,0,113.059176128709,0,0,0,0,0,0,0,0,146.814226519809,193.659409924573
0,0,0,0,0,0,0,0,0,0,0,154.065933476765,93.4234866874731,0,0,0,0,0,0,0,0,0,178.748963182352,231.050882209,261.605527103798,0,0,0,0,0,0,0,0,109.093416850988,0,0,0,0,0,139.792601838991,0
0,0,0,0,0,0,0,0,0,0,0,78.8552325762656,0,0,0,0,0,0,0,261.440278806413,0,0,0,0,0,0,201.44584889478,0,0,0,0,0,0,0,92.3502314520023,0,192.693757128262,0,0,0,0
0,0,0,0,0,0,0,0,0,0,0,108.136066660554,0,61.0664810463559,0,0,0,0,0,76.5072790361762,212.592150359921,0,0,0,0,158.955087279859,0,96.5937438588657,0,82.6299537488922,0,0,173.059382066957,183.786860782462,0,224.523755099568,247.66948903751,249.905610015455,151.036729364761,0,0
66.5008477853491,0,0,0,0,0,300.031143529538,172.608400267715,0,0,0,306.640284138334,0,0,0,142.385058730083,0,0,283.88658203332,0,0,0,0,0,0,0,0,0,0,0,82.6426202489162,0,0,195.314816908693,133.984214699576,153.876396855887,0,198.528111506785,115.114253591495,329.719143597451,161.325017232684
0,0,0,0,0,0,197.486504603685,0,0,0,0,251.098274723989,138.33942793804,0,0,221.805809452716,0,0,0,0,0,0,173.538155409849,98.417953423071,0,195.378266313867,0,0,120.567029282014,0,0,137.189596148386,0,353.822894641502,0,169.453147353278,97.3506957544063,0,0,67.8267069095267,101.5853655613
0,0,0,0,300.031143529538,197.486504603685,0,333.645516435298,0,0,0,0,0,0,0,0,0,0,0,0,0,151.075371308616,186.973586461633,0,0,0,303.527509149359,146.465927798921,236.681907140956,0,0,172.892533368851,0,0,0,161.74915061469,198.964527389285,321.124897279917,0,106.926813611922,0
0,0,0,0,172.608400267715,0,333.645516435298,0,0,81.9664354533492,0,320.356811100276,0,227.504408813069,205.09013266389,0,0,0,0,73.4795582048751,0,0,0,199.492852797962,0,0,0,101.85207633558,0,196.04190773555,0,0,0,187.77054666536,97.5855511246009,162.833808134102,134.566479261133,0,0,165.597665022977,111.435629183184
0,0,0,0,0,0,0,0,0,0,0,164.032723165762,0,0,137.239127032733,85.7623170715703,0,0,0,0,0,0,0,0,0,160.537522273714,0,0,0,284.529238481835,0,186.348837226466,0,97.3232815600345,141.204637091722,0,115.332064605654,0,0,125.994729980093,98.6790043377568
0,0,0,0,0,0,0,81.9664354533492,0,0,192.601533877686,0,0,0,0,0,214.116367924649,0,249.798812580765,0,0,0,289.631679007608,0,81.2827395071039,151.01089327964,252.487290983309,259.055025639447,192.135034768848,242.790381480436,0,110.384905066973,0,204.481117647118,115.194491798135,72.2278283150671,115.871357769661,224.551207449728,0,0,325.937289045041
0,0,0,0,0,0,0,0,0,192.601533877686,0,0,0,202.712457066107,0,119.728129215699,228.075434767255,90.7216186966914,226.825099357786,171.906398392157,206.912707094411,96.7845769653343,0,92.5207898118833,0,0,92.5568465385234,0,0,0,217.157696745803,0,0,0,0,167.066576495979,222.053792850439,0,0,108.381749703452,94.027247878695
0,154.065933476765,78.8552325762656,108.136066660554,306.640284138334,251.098274723989,0,320.356811100276,164.032723165762,0,0,0,231.715271819474,0,0,0,0,0,0,0,208.005106191961,128.530575464043,0,276.620869034647,0,0,218.045528847001,100.812745974529,150.161410108805,0,153.609372090384,0,0,104.369974912428,106.533627130087,0,157.852515740516,159.183173818572,120.912756812582,197.893790332676,0
0,93.4234866874731,0,0,0,138.33942793804,0,0,0,0,0,231.715271819474,0,0,0,0,0,0,0,0,0,0,0,0,0,0,0,220.901129804706,0,0,0,0,0,0,124.698445421759,0,89.707245288964,0,0,0,0
0,0,0,61.0664810463559,0,0,0,227.504408813069,0,0,202.712457066107,0,0,0,0,193.777661225572,0,0,0,62.859596780235,0,0,0,0,0,0,103.519938150021,190.185165668632,74.5815074003433,131.969743415579,0,255.441154257905,113.144980278377,112.823430872325,0,0,94.7529894315991,0,0,158.567996645797,0
0,0,0,0,0,0,0,205.09013266389,137.239127032733,0,0,0,0,0,0,0,0,0,0,0,75.4497121078207,0,171.230058197369,0,0,0,223.705816669619,122.106946855269,0,0,0,259.442917595754,0,161.302948562323,74.7304794244225,85.6072705949986,0,0,73.1029054543569,138.425725342224,0
0,0,0,0,142.385058730083,221.805809452716,0,0,85.7623170715703,0,119.728129215699,0,0,193.777661225572,0,0,0,0,0,0,0,220.963068032256,0,89.1590885155172,0,0,153.453047983244,314.611698427915,0,0,0,0,0,184.249961885477,0,204.084074037941,0,0,0,0,0
0,0,0,0,0,0,0,0,0,214.116367924649,228.075434767255,0,0,0,0,0,0,0,0,0,145.74089716123,0,104.915316975638,133.218162784108,151.806152521152,0,0,0,0,0,0,0,0,219.040656038919,253.401634605989,232.945974238958,188.851177466023,0,0,0,0
0,0,0,0,0,0,0,0,0,0,90.7216186966914,0,0,0,0,0,0,0,0,0,0,0,0,82.1742780037132,0,151.695570509541,140.574866691684,0,87.8456058929559,0,0,0,0,154.784755881607,0,0,93.5029580098427,163.945208919892,0,0,195.822649557859
0,0,0,0,283.88658203332,0,0,0,0,249.798812580765,226.825099357786,0,0,0,0,0,0,0,0,0,241.635434294794,134.960780198024,0,0,0,90.1317194604647,0,193.63278243493,228.792310020318,0,0,0,0,0,146.99041817625,0,0,71.4788760670054,155.24952173131,175.196329314064,0
0,0,261.440278806413,76.5072790361762,0,0,0,73.4795582048751,0,0,171.906398392157,0,0,62.859596780235,0,0,0,0,0,0,0,106.33736463831,0,188.936291522747,0,219.430938885781,215.611029055736,154.070293657878,139.93285932648,174.013630695256,0,0,0,0,116.176698124939,0,219.078548227669,306.344527664232,0,89.9429017381717,200.878319874537
0,0,0,212.592150359921,0,0,0,0,0,0,206.912707094411,208.005106191961,0,0,75.4497121078207,0,145.74089716123,0,241.635434294794,0,0,0,0,0,114.511014214502,0,0,101.350815329073,206.472608421747,0,0,0,0,0,263.534399241887,0,62.311273509377,165.893015276821,345.797434674459,0,0
0,0,0,0,0,0,151.075371308616,0,0,0,96.7845769653343,128.530575464043,0,0,0,220.963068032256,0,0,134.960780198024,106.33736463831,0,0,0,0,0,0,0,128.405764333981,0,0,0,0,0,0,0,0,0,168.241326865882,0,0,0
0,178.748963182352,0,0,0,173.538155409849,186.973586461633,0,0,289.631679007608,0,0,0,0,171.230058197369,0,104.915316975638,0,0,0,0,0,0,196.032358954952,0,84.3635741045246,0,241.682021696872,99.3508940827211,0,0,0,0,94.9380989123498,180.543851962045,0,280.376028997576,178.224497384947,74.4197823064597,0,0
119.345624434514,231.050882209,0,0,0,98.417953423071,0,199.492852797962,0,0,92.5207898118833,276.620869034647,0,0,0,89.1590885155172,133.218162784108,82.1742780037132,0,188.936291522747,0,0,196.032358954952,0,0,89.3673883748406,94.7280504127031,323.781250289068,201.100640800745,0,0,0,0,205.839960264176,125.416941482916,0,115.868441404982,80.4367166559625,0,0,0
0,261.605527103798,0,0,0,0,0,0,0,81.2827395071039,0,0,0,0,0,0,151.806152521152,0,0,0,114.511014214502,0,0,0,0,0,173.201474590904,0,0,0,0,0,0,181.316358113209,0,139.654362654449,94.126460729827,0,112.793316814908,0,112.349934713559
0,0,0,158.955087279859,0,195.378266313867,0,0,160.537522273714,151.01089327964,0,0,0,0,0,0,0,151.695570509541,90.1317194604647,219.430938885781,0,0,84.3635741045246,89.3673883748406,0,0,180.90030328818,98.2230592632363,99.2646516363145,0,0,0,163.059043292369,177.763106506206,78.9559315574845,143.005810983322,0,161.694997919804,71.5579325720569,161.275817184598,137.177378802006
0,0,201.44584889478,0,0,0,303.527509149359,0,0,252.487290983309,92.5568465385234,218.045528847001,0,103.519938150021,223.705816669619,153.453047983244,0,140.574866691684,0,215.611029055736,0,0,0,94.7280504127031,173.201474590904,180.90030328818,0,335.371040201042,95.7590805983148,0,0,0,0,0,347.376449530863,194.442125915551,191.519780382943,0,0,160.530221557972,321.864157986053
0,0,0,96.5937438588657,0,0,146.465927798921,101.85207633558,0,259.055025639447,0,100.812745974529,220.901129804706,190.185165668632,122.106946855269,314.611698427915,0,0,193.63278243493,154.070293657878,101.350815329073,128.405764333981,241.682021696872,323.781250289068,0,98.2230592632363,335.371040201042,0,0,209.996727521564,309.997227542691,225.013371621378,0,146.770754374523,0,114.649126378906,136.792307586862,262.382215657622,94.8881692391942,118.522099274347,58.3493451392805
240.185081663983,0,0,0,0,120.567029282014,236.681907140956,0,0,192.135034768848,0,150.161410108805,0,74.5815074003433,0,0,0,87.8456058929559,228.792310020318,139.93285932648,206.472608421747,0,99.3508940827211,201.100640800745,0,99.2646516363145,95.7590805983148,0,0,0,0,117.208001126138,0,106.128596538706,111.226326353722,0,241.57250333243,357.423078228283,338.131802716296,0,148.808626413748
0,0,0,82.6299537488922,0,0,0,196.04190773555,284.529238481835,242.790381480436,0,0,0,131.969743415579,0,0,0,0,0,174.013630695256,0,0,0,0,0,0,0,209.996727521564,0,0,0,0,0,348.674510760064,80.8080171296381,0,211.840482897052,0,0,0,250.461724766314
113.059176128709,0,0,0,82.6426202489162,0,0,0,0,0,217.157696745803,153.609372090384,0,0,0,0,0,0,0,0,0,0,0,0,0,0,0,309.997227542691,0,0,0,0,0,0,0,0,0,0,0,135.667029391615,0
0,0,0,0,0,137.189596148386,172.892533368851,0,186.348837226466,110.384905066973,0,0,0,255.441154257905,259.442917595754,0,0,0,0,0,0,0,0,0,0,0,0,225.013371621378,117.208001126138,0,0,0,0,0,0,115.541295036174,142.054529471577,0,0,0,101.605593487621
0,0,0,173.059382066957,0,0,0,0,0,0,0,0,0,113.144980278377,0,0,0,0,0,0,0,0,0,0,0,163.059043292369,0,0,0,0,0,0,0,0,0,0,125.81518738273,0,0,70.4221432298295,0
0,109.093416850988,0,183.786860782462,195.314816908693,353.822894641502,0,187.77054666536,97.3232815600345,204.481117647118,0,104.369974912428,0,112.823430872325,161.302948562323,184.249961885477,219.040656038919,154.784755881607,0,0,0,0,94.9380989123498,205.839960264176,181.316358113209,177.763106506206,0,146.770754374523,106.128596538706,348.674510760064,0,0,0,0,116.054372245433,82.4756938751058,101.443495235174,0,205.183249704085,135.294330067913,128.846764897717
0,0,92.3502314520023,0,133.984214699576,0,0,97.5855511246009,141.204637091722,115.194491798135,0,106.533627130087,124.698445421759,0,74.7304794244225,0,253.401634605989,0,146.99041817625,116.176698124939,263.534399241887,0,180.543851962045,125.416941482916,0,78.9559315574845,347.376449530863,0,111.226326353722,80.8080171296381,0,0,0,116.054372245433,0,269.936825670274,155.901486485736,193.055010680236,283.248188884028,101.895308036513,180.355266595273
0,0,0,224.523755099568,153.876396855887,169.453147353278,161.74915061469,162.833808134102,0,72.2278283150671,167.066576495979,0,0,0,85.6072705949986,204.084074037941,232.945974238958,0,0,0,0,0,0,0,139.654362654449,143.005810983322,194.442125915551,114.649126378906,0,0,0,115.541295036174,0,82.4756938751058,269.936825670274,0,178.683678585178,0,0,213.67670887414,0
0,0,192.693757128262,247.66948903751,0,97.3506957544063,198.964527389285,134.566479261133,115.332064605654,115.871357769661,222.053792850439,157.852515740516,89.707245288964,94.7529894315991,0,0,188.851177466023,93.5029580098427,0,219.078548227669,62.311273509377,0,280.376028997576,115.868441404982,94.126460729827,0,191.519780382943,136.792307586862,241.57250333243,211.840482897052,0,142.054529471577,125.81518738273,101.443495235174,155.901486485736,178.683678585178,0,173.001559092555,0,238.934743274142,124.853650664477
0,0,0,249.905610015455,198.528111506785,0,321.124897279917,0,0,224.551207449728,0,159.183173818572,0,0,0,0,0,163.945208919892,71.4788760670054,306.344527664232,165.893015276821,168.241326865882,178.224497384947,80.4367166559625,0,161.694997919804,0,262.382215657622,357.423078228283,0,0,0,0,0,193.055010680236,0,173.001559092555,0,153.672550905948,154.142998692322,179.718364159796
0,0,0,151.036729364761,115.114253591495,0,0,0,0,0,0,120.912756812582,0,0,73.1029054543569,0,0,0,155.24952173131,0,345.797434674459,0,74.4197823064597,0,112.793316814908,71.5579325720569,0,94.8881692391942,338.131802716296,0,0,0,0,205.183249704085,283.248188884028,0,0,153.672550905948,0,169.742003380707,0
146.814226519809,139.792601838991,0,0,329.719143597451,67.8267069095267,106.926813611922,165.597665022977,125.994729980093,0,108.381749703452,197.893790332676,0,158.567996645797,138.425725342224,0,0,0,175.196329314064,89.9429017381717,0,0,0,0,0,161.275817184598,160.530221557972,118.522099274347,0,0,135.667029391615,0,70.4221432298295,135.294330067913,101.895308036513,213.67670887414,238.934743274142,154.142998692322,169.742003380707,0,136.685314494491
193.659409924573,0,0,0,161.325017232684,101.5853655613,0,111.435629183184,98.6790043377568,325.937289045041,94.027247878695,0,0,0,0,0,0,195.822649557859,0,200.878319874537,0,0,0,0,112.349934713559,137.177378802006,321.864157986053,58.3493451392805,148.808626413748,250.461724766314,0,101.605593487621,0,128.846764897717,180.355266595273,0,124.853650664477,179.718364159796,0,136.685314494491,0
