0,0,0,0,0,0,0,0,0,0,94.7280504127031,0,0,0,0,0,0,0,0,0,0,0,155.901486485736,0,0,0,0,0,0,0,0,0,104.369974912428,0,353.822894641502,0,225.013371621378,0,348.674510760064,0,0
0,0,0,0,0,0,0,0,0,151.01089327964,0,0,0,0,0,0,0,0,0,0,0,0,0,0,0,134.566479261133,204.084074037941,0,200.878319874537,0,0,0,0,117.208001126138,114.649126378906,94.9380989123498,0,0,0,0,0
0,0,0,103.519938150021,0,172.892533368851,0,0,0,0,0,0,0,131.969743415579,0,0,0,0,0,113.059176128709,0,0,0,0,0,0,0,0,0,0,0,0,0,66.5008477853491,0,0,0,0,0,0,0
0,0,103.519938150021,0,0,0,81.9664354533492,0,108.136066660554,109.093416850988,0,101.5853655613,0,0,0,0,0,180.355266595273,0,0,0,0,0,174.013630695256,161.325017232684,323.781250289068,0,89.707245288964,0,0,0,0,0,146.770754374523,137.239127032733,0,228.075434767255,0,0,0,0
0,0,0,0,0,0,0,222.053792850439,0,84.3635741045246,0,94.8881692391942,250.461724766314,238.934743274142,0,0,0,0,0,154.784755881607,0,0,101.443495235174,0,0,94.027247878695,0,0,0,0,0,0,0,224.523755099568,221.805809452716,0,321.864157986053,89.3673883748406,232.945974238958,154.065933476765,0
0,0,172.892533368851,0,0,0,0,276.620869034647,0,241.635434294794,183.786860782462,0,0,269.936825670274,0,0,76.5072790361762,0,0,0,0,0,280.376028997576,0,0,74.5815074003433,0,241.57250333243,0,0,0,0,0,219.430938885781,0,158.567996645797,0,0,195.378266313867,112.823430872325,261.440278806413
0,0,0,81.9664354533492,0,0,0,161.694997919804,74.4197823064597,252.487290983309,0,99.2646516363145,0,0,0,284.529238481835,0,0,90.1317194604647,0,0,0,187.77054666536,0,0,0,0,96.5937438588657,0,0,0,0,0,249.798812580765,0,0,202.712457066107,0,125.81518738273,0,82.1742780037132
0,0,0,0,222.053792850439,276.620869034647,161.694997919804,0,0,0,116.176698124939,0,0,0,247.66948903751,85.7623170715703,0,0,0,283.88658203332,142.054529471577,0,196.04190773555,0,80.8080171296381,0,231.050882209,108.381749703452,194.442125915551,0,0,0,0,119.345624434514,0,0,158.955087279859,73.4795582048751,0,0,0
0,0,0,108.136066660554,0,0,74.4197823064597,0,0,0,0,0,0,0,0,146.99041817625,0,0,0,0,0,95.7590805983148,0,193.63278243493,0,0,0,96.7845769653343,204.481117647118,0,0,0,0,128.846764897717,78.8552325762656,0,74.7304794244225,0,0,0,137.177378802006
0,151.01089327964,0,109.093416850988,84.3635741045246,241.635434294794,252.487290983309,0,0,0,0,142.385058730083,0,205.09013266389,0,0,0,178.224497384947,177.763106506206,0,0,151.036729364761,0,0,128.405764333981,212.592150359921,93.5029580098427,120.912756812582,303.527509149359,0,201.100640800745,0,0,0,335.371040201042,124.698445421759,0,0,0,0,0
94.7280504127031,0,0,0,0,183.786860782462,0,116.176698124939,0,0,0,306.640284138334,0,0,0,0,0,0,0,148.808626413748,0,0,140.574866691684,213.67670887414,0,115.332064605654,224.551207449728,0,0,0,0,0,0,306.344527664232,153.453047983244,97.3506957544063,191.519780382943,193.055010680236,251.098274723989,75.4497121078207,0
0,0,0,101.5853655613,94.8881692391942,0,99.2646516363145,0,0,142.385058730083,306.640284138334,0,119.728129215699,0,85.6072705949986,0,0,0,179.718364159796,195.822649557859,0,0,218.045528847001,219.040656038919,0,198.528111506785,169.453147353278,321.124897279917,101.85207633558,0,0,0,0,160.530221557972,159.183173818572,80.4367166559625,0,125.994729980093,0,178.683678585178,263.534399241887
0,0,0,0,250.461724766314,0,0,0,0,0,0,119.728129215699,0,0,0,0,0,0,0,145.74089716123,0,0,0,0,0,0,0,82.6426202489162,255.441154257905,0,0,0,0,0,0,0,320.356811100276,0,0,0,0
0,0,131.969743415579,0,238.934743274142,269.936825670274,0,0,0,205.09013266389,0,0,0,0,0,0,0,0,0,0,150.161410108805,0,0,0,106.926813611922,157.852515740516,0,87.8456058929559,0,0,0,0,0,198.964527389285,89.9429017381717,0,92.5568465385234,172.608400267715,0,153.609372090384,195.314816908693
0,0,0,0,0,0,0,247.66948903751,0,0,0,85.6072705949986,0,0,0,175.196329314064,137.189596148386,0,62.859596780235,325.937289045041,0,0,0,0,0,0,0,0,0,0,0,162.833808134102,0,94.7529894315991,115.541295036174,82.6299537488922,99.3508940827211,164.032723165762,0,0,0
0,0,0,0,0,0,284.529238481835,85.7623170715703,146.99041817625,0,0,0,0,0,175.196329314064,0,0,0,0,0,0,0,0,0,0,0,0,357.423078228283,138.33942793804,0,0,133.218162784108,98.2230592632363,92.3502314520023,0,0,186.973586461633,0,0,0,206.472608421747
0,0,0,0,0,76.5072790361762,0,0,0,0,0,0,0,0,137.189596148386,0,0,0,0,0,0,0,0,167.066576495979,0,112.349934713559,333.645516435298,211.840482897052,0,0,0,61.0664810463559,0,165.597665022977,116.054372245433,0,0,0,0,115.868441404982,0
0,0,0,180.355266595273,0,0,0,0,0,178.224497384947,0,0,0,0,0,0,0,0,0,71.5579325720569,0,0,178.748963182352,0,0,300.031143529538,0,72.2278283150671,242.790381480436,0,0,0,0,0,0,92.5207898118833,0,0,0,101.895308036513,0
0,0,0,0,0,0,90.1317194604647,0,0,177.763106506206,0,179.718364159796,0,0,62.859596780235,0,0,0,0,0,0,0,0,186.348837226466,0,125.416941482916,0,283.248188884028,115.871357769661,0,0,0,0,190.185165668632,0,0,114.511014214502,206.912707094411,0,215.611029055736,0
0,0,113.059176128709,0,154.784755881607,0,0,283.88658203332,0,0,148.808626413748,195.822649557859,145.74089716123,0,325.937289045041,0,0,71.5579325720569,0,0,347.376449530863,115.194491798135,220.901129804706,0,0,0,110.384905066973,0,0,205.183249704085,0,0,0,146.465927798921,161.275817184598,0,0,0,0,135.667029391615,261.605527103798
0,0,0,0,0,0,0,142.054529471577,0,0,0,0,0,150.161410108805,0,0,0,0,0,347.376449530863,0,0,0,0,0,153.876396855887,0,192.693757128262,0,180.543851962045,0,0,0,101.605593487621,259.055025639447,223.705816669619,70.4221432298295,338.131802716296,139.654362654449,173.001559092555,0
0,0,0,0,0,0,0,0,95.7590805983148,151.036729364761,0,0,0,0,0,0,0,0,0,115.194491798135,0,0,0,122.106946855269,0,0,0,0,0,0,0,0,160.537522273714,0,0,227.504408813069,71.4788760670054,0,0,90.7216186966914,0
155.901486485736,0,0,0,101.443495235174,280.376028997576,187.77054666536,196.04190773555,0,0,140.574866691684,218.045528847001,0,0,0,0,0,178.748963182352,0,220.901129804706,0,0,0,241.682021696872,0,0,0,163.945208919892,193.659409924573,0,0,217.157696745803,0,0,0,0,0,236.681907140956,0,163.059043292369,0
0,0,0,174.013630695256,0,0,0,0,193.63278243493,0,213.67670887414,219.040656038919,0,0,0,0,167.066576495979,0,186.348837226466,0,0,122.106946855269,241.682021696872,0,0,0,138.425725342224,314.611698427915,184.249961885477,73.1029054543569,199.492852797962,135.294330067913,0,0,0,197.486504603685,205.839960264176,154.142998692322,0,173.201474590904,120.567029282014
0,0,0,161.325017232684,0,0,0,80.8080171296381,0,128.405764333981,0,0,0,106.926813611922,0,0,0,0,0,0,0,0,0,0,0,0,0,151.075371308616,151.806152521152,0,0,0,0,0,262.382215657622,0,143.005810983322,0,0,98.417953423071,139.792601838991
0,134.566479261133,0,323.781250289068,94.027247878695,74.5815074003433,0,0,0,212.592150359921,115.332064605654,198.528111506785,0,157.852515740516,0,0,112.349934713559,300.031143529538,125.416941482916,0,153.876396855887,0,0,0,0,0,173.059382066957,153.672550905948,259.442917595754,226.825099357786,0,0,0,0,0,0,161.74915061469,171.906398392157,214.116367924649,0,111.435629183184
0,204.084074037941,0,0,0,0,0,231.050882209,0,93.5029580098427,224.551207449728,169.453147353278,0,0,0,0,333.645516435298,0,0,110.384905066973,0,0,0,138.425725342224,0,173.059382066957,0,0,220.963068032256,240.185081663983,98.6790043377568,161.302948562323,0,329.719143597451,128.530575464043,118.522099274347,169.742003380707,193.777661225572,289.631679007608,146.814226519809,0
0,0,0,89.707245288964,0,241.57250333243,96.5937438588657,108.381749703452,96.7845769653343,120.912756812582,0,321.124897279917,82.6426202489162,87.8456058929559,0,357.423078228283,211.840482897052,72.2278283150671,283.248188884028,0,192.693757128262,0,163.945208919892,314.611698427915,151.075371308616,153.672550905948,0,0,58.3493451392805,0,155.24952173131,0,0,188.851177466023,154.070293657878,173.538155409849,151.695570509541,180.90030328818,0,136.685314494491,231.715271819474
0,200.878319874537,0,0,0,0,0,194.442125915551,204.481117647118,303.527509149359,0,101.85207633558,255.441154257905,0,0,138.33942793804,0,242.790381480436,115.871357769661,0,0,0,193.659409924573,184.249961885477,151.806152521152,259.442917595754,220.963068032256,58.3493451392805,0,0,0,112.793316814908,0,171.230058197369,93.4234866874731,0,104.915316975638,0,0,106.33736463831,188.936291522747
0,0,0,0,0,0,0,0,0,0,0,0,0,0,0,0,0,0,0,205.183249704085,180.543851962045,0,0,73.1029054543569,0,226.825099357786,240.185081663983,0,0,0,0,0,0,0,345.797434674459,0,139.93285932648,201.44584889478,253.401634605989,101.350815329073,181.316358113209
0,0,0,0,0,0,0,0,0,201.100640800745,0,0,0,0,0,0,0,0,0,0,0,0,0,199.492852797962,0,0,98.6790043377568,155.24952173131,0,0,0,0,0,0,0,0,196.032358954952,82.4756938751058,0,0,0
0,0,0,0,0,0,0,0,0,0,0,0,0,0,162.833808134102,133.218162784108,61.0664810463559,0,0,0,0,0,217.157696745803,135.294330067913,0,0,161.302948562323,0,112.793316814908,0,0,0,0,0,106.533627130087,0,124.853650664477,0,0,208.005106191961,94.126460729827
104.369974912428,0,0,0,0,0,0,0,0,0,0,0,0,0,0,98.2230592632363,0,0,0,0,0,160.537522273714,0,0,0,0,0,0,0,0,0,0,0,0,219.078548227669,0,0,0,0,0,97.5855511246009
0,117.208001126138,66.5008477853491,146.770754374523,224.523755099568,219.430938885781,249.798812580765,119.345624434514,128.846764897717,0,306.344527664232,160.530221557972,0,198.964527389285,94.7529894315991,92.3502314520023,165.597665022977,0,190.185165668632,146.465927798921,101.605593487621,0,0,0,0,0,329.719143597451,188.851177466023,171.230058197369,0,0,0,0,0,67.8267069095267,111.226326353722,192.135034768848,0,228.792310020318,78.9559315574845,141.204637091722
353.822894641502,114.649126378906,0,137.239127032733,221.805809452716,0,0,0,78.8552325762656,335.371040201042,153.453047983244,159.183173818572,0,89.9429017381717,115.541295036174,0,116.054372245433,0,0,161.275817184598,259.055025639447,0,0,0,262.382215657622,0,128.530575464043,154.070293657878,93.4234866874731,345.797434674459,0,106.533627130087,219.078548227669,67.8267069095267,0,62.311273509377,100.812745974529,97.3232815600345,113.144980278377,0,0
0,94.9380989123498,0,0,0,158.567996645797,0,0,0,124.698445421759,97.3506957544063,80.4367166559625,0,0,82.6299537488922,0,0,92.5207898118833,0,0,223.705816669619,227.504408813069,0,197.486504603685,0,0,118.522099274347,173.538155409849,0,0,0,0,0,111.226326353722,62.311273509377,0,81.2827395071039,136.792307586862,209.996727521564,168.241326865882,197.893790332676
225.013371621378,0,0,228.075434767255,321.864157986053,0,202.712457066107,158.955087279859,74.7304794244225,0,191.519780382943,0,320.356811100276,92.5568465385234,99.3508940827211,186.973586461633,0,0,114.511014214502,0,70.4221432298295,71.4788760670054,0,205.839960264176,143.005810983322,161.74915061469,169.742003380707,151.695570509541,104.915316975638,139.93285932648,196.032358954952,124.853650664477,0,192.135034768848,100.812745974529,81.2827395071039,0,192.601533877686,115.114253591495,165.893015276821,309.997227542691
0,0,0,0,89.3673883748406,0,0,73.4795582048751,0,0,193.055010680236,125.994729980093,0,172.608400267715,164.032723165762,0,0,0,206.912707094411,0,338.131802716296,0,236.681907140956,154.142998692322,0,171.906398392157,193.777661225572,180.90030328818,0,201.44584889478,82.4756938751058,0,0,0,97.3232815600345,136.792307586862,192.601533877686,0,0,106.128596538706,133.984214699576
348.674510760064,0,0,0,232.945974238958,195.378266313867,125.81518738273,0,0,0,251.098274723989,0,0,0,0,0,0,0,0,0,139.654362654449,0,0,0,0,214.116367924649,289.631679007608,0,0,253.401634605989,0,0,0,228.792310020318,113.144980278377,209.996727521564,115.114253591495,0,0,249.905610015455,89.1590885155172
0,0,0,0,154.065933476765,112.823430872325,0,0,0,0,75.4497121078207,178.683678585178,0,153.609372090384,0,0,115.868441404982,101.895308036513,215.611029055736,135.667029391615,173.001559092555,90.7216186966914,163.059043292369,173.201474590904,98.417953423071,0,146.814226519809,136.685314494491,106.33736463831,101.350815329073,0,208.005106191961,0,78.9559315574845,0,168.241326865882,165.893015276821,106.128596538706,249.905610015455,0,134.960780198024
0,0,0,0,0,261.440278806413,82.1742780037132,0,137.177378802006,0,0,263.534399241887,0,195.314816908693,0,206.472608421747,0,0,0,261.605527103798,0,0,0,120.567029282014,139.792601838991,111.435629183184,0,231.715271819474,188.936291522747,181.316358113209,0,94.126460729827,97.5855511246009,141.204637091722,0,197.893790332676,309.997227542691,133.984214699576,89.1590885155172,134.960780198024,0
