0,0,0,153.609372090384,0,0,0,0,0,0,0,0,0,0,0,0,0,0,0,212.592150359921,193.659409924573,0,208.005106191961,82.1742780037132,0,0,0,0,0,0,0,0,0,0,0,0,80.4367166559625,0,0,0,0
0,0,0,0,0,115.332064605654,0,0,0,0,0,0,0,173.059382066957,0,0,0,0,180.355266595273,0,0,0,0,348.674510760064,0,0,0,283.88658203332,0,0,0,0,0,0,0,0,133.984214699576,0,0,101.5853655613,0
0,0,0,0,0,0,0,135.667029391615,0,0,0,89.9429017381717,0,0,0,0,0,0,0,0,0,0,0,0,0,0,0,0,89.3673883748406,0,0,0,0,0,0,0,194.442125915551,0,0,104.369974912428,0
153.609372090384,0,0,0,0,0,113.144980278377,0,0,0,0,0,0,0,0,0,0,0,0,217.157696745803,0,211.840482897052,0,186.973586461633,0,329.719143597451,0,93.5029580098427,0,0,0,81.2827395071039,0,70.4221432298295,112.793316814908,0,0,206.912707094411,0,106.533627130087,357.423078228283
0,0,0,0,0,82.6299537488922,0,0,0,0,0,0,0,242.790381480436,0,0,0,0,0,180.543851962045,162.833808134102,0,117.208001126138,0,78.9559315574845,99.2646516363145,131.969743415579,96.5937438588657,0,0,0,109.093416850988,0,169.453147353278,0,155.24952173131,0,0,0,112.823430872325,151.075371308616
0,115.332064605654,0,0,82.6299537488922,0,0,227.504408813069,0,0,104.915316975638,228.792310020318,0,0,0,262.382215657622,0,174.013630695256,0,0,0,0,136.792307586862,0,0,0,158.567996645797,321.124897279917,0,0,0,0,0,0,128.530575464043,220.901129804706,73.4795582048751,0,0,0,187.77054666536
0,0,0,113.144980278377,0,0,0,120.567029282014,142.385058730083,306.344527664232,58.3493451392805,188.851177466023,0,0,0,0,0,0,0,0,0,0,0,0,0,74.7304794244225,0,98.6790043377568,168.241326865882,0,0,0,0,231.715271819474,0,0,228.075434767255,306.640284138334,0,196.032358954952,0
0,0,135.667029391615,0,0,227.504408813069,120.567029282014,0,289.631679007608,178.224497384947,0,0,0,0,0,0,0,81.9664354533492,0,0,0,0,0,0,158.955087279859,94.7529894315991,0,0,222.053792850439,0,253.401634605989,0,0,141.204637091722,153.876396855887,0,0,154.065933476765,241.57250333243,89.1590885155172,199.492852797962
0,0,0,0,0,0,142.385058730083,289.631679007608,0,0,0,0,0,0,0,0,0,0,0,335.371040201042,0,0,146.465927798921,155.901486485736,0,0,0,115.871357769661,93.4234866874731,0,0,0,192.693757128262,92.5568465385234,192.135034768848,0,0,0,0,62.859596780235,0
0,0,0,0,0,0,306.344527664232,178.224497384947,0,0,154.784755881607,0,89.707245288964,150.161410108805,94.126460729827,0,119.345624434514,0,0,0,0,0,240.185081663983,0,0,128.846764897717,178.748963182352,74.5815074003433,0,165.893015276821,184.249961885477,0,0,106.926813611922,224.523755099568,0,0,193.63278243493,138.33942793804,0,238.934743274142
0,0,0,0,0,104.915316975638,58.3493451392805,0,0,154.784755881607,0,0,0,0,101.443495235174,0,263.534399241887,0,0,0,0,0,0,138.425725342224,205.183249704085,0,159.183173818572,198.528111506785,0,101.895308036513,0,0,0,209.996727521564,0,161.325017232684,154.070293657878,180.90030328818,0,236.681907140956,193.055010680236
0,0,89.9429017381717,0,0,228.792310020318,188.851177466023,0,0,0,0,0,0,0,0,108.381749703452,124.853650664477,161.275817184598,0,353.822894641502,300.031143529538,0,0,94.8881692391942,0,177.763106506206,134.566479261133,66.5008477853491,219.078548227669,134.960780198024,0,0,0,103.519938150021,146.814226519809,74.4197823064597,78.8552325762656,160.530221557972,122.106946855269,119.728129215699,0
0,0,0,0,0,0,0,0,0,89.707245288964,0,0,0,232.945974238958,0,0,0,0,0,0,76.5072790361762,0,0,0,0,0,110.384905066973,0,169.742003380707,0,0,0,0,0,0,0,0,224.551207449728,0,0,0
0,173.059382066957,0,0,242.790381480436,0,0,0,0,150.161410108805,0,0,232.945974238958,0,0,0,0,161.74915061469,98.417953423071,0,0,0,269.936825670274,197.893790332676,0,0,0,251.098274723989,241.682021696872,0,0,0,0,247.66948903751,0,320.356811100276,0,204.481117647118,0,201.44584889478,0
0,0,0,0,0,0,0,0,0,94.126460729827,101.443495235174,0,0,0,0,0,0,0,0,0,0,0,333.645516435298,0,0,161.302948562323,100.812745974529,191.519780382943,323.781250289068,0,0,0,0,115.868441404982,283.248188884028,0,120.912756812582,94.9380989123498,0,0,173.001559092555
0,0,0,0,0,262.382215657622,0,0,0,0,0,108.381749703452,0,0,0,0,0,0,0,183.786860782462,0,0,0,0,0,0,101.85207633558,167.066576495979,0,0,97.3506957544063,0,0,0,259.442917595754,116.054372245433,0,82.6426202489162,196.04190773555,0,133.218162784108
0,0,0,0,0,0,0,0,0,119.345624434514,263.534399241887,124.853650664477,0,0,0,0,0,0,0,0,0,0,0,0,0,151.036729364761,0,206.472608421747,125.994729980093,0,0,0,0,0,0,223.705816669619,142.054529471577,0,0,71.4788760670054,173.538155409849
0,0,0,0,0,174.013630695256,0,81.9664354533492,0,0,0,161.275817184598,0,161.74915061469,0,0,0,0,0,0,0,0,0,0,0,114.511014214502,0,136.685314494491,0,0,0,0,195.314816908693,261.605527103798,0,0,261.440278806413,0,0,0,0
0,180.355266595273,0,0,0,0,0,0,0,0,0,0,0,98.417953423071,0,0,0,0,0,0,0,85.6072705949986,0,0,0,0,137.189596148386,101.350815329073,0,137.239127032733,0,303.527509149359,0,173.201474590904,338.131802716296,213.67670887414,151.695570509541,163.059043292369,0,0,0
212.592150359921,0,0,217.157696745803,180.543851962045,0,0,0,335.371040201042,0,0,353.822894641502,0,0,0,183.786860782462,0,0,0,0,0,0,137.177378802006,175.196329314064,0,62.311273509377,0,249.798812580765,0,0,99.3508940827211,84.3635741045246,0,94.7280504127031,97.5855511246009,75.4497121078207,195.378266313867,0,111.435629183184,0,0
193.659409924573,0,0,0,162.833808134102,0,0,0,0,0,0,300.031143529538,76.5072790361762,0,0,0,0,0,0,0,0,0,0,96.7845769653343,0,178.683678585178,200.878319874537,61.0664810463559,0,0,0,0,0,90.7216186966914,115.114253591495,0,82.4756938751058,0,0,345.797434674459,321.864157986053
0,0,0,211.840482897052,0,0,0,0,0,0,0,0,0,0,0,0,0,0,85.6072705949986,0,0,0,0,0,97.3232815600345,0,0,0,139.93285932648,0,252.487290983309,145.74089716123,0,0,151.806152521152,0,124.698445421759,0,0,0,0
208.005106191961,0,0,0,117.208001126138,136.792307586862,0,0,146.465927798921,240.185081663983,0,0,0,269.936825670274,333.645516435298,0,0,0,0,137.177378802006,0,0,0,118.522099274347,0,0,0,0,0,0,0,0,0,197.486504603685,125.416941482916,0,195.822649557859,215.611029055736,172.892533368851,314.611698427915,0
82.1742780037132,348.674510760064,0,186.973586461633,0,0,0,0,155.901486485736,0,138.425725342224,94.8881692391942,0,197.893790332676,0,0,0,0,0,175.196329314064,96.7845769653343,0,118.522099274347,0,0,0,192.601533877686,72.2278283150671,161.694997919804,114.649126378906,0,0,0,0,218.045528847001,255.441154257905,198.964527389285,220.963068032256,0,181.316358113209,0
0,0,0,0,78.9559315574845,0,0,158.955087279859,0,0,205.183249704085,0,0,0,0,0,0,0,0,0,0,97.3232815600345,0,0,0,0,92.5207898118833,0,0,0,0,0,0,186.348837226466,284.529238481835,0,73.1029054543569,153.453047983244,0,164.032723165762,0
0,0,0,329.719143597451,99.2646516363145,0,74.7304794244225,94.7529894315991,0,128.846764897717,0,177.763106506206,0,0,161.302948562323,0,151.036729364761,114.511014214502,0,62.311273509377,178.683678585178,0,0,0,0,0,0,0,0,193.777661225572,0,0,276.620869034647,85.7623170715703,113.059176128709,143.005810983322,172.608400267715,0,204.084074037941,92.3502314520023,94.027247878695
0,0,0,0,131.969743415579,158.567996645797,0,0,0,178.748963182352,159.183173818572,134.566479261133,110.384905066973,0,100.812745974529,101.85207633558,0,0,137.189596148386,0,200.878319874537,0,0,192.601533877686,92.5207898118833,0,0,87.8456058929559,214.116367924649,179.718364159796,0,0,0,71.5579325720569,231.050882209,148.808626413748,225.013371621378,0,0,221.805809452716,0
0,283.88658203332,0,93.5029580098427,96.5937438588657,321.124897279917,98.6790043377568,0,115.871357769661,74.5815074003433,198.528111506785,66.5008477853491,0,251.098274723989,191.519780382943,167.066576495979,206.472608421747,136.685314494491,101.350815329073,249.798812580765,61.0664810463559,0,0,72.2278283150671,0,0,87.8456058929559,0,347.376449530863,0,0,0,0,146.770754374523,190.185165668632,241.635434294794,80.8080171296381,135.294330067913,0,128.405764333981,111.226326353722
0,0,89.3673883748406,0,0,0,168.241326865882,222.053792850439,93.4234866874731,0,0,219.078548227669,169.742003380707,241.682021696872,323.781250289068,0,125.994729980093,0,0,0,0,139.93285932648,0,161.694997919804,0,0,214.116367924649,347.376449530863,0,0,0,202.712457066107,0,171.906398392157,106.128596538706,106.33736463831,160.537522273714,201.100640800745,0,112.349934713559,205.09013266389
0,0,0,0,0,0,0,0,0,165.893015276821,101.895308036513,134.960780198024,0,0,0,0,0,0,137.239127032733,0,0,0,0,114.649126378906,0,193.777661225572,179.718364159796,0,0,0,0,154.142998692322,0,0,0,0,140.574866691684,0,0,90.1317194604647,95.7590805983148
0,0,0,0,0,0,0,253.401634605989,0,184.249961885477,0,0,0,0,0,97.3506957544063,0,0,0,99.3508940827211,0,252.487290983309,0,0,0,0,0,0,0,0,0,0,0,0,0,0,0,0,108.136066660554,0,0
0,0,0,81.2827395071039,109.093416850988,0,0,0,0,0,0,0,0,0,0,0,0,0,303.527509149359,84.3635741045246,0,145.74089716123,0,0,0,0,0,0,202.712457066107,154.142998692322,0,0,0,139.654362654449,280.376028997576,0,171.230058197369,0,309.997227542691,0,0
0,0,0,0,0,0,0,0,192.693757128262,0,0,0,0,0,0,0,0,195.314816908693,0,0,0,0,0,0,0,276.620869034647,0,0,0,0,0,0,0,163.945208919892,0,0,101.605593487621,0,0,0,0
0,0,0,70.4221432298295,169.453147353278,0,231.715271819474,141.204637091722,92.5568465385234,106.926813611922,209.996727521564,103.519938150021,0,247.66948903751,115.868441404982,0,0,261.605527103798,173.201474590904,94.7280504127031,90.7216186966914,0,197.486504603685,0,186.348837226466,85.7623170715703,71.5579325720569,146.770754374523,171.906398392157,0,0,139.654362654449,163.945208919892,0,0,219.430938885781,250.461724766314,0,115.541295036174,0,205.839960264176
0,0,0,112.793316814908,0,128.530575464043,0,153.876396855887,192.135034768848,224.523755099568,0,146.814226519809,0,0,283.248188884028,259.442917595754,0,0,338.131802716296,97.5855511246009,115.114253591495,151.806152521152,125.416941482916,218.045528847001,284.529238481835,113.059176128709,231.050882209,190.185165668632,106.128596538706,0,0,280.376028997576,0,0,0,188.936291522747,151.01089327964,0,325.937289045041,116.176698124939,115.194491798135
0,0,0,0,155.24952173131,220.901129804706,0,0,0,0,161.325017232684,74.4197823064597,0,320.356811100276,0,116.054372245433,223.705816669619,0,213.67670887414,75.4497121078207,0,0,0,255.441154257905,0,143.005810983322,148.808626413748,241.635434294794,106.33736463831,0,0,0,0,219.430938885781,188.936291522747,0,0,259.055025639447,153.672550905948,0,249.905610015455
80.4367166559625,133.984214699576,194.442125915551,0,0,73.4795582048751,228.075434767255,0,0,0,154.070293657878,78.8552325762656,0,0,120.912756812582,0,142.054529471577,261.440278806413,151.695570509541,195.378266313867,82.4756938751058,124.698445421759,195.822649557859,198.964527389285,73.1029054543569,172.608400267715,225.013371621378,80.8080171296381,160.537522273714,140.574866691684,0,171.230058197369,101.605593487621,250.461724766314,151.01089327964,0,0,67.8267069095267,146.99041817625,165.597665022977,226.825099357786
0,0,0,206.912707094411,0,0,306.640284138334,154.065933476765,0,193.63278243493,180.90030328818,160.530221557972,224.551207449728,204.481117647118,94.9380989123498,82.6426202489162,0,0,163.059043292369,0,0,0,215.611029055736,220.963068032256,153.453047983244,0,0,135.294330067913,201.100640800745,0,0,0,0,0,0,259.055025639447,67.8267069095267,0,0,157.852515740516,125.81518738273
0,0,0,0,0,0,0,241.57250333243,0,138.33942793804,0,122.106946855269,0,0,0,196.04190773555,0,0,0,111.435629183184,0,0,172.892533368851,0,0,204.084074037941,0,0,0,0,108.136066660554,309.997227542691,0,115.541295036174,325.937289045041,153.672550905948,146.99041817625,0,0,139.792601838991,98.2230592632363
0,101.5853655613,104.369974912428,106.533627130087,112.823430872325,0,196.032358954952,89.1590885155172,62.859596780235,0,236.681907140956,119.728129215699,0,201.44584889478,0,0,71.4788760670054,0,0,0,345.797434674459,0,314.611698427915,181.316358113209,164.032723165762,92.3502314520023,221.805809452716,128.405764333981,112.349934713559,90.1317194604647,0,0,0,0,116.176698124939,0,165.597665022977,157.852515740516,139.792601838991,0,219.040656038919
0,0,0,357.423078228283,151.075371308616,187.77054666536,0,199.492852797962,0,238.934743274142,193.055010680236,0,0,0,173.001559092555,133.218162784108,173.538155409849,0,0,0,321.864157986053,0,0,0,0,94.027247878695,0,111.226326353722,205.09013266389,95.7590805983148,0,0,0,205.839960264176,115.194491798135,249.905610015455,226.825099357786,125.81518738273,98.2230592632363,219.040656038919,0
