0,0,0,0,0,0,0,0,0,111.226326353722,0,0,0,0,0,0,0,0,0,309.997227542691,0,0,0,0,0,0,0,0,0,117.208001126138,0,0,0,99.3508940827211,0,0,306.640284138334,0,0,200.878319874537,0
0,0,0,0,195.378266313867,0,0,0,0,0,101.350815329073,217.157696745803,0,0,0,0,0,0,0,0,128.530575464043,0,0,0,0,0,0,171.906398392157,0,0,0,0,0,0,180.355266595273,0,0,0,0,73.1029054543569,0
0,0,0,0,0,0,0,0,0,0,0,178.683678585178,0,0,0,0,345.797434674459,0,0,0,0,165.893015276821,0,0,0,0,0,164.032723165762,0,0,0,0,0,0,0,0,0,98.417953423071,0,0,0
0,0,0,0,0,0,0,0,0,347.376449530863,154.142998692322,0,0,0,142.385058730083,186.973586461633,0,0,89.3673883748406,135.294330067913,250.461724766314,0,0,100.812745974529,0,0,0,0,259.442917595754,0,0,0,0,114.511014214502,181.316358113209,0,0,0,0,62.311273509377,280.376028997576
0,195.378266313867,0,0,0,227.504408813069,139.792601838991,191.519780382943,178.224497384947,169.453147353278,0,177.763106506206,0,115.541295036174,0,247.66948903751,0,0,0,160.537522273714,0,0,115.194491798135,0,0,0,112.793316814908,0,0,0,0,0,0,80.8080171296381,241.682021696872,0,0,0,0,0,0
0,0,0,0,227.504408813069,0,232.945974238958,0,0,0,108.136066660554,71.4788760670054,0,211.840482897052,0,0,0,0,158.567996645797,0,0,0,96.7845769653343,0,0,236.681907140956,208.005106191961,90.1317194604647,263.534399241887,0,0,0,0,209.996727521564,0,0,116.176698124939,0,0,0,153.672550905948
0,0,0,0,139.792601838991,232.945974238958,0,0,0,146.99041817625,0,0,0,0,0,0,0,89.1590885155172,0,0,0,0,0,251.098274723989,0,193.777661225572,198.528111506785,92.5568465385234,0,0,0,0,0,0,155.24952173131,0,124.853650664477,111.435629183184,151.075371308616,242.790381480436,0
0,0,0,0,191.519780382943,0,0,0,0,0,82.6299537488922,213.67670887414,0,0,0,0,0,219.040656038919,0,0,0,0,61.0664810463559,205.839960264176,225.013371621378,0,0,94.9380989123498,161.694997919804,98.6790043377568,0,0,0,169.742003380707,120.567029282014,125.416941482916,204.084074037941,161.325017232684,0,0,159.183173818572
0,0,0,0,178.224497384947,0,0,0,0,0,0,0,0,0,139.93285932648,0,0,104.369974912428,0,0,94.8881692391942,0,0,306.344527664232,321.864157986053,194.442125915551,215.611029055736,0,0,0,0,0,0,101.895308036513,0,0,97.3232815600345,0,0,97.3506957544063,0
111.226326353722,0,0,347.376449530863,169.453147353278,0,146.99041817625,0,0,0,0,151.695570509541,95.7590805983148,220.901129804706,0,259.055025639447,0,0,0,0,0,0,276.620869034647,0,0,78.9559315574845,196.04190773555,206.472608421747,325.937289045041,0,0,0,0,0,193.055010680236,0,0,224.523755099568,261.605527103798,161.302948562323,137.177378802006
0,101.350815329073,0,154.142998692322,0,108.136066660554,0,82.6299537488922,0,0,0,0,0,0,0,0,0,0,98.2230592632363,0,0,0,0,0,0,201.44584889478,154.070293657878,94.7529894315991,192.693757128262,0,283.88658203332,94.027247878695,0,120.912756812582,192.135034768848,0,321.124897279917,136.685314494491,101.443495235174,0,0
0,217.157696745803,178.683678585178,0,177.763106506206,71.4788760670054,0,213.67670887414,0,151.695570509541,0,0,0,0,0,219.078548227669,165.597665022977,119.345624434514,0,0,0,0,172.892533368851,197.486504603685,0,0,74.4197823064597,113.144980278377,0,0,172.608400267715,113.059176128709,0,115.871357769661,0,180.543851962045,131.969743415579,0,80.4367166559625,94.126460729827,104.915316975638
0,0,0,0,0,0,0,0,0,95.7590805983148,0,0,0,0,0,0,171.230058197369,0,0,0,0,0,0,134.566479261133,0,0,0,0,92.5207898118833,0,0,0,0,0,82.6426202489162,0,0,0,0,151.01089327964,0
0,0,0,0,115.541295036174,211.840482897052,0,0,0,220.901129804706,0,0,0,0,142.054529471577,0,0,0,0,193.659409924573,0,0,0,0,195.822649557859,0,0,154.784755881607,58.3493451392805,0,0,0,0,62.859596780235,157.852515740516,300.031143529538,283.248188884028,0,0,155.901486485736,97.5855511246009
0,0,0,142.385058730083,0,0,0,0,139.93285932648,0,0,0,0,142.054529471577,0,0,167.066576495979,0,0,0,0,0,0,0,0,115.868441404982,0,178.748963182352,199.492852797962,173.001559092555,0,195.314816908693,0,0,0,0,333.645516435298,0,0,90.7216186966914,151.036729364761
0,0,0,186.973586461633,247.66948903751,0,0,0,0,259.055025639447,0,219.078548227669,0,0,0,0,0,0,223.705816669619,0,0,0,0,116.054372245433,0,101.85207633558,0,0,103.519938150021,0,0,0,0,187.77054666536,0,0,173.538155409849,0,0,0,112.823430872325
0,0,345.797434674459,0,0,0,0,0,0,0,0,165.597665022977,171.230058197369,0,167.066576495979,0,0,0,0,0,0,0,0,0,284.529238481835,0,0,0,240.185081663983,0,0,0,0,67.8267069095267,0,0,75.4497121078207,184.249961885477,0,78.8552325762656,0
0,0,0,0,0,0,89.1590885155172,219.040656038919,104.369974912428,0,0,119.345624434514,0,0,0,0,0,0,0,0,0,0,0,96.5937438588657,0,0,0,0,0,0,0,0,0,228.075434767255,153.876396855887,0,115.332064605654,219.430938885781,0,0,0
0,0,0,89.3673883748406,0,158.567996645797,0,0,0,0,98.2230592632363,0,0,0,0,223.705816669619,0,0,0,0,0,0,0,0,0,188.851177466023,134.960780198024,146.770754374523,0,137.189596148386,0,0,0,93.5029580098427,220.963068032256,0,82.1742780037132,0,0,224.551207449728,0
309.997227542691,0,0,135.294330067913,160.537522273714,0,0,0,0,0,0,0,0,193.659409924573,0,0,0,0,0,0,0,353.822894641502,0,0,0,106.926813611922,0,106.33736463831,183.786860782462,261.440278806413,289.631679007608,0,145.74089716123,226.825099357786,0,150.161410108805,66.5008477853491,241.635434294794,303.527509149359,201.100640800745,0
0,128.530575464043,0,250.461724766314,0,0,0,0,94.8881692391942,0,0,0,0,0,0,0,0,0,0,0,0,0,0,0,206.912707094411,0,0,180.90030328818,87.8456058929559,0,0,0,0,0,106.128596538706,205.09013266389,140.574866691684,204.481117647118,92.3502314520023,106.533627130087,153.453047983244
0,0,165.893015276821,0,0,0,0,0,0,0,0,0,0,0,0,0,0,0,0,353.822894641502,0,0,125.81518738273,119.728129215699,0,0,0,0,0,0,0,0,0,114.649126378906,0,85.7623170715703,93.4234866874731,0,0,214.116367924649,0
0,0,0,0,115.194491798135,96.7845769653343,0,61.0664810463559,0,276.620869034647,0,172.892533368851,0,0,0,0,0,0,0,0,0,125.81518738273,0,0,122.106946855269,0,0,158.955087279859,168.241326865882,0,0,192.601533877686,0,161.74915061469,0,136.792307586862,314.611698427915,221.805809452716,0,0,253.401634605989
0,0,0,100.812745974529,0,0,251.098274723989,205.839960264176,306.344527664232,0,0,197.486504603685,134.566479261133,0,0,116.054372245433,0,96.5937438588657,0,0,0,119.728129215699,0,0,188.936291522747,218.045528847001,162.833808134102,0,0,0,0,72.2278283150671,0,0,85.6072705949986,89.9429017381717,128.846764897717,71.5579325720569,0,143.005810983322,153.609372090384
0,0,0,0,0,0,0,225.013371621378,321.864157986053,0,0,0,0,195.822649557859,0,0,284.529238481835,0,0,0,206.912707094411,0,122.106946855269,188.936291522747,0,74.7304794244225,0,101.605593487621,0,0,0,0,0,0,222.053792850439,0,0,0,0,0,0
0,0,0,0,0,236.681907140956,193.777661225572,0,194.442125915551,78.9559315574845,201.44584889478,0,0,0,115.868441404982,101.85207633558,0,0,188.851177466023,106.926813611922,0,0,0,218.045528847001,74.7304794244225,0,335.371040201042,81.2827395071039,249.905610015455,0,323.781250289068,0,0,0,146.814226519809,125.994729980093,73.4795582048751,0,0,228.792310020318,179.718364159796
0,0,0,0,112.793316814908,208.005106191961,198.528111506785,0,215.611029055736,196.04190773555,154.070293657878,74.4197823064597,0,0,0,0,0,0,134.960780198024,0,0,0,0,162.833808134102,0,335.371040201042,0,0,101.5853655613,0,0,133.984214699576,175.196329314064,0,128.405764333981,148.808626413748,231.050882209,193.63278243493,173.201474590904,338.131802716296,348.674510760064
0,171.906398392157,164.032723165762,0,0,90.1317194604647,92.5568465385234,94.9380989123498,0,206.472608421747,94.7529894315991,113.144980278377,0,154.784755881607,178.748963182352,0,0,0,146.770754374523,106.33736463831,180.90030328818,0,158.955087279859,0,101.605593487621,81.2827395071039,0,0,133.218162784108,89.707245288964,0,262.382215657622,0,197.893790332676,141.204637091722,146.465927798921,84.3635741045246,154.065933476765,76.5072790361762,196.032358954952,163.945208919892
0,0,0,259.442917595754,0,263.534399241887,0,161.694997919804,0,325.937289045041,192.693757128262,0,92.5207898118833,58.3493451392805,199.492852797962,103.519938150021,240.185081663983,0,0,183.786860782462,87.8456058929559,0,168.241326865882,0,0,249.905610015455,101.5853655613,133.218162784108,0,0,0,0,0,108.381749703452,357.423078228283,0,99.2646516363145,118.522099274347,0,137.239127032733,0
117.208001126138,0,0,0,0,0,0,98.6790043377568,0,0,0,0,0,0,173.001559092555,0,0,0,137.189596148386,261.440278806413,0,0,0,0,0,0,0,89.707245288964,0,0,0,198.964527389285,0,186.348837226466,161.275817184598,138.425725342224,329.719143597451,0,0,0,0
0,0,0,0,0,0,0,0,0,0,283.88658203332,172.608400267715,0,0,0,0,0,0,0,289.631679007608,0,0,0,0,0,323.781250289068,0,0,0,0,0,0,0,0,0,135.667029391615,0,0,238.934743274142,0,0
0,0,0,0,0,0,0,0,0,0,94.027247878695,113.059176128709,0,0,195.314816908693,0,0,0,0,0,0,0,192.601533877686,72.2278283150671,0,0,133.984214699576,262.382215657622,0,198.964527389285,0,0,0,0,0,0,249.798812580765,0,269.936825670274,0,94.7280504127031
0,0,0,0,0,0,0,0,0,0,0,0,0,0,0,0,0,0,0,145.74089716123,0,0,0,0,0,0,175.196329314064,0,0,0,0,0,0,320.356811100276,115.114253591495,0,0,0,0,0,212.592150359921
99.3508940827211,0,0,114.511014214502,80.8080171296381,209.996727521564,0,169.742003380707,101.895308036513,0,120.912756812582,115.871357769661,0,62.859596780235,0,187.77054666536,67.8267069095267,228.075434767255,93.5029580098427,226.825099357786,0,114.649126378906,161.74915061469,0,0,0,0,197.893790332676,108.381749703452,186.348837226466,0,0,320.356811100276,0,160.530221557972,0,255.441154257905,82.4756938751058,112.349934713559,138.33942793804,205.183249704085
0,180.355266595273,0,181.316358113209,241.682021696872,0,155.24952173131,120.567029282014,0,193.055010680236,192.135034768848,0,82.6426202489162,157.852515740516,0,0,0,153.876396855887,220.963068032256,0,106.128596538706,0,0,85.6072705949986,222.053792850439,146.814226519809,128.405764333981,141.204637091722,357.423078228283,161.275817184598,0,0,115.114253591495,160.530221557972,0,124.698445421759,81.9664354533492,70.4221432298295,0,174.013630695256,0
0,0,0,0,0,0,0,125.416941482916,0,0,0,180.543851962045,0,300.031143529538,0,0,0,0,0,150.161410108805,205.09013266389,85.7623170715703,136.792307586862,89.9429017381717,0,125.994729980093,148.808626413748,146.465927798921,0,138.425725342224,135.667029391615,0,0,0,124.698445421759,0,74.5815074003433,151.806152521152,241.57250333243,109.093416850988,231.715271819474
306.640284138334,0,0,0,0,116.176698124939,124.853650664477,204.084074037941,97.3232815600345,0,321.124897279917,131.969743415579,0,283.248188884028,333.645516435298,173.538155409849,75.4497121078207,115.332064605654,82.1742780037132,66.5008477853491,140.574866691684,93.4234866874731,314.611698427915,128.846764897717,0,73.4795582048751,231.050882209,84.3635741045246,99.2646516363145,329.719143597451,0,249.798812580765,0,255.441154257905,81.9664354533492,74.5815074003433,0,252.487290983309,202.712457066107,0,163.059043292369
0,0,98.417953423071,0,0,0,111.435629183184,161.325017232684,0,224.523755099568,136.685314494491,0,0,0,0,0,184.249961885477,219.430938885781,0,241.635434294794,204.481117647118,0,221.805809452716,71.5579325720569,0,0,193.63278243493,154.065933476765,118.522099274347,0,0,0,0,82.4756938751058,70.4221432298295,151.806152521152,252.487290983309,0,0,110.384905066973,139.654362654449
0,0,0,0,0,0,151.075371308616,0,0,261.605527103798,101.443495235174,80.4367166559625,0,0,0,0,0,0,0,303.527509149359,92.3502314520023,0,0,0,0,0,173.201474590904,76.5072790361762,0,0,238.934743274142,269.936825670274,0,112.349934713559,0,241.57250333243,202.712457066107,0,0,190.185165668632,173.059382066957
200.878319874537,73.1029054543569,0,62.311273509377,0,0,242.790381480436,0,97.3506957544063,161.302948562323,0,94.126460729827,151.01089327964,155.901486485736,90.7216186966914,0,78.8552325762656,0,224.551207449728,201.100640800745,106.533627130087,214.116367924649,0,143.005810983322,0,228.792310020318,338.131802716296,196.032358954952,137.239127032733,0,0,0,0,138.33942793804,174.013630695256,109.093416850988,0,110.384905066973,190.185165668632,0,0
0,0,0,280.376028997576,0,153.672550905948,0,159.183173818572,0,137.177378802006,0,104.915316975638,0,97.5855511246009,151.036729364761,112.823430872325,0,0,0,0,153.453047983244,0,253.401634605989,153.609372090384,0,179.718364159796,348.674510760064,163.945208919892,0,0,0,94.7280504127031,212.592150359921,205.183249704085,0,231.715271819474,163.059043292369,139.654362654449,173.059382066957,0,0
