0,0,0,146.99041817625,0,0,0,0,0,0,300.031143529538,0,0,0,0,0,0,0,0,98.2230592632363,0,0,0,0,0,0,0,0,0,0,0,106.533627130087,0,0,0,250.461724766314,0,0,0,0,161.694997919804
0,0,0,0,0,0,0,0,0,0,0,193.659409924573,0,98.417953423071,0,249.905610015455,0,0,0,0,0,0,0,0,0,0,0,0,0,0,0,0,0,0,0,276.620869034647,124.853650664477,0,146.814226519809,196.04190773555,0
0,0,0,0,0,0,0,0,0,0,0,0,0,0,0,0,0,0,0,0,0,0,0,0,0,0,62.859596780235,188.936291522747,95.7590805983148,0,0,0,0,0,0,0,78.9559315574845,0,0,133.984214699576,0
146.99041817625,0,0,0,0,0,0,0,0,0,0,0,219.430938885781,0,94.8881692391942,0,0,0,0,173.538155409849,0,0,0,0,97.5855511246009,0,0,0,97.3232815600345,0,0,0,0,157.852515740516,160.530221557972,0,84.3635741045246,82.6299537488922,115.871357769661,240.185081663983,306.344527664232
0,0,0,0,0,0,0,309.997227542691,0,0,0,0,0,0,97.3506957544063,0,0,0,0,161.74915061469,236.681907140956,0,115.541295036174,125.994729980093,0,0,0,231.050882209,223.705816669619,0,0,0,0,74.5815074003433,153.876396855887,0,348.674510760064,221.805809452716,0,89.1590885155172,111.226326353722
0,0,0,0,0,0,162.833808134102,0,0,228.075434767255,128.530575464043,173.001559092555,181.316358113209,0,202.712457066107,0,0,0,0,0,219.040656038919,0,0,168.241326865882,0,0,0,205.183249704085,58.3493451392805,0,0,0,0,137.239127032733,0,0,143.005810983322,174.013630695256,0,165.893015276821,0
0,0,0,0,0,162.833808134102,0,0,0,150.161410108805,96.5937438588657,188.851177466023,0,0,0,0,0,0,0,0,0,255.441154257905,90.1317194604647,0,0,225.013371621378,116.176698124939,0,0,0,0,0,0,0,160.537522273714,0,303.527509149359,204.481117647118,0,114.649126378906,122.106946855269
0,0,0,0,309.997227542691,0,0,0,0,0,0,0,0,0,0,0,101.605593487621,0,0,195.822649557859,197.486504603685,0,0,171.230058197369,0,321.864157986053,165.597665022977,154.142998692322,169.453147353278,0,0,193.055010680236,0,261.605527103798,0,180.543851962045,151.036729364761,347.376449530863,0,104.915316975638,89.9429017381717
0,0,0,0,0,0,0,0,0,89.3673883748406,103.519938150021,205.839960264176,0,0,0,0,0,0,158.567996645797,101.443495235174,0,0,0,0,306.640284138334,0,0,200.878319874537,192.601533877686,0,0,0,0,117.208001126138,0,0,108.136066660554,224.551207449728,0,0,0
0,0,0,0,0,228.075434767255,150.161410108805,0,89.3673883748406,0,0,128.405764333981,0,137.189596148386,0,0,0,196.032358954952,0,0,108.381749703452,0,0,0,0,82.4756938751058,115.868441404982,112.793316814908,201.100640800745,94.7280504127031,0,106.926813611922,0,0,335.371040201042,0,128.846764897717,154.784755881607,93.5029580098427,0,75.4497121078207
300.031143529538,0,0,0,0,128.530575464043,96.5937438588657,0,103.519938150021,0,0,219.078548227669,0,194.442125915551,0,0,0,0,0,0,0,0,0,333.645516435298,0,96.7845769653343,211.840482897052,115.114253591495,113.059176128709,140.574866691684,0,206.472608421747,329.719143597451,193.777661225572,0,193.63278243493,0,0,0,0,0
0,193.659409924573,0,0,0,173.001559092555,188.851177466023,0,205.839960264176,128.405764333981,219.078548227669,0,0,120.912756812582,0,100.812745974529,0,190.185165668632,106.128596538706,0,283.88658203332,0,0,0,178.224497384947,78.8552325762656,338.131802716296,0,154.070293657878,0,0,0,0,135.667029391615,227.504408813069,215.611029055736,148.808626413748,0,145.74089716123,0,259.055025639447
0,0,0,219.430938885781,0,181.316358113209,0,0,0,0,0,0,0,0,0,0,0,0,0,0,0,0,139.654362654449,0,0,0,0,0,0,0,0,0,0,228.792310020318,0,0,0,214.116367924649,0,137.177378802006,0
0,98.417953423071,0,0,0,0,0,0,0,137.189596148386,194.442125915551,120.912756812582,0,0,0,0,0,0,0,0,0,0,0,0,0,0,61.0664810463559,167.066576495979,0,224.523755099568,0,0,0,151.075371308616,289.631679007608,0,120.567029282014,71.5579325720569,320.356811100276,195.378266313867,139.792601838991
0,0,0,94.8881692391942,97.3506957544063,202.712457066107,0,0,0,0,0,0,0,0,0,0,0,0,0,186.348837226466,0,99.3508940827211,71.4788760670054,0,0,0,0,187.77054666536,67.8267069095267,101.5853655613,164.032723165762,0,0,0,178.748963182352,0,208.005106191961,0,0,0,0
0,249.905610015455,0,0,0,0,0,0,0,0,0,100.812745974529,0,0,0,0,0,0,0,0,171.906398392157,0,62.311273509377,0,0,0,232.945974238958,93.4234866874731,0,0,0,0,0,70.4221432298295,66.5008477853491,0,142.054529471577,0,173.201474590904,0,179.718364159796
0,0,0,0,0,0,0,101.605593487621,0,0,0,0,0,0,0,0,0,0,0,177.763106506206,0,0,0,101.895308036513,231.715271819474,198.964527389285,0,0,0,269.936825670274,0,0,74.4197823064597,241.682021696872,161.275817184598,0,0,0,0,0,146.465927798921
0,0,0,0,0,0,0,0,0,196.032358954952,0,190.185165668632,0,0,0,0,0,0,0,80.4367166559625,0,0,0,0,0,0,0,0,0,72.2278283150671,0,218.045528847001,136.685314494491,113.144980278377,0,110.384905066973,133.218162784108,0,0,0,0
0,0,0,0,0,0,0,0,158.567996645797,0,0,106.128596538706,0,0,0,0,0,0,0,161.302948562323,0,0,0,131.969743415579,0,94.126460729827,0,142.385058730083,0,0,0,222.053792850439,0,0,163.945208919892,158.955087279859,81.9664354533492,169.742003380707,0,115.194491798135,0
98.2230592632363,0,0,173.538155409849,161.74915061469,0,0,195.822649557859,101.443495235174,0,0,0,0,0,186.348837226466,0,177.763106506206,80.4367166559625,161.302948562323,0,101.350815329073,226.825099357786,0,0,0,153.609372090384,0,151.806152521152,0,251.098274723989,0,0,0,94.9380989123498,112.823430872325,0,0,0,0,0,136.792307586862
0,0,0,0,236.681907140956,219.040656038919,0,197.486504603685,0,108.381749703452,0,283.88658203332,0,0,0,171.906398392157,0,0,0,101.350815329073,0,0,0,345.797434674459,0,0,111.435629183184,119.728129215699,0,0,0,0,94.027247878695,0,0,0,104.369974912428,0,0,0,151.01089327964
0,0,0,0,0,0,255.441154257905,0,0,0,0,0,0,0,99.3508940827211,0,0,0,0,226.825099357786,0,0,0,183.786860782462,0,0,0,0,0,0,0,0,0,124.698445421759,0,106.33736463831,0,0,0,82.6426202489162,206.912707094411
0,0,0,0,115.541295036174,0,90.1317194604647,0,0,0,0,0,139.654362654449,0,71.4788760670054,62.311273509377,0,0,0,0,0,0,0,0,0,138.425725342224,0,280.376028997576,154.065933476765,0,0,263.534399241887,82.1742780037132,115.332064605654,155.901486485736,0,92.5568465385234,0,0,85.7623170715703,141.204637091722
0,0,0,0,125.994729980093,168.241326865882,0,171.230058197369,0,0,333.645516435298,0,0,0,0,0,101.895308036513,0,131.969743415579,0,345.797434674459,183.786860782462,0,0,0,199.492852797962,134.960780198024,94.7529894315991,325.937289045041,0,0,73.1029054543569,0,89.707245288964,161.325017232684,0,261.440278806413,134.566479261133,146.770754374523,357.423078228283,0
0,0,0,97.5855511246009,0,0,0,0,306.640284138334,0,0,178.224497384947,0,0,0,0,231.715271819474,0,0,0,0,0,0,0,0,0,172.892533368851,139.93285932648,0,0,0,0,0,87.8456058929559,0,125.81518738273,241.635434294794,0,0,321.124897279917,0
0,0,0,0,0,0,225.013371621378,321.864157986053,0,82.4756938751058,96.7845769653343,78.8552325762656,0,0,0,0,198.964527389285,0,94.126460729827,153.609372090384,0,0,138.425725342224,199.492852797962,0,0,238.934743274142,259.442917595754,73.4795582048751,0,192.135034768848,0,0,153.672550905948,0,0,92.5207898118833,205.09013266389,172.608400267715,99.2646516363145,323.781250289068
0,0,62.859596780235,0,0,0,116.176698124939,165.597665022977,0,115.868441404982,211.840482897052,338.131802716296,0,61.0664810463559,0,232.945974238958,0,0,0,0,111.435629183184,0,0,134.960780198024,172.892533368851,238.934743274142,0,204.084074037941,217.157696745803,81.2827395071039,0,0,0,0,314.611698427915,92.3502314520023,0,118.522099274347,192.693757128262,116.054372245433,0
0,0,188.936291522747,0,231.050882209,205.183249704085,0,154.142998692322,200.878319874537,112.793316814908,115.114253591495,0,0,167.066576495979,187.77054666536,93.4234866874731,0,0,142.385058730083,151.806152521152,119.728129215699,0,280.376028997576,94.7529894315991,139.93285932648,259.442917595754,204.084074037941,0,153.453047983244,284.529238481835,138.33942793804,0,0,242.790381480436,180.355266595273,197.893790332676,0,262.382215657622,220.963068032256,125.416941482916,0
0,0,95.7590805983148,97.3232815600345,223.705816669619,58.3493451392805,0,169.453147353278,192.601533877686,201.100640800745,113.059176128709,154.070293657878,0,0,67.8267069095267,0,0,0,0,0,0,0,154.065933476765,325.937289045041,0,73.4795582048751,217.157696745803,153.453047983244,0,0,0,0,0,159.183173818572,178.683678585178,151.695570509541,180.90030328818,0,90.7216186966914,109.093416850988,0
0,0,0,0,0,0,0,0,0,94.7280504127031,140.574866691684,0,0,224.523755099568,101.5853655613,0,269.936825670274,72.2278283150671,0,251.098274723989,0,0,0,0,0,0,81.2827395071039,284.529238481835,0,0,0,0,0,0,0,135.294330067913,283.248188884028,0,0,0,0
0,0,0,0,0,0,0,0,0,0,0,0,0,0,164.032723165762,0,0,0,0,0,0,0,0,0,0,192.135034768848,0,138.33942793804,0,0,0,0,0,0,85.6072705949986,0,173.059382066957,0,0,0,201.44584889478
106.533627130087,0,0,0,0,0,0,193.055010680236,0,106.926813611922,206.472608421747,0,0,0,0,0,0,218.045528847001,222.053792850439,0,0,0,263.534399241887,73.1029054543569,0,0,0,0,0,0,0,0,0,0,114.511014214502,247.66948903751,184.249961885477,0,0,0,0
0,0,0,0,0,0,0,0,0,0,329.719143597451,0,0,0,0,0,74.4197823064597,136.685314494491,0,0,94.027247878695,0,82.1742780037132,0,0,0,0,0,0,0,0,0,0,0,0,0,0,0,0,0,0
0,0,0,157.852515740516,74.5815074003433,137.239127032733,0,261.605527103798,117.208001126138,0,193.777661225572,135.667029391615,228.792310020318,151.075371308616,0,70.4221432298295,241.682021696872,113.144980278377,0,94.9380989123498,0,124.698445421759,115.332064605654,89.707245288964,87.8456058929559,153.672550905948,0,242.790381480436,159.183173818572,0,0,0,0,0,253.401634605989,252.487290983309,241.57250333243,119.345624434514,0,76.5072790361762,80.8080171296381
0,0,0,160.530221557972,153.876396855887,0,160.537522273714,0,0,335.371040201042,0,227.504408813069,0,289.631679007608,178.748963182352,66.5008477853491,161.275817184598,0,163.945208919892,112.823430872325,0,0,155.901486485736,161.325017232684,0,0,314.611698427915,180.355266595273,178.683678585178,0,85.6072705949986,114.511014214502,0,253.401634605989,0,155.24952173131,198.528111506785,353.822894641502,220.901129804706,249.798812580765,112.349934713559
250.461724766314,276.620869034647,0,0,0,0,0,180.543851962045,0,0,193.63278243493,215.611029055736,0,0,0,0,0,110.384905066973,158.955087279859,0,0,106.33736463831,0,0,125.81518738273,0,92.3502314520023,197.893790332676,151.695570509541,135.294330067913,0,247.66948903751,0,252.487290983309,155.24952173131,0,175.196329314064,98.6790043377568,0,74.7304794244225,0
0,124.853650664477,78.9559315574845,84.3635741045246,348.674510760064,143.005810983322,303.527509149359,151.036729364761,108.136066660554,128.846764897717,0,148.808626413748,0,120.567029282014,208.005106191961,142.054529471577,0,133.218162784108,81.9664354533492,0,104.369974912428,0,92.5568465385234,261.440278806413,241.635434294794,92.5207898118833,0,0,180.90030328818,283.248188884028,173.059382066957,184.249961885477,0,241.57250333243,198.528111506785,175.196329314064,0,0,163.059043292369,101.85207633558,191.519780382943
0,0,0,82.6299537488922,221.805809452716,174.013630695256,204.481117647118,347.376449530863,224.551207449728,154.784755881607,0,0,214.116367924649,71.5579325720569,0,0,0,0,169.742003380707,0,0,0,0,134.566479261133,0,205.09013266389,118.522099274347,262.382215657622,0,0,0,0,0,119.345624434514,353.822894641502,98.6790043377568,0,0,186.973586461633,195.314816908693,209.996727521564
0,146.814226519809,0,115.871357769661,0,0,0,0,0,93.5029580098427,0,145.74089716123,0,320.356811100276,0,173.201474590904,0,0,0,0,0,0,0,146.770754374523,0,172.608400267715,192.693757128262,220.963068032256,90.7216186966914,0,0,0,0,0,220.901129804706,0,163.059043292369,186.973586461633,0,213.67670887414,0
0,196.04190773555,133.984214699576,240.185081663983,89.1590885155172,165.893015276821,114.649126378906,104.915316975638,0,0,0,0,137.177378802006,195.378266313867,0,0,0,0,115.194491798135,0,0,82.6426202489162,85.7623170715703,357.423078228283,321.124897279917,99.2646516363145,116.054372245433,125.416941482916,109.093416850988,0,0,0,0,76.5072790361762,249.798812580765,74.7304794244225,101.85207633558,195.314816908693,213.67670887414,0,212.592150359921
161.694997919804,0,0,306.344527664232,111.226326353722,0,122.106946855269,89.9429017381717,0,75.4497121078207,0,259.055025639447,0,139.792601838991,0,179.718364159796,146.465927798921,0,0,136.792307586862,151.01089327964,206.912707094411,141.204637091722,0,0,323.781250289068,0,0,0,0,201.44584889478,0,0,80.8080171296381,112.349934713559,0,191.519780382943,209.996727521564,0,212.592150359921,0
