0,0,0,0,0,0,0,0,0,196.032358954952,0,0,0,0,0,0,0,0,0,106.926813611922,321.864157986053,0,0,0,0,0,0,0,253.401634605989,0,0,0,0,0,0,0,0,0,115.194491798135,113.144980278377,0
0,0,0,0,197.893790332676,0,0,0,119.728129215699,333.645516435298,0,0,0,0,0,0,0,0,0,0,0,323.781250289068,0,0,0,0,0,78.8552325762656,0,0,0,202.712457066107,0,172.892533368851,0,0,0,0,0,0,0
0,0,0,219.040656038919,0,0,0,97.5855511246009,0,0,0,0,0,0,0,0,0,0,0,0,0,0,0,0,0,0,0,0,0,0,0,0,0,0,134.960780198024,151.036729364761,173.059382066957,0,0,0,0
0,0,219.040656038919,0,0,0,161.302948562323,0,0,0,0,116.176698124939,0,0,0,0,62.311273509377,0,71.4788760670054,85.6072705949986,0,0,92.3502314520023,148.808626413748,0,0,146.465927798921,160.530221557972,0,0,0,0,0,93.4234866874731,186.973586461633,0,206.472608421747,0,0,0,0
0,197.893790332676,0,0,0,0,188.851177466023,0,0,0,0,195.378266313867,0,0,0,206.912707094411,0,197.486504603685,151.075371308616,0,0,0,0,154.070293657878,92.5568465385234,232.945974238958,0,0,0,0,180.543851962045,0,0,212.592150359921,100.812745974529,0,98.6790043377568,0,0,0,104.369974912428
0,0,0,0,0,0,0,78.9559315574845,0,0,193.63278243493,0,0,94.027247878695,0,0,0,0,0,153.609372090384,71.5579325720569,0,89.3673883748406,0,0,0,82.6426202489162,241.635434294794,0,0,0,0,0,125.994729980093,205.839960264176,306.344527664232,111.226326353722,0,192.693757128262,118.522099274347,0
0,0,0,161.302948562323,188.851177466023,0,0,112.793316814908,0,0,0,0,0,0,0,161.325017232684,0,150.161410108805,0,0,175.196329314064,0,0,67.8267069095267,0,0,0,124.698445421759,0,0,0,0,0,0,196.04190773555,0,82.1742780037132,81.2827395071039,209.996727521564,261.440278806413,0
0,0,97.5855511246009,0,0,78.9559315574845,112.793316814908,0,0,0,0,0,0,0,178.683678585178,0,0,0,0,283.248188884028,0,0,106.533627130087,0,0,137.177378802006,224.523755099568,231.715271819474,0,87.8456058929559,159.183173818572,0,0,143.005810983322,221.805809452716,0,0,0,99.2646516363145,172.608400267715,99.3508940827211
0,119.728129215699,0,0,0,0,0,0,0,220.901129804706,0,0,0,131.969743415579,122.106946855269,0,0,0,0,0,84.3635741045246,0,0,155.901486485736,0,0,154.065933476765,0,146.814226519809,0,0,0,0,0,0,81.9664354533492,94.126460729827,0,184.249961885477,0,0
196.032358954952,333.645516435298,0,0,0,0,0,0,220.901129804706,0,137.239127032733,160.537522273714,0,187.77054666536,153.876396855887,0,0,115.541295036174,158.955087279859,0,0,93.5029580098427,0,90.7216186966914,169.742003380707,0,146.99041817625,0,80.4367166559625,0,0,0,0,347.376449530863,0,101.895308036513,0,171.906398392157,0,112.823430872325,0
0,0,0,0,0,193.63278243493,0,0,0,137.239127032733,0,0,190.185165668632,357.423078228283,0,61.0664810463559,0,151.695570509541,119.345624434514,0,0,204.481117647118,0,0,0,82.6299537488922,338.131802716296,236.681907140956,0,0,0,0,0,94.9380989123498,97.3232815600345,0,62.859596780235,0,0,171.230058197369,173.538155409849
0,0,0,116.176698124939,195.378266313867,0,0,0,0,160.537522273714,0,0,0,255.441154257905,0,218.045528847001,303.527509149359,0,96.5937438588657,178.224497384947,335.371040201042,0,0,115.868441404982,111.435629183184,80.8080171296381,192.601533877686,201.44584889478,193.777661225572,0,133.984214699576,0,0,0,138.33942793804,85.7623170715703,151.806152521152,284.529238481835,0,163.945208919892,0
0,0,0,0,0,0,0,0,0,0,190.185165668632,0,0,0,0,0,0,0,0,0,0,0,183.786860782462,0,0,0,0,262.382215657622,0,0,0,0,0,0,0,0,134.566479261133,0,0,223.705816669619,128.405764333981
0,0,0,0,0,94.027247878695,0,0,131.969743415579,187.77054666536,357.423078228283,255.441154257905,0,0,0,0,0,0,0,96.7845769653343,0,0,0,161.275817184598,0,0,173.201474590904,348.674510760064,0,0,0,0,0,153.672550905948,74.5815074003433,141.204637091722,0,163.059043292369,0,259.055025639447,0
0,0,0,0,0,0,0,178.683678585178,122.106946855269,153.876396855887,0,0,0,0,0,0,0,0,0,0,0,128.846764897717,0,0,0,90.1317194604647,165.597665022977,0,186.348837226466,0,0,0,0,137.189596148386,139.93285932648,58.3493451392805,179.718364159796,0,0,325.937289045041,0
0,0,0,0,206.912707094411,0,161.325017232684,0,0,0,61.0664810463559,218.045528847001,0,0,0,0,0,0,0,0,0,0,0,0,0,164.032723165762,0,135.667029391615,120.567029282014,0,0,0,0,94.7280504127031,0,0,117.208001126138,154.784755881607,200.878319874537,0,0
0,0,0,62.311273509377,0,0,0,0,0,0,0,303.527509149359,0,0,0,0,0,82.4756938751058,0,115.332064605654,0,0,0,0,0,0,0,205.09013266389,0,0,0,0,0,201.100640800745,0,108.136066660554,95.7590805983148,238.934743274142,0,241.682021696872,0
0,0,0,0,197.486504603685,0,150.161410108805,0,0,115.541295036174,151.695570509541,0,0,0,0,0,82.4756938751058,0,0,0,219.430938885781,0,0,0,0,0,320.356811100276,0,309.997227542691,0,0,0,0,193.055010680236,0,0,0,0,0,0,0
0,0,0,71.4788760670054,151.075371308616,0,0,0,0,158.955087279859,119.345624434514,96.5937438588657,0,0,0,0,0,0,0,0,217.157696745803,0,0,0,0,138.425725342224,0,167.066576495979,0,0,0,251.098274723989,0,0,0,0,112.349934713559,136.685314494491,0,0,211.840482897052
106.926813611922,0,0,85.6072705949986,0,153.609372090384,0,283.248188884028,0,0,0,178.224497384947,0,96.7845769653343,0,0,115.332064605654,0,0,0,213.67670887414,0,169.453147353278,115.871357769661,0,161.74915061469,0,114.511014214502,0,0,0,151.01089327964,0,0,193.659409924573,353.822894641502,208.005106191961,0,0,0,155.24952173131
321.864157986053,0,0,0,0,71.5579325720569,175.196329314064,0,84.3635741045246,0,0,335.371040201042,0,0,0,0,0,219.430938885781,217.157696745803,213.67670887414,0,0,0,0,0,0,0,89.9429017381717,0,0,0,0,0,314.611698427915,222.053792850439,0,0,205.183249704085,0,0,192.135034768848
0,323.781250289068,0,0,0,0,0,0,0,93.5029580098427,204.481117647118,0,0,0,128.846764897717,0,0,0,0,0,0,0,0,0,0,0,0,146.770754374523,227.504408813069,0,0,114.649126378906,0,0,0,0,0,0,0,0,241.57250333243
0,0,0,92.3502314520023,0,89.3673883748406,0,106.533627130087,0,0,0,0,183.786860782462,0,0,0,0,0,0,169.453147353278,0,0,0,0,0,125.81518738273,0,0,247.66948903751,283.88658203332,74.7304794244225,0,0,226.825099357786,139.654362654449,113.059176128709,97.3506957544063,116.054372245433,0,0,168.241326865882
0,0,0,148.808626413748,154.070293657878,0,67.8267069095267,0,155.901486485736,90.7216186966914,0,115.868441404982,0,161.275817184598,0,0,0,0,0,115.871357769661,0,0,0,0,0,0,157.852515740516,142.385058730083,180.355266595273,180.90030328818,0,0,0,89.707245288964,198.528111506785,219.078548227669,120.912756812582,0,66.5008477853491,252.487290983309,306.640284138334
0,0,0,0,92.5568465385234,0,0,0,0,169.742003380707,0,111.435629183184,0,0,0,0,0,0,0,0,0,0,0,0,0,249.798812580765,173.001559092555,0,0,0,0,0,0,0,161.694997919804,0,198.964527389285,104.915316975638,195.314816908693,139.792601838991,0
0,0,0,0,232.945974238958,0,0,137.177378802006,0,0,82.6299537488922,80.8080171296381,0,0,90.1317194604647,164.032723165762,0,0,138.425725342224,161.74915061469,0,0,125.81518738273,0,249.798812580765,0,300.031143529538,70.4221432298295,101.443495235174,0,0,177.763106506206,178.748963182352,136.792307586862,215.611029055736,0,76.5072790361762,0,0,261.605527103798,188.936291522747
0,0,0,146.465927798921,0,82.6426202489162,0,224.523755099568,154.065933476765,146.99041817625,338.131802716296,192.601533877686,0,173.201474590904,165.597665022977,0,0,320.356811100276,0,0,0,0,0,157.852515740516,173.001559092555,300.031143529538,0,0,0,0,0,0,174.013630695256,153.453047983244,0,98.417953423071,263.534399241887,73.1029054543569,321.124897279917,0,269.936825670274
0,78.8552325762656,0,160.530221557972,0,241.635434294794,124.698445421759,231.715271819474,0,0,236.681907140956,201.44584889478,262.382215657622,348.674510760064,0,135.667029391615,205.09013266389,0,167.066576495979,114.511014214502,89.9429017381717,146.770754374523,0,142.385058730083,0,70.4221432298295,0,0,195.822649557859,109.093416850988,135.294330067913,228.075434767255,242.790381480436,0,140.574866691684,103.519938150021,133.218162784108,0,101.85207633558,125.416941482916,0
253.401634605989,0,0,0,0,0,0,0,146.814226519809,80.4367166559625,0,193.777661225572,0,0,186.348837226466,120.567029282014,0,309.997227542691,0,0,0,227.504408813069,247.66948903751,180.355266595273,0,101.443495235174,0,195.822649557859,0,194.442125915551,0,154.142998692322,204.084074037941,106.128596538706,240.185081663983,0,162.833808134102,145.74089716123,0,124.853650664477,98.2230592632363
0,0,0,0,0,0,0,87.8456058929559,0,0,0,0,0,0,0,0,0,0,0,0,0,0,283.88658203332,180.90030328818,0,0,0,109.093416850988,194.442125915551,0,0,0,0,0,92.5207898118833,225.013371621378,101.5853655613,329.719143597451,0,276.620869034647,280.376028997576
0,0,0,0,180.543851962045,0,0,159.183173818572,0,0,0,133.984214699576,0,0,0,0,0,0,0,0,0,0,74.7304794244225,0,0,0,0,135.294330067913,0,0,0,0,0,0,0,0,0,0,0,94.8881692391942,0
0,202.712457066107,0,0,0,0,0,0,0,0,0,0,0,0,0,0,0,0,251.098274723989,151.01089327964,0,114.649126378906,0,0,0,177.763106506206,0,228.075434767255,154.142998692322,0,0,0,0,106.33736463831,73.4795582048751,0,249.905610015455,0,0,0,191.519780382943
0,0,0,0,0,0,0,0,0,0,0,0,0,0,0,0,0,0,0,0,0,0,0,0,0,178.748963182352,174.013630695256,242.790381480436,204.084074037941,0,0,0,0,0,0,0,0,0,0,214.116367924649,0
0,172.892533368851,0,93.4234866874731,212.592150359921,125.994729980093,0,143.005810983322,0,347.376449530863,94.9380989123498,0,0,153.672550905948,137.189596148386,94.7280504127031,201.100640800745,193.055010680236,0,0,314.611698427915,0,226.825099357786,89.707245288964,0,136.792307586862,153.453047983244,0,106.128596538706,0,0,106.33736463831,0,0,224.551207449728,110.384905066973,220.963068032256,165.893015276821,142.054529471577,345.797434674459,158.567996645797
0,0,134.960780198024,186.973586461633,100.812745974529,205.839960264176,196.04190773555,221.805809452716,0,0,97.3232815600345,138.33942793804,0,74.5815074003433,139.93285932648,0,0,0,0,193.659409924573,222.053792850439,0,139.654362654449,198.528111506785,161.694997919804,215.611029055736,0,140.574866691684,240.185081663983,92.5207898118833,0,73.4795582048751,0,224.551207449728,0,0,74.4197823064597,228.792310020318,181.316358113209,101.605593487621,0
0,0,151.036729364761,0,0,306.344527664232,0,0,81.9664354533492,101.895308036513,0,85.7623170715703,0,141.204637091722,58.3493451392805,0,108.136066660554,0,0,353.822894641502,0,0,113.059176128709,219.078548227669,0,0,98.417953423071,103.519938150021,0,225.013371621378,0,0,0,110.384905066973,0,0,199.492852797962,231.050882209,0,101.350815329073,259.442917595754
0,0,173.059382066957,206.472608421747,98.6790043377568,111.226326353722,82.1742780037132,0,94.126460729827,0,62.859596780235,151.806152521152,134.566479261133,0,179.718364159796,117.208001126138,95.7590805983148,0,112.349934713559,208.005106191961,0,0,97.3506957544063,120.912756812582,198.964527389285,76.5072790361762,263.534399241887,133.218162784108,162.833808134102,101.5853655613,0,249.905610015455,0,220.963068032256,74.4197823064597,199.492852797962,0,89.1590885155172,108.381749703452,72.2278283150671,128.530575464043
0,0,0,0,0,0,81.2827395071039,0,0,171.906398392157,0,284.529238481835,0,163.059043292369,0,154.784755881607,238.934743274142,0,136.685314494491,0,205.183249704085,0,116.054372245433,0,104.915316975638,0,73.1029054543569,0,145.74089716123,329.719143597451,0,0,0,165.893015276821,228.792310020318,231.050882209,89.1590885155172,0,289.631679007608,94.7529894315991,115.114253591495
115.194491798135,0,0,0,0,192.693757128262,209.996727521564,99.2646516363145,184.249961885477,0,0,0,0,0,0,200.878319874537,0,0,0,0,0,0,0,66.5008477853491,195.314816908693,0,321.124897279917,101.85207633558,0,0,0,0,0,142.054529471577,181.316358113209,0,108.381749703452,289.631679007608,0,0,75.4497121078207
113.144980278377,0,0,0,0,118.522099274347,261.440278806413,172.608400267715,0,112.823430872325,171.230058197369,163.945208919892,223.705816669619,259.055025639447,325.937289045041,0,241.682021696872,0,0,0,0,0,0,252.487290983309,139.792601838991,261.605527103798,0,125.416941482916,124.853650664477,276.620869034647,94.8881692391942,0,214.116367924649,345.797434674459,101.605593487621,101.350815329073,72.2278283150671,94.7529894315991,0,0,250.461724766314
0,0,0,0,104.369974912428,0,0,99.3508940827211,0,0,173.538155409849,0,128.405764333981,0,0,0,0,0,211.840482897052,155.24952173131,192.135034768848,241.57250333243,168.241326865882,306.640284138334,0,188.936291522747,269.936825670274,0,98.2230592632363,280.376028997576,0,191.519780382943,0,158.567996645797,0,259.442917595754,128.530575464043,115.114253591495,75.4497121078207,250.461724766314,0
