0,0,0,0,0,0,0,0,0,0,0,303.527509149359,0,0,0,0,0,0,0,0,0,0,0,98.6790043377568,0,0,0,0,0,0,0,0,0,0,112.349934713559,0,101.5853655613,250.461724766314,0,0,153.453047983244
0,0,0,0,0,0,0,0,0,0,0,0,0,0,0,0,0,0,0,0,0,172.892533368851,0,0,0,259.055025639447,0,158.567996645797,238.934743274142,0,0,165.597665022977,0,177.763106506206,0,0,323.781250289068,0,0,0,0
0,0,0,0,0,0,0,0,0,0,0,0,0,0,0,0,0,0,0,0,0,0,0,0,0,0,0,214.116367924649,146.465927798921,0,0,0,0,178.683678585178,0,0,145.74089716123,0,0,101.350815329073,0
0,0,0,0,0,0,220.901129804706,179.718364159796,0,0,180.355266595273,0,0,0,231.715271819474,0,188.936291522747,0,0,0,0,0,0,0,0,0,106.128596538706,133.984214699576,158.955087279859,0,0,0,0,82.1742780037132,223.705816669619,109.093416850988,106.33736463831,0,81.9664354533492,0,0
0,0,0,0,0,0,0,0,0,0,198.964527389285,0,74.4197823064597,62.311273509377,0,0,0,0,186.973586461633,122.106946855269,0,136.792307586862,0,113.059176128709,97.3232815600345,112.793316814908,0,0,173.059382066957,0,224.551207449728,0,0,192.693757128262,0,0,128.530575464043,0,0,0,146.770754374523
0,0,0,0,0,0,81.2827395071039,70.4221432298295,241.635434294794,0,0,0,0,0,0,0,0,0,142.385058730083,0,0,0,253.401634605989,0,0,0,0,139.792601838991,0,165.893015276821,115.332064605654,0,0,174.013630695256,161.302948562323,247.66948903751,217.157696745803,280.376028997576,0,110.384905066973,0
0,0,0,220.901129804706,0,81.2827395071039,0,206.912707094411,0,82.6299537488922,0,204.481117647118,0,0,0,151.695570509541,0,0,0,113.144980278377,0,0,0,0,0,0,173.538155409849,0,0,155.901486485736,0,0,0,94.9380989123498,0,133.218162784108,0,146.814226519809,0,73.1029054543569,0
0,0,0,179.718364159796,0,70.4221432298295,206.912707094411,0,345.797434674459,0,114.511014214502,0,0,0,0,0,200.878319874537,0,92.5207898118833,151.806152521152,0,0,0,151.075371308616,0,205.839960264176,101.605593487621,180.543851962045,0,0,240.185081663983,188.851177466023,0,61.0664810463559,0,0,0,0,97.5855511246009,0,0
0,0,0,0,0,241.635434294794,0,345.797434674459,0,0,0,0,0,0,125.81518738273,0,0,0,0,0,0,0,196.032358954952,0,0,0,108.136066660554,154.070293657878,0,0,0,82.6426202489162,0,173.001559092555,151.01089327964,0,0,134.566479261133,0,204.084074037941,0
0,0,0,0,0,0,82.6299537488922,0,0,0,0,0,0,0,0,0,0,0,0,128.405764333981,259.442917595754,74.7304794244225,218.045528847001,137.239127032733,120.912756812582,269.936825670274,143.005810983322,184.249961885477,202.712457066107,111.226326353722,0,262.382215657622,0,0,0,0,249.905610015455,213.67670887414,164.032723165762,163.945208919892,219.040656038919
0,0,0,180.355266595273,198.964527389285,0,0,114.511014214502,0,0,0,85.7623170715703,0,180.90030328818,80.4367166559625,193.055010680236,0,125.994729980093,0,0,85.6072705949986,0,0,0,219.430938885781,0,94.7529894315991,0,161.275817184598,0,0,0,0,335.371040201042,0,0,251.098274723989,92.3502314520023,0,94.8881692391942,0
303.527509149359,0,0,0,0,0,204.481117647118,0,0,0,85.7623170715703,0,0,0,119.728129215699,116.054372245433,263.534399241887,289.631679007608,0,66.5008477853491,62.859596780235,0,119.345624434514,201.44584889478,0,325.937289045041,0,115.871357769661,300.031143529538,0,0,224.523755099568,0,92.5568465385234,94.7280504127031,74.5815074003433,89.1590885155172,0,0,276.620869034647,137.189596148386
0,0,0,0,74.4197823064597,0,0,0,0,0,0,0,0,0,0,0,0,0,0,0,0,0,0,0,0,0,0,87.8456058929559,0,0,0,0,0,99.3508940827211,226.825099357786,108.381749703452,115.194491798135,0,0,0,0
0,0,0,0,62.311273509377,0,0,0,0,0,180.90030328818,0,0,0,0,0,115.114253591495,193.659409924573,0,236.681907140956,0,0,171.230058197369,146.99041817625,0,0,101.85207633558,0,0,175.196329314064,199.492852797962,0,0,205.183249704085,0,0,168.241326865882,0,0,178.748963182352,309.997227542691
0,0,0,231.715271819474,0,0,0,0,125.81518738273,0,80.4367166559625,119.728129215699,0,0,0,161.74915061469,0,0,0,0,0,0,0,0,0,0,82.4756938751058,0,131.969743415579,0,0,0,0,0,96.5937438588657,93.5029580098427,201.100640800745,232.945974238958,0,151.036729364761,0
0,0,0,0,0,0,151.695570509541,0,0,0,193.055010680236,116.054372245433,0,0,161.74915061469,0,0,0,0,0,357.423078228283,0,0,0,0,0,284.529238481835,178.224497384947,0,0,0,0,0,138.33942793804,0,98.2230592632363,80.8080171296381,329.719143597451,0,0,0
0,0,0,188.936291522747,0,0,0,200.878319874537,0,0,0,263.534399241887,0,115.114253591495,0,0,0,0,0,75.4497121078207,0,0,0,215.611029055736,0,222.053792850439,106.533627130087,0,0,0,0,0,0,0,0,0,0,0,0,183.786860782462,192.601533877686
0,0,0,0,0,0,0,0,0,0,125.994729980093,289.631679007608,0,193.659409924573,0,0,0,0,0,0,0,0,314.611698427915,120.567029282014,0,0,0,153.609372090384,191.519780382943,0,0,0,0,0,101.895308036513,0,211.840482897052,0,0,0,0
0,0,0,0,186.973586461633,142.385058730083,0,92.5207898118833,0,0,0,0,0,0,0,0,0,0,0,0,0,0,353.822894641502,333.645516435298,0,255.441154257905,0,0,193.63278243493,0,0,112.823430872325,0,0,261.605527103798,134.960780198024,0,0,0,111.435629183184,89.3673883748406
0,0,0,0,122.106946855269,0,113.144980278377,151.806152521152,0,128.405764333981,0,66.5008477853491,0,236.681907140956,0,0,75.4497121078207,0,0,0,186.348837226466,0,0,172.608400267715,0,0,0,190.185165668632,306.640284138334,0,0,0,0,135.294330067913,103.519938150021,209.996727521564,0,90.1317194604647,124.853650664477,0,100.812745974529
0,0,0,0,0,0,0,0,0,259.442917595754,85.6072705949986,62.859596780235,0,0,0,357.423078228283,0,0,0,186.348837226466,0,0,0,0,154.065933476765,98.417953423071,0,67.8267069095267,0,0,0,0,0,0,138.425725342224,0,160.530221557972,153.876396855887,0,114.649126378906,89.707245288964
0,172.892533368851,0,0,136.792307586862,0,0,0,0,74.7304794244225,0,0,0,0,0,0,0,0,0,0,0,0,0,261.440278806413,0,0,0,0,94.126460729827,0,0,0,0,0,338.131802716296,0,193.777661225572,0,71.4788760670054,0,0
0,0,0,0,0,253.401634605989,0,0,196.032358954952,218.045528847001,0,119.345624434514,0,171.230058197369,0,0,0,314.611698427915,353.822894641502,0,0,0,0,0,0,0,115.868441404982,96.7845769653343,0,0,0,0,0,101.443495235174,153.672550905948,116.176698124939,241.57250333243,58.3493451392805,0,348.674510760064,0
98.6790043377568,0,0,0,113.059176128709,0,0,151.075371308616,0,137.239127032733,0,201.44584889478,0,146.99041817625,0,0,215.611029055736,120.567029282014,333.645516435298,172.608400267715,0,261.440278806413,0,0,0,241.682021696872,0,94.027247878695,0,163.059043292369,0,0,194.442125915551,73.4795582048751,0,169.742003380707,227.504408813069,0,0,0,135.667029391615
0,0,0,0,97.3232815600345,0,0,0,0,120.912756812582,219.430938885781,0,0,0,0,0,0,0,0,0,154.065933476765,0,0,0,0,154.784755881607,0,0,0,0,0,0,142.054529471577,0,173.201474590904,0,125.416941482916,0,71.5579325720569,197.486504603685,0
0,259.055025639447,0,0,112.793316814908,0,0,205.839960264176,0,269.936825670274,0,325.937289045041,0,0,0,0,222.053792850439,0,255.441154257905,0,98.417953423071,0,0,241.682021696872,154.784755881607,0,97.3506957544063,347.376449530863,0,89.9429017381717,148.808626413748,0,231.050882209,283.248188884028,93.4234866874731,0,0,169.453147353278,212.592150359921,0,118.522099274347
0,0,0,106.128596538706,0,0,173.538155409849,101.605593487621,108.136066660554,143.005810983322,94.7529894315991,0,0,101.85207633558,82.4756938751058,284.529238481835,106.533627130087,0,0,0,0,0,115.868441404982,0,0,97.3506957544063,0,161.325017232684,128.846764897717,0,0,0,0,167.066576495979,0,117.208001126138,225.013371621378,157.852515740516,0,154.142998692322,104.369974912428
0,158.567996645797,214.116367924649,133.984214699576,0,139.792601838991,0,180.543851962045,154.070293657878,184.249961885477,0,115.871357769661,87.8456058929559,0,0,178.224497384947,0,153.609372090384,0,190.185165668632,67.8267069095267,0,96.7845769653343,94.027247878695,0,347.376449530863,161.325017232684,0,0,106.926813611922,0,155.24952173131,0,228.792310020318,306.344527664232,197.893790332676,161.694997919804,321.124897279917,195.378266313867,139.654362654449,321.864157986053
0,238.934743274142,146.465927798921,158.955087279859,173.059382066957,0,0,0,0,202.712457066107,161.275817184598,300.031143529538,0,0,131.969743415579,0,0,191.519780382943,193.63278243493,306.640284138334,0,94.126460729827,0,0,0,0,128.846764897717,0,0,0,0,150.161410108805,206.472608421747,136.685314494491,140.574866691684,0,198.528111506785,124.698445421759,221.805809452716,249.798812580765,0
0,0,0,0,0,165.893015276821,155.901486485736,0,0,111.226326353722,0,0,0,175.196329314064,0,0,0,0,0,0,0,0,0,163.059043292369,0,89.9429017381717,0,106.926813611922,0,0,0,0,0,0,195.314816908693,0,0,181.316358113209,0,196.04190773555,208.005106191961
0,0,0,0,224.551207449728,115.332064605654,0,240.185081663983,0,0,0,0,0,199.492852797962,0,0,0,0,0,0,0,0,0,0,0,148.808626413748,0,0,0,0,0,0,0,0,0,0,72.2278283150671,0,0,0,0
0,165.597665022977,0,0,0,0,0,188.851177466023,82.6426202489162,262.382215657622,0,224.523755099568,0,0,0,0,0,0,112.823430872325,0,0,0,0,0,0,0,0,155.24952173131,150.161410108805,0,0,0,0,0,0,162.833808134102,228.075434767255,0,0,115.541295036174,0
0,0,0,0,0,0,0,0,0,0,0,0,0,0,0,0,0,0,0,0,0,0,0,194.442125915551,142.054529471577,231.050882209,0,0,206.472608421747,0,0,0,0,0,0,0,0,0,0,0,320.356811100276
0,177.763106506206,178.683678585178,82.1742780037132,192.693757128262,174.013630695256,94.9380989123498,61.0664810463559,173.001559092555,0,335.371040201042,92.5568465385234,99.3508940827211,205.183249704085,0,138.33942793804,0,0,0,135.294330067913,0,0,101.443495235174,73.4795582048751,0,283.248188884028,167.066576495979,228.792310020318,136.685314494491,0,0,0,0,0,242.790381480436,99.2646516363145,137.177378802006,0,220.963068032256,76.5072790361762,139.93285932648
112.349934713559,0,0,223.705816669619,0,161.302948562323,0,0,151.01089327964,0,0,94.7280504127031,226.825099357786,0,96.5937438588657,0,0,101.895308036513,261.605527103798,103.519938150021,138.425725342224,338.131802716296,153.672550905948,0,173.201474590904,93.4234866874731,0,306.344527664232,140.574866691684,195.314816908693,0,0,0,242.790381480436,0,205.09013266389,104.915316975638,95.7590805983148,84.3635741045246,283.88658203332,160.537522273714
0,0,0,109.093416850988,0,247.66948903751,133.218162784108,0,0,0,0,74.5815074003433,108.381749703452,0,93.5029580098427,98.2230592632363,0,0,134.960780198024,209.996727521564,0,0,116.176698124939,169.742003380707,0,0,117.208001126138,197.893790332676,0,0,0,162.833808134102,0,99.2646516363145,205.09013266389,0,195.822649557859,0,0,90.7216186966914,252.487290983309
101.5853655613,323.781250289068,145.74089716123,106.33736463831,128.530575464043,217.157696745803,0,0,0,249.905610015455,251.098274723989,89.1590885155172,115.194491798135,168.241326865882,201.100640800745,80.8080171296381,0,211.840482897052,0,0,160.530221557972,193.777661225572,241.57250333243,227.504408813069,125.416941482916,0,225.013371621378,161.694997919804,198.528111506785,0,72.2278283150671,228.075434767255,0,137.177378802006,104.915316975638,195.822649557859,0,0,159.183173818572,141.204637091722,78.9559315574845
250.461724766314,0,0,0,0,280.376028997576,146.814226519809,0,134.566479261133,213.67670887414,92.3502314520023,0,0,0,232.945974238958,329.719143597451,0,0,0,90.1317194604647,153.876396855887,0,58.3493451392805,0,0,169.453147353278,157.852515740516,321.124897279917,124.698445421759,181.316358113209,0,0,0,0,95.7590805983148,0,0,0,192.135034768848,187.77054666536,219.078548227669
0,0,0,81.9664354533492,0,0,0,97.5855511246009,0,164.032723165762,0,0,0,0,0,0,0,0,0,124.853650664477,0,71.4788760670054,0,0,71.5579325720569,212.592150359921,0,195.378266313867,221.805809452716,0,0,0,0,220.963068032256,84.3635741045246,0,159.183173818572,192.135034768848,0,171.906398392157,78.8552325762656
0,0,101.350815329073,0,0,110.384905066973,73.1029054543569,0,204.084074037941,163.945208919892,94.8881692391942,276.620869034647,0,178.748963182352,151.036729364761,0,183.786860782462,0,111.435629183184,0,114.649126378906,0,348.674510760064,0,197.486504603685,0,154.142998692322,139.654362654449,249.798812580765,196.04190773555,0,115.541295036174,0,76.5072790361762,283.88658203332,90.7216186966914,141.204637091722,187.77054666536,171.906398392157,0,0
153.453047983244,0,0,0,146.770754374523,0,0,0,0,219.040656038919,0,137.189596148386,0,309.997227542691,0,0,192.601533877686,0,89.3673883748406,100.812745974529,89.707245288964,0,0,135.667029391615,0,118.522099274347,104.369974912428,321.864157986053,0,208.005106191961,0,0,320.356811100276,139.93285932648,160.537522273714,252.487290983309,78.9559315574845,219.078548227669,78.8552325762656,0,0
