0,0,0,0,0,0,0,71.5579325720569,0,0,0,0,0,0,0,0,0,0,0,0,0,201.44584889478,0,0,0,0,133.218162784108,172.892533368851,0,0,0,0,0,283.248188884028,0,0,0,0,0,141.204637091722,0
0,0,204.084074037941,0,0,0,0,0,0,0,173.059382066957,154.065933476765,0,0,0,0,0,0,0,0,0,0,0,0,0,128.846764897717,0,228.075434767255,0,0,0,0,0,0,0,0,82.4756938751058,0,101.605593487621,0,0
0,204.084074037941,0,115.541295036174,0,0,0,0,0,0,0,0,0,0,0,0,0,0,263.534399241887,0,0,0,0,0,0,0,0,0,0,0,0,0,0,0,194.442125915551,0,150.161410108805,0,0,0,0
0,0,115.541295036174,0,0,0,138.425725342224,0,0,0,93.5029580098427,174.013630695256,0,0,0,0,0,0,0,0,0,0,253.401634605989,0,0,0,321.864157986053,173.201474590904,186.973586461633,0,0,198.528111506785,0,0,0,112.349934713559,255.441154257905,89.9429017381717,0,0,289.631679007608
0,0,0,0,0,0,0,73.1029054543569,62.311273509377,0,0,0,0,0,0,0,0,0,0,323.781250289068,195.822649557859,197.486504603685,74.7304794244225,0,0,0,133.984214699576,0,0,99.3508940827211,0,0,0,325.937289045041,0,0,137.177378802006,179.718364159796,75.4497121078207,70.4221432298295,333.645516435298
0,0,0,0,0,0,0,0,251.098274723989,195.314816908693,0,241.635434294794,0,118.522099274347,0,0,0,0,0,62.859596780235,0,0,110.384905066973,0,120.912756812582,0,0,0,154.142998692322,0,0,0,0,0,0,208.005106191961,247.66948903751,283.88658203332,96.5937438588657,82.6299537488922,87.8456058929559
0,0,0,138.425725342224,0,0,0,171.230058197369,0,314.611698427915,122.106946855269,76.5072790361762,0,0,0,0,0,0,0,220.963068032256,98.417953423071,0,0,0,0,0,0,151.075371308616,0,0,0,188.936291522747,0,125.416941482916,0,0,112.823430872325,0,0,101.5853655613,241.682021696872
71.5579325720569,0,0,0,73.1029054543569,0,171.230058197369,0,106.33736463831,0,136.792307586862,0,0,0,0,0,0,0,160.530221557972,158.955087279859,0,0,225.013371621378,0,0,119.345624434514,0,201.100640800745,0,90.7216186966914,0,0,0,137.239127032733,158.567996645797,0,204.481117647118,0,0,97.3506957544063,89.3673883748406
0,0,0,0,62.311273509377,251.098274723989,0,106.33736463831,0,0,0,0,0,0,0,0,0,0,80.8080171296381,106.926813611922,0,0,0,0,306.640284138334,0,353.822894641502,261.605527103798,0,0,0,0,0,0,0,0,177.763106506206,0,161.74915061469,197.893790332676,0
0,0,0,0,0,195.314816908693,314.611698427915,0,0,0,338.131802716296,100.812745974529,0,0,0,0,348.674510760064,0,0,0,0,0,82.6426202489162,154.070293657878,0,193.055010680236,165.597665022977,0,58.3493451392805,0,0,140.574866691684,155.901486485736,82.1742780037132,193.659409924573,139.792601838991,101.895308036513,0,199.492852797962,94.7280504127031,0
0,173.059382066957,0,93.5029580098427,0,0,122.106946855269,136.792307586862,0,338.131802716296,0,0,0,0,94.027247878695,0,0,0,0,0,0,0,0,212.592150359921,0,0,135.294330067913,250.461724766314,74.5815074003433,0,0,0,0,320.356811100276,104.369974912428,116.176698124939,119.728129215699,0,0,66.5008477853491,196.032358954952
0,154.065933476765,0,174.013630695256,0,241.635434294794,76.5072790361762,0,0,100.812745974529,0,0,231.050882209,206.912707094411,205.183249704085,0,0,0,269.936825670274,111.226326353722,0,0,153.876396855887,180.90030328818,0,228.792310020318,0,347.376449530863,241.57250333243,0,0,188.851177466023,0,0,72.2278283150671,0,142.054529471577,206.472608421747,0,92.5568465385234,223.705816669619
0,0,0,0,0,0,0,0,0,0,0,231.050882209,0,0,0,0,161.275817184598,0,0,0,0,0,0,0,0,112.793316814908,0,0,0,0,0,0,0,173.538155409849,0,261.440278806413,0,0,0,0,259.442917595754
0,0,0,0,0,118.522099274347,0,0,0,0,0,206.912707094411,0,0,0,0,218.045528847001,224.523755099568,0,0,94.9380989123498,0,249.798812580765,178.748963182352,0,0,0,81.2827395071039,89.1590885155172,219.430938885781,0,0,0,161.302948562323,329.719143597451,0,108.381749703452,0,0,0,163.059043292369
0,0,0,0,0,0,0,0,0,0,94.027247878695,205.183249704085,0,0,0,154.784755881607,106.533627130087,0,0,0,0,0,0,115.871357769661,221.805809452716,0,0,134.960780198024,240.185081663983,222.053792850439,0,0,0,0,0,0,0,61.0664810463559,0,173.001559092555,205.09013266389
0,0,0,0,0,0,0,0,0,0,0,0,0,0,154.784755881607,0,0,0,0,0,95.7590805983148,0,0,90.1317194604647,0,101.443495235174,321.124897279917,138.33942793804,0,153.609372090384,0,0,0,0,125.994729980093,135.667029391615,187.77054666536,151.01089327964,0,0,0
0,0,0,0,0,0,0,0,0,348.674510760064,0,0,161.275817184598,218.045528847001,106.533627130087,0,0,0,0,192.601533877686,0,0,0,0,0,0,0,169.742003380707,0,0,0,181.316358113209,0,0,113.059176128709,0,167.066576495979,0,0,168.241326865882,0
0,0,0,0,0,0,0,0,0,0,0,0,0,224.523755099568,0,0,0,0,0,0,0,0,0,0,120.567029282014,0,0,196.04190773555,0,0,0,0,0,205.839960264176,73.4795582048751,94.126460729827,92.5207898118833,0,0,236.681907140956,145.74089716123
0,0,263.534399241887,0,0,0,0,160.530221557972,80.8080171296381,0,0,269.936825670274,0,0,0,0,0,0,0,0,159.183173818572,0,153.672550905948,0,0,98.6790043377568,0,0,0,0,0,0,0,78.9559315574845,0,71.4788760670054,89.707245288964,0,101.85207633558,242.790381480436,0
0,0,0,0,323.781250289068,62.859596780235,220.963068032256,158.955087279859,106.926813611922,0,0,111.226326353722,0,0,0,0,192.601533877686,0,0,0,0,0,0,92.3502314520023,180.355266595273,214.116367924649,0,131.969743415579,67.8267069095267,0,0,0,0,163.945208919892,231.715271819474,0,0,81.9664354533492,101.350815329073,0,193.63278243493
0,0,0,0,195.822649557859,0,98.417953423071,0,0,0,0,0,0,94.9380989123498,0,95.7590805983148,0,0,159.183173818572,0,0,259.055025639447,0,191.519780382943,0,227.504408813069,125.81518738273,0,0,0,0,0,0,94.7529894315991,74.4197823064597,94.8881692391942,0,0,0,0,161.694997919804
201.44584889478,0,0,0,197.486504603685,0,0,0,0,0,0,0,0,0,0,0,0,0,0,0,259.055025639447,0,0,0,0,190.185165668632,114.511014214502,0,0,0,0,0,97.5855511246009,284.529238481835,0,0,209.996727521564,0,0,0,0
0,0,0,253.401634605989,74.7304794244225,110.384905066973,0,225.013371621378,0,82.6426202489162,0,153.876396855887,0,249.798812580765,0,0,0,0,153.672550905948,0,0,0,0,0,0,0,0,219.040656038919,162.833808134102,220.901129804706,97.3232815600345,0,0,213.67670887414,148.808626413748,0,117.208001126138,0,0,0,0
0,0,0,0,0,0,0,0,0,154.070293657878,212.592150359921,180.90030328818,0,178.748963182352,115.871357769661,90.1317194604647,0,0,0,92.3502314520023,191.519780382943,0,0,0,192.693757128262,202.712457066107,139.654362654449,300.031143529538,252.487290983309,200.878319874537,280.376028997576,0,0,262.382215657622,0,0,172.608400267715,151.695570509541,169.453147353278,0,0
0,0,0,0,0,120.912756812582,0,0,306.640284138334,0,0,0,0,0,221.805809452716,0,0,120.567029282014,0,180.355266595273,0,0,0,192.693757128262,0,0,0,0,116.054372245433,0,193.777661225572,0,0,0,171.906398392157,0,0,0,276.620869034647,0,0
0,128.846764897717,0,0,0,0,0,119.345624434514,0,193.055010680236,0,228.792310020318,112.793316814908,0,0,101.443495235174,0,0,98.6790043377568,214.116367924649,227.504408813069,190.185165668632,0,202.712457066107,0,0,113.144980278377,146.465927798921,146.99041817625,0,309.997227542691,134.566479261133,0,195.378266313867,357.423078228283,0,0,98.2230592632363,0,80.4367166559625,0
133.218162784108,0,0,321.864157986053,133.984214699576,0,0,0,353.822894641502,165.597665022977,135.294330067913,0,0,0,0,321.124897279917,0,0,0,0,125.81518738273,114.511014214502,0,139.654362654449,0,113.144980278377,0,0,85.7623170715703,78.8552325762656,0,0,115.868441404982,103.519938150021,303.527509149359,175.196329314064,0,180.543851962045,0,124.853650664477,128.405764333981
172.892533368851,228.075434767255,0,173.201474590904,0,0,151.075371308616,201.100640800745,261.605527103798,0,250.461724766314,347.376449530863,0,81.2827395071039,134.960780198024,138.33942793804,169.742003380707,196.04190773555,0,131.969743415579,0,0,219.040656038919,300.031143529538,0,146.465927798921,0,0,0,0,0,93.4234866874731,124.698445421759,226.825099357786,115.332064605654,335.371040201042,85.6072705949986,151.036729364761,108.136066660554,217.157696745803,164.032723165762
0,0,0,186.973586461633,0,154.142998692322,0,0,0,58.3493451392805,74.5815074003433,241.57250333243,0,89.1590885155172,240.185081663983,0,0,0,0,67.8267069095267,0,0,162.833808134102,252.487290983309,116.054372245433,146.99041817625,85.7623170715703,0,0,0,0,219.078548227669,0,345.797434674459,115.114253591495,157.852515740516,178.224497384947,198.964527389285,0,151.806152521152,96.7845769653343
0,0,0,0,99.3508940827211,0,0,90.7216186966914,0,0,0,0,0,219.430938885781,222.053792850439,153.609372090384,0,0,0,0,0,0,220.901129804706,200.878319874537,0,0,78.8552325762656,0,0,0,0,0,0,0,0,0,238.934743274142,114.649126378906,0,215.611029055736,0
0,0,0,0,0,0,0,0,0,0,0,0,0,0,0,0,0,0,0,0,0,0,97.3232815600345,280.376028997576,193.777661225572,309.997227542691,0,0,0,0,0,0,0,0,128.530575464043,0,0,0,0,115.194491798135,0
0,0,0,198.528111506785,0,0,188.936291522747,0,0,140.574866691684,0,188.851177466023,0,0,0,0,181.316358113209,0,0,0,0,0,0,0,0,134.566479261133,0,93.4234866874731,219.078548227669,0,0,0,0,0,0,165.893015276821,0,0,0,160.537522273714,106.128596538706
0,0,0,0,0,0,0,0,0,155.901486485736,0,0,0,0,0,0,0,0,0,0,0,97.5855511246009,0,0,0,0,115.868441404982,124.698445421759,0,0,0,0,0,0,0,0,146.770754374523,0,0,0,0
283.248188884028,0,0,0,325.937289045041,0,125.416941482916,137.239127032733,0,82.1742780037132,320.356811100276,0,173.538155409849,161.302948562323,0,0,0,205.839960264176,78.9559315574845,163.945208919892,94.7529894315991,284.529238481835,213.67670887414,262.382215657622,0,195.378266313867,103.519938150021,226.825099357786,345.797434674459,0,0,0,0,0,178.683678585178,84.3635741045246,139.93285932648,136.685314494491,232.945974238958,153.453047983244,137.189596148386
0,0,194.442125915551,0,0,0,0,158.567996645797,0,193.659409924573,104.369974912428,72.2278283150671,0,329.719143597451,0,125.994729980093,113.059176128709,73.4795582048751,0,231.715271819474,74.4197823064597,0,148.808626413748,0,171.906398392157,357.423078228283,303.527509149359,115.332064605654,115.114253591495,0,128.530575464043,0,0,178.683678585178,0,161.325017232684,306.344527664232,183.786860782462,211.840482897052,186.348837226466,192.135034768848
0,0,0,112.349934713559,0,208.005106191961,0,0,0,139.792601838991,116.176698124939,0,261.440278806413,0,0,135.667029391615,0,94.126460729827,71.4788760670054,0,94.8881692391942,0,0,0,0,0,175.196329314064,335.371040201042,157.852515740516,0,0,165.893015276821,0,84.3635741045246,161.325017232684,0,224.551207449728,143.005810983322,109.093416850988,111.435629183184,0
0,82.4756938751058,150.161410108805,255.441154257905,137.177378802006,247.66948903751,112.823430872325,204.481117647118,177.763106506206,101.895308036513,119.728129215699,142.054529471577,0,108.381749703452,0,187.77054666536,167.066576495979,92.5207898118833,89.707245288964,0,0,209.996727521564,117.208001126138,172.608400267715,0,0,0,85.6072705949986,178.224497384947,238.934743274142,0,0,146.770754374523,139.93285932648,306.344527664232,224.551207449728,0,99.2646516363145,146.814226519809,184.249961885477,155.24952173131
0,0,0,89.9429017381717,179.718364159796,283.88658203332,0,0,0,0,0,206.472608421747,0,0,61.0664810463559,151.01089327964,0,0,0,81.9664354533492,0,0,0,151.695570509541,0,98.2230592632363,180.543851962045,151.036729364761,198.964527389285,114.649126378906,0,0,0,136.685314494491,183.786860782462,143.005810983322,99.2646516363145,0,104.915316975638,249.905610015455,142.385058730083
0,101.605593487621,0,0,75.4497121078207,96.5937438588657,0,0,161.74915061469,199.492852797962,0,0,0,0,0,0,0,0,101.85207633558,101.350815329073,0,0,0,169.453147353278,276.620869034647,0,0,108.136066660554,0,0,0,0,0,232.945974238958,211.840482897052,109.093416850988,146.814226519809,104.915316975638,0,0,0
141.204637091722,0,0,0,70.4221432298295,82.6299537488922,101.5853655613,97.3506957544063,197.893790332676,94.7280504127031,66.5008477853491,92.5568465385234,0,0,173.001559092555,0,168.241326865882,236.681907140956,242.790381480436,0,0,0,0,0,0,80.4367166559625,124.853650664477,217.157696745803,151.806152521152,215.611029055736,115.194491798135,160.537522273714,0,153.453047983244,186.348837226466,111.435629183184,184.249961885477,249.905610015455,0,0,0
0,0,0,289.631679007608,333.645516435298,87.8456058929559,241.682021696872,89.3673883748406,0,0,196.032358954952,223.705816669619,259.442917595754,163.059043292369,205.09013266389,0,0,145.74089716123,0,193.63278243493,161.694997919804,0,0,0,0,0,128.405764333981,164.032723165762,96.7845769653343,0,0,106.128596538706,0,137.189596148386,192.135034768848,0,155.24952173131,142.385058730083,0,0,0
