0,0,0,84.3635741045246,0,0,0,0,247.66948903751,0,0,0,0,0,0,0,0,0,0,249.798812580765,0,0,0,0,0,0,0,276.620869034647,0,0,0,0,0,112.823430872325,0,0,0,0,0,154.065933476765,0
0,0,0,0,0,0,0,0,76.5072790361762,0,0,98.2230592632363,0,0,0,0,0,94.7529894315991,0,0,0,0,0,0,0,0,146.99041817625,92.5568465385234,0,0,0,0,0,0,0,0,139.792601838991,201.44584889478,0,0,0
0,0,0,0,205.839960264176,0,0,0,0,0,0,0,0,0,119.728129215699,0,0,0,93.4234866874731,0,0,0,0,0,0,195.314816908693,0,0,0,0,0,0,0,0,0,0,0,161.302948562323,0,0,0
84.3635741045246,0,0,0,180.543851962045,138.33942793804,0,0,0,0,0,0,0,0,0,0,0,0,0,0,0,0,0,0,213.67670887414,193.659409924573,0,202.712457066107,200.878319874537,238.934743274142,0,0,0,225.013371621378,128.530575464043,0,85.6072705949986,108.136066660554,0,97.5855511246009,0
0,0,205.839960264176,180.543851962045,0,261.605527103798,0,143.005810983322,198.528111506785,161.74915061469,0,109.093416850988,0,0,0,0,0,0,0,0,0,0,114.511014214502,180.90030328818,0,0,0,106.926813611922,0,0,0,0,0,177.763106506206,0,0,199.492852797962,153.672550905948,0,128.405764333981,0
0,0,0,138.33942793804,261.605527103798,0,73.1029054543569,325.937289045041,0,0,0,0,0,89.1590885155172,250.461724766314,0,218.045528847001,0,0,0,0,0,0,0,205.183249704085,0,194.442125915551,0,153.609372090384,0,0,0,0,0,122.106946855269,0,113.059176128709,128.846764897717,0,0,167.066576495979
0,0,0,0,0,73.1029054543569,0,0,0,0,0,112.793316814908,0,0,0,0,0,280.376028997576,0,0,101.5853655613,164.032723165762,0,0,158.955087279859,261.440278806413,0,146.770754374523,191.519780382943,0,0,0,0,0,155.24952173131,80.8080171296381,320.356811100276,0,0,0,219.040656038919
0,0,0,0,143.005810983322,325.937289045041,0,0,0,0,208.005106191961,0,0,0,0,139.93285932648,262.382215657622,0,92.3502314520023,206.912707094411,0,0,0,0,0,0,169.742003380707,94.9380989123498,175.196329314064,0,0,111.435629183184,0,0,104.369974912428,201.100640800745,131.969743415579,82.1742780037132,0,0,104.915316975638
247.66948903751,76.5072790361762,0,0,198.528111506785,0,0,0,0,0,0,0,0,0,0,0,0,0,0,179.718364159796,0,0,0,125.81518738273,101.350815329073,0,115.868441404982,172.608400267715,106.533627130087,0,0,0,0,90.1317194604647,0,0,0,94.7280504127031,0,0,0
0,0,0,0,161.74915061469,0,0,0,0,0,231.715271819474,100.812745974529,0,116.176698124939,0,0,0,0,0,240.185081663983,232.945974238958,0,94.126460729827,300.031143529538,142.054529471577,165.893015276821,0,134.960780198024,108.381749703452,98.417953423071,0,0,0,314.611698427915,197.893790332676,0,115.541295036174,0,0,112.349934713559,303.527509149359
0,0,0,0,0,0,0,208.005106191961,0,231.715271819474,0,259.442917595754,0,58.3493451392805,0,0,0,0,0,0,0,75.4497121078207,96.5937438588657,106.33736463831,0,255.441154257905,0,70.4221432298295,125.994729980093,0,0,0,0,241.635434294794,62.859596780235,97.3506957544063,0,120.912756812582,0,171.906398392157,81.9664354533492
0,98.2230592632363,0,0,109.093416850988,0,112.793316814908,0,0,100.812745974529,259.442917595754,0,193.055010680236,0,198.964527389285,0,0,0,0,0,158.567996645797,0,113.144980278377,0,163.945208919892,151.695570509541,140.574866691684,192.693757128262,136.685314494491,0,0,146.814226519809,0,117.208001126138,118.522099274347,348.674510760064,178.683678585178,0,196.032358954952,228.075434767255,0
0,0,0,0,0,0,0,0,0,0,0,193.055010680236,0,0,0,148.808626413748,0,0,0,0,335.371040201042,0,0,136.792307586862,0,0,0,0,0,0,0,0,0,93.5029580098427,0,98.6790043377568,0,0,0,0,0
0,0,0,0,0,89.1590885155172,0,0,0,116.176698124939,58.3493451392805,0,0,0,0,0,153.453047983244,0,0,0,0,0,0,193.63278243493,0,133.984214699576,0,284.529238481835,73.4795582048751,0,0,0,0,357.423078228283,92.5207898118833,0,217.157696745803,212.592150359921,0,101.895308036513,154.784755881607
0,0,119.728129215699,0,0,250.461724766314,0,0,0,0,0,198.964527389285,0,0,0,0,0,61.0664810463559,0,0,0,0,0,0,0,338.131802716296,181.316358113209,0,0,0,0,0,0,71.5579325720569,71.4788760670054,205.09013266389,89.707245288964,206.472608421747,0,0,151.075371308616
0,0,0,0,0,0,0,139.93285932648,0,0,0,0,148.808626413748,0,0,0,0,0,0,306.640284138334,0,0,151.806152521152,0,161.275817184598,0,0,0,111.226326353722,251.098274723989,0,0,0,0,241.57250333243,0,241.682021696872,0,192.601533877686,97.3232815600345,0
0,0,0,0,0,218.045528847001,0,262.382215657622,0,0,0,0,0,153.453047983244,0,0,0,0,0,0,0,0,0,0,0,0,0,0,253.401634605989,0,74.7304794244225,0,197.486504603685,0,223.705816669619,0,95.7590805983148,0,82.6299537488922,0,146.465927798921
0,94.7529894315991,0,0,0,0,280.376028997576,0,0,0,0,0,0,0,61.0664810463559,0,0,0,0,0,0,0,0,78.9559315574845,0,0,0,161.325017232684,0,0,0,0,0,0,236.681907140956,0,0,94.8881692391942,0,99.2646516363145,115.332064605654
0,0,93.4234866874731,0,0,0,0,92.3502314520023,0,0,0,0,0,0,0,0,0,0,0,263.534399241887,0,0,115.194491798135,0,0,0,0,151.01089327964,0,345.797434674459,0,252.487290983309,0,0,193.777661225572,0,103.519938150021,124.698445421759,0,78.8552325762656,101.85207633558
249.798812580765,0,0,0,0,0,0,206.912707094411,179.718364159796,240.185081663983,0,0,0,0,0,306.640284138334,0,0,263.534399241887,0,0,0,178.748963182352,94.027247878695,0,101.605593487621,155.901486485736,101.443495235174,0,173.001559092555,0,0,0,134.566479261133,0,289.631679007608,224.523755099568,0,137.189596148386,231.050882209,0
0,0,0,0,0,0,101.5853655613,0,0,232.945974238958,0,158.567996645797,335.371040201042,0,0,0,0,0,0,0,0,0,226.825099357786,165.597665022977,0,0,227.504408813069,0,219.078548227669,0,0,0,0,153.876396855887,0,0,329.719143597451,0,119.345624434514,333.645516435298,190.185165668632
0,0,0,0,0,0,164.032723165762,0,0,0,75.4497121078207,0,0,0,0,0,0,0,0,0,0,0,0,96.7845769653343,0,0,0,0,0,0,0,0,124.853650664477,90.7216186966914,353.822894641502,133.218162784108,283.88658203332,0,0,0,0
0,0,0,0,114.511014214502,0,0,0,0,94.126460729827,96.5937438588657,113.144980278377,0,0,0,151.806152521152,0,0,115.194491798135,178.748963182352,226.825099357786,0,0,0,0,0,0,0,0,89.3673883748406,0,0,0,215.611029055736,0,74.5815074003433,115.871357769661,306.344527664232,0,188.936291522747,81.2827395071039
0,0,0,0,180.90030328818,0,0,0,125.81518738273,300.031143529538,106.33736463831,0,136.792307586862,193.63278243493,0,0,0,78.9559315574845,0,94.027247878695,165.597665022977,96.7845769653343,0,0,0,151.036729364761,211.840482897052,196.04190773555,0,110.384905066973,180.355266595273,159.183173818572,0,62.311273509377,0,0,137.177378802006,0,0,138.425725342224,0
0,0,0,213.67670887414,0,205.183249704085,158.955087279859,0,101.350815329073,142.054529471577,0,163.945208919892,0,0,0,161.275817184598,0,0,0,0,0,0,0,0,0,0,0,0,249.905610015455,0,0,0,0,0,0,0,195.822649557859,0,220.901129804706,0,0
0,0,195.314816908693,193.659409924573,0,0,261.440278806413,0,0,165.893015276821,255.441154257905,151.695570509541,0,133.984214699576,338.131802716296,0,0,0,0,101.605593487621,0,0,0,151.036729364761,0,0,209.996727521564,347.376449530863,192.135034768848,0,0,0,187.77054666536,0,154.070293657878,204.481117647118,135.294330067913,141.204637091722,214.116367924649,0,174.013630695256
0,146.99041817625,0,0,0,194.442125915551,0,169.742003380707,115.868441404982,0,0,140.574866691684,0,0,181.316358113209,0,0,0,0,155.901486485736,227.504408813069,0,0,211.840482897052,0,209.996727521564,0,125.416941482916,0,157.852515740516,0,0,161.694997919804,160.530221557972,321.864157986053,220.963068032256,173.059382066957,0,195.378266313867,269.936825670274,82.6426202489162
276.620869034647,92.5568465385234,0,202.712457066107,106.926813611922,0,146.770754374523,94.9380989123498,172.608400267715,134.960780198024,70.4221432298295,192.693757128262,0,284.529238481835,0,0,0,161.325017232684,151.01089327964,101.443495235174,0,0,0,196.04190773555,0,347.376449530863,125.416941482916,0,142.385058730083,0,160.537522273714,0,0,139.654362654449,99.3508940827211,80.4367166559625,224.551207449728,228.792310020318,173.538155409849,67.8267069095267,186.973586461633
0,0,0,200.878319874537,0,153.609372090384,191.519780382943,175.196329314064,106.533627130087,108.381749703452,125.994729980093,136.685314494491,0,73.4795582048751,0,111.226326353722,253.401634605989,0,0,0,219.078548227669,0,0,0,249.905610015455,192.135034768848,0,142.385058730083,0,0,0,0,0,154.142998692322,309.997227542691,145.74089716123,0,0,116.054372245433,242.790381480436,74.4197823064597
0,0,0,238.934743274142,0,0,0,0,0,98.417953423071,0,0,0,0,0,251.098274723989,0,0,345.797434674459,173.001559092555,0,0,89.3673883748406,110.384905066973,0,0,157.852515740516,0,0,0,0,114.649126378906,0,0,168.241326865882,0,0,0,0,135.667029391615,0
0,0,0,0,0,0,0,0,0,0,0,0,0,0,0,0,74.7304794244225,0,0,0,0,0,0,180.355266595273,0,0,0,160.537522273714,0,0,0,0,0,150.161410108805,0,0,323.781250289068,0,0,0,173.201474590904
0,0,0,0,0,0,0,111.435629183184,0,0,0,146.814226519809,0,0,0,0,0,0,252.487290983309,0,0,0,0,159.183173818572,0,0,0,0,0,114.649126378906,0,0,0,89.9429017381717,87.8456058929559,115.114253591495,72.2278283150671,0,221.805809452716,120.567029282014,0
0,0,0,0,0,0,0,0,0,0,0,0,0,0,0,0,197.486504603685,0,0,0,0,124.853650664477,0,0,0,187.77054666536,161.694997919804,0,0,0,0,0,0,0,0,0,85.7623170715703,0,0,0,0
112.823430872325,0,0,225.013371621378,177.763106506206,0,0,0,90.1317194604647,314.611698427915,241.635434294794,117.208001126138,93.5029580098427,357.423078228283,71.5579325720569,0,0,0,0,134.566479261133,153.876396855887,90.7216186966914,215.611029055736,62.311273509377,0,0,160.530221557972,139.654362654449,154.142998692322,0,150.161410108805,89.9429017381717,0,0,169.453147353278,183.786860782462,178.224497384947,321.124897279917,0,219.430938885781,283.248188884028
0,0,0,128.530575464043,0,122.106946855269,155.24952173131,104.369974912428,0,197.893790332676,62.859596780235,118.522099274347,0,92.5207898118833,71.4788760670054,241.57250333243,223.705816669619,236.681907140956,193.777661225572,0,0,353.822894641502,0,0,0,154.070293657878,321.864157986053,99.3508940827211,309.997227542691,168.241326865882,0,87.8456058929559,0,169.453147353278,0,0,222.053792850439,188.851177466023,204.084074037941,163.059043292369,0
0,0,0,0,0,0,80.8080171296381,201.100640800745,0,0,97.3506957544063,348.674510760064,98.6790043377568,0,205.09013266389,0,0,0,0,289.631679007608,0,133.218162784108,74.5815074003433,0,0,204.481117647118,220.963068032256,80.4367166559625,145.74089716123,0,0,115.114253591495,0,183.786860782462,0,0,82.4756938751058,186.348837226466,106.128596538706,137.239127032733,0
0,139.792601838991,0,85.6072705949986,199.492852797962,113.059176128709,320.356811100276,131.969743415579,0,115.541295036174,0,178.683678585178,0,217.157696745803,89.707245288964,241.682021696872,95.7590805983148,0,103.519938150021,224.523755099568,329.719143597451,283.88658203332,115.871357769661,137.177378802006,195.822649557859,135.294330067913,173.059382066957,224.551207449728,0,0,323.781250289068,72.2278283150671,85.7623170715703,178.224497384947,222.053792850439,82.4756938751058,0,0,0,171.230058197369,172.892533368851
0,201.44584889478,161.302948562323,108.136066660554,153.672550905948,128.846764897717,0,82.1742780037132,94.7280504127031,0,120.912756812582,0,0,212.592150359921,206.472608421747,0,0,94.8881692391942,124.698445421759,0,0,0,306.344527664232,0,0,141.204637091722,0,228.792310020318,0,0,0,0,0,321.124897279917,188.851177466023,186.348837226466,0,0,162.833808134102,0,66.5008477853491
0,0,0,0,0,0,0,0,0,0,0,196.032358954952,0,0,0,192.601533877686,82.6299537488922,0,0,137.189596148386,119.345624434514,0,0,0,220.901129804706,214.116367924649,195.378266313867,173.538155409849,116.054372245433,0,0,221.805809452716,0,0,204.084074037941,106.128596538706,0,162.833808134102,0,184.249961885477,0
154.065933476765,0,0,97.5855511246009,128.405764333981,0,0,0,0,112.349934713559,171.906398392157,228.075434767255,0,101.895308036513,0,97.3232815600345,0,99.2646516363145,78.8552325762656,231.050882209,333.645516435298,0,188.936291522747,138.425725342224,0,0,269.936825670274,67.8267069095267,242.790381480436,135.667029391615,0,120.567029282014,0,219.430938885781,163.059043292369,137.239127032733,171.230058197369,0,184.249961885477,0,259.055025639447
0,0,0,0,0,167.066576495979,219.040656038919,104.915316975638,0,303.527509149359,81.9664354533492,0,0,154.784755881607,151.075371308616,0,146.465927798921,115.332064605654,101.85207633558,0,190.185165668632,0,81.2827395071039,0,0,174.013630695256,82.6426202489162,186.973586461633,74.4197823064597,0,173.201474590904,0,0,283.248188884028,0,0,172.892533368851,66.5008477853491,0,259.055025639447,0
