0,0,0,0,0,0,0,0,0,0,0,0,0,0,0,0,0,0,0,0,0,120.567029282014,0,0,0,0,116.176698124939,263.534399241887,0,0,0,135.294330067913,0,154.142998692322,0,0,0,0,0,0,112.793316814908
0,0,0,0,0,0,0,0,0,0,66.5008477853491,0,0,0,0,0,0,0,0,0,101.605593487621,0,0,0,0,101.895308036513,0,89.1590885155172,0,0,0,0,0,0,101.85207633558,0,204.481117647118,188.936291522747,0,0,0
0,0,0,0,0,0,0,0,0,0,0,0,0,0,0,0,0,0,0,96.7845769653343,0,0,0,0,0,0,98.6790043377568,347.376449530863,325.937289045041,0,0,0,0,164.032723165762,0,0,0,0,0,0,0
0,0,0,0,0,0,124.853650664477,0,0,0,0,136.685314494491,0,0,158.567996645797,0,82.6299537488922,0,0,0,169.453147353278,0,0,90.7216186966914,82.1742780037132,93.4234866874731,0,283.88658203332,0,0,0,0,0,146.465927798921,0,74.7304794244225,0,0,98.2230592632363,151.036729364761,0
0,0,0,0,0,261.605527103798,0,220.901129804706,0,142.385058730083,0,0,192.693757128262,0,0,139.792601838991,0,169.742003380707,0,0,0,0,0,0,0,151.01089327964,111.226326353722,131.969743415579,106.533627130087,0,0,0,0,0,0,306.344527664232,154.065933476765,0,161.275817184598,0,227.504408813069
0,0,0,0,261.605527103798,0,0,134.566479261133,0,0,117.208001126138,62.311273509377,0,0,0,0,236.681907140956,0,0,0,0,0,0,154.784755881607,0,161.74915061469,0,125.416941482916,353.822894641502,125.81518738273,0,0,0,139.93285932648,80.8080171296381,0,0,249.798812580765,0,0,75.4497121078207
0,0,0,124.853650664477,0,0,0,314.611698427915,0,0,0,168.241326865882,201.100640800745,0,0,180.355266595273,0,205.183249704085,0,0,0,0,205.09013266389,0,0,0,0,255.441154257905,94.027247878695,0,0,104.369974912428,0,0,0,78.9559315574845,0,0,195.378266313867,70.4221432298295,0
0,0,0,0,220.901129804706,134.566479261133,314.611698427915,0,0,173.538155409849,0,0,0,92.3502314520023,0,0,0,0,250.461724766314,0,0,0,128.530575464043,0,0,0,115.871357769661,0,111.435629183184,180.543851962045,99.2646516363145,259.055025639447,0,124.698445421759,0,0,0,0,163.059043292369,97.3232815600345,220.963068032256
0,0,0,0,0,0,0,0,0,0,357.423078228283,198.964527389285,0,323.781250289068,0,0,0,0,0,0,0,345.797434674459,0,139.654362654449,103.519938150021,0,0,0,153.453047983244,0,178.748963182352,0,0,0,197.486504603685,0,303.527509149359,0,0,198.528111506785,0
0,0,0,0,142.385058730083,0,0,173.538155409849,0,0,138.425725342224,160.530221557972,0,0,74.4197823064597,0,309.997227542691,0,228.792310020318,155.24952173131,0,0,197.893790332676,0,0,320.356811100276,0,109.093416850988,300.031143529538,0,0,0,0,94.9380989123498,81.2827395071039,0,157.852515740516,162.833808134102,0,190.185165668632,104.915316975638
0,66.5008477853491,0,0,0,117.208001126138,0,0,357.423078228283,138.425725342224,0,97.3506957544063,0,0,99.3508940827211,0,219.078548227669,0,0,195.314816908693,0,0,0,338.131802716296,0,223.705816669619,125.994729980093,87.8456058929559,171.906398392157,0,0,0,0,0,335.371040201042,0,114.649126378906,71.4788760670054,0,0,0
0,0,0,136.685314494491,0,62.311273509377,168.241326865882,0,198.964527389285,160.530221557972,97.3506957544063,0,0,0,0,101.5853655613,0,0,284.529238481835,0,0,0,0,113.059176128709,106.926813611922,0,0,106.128596538706,92.5568465385234,221.805809452716,101.443495235174,67.8267069095267,0,202.712457066107,128.405764333981,89.3673883748406,192.601533877686,178.224497384947,180.90030328818,0,0
0,0,0,0,192.693757128262,0,201.100640800745,0,0,0,0,0,0,0,0,0,0,0,0,0,0,0,0,0,0,232.945974238958,0,82.4756938751058,0,0,0,0,0,0,238.934743274142,0,161.694997919804,0,0,0,0
0,0,0,0,0,0,0,92.3502314520023,323.781250289068,0,0,0,0,0,153.876396855887,0,0,0,0,186.348837226466,136.792307586862,0,321.864157986053,94.7529894315991,0,0,0,172.892533368851,116.054372245433,0,0,0,0,89.9429017381717,0,115.332064605654,261.440278806413,0,242.790381480436,222.053792850439,0
0,0,0,158.567996645797,0,0,0,0,0,74.4197823064597,99.3508940827211,0,0,153.876396855887,0,0,211.840482897052,153.609372090384,0,0,0,0,0,173.059382066957,0,0,0,0,84.3635741045246,115.194491798135,0,0,0,76.5072790361762,153.672550905948,0,0,206.472608421747,0,0,0
0,0,0,0,139.792601838991,0,180.355266595273,0,0,0,0,101.5853655613,0,0,0,0,0,0,0,0,155.901486485736,0,213.67670887414,72.2278283150671,0,0,0,0,0,0,0,0,0,115.868441404982,333.645516435298,146.99041817625,0,0,214.116367924649,154.070293657878,0
0,0,0,82.6299537488922,0,236.681907140956,0,0,0,309.997227542691,219.078548227669,0,0,0,211.840482897052,0,0,0,0,0,0,0,0,0,0,0,206.912707094411,0,0,0,0,0,0,201.44584889478,0,0,191.519780382943,0,0,100.812745974529,171.230058197369
0,0,0,0,169.742003380707,0,205.183249704085,0,0,0,0,0,0,0,153.609372090384,0,0,0,0,0,0,0,73.1029054543569,0,0,0,241.57250333243,251.098274723989,0,158.955087279859,0,0,0,0,0,0,112.349934713559,199.492852797962,0,0,0
0,0,0,0,0,0,0,250.461724766314,0,228.792310020318,0,284.529238481835,0,0,0,0,0,0,0,0,0,0,0,0,241.682021696872,280.376028997576,200.878319874537,0,0,0,0,0,0,143.005810983322,150.161410108805,0,97.5855511246009,181.316358113209,96.5937438588657,177.763106506206,0
0,0,96.7845769653343,0,0,0,0,0,0,155.24952173131,195.314816908693,0,0,186.348837226466,0,0,0,0,0,0,0,217.157696745803,321.124897279917,0,0,141.204637091722,118.522099274347,61.0664810463559,137.239127032733,0,0,0,0,0,115.114253591495,212.592150359921,78.8552325762656,115.541295036174,188.851177466023,205.839960264176,167.066576495979
0,101.605593487621,0,169.453147353278,0,0,0,0,0,0,0,0,0,136.792307586862,0,155.901486485736,0,0,0,0,0,135.667029391615,0,0,0,159.183173818572,0,106.33736463831,179.718364159796,0,0,0,0,0,0,276.620869034647,224.551207449728,128.846764897717,0,218.045528847001,204.084074037941
120.567029282014,0,0,0,0,0,0,0,345.797434674459,0,0,0,0,0,0,0,0,0,0,217.157696745803,135.667029391615,0,0,0,0,0,140.574866691684,0,193.055010680236,0,0,0,0,73.4795582048751,0,0,165.893015276821,0,0,0,0
0,0,0,0,0,0,205.09013266389,128.530575464043,0,197.893790332676,0,0,0,321.864157986053,0,213.67670887414,0,73.1029054543569,0,321.124897279917,0,0,0,0,0,0,134.960780198024,146.814226519809,0,0,0,208.005106191961,74.5815074003433,0,0,0,0,209.996727521564,172.608400267715,183.786860782462,81.9664354533492
0,0,0,90.7216186966914,0,154.784755881607,0,0,139.654362654449,0,338.131802716296,113.059176128709,0,94.7529894315991,173.059382066957,72.2278283150671,0,0,0,0,0,0,0,0,146.770754374523,0,133.218162784108,133.984214699576,161.302948562323,187.77054666536,0,0,0,94.8881692391942,85.7623170715703,119.728129215699,259.442917595754,0,0,101.350815329073,151.695570509541
0,0,0,82.1742780037132,0,0,0,0,103.519938150021,0,0,106.926813611922,0,0,0,0,0,0,241.682021696872,0,0,0,0,146.770754374523,0,219.040656038919,0,0,0,0,0,0,0,215.611029055736,0,0,193.777661225572,240.185081663983,0,80.4367166559625,0
0,101.895308036513,0,93.4234866874731,151.01089327964,161.74915061469,0,0,0,320.356811100276,223.705816669619,0,232.945974238958,0,0,0,0,0,280.376028997576,141.204637091722,159.183173818572,0,0,0,219.040656038919,0,0,253.401634605989,0,226.825099357786,165.597665022977,225.013371621378,0,93.5029580098427,241.635434294794,163.945208919892,119.345624434514,0,0,283.248188884028,0
116.176698124939,0,98.6790043377568,0,111.226326353722,0,0,115.871357769661,0,0,125.994729980093,0,0,0,0,0,206.912707094411,241.57250333243,200.878319874537,118.522099274347,0,140.574866691684,134.960780198024,133.218162784108,0,0,0,0,0,0,0,0,184.249961885477,90.1317194604647,108.381749703452,193.659409924573,137.189596148386,0,196.04190773555,108.136066660554,192.135034768848
263.534399241887,89.1590885155172,347.376449530863,283.88658203332,131.969743415579,125.416941482916,255.441154257905,0,0,109.093416850988,87.8456058929559,106.128596538706,82.4756938751058,172.892533368851,0,0,0,251.098274723989,0,61.0664810463559,106.33736463831,0,146.814226519809,133.984214699576,0,253.401634605989,0,0,0,98.417953423071,0,289.631679007608,0,120.912756812582,85.6072705949986,178.683678585178,186.973586461633,231.715271819474,0,224.523755099568,114.511014214502
0,0,325.937289045041,0,106.533627130087,353.822894641502,94.027247878695,111.435629183184,153.453047983244,300.031143529538,171.906398392157,92.5568465385234,0,116.054372245433,84.3635741045246,0,0,0,0,137.239127032733,179.718364159796,193.055010680236,0,161.302948562323,0,0,0,0,0,0,0,0,0,249.905610015455,145.74089716123,82.6426202489162,94.7280504127031,148.808626413748,0,138.33942793804,0
0,0,0,0,0,125.81518738273,0,180.543851962045,0,0,0,221.805809452716,0,0,115.194491798135,0,0,158.955087279859,0,0,0,0,0,187.77054666536,0,226.825099357786,0,98.417953423071,0,0,0,0,0,0,0,0,122.106946855269,0,0,95.7590805983148,142.054529471577
0,0,0,0,0,0,0,99.2646516363145,178.748963182352,0,0,101.443495235174,0,0,0,0,0,0,0,0,0,0,0,0,0,165.597665022977,0,0,0,0,0,0,0,0,247.66948903751,0,71.5579325720569,0,0,0,0
135.294330067913,0,0,0,0,0,104.369974912428,259.055025639447,0,0,0,67.8267069095267,0,0,0,0,0,0,0,0,0,0,208.005106191961,0,0,225.013371621378,0,289.631679007608,0,0,0,0,0,0,0,175.196329314064,228.075434767255,269.936825670274,0,0,94.126460729827
0,0,0,0,0,0,0,0,0,0,0,0,0,0,0,0,0,0,0,0,0,0,74.5815074003433,0,0,0,184.249961885477,0,0,0,0,0,0,0,151.075371308616,0,92.5207898118833,0,0,173.001559092555,0
154.142998692322,0,164.032723165762,146.465927798921,0,139.93285932648,0,124.698445421759,0,94.9380989123498,0,202.712457066107,0,89.9429017381717,76.5072790361762,115.868441404982,201.44584889478,0,143.005810983322,0,0,73.4795582048751,0,94.8881692391942,215.611029055736,93.5029580098427,90.1317194604647,120.912756812582,249.905610015455,0,0,0,0,0,262.382215657622,160.537522273714,137.177378802006,231.050882209,58.3493451392805,62.859596780235,194.442125915551
0,101.85207633558,0,0,0,80.8080171296381,0,0,197.486504603685,81.2827395071039,335.371040201042,128.405764333981,238.934743274142,0,153.672550905948,333.645516435298,0,0,150.161410108805,115.114253591495,0,0,0,85.7623170715703,0,241.635434294794,108.381749703452,85.6072705949986,145.74089716123,0,247.66948903751,0,151.075371308616,262.382215657622,0,348.674510760064,113.144980278377,329.719143597451,112.823430872325,151.806152521152,196.032358954952
0,0,0,74.7304794244225,306.344527664232,0,78.9559315574845,0,0,0,0,89.3673883748406,0,115.332064605654,0,146.99041817625,0,0,0,212.592150359921,276.620869034647,0,0,119.728129215699,0,163.945208919892,193.659409924573,178.683678585178,82.6426202489162,0,0,175.196329314064,0,160.537522273714,348.674510760064,0,0,89.707245288964,0,195.822649557859,173.201474590904
0,204.481117647118,0,0,154.065933476765,0,0,0,303.527509149359,157.852515740516,114.649126378906,192.601533877686,161.694997919804,261.440278806413,0,0,191.519780382943,112.349934713559,97.5855511246009,78.8552325762656,224.551207449728,165.893015276821,0,259.442917595754,193.777661225572,119.345624434514,137.189596148386,186.973586461633,94.7280504127031,122.106946855269,71.5579325720569,228.075434767255,92.5207898118833,137.177378802006,113.144980278377,0,0,174.013630695256,161.325017232684,193.63278243493,306.640284138334
0,188.936291522747,0,0,0,249.798812580765,0,0,0,162.833808134102,71.4788760670054,178.224497384947,0,0,206.472608421747,0,0,199.492852797962,181.316358113209,115.541295036174,128.846764897717,0,209.996727521564,0,240.185081663983,0,0,231.715271819474,148.808626413748,0,0,269.936825670274,0,231.050882209,329.719143597451,89.707245288964,174.013630695256,0,0,0,219.430938885781
0,0,0,98.2230592632363,161.275817184598,0,195.378266313867,163.059043292369,0,0,0,180.90030328818,0,242.790381480436,0,214.116367924649,0,0,96.5937438588657,188.851177466023,0,0,172.608400267715,0,0,0,196.04190773555,0,0,0,0,0,0,58.3493451392805,112.823430872325,0,161.325017232684,0,0,0,110.384905066973
0,0,0,151.036729364761,0,0,70.4221432298295,97.3232815600345,198.528111506785,190.185165668632,0,0,0,222.053792850439,0,154.070293657878,100.812745974529,0,177.763106506206,205.839960264176,218.045528847001,0,183.786860782462,101.350815329073,80.4367166559625,283.248188884028,108.136066660554,224.523755099568,138.33942793804,95.7590805983148,0,0,173.001559092555,62.859596780235,151.806152521152,195.822649557859,193.63278243493,0,0,0,252.487290983309
112.793316814908,0,0,0,227.504408813069,75.4497121078207,0,220.963068032256,0,104.915316975638,0,0,0,0,0,0,171.230058197369,0,0,167.066576495979,204.084074037941,0,81.9664354533492,151.695570509541,0,0,192.135034768848,114.511014214502,0,142.054529471577,0,94.126460729827,0,194.442125915551,196.032358954952,173.201474590904,306.640284138334,219.430938885781,110.384905066973,252.487290983309,0
