0,0,0,135.667029391615,0,0,0,0,0,0,0,0,0,0,0,0,0,0,0,0,0,78.9559315574845,153.609372090384,0,0,82.4756938751058,0,0,0,0,253.401634605989,0,0,0,0,0,0,0,0,119.728129215699,0
0,0,0,0,0,0,0,0,0,0,0,0,0,158.955087279859,0,0,0,0,0,220.963068032256,0,0,142.054529471577,0,0,0,0,0,0,0,0,0,0,94.7529894315991,0,94.027247878695,321.864157986053,66.5008477853491,0,0,0
0,0,0,0,0,0,0,0,0,0,0,0,0,0,0,0,0,116.054372245433,0,0,0,0,0,0,0,0,146.770754374523,0,0,0,0,0,0,120.912756812582,0,241.682021696872,262.382215657622,0,0,0,0
135.667029391615,0,0,0,0,0,247.66948903751,0,0,323.781250289068,0,0,0,242.790381480436,0,0,0,0,0,0,252.487290983309,0,118.522099274347,0,269.936825670274,0,0,338.131802716296,0,249.905610015455,0,0,0,113.144980278377,84.3635741045246,0,180.355266595273,180.543851962045,0,0,0
0,0,0,0,0,0,0,0,231.050882209,0,0,0,0,112.823430872325,141.204637091722,0,0,0,0,335.371040201042,100.812745974529,0,0,158.567996645797,0,289.631679007608,0,0,92.5568465385234,0,0,261.440278806413,115.332064605654,0,143.005810983322,0,193.63278243493,137.239127032733,0,192.693757128262,0
0,0,0,0,0,0,140.574866691684,240.185081663983,0,146.99041817625,0,104.369974912428,0,0,0,0,0,0,184.249961885477,0,0,94.8881692391942,101.605593487621,0,238.934743274142,0,0,226.825099357786,194.442125915551,0,0,0,0,122.106946855269,163.059043292369,0,0,0,153.672550905948,80.4367166559625,0
0,0,0,247.66948903751,0,140.574866691684,0,0,0,0,0,0,0,0,0,0,0,0,0,0,116.176698124939,0,208.005106191961,0,0,0,0,171.906398392157,187.77054666536,0,0,99.2646516363145,125.416941482916,0,82.6299537488922,139.93285932648,276.620869034647,154.142998692322,0,108.381749703452,0
0,0,0,0,0,240.185081663983,0,0,0,197.486504603685,0,186.348837226466,0,0,72.2278283150671,0,0,101.85207633558,0,0,0,0,284.529238481835,80.8080171296381,0,133.218162784108,0,181.316358113209,138.33942793804,0,0,348.674510760064,0,193.055010680236,85.7623170715703,0,0,0,213.67670887414,117.208001126138,113.059176128709
0,0,0,0,231.050882209,0,0,0,0,0,0,0,0,0,0,0,214.116367924649,0,137.189596148386,92.3502314520023,0,0,0,0,0,0,0,134.566479261133,212.592150359921,0,0,0,0,283.248188884028,0,259.442917595754,0,255.441154257905,206.472608421747,195.314816908693,0
0,0,0,323.781250289068,0,146.99041817625,0,197.486504603685,0,0,0,169.742003380707,0,347.376449530863,0,0,0,0,0,0,241.635434294794,0,186.973586461633,169.453147353278,101.350815329073,357.423078228283,192.601533877686,0,151.806152521152,0,0,0,0,106.33736463831,0,236.681907140956,78.8552325762656,104.915316975638,0,202.712457066107,222.053792850439
0,0,0,0,0,0,0,0,0,0,0,0,0,283.88658203332,180.90030328818,124.698445421759,0,200.878319874537,0,0,81.2827395071039,0,89.3673883748406,0,0,101.443495235174,151.695570509541,0,204.084074037941,0,115.871357769661,0,0,306.344527664232,228.792310020318,0,76.5072790361762,224.523755099568,0,142.385058730083,167.066576495979
0,0,0,0,0,104.369974912428,0,186.348837226466,0,169.742003380707,0,0,0,198.528111506785,0,151.075371308616,0,0,188.851177466023,0,106.926813611922,62.311273509377,0,103.519938150021,155.24952173131,164.032723165762,97.5855511246009,146.465927798921,135.294330067913,136.792307586862,309.997227542691,0,0,96.5937438588657,98.2230592632363,0,174.013630695256,0,0,227.504408813069,179.718364159796
0,0,0,0,0,0,0,0,0,0,0,0,0,0,0,0,97.3232815600345,0,0,0,0,0,0,0,0,0,85.6072705949986,87.8456058929559,0,0,0,0,0,0,131.969743415579,0,333.645516435298,0,0,0,96.7845769653343
0,158.955087279859,0,242.790381480436,112.823430872325,0,0,0,0,347.376449530863,283.88658203332,198.528111506785,0,0,0,0,0,221.805809452716,0,0,0,74.4197823064597,0,0,0,0,0,101.5853655613,0,0,0,125.994729980093,0,0,0,220.901129804706,128.846764897717,108.136066660554,0,0,261.605527103798
0,0,0,0,141.204637091722,0,0,72.2278283150671,0,0,180.90030328818,0,0,0,0,0,0,0,205.183249704085,0,0,99.3508940827211,0,75.4497121078207,0,0,165.597665022977,115.194491798135,155.901486485736,0,0,0,0,114.511014214502,250.461724766314,0,0,0,90.7216186966914,0,0
0,0,0,0,0,0,0,0,0,0,124.698445421759,151.075371308616,0,0,0,0,0,251.098274723989,0,0,89.1590885155172,0,0,0,0,0,95.7590805983148,196.04190773555,224.551207449728,0,0,0,0,139.654362654449,153.453047983244,74.7304794244225,62.859596780235,0,0,0,0
0,0,0,0,0,0,0,0,214.116367924649,0,0,0,97.3232815600345,0,0,0,0,0,160.537522273714,0,0,0,0,0,0,0,0,0,178.683678585178,98.6790043377568,0,0,0,197.893790332676,196.032358954952,136.685314494491,0,0,0,119.345624434514,228.075434767255
0,0,116.054372245433,0,0,0,0,101.85207633558,0,0,200.878319874537,0,0,221.805809452716,0,251.098274723989,0,0,0,0,0,0,0,157.852515740516,0,0,0,115.868441404982,0,0,0,0,0,172.892533368851,0,0,0,0,0,0,138.425725342224
0,0,0,0,0,184.249961885477,0,0,137.189596148386,0,0,188.851177466023,0,0,205.183249704085,0,160.537522273714,0,0,0,0,0,0,81.9664354533492,0,219.078548227669,0,209.996727521564,0,0,0,0,0,151.01089327964,73.4795582048751,58.3493451392805,0,0,0,137.177378802006,0
0,220.963068032256,0,0,335.371040201042,0,0,0,92.3502314520023,0,0,0,0,0,0,0,0,0,0,0,0,162.833808134102,353.822894641502,0,89.9429017381717,0,133.984214699576,165.893015276821,219.040656038919,0,193.659409924573,0,0,303.527509149359,148.808626413748,211.840482897052,71.4788760670054,97.3506957544063,67.8267069095267,0,70.4221432298295
0,0,0,252.487290983309,100.812745974529,0,116.176698124939,0,0,241.635434294794,81.2827395071039,106.926813611922,0,0,0,89.1590885155172,0,0,0,0,0,0,0,110.384905066973,0,71.5579325720569,178.748963182352,345.797434674459,0,0,0,0,0,0,0,0,177.763106506206,201.100640800745,0,0,0
78.9559315574845,0,0,0,0,94.8881692391942,0,0,0,0,0,62.311273509377,0,74.4197823064597,99.3508940827211,0,0,0,0,162.833808134102,0,0,0,0,0,0,0,0,0,0,0,0,0,0,0,0,218.045528847001,0,0,0,198.964527389285
153.609372090384,142.054529471577,0,118.522099274347,0,101.605593487621,208.005106191961,284.529238481835,0,186.973586461633,89.3673883748406,0,0,0,0,0,0,0,0,353.822894641502,0,0,0,93.5029580098427,0,0,0,0,0,0,0,325.937289045041,0,0,215.611029055736,151.036729364761,161.275817184598,0,0,0,111.226326353722
0,0,0,0,158.567996645797,0,0,80.8080171296381,0,169.453147353278,0,103.519938150021,0,0,75.4497121078207,0,0,157.852515740516,81.9664354533492,0,110.384905066973,0,93.5029580098427,0,0,231.715271819474,114.649126378906,201.44584889478,259.055025639447,0,0,73.1029054543569,0,115.541295036174,173.201474590904,0,172.608400267715,0,112.349934713559,0,314.611698427915
0,0,0,269.936825670274,0,238.934743274142,0,0,0,101.350815329073,0,155.24952173131,0,0,0,0,0,0,0,89.9429017381717,0,0,0,0,0,0,0,192.135034768848,0,0,0,0,0,0,321.124897279917,0,0,204.481117647118,0,232.945974238958,168.241326865882
82.4756938751058,0,0,0,289.631679007608,0,0,133.218162784108,0,357.423078228283,101.443495235174,164.032723165762,0,0,0,0,0,0,219.078548227669,0,71.5579325720569,0,0,231.715271819474,0,0,223.705816669619,219.430938885781,124.853650664477,89.707245288964,0,101.895308036513,0,0,146.814226519809,0,94.126460729827,159.183173818572,153.876396855887,217.157696745803,93.4234866874731
0,0,146.770754374523,0,0,0,0,0,0,192.601533877686,151.695570509541,97.5855511246009,85.6072705949986,0,165.597665022977,95.7590805983148,0,0,0,133.984214699576,178.748963182352,0,0,114.649126378906,0,223.705816669619,0,178.224497384947,0,128.530575464043,0,0,0,320.356811100276,160.530221557972,98.417953423071,94.9380989123498,306.640284138334,0,173.538155409849,106.128596538706
0,0,0,338.131802716296,0,226.825099357786,171.906398392157,181.316358113209,134.566479261133,0,0,146.465927798921,87.8456058929559,101.5853655613,115.194491798135,196.04190773555,0,115.868441404982,209.996727521564,165.893015276821,345.797434674459,0,0,201.44584889478,192.135034768848,219.430938885781,178.224497384947,0,0,173.059382066957,0,0,0,154.065933476765,161.302948562323,61.0664810463559,205.839960264176,111.435629183184,120.567029282014,82.6426202489162,145.74089716123
0,0,0,0,92.5568465385234,194.442125915551,187.77054666536,138.33942793804,212.592150359921,151.806152521152,204.084074037941,135.294330067913,0,0,155.901486485736,224.551207449728,178.683678585178,0,0,219.040656038919,0,0,0,259.055025639447,0,124.853650664477,0,0,0,115.114253591495,0,0,183.786860782462,206.912707094411,199.492852797962,0,90.1317194604647,175.196329314064,154.070293657878,0,0
0,0,0,249.905610015455,0,0,0,0,0,0,0,136.792307586862,0,0,0,0,98.6790043377568,0,0,0,0,0,0,0,0,89.707245288964,128.530575464043,173.059382066957,115.114253591495,0,0,0,0,0,0,190.185165668632,191.519780382943,0,0,195.822649557859,161.325017232684
253.401634605989,0,0,0,0,0,0,0,0,0,115.871357769661,309.997227542691,0,0,0,0,0,0,0,193.659409924573,0,0,0,0,0,0,0,0,0,0,0,0,0,0,0,128.405764333981,0,0,0,188.936291522747,0
0,0,0,0,261.440278806413,0,99.2646516363145,348.674510760064,0,0,0,0,0,125.994729980093,0,0,0,0,0,0,0,0,325.937289045041,73.1029054543569,0,101.895308036513,0,0,0,0,0,0,0,0,0,0,263.534399241887,125.81518738273,300.031143529538,171.230058197369,0
0,0,0,0,115.332064605654,0,125.416941482916,0,0,0,0,0,0,0,0,0,0,0,0,0,0,0,0,0,0,0,0,0,183.786860782462,0,0,0,0,225.013371621378,0,0,109.093416850988,0,0,0,0
0,94.7529894315991,120.912756812582,113.144980278377,0,122.106946855269,0,193.055010680236,283.248188884028,106.33736463831,306.344527664232,96.5937438588657,0,0,114.511014214502,139.654362654449,197.893790332676,172.892533368851,151.01089327964,303.527509149359,0,0,0,115.541295036174,0,0,320.356811100276,154.065933476765,206.912707094411,0,0,0,225.013371621378,0,205.09013266389,106.533627130087,94.7280504127031,74.5815074003433,195.378266313867,161.694997919804,0
0,0,0,84.3635741045246,143.005810983322,163.059043292369,82.6299537488922,85.7623170715703,0,0,228.792310020318,98.2230592632363,131.969743415579,0,250.461724766314,153.453047983244,196.032358954952,0,73.4795582048751,148.808626413748,0,0,215.611029055736,173.201474590904,321.124897279917,146.814226519809,160.530221557972,161.302948562323,199.492852797962,0,0,0,0,205.09013266389,0,150.161410108805,173.001559092555,0,249.798812580765,329.719143597451,0
0,94.027247878695,241.682021696872,0,0,0,139.93285932648,0,259.442917595754,236.681907140956,0,0,0,220.901129804706,0,74.7304794244225,136.685314494491,0,58.3493451392805,211.840482897052,0,0,151.036729364761,0,0,0,98.417953423071,61.0664810463559,0,190.185165668632,128.405764333981,0,0,106.533627130087,150.161410108805,0,193.777661225572,0,0,154.784755881607,0
0,321.864157986053,262.382215657622,180.355266595273,193.63278243493,0,276.620869034647,0,0,78.8552325762656,76.5072790361762,174.013630695256,333.645516435298,128.846764897717,0,62.859596780235,0,0,0,71.4788760670054,177.763106506206,218.045528847001,161.275817184598,172.608400267715,0,94.126460729827,94.9380989123498,205.839960264176,90.1317194604647,191.519780382943,0,263.534399241887,109.093416850988,94.7280504127031,173.001559092555,193.777661225572,0,280.376028997576,82.1742780037132,161.74915061469,241.57250333243
0,66.5008477853491,0,180.543851962045,137.239127032733,0,154.142998692322,0,255.441154257905,104.915316975638,224.523755099568,0,0,108.136066660554,0,0,0,0,0,97.3506957544063,201.100640800745,0,0,0,204.481117647118,159.183173818572,306.640284138334,111.435629183184,175.196329314064,0,0,125.81518738273,0,74.5815074003433,0,0,280.376028997576,0,0,134.960780198024,163.945208919892
0,0,0,0,0,153.672550905948,0,213.67670887414,206.472608421747,0,0,0,0,0,90.7216186966914,0,0,0,0,67.8267069095267,0,0,0,112.349934713559,0,153.876396855887,0,120.567029282014,154.070293657878,0,0,300.031143529538,0,195.378266313867,249.798812580765,0,82.1742780037132,0,0,139.792601838991,112.793316814908
119.728129215699,0,0,0,192.693757128262,80.4367166559625,108.381749703452,117.208001126138,195.314816908693,202.712457066107,142.385058730083,227.504408813069,0,0,0,0,119.345624434514,0,137.177378802006,0,0,0,0,0,232.945974238958,217.157696745803,173.538155409849,82.6426202489162,0,195.822649557859,188.936291522747,171.230058197369,0,161.694997919804,329.719143597451,154.784755881607,161.74915061469,134.960780198024,139.792601838991,0,92.5207898118833
0,0,0,0,0,0,0,113.059176128709,0,222.053792850439,167.066576495979,179.718364159796,96.7845769653343,261.605527103798,0,0,228.075434767255,138.425725342224,0,70.4221432298295,0,198.964527389285,111.226326353722,314.611698427915,168.241326865882,93.4234866874731,106.128596538706,145.74089716123,0,161.325017232684,0,0,0,0,0,0,241.57250333243,163.945208919892,112.793316814908,92.5207898118833,0
