0,0,0,0,0,0,0,0,0,0,0,0,0,0,0,0,0,0,0,197.486504603685,135.294330067913,0,0,0,0,0,0,94.8881692391942,0,110.384905066973,0,0,0,0,0,0,240.185081663983,0,0,0,224.523755099568
0,0,0,0,72.2278283150671,0,0,0,0,0,92.5207898118833,98.6790043377568,0,0,0,0,0,0,0,0,0,0,0,0,0,71.5579325720569,0,67.8267069095267,0,0,0,0,0,0,0,0,89.3673883748406,0,0,120.912756812582,0
0,0,0,0,0,0,0,0,0,0,0,0,0,0,0,0,0,0,0,0,94.027247878695,0,0,199.492852797962,0,0,0,93.5029580098427,329.719143597451,0,0,0,0,66.5008477853491,0,0,0,0,0,0,0
0,0,0,0,228.075434767255,249.798812580765,0,0,0,0,0,0,0,0,161.302948562323,0,0,0,0,0,0,0,321.124897279917,228.792310020318,89.707245288964,0,0,192.693757128262,115.332064605654,0,0,0,0,142.385058730083,179.718364159796,0,263.534399241887,0,0,74.5815074003433,173.059382066957
0,72.2278283150671,0,228.075434767255,0,0,0,0,0,124.698445421759,251.098274723989,0,0,0,137.239127032733,0,204.084074037941,0,0,101.85207633558,0,0,0,289.631679007608,0,241.635434294794,0,193.777661225572,0,261.605527103798,0,0,0,205.09013266389,111.226326353722,0,0,249.905610015455,0,0,0
0,0,0,249.798812580765,0,0,0,306.640284138334,165.597665022977,193.63278243493,146.770754374523,0,0,118.522099274347,0,0,0,0,0,0,0,0,0,0,0,206.912707094411,300.031143529538,0,0,0,116.176698124939,0,0,120.567029282014,139.792601838991,0,137.177378802006,0,0,283.248188884028,80.8080171296381
0,0,0,0,0,0,0,0,0,112.793316814908,224.551207449728,0,0,0,213.67670887414,0,0,0,0,116.054372245433,283.88658203332,0,0,0,0,0,0,252.487290983309,0,0,0,0,0,231.050882209,154.065933476765,211.840482897052,261.440278806413,227.504408813069,0,226.825099357786,111.435629183184
0,0,0,0,0,306.640284138334,0,0,113.059176128709,201.44584889478,0,0,0,0,0,161.694997919804,0,0,0,0,195.378266313867,0,74.7304794244225,151.806152521152,0,135.667029391615,175.196329314064,153.672550905948,119.728129215699,0,0,0,0,92.5568465385234,94.7529894315991,128.846764897717,106.926813611922,0,0,0,146.465927798921
0,0,0,0,0,165.597665022977,0,113.059176128709,0,0,0,0,0,154.784755881607,0,0,0,171.230058197369,0,0,0,0,113.144980278377,0,0,0,124.853650664477,0,0,0,0,0,0,99.3508940827211,0,0,0,73.4795582048751,103.519938150021,145.74089716123,104.915316975638
0,0,0,0,124.698445421759,193.63278243493,112.793316814908,201.44584889478,0,0,0,280.376028997576,0,0,0,0,151.01089327964,0,0,74.4197823064597,0,0,0,0,242.790381480436,82.6299537488922,0,206.472608421747,0,0,133.984214699576,0,188.936291522747,134.566479261133,186.348837226466,0,161.325017232684,0,119.345624434514,108.136066660554,98.2230592632363
0,92.5207898118833,0,0,251.098274723989,146.770754374523,224.551207449728,0,0,0,0,81.9664354533492,0,0,0,0,0,0,0,0,0,0,0,0,0,98.417953423071,73.1029054543569,115.541295036174,212.592150359921,193.055010680236,0,259.442917595754,0,101.5853655613,97.3506957544063,0,306.344527664232,169.453147353278,108.381749703452,0,0
0,98.6790043377568,0,0,0,0,0,0,0,280.376028997576,81.9664354533492,0,0,71.4788760670054,0,0,128.530575464043,0,0,168.241326865882,0,137.189596148386,0,247.66948903751,81.2827395071039,0,159.183173818572,219.078548227669,164.032723165762,100.812745974529,0,0,0,232.945974238958,236.681907140956,191.519780382943,82.1742780037132,80.4367166559625,76.5072790361762,325.937289045041,140.574866691684
0,0,0,0,0,0,0,0,0,0,0,0,0,0,0,0,0,0,178.224497384947,0,94.9380989123498,0,0,0,0,0,0,0,0,0,0,0,0,146.814226519809,225.013371621378,0,85.6072705949986,0,0,89.9429017381717,0
0,0,0,0,0,118.522099274347,0,0,154.784755881607,0,0,71.4788760670054,0,0,184.249961885477,218.045528847001,0,0,0,0,96.7845769653343,0,0,0,205.183249704085,202.712457066107,0,142.054529471577,0,0,0,0,0,0,163.059043292369,183.786860782462,198.964527389285,99.2646516363145,0,0,97.5855511246009
0,0,0,161.302948562323,137.239127032733,0,213.67670887414,0,0,0,0,0,0,184.249961885477,0,0,0,0,0,0,0,0,0,0,78.9559315574845,0,153.609372090384,192.135034768848,0,0,0,0,0,0,190.185165668632,84.3635741045246,214.116367924649,0,0,345.797434674459,82.6426202489162
0,0,0,0,0,0,0,161.694997919804,0,0,0,0,0,218.045528847001,0,0,0,0,0,0,0,0,141.204637091722,173.538155409849,61.0664810463559,0,0,109.093416850988,0,0,139.93285932648,0,205.839960264176,0,0,333.645516435298,221.805809452716,0,0,215.611029055736,0
0,0,0,0,204.084074037941,0,0,0,0,151.01089327964,0,128.530575464043,0,0,0,0,0,0,303.527509149359,0,0,0,195.314816908693,0,0,0,193.659409924573,0,0,82.4756938751058,0,0,0,177.763106506206,0,0,200.878319874537,0,0,0,209.996727521564
0,0,0,0,0,0,0,0,171.230058197369,0,0,0,0,0,0,0,0,0,0,219.430938885781,0,0,0,122.106946855269,0,85.7623170715703,0,309.997227542691,192.601533877686,0,0,0,0,62.859596780235,148.808626413748,0,0,115.868441404982,0,0,0
0,0,0,0,0,0,0,0,0,0,0,0,178.224497384947,0,0,0,303.527509149359,0,0,143.005810983322,0,197.893790332676,0,150.161410108805,0,136.685314494491,0,0,0,0,0,0,0,0,323.781250289068,158.955087279859,106.533627130087,117.208001126138,112.349934713559,0,338.131802716296
197.486504603685,0,0,0,101.85207633558,0,116.054372245433,0,0,74.4197823064597,0,168.241326865882,0,0,0,0,0,219.430938885781,143.005810983322,0,0,0,0,241.682021696872,0,0,160.537522273714,133.218162784108,187.77054666536,128.405764333981,0,0,0,0,250.461724766314,259.055025639447,198.528111506785,238.934743274142,178.683678585178,0,0
135.294330067913,0,94.027247878695,0,0,0,283.88658203332,195.378266313867,0,0,0,0,94.9380989123498,96.7845769653343,0,0,0,0,0,0,0,0,131.969743415579,0,0,0,223.705816669619,0,173.201474590904,0,0,173.001559092555,0,0,284.529238481835,0,174.013630695256,0,196.04190773555,0,0
0,0,0,0,0,0,0,0,0,0,0,137.189596148386,0,0,0,0,0,0,197.893790332676,0,0,0,0,0,0,169.742003380707,0,151.036729364761,180.543851962045,0,0,162.833808134102,0,0,0,0,0,0,0,138.425725342224,101.350815329073
0,0,0,321.124897279917,0,0,0,74.7304794244225,113.144980278377,0,0,0,0,0,0,141.204637091722,195.314816908693,0,0,0,131.969743415579,0,0,0,0,125.81518738273,0,78.8552325762656,0,0,92.3502314520023,0,0,146.99041817625,0,171.906398392157,0,87.8456058929559,101.895308036513,90.1317194604647,112.823430872325
0,0,199.492852797962,228.792310020318,289.631679007608,0,0,151.806152521152,0,0,0,247.66948903751,0,0,0,173.538155409849,0,122.106946855269,150.161410108805,241.682021696872,0,0,0,0,0,93.4234866874731,172.608400267715,204.481117647118,0,0,0,0,0,101.443495235174,335.371040201042,58.3493451392805,241.57250333243,0,253.401634605989,154.142998692322,75.4497121078207
0,0,0,89.707245288964,0,0,0,0,0,242.790381480436,0,81.2827395071039,0,205.183249704085,78.9559315574845,61.0664810463559,0,0,0,0,0,0,0,0,0,0,125.416941482916,0,220.901129804706,0,0,0,0,0,0,0,172.892533368851,139.654362654449,0,0,0
0,71.5579325720569,0,0,241.635434294794,206.912707094411,0,135.667029391615,0,82.6299537488922,98.417953423071,0,0,202.712457066107,0,0,0,85.7623170715703,136.685314494491,0,0,169.742003380707,125.81518738273,93.4234866874731,0,0,201.100640800745,0,157.852515740516,0,0,180.90030328818,194.442125915551,161.74915061469,0,220.963068032256,347.376449530863,0,0,95.7590805983148,0
0,0,0,0,0,300.031143529538,0,175.196329314064,124.853650664477,0,73.1029054543569,159.183173818572,0,0,153.609372090384,0,193.659409924573,0,0,160.537522273714,223.705816669619,0,0,172.608400267715,125.416941482916,201.100640800745,0,125.994729980093,115.871357769661,151.075371308616,0,89.1590885155172,0,222.053792850439,114.511014214502,0,348.674510760064,178.748963182352,0,0,0
94.8881692391942,67.8267069095267,93.5029580098427,192.693757128262,193.777661225572,0,252.487290983309,153.672550905948,0,206.472608421747,115.541295036174,219.078548227669,0,142.054529471577,192.135034768848,109.093416850988,0,309.997227542691,0,133.218162784108,0,151.036729364761,78.8552325762656,204.481117647118,0,0,125.994729980093,0,106.33736463831,0,70.4221432298295,0,0,0,208.005106191961,158.567996645797,217.157696745803,0,94.126460729827,188.851177466023,106.128596538706
0,0,329.719143597451,115.332064605654,0,0,0,119.728129215699,0,0,212.592150359921,164.032723165762,0,0,0,0,0,192.601533877686,0,187.77054666536,173.201474590904,180.543851962045,0,0,220.901129804706,157.852515740516,115.871357769661,106.33736463831,0,0,0,154.070293657878,0,155.24952173131,320.356811100276,138.33942793804,314.611698427915,90.7216186966914,136.792307586862,0,62.311273509377
110.384905066973,0,0,0,261.605527103798,0,0,0,0,0,193.055010680236,100.812745974529,0,0,0,0,82.4756938751058,0,0,128.405764333981,0,0,0,0,0,0,151.075371308616,0,0,0,0,0,0,153.876396855887,0,97.3232815600345,163.945208919892,0,0,321.864157986053,0
0,0,0,0,0,116.176698124939,0,0,0,133.984214699576,0,0,0,0,0,139.93285932648,0,0,0,0,0,0,92.3502314520023,0,0,0,0,70.4221432298295,0,0,0,155.901486485736,0,0,0,0,0,0,0,0,0
0,0,0,0,0,0,0,0,0,0,259.442917595754,0,0,0,0,0,0,0,0,0,173.001559092555,162.833808134102,0,0,0,180.90030328818,89.1590885155172,0,154.070293657878,0,155.901486485736,0,276.620869034647,0,0,0,196.032358954952,96.5937438588657,0,181.316358113209,0
0,0,0,0,0,0,0,0,0,188.936291522747,0,0,0,0,0,205.839960264176,0,0,0,0,0,0,0,0,0,194.442125915551,0,0,0,0,0,276.620869034647,0,0,0,0,0,0,0,186.973586461633,0
0,0,66.5008477853491,142.385058730083,205.09013266389,120.567029282014,231.050882209,92.5568465385234,99.3508940827211,134.566479261133,101.5853655613,232.945974238958,146.814226519809,0,0,0,177.763106506206,62.859596780235,0,0,0,0,146.99041817625,101.443495235174,0,161.74915061469,222.053792850439,0,155.24952173131,153.876396855887,0,0,0,0,101.605593487621,114.649126378906,255.441154257905,262.382215657622,160.530221557972,104.369974912428,167.066576495979
0,0,0,179.718364159796,111.226326353722,139.792601838991,154.065933476765,94.7529894315991,0,186.348837226466,97.3506957544063,236.681907140956,225.013371621378,163.059043292369,190.185165668632,0,0,148.808626413748,323.781250289068,250.461724766314,284.529238481835,0,0,335.371040201042,0,0,114.511014214502,208.005106191961,320.356811100276,0,0,0,0,101.605593487621,0,353.822894641502,115.114253591495,151.695570509541,0,180.355266595273,269.936825670274
0,0,0,0,0,0,211.840482897052,128.846764897717,0,0,0,191.519780382943,0,183.786860782462,84.3635741045246,333.645516435298,0,0,158.955087279859,259.055025639447,0,0,171.906398392157,58.3493451392805,0,220.963068032256,0,158.567996645797,138.33942793804,97.3232815600345,0,0,0,114.649126378906,353.822894641502,0,0,195.822649557859,0,165.893015276821,231.715271819474
240.185081663983,89.3673883748406,0,263.534399241887,0,137.177378802006,261.440278806413,106.926813611922,0,161.325017232684,306.344527664232,82.1742780037132,85.6072705949986,198.964527389285,214.116367924649,221.805809452716,200.878319874537,0,106.533627130087,198.528111506785,174.013630695256,0,0,241.57250333243,172.892533368851,347.376449530863,348.674510760064,217.157696745803,314.611698427915,163.945208919892,0,196.032358954952,0,255.441154257905,115.114253591495,0,0,357.423078228283,115.194491798135,219.040656038919,0
0,0,0,0,249.905610015455,0,227.504408813069,0,73.4795582048751,0,169.453147353278,80.4367166559625,0,99.2646516363145,0,0,0,115.868441404982,117.208001126138,238.934743274142,0,0,87.8456058929559,0,139.654362654449,0,178.748963182352,0,90.7216186966914,0,0,96.5937438588657,0,262.382215657622,151.695570509541,195.822649557859,357.423078228283,0,153.453047983244,134.960780198024,0
0,0,0,0,0,0,0,0,103.519938150021,119.345624434514,108.381749703452,76.5072790361762,0,0,0,0,0,0,112.349934713559,178.683678585178,196.04190773555,0,101.895308036513,253.401634605989,0,0,0,94.126460729827,136.792307586862,0,0,0,0,160.530221557972,0,0,115.194491798135,153.453047983244,0,161.275817184598,0
0,120.912756812582,0,74.5815074003433,0,283.248188884028,226.825099357786,0,145.74089716123,108.136066660554,0,325.937289045041,89.9429017381717,0,345.797434674459,215.611029055736,0,0,0,0,0,138.425725342224,90.1317194604647,154.142998692322,0,95.7590805983148,0,188.851177466023,0,321.864157986053,0,181.316358113209,186.973586461633,104.369974912428,180.355266595273,165.893015276821,219.040656038919,134.960780198024,161.275817184598,0,94.7280504127031
224.523755099568,0,0,173.059382066957,0,80.8080171296381,111.435629183184,146.465927798921,104.915316975638,98.2230592632363,0,140.574866691684,0,97.5855511246009,82.6426202489162,0,209.996727521564,0,338.131802716296,0,0,101.350815329073,112.823430872325,75.4497121078207,0,0,0,106.128596538706,62.311273509377,0,0,0,0,167.066576495979,269.936825670274,231.715271819474,0,0,0,94.7280504127031,0
