0,0,0,0,250.461724766314,0,0,0,0,0,0,0,0,146.99041817625,0,321.864157986053,0,0,0,0,0,0,106.33736463831,0,0,0,0,0,0,0,0,0,0,0,0,0,0,0,0,171.230058197369,320.356811100276
0,0,0,0,0,0,0,0,0,150.161410108805,0,0,0,0,0,0,0,0,0,73.1029054543569,0,0,0,0,0,0,0,178.748963182352,81.9664354533492,0,0,0,0,119.728129215699,0,0,195.314816908693,0,0,0,253.401634605989
0,0,0,0,0,0,0,0,0,0,0,0,0,0,0,0,0,0,0,0,0,0,0,0,0,219.078548227669,0,116.176698124939,0,0,0,0,0,78.8552325762656,0,0,195.378266313867,0,195.822649557859,0,0
0,0,0,0,0,0,0,137.177378802006,0,74.4197823064597,93.5029580098427,72.2278283150671,115.194491798135,0,0,0,0,0,0,0,119.345624434514,0,0,0,0,353.822894641502,0,220.963068032256,247.66948903751,0,0,0,0,218.045528847001,0,241.635434294794,146.465927798921,0,0,0,171.906398392157
250.461724766314,0,0,0,0,0,0,133.218162784108,224.551207449728,0,0,0,0,78.9559315574845,136.685314494491,0,0,0,201.100640800745,0,0,0,0,211.840482897052,0,262.382215657622,199.492852797962,193.63278243493,0,303.527509149359,0,0,0,0,0,95.7590805983148,180.355266595273,165.893015276821,0,0,0
0,0,0,0,0,0,0,0,0,0,108.136066660554,209.996727521564,0,151.806152521152,0,92.3502314520023,0,0,206.912707094411,0,0,323.781250289068,0,0,0,153.453047983244,0,92.5207898118833,0,0,0,0,0,227.504408813069,231.050882209,0,101.895308036513,158.567996645797,154.142998692322,0,192.693757128262
0,0,0,0,0,0,0,0,76.5072790361762,0,161.275817184598,99.2646516363145,0,99.3508940827211,58.3493451392805,0,0,0,0,0,0,89.1590885155172,0,0,0,146.814226519809,0,104.915316975638,0,0,101.350815329073,0,0,140.574866691684,0,114.511014214502,261.440278806413,80.8080171296381,0,0,0
0,0,0,137.177378802006,133.218162784108,0,0,0,0,146.770754374523,0,110.384905066973,198.528111506785,103.519938150021,0,0,0,0,0,137.239127032733,0,0,0,74.5815074003433,0,179.718364159796,115.871357769661,0,187.77054666536,74.7304794244225,0,283.88658203332,0,0,180.90030328818,62.311273509377,0,238.934743274142,0,0,0
0,0,0,0,224.551207449728,0,76.5072790361762,0,0,173.001559092555,0,309.997227542691,106.533627130087,0,0,0,0,197.893790332676,0,0,0,0,0,0,0,145.74089716123,0,204.084074037941,73.4795582048751,0,0,0,0,0,0,0,173.201474590904,0,276.620869034647,0,0
0,150.161410108805,0,74.4197823064597,0,0,0,146.770754374523,173.001559092555,0,357.423078228283,255.441154257905,0,101.85207633558,0,106.128596538706,139.792601838991,135.294330067913,0,0,135.667029391615,0,205.09013266389,0,0,0,0,249.905610015455,220.901129804706,0,0,0,0,134.566479261133,0,173.538155409849,0,249.798812580765,0,0,89.3673883748406
0,0,0,93.5029580098427,0,108.136066660554,161.275817184598,0,0,357.423078228283,0,0,0,0,0,82.4756938751058,0,0,0,169.742003380707,161.74915061469,0,61.0664810463559,125.416941482916,0,82.6299537488922,0,0,0,0,125.81518738273,0,0,0,204.481117647118,283.248188884028,124.698445421759,0,0,172.608400267715,161.694997919804
0,0,0,72.2278283150671,0,209.996727521564,99.2646516363145,110.384905066973,309.997227542691,255.441154257905,0,0,0,0,0,0,0,128.846764897717,0,219.040656038919,214.116367924649,0,198.964527389285,183.786860782462,75.4497121078207,0,226.825099357786,194.442125915551,205.839960264176,0,0,0,0,82.6426202489162,329.719143597451,0,0,191.519780382943,66.5008477853491,231.715271819474,208.005106191961
0,0,0,115.194491798135,0,0,0,198.528111506785,106.533627130087,0,0,0,0,0,0,0,0,0,0,0,0,0,0,348.674510760064,0,0,0,0,0,0,0,0,0,169.453147353278,0,0,161.325017232684,0,0,0,0
146.99041817625,0,0,0,78.9559315574845,151.806152521152,99.3508940827211,103.519938150021,0,101.85207633558,0,0,0,0,0,0,213.67670887414,0,0,0,0,0,0,0,0,0,0,0,162.833808134102,115.541295036174,0,0,0,111.435629183184,0,178.224497384947,217.157696745803,98.417953423071,0,0,325.937289045041
0,0,0,0,136.685314494491,0,58.3493451392805,0,0,0,0,0,0,0,0,0,0,0,221.805809452716,280.376028997576,0,0,175.196329314064,173.059382066957,0,0,154.784755881607,128.530575464043,80.4367166559625,0,0,0,0,0,96.5937438588657,0,167.066576495979,0,0,108.381749703452,0
321.864157986053,0,0,0,0,92.3502314520023,0,0,0,106.128596538706,82.4756938751058,0,0,0,0,0,0,0,94.126460729827,289.631679007608,163.945208919892,0,0,0,0,0,82.1742780037132,205.183249704085,0,0,0,0,0,0,0,0,306.344527664232,0,0,0,177.763106506206
0,0,0,0,0,0,0,0,0,139.792601838991,0,0,0,213.67670887414,0,0,0,0,0,0,0,0,116.054372245433,0,0,181.316358113209,137.189596148386,134.960780198024,0,0,0,0,0,0,111.226326353722,0,0,0,89.707245288964,139.654362654449,100.812745974529
0,0,0,0,0,0,0,0,197.893790332676,135.294330067913,0,128.846764897717,0,0,0,0,0,0,0,0,0,0,0,228.792310020318,98.6790043377568,94.9380989123498,157.852515740516,0,0,0,0,0,0,0,142.054529471577,120.567029282014,0,0,0,0,0
0,0,0,0,201.100640800745,206.912707094411,0,0,0,0,0,0,0,0,221.805809452716,94.126460729827,0,0,0,0,0,0,0,153.672550905948,0,115.114253591495,93.4234866874731,212.592150359921,225.013371621378,0,151.01089327964,0,0,241.57250333243,0,0,0,0,0,193.055010680236,0
0,73.1029054543569,0,0,0,0,0,137.239127032733,0,0,169.742003380707,219.040656038919,0,0,280.376028997576,289.631679007608,0,0,0,0,0,0,0,0,138.33942793804,224.523755099568,202.712457066107,112.793316814908,0,0,0,138.425725342224,0,113.144980278377,154.070293657878,109.093416850988,165.597665022977,0,223.705816669619,0,269.936825670274
0,0,0,119.345624434514,0,0,0,0,0,135.667029391615,161.74915061469,214.116367924649,0,0,0,163.945208919892,0,0,0,0,0,0,0,0,141.204637091722,284.529238481835,0,347.376449530863,0,0,0,0,0,201.44584889478,215.611029055736,335.371040201042,163.059043292369,0,0,188.936291522747,0
0,0,0,0,0,323.781250289068,89.1590885155172,0,0,0,0,0,0,0,0,0,0,0,0,0,0,0,0,136.792307586862,0,0,0,0,92.5568465385234,0,0,0,0,131.969743415579,155.901486485736,0,118.522099274347,0,0,192.601533877686,0
106.33736463831,0,0,0,0,0,0,0,0,205.09013266389,61.0664810463559,198.964527389285,0,0,175.196329314064,0,116.054372245433,0,0,0,0,0,0,0,0,84.3635741045246,153.876396855887,94.8881692391942,67.8267069095267,0,0,0,0,101.443495235174,222.053792850439,0,240.185081663983,114.649126378906,0,228.075434767255,0
0,0,0,0,211.840482897052,0,0,74.5815074003433,0,0,125.416941482916,183.786860782462,348.674510760064,0,173.059382066957,0,0,228.792310020318,153.672550905948,0,0,136.792307586862,0,0,0,180.543851962045,0,94.027247878695,106.926813611922,0,0,0,0,71.4788760670054,154.065933476765,151.036729364761,206.472608421747,151.075371308616,306.640284138334,128.405764333981,0
0,0,0,0,0,0,0,0,0,0,0,75.4497121078207,0,0,0,0,0,98.6790043377568,0,138.33942793804,141.204637091722,0,0,0,0,0,236.681907140956,172.892533368851,0,0,0,0,0,96.7845769653343,0,0,90.7216186966914,196.04190773555,0,142.385058730083,0
0,0,219.078548227669,353.822894641502,262.382215657622,153.453047983244,146.814226519809,179.718364159796,145.74089716123,0,82.6299537488922,0,0,0,0,0,181.316358113209,94.9380989123498,115.114253591495,224.523755099568,284.529238481835,0,84.3635741045246,180.543851962045,0,0,0,115.332064605654,0,0,0,0,0,0,0,0,333.645516435298,321.124897279917,81.2827395071039,97.5855511246009,0
0,0,0,0,199.492852797962,0,0,115.871357769661,0,0,0,226.825099357786,0,0,154.784755881607,82.1742780037132,137.189596148386,157.852515740516,93.4234866874731,202.712457066107,0,0,153.876396855887,0,236.681907140956,0,0,0,124.853650664477,0,117.208001126138,200.878319874537,94.7280504127031,143.005810983322,178.683678585178,0,153.609372090384,0,0,241.682021696872,184.249961885477
0,178.748963182352,116.176698124939,220.963068032256,193.63278243493,92.5207898118833,104.915316975638,0,204.084074037941,249.905610015455,0,194.442125915551,0,0,128.530575464043,205.183249704085,134.960780198024,0,212.592150359921,112.793316814908,347.376449530863,0,94.8881692391942,94.027247878695,172.892533368851,115.332064605654,0,0,0,0,0,190.185165668632,0,133.984214699576,242.790381480436,97.3506957544063,159.183173818572,0,192.135034768848,259.442917595754,196.032358954952
0,81.9664354533492,0,247.66948903751,0,0,0,187.77054666536,73.4795582048751,220.901129804706,0,205.839960264176,0,162.833808134102,80.4367166559625,0,0,0,225.013371621378,0,0,92.5568465385234,67.8267069095267,106.926813611922,0,0,124.853650664477,0,0,90.1317194604647,0,125.994729980093,115.868441404982,0,252.487290983309,0,188.851177466023,197.486504603685,71.5579325720569,0,101.605593487621
0,0,0,0,303.527509149359,0,0,74.7304794244225,0,0,0,0,0,115.541295036174,0,0,0,0,0,0,0,0,0,0,0,0,0,0,90.1317194604647,0,0,0,0,219.430938885781,94.7529894315991,104.369974912428,160.530221557972,158.955087279859,0,101.5853655613,261.605527103798
0,0,0,0,0,0,101.350815329073,0,0,0,125.81518738273,0,0,0,0,0,0,0,151.01089327964,0,0,0,0,0,0,0,117.208001126138,0,0,0,0,0,0,0,193.659409924573,0,0,0,0,251.098274723989,0
0,0,0,0,0,0,0,283.88658203332,0,0,0,0,0,0,0,0,0,0,0,138.425725342224,0,0,0,0,0,0,200.878319874537,190.185165668632,125.994729980093,0,0,0,186.973586461633,300.031143529538,98.2230592632363,338.131802716296,0,85.6072705949986,0,155.24952173131,0
0,0,0,0,0,0,0,0,0,0,0,0,0,0,0,0,0,0,0,0,0,0,0,0,0,0,94.7280504127031,0,115.868441404982,0,0,186.973586461633,0,89.9429017381717,0,0,0,0,0,314.611698427915,0
0,119.728129215699,78.8552325762656,218.045528847001,0,227.504408813069,140.574866691684,0,0,134.566479261133,0,82.6426202489162,169.453147353278,111.435629183184,0,0,0,0,241.57250333243,113.144980278377,201.44584889478,131.969743415579,101.443495235174,71.4788760670054,96.7845769653343,0,143.005810983322,133.984214699576,0,219.430938885781,0,300.031143529538,89.9429017381717,0,160.537522273714,0,232.945974238958,0,168.241326865882,70.4221432298295,174.013630695256
0,0,0,0,0,231.050882209,0,180.90030328818,0,0,204.481117647118,329.719143597451,0,0,96.5937438588657,0,111.226326353722,142.054529471577,0,154.070293657878,215.611029055736,155.901486485736,222.053792850439,154.065933476765,0,0,178.683678585178,242.790381480436,252.487290983309,94.7529894315991,193.659409924573,98.2230592632363,0,160.537522273714,0,345.797434674459,186.348837226466,122.106946855269,151.695570509541,120.912756812582,87.8456058929559
0,0,0,241.635434294794,95.7590805983148,0,114.511014214502,62.311273509377,0,173.538155409849,283.248188884028,0,0,178.224497384947,0,0,0,120.567029282014,0,109.093416850988,335.371040201042,0,0,151.036729364761,0,0,0,97.3506957544063,0,104.369974912428,0,338.131802716296,0,0,345.797434674459,0,148.808626413748,263.534399241887,0,139.93285932648,97.3232815600345
0,195.314816908693,195.378266313867,146.465927798921,180.355266595273,101.895308036513,261.440278806413,0,173.201474590904,0,124.698445421759,0,161.325017232684,217.157696745803,167.066576495979,306.344527664232,0,0,0,165.597665022977,163.059043292369,118.522099274347,240.185081663983,206.472608421747,90.7216186966914,333.645516435298,153.609372090384,159.183173818572,188.851177466023,160.530221557972,0,0,0,232.945974238958,186.348837226466,148.808626413748,0,85.7623170715703,112.823430872325,62.859596780235,164.032723165762
0,0,0,0,165.893015276821,158.567996645797,80.8080171296381,238.934743274142,0,249.798812580765,0,191.519780382943,0,98.417953423071,0,0,0,0,0,0,0,0,114.649126378906,151.075371308616,196.04190773555,321.124897279917,0,0,197.486504603685,158.955087279859,0,85.6072705949986,0,0,122.106946855269,263.534399241887,85.7623170715703,0,112.349934713559,113.059176128709,259.055025639447
0,0,195.822649557859,0,0,154.142998692322,0,0,276.620869034647,0,0,66.5008477853491,0,0,0,0,89.707245288964,0,0,223.705816669619,0,0,0,306.640284138334,0,81.2827395071039,0,192.135034768848,71.5579325720569,0,0,0,0,168.241326865882,151.695570509541,0,112.823430872325,112.349934713559,0,161.302948562323,0
171.230058197369,0,0,0,0,0,0,0,0,0,172.608400267715,231.715271819474,0,0,108.381749703452,0,139.654362654449,0,193.055010680236,0,188.936291522747,192.601533877686,228.075434767255,128.405764333981,142.385058730083,97.5855511246009,241.682021696872,259.442917595754,0,101.5853655613,251.098274723989,155.24952173131,314.611698427915,70.4221432298295,120.912756812582,139.93285932648,62.859596780235,113.059176128709,161.302948562323,0,193.777661225572
320.356811100276,253.401634605989,0,171.906398392157,0,192.693757128262,0,0,0,89.3673883748406,161.694997919804,208.005106191961,0,325.937289045041,0,177.763106506206,100.812745974529,0,0,269.936825670274,0,0,0,0,0,0,184.249961885477,196.032358954952,101.605593487621,261.605527103798,0,0,0,174.013630695256,87.8456058929559,97.3232815600345,164.032723165762,259.055025639447,0,193.777661225572,0
