0,0,0,0,0,0,0,0,0,180.90030328818,0,249.905610015455,0,0,0,0,0,138.33942793804,0,0,0,0,0,0,0,0,0,193.63278243493,97.3506957544063,0,0,0,0,0,0,0,0,0,0,0,61.0664810463559
0,0,0,0,0,193.777661225572,303.527509149359,0,0,0,0,0,0,0,180.543851962045,0,0,0,261.605527103798,0,0,0,205.839960264176,0,0,0,0,180.355266595273,0,0,0,0,0,179.718364159796,0,0,0,0,0,0,0
0,0,0,0,0,0,0,0,0,0,231.715271819474,0,0,0,0,0,0,0,0,242.790381480436,0,0,0,143.005810983322,0,0,0,0,0,0,0,0,0,62.311273509377,0,0,155.901486485736,0,0,0,0
0,0,0,0,0,0,163.059043292369,0,194.442125915551,0,0,309.997227542691,0,0,0,0,0,320.356811100276,0,0,321.864157986053,0,112.823430872325,212.592150359921,0,0,0,92.5207898118833,247.66948903751,0,338.131802716296,0,0,0,125.416941482916,0,81.9664354533492,0,0,154.142998692322,0
0,0,0,0,0,0,0,0,0,151.036729364761,0,0,0,87.8456058929559,0,97.3232815600345,0,0,101.85207633558,154.065933476765,0,98.6790043377568,0,0,0,0,106.128596538706,0,195.822649557859,0,0,0,0,165.597665022977,0,353.822894641502,231.050882209,206.472608421747,0,111.435629183184,146.99041817625
0,193.777661225572,0,0,0,0,165.893015276821,157.852515740516,0,0,73.4795582048751,97.5855511246009,0,0,0,0,0,0,0,0,0,0,0,0,0,154.784755881607,192.135034768848,119.728129215699,263.534399241887,0,0,0,0,0,120.567029282014,177.763106506206,222.053792850439,0,0,115.194491798135,115.332064605654
0,303.527509149359,0,163.059043292369,0,165.893015276821,0,0,0,0,195.314816908693,0,0,0,0,0,0,0,219.078548227669,0,0,0,151.075371308616,0,0,78.9559315574845,0,0,131.969743415579,0,0,0,0,161.74915061469,289.631679007608,0,125.994729980093,0,112.349934713559,283.248188884028,0
0,0,0,0,0,157.852515740516,0,0,0,0,0,0,0,172.608400267715,0,134.566479261133,215.611029055736,0,0,186.348837226466,0,0,74.4197823064597,208.005106191961,0,0,0,255.441154257905,325.937289045041,146.814226519809,0,160.537522273714,114.649126378906,238.934743274142,0,115.541295036174,0,67.8267069095267,0,0,198.964527389285
0,0,0,194.442125915551,0,0,0,0,0,0,0,169.453147353278,80.8080171296381,0,0,0,0,0,0,0,145.74089716123,0,0,0,118.522099274347,168.241326865882,224.523755099568,0,0,0,0,139.654362654449,0,0,153.609372090384,0,164.032723165762,0,0,205.09013266389,0
180.90030328818,0,0,0,151.036729364761,0,0,0,0,0,0,0,162.833808134102,0,93.4234866874731,220.963068032256,94.9380989123498,0,82.6299537488922,0,161.302948562323,0,0,0,0,161.694997919804,224.551207449728,148.808626413748,0,0,117.208001126138,0,0,96.5937438588657,146.465927798921,183.786860782462,90.1317194604647,314.611698427915,0,92.3502314520023,0
0,0,231.715271819474,0,0,73.4795582048751,195.314816908693,0,0,0,0,115.871357769661,0,175.196329314064,0,100.812745974529,0,94.7280504127031,0,109.093416850988,249.798812580765,0,0,197.486504603685,0,124.853650664477,71.4788760670054,134.960780198024,74.5815074003433,0,0,0,0,139.93285932648,82.1742780037132,0,0,0,0,0,0
249.905610015455,0,0,309.997227542691,0,97.5855511246009,0,0,169.453147353278,0,115.871357769661,0,0,0,128.530575464043,0,0,0,142.385058730083,276.620869034647,0,213.67670887414,195.378266313867,113.144980278377,94.8881692391942,0,0,120.912756812582,101.895308036513,0,0,0,0,193.659409924573,0,192.693757128262,82.6426202489162,187.77054666536,306.640284138334,158.567996645797,159.183173818572
0,0,0,0,0,0,0,0,80.8080171296381,162.833808134102,0,0,0,0,0,0,0,0,0,0,0,0,0,0,0,0,0,192.601533877686,98.2230592632363,0,0,0,0,0,0,0,0,225.013371621378,0,66.5008477853491,0
0,0,0,0,87.8456058929559,0,0,172.608400267715,0,0,175.196329314064,0,0,0,0,0,0,0,0,151.01089327964,0,0,226.825099357786,251.098274723989,0,0,135.294330067913,137.177378802006,0,0,0,0,0,74.7304794244225,174.013630695256,232.945974238958,201.100640800745,283.88658203332,0,204.084074037941,0
0,180.543851962045,0,0,0,0,0,0,0,93.4234866874731,0,128.530575464043,0,0,0,0,0,0,0,0,95.7590805983148,0,0,348.674510760064,0,137.239127032733,101.5853655613,196.032358954952,0,0,0,0,0,84.3635741045246,111.226326353722,0,136.685314494491,217.157696745803,0,0,0
0,0,0,0,97.3232815600345,0,0,134.566479261133,0,220.963068032256,100.812745974529,0,0,0,0,0,0,0,0,199.492852797962,0,0,0,0,178.683678585178,178.224497384947,0,333.645516435298,0,0,0,0,0,205.183249704085,0,0,158.955087279859,0,0,135.667029391615,0
0,0,0,0,0,0,0,215.611029055736,0,94.9380989123498,0,0,0,0,0,0,0,236.681907140956,0,99.3508940827211,153.453047983244,0,0,0,0,62.859596780235,0,0,94.126460729827,0,0,0,0,108.136066660554,329.719143597451,0,0,223.705816669619,0,0,0
138.33942793804,0,0,320.356811100276,0,0,0,0,0,0,94.7280504127031,0,0,0,0,0,236.681907140956,0,0,0,0,0,0,101.605593487621,0,58.3493451392805,0,0,0,76.5072790361762,0,0,0,0,190.185165668632,0,357.423078228283,0,0,0,0
0,261.605527103798,0,0,101.85207633558,0,219.078548227669,0,0,82.6299537488922,0,142.385058730083,0,0,0,0,0,0,0,0,0,0,89.3673883748406,172.892533368851,300.031143529538,0,0,0,0,0,0,0,0,90.7216186966914,269.936825670274,80.4367166559625,0,0,0,0,163.945208919892
0,0,242.790381480436,0,154.065933476765,0,0,186.348837226466,0,0,109.093416850988,276.620869034647,0,151.01089327964,0,199.492852797962,99.3508940827211,0,0,0,218.045528847001,0,142.054529471577,0,0,0,153.672550905948,89.707245288964,0,0,0,0,0,0,219.040656038919,151.695570509541,173.059382066957,0,0,85.6072705949986,209.996727521564
0,0,0,321.864157986053,0,0,0,0,145.74089716123,161.302948562323,249.798812580765,0,0,0,95.7590805983148,0,153.453047983244,0,0,218.045528847001,0,0,0,0,0,0,0,241.57250333243,0,0,0,0,0,206.912707094411,106.533627130087,0,103.519938150021,0,193.055010680236,0,259.055025639447
0,0,0,0,98.6790043377568,0,0,0,0,0,0,213.67670887414,0,0,0,0,0,0,0,0,0,0,0,253.401634605989,0,0,71.5579325720569,136.792307586862,94.7529894315991,0,0,0,0,0,0,0,110.384905066973,0,0,0,93.5029580098427
0,205.839960264176,0,112.823430872325,0,0,151.075371308616,74.4197823064597,0,0,0,195.378266313867,0,226.825099357786,0,0,0,0,89.3673883748406,142.054529471577,0,0,0,0,0,0,0,0,178.748963182352,167.066576495979,0,0,0,220.901129804706,200.878319874537,92.5568465385234,198.528111506785,133.218162784108,0,0,0
0,0,143.005810983322,212.592150359921,0,0,0,208.005106191961,0,0,197.486504603685,113.144980278377,0,251.098274723989,348.674510760064,0,0,101.605593487621,172.892533368851,0,0,253.401634605989,0,0,0,72.2278283150671,106.33736463831,188.851177466023,0,0,0,0,0,138.425725342224,73.1029054543569,128.405764333981,202.712457066107,0,153.876396855887,154.070293657878,0
0,0,0,0,0,0,0,0,118.522099274347,0,0,94.8881692391942,0,0,0,178.683678585178,0,0,300.031143529538,0,0,0,0,0,0,0,0,204.481117647118,0,173.201474590904,250.461724766314,0,0,0,0,106.926813611922,0,261.440278806413,0,169.742003380707,0
0,0,0,0,0,154.784755881607,78.9559315574845,0,168.241326865882,161.694997919804,124.853650664477,0,0,0,137.239127032733,178.224497384947,62.859596780235,58.3493451392805,0,0,0,0,0,72.2278283150671,0,0,89.9429017381717,140.574866691684,228.792310020318,81.2827395071039,0,0,0,228.075434767255,116.176698124939,345.797434674459,241.635434294794,0,89.1590885155172,94.027247878695,0
0,0,0,0,106.128596538706,192.135034768848,0,0,224.523755099568,224.551207449728,71.4788760670054,0,0,135.294330067913,101.5853655613,0,0,0,0,153.672550905948,0,71.5579325720569,0,106.33736463831,0,89.9429017381717,0,125.81518738273,188.936291522747,173.001559092555,0,0,0,78.8552325762656,119.345624434514,0,116.054372245433,161.275817184598,0,259.442917595754,128.846764897717
193.63278243493,180.355266595273,0,92.5207898118833,0,119.728129215699,0,255.441154257905,0,148.808626413748,134.960780198024,120.912756812582,192.601533877686,137.177378802006,196.032358954952,333.645516435298,0,0,0,89.707245288964,241.57250333243,136.792307586862,0,188.851177466023,204.481117647118,140.574866691684,125.81518738273,0,0,0,0,201.44584889478,0,262.382215657622,0,219.430938885781,321.124897279917,139.792601838991,221.805809452716,137.189596148386,122.106946855269
97.3506957544063,0,0,247.66948903751,195.822649557859,263.534399241887,131.969743415579,325.937289045041,0,0,74.5815074003433,101.895308036513,98.2230592632363,0,0,0,94.126460729827,0,0,0,0,94.7529894315991,178.748963182352,0,0,228.792310020318,188.936291522747,0,0,0,112.793316814908,0,0,284.529238481835,0,101.350815329073,0,160.530221557972,171.906398392157,75.4497121078207,186.973586461633
0,0,0,0,0,0,0,146.814226519809,0,0,0,0,0,0,0,0,0,76.5072790361762,0,0,0,0,167.066576495979,0,173.201474590904,81.2827395071039,173.001559092555,0,0,0,0,115.114253591495,0,0,0,0,171.230058197369,335.371040201042,133.984214699576,0,252.487290983309
0,0,0,338.131802716296,0,0,0,0,0,117.208001126138,0,0,0,0,0,0,0,0,0,0,0,0,0,0,250.461724766314,0,0,0,112.793316814908,0,0,0,0,0,0,0,323.781250289068,0,0,141.204637091722,0
0,0,0,0,0,0,0,160.537522273714,139.654362654449,0,0,0,0,0,0,0,0,0,0,0,0,0,0,0,0,0,0,201.44584889478,0,115.114253591495,0,0,0,241.682021696872,96.7845769653343,0,101.443495235174,115.868441404982,70.4221432298295,99.2646516363145,214.116367924649
0,0,0,0,0,0,0,114.649126378906,0,0,0,0,0,0,0,0,0,0,0,0,0,0,0,0,0,0,0,0,0,0,0,0,0,0,0,0,240.185081663983,0,184.249961885477,161.325017232684,196.04190773555
0,179.718364159796,62.311273509377,0,165.597665022977,0,161.74915061469,238.934743274142,0,96.5937438588657,139.93285932648,193.659409924573,0,74.7304794244225,84.3635741045246,205.183249704085,108.136066660554,0,90.7216186966914,0,206.912707094411,0,220.901129804706,138.425725342224,0,228.075434767255,78.8552325762656,262.382215657622,284.529238481835,0,0,241.682021696872,0,0,191.519780382943,0,0,85.7623170715703,150.161410108805,98.417953423071,151.806152521152
0,0,0,125.416941482916,0,120.567029282014,289.631679007608,0,153.609372090384,146.465927798921,82.1742780037132,0,0,174.013630695256,111.226326353722,0,329.719143597451,190.185165668632,269.936825670274,219.040656038919,106.533627130087,0,200.878319874537,73.1029054543569,0,116.176698124939,119.345624434514,0,0,0,0,96.7845769653343,0,191.519780382943,0,211.840482897052,227.504408813069,104.915316975638,197.893790332676,114.511014214502,82.4756938751058
0,0,0,0,353.822894641502,177.763106506206,0,115.541295036174,0,183.786860782462,0,192.693757128262,0,232.945974238958,0,0,0,0,80.4367166559625,151.695570509541,0,0,92.5568465385234,128.405764333981,106.926813611922,345.797434674459,0,219.430938885781,101.350815329073,0,0,0,0,0,211.840482897052,0,146.770754374523,108.381749703452,0,181.316358113209,280.376028997576
0,0,155.901486485736,81.9664354533492,231.050882209,222.053792850439,125.994729980093,0,164.032723165762,90.1317194604647,0,82.6426202489162,0,201.100640800745,136.685314494491,158.955087279859,0,357.423078228283,0,173.059382066957,103.519938150021,110.384905066973,198.528111506785,202.712457066107,0,241.635434294794,116.054372245433,321.124897279917,0,171.230058197369,323.781250289068,101.443495235174,240.185081663983,0,227.504408813069,146.770754374523,0,347.376449530863,124.698445421759,155.24952173131,113.059176128709
0,0,0,0,206.472608421747,0,0,67.8267069095267,0,314.611698427915,0,187.77054666536,225.013371621378,283.88658203332,217.157696745803,0,223.705816669619,0,0,0,0,0,133.218162784108,0,261.440278806413,0,161.275817184598,139.792601838991,160.530221557972,335.371040201042,0,115.868441404982,0,85.7623170715703,104.915316975638,108.381749703452,347.376449530863,0,0,0,104.369974912428
0,0,0,0,0,0,112.349934713559,0,0,0,0,306.640284138334,0,0,0,0,0,0,0,0,193.055010680236,0,0,153.876396855887,0,89.1590885155172,0,221.805809452716,171.906398392157,133.984214699576,0,70.4221432298295,184.249961885477,150.161410108805,197.893790332676,0,124.698445421759,0,0,173.538155409849,306.344527664232
0,0,0,154.142998692322,111.435629183184,115.194491798135,283.248188884028,0,205.09013266389,92.3502314520023,0,158.567996645797,66.5008477853491,204.084074037941,0,135.667029391615,0,0,0,85.6072705949986,0,0,0,154.070293657878,169.742003380707,94.027247878695,259.442917595754,137.189596148386,75.4497121078207,0,141.204637091722,99.2646516363145,161.325017232684,98.417953423071,114.511014214502,181.316358113209,155.24952173131,0,173.538155409849,0,0
61.0664810463559,0,0,0,146.99041817625,115.332064605654,0,198.964527389285,0,0,0,159.183173818572,0,0,0,0,0,0,163.945208919892,209.996727521564,259.055025639447,93.5029580098427,0,0,0,0,128.846764897717,122.106946855269,186.973586461633,252.487290983309,0,214.116367924649,196.04190773555,151.806152521152,82.4756938751058,280.376028997576,113.059176128709,104.369974912428,306.344527664232,0,0
