0,0,0,0,0,0,0,0,0,0,0,0,0,89.9429017381717,0,0,0,193.63278243493,0,0,0,0,284.529238481835,0,0,0,200.878319874537,0,0,0,353.822894641502,0,0,0,0,0,219.078548227669,0,0,0,0
0,0,0,0,0,0,0,0,0,98.2230592632363,0,0,0,0,0,220.901129804706,0,0,172.608400267715,0,0,0,0,0,0,0,0,111.226326353722,0,0,0,0,0,0,0,0,151.036729364761,0,0,128.530575464043,194.442125915551
0,0,0,0,0,0,0,0,0,0,0,0,0,0,0,164.032723165762,133.218162784108,0,0,0,0,0,0,0,0,0,173.059382066957,0,0,0,0,0,0,0,0,0,0,0,90.7216186966914,74.4197823064597,0
0,0,0,0,0,0,0,0,0,0,0,325.937289045041,137.239127032733,0,0,0,0,0,0,118.522099274347,168.241326865882,0,231.715271819474,219.430938885781,104.915316975638,0,0,112.349934713559,0,0,0,241.682021696872,0,161.302948562323,0,205.09013266389,0,0,228.792310020318,261.605527103798,0
0,0,0,0,0,0,0,0,117.208001126138,92.5207898118833,0,62.311273509377,0,0,0,0,0,172.892533368851,181.316358113209,0,0,0,269.936825670274,80.8080171296381,0,0,0,191.519780382943,92.3502314520023,0,0,0,0,141.204637091722,0,106.128596538706,306.640284138334,96.7845769653343,0,0,116.054372245433
0,0,0,0,0,0,0,0,0,0,0,0,0,173.001559092555,0,0,0,0,85.6072705949986,154.065933476765,220.963068032256,0,0,0,0,148.808626413748,0,73.4795582048751,173.538155409849,125.81518738273,0,0,0,113.144980278377,197.486504603685,0,115.541295036174,0,112.793316814908,146.465927798921,226.825099357786
0,0,0,0,0,0,0,0,85.7623170715703,143.005810983322,261.440278806413,0,0,108.136066660554,0,0,0,120.912756812582,0,0,0,0,100.812745974529,0,0,0,0,165.893015276821,0,0,0,0,0,259.442917595754,192.693757128262,154.784755881607,120.567029282014,108.381749703452,0,0,70.4221432298295
0,0,0,0,0,0,0,0,0,196.04190773555,89.707245288964,180.543851962045,0,0,204.481117647118,0,212.592150359921,0,0,329.719143597451,0,0,0,0,0,175.196329314064,71.5579325720569,61.0664810463559,0,0,0,0,335.371040201042,213.67670887414,169.742003380707,153.453047983244,74.5815074003433,135.667029391615,0,97.3232815600345,0
0,0,0,0,117.208001126138,0,85.7623170715703,0,0,186.973586461633,114.511014214502,0,0,0,0,0,0,0,0,0,138.33942793804,0,0,138.425725342224,0,153.609372090384,0,124.853650664477,0,188.851177466023,0,0,0,184.249961885477,0,0,154.070293657878,0,0,0,0
0,98.2230592632363,0,0,92.5207898118833,0,143.005810983322,196.04190773555,186.973586461633,0,103.519938150021,283.88658203332,0,0,0,162.833808134102,0,0,0,333.645516435298,0,0,0,161.325017232684,0,0,0,357.423078228283,98.417953423071,0,0,58.3493451392805,0,146.99041817625,0,0,202.712457066107,0,177.763106506206,137.177378802006,119.728129215699
0,0,0,0,0,0,261.440278806413,89.707245288964,114.511014214502,103.519938150021,0,106.533627130087,0,240.185081663983,0,0,0,0,178.224497384947,193.659409924573,113.059176128709,0,0,0,0,0,186.348837226466,89.3673883748406,145.74089716123,0,0,0,0,347.376449530863,241.635434294794,0,160.537522273714,93.5029580098427,0,0,0
0,0,0,325.937289045041,62.311273509377,0,0,180.543851962045,0,283.88658203332,106.533627130087,0,338.131802716296,0,0,134.566479261133,0,95.7590805983148,0,0,0,0,137.189596148386,163.059043292369,82.4756938751058,62.859596780235,96.5937438588657,101.5853655613,0,0,0,0,153.876396855887,238.934743274142,115.332064605654,195.314816908693,209.996727521564,0,0,197.893790332676,128.405764333981
0,0,0,137.239127032733,0,0,0,0,0,0,0,338.131802716296,0,0,0,0,0,0,0,323.781250289068,0,0,0,0,0,0,0,0,0,133.984214699576,0,0,0,0,0,0,0,0,263.534399241887,195.378266313867,0
89.9429017381717,0,0,0,0,173.001559092555,108.136066660554,0,0,0,240.185081663983,0,0,0,0,0,231.050882209,0,300.031143529538,154.142998692322,0,0,0,74.7304794244225,0,0,0,0,99.2646516363145,180.90030328818,0,0,0,89.1590885155172,0,140.574866691684,249.905610015455,259.055025639447,0,0,0
0,0,0,0,0,0,0,204.481117647118,0,0,0,0,0,0,0,0,252.487290983309,0,0,283.248188884028,0,0,0,0,0,0,211.840482897052,101.350815329073,253.401634605989,0,0,0,0,190.185165668632,0,0,178.748963182352,128.846764897717,165.597665022977,124.698445421759,199.492852797962
0,220.901129804706,164.032723165762,0,0,0,0,0,0,162.833808134102,0,134.566479261133,0,0,0,0,0,0,0,0,0,73.1029054543569,0,0,0,0,0,345.797434674459,217.157696745803,0,0,0,0,0,192.135034768848,0,82.6426202489162,0,161.694997919804,0,201.100640800745
0,0,133.218162784108,0,0,0,0,212.592150359921,0,0,0,0,0,231.050882209,252.487290983309,0,0,0,0,0,0,0,0,0,0,66.5008477853491,0,157.852515740516,114.649126378906,0,0,0,0,0,0,0,139.93285932648,92.5568465385234,78.9559315574845,0,0
193.63278243493,0,0,0,172.892533368851,0,120.912756812582,0,0,0,0,95.7590805983148,0,0,0,0,0,0,0,0,0,0,0,198.528111506785,0,0,87.8456058929559,142.054529471577,0,0,0,0,0,0,0,0,94.7529894315991,0,90.1317194604647,0,0
0,172.608400267715,0,0,181.316358113209,85.6072705949986,0,0,0,0,178.224497384947,0,0,300.031143529538,0,0,0,0,0,0,0,303.527509149359,0,242.790381480436,0,171.230058197369,163.945208919892,0,0,0,0,0,0,0,193.055010680236,0,101.85207633558,0,0,0,221.805809452716
0,0,0,118.522099274347,0,154.065933476765,0,329.719143597451,0,333.645516435298,193.659409924573,0,323.781250289068,154.142998692322,283.248188884028,0,0,0,0,0,0,155.901486485736,101.605593487621,198.964527389285,241.57250333243,0,205.839960264176,0,0,0,0,0,0,0,167.066576495979,0,106.926813611922,193.777661225572,84.3635741045246,0,0
0,0,0,168.241326865882,0,220.963068032256,0,0,138.33942793804,0,113.059176128709,0,0,0,0,0,0,0,0,0,0,0,0,0,0,136.685314494491,101.443495235174,348.674510760064,0,227.504408813069,0,115.194491798135,0,151.01089327964,98.6790043377568,0,208.005106191961,153.672550905948,0,0,0
0,0,0,0,0,0,0,0,0,0,0,0,0,0,0,73.1029054543569,0,0,303.527509149359,155.901486485736,0,0,0,0,0,0,0,135.294330067913,0,0,0,0,0,321.864157986053,125.416941482916,0,0,174.013630695256,0,94.7280504127031,0
284.529238481835,0,0,231.715271819474,269.936825670274,0,100.812745974529,0,0,0,0,137.189596148386,0,0,0,0,0,0,0,101.605593487621,0,0,0,225.013371621378,0,75.4497121078207,0,0,289.631679007608,115.871357769661,0,0,0,76.5072790361762,173.201474590904,206.912707094411,0,0,0,81.9664354533492,71.4788760670054
0,0,0,219.430938885781,80.8080171296381,0,0,0,138.425725342224,161.325017232684,0,163.059043292369,0,74.7304794244225,0,0,0,198.528111506785,242.790381480436,198.964527389285,0,0,225.013371621378,0,0,171.906398392157,0,0,106.33736463831,0,94.126460729827,0,0,0,146.770754374523,99.3508940827211,214.116367924649,0,131.969743415579,111.435629183184,219.040656038919
0,0,0,104.915316975638,0,0,0,0,0,0,0,82.4756938751058,0,0,0,0,0,0,0,241.57250333243,0,0,0,0,0,110.384905066973,0,136.792307586862,97.3506957544063,0,0,0,0,101.895308036513,0,80.4367166559625,0,0,151.695570509541,321.124897279917,0
0,0,0,0,0,148.808626413748,0,175.196329314064,153.609372090384,0,0,62.859596780235,0,0,0,0,66.5008477853491,0,171.230058197369,0,136.685314494491,0,75.4497121078207,171.906398392157,110.384905066973,0,0,158.955087279859,180.355266595273,104.369974912428,119.345624434514,115.114253591495,0,262.382215657622,160.530221557972,161.275817184598,187.77054666536,82.1742780037132,0,0,0
200.878319874537,0,173.059382066957,0,0,0,0,71.5579325720569,0,0,186.348837226466,96.5937438588657,0,0,211.840482897052,0,0,87.8456058929559,163.945208919892,205.839960264176,101.443495235174,0,0,0,0,0,0,169.453147353278,93.4234866874731,215.611029055736,0,228.075434767255,0,134.960780198024,222.053792850439,251.098274723989,159.183173818572,94.9380989123498,0,94.8881692391942,0
0,111.226326353722,0,112.349934713559,191.519780382943,73.4795582048751,165.893015276821,61.0664810463559,124.853650664477,357.423078228283,89.3673883748406,101.5853655613,0,0,101.350815329073,345.797434674459,157.852515740516,142.054529471577,0,0,348.674510760064,135.294330067913,0,0,136.792307586862,158.955087279859,169.453147353278,0,81.2827395071039,0,0,314.611698427915,0,125.994729980093,178.683678585178,72.2278283150671,0,236.681907140956,0,224.523755099568,205.183249704085
0,0,0,0,92.3502314520023,173.538155409849,0,0,0,98.417953423071,145.74089716123,0,0,99.2646516363145,253.401634605989,217.157696745803,114.649126378906,0,0,0,0,0,289.631679007608,106.33736463831,97.3506957544063,180.355266595273,93.4234866874731,81.2827395071039,0,161.74915061469,0,0,0,150.161410108805,146.814226519809,122.106946855269,183.786860782462,0,0,151.075371308616,155.24952173131
0,0,0,0,0,125.81518738273,0,0,188.851177466023,0,0,0,133.984214699576,180.90030328818,0,0,0,0,0,0,227.504408813069,0,115.871357769661,0,0,104.369974912428,215.611029055736,0,161.74915061469,0,0,0,0,0,0,218.045528847001,0,0,0,232.945974238958,0
353.822894641502,0,0,0,0,0,0,0,0,0,0,0,0,0,0,0,0,0,0,0,0,0,0,94.126460729827,0,119.345624434514,0,0,0,0,0,0,0,0,195.822649557859,0,109.093416850988,280.376028997576,0,0,0
0,0,0,241.682021696872,0,0,0,0,0,58.3493451392805,0,0,0,0,0,0,0,0,0,0,115.194491798135,0,0,0,0,115.114253591495,228.075434767255,314.611698427915,0,0,0,0,0,224.551207449728,196.032358954952,309.997227542691,0,192.601533877686,0,94.027247878695,0
0,0,0,0,0,0,0,335.371040201042,0,0,0,153.876396855887,0,0,0,0,0,0,0,0,0,0,0,0,0,0,0,0,0,0,0,0,0,0,0,0,204.084074037941,0,0,320.356811100276,112.823430872325
0,0,0,161.302948562323,141.204637091722,113.144980278377,259.442917595754,213.67670887414,184.249961885477,146.99041817625,347.376449530863,238.934743274142,0,89.1590885155172,190.185165668632,0,0,0,0,0,151.01089327964,321.864157986053,76.5072790361762,0,101.895308036513,262.382215657622,134.960780198024,125.994729980093,150.161410108805,0,0,224.551207449728,0,0,115.868441404982,0,306.344527664232,206.472608421747,223.705816669619,97.5855511246009,179.718364159796
0,0,0,0,0,197.486504603685,192.693757128262,169.742003380707,0,0,241.635434294794,115.332064605654,0,0,0,192.135034768848,0,0,193.055010680236,167.066576495979,98.6790043377568,125.416941482916,173.201474590904,146.770754374523,0,160.530221557972,222.053792850439,178.683678585178,146.814226519809,0,195.822649557859,196.032358954952,0,115.868441404982,0,201.44584889478,151.806152521152,78.8552325762656,82.6299537488922,247.66948903751,158.567996645797
0,0,0,205.09013266389,106.128596538706,0,154.784755881607,153.453047983244,0,0,0,195.314816908693,0,140.574866691684,0,0,0,0,0,0,0,0,206.912707094411,99.3508940827211,80.4367166559625,161.275817184598,251.098274723989,72.2278283150671,122.106946855269,218.045528847001,0,309.997227542691,0,0,201.44584889478,0,250.461724766314,0,0,249.798812580765,67.8267069095267
219.078548227669,151.036729364761,0,0,306.640284138334,115.541295036174,120.567029282014,74.5815074003433,154.070293657878,202.712457066107,160.537522273714,209.996727521564,0,249.905610015455,178.748963182352,82.6426202489162,139.93285932648,94.7529894315991,101.85207633558,106.926813611922,208.005106191961,0,0,214.116367924649,0,187.77054666536,159.183173818572,0,183.786860782462,0,109.093416850988,0,204.084074037941,306.344527664232,151.806152521152,250.461724766314,0,116.176698124939,0,142.385058730083,276.620869034647
0,0,0,0,96.7845769653343,0,108.381749703452,135.667029391615,0,0,93.5029580098427,0,0,259.055025639447,128.846764897717,0,92.5568465385234,0,0,193.777661225572,153.672550905948,174.013630695256,0,0,0,82.1742780037132,94.9380989123498,236.681907140956,0,0,280.376028997576,192.601533877686,0,206.472608421747,78.8552325762656,0,116.176698124939,0,0,255.441154257905,188.936291522747
0,0,90.7216186966914,228.792310020318,0,112.793316814908,0,0,0,177.763106506206,0,0,263.534399241887,0,165.597665022977,161.694997919804,78.9559315574845,90.1317194604647,0,84.3635741045246,0,0,0,131.969743415579,151.695570509541,0,0,0,0,0,0,0,0,223.705816669619,82.6299537488922,0,0,0,0,0,139.792601838991
0,128.530575464043,74.4197823064597,261.605527103798,0,146.465927798921,0,97.3232815600345,0,137.177378802006,0,197.893790332676,195.378266313867,0,124.698445421759,0,0,0,0,0,0,94.7280504127031,81.9664354533492,111.435629183184,321.124897279917,0,94.8881692391942,224.523755099568,151.075371308616,232.945974238958,0,94.027247878695,320.356811100276,97.5855511246009,247.66948903751,249.798812580765,142.385058730083,255.441154257905,0,0,139.654362654449
0,194.442125915551,0,0,116.054372245433,226.825099357786,70.4221432298295,0,0,119.728129215699,0,128.405764333981,0,0,199.492852797962,201.100640800745,0,0,221.805809452716,0,0,0,71.4788760670054,219.040656038919,0,0,0,205.183249704085,155.24952173131,0,0,0,112.823430872325,179.718364159796,158.567996645797,67.8267069095267,276.620869034647,188.936291522747,139.792601838991,139.654362654449,0
