0,0,0,0,0,0,165.597665022977,0,0,0,0,0,0,0,0,0,0,0,0,92.3502314520023,0,0,0,0,0,0,0,0,0,0,0,0,0,137.189596148386,206.912707094411,0,0,0,97.3232815600345,110.384905066973,0
0,0,0,0,0,0,0,154.070293657878,0,0,0,0,0,0,0,192.693757128262,0,0,0,0,0,0,0,0,0,146.465927798921,0,357.423078228283,138.425725342224,0,0,0,0,0,0,0,0,0,0,95.7590805983148,204.481117647118
0,0,0,0,0,0,0,0,0,0,0,0,0,0,0,153.876396855887,0,0,0,0,0,0,0,0,0,0,94.7529894315991,0,0,0,0,0,0,0,0,128.530575464043,0,0,125.416941482916,0,135.667029391615
0,0,0,0,0,280.376028997576,0,0,238.934743274142,0,0,0,0,0,187.77054666536,173.201474590904,0,0,0,0,0,0,0,0,137.177378802006,0,74.5815074003433,80.4367166559625,195.822649557859,0,338.131802716296,160.537522273714,0,0,0,151.01089327964,219.078548227669,0,0,0,74.7304794244225
0,0,0,0,0,0,0,0,0,142.054529471577,159.183173818572,155.901486485736,0,0,225.013371621378,0,139.654362654449,0,0,192.135034768848,0,223.705816669619,0,0,0,232.945974238958,0,120.567029282014,150.161410108805,0,0,0,0,226.825099357786,142.385058730083,108.136066660554,80.8080171296381,0,0,0,0
0,0,0,280.376028997576,0,0,0,0,0,67.8267069095267,94.027247878695,76.5072790361762,0,0,0,92.5207898118833,0,0,0,0,158.955087279859,0,0,0,0,249.905610015455,178.748963182352,71.4788760670054,73.4795582048751,0,0,0,0,325.937289045041,124.853650664477,0,289.631679007608,0,0,0,135.294330067913
165.597665022977,0,0,0,0,0,0,0,0,0,0,0,0,0,0,0,0,0,0,0,214.116367924649,0,0,82.1742780037132,197.486504603685,101.5853655613,97.5855511246009,84.3635741045246,108.381749703452,128.846764897717,0,0,0,146.770754374523,85.6072705949986,0,231.050882209,0,0,134.566479261133,0
0,154.070293657878,0,0,0,0,0,0,0,0,353.822894641502,72.2278283150671,112.823430872325,174.013630695256,101.443495235174,0,0,0,177.763106506206,0,206.472608421747,0,0,89.3673883748406,0,154.142998692322,0,116.176698124939,0,0,0,0,0,154.784755881607,104.369974912428,196.04190773555,0,163.945208919892,306.640284138334,0,0
0,0,0,238.934743274142,0,0,0,0,0,75.4497121078207,240.185081663983,0,0,236.681907140956,196.032358954952,0,192.601533877686,0,0,85.7623170715703,0,0,0,111.435629183184,0,0,0,128.405764333981,0,0,0,0,0,188.851177466023,0,0,0,0,0,228.792310020318,0
0,0,0,0,142.054529471577,67.8267069095267,0,0,75.4497121078207,0,115.541295036174,98.6790043377568,0,0,0,0,0,0,0,0,0,0,114.511014214502,89.707245288964,0,0,164.032723165762,219.040656038919,173.059382066957,300.031143529538,0,62.311273509377,0,205.09013266389,146.814226519809,148.808626413748,0,0,283.88658203332,92.5568465385234,201.100640800745
0,0,0,0,159.183173818572,94.027247878695,0,353.822894641502,240.185081663983,115.541295036174,0,0,0,251.098274723989,0,0,0,0,221.805809452716,58.3493451392805,0,0,0,0,241.57250333243,143.005810983322,309.997227542691,0,0,131.969743415579,0,0,0,0,0,115.871357769661,241.682021696872,73.1029054543569,211.840482897052,0,0
0,0,0,0,155.901486485736,76.5072790361762,0,72.2278283150671,0,98.6790043377568,0,0,0,139.792601838991,0,0,0,0,0,255.441154257905,198.964527389285,213.67670887414,106.926813611922,106.533627130087,259.055025639447,0,335.371040201042,125.81518738273,0,0,0,161.325017232684,112.349934713559,190.185165668632,0,78.9559315574845,195.378266313867,204.084074037941,137.239127032733,0,90.7216186966914
0,0,0,0,0,0,0,112.823430872325,0,0,0,0,0,0,0,0,0,0,0,0,0,0,0,0,0,0,0,0,0,94.9380989123498,0,191.519780382943,0,99.2646516363145,0,0,0,0,0,217.157696745803,212.592150359921
0,0,0,0,0,0,0,174.013630695256,236.681907140956,0,251.098274723989,139.792601838991,0,0,0,0,0,0,160.530221557972,0,0,0,117.208001126138,158.567996645797,0,0,0,276.620869034647,0,198.528111506785,0,181.316358113209,0,329.719143597451,0,0,0,66.5008477853491,0,163.059043292369,136.792307586862
0,0,0,187.77054666536,225.013371621378,0,0,101.443495235174,196.032358954952,0,0,0,0,0,0,0,0,0,0,0,0,0,0,0,0,241.635434294794,0,188.936291522747,0,0,0,0,0,151.036729364761,323.781250289068,228.075434767255,78.8552325762656,0,186.973586461633,161.275817184598,0
0,192.693757128262,153.876396855887,173.201474590904,0,92.5207898118833,0,0,0,0,0,0,0,0,0,0,0,0,0,0,0,0,0,136.685314494491,0,0,0,171.906398392157,0,179.718364159796,0,0,0,0,173.538155409849,115.868441404982,139.93285932648,0,0,0,115.194491798135
0,0,0,0,139.654362654449,0,0,0,192.601533877686,0,0,0,0,0,0,0,0,112.793316814908,0,0,0,0,0,0,0,0,224.551207449728,201.44584889478,0,0,0,0,0,0,0,97.3506957544063,122.106946855269,114.649126378906,0,101.350815329073,99.3508940827211
0,0,0,0,0,0,0,0,0,0,0,0,0,0,0,0,112.793316814908,0,0,0,118.522099274347,0,0,0,0,146.99041817625,220.963068032256,169.742003380707,106.33736463831,0,0,0,0,157.852515740516,0,89.1590885155172,173.001559092555,0,0,0,0
0,0,0,0,0,0,0,177.763106506206,0,0,221.805809452716,0,0,160.530221557972,0,0,0,0,0,0,168.241326865882,0,0,0,0,167.066576495979,193.777661225572,82.6426202489162,87.8456058929559,242.790381480436,0,0,0,250.461724766314,0,249.798812580765,193.63278243493,0,0,0,0
92.3502314520023,0,0,0,192.135034768848,0,0,0,85.7623170715703,0,58.3493451392805,255.441154257905,0,0,0,0,0,0,0,0,205.183249704085,101.85207633558,111.226326353722,96.5937438588657,320.356811100276,71.5579325720569,141.204637091722,0,284.529238481835,0,0,0,0,0,0,0,101.605593487621,81.9664354533492,0,89.9429017381717,161.74915061469
0,0,0,0,0,158.955087279859,214.116367924649,206.472608421747,0,0,0,198.964527389285,0,0,0,0,0,118.522099274347,168.241326865882,205.183249704085,0,0,0,0,0,197.893790332676,0,0,171.230058197369,0,0,0,0,151.806152521152,62.859596780235,0,116.054372245433,0,0,113.059176128709,0
0,0,0,0,223.705816669619,0,0,0,0,0,0,213.67670887414,0,0,0,0,0,0,0,101.85207633558,0,0,0,0,0,133.984214699576,0,138.33942793804,0,0,0,0,0,162.833808134102,0,0,153.672550905948,0,0,0,154.065933476765
0,0,0,0,0,0,0,0,0,114.511014214502,0,106.926813611922,0,117.208001126138,0,0,0,0,0,111.226326353722,0,0,0,259.442917595754,193.659409924573,0,200.878319874537,219.430938885781,180.355266595273,0,94.126460729827,0,0,0,165.893015276821,0,153.609372090384,269.936825670274,172.892533368851,0,109.093416850988
0,0,0,0,0,0,82.1742780037132,89.3673883748406,111.435629183184,89.707245288964,0,106.533627130087,0,158.567996645797,0,136.685314494491,0,0,0,96.5937438588657,0,0,259.442917595754,0,0,321.124897279917,178.683678585178,169.453147353278,180.543851962045,145.74089716123,0,0,262.382215657622,0,261.440278806413,0,202.712457066107,124.698445421759,0,283.248188884028,0
0,0,0,137.177378802006,0,0,197.486504603685,0,0,0,241.57250333243,259.055025639447,0,0,0,0,0,0,0,320.356811100276,0,0,193.659409924573,0,0,0,0,0,0,0,0,0,0,321.864157986053,0,0,140.574866691684,151.075371308616,0,103.519938150021,0
0,146.465927798921,0,0,232.945974238958,249.905610015455,101.5853655613,154.142998692322,0,0,143.005810983322,0,0,0,241.635434294794,0,0,146.99041817625,167.066576495979,71.5579325720569,197.893790332676,133.984214699576,0,321.124897279917,0,0,0,183.786860782462,0,0,0,220.901129804706,0,0,96.7845769653343,0,261.605527103798,153.453047983244,0,98.417953423071,151.695570509541
0,0,94.7529894315991,74.5815074003433,0,178.748963182352,97.5855511246009,0,0,164.032723165762,309.997227542691,335.371040201042,0,0,0,0,224.551207449728,220.963068032256,193.777661225572,141.204637091722,0,0,200.878319874537,178.683678585178,0,0,0,347.376449530863,0,0,0,0,0,155.24952173131,205.839960264176,0,194.442125915551,314.611698427915,0,104.915316975638,215.611029055736
0,357.423078228283,0,80.4367166559625,120.567029282014,71.4788760670054,84.3635741045246,116.176698124939,128.405764333981,219.040656038919,0,125.81518738273,0,276.620869034647,188.936291522747,171.906398392157,201.44584889478,169.742003380707,82.6426202489162,0,0,138.33942793804,219.430938885781,169.453147353278,0,183.786860782462,347.376449530863,0,101.895308036513,0,180.90030328818,0,0,0,74.4197823064597,94.8881692391942,120.912756812582,0,90.1317194604647,252.487290983309,0
0,138.425725342224,0,195.822649557859,150.161410108805,73.4795582048751,108.381749703452,0,0,173.059382066957,0,0,0,0,0,0,0,106.33736463831,87.8456058929559,284.529238481835,171.230058197369,0,180.355266595273,180.543851962045,0,0,0,101.895308036513,0,0,0,172.608400267715,0,115.332064605654,115.114253591495,178.224497384947,209.996727521564,247.66948903751,0,348.674510760064,218.045528847001
0,0,0,0,0,0,128.846764897717,0,0,300.031143529538,131.969743415579,0,94.9380989123498,198.528111506785,0,179.718364159796,0,0,242.790381480436,0,0,0,0,145.74089716123,0,0,0,0,0,0,0,113.144980278377,0,0,208.005106191961,0,0,0,0,82.6299537488922,0
0,0,0,338.131802716296,0,0,0,0,0,0,0,0,0,0,0,0,0,0,0,0,0,0,94.126460729827,0,0,0,0,180.90030328818,0,0,0,0,0,0,161.694997919804,0,0,106.128596538706,0,81.2827395071039,0
0,0,0,160.537522273714,0,0,0,0,0,62.311273509377,0,161.325017232684,191.519780382943,181.316358113209,0,0,0,0,0,0,0,0,0,0,0,220.901129804706,0,0,172.608400267715,113.144980278377,0,0,0,0,227.504408813069,0,195.314816908693,93.4234866874731,0,0,0
0,0,0,0,0,0,0,0,0,0,0,112.349934713559,0,0,0,0,0,0,0,0,0,0,0,262.382215657622,0,0,0,0,0,0,0,0,0,193.055010680236,0,0,231.715271819474,0,94.7280504127031,0,0
137.189596148386,0,0,0,226.825099357786,325.937289045041,146.770754374523,154.784755881607,188.851177466023,205.09013266389,0,190.185165668632,99.2646516363145,329.719143597451,151.036729364761,0,0,157.852515740516,250.461724766314,0,151.806152521152,162.833808134102,0,0,321.864157986053,0,155.24952173131,0,115.332064605654,0,0,0,193.055010680236,0,161.302948562323,134.960780198024,224.523755099568,306.344527664232,263.534399241887,61.0664810463559,119.728129215699
206.912707094411,0,0,0,142.385058730083,124.853650664477,85.6072705949986,104.369974912428,0,146.814226519809,0,0,0,0,323.781250289068,173.538155409849,0,0,0,0,62.859596780235,0,165.893015276821,261.440278806413,0,96.7845769653343,205.839960264176,74.4197823064597,115.114253591495,208.005106191961,161.694997919804,227.504408813069,0,161.302948562323,0,82.4756938751058,222.053792850439,119.345624434514,199.492852797962,184.249961885477,93.5029580098427
0,0,128.530575464043,151.01089327964,108.136066660554,0,0,196.04190773555,0,148.808626413748,115.871357769661,78.9559315574845,0,0,228.075434767255,115.868441404982,97.3506957544063,89.1590885155172,249.798812580765,0,0,0,0,0,0,0,0,94.8881692391942,178.224497384947,0,0,0,0,134.960780198024,82.4756938751058,0,333.645516435298,0,186.348837226466,98.2230592632363,0
0,0,0,219.078548227669,80.8080171296381,289.631679007608,231.050882209,0,0,0,241.682021696872,195.378266313867,0,0,78.8552325762656,139.93285932648,122.106946855269,173.001559092555,193.63278243493,101.605593487621,116.054372245433,153.672550905948,153.609372090384,202.712457066107,140.574866691684,261.605527103798,194.442125915551,120.912756812582,209.996727521564,0,0,195.314816908693,231.715271819474,224.523755099568,222.053792850439,333.645516435298,0,175.196329314064,70.4221432298295,100.812745974529,303.527509149359
0,0,0,0,0,0,0,163.945208919892,0,0,73.1029054543569,204.084074037941,0,66.5008477853491,0,0,114.649126378906,0,0,81.9664354533492,0,0,269.936825670274,124.698445421759,151.075371308616,153.453047983244,314.611698427915,0,247.66948903751,0,106.128596538706,93.4234866874731,0,306.344527664232,119.345624434514,0,175.196329314064,0,345.797434674459,133.218162784108,125.994729980093
97.3232815600345,0,125.416941482916,0,0,0,0,306.640284138334,0,283.88658203332,211.840482897052,137.239127032733,0,0,186.973586461633,0,0,0,0,0,0,0,172.892533368851,0,0,0,0,90.1317194604647,0,0,0,0,94.7280504127031,263.534399241887,199.492852797962,186.348837226466,70.4221432298295,345.797434674459,0,0,0
110.384905066973,95.7590805983148,0,0,0,0,134.566479261133,0,228.792310020318,92.5568465385234,0,0,217.157696745803,163.059043292369,161.275817184598,0,101.350815329073,0,0,89.9429017381717,113.059176128709,0,0,283.248188884028,103.519938150021,98.417953423071,104.915316975638,252.487290983309,348.674510760064,82.6299537488922,81.2827395071039,0,0,61.0664810463559,184.249961885477,98.2230592632363,100.812745974529,133.218162784108,0,0,253.401634605989
0,204.481117647118,135.667029391615,74.7304794244225,0,135.294330067913,0,0,0,201.100640800745,0,90.7216186966914,212.592150359921,136.792307586862,0,115.194491798135,99.3508940827211,0,0,161.74915061469,0,154.065933476765,109.093416850988,0,0,151.695570509541,215.611029055736,0,218.045528847001,0,0,0,0,119.728129215699,93.5029580098427,0,303.527509149359,125.994729980093,0,253.401634605989,0
