0,0,0,0,0,0,0,0,0,151.036729364761,0,0,0,0,0,0,0,0,115.332064605654,0,0,0,0,0,0,181.316358113209,0,160.537522273714,0,0,0,0,0,0,0,0,93.5029580098427,0,0,92.3502314520023,0
0,0,0,0,0,231.050882209,0,0,0,0,0,0,0,0,0,0,0,0,0,0,0,0,0,133.218162784108,0,0,0,345.797434674459,0,0,0,0,0,269.936825670274,125.81518738273,0,0,0,223.705816669619,97.3232815600345,0
0,0,0,0,224.551207449728,0,0,0,0,0,0,0,0,108.136066660554,0,0,329.719143597451,0,0,0,0,0,0,0,0,0,0,162.833808134102,0,0,0,0,0,0,92.5568465385234,0,0,0,0,0,0
0,0,0,0,0,0,0,314.611698427915,0,96.5937438588657,0,353.822894641502,0,115.194491798135,218.045528847001,0,0,238.934743274142,115.541295036174,0,0,110.384905066973,0,0,0,0,0,180.90030328818,192.601533877686,0,87.8456058929559,0,0,0,0,134.566479261133,103.519938150021,0,0,0,0
0,0,224.551207449728,0,0,128.846764897717,0,0,0,62.859596780235,0,0,259.442917595754,0,0,0,0,0,0,0,0,0,0,0,214.116367924649,186.348837226466,213.67670887414,0,0,192.135034768848,0,0,161.694997919804,0,71.5579325720569,131.969743415579,198.528111506785,179.718364159796,0,0,249.798812580765
0,231.050882209,0,0,128.846764897717,0,0,0,0,73.1029054543569,0,85.6072705949986,241.682021696872,0,0,0,0,0,124.853650664477,0,0,0,0,204.481117647118,0,289.631679007608,0,228.075434767255,0,94.7529894315991,0,0,0,74.7304794244225,151.695570509541,0,323.781250289068,0,0,139.93285932648,0
0,0,0,0,0,0,0,221.805809452716,0,141.204637091722,0,251.098274723989,0,0,0,0,0,227.504408813069,0,0,0,101.443495235174,0,0,101.605593487621,195.378266313867,201.44584889478,0,0,0,0,0,0,119.345624434514,0,146.770754374523,116.054372245433,0,97.5855511246009,94.8881692391942,0
0,0,0,314.611698427915,0,0,221.805809452716,0,0,0,0,0,0,0,0,115.868441404982,154.065933476765,114.511014214502,222.053792850439,0,0,104.369974912428,0,0,151.806152521152,0,111.435629183184,84.3635741045246,0,0,0,0,0,325.937289045041,143.005810983322,89.707245288964,0,139.792601838991,0,167.066576495979,138.425725342224
0,0,0,0,0,0,0,0,0,0,255.441154257905,0,0,0,0,0,0,0,0,0,0,0,0,259.055025639447,0,0,93.4234866874731,228.792310020318,0,0,0,71.4788760670054,0,171.906398392157,106.926813611922,74.5815074003433,135.294330067913,0,115.114253591495,0,303.527509149359
151.036729364761,0,0,96.5937438588657,62.859596780235,73.1029054543569,141.204637091722,0,0,0,0,193.659409924573,0,0,80.4367166559625,0,0,0,0,190.185165668632,0,0,67.8267069095267,0,0,111.226326353722,197.486504603685,153.609372090384,0,0,0,0,120.912756812582,82.4756938751058,0,0,174.013630695256,0,215.611029055736,199.492852797962,205.839960264176
0,0,0,0,0,0,0,0,255.441154257905,0,0,151.01089327964,0,153.672550905948,335.371040201042,0,0,0,173.001559092555,0,145.74089716123,0,0,134.960780198024,0,173.059382066957,0,0,194.442125915551,161.275817184598,0,0,0,250.461724766314,225.013371621378,0,137.189596148386,101.5853655613,219.040656038919,146.465927798921,0
0,0,0,353.822894641502,0,85.6072705949986,251.098274723989,0,0,193.659409924573,151.01089327964,0,0,85.7623170715703,231.715271819474,0,0,0,206.912707094411,357.423078228283,180.355266595273,0,137.239127032733,0,0,154.142998692322,201.100640800745,321.124897279917,0,283.88658203332,76.5072790361762,113.144980278377,0,0,0,116.176698124939,163.059043292369,82.1742780037132,0,241.635434294794,0
0,0,0,0,259.442917595754,241.682021696872,0,0,0,0,0,0,0,0,0,0,0,0,0,0,0,0,0,0,0,136.685314494491,0,137.177378802006,0,0,0,0,0,0,208.005106191961,0,0,205.183249704085,0,0,0
0,0,108.136066660554,115.194491798135,0,0,0,0,0,0,153.672550905948,85.7623170715703,0,0,0,0,0,0,183.786860782462,241.57250333243,0,0,0,128.530575464043,148.808626413748,0,139.654362654449,159.183173818572,320.356811100276,136.792307586862,0,0,0,0,0,140.574866691684,0,0,0,142.054529471577,0
0,0,0,218.045528847001,0,0,0,0,0,80.4367166559625,335.371040201042,231.715271819474,0,0,0,0,0,0,0,104.915316975638,0,0,175.196329314064,101.85207633558,0,0,193.055010680236,0,205.09013266389,0,0,0,0,191.519780382943,188.936291522747,0,347.376449530863,0,0,0,0
0,0,0,0,0,0,0,115.868441404982,0,0,0,0,0,0,0,0,0,0,0,94.7280504127031,0,0,197.893790332676,81.9664354533492,0,0,0,261.605527103798,178.748963182352,0,0,161.302948562323,0,62.311273509377,198.964527389285,0,70.4221432298295,0,0,0,217.157696745803
0,0,329.719143597451,0,0,0,0,154.065933476765,0,0,0,0,0,0,0,0,0,0,0,0,0,226.825099357786,0,0,101.895308036513,106.33736463831,200.878319874537,0,0,0,0,0,0,66.5008477853491,0,0,193.63278243493,165.597665022977,0,211.840482897052,0
0,0,0,238.934743274142,0,0,227.504408813069,114.511014214502,0,0,0,0,0,0,0,0,0,0,0,0,178.224497384947,0,0,0,0,0,0,0,113.059176128709,0,0,0,0,90.7216186966914,112.793316814908,89.3673883748406,0,155.901486485736,0,0,0
115.332064605654,0,0,115.541295036174,0,124.853650664477,0,222.053792850439,0,0,173.001559092555,206.912707094411,0,183.786860782462,0,0,0,0,0,0,202.712457066107,0,0,95.7590805983148,0,0,0,0,0,0,0,0,0,0,219.078548227669,0,99.2646516363145,0,0,98.2230592632363,0
0,0,0,0,0,0,0,0,0,190.185165668632,0,357.423078228283,0,241.57250333243,104.915316975638,94.7280504127031,0,0,0,0,0,0,206.472608421747,146.814226519809,0,151.075371308616,0,58.3493451392805,128.405764333981,0,112.349934713559,0,0,122.106946855269,0,99.3508940827211,263.534399241887,0,187.77054666536,92.5207898118833,138.33942793804
0,0,0,0,0,0,0,0,0,0,145.74089716123,180.355266595273,0,0,0,0,0,178.224497384947,202.712457066107,0,0,0,0,0,0,98.6790043377568,169.453147353278,309.997227542691,192.693757128262,0,0,0,0,0,212.592150359921,82.6299537488922,98.417953423071,146.99041817625,0,0,72.2278283150671
0,0,0,110.384905066973,0,0,101.443495235174,104.369974912428,0,0,0,0,0,0,0,0,226.825099357786,0,0,0,0,0,0,0,0,0,0,115.871357769661,236.681907140956,0,0,0,0,0,0,0,300.031143529538,0,306.344527664232,0,0
0,0,0,0,0,0,0,0,0,67.8267069095267,0,137.239127032733,0,0,175.196329314064,197.893790332676,0,0,0,206.472608421747,0,0,0,262.382215657622,0,160.530221557972,0,75.4497121078207,153.453047983244,0,0,0,195.822649557859,232.945974238958,81.2827395071039,0,114.649126378906,0,0,155.24952173131,109.093416850988
0,133.218162784108,0,0,0,204.481117647118,0,0,259.055025639447,0,134.960780198024,0,0,128.530575464043,101.85207633558,81.9664354533492,0,0,95.7590805983148,146.814226519809,0,0,262.382215657622,0,0,186.973586461633,219.430938885781,73.4795582048751,188.851177466023,276.620869034647,0,154.070293657878,0,0,242.790381480436,0,80.8080171296381,280.376028997576,0,0,0
0,0,0,0,214.116367924649,0,101.605593487621,151.806152521152,0,0,0,0,0,148.808626413748,0,0,101.895308036513,0,0,0,0,0,0,0,0,0,0,0,0,0,0,0,0,97.3506957544063,253.401634605989,0,0,172.892533368851,0,124.698445421759,94.126460729827
181.316358113209,0,0,0,186.348837226466,289.631679007608,195.378266313867,0,0,111.226326353722,173.059382066957,154.142998692322,136.685314494491,0,0,0,106.33736463831,0,0,151.075371308616,98.6790043377568,0,160.530221557972,186.973586461633,0,0,184.249961885477,0,0,0,133.984214699576,0,0,165.893015276821,0,0,283.248188884028,284.529238481835,0,173.538155409849,164.032723165762
0,0,0,0,213.67670887414,0,201.44584889478,111.435629183184,93.4234866874731,197.486504603685,0,201.100640800745,0,139.654362654449,193.055010680236,0,200.878319874537,0,0,0,169.453147353278,0,0,219.430938885781,0,184.249961885477,0,119.728129215699,172.608400267715,0,0,0,0,157.852515740516,153.876396855887,61.0664810463559,0,158.567996645797,0,249.905610015455,173.201474590904
160.537522273714,345.797434674459,162.833808134102,180.90030328818,0,228.075434767255,0,84.3635741045246,228.792310020318,153.609372090384,0,321.124897279917,137.177378802006,159.183173818572,0,261.605527103798,0,0,0,58.3493451392805,309.997227542691,115.871357769661,75.4497121078207,73.4795582048751,0,0,119.728129215699,0,195.314816908693,171.230058197369,0,0,0,161.74915061469,100.812745974529,0,154.784755881607,209.996727521564,78.9559315574845,142.385058730083,94.9380989123498
0,0,0,192.601533877686,0,0,0,0,0,0,194.442125915551,0,0,320.356811100276,205.09013266389,178.748963182352,0,113.059176128709,0,128.405764333981,192.693757128262,236.681907140956,153.453047983244,188.851177466023,0,0,172.608400267715,195.314816908693,0,0,0,220.901129804706,0,101.350815329073,261.440278806413,117.208001126138,224.523755099568,90.1317194604647,0,125.994729980093,125.416941482916
0,0,0,0,192.135034768848,94.7529894315991,0,0,0,0,161.275817184598,283.88658203332,0,136.792307586862,0,0,0,0,0,0,0,0,0,276.620869034647,0,0,0,171.230058197369,0,0,0,108.381749703452,0,0,252.487290983309,0,0,0,204.084074037941,0,106.128596538706
0,0,0,87.8456058929559,0,0,0,0,0,0,0,76.5072790361762,0,0,0,0,0,0,0,112.349934713559,0,0,0,0,0,133.984214699576,0,0,0,0,0,0,0,0,0,0,169.742003380707,0,0,163.945208919892,0
0,0,0,0,0,0,0,0,71.4788760670054,0,0,113.144980278377,0,0,0,161.302948562323,0,0,0,0,0,0,0,154.070293657878,0,0,0,0,220.901129804706,108.381749703452,0,0,0,0,0,321.864157986053,196.04190773555,180.543851962045,220.963068032256,0,178.683678585178
0,0,0,0,161.694997919804,0,0,0,0,120.912756812582,0,0,0,0,0,0,0,0,0,0,0,0,195.822649557859,0,0,0,0,0,0,0,0,0,0,150.161410108805,0,0,0,0,0,338.131802716296,0
0,269.936825670274,0,0,0,74.7304794244225,119.345624434514,325.937289045041,171.906398392157,82.4756938751058,250.461724766314,0,0,0,191.519780382943,62.311273509377,66.5008477853491,90.7216186966914,0,122.106946855269,0,0,232.945974238958,0,97.3506957544063,165.893015276821,157.852515740516,161.74915061469,101.350815329073,0,0,0,150.161410108805,0,196.032358954952,82.6426202489162,158.955087279859,333.645516435298,96.7845769653343,161.325017232684,193.777661225572
0,125.81518738273,92.5568465385234,0,71.5579325720569,151.695570509541,0,143.005810983322,106.926813611922,0,225.013371621378,0,208.005106191961,0,188.936291522747,198.964527389285,0,112.793316814908,219.078548227669,0,212.592150359921,0,81.2827395071039,242.790381480436,253.401634605989,0,153.876396855887,100.812745974529,261.440278806413,252.487290983309,0,0,0,196.032358954952,0,74.4197823064597,106.533627130087,0,0,89.1590885155172,177.763106506206
0,0,0,134.566479261133,131.969743415579,0,146.770754374523,89.707245288964,74.5815074003433,0,0,116.176698124939,0,140.574866691684,0,0,0,89.3673883748406,0,99.3508940827211,82.6299537488922,0,0,0,0,0,61.0664810463559,0,117.208001126138,0,0,321.864157986053,0,82.6426202489162,74.4197823064597,0,89.9429017381717,168.241326865882,0,94.027247878695,135.667029391615
93.5029580098427,0,0,103.519938150021,198.528111506785,323.781250289068,116.054372245433,0,135.294330067913,174.013630695256,137.189596148386,163.059043292369,0,0,347.376449530863,70.4221432298295,193.63278243493,0,99.2646516363145,263.534399241887,98.417953423071,300.031143529538,114.649126378906,80.8080171296381,0,283.248188884028,0,154.784755881607,224.523755099568,0,169.742003380707,196.04190773555,0,158.955087279859,106.533627130087,89.9429017381717,0,348.674510760064,247.66948903751,240.185081663983,120.567029282014
0,0,0,0,179.718364159796,0,0,139.792601838991,0,0,101.5853655613,82.1742780037132,205.183249704085,0,0,0,165.597665022977,155.901486485736,0,0,146.99041817625,0,0,280.376028997576,172.892533368851,284.529238481835,158.567996645797,209.996727521564,90.1317194604647,0,0,180.543851962045,0,333.645516435298,0,168.241326865882,348.674510760064,0,118.522099274347,0,306.640284138334
0,223.705816669619,0,0,0,0,97.5855511246009,0,115.114253591495,215.611029055736,219.040656038919,0,0,0,0,0,0,0,0,187.77054666536,0,306.344527664232,0,0,0,0,0,78.9559315574845,0,204.084074037941,0,220.963068032256,0,96.7845769653343,0,0,247.66948903751,118.522099274347,0,78.8552325762656,112.823430872325
92.3502314520023,97.3232815600345,0,0,0,139.93285932648,94.8881692391942,167.066576495979,0,199.492852797962,146.465927798921,241.635434294794,0,142.054529471577,0,0,211.840482897052,0,98.2230592632363,92.5207898118833,0,0,155.24952173131,0,124.698445421759,173.538155409849,249.905610015455,142.385058730083,125.994729980093,0,163.945208919892,0,338.131802716296,161.325017232684,89.1590885155172,94.027247878695,240.185081663983,0,78.8552325762656,0,0
0,0,0,0,249.798812580765,0,0,138.425725342224,303.527509149359,205.839960264176,0,0,0,0,0,217.157696745803,0,0,0,138.33942793804,72.2278283150671,0,109.093416850988,0,94.126460729827,164.032723165762,173.201474590904,94.9380989123498,125.416941482916,106.128596538706,0,178.683678585178,0,193.777661225572,177.763106506206,135.667029391615,120.567029282014,306.640284138334,112.823430872325,0,0
