0,0,0,0,0,143.005810983322,0,192.135034768848,0,0,0,253.401634605989,0,0,0,0,0,0,0,108.136066660554,0,0,0,0,0,0,0,0,0,0,0,0,0,219.078548227669,0,0,0,0,89.9429017381717,0,0
0,0,0,0,0,0,348.674510760064,0,0,0,0,0,0,99.3508940827211,0,0,0,0,0,0,0,137.239127032733,0,0,0,0,0,0,0,0,0,0,0,0,193.659409924573,198.964527389285,160.530221557972,0,0,94.8881692391942,0
0,0,0,0,0,0,0,193.055010680236,0,0,249.905610015455,0,0,0,0,0,0,0,0,0,0,0,0,0,0,0,0,0,0,0,0,0,0,0,231.715271819474,169.742003380707,0,62.859596780235,0,0,0
0,0,0,0,0,81.9664354533492,0,345.797434674459,96.5937438588657,251.098274723989,0,173.201474590904,0,0,0,0,283.88658203332,0,0,0,0,193.777661225572,0,0,0,0,204.084074037941,161.694997919804,0,178.748963182352,0,0,0,100.812745974529,0,0,151.01089327964,111.226326353722,0,0,0
0,0,0,0,0,0,0,0,201.100640800745,122.106946855269,0,0,0,0,0,0,161.275817184598,0,124.698445421759,0,0,0,0,98.417953423071,0,224.523755099568,0,259.442917595754,109.093416850988,0,0,284.529238481835,0,0,103.519938150021,314.611698427915,135.294330067913,0,321.124897279917,80.4367166559625,0
143.005810983322,0,0,81.9664354533492,0,0,119.728129215699,134.566479261133,0,173.538155409849,75.4497121078207,106.128596538706,192.693757128262,0,0,0,0,242.790381480436,0,0,161.74915061469,0,0,0,0,89.3673883748406,0,0,209.996727521564,0,0,0,0,0,0,0,0,0,82.1742780037132,101.443495235174,0
0,348.674510760064,0,0,0,119.728129215699,0,0,0,0,0,162.833808134102,263.534399241887,95.7590805983148,0,0,0,0,0,0,261.440278806413,0,0,165.893015276821,325.937289045041,186.348837226466,0,97.3506957544063,0,0,0,0,0,0,0,0,300.031143529538,153.453047983244,187.77054666536,0,0
192.135034768848,0,193.055010680236,345.797434674459,0,134.566479261133,0,0,0,218.045528847001,0,0,0,0,90.1317194604647,0,0,0,0,0,0,0,108.381749703452,206.472608421747,0,0,0,84.3635741045246,136.792307586862,0,0,0,151.695570509541,323.781250289068,0,153.672550905948,104.915316975638,0,97.3232815600345,0,160.537522273714
0,0,0,96.5937438588657,201.100640800745,0,0,0,0,0,232.945974238958,220.963068032256,0,0,0,0,0,0,0,112.793316814908,0,0,226.825099357786,0,114.649126378906,71.5579325720569,0,139.654362654449,0,0,0,0,0,0,0,0,173.001559092555,99.2646516363145,0,0,0
0,0,0,251.098274723989,122.106946855269,173.538155409849,0,218.045528847001,0,0,0,151.075371308616,0,0,0,0,180.543851962045,0,0,0,0,208.005106191961,0,97.5855511246009,0,163.059043292369,0,153.876396855887,192.601533877686,261.605527103798,0,0,0,200.878319874537,206.912707094411,0,250.461724766314,139.792601838991,0,73.4795582048751,283.248188884028
0,0,249.905610015455,0,0,75.4497121078207,0,0,232.945974238958,0,0,0,0,0,96.7845769653343,165.597665022977,0,0,0,0,215.611029055736,0,93.4234866874731,171.230058197369,0,116.176698124939,151.806152521152,289.631679007608,0,0,0,205.09013266389,0,259.055025639447,74.5815074003433,0,183.786860782462,0,0,0,58.3493451392805
253.401634605989,0,0,173.201474590904,0,106.128596538706,162.833808134102,0,220.963068032256,151.075371308616,0,0,142.054529471577,0,0,193.63278243493,137.177378802006,106.926813611922,0,180.355266595273,71.4788760670054,0,0,201.44584889478,0,138.425725342224,0,98.2230592632363,0,0,78.8552325762656,0,0,221.805809452716,0,0,199.492852797962,155.901486485736,0,94.7529894315991,61.0664810463559
0,0,0,0,0,192.693757128262,263.534399241887,0,0,0,0,142.054529471577,0,67.8267069095267,0,0,0,0,0,114.511014214502,0,0,0,0,0,0,0,0,0,0,0,0,0,0,181.316358113209,0,0,0,0,0,0
0,99.3508940827211,0,0,0,0,95.7590805983148,0,0,0,0,0,67.8267069095267,0,158.567996645797,0,0,0,128.530575464043,0,0,0,0,329.719143597451,0,249.798812580765,0,150.161410108805,154.784755881607,0,0,0,0,0,154.070293657878,0,85.7623170715703,303.527509149359,0,115.871357769661,146.99041817625
0,0,0,0,0,0,0,90.1317194604647,0,0,96.7845769653343,0,0,158.567996645797,0,0,0,0,0,145.74089716123,0,0,139.93285932648,0,0,0,89.1590885155172,0,0,0,0,0,0,0,240.185081663983,124.853650664477,241.57250333243,154.065933476765,195.822649557859,70.4221432298295,0
0,0,0,0,0,0,0,0,0,0,165.597665022977,193.63278243493,0,0,0,0,0,0,0,0,101.350815329073,0,81.2827395071039,142.385058730083,0,0,113.059176128709,0,0,0,0,0,0,133.984214699576,128.405764333981,197.893790332676,241.635434294794,175.196329314064,0,0,0
0,0,0,283.88658203332,161.275817184598,0,0,0,0,180.543851962045,0,137.177378802006,0,0,0,0,0,72.2278283150671,0,0,0,0,0,0,0,0,112.823430872325,87.8456058929559,0,0,0,0,0,280.376028997576,172.608400267715,0,0,0,0,93.5029580098427,0
0,0,0,0,0,242.790381480436,0,0,0,0,0,106.926813611922,0,0,0,0,72.2278283150671,0,0,0,247.66948903751,0,0,0,0,0,74.4197823064597,74.7304794244225,94.126460729827,0,0,0,0,236.681907140956,276.620869034647,0,0,0,0,0,0
0,0,0,0,124.698445421759,0,0,0,0,0,0,0,0,128.530575464043,0,0,0,0,0,104.369974912428,0,0,188.936291522747,0,0,0,106.533627130087,197.486504603685,228.075434767255,161.325017232684,0,0,0,196.04190773555,178.683678585178,0,184.249961885477,0,0,0,153.609372090384
108.136066660554,0,0,0,0,0,0,0,112.793316814908,0,0,180.355266595273,114.511014214502,0,145.74089716123,0,0,0,104.369974912428,0,0,0,131.969743415579,119.345624434514,238.934743274142,0,0,173.059382066957,0,94.7280504127031,0,0,0,306.640284138334,357.423078228283,76.5072790361762,157.852515740516,0,0,338.131802716296,137.189596148386
0,0,0,0,0,161.74915061469,261.440278806413,0,0,0,215.611029055736,71.4788760670054,0,0,0,101.350815329073,0,247.66948903751,0,0,0,0,0,146.814226519809,0,0,335.371040201042,309.997227542691,0,0,0,0,0,115.541295036174,0,82.6299537488922,195.378266313867,0,0,163.945208919892,0
0,137.239127032733,0,193.777661225572,0,0,0,0,0,208.005106191961,0,0,0,0,0,0,0,0,0,0,0,0,0,0,0,0,0,164.032723165762,92.5568465385234,0,0,0,0,0,167.066576495979,0,80.8080171296381,0,0,0,159.183173818572
0,0,0,0,0,0,0,108.381749703452,226.825099357786,0,93.4234866874731,0,0,0,139.93285932648,81.2827395071039,0,0,188.936291522747,131.969743415579,0,0,0,0,231.050882209,227.504408813069,0,98.6790043377568,112.349934713559,0,0,0,0,0,125.416941482916,0,186.973586461633,169.453147353278,0,0,106.33736463831
0,0,0,0,98.417953423071,0,165.893015276821,206.472608421747,0,97.5855511246009,171.230058197369,201.44584889478,0,329.719143597451,0,142.385058730083,0,0,0,119.345624434514,146.814226519809,0,0,0,320.356811100276,118.522099274347,0,0,101.605593487621,0,0,128.846764897717,0,205.183249704085,146.465927798921,196.032358954952,0,0,116.054372245433,0,213.67670887414
0,0,0,0,0,0,325.937289045041,0,114.649126378906,0,0,0,0,0,0,0,0,0,0,238.934743274142,0,0,231.050882209,320.356811100276,0,0,0,0,0,0,0,0,0,333.645516435298,0,113.144980278377,174.013630695256,0,82.6426202489162,0,89.707245288964
0,0,0,0,224.523755099568,89.3673883748406,186.348837226466,0,71.5579325720569,163.059043292369,116.176698124939,138.425725342224,0,249.798812580765,0,0,0,0,0,0,0,0,227.504408813069,118.522099274347,0,0,0,148.808626413748,171.906398392157,0,0,115.114253591495,0,0,179.718364159796,211.840482897052,101.85207633558,202.712457066107,154.142998692322,146.770754374523,85.6072705949986
0,0,0,204.084074037941,0,0,0,0,0,0,151.806152521152,0,0,0,89.1590885155172,113.059176128709,112.823430872325,74.4197823064597,106.533627130087,0,335.371040201042,0,0,0,0,0,0,306.344527664232,269.936825670274,225.013371621378,125.994729980093,90.7216186966914,241.682021696872,224.551207449728,188.851177466023,0,115.194491798135,172.892533368851,0,115.332064605654,78.9559315574845
0,0,0,161.694997919804,259.442917595754,0,97.3506957544063,84.3635741045246,139.654362654449,153.876396855887,289.631679007608,98.2230592632363,0,150.161410108805,0,0,87.8456058929559,74.7304794244225,197.486504603685,173.059382066957,309.997227542691,164.032723165762,98.6790043377568,0,0,148.808626413748,306.344527664232,0,347.376449530863,0,0,0,0,262.382215657622,214.116367924649,219.430938885781,92.5207898118833,191.519780382943,220.901129804706,136.685314494491,82.4756938751058
0,0,0,0,109.093416850988,209.996727521564,0,136.792307586862,0,192.601533877686,0,0,0,154.784755881607,0,0,0,94.126460729827,228.075434767255,0,0,92.5568465385234,112.349934713559,101.605593487621,0,171.906398392157,269.936825670274,347.376449530863,0,0,133.218162784108,0,252.487290983309,158.955087279859,161.302948562323,0,117.208001126138,0,151.036729364761,101.5853655613,135.667029391615
0,0,0,178.748963182352,0,0,0,0,0,261.605527103798,0,0,0,0,0,0,0,0,161.325017232684,94.7280504127031,0,0,0,0,0,0,225.013371621378,0,0,0,0,110.384905066973,0,138.33942793804,134.960780198024,155.24952173131,0,0,0,92.3502314520023,141.204637091722
0,0,0,0,0,0,0,0,0,0,0,78.8552325762656,0,0,0,0,0,0,0,0,0,0,0,0,0,0,125.994729980093,0,133.218162784108,0,0,0,0,353.822894641502,0,0,0,94.9380989123498,0,180.90030328818,0
0,0,0,0,284.529238481835,0,0,0,0,0,205.09013266389,0,0,0,0,0,0,0,0,0,0,0,0,128.846764897717,0,115.114253591495,90.7216186966914,0,0,110.384905066973,0,0,0,190.185165668632,0,177.763106506206,228.792310020318,194.442125915551,0,219.040656038919,0
0,0,0,0,0,0,0,151.695570509541,0,0,0,0,0,0,0,0,0,0,0,0,0,0,0,0,0,0,241.682021696872,0,252.487290983309,0,0,0,0,0,0,0,94.027247878695,0,0,205.839960264176,0
219.078548227669,0,0,100.812745974529,0,0,0,323.781250289068,0,200.878319874537,259.055025639447,221.805809452716,0,0,0,133.984214699576,280.376028997576,236.681907140956,196.04190773555,306.640284138334,115.541295036174,0,0,205.183249704085,333.645516435298,0,224.551207449728,262.382215657622,158.955087279859,138.33942793804,353.822894641502,190.185165668632,0,0,115.868441404982,212.592150359921,204.481117647118,101.895308036513,0,168.241326865882,111.435629183184
0,193.659409924573,231.715271819474,0,103.519938150021,0,0,0,0,206.912707094411,74.5815074003433,0,181.316358113209,154.070293657878,240.185081663983,128.405764333981,172.608400267715,276.620869034647,178.683678585178,357.423078228283,0,167.066576495979,125.416941482916,146.465927798921,0,179.718364159796,188.851177466023,214.116367924649,161.302948562323,134.960780198024,0,0,0,115.868441404982,0,140.574866691684,125.81518738273,0,0,120.567029282014,0
0,198.964527389285,169.742003380707,0,314.611698427915,0,0,153.672550905948,0,0,0,0,0,0,124.853650664477,197.893790332676,0,0,0,76.5072790361762,82.6299537488922,0,0,196.032358954952,113.144980278377,211.840482897052,0,219.430938885781,0,155.24952173131,0,177.763106506206,0,212.592150359921,140.574866691684,0,0,0,223.705816669619,255.441154257905,120.912756812582
0,160.530221557972,0,151.01089327964,135.294330067913,0,300.031143529538,104.915316975638,173.001559092555,250.461724766314,183.786860782462,199.492852797962,0,85.7623170715703,241.57250333243,241.635434294794,0,0,184.249961885477,157.852515740516,195.378266313867,80.8080171296381,186.973586461633,0,174.013630695256,101.85207633558,115.194491798135,92.5207898118833,117.208001126138,0,0,228.792310020318,94.027247878695,204.481117647118,125.81518738273,0,0,73.1029054543569,198.528111506785,222.053792850439,195.314816908693
0,0,62.859596780235,111.226326353722,0,0,153.453047983244,0,99.2646516363145,139.792601838991,0,155.901486485736,0,303.527509149359,154.065933476765,175.196329314064,0,0,0,0,0,0,169.453147353278,0,0,202.712457066107,172.892533368851,191.519780382943,0,0,94.9380989123498,194.442125915551,0,101.895308036513,0,0,73.1029054543569,0,217.157696745803,66.5008477853491,62.311273509377
89.9429017381717,0,0,0,321.124897279917,82.1742780037132,187.77054666536,97.3232815600345,0,0,0,0,0,0,195.822649557859,0,0,0,0,0,0,0,0,116.054372245433,82.6426202489162,154.142998692322,0,220.901129804706,151.036729364761,0,0,0,0,0,0,223.705816669619,198.528111506785,217.157696745803,0,178.224497384947,0
0,94.8881692391942,0,0,80.4367166559625,101.443495235174,0,0,0,73.4795582048751,0,94.7529894315991,0,115.871357769661,70.4221432298295,0,93.5029580098427,0,0,338.131802716296,163.945208919892,0,0,0,0,146.770754374523,115.332064605654,136.685314494491,101.5853655613,92.3502314520023,180.90030328818,219.040656038919,205.839960264176,168.241326865882,120.567029282014,255.441154257905,222.053792850439,66.5008477853491,178.224497384947,0,321.864157986053
0,0,0,0,0,0,0,160.537522273714,0,283.248188884028,58.3493451392805,61.0664810463559,0,146.99041817625,0,0,0,0,153.609372090384,137.189596148386,0,159.183173818572,106.33736463831,213.67670887414,89.707245288964,85.6072705949986,78.9559315574845,82.4756938751058,135.667029391615,141.204637091722,0,0,0,111.435629183184,0,120.912756812582,195.314816908693,62.311273509377,0,321.864157986053,0
