0,0,0,0,0,0,0,0,0,0,0,261.440278806413,0,0,0,0,0,0,0,0,0,0,0,0,115.332064605654,251.098274723989,0,231.050882209,0,0,0,0,0,0,178.224497384947,0,82.6299537488922,0,0,0,0
0,0,0,0,0,0,0,0,0,0,0,0,206.472608421747,0,0,0,0,0,0,0,0,0,0,0,0,165.597665022977,0,0,0,0,0,0,0,164.032723165762,111.435629183184,0,98.6790043377568,241.635434294794,0,195.822649557859,0
0,0,0,0,0,0,0,155.24952173131,0,205.839960264176,0,0,0,0,0,0,0,0,0,108.136066660554,0,0,0,0,0,0,0,0,0,193.659409924573,0,0,0,0,73.4795582048751,0,0,0,0,0,0
0,0,0,0,66.5008477853491,0,0,186.348837226466,0,192.693757128262,71.5579325720569,0,0,0,0,283.248188884028,0,0,0,0,0,128.846764897717,0,0,0,167.066576495979,0,325.937289045041,100.812745974529,0,0,136.792307586862,0,80.8080171296381,0,0,168.241326865882,76.5072790361762,0,0,0
0,0,0,66.5008477853491,0,205.09013266389,0,90.1317194604647,0,75.4497121078207,0,140.574866691684,0,0,101.605593487621,0,0,195.314816908693,0,0,0,0,163.059043292369,0,0,303.527509149359,124.698445421759,72.2278283150671,173.538155409849,0,0,0,0,0,0,0,160.530221557972,188.851177466023,0,0,0
0,0,0,0,205.09013266389,0,0,94.7280504127031,0,0,0,204.084074037941,0,0,0,0,314.611698427915,0,0,98.417953423071,0,0,252.487290983309,141.204637091722,0,174.013630695256,0,151.01089327964,0,0,0,0,0,321.864157986053,227.504408813069,0,115.868441404982,196.04190773555,0,104.915316975638,0
0,0,0,0,0,0,0,353.822894641502,0,0,137.239127032733,0,0,99.3508940827211,0,0,0,0,0,0,0,0,242.790381480436,220.963068032256,335.371040201042,0,333.645516435298,133.984214699576,0,0,172.608400267715,159.183173818572,0,0,0,0,161.325017232684,225.013371621378,0,0,253.401634605989
0,0,155.24952173131,186.348837226466,90.1317194604647,94.7280504127031,353.822894641502,0,0,0,0,85.6072705949986,0,0,0,329.719143597451,0,0,0,0,0,0,0,0,0,321.124897279917,188.936291522747,0,96.7845769653343,128.405764333981,0,0,0,115.114253591495,114.511014214502,320.356811100276,228.075434767255,0,0,0,228.792310020318
0,0,0,0,0,0,0,0,0,109.093416850988,146.814226519809,0,0,191.519780382943,0,0,0,0,0,0,0,0,0,0,90.7216186966914,0,236.681907140956,0,0,0,0,0,0,0,97.3232815600345,62.859596780235,96.5937438588657,0,103.519938150021,112.349934713559,194.442125915551
0,0,205.839960264176,192.693757128262,75.4497121078207,0,0,0,109.093416850988,0,0,348.674510760064,0,0,161.275817184598,0,0,0,0,306.344527664232,0,0,162.833808134102,82.4756938751058,0,198.964527389285,0,0,106.926813611922,101.85207633558,101.5853655613,0,0,160.537522273714,193.055010680236,110.384905066973,179.718364159796,0,0,323.781250289068,0
0,0,0,71.5579325720569,0,0,137.239127032733,0,146.814226519809,0,0,0,0,226.825099357786,0,0,0,0,94.8881692391942,0,0,0,0,0,172.892533368851,0,150.161410108805,165.893015276821,0,0,0,0,0,217.157696745803,206.912707094411,177.763106506206,171.906398392157,219.430938885781,61.0664810463559,146.99041817625,99.2646516363145
261.440278806413,0,0,0,140.574866691684,204.084074037941,0,85.6072705949986,0,348.674510760064,0,0,0,112.793316814908,0,197.893790332676,0,0,300.031143529538,0,154.070293657878,0,220.901129804706,85.7623170715703,0,94.9380989123498,241.57250333243,139.654362654449,153.876396855887,0,0,94.027247878695,0,249.905610015455,255.441154257905,0,169.742003380707,0,0,139.792601838991,280.376028997576
0,206.472608421747,0,0,0,0,0,0,0,0,0,0,0,0,0,0,0,0,0,94.7529894315991,0,0,181.316358113209,0,0,0,118.522099274347,0,0,0,0,0,0,0,0,0,78.9559315574845,0,0,0,187.77054666536
0,0,0,0,0,0,99.3508940827211,0,191.519780382943,0,226.825099357786,112.793316814908,0,0,0,0,0,0,0,138.425725342224,0,0,108.381749703452,221.805809452716,0,0,0,74.7304794244225,0,0,0,0,0,101.895308036513,250.461724766314,0,0,95.7590805983148,222.053792850439,138.33942793804,259.442917595754
0,0,0,0,101.605593487621,0,0,0,0,161.275817184598,0,0,0,0,0,0,0,0,158.567996645797,0,169.453147353278,0,154.065933476765,205.183249704085,0,0,151.695570509541,151.806152521152,153.453047983244,0,0,0,0,92.5207898118833,0,173.059382066957,125.416941482916,0,0,0,0
0,0,0,283.248188884028,0,0,0,329.719143597451,0,0,0,197.893790332676,0,0,0,0,0,0,0,119.345624434514,0,0,0,0,0,283.88658203332,0,0,178.683678585178,0,0,145.74089716123,115.541295036174,62.311273509377,209.996727521564,0,0,0,0,173.001559092555,0
0,0,0,0,0,314.611698427915,0,0,0,0,0,0,0,0,0,0,0,0,98.2230592632363,0,0,93.4234866874731,0,0,247.66948903751,0,0,89.707245288964,0,0,0,0,0,193.777661225572,190.185165668632,215.611029055736,173.201474590904,0,0,196.032358954952,0
0,0,0,0,195.314816908693,0,0,0,0,0,0,0,0,0,0,0,0,0,0,0,120.567029282014,0,0,0,0,157.852515740516,0,87.8456058929559,0,135.667029391615,0,0,0,120.912756812582,0,106.33736463831,135.294330067913,241.682021696872,0,0,0
0,0,0,0,0,0,0,0,0,0,94.8881692391942,300.031143529538,0,0,158.567996645797,0,98.2230592632363,0,0,74.4197823064597,0,0,0,0,0,0,0,171.230058197369,201.100640800745,0,0,211.840482897052,0,0,117.208001126138,0,114.649126378906,0,192.601533877686,249.798812580765,0
0,0,108.136066660554,0,0,98.417953423071,0,0,0,306.344527664232,0,0,94.7529894315991,138.425725342224,0,119.345624434514,0,0,74.4197823064597,0,224.523755099568,0,276.620869034647,97.3506957544063,0,58.3493451392805,192.135034768848,0,306.640284138334,0,0,0,180.90030328818,0,148.808626413748,0,204.481117647118,0,0,0,71.4788760670054
0,0,0,0,0,0,0,0,0,0,0,154.070293657878,0,0,169.453147353278,0,0,120.567029282014,0,224.523755099568,0,0,0,0,0,0,161.694997919804,183.786860782462,0,106.533627130087,0,92.3502314520023,0,345.797434674459,0,238.934743274142,263.534399241887,0,208.005106191961,175.196329314064,0
0,0,0,128.846764897717,0,0,0,0,0,0,0,0,0,0,0,0,93.4234866874731,0,0,0,0,0,0,0,0,0,259.055025639447,142.385058730083,0,0,0,0,0,151.075371308616,347.376449530863,92.5568465385234,0,0,0,0,84.3635741045246
0,0,0,0,163.059043292369,252.487290983309,242.790381480436,0,0,162.833808134102,0,220.901129804706,181.316358113209,108.381749703452,154.065933476765,0,0,0,0,276.620869034647,0,0,0,0,0,0,0,0,219.040656038919,0,0,0,0,119.728129215699,0,0,93.5029580098427,139.93285932648,0,94.126460729827,178.748963182352
0,0,0,0,0,141.204637091722,220.963068032256,0,0,82.4756938751058,0,85.7623170715703,0,221.805809452716,205.183249704085,0,0,0,0,97.3506957544063,0,0,0,0,106.128596538706,158.955087279859,0,338.131802716296,0,161.302948562323,0,232.945974238958,0,122.106946855269,125.81518738273,101.443495235174,113.059176128709,115.194491798135,284.529238481835,143.005810983322,0
115.332064605654,0,0,0,0,0,335.371040201042,0,90.7216186966914,0,172.892533368851,0,0,0,0,0,247.66948903751,0,0,0,0,0,0,106.128596538706,0,0,0,128.530575464043,0,0,0,0,0,113.144980278377,161.74915061469,0,0,0,0,199.492852797962,0
251.098274723989,165.597665022977,0,167.066576495979,303.527509149359,174.013630695256,0,321.124897279917,0,198.964527389285,0,94.9380989123498,0,0,0,283.88658203332,0,157.852515740516,0,58.3493451392805,0,0,0,158.955087279859,0,0,151.036729364761,0,223.705816669619,0,0,0,0,125.994729980093,0,0,193.63278243493,309.997227542691,142.054529471577,154.142998692322,197.486504603685
0,0,0,0,124.698445421759,0,333.645516435298,188.936291522747,236.681907140956,0,150.161410108805,241.57250333243,118.522099274347,0,151.695570509541,0,0,0,0,192.135034768848,161.694997919804,259.055025639447,0,0,0,151.036729364761,0,146.770754374523,269.936825670274,0,115.871357769661,0,0,89.1590885155172,163.945208919892,134.960780198024,0,81.2827395071039,0,81.9664354533492,0
231.050882209,0,0,325.937289045041,72.2278283150671,151.01089327964,133.984214699576,0,0,0,165.893015276821,139.654362654449,0,74.7304794244225,151.806152521152,0,89.707245288964,87.8456058929559,171.230058197369,0,183.786860782462,142.385058730083,0,338.131802716296,128.530575464043,0,146.770754374523,0,0,0,70.4221432298295,0,97.5855511246009,218.045528847001,153.672550905948,131.969743415579,67.8267069095267,78.8552325762656,214.116367924649,357.423078228283,224.551207449728
0,0,0,100.812745974529,173.538155409849,0,0,96.7845769653343,0,106.926813611922,0,153.876396855887,0,0,153.453047983244,178.683678585178,0,0,201.100640800745,306.640284138334,0,0,219.040656038919,0,0,223.705816669619,269.936825670274,0,0,0,219.078548227669,116.054372245433,133.218162784108,134.566479261133,198.528111506785,104.369974912428,74.5815074003433,0,0,180.355266595273,184.249961885477
0,0,193.659409924573,0,0,0,0,128.405764333981,0,101.85207633558,0,0,0,0,0,0,0,135.667029391615,0,0,106.533627130087,0,0,161.302948562323,0,0,0,0,0,0,0,0,0,111.226326353722,0,153.609372090384,0,80.4367166559625,136.685314494491,0,146.465927798921
0,0,0,0,0,0,172.608400267715,0,0,101.5853655613,0,0,0,0,0,0,0,0,0,0,0,0,0,0,0,0,115.871357769661,70.4221432298295,219.078548227669,0,0,0,0,0,200.878319874537,0,0,0,0,0,0
0,0,0,136.792307586862,0,0,159.183173818572,0,0,0,0,94.027247878695,0,0,0,145.74089716123,0,0,211.840482897052,0,92.3502314520023,0,0,232.945974238958,0,0,0,0,116.054372245433,0,0,0,0,0,0,0,202.712457066107,0,213.67670887414,0,137.177378802006
0,0,0,0,0,0,0,0,0,0,0,0,0,0,0,115.541295036174,0,0,0,180.90030328818,0,0,0,0,0,0,0,97.5855511246009,133.218162784108,0,0,0,0,0,0,0,0,0,0,101.350815329073,0
0,164.032723165762,0,80.8080171296381,0,321.864157986053,0,115.114253591495,0,160.537522273714,217.157696745803,249.905610015455,0,101.895308036513,92.5207898118833,62.311273509377,193.777661225572,120.912756812582,0,0,345.797434674459,151.075371308616,119.728129215699,122.106946855269,113.144980278377,125.994729980093,89.1590885155172,218.045528847001,134.566479261133,111.226326353722,0,0,0,0,0,195.378266313867,154.784755881607,0,180.543851962045,73.1029054543569,0
178.224497384947,111.435629183184,73.4795582048751,0,0,227.504408813069,0,114.511014214502,97.3232815600345,193.055010680236,206.912707094411,255.441154257905,0,250.461724766314,0,209.996727521564,190.185165668632,0,117.208001126138,148.808626413748,0,347.376449530863,0,125.81518738273,161.74915061469,0,163.945208919892,153.672550905948,198.528111506785,0,200.878319874537,0,0,0,0,0,240.185081663983,155.901486485736,0,89.3673883748406,82.6426202489162
0,0,0,0,0,0,0,320.356811100276,62.859596780235,110.384905066973,177.763106506206,0,0,0,173.059382066957,0,215.611029055736,106.33736463831,0,0,238.934743274142,92.5568465385234,0,101.443495235174,0,0,134.960780198024,131.969743415579,104.369974912428,153.609372090384,0,0,0,195.378266313867,0,0,261.605527103798,262.382215657622,0,112.823430872325,124.853650664477
82.6299537488922,98.6790043377568,0,168.241326865882,160.530221557972,115.868441404982,161.325017232684,228.075434767255,96.5937438588657,179.718364159796,171.906398392157,169.742003380707,78.9559315574845,0,125.416941482916,0,173.201474590904,135.294330067913,114.649126378906,204.481117647118,263.534399241887,0,93.5029580098427,113.059176128709,0,193.63278243493,0,67.8267069095267,74.5815074003433,0,0,202.712457066107,0,154.784755881607,240.185081663983,261.605527103798,0,116.176698124939,231.715271819474,0,186.973586461633
0,241.635434294794,0,76.5072790361762,188.851177466023,196.04190773555,225.013371621378,0,0,0,219.430938885781,0,0,95.7590805983148,0,0,0,241.682021696872,0,0,0,0,139.93285932648,115.194491798135,0,309.997227542691,81.2827395071039,78.8552325762656,0,80.4367166559625,0,0,0,0,155.901486485736,262.382215657622,116.176698124939,0,289.631679007608,82.1742780037132,212.592150359921
0,0,0,0,0,0,0,0,103.519938150021,0,61.0664810463559,0,0,222.053792850439,0,0,0,0,192.601533877686,0,208.005106191961,0,0,284.529238481835,0,142.054529471577,0,214.116367924649,0,136.685314494491,0,213.67670887414,0,180.543851962045,0,0,231.715271819474,289.631679007608,0,137.189596148386,89.9429017381717
0,195.822649557859,0,0,0,104.915316975638,0,0,112.349934713559,323.781250289068,146.99041817625,139.792601838991,0,138.33942793804,0,173.001559092555,196.032358954952,0,249.798812580765,0,175.196329314064,0,94.126460729827,143.005810983322,199.492852797962,154.142998692322,81.9664354533492,357.423078228283,180.355266595273,0,0,0,101.350815329073,73.1029054543569,89.3673883748406,112.823430872325,0,82.1742780037132,137.189596148386,0,201.44584889478
0,0,0,0,0,0,253.401634605989,228.792310020318,194.442125915551,0,99.2646516363145,280.376028997576,187.77054666536,259.442917595754,0,0,0,0,0,71.4788760670054,0,84.3635741045246,178.748963182352,0,0,197.486504603685,0,224.551207449728,184.249961885477,146.465927798921,0,137.177378802006,0,0,82.6426202489162,124.853650664477,186.973586461633,212.592150359921,89.9429017381717,201.44584889478,0
