0,0,0,0,0,0,0,0,0,0,0,0,0,0,0,0,0,0,0,175.196329314064,0,0,0,0,0,0,0,173.201474590904,224.523755099568,0,0,0,0,0,0,125.994729980093,98.2230592632363,0,0,0,261.605527103798
0,0,0,0,0,0,0,0,0,0,0,300.031143529538,0,190.185165668632,0,0,0,0,0,0,0,0,0,0,0,0,0,224.551207449728,150.161410108805,0,218.045528847001,0,0,164.032723165762,154.070293657878,0,0,0,0,0,0
0,0,0,0,0,0,0,0,0,0,115.332064605654,0,0,0,0,0,0,0,0,0,0,0,0,0,0,116.176698124939,252.487290983309,0,0,0,0,98.6790043377568,0,0,0,0,0,178.224497384947,0,0,0
0,0,0,0,0,0,0,0,206.472608421747,0,114.649126378906,84.3635741045246,0,0,0,0,0,187.77054666536,231.715271819474,145.74089716123,0,0,0,0,0,241.682021696872,223.705816669619,0,0,0,0,0,0,154.065933476765,0,90.1317194604647,153.876396855887,0,0,93.4234866874731,173.059382066957
0,0,0,0,0,0,0,0,0,101.85207633558,0,0,0,0,0,0,73.4795582048751,353.822894641502,0,131.969743415579,0,0,142.054529471577,228.075434767255,0,159.183173818572,348.674510760064,0,101.443495235174,0,0,0,0,188.936291522747,262.382215657622,0,335.371040201042,0,249.905610015455,195.378266313867,0
0,0,0,0,0,0,249.798812580765,97.3506957544063,0,0,253.401634605989,124.853650664477,0,0,151.075371308616,205.839960264176,0,0,0,0,0,0,0,183.786860782462,0,0,108.136066660554,143.005810983322,280.376028997576,0,0,0,0,146.99041817625,241.57250333243,0,94.9380989123498,82.6299537488922,0,0,0
0,0,0,0,0,249.798812580765,0,62.859596780235,0,0,0,0,0,0,0,0,0,0,0,160.537522273714,0,0,92.5568465385234,0,0,0,0,0,338.131802716296,0,0,0,192.135034768848,215.611029055736,263.534399241887,186.348837226466,191.519780382943,0,172.892533368851,89.3673883748406,196.032358954952
0,0,0,0,0,97.3506957544063,62.859596780235,0,0,104.369974912428,0,80.4367166559625,0,0,0,0,0,0,0,0,0,0,0,163.059043292369,120.567029282014,112.349934713559,113.144980278377,110.384905066973,140.574866691684,314.611698427915,0,0,0,119.728129215699,0,0,104.915316975638,0,178.683678585178,247.66948903751,112.823430872325
0,0,0,206.472608421747,0,0,0,0,0,283.88658203332,0,58.3493451392805,0,0,0,0,0,0,128.530575464043,231.050882209,0,0,0,115.114253591495,0,66.5008477853491,0,171.906398392157,0,97.3232815600345,0,0,0,0,0,0,321.124897279917,92.3502314520023,0,0,0
0,0,0,0,101.85207633558,0,0,104.369974912428,283.88658203332,0,0,219.040656038919,0,0,136.792307586862,0,0,0,0,0,0,61.0664810463559,0,137.239127032733,251.098274723989,114.511014214502,161.325017232684,197.893790332676,0,0,0,201.100640800745,0,82.1742780037132,151.695570509541,0,321.864157986053,240.185081663983,106.128596538706,74.7304794244225,0
0,0,115.332064605654,114.649126378906,0,253.401634605989,0,0,0,0,0,112.793316814908,0,0,0,0,0,0,138.33942793804,178.748963182352,259.055025639447,120.912756812582,255.441154257905,0,0,0,0,212.592150359921,0,0,0,138.425725342224,0,259.442917595754,146.814226519809,205.09013266389,0,0,0,181.316358113209,116.054372245433
0,300.031143529538,0,84.3635741045246,0,124.853650664477,0,80.4367166559625,58.3493451392805,219.040656038919,112.793316814908,0,0,0,0,0,325.937289045041,0,0,158.567996645797,0,0,0,0,0,153.453047983244,165.893015276821,174.013630695256,160.530221557972,94.8881692391942,195.822649557859,0,0,0,168.241326865882,0,184.249961885477,137.177378802006,151.806152521152,205.183249704085,101.5853655613
0,0,0,0,0,0,0,0,0,0,0,0,0,276.620869034647,0,289.631679007608,172.608400267715,0,0,0,0,0,0,0,0,153.672550905948,0,0,0,0,0,0,0,0,0,0,97.5855511246009,0,0,173.538155409849,0
0,190.185165668632,0,0,0,0,0,0,0,0,0,0,276.620869034647,0,0,133.984214699576,0,74.5815074003433,0,0,0,134.960780198024,169.453147353278,0,0,0,115.871357769661,161.302948562323,99.2646516363145,0,0,111.226326353722,0,193.055010680236,72.2278283150671,0,242.790381480436,0,0,101.605593487621,0
0,0,0,0,0,151.075371308616,0,0,0,136.792307586862,0,0,0,0,0,81.9664354533492,0,0,0,155.901486485736,118.522099274347,0,0,119.345624434514,0,0,226.825099357786,94.7280504127031,0,0,179.718364159796,0,0,161.74915061469,93.5029580098427,0,0,0,0,0,151.036729364761
0,0,0,0,0,205.839960264176,0,0,0,0,0,0,289.631679007608,133.984214699576,81.9664354533492,0,0,0,0,0,193.777661225572,0,96.7845769653343,0,0,154.784755881607,0,95.7590805983148,0,0,0,0,0,0,0,169.742003380707,90.7216186966914,115.194491798135,0,0,0
0,0,0,0,73.4795582048751,0,0,0,0,0,0,325.937289045041,172.608400267715,0,0,0,0,222.053792850439,0,0,0,0,0,0,0,0,0,137.189596148386,76.5072790361762,0,0,0,0,0,306.344527664232,206.912707094411,94.7529894315991,0,71.4788760670054,0,0
0,0,0,187.77054666536,353.822894641502,0,0,0,0,0,0,0,0,74.5815074003433,0,0,222.053792850439,0,0,0,0,0,0,125.416941482916,0,0,0,0,180.355266595273,194.442125915551,0,0,0,0,0,0,211.840482897052,0,0,180.543851962045,0
0,0,0,231.715271819474,0,0,0,0,128.530575464043,0,138.33942793804,0,0,0,0,0,0,0,0,333.645516435298,192.601533877686,0,0,0,306.640284138334,0,0,106.926813611922,161.694997919804,0,0,0,0,162.833808134102,75.4497121078207,0,135.667029391615,261.440278806413,0,0,0
175.196329314064,0,0,145.74089716123,131.969743415579,0,160.537522273714,0,231.050882209,0,178.748963182352,158.567996645797,0,0,155.901486485736,0,0,0,333.645516435298,0,0,0,163.945208919892,198.964527389285,0,0,0,128.405764333981,124.698445421759,0,0,0,0,99.3508940827211,78.9559315574845,0,0,0,139.654362654449,204.481117647118,0
0,0,0,0,0,0,0,0,0,0,259.055025639447,0,0,0,118.522099274347,193.777661225572,0,0,192.601533877686,0,0,0,202.712457066107,309.997227542691,197.486504603685,0,0,115.868441404982,0,0,0,0,0,228.792310020318,109.093416850988,96.5937438588657,0,0,345.797434674459,0,196.04190773555
0,0,0,0,0,0,0,0,0,61.0664810463559,120.912756812582,0,0,134.960780198024,0,0,0,0,0,0,0,0,0,232.945974238958,0,0,0,81.2827395071039,0,0,0,0,0,0,323.781250289068,0,0,139.93285932648,0,238.934743274142,0
0,0,0,0,142.054529471577,0,92.5568465385234,0,0,0,255.441154257905,0,0,169.453147353278,0,96.7845769653343,0,0,0,163.945208919892,202.712457066107,0,0,146.770754374523,0,141.204637091722,133.218162784108,117.208001126138,0,0,0,0,0,0,0,0,193.659409924573,0,320.356811100276,188.851177466023,101.350815329073
0,0,0,0,228.075434767255,183.786860782462,0,163.059043292369,115.114253591495,137.239127032733,0,0,0,0,119.345624434514,0,0,125.416941482916,0,198.964527389285,309.997227542691,232.945974238958,146.770754374523,0,142.385058730083,0,225.013371621378,0,0,136.685314494491,0,0,89.1590885155172,0,201.44584889478,0,0,192.693757128262,87.8456058929559,0,199.492852797962
0,0,0,0,0,0,0,120.567029282014,0,251.098274723989,0,0,0,0,0,0,0,0,306.640284138334,0,197.486504603685,0,0,142.385058730083,0,0,0,0,221.805809452716,0,0,0,0,154.142998692322,0,0,70.4221432298295,0,180.90030328818,0,158.955087279859
0,0,116.176698124939,241.682021696872,159.183173818572,0,0,112.349934713559,66.5008477853491,114.511014214502,0,153.453047983244,153.672550905948,0,0,154.784755881607,0,0,0,0,0,0,141.204637091722,0,0,0,155.24952173131,0,214.116367924649,89.9429017381717,0,94.027247878695,0,0,125.81518738273,94.126460729827,209.996727521564,71.5579325720569,0,165.597665022977,236.681907140956
0,0,252.487290983309,223.705816669619,348.674510760064,108.136066660554,0,113.144980278377,0,161.325017232684,0,165.893015276821,0,115.871357769661,226.825099357786,0,0,0,0,0,0,0,133.218162784108,225.013371621378,0,155.24952173131,0,204.084074037941,0,0,0,0,0,78.8552325762656,153.609372090384,74.4197823064597,111.435629183184,200.878319874537,0,198.528111506785,106.533627130087
173.201474590904,224.551207449728,0,0,0,143.005810983322,0,110.384905066973,171.906398392157,197.893790332676,212.592150359921,174.013630695256,0,161.302948562323,94.7280504127031,95.7590805983148,137.189596148386,0,106.926813611922,128.405764333981,115.868441404982,81.2827395071039,117.208001126138,0,0,0,204.084074037941,0,219.078548227669,303.527509149359,100.812745974529,0,0,173.001559092555,0,85.6072705949986,217.157696745803,269.936825670274,0,208.005106191961,241.635434294794
224.523755099568,150.161410108805,0,0,101.443495235174,280.376028997576,338.131802716296,140.574866691684,0,0,0,160.530221557972,0,99.2646516363145,0,0,76.5072790361762,180.355266595273,161.694997919804,124.698445421759,0,0,0,0,221.805809452716,214.116367924649,0,219.078548227669,0,0,146.465927798921,0,0,113.059176128709,220.901129804706,0,92.5207898118833,122.106946855269,0,0,67.8267069095267
0,0,0,0,0,0,0,314.611698427915,97.3232815600345,0,0,94.8881692391942,0,0,0,0,0,194.442125915551,0,0,0,0,0,136.685314494491,0,89.9429017381717,0,303.527509149359,0,0,0,103.519938150021,0,0,0,80.8080171296381,0,89.707245288964,0,128.846764897717,0
0,218.045528847001,0,0,0,0,0,0,0,0,0,195.822649557859,0,0,179.718364159796,0,0,0,0,0,0,0,0,0,0,0,0,100.812745974529,146.465927798921,0,0,0,0,0,0,0,157.852515740516,0,0,0,0
0,0,98.6790043377568,0,0,0,0,0,0,201.100640800745,138.425725342224,0,0,111.226326353722,0,0,0,0,0,0,0,0,0,0,0,94.027247878695,0,0,0,103.519938150021,0,0,0,227.504408813069,134.566479261133,0,186.973586461633,0,161.275817184598,213.67670887414,0
0,0,0,0,0,0,192.135034768848,0,0,0,0,0,0,0,0,0,0,0,0,0,0,0,0,89.1590885155172,0,0,0,0,0,0,0,0,0,85.7623170715703,0,347.376449530863,0,0,0,139.792601838991,0
0,164.032723165762,0,154.065933476765,188.936291522747,146.99041817625,215.611029055736,119.728129215699,0,82.1742780037132,259.442917595754,0,0,193.055010680236,161.74915061469,0,0,0,162.833808134102,99.3508940827211,228.792310020318,0,0,0,154.142998692322,0,78.8552325762656,173.001559092555,113.059176128709,0,0,227.504408813069,85.7623170715703,0,115.541295036174,193.63278243493,108.381749703452,177.763106506206,82.4756938751058,73.1029054543569,283.248188884028
0,154.070293657878,0,0,262.382215657622,241.57250333243,263.534399241887,0,0,151.695570509541,146.814226519809,168.241326865882,0,72.2278283150671,93.5029580098427,0,306.344527664232,0,75.4497121078207,78.9559315574845,109.093416850988,323.781250289068,0,201.44584889478,0,125.81518738273,153.609372090384,0,220.901129804706,0,0,134.566479261133,0,115.541295036174,0,98.417953423071,101.895308036513,357.423078228283,0,195.314816908693,62.311273509377
125.994729980093,0,0,90.1317194604647,0,0,186.348837226466,0,0,0,205.09013266389,0,0,0,0,169.742003380707,206.912707094411,0,0,0,96.5937438588657,0,0,0,0,94.126460729827,74.4197823064597,85.6072705949986,0,80.8080171296381,0,0,347.376449530863,193.63278243493,98.417953423071,0,329.719143597451,284.529238481835,220.963068032256,151.01089327964,167.066576495979
98.2230592632363,0,0,153.876396855887,335.371040201042,94.9380989123498,191.519780382943,104.915316975638,321.124897279917,321.864157986053,0,184.249961885477,97.5855511246009,242.790381480436,0,90.7216186966914,94.7529894315991,211.840482897052,135.667029391615,0,0,0,193.659409924573,0,70.4221432298295,209.996727521564,111.435629183184,217.157696745803,92.5207898118833,0,157.852515740516,186.973586461633,0,108.381749703452,101.895308036513,329.719143597451,0,148.808626413748,219.430938885781,171.230058197369,82.6426202489162
0,0,178.224497384947,0,0,82.6299537488922,0,0,92.3502314520023,240.185081663983,0,137.177378802006,0,0,0,115.194491798135,0,0,261.440278806413,0,0,139.93285932648,0,192.693757128262,0,71.5579325720569,200.878319874537,269.936825670274,122.106946855269,89.707245288964,0,0,0,177.763106506206,357.423078228283,284.529238481835,148.808626413748,0,0,135.294330067913,250.461724766314
0,0,0,0,249.905610015455,0,172.892533368851,178.683678585178,0,106.128596538706,0,151.806152521152,0,0,0,0,71.4788760670054,0,0,139.654362654449,345.797434674459,0,320.356811100276,87.8456058929559,180.90030328818,0,0,0,0,0,0,161.275817184598,0,82.4756938751058,0,220.963068032256,219.430938885781,0,0,0,0
0,0,0,93.4234866874731,195.378266313867,0,89.3673883748406,247.66948903751,0,74.7304794244225,181.316358113209,205.183249704085,173.538155409849,101.605593487621,0,0,0,180.543851962045,0,204.481117647118,0,238.934743274142,188.851177466023,0,0,165.597665022977,198.528111506785,208.005106191961,0,128.846764897717,0,213.67670887414,139.792601838991,73.1029054543569,195.314816908693,151.01089327964,171.230058197369,135.294330067913,0,0,106.33736463831
261.605527103798,0,0,173.059382066957,0,0,196.032358954952,112.823430872325,0,0,116.054372245433,101.5853655613,0,0,151.036729364761,0,0,0,0,0,196.04190773555,0,101.350815329073,199.492852797962,158.955087279859,236.681907140956,106.533627130087,241.635434294794,67.8267069095267,0,0,0,0,283.248188884028,62.311273509377,167.066576495979,82.6426202489162,250.461724766314,0,106.33736463831,0
