0,0,0,0,0,353.822894641502,0,0,0,320.356811100276,0,0,0,0,0,0,0,0,0,0,0,0,0,0,0,0,0,89.3673883748406,0,0,0,0,0,0,241.57250333243,0,0,0,217.157696745803,228.792310020318,0
0,0,0,0,0,0,0,0,0,178.683678585178,0,0,0,0,0,0,0,0,0,205.839960264176,0,0,0,0,0,0,0,0,0,197.893790332676,148.808626413748,0,0,0,0,0,181.316358113209,284.529238481835,204.481117647118,0,0
0,0,0,0,0,224.551207449728,0,0,0,0,134.960780198024,0,0,0,0,0,0,0,0,0,0,0,0,0,0,0,0,103.519938150021,0,0,0,0,0,0,0,0,139.654362654449,0,0,0,101.5853655613
0,0,0,0,262.382215657622,333.645516435298,168.241326865882,115.332064605654,0,0,120.912756812582,0,0,0,0,192.693757128262,0,0,0,0,0,0,0,0,0,0,193.659409924573,0,0,0,0,0,0,0,250.461724766314,115.114253591495,110.384905066973,101.895308036513,0,119.728129215699,280.376028997576
0,0,0,262.382215657622,0,247.66948903751,0,0,159.183173818572,97.3506957544063,0,211.840482897052,0,0,232.945974238958,0,0,0,0,0,253.401634605989,0,0,306.640284138334,0,0,0,128.530575464043,0,238.934743274142,0,241.635434294794,0,227.504408813069,0,0,73.4795582048751,0,347.376449530863,0,0
353.822894641502,0,224.551207449728,333.645516435298,247.66948903751,0,0,0,0,220.901129804706,0,0,0,0,0,98.6790043377568,0,164.032723165762,0,321.124897279917,0,0,0,0,124.853650664477,0,0,0,0,0,0,0,0,158.955087279859,0,85.7623170715703,223.705816669619,0,206.472608421747,0,206.912707094411
0,0,0,168.241326865882,0,0,0,0,0,0,111.226326353722,345.797434674459,0,0,0,0,0,0,0,0,0,0,151.036729364761,58.3493451392805,0,163.945208919892,0,120.567029282014,0,0,0,0,0,309.997227542691,73.1029054543569,114.649126378906,133.984214699576,338.131802716296,0,0,119.345624434514
0,0,0,115.332064605654,0,0,0,0,94.9380989123498,0,0,146.99041817625,0,111.435629183184,0,0,143.005810983322,0,151.806152521152,0,0,0,0,335.371040201042,0,0,74.4197823064597,138.33942793804,140.574866691684,115.541295036174,0,0,0,116.176698124939,131.969743415579,0,160.530221557972,0,167.066576495979,125.416941482916,0
0,0,0,0,159.183173818572,0,0,94.9380989123498,0,0,0,0,0,173.059382066957,0,0,92.5568465385234,259.055025639447,0,0,0,0,0,261.605527103798,0,0,0,89.707245288964,255.441154257905,0,0,0,0,0,94.8881692391942,0,87.8456058929559,0,0,0,186.973586461633
320.356811100276,178.683678585178,0,0,97.3506957544063,220.901129804706,0,0,0,0,171.906398392157,0,0,0,94.7280504127031,0,0,0,0,213.67670887414,0,0,161.275817184598,0,0,249.798812580765,0,117.208001126138,219.040656038919,0,0,221.805809452716,96.7845769653343,226.825099357786,109.093416850988,0,78.8552325762656,104.915316975638,0,178.224497384947,0
0,0,134.960780198024,120.912756812582,0,0,111.226326353722,0,0,171.906398392157,0,0,0,178.748963182352,0,0,81.2827395071039,0,82.4756938751058,201.100640800745,193.777661225572,0,0,139.93285932648,0,0,0,115.868441404982,283.248188884028,0,0,0,0,137.177378802006,94.027247878695,80.8080171296381,0,0,0,80.4367166559625,0
0,0,0,0,211.840482897052,0,345.797434674459,146.99041817625,0,0,0,0,0,0,0,0,101.605593487621,0,0,133.218162784108,154.065933476765,0,84.3635741045246,228.075434767255,97.5855511246009,113.059176128709,153.672550905948,192.601533877686,192.135034768848,101.443495235174,158.567996645797,321.864157986053,173.201474590904,198.528111506785,212.592150359921,114.511014214502,70.4221432298295,0,0,0,0
0,0,0,0,0,0,0,0,0,0,0,0,0,0,0,0,0,0,0,0,0,0,0,125.81518738273,0,165.893015276821,0,0,0,0,0,0,0,231.050882209,0,151.695570509541,0,0,0,137.189596148386,108.381749703452
0,0,0,0,0,0,0,111.435629183184,173.059382066957,0,178.748963182352,0,0,0,259.442917595754,0,0,138.425725342224,0,204.084074037941,0,0,261.440278806413,0,0,0,125.994729980093,0,82.6299537488922,0,0,0,0,201.44584889478,142.385058730083,0,153.453047983244,154.142998692322,0,82.6426202489162,0
0,0,0,0,232.945974238958,0,0,0,0,94.7280504127031,0,0,0,259.442917595754,0,0,0,0,0,0,205.183249704085,0,0,219.430938885781,0,61.0664810463559,214.116367924649,0,0,186.348837226466,0,0,0,208.005106191961,180.543851962045,0,146.465927798921,0,0,196.04190773555,0
0,0,0,192.693757128262,0,98.6790043377568,0,0,0,0,0,0,0,0,0,0,0,0,0,0,179.718364159796,94.126460729827,0,0,0,0,220.963068032256,151.01089327964,175.196329314064,0,0,0,0,98.2230592632363,0,0,240.185081663983,94.7529894315991,0,112.349934713559,0
0,0,0,0,0,0,0,143.005810983322,92.5568465385234,0,81.2827395071039,101.605593487621,0,0,0,0,0,0,0,0,0,0,0,0,0,141.204637091722,0,0,196.032358954952,74.5815074003433,0,0,0,71.4788760670054,0,0,145.74089716123,0,0,161.74915061469,0
0,0,0,0,0,164.032723165762,0,0,259.055025639447,0,0,0,0,138.425725342224,0,0,0,0,62.859596780235,0,0,263.534399241887,0,0,0,95.7590805983148,0,0,0,0,0,0,0,0,0,0,269.936825670274,0,0,183.786860782462,251.098274723989
0,0,0,0,0,0,0,151.806152521152,0,0,82.4756938751058,0,0,0,0,0,0,62.859596780235,0,252.487290983309,0,165.597665022977,0,0,0,0,99.2646516363145,169.453147353278,0,0,0,0,0,0,314.611698427915,249.905610015455,0,191.519780382943,100.812745974529,0,163.059043292369
0,205.839960264176,0,0,0,321.124897279917,0,0,0,213.67670887414,201.100640800745,133.218162784108,0,204.084074037941,0,0,0,0,252.487290983309,0,162.833808134102,0,173.538155409849,0,0,150.161410108805,0,85.6072705949986,135.667029391615,0,0,0,0,200.878319874537,0,118.522099274347,0,0,225.013371621378,104.369974912428,93.5029580098427
0,0,0,0,253.401634605989,0,0,0,0,0,193.777661225572,154.065933476765,0,0,205.183249704085,179.718364159796,0,0,0,162.833808134102,0,0,0,205.09013266389,0,0,0,224.523755099568,0,78.9559315574845,0,0,0,0,0,303.527509149359,195.378266313867,0,0,128.846764897717,75.4497121078207
0,0,0,0,0,0,0,0,0,0,0,0,0,0,0,94.126460729827,0,263.534399241887,165.597665022977,0,0,0,0,0,113.144980278377,0,106.926813611922,0,74.7304794244225,0,0,0,0,0,0,0,128.405764333981,151.075371308616,0,0,0
0,0,0,0,0,0,151.036729364761,0,0,161.275817184598,0,84.3635741045246,0,261.440278806413,0,0,0,0,0,173.538155409849,0,0,0,115.194491798135,0,171.230058197369,0,92.3502314520023,160.537522273714,0,0,0,0,115.871357769661,348.674510760064,137.239127032733,116.054372245433,0,202.712457066107,0,174.013630695256
0,0,0,0,306.640284138334,0,58.3493451392805,335.371040201042,261.605527103798,0,139.93285932648,228.075434767255,125.81518738273,0,219.430938885781,0,0,0,0,0,205.09013266389,0,115.194491798135,0,0,90.1317194604647,154.070293657878,0,323.781250289068,0,0,0,0,180.355266595273,124.698445421759,0,188.936291522747,82.1742780037132,0,96.5937438588657,157.852515740516
0,0,0,0,0,124.853650664477,0,0,0,0,0,97.5855511246009,0,0,0,0,0,0,0,0,0,113.144980278377,0,0,0,90.7216186966914,0,198.964527389285,154.784755881607,0,0,0,0,153.876396855887,0,306.344527664232,0,283.88658203332,0,106.128596538706,0
0,0,0,0,0,0,163.945208919892,0,0,249.798812580765,0,113.059176128709,165.893015276821,0,61.0664810463559,0,141.204637091722,95.7590805983148,0,150.161410108805,0,0,171.230058197369,90.1317194604647,90.7216186966914,0,289.631679007608,122.106946855269,195.314816908693,0,0,0,0,0,215.611029055736,0,155.901486485736,325.937289045041,187.77054666536,97.3232815600345,62.311273509377
0,0,0,193.659409924573,0,0,0,74.4197823064597,0,0,0,153.672550905948,0,125.994729980093,214.116367924649,220.963068032256,0,0,99.2646516363145,0,0,106.926813611922,0,154.070293657878,0,289.631679007608,0,169.742003380707,193.63278243493,219.078548227669,0,0,93.4234866874731,0,89.9429017381717,112.793316814908,241.682021696872,0,184.249961885477,98.417953423071,146.814226519809
89.3673883748406,0,103.519938150021,0,128.530575464043,0,120.567029282014,138.33942793804,89.707245288964,117.208001126138,115.868441404982,192.601533877686,0,0,0,151.01089327964,0,0,169.453147353278,85.6072705949986,224.523755099568,0,92.3502314520023,0,198.964527389285,122.106946855269,169.742003380707,0,0,0,146.770754374523,76.5072790361762,0,177.763106506206,72.2278283150671,106.533627130087,161.325017232684,242.790381480436,135.294330067913,193.055010680236,66.5008477853491
0,0,0,0,0,0,0,140.574866691684,255.441154257905,219.040656038919,283.248188884028,192.135034768848,0,82.6299537488922,0,175.196329314064,196.032358954952,0,0,135.667029391615,0,74.7304794244225,160.537522273714,323.781250289068,154.784755881607,195.314816908693,193.63278243493,0,0,172.892533368851,0,0,139.792601838991,0,136.792307586862,0,0,136.685314494491,0,329.719143597451,101.350815329073
0,197.893790332676,0,0,238.934743274142,0,0,115.541295036174,0,0,0,101.443495235174,0,0,186.348837226466,0,74.5815074003433,0,0,0,78.9559315574845,0,0,0,0,0,219.078548227669,0,172.892533368851,0,0,0,0,0,188.851177466023,0,0,0,0,89.1590885155172,0
0,148.808626413748,0,0,0,0,0,0,0,0,0,158.567996645797,0,0,0,0,0,0,0,0,0,0,0,0,0,0,0,146.770754374523,0,0,0,67.8267069095267,0,0,0,0,0,195.822649557859,0,81.9664354533492,0
0,0,0,0,241.635434294794,0,0,0,0,221.805809452716,0,321.864157986053,0,0,0,0,0,0,0,0,0,0,0,0,0,0,0,76.5072790361762,0,0,67.8267069095267,0,0,231.715271819474,101.85207633558,236.681907140956,300.031143529538,0,0,108.136066660554,153.609372090384
0,0,0,0,0,0,0,0,0,96.7845769653343,0,173.201474590904,0,0,0,0,0,0,0,0,0,0,0,0,0,0,93.4234866874731,0,139.792601838991,0,0,0,0,172.608400267715,0,0,0,0,0,0,0
0,0,0,0,227.504408813069,158.955087279859,309.997227542691,116.176698124939,0,226.825099357786,137.177378802006,198.528111506785,231.050882209,201.44584889478,208.005106191961,98.2230592632363,71.4788760670054,0,0,200.878319874537,0,0,115.871357769661,180.355266595273,153.876396855887,0,0,177.763106506206,0,0,0,231.715271819474,172.608400267715,0,112.823430872325,199.492852797962,197.486504603685,357.423078228283,142.054529471577,209.996727521564,92.5207898118833
241.57250333243,0,0,250.461724766314,0,0,73.1029054543569,131.969743415579,94.8881692391942,109.093416850988,94.027247878695,212.592150359921,0,142.385058730083,180.543851962045,0,0,0,314.611698427915,0,0,0,348.674510760064,124.698445421759,0,215.611029055736,89.9429017381717,72.2278283150671,136.792307586862,188.851177466023,0,101.85207633558,0,112.823430872325,0,276.620869034647,106.33736463831,71.5579325720569,218.045528847001,0,155.24952173131
0,0,0,115.114253591495,0,85.7623170715703,114.649126378906,0,0,0,80.8080171296381,114.511014214502,151.695570509541,0,0,0,0,0,249.905610015455,118.522099274347,303.527509149359,0,137.239127032733,0,306.344527664232,0,112.793316814908,106.533627130087,0,0,0,236.681907140956,0,199.492852797962,276.620869034647,0,194.442125915551,180.90030328818,0,0,134.566479261133
0,181.316358113209,139.654362654449,110.384905066973,73.4795582048751,223.705816669619,133.984214699576,160.530221557972,87.8456058929559,78.8552325762656,0,70.4221432298295,0,153.453047983244,146.465927798921,240.185081663983,145.74089716123,269.936825670274,0,0,195.378266313867,128.405764333981,116.054372245433,188.936291522747,0,155.901486485736,241.682021696872,161.325017232684,0,0,0,300.031143529538,0,197.486504603685,106.33736463831,194.442125915551,0,161.302948562323,161.694997919804,190.185165668632,99.3508940827211
0,284.529238481835,0,101.895308036513,0,0,338.131802716296,0,0,104.915316975638,0,0,0,154.142998692322,0,94.7529894315991,0,0,191.519780382943,0,0,151.075371308616,0,82.1742780037132,283.88658203332,325.937289045041,0,242.790381480436,136.685314494491,0,195.822649557859,0,0,357.423078228283,71.5579325720569,180.90030328818,161.302948562323,0,173.001559092555,222.053792850439,0
217.157696745803,204.481117647118,0,0,347.376449530863,206.472608421747,0,167.066576495979,0,0,0,0,0,0,0,0,0,0,100.812745974529,225.013371621378,0,0,202.712457066107,0,0,187.77054666536,184.249961885477,135.294330067913,0,0,0,0,0,142.054529471577,218.045528847001,0,161.694997919804,173.001559092555,0,0,0
228.792310020318,0,0,119.728129215699,0,0,0,125.416941482916,0,178.224497384947,80.4367166559625,0,137.189596148386,82.6426202489162,196.04190773555,112.349934713559,161.74915061469,183.786860782462,0,104.369974912428,128.846764897717,0,0,96.5937438588657,106.128596538706,97.3232815600345,98.417953423071,193.055010680236,329.719143597451,89.1590885155172,81.9664354533492,108.136066660554,0,209.996727521564,0,0,190.185165668632,222.053792850439,0,0,0
0,0,101.5853655613,280.376028997576,0,206.912707094411,119.345624434514,0,186.973586461633,0,0,0,108.381749703452,0,0,0,0,251.098274723989,163.059043292369,93.5029580098427,75.4497121078207,0,174.013630695256,157.852515740516,0,62.311273509377,146.814226519809,66.5008477853491,101.350815329073,0,0,153.609372090384,0,92.5207898118833,155.24952173131,134.566479261133,99.3508940827211,0,0,0,0
