0,0,0,0,0,0,0,0,0,0,231.050882209,0,0,0,153.876396855887,204.084074037941,0,0,0,0,0,0,0,0,0,0,0,0,0,0,0,0,0,125.416941482916,145.74089716123,173.201474590904,0,0,0,0,0
0,0,0,0,300.031143529538,0,0,0,0,0,0,0,283.88658203332,0,0,0,0,0,0,0,0,0,0,0,0,0,0,0,0,0,0,0,0,187.77054666536,283.248188884028,0,136.685314494491,0,164.032723165762,0,89.9429017381717
0,0,0,0,0,0,0,0,0,151.01089327964,0,0,0,0,0,0,0,0,0,0,0,0,0,101.85207633558,0,0,208.005106191961,0,0,101.5853655613,0,0,0,118.522099274347,0,0,0,0,0,0,0
0,0,0,0,146.770754374523,0,345.797434674459,0,0,249.905610015455,0,253.401634605989,0,0,0,0,0,0,158.955087279859,241.57250333243,0,0,0,0,0,0,186.973586461633,0,0,0,0,161.325017232684,0,115.541295036174,0,0,75.4497121078207,169.742003380707,259.055025639447,249.798812580765,0
0,300.031143529538,0,146.770754374523,0,0,0,0,0,0,120.567029282014,0,0,0,0,192.693757128262,0,0,0,175.196329314064,151.075371308616,0,0,0,0,192.601533877686,153.609372090384,106.926813611922,193.055010680236,0,112.349934713559,0,0,125.994729980093,0,0,94.7280504127031,0,0,206.912707094411,0
0,0,0,0,0,0,116.176698124939,0,0,0,0,236.681907140956,0,0,0,0,0,0,0,0,0,0,280.376028997576,0,115.194491798135,109.093416850988,218.045528847001,135.294330067913,0,0,143.005810983322,0,0,94.9380989123498,193.777661225572,0,215.611029055736,161.694997919804,151.695570509541,153.453047983244,0
0,0,0,345.797434674459,0,116.176698124939,0,0,0,0,0,0,0,0,0,0,0,0,80.4367166559625,289.631679007608,0,0,165.597665022977,0,0,0,0,321.864157986053,116.054372245433,106.33736463831,0,0,0,165.893015276821,227.504408813069,197.486504603685,94.7529894315991,0,0,0,142.054529471577
0,0,0,0,0,0,0,0,0,0,252.487290983309,0,0,0,0,137.239127032733,205.839960264176,0,0,198.964527389285,131.969743415579,0,0,284.529238481835,119.345624434514,154.784755881607,0,192.135034768848,67.8267069095267,0,0,0,0,276.620869034647,209.996727521564,87.8456058929559,115.871357769661,0,0,114.511014214502,172.608400267715
0,0,0,0,0,0,0,0,0,0,0,0,115.332064605654,0,151.036729364761,0,0,0,0,146.465927798921,0,0,0,0,0,0,0,188.851177466023,0,0,0,353.822894641502,0,161.275817184598,183.786860782462,133.218162784108,101.443495235174,0,0,195.314816908693,179.718364159796
0,0,151.01089327964,249.905610015455,0,0,0,0,0,0,0,0,0,78.8552325762656,0,0,0,0,0,62.311273509377,220.963068032256,0,269.936825670274,263.534399241887,0,221.805809452716,104.915316975638,199.492852797962,0,0,173.538155409849,329.719143597451,0,167.066576495979,180.543851962045,93.4234866874731,136.792307586862,247.66948903751,0,0,348.674510760064
231.050882209,0,0,0,120.567029282014,0,0,252.487290983309,0,0,0,262.382215657622,0,0,0,92.5207898118833,0,222.053792850439,128.846764897717,0,0,0,0,321.124897279917,0,314.611698427915,157.852515740516,73.4795582048751,154.142998692322,0,0,113.059176128709,0,0,0,71.4788760670054,0,73.1029054543569,92.3502314520023,0,0
0,0,0,253.401634605989,0,236.681907140956,0,0,0,0,262.382215657622,0,82.4756938751058,0,94.8881692391942,0,0,0,0,0,240.185081663983,0,241.682021696872,178.748963182352,0,137.177378802006,0,174.013630695256,66.5008477853491,154.065933476765,0,85.7623170715703,90.1317194604647,97.3506957544063,180.90030328818,0,113.144980278377,94.027247878695,111.435629183184,96.5937438588657,84.3635741045246
0,283.88658203332,0,0,0,0,0,0,115.332064605654,0,0,82.4756938751058,0,0,0,0,0,0,0,0,0,0,0,150.161410108805,0,0,0,0,0,0,0,0,0,0,0,206.472608421747,0,0,0,0,101.350815329073
0,0,0,0,0,0,0,0,0,78.8552325762656,0,0,0,0,0,0,0,115.114253591495,0,72.2278283150671,97.5855511246009,250.461724766314,114.649126378906,163.945208919892,0,169.453147353278,0,115.868441404982,0,335.371040201042,0,85.6072705949986,0,303.527509149359,0,0,0,224.523755099568,0,112.823430872325,0
153.876396855887,0,0,0,0,0,0,0,151.036729364761,0,0,94.8881692391942,0,0,0,0,0,0,188.936291522747,0,0,219.040656038919,0,0,0,0,161.74915061469,228.792310020318,0,0,0,0,0,124.853650664477,99.3508940827211,0,171.230058197369,242.790381480436,0,0,94.126460729827
204.084074037941,0,0,0,192.693757128262,0,0,137.239127032733,0,0,92.5207898118833,0,0,0,0,0,0,0,0,0,0,0,155.901486485736,0,74.4197823064597,155.24952173131,0,325.937289045041,0,0,0,204.481117647118,0,0,0,0,0,97.3232815600345,0,81.9664354533492,0
0,0,0,0,0,0,0,205.839960264176,0,0,0,0,0,0,0,0,0,0,0,0,0,0,0,0,0,0,82.6299537488922,138.425725342224,212.592150359921,0,0,0,0,357.423078228283,160.530221557972,0,100.812745974529,154.070293657878,0,141.204637091722,104.369974912428
0,0,0,0,0,0,0,0,0,0,222.053792850439,0,0,115.114253591495,0,0,0,0,0,0,0,0,0,106.533627130087,0,142.385058730083,198.528111506785,0,89.707245288964,0,0,0,0,0,205.09013266389,0,117.208001126138,0,0,202.712457066107,0
0,0,0,158.955087279859,0,0,80.4367166559625,0,0,0,128.846764897717,0,0,0,188.936291522747,0,0,0,0,0,0,0,0,119.728129215699,0,0,333.645516435298,0,0,190.185165668632,0,0,0,0,110.384905066973,98.6790043377568,0,58.3493451392805,0,89.1590885155172,82.1742780037132
0,0,0,241.57250333243,175.196329314064,0,289.631679007608,198.964527389285,146.465927798921,62.311273509377,0,0,0,72.2278283150671,0,0,0,0,0,0,0,0,0,0,213.67670887414,139.654362654449,120.912756812582,0,306.344527664232,0,0,0,0,93.5029580098427,200.878319874537,0,146.814226519809,0,309.997227542691,122.106946855269,241.635434294794
0,0,0,0,151.075371308616,0,0,131.969743415579,0,220.963068032256,0,240.185081663983,0,97.5855511246009,0,0,0,0,0,0,0,0,0,138.33942793804,0,0,0,178.224497384947,228.075434767255,0,0,0,0,0,196.032358954952,0,168.241326865882,0,261.440278806413,140.574866691684,96.7845769653343
0,0,0,0,0,0,0,0,0,0,0,0,0,250.461724766314,219.040656038919,0,0,0,0,0,0,0,0,0,0,0,146.99041817625,171.906398392157,231.715271819474,0,0,0,0,0,108.136066660554,0,90.7216186966914,158.567996645797,0,0,0
0,0,0,0,0,280.376028997576,165.597665022977,0,0,269.936825670274,0,241.682021696872,0,114.649126378906,0,155.901486485736,0,0,0,0,0,0,0,0,223.705816669619,82.6426202489162,0,219.078548227669,128.405764333981,0,0,232.945974238958,0,0,0,0,0,211.840482897052,251.098274723989,261.605527103798,70.4221432298295
0,0,101.85207633558,0,0,0,0,284.529238481835,0,263.534399241887,321.124897279917,178.748963182352,150.161410108805,163.945208919892,0,0,0,106.533627130087,119.728129215699,0,138.33942793804,0,0,0,0,98.417953423071,0,191.519780382943,0,62.859596780235,0,0,0,137.189596148386,178.683678585178,224.551207449728,347.376449530863,0,0,153.672550905948,111.226326353722
0,0,0,0,0,115.194491798135,0,119.345624434514,0,0,0,0,0,0,0,74.4197823064597,0,0,0,213.67670887414,0,0,223.705816669619,0,0,0,0,259.442917595754,0,0,0,0,0,0,112.793316814908,0,195.378266313867,160.537522273714,0,163.059043292369,0
0,0,0,0,192.601533877686,109.093416850988,0,154.784755881607,0,221.805809452716,314.611698427915,137.177378802006,0,169.453147353278,0,155.24952173131,0,142.385058730083,0,139.654362654449,0,0,82.6426202489162,98.417953423071,0,0,173.001559092555,0,197.893790332676,0,0,0,0,148.808626413748,0,161.302948562323,106.128596538706,220.901129804706,0,180.355266595273,173.059382066957
0,0,208.005106191961,186.973586461633,153.609372090384,218.045528847001,0,0,0,104.915316975638,157.852515740516,0,0,0,161.74915061469,0,82.6299537488922,198.528111506785,333.645516435298,120.912756812582,0,146.99041817625,0,0,0,173.001559092555,0,338.131802716296,151.806152521152,0,0,0,139.792601838991,134.960780198024,238.934743274142,0,74.5815074003433,0,0,125.81518738273,0
0,0,0,0,106.926813611922,135.294330067913,321.864157986053,192.135034768848,188.851177466023,199.492852797962,73.4795582048751,174.013630695256,0,115.868441404982,228.792310020318,325.937289045041,138.425725342224,0,0,0,178.224497384947,171.906398392157,219.078548227669,191.519780382943,259.442917595754,0,338.131802716296,0,92.5568465385234,323.781250289068,225.013371621378,0,0,226.825099357786,128.530575464043,134.566479261133,219.430938885781,0,306.640284138334,195.822649557859,0
0,0,0,0,193.055010680236,0,116.054372245433,67.8267069095267,0,0,154.142998692322,66.5008477853491,0,0,0,0,212.592150359921,89.707245288964,0,306.344527664232,228.075434767255,231.715271819474,128.405764333981,0,0,197.893790332676,151.806152521152,92.5568465385234,0,0,0,0,181.316358113209,108.381749703452,177.763106506206,320.356811100276,139.93285932648,0,0,194.442125915551,61.0664810463559
0,0,101.5853655613,0,0,0,106.33736463831,0,0,0,0,154.065933476765,0,335.371040201042,0,0,0,0,190.185165668632,0,0,0,0,62.859596780235,0,0,0,323.781250289068,0,0,0,0,0,0,0,162.833808134102,196.04190773555,193.63278243493,74.7304794244225,0,0
0,0,0,0,112.349934713559,143.005810983322,0,0,0,173.538155409849,0,0,0,0,0,0,0,0,0,0,0,0,0,0,0,0,0,225.013371621378,0,0,0,0,0,89.3673883748406,0,0,0,0,0,76.5072790361762,0
0,0,0,161.325017232684,0,0,0,0,353.822894641502,329.719143597451,113.059176128709,85.7623170715703,0,85.6072705949986,0,204.481117647118,0,0,0,0,0,0,232.945974238958,0,0,0,0,0,0,0,0,0,0,101.605593487621,205.183249704085,0,0,0,201.100640800745,0,0
0,0,0,0,0,0,0,0,0,0,0,90.1317194604647,0,0,0,0,0,0,0,0,0,0,0,0,0,0,139.792601838991,0,181.316358113209,0,0,0,0,0,0,184.249961885477,135.667029391615,0,0,0,0
125.416941482916,187.77054666536,118.522099274347,115.541295036174,125.994729980093,94.9380989123498,165.893015276821,276.620869034647,161.275817184598,167.066576495979,0,97.3506957544063,0,303.527509149359,124.853650664477,0,357.423078228283,0,0,93.5029580098427,0,0,0,137.189596148386,0,148.808626413748,134.960780198024,226.825099357786,108.381749703452,0,89.3673883748406,101.605593487621,0,0,0,0,193.659409924573,103.519938150021,0,201.44584889478,98.2230592632363
145.74089716123,283.248188884028,0,0,0,193.777661225572,227.504408813069,209.996727521564,183.786860782462,180.543851962045,0,180.90030328818,0,0,99.3508940827211,0,160.530221557972,205.09013266389,110.384905066973,200.878319874537,196.032358954952,108.136066660554,0,178.683678585178,112.793316814908,0,238.934743274142,128.530575464043,177.763106506206,0,0,205.183249704085,0,0,0,81.2827395071039,172.892533368851,0,0,99.2646516363145,101.895308036513
173.201474590904,0,0,0,0,0,197.486504603685,87.8456058929559,133.218162784108,93.4234866874731,71.4788760670054,0,206.472608421747,0,0,0,0,0,98.6790043377568,0,0,0,0,224.551207449728,0,161.302948562323,0,134.566479261133,320.356811100276,162.833808134102,0,0,184.249961885477,0,81.2827395071039,0,95.7590805983148,133.984214699576,78.9559315574845,0,124.698445421759
0,136.685314494491,0,75.4497121078207,94.7280504127031,215.611029055736,94.7529894315991,115.871357769661,101.443495235174,136.792307586862,0,113.144980278377,0,0,171.230058197369,0,100.812745974529,117.208001126138,0,146.814226519809,168.241326865882,90.7216186966914,0,347.376449530863,195.378266313867,106.128596538706,74.5815074003433,219.430938885781,139.93285932648,196.04190773555,0,0,135.667029391615,193.659409924573,172.892533368851,95.7590805983148,0,159.183173818572,217.157696745803,214.116367924649,186.348837226466
0,0,0,169.742003380707,0,161.694997919804,0,0,0,247.66948903751,73.1029054543569,94.027247878695,0,224.523755099568,242.790381480436,97.3232815600345,154.070293657878,0,58.3493451392805,0,0,158.567996645797,211.840482897052,0,160.537522273714,220.901129804706,0,0,0,193.63278243493,0,0,0,103.519938150021,0,133.984214699576,159.183173818572,0,80.8080171296381,0,255.441154257905
0,164.032723165762,0,259.055025639447,0,151.695570509541,0,0,0,0,92.3502314520023,111.435629183184,0,0,0,0,0,0,0,309.997227542691,261.440278806413,0,251.098274723989,0,0,0,0,306.640284138334,0,74.7304794244225,0,201.100640800745,0,0,0,78.9559315574845,217.157696745803,80.8080171296381,0,71.5579325720569,0
0,0,0,249.798812580765,206.912707094411,153.453047983244,0,114.511014214502,195.314816908693,0,0,96.5937438588657,0,112.823430872325,0,81.9664354533492,141.204637091722,202.712457066107,89.1590885155172,122.106946855269,140.574866691684,0,261.605527103798,153.672550905948,163.059043292369,180.355266595273,125.81518738273,195.822649557859,194.442125915551,0,76.5072790361762,0,0,201.44584889478,99.2646516363145,0,214.116367924649,0,71.5579325720569,0,0
0,89.9429017381717,0,0,0,0,142.054529471577,172.608400267715,179.718364159796,348.674510760064,0,84.3635741045246,101.350815329073,0,94.126460729827,0,104.369974912428,0,82.1742780037132,241.635434294794,96.7845769653343,0,70.4221432298295,111.226326353722,0,173.059382066957,0,0,61.0664810463559,0,0,0,0,98.2230592632363,101.895308036513,124.698445421759,186.348837226466,255.441154257905,0,0,0
