0,0,0,0,0,192.135034768848,0,0,0,0,0,0,0,0,0,0,0,0,0,0,205.09013266389,0,0,353.822894641502,0,0,0,0,0,175.196329314064,0,0,0,200.878319874537,0,0,183.786860782462,0,0,0,0
0,0,0,0,0,0,0,110.384905066973,0,96.5937438588657,82.6299537488922,220.963068032256,0,0,0,0,0,0,94.7280504127031,0,0,0,0,0,0,0,0,0,213.67670887414,0,0,0,0,0,0,0,0,0,0,151.036729364761,0
0,0,0,0,0,0,179.718364159796,0,0,0,0,0,0,0,0,191.519780382943,0,0,0,0,0,0,0,164.032723165762,0,0,0,134.960780198024,0,0,0,0,0,0,0,0,99.3508940827211,0,0,0,0
0,0,0,0,0,193.055010680236,0,0,0,171.230058197369,109.093416850988,187.77054666536,0,0,0,0,0,0,0,0,0,0,0,0,0,177.763106506206,0,197.893790332676,73.1029054543569,0,0,0,158.567996645797,97.3232815600345,0,0,333.645516435298,160.530221557972,0,205.183249704085,92.5207898118833
0,0,0,0,0,220.901129804706,146.465927798921,0,0,0,0,250.461724766314,0,115.868441404982,0,0,0,0,90.7216186966914,0,0,169.453147353278,0,0,0,114.649126378906,0,151.01089327964,163.945208919892,0,0,0,0,145.74089716123,89.707245288964,0,0,0,202.712457066107,201.100640800745,78.9559315574845
192.135034768848,0,0,193.055010680236,220.901129804706,0,284.529238481835,98.417953423071,0,0,0,136.685314494491,0,76.5072790361762,106.533627130087,0,0,0,0,196.04190773555,0,0,0,0,0,0,0,103.519938150021,0,0,0,0,0,249.798812580765,0,223.705816669619,0,0,114.511014214502,231.715271819474,0
0,0,179.718364159796,0,146.465927798921,284.529238481835,0,122.106946855269,0,0,0,0,95.7590805983148,0,0,0,0,206.912707094411,0,82.6426202489162,0,0,0,0,0,0,0,314.611698427915,98.2230592632363,0,0,0,173.538155409849,154.070293657878,101.443495235174,62.859596780235,0,0,0,0,0
0,110.384905066973,0,0,0,98.417953423071,122.106946855269,0,0,0,306.640284138334,253.401634605989,0,0,0,0,0,0,0,228.792310020318,0,0,162.833808134102,0,0,137.239127032733,325.937289045041,0,0,335.371040201042,0,242.790381480436,0,101.895308036513,0,153.609372090384,160.537522273714,93.4234866874731,0,0,219.078548227669
0,0,0,0,0,0,0,0,0,0,0,0,0,133.984214699576,0,0,0,0,134.566479261133,0,0,0,236.681907140956,178.748963182352,225.013371621378,0,135.294330067913,0,0,78.8552325762656,0,0,0,0,188.851177466023,0,67.8267069095267,226.825099357786,0,0,151.806152521152
0,96.5937438588657,0,171.230058197369,0,0,0,0,0,0,0,106.33736463831,113.144980278377,0,0,255.441154257905,84.3635741045246,0,0,0,180.90030328818,0,165.893015276821,0,0,348.674510760064,240.185081663983,0,249.905610015455,99.2646516363145,169.742003380707,0,0,124.698445421759,142.054529471577,0,151.695570509541,0,214.116367924649,0,139.654362654449
0,82.6299537488922,0,109.093416850988,0,0,0,306.640284138334,0,0,0,0,224.523755099568,338.131802716296,0,0,0,0,0,125.81518738273,0,0,157.852515740516,0,0,224.551207449728,0,251.098274723989,0,0,0,212.592150359921,0,128.405764333981,135.667029391615,140.574866691684,209.996727521564,0,161.74915061469,321.124897279917,0
0,220.963068032256,0,187.77054666536,250.461724766314,136.685314494491,0,253.401634605989,0,106.33736463831,0,0,161.694997919804,0,58.3493451392805,0,280.376028997576,0,0,113.059176128709,345.797434674459,0,0,0,0,303.527509149359,228.075434767255,196.032358954952,208.005106191961,0,0,0,0,81.9664354533492,137.189596148386,289.631679007608,198.964527389285,0,71.5579325720569,0,238.934743274142
0,0,0,0,0,0,95.7590805983148,0,0,113.144980278377,224.523755099568,161.694997919804,0,0,0,0,0,0,0,0,0,0,0,0,0,0,0,0,0,0,0,0,0,111.435629183184,0,0,106.926813611922,0,0,0,0
0,0,0,0,115.868441404982,76.5072790361762,0,0,133.984214699576,0,338.131802716296,0,0,0,0,0,0,0,0,205.839960264176,0,222.053792850439,0,0,0,0,0,120.567029282014,148.808626413748,0,0,0,0,101.350815329073,0,0,115.114253591495,195.378266313867,173.201474590904,357.423078228283,154.784755881607
0,0,0,0,0,106.533627130087,0,0,0,0,0,58.3493451392805,0,0,0,0,82.1742780037132,0,125.994729980093,211.840482897052,0,0,104.369974912428,111.226326353722,0,0,0,0,0,0,0,120.912756812582,0,0,181.316358113209,0,321.864157986053,138.425725342224,0,259.055025639447,0
0,0,191.519780382943,0,0,0,0,0,0,255.441154257905,0,0,0,0,0,0,0,0,0,180.355266595273,0,0,138.33942793804,0,0,97.5855511246009,0,0,0,204.084074037941,0,0,0,221.805809452716,186.348837226466,0,197.486504603685,0,0,141.204637091722,66.5008477853491
0,0,0,0,0,0,0,0,0,84.3635741045246,0,280.376028997576,0,0,82.1742780037132,0,0,0,101.605593487621,0,0,259.442917595754,0,92.5568465385234,0,154.142998692322,193.777661225572,0,0,0,0,137.177378802006,0,0,0,0,0,0,0,94.7529894315991,0
0,0,0,0,0,0,206.912707094411,0,0,0,0,0,0,0,0,0,0,0,0,0,219.040656038919,124.853650664477,0,0,0,0,0,0,94.126460729827,0,0,0,0,252.487290983309,0,0,165.597665022977,241.682021696872,101.5853655613,0,283.248188884028
0,94.7280504127031,0,0,90.7216186966914,0,0,0,134.566479261133,0,0,0,0,0,125.994729980093,0,101.605593487621,0,0,112.823430872325,0,0,98.6790043377568,161.325017232684,0,0,283.88658203332,104.915316975638,0,0,0,0,0,0,0,94.027247878695,0,128.530575464043,0,0,0
0,0,0,0,0,196.04190773555,82.6426202489162,228.792310020318,0,0,125.81518738273,113.059176128709,0,205.839960264176,211.840482897052,180.355266595273,0,0,112.823430872325,0,0,0,0,0,0,174.013630695256,0,74.7304794244225,116.054372245433,0,0,151.075371308616,0,155.901486485736,173.059382066957,0,112.349934713559,0,0,89.1590885155172,0
205.09013266389,0,0,0,0,0,0,0,0,180.90030328818,0,345.797434674459,0,0,0,0,0,219.040656038919,0,0,0,0,0,0,172.608400267715,0,70.4221432298295,115.194491798135,262.382215657622,0,0,0,0,198.528111506785,87.8456058929559,142.385058730083,0,232.945974238958,0,0,143.005810983322
0,0,0,0,169.453147353278,0,0,0,0,0,0,0,0,222.053792850439,0,0,259.442917595754,124.853650664477,0,0,0,0,0,0,0,0,159.183173818572,131.969743415579,0,0,0,0,0,0,94.9380989123498,0,0,0,0,0,73.4795582048751
0,0,0,0,0,0,0,162.833808134102,236.681907140956,165.893015276821,157.852515740516,0,0,0,104.369974912428,138.33942793804,0,0,98.6790043377568,0,0,0,0,0,0,153.876396855887,178.683678585178,115.871357769661,0,0,0,0,0,0,96.7845769653343,136.792307586862,215.611029055736,306.344527664232,0,300.031143529538,0
353.822894641502,0,164.032723165762,0,0,0,0,0,178.748963182352,0,0,0,0,0,111.226326353722,0,92.5568465385234,0,161.325017232684,0,0,0,0,0,0,188.936291522747,218.045528847001,217.157696745803,171.906398392157,100.812745974529,74.4197823064597,320.356811100276,0,0,241.57250333243,101.85207633558,146.814226519809,133.218162784108,0,168.241326865882,247.66948903751
0,0,0,0,0,0,0,0,225.013371621378,0,0,0,0,0,0,0,0,0,0,0,172.608400267715,0,0,0,0,155.24952173131,0,263.534399241887,0,0,0,0,0,119.728129215699,172.892533368851,82.4756938751058,81.2827395071039,146.770754374523,0,89.3673883748406,0
0,0,0,177.763106506206,114.649126378906,0,0,137.239127032733,0,348.674510760064,224.551207449728,303.527509149359,0,0,0,97.5855511246009,154.142998692322,0,0,174.013630695256,0,0,153.876396855887,188.936291522747,155.24952173131,0,139.792601838991,0,85.7623170715703,0,0,195.314816908693,0,178.224497384947,0,0,71.4788760670054,329.719143597451,0,93.5029580098427,193.659409924573
0,0,0,0,0,0,0,325.937289045041,135.294330067913,240.185081663983,0,228.075434767255,0,0,0,0,193.777661225572,0,283.88658203332,0,70.4221432298295,159.183173818572,178.683678585178,218.045528847001,0,139.792601838991,0,199.492852797962,0,192.693757128262,112.793316814908,0,0,261.440278806413,153.672550905948,0,74.5815074003433,0,161.302948562323,128.846764897717,80.4367166559625
0,0,134.960780198024,197.893790332676,151.01089327964,103.519938150021,314.611698427915,0,0,0,251.098274723989,196.032358954952,0,120.567029282014,0,0,0,0,104.915316975638,74.7304794244225,115.194491798135,131.969743415579,115.871357769661,217.157696745803,263.534399241887,0,199.492852797962,0,80.8080171296381,0,0,206.472608421747,193.63278243493,116.176698124939,180.543851962045,201.44584889478,309.997227542691,97.3506957544063,195.822649557859,106.128596538706,163.059043292369
0,213.67670887414,0,73.1029054543569,163.945208919892,0,98.2230592632363,0,0,249.905610015455,0,208.005106191961,0,148.808626413748,0,0,0,94.126460729827,0,116.054372245433,262.382215657622,0,0,171.906398392157,0,85.7623170715703,0,80.8080171296381,0,0,0,0,0,118.522099274347,261.605527103798,115.332064605654,62.311273509377,231.050882209,139.93285932648,108.381749703452,146.99041817625
175.196329314064,0,0,0,0,0,0,335.371040201042,78.8552325762656,99.2646516363145,0,0,0,0,0,204.084074037941,0,0,0,0,0,0,0,100.812745974529,0,0,192.693757128262,0,0,0,0,0,0,0,173.001559092555,94.8881692391942,276.620869034647,0,0,125.416941482916,0
0,0,0,0,0,0,0,0,0,169.742003380707,0,0,0,0,0,0,0,0,0,0,0,0,0,74.4197823064597,0,0,112.793316814908,0,0,0,0,184.249961885477,0,0,0,0,154.065933476765,323.781250289068,0,0,0
0,0,0,0,0,0,0,242.790381480436,0,0,212.592150359921,0,0,0,120.912756812582,0,137.177378802006,0,0,151.075371308616,0,0,0,320.356811100276,0,195.314816908693,0,206.472608421747,0,0,184.249961885477,0,0,0,108.136066660554,0,0,0,269.936825670274,0,0
0,0,0,158.567996645797,0,0,173.538155409849,0,0,0,0,0,0,0,0,0,0,0,0,0,0,0,0,0,0,0,0,193.63278243493,0,0,0,0,0,192.601533877686,92.3502314520023,0,0,0,0,0,0
200.878319874537,0,0,97.3232815600345,145.74089716123,249.798812580765,154.070293657878,101.895308036513,0,124.698445421759,128.405764333981,81.9664354533492,111.435629183184,101.350815329073,0,221.805809452716,0,252.487290983309,0,155.901486485736,198.528111506785,0,0,0,119.728129215699,178.224497384947,261.440278806413,116.176698124939,118.522099274347,0,0,0,192.601533877686,0,72.2278283150671,61.0664810463559,75.4497121078207,0,0,153.453047983244,119.345624434514
0,0,0,0,89.707245288964,0,101.443495235174,0,188.851177466023,142.054529471577,135.667029391615,137.189596148386,0,0,181.316358113209,186.348837226466,0,0,0,173.059382066957,87.8456058929559,94.9380989123498,96.7845769653343,241.57250333243,172.892533368851,0,153.672550905948,180.543851962045,261.605527103798,173.001559092555,0,108.136066660554,92.3502314520023,72.2278283150671,0,158.955087279859,117.208001126138,150.161410108805,0,167.066576495979,0
0,0,0,0,0,223.705816669619,62.859596780235,153.609372090384,0,0,140.574866691684,289.631679007608,0,0,0,0,0,0,94.027247878695,0,142.385058730083,0,136.792307586862,101.85207633558,82.4756938751058,0,0,201.44584889478,115.332064605654,94.8881692391942,0,0,0,61.0664810463559,158.955087279859,0,161.275817184598,0,241.635434294794,347.376449530863,227.504408813069
183.786860782462,0,99.3508940827211,333.645516435298,0,0,0,160.537522273714,67.8267069095267,151.695570509541,209.996727521564,198.964527389285,106.926813611922,115.114253591495,321.864157986053,197.486504603685,0,165.597665022977,0,112.349934713559,0,0,215.611029055736,146.814226519809,81.2827395071039,71.4788760670054,74.5815074003433,309.997227542691,62.311273509377,276.620869034647,154.065933476765,0,0,75.4497121078207,117.208001126138,161.275817184598,0,85.6072705949986,90.1317194604647,204.481117647118,186.973586461633
0,0,0,160.530221557972,0,0,0,93.4234866874731,226.825099357786,0,0,0,0,195.378266313867,138.425725342224,0,0,241.682021696872,128.530575464043,0,232.945974238958,0,306.344527664232,133.218162784108,146.770754374523,329.719143597451,0,97.3506957544063,231.050882209,0,323.781250289068,0,0,0,150.161410108805,0,85.6072705949986,0,190.185165668632,219.430938885781,89.9429017381717
0,0,0,0,202.712457066107,114.511014214502,0,0,0,214.116367924649,161.74915061469,71.5579325720569,0,173.201474590904,0,0,0,101.5853655613,0,0,0,0,0,0,0,0,161.302948562323,195.822649557859,139.93285932648,0,0,269.936825670274,0,0,0,241.635434294794,90.1317194604647,190.185165668632,0,194.442125915551,0
0,151.036729364761,0,205.183249704085,201.100640800745,231.715271819474,0,0,0,0,321.124897279917,0,0,357.423078228283,259.055025639447,141.204637091722,94.7529894315991,0,0,89.1590885155172,0,0,300.031143529538,168.241326865882,89.3673883748406,93.5029580098427,128.846764897717,106.128596538706,108.381749703452,125.416941482916,0,0,0,153.453047983244,167.066576495979,347.376449530863,204.481117647118,219.430938885781,194.442125915551,0,115.541295036174
0,0,0,92.5207898118833,78.9559315574845,0,0,219.078548227669,151.806152521152,139.654362654449,0,238.934743274142,0,154.784755881607,0,66.5008477853491,0,283.248188884028,0,0,143.005810983322,73.4795582048751,0,247.66948903751,0,193.659409924573,80.4367166559625,163.059043292369,146.99041817625,0,0,0,0,119.345624434514,0,227.504408813069,186.973586461633,89.9429017381717,0,115.541295036174,0
