0,0,0,0,0,0,0,0,0,0,0,0,0,0,0,0,161.325017232684,0,0,0,125.416941482916,0,0,0,0,0,0,0,0,0,0,0,0,303.527509149359,0,0,154.070293657878,82.6299537488922,0,0,62.859596780235
0,0,0,0,0,0,0,0,0,0,321.864157986053,0,0,0,169.742003380707,0,0,0,0,0,104.915316975638,0,0,0,0,0,0,201.100640800745,0,0,0,202.712457066107,0,269.936825670274,0,0,97.3232815600345,0,0,0,0
0,0,0,0,0,0,0,0,0,347.376449530863,0,0,0,0,0,0,0,0,0,180.543851962045,0,0,0,0,0,90.7216186966914,0,0,163.945208919892,0,0,0,0,106.926813611922,0,0,0,0,0,0,0
0,0,0,0,0,0,94.9380989123498,0,0,0,0,0,0,167.066576495979,115.114253591495,92.5207898118833,0,0,95.7590805983148,0,0,0,0,0,0,197.893790332676,0,119.345624434514,0,249.905610015455,0,125.81518738273,139.93285932648,0,251.098274723989,0,309.997227542691,0,0,0,212.592150359921
0,0,0,0,0,0,93.4234866874731,253.401634605989,74.5815074003433,175.196329314064,0,0,0,195.822649557859,0,0,0,289.631679007608,0,306.344527664232,0,0,0,0,0,81.9664354533492,101.443495235174,0,157.852515740516,314.611698427915,0,0,0,0,168.241326865882,0,0,0,0,184.249961885477,133.984214699576
0,0,0,0,0,0,0,112.793316814908,0,0,155.24952173131,0,0,0,115.332064605654,0,133.218162784108,0,0,0,0,82.4756938751058,0,195.314816908693,188.851177466023,0,135.294330067913,0,0,0,0,0,0,220.901129804706,249.798812580765,89.9429017381717,241.635434294794,200.878319874537,120.912756812582,0,0
0,0,0,94.9380989123498,93.4234866874731,0,0,108.381749703452,0,169.453147353278,0,284.529238481835,0,0,0,58.3493451392805,0,110.384905066973,0,0,0,0,0,353.822894641502,0,0,0,196.04190773555,0,0,0,0,0,209.996727521564,115.541295036174,221.805809452716,0,0,0,155.901486485736,0
0,0,0,0,253.401634605989,112.793316814908,108.381749703452,0,0,80.4367166559625,0,61.0664810463559,0,0,0,146.99041817625,98.2230592632363,0,0,0,217.157696745803,0,0,0,0,0,171.230058197369,94.8881692391942,101.5853655613,0,0,0,0,106.533627130087,103.519938150021,0,111.435629183184,0,0,219.078548227669,82.1742780037132
0,0,0,0,74.5815074003433,0,0,0,0,240.185081663983,0,0,0,320.356811100276,0,0,0,0,0,0,0,0,0,0,0,220.963068032256,0,0,213.67670887414,0,0,0,0,183.786860782462,154.065933476765,0,114.649126378906,136.792307586862,173.001559092555,0,92.5568465385234
0,0,347.376449530863,0,175.196329314064,0,169.453147353278,80.4367166559625,240.185081663983,0,0,124.698445421759,0,97.3506957544063,0,0,0,208.005106191961,0,0,163.059043292369,0,138.33942793804,206.912707094411,0,228.075434767255,0,78.8552325762656,151.036729364761,0,179.718364159796,0,0,0,0,0,173.059382066957,0,153.672550905948,231.715271819474,0
0,321.864157986053,0,0,0,155.24952173131,0,0,0,0,0,113.144980278377,241.682021696872,0,0,0,0,87.8456058929559,0,0,0,219.040656038919,0,0,0,71.5579325720569,335.371040201042,139.792601838991,0,0,0,0,0,0,259.055025639447,241.57250333243,227.504408813069,333.645516435298,85.7623170715703,206.472608421747,195.378266313867
0,0,0,0,0,0,284.529238481835,61.0664810463559,0,124.698445421759,113.144980278377,0,101.85207633558,0,0,196.032358954952,137.177378802006,128.846764897717,0,0,0,0,226.825099357786,116.176698124939,0,0,128.530575464043,0,0,0,215.611029055736,0,204.084074037941,205.09013266389,247.66948903751,122.106946855269,204.481117647118,218.045528847001,143.005810983322,146.465927798921,124.853650664477
0,0,0,0,0,0,0,0,0,0,241.682021696872,101.85207633558,0,0,0,0,263.534399241887,0,0,0,0,0,0,0,0,0,94.7529894315991,0,71.4788760670054,0,0,0,0,0,0,0,112.823430872325,0,0,0,0
0,0,0,167.066576495979,195.822649557859,0,0,0,320.356811100276,97.3506957544063,0,0,0,0,153.609372090384,0,0,0,0,0,0,0,0,177.763106506206,0,0,0,181.316358113209,0,0,0,214.116367924649,0,276.620869034647,172.608400267715,180.355266595273,97.5855511246009,0,0,120.567029282014,154.142998692322
0,169.742003380707,0,115.114253591495,0,115.332064605654,0,0,0,0,0,0,0,153.609372090384,0,0,0,0,0,113.059176128709,0,0,261.605527103798,0,0,0,0,0,115.194491798135,0,0,0,0,178.748963182352,117.208001126138,228.792310020318,146.770754374523,0,0,262.382215657622,0
0,0,0,92.5207898118833,0,0,58.3493451392805,146.99041817625,0,0,0,196.032358954952,0,0,0,0,0,0,201.44584889478,0,0,0,236.681907140956,0,0,0,0,222.053792850439,162.833808134102,0,0,0,0,242.790381480436,106.128596538706,0,0,89.3673883748406,0,0,0
161.325017232684,0,0,0,0,133.218162784108,0,98.2230592632363,0,0,0,137.177378802006,263.534399241887,0,0,0,0,0,0,0,0,0,0,0,0,0,0,99.2646516363145,0,0,186.348837226466,0,0,0,151.01089327964,0,114.511014214502,0,174.013630695256,0,0
0,0,0,0,289.631679007608,0,110.384905066973,0,0,208.005106191961,87.8456058929559,128.846764897717,0,0,0,0,0,0,145.74089716123,0,0,0,0,0,0,223.705816669619,0,72.2278283150671,0,0,0,0,0,0,0,0,0,0,0,0,94.7280504127031
0,0,0,95.7590805983148,0,0,0,0,0,0,0,0,0,0,0,201.44584889478,0,145.74089716123,0,96.7845769653343,0,0,0,75.4497121078207,67.8267069095267,0,0,111.226326353722,0,0,0,0,70.4221432298295,0,100.812745974529,0,151.806152521152,0,115.871357769661,0,190.185165668632
0,0,180.543851962045,0,306.344527664232,0,0,0,0,0,0,0,0,0,113.059176128709,0,0,0,96.7845769653343,0,171.906398392157,160.530221557972,283.88658203332,197.486504603685,134.566479261133,0,161.74915061469,198.964527389285,142.385058730083,0,0,0,0,0,153.876396855887,98.417953423071,101.350815329073,125.994729980093,0,159.183173818572,0
125.416941482916,104.915316975638,0,0,0,0,0,217.157696745803,0,163.059043292369,0,0,0,0,0,0,0,0,0,171.906398392157,0,0,0,0,0,106.33736463831,101.895308036513,0,219.430938885781,0,0,73.4795582048751,0,89.1590885155172,101.605593487621,0,199.492852797962,116.054372245433,0,0,0
0,0,0,0,0,82.4756938751058,0,0,0,0,219.040656038919,0,0,0,0,0,0,0,0,160.530221557972,0,0,0,0,0,0,0,0,0,0,0,0,0,211.840482897052,0,0,131.969743415579,90.1317194604647,0,150.161410108805,194.442125915551
0,0,0,0,0,0,0,0,0,138.33942793804,0,226.825099357786,0,0,261.605527103798,236.681907140956,0,0,0,283.88658203332,0,0,0,225.013371621378,191.519780382943,193.659409924573,154.784755881607,161.275817184598,137.189596148386,0,0,0,0,0,192.693757128262,141.204637091722,178.683678585178,153.453047983244,0,0,0
0,0,0,0,0,195.314816908693,353.822894641502,0,0,206.912707094411,0,116.176698124939,0,177.763106506206,0,0,0,0,75.4497121078207,197.486504603685,0,0,225.013371621378,0,0,92.3502314520023,0,78.9559315574845,348.674510760064,104.369974912428,0,306.640284138334,0,192.601533877686,192.135034768848,231.050882209,323.781250289068,0,250.461724766314,82.6426202489162,0
0,0,0,0,0,188.851177466023,0,0,0,0,0,0,0,0,0,0,0,0,67.8267069095267,134.566479261133,0,0,191.519780382943,0,0,172.892533368851,151.695570509541,118.522099274347,0,0,0,0,0,93.5029580098427,0,0,0,0,0,160.537522273714,81.2827395071039
0,0,90.7216186966914,197.893790332676,81.9664354533492,0,0,0,220.963068032256,228.075434767255,71.5579325720569,0,0,0,0,0,0,223.705816669619,0,0,106.33736463831,0,193.659409924573,92.3502314520023,172.892533368851,0,300.031143529538,164.032723165762,89.707245288964,0,0,255.441154257905,0,146.814226519809,0,0,329.719143597451,193.63278243493,0,232.945974238958,165.893015276821
0,0,0,0,101.443495235174,135.294330067913,0,171.230058197369,0,0,335.371040201042,128.530575464043,94.7529894315991,0,0,0,0,0,0,161.74915061469,101.895308036513,0,154.784755881607,0,151.695570509541,300.031143529538,0,261.440278806413,238.934743274142,0,205.839960264176,0,0,119.728129215699,0,193.777661225572,112.349934713559,140.574866691684,0,178.224497384947,109.093416850988
0,201.100640800745,0,119.345624434514,0,0,196.04190773555,94.8881692391942,0,78.8552325762656,139.792601838991,0,0,181.316358113209,0,222.053792850439,99.2646516363145,72.2278283150671,111.226326353722,198.964527389285,0,0,161.275817184598,78.9559315574845,118.522099274347,164.032723165762,261.440278806413,0,0,96.5937438588657,0,224.523755099568,0,66.5008477853491,74.4197823064597,139.654362654449,180.90030328818,94.126460729827,151.075371308616,173.201474590904,345.797434674459
0,0,163.945208919892,0,157.852515740516,0,0,101.5853655613,213.67670887414,151.036729364761,0,0,71.4788760670054,0,115.194491798135,162.833808134102,0,0,0,142.385058730083,219.430938885781,0,137.189596148386,348.674510760064,0,89.707245288964,238.934743274142,0,0,0,0,0,0,252.487290983309,173.538155409849,0,134.960780198024,76.5072790361762,158.955087279859,321.124897279917,158.567996645797
0,0,0,249.905610015455,314.611698427915,0,0,0,0,0,0,0,0,0,0,0,0,0,0,0,0,0,0,104.369974912428,0,0,0,96.5937438588657,0,0,0,338.131802716296,0,135.667029391615,186.973586461633,283.248188884028,80.8080171296381,0,0,98.6790043377568,94.027247878695
0,0,0,0,0,0,0,0,0,179.718364159796,0,215.611029055736,0,0,0,0,186.348837226466,0,0,0,0,0,0,0,0,0,205.839960264176,0,0,0,0,0,0,0,0,0,0,0,84.3635741045246,108.136066660554,0
0,202.712457066107,0,125.81518738273,0,0,0,0,0,0,0,0,0,214.116367924649,0,0,0,0,0,0,73.4795582048751,0,0,306.640284138334,0,255.441154257905,0,224.523755099568,0,338.131802716296,0,0,0,0,0,205.183249704085,0,0,165.597665022977,136.685314494491,0
0,0,0,139.93285932648,0,0,0,0,0,0,0,204.084074037941,0,0,0,0,0,0,70.4221432298295,0,0,0,0,0,0,0,0,0,0,0,0,0,0,0,0,0,161.694997919804,0,0,0,357.423078228283
303.527509149359,269.936825670274,106.926813611922,0,0,220.901129804706,209.996727521564,106.533627130087,183.786860782462,0,0,205.09013266389,0,276.620869034647,178.748963182352,242.790381480436,0,0,0,0,89.1590885155172,211.840482897052,0,192.601533877686,93.5029580098427,146.814226519809,119.728129215699,66.5008477853491,252.487290983309,135.667029391615,0,0,0,0,148.808626413748,198.528111506785,99.3508940827211,128.405764333981,0,138.425725342224,188.936291522747
0,0,0,251.098274723989,168.241326865882,249.798812580765,115.541295036174,103.519938150021,154.065933476765,0,259.055025639447,247.66948903751,0,172.608400267715,117.208001126138,106.128596538706,151.01089327964,0,100.812745974529,153.876396855887,101.605593487621,0,192.693757128262,192.135034768848,0,0,0,74.4197823064597,173.538155409849,186.973586461633,0,0,0,148.808626413748,0,280.376028997576,187.77054666536,62.311273509377,0,115.868441404982,0
0,0,0,0,0,89.9429017381717,221.805809452716,0,0,0,241.57250333243,122.106946855269,0,180.355266595273,228.792310020318,0,0,0,0,98.417953423071,0,0,141.204637091722,231.050882209,0,0,193.777661225572,139.654362654449,0,283.248188884028,0,205.183249704085,0,198.528111506785,280.376028997576,0,161.302948562323,85.6072705949986,259.442917595754,0,142.054529471577
154.070293657878,97.3232815600345,0,309.997227542691,0,241.635434294794,0,111.435629183184,114.649126378906,173.059382066957,227.504408813069,204.481117647118,112.823430872325,97.5855511246009,146.770754374523,0,114.511014214502,0,151.806152521152,101.350815329073,199.492852797962,131.969743415579,178.683678585178,323.781250289068,0,329.719143597451,112.349934713559,180.90030328818,134.960780198024,80.8080171296381,0,0,161.694997919804,99.3508940827211,187.77054666536,161.302948562323,0,325.937289045041,0,224.551207449728,0
82.6299537488922,0,0,0,0,200.878319874537,0,0,136.792307586862,0,333.645516435298,218.045528847001,0,0,0,89.3673883748406,0,0,0,125.994729980093,116.054372245433,90.1317194604647,153.453047983244,0,0,193.63278243493,140.574866691684,94.126460729827,76.5072790361762,0,0,0,0,128.405764333981,62.311273509377,85.6072705949986,325.937289045041,0,137.239127032733,193.055010680236,0
0,0,0,0,0,120.912756812582,0,0,173.001559092555,153.672550905948,85.7623170715703,143.005810983322,0,0,0,0,174.013630695256,0,115.871357769661,0,0,0,0,250.461724766314,0,0,0,151.075371308616,158.955087279859,0,84.3635741045246,165.597665022977,0,0,0,259.442917595754,0,137.239127032733,0,73.1029054543569,0
0,0,0,0,184.249961885477,0,155.901486485736,219.078548227669,0,231.715271819474,206.472608421747,146.465927798921,0,120.567029282014,262.382215657622,0,0,0,0,159.183173818572,0,150.161410108805,0,82.6426202489162,160.537522273714,232.945974238958,178.224497384947,173.201474590904,321.124897279917,98.6790043377568,108.136066660554,136.685314494491,0,138.425725342224,115.868441404982,0,224.551207449728,193.055010680236,73.1029054543569,0,74.7304794244225
62.859596780235,0,0,212.592150359921,133.984214699576,0,0,82.1742780037132,92.5568465385234,0,195.378266313867,124.853650664477,0,154.142998692322,0,0,0,94.7280504127031,190.185165668632,0,0,194.442125915551,0,0,81.2827395071039,165.893015276821,109.093416850988,345.797434674459,158.567996645797,94.027247878695,0,0,357.423078228283,188.936291522747,0,142.054529471577,0,0,0,74.7304794244225,0
