0,0,0,0,0,0,66.5008477853491,111.226326353722,0,0,0,0,0,0,0,0,0,128.405764333981,0,0,353.822894641502,0,0,0,0,125.81518738273,0,0,0,0,0,0,0,0,0,0,0,0,0,300.031143529538,0
0,0,0,0,0,0,0,0,0,0,0,193.777661225572,0,135.294330067913,0,0,188.851177466023,0,0,0,0,0,0,0,0,0,0,0,0,0,0,0,0,0,89.707245288964,141.204637091722,151.695570509541,61.0664810463559,0,0,0
0,0,0,0,0,0,0,0,0,62.859596780235,0,159.183173818572,0,0,0,0,0,0,0,0,0,0,0,0,0,0,0,219.040656038919,0,0,0,0,0,0,0,0,146.814226519809,238.934743274142,0,0,0
0,0,0,0,0,0,0,0,0,0,0,167.066576495979,0,0,0,0,0,0,0,0,0,0,259.442917595754,0,247.66948903751,0,218.045528847001,0,0,0,0,113.059176128709,0,180.90030328818,112.349934713559,151.806152521152,151.075371308616,92.5568465385234,333.645516435298,114.511014214502,97.5855511246009
0,0,0,0,0,0,0,169.453147353278,136.792307586862,122.106946855269,0,0,0,0,0,100.812745974529,0,0,0,0,178.683678585178,0,143.005810983322,224.523755099568,0,0,177.763106506206,115.332064605654,0,0,0,0,0,241.635434294794,150.161410108805,0,71.5579325720569,0,154.142998692322,0,161.275817184598
0,0,0,0,0,0,0,154.784755881607,0,0,0,104.369974912428,89.3673883748406,82.6426202489162,357.423078228283,137.239127032733,0,0,0,0,116.054372245433,0,0,0,0,0,0,0,158.567996645797,108.136066660554,0,220.963068032256,0,136.685314494491,335.371040201042,113.144980278377,180.355266595273,0,0,0,0
66.5008477853491,0,0,0,0,0,0,0,0,219.430938885781,0,0,0,231.715271819474,0,0,0,0,0,0,0,0,0,134.566479261133,0,276.620869034647,0,151.01089327964,192.693757128262,0,0,195.314816908693,146.770754374523,99.2646516363145,97.3506957544063,0,94.9380989123498,0,0,0,187.77054666536
111.226326353722,0,0,0,169.453147353278,154.784755881607,0,0,0,198.964527389285,0,146.99041817625,0,0,85.6072705949986,0,0,0,0,0,0,0,184.249961885477,80.4367166559625,241.57250333243,0,0,0,172.892533368851,0,146.465927798921,0,0,58.3493451392805,0,0,133.984214699576,0,161.302948562323,195.378266313867,104.915316975638
0,0,0,0,136.792307586862,0,0,0,0,0,0,0,0,138.33942793804,0,0,0,0,0,226.825099357786,0,0,0,128.530575464043,0,220.901129804706,0,151.036729364761,0,0,0,0,0,345.797434674459,197.893790332676,0,115.871357769661,0,0,192.601533877686,259.055025639447
0,0,62.859596780235,0,122.106946855269,0,219.430938885781,198.964527389285,0,0,205.09013266389,164.032723165762,0,138.425725342224,0,0,0,0,142.054529471577,85.7623170715703,137.189596148386,0,0,0,0,111.435629183184,133.218162784108,0,124.853650664477,0,0,0,0,0,284.529238481835,0,94.8881692391942,217.157696745803,0,283.248188884028,219.078548227669
0,0,0,0,0,0,0,0,0,205.09013266389,0,205.839960264176,0,289.631679007608,94.126460729827,0,161.694997919804,0,205.183249704085,103.519938150021,115.114253591495,0,0,0,0,140.574866691684,309.997227542691,0,0,81.9664354533492,0,0,0,0,252.487290983309,0,0,82.4756938751058,221.805809452716,154.065933476765,92.3502314520023
0,193.777661225572,159.183173818572,167.066576495979,0,104.369974912428,0,146.99041817625,0,164.032723165762,205.839960264176,0,114.649126378906,0,227.504408813069,0,0,101.5853655613,0,76.5072790361762,71.4788760670054,0,158.955087279859,0,196.04190773555,0,255.441154257905,0,329.719143597451,153.876396855887,0,0,0,101.895308036513,0,249.798812580765,173.538155409849,0,0,78.8552325762656,0
0,0,0,0,0,89.3673883748406,0,0,0,0,0,114.649126378906,0,0,0,0,0,0,198.528111506785,0,0,0,0,135.667029391615,0,188.936291522747,0,0,0,0,0,0,0,0,0,0,0,0,280.376028997576,0,0
0,135.294330067913,0,0,0,82.6426202489162,231.715271819474,0,138.33942793804,138.425725342224,289.631679007608,0,0,0,201.100640800745,0,115.194491798135,250.461724766314,0,0,0,204.481117647118,0,0,0,0,0,109.093416850988,231.050882209,0,0,0,0,263.534399241887,0,128.846764897717,0,0,0,0,0
0,0,0,0,0,357.423078228283,0,85.6072705949986,0,0,94.126460729827,227.504408813069,0,201.100640800745,0,0,0,0,190.185165668632,0,0,0,0,0,0,173.059382066957,96.5937438588657,173.001559092555,161.325017232684,0,0,0,0,106.926813611922,0,0,338.131802716296,0,0,0,0
0,0,0,0,100.812745974529,137.239127032733,0,0,0,0,0,0,0,0,0,0,0,106.33736463831,0,0,0,0,0,321.124897279917,0,0,212.592150359921,0,115.541295036174,0,0,0,0,0,98.2230592632363,0,157.852515740516,242.790381480436,0,89.1590885155172,94.7529894315991
0,188.851177466023,0,0,0,0,0,0,0,0,161.694997919804,0,0,115.194491798135,0,0,0,0,0,0,0,0,0,0,163.059043292369,168.241326865882,0,78.9559315574845,0,0,0,0,0,0,155.901486485736,137.177378802006,306.344527664232,178.224497384947,0,0,0
128.405764333981,0,0,0,0,0,0,0,0,0,0,101.5853655613,0,250.461724766314,0,106.33736463831,0,0,0,0,0,0,0,0,0,191.519780382943,0,321.864157986053,0,0,0,0,0,269.936825670274,0,0,81.2827395071039,89.9429017381717,0,0,0
0,0,0,0,0,0,0,0,0,142.054529471577,205.183249704085,0,198.528111506785,0,190.185165668632,0,0,0,0,0,0,108.381749703452,0,0,0,192.135034768848,0,97.3232815600345,223.705816669619,0,0,0,0,261.605527103798,183.786860782462,73.4795582048751,110.384905066973,0,0,0,0
0,0,0,0,0,0,0,0,226.825099357786,85.7623170715703,103.519938150021,76.5072790361762,0,0,0,0,0,0,0,0,74.5815074003433,0,228.792310020318,165.893015276821,0,0,112.793316814908,211.840482897052,101.605593487621,0,0,323.781250289068,0,222.053792850439,70.4221432298295,0,241.682021696872,171.230058197369,153.453047983244,173.201474590904,0
353.822894641502,0,0,0,178.683678585178,116.054372245433,0,0,0,137.189596148386,115.114253591495,71.4788760670054,0,0,0,0,0,0,0,74.5815074003433,0,253.401634605989,0,98.6790043377568,0,0,0,306.640284138334,0,101.85207633558,0,0,0,0,0,0,0,0,0,195.822649557859,154.070293657878
0,0,0,0,0,0,0,0,0,0,0,0,0,204.481117647118,0,0,0,0,108.381749703452,0,253.401634605989,0,225.013371621378,0,0,0,0,161.74915061469,0,0,0,0,0,232.945974238958,202.712457066107,208.005106191961,0,0,0,0,0
0,0,0,259.442917595754,143.005810983322,0,0,184.249961885477,0,0,0,158.955087279859,0,0,0,0,0,0,0,228.792310020318,0,225.013371621378,0,261.440278806413,0,0,106.128596538706,240.185081663983,0,0,0,0,0,0,251.098274723989,214.116367924649,117.208001126138,101.443495235174,95.7590805983148,249.905610015455,0
0,0,0,0,224.523755099568,0,134.566479261133,80.4367166559625,128.530575464043,0,0,0,135.667029391615,0,0,321.124897279917,0,0,0,165.893015276821,98.6790043377568,0,261.440278806413,0,204.084074037941,0,169.742003380707,125.994729980093,199.492852797962,0,0,84.3635741045246,0,0,124.698445421759,155.24952173131,209.996727521564,236.681907140956,0,197.486504603685,0
0,0,0,247.66948903751,0,0,0,241.57250333243,0,0,0,196.04190773555,0,0,0,0,163.059043292369,0,0,0,0,0,0,204.084074037941,0,314.611698427915,0,171.906398392157,0,0,0,0,0,0,0,90.7216186966914,0,160.537522273714,0,180.543851962045,0
125.81518738273,0,0,0,0,0,276.620869034647,0,220.901129804706,111.435629183184,140.574866691684,0,188.936291522747,0,173.059382066957,0,168.241326865882,191.519780382943,192.135034768848,0,0,0,0,0,314.611698427915,0,99.3508940827211,134.960780198024,347.376449530863,0,0,165.597665022977,0,186.348837226466,131.969743415579,0,72.2278283150671,115.868441404982,0,0,74.4197823064597
0,0,0,218.045528847001,177.763106506206,0,0,0,0,133.218162784108,309.997227542691,255.441154257905,0,0,96.5937438588657,212.592150359921,0,0,0,112.793316814908,0,0,106.128596538706,169.742003380707,0,99.3508940827211,0,96.7845769653343,139.93285932648,262.382215657622,0,0,0,193.055010680236,80.8080171296381,196.032358954952,0,0,92.5207898118833,181.316358113209,160.530221557972
0,0,219.040656038919,0,115.332064605654,0,151.01089327964,0,151.036729364761,0,0,0,0,109.093416850988,173.001559092555,0,78.9559315574845,321.864157986053,97.3232815600345,211.840482897052,306.640284138334,161.74915061469,240.185081663983,125.994729980093,171.906398392157,134.960780198024,96.7845769653343,0,179.718364159796,106.533627130087,0,101.350815329073,0,224.551207449728,228.075434767255,94.027247878695,174.013630695256,120.912756812582,0,73.1029054543569,163.945208919892
0,0,0,0,0,158.567996645797,192.693757128262,172.892533368851,0,124.853650664477,0,329.719143597451,0,231.050882209,161.325017232684,115.541295036174,0,0,223.705816669619,101.605593487621,0,0,0,199.492852797962,0,347.376449530863,139.93285932648,179.718364159796,0,0,94.7280504127031,0,116.176698124939,75.4497121078207,0,193.659409924573,87.8456058929559,0,0,303.527509149359,283.88658203332
0,0,0,0,0,108.136066660554,0,0,0,0,81.9664354533492,153.876396855887,0,0,0,0,0,0,0,0,101.85207633558,0,0,0,0,0,262.382215657622,106.533627130087,0,0,0,142.385058730083,0,118.522099274347,0,0,206.912707094411,0,0,200.878319874537,175.196329314064
0,0,0,0,0,0,0,146.465927798921,0,0,0,0,0,0,0,0,0,0,0,0,0,0,0,0,0,0,0,0,94.7280504127031,0,0,0,0,0,0,0,162.833808134102,67.8267069095267,0,178.748963182352,98.417953423071
0,0,0,113.059176128709,0,220.963068032256,195.314816908693,0,0,0,0,0,0,0,0,0,0,0,0,323.781250289068,0,0,0,84.3635741045246,0,165.597665022977,0,101.350815329073,0,142.385058730083,0,0,0,206.472608421747,213.67670887414,0,0,193.63278243493,0,0,0
0,0,0,0,0,0,146.770754374523,0,0,0,0,0,0,0,0,0,0,0,0,0,0,0,0,0,0,0,0,0,116.176698124939,0,0,0,0,0,0,0,348.674510760064,0,0,153.609372090384,112.823430872325
0,0,0,180.90030328818,241.635434294794,136.685314494491,99.2646516363145,58.3493451392805,345.797434674459,0,0,101.895308036513,0,263.534399241887,106.926813611922,0,0,269.936825670274,261.605527103798,222.053792850439,0,232.945974238958,0,0,0,186.348837226466,193.055010680236,224.551207449728,75.4497121078207,118.522099274347,0,206.472608421747,0,0,93.5029580098427,201.44584889478,215.611029055736,90.1317194604647,119.728129215699,194.442125915551,120.567029282014
0,89.707245288964,0,112.349934713559,150.161410108805,335.371040201042,97.3506957544063,0,197.893790332676,284.529238481835,252.487290983309,0,0,0,0,98.2230592632363,155.901486485736,0,183.786860782462,70.4221432298295,0,202.712457066107,251.098274723989,124.698445421759,0,131.969743415579,80.8080171296381,228.075434767255,0,0,0,213.67670887414,0,93.5029580098427,0,153.672550905948,139.654362654449,0,125.416941482916,62.311273509377,74.7304794244225
0,141.204637091722,0,151.806152521152,0,113.144980278377,0,0,0,0,0,249.798812580765,0,128.846764897717,0,0,137.177378802006,0,73.4795582048751,0,0,208.005106191961,214.116367924649,155.24952173131,90.7216186966914,0,196.032358954952,94.027247878695,193.659409924573,0,0,0,0,201.44584889478,153.672550905948,0,145.74089716123,0,320.356811100276,0,186.973586461633
0,151.695570509541,146.814226519809,151.075371308616,71.5579325720569,180.355266595273,94.9380989123498,133.984214699576,115.871357769661,94.8881692391942,0,173.538155409849,0,0,338.131802716296,157.852515740516,306.344527664232,81.2827395071039,110.384905066973,241.682021696872,0,0,117.208001126138,209.996727521564,0,72.2278283150671,0,174.013630695256,87.8456058929559,206.912707094411,162.833808134102,0,348.674510760064,215.611029055736,139.654362654449,145.74089716123,0,119.345624434514,172.608400267715,82.1742780037132,0
0,61.0664810463559,238.934743274142,92.5568465385234,0,0,0,0,0,217.157696745803,82.4756938751058,0,0,0,0,242.790381480436,178.224497384947,89.9429017381717,0,171.230058197369,0,0,101.443495235174,236.681907140956,160.537522273714,115.868441404982,0,120.912756812582,0,0,67.8267069095267,193.63278243493,0,90.1317194604647,0,0,119.345624434514,0,139.792601838991,93.4234866874731,0
0,0,0,333.645516435298,154.142998692322,0,0,161.302948562323,0,0,221.805809452716,0,280.376028997576,0,0,0,0,0,0,153.453047983244,0,0,95.7590805983148,0,0,0,92.5207898118833,0,0,0,0,0,0,119.728129215699,125.416941482916,320.356811100276,172.608400267715,139.792601838991,0,148.808626413748,82.6299537488922
300.031143529538,0,0,114.511014214502,0,0,0,195.378266313867,192.601533877686,283.248188884028,154.065933476765,78.8552325762656,0,0,0,89.1590885155172,0,0,0,173.201474590904,195.822649557859,0,249.905610015455,197.486504603685,180.543851962045,0,181.316358113209,73.1029054543569,303.527509149359,200.878319874537,178.748963182352,0,153.609372090384,194.442125915551,62.311273509377,0,82.1742780037132,93.4234866874731,148.808626413748,0,325.937289045041
0,0,0,97.5855511246009,161.275817184598,0,187.77054666536,104.915316975638,259.055025639447,219.078548227669,92.3502314520023,0,0,0,0,94.7529894315991,0,0,0,0,154.070293657878,0,0,0,0,74.4197823064597,160.530221557972,163.945208919892,283.88658203332,175.196329314064,98.417953423071,0,112.823430872325,120.567029282014,74.7304794244225,186.973586461633,0,0,82.6299537488922,325.937289045041,0
