0,0,0,0,0,0,0,111.435629183184,0,0,97.3506957544063,0,0,289.631679007608,0,0,0,0,0,0,0,0,280.376028997576,0,0,0,0,0,0,0,0,0,0,178.748963182352,0,0,90.7216186966914,0,0,0,0
0,0,0,0,0,0,0,0,0,0,0,0,0,0,0,0,0,0,0,0,0,0,309.997227542691,151.075371308616,0,0,212.592150359921,0,0,0,0,0,0,82.6299537488922,103.519938150021,238.934743274142,0,0,0,120.567029282014,0
0,0,0,0,0,0,0,0,110.384905066973,0,0,0,0,0,0,0,0,0,0,146.465927798921,0,0,0,0,0,0,0,0,215.611029055736,0,0,0,0,0,0,0,0,128.530575464043,0,227.504408813069,0
0,0,0,0,0,241.635434294794,115.194491798135,0,0,0,89.707245288964,0,0,179.718364159796,111.226326353722,0,0,0,0,0,193.63278243493,0,0,101.350815329073,0,92.5568465385234,106.926813611922,133.984214699576,0,0,0,0,0,154.784755881607,94.126460729827,0,269.936825670274,0,0,0,0
0,0,0,0,0,134.960780198024,0,101.895308036513,0,101.605593487621,0,104.369974912428,0,0,205.183249704085,0,0,0,0,300.031143529538,201.44584889478,0,115.868441404982,0,0,0,0,0,0,0,0,0,0,183.786860782462,231.715271819474,0,169.742003380707,173.538155409849,0,178.224497384947,66.5008477853491
0,0,0,241.635434294794,134.960780198024,0,0,0,0,0,348.674510760064,0,0,0,0,0,0,154.142998692322,80.8080171296381,0,0,0,0,0,0,217.157696745803,0,61.0664810463559,98.417953423071,0,0,0,0,155.24952173131,169.453147353278,192.135034768848,338.131802716296,208.005106191961,0,204.481117647118,0
0,0,0,115.194491798135,0,0,0,94.7280504127031,112.823430872325,0,0,0,0,0,0,0,0,0,82.1742780037132,0,0,0,0,0,0,125.994729980093,284.529238481835,249.905610015455,62.311273509377,0,0,283.88658203332,0,222.053792850439,164.032723165762,141.204637091722,134.566479261133,0,0,0,0
111.435629183184,0,0,0,101.895308036513,0,94.7280504127031,0,0,0,0,226.825099357786,195.378266313867,0,0,0,249.798812580765,167.066576495979,0,171.906398392157,0,0,0,89.9429017381717,151.806152521152,0,219.430938885781,0,0,0,172.892533368851,251.098274723989,0,135.667029391615,106.128596538706,0,0,162.833808134102,0,0,0
0,0,110.384905066973,0,0,0,112.823430872325,0,0,0,0,0,146.770754374523,259.055025639447,0,0,76.5072790361762,0,0,101.5853655613,0,0,0,93.4234866874731,0,0,335.371040201042,73.4795582048751,0,0,0,0,0,0,0,0,0,0,0,143.005810983322,325.937289045041
0,0,0,0,101.605593487621,0,0,0,0,0,158.955087279859,0,0,0,161.694997919804,0,0,0,0,0,321.124897279917,0,241.57250333243,0,172.608400267715,171.230058197369,133.218162784108,0,250.461724766314,247.66948903751,0,89.3673883748406,0,71.5579325720569,0,276.620869034647,85.6072705949986,93.5029580098427,353.822894641502,74.4197823064597,137.189596148386
97.3506957544063,0,0,89.707245288964,0,348.674510760064,0,0,0,158.955087279859,0,186.973586461633,0,0,220.901129804706,0,228.075434767255,0,0,165.893015276821,0,78.9559315574845,0,0,0,161.275817184598,0,0,96.5937438588657,0,0,0,195.314816908693,0,345.797434674459,0,72.2278283150671,0,0,106.33736463831,329.719143597451
0,0,0,0,104.369974912428,0,0,226.825099357786,0,0,186.973586461633,0,0,0,0,0,0,0,261.440278806413,0,151.036729364761,0,113.144980278377,154.070293657878,0,0,98.2230592632363,193.055010680236,184.249961885477,138.425725342224,188.851177466023,108.136066660554,0,128.846764897717,75.4497121078207,142.054529471577,201.100640800745,138.33942793804,116.054372245433,99.3508940827211,140.574866691684
0,0,0,0,0,0,0,195.378266313867,146.770754374523,0,0,0,0,0,0,0,0,0,0,153.453047983244,0,0,73.1029054543569,0,0,0,0,0,0,0,0,0,0,0,74.5815074003433,0,255.441154257905,0,0,0,0
289.631679007608,0,0,179.718364159796,0,0,0,0,259.055025639447,0,0,0,0,0,0,0,151.01089327964,0,224.551207449728,58.3493451392805,161.302948562323,0,0,0,0,173.059382066957,173.201474590904,0,145.74089716123,0,0,0,0,200.878319874537,89.1590885155172,0,137.177378802006,196.04190773555,0,0,0
0,0,0,111.226326353722,205.183249704085,0,0,0,0,161.694997919804,220.901129804706,0,0,0,0,0,0,0,0,0,165.597665022977,0,0,0,80.4367166559625,0,198.528111506785,192.601533877686,113.059176128709,0,0,0,0,139.93285932648,220.963068032256,0,0,261.605527103798,0,0,0
0,0,0,0,0,0,0,0,0,0,0,0,0,0,0,0,0,0,0,0,0,0,0,190.185165668632,186.348837226466,108.381749703452,0,283.248188884028,0,0,0,191.519780382943,0,62.859596780235,0,214.116367924649,160.537522273714,0,163.945208919892,117.208001126138,232.945974238958
0,0,0,0,0,0,0,249.798812580765,76.5072790361762,0,228.075434767255,0,0,151.01089327964,0,0,0,0,0,0,0,0,0,0,0,0,0,178.683678585178,137.239127032733,0,0,0,0,0,209.996727521564,0,115.871357769661,0,163.059043292369,0,115.332064605654
0,0,0,0,0,154.142998692322,0,167.066576495979,0,0,0,0,0,0,0,0,0,0,0,0,82.6426202489162,0,153.672550905948,0,0,0,150.161410108805,161.74915061469,0,0,0,119.345624434514,0,0,0,0,213.67670887414,0,0,192.693757128262,0
0,0,0,0,0,80.8080171296381,82.1742780037132,0,0,0,0,261.440278806413,0,224.551207449728,0,0,0,0,0,0,0,177.763106506206,195.822649557859,0,0,97.3232815600345,0,0,115.541295036174,0,0,0,0,197.486504603685,82.4756938751058,0,0,193.659409924573,98.6790043377568,0,0
0,0,146.465927798921,0,300.031143529538,0,0,171.906398392157,101.5853655613,0,165.893015276821,0,153.453047983244,58.3493451392805,0,0,0,0,0,0,0,0,223.705816669619,115.114253591495,0,0,92.3502314520023,196.032358954952,231.050882209,0,0,0,0,193.777661225572,0,92.5207898118833,0,0,119.728129215699,96.7845769653343,139.792601838991
0,0,0,193.63278243493,201.44584889478,0,0,0,0,321.124897279917,0,151.036729364761,0,161.302948562323,165.597665022977,0,0,82.6426202489162,0,0,0,0,0,101.85207633558,0,180.543851962045,0,94.9380989123498,0,0,0,0,0,0,0,0,0,157.852515740516,0,205.09013266389,136.792307586862
0,0,0,0,0,0,0,0,0,0,78.9559315574845,0,0,0,0,0,0,0,177.763106506206,0,0,0,0,173.001559092555,0,0,0,228.792310020318,97.5855511246009,0,0,0,0,202.712457066107,0,174.013630695256,0,204.084074037941,0,0,0
280.376028997576,309.997227542691,0,0,115.868441404982,0,0,0,0,241.57250333243,0,113.144980278377,73.1029054543569,0,0,0,0,153.672550905948,195.822649557859,223.705816669619,0,0,0,0,112.793316814908,71.4788760670054,0,187.77054666536,0,0,0,0,0,0,0,347.376449530863,124.853650664477,142.385058730083,0,0,0
0,151.075371308616,0,101.350815329073,0,0,0,89.9429017381717,93.4234866874731,0,0,154.070293657878,0,0,0,190.185165668632,0,0,0,115.114253591495,101.85207633558,173.001559092555,0,0,175.196329314064,259.442917595754,0,154.065933476765,188.936291522747,0,0,0,194.442125915551,323.781250289068,0,0,218.045528847001,0,158.567996645797,153.876396855887,199.492852797962
0,0,0,0,0,0,0,151.806152521152,0,172.608400267715,0,0,0,0,80.4367166559625,186.348837226466,0,0,0,0,0,0,112.793316814908,175.196329314064,0,0,0,0,0,153.609372090384,0,0,0,114.511014214502,78.8552325762656,0,219.078548227669,0,0,0,0
0,0,0,92.5568465385234,0,217.157696745803,125.994729980093,0,0,171.230058197369,161.275817184598,0,0,173.059382066957,0,108.381749703452,0,0,97.3232815600345,0,180.543851962045,0,71.4788760670054,259.442917595754,0,0,84.3635741045246,241.682021696872,0,314.611698427915,0,0,125.416941482916,114.649126378906,116.176698124939,198.964527389285,135.294330067913,0,109.093416850988,0,0
0,212.592150359921,0,106.926813611922,0,0,284.529238481835,219.430938885781,335.371040201042,133.218162784108,0,98.2230592632363,0,173.201474590904,198.528111506785,0,0,150.161410108805,0,92.3502314520023,0,0,0,0,0,84.3635741045246,0,206.912707094411,0,118.522099274347,146.814226519809,0,0,0,87.8456058929559,139.654362654449,81.9664354533492,0,0,263.534399241887,94.8881692391942
0,0,0,133.984214699576,0,61.0664810463559,249.905610015455,0,73.4795582048751,0,0,193.055010680236,0,0,192.601533877686,283.248188884028,178.683678585178,161.74915061469,0,196.032358954952,94.9380989123498,228.792310020318,187.77054666536,154.065933476765,0,241.682021696872,206.912707094411,0,0,181.316358113209,333.645516435298,112.349934713559,0,146.99041817625,159.183173818572,160.530221557972,306.344527664232,206.472608421747,197.893790332676,67.8267069095267,205.839960264176
0,0,215.611029055736,0,0,98.417953423071,62.311273509377,0,0,250.461724766314,96.5937438588657,184.249961885477,0,145.74089716123,113.059176128709,0,137.239127032733,0,115.541295036174,231.050882209,0,97.5855511246009,0,188.936291522747,0,0,0,0,0,0,0,94.7529894315991,0,240.185081663983,106.533627130087,225.013371621378,155.901486485736,224.523755099568,0,357.423078228283,70.4221432298295
0,0,0,0,0,0,0,0,0,247.66948903751,0,138.425725342224,0,0,0,0,0,0,0,0,0,0,0,0,153.609372090384,314.611698427915,118.522099274347,181.316358113209,0,0,0,0,221.805809452716,100.812745974529,0,0,90.1317194604647,0,0,321.864157986053,151.695570509541
0,0,0,0,0,0,0,172.892533368851,0,0,0,188.851177466023,0,0,0,0,0,0,0,0,0,0,0,0,0,0,146.814226519809,333.645516435298,0,0,0,0,0,0,0,0,0,320.356811100276,0,262.382215657622,0
0,0,0,0,0,0,283.88658203332,251.098274723989,0,89.3673883748406,0,108.136066660554,0,0,0,191.519780382943,0,119.345624434514,0,0,0,0,0,0,0,0,0,112.349934713559,94.7529894315991,0,0,0,0,0,0,0,180.355266595273,0,211.840482897052,303.527509149359,0
0,0,0,0,0,0,0,0,0,0,195.314816908693,0,0,0,0,0,0,0,0,0,0,0,0,194.442125915551,0,125.416941482916,0,0,0,221.805809452716,0,0,0,0,0,0,161.325017232684,0,0,0,0
178.748963182352,82.6299537488922,0,154.784755881607,183.786860782462,155.24952173131,222.053792850439,135.667029391615,0,71.5579325720569,0,128.846764897717,0,200.878319874537,139.93285932648,62.859596780235,0,0,197.486504603685,193.777661225572,0,202.712457066107,0,323.781250289068,114.511014214502,114.649126378906,0,146.99041817625,240.185081663983,100.812745974529,0,0,0,0,99.2646516363145,0,253.401634605989,74.7304794244225,0,131.969743415579,124.698445421759
0,103.519938150021,0,94.126460729827,231.715271819474,169.453147353278,164.032723165762,106.128596538706,0,0,345.797434674459,75.4497121078207,74.5815074003433,89.1590885155172,220.963068032256,0,209.996727521564,0,82.4756938751058,0,0,0,0,0,78.8552325762656,116.176698124939,87.8456058929559,159.183173818572,106.533627130087,0,0,0,0,99.2646516363145,0,81.2827395071039,306.640284138334,95.7590805983148,148.808626413748,120.912756812582,128.405764333981
0,238.934743274142,0,0,0,192.135034768848,141.204637091722,0,0,276.620869034647,0,142.054529471577,0,0,0,214.116367924649,0,0,0,92.5207898118833,0,174.013630695256,347.376449530863,0,0,198.964527389285,139.654362654449,160.530221557972,225.013371621378,0,0,0,0,0,81.2827395071039,0,85.7623170715703,101.443495235174,125.81518738273,104.915316975638,168.241326865882
90.7216186966914,0,0,269.936825670274,169.742003380707,338.131802716296,134.566479261133,0,0,85.6072705949986,72.2278283150671,201.100640800745,255.441154257905,137.177378802006,0,160.537522273714,115.871357769661,213.67670887414,0,0,0,0,124.853650664477,218.045528847001,219.078548227669,135.294330067913,81.9664354533492,306.344527664232,155.901486485736,90.1317194604647,0,180.355266595273,161.325017232684,253.401634605989,306.640284138334,85.7623170715703,0,236.681907140956,94.027247878695,122.106946855269,252.487290983309
0,0,128.530575464043,0,173.538155409849,208.005106191961,0,162.833808134102,0,93.5029580098427,0,138.33942793804,0,196.04190773555,261.605527103798,0,0,0,193.659409924573,0,157.852515740516,204.084074037941,142.385058730083,0,0,0,0,206.472608421747,224.523755099568,0,320.356811100276,0,0,74.7304794244225,95.7590805983148,101.443495235174,236.681907140956,0,0,0,180.90030328818
0,0,0,0,0,0,0,0,0,353.822894641502,0,116.054372245433,0,0,0,163.945208919892,163.059043292369,0,98.6790043377568,119.728129215699,0,0,0,158.567996645797,0,109.093416850988,0,197.893790332676,0,0,0,211.840482897052,0,0,148.808626413748,125.81518738273,94.027247878695,0,0,219.040656038919,242.790381480436
0,120.567029282014,227.504408813069,0,178.224497384947,204.481117647118,0,0,143.005810983322,74.4197823064597,106.33736463831,99.3508940827211,0,0,0,117.208001126138,0,192.693757128262,0,96.7845769653343,205.09013266389,0,0,153.876396855887,0,0,263.534399241887,67.8267069095267,357.423078228283,321.864157986053,262.382215657622,303.527509149359,0,131.969743415579,120.912756812582,104.915316975638,122.106946855269,0,219.040656038919,0,136.685314494491
0,0,0,0,66.5008477853491,0,0,0,325.937289045041,137.189596148386,329.719143597451,140.574866691684,0,0,0,232.945974238958,115.332064605654,0,0,139.792601838991,136.792307586862,0,0,199.492852797962,0,0,94.8881692391942,205.839960264176,70.4221432298295,151.695570509541,0,0,0,124.698445421759,128.405764333981,168.241326865882,252.487290983309,180.90030328818,242.790381480436,136.685314494491,0
