0,0,0,139.792601838991,0,284.529238481835,0,0,0,0,0,0,0,0,0,0,0,0,0,151.695570509541,0,0,0,0,0,0,0,0,0,0,0,0,0,0,137.189596148386,0,0,108.381749703452,0,0,119.728129215699
0,0,0,0,0,0,0,0,0,0,0,0,0,0,0,0,0,0,0,0,0,0,0,0,0,0,211.840482897052,179.718364159796,0,195.822649557859,0,0,0,154.142998692322,0,0,66.5008477853491,0,0,252.487290983309,357.423078228283
0,0,0,173.538155409849,0,0,0,0,146.814226519809,0,0,0,0,0,0,0,0,0,0,0,0,0,0,128.846764897717,0,0,0,0,0,0,0,0,0,0,0,0,0,0,0,82.6299537488922,172.608400267715
139.792601838991,0,173.538155409849,0,227.504408813069,0,0,173.001559092555,0,0,134.960780198024,205.09013266389,0,0,0,161.275817184598,0,0,0,0,0,0,95.7590805983148,226.825099357786,0,0,136.685314494491,0,0,0,0,0,106.533627130087,0,0,0,153.876396855887,114.511014214502,0,0,0
0,0,0,227.504408813069,0,0,71.4788760670054,208.005106191961,0,202.712457066107,0,321.864157986053,0,133.984214699576,0,0,0,0,0,181.316358113209,0,0,0,0,0,0,303.527509149359,255.441154257905,0,0,0,0,0,0,232.945974238958,108.136066660554,262.382215657622,0,0,89.3673883748406,219.040656038919
284.529238481835,0,0,0,0,0,154.065933476765,0,0,306.344527664232,199.492852797962,0,198.528111506785,0,125.416941482916,0,0,0,0,0,0,0,241.57250333243,0,0,0,0,0,0,0,269.936825670274,0,0,240.185081663983,0,98.417953423071,193.659409924573,0,205.183249704085,158.955087279859,178.748963182352
0,0,0,0,71.4788760670054,154.065933476765,0,0,0,0,0,116.054372245433,0,0,0,187.77054666536,0,0,0,0,0,0,0,0,0,0,168.241326865882,110.384905066973,96.5937438588657,0,0,0,0,157.852515740516,321.124897279917,0,195.378266313867,0,90.7216186966914,194.442125915551,94.8881692391942
0,0,0,173.001559092555,208.005106191961,0,0,0,0,261.605527103798,0,0,0,0,114.649126378906,115.332064605654,0,0,283.248188884028,0,0,0,161.302948562323,135.667029391615,0,138.33942793804,96.7845769653343,250.461724766314,0,151.036729364761,0,0,0,0,154.070293657878,0,111.435629183184,204.481117647118,0,161.325017232684,0
0,0,146.814226519809,0,0,0,0,0,0,0,183.786860782462,112.349934713559,0,0,0,0,0,0,0,306.640284138334,0,0,0,0,0,0,0,177.763106506206,138.425725342224,0,0,0,0,329.719143597451,89.707245288964,0,225.013371621378,76.5072790361762,206.912707094411,0,0
0,0,0,0,202.712457066107,306.344527664232,0,261.605527103798,0,0,219.430938885781,118.522099274347,0,0,0,0,0,0,186.973586461633,0,70.4221432298295,253.401634605989,180.90030328818,0,0,231.050882209,101.443495235174,213.67670887414,0,0,0,0,0,137.177378802006,164.032723165762,0,124.698445421759,205.839960264176,201.100640800745,169.453147353278,0
0,0,0,134.960780198024,0,199.492852797962,0,0,183.786860782462,219.430938885781,0,161.74915061469,0,112.823430872325,0,0,196.032358954952,0,0,228.075434767255,0,0,84.3635741045246,92.5207898118833,159.183173818572,0,0,251.098274723989,0,0,0,0,0,192.693757128262,0,0,0,153.609372090384,0,193.055010680236,247.66948903751
0,0,0,205.09013266389,321.864157986053,0,116.054372245433,0,112.349934713559,118.522099274347,161.74915061469,0,0,97.3232815600345,333.645516435298,93.4234866874731,0,0,0,0,241.635434294794,0,93.5029580098427,0,98.6790043377568,236.681907140956,0,197.486504603685,0,0,0,221.805809452716,0,212.592150359921,142.054529471577,175.196329314064,169.742003380707,0,249.905610015455,92.3502314520023,0
0,0,0,0,0,198.528111506785,0,0,0,0,0,0,0,0,0,0,0,0,0,0,99.2646516363145,0,0,0,0,100.812745974529,0,0,124.853650664477,280.376028997576,0,0,0,94.7280504127031,0,0,0,0,0,0,0
0,0,0,0,133.984214699576,0,0,0,0,0,112.823430872325,97.3232815600345,0,0,0,0,0,0,0,137.239127032733,73.1029054543569,0,325.937289045041,0,115.114253591495,0,200.878319874537,139.654362654449,115.871357769661,0,0,0,0,89.9429017381717,0,101.350815329073,119.345624434514,0,0,289.631679007608,0
0,0,0,0,0,125.416941482916,0,114.649126378906,0,0,0,333.645516435298,0,0,0,0,0,0,0,0,0,0,0,172.892533368851,0,197.893790332676,0,0,160.530221557972,188.936291522747,0,0,141.204637091722,217.157696745803,113.059176128709,103.519938150021,0,0,140.574866691684,0,0
0,0,0,161.275817184598,0,0,187.77054666536,115.332064605654,0,0,0,93.4234866874731,0,0,0,0,0,0,0,0,0,0,0,90.1317194604647,0,98.2230592632363,0,0,0,0,0,0,0,0,178.683678585178,82.4756938751058,115.868441404982,0,0,62.859596780235,125.81518738273
0,0,0,0,0,0,0,0,0,0,196.032358954952,0,0,0,0,0,0,0,0,0,0,0,0,101.895308036513,0,220.901129804706,155.901486485736,146.465927798921,335.371040201042,0,0,0,0,128.405764333981,81.9664354533492,180.355266595273,0,223.705816669619,0,0,0
0,0,0,0,0,0,0,0,0,0,0,0,0,0,0,0,0,0,0,139.93285932648,0,0,0,0,0,0,111.226326353722,0,71.5579325720569,0,0,0,0,151.075371308616,115.194491798135,0,238.934743274142,178.224497384947,0,94.027247878695,174.013630695256
0,0,0,0,0,0,0,283.248188884028,0,186.973586461633,0,0,0,0,0,0,0,0,0,94.7529894315991,314.611698427915,0,0,231.715271819474,82.6426202489162,0,128.530575464043,101.85207633558,0,148.808626413748,0,0,0,0,0,347.376449530863,115.541295036174,0,0,218.045528847001,0
151.695570509541,0,0,0,181.316358113209,0,0,0,306.640284138334,0,228.075434767255,0,0,137.239127032733,0,0,0,139.93285932648,94.7529894315991,0,120.912756812582,309.997227542691,0,154.784755881607,134.566479261133,0,112.793316814908,180.543851962045,106.926813611922,0,0,0,0,0,209.996727521564,0,80.4367166559625,106.33736463831,0,0,0
0,0,0,0,0,0,0,0,0,70.4221432298295,0,241.635434294794,99.2646516363145,73.1029054543569,0,0,0,0,314.611698427915,120.912756812582,0,0,0,0,0,150.161410108805,0,73.4795582048751,171.906398392157,58.3493451392805,0,0,0,0,300.031143529538,0,0,120.567029282014,0,0,196.04190773555
0,0,0,0,0,0,0,0,0,253.401634605989,0,0,0,0,0,0,0,0,0,309.997227542691,0,0,0,0,0,78.8552325762656,0,0,259.055025639447,0,0,0,0,163.059043292369,74.7304794244225,0,101.5853655613,0,0,0,173.201474590904
0,0,0,95.7590805983148,0,241.57250333243,0,161.302948562323,0,180.90030328818,84.3635741045246,93.5029580098427,0,325.937289045041,0,0,0,0,0,0,0,0,0,0,0,0,0,136.792307586862,198.964527389285,165.597665022977,0,0,0,0,0,80.8080171296381,192.601533877686,97.3506957544063,0,323.781250289068,215.611029055736
0,0,128.846764897717,226.825099357786,0,0,0,135.667029391615,0,0,92.5207898118833,0,0,0,172.892533368851,90.1317194604647,101.895308036513,0,231.715271819474,154.784755881607,0,0,0,0,0,113.144980278377,0,195.314816908693,0,0,0,0,0,219.078548227669,89.1590885155172,85.6072705949986,62.311273509377,338.131802716296,241.682021696872,345.797434674459,94.9380989123498
0,0,0,0,0,0,0,0,0,0,159.183173818572,98.6790043377568,0,115.114253591495,0,0,0,0,82.6426202489162,134.566479261133,0,0,0,0,0,0,0,0,190.185165668632,0,0,193.63278243493,0,158.567996645797,0,320.356811100276,151.806152521152,0,0,0,0
0,0,0,0,0,0,0,138.33942793804,0,231.050882209,0,236.681907140956,100.812745974529,0,197.893790332676,98.2230592632363,220.901129804706,0,0,0,150.161410108805,78.8552325762656,0,113.144980278377,0,0,143.005810983322,81.2827395071039,0,160.537522273714,186.348837226466,145.74089716123,0,162.833808134102,0,94.126460729827,222.053792850439,0,61.0664810463559,249.798812580765,0
0,211.840482897052,0,136.685314494491,303.527509149359,0,168.241326865882,96.7845769653343,0,101.443495235174,0,0,0,200.878319874537,0,0,155.901486485736,111.226326353722,128.530575464043,112.793316814908,0,0,0,0,0,143.005810983322,0,75.4497121078207,0,0,0,0,0,99.3508940827211,78.9559315574845,87.8456058929559,193.777661225572,276.620869034647,184.249961885477,0,192.135034768848
0,179.718364159796,0,0,255.441154257905,0,110.384905066973,250.461724766314,177.763106506206,213.67670887414,251.098274723989,197.486504603685,0,139.654362654449,0,0,146.465927798921,0,101.85207633558,180.543851962045,73.4795582048751,0,136.792307586862,195.314816908693,0,81.2827395071039,75.4497121078207,0,0,0,224.551207449728,259.442917595754,348.674510760064,228.792310020318,101.605593487621,0,104.915316975638,242.790381480436,206.472608421747,204.084074037941,283.88658203332
0,0,0,0,0,0,96.5937438588657,0,138.425725342224,0,0,0,124.853650664477,115.871357769661,160.530221557972,0,335.371040201042,71.5579325720569,0,106.926813611922,171.906398392157,259.055025639447,198.964527389285,0,190.185165668632,0,0,0,0,220.963068032256,151.01089327964,173.059382066957,0,133.218162784108,117.208001126138,0,171.230058197369,72.2278283150671,0,214.116367924649,153.672550905948
0,195.822649557859,0,0,0,0,0,151.036729364761,0,0,0,0,280.376028997576,0,188.936291522747,0,0,0,148.808626413748,0,58.3493451392805,0,165.597665022977,0,0,160.537522273714,0,0,220.963068032256,0,0,0,0,125.994729980093,0,0,67.8267069095267,0,0,0,0
0,0,0,0,0,269.936825670274,0,0,0,0,0,0,0,0,0,0,0,0,0,0,0,0,0,0,0,186.348837226466,0,224.551207449728,151.01089327964,0,0,0,0,92.5568465385234,135.294330067913,0,0,0,0,0,0
0,0,0,0,0,0,0,0,0,0,0,221.805809452716,0,0,0,0,0,0,0,0,0,0,0,0,193.63278243493,145.74089716123,0,259.442917595754,173.059382066957,0,0,0,0,188.851177466023,0,161.694997919804,165.893015276821,116.176698124939,0,155.24952173131,201.44584889478
0,0,0,106.533627130087,0,0,0,0,0,0,0,0,0,0,141.204637091722,0,0,0,0,0,0,0,0,0,0,0,0,348.674510760064,0,0,0,0,0,0,0,0,0,0,0,153.453047983244,85.7623170715703
0,154.142998692322,0,0,0,240.185081663983,157.852515740516,0,329.719143597451,137.177378802006,192.693757128262,212.592150359921,94.7280504127031,89.9429017381717,217.157696745803,0,128.405764333981,151.075371308616,0,0,0,163.059043292369,0,219.078548227669,158.567996645797,162.833808134102,99.3508940827211,228.792310020318,133.218162784108,125.994729980093,92.5568465385234,188.851177466023,0,0,0,0,261.440278806413,104.369974912428,142.385058730083,0,191.519780382943
137.189596148386,0,0,0,232.945974238958,0,321.124897279917,154.070293657878,89.707245288964,164.032723165762,0,142.054529471577,0,0,113.059176128709,178.683678585178,81.9664354533492,115.194491798135,0,209.996727521564,300.031143529538,74.7304794244225,0,89.1590885155172,0,0,78.9559315574845,101.605593487621,117.208001126138,0,135.294330067913,0,0,0,0,224.523755099568,263.534399241887,97.5855511246009,106.128596538706,146.99041817625,74.4197823064597
0,0,0,0,108.136066660554,98.417953423071,0,0,0,0,0,175.196329314064,0,101.350815329073,103.519938150021,82.4756938751058,180.355266595273,0,347.376449530863,0,0,0,80.8080171296381,85.6072705949986,320.356811100276,94.126460729827,87.8456058929559,0,0,0,0,161.694997919804,0,0,224.523755099568,0,109.093416850988,122.106946855269,82.1742780037132,353.822894641502,0
0,66.5008477853491,0,153.876396855887,262.382215657622,193.659409924573,195.378266313867,111.435629183184,225.013371621378,124.698445421759,0,169.742003380707,0,119.345624434514,0,115.868441404982,0,238.934743274142,115.541295036174,80.4367166559625,0,101.5853655613,192.601533877686,62.311273509377,151.806152521152,222.053792850439,193.777661225572,104.915316975638,171.230058197369,67.8267069095267,0,165.893015276821,0,261.440278806413,263.534399241887,109.093416850988,0,0,167.066576495979,163.945208919892,131.969743415579
108.381749703452,0,0,114.511014214502,0,0,0,204.481117647118,76.5072790361762,205.839960264176,153.609372090384,0,0,0,0,0,223.705816669619,178.224497384947,0,106.33736463831,120.567029282014,0,97.3506957544063,338.131802716296,0,0,276.620869034647,242.790381480436,72.2278283150671,0,0,116.176698124939,0,104.369974912428,97.5855511246009,122.106946855269,0,0,0,146.770754374523,0
0,0,0,0,0,205.183249704085,90.7216186966914,0,206.912707094411,201.100640800745,0,249.905610015455,0,0,140.574866691684,0,0,0,0,0,0,0,0,241.682021696872,0,61.0664810463559,184.249961885477,206.472608421747,0,0,0,0,0,142.385058730083,106.128596538706,82.1742780037132,167.066576495979,0,0,74.5815074003433,0
0,252.487290983309,82.6299537488922,0,89.3673883748406,158.955087279859,194.442125915551,161.325017232684,0,169.453147353278,193.055010680236,92.3502314520023,0,289.631679007608,0,62.859596780235,0,94.027247878695,218.045528847001,0,0,0,323.781250289068,345.797434674459,0,249.798812580765,0,204.084074037941,214.116367924649,0,0,155.24952173131,153.453047983244,0,146.99041817625,353.822894641502,163.945208919892,146.770754374523,74.5815074003433,0,0
119.728129215699,357.423078228283,172.608400267715,0,219.040656038919,178.748963182352,94.8881692391942,0,0,0,247.66948903751,0,0,0,0,125.81518738273,0,174.013630695256,0,0,196.04190773555,173.201474590904,215.611029055736,94.9380989123498,0,0,192.135034768848,283.88658203332,153.672550905948,0,0,201.44584889478,85.7623170715703,191.519780382943,74.4197823064597,0,131.969743415579,0,0,0,0
