0,0,0,0,0,0,0,0,0,219.078548227669,0,0,0,0,0,0,0,0,0,0,0,0,0,0,0,0,0,0,112.823430872325,0,0,0,0,329.719143597451,338.131802716296,0,108.381749703452,0,128.405764333981,0,0
0,0,0,0,0,0,0,195.314816908693,0,0,0,0,198.528111506785,119.728129215699,0,0,0,0,0,124.853650664477,0,0,0,0,0,0,0,0,0,138.425725342224,0,0,0,0,0,0,325.937289045041,113.059176128709,0,0,0
0,0,0,0,0,0,0,0,0,0,0,0,0,0,0,101.350815329073,0,0,0,0,0,0,0,0,0,249.905610015455,0,0,0,0,0,0,0,0,255.441154257905,0,174.013630695256,0,0,81.9664354533492,0
0,0,0,0,214.116367924649,0,62.859596780235,137.189596148386,0,0,0,226.825099357786,0,0,0,0,0,0,0,0,0,240.185081663983,146.814226519809,0,0,0,0,197.893790332676,90.7216186966914,0,0,0,58.3493451392805,0,0,177.763106506206,0,124.698445421759,0,217.157696745803,139.792601838991
0,0,0,214.116367924649,0,0,151.01089327964,0,0,0,0,0,0,0,0,82.4756938751058,173.201474590904,0,0,0,0,0,333.645516435298,0,251.098274723989,178.748963182352,151.695570509541,89.9429017381717,306.344527664232,232.945974238958,0,0,0,0,208.005106191961,0,85.7623170715703,0,0,241.635434294794,0
0,0,0,0,0,0,0,0,0,0,0,104.915316975638,0,142.385058730083,0,0,283.248188884028,0,0,0,0,0,0,150.161410108805,0,283.88658203332,120.567029282014,90.1317194604647,0,0,0,94.9380989123498,0,193.659409924573,172.608400267715,320.356811100276,262.382215657622,204.084074037941,0,98.417953423071,0
0,0,0,62.859596780235,151.01089327964,0,0,0,0,0,0,134.566479261133,0,205.183249704085,0,0,221.805809452716,0,0,0,199.492852797962,0,173.538155409849,0,0,0,160.537522273714,180.90030328818,0,0,0,0,0,154.070293657878,0,0,201.44584889478,153.672550905948,0,231.715271819474,0
0,195.314816908693,0,137.189596148386,0,0,0,0,0,202.712457066107,0,323.781250289068,0,357.423078228283,0,0,0,0,0,161.74915061469,0,0,0,0,116.176698124939,111.226326353722,0,106.128596538706,84.3635741045246,0,0,0,0,136.685314494491,136.792307586862,201.100640800745,146.99041817625,0,0,151.036729364761,153.876396855887
0,0,0,0,0,0,0,0,0,259.442917595754,0,0,0,0,72.2278283150671,0,0,0,348.674510760064,163.059043292369,0,0,0,0,0,0,0,0,222.053792850439,111.435629183184,0,0,0,193.055010680236,259.055025639447,0,0,100.812745974529,250.461724766314,194.442125915551,0
219.078548227669,0,0,0,0,0,0,202.712457066107,259.442917595754,0,74.4197823064597,187.77054666536,0,303.527509149359,0,73.4795582048751,0,180.543851962045,67.8267069095267,169.453147353278,0,0,0,0,0,173.059382066957,0,178.683678585178,0,0,0,0,0,106.33736463831,168.241326865882,0,96.7845769653343,219.040656038919,0,261.605527103798,197.486504603685
0,0,0,0,0,0,0,0,0,74.4197823064597,0,220.901129804706,0,0,0,0,0,0,0,0,0,0,0,74.5815074003433,241.57250333243,101.443495235174,104.369974912428,135.667029391615,119.345624434514,0,0,139.654362654449,253.401634605989,154.142998692322,238.934743274142,94.7280504127031,114.649126378906,204.481117647118,0,114.511014214502,0
0,0,0,226.825099357786,0,104.915316975638,134.566479261133,323.781250289068,0,187.77054666536,220.901129804706,0,0,205.09013266389,0,223.705816669619,0,0,0,0,353.822894641502,0,0,74.7304794244225,0,128.846764897717,62.311273509377,335.371040201042,236.681907140956,0,0,0,252.487290983309,161.275817184598,101.85207633558,0,155.901486485736,117.208001126138,0,289.631679007608,140.574866691684
0,198.528111506785,0,0,0,0,0,0,0,0,0,0,0,0,0,0,0,0,0,0,0,0,106.926813611922,228.792310020318,0,95.7590805983148,215.611029055736,0,0,0,0,0,0,78.9559315574845,0,0,0,0,0,0,0
0,119.728129215699,0,0,0,142.385058730083,205.183249704085,357.423078228283,0,303.527509149359,0,205.09013266389,0,0,178.224497384947,200.878319874537,0,0,0,0,179.718364159796,0,0,0,0,0,0,0,0,172.892533368851,0,0,0,97.5855511246009,96.5937438588657,241.682021696872,0,0,0,0,148.808626413748
0,0,0,0,0,0,0,0,72.2278283150671,0,0,0,0,178.224497384947,0,66.5008477853491,0,0,103.519938150021,139.93285932648,0,0,0,80.4367166559625,71.5579325720569,0,0,0,0,196.032358954952,0,0,0,0,0,263.534399241887,198.964527389285,115.114253591495,0,0,206.912707094411
0,0,101.350815329073,0,82.4756938751058,0,0,0,0,73.4795582048751,0,223.705816669619,0,200.878319874537,66.5008477853491,0,0,0,87.8456058929559,0,142.054529471577,0,0,0,0,0,0,0,0,0,0,0,0,153.453047983244,0,0,206.472608421747,0,0,192.601533877686,0
0,0,0,0,173.201474590904,283.248188884028,221.805809452716,0,0,0,0,0,0,0,0,0,0,0,0,0,0,0,0,0,0,0,82.6426202489162,192.693757128262,0,0,0,0,0,0,0,192.135034768848,209.996727521564,0,227.504408813069,94.126460729827,249.798812580765
0,0,0,0,0,0,0,0,0,180.543851962045,0,0,0,0,0,0,0,0,76.5072790361762,0,0,0,0,0,0,0,162.833808134102,125.81518738273,218.045528847001,0,0,0,0,0,70.4221432298295,173.001559092555,191.519780382943,115.868441404982,0,0,0
0,0,0,0,0,0,0,0,348.674510760064,67.8267069095267,0,0,0,0,103.519938150021,87.8456058929559,0,76.5072790361762,0,99.2646516363145,0,0,157.852515740516,0,0,0,0,125.994729980093,0,0,0,0,0,247.66948903751,159.183173818572,0,0,0,314.611698427915,167.066576495979,0
0,124.853650664477,0,0,0,0,0,161.74915061469,163.059043292369,169.453147353278,0,0,0,0,139.93285932648,0,0,0,99.2646516363145,0,92.5568465385234,0,0,155.24952173131,97.3506957544063,284.529238481835,82.1742780037132,94.8881692391942,0,97.3232815600345,0,0,0,0,0,106.533627130087,110.384905066973,85.6072705949986,160.530221557972,0,0
0,0,0,0,0,0,199.492852797962,0,0,0,0,353.822894641502,0,179.718364159796,0,142.054529471577,0,0,0,92.5568465385234,0,0,0,0,0,0,188.851177466023,120.912756812582,0,0,0,61.0664810463559,0,188.936291522747,0,0,169.742003380707,0,161.694997919804,112.349934713559,183.786860782462
0,0,0,240.185081663983,0,0,0,0,0,0,0,0,0,0,0,0,0,0,0,0,0,0,89.1590885155172,115.194491798135,0,0,0,0,137.177378802006,0,0,0,0,321.864157986053,89.3673883748406,0,211.840482897052,0,171.230058197369,0,0
0,0,0,146.814226519809,333.645516435298,0,173.538155409849,0,0,0,0,0,106.926813611922,0,0,0,0,0,157.852515740516,0,0,89.1590885155172,0,154.784755881607,0,99.3508940827211,116.054372245433,0,0,0,151.075371308616,112.793316814908,0,135.294330067913,0,0,181.316358113209,0,0,190.185165668632,220.963068032256
0,0,0,0,0,150.161410108805,0,0,0,0,74.5815074003433,74.7304794244225,228.792310020318,0,80.4367166559625,0,0,0,0,155.24952173131,0,115.194491798135,154.784755881607,0,0,93.4234866874731,186.348837226466,151.806152521152,0,0,193.777661225572,0,0,345.797434674459,71.4788760670054,141.204637091722,93.5029580098427,261.440278806413,0,101.605593487621,213.67670887414
0,0,0,0,251.098274723989,0,0,116.176698124939,0,0,241.57250333243,0,0,0,71.5579325720569,0,0,0,0,97.3506957544063,0,0,0,0,0,0,0,184.249961885477,0,0,0,0,0,101.895308036513,269.936825670274,0,98.2230592632363,0,0,0,158.955087279859
0,0,249.905610015455,0,178.748963182352,283.88658203332,0,111.226326353722,0,173.059382066957,101.443495235174,128.846764897717,95.7590805983148,0,0,0,0,0,0,284.529238481835,0,0,99.3508940827211,93.4234866874731,0,0,134.960780198024,0,225.013371621378,0,0,0,138.33942793804,186.973586461633,82.6299537488922,118.522099274347,108.136066660554,92.3502314520023,0,161.302948562323,0
0,0,0,0,151.695570509541,120.567029282014,160.537522273714,0,0,0,104.369974912428,62.311273509377,215.611029055736,0,0,0,82.6426202489162,162.833808134102,0,82.1742780037132,188.851177466023,0,116.054372245433,186.348837226466,0,134.960780198024,0,94.027247878695,300.031143529538,0,0,242.790381480436,0,0,0,89.707245288964,133.984214699576,0,80.8080171296381,0,276.620869034647
0,0,0,197.893790332676,89.9429017381717,90.1317194604647,180.90030328818,106.128596538706,0,178.683678585178,135.667029391615,335.371040201042,0,0,0,0,192.693757128262,125.81518738273,125.994729980093,94.8881692391942,120.912756812582,0,0,151.806152521152,184.249961885477,0,94.027247878695,0,212.592150359921,0,73.1029054543569,0,115.541295036174,133.218162784108,98.6790043377568,196.04190773555,137.239127032733,75.4497121078207,228.075434767255,306.640284138334,309.997227542691
112.823430872325,0,0,90.7216186966914,306.344527664232,0,0,84.3635741045246,222.053792850439,0,119.345624434514,236.681907140956,0,0,0,0,0,218.045528847001,0,0,0,137.177378802006,0,0,0,225.013371621378,300.031143529538,212.592150359921,0,143.005810983322,0,81.2827395071039,0,205.839960264176,0,195.378266313867,161.325017232684,163.945208919892,128.530575464043,78.8552325762656,175.196329314064
0,138.425725342224,0,0,232.945974238958,0,0,0,111.435629183184,0,0,0,0,172.892533368851,196.032358954952,0,0,0,0,97.3232815600345,0,0,0,0,0,0,0,0,143.005810983322,0,0,0,0,0,0,158.567996645797,0,165.893015276821,224.523755099568,92.5207898118833,0
0,0,0,0,0,0,0,0,0,0,0,0,0,0,0,0,0,0,0,0,0,0,151.075371308616,193.777661225572,0,0,0,73.1029054543569,0,0,0,115.871357769661,0,0,280.376028997576,0,0,0,0,180.355266595273,0
0,0,0,0,0,94.9380989123498,0,0,0,0,139.654362654449,0,0,0,0,0,0,0,0,0,61.0664810463559,0,112.793316814908,0,0,0,242.790381480436,0,81.2827395071039,0,115.871357769661,0,0,115.332064605654,193.63278243493,145.74089716123,0,0,0,0,224.551207449728
0,0,0,58.3493451392805,0,0,0,0,0,0,253.401634605989,252.487290983309,0,0,0,0,0,0,0,0,0,0,0,0,0,138.33942793804,0,115.541295036174,0,0,0,0,0,0,0,0,0,0,0,0,0
329.719143597451,0,0,0,0,193.659409924573,154.070293657878,136.685314494491,193.055010680236,106.33736463831,154.142998692322,161.275817184598,78.9559315574845,97.5855511246009,0,153.453047983244,0,0,247.66948903751,0,188.936291522747,321.864157986053,135.294330067913,345.797434674459,101.895308036513,186.973586461633,0,133.218162784108,205.839960264176,0,0,115.332064605654,0,0,171.906398392157,146.465927798921,101.5853655613,94.7529894315991,0,0,122.106946855269
338.131802716296,0,255.441154257905,0,208.005106191961,172.608400267715,0,136.792307586862,259.055025639447,168.241326865882,238.934743274142,101.85207633558,0,96.5937438588657,0,0,0,70.4221432298295,159.183173818572,0,0,89.3673883748406,0,71.4788760670054,269.936825670274,82.6299537488922,0,98.6790043377568,0,0,280.376028997576,193.63278243493,0,171.906398392157,0,0,153.609372090384,109.093416850988,131.969743415579,231.050882209,321.124897279917
0,0,0,177.763106506206,0,320.356811100276,0,201.100640800745,0,0,94.7280504127031,0,0,241.682021696872,263.534399241887,0,192.135034768848,173.001559092555,0,106.533627130087,0,0,0,141.204637091722,0,118.522099274347,89.707245288964,196.04190773555,195.378266313867,158.567996645797,0,145.74089716123,0,146.465927798921,0,0,113.144980278377,0,0,0,347.376449530863
108.381749703452,325.937289045041,174.013630695256,0,85.7623170715703,262.382215657622,201.44584889478,146.99041817625,0,96.7845769653343,114.649126378906,155.901486485736,0,0,198.964527389285,206.472608421747,209.996727521564,191.519780382943,0,110.384905066973,169.742003380707,211.840482897052,181.316358113209,93.5029580098427,98.2230592632363,108.136066660554,133.984214699576,137.239127032733,161.325017232684,0,0,0,0,101.5853655613,153.609372090384,113.144980278377,0,0,219.430938885781,165.597665022977,125.416941482916
0,113.059176128709,0,124.698445421759,0,204.084074037941,153.672550905948,0,100.812745974529,219.040656038919,204.481117647118,117.208001126138,0,0,115.114253591495,0,0,115.868441404982,0,85.6072705949986,0,0,0,261.440278806413,0,92.3502314520023,0,75.4497121078207,163.945208919892,165.893015276821,0,0,0,94.7529894315991,109.093416850988,0,0,0,0,154.065933476765,195.822649557859
128.405764333981,0,0,0,0,0,0,0,250.461724766314,0,0,0,0,0,0,0,227.504408813069,0,314.611698427915,160.530221557972,161.694997919804,171.230058197369,0,0,0,0,80.8080171296381,228.075434767255,128.530575464043,224.523755099568,0,0,0,0,131.969743415579,0,219.430938885781,0,0,146.770754374523,164.032723165762
0,0,81.9664354533492,217.157696745803,241.635434294794,98.417953423071,231.715271819474,151.036729364761,194.442125915551,261.605527103798,114.511014214502,289.631679007608,0,0,0,192.601533877686,94.126460729827,0,167.066576495979,0,112.349934713559,0,190.185165668632,101.605593487621,0,161.302948562323,0,306.640284138334,78.8552325762656,92.5207898118833,180.355266595273,0,0,0,231.050882209,0,165.597665022977,154.065933476765,146.770754374523,0,0
0,0,0,139.792601838991,0,0,0,153.876396855887,0,197.486504603685,0,140.574866691684,0,148.808626413748,206.912707094411,0,249.798812580765,0,0,0,183.786860782462,0,220.963068032256,213.67670887414,158.955087279859,0,276.620869034647,309.997227542691,175.196329314064,0,0,224.551207449728,0,122.106946855269,321.124897279917,347.376449530863,125.416941482916,195.822649557859,164.032723165762,0,0
