0,0,0,0,179.718364159796,0,0,0,0,0,0,0,0,0,0,0,0,0,309.997227542691,0,0,0,0,131.969743415579,0,0,0,0,0,0,0,0,0,171.230058197369,0,0,226.825099357786,0,101.443495235174,0,0
0,0,0,0,0,108.136066660554,0,0,0,0,0,0,0,0,0,0,173.201474590904,0,136.685314494491,143.005810983322,0,0,0,0,0,0,0,0,0,0,0,140.574866691684,0,0,0,0,204.084074037941,0,0,0,106.33736463831
0,0,0,0,0,0,0,0,0,165.597665022977,0,0,0,0,0,0,0,0,0,0,0,174.013630695256,0,0,0,0,0,225.013371621378,0,0,0,0,0,139.93285932648,320.356811100276,0,0,0,0,0,0
0,0,0,0,0,0,0,0,0,0,58.3493451392805,71.4788760670054,0,0,0,0,0,0,0,0,90.1317194604647,0,0,0,0,228.075434767255,0,0,133.984214699576,241.57250333243,89.1590885155172,0,0,0,109.093416850988,0,74.5815074003433,211.840482897052,101.85207633558,181.316358113209,191.519780382943
179.718364159796,0,0,0,0,0,0,0,335.371040201042,217.157696745803,115.332064605654,0,0,0,0,153.672550905948,215.611029055736,0,0,250.461724766314,0,0,0,161.694997919804,0,0,0,208.005106191961,61.0664810463559,0,0,0,0,261.605527103798,0,0,0,187.77054666536,219.078548227669,96.7845769653343,0
0,108.136066660554,0,0,0,0,0,66.5008477853491,78.8552325762656,93.4234866874731,154.142998692322,0,0,178.748963182352,115.871357769661,0,0,0,0,0,0,0,134.566479261133,0,0,0,81.2827395071039,67.8267069095267,0,0,0,193.63278243493,0,112.793316814908,0,0,112.349934713559,0,0,146.770754374523,0
0,0,0,0,0,0,0,173.538155409849,0,0,153.453047983244,0,0,90.7216186966914,0,0,0,0,0,223.705816669619,0,0,0,0,0,0,0,154.784755881607,111.226326353722,0,0,0,0,159.183173818572,101.605593487621,162.833808134102,71.5579325720569,154.070293657878,142.054529471577,120.567029282014,0
0,0,0,0,0,66.5008477853491,173.538155409849,0,0,0,192.135034768848,118.522099274347,0,0,0,0,0,111.435629183184,249.905610015455,242.790381480436,0,99.2646516363145,188.851177466023,0,75.4497121078207,114.649126378906,89.9429017381717,0,0,0,0,0,0,82.4756938751058,224.523755099568,0,0,104.915316975638,0,0,198.964527389285
0,0,0,0,335.371040201042,78.8552325762656,0,0,0,252.487290983309,122.106946855269,72.2278283150671,0,139.792601838991,0,0,0,0,158.955087279859,0,0,0,0,0,0,0,0,73.1029054543569,0,0,0,0,0,0,0,0,138.33942793804,0,0,160.537522273714,153.876396855887
0,0,165.597665022977,0,217.157696745803,93.4234866874731,0,0,252.487290983309,0,155.24952173131,92.5568465385234,0,0,259.442917595754,0,0,101.895308036513,0,124.698445421759,0,0,0,0,0,151.075371308616,180.90030328818,0,146.814226519809,0,0,0,0,136.792307586862,0,74.4197823064597,197.486504603685,240.185081663983,251.098274723989,0,172.892533368851
0,0,0,58.3493451392805,115.332064605654,154.142998692322,153.453047983244,192.135034768848,122.106946855269,155.24952173131,0,0,0,178.683678585178,0,0,0,0,0,96.5937438588657,0,0,0,0,0,0,306.344527664232,165.893015276821,186.348837226466,0,0,0,0,0,85.6072705949986,0,103.519938150021,0,0,333.645516435298,197.893790332676
0,0,0,71.4788760670054,0,0,0,118.522099274347,72.2278283150671,92.5568465385234,0,0,0,0,0,0,338.131802716296,0,0,231.050882209,106.128596538706,0,138.425725342224,175.196329314064,0,0,173.001559092555,218.045528847001,125.994729980093,104.369974912428,0,205.839960264176,0,141.204637091722,146.99041817625,0,62.859596780235,128.846764897717,192.601533877686,219.430938885781,347.376449530863
0,0,0,0,0,0,0,0,0,0,0,0,0,0,0,0,0,0,0,0,0,0,238.934743274142,0,0,0,0,0,0,0,0,0,0,0,200.878319874537,303.527509149359,101.5853655613,0,0,321.124897279917,125.81518738273
0,0,0,0,0,178.748963182352,90.7216186966914,0,139.792601838991,0,178.683678585178,0,0,0,193.659409924573,134.960780198024,0,0,0,0,0,247.66948903751,0,190.185165668632,0,0,0,280.376028997576,0,0,0,0,0,85.7623170715703,180.543851962045,173.059382066957,100.812745974529,98.6790043377568,0,0,0
0,0,0,0,0,115.871357769661,0,0,0,259.442917595754,0,0,0,193.659409924573,0,0,0,0,154.065933476765,0,0,0,0,0,0,0,249.798812580765,220.963068032256,348.674510760064,201.100640800745,0,0,0,0,195.314816908693,0,160.530221557972,116.054372245433,0,135.294330067913,0
0,0,0,0,153.672550905948,0,0,0,0,0,0,0,0,134.960780198024,0,0,0,0,0,0,0,0,139.654362654449,0,0,0,94.7280504127031,357.423078228283,0,0,0,0,0,329.719143597451,201.44584889478,192.693757128262,193.777661225572,128.405764333981,0,106.926813611922,0
0,173.201474590904,0,0,215.611029055736,0,0,0,0,0,0,338.131802716296,0,0,0,0,0,0,0,0,0,0,0,0,0,101.350815329073,97.3506957544063,82.6299537488922,198.528111506785,92.5207898118833,0,0,0,0,0,0,167.066576495979,0,0,0,70.4221432298295
0,0,0,0,0,0,0,111.435629183184,0,101.895308036513,0,0,0,0,0,0,0,0,0,0,73.4795582048751,0,0,0,0,0,353.822894641502,0,204.481117647118,195.378266313867,0,0,0,0,0,269.936825670274,89.3673883748406,0,0,276.620869034647,0
309.997227542691,136.685314494491,0,0,0,0,0,249.905610015455,158.955087279859,0,0,0,0,0,154.065933476765,0,0,0,0,0,0,0,0,98.2230592632363,184.249961885477,0,97.5855511246009,283.248188884028,0,0,0,0,0,113.144980278377,0,0,137.189596148386,0,0,0,74.7304794244225
0,143.005810983322,0,0,250.461724766314,0,223.705816669619,242.790381480436,0,124.698445421759,96.5937438588657,231.050882209,0,0,0,0,0,0,0,0,0,0,0,345.797434674459,0,183.786860782462,236.681907140956,0,0,0,0,115.114253591495,199.492852797962,95.7590805983148,0,205.183249704085,193.055010680236,62.311273509377,0,142.385058730083,0
0,0,0,90.1317194604647,0,0,0,0,0,0,0,106.128596538706,0,0,0,0,0,73.4795582048751,0,0,0,0,0,164.032723165762,0,151.695570509541,0,241.635434294794,213.67670887414,214.116367924649,0,0,0,137.239127032733,94.8881692391942,94.027247878695,0,0,0,145.74089716123,161.325017232684
0,0,174.013630695256,0,0,0,0,99.2646516363145,0,0,0,0,0,247.66948903751,0,0,0,0,0,0,0,0,0,0,0,0,0,323.781250289068,135.667029391615,0,0,0,0,259.055025639447,150.161410108805,0,0,0,0,0,115.194491798135
0,0,0,0,0,134.566479261133,0,188.851177466023,0,0,0,138.425725342224,238.934743274142,0,0,139.654362654449,0,0,0,0,0,0,0,151.01089327964,0,0,163.059043292369,241.682021696872,227.504408813069,0,0,117.208001126138,220.901129804706,151.806152521152,120.912756812582,0,231.715271819474,0,0,253.401634605989,0
131.969743415579,0,0,0,161.694997919804,0,0,0,0,0,0,175.196329314064,0,190.185165668632,0,0,0,0,98.2230592632363,345.797434674459,164.032723165762,0,151.01089327964,0,92.3502314520023,94.9380989123498,0,80.4367166559625,119.345624434514,0,0,0,0,94.7529894315991,82.1742780037132,0,99.3508940827211,163.945208919892,81.9664354533492,125.416941482916,114.511014214502
0,0,0,0,0,0,0,75.4497121078207,0,0,0,0,0,0,0,0,0,0,184.249961885477,0,0,0,0,92.3502314520023,0,306.640284138334,146.465927798921,0,0,0,205.09013266389,0,0,169.453147353278,0,0,284.529238481835,0,0,262.382215657622,155.901486485736
0,0,0,228.075434767255,0,0,0,114.649126378906,0,151.075371308616,0,0,0,0,0,0,101.350815329073,0,0,183.786860782462,151.695570509541,0,0,94.9380989123498,306.640284138334,0,195.822649557859,255.441154257905,209.996727521564,0,0,178.224497384947,0,108.381749703452,172.608400267715,232.945974238958,263.534399241887,206.912707094411,148.808626413748,325.937289045041,82.6426202489162
0,0,0,0,0,81.2827395071039,0,89.9429017381717,0,180.90030328818,306.344527664232,173.001559092555,0,0,249.798812580765,94.7280504127031,97.3506957544063,353.822894641502,97.5855511246009,236.681907140956,0,0,163.059043292369,0,146.465927798921,195.822649557859,0,180.355266595273,0,0,221.805809452716,0,0,300.031143529538,110.384905066973,0,119.728129215699,0,0,151.036729364761,0
0,0,225.013371621378,0,208.005106191961,67.8267069095267,154.784755881607,0,73.1029054543569,0,165.893015276821,218.045528847001,0,280.376028997576,220.963068032256,357.423078228283,82.6299537488922,0,283.248188884028,0,241.635434294794,323.781250289068,241.682021696872,80.4367166559625,0,255.441154257905,180.355266595273,0,314.611698427915,196.04190773555,98.417953423071,0,0,196.032358954952,161.275817184598,87.8456058929559,202.712457066107,188.936291522747,261.440278806413,0,0
0,0,0,133.984214699576,61.0664810463559,0,111.226326353722,0,0,146.814226519809,186.348837226466,125.994729980093,0,0,348.674510760064,0,198.528111506785,204.481117647118,0,0,213.67670887414,135.667029391615,227.504408813069,119.345624434514,0,209.996727521564,0,314.611698427915,0,0,0,0,94.126460729827,0,0,89.707245288964,0,177.763106506206,206.472608421747,194.442125915551,133.218162784108
0,0,0,241.57250333243,0,0,0,0,0,0,0,104.369974912428,0,0,201.100640800745,0,92.5207898118833,195.378266313867,0,0,214.116367924649,0,0,0,0,0,0,196.04190773555,0,0,0,0,0,219.040656038919,115.541295036174,161.302948562323,0,0,0,321.864157986053,0
0,0,0,89.1590885155172,0,0,0,0,0,0,0,0,0,0,0,0,0,0,0,0,0,0,0,0,205.09013266389,0,221.805809452716,98.417953423071,0,0,0,76.5072790361762,0,0,0,0,0,0,0,224.551207449728,0
0,140.574866691684,0,0,0,193.63278243493,0,0,0,0,0,205.839960264176,0,0,0,0,0,0,0,115.114253591495,0,0,117.208001126138,0,0,178.224497384947,0,0,0,0,76.5072790361762,0,0,186.973586461633,0,115.868441404982,153.609372090384,0,0,0,212.592150359921
0,0,0,0,0,0,0,0,0,0,0,0,0,0,0,0,0,0,0,199.492852797962,0,0,220.901129804706,0,0,0,0,0,94.126460729827,0,0,0,0,0,0,168.241326865882,161.74915061469,0,0,0,0
171.230058197369,0,139.93285932648,0,261.605527103798,112.793316814908,159.183173818572,82.4756938751058,0,136.792307586862,0,141.204637091722,0,85.7623170715703,0,329.719143597451,0,0,113.144980278377,95.7590805983148,137.239127032733,259.055025639447,151.806152521152,94.7529894315991,169.453147353278,108.381749703452,300.031143529538,196.032358954952,0,219.040656038919,0,186.973586461633,0,0,116.176698124939,0,157.852515740516,93.5029580098427,0,78.9559315574845,0
0,0,320.356811100276,109.093416850988,0,0,101.605593487621,224.523755099568,0,0,85.6072705949986,146.99041817625,200.878319874537,180.543851962045,195.314816908693,201.44584889478,0,0,0,0,94.8881692391942,150.161410108805,120.912756812582,82.1742780037132,0,172.608400267715,110.384905066973,161.275817184598,0,115.541295036174,0,0,0,116.176698124939,0,80.8080171296381,171.906398392157,158.567996645797,128.530575464043,137.177378802006,169.742003380707
0,0,0,0,0,0,162.833808134102,0,0,74.4197823064597,0,0,303.527509149359,173.059382066957,0,192.693757128262,0,269.936825670274,0,205.183249704085,94.027247878695,0,0,0,0,232.945974238958,0,87.8456058929559,89.707245288964,161.302948562323,0,115.868441404982,168.241326865882,0,80.8080171296381,0,84.3635741045246,0,106.533627130087,283.88658203332,113.059176128709
226.825099357786,204.084074037941,0,74.5815074003433,0,112.349934713559,71.5579325720569,0,138.33942793804,197.486504603685,103.519938150021,62.859596780235,101.5853655613,100.812745974529,160.530221557972,193.777661225572,167.066576495979,89.3673883748406,137.189596148386,193.055010680236,0,0,231.715271819474,99.3508940827211,284.529238481835,263.534399241887,119.728129215699,202.712457066107,0,0,0,153.609372090384,161.74915061469,157.852515740516,171.906398392157,84.3635741045246,0,222.053792850439,228.792310020318,0,0
0,0,0,211.840482897052,187.77054666536,0,154.070293657878,104.915316975638,0,240.185081663983,0,128.846764897717,0,98.6790043377568,116.054372245433,128.405764333981,0,0,0,62.311273509377,0,0,0,163.945208919892,0,206.912707094411,0,188.936291522747,177.763106506206,0,0,0,0,93.5029580098427,158.567996645797,0,222.053792850439,0,112.823430872325,289.631679007608,97.3232815600345
101.443495235174,0,0,101.85207633558,219.078548227669,0,142.054529471577,0,0,251.098274723989,0,192.601533877686,0,0,0,0,0,0,0,0,0,0,0,81.9664354533492,0,148.808626413748,0,261.440278806413,206.472608421747,0,0,0,0,0,128.530575464043,106.533627130087,228.792310020318,112.823430872325,0,0,124.853650664477
0,0,0,181.316358113209,96.7845769653343,146.770754374523,120.567029282014,0,160.537522273714,0,333.645516435298,219.430938885781,321.124897279917,0,135.294330067913,106.926813611922,0,276.620869034647,0,142.385058730083,145.74089716123,0,253.401634605989,125.416941482916,262.382215657622,325.937289045041,151.036729364761,0,194.442125915551,321.864157986053,224.551207449728,0,0,78.9559315574845,137.177378802006,283.88658203332,0,289.631679007608,0,0,0
0,106.33736463831,0,191.519780382943,0,0,0,198.964527389285,153.876396855887,172.892533368851,197.893790332676,347.376449530863,125.81518738273,0,0,0,70.4221432298295,0,74.7304794244225,0,161.325017232684,115.194491798135,0,114.511014214502,155.901486485736,82.6426202489162,0,0,133.218162784108,0,0,212.592150359921,0,0,169.742003380707,113.059176128709,0,97.3232815600345,124.853650664477,0,0
