0,0,0,0,169.453147353278,0,0,0,0,0,261.605527103798,137.189596148386,0,0,58.3493451392805,0,0,0,0,0,0,160.537522273714,0,0,0,0,0,0,0,0,0,0,0,0,0,0,0,0,0,205.09013266389,0
0,0,0,0,0,0,0,0,0,0,0,0,0,0,0,0,0,0,0,0,0,0,0,0,161.325017232684,0,231.715271819474,80.4367166559625,0,0,0,0,0,0,89.707245288964,177.763106506206,192.601533877686,0,0,0,219.040656038919
0,0,0,0,158.567996645797,0,0,0,0,0,321.124897279917,0,0,0,0,0,0,0,0,0,0,0,0,0,0,217.157696745803,0,0,0,0,0,0,0,0,0,0,219.430938885781,329.719143597451,0,0,0
0,0,0,0,0,172.608400267715,137.177378802006,0,0,0,0,115.332064605654,0,0,0,0,188.851177466023,0,0,97.3232815600345,276.620869034647,0,99.2646516363145,101.5853655613,0,0,208.005106191961,92.3502314520023,0,0,0,0,0,232.945974238958,0,0,0,0,0,347.376449530863,115.868441404982
169.453147353278,0,158.567996645797,0,0,82.6426202489162,160.530221557972,0,0,0,0,303.527509149359,0,0,0,0,0,0,0,0,0,0,155.24952173131,106.33736463831,0,0,0,338.131802716296,163.059043292369,0,0,0,0,0,323.781250289068,0,94.7529894315991,165.597665022977,167.066576495979,0,134.960780198024
0,0,0,172.608400267715,82.6426202489162,0,0,0,106.128596538706,0,148.808626413748,0,0,141.204637091722,0,93.5029580098427,0,0,178.683678585178,0,0,0,0,0,0,74.5815074003433,0,0,333.645516435298,0,0,0,0,0,142.054529471577,0,159.183173818572,250.461724766314,0,134.566479261133,113.144980278377
0,0,0,137.177378802006,160.530221557972,0,0,212.592150359921,0,0,0,72.2278283150671,0,0,0,81.2827395071039,0,0,0,0,0,0,0,0,97.5855511246009,0,0,131.969743415579,146.99041817625,0,0,0,0,66.5008477853491,0,138.33942793804,190.185165668632,0,0,125.416941482916,146.770754374523
0,0,0,0,0,0,212.592150359921,0,195.314816908693,0,0,0,0,0,0,0,0,0,0,198.964527389285,70.4221432298295,0,206.912707094411,0,0,89.3673883748406,153.672550905948,242.790381480436,0,0,0,188.936291522747,0,106.533627130087,345.797434674459,0,90.7216186966914,101.350815329073,173.201474590904,187.77054666536,112.823430872325
0,0,0,0,0,106.128596538706,0,195.314816908693,0,0,0,0,0,0,0,0,0,0,0,0,0,0,335.371040201042,181.316358113209,0,154.070293657878,0,153.876396855887,0,195.378266313867,0,0,0,0,143.005810983322,224.523755099568,85.6072705949986,0,82.4756938751058,0,0
0,0,0,0,0,0,0,0,0,0,75.4497121078207,197.893790332676,0,0,175.196329314064,0,0,0,0,241.682021696872,139.654362654449,193.659409924573,0,108.381749703452,0,0,179.718364159796,223.705816669619,173.059382066957,284.529238481835,0,0,0,124.698445421759,0,133.984214699576,115.541295036174,136.685314494491,283.248188884028,205.183249704085,178.748963182352
261.605527103798,0,321.124897279917,0,0,148.808626413748,0,0,0,75.4497121078207,0,139.93285932648,0,85.7623170715703,0,0,0,114.511014214502,111.226326353722,0,0,118.522099274347,0,0,0,96.5937438588657,112.349934713559,106.926813611922,280.376028997576,0,0,0,0,104.369974912428,194.442125915551,0,0,0,73.4795582048751,0,0
137.189596148386,0,0,115.332064605654,303.527509149359,0,72.2278283150671,0,0,197.893790332676,139.93285932648,0,249.905610015455,0,109.093416850988,0,0,0,199.492852797962,184.249961885477,0,0,0,0,0,249.798812580765,151.075371308616,263.534399241887,241.635434294794,0,0,82.1742780037132,0,309.997227542691,236.681907140956,62.859596780235,71.4788760670054,122.106946855269,0,0,173.538155409849
0,0,0,0,0,0,0,0,0,0,0,249.905610015455,0,219.078548227669,0,0,0,116.176698124939,0,205.839960264176,0,0,0,0,0,0,0,0,0,0,0,0,0,0,0,0,145.74089716123,0,0,193.055010680236,0
0,0,0,0,0,141.204637091722,0,0,0,0,85.7623170715703,0,219.078548227669,0,0,0,0,0,0,283.88658203332,0,114.649126378906,0,119.728129215699,0,251.098274723989,0,0,0,0,0,0,0,163.945208919892,98.417953423071,133.218162784108,110.384905066973,74.4197823064597,0,104.915316975638,124.853650664477
58.3493451392805,0,0,0,0,0,0,0,0,175.196329314064,0,109.093416850988,0,0,0,0,93.4234866874731,0,0,0,0,0,0,0,0,0,115.114253591495,155.901486485736,97.3506957544063,178.224497384947,0,164.032723165762,0,120.567029282014,138.425725342224,0,0,0,0,220.963068032256,0
0,0,0,0,0,93.5029580098427,81.2827395071039,0,0,0,0,0,0,0,0,0,67.8267069095267,0,0,0,0,0,0,0,0,161.275817184598,154.142998692322,0,151.01089327964,227.504408813069,0,259.442917595754,0,0,0,0,226.825099357786,259.055025639447,0,228.075434767255,0
0,0,0,188.851177466023,0,0,0,0,0,0,0,0,0,0,93.4234866874731,67.8267069095267,0,0,0,0,0,0,198.528111506785,0,0,113.059176128709,173.001559092555,0,94.7280504127031,0,0,0,0,0,0,0,195.822649557859,0,98.6790043377568,115.194491798135,0
0,0,0,0,0,0,0,0,0,0,114.511014214502,0,116.176698124939,0,0,0,0,0,0,221.805809452716,0,306.640284138334,0,252.487290983309,0,0,0,289.631679007608,0,0,0,214.116367924649,0,0,151.695570509541,0,0,0,0,154.784755881607,0
0,0,0,0,0,178.683678585178,0,0,0,0,111.226326353722,199.492852797962,0,0,0,0,0,0,0,0,0,0,80.8080171296381,191.519780382943,0,0,0,157.852515740516,92.5207898118833,0,204.481117647118,0,0,169.742003380707,0,0,99.3508940827211,201.44584889478,255.441154257905,0,0
0,0,0,97.3232815600345,0,0,0,198.964527389285,0,241.682021696872,0,184.249961885477,205.839960264176,283.88658203332,0,0,0,221.805809452716,0,0,0,0,196.032358954952,0,0,0,151.036729364761,87.8456058929559,98.2230592632363,151.806152521152,0,0,325.937289045041,94.9380989123498,0,142.385058730083,162.833808134102,192.135034768848,0,0,0
0,0,0,276.620869034647,0,0,0,70.4221432298295,0,139.654362654449,0,0,0,0,0,0,0,0,0,0,0,0,0,0,0,117.208001126138,193.777661225572,240.185081663983,253.401634605989,0,261.440278806413,0,0,0,161.694997919804,321.864157986053,125.81518738273,0,81.9664354533492,200.878319874537,0
160.537522273714,0,0,0,0,0,0,0,0,193.659409924573,118.522099274347,0,0,114.649126378906,0,0,0,306.640284138334,0,0,0,0,0,209.996727521564,0,0,0,0,0,0,0,0,0,202.712457066107,0,119.345624434514,0,0,0,0,0
0,0,0,99.2646516363145,155.24952173131,0,0,206.912707094411,335.371040201042,0,0,0,0,0,0,0,198.528111506785,0,80.8080171296381,196.032358954952,0,0,0,0,0,128.846764897717,0,146.465927798921,0,161.302948562323,0,0,0,101.605593487621,153.609372090384,218.045528847001,269.936825670274,0,0,241.57250333243,0
0,0,0,101.5853655613,106.33736463831,0,0,0,181.316358113209,108.381749703452,0,0,0,119.728129215699,0,0,0,252.487290983309,191.519780382943,0,0,209.996727521564,0,0,115.871357769661,71.5579325720569,94.027247878695,183.786860782462,171.906398392157,0,0,0,0,101.443495235174,89.1590885155172,0,357.423078228283,0,180.543851962045,101.895308036513,231.050882209
0,161.325017232684,0,0,0,0,97.5855511246009,0,0,0,0,0,0,0,0,0,0,0,0,0,0,0,0,115.871357769661,0,0,0,180.90030328818,0,224.551207449728,0,0,0,154.065933476765,0,78.8552325762656,73.1029054543569,0,220.901129804706,0,62.311273509377
0,0,217.157696745803,0,0,74.5815074003433,0,89.3673883748406,154.070293657878,0,96.5937438588657,249.798812580765,0,251.098274723989,0,161.275817184598,113.059176128709,0,0,0,117.208001126138,0,128.846764897717,71.5579325720569,0,0,213.67670887414,111.435629183184,158.955087279859,0,0,0,180.355266595273,0,353.822894641502,247.66948903751,0,238.934743274142,0,192.693757128262,0
0,231.715271819474,0,208.005106191961,0,0,0,153.672550905948,0,179.718364159796,112.349934713559,151.075371308616,0,0,115.114253591495,154.142998692322,173.001559092555,0,0,151.036729364761,193.777661225572,0,0,94.027247878695,0,213.67670887414,0,174.013630695256,165.893015276821,0,0,140.574866691684,0,300.031143529538,211.840482897052,193.63278243493,0,0,0,94.126460729827,0
0,80.4367166559625,0,92.3502314520023,338.131802716296,0,131.969743415579,242.790381480436,153.876396855887,223.705816669619,106.926813611922,263.534399241887,0,0,155.901486485736,0,0,289.631679007608,157.852515740516,87.8456058929559,240.185081663983,0,146.465927798921,183.786860782462,180.90030328818,111.435629183184,174.013630695256,0,100.812745974529,94.8881692391942,0,197.486504603685,0,348.674510760064,215.611029055736,0,0,128.530575464043,0,95.7590805983148,306.344527664232
0,0,0,0,163.059043292369,333.645516435298,146.99041817625,0,0,173.059382066957,280.376028997576,241.635434294794,0,0,97.3506957544063,151.01089327964,94.7280504127031,0,92.5207898118833,98.2230592632363,253.401634605989,0,0,171.906398392157,0,158.955087279859,165.893015276821,100.812745974529,0,0,0,0,0,314.611698427915,96.7845769653343,0,78.9559315574845,262.382215657622,0,101.85207633558,0
0,0,0,0,0,0,0,0,195.378266313867,284.529238481835,0,0,0,0,178.224497384947,227.504408813069,0,0,0,151.806152521152,0,0,161.302948562323,0,224.551207449728,0,0,94.8881692391942,0,0,0,0,0,112.793316814908,0,186.973586461633,0,0,0,0,204.084074037941
0,0,0,0,0,0,0,0,0,0,0,0,0,0,0,0,0,0,204.481117647118,0,261.440278806413,0,0,0,0,0,0,0,0,0,0,0,0,0,84.3635741045246,0,196.04190773555,0,0,171.230058197369,201.100640800745
0,0,0,0,0,0,0,188.936291522747,0,0,0,82.1742780037132,0,0,164.032723165762,259.442917595754,0,214.116367924649,0,0,0,0,0,0,0,0,140.574866691684,197.486504603685,0,0,0,0,0,125.994729980093,0,0,90.1317194604647,0,137.239127032733,0,172.892533368851
0,0,0,0,0,0,0,0,0,0,0,0,0,0,0,0,0,0,0,325.937289045041,0,0,0,0,0,180.355266595273,0,0,0,0,0,0,0,320.356811100276,0,0,61.0664810463559,0,0,0,120.912756812582
0,0,0,232.945974238958,0,0,66.5008477853491,106.533627130087,0,124.698445421759,104.369974912428,309.997227542691,0,163.945208919892,120.567029282014,0,0,0,169.742003380707,94.9380989123498,0,202.712457066107,101.605593487621,101.443495235174,154.065933476765,0,300.031143529538,348.674510760064,314.611698427915,112.793316814908,0,125.994729980093,320.356811100276,0,153.453047983244,0,186.348837226466,92.5568465385234,225.013371621378,135.294330067913,139.792601838991
0,89.707245288964,0,0,323.781250289068,142.054529471577,0,345.797434674459,143.005810983322,0,194.442125915551,236.681907140956,0,98.417953423071,138.425725342224,0,0,151.695570509541,0,0,161.694997919804,0,153.609372090384,89.1590885155172,0,353.822894641502,211.840482897052,215.611029055736,96.7845769653343,0,84.3635741045246,0,0,153.453047983244,0,103.519938150021,76.5072790361762,168.241326865882,222.053792850439,74.7304794244225,150.161410108805
0,177.763106506206,0,0,0,0,138.33942793804,0,224.523755099568,133.984214699576,0,62.859596780235,0,133.218162784108,0,0,0,0,0,142.385058730083,321.864157986053,119.345624434514,218.045528847001,0,78.8552325762656,247.66948903751,193.63278243493,0,0,186.973586461633,0,0,0,0,103.519938150021,0,128.405764333981,135.667029391615,0,82.6299537488922,116.054372245433
0,192.601533877686,219.430938885781,0,94.7529894315991,159.183173818572,190.185165668632,90.7216186966914,85.6072705949986,115.541295036174,0,71.4788760670054,145.74089716123,110.384905066973,0,226.825099357786,195.822649557859,0,99.3508940827211,162.833808134102,125.81518738273,0,269.936825670274,357.423078228283,73.1029054543569,0,0,0,78.9559315574845,0,196.04190773555,90.1317194604647,61.0664810463559,186.348837226466,76.5072790361762,128.405764333981,0,136.792307586862,228.792310020318,161.74915061469,146.814226519809
0,0,329.719143597451,0,165.597665022977,250.461724766314,0,101.350815329073,0,136.685314494491,0,122.106946855269,0,74.4197823064597,0,259.055025639447,0,0,201.44584889478,192.135034768848,0,0,0,0,0,238.934743274142,0,128.530575464043,262.382215657622,0,0,0,0,92.5568465385234,168.241326865882,135.667029391615,136.792307586862,0,108.136066660554,89.9429017381717,206.472608421747
0,0,0,0,167.066576495979,0,0,173.201474590904,82.4756938751058,283.248188884028,73.4795582048751,0,0,0,0,0,98.6790043377568,0,255.441154257905,0,81.9664354533492,0,0,180.543851962045,220.901129804706,0,0,0,0,0,0,137.239127032733,0,225.013371621378,222.053792850439,0,228.792310020318,108.136066660554,0,0,0
205.09013266389,0,0,347.376449530863,0,134.566479261133,125.416941482916,187.77054666536,0,205.183249704085,0,0,193.055010680236,104.915316975638,220.963068032256,228.075434767255,115.194491798135,154.784755881607,0,0,200.878319874537,0,241.57250333243,101.895308036513,0,192.693757128262,94.126460729827,95.7590805983148,101.85207633558,0,171.230058197369,0,0,135.294330067913,74.7304794244225,82.6299537488922,161.74915061469,89.9429017381717,0,0,0
0,219.040656038919,0,115.868441404982,134.960780198024,113.144980278377,146.770754374523,112.823430872325,0,178.748963182352,0,173.538155409849,0,124.853650664477,0,0,0,0,0,0,0,0,0,231.050882209,62.311273509377,0,0,306.344527664232,0,204.084074037941,201.100640800745,172.892533368851,120.912756812582,139.792601838991,150.161410108805,116.054372245433,146.814226519809,206.472608421747,0,0,0
