0,0,0,0,0,0,0,201.100640800745,0,0,0,131.969743415579,0,0,0,0,0,0,0,0,0,0,0,98.417953423071,135.294330067913,0,0,0,199.492852797962,0,0,0,0,0,0,249.905610015455,0,0,0,0,0
0,0,0,0,0,0,0,0,0,0,0,0,0,0,0,0,0,204.481117647118,174.013630695256,0,215.611029055736,0,0,253.401634605989,0,0,0,106.128596538706,70.4221432298295,0,0,0,0,0,161.694997919804,0,0,0,0,0,0
0,0,0,0,0,0,0,0,0,0,0,0,0,0,0,0,0,0,0,104.915316975638,0,0,76.5072790361762,0,0,0,173.001559092555,0,0,0,0,0,0,0,96.7845769653343,0,94.7280504127031,0,0,0,0
0,0,0,0,0,0,93.4234866874731,0,85.6072705949986,0,348.674510760064,0,249.798812580765,0,0,0,163.945208919892,109.093416850988,0,0,0,0,0,0,0,0,0,219.040656038919,138.33942793804,0,0,183.786860782462,0,142.385058730083,0,134.960780198024,153.453047983244,124.853650664477,0,0,0
0,0,0,0,0,0,0,178.748963182352,0,240.185081663983,198.528111506785,62.311273509377,0,74.4197823064597,117.208001126138,115.868441404982,0,0,0,0,0,0,0,0,0,0,0,0,222.053792850439,242.790381480436,112.349934713559,0,0,0,306.640284138334,0,276.620869034647,0,0,155.24952173131,128.405764333981
0,0,0,0,0,0,194.442125915551,238.934743274142,146.770754374523,0,0,101.895308036513,0,0,161.275817184598,0,0,0,0,0,95.7590805983148,94.8881692391942,92.5207898118833,0,0,0,78.8552325762656,151.01089327964,269.936825670274,0,0,0,0,101.605593487621,224.551207449728,0,211.840482897052,0,0,0,0
0,0,0,93.4234866874731,0,194.442125915551,0,0,0,186.348837226466,0,217.157696745803,0,0,0,74.5815074003433,0,0,0,93.5029580098427,0,0,0,71.5579325720569,0,0,82.1742780037132,338.131802716296,0,0,0,0,0,115.871357769661,0,0,219.078548227669,0,0,154.065933476765,101.85207633558
201.100640800745,0,0,0,178.748963182352,238.934743274142,0,0,0,0,0,0,0,0,0,0,0,0,180.543851962045,0,193.055010680236,0,151.036729364761,124.698445421759,0,262.382215657622,108.136066660554,280.376028997576,118.522099274347,0,0,0,0,0,61.0664810463559,191.519780382943,115.541295036174,212.592150359921,0,325.937289045041,0
0,0,0,85.6072705949986,0,146.770754374523,0,0,0,0,184.249961885477,0,0,0,0,0,0,0,0,0,0,0,81.9664354533492,0,0,0,187.77054666536,0,80.4367166559625,0,0,0,0,283.248188884028,220.963068032256,0,201.44584889478,0,125.994729980093,0,150.161410108805
0,0,0,0,240.185081663983,0,186.348837226466,0,0,0,320.356811100276,0,0,0,0,178.683678585178,0,89.3673883748406,106.533627130087,120.912756812582,0,0,0,0,0,357.423078228283,347.376449530863,0,148.808626413748,309.997227542691,0,71.4788760670054,0,162.833808134102,116.054372245433,0,136.685314494491,108.381749703452,0,140.574866691684,289.631679007608
0,0,0,348.674510760064,198.528111506785,0,0,0,184.249961885477,320.356811100276,0,78.9559315574845,0,0,193.659409924573,0,0,0,0,165.893015276821,0,0,0,0,0,0,0,0,90.7216186966914,99.3508940827211,0,0,0,137.177378802006,228.075434767255,173.201474590904,72.2278283150671,0,188.851177466023,167.066576495979,180.355266595273
131.969743415579,0,0,0,62.311273509377,101.895308036513,217.157696745803,0,0,0,78.9559315574845,0,0,353.822894641502,0,125.416941482916,99.2646516363145,0,0,82.6426202489162,74.7304794244225,0,0,139.654362654449,0,151.695570509541,136.792307586862,250.461724766314,0,335.371040201042,0,0,82.6299537488922,0,314.611698427915,321.124897279917,151.806152521152,0,213.67670887414,141.204637091722,0
0,0,0,249.798812580765,0,0,0,0,0,0,0,0,0,0,0,0,0,0,0,0,0,0,0,0,0,134.566479261133,284.529238481835,98.2230592632363,0,0,0,0,0,0,0,0,0,101.350815329073,221.805809452716,0,0
0,0,0,0,74.4197823064597,0,0,0,0,0,0,353.822894641502,0,0,153.672550905948,154.142998692322,137.239127032733,0,145.74089716123,0,0,111.226326353722,0,0,0,0,0,193.63278243493,0,0,0,0,0,94.126460729827,0,205.839960264176,172.608400267715,259.442917595754,0,345.797434674459,73.1029054543569
0,0,0,0,117.208001126138,161.275817184598,0,0,0,0,193.659409924573,0,0,153.672550905948,0,0,0,0,0,177.763106506206,0,0,0,0,0,0,232.945974238958,241.635434294794,0,0,0,0,0,205.09013266389,0,261.440278806413,106.33736463831,0,0,80.8080171296381,114.649126378906
0,0,0,0,115.868441404982,0,74.5815074003433,0,0,178.683678585178,0,125.416941482916,0,154.142998692322,0,0,0,0,0,0,0,0,0,146.99041817625,0,92.3502314520023,0,0,0,0,0,0,283.88658203332,94.7529894315991,0,0,153.609372090384,104.369974912428,0,0,0
0,0,0,163.945208919892,0,0,0,0,0,0,0,99.2646516363145,0,137.239127032733,0,0,0,0,143.005810983322,0,0,0,0,0,0,251.098274723989,0,119.345624434514,0,0,0,0,0,0,135.667029391615,73.4795582048751,0,110.384905066973,0,0,125.81518738273
0,204.481117647118,0,109.093416850988,0,0,0,0,0,89.3673883748406,0,0,0,0,0,0,0,0,0,165.597665022977,0,0,0,113.144980278377,138.425725342224,0,0,0,0,0,0,0,0,0,0,0,100.812745974529,0,0,209.996727521564,321.864157986053
0,174.013630695256,0,0,0,0,0,180.543851962045,0,106.533627130087,0,0,0,145.74089716123,0,0,143.005810983322,0,0,0,0,0,0,66.5008477853491,0,0,0,241.682021696872,0,0,0,0,0,190.185165668632,231.715271819474,0,168.241326865882,0,179.718364159796,157.852515740516,0
0,0,104.915316975638,0,0,0,93.5029580098427,0,0,120.912756812582,165.893015276821,82.6426202489162,0,0,177.763106506206,0,0,165.597665022977,0,0,0,0,97.3232815600345,195.314816908693,0,178.224497384947,0,114.511014214502,197.893790332676,208.005106191961,0,0,0,142.054529471577,198.964527389285,0,0,0,92.5568465385234,160.537522273714,0
0,215.611029055736,0,0,0,95.7590805983148,0,193.055010680236,0,0,0,74.7304794244225,0,0,0,0,0,0,0,0,0,0,0,151.075371308616,0,0,0,323.781250289068,159.183173818572,139.792601838991,226.825099357786,158.567996645797,0,300.031143529538,0,0,224.523755099568,192.601533877686,0,0,0
0,0,0,0,0,94.8881692391942,0,0,0,0,0,0,0,111.226326353722,0,0,0,0,0,0,0,0,103.519938150021,0,146.814226519809,0,181.316358113209,0,0,0,0,0,0,241.57250333243,133.218162784108,0,0,67.8267069095267,0,0,0
0,0,76.5072790361762,0,0,92.5207898118833,0,151.036729364761,81.9664354533492,0,0,0,0,0,0,0,0,0,0,97.3232815600345,0,103.519938150021,0,197.486504603685,0,329.719143597451,111.435629183184,0,0,0,0,0,180.90030328818,0,333.645516435298,0,173.059382066957,220.901129804706,193.777661225572,161.302948562323,0
98.417953423071,253.401634605989,0,0,0,0,71.5579325720569,124.698445421759,0,0,0,139.654362654449,0,0,0,146.99041817625,0,113.144980278377,66.5008477853491,195.314816908693,151.075371308616,0,197.486504603685,0,0,119.728129215699,0,255.441154257905,0,0,0,160.530221557972,0,0,89.707245288964,0,0,139.93285932648,195.822649557859,303.527509149359,146.465927798921
135.294330067913,0,0,0,0,0,0,0,0,0,0,0,0,0,0,0,0,138.425725342224,0,0,0,146.814226519809,0,0,0,90.1317194604647,0,228.792310020318,0,0,0,113.059176128709,0,196.032358954952,0,62.859596780235,0,0,0,252.487290983309,155.901486485736
0,0,0,0,0,0,0,262.382215657622,0,357.423078228283,0,151.695570509541,134.566479261133,0,0,92.3502314520023,251.098274723989,0,0,178.224497384947,0,0,329.719143597451,119.728129215699,90.1317194604647,0,58.3493451392805,106.926813611922,175.196329314064,0,0,0,173.538155409849,171.230058197369,0,161.325017232684,206.472608421747,0,85.7623170715703,115.332064605654,202.712457066107
0,0,173.001559092555,0,0,78.8552325762656,82.1742780037132,108.136066660554,187.77054666536,347.376449530863,0,136.792307586862,284.529238481835,0,232.945974238958,0,0,0,0,0,0,181.316358113209,111.435629183184,0,0,58.3493451392805,0,122.106946855269,158.955087279859,0,0,0,0,97.3506957544063,161.74915061469,0,236.681907140956,112.823430872325,0,94.9380989123498,261.605527103798
0,106.128596538706,0,219.040656038919,0,151.01089327964,338.131802716296,280.376028997576,0,0,0,250.461724766314,98.2230592632363,193.63278243493,241.635434294794,0,119.345624434514,0,241.682021696872,114.511014214502,323.781250289068,0,0,255.441154257905,228.792310020318,106.926813611922,122.106946855269,0,186.973586461633,214.116367924649,133.984214699576,0,0,200.878319874537,204.084074037941,81.2827395071039,169.742003380707,218.045528847001,0,263.534399241887,227.504408813069
199.492852797962,70.4221432298295,0,138.33942793804,222.053792850439,269.936825670274,0,118.522099274347,80.4367166559625,148.808626413748,90.7216186966914,0,0,0,0,0,0,0,0,197.893790332676,159.183173818572,0,0,0,0,175.196329314064,158.955087279859,186.973586461633,0,0,0,75.4497121078207,0,0,101.5853655613,137.189596148386,164.032723165762,0,259.055025639447,120.567029282014,89.9429017381717
0,0,0,0,242.790381480436,0,0,0,0,309.997227542691,99.3508940827211,335.371040201042,0,0,0,0,0,0,0,208.005106191961,139.792601838991,0,0,0,0,0,0,214.116367924649,0,0,0,0,0,0,0,0,247.66948903751,306.344527664232,225.013371621378,195.378266313867,0
0,0,0,0,112.349934713559,0,0,0,0,0,0,0,0,0,0,0,0,0,0,0,226.825099357786,0,0,0,0,0,0,133.984214699576,0,0,0,163.059043292369,0,0,0,0,115.194491798135,0,0,196.04190773555,0
0,0,0,183.786860782462,0,0,0,0,0,71.4788760670054,0,0,0,0,0,0,0,0,0,0,158.567996645797,0,0,160.530221557972,113.059176128709,0,0,0,75.4497121078207,0,163.059043292369,0,0,128.530575464043,205.183249704085,223.705816669619,0,0,87.8456058929559,0,0
0,0,0,0,0,0,0,0,0,0,0,82.6299537488922,0,0,0,283.88658203332,0,0,0,0,0,0,180.90030328818,0,0,173.538155409849,0,0,0,0,0,0,0,154.784755881607,0,0,0,0,0,0,0
0,0,0,142.385058730083,0,101.605593487621,115.871357769661,0,283.248188884028,162.833808134102,137.177378802006,0,0,94.126460729827,205.09013266389,94.7529894315991,0,0,190.185165668632,142.054529471577,300.031143529538,241.57250333243,0,0,196.032358954952,171.230058197369,97.3506957544063,200.878319874537,0,0,0,128.530575464043,154.784755881607,0,84.3635741045246,206.912707094411,94.027247878695,101.443495235174,192.693757128262,169.453147353278,82.4756938751058
0,161.694997919804,96.7845769653343,0,306.640284138334,224.551207449728,0,61.0664810463559,220.963068032256,116.054372245433,228.075434767255,314.611698427915,0,0,0,0,135.667029391615,0,231.715271819474,198.964527389285,0,133.218162784108,333.645516435298,89.707245288964,0,0,161.74915061469,204.084074037941,101.5853655613,0,0,205.183249704085,0,84.3635741045246,0,188.936291522747,96.5937438588657,98.6790043377568,0,97.5855511246009,192.135034768848
249.905610015455,0,0,134.960780198024,0,0,0,191.519780382943,0,0,173.201474590904,321.124897279917,0,205.839960264176,261.440278806413,0,73.4795582048751,0,0,0,0,0,0,0,62.859596780235,161.325017232684,0,81.2827395071039,137.189596148386,0,0,223.705816669619,0,206.912707094411,188.936291522747,0,128.846764897717,172.892533368851,0,115.114253591495,219.430938885781
0,0,94.7280504127031,153.453047983244,276.620869034647,211.840482897052,219.078548227669,115.541295036174,201.44584889478,136.685314494491,72.2278283150671,151.806152521152,0,172.608400267715,106.33736463831,153.609372090384,0,100.812745974529,168.241326865882,0,224.523755099568,0,173.059382066957,0,0,206.472608421747,236.681907140956,169.742003380707,164.032723165762,247.66948903751,115.194491798135,0,0,94.027247878695,96.5937438588657,128.846764897717,0,116.176698124939,154.070293657878,112.793316814908,153.876396855887
0,0,0,124.853650664477,0,0,0,212.592150359921,0,108.381749703452,0,0,101.350815329073,259.442917595754,0,104.369974912428,110.384905066973,0,0,0,192.601533877686,67.8267069095267,220.901129804706,139.93285932648,0,0,112.823430872325,218.045528847001,0,306.344527664232,0,0,0,101.443495235174,98.6790043377568,172.892533368851,116.176698124939,0,0,171.906398392157,89.1590885155172
0,0,0,0,0,0,0,0,125.994729980093,0,188.851177466023,213.67670887414,221.805809452716,0,0,0,0,0,179.718364159796,92.5568465385234,0,0,193.777661225572,195.822649557859,0,85.7623170715703,0,0,259.055025639447,225.013371621378,0,87.8456058929559,0,192.693757128262,0,0,154.070293657878,0,0,0,231.050882209
0,0,0,0,155.24952173131,0,154.065933476765,325.937289045041,0,140.574866691684,167.066576495979,141.204637091722,0,345.797434674459,80.8080171296381,0,0,209.996727521564,157.852515740516,160.537522273714,0,0,161.302948562323,303.527509149359,252.487290983309,115.332064605654,94.9380989123498,263.534399241887,120.567029282014,195.378266313867,196.04190773555,0,0,169.453147353278,97.5855511246009,115.114253591495,112.793316814908,171.906398392157,0,0,0
0,0,0,0,128.405764333981,0,101.85207633558,0,150.161410108805,289.631679007608,180.355266595273,0,0,73.1029054543569,114.649126378906,0,125.81518738273,321.864157986053,0,0,0,0,0,146.465927798921,155.901486485736,202.712457066107,261.605527103798,227.504408813069,89.9429017381717,0,0,0,0,82.4756938751058,192.135034768848,219.430938885781,153.876396855887,89.1590885155172,231.050882209,0,0
