0,0,0,306.640284138334,153.609372090384,0,0,0,0,0,0,0,0,0,0,0,0,0,0,0,0,0,134.566479261133,0,0,0,0,89.1590885155172,0,0,0,0,0,75.4497121078207,0,0,98.2230592632363,0,0,0,0
0,0,0,0,0,0,0,142.054529471577,0,0,0,321.864157986053,0,0,0,0,0,0,0,0,0,0,0,0,0,78.9559315574845,0,314.611698427915,81.2827395071039,0,0,0,0,158.955087279859,0,0,0,0,0,0,201.100640800745
0,0,0,0,0,0,0,0,0,0,0,0,0,0,186.348837226466,0,0,0,134.960780198024,0,0,0,0,0,0,0,0,0,0,0,0,0,81.9664354533492,101.350815329073,0,0,0,0,0,0,94.8881692391942
306.640284138334,0,0,0,0,0,0,0,213.67670887414,0,0,0,0,0,241.682021696872,0,155.24952173131,0,0,0,0,206.472608421747,0,165.893015276821,0,284.529238481835,0,0,252.487290983309,0,0,357.423078228283,0,108.381749703452,217.157696745803,171.906398392157,0,0,0,71.4788760670054,0
153.609372090384,0,0,0,0,140.574866691684,154.784755881607,160.537522273714,0,0,165.597665022977,0,0,150.161410108805,0,0,0,0,0,0,0,0,0,157.852515740516,0,198.964527389285,0,146.99041817625,238.934743274142,125.81518738273,0,0,0,113.059176128709,151.075371308616,0,106.926813611922,0,0,0,0
0,0,0,0,140.574866691684,0,160.530221557972,0,0,0,0,0,0,98.6790043377568,320.356811100276,0,0,221.805809452716,0,0,0,0,173.201474590904,0,0,0,96.5937438588657,117.208001126138,112.823430872325,242.790381480436,0,0,0,0,269.936825670274,0,321.124897279917,219.078548227669,0,226.825099357786,0
0,0,0,0,154.784755881607,160.530221557972,0,0,0,0,0,124.698445421759,0,0,0,0,192.601533877686,0,0,0,92.5568465385234,0,146.770754374523,0,0,0,240.185081663983,205.183249704085,0,0,0,0,0,0,82.6426202489162,255.441154257905,139.792601838991,0,97.3506957544063,0,212.592150359921
0,142.054529471577,0,0,160.537522273714,0,0,0,114.649126378906,74.4197823064597,0,0,0,0,0,0,0,0,0,215.611029055736,151.695570509541,0,0,0,85.6072705949986,178.224497384947,0,151.806152521152,228.792310020318,111.226326353722,0,0,0,0,90.7216186966914,195.378266313867,115.114253591495,188.936291522747,0,0,98.417953423071
0,0,0,213.67670887414,0,0,0,114.649126378906,0,0,0,146.465927798921,0,85.7623170715703,0,0,0,0,0,0,0,0,0,0,0,0,97.5855511246009,204.084074037941,172.608400267715,0,0,0,0,89.9429017381717,190.185165668632,0,0,0,151.036729364761,220.901129804706,0
0,0,0,0,0,0,0,74.4197823064597,0,0,138.33942793804,76.5072790361762,0,173.538155409849,0,200.878319874537,0,99.3508940827211,219.430938885781,0,0,0,169.742003380707,214.116367924649,0,99.2646516363145,0,174.013630695256,197.486504603685,0,0,0,0,115.194491798135,115.332064605654,158.567996645797,118.522099274347,0,141.204637091722,205.09013266389,0
0,0,0,0,165.597665022977,0,0,0,0,138.33942793804,0,0,253.401634605989,125.416941482916,0,0,100.812745974529,0,0,146.814226519809,201.44584889478,0,0,106.33736463831,101.85207633558,323.781250289068,0,0,0,0,0,0,0,159.183173818572,167.066576495979,106.128596538706,104.915316975638,309.997227542691,0,0,112.793316814908
0,321.864157986053,0,0,0,0,124.698445421759,0,146.465927798921,76.5072790361762,0,0,0,0,0,136.685314494491,103.519938150021,0,249.905610015455,172.892533368851,0,0,347.376449530863,219.040656038919,0,0,94.7529894315991,89.3673883748406,0,0,0,94.126460729827,0,94.7280504127031,133.218162784108,62.859596780235,112.349934713559,180.543851962045,283.88658203332,162.833808134102,119.345624434514
0,0,0,0,0,0,0,0,0,0,253.401634605989,0,0,0,0,0,0,0,74.5815074003433,0,0,0,0,0,0,0,303.527509149359,0,0,0,0,0,0,0,0,153.453047983244,96.7845769653343,0,0,61.0664810463559,0
0,0,0,0,150.161410108805,98.6790043377568,0,0,85.7623170715703,173.538155409849,125.416941482916,0,0,0,0,0,0,0,353.822894641502,0,0,0,0,67.8267069095267,0,0,0,73.4795582048751,116.176698124939,0,0,0,0,161.74915061469,148.808626413748,0,0,0,241.57250333243,259.055025639447,106.533627130087
0,0,186.348837226466,241.682021696872,0,320.356811100276,0,0,0,0,0,0,0,0,0,232.945974238958,0,0,0,179.718364159796,0,0,224.551207449728,0,0,0,161.302948562323,0,0,125.994729980093,0,0,139.93285932648,0,143.005810983322,0,0,153.876396855887,0,116.054372245433,0
0,0,0,0,0,0,0,0,0,200.878319874537,0,136.685314494491,0,0,232.945974238958,0,0,0,0,345.797434674459,0,0,70.4221432298295,0,0,177.763106506206,0,122.106946855269,0,113.144980278377,0,225.013371621378,0,0,0,0,0,218.045528847001,0,0,84.3635741045246
0,0,0,155.24952173131,0,0,192.601533877686,0,0,0,100.812745974529,103.519938150021,0,0,0,0,0,0,0,0,223.705816669619,0,227.504408813069,0,0,135.294330067913,0,0,0,97.3232815600345,0,0,0,78.8552325762656,0,0,0,120.567029282014,0,0,0
0,0,0,0,0,221.805809452716,0,0,0,99.3508940827211,0,0,0,0,0,0,0,0,0,0,0,0,0,0,0,72.2278283150671,0,280.376028997576,0,0,0,0,93.5029580098427,0,181.316358113209,0,195.314816908693,276.620869034647,0,154.142998692322,0
0,0,134.960780198024,0,0,0,0,0,0,219.430938885781,0,249.905610015455,74.5815074003433,353.822894641502,0,0,0,0,0,0,0,0,0,0,0,104.369974912428,0,193.777661225572,89.707245288964,0,0,169.453147353278,0,0,0,128.846764897717,247.66948903751,0,0,101.443495235174,0
0,0,0,0,0,0,0,215.611029055736,0,0,146.814226519809,172.892533368851,0,0,179.718364159796,345.797434674459,0,0,0,0,0,0,138.425725342224,249.798812580765,137.189596148386,241.635434294794,0,115.541295036174,0,0,0,0,231.050882209,139.654362654449,0,163.945208919892,261.605527103798,0,80.8080171296381,93.4234866874731,87.8456058929559
0,0,0,0,0,0,92.5568465385234,151.695570509541,0,0,201.44584889478,0,0,0,0,0,223.705816669619,0,0,0,0,0,0,0,0,0,161.325017232684,261.440278806413,192.135034768848,0,0,73.1029054543569,0,101.5853655613,348.674510760064,0,145.74089716123,0,0,124.853650664477,178.683678585178
0,0,0,206.472608421747,0,0,0,0,0,0,0,0,0,0,0,0,0,0,0,0,0,0,0,0,0,0,161.694997919804,0,155.901486485736,0,0,0,0,62.311273509377,178.748963182352,194.442125915551,95.7590805983148,0,0,82.6299537488922,0
134.566479261133,0,0,0,0,173.201474590904,146.770754374523,0,0,169.742003380707,0,347.376449530863,0,0,224.551207449728,70.4221432298295,227.504408813069,0,0,138.425725342224,0,0,0,94.027247878695,0,187.77054666536,137.239127032733,289.631679007608,0,0,0,0,0,0,0,0,135.667029391615,0,250.461724766314,0,0
0,0,0,165.893015276821,157.852515740516,0,0,0,0,214.116367924649,106.33736463831,219.040656038919,0,67.8267069095267,0,0,0,0,0,249.798812580765,0,0,94.027247878695,0,163.059043292369,0,196.04190773555,94.9380989123498,209.996727521564,0,136.792307586862,251.098274723989,0,0,300.031143529538,197.893790332676,164.032723165762,171.230058197369,0,58.3493451392805,0
0,0,0,0,0,0,0,85.6072705949986,0,0,101.85207633558,0,0,0,0,0,0,0,0,137.189596148386,0,0,0,163.059043292369,0,0,161.275817184598,92.3502314520023,0,0,0,0,0,205.839960264176,0,0,193.659409924573,262.382215657622,0,110.384905066973,0
0,78.9559315574845,0,284.529238481835,198.964527389285,0,0,178.224497384947,0,99.2646516363145,323.781250289068,0,0,0,0,177.763106506206,135.294330067913,72.2278283150671,104.369974912428,241.635434294794,0,0,187.77054666536,0,0,0,335.371040201042,206.912707094411,180.355266595273,0,0,0,0,196.032358954952,80.4367166559625,0,120.912756812582,193.63278243493,0,236.681907140956,0
0,0,0,0,0,96.5937438588657,240.185081663983,0,97.5855511246009,0,0,94.7529894315991,303.527509149359,0,161.302948562323,0,0,0,0,0,161.325017232684,161.694997919804,137.239127032733,196.04190773555,161.275817184598,335.371040201042,0,0,186.973586461633,0,0,0,0,228.075434767255,154.070293657878,180.90030328818,82.4756938751058,0,195.822649557859,193.055010680236,114.511014214502
89.1590885155172,314.611698427915,0,0,146.99041817625,117.208001126138,205.183249704085,151.806152521152,204.084074037941,174.013630695256,0,89.3673883748406,0,73.4795582048751,0,122.106946855269,0,280.376028997576,193.777661225572,115.541295036174,261.440278806413,0,289.631679007608,94.9380989123498,92.3502314520023,206.912707094411,0,0,0,199.492852797962,101.605593487621,211.840482897052,0,222.053792850439,0,153.672550905948,283.248188884028,191.519780382943,175.196329314064,0,0
0,81.2827395071039,0,252.487290983309,238.934743274142,112.823430872325,0,228.792310020318,172.608400267715,197.486504603685,0,0,0,116.176698124939,0,0,0,0,89.707245288964,0,192.135034768848,155.901486485736,0,209.996727521564,0,180.355266595273,186.973586461633,0,0,173.059382066957,115.868441404982,128.530575464043,0,0,208.005106191961,0,66.5008477853491,0,0,338.131802716296,173.001559092555
0,0,0,0,125.81518738273,242.790381480436,0,111.226326353722,0,0,0,0,0,0,125.994729980093,113.144980278377,97.3232815600345,0,0,0,0,0,0,0,0,0,0,199.492852797962,173.059382066957,0,0,0,0,0,0,0,0,325.937289045041,0,128.405764333981,71.5579325720569
0,0,0,0,0,0,0,0,0,0,0,0,0,0,0,0,0,0,0,0,0,0,0,136.792307586862,0,0,0,101.605593487621,115.868441404982,0,0,0,0,224.523755099568,0,0,306.344527664232,0,115.871357769661,0,0
0,0,0,357.423078228283,0,0,0,0,0,0,0,94.126460729827,0,0,0,225.013371621378,0,0,169.453147353278,0,73.1029054543569,0,0,251.098274723989,0,0,0,211.840482897052,128.530575464043,0,0,0,0,0,202.712457066107,0,0,329.719143597451,0,0,92.5207898118833
0,0,81.9664354533492,0,0,0,0,0,0,0,0,0,0,0,139.93285932648,0,0,93.5029580098427,0,231.050882209,0,0,0,0,0,0,0,0,0,0,0,0,0,0,0,0,137.177378802006,0,0,0,0
75.4497121078207,158.955087279859,101.350815329073,108.381749703452,113.059176128709,0,0,0,89.9429017381717,115.194491798135,159.183173818572,94.7280504127031,0,161.74915061469,0,0,78.8552325762656,0,0,139.654362654449,101.5853655613,62.311273509377,0,0,205.839960264176,196.032358954952,228.075434767255,222.053792850439,0,0,224.523755099568,0,0,0,131.969743415579,154.065933476765,151.01089327964,204.481117647118,259.442917595754,133.984214699576,74.7304794244225
0,0,0,217.157696745803,151.075371308616,269.936825670274,82.6426202489162,90.7216186966914,190.185165668632,115.332064605654,167.066576495979,133.218162784108,0,148.808626413748,143.005810983322,0,0,181.316358113209,0,0,348.674510760064,178.748963182352,0,300.031143529538,0,80.4367166559625,154.070293657878,0,208.005106191961,0,0,202.712457066107,0,131.969743415579,0,333.645516435298,231.715271819474,192.693757128262,0,111.435629183184,263.534399241887
0,0,0,171.906398392157,0,0,255.441154257905,195.378266313867,0,158.567996645797,106.128596538706,62.859596780235,153.453047983244,0,0,0,0,0,128.846764897717,163.945208919892,0,194.442125915551,0,197.893790332676,0,0,180.90030328818,153.672550905948,0,0,0,0,0,154.065933476765,333.645516435298,0,142.385058730083,108.136066660554,220.963068032256,0,101.895308036513
98.2230592632363,0,0,0,106.926813611922,321.124897279917,139.792601838991,115.114253591495,0,118.522099274347,104.915316975638,112.349934713559,96.7845769653343,0,0,0,0,195.314816908693,247.66948903751,261.605527103798,145.74089716123,95.7590805983148,135.667029391615,164.032723165762,193.659409924573,120.912756812582,82.4756938751058,283.248188884028,66.5008477853491,0,306.344527664232,0,137.177378802006,151.01089327964,231.715271819474,142.385058730083,0,183.786860782462,90.1317194604647,188.851177466023,109.093416850988
0,0,0,0,0,219.078548227669,0,188.936291522747,0,0,309.997227542691,180.543851962045,0,0,153.876396855887,218.045528847001,120.567029282014,276.620869034647,0,0,0,0,0,171.230058197369,262.382215657622,193.63278243493,0,191.519780382943,0,325.937289045041,0,329.719143597451,0,204.481117647118,192.693757128262,108.136066660554,183.786860782462,0,0,82.1742780037132,168.241326865882
0,0,0,0,0,0,97.3506957544063,0,151.036729364761,141.204637091722,0,283.88658203332,0,241.57250333243,0,0,0,0,0,80.8080171296381,0,0,250.461724766314,0,0,0,195.822649557859,175.196329314064,0,0,115.871357769661,0,0,259.442917595754,0,220.963068032256,90.1317194604647,0,0,198.528111506785,184.249961885477
0,0,0,71.4788760670054,0,226.825099357786,0,0,220.901129804706,205.09013266389,0,162.833808134102,61.0664810463559,259.055025639447,116.054372245433,0,0,154.142998692322,101.443495235174,93.4234866874731,124.853650664477,82.6299537488922,0,58.3493451392805,110.384905066973,236.681907140956,193.055010680236,0,338.131802716296,128.405764333981,0,0,0,133.984214699576,111.435629183184,0,188.851177466023,82.1742780037132,198.528111506785,0,119.728129215699
0,201.100640800745,94.8881692391942,0,0,0,212.592150359921,98.417953423071,0,0,112.793316814908,119.345624434514,0,106.533627130087,0,84.3635741045246,0,0,0,87.8456058929559,178.683678585178,0,0,0,0,0,114.511014214502,0,173.001559092555,71.5579325720569,0,92.5207898118833,0,74.7304794244225,263.534399241887,101.895308036513,109.093416850988,168.241326865882,184.249961885477,119.728129215699,0
