0,0,0,0,180.543851962045,0,325.937289045041,0,0,0,0,0,0,0,0,0,0,0,0,0,0,0,145.74089716123,211.840482897052,0,0,0,208.005106191961,0,0,0,0,0,0,0,0,0,0,0,200.878319874537,0
0,0,0,0,0,0,224.551207449728,101.85207633558,348.674510760064,0,73.1029054543569,0,0,0,0,0,0,0,0,0,0,0,0,0,0,0,0,0,151.01089327964,0,0,0,0,62.311273509377,148.808626413748,0,0,0,0,0,0
0,0,0,0,0,0,0,99.2646516363145,0,0,0,0,0,0,0,0,0,0,0,0,0,0,0,0,0,113.144980278377,0,118.522099274347,0,0,0,0,0,0,0,0,283.248188884028,0,0,134.566479261133,0
0,0,0,0,0,0,0,161.74915061469,238.934743274142,0,0,0,0,0,0,0,0,0,162.833808134102,196.04190773555,76.5072790361762,0,0,94.7529894315991,0,241.682021696872,0,0,0,0,0,0,0,172.608400267715,0,128.530575464043,180.90030328818,0,323.781250289068,74.7304794244225,223.705816669619
180.543851962045,0,0,0,0,154.784755881607,321.124897279917,0,0,0,106.33736463831,201.44584889478,0,0,0,0,0,0,0,0,0,0,0,215.611029055736,0,306.344527664232,0,0,0,0,0,101.5853655613,0,161.275817184598,198.528111506785,154.070293657878,0,100.812745974529,320.356811100276,195.314816908693,0
0,0,0,0,154.784755881607,0,300.031143529538,0,0,0,0,72.2278283150671,0,0,0,0,0,227.504408813069,0,139.792601838991,161.302948562323,0,0,0,92.5207898118833,89.9429017381717,0,153.609372090384,0,0,0,0,0,289.631679007608,329.719143597451,0,80.8080171296381,169.742003380707,0,0,165.893015276821
325.937289045041,224.551207449728,0,0,321.124897279917,300.031143529538,0,0,0,122.106946855269,0,74.5815074003433,0,0,0,70.4221432298295,0,0,0,108.381749703452,0,0,0,0,0,0,104.915316975638,113.059176128709,0,0,0,0,0,0,61.0664810463559,241.635434294794,89.3673883748406,0,0,0,0
0,101.85207633558,99.2646516363145,161.74915061469,0,0,0,0,231.050882209,106.533627130087,0,0,0,0,97.3506957544063,0,0,0,262.382215657622,0,0,0,0,0,0,115.194491798135,89.1590885155172,150.161410108805,213.67670887414,0,0,160.537522273714,0,0,0,0,231.715271819474,73.4795582048751,0,212.592150359921,96.5937438588657
0,348.674510760064,0,238.934743274142,0,0,0,231.050882209,0,93.5029580098427,0,142.054529471577,0,0,0,0,0,0,0,0,0,0,0,171.906398392157,0,0,0,183.786860782462,0,0,0,199.492852797962,0,167.066576495979,0,0,135.294330067913,0,0,0,232.945974238958
0,0,0,0,0,0,122.106946855269,106.533627130087,93.5029580098427,0,241.57250333243,124.853650664477,0,0,0,0,0,250.461724766314,0,345.797434674459,0,117.208001126138,155.24952173131,0,0,0,0,94.7280504127031,195.822649557859,0,161.694997919804,106.128596538706,0,226.825099357786,191.519780382943,78.9559315574845,120.567029282014,0,0,214.116367924649,0
0,73.1029054543569,0,0,106.33736463831,0,0,0,0,241.57250333243,0,0,0,0,0,0,0,0,0,165.597665022977,0,0,0,139.654362654449,357.423078228283,188.851177466023,204.481117647118,151.695570509541,0,197.486504603685,0,0,0,0,0,125.994729980093,309.997227542691,253.401634605989,201.100640800745,114.649126378906,219.078548227669
0,0,0,0,201.44584889478,72.2278283150671,74.5815074003433,0,142.054529471577,124.853650664477,0,0,0,0,94.8881692391942,192.693757128262,0,236.681907140956,87.8456058929559,0,136.685314494491,0,101.350815329073,0,0,0,0,98.417953423071,0,0,0,218.045528847001,0,193.63278243493,190.185165668632,97.3232815600345,82.1742780037132,187.77054666536,99.3508940827211,269.936825670274,303.527509149359
0,0,0,0,0,0,0,0,0,0,0,0,0,0,0,0,0,0,0,0,0,0,0,186.973586461633,0,0,221.805809452716,0,0,0,0,0,0,247.66948903751,0,0,206.472608421747,321.864157986053,0,101.605593487621,0
0,0,0,0,0,0,0,0,0,0,0,0,0,0,0,160.530221557972,120.912756812582,0,0,89.707245288964,0,0,0,0,74.4197823064597,0,134.960780198024,128.405764333981,228.075434767255,71.4788760670054,94.126460729827,0,193.055010680236,0,0,0,110.384905066973,0,172.892533368851,115.332064605654,175.196329314064
0,0,0,0,0,0,0,97.3506957544063,0,0,0,94.8881692391942,0,0,0,0,0,0,0,180.355266595273,0,0,0,0,169.453147353278,249.905610015455,94.9380989123498,153.453047983244,259.442917595754,0,0,0,0,80.4367166559625,101.895308036513,197.893790332676,0,0,97.5855511246009,0,0
0,0,0,0,0,0,70.4221432298295,0,0,0,0,192.693757128262,0,160.530221557972,0,0,0,240.185081663983,0,0,0,0,0,0,0,0,0,78.8552325762656,114.511014214502,0,0,0,0,154.065933476765,146.99041817625,255.441154257905,224.523755099568,0,0,119.728129215699,0
0,0,0,0,0,0,0,0,0,0,0,0,0,120.912756812582,0,0,0,115.868441404982,0,0,0,0,133.218162784108,261.440278806413,0,173.059382066957,0,90.1317194604647,0,0,0,0,0,67.8267069095267,71.5579325720569,0,163.945208919892,157.852515740516,0,0,0
0,0,0,0,0,227.504408813069,0,0,0,250.461724766314,0,236.681907140956,0,0,0,240.185081663983,115.868441404982,0,0,0,0,0,0,0,0,193.659409924573,0,103.519938150021,0,0,0,0,0,155.901486485736,0,0,151.075371308616,0,0,0,0
0,0,0,162.833808134102,0,0,0,262.382215657622,0,0,0,87.8456058929559,0,0,0,0,0,0,0,0,0,0,0,252.487290983309,0,0,153.672550905948,0,347.376449530863,192.135034768848,0,220.963068032256,0,193.777661225572,146.465927798921,0,0,0,0,93.4234866874731,137.189596148386
0,0,0,196.04190773555,0,139.792601838991,108.381749703452,0,0,345.797434674459,165.597665022977,0,0,89.707245288964,180.355266595273,0,0,0,0,0,154.142998692322,0,0,0,0,0,84.3635741045246,82.4756938751058,178.224497384947,146.770754374523,0,0,0,112.793316814908,173.201474590904,85.7623170715703,158.567996645797,0,0,0,228.792310020318
0,0,0,76.5072790361762,0,161.302948562323,0,0,0,0,0,136.685314494491,0,0,0,0,0,0,0,154.142998692322,0,0,0,0,98.2230592632363,0,0,95.7590805983148,0,0,0,143.005810983322,0,115.871357769661,306.640284138334,196.032358954952,0,115.541295036174,98.6790043377568,173.538155409849,0
0,0,0,0,0,0,0,0,0,117.208001126138,0,0,0,0,0,0,0,0,0,0,0,0,0,222.053792850439,0,0,0,242.790381480436,0,0,0,0,0,0,92.3502314520023,0,353.822894641502,92.5568465385234,0,220.901129804706,179.718364159796
145.74089716123,0,0,0,0,0,0,0,0,155.24952173131,0,101.350815329073,0,0,0,0,133.218162784108,0,0,0,0,0,0,0,139.93285932648,0,0,119.345624434514,206.912707094411,0,263.534399241887,0,0,161.325017232684,181.316358113209,94.027247878695,153.876396855887,173.001559092555,0,283.88658203332,205.839960264176
211.840482897052,0,0,94.7529894315991,215.611029055736,0,0,0,171.906398392157,0,139.654362654449,0,186.973586461633,0,0,0,261.440278806413,0,252.487290983309,0,0,222.053792850439,0,0,0,171.230058197369,0,0,116.054372245433,0,82.6299537488922,0,0,261.605527103798,177.763106506206,112.823430872325,112.349934713559,0,82.6426202489162,158.955087279859,198.964527389285
0,0,0,0,0,92.5207898118833,0,0,0,0,357.423078228283,0,0,74.4197823064597,169.453147353278,0,0,0,0,0,98.2230592632363,0,139.93285932648,0,0,0,58.3493451392805,0,135.667029391615,0,0,0,0,0,0,104.369974912428,0,178.683678585178,0,0,0
0,0,113.144980278377,241.682021696872,306.344527664232,89.9429017381717,0,115.194491798135,0,0,188.851177466023,0,0,0,249.905610015455,0,173.059382066957,193.659409924573,0,0,0,0,0,171.230058197369,0,0,62.859596780235,276.620869034647,141.204637091722,115.114253591495,0,0,0,159.183173818572,217.157696745803,111.226326353722,205.183249704085,0,0,128.846764897717,66.5008477853491
0,0,0,0,0,0,104.915316975638,89.1590885155172,0,0,204.481117647118,0,221.805809452716,134.960780198024,94.9380989123498,0,0,0,153.672550905948,84.3635741045246,0,0,0,0,58.3493451392805,62.859596780235,0,205.09013266389,0,335.371040201042,0,249.798812580765,0,0,140.574866691684,168.241326865882,151.806152521152,194.442125915551,219.430938885781,192.601533877686,280.376028997576
208.005106191961,0,118.522099274347,0,0,153.609372090384,113.059176128709,150.161410108805,183.786860782462,94.7280504127031,151.695570509541,98.417953423071,0,128.405764333981,153.453047983244,78.8552325762656,90.1317194604647,103.519938150021,0,82.4756938751058,95.7590805983148,242.790381480436,119.345624434514,0,0,276.620869034647,205.09013266389,0,0,0,0,0,0,111.435629183184,90.7216186966914,0,109.093416850988,284.529238481835,138.425725342224,81.2827395071039,116.176698124939
0,151.01089327964,0,0,0,0,0,213.67670887414,0,195.822649557859,0,0,0,228.075434767255,259.442917595754,114.511014214502,0,0,347.376449530863,178.224497384947,0,0,206.912707094411,116.054372245433,135.667029391615,141.204637091722,0,0,0,204.084074037941,0,131.969743415579,106.926813611922,124.698445421759,142.385058730083,0,164.032723165762,137.239127032733,125.416941482916,133.984214699576,0
0,0,0,0,0,0,0,0,0,0,197.486504603685,0,0,71.4788760670054,0,0,0,0,192.135034768848,146.770754374523,0,0,0,0,0,115.114253591495,335.371040201042,0,204.084074037941,0,0,0,0,125.81518738273,314.611698427915,0,0,219.040656038919,0,178.748963182352,0
0,0,0,0,0,0,0,0,0,161.694997919804,0,0,0,94.126460729827,0,0,0,0,0,0,0,0,263.534399241887,82.6299537488922,0,0,0,0,0,0,0,0,0,338.131802716296,0,0,0,0,0,0,209.996727521564
0,0,0,0,101.5853655613,0,0,160.537522273714,199.492852797962,106.128596538706,0,218.045528847001,0,0,0,0,0,0,220.963068032256,0,143.005810983322,0,0,0,0,0,249.798812580765,0,131.969743415579,0,0,0,0,0,0,0,259.055025639447,0,81.9664354533492,0,0
0,0,0,0,0,0,0,0,0,0,0,0,0,193.055010680236,0,0,0,0,0,0,0,0,0,0,0,0,0,0,106.926813611922,0,0,0,0,0,0,186.348837226466,137.177378802006,0,0,333.645516435298,0
0,62.311273509377,0,172.608400267715,161.275817184598,289.631679007608,0,0,167.066576495979,226.825099357786,0,193.63278243493,247.66948903751,0,80.4367166559625,154.065933476765,67.8267069095267,155.901486485736,193.777661225572,112.793316814908,115.871357769661,0,161.325017232684,261.605527103798,0,159.183173818572,0,111.435629183184,124.698445421759,125.81518738273,338.131802716296,0,0,0,0,225.013371621378,75.4497121078207,0,0,174.013630695256,151.036729364761
0,148.808626413748,0,0,198.528111506785,329.719143597451,61.0664810463559,0,0,191.519780382943,0,190.185165668632,0,0,101.895308036513,146.99041817625,71.5579325720569,0,146.465927798921,173.201474590904,306.640284138334,92.3502314520023,181.316358113209,177.763106506206,0,217.157696745803,140.574866691684,90.7216186966914,142.385058730083,314.611698427915,0,0,0,0,0,0,108.136066660554,188.936291522747,146.814226519809,163.059043292369,202.712457066107
0,0,0,128.530575464043,154.070293657878,0,241.635434294794,0,0,78.9559315574845,125.994729980093,97.3232815600345,0,0,197.893790332676,255.441154257905,0,0,0,85.7623170715703,196.032358954952,0,94.027247878695,112.823430872325,104.369974912428,111.226326353722,168.241326865882,0,0,0,0,0,186.348837226466,225.013371621378,0,0,0,251.098274723989,0,0,184.249961885477
0,0,283.248188884028,180.90030328818,0,80.8080171296381,89.3673883748406,231.715271819474,135.294330067913,120.567029282014,309.997227542691,82.1742780037132,206.472608421747,110.384905066973,0,224.523755099568,163.945208919892,151.075371308616,0,158.567996645797,0,353.822894641502,153.876396855887,112.349934713559,0,205.183249704085,151.806152521152,109.093416850988,164.032723165762,0,0,259.055025639447,137.177378802006,75.4497121078207,108.136066660554,0,0,195.378266313867,96.7845769653343,101.443495235174,136.792307586862
0,0,0,0,100.812745974529,169.742003380707,0,73.4795582048751,0,0,253.401634605989,187.77054666536,321.864157986053,0,0,0,157.852515740516,0,0,0,115.541295036174,92.5568465385234,173.001559092555,0,178.683678585178,0,194.442125915551,284.529238481835,137.239127032733,219.040656038919,0,0,0,0,188.936291522747,251.098274723989,195.378266313867,0,138.33942793804,0,85.6072705949986
0,0,0,323.781250289068,320.356811100276,0,0,0,0,0,201.100640800745,99.3508940827211,0,172.892533368851,97.5855511246009,0,0,0,0,0,98.6790043377568,0,0,82.6426202489162,0,0,219.430938885781,138.425725342224,125.416941482916,0,0,81.9664354533492,0,0,146.814226519809,0,96.7845769653343,138.33942793804,0,0,0
200.878319874537,0,134.566479261133,74.7304794244225,195.314816908693,0,0,212.592150359921,0,214.116367924649,114.649126378906,269.936825670274,101.605593487621,115.332064605654,0,119.728129215699,0,0,93.4234866874731,0,173.538155409849,220.901129804706,283.88658203332,158.955087279859,0,128.846764897717,192.601533877686,81.2827395071039,133.984214699576,178.748963182352,0,0,333.645516435298,174.013630695256,163.059043292369,0,101.443495235174,0,0,0,0
0,0,0,223.705816669619,0,165.893015276821,0,96.5937438588657,232.945974238958,0,219.078548227669,303.527509149359,0,175.196329314064,0,0,0,0,137.189596148386,228.792310020318,0,179.718364159796,205.839960264176,198.964527389285,0,66.5008477853491,280.376028997576,116.176698124939,0,0,209.996727521564,0,0,151.036729364761,202.712457066107,184.249961885477,136.792307586862,85.6072705949986,0,0,0
