0,0,0,0,0,0,155.24952173131,0,0,0,0,0,0,0,133.984214699576,0,0,0,0,0,329.719143597451,0,0,0,0,0,0,78.8552325762656,0,0,94.8881692391942,0,0,0,100.812745974529,0,0,0,0,0,0
0,0,0,0,0,0,0,0,0,0,0,0,0,0,0,124.698445421759,0,0,0,208.005106191961,0,122.106946855269,0,0,114.649126378906,0,0,0,0,0,0,0,0,0,106.533627130087,138.425725342224,0,0,0,0,81.9664354533492
0,0,0,0,0,0,0,0,0,0,0,62.311273509377,0,0,0,0,0,0,0,0,0,0,0,0,0,0,0,0,0,0,0,0,0,201.44584889478,0,0,94.9380989123498,128.530575464043,0,0,106.926813611922
0,0,0,0,0,0,0,161.74915061469,0,0,139.654362654449,0,0,0,0,0,193.63278243493,114.511014214502,0,0,87.8456058929559,0,0,0,0,0,0,205.09013266389,347.376449530863,0,0,0,0,89.3673883748406,99.3508940827211,173.201474590904,197.893790332676,0,128.846764897717,0,211.840482897052
0,0,0,0,0,80.8080171296381,0,160.530221557972,0,213.67670887414,0,172.608400267715,0,0,0,0,0,0,0,0,191.519780382943,150.161410108805,0,82.6299537488922,0,0,357.423078228283,0,0,0,338.131802716296,0,0,0,106.128596538706,66.5008477853491,306.344527664232,0,73.1029054543569,221.805809452716,0
0,0,0,0,80.8080171296381,0,0,93.5029580098427,261.605527103798,0,204.084074037941,94.027247878695,0,0,0,0,0,0,0,0,192.601533877686,0,0,0,0,140.574866691684,241.635434294794,276.620869034647,241.682021696872,0,0,0,0,74.4197823064597,94.7280504127031,0,165.597665022977,0,0,0,112.793316814908
155.24952173131,0,0,0,0,0,0,112.349934713559,0,146.814226519809,0,249.798812580765,0,0,0,0,0,0,0,0,0,0,193.055010680236,0,0,0,0,335.371040201042,98.417953423071,0,0,181.316358113209,0,74.7304794244225,0,206.912707094411,314.611698427915,303.527509149359,0,112.823430872325,0
0,0,0,161.74915061469,160.530221557972,93.5029580098427,112.349934713559,0,0,0,0,120.567029282014,179.718364159796,0,0,0,0,0,0,94.7529894315991,0,0,116.176698124939,0,0,205.839960264176,76.5072790361762,0,320.356811100276,0,0,101.5853655613,0,135.667029391615,193.659409924573,85.6072705949986,0,0,0,71.4788760670054,0
0,0,0,0,0,261.605527103798,0,0,0,0,0,0,0,0,134.960780198024,220.901129804706,0,0,0,0,0,0,151.075371308616,0,0,0,142.054529471577,82.6426202489162,249.905610015455,0,224.551207449728,0,0,0,135.294330067913,0,0,158.567996645797,0,0,72.2278283150671
0,0,0,0,213.67670887414,0,146.814226519809,0,0,0,283.248188884028,238.934743274142,212.592150359921,115.871357769661,0,0,0,0,0,0,0,0,0,71.5579325720569,67.8267069095267,70.4221432298295,0,0,0,262.382215657622,0,197.486504603685,0,186.348837226466,93.4234866874731,136.685314494491,94.126460729827,125.994729980093,0,236.681907140956,98.6790043377568
0,0,0,139.654362654449,0,204.084074037941,0,0,0,283.248188884028,0,0,0,0,0,115.868441404982,0,223.705816669619,0,136.792307586862,199.492852797962,0,0,0,0,151.01089327964,169.742003380707,154.142998692322,101.85207633558,0,0,0,0,204.481117647118,217.157696745803,180.355266595273,0,192.135034768848,0,0,117.208001126138
0,0,62.311273509377,0,172.608400267715,94.027247878695,249.798812580765,120.567029282014,0,238.934743274142,0,0,141.204637091722,194.442125915551,0,0,0,0,171.230058197369,0,0,0,0,183.786860782462,0,163.059043292369,0,242.790381480436,0,0,0,187.77054666536,154.784755881607,193.777661225572,138.33942793804,62.859596780235,84.3635741045246,255.441154257905,0,143.005810983322,159.183173818572
0,0,0,0,0,0,0,179.718364159796,0,212.592150359921,0,141.204637091722,0,205.183249704085,0,90.7216186966914,0,0,0,0,0,0,0,104.369974912428,0,0,0,0,0,0,0,0,0,0,0,0,0,0,0,0,0
0,0,0,0,0,0,0,0,0,115.871357769661,0,194.442125915551,205.183249704085,0,0,177.763106506206,0,0,146.465927798921,0,61.0664810463559,101.350815329073,0,0,0,172.892533368851,89.707245288964,192.693757128262,0,0,0,0,0,259.442917595754,0,261.440278806413,224.523755099568,0,0,173.001559092555,0
133.984214699576,0,0,0,0,0,0,0,134.960780198024,0,0,0,0,0,0,0,167.066576495979,0,0,153.609372090384,0,0,0,119.345624434514,0,0,101.895308036513,137.239127032733,0,0,0,0,0,0,137.189596148386,0,80.4367166559625,219.078548227669,0,188.851177466023,309.997227542691
0,124.698445421759,0,0,0,0,0,0,220.901129804706,0,115.868441404982,0,90.7216186966914,177.763106506206,0,0,0,0,0,0,0,0,99.2646516363145,0,0,125.81518738273,0,0,101.443495235174,0,0,0,0,0,0,0,201.100640800745,0,186.973586461633,225.013371621378,0
0,0,0,193.63278243493,0,0,0,0,0,0,0,0,0,0,167.066576495979,0,0,0,0,0,0,0,0,209.996727521564,161.275817184598,0,98.2230592632363,124.853650664477,0,0,0,0,0,178.683678585178,96.5937438588657,0,151.695570509541,0,0,0,200.878319874537
0,0,0,114.511014214502,0,0,0,0,0,0,223.705816669619,0,0,0,0,0,0,0,220.963068032256,0,0,0,0,173.059382066957,0,0,0,74.5815074003433,0,0,0,0,0,0,283.88658203332,0,163.945208919892,0,106.33736463831,253.401634605989,0
0,0,0,0,0,0,0,0,0,0,0,171.230058197369,0,146.465927798921,0,0,0,220.963068032256,0,104.915316975638,226.825099357786,0,289.631679007608,321.124897279917,0,0,0,0,115.194491798135,92.5568465385234,0,0,0,133.218162784108,227.504408813069,0,0,0,0,196.04190773555,0
0,208.005106191961,0,0,0,0,0,94.7529894315991,0,0,136.792307586862,0,0,0,153.609372090384,0,0,0,104.915316975638,0,0,0,161.694997919804,97.3506957544063,0,196.032358954952,0,96.7845769653343,0,174.013630695256,0,0,0,345.797434674459,0,300.031143529538,178.224497384947,252.487290983309,90.1317194604647,333.645516435298,206.472608421747
329.719143597451,0,0,87.8456058929559,191.519780382943,192.601533877686,0,0,0,0,199.492852797962,0,0,61.0664810463559,0,0,0,0,226.825099357786,0,0,0,0,0,0,0,184.249961885477,0,131.969743415579,0,0,0,0,247.66948903751,0,251.098274723989,202.712457066107,0,0,120.912756812582,0
0,122.106946855269,0,0,150.161410108805,0,0,0,0,0,0,0,0,101.350815329073,0,0,0,0,0,0,0,0,280.376028997576,0,0,139.792601838991,0,161.325017232684,0,0,198.528111506785,0,0,0,0,0,162.833808134102,0,0,0,0
0,0,0,0,0,0,193.055010680236,116.176698124939,151.075371308616,0,0,0,0,0,0,99.2646516363145,0,0,289.631679007608,161.694997919804,0,280.376028997576,0,89.9429017381717,0,0,134.566479261133,111.435629183184,73.4795582048751,188.936291522747,0,0,0,0,155.901486485736,0,0,148.808626413748,0,0,263.534399241887
0,0,0,0,82.6299537488922,0,0,0,0,71.5579325720569,0,183.786860782462,104.369974912428,0,119.345624434514,0,209.996727521564,173.059382066957,321.124897279917,97.3506957544063,0,0,89.9429017381717,0,0,157.852515740516,0,214.116367924649,171.906398392157,0,0,0,0,228.792310020318,0,250.461724766314,115.332064605654,108.136066660554,0,219.040656038919,103.519938150021
0,114.649126378906,0,0,0,0,0,0,0,67.8267069095267,0,0,0,0,0,0,161.275817184598,0,0,0,0,0,0,0,0,175.196329314064,0,232.945974238958,0,0,0,0,0,180.90030328818,160.537522273714,0,0,222.053792850439,219.430938885781,0,218.045528847001
0,0,0,0,0,140.574866691684,0,205.839960264176,0,70.4221432298295,151.01089327964,163.059043292369,0,172.892533368851,0,125.81518738273,0,0,0,196.032358954952,0,139.792601838991,0,157.852515740516,175.196329314064,0,95.7590805983148,116.054372245433,198.964527389285,0,0,111.226326353722,0,190.185165668632,0,165.893015276821,82.1742780037132,154.065933476765,228.075434767255,0,0
0,0,0,0,357.423078228283,241.635434294794,0,76.5072790361762,142.054529471577,0,169.742003380707,0,0,89.707245288964,101.895308036513,0,98.2230592632363,0,0,0,184.249961885477,0,134.566479261133,0,0,95.7590805983148,0,231.050882209,58.3493451392805,269.936825670274,0,161.302948562323,0,128.405764333981,0,115.114253591495,195.314816908693,240.185081663983,97.3232815600345,0,0
78.8552325762656,0,0,205.09013266389,0,276.620869034647,335.371040201042,0,82.6426202489162,0,154.142998692322,242.790381480436,0,192.693757128262,137.239127032733,0,124.853650664477,74.5815074003433,0,96.7845769653343,0,161.325017232684,111.435629183184,214.116367924649,232.945974238958,116.054372245433,231.050882209,0,82.4756938751058,75.4497121078207,146.99041817625,113.059176128709,0,0,323.781250289068,0,101.605593487621,108.381749703452,78.9559315574845,169.453147353278,0
0,0,0,347.376449530863,0,241.682021696872,98.417953423071,320.356811100276,249.905610015455,0,101.85207633558,0,0,0,0,101.443495235174,0,0,115.194491798135,0,131.969743415579,0,73.4795582048751,171.906398392157,0,198.964527389285,58.3493451392805,82.4756938751058,0,0,0,0,0,92.5207898118833,81.2827395071039,0,153.453047983244,97.5855511246009,164.032723165762,306.640284138334,231.715271819474
0,0,0,0,0,0,0,0,0,262.382215657622,0,0,0,0,0,0,0,0,92.5568465385234,174.013630695256,0,0,188.936291522747,0,0,0,269.936825670274,75.4497121078207,0,0,0,0,0,195.822649557859,0,119.728129215699,173.538155409849,0,0,110.384905066973,145.74089716123
94.8881692391942,0,0,0,338.131802716296,0,0,0,224.551207449728,0,0,0,0,0,0,0,0,0,0,0,0,198.528111506785,0,0,0,0,0,146.99041817625,0,0,0,0,0,0,0,0,118.522099274347,0,0,0,0
0,0,0,0,0,0,181.316358113209,101.5853655613,0,197.486504603685,0,187.77054666536,0,0,0,0,0,0,0,0,0,0,0,0,0,111.226326353722,161.302948562323,113.059176128709,0,0,0,0,0,151.806152521152,0,0,109.093416850988,0,0,178.748963182352,325.937289045041
0,0,0,0,0,0,0,0,0,0,0,154.784755881607,0,0,0,0,0,0,0,0,0,0,0,0,0,0,0,0,0,0,0,0,0,0,113.144980278377,0,154.070293657878,0,153.672550905948,259.055025639447,0
0,0,201.44584889478,89.3673883748406,0,74.4197823064597,74.7304794244225,135.667029391615,0,186.348837226466,204.481117647118,193.777661225572,0,259.442917595754,0,0,178.683678585178,0,133.218162784108,345.797434674459,247.66948903751,0,0,228.792310020318,180.90030328818,190.185165668632,128.405764333981,0,92.5207898118833,195.822649557859,0,151.806152521152,0,0,92.3502314520023,0,348.674510760064,215.611029055736,284.529238481835,321.864157986053,195.378266313867
100.812745974529,106.533627130087,0,99.3508940827211,106.128596538706,94.7280504127031,0,193.659409924573,135.294330067913,93.4234866874731,217.157696745803,138.33942793804,0,0,137.189596148386,0,96.5937438588657,283.88658203332,227.504408813069,0,0,0,155.901486485736,0,160.537522273714,0,0,323.781250289068,81.2827395071039,0,0,0,113.144980278377,92.3502314520023,0,142.385058730083,146.770754374523,180.543851962045,0,158.955087279859,241.57250333243
0,138.425725342224,0,173.201474590904,66.5008477853491,0,206.912707094411,85.6072705949986,0,136.685314494491,180.355266595273,62.859596780235,0,261.440278806413,0,0,0,0,0,300.031143529538,251.098274723989,0,0,250.461724766314,0,165.893015276821,115.114253591495,0,0,119.728129215699,0,0,0,0,142.385058730083,0,353.822894641502,0,153.876396855887,137.177378802006,0
0,0,94.9380989123498,197.893790332676,306.344527664232,165.597665022977,314.611698427915,0,0,94.126460729827,0,84.3635741045246,0,224.523755099568,80.4367166559625,201.100640800745,151.695570509541,163.945208919892,0,178.224497384947,202.712457066107,162.833808134102,0,115.332064605654,0,82.1742780037132,195.314816908693,101.605593487621,153.453047983244,173.538155409849,118.522099274347,109.093416850988,154.070293657878,348.674510760064,146.770754374523,353.822894641502,0,125.416941482916,89.1590885155172,151.036729364761,0
0,0,128.530575464043,0,0,0,303.527509149359,0,158.567996645797,125.994729980093,192.135034768848,255.441154257905,0,0,219.078548227669,0,0,0,0,252.487290983309,0,0,148.808626413748,108.136066660554,222.053792850439,154.065933476765,240.185081663983,108.381749703452,97.5855511246009,0,0,0,0,215.611029055736,180.543851962045,0,125.416941482916,0,0,168.241326865882,139.93285932648
0,0,0,128.846764897717,73.1029054543569,0,0,0,0,0,0,0,0,0,0,186.973586461633,0,106.33736463831,0,90.1317194604647,0,0,0,0,219.430938885781,228.075434767255,97.3232815600345,78.9559315574845,164.032723165762,0,0,0,153.672550905948,284.529238481835,0,153.876396855887,89.1590885155172,0,0,115.541295036174,0
0,0,0,0,221.805809452716,0,112.823430872325,71.4788760670054,0,236.681907140956,0,143.005810983322,0,173.001559092555,188.851177466023,225.013371621378,0,253.401634605989,196.04190773555,333.645516435298,120.912756812582,0,0,219.040656038919,0,0,0,169.453147353278,306.640284138334,110.384905066973,0,178.748963182352,259.055025639447,321.864157986053,158.955087279859,137.177378802006,151.036729364761,168.241326865882,115.541295036174,0,85.7623170715703
0,81.9664354533492,106.926813611922,211.840482897052,0,112.793316814908,0,0,72.2278283150671,98.6790043377568,117.208001126138,159.183173818572,0,0,309.997227542691,0,200.878319874537,0,0,206.472608421747,0,0,263.534399241887,103.519938150021,218.045528847001,0,0,0,231.715271819474,145.74089716123,0,325.937289045041,0,195.378266313867,241.57250333243,0,0,139.93285932648,0,85.7623170715703,0
