0,0,0,0,0,0,0,0,0,0,0,0,0,131.969743415579,0,0,0,0,0,96.7845769653343,0,0,280.376028997576,0,0,0,0,117.208001126138,0,0,0,0,0,0,0,0,0,0,172.608400267715,183.786860782462,0
0,0,0,0,0,0,0,0,0,0,0,0,0,314.611698427915,0,0,0,0,0,0,0,196.04190773555,0,0,0,193.659409924573,0,67.8267069095267,62.859596780235,0,0,98.417953423071,0,0,178.748963182352,0,0,0,0,0,0
0,0,0,0,0,0,0,0,0,0,0,228.075434767255,0,0,0,0,0,0,0,0,0,0,0,0,0,89.1590885155172,0,159.183173818572,0,0,205.183249704085,0,0,0,0,0,82.6299537488922,0,0,0,0
0,0,0,0,0,204.084074037941,153.453047983244,0,0,323.781250289068,164.032723165762,241.57250333243,219.078548227669,0,0,0,0,0,85.6072705949986,0,0,215.611029055736,0,0,0,0,0,115.871357769661,0,0,0,0,0,154.070293657878,0,175.196329314064,158.955087279859,73.4795582048751,0,0,0
0,0,0,0,0,61.0664810463559,0,0,0,263.534399241887,138.425725342224,171.906398392157,0,0,90.1317194604647,114.649126378906,0,0,0,0,0,0,0,0,0,0,0,0,115.194491798135,0,0,0,0,101.443495235174,138.33942793804,227.504408813069,345.797434674459,165.597665022977,0,276.620869034647,193.63278243493
0,0,0,204.084074037941,61.0664810463559,0,0,0,0,106.533627130087,0,153.609372090384,197.893790332676,0,0,0,0,0,0,0,0,0,0,119.728129215699,0,0,95.7590805983148,155.24952173131,139.792601838991,347.376449530863,0,0,0,242.790381480436,0,0,209.996727521564,162.833808134102,0,111.435629183184,0
0,0,0,153.453047983244,0,0,0,0,0,0,201.100640800745,353.822894641502,0,0,0,0,0,0,101.605593487621,0,125.416941482916,0,108.381749703452,82.6426202489162,0,108.136066660554,98.2230592632363,155.901486485736,0,0,0,120.567029282014,0,0,0,0,0,0,214.116367924649,153.876396855887,0
0,0,0,0,0,0,0,0,0,128.846764897717,0,0,0,0,146.465927798921,154.142998692322,112.793316814908,218.045528847001,0,94.8881692391942,0,136.685314494491,0,0,0,0,219.040656038919,80.8080171296381,151.036729364761,0,0,0,0,219.430938885781,0,118.522099274347,238.934743274142,253.401634605989,0,224.523755099568,78.9559315574845
0,0,0,0,0,0,0,0,0,0,0,0,0,195.314816908693,320.356811100276,0,0,0,0,0,0,0,110.384905066973,0,0,74.5815074003433,128.530575464043,151.806152521152,0,0,0,0,0,283.88658203332,232.945974238958,98.6790043377568,140.574866691684,0,0,329.719143597451,0
0,0,0,323.781250289068,263.534399241887,106.533627130087,0,128.846764897717,0,0,0,0,0,0,0,252.487290983309,0,76.5072790361762,113.059176128709,0,0,0,0,0,0,84.3635741045246,0,236.681907140956,146.99041817625,94.027247878695,0,0,0,139.654362654449,94.7529894315991,136.792307586862,103.519938150021,184.249961885477,0,247.66948903751,241.635434294794
0,0,0,164.032723165762,138.425725342224,0,201.100640800745,0,0,0,0,259.442917595754,0,0,197.486504603685,0,0,0,125.81518738273,173.201474590904,0,0,0,0,205.09013266389,112.349934713559,0,201.44584889478,78.8552325762656,133.984214699576,0,0,0,173.059382066957,169.453147353278,178.683678585178,0,0,0,158.567996645797,0
0,0,228.075434767255,241.57250333243,171.906398392157,153.609372090384,353.822894641502,0,0,0,259.442917595754,0,0,0,101.85207633558,0,0,0,0,94.126460729827,0,306.640284138334,141.204637091722,199.492852797962,0,0,213.67670887414,161.325017232684,205.839960264176,139.93285932648,116.054372245433,0,0,269.936825670274,180.355266595273,0,72.2278283150671,106.33736463831,0,113.144980278377,0
0,0,0,219.078548227669,0,197.893790332676,0,0,0,0,0,0,0,0,89.9429017381717,0,0,0,220.963068032256,0,0,0,0,186.973586461633,0,0,0,143.005810983322,0,0,0,0,0,0,0,0,0,0,0,0,0
131.969743415579,314.611698427915,0,0,0,0,0,0,195.314816908693,0,0,0,0,0,134.960780198024,0,0,0,0,115.541295036174,0,92.5568465385234,0,0,0,0,99.2646516363145,124.853650664477,224.551207449728,0,0,0,0,92.5207898118833,309.997227542691,0,171.230058197369,0,0,87.8456058929559,112.823430872325
0,0,0,0,90.1317194604647,0,0,146.465927798921,320.356811100276,0,197.486504603685,101.85207633558,89.9429017381717,134.960780198024,0,0,0,0,0,0,0,0,173.001559092555,0,0,0,89.3673883748406,0,0,0,0,0,0,0,137.177378802006,0,179.718364159796,73.1029054543569,0,0,0
0,0,0,0,114.649126378906,0,0,154.142998692322,0,252.487290983309,0,0,0,0,0,0,151.075371308616,0,160.537522273714,0,0,0,0,0,0,357.423078228283,0,74.4197823064597,101.5853655613,0,0,0,0,0,119.345624434514,0,321.124897279917,0,0,0,66.5008477853491
0,0,0,0,0,0,0,112.793316814908,0,0,0,0,0,0,0,151.075371308616,0,261.440278806413,190.185165668632,0,142.054529471577,0,0,0,0,0,0,0,249.905610015455,0,0,0,0,101.350815329073,262.382215657622,0,153.672550905948,0,0,0,128.405764333981
0,0,0,0,0,0,0,218.045528847001,0,76.5072790361762,0,0,0,0,0,0,261.440278806413,0,0,0,0,0,0,0,0,122.106946855269,300.031143529538,97.5855511246009,0,0,0,0,0,228.792310020318,217.157696745803,0,0,0,0,0,125.994729980093
0,0,0,85.6072705949986,0,0,101.605593487621,0,0,113.059176128709,125.81518738273,0,220.963068032256,0,0,160.537522273714,190.185165668632,0,0,90.7216186966914,0,0,0,0,0,325.937289045041,0,0,0,0,0,0,0,104.915316975638,0,0,172.892533368851,0,0,255.441154257905,0
96.7845769653343,0,0,0,0,0,0,94.8881692391942,0,0,173.201474590904,94.126460729827,0,115.541295036174,0,0,0,0,90.7216186966914,0,0,0,0,115.868441404982,174.013630695256,0,0,0,160.530221557972,0,0,161.74915061469,193.055010680236,75.4497121078207,106.926813611922,0,134.566479261133,202.712457066107,133.218162784108,0,99.3508940827211
0,0,0,0,0,0,125.416941482916,0,0,0,0,0,0,0,0,0,142.054529471577,0,0,0,0,150.161410108805,0,92.3502314520023,93.5029580098427,0,0,0,168.241326865882,0,0,208.005106191961,0,151.01089327964,81.2827395071039,241.682021696872,250.461724766314,204.481117647118,0,186.348837226466,0
0,196.04190773555,0,215.611029055736,0,0,0,136.685314494491,0,0,0,306.640284138334,0,92.5568465385234,0,0,0,0,0,0,150.161410108805,0,0,0,0,97.3232815600345,0,0,0,0,0,0,0,0,0,104.369974912428,0,0,0,0,0
280.376028997576,0,0,0,0,0,108.381749703452,0,110.384905066973,0,0,141.204637091722,0,0,173.001559092555,0,0,0,0,0,0,0,0,221.805809452716,212.592150359921,0,0,154.065933476765,194.442125915551,0,0,0,0,333.645516435298,85.7623170715703,82.1742780037132,111.226326353722,0,151.695570509541,0,146.770754374523
0,0,0,0,0,119.728129215699,82.6426202489162,0,0,0,0,199.492852797962,186.973586461633,0,0,0,0,0,0,115.868441404982,92.3502314520023,0,221.805809452716,0,0,0,0,193.777661225572,231.050882209,70.4221432298295,97.3506957544063,0,0,303.527509149359,181.316358113209,198.964527389285,206.912707094411,335.371040201042,161.302948562323,106.128596538706,177.763106506206
0,0,0,0,0,0,0,0,0,0,205.09013266389,0,0,0,0,0,0,0,0,174.013630695256,93.5029580098427,0,212.592150359921,0,0,0,0,0,0,137.239127032733,0,195.378266313867,0,188.851177466023,0,0,196.032358954952,100.812745974529,0,124.698445421759,0
0,193.659409924573,89.1590885155172,0,0,0,108.136066660554,0,74.5815074003433,84.3635741045246,112.349934713559,0,0,0,0,357.423078228283,0,122.106946855269,325.937289045041,0,0,97.3232815600345,0,0,0,0,146.814226519809,251.098274723989,0,0,0,94.9380989123498,157.852515740516,0,135.667029391615,137.189596148386,163.945208919892,0,94.7280504127031,167.066576495979,195.822649557859
0,0,0,0,0,95.7590805983148,98.2230592632363,219.040656038919,128.530575464043,0,0,213.67670887414,0,99.2646516363145,89.3673883748406,0,0,300.031143529538,0,0,0,0,0,0,0,146.814226519809,0,223.705816669619,192.135034768848,0,178.224497384947,0,225.013371621378,0,89.707245288964,148.808626413748,231.715271819474,198.528111506785,200.878319874537,284.529238481835,120.912756812582
117.208001126138,67.8267069095267,159.183173818572,115.871357769661,0,155.24952173131,155.901486485736,80.8080171296381,151.806152521152,236.681907140956,201.44584889478,161.325017232684,143.005810983322,124.853650664477,0,74.4197823064597,0,97.5855511246009,0,0,0,0,154.065933476765,193.777661225572,0,251.098274723989,223.705816669619,0,0,96.5937438588657,0,0,0,187.77054666536,348.674510760064,206.472608421747,0,80.4367166559625,109.093416850988,114.511014214502,226.825099357786
0,62.859596780235,0,0,115.194491798135,139.792601838991,0,151.036729364761,0,146.99041817625,78.8552325762656,205.839960264176,0,224.551207449728,0,101.5853655613,249.905610015455,0,0,160.530221557972,168.241326865882,0,194.442125915551,231.050882209,0,0,192.135034768848,0,0,0,0,161.694997919804,0,81.9664354533492,0,0,145.74089716123,306.344527664232,0,169.742003380707,180.543851962045
0,0,0,0,0,347.376449530863,0,0,0,94.027247878695,133.984214699576,139.93285932648,0,0,0,0,0,0,0,0,0,0,0,70.4221432298295,137.239127032733,0,0,96.5937438588657,0,0,0,0,0,211.840482897052,249.798812580765,0,58.3493451392805,0,0,0,165.893015276821
0,0,205.183249704085,0,0,0,0,0,0,0,0,116.054372245433,0,0,0,0,0,0,0,0,0,0,0,97.3506957544063,0,0,178.224497384947,0,0,0,0,0,0,0,0,0,0,191.519780382943,0,321.864157986053,0
0,98.417953423071,0,0,0,0,120.567029282014,0,0,0,0,0,0,0,0,0,0,0,0,161.74915061469,208.005106191961,0,0,0,195.378266313867,94.9380989123498,0,0,161.694997919804,0,0,0,0,0,283.248188884028,0,0,101.895308036513,142.385058730083,115.332064605654,0
0,0,0,0,0,0,0,0,0,0,0,0,0,0,0,0,0,0,0,193.055010680236,0,0,0,0,0,157.852515740516,225.013371621378,0,0,0,0,0,0,0,0,0,192.693757128262,0,161.275817184598,0,0
0,0,0,154.070293657878,101.443495235174,242.790381480436,0,219.430938885781,283.88658203332,139.654362654449,173.059382066957,269.936825670274,0,92.5207898118833,0,0,101.350815329073,228.792310020318,104.915316975638,75.4497121078207,151.01089327964,0,333.645516435298,303.527509149359,188.851177466023,0,0,187.77054666536,81.9664354533492,211.840482897052,0,0,0,0,0,74.7304794244225,135.294330067913,240.185081663983,93.4234866874731,154.784755881607,163.059043292369
0,178.748963182352,0,0,138.33942793804,0,0,0,232.945974238958,94.7529894315991,169.453147353278,180.355266595273,0,309.997227542691,137.177378802006,119.345624434514,262.382215657622,217.157696745803,0,106.926813611922,81.2827395071039,0,85.7623170715703,181.316358113209,0,135.667029391615,89.707245288964,348.674510760064,0,249.798812580765,0,283.248188884028,0,0,0,220.901129804706,289.631679007608,173.538155409849,0,71.4788760670054,261.605527103798
0,0,0,175.196329314064,227.504408813069,0,0,118.522099274347,98.6790043377568,136.792307586862,178.683678585178,0,0,0,0,0,0,0,0,0,241.682021696872,104.369974912428,82.1742780037132,198.964527389285,0,137.189596148386,148.808626413748,206.472608421747,0,0,0,0,0,74.7304794244225,220.901129804706,0,115.114253591495,0,82.4756938751058,192.601533877686,188.936291522747
0,0,82.6299537488922,158.955087279859,345.797434674459,209.996727521564,0,238.934743274142,140.574866691684,103.519938150021,0,72.2278283150671,0,171.230058197369,179.718364159796,321.124897279917,153.672550905948,0,172.892533368851,134.566479261133,250.461724766314,0,111.226326353722,206.912707094411,196.032358954952,163.945208919892,231.715271819474,0,145.74089716123,58.3493451392805,0,0,192.693757128262,135.294330067913,289.631679007608,115.114253591495,0,116.176698124939,71.5579325720569,62.311273509377,222.053792850439
0,0,0,73.4795582048751,165.597665022977,162.833808134102,0,253.401634605989,0,184.249961885477,0,106.33736463831,0,0,73.1029054543569,0,0,0,0,202.712457066107,204.481117647118,0,0,335.371040201042,100.812745974529,0,198.528111506785,80.4367166559625,306.344527664232,0,191.519780382943,101.895308036513,0,240.185081663983,173.538155409849,0,116.176698124939,0,259.055025639447,0,0
172.608400267715,0,0,0,0,0,214.116367924649,0,0,0,0,0,0,0,0,0,0,0,0,133.218162784108,0,0,151.695570509541,161.302948562323,0,94.7280504127031,200.878319874537,109.093416850988,0,0,0,142.385058730083,161.275817184598,93.4234866874731,0,82.4756938751058,71.5579325720569,259.055025639447,0,0,180.90030328818
183.786860782462,0,0,0,276.620869034647,111.435629183184,153.876396855887,224.523755099568,329.719143597451,247.66948903751,158.567996645797,113.144980278377,0,87.8456058929559,0,0,0,0,255.441154257905,0,186.348837226466,0,0,106.128596538706,124.698445421759,167.066576495979,284.529238481835,114.511014214502,169.742003380707,0,321.864157986053,115.332064605654,0,154.784755881607,71.4788760670054,192.601533877686,62.311273509377,0,0,0,338.131802716296
0,0,0,0,193.63278243493,0,0,78.9559315574845,0,241.635434294794,0,0,0,112.823430872325,0,66.5008477853491,128.405764333981,125.994729980093,0,99.3508940827211,0,0,146.770754374523,177.763106506206,0,195.822649557859,120.912756812582,226.825099357786,180.543851962045,165.893015276821,0,0,0,163.059043292369,261.605527103798,188.936291522747,222.053792850439,0,180.90030328818,338.131802716296,0
