0,0,0,0,0,0,0,192.693757128262,0,0,0,135.667029391615,0,0,0,0,0,0,0,0,0,0,0,71.5579325720569,0,0,217.157696745803,219.430938885781,0,0,0,0,0,142.385058730083,0,0,0,0,0,0,0
0,0,0,0,0,0,0,0,0,195.378266313867,0,104.915316975638,276.620869034647,0,0,0,0,0,0,0,0,0,0,0,0,198.964527389285,0,142.054529471577,0,0,0,0,0,0,90.1317194604647,0,0,262.382215657622,0,0,0
0,0,0,0,0,0,165.893015276821,0,0,109.093416850988,0,204.084074037941,0,0,0,0,0,0,0,0,0,0,0,0,0,0,0,0,0,0,0,0,0,0,0,180.90030328818,251.098274723989,0,0,0,0
0,0,0,0,137.239127032733,0,81.2827395071039,0,0,0,252.487290983309,0,0,90.7216186966914,0,0,255.441154257905,0,0,115.871357769661,0,0,0,0,0,0,0,101.895308036513,0,0,0,0,0,120.912756812582,124.698445421759,0,321.864157986053,115.332064605654,194.442125915551,136.792307586862,0
0,0,0,137.239127032733,0,0,0,0,106.533627130087,0,0,0,0,204.481117647118,0,0,0,0,163.059043292369,106.926813611922,0,0,0,80.4367166559625,0,0,0,101.85207633558,238.934743274142,0,0,0,0,111.226326353722,120.567029282014,208.005106191961,100.812745974529,0,228.075434767255,115.114253591495,0
0,0,0,0,0,0,0,0,76.5072790361762,94.7280504127031,0,110.384905066973,0,0,0,0,0,0,0,0,357.423078228283,0,179.718364159796,161.302948562323,0,81.9664354533492,111.435629183184,314.611698427915,138.33942793804,171.906398392157,0,0,0,87.8456058929559,0,0,261.605527103798,0,0,0,289.631679007608
0,0,165.893015276821,81.2827395071039,0,0,0,0,0,165.597665022977,0,0,0,0,0,335.371040201042,0,0,325.937289045041,0,0,0,0,201.100640800745,139.792601838991,0,97.5855511246009,219.040656038919,0,0,0,0,0,0,80.8080171296381,261.440278806413,191.519780382943,0,0,0,146.99041817625
192.693757128262,0,0,0,0,0,0,0,0,0,0,174.013630695256,0,164.032723165762,0,247.66948903751,0,236.681907140956,0,0,0,125.994729980093,0,0,0,0,0,96.7845769653343,104.369974912428,122.106946855269,78.9559315574845,0,0,146.770754374523,0,66.5008477853491,0,153.609372090384,177.763106506206,320.356811100276,84.3635741045246
0,0,0,0,106.533627130087,76.5072790361762,0,0,0,0,0,0,0,0,0,0,0,117.208001126138,0,0,0,0,0,0,0,67.8267069095267,198.528111506785,0,171.230058197369,0,0,0,148.808626413748,0,206.912707094411,0,137.189596148386,195.314816908693,0,161.275817184598,0
0,195.378266313867,109.093416850988,0,0,94.7280504127031,165.597665022977,0,0,0,0,240.185081663983,0,0,0,0,159.183173818572,0,0,135.294330067913,93.5029580098427,242.790381480436,0,94.126460729827,0,78.8552325762656,0,0,205.09013266389,0,0,82.6426202489162,0,0,82.6299537488922,0,158.567996645797,231.715271819474,154.142998692322,0,193.055010680236
0,0,0,252.487290983309,0,0,0,0,0,0,0,85.7623170715703,89.9429017381717,0,0,0,0,0,205.183249704085,173.059382066957,92.5568465385234,0,231.050882209,0,0,128.530575464043,205.839960264176,151.036729364761,155.901486485736,0,0,0,0,0,89.3673883748406,0,213.67670887414,92.5207898118833,0,145.74089716123,306.640284138334
135.667029391615,104.915316975638,204.084074037941,0,0,110.384905066973,0,174.013630695256,0,240.185081663983,85.7623170715703,0,118.522099274347,329.719143597451,249.905610015455,0,0,0,115.868441404982,153.453047983244,72.2278283150671,94.9380989123498,0,0,0,0,146.814226519809,96.5937438588657,155.24952173131,0,0,167.066576495979,0,0,280.376028997576,0,119.345624434514,0,0,101.443495235174,0
0,276.620869034647,0,0,0,0,0,0,0,0,89.9429017381717,118.522099274347,0,0,0,0,0,0,0,0,0,173.001559092555,0,0,0,0,0,0,0,0,0,0,0,0,347.376449530863,0,228.792310020318,0,0,0,0
0,0,0,90.7216186966914,204.481117647118,0,0,164.032723165762,0,0,0,329.719143597451,0,0,0,0,0,0,0,338.131802716296,0,0,253.401634605989,193.63278243493,0,0,154.070293657878,0,0,114.649126378906,0,0,0,125.81518738273,0,138.425725342224,215.611029055736,211.840482897052,0,0,259.055025639447
0,0,0,0,0,0,0,0,0,0,0,249.905610015455,0,0,0,0,206.472608421747,0,0,0,0,0,0,0,219.078548227669,106.128596538706,323.781250289068,0,321.124897279917,0,0,0,0,187.77054666536,99.3508940827211,190.185165668632,250.461724766314,0,124.853650664477,116.176698124939,0
0,0,0,0,0,0,335.371040201042,247.66948903751,0,0,0,0,0,0,0,0,0,0,101.605593487621,0,0,0,0,0,98.6790043377568,0,94.7529894315991,97.3506957544063,95.7590805983148,151.695570509541,0,0,0,0,306.344527664232,139.93285932648,0,0,0,0,175.196329314064
0,0,0,255.441154257905,0,0,0,0,0,159.183173818572,0,0,0,0,206.472608421747,0,0,0,0,173.201474590904,0,0,153.672550905948,0,0,0,71.4788760670054,136.685314494491,0,0,0,0,0,303.527509149359,0,0,249.798812580765,0,0,0,220.901129804706
0,0,0,0,0,0,0,236.681907140956,117.208001126138,0,0,0,0,0,0,0,0,0,0,0,0,0,0,162.833808134102,0,197.486504603685,0,0,241.635434294794,0,0,0,0,137.177378802006,73.4795582048751,0,173.538155409849,0,0,221.805809452716,0
0,0,0,0,163.059043292369,0,325.937289045041,0,0,0,205.183249704085,115.868441404982,0,0,0,101.605593487621,0,0,0,0,0,0,0,196.032358954952,0,0,0,283.248188884028,0,0,0,0,0,0,197.893790332676,0,232.945974238958,195.822649557859,99.2646516363145,0,241.57250333243
0,0,0,115.871357769661,106.926813611922,0,0,0,0,135.294330067913,173.059382066957,153.453047983244,0,338.131802716296,0,0,173.201474590904,0,0,0,178.683678585178,0,0,0,0,222.053792850439,0,131.969743415579,0,0,0,188.851177466023,0,62.859596780235,128.846764897717,73.1029054543569,345.797434674459,0,0,186.973586461633,186.348837226466
0,0,0,0,0,357.423078228283,0,0,0,93.5029580098427,92.5568465385234,72.2278283150671,0,0,0,0,0,0,0,178.683678585178,0,0,0,168.241326865882,0,0,0,82.4756938751058,0,0,283.88658203332,178.224497384947,0,94.027247878695,98.417953423071,0,181.316358113209,0,0,348.674510760064,0
0,0,0,0,0,0,0,125.994729980093,0,242.790381480436,0,94.9380989123498,173.001559092555,0,0,0,0,0,0,0,0,0,0,0,0,97.3232815600345,133.984214699576,0,0,0,0,0,0,0,0,0,0,0,139.654362654449,196.04190773555,0
0,0,0,0,0,179.718364159796,0,0,0,0,231.050882209,0,0,253.401634605989,0,0,153.672550905948,0,0,0,0,0,0,128.405764333981,0,223.705816669619,0,85.6072705949986,193.777661225572,0,0,0,70.4221432298295,92.3502314520023,188.936291522747,0,108.381749703452,0,200.878319874537,141.204637091722,151.01089327964
71.5579325720569,0,0,0,80.4367166559625,161.302948562323,201.100640800745,0,0,94.126460729827,0,0,0,193.63278243493,0,0,0,162.833808134102,196.032358954952,0,168.241326865882,0,128.405764333981,0,112.793316814908,269.936825670274,180.355266595273,212.592150359921,172.608400267715,0,0,0,0,113.059176128709,0,0,0,163.945208919892,125.416941482916,180.543851962045,0
0,0,0,0,0,0,139.792601838991,0,0,0,0,0,0,0,219.078548227669,98.6790043377568,0,0,0,0,0,0,0,112.793316814908,0,0,0,112.823430872325,0,160.537522273714,0,0,0,353.822894641502,0,192.135034768848,98.2230592632363,0,0,284.529238481835,0
0,198.964527389285,0,0,0,81.9664354533492,0,0,67.8267069095267,78.8552325762656,128.530575464043,0,0,0,106.128596538706,0,0,197.486504603685,0,222.053792850439,0,97.3232815600345,223.705816669619,269.936825670274,0,0,89.707245288964,201.44584889478,143.005810983322,114.511014214502,0,0,0,82.1742780037132,0,161.694997919804,58.3493451392805,0,0,93.4234866874731,133.218162784108
217.157696745803,0,0,0,0,111.435629183184,97.5855511246009,0,198.528111506785,0,205.839960264176,146.814226519809,0,154.070293657878,323.781250289068,94.7529894315991,71.4788760670054,0,0,0,0,133.984214699576,0,180.355266595273,0,89.707245288964,0,153.876396855887,0,0,0,0,0,199.492852797962,0,218.045528847001,75.4497121078207,154.784755881607,0,116.054372245433,263.534399241887
219.430938885781,142.054529471577,0,101.895308036513,101.85207633558,314.611698427915,219.040656038919,96.7845769653343,0,0,151.036729364761,96.5937438588657,0,0,0,97.3506957544063,136.685314494491,0,283.248188884028,131.969743415579,82.4756938751058,0,85.6072705949986,212.592150359921,112.823430872325,201.44584889478,153.876396855887,0,0,227.504408813069,0,94.8881692391942,184.249961885477,115.541295036174,183.786860782462,0,0,158.955087279859,0,169.453147353278,178.748963182352
0,0,0,0,238.934743274142,138.33942793804,0,104.369974912428,171.230058197369,205.09013266389,155.901486485736,155.24952173131,0,0,321.124897279917,95.7590805983148,0,241.635434294794,0,0,0,0,193.777661225572,172.608400267715,0,143.005810983322,0,0,0,0,0,157.852515740516,0,134.566479261133,300.031143529538,161.74915061469,169.742003380707,62.311273509377,224.551207449728,101.5853655613,0
0,0,0,0,0,171.906398392157,0,122.106946855269,0,0,0,0,0,114.649126378906,0,151.695570509541,0,0,0,0,0,0,0,0,160.537522273714,114.511014214502,0,227.504408813069,0,0,0,0,0,106.33736463831,241.682021696872,0,112.349934713559,209.996727521564,0,0,0
0,0,0,0,0,0,0,78.9559315574845,0,0,0,0,0,0,0,0,0,0,0,0,283.88658203332,0,0,0,0,0,0,0,0,0,0,0,0,0,151.806152521152,259.442917595754,0,0,0,154.065933476765,202.712457066107
0,0,0,0,0,0,0,0,0,82.6426202489162,0,167.066576495979,0,0,0,0,0,0,0,188.851177466023,178.224497384947,0,0,0,0,0,0,94.8881692391942,157.852515740516,0,0,0,0,74.4197823064597,0,0,224.523755099568,146.465927798921,0,172.892533368851,74.5815074003433
0,0,0,0,0,0,0,0,148.808626413748,0,0,0,0,0,0,0,0,0,0,0,0,0,70.4221432298295,0,0,0,0,184.249961885477,0,0,0,0,0,0,0,0,150.161410108805,0,0,333.645516435298,0
142.385058730083,0,0,120.912756812582,111.226326353722,87.8456058929559,0,146.770754374523,0,0,0,0,0,125.81518738273,187.77054666536,0,303.527509149359,137.177378802006,0,62.859596780235,94.027247878695,0,92.3502314520023,113.059176128709,353.822894641502,82.1742780037132,199.492852797962,115.541295036174,134.566479261133,106.33736463831,0,74.4197823064597,0,0,74.7304794244225,103.519938150021,101.350815329073,226.825099357786,160.530221557972,0,119.728129215699
0,90.1317194604647,0,124.698445421759,120.567029282014,0,80.8080171296381,0,206.912707094411,82.6299537488922,89.3673883748406,280.376028997576,347.376449530863,0,99.3508940827211,306.344527664232,0,73.4795582048751,197.893790332676,128.846764897717,98.417953423071,0,188.936291522747,0,0,0,0,183.786860782462,300.031143529538,241.682021696872,151.806152521152,0,0,74.7304794244225,0,89.1590885155172,0,151.075371308616,225.013371621378,140.574866691684,0
0,0,180.90030328818,0,208.005106191961,0,261.440278806413,66.5008477853491,0,0,0,0,0,138.425725342224,190.185165668632,139.93285932648,0,0,0,73.1029054543569,0,0,0,0,192.135034768848,161.694997919804,218.045528847001,0,161.74915061469,0,259.442917595754,0,0,103.519938150021,89.1590885155172,0,134.960780198024,108.136066660554,193.659409924573,0,192.601533877686
0,0,251.098274723989,321.864157986053,100.812745974529,261.605527103798,191.519780382943,0,137.189596148386,158.567996645797,213.67670887414,119.345624434514,228.792310020318,215.611029055736,250.461724766314,0,249.798812580765,173.538155409849,232.945974238958,345.797434674459,181.316358113209,0,108.381749703452,0,98.2230592632363,58.3493451392805,75.4497121078207,0,169.742003380707,112.349934713559,0,224.523755099568,150.161410108805,101.350815329073,0,134.960780198024,0,161.325017232684,0,115.194491798135,61.0664810463559
0,262.382215657622,0,115.332064605654,0,0,0,153.609372090384,195.314816908693,231.715271819474,92.5207898118833,0,0,211.840482897052,0,0,0,0,195.822649557859,0,0,0,0,163.945208919892,0,0,154.784755881607,158.955087279859,62.311273509377,209.996727521564,0,146.465927798921,0,226.825099357786,151.075371308616,108.136066660554,161.325017232684,0,214.116367924649,0,113.144980278377
0,0,0,194.442125915551,228.075434767255,0,0,177.763106506206,0,154.142998692322,0,0,0,0,124.853650664477,0,0,0,99.2646516363145,0,0,139.654362654449,200.878319874537,125.416941482916,0,0,0,0,224.551207449728,0,0,0,0,160.530221557972,225.013371621378,193.659409924573,0,214.116367924649,0,309.997227542691,0
0,0,0,136.792307586862,115.114253591495,0,0,320.356811100276,161.275817184598,0,145.74089716123,101.443495235174,0,0,116.176698124939,0,0,221.805809452716,0,186.973586461633,348.674510760064,196.04190773555,141.204637091722,180.543851962045,284.529238481835,93.4234866874731,116.054372245433,169.453147353278,101.5853655613,0,154.065933476765,172.892533368851,333.645516435298,0,140.574866691684,0,115.194491798135,0,309.997227542691,0,220.963068032256
0,0,0,0,0,289.631679007608,146.99041817625,84.3635741045246,0,193.055010680236,306.640284138334,0,0,259.055025639447,0,175.196329314064,220.901129804706,0,241.57250333243,186.348837226466,0,0,151.01089327964,0,0,133.218162784108,263.534399241887,178.748963182352,0,0,202.712457066107,74.5815074003433,0,119.728129215699,0,192.601533877686,61.0664810463559,113.144980278377,0,220.963068032256,0
