0,0,0,0,0,0,249.798812580765,0,0,0,249.905610015455,0,0,0,0,0,0,0,0,0,0,0,0,0,0,0,0,0,0,87.8456058929559,0,0,0,0,0,113.144980278377,193.777661225572,181.316358113209,0,0,0
0,0,0,0,0,0,0,0,0,325.937289045041,0,0,0,0,0,0,0,0,0,0,0,0,0,0,0,96.7845769653343,0,124.853650664477,0,0,0,231.050882209,0,0,192.601533877686,0,154.142998692322,0,0,118.522099274347,0
0,0,0,0,0,0,0,0,0,0,0,0,0,0,0,0,261.605527103798,0,0,0,0,0,0,150.161410108805,0,0,0,0,0,0,0,0,0,128.405764333981,0,78.9559315574845,138.425725342224,0,0,0,0
0,0,0,0,196.04190773555,0,0,0,0,0,139.93285932648,0,0,0,0,0,73.1029054543569,0,0,0,0,0,0,191.519780382943,194.442125915551,151.806152521152,98.6790043377568,94.7280504127031,0,0,0,0,0,197.893790332676,0,169.453147353278,106.33736463831,187.77054666536,0,250.461724766314,0
0,0,0,196.04190773555,0,0,0,116.054372245433,70.4221432298295,74.7304794244225,0,158.955087279859,103.519938150021,348.674510760064,0,0,0,0,0,0,151.075371308616,0,0,0,0,0,0,139.792601838991,0,0,0,161.694997919804,0,161.302948562323,117.208001126138,0,251.098274723989,0,173.201474590904,0,0
0,0,0,0,0,0,0,0,0,175.196329314064,0,115.194491798135,0,0,0,101.605593487621,0,0,0,0,75.4497121078207,0,320.356811100276,178.224497384947,0,93.5029580098427,62.311273509377,202.712457066107,0,0,0,0,0,0,115.868441404982,94.8881692391942,259.442917595754,0,0,161.74915061469,236.681907140956
249.798812580765,0,0,0,0,0,0,0,201.44584889478,0,173.059382066957,0,0,0,0,0,84.3635741045246,289.631679007608,124.698445421759,0,0,0,89.1590885155172,0,0,133.218162784108,0,197.486504603685,0,0,0,0,0,90.7216186966914,0,0,163.945208919892,0,0,85.6072705949986,93.4234866874731
0,0,0,0,116.054372245433,0,0,0,223.705816669619,323.781250289068,219.430938885781,0,0,0,0,0,0,0,186.973586461633,161.275817184598,172.608400267715,0,101.443495235174,0,0,215.611029055736,67.8267069095267,263.534399241887,80.4367166559625,0,0,0,0,160.537522273714,89.3673883748406,0,114.649126378906,0,0,66.5008477853491,0
0,0,0,0,70.4221432298295,0,201.44584889478,223.705816669619,0,303.527509149359,0,116.176698124939,0,201.100640800745,0,0,0,0,0,112.793316814908,0,0,0,173.001559092555,0,0,0,0,0,0,0,0,224.523755099568,0,0,0,155.901486485736,0,0,92.3502314520023,0
0,325.937289045041,0,0,74.7304794244225,175.196329314064,0,323.781250289068,303.527509149359,0,228.075434767255,161.325017232684,0,0,137.189596148386,0,0,0,0,0,0,0,89.9429017381717,0,193.63278243493,155.24952173131,0,113.059176128709,0,0,0,0,0,120.912756812582,131.969743415579,0,119.345624434514,0,138.33942793804,238.934743274142,255.441154257905
249.905610015455,0,0,139.93285932648,0,0,173.059382066957,219.430938885781,0,228.075434767255,0,0,0,111.226326353722,0,0,0,0,0,220.963068032256,0,0,0,137.239127032733,0,0,97.3506957544063,300.031143529538,0,0,0,0,0,0,74.4197823064597,193.055010680236,61.0664810463559,73.4795582048751,112.349934713559,0,174.013630695256
0,0,0,0,158.955087279859,115.194491798135,0,0,116.176698124939,161.325017232684,0,0,0,120.567029282014,180.543851962045,0,173.538155409849,0,135.667029391615,0,0,283.248188884028,82.6299537488922,0,192.135034768848,0,0,164.032723165762,0,0,0,58.3493451392805,101.5853655613,108.136066660554,81.9664354533492,0,101.350815329073,154.070293657878,141.204637091722,143.005810983322,119.728129215699
0,0,0,0,103.519938150021,0,0,0,0,0,0,0,0,0,0,134.566479261133,0,0,0,0,0,0,0,0,0,0,253.401634605989,309.997227542691,122.106946855269,0,0,0,0,0,188.851177466023,0,0,0,0,0,0
0,0,0,0,348.674510760064,0,0,0,201.100640800745,0,111.226326353722,120.567029282014,0,0,0,0,0,0,0,0,0,0,82.1742780037132,0,0,196.032358954952,219.040656038919,134.960780198024,94.9380989123498,0,0,0,0,104.369974912428,0,96.5937438588657,220.901129804706,137.177378802006,0,0,128.530575464043
0,0,0,0,0,0,0,0,0,137.189596148386,0,180.543851962045,0,0,0,0,153.609372090384,0,0,259.055025639447,0,0,0,219.078548227669,0,62.859596780235,227.504408813069,231.715271819474,158.567996645797,199.492852797962,0,0,0,206.912707094411,0,0,0,0,0,269.936825670274,0
0,0,0,0,0,101.605593487621,0,0,0,0,0,0,134.566479261133,0,0,0,0,177.763106506206,0,115.114253591495,0,80.8080171296381,0,0,0,0,0,0,180.90030328818,0,0,0,0,204.481117647118,0,0,151.036729364761,321.864157986053,0,178.748963182352,151.695570509541
0,0,261.605527103798,73.1029054543569,0,0,84.3635741045246,0,0,0,0,173.538155409849,0,0,153.609372090384,0,0,0,0,0,0,0,0,0,0,136.792307586862,0,0,0,333.645516435298,0,0,0,0,347.376449530863,0,111.435629183184,157.852515740516,0,0,0
0,0,0,0,0,0,289.631679007608,0,0,0,0,0,0,0,0,177.763106506206,0,0,0,226.825099357786,306.344527664232,0,0,0,206.472608421747,100.812745974529,0,0,193.659409924573,0,0,0,0,0,214.116367924649,0,168.241326865882,0,0,0,0
0,0,0,0,0,0,124.698445421759,186.973586461633,0,0,0,135.667029391615,0,0,0,0,0,0,0,0,329.719143597451,0,0,0,184.249961885477,115.541295036174,0,0,81.2827395071039,0,0,0,0,112.823430872325,0,0,0,95.7590805983148,74.5815074003433,218.045528847001,136.685314494491
0,0,0,0,0,0,0,161.275817184598,112.793316814908,0,220.963068032256,0,0,0,259.055025639447,115.114253591495,0,226.825099357786,0,0,140.574866691684,0,101.85207633558,241.682021696872,0,0,99.3508940827211,0,97.5855511246009,306.640284138334,0,146.465927798921,0,208.005106191961,139.654362654449,76.5072790361762,0,94.7529894315991,0,0,0
0,0,0,0,151.075371308616,75.4497121078207,0,172.608400267715,0,0,0,0,0,0,0,0,0,306.344527664232,329.719143597451,140.574866691684,0,0,0,0,0,0,0,165.893015276821,0,0,204.084074037941,0,0,92.5207898118833,280.376028997576,183.786860782462,0,0,186.348837226466,106.128596538706,0
0,0,0,0,0,0,0,0,0,0,0,283.248188884028,0,0,0,80.8080171296381,0,0,0,0,0,0,0,0,133.984214699576,0,0,90.1317194604647,0,0,0,0,0,262.382215657622,0,0,222.053792850439,0,0,247.66948903751,188.936291522747
0,0,0,0,0,320.356811100276,89.1590885155172,101.443495235174,0,89.9429017381717,0,82.6299537488922,0,82.1742780037132,0,0,0,0,0,101.85207633558,0,0,0,162.833808134102,0,0,209.996727521564,71.4788760670054,192.693757128262,0,0,154.784755881607,0,0,242.790381480436,0,0,0,0,357.423078228283,314.611698427915
0,0,150.161410108805,191.519780382943,0,178.224497384947,0,0,173.001559092555,0,137.239127032733,0,0,0,219.078548227669,0,0,0,0,241.682021696872,0,0,162.833808134102,0,0,0,338.131802716296,0,135.294330067913,0,0,212.592150359921,0,154.065933476765,101.895308036513,125.416941482916,195.822649557859,198.964527389285,115.871357769661,284.529238481835,146.814226519809
0,0,0,194.442125915551,0,0,0,0,0,193.63278243493,0,192.135034768848,0,0,0,0,0,206.472608421747,184.249961885477,0,0,133.984214699576,0,0,0,0,0,0,128.846764897717,0,0,0,0,153.876396855887,190.185165668632,0,0,0,0,0,205.839960264176
0,96.7845769653343,0,151.806152521152,0,93.5029580098427,133.218162784108,215.611029055736,0,155.24952173131,0,0,0,196.032358954952,62.859596780235,0,136.792307586862,100.812745974529,115.541295036174,0,0,0,0,0,0,0,195.314816908693,85.7623170715703,94.027247878695,0,0,145.74089716123,0,97.3232815600345,0,172.892533368851,240.185081663983,0,160.530221557972,0,261.440278806413
0,0,0,98.6790043377568,0,62.311273509377,0,67.8267069095267,0,0,97.3506957544063,0,253.401634605989,219.040656038919,227.504408813069,0,0,0,0,99.3508940827211,0,0,209.996727521564,338.131802716296,0,195.314816908693,0,205.183249704085,0,283.88658203332,142.054529471577,0,109.093416850988,221.805809452716,198.528111506785,0,98.417953423071,171.230058197369,0,276.620869034647,0
0,124.853650664477,0,94.7280504127031,139.792601838991,202.712457066107,197.486504603685,263.534399241887,0,113.059176128709,300.031143529538,164.032723165762,309.997227542691,134.960780198024,231.715271819474,0,0,0,0,0,165.893015276821,90.1317194604647,71.4788760670054,0,0,85.7623170715703,205.183249704085,0,179.718364159796,0,353.822894641502,0,0,224.551207449728,165.597665022977,106.926813611922,114.511014214502,153.453047983244,110.384905066973,180.355266595273,146.99041817625
0,0,0,0,0,0,0,80.4367166559625,0,0,0,0,122.106946855269,94.9380989123498,158.567996645797,180.90030328818,0,193.659409924573,81.2827395071039,97.5855511246009,0,0,192.693757128262,135.294330067913,128.846764897717,94.027247878695,0,179.718364159796,0,94.126460729827,0,159.183173818572,0,241.635434294794,195.378266313867,0,82.6426202489162,228.792310020318,0,125.994729980093,321.124897279917
87.8456058929559,0,0,0,0,0,0,0,0,0,0,0,0,0,199.492852797962,0,333.645516435298,0,0,306.640284138334,0,0,0,0,0,0,283.88658203332,0,94.126460729827,0,0,232.945974238958,0,0,0,163.059043292369,148.808626413748,108.381749703452,0,0,125.81518738273
0,0,0,0,0,0,0,0,0,0,0,0,0,0,0,0,0,0,0,0,204.084074037941,0,0,0,0,0,142.054529471577,353.822894641502,0,0,0,0,0,0,0,217.157696745803,115.332064605654,0,0,169.742003380707,0
0,231.050882209,0,0,161.694997919804,0,0,0,0,0,0,58.3493451392805,0,0,0,0,0,0,0,146.465927798921,0,0,154.784755881607,212.592150359921,0,145.74089716123,0,0,159.183173818572,232.945974238958,0,0,0,0,0,211.840482897052,0,0,0,71.5579325720569,0
0,0,0,0,0,0,0,0,224.523755099568,0,0,101.5853655613,0,0,0,0,0,0,0,0,0,0,0,0,0,0,109.093416850988,0,0,0,0,0,0,0,167.066576495979,0,0,0,0,0,146.770754374523
0,0,128.405764333981,197.893790332676,161.302948562323,0,90.7216186966914,160.537522273714,0,120.912756812582,0,108.136066660554,0,104.369974912428,206.912707094411,204.481117647118,0,0,112.823430872325,208.005106191961,92.5207898118833,262.382215657622,0,154.065933476765,153.876396855887,97.3232815600345,221.805809452716,224.551207449728,241.635434294794,0,0,0,0,0,335.371040201042,252.487290983309,142.385058730083,89.707245288964,72.2278283150671,171.906398392157,0
0,192.601533877686,0,0,117.208001126138,115.868441404982,0,89.3673883748406,0,131.969743415579,74.4197823064597,81.9664354533492,188.851177466023,0,0,0,347.376449530863,214.116367924649,0,139.654362654449,280.376028997576,0,242.790381480436,101.895308036513,190.185165668632,0,198.528111506785,165.597665022977,195.378266313867,0,0,0,167.066576495979,335.371040201042,0,225.013371621378,200.878319874537,241.57250333243,153.672550905948,0,106.533627130087
113.144980278377,0,78.9559315574845,169.453147353278,0,94.8881692391942,0,0,0,0,193.055010680236,0,0,96.5937438588657,0,0,0,0,0,76.5072790361762,183.786860782462,0,0,125.416941482916,0,172.892533368851,0,106.926813611922,0,163.059043292369,217.157696745803,211.840482897052,0,252.487290983309,225.013371621378,0,345.797434674459,82.4756938751058,213.67670887414,0,0
193.777661225572,154.142998692322,138.425725342224,106.33736463831,251.098274723989,259.442917595754,163.945208919892,114.649126378906,155.901486485736,119.345624434514,61.0664810463559,101.350815329073,0,220.901129804706,0,151.036729364761,111.435629183184,168.241326865882,0,0,0,222.053792850439,0,195.822649557859,0,240.185081663983,98.417953423071,114.511014214502,82.6426202489162,148.808626413748,115.332064605654,0,0,142.385058730083,200.878319874537,345.797434674459,0,205.09013266389,99.2646516363145,78.8552325762656,0
181.316358113209,0,0,187.77054666536,0,0,0,0,0,0,73.4795582048751,154.070293657878,0,137.177378802006,0,321.864157986053,157.852515740516,0,95.7590805983148,94.7529894315991,0,0,0,198.964527389285,0,0,171.230058197369,153.453047983244,228.792310020318,108.381749703452,0,0,0,89.707245288964,241.57250333243,82.4756938751058,205.09013266389,0,0,178.683678585178,98.2230592632363
0,0,0,0,173.201474590904,0,0,0,0,138.33942793804,112.349934713559,141.204637091722,0,0,0,0,0,0,74.5815074003433,0,186.348837226466,0,0,115.871357769661,0,160.530221557972,0,110.384905066973,0,0,0,0,0,72.2278283150671,153.672550905948,213.67670887414,99.2646516363145,0,0,104.915316975638,92.5568465385234
0,118.522099274347,0,250.461724766314,0,161.74915061469,85.6072705949986,66.5008477853491,92.3502314520023,238.934743274142,0,143.005810983322,0,0,269.936825670274,178.748963182352,0,0,218.045528847001,0,106.128596538706,247.66948903751,357.423078228283,284.529238481835,0,0,276.620869034647,180.355266595273,125.994729980093,0,169.742003380707,71.5579325720569,0,171.906398392157,0,0,78.8552325762656,178.683678585178,104.915316975638,0,151.01089327964
0,0,0,0,0,236.681907140956,93.4234866874731,0,0,255.441154257905,174.013630695256,119.728129215699,0,128.530575464043,0,151.695570509541,0,0,136.685314494491,0,0,188.936291522747,314.611698427915,146.814226519809,205.839960264176,261.440278806413,0,146.99041817625,321.124897279917,125.81518738273,0,0,146.770754374523,0,106.533627130087,0,0,98.2230592632363,92.5568465385234,151.01089327964,0
