0,96.5937438588657,0,0,0,0,0,118.522099274347,0,0,0,0,0,0,0,0,0,217.157696745803,0,0,0,0,0,0,0,0,0,0,0,0,0,0,0,0,99.3508940827211,0,124.853650664477,0,0,345.797434674459,0
96.5937438588657,0,0,0,183.786860782462,0,0,0,0,0,0,241.682021696872,0,0,0,0,0,0,0,198.964527389285,253.401634605989,0,0,0,0,0,0,0,0,0,0,0,0,0,0,0,0,0,0,224.551207449728,161.275817184598
0,0,0,0,0,0,219.430938885781,205.839960264176,0,0,0,247.66948903751,0,0,0,0,0,0,0,0,0,0,0,0,0,85.7623170715703,0,0,0,0,0,0,0,0,0,0,0,0,0,89.707245288964,0
0,0,0,0,113.059176128709,0,0,0,0,180.355266595273,0,0,0,0,300.031143529538,0,0,0,0,0,0,0,154.070293657878,193.63278243493,0,0,0,0,104.369974912428,0,0,0,175.196329314064,119.728129215699,186.973586461633,131.969743415579,138.425725342224,289.631679007608,0,220.963068032256,0
0,183.786860782462,0,113.059176128709,0,0,0,0,0,114.511014214502,0,0,0,0,0,197.893790332676,101.85207633558,94.7280504127031,101.443495235174,0,228.792310020318,0,0,255.441154257905,0,0,0,0,0,0,0,0,0,249.798812580765,0,0,115.114253591495,100.812745974529,74.5815074003433,0,153.672550905948
0,0,0,0,0,0,0,0,0,0,214.116367924649,133.984214699576,0,0,357.423078228283,0,0,151.075371308616,0,165.893015276821,0,0,98.6790043377568,148.808626413748,188.936291522747,0,0,67.8267069095267,0,0,0,0,0,82.6426202489162,160.530221557972,0,0,250.461724766314,161.74915061469,135.667029391615,0
0,0,219.430938885781,0,0,0,0,0,0,165.597665022977,177.763106506206,173.059382066957,0,0,0,0,188.851177466023,0,0,191.519780382943,0,0,0,0,73.1029054543569,0,0,81.2827395071039,0,101.350815329073,0,0,0,0,109.093416850988,167.066576495979,178.748963182352,0,0,0,193.777661225572
118.522099274347,0,205.839960264176,0,0,0,0,0,0,252.487290983309,0,0,194.442125915551,0,0,0,0,0,0,0,0,0,0,0,259.055025639447,80.8080171296381,0,82.4756938751058,219.040656038919,259.442917595754,0,306.640284138334,0,241.635434294794,62.859596780235,140.574866691684,66.5008477853491,0,0,168.241326865882,94.126460729827
0,0,0,0,0,0,0,0,0,0,90.1317194604647,0,0,0,0,0,0,0,0,0,0,0,0,125.81518738273,0,0,218.045528847001,227.504408813069,98.2230592632363,0,171.230058197369,0,0,0,0,201.44584889478,158.567996645797,93.4234866874731,0,192.693757128262,82.6299537488922
0,0,0,180.355266595273,114.511014214502,0,165.597665022977,252.487290983309,0,0,0,306.344527664232,224.523755099568,200.878319874537,0,78.8552325762656,0,0,0,329.719143597451,0,0,0,0,0,0,211.840482897052,195.314816908693,0,0,0,0,0,173.538155409849,153.609372090384,0,231.715271819474,94.027247878695,73.4795582048751,232.945974238958,155.24952173131
0,0,0,0,0,214.116367924649,177.763106506206,0,90.1317194604647,0,0,0,0,0,0,0,99.2646516363145,0,276.620869034647,0,0,0,0,0,0,139.93285932648,280.376028997576,154.784755881607,0,94.7529894315991,0,249.905610015455,0,80.4367166559625,97.3232815600345,134.566479261133,196.04190773555,0,0,117.208001126138,111.226326353722
0,241.682021696872,247.66948903751,0,0,133.984214699576,173.059382066957,0,0,306.344527664232,0,0,153.453047983244,338.131802716296,0,0,0,0,0,0,161.694997919804,0,231.050882209,159.183173818572,0,201.100640800745,221.805809452716,181.316358113209,0,0,0,0,0,115.868441404982,269.936825670274,134.960780198024,98.417953423071,74.4197823064597,225.013371621378,223.705816669619,151.036729364761
0,0,0,0,0,0,0,194.442125915551,0,224.523755099568,0,153.453047983244,0,0,0,0,0,0,0,0,0,0,0,92.5207898118833,0,0,0,0,0,0,0,0,0,0,236.681907140956,0,283.88658203332,0,0,0,0
0,0,0,0,0,0,0,0,0,200.878319874537,0,338.131802716296,0,0,0,0,0,0,284.529238481835,0,173.001559092555,0,137.177378802006,0,0,0,206.472608421747,94.8881692391942,128.530575464043,0,0,0,0,106.926813611922,348.674510760064,137.189596148386,89.3673883748406,0,0,113.144980278377,145.74089716123
0,0,0,300.031143529538,0,357.423078228283,0,0,0,0,0,0,0,0,0,0,0,0,0,0,180.543851962045,0,0,0,0,196.032358954952,93.5029580098427,169.453147353278,0,174.013630695256,0,178.683678585178,0,61.0664810463559,0,0,101.5853655613,187.77054666536,97.3506957544063,0,0
0,0,0,0,197.893790332676,0,0,0,0,78.8552325762656,0,0,0,0,0,0,0,0,0,213.67670887414,204.481117647118,0,0,74.7304794244225,0,0,0,115.871357769661,0,115.541295036174,0,0,0,0,172.892533368851,0,101.895308036513,71.5579325720569,0,0,92.5568465385234
0,0,0,0,101.85207633558,0,188.851177466023,0,0,0,99.2646516363145,0,0,0,0,0,0,0,0,0,0,0,0,0,0,160.537522273714,0,0,0,0,0,195.378266313867,0,283.248188884028,321.124897279917,0,95.7590805983148,192.601533877686,0,0,146.770754374523
217.157696745803,0,0,0,94.7280504127031,151.075371308616,0,0,0,0,0,0,0,0,0,0,0,0,262.382215657622,163.059043292369,0,0,0,0,0,0,222.053792850439,0,116.054372245433,0,0,0,0,0,193.055010680236,197.486504603685,0,0,0,0,0
0,0,0,0,101.443495235174,0,0,0,0,0,276.620869034647,0,0,284.529238481835,0,0,0,262.382215657622,0,0,0,75.4497121078207,122.106946855269,0,0,0,0,0,0,0,0,103.519938150021,0,193.659409924573,0,0,154.065933476765,0,146.814226519809,62.311273509377,206.912707094411
0,198.964527389285,0,0,0,165.893015276821,191.519780382943,0,0,329.719143597451,0,0,0,0,0,213.67670887414,0,163.059043292369,0,0,0,0,199.492852797962,190.185165668632,0,186.348837226466,90.7216186966914,89.9429017381717,0,157.852515740516,0,240.185081663983,0,303.527509149359,161.325017232684,58.3493451392805,0,0,0,106.533627130087,0
0,253.401634605989,0,0,228.792310020318,0,0,0,0,0,0,161.694997919804,0,173.001559092555,180.543851962045,204.481117647118,0,0,0,0,0,0,0,0,178.224497384947,101.605593487621,0,124.698445421759,263.534399241887,0,0,0,0,0,0,321.864157986053,128.846764897717,226.825099357786,0,0,0
0,0,0,0,0,0,0,0,0,0,0,0,0,0,0,0,0,0,75.4497121078207,0,0,0,0,0,96.7845769653343,0,108.136066660554,323.781250289068,114.649126378906,0,0,133.218162784108,0,0,0,0,163.945208919892,0,0,0,205.09013266389
0,0,0,154.070293657878,0,98.6790043377568,0,0,0,0,0,231.050882209,0,137.177378802006,0,0,0,0,122.106946855269,199.492852797962,0,0,0,142.385058730083,0,111.435629183184,0,314.611698427915,179.718364159796,0,0,0,0,154.142998692322,169.742003380707,180.90030328818,0,0,204.084074037941,172.608400267715,0
0,0,0,193.63278243493,255.441154257905,148.808626413748,0,0,125.81518738273,0,0,159.183173818572,92.5207898118833,0,0,74.7304794244225,0,0,0,190.185165668632,0,0,142.385058730083,0,125.994729980093,220.901129804706,151.695570509541,219.078548227669,353.822894641502,0,251.098274723989,0,0,261.440278806413,125.416941482916,0,347.376449530863,0,0,112.823430872325,0
0,0,0,0,0,188.936291522747,73.1029054543569,259.055025639447,0,0,0,0,0,0,0,0,0,0,0,0,178.224497384947,96.7845769653343,0,125.994729980093,0,0,0,0,192.135034768848,0,0,0,0,238.934743274142,0,158.955087279859,155.901486485736,0,0,0,0
0,0,85.7623170715703,0,0,0,0,80.8080171296381,0,0,139.93285932648,201.100640800745,0,0,196.032358954952,0,160.537522273714,0,0,186.348837226466,101.605593487621,0,111.435629183184,220.901129804706,0,0,215.611029055736,71.4788760670054,171.906398392157,141.204637091722,0,0,120.912756812582,139.654362654449,115.332064605654,0,135.294330067913,139.792601838991,0,205.183249704085,0
0,0,0,0,0,0,0,0,218.045528847001,211.840482897052,280.376028997576,221.805809452716,0,206.472608421747,93.5029580098427,0,0,222.053792850439,0,90.7216186966914,0,108.136066660554,0,151.695570509541,0,215.611029055736,0,209.996727521564,242.790381480436,0,138.33942793804,0,0,335.371040201042,162.833808134102,0,151.806152521152,0,115.194491798135,72.2278283150671,309.997227542691
0,0,0,0,0,67.8267069095267,81.2827395071039,82.4756938751058,227.504408813069,195.314816908693,154.784755881607,181.316358113209,0,94.8881692391942,169.453147353278,115.871357769661,0,0,0,89.9429017381717,124.698445421759,323.781250289068,314.611698427915,219.078548227669,0,71.4788760670054,209.996727521564,0,151.01089327964,0,164.032723165762,104.915316975638,0,87.8456058929559,161.302948562323,325.937289045041,320.356811100276,106.128596538706,78.9559315574845,120.567029282014,0
0,0,0,104.369974912428,0,0,0,219.040656038919,98.2230592632363,0,0,0,0,128.530575464043,0,0,0,116.054372245433,0,0,263.534399241887,114.649126378906,179.718364159796,353.822894641502,192.135034768848,171.906398392157,242.790381480436,151.01089327964,0,0,0,184.249961885477,195.822649557859,116.176698124939,0,208.005106191961,112.349934713559,0,198.528111506785,82.1742780037132,136.685314494491
0,0,0,0,0,0,101.350815329073,259.442917595754,0,0,94.7529894315991,0,0,0,174.013630695256,115.541295036174,0,0,0,157.852515740516,0,0,0,0,0,141.204637091722,0,0,0,0,0,0,70.4221432298295,0,0,0,261.605527103798,81.9664354533492,0,97.5855511246009,0
0,0,0,0,0,0,0,0,171.230058197369,0,0,0,0,0,0,0,0,0,0,0,0,0,0,251.098274723989,0,0,138.33942793804,164.032723165762,0,0,0,0,0,0,106.33736463831,0,0,119.345624434514,0,0,0
0,0,0,0,0,0,0,306.640284138334,0,0,249.905610015455,0,0,0,178.683678585178,0,195.378266313867,0,103.519938150021,240.185081663983,0,133.218162784108,0,0,0,0,0,104.915316975638,184.249961885477,0,0,0,0,76.5072790361762,0,0,0,0,0,0,85.6072705949986
0,0,0,175.196329314064,0,0,0,0,0,0,0,0,0,0,0,0,0,0,0,0,0,0,0,0,0,120.912756812582,0,0,195.822649557859,70.4221432298295,0,0,0,0,0,0,0,0,0,173.201474590904,0
0,0,0,119.728129215699,249.798812580765,82.6426202489162,0,241.635434294794,0,173.538155409849,80.4367166559625,115.868441404982,0,106.926813611922,61.0664810463559,0,283.248188884028,0,193.659409924573,303.527509149359,0,0,154.142998692322,261.440278806413,238.934743274142,139.654362654449,335.371040201042,87.8456058929559,116.176698124939,0,0,76.5072790361762,0,0,0,146.99041817625,112.793316814908,212.592150359921,89.1590885155172,94.9380989123498,142.054529471577
99.3508940827211,0,0,186.973586461633,0,160.530221557972,109.093416850988,62.859596780235,0,153.609372090384,97.3232815600345,269.936825670274,236.681907140956,348.674510760064,0,172.892533368851,321.124897279917,193.055010680236,0,161.325017232684,0,0,169.742003380707,125.416941482916,0,115.332064605654,162.833808134102,161.302948562323,0,0,106.33736463831,0,0,0,0,0,146.465927798921,228.075434767255,150.161410108805,137.239127032733,92.3502314520023
0,0,0,131.969743415579,0,0,167.066576495979,140.574866691684,201.44584889478,0,134.566479261133,134.960780198024,0,137.189596148386,0,0,0,197.486504603685,0,58.3493451392805,321.864157986053,0,180.90030328818,0,158.955087279859,0,0,325.937289045041,208.005106191961,0,0,0,0,146.99041817625,0,0,128.405764333981,108.381749703452,153.876396855887,0,202.712457066107
124.853650664477,0,0,138.425725342224,115.114253591495,0,178.748963182352,66.5008477853491,158.567996645797,231.715271819474,196.04190773555,98.417953423071,283.88658203332,89.3673883748406,101.5853655613,101.895308036513,95.7590805983148,0,154.065933476765,0,128.846764897717,163.945208919892,0,347.376449530863,155.901486485736,135.294330067913,151.806152521152,320.356811100276,112.349934713559,261.605527103798,0,0,0,112.793316814908,146.465927798921,128.405764333981,0,333.645516435298,136.792307586862,143.005810983322,0
0,0,0,289.631679007608,100.812745974529,250.461724766314,0,0,93.4234866874731,94.027247878695,0,74.4197823064597,0,0,187.77054666536,71.5579325720569,192.601533877686,0,0,0,226.825099357786,0,0,0,0,139.792601838991,0,106.128596538706,0,81.9664354533492,119.345624434514,0,0,212.592150359921,228.075434767255,108.381749703452,333.645516435298,0,241.57250333243,0,110.384905066973
0,0,0,0,74.5815074003433,161.74915061469,0,0,0,73.4795582048751,0,225.013371621378,0,0,97.3506957544063,0,0,0,146.814226519809,0,0,0,204.084074037941,0,0,0,115.194491798135,78.9559315574845,198.528111506785,0,0,0,0,89.1590885155172,150.161410108805,153.876396855887,136.792307586862,241.57250333243,0,0,0
345.797434674459,224.551207449728,89.707245288964,220.963068032256,0,135.667029391615,0,168.241326865882,192.693757128262,232.945974238958,117.208001126138,223.705816669619,0,113.144980278377,0,0,0,0,62.311273509377,106.533627130087,0,0,172.608400267715,112.823430872325,0,205.183249704085,72.2278283150671,120.567029282014,82.1742780037132,97.5855511246009,0,0,173.201474590904,94.9380989123498,137.239127032733,0,143.005810983322,0,0,0,84.3635741045246
0,161.275817184598,0,0,153.672550905948,0,193.777661225572,94.126460729827,82.6299537488922,155.24952173131,111.226326353722,151.036729364761,0,145.74089716123,0,92.5568465385234,146.770754374523,0,206.912707094411,0,0,205.09013266389,0,0,0,0,309.997227542691,0,136.685314494491,0,0,85.6072705949986,0,142.054529471577,92.3502314520023,202.712457066107,0,110.384905066973,0,84.3635741045246,0
