0,0,0,0,0,0,0,0,0,0,222.053792850439,201.100640800745,0,0,214.116367924649,0,0,0,0,0,171.906398392157,0,0,0,0,0,0,0,280.376028997576,0,0,0,0,0,101.605593487621,0,0,0,0,0,0
0,0,0,242.790381480436,0,0,0,0,0,206.472608421747,0,0,0,161.325017232684,0,0,0,0,0,0,0,0,225.013371621378,0,0,85.7623170715703,0,0,0,0,0,0,0,0,145.74089716123,0,0,0,0,131.969743415579,0
0,0,0,0,335.371040201042,0,0,0,0,0,0,0,0,0,0,0,0,0,0,0,0,0,0,0,0,0,219.078548227669,0,0,124.698445421759,0,0,0,0,306.640284138334,0,125.994729980093,0,0,0,0
0,242.790381480436,0,0,0,0,0,134.566479261133,0,0,241.682021696872,212.592150359921,0,0,198.528111506785,0,0,0,228.075434767255,0,0,0,0,146.814226519809,0,0,333.645516435298,141.204637091722,0,133.984214699576,0,0,0,0,0,198.964527389285,165.597665022977,151.036729364761,0,0,0
0,0,335.371040201042,0,0,0,259.442917595754,0,303.527509149359,0,0,0,0,252.487290983309,0,0,320.356811100276,97.3232815600345,191.519780382943,0,0,0,241.635434294794,0,0,0,0,289.631679007608,0,0,0,0,0,95.7590805983148,0,0,0,161.302948562323,153.453047983244,251.098274723989,249.798812580765
0,0,0,0,0,0,0,284.529238481835,0,111.226326353722,224.523755099568,261.605527103798,97.3506957544063,172.608400267715,137.177378802006,0,0,0,0,134.960780198024,0,0,0,0,0,0,172.892533368851,0,0,0,178.224497384947,0,0,122.106946855269,0,106.33736463831,253.401634605989,0,0,0,74.4197823064597
0,0,0,0,259.442917595754,0,0,117.208001126138,89.707245288964,0,0,0,0,197.893790332676,0,0,0,99.3508940827211,0,163.059043292369,0,0,0,0,0,140.574866691684,0,164.032723165762,0,0,0,0,0,0,204.084074037941,0,169.453147353278,0,178.683678585178,323.781250289068,155.24952173131
0,0,0,134.566479261133,0,284.529238481835,117.208001126138,0,0,0,0,0,0,250.461724766314,168.241326865882,0,0,0,0,70.4221432298295,0,146.465927798921,192.135034768848,0,0,0,160.530221557972,0,115.114253591495,0,0,221.805809452716,0,181.316358113209,155.901486485736,0,87.8456058929559,104.369974912428,0,348.674510760064,0
0,0,0,0,303.527509149359,0,89.707245288964,0,0,209.996727521564,0,175.196329314064,0,0,0,0,146.99041817625,0,184.249961885477,0,0,0,0,0,0,0,61.0664810463559,154.142998692322,0,0,0,0,0,357.423078228283,306.344527664232,0,0,0,0,115.541295036174,0
0,206.472608421747,0,0,0,111.226326353722,0,0,209.996727521564,0,62.311273509377,276.620869034647,0,0,0,0,0,0,0,161.275817184598,0,0,0,154.070293657878,0,195.822649557859,136.685314494491,111.435629183184,283.88658203332,213.67670887414,232.945974238958,0,137.189596148386,0,0,314.611698427915,241.57250333243,0,269.936825670274,0,154.065933476765
222.053792850439,0,0,241.682021696872,0,224.523755099568,0,0,0,62.311273509377,0,177.763106506206,0,0,0,0,247.66948903751,0,98.2230592632363,0,173.538155409849,0,0,94.027247878695,0,0,0,259.055025639447,114.649126378906,0,0,0,0,93.4234866874731,0,219.430938885781,80.8080171296381,199.492852797962,106.128596538706,0,0
201.100640800745,0,0,212.592150359921,0,261.605527103798,0,0,175.196329314064,276.620869034647,177.763106506206,0,90.7216186966914,0,0,0,0,84.3635741045246,0,75.4497121078207,0,0,169.742003380707,0,0,92.5568465385234,160.537522273714,101.5853655613,137.239127032733,157.852515740516,0,0,0,94.7280504127031,0,116.176698124939,178.748963182352,82.6299537488922,0,108.381749703452,220.901129804706
0,0,0,0,0,97.3506957544063,0,0,0,0,0,90.7216186966914,0,0,0,0,0,0,0,0,0,0,231.050882209,115.871357769661,0,0,0,0,0,0,0,0,0,196.032358954952,81.2827395071039,0,0,0,0,0,0
0,161.325017232684,0,0,252.487290983309,172.608400267715,197.893790332676,250.461724766314,0,0,0,0,0,0,0,0,0,173.059382066957,0,0,0,0,0,188.936291522747,0,0,138.33942793804,249.905610015455,220.963068032256,0,0,74.7304794244225,0,113.144980278377,0,0,0,0,0,66.5008477853491,94.9380989123498
214.116367924649,0,0,198.528111506785,0,137.177378802006,0,168.241326865882,0,0,0,0,0,0,0,0,76.5072790361762,0,135.667029391615,90.1317194604647,58.3493451392805,0,0,81.9664354533492,0,0,0,0,0,0,0,0,0,0,0,153.609372090384,0,153.876396855887,0,67.8267069095267,0
0,0,0,0,0,0,0,0,0,0,0,0,0,0,0,0,0,193.63278243493,0,0,218.045528847001,0,0,0,100.812745974529,217.157696745803,0,202.712457066107,200.878319874537,0,0,0,0,101.895308036513,162.833808134102,0,205.839960264176,0,0,180.90030328818,89.1590885155172
0,0,0,0,320.356811100276,0,0,0,146.99041817625,0,247.66948903751,0,0,0,76.5072790361762,0,0,0,0,174.013630695256,0,0,325.937289045041,0,0,0,0,0,0,0,0,0,0,115.332064605654,0,0,321.124897279917,0,0,163.945208919892,124.853650664477
0,0,0,0,97.3232815600345,0,99.3508940827211,0,0,0,0,84.3635741045246,0,173.059382066957,0,193.63278243493,0,0,192.693757128262,0,0,0,0,94.7529894315991,0,0,0,0,0,0,0,0,0,201.44584889478,0,0,97.5855511246009,0,0,0,0
0,0,0,228.075434767255,191.519780382943,0,0,0,184.249961885477,0,98.2230592632363,0,0,0,135.667029391615,0,0,192.693757128262,0,0,0,0,0,345.797434674459,0,146.770754374523,0,82.1742780037132,0,0,0,353.822894641502,0,135.294330067913,0,0,0,0,0,338.131802716296,0
0,0,0,0,0,134.960780198024,163.059043292369,70.4221432298295,0,161.275817184598,0,75.4497121078207,0,0,90.1317194604647,0,174.013630695256,0,0,0,0,0,78.8552325762656,208.005106191961,0,0,173.001559092555,215.611029055736,0,0,0,0,98.6790043377568,0,347.376449530863,0,0,195.378266313867,197.486504603685,92.5207898118833,82.4756938751058
171.906398392157,0,0,0,0,0,0,0,0,0,173.538155409849,0,0,0,58.3493451392805,218.045528847001,0,0,0,0,0,0,0,0,0,0,227.504408813069,158.567996645797,261.440278806413,0,0,0,194.442125915551,190.185165668632,167.066576495979,0,101.443495235174,161.74915061469,0,139.654362654449,0
0,0,0,0,0,0,0,146.465927798921,0,0,0,0,0,0,0,0,0,0,0,0,0,0,0,224.551207449728,0,0,103.519938150021,0,204.481117647118,0,0,0,0,96.5937438588657,98.417953423071,0,74.5815074003433,0,0,0,93.5029580098427
0,225.013371621378,0,0,241.635434294794,0,0,192.135034768848,0,0,0,169.742003380707,231.050882209,0,0,0,325.937289045041,0,0,78.8552325762656,0,0,0,0,0,240.185081663983,0,154.784755881607,0,108.136066660554,0,0,0,119.728129215699,0,262.382215657622,329.719143597451,0,125.81518738273,0,186.348837226466
0,0,0,146.814226519809,0,0,0,0,0,154.070293657878,94.027247878695,0,115.871357769661,188.936291522747,81.9664354533492,0,0,94.7529894315991,345.797434674459,208.005106191961,0,224.551207449728,0,0,0,165.893015276821,0,193.055010680236,96.7845769653343,0,0,0,0,0,153.672550905948,0,139.792601838991,186.973586461633,180.543851962045,138.425725342224,92.3502314520023
0,0,0,0,0,0,0,0,0,0,0,0,0,0,0,100.812745974529,0,0,0,0,0,0,0,0,0,283.248188884028,73.4795582048751,263.534399241887,101.350815329073,0,0,193.659409924573,0,187.77054666536,151.01089327964,0,104.915316975638,0,0,142.385058730083,0
0,85.7623170715703,0,0,0,0,140.574866691684,0,0,195.822649557859,0,92.5568465385234,0,0,0,217.157696745803,0,0,146.770754374523,0,0,0,240.185081663983,165.893015276821,283.248188884028,0,71.5579325720569,219.040656038919,120.567029282014,0,0,159.183173818572,0,231.715271819474,110.384905066973,78.9559315574845,205.09013266389,128.405764333981,0,151.075371308616,113.059176128709
0,0,219.078548227669,333.645516435298,0,172.892533368851,0,160.530221557972,61.0664810463559,136.685314494491,0,160.537522273714,0,138.33942793804,0,0,0,0,0,173.001559092555,227.504408813069,103.519938150021,0,0,73.4795582048751,71.5579325720569,0,80.4367166559625,173.201474590904,0,0,0,0,0,136.792307586862,89.3673883748406,192.601533877686,0,0,115.868441404982,112.823430872325
0,0,0,141.204637091722,289.631679007608,0,164.032723165762,0,154.142998692322,111.435629183184,259.055025639447,101.5853655613,0,249.905610015455,0,202.712457066107,0,0,82.1742780037132,215.611029055736,158.567996645797,0,154.784755881607,193.055010680236,263.534399241887,219.040656038919,80.4367166559625,0,0,223.705816669619,193.777661225572,94.126460729827,0,0,211.840482897052,300.031143529538,183.786860782462,150.161410108805,106.533627130087,125.416941482916,119.345624434514
280.376028997576,0,0,0,0,0,0,115.114253591495,0,283.88658203332,114.649126378906,137.239127032733,0,220.963068032256,0,200.878319874537,0,0,0,0,261.440278806413,204.481117647118,0,96.7845769653343,101.350815329073,120.567029282014,173.201474590904,0,0,0,0,0,0,309.997227542691,128.530575464043,139.93285932648,85.6072705949986,143.005810983322,151.806152521152,99.2646516363145,205.183249704085
0,0,124.698445421759,133.984214699576,0,0,0,0,0,213.67670887414,0,157.852515740516,0,0,0,0,0,0,0,0,0,0,108.136066660554,0,0,0,0,223.705816669619,0,0,0,0,0,116.054372245433,0,112.349934713559,238.934743274142,109.093416850988,0,206.912707094411,0
0,0,0,0,0,178.224497384947,0,0,0,232.945974238958,0,0,0,0,0,0,0,0,0,0,0,0,0,0,0,0,0,193.777661225572,0,0,0,0,0,0,142.054529471577,0,118.522099274347,151.695570509541,0,0,0
0,0,0,0,0,0,0,221.805809452716,0,0,0,0,0,74.7304794244225,0,0,0,0,353.822894641502,0,0,0,0,0,193.659409924573,159.183173818572,0,94.126460729827,0,0,0,0,0,255.441154257905,188.851177466023,196.04190773555,158.955087279859,0,0,195.314816908693,0
0,0,0,0,0,0,0,0,0,137.189596148386,0,0,0,0,0,0,0,0,0,98.6790043377568,194.442125915551,0,0,0,0,0,0,0,0,0,0,0,0,62.859596780235,94.8881692391942,0,0,0,0,0,0
0,0,0,0,95.7590805983148,122.106946855269,0,181.316358113209,357.423078228283,0,93.4234866874731,94.7280504127031,196.032358954952,113.144980278377,0,101.895308036513,115.332064605654,201.44584889478,135.294330067913,0,190.185165668632,96.5937438588657,119.728129215699,0,187.77054666536,231.715271819474,0,0,309.997227542691,116.054372245433,0,255.441154257905,62.859596780235,0,0,106.926813611922,115.194491798135,228.792310020318,180.355266595273,0,71.4788760670054
101.605593487621,145.74089716123,306.640284138334,0,0,0,204.084074037941,155.901486485736,306.344527664232,0,0,0,81.2827395071039,0,0,162.833808134102,0,0,0,347.376449530863,167.066576495979,98.417953423071,0,153.672550905948,151.01089327964,110.384905066973,136.792307586862,211.840482897052,128.530575464043,0,142.054529471577,188.851177466023,94.8881692391942,0,0,171.230058197369,89.9429017381717,72.2278283150671,0,82.6426202489162,114.511014214502
0,0,0,198.964527389285,0,106.33736463831,0,0,0,314.611698427915,219.430938885781,116.176698124939,0,0,153.609372090384,0,0,0,0,0,0,0,262.382215657622,0,0,78.9559315574845,89.3673883748406,300.031143529538,139.93285932648,112.349934713559,0,196.04190773555,0,106.926813611922,171.230058197369,0,120.912756812582,128.846764897717,148.808626413748,0,73.1029054543569
0,0,125.994729980093,165.597665022977,0,253.401634605989,169.453147353278,87.8456058929559,0,241.57250333243,80.8080171296381,178.748963182352,0,0,0,205.839960264176,321.124897279917,97.5855511246009,0,0,101.443495235174,74.5815074003433,329.719143597451,139.792601838991,104.915316975638,205.09013266389,192.601533877686,183.786860782462,85.6072705949986,238.934743274142,118.522099274347,158.955087279859,0,115.194491798135,89.9429017381717,120.912756812582,0,133.218162784108,226.825099357786,236.681907140956,101.85207633558
0,0,0,151.036729364761,161.302948562323,0,0,104.369974912428,0,0,199.492852797962,82.6299537488922,0,0,153.876396855887,0,0,0,0,195.378266313867,161.74915061469,0,0,186.973586461633,0,128.405764333981,0,150.161410108805,143.005810983322,109.093416850988,151.695570509541,0,0,228.792310020318,72.2278283150671,128.846764897717,133.218162784108,0,179.718364159796,161.694997919804,0
0,0,0,0,153.453047983244,0,178.683678585178,0,0,269.936825670274,106.128596538706,0,0,0,0,0,0,0,0,197.486504603685,0,0,125.81518738273,180.543851962045,0,0,0,106.533627130087,151.806152521152,0,0,0,0,180.355266595273,0,148.808626413748,226.825099357786,179.718364159796,0,321.864157986053,112.793316814908
0,131.969743415579,0,0,251.098274723989,0,323.781250289068,348.674510760064,115.541295036174,0,0,108.381749703452,0,66.5008477853491,67.8267069095267,180.90030328818,163.945208919892,0,338.131802716296,92.5207898118833,139.654362654449,0,0,138.425725342224,142.385058730083,151.075371308616,115.868441404982,125.416941482916,99.2646516363145,206.912707094411,0,195.314816908693,0,0,82.6426202489162,0,236.681907140956,161.694997919804,321.864157986053,0,0
0,0,0,0,249.798812580765,74.4197823064597,155.24952173131,0,0,154.065933476765,0,220.901129804706,0,94.9380989123498,0,89.1590885155172,124.853650664477,0,0,82.4756938751058,0,93.5029580098427,186.348837226466,92.3502314520023,0,113.059176128709,112.823430872325,119.345624434514,205.183249704085,0,0,0,0,71.4788760670054,114.511014214502,73.1029054543569,101.85207633558,0,112.793316814908,0,0
