0,0,0,0,0,0,153.672550905948,0,0,0,0,0,0,0,0,0,0,0,255.441154257905,0,0,0,0,0,76.5072790361762,0,0,0,0,0,0,0,0,0,206.912707094411,0,0,283.248188884028,0,0,227.504408813069
0,0,0,0,0,0,0,220.901129804706,0,0,0,0,0,0,0,0,0,0,0,215.611029055736,0,0,0,0,0,0,100.812745974529,0,0,0,0,0,0,196.032358954952,0,0,101.605593487621,0,133.984214699576,128.405764333981,0
0,0,0,0,0,0,0,0,0,0,0,0,0,0,0,0,0,0,0,171.906398392157,0,0,0,0,0,0,115.871357769661,0,247.66948903751,0,0,0,0,71.4788760670054,329.719143597451,0,0,0,0,0,0
0,0,0,0,0,0,249.905610015455,0,0,94.8881692391942,0,0,0,0,0,0,172.892533368851,0,0,0,0,0,236.681907140956,99.2646516363145,0,0,0,115.868441404982,0,89.9429017381717,0,0,0,261.440278806413,125.81518738273,106.33736463831,106.926813611922,171.230058197369,0,0,169.742003380707
0,0,0,0,0,306.344527664232,0,0,0,89.3673883748406,90.7216186966914,0,0,0,161.74915061469,212.592150359921,0,0,0,0,0,0,0,284.529238481835,0,231.050882209,168.241326865882,161.694997919804,0,0,0,0,0,0,0,0,119.345624434514,218.045528847001,219.078548227669,165.893015276821,70.4221432298295
0,0,0,0,306.344527664232,0,0,0,353.822894641502,0,195.822649557859,120.567029282014,0,0,0,0,0,0,119.728129215699,0,80.4367166559625,72.2278283150671,0,0,0,160.537522273714,0,0,224.551207449728,0,0,0,0,150.161410108805,211.840482897052,206.472608421747,0,164.032723165762,0,0,66.5008477853491
153.672550905948,0,0,249.905610015455,0,0,0,74.5815074003433,0,140.574866691684,0,82.6426202489162,0,0,0,0,0,0,0,276.620869034647,0,0,0,263.534399241887,0,192.135034768848,0,110.384905066973,0,0,0,0,0,124.698445421759,97.3232815600345,0,0,97.3506957544063,0,98.2230592632363,0
0,220.901129804706,0,0,0,0,74.5815074003433,0,0,0,0,221.805809452716,0,142.385058730083,213.67670887414,0,177.763106506206,0,0,115.332064605654,141.204637091722,0,0,0,0,0,106.128596538706,0,345.797434674459,0,0,0,0,112.349934713559,0,159.183173818572,309.997227542691,146.814226519809,0,101.5853655613,133.218162784108
0,0,0,0,0,353.822894641502,0,0,0,0,0,0,142.054529471577,0,0,0,0,0,0,97.5855511246009,199.492852797962,96.5937438588657,0,0,0,0,153.453047983244,137.177378802006,113.144980278377,0,0,0,0,0,0,0,314.611698427915,0,0,193.777661225572,188.936291522747
0,0,0,94.8881692391942,89.3673883748406,0,140.574866691684,0,0,0,135.294330067913,306.640284138334,197.486504603685,0,122.106946855269,75.4497121078207,101.443495235174,0,0,0,0,0,92.5207898118833,71.5579325720569,0,0,0,138.425725342224,0,85.7623170715703,0,0,0,261.605527103798,0,194.442125915551,146.99041817625,188.851177466023,0,0,179.718364159796
0,0,0,0,90.7216186966914,195.822649557859,0,0,0,135.294330067913,0,0,0,232.945974238958,0,143.005810983322,200.878319874537,112.793316814908,0,175.196329314064,0,0,0,67.8267069095267,0,157.852515740516,161.325017232684,0,0,0,0,0,0,181.316358113209,208.005106191961,198.964527389285,335.371040201042,0,0,280.376028997576,0
0,0,0,0,0,120.567029282014,82.6426202489162,221.805809452716,0,306.640284138334,0,0,58.3493451392805,62.311273509377,104.915316975638,0,139.654362654449,0,0,112.823430872325,0,0,139.792601838991,283.88658203332,0,163.945208919892,101.85207633558,136.685314494491,320.356811100276,253.401634605989,0,104.369974912428,0,98.6790043377568,115.541295036174,138.33942793804,321.864157986053,0,0,0,0
0,0,0,0,0,0,0,0,142.054529471577,197.486504603685,0,58.3493451392805,0,0,0,0,0,0,0,0,0,0,0,0,0,0,0,0,195.378266313867,0,0,0,0,0,117.208001126138,0,158.567996645797,0,0,0,0
0,0,0,0,0,0,0,142.385058730083,0,0,232.945974238958,62.311273509377,0,0,0,0,0,201.100640800745,160.530221557972,204.481117647118,154.784755881607,0,0,0,0,0,0,289.631679007608,0,0,0,0,128.530575464043,173.001559092555,93.4234866874731,0,0,95.7590805983148,0,116.054372245433,154.065933476765
0,0,0,0,161.74915061469,0,0,213.67670887414,0,122.106946855269,0,104.915316975638,0,0,0,238.934743274142,0,0,0,84.3635741045246,0,0,0,0,0,0,113.059176128709,0,111.226326353722,262.382215657622,0,0,0,0,241.635434294794,226.825099357786,0,0,0,0,205.839960264176
0,0,0,0,212.592150359921,0,0,0,0,75.4497121078207,143.005810983322,0,0,0,238.934743274142,0,201.44584889478,0,0,0,0,0,180.355266595273,153.609372090384,128.846764897717,0,0,0,0,0,96.7845769653343,0,0,0,0,0,204.084074037941,0,0,155.901486485736,0
0,0,0,172.892533368851,0,0,0,177.763106506206,0,101.443495235174,200.878319874537,139.654362654449,0,0,0,201.44584889478,0,0,0,0,0,0,0,0,0,0,137.189596148386,0,0,0,0,0,0,0,0,251.098274723989,0,184.249961885477,0,0,81.2827395071039
0,0,0,0,0,0,0,0,0,0,112.793316814908,0,0,201.100640800745,0,0,0,0,0,0,193.659409924573,0,0,0,0,161.275817184598,0,250.461724766314,0,0,0,0,0,94.9380989123498,0,0,222.053792850439,0,0,82.4756938751058,242.790381480436
255.441154257905,0,0,0,0,119.728129215699,0,0,0,0,0,0,0,160.530221557972,0,0,0,0,0,89.707245288964,190.185165668632,0,0,0,0,0,0,85.6072705949986,0,0,0,217.157696745803,0,94.7529894315991,0,151.806152521152,0,146.770754374523,325.937289045041,124.853650664477,0
0,215.611029055736,171.906398392157,0,0,0,276.620869034647,115.332064605654,97.5855511246009,0,175.196329314064,112.823430872325,0,204.481117647118,84.3635741045246,0,0,0,89.707245288964,0,0,0,0,0,0,0,186.348837226466,195.314816908693,0,0,0,205.183249704085,0,158.955087279859,196.04190773555,0,191.519780382943,0,172.608400267715,0,0
0,0,0,0,0,80.4367166559625,0,141.204637091722,199.492852797962,0,0,0,0,154.784755881607,0,0,0,193.659409924573,190.185165668632,0,0,0,0,0,0,139.93285932648,0,120.912756812582,0,0,0,125.416941482916,0,0,193.055010680236,109.093416850988,0,0,111.435629183184,108.381749703452,0
0,0,0,0,0,72.2278283150671,0,0,96.5937438588657,0,0,0,0,0,0,0,0,0,0,0,0,0,153.876396855887,0,0,0,0,187.77054666536,114.511014214502,0,0,0,0,0,92.3502314520023,0,0,0,94.7280504127031,94.027247878695,0
0,0,0,236.681907140956,0,0,0,0,0,92.5207898118833,0,139.792601838991,0,0,0,180.355266595273,0,0,0,0,0,153.876396855887,0,114.649126378906,0,0,115.194491798135,0,180.90030328818,0,0,0,98.417953423071,148.808626413748,167.066576495979,115.114253591495,103.519938150021,198.528111506785,0,0,78.8552325762656
0,0,0,99.2646516363145,284.529238481835,0,263.534399241887,0,0,71.5579325720569,67.8267069095267,283.88658203332,0,0,0,153.609372090384,0,0,0,0,0,0,114.649126378906,0,0,321.124897279917,165.597665022977,131.969743415579,252.487290983309,259.442917595754,0,0,0,151.075371308616,82.1742780037132,0,99.3508940827211,323.781250289068,225.013371621378,0,134.960780198024
76.5072790361762,0,0,0,0,0,0,0,0,0,0,0,0,0,0,128.846764897717,0,0,0,0,0,0,0,0,0,74.7304794244225,0,259.055025639447,0,0,0,0,228.792310020318,0,0,155.24952173131,125.994729980093,0,249.798812580765,81.9664354533492,89.1590885155172
0,0,0,0,231.050882209,160.537522273714,192.135034768848,0,0,0,157.852515740516,163.945208919892,0,0,0,0,0,161.275817184598,0,0,139.93285932648,0,0,321.124897279917,74.7304794244225,0,73.4795582048751,151.01089327964,357.423078228283,0,136.792307586862,0,0,214.116367924649,228.075434767255,0,303.527509149359,162.833808134102,192.693757128262,62.859596780235,61.0664810463559
0,100.812745974529,115.871357769661,0,168.241326865882,0,0,106.128596538706,153.453047983244,0,161.325017232684,101.85207633558,0,0,113.059176128709,0,137.189596148386,0,0,186.348837226466,0,0,115.194491798135,165.597665022977,0,73.4795582048751,0,224.523755099568,231.715271819474,0,0,180.543851962045,0,186.973586461633,0,0,193.63278243493,137.239127032733,0,192.601533877686,0
0,0,0,115.868441404982,161.694997919804,0,110.384905066973,0,137.177378802006,138.425725342224,0,136.685314494491,0,289.631679007608,0,0,0,250.461724766314,85.6072705949986,195.314816908693,120.912756812582,187.77054666536,0,131.969743415579,259.055025639447,151.01089327964,224.523755099568,0,300.031143529538,74.4197823064597,240.185081663983,173.201474590904,0,94.126460729827,146.465927798921,178.683678585178,101.895308036513,0,223.705816669619,154.142998692322,151.695570509541
0,0,247.66948903751,0,0,224.551207449728,0,345.797434674459,113.144980278377,0,0,320.356811100276,195.378266313867,0,111.226326353722,0,0,0,0,0,0,114.511014214502,180.90030328818,252.487290983309,0,357.423078228283,231.715271819474,300.031143529538,0,205.09013266389,0,0,0,106.533627130087,333.645516435298,178.224497384947,183.786860782462,174.013630695256,0,118.522099274347,173.059382066957
0,0,0,89.9429017381717,0,0,0,0,0,85.7623170715703,0,253.401634605989,0,0,262.382215657622,0,0,0,0,0,0,0,0,259.442917595754,0,0,0,74.4197823064597,205.09013266389,0,108.136066660554,73.1029054543569,0,0,0,0,87.8456058929559,209.996727521564,0,0,0
0,0,0,0,0,0,0,0,0,0,0,0,0,0,0,96.7845769653343,0,0,0,0,0,0,0,0,0,136.792307586862,0,240.185081663983,0,108.136066660554,0,0,0,0,178.748963182352,0,338.131802716296,0,0,0,0
0,0,0,0,0,0,0,0,0,0,0,104.369974912428,0,0,0,0,0,0,217.157696745803,205.183249704085,125.416941482916,0,0,0,0,0,180.543851962045,173.201474590904,0,73.1029054543569,0,0,0,80.8080171296381,93.5029580098427,0,92.5568465385234,219.040656038919,0,0,0
0,0,0,0,0,0,0,0,0,0,0,0,0,128.530575464043,0,0,0,0,0,0,0,0,98.417953423071,0,228.792310020318,0,0,0,0,0,0,0,0,0,0,0,197.893790332676,0,0,145.74089716123,0
0,196.032358954952,71.4788760670054,261.440278806413,0,150.161410108805,124.698445421759,112.349934713559,0,261.605527103798,181.316358113209,98.6790043377568,0,173.001559092555,0,0,0,94.9380989123498,94.7529894315991,158.955087279859,0,0,148.808626413748,151.075371308616,0,214.116367924649,186.973586461633,94.126460729827,106.533627130087,0,0,80.8080171296381,0,0,220.963068032256,161.302948562323,90.1317194604647,163.059043292369,0,173.538155409849,202.712457066107
206.912707094411,0,329.719143597451,125.81518738273,0,211.840482897052,97.3232815600345,0,0,0,208.005106191961,115.541295036174,117.208001126138,93.4234866874731,241.635434294794,0,0,0,0,196.04190773555,193.055010680236,92.3502314520023,167.066576495979,82.1742780037132,0,228.075434767255,0,146.465927798921,333.645516435298,0,178.748963182352,93.5029580098427,0,220.963068032256,0,135.667029391615,219.430938885781,0,151.036729364761,154.070293657878,0
0,0,0,106.33736463831,0,206.472608421747,0,159.183173818572,0,194.442125915551,198.964527389285,138.33942793804,0,0,226.825099357786,0,251.098274723989,0,151.806152521152,0,109.093416850988,0,115.114253591495,0,155.24952173131,0,0,178.683678585178,178.224497384947,0,0,0,0,161.302948562323,135.667029391615,0,241.682021696872,0,269.936825670274,348.674510760064,0
0,101.605593487621,0,106.926813611922,119.345624434514,0,0,309.997227542691,314.611698427915,146.99041817625,335.371040201042,321.864157986053,158.567996645797,0,0,204.084074037941,0,222.053792850439,0,191.519780382943,0,0,103.519938150021,99.3508940827211,125.994729980093,303.527509149359,193.63278243493,101.895308036513,183.786860782462,87.8456058929559,338.131802716296,92.5568465385234,197.893790332676,90.1317194604647,219.430938885781,241.682021696872,0,82.6299537488922,347.376449530863,169.453147353278,116.176698124939
283.248188884028,0,0,171.230058197369,218.045528847001,164.032723165762,97.3506957544063,146.814226519809,0,188.851177466023,0,0,0,95.7590805983148,0,0,184.249961885477,0,146.770754374523,0,0,0,198.528111506785,323.781250289068,0,162.833808134102,137.239127032733,0,174.013630695256,209.996727521564,0,219.040656038919,0,163.059043292369,0,0,82.6299537488922,0,0,101.350815329073,0
0,133.984214699576,0,0,219.078548227669,0,0,0,0,0,0,0,0,0,0,0,0,0,325.937289045041,172.608400267715,111.435629183184,94.7280504127031,0,225.013371621378,249.798812580765,192.693757128262,0,223.705816669619,0,0,0,0,0,0,151.036729364761,269.936825670274,347.376449530863,0,0,241.57250333243,134.566479261133
0,128.405764333981,0,0,165.893015276821,0,98.2230592632363,101.5853655613,193.777661225572,0,280.376028997576,0,0,116.054372245433,0,155.901486485736,0,82.4756938751058,124.853650664477,0,108.381749703452,94.027247878695,0,0,81.9664354533492,62.859596780235,192.601533877686,154.142998692322,118.522099274347,0,0,0,145.74089716123,173.538155409849,154.070293657878,348.674510760064,169.453147353278,101.350815329073,241.57250333243,0,78.9559315574845
227.504408813069,0,0,169.742003380707,70.4221432298295,66.5008477853491,0,133.218162784108,188.936291522747,179.718364159796,0,0,0,154.065933476765,205.839960264176,0,81.2827395071039,242.790381480436,0,0,0,0,78.8552325762656,134.960780198024,89.1590885155172,61.0664810463559,0,151.695570509541,173.059382066957,0,0,0,0,202.712457066107,0,0,116.176698124939,0,134.566479261133,78.9559315574845,0
