0,0,0,0,0,259.055025639447,0,0,0,0,0,0,0,188.936291522747,0,0,161.302948562323,0,0,0,0,0,0,0,0,171.230058197369,0,115.114253591495,0,0,0,0,0,0,0,0,0,173.538155409849,0,0,0
0,0,0,0,0,183.786860782462,175.196329314064,154.142998692322,0,0,0,0,0,0,0,0,0,0,0,0,0,0,0,0,0,0,157.852515740516,0,89.707245288964,0,0,0,0,193.055010680236,148.808626413748,0,0,0,0,0,0
0,0,0,0,0,0,0,0,0,0,0,0,0,0,98.6790043377568,0,0,0,0,0,0,0,0,0,0,0,114.511014214502,94.027247878695,0,0,0,0,0,0,0,96.5937438588657,0,0,0,0,61.0664810463559
0,0,0,0,172.608400267715,0,146.770754374523,0,0,0,0,0,0,0,0,70.4221432298295,0,0,174.013630695256,143.005810983322,0,0,0,193.659409924573,0,115.541295036174,0,124.853650664477,0,0,0,0,0,134.960780198024,0,0,195.822649557859,145.74089716123,0,151.01089327964,219.078548227669
0,0,0,172.608400267715,0,101.85207633558,0,0,0,181.316358113209,191.519780382943,112.793316814908,0,0,249.905610015455,0,0,0,0,0,161.325017232684,0,89.9429017381717,0,0,97.3232815600345,0,159.183173818572,0,0,0,0,198.528111506785,184.249961885477,115.194491798135,0,345.797434674459,0,0,0,0
259.055025639447,183.786860782462,0,0,101.85207633558,0,0,252.487290983309,0,97.5855511246009,142.385058730083,251.098274723989,0,0,0,0,0,0,0,0,0,0,0,0,0,0,0,205.09013266389,0,0,0,169.453147353278,0,261.605527103798,197.486504603685,0,82.4756938751058,101.443495235174,0,0,87.8456058929559
0,175.196329314064,0,146.770754374523,0,0,0,0,0,0,214.116367924649,180.355266595273,0,0,0,0,0,0,0,0,249.798812580765,0,0,0,0,136.792307586862,154.065933476765,348.674510760064,0,0,0,161.74915061469,0,0,238.934743274142,138.33942793804,90.1317194604647,0,195.314816908693,0,0
0,154.142998692322,0,0,0,252.487290983309,0,0,0,78.9559315574845,0,0,0,0,0,0,0,0,93.5029580098427,0,0,0,0,169.742003380707,213.67670887414,192.693757128262,74.7304794244225,94.7529894315991,303.527509149359,118.522099274347,146.814226519809,0,0,113.059176128709,0,283.88658203332,92.5207898118833,0,0,0,94.126460729827
0,0,0,0,0,0,0,0,0,220.901129804706,0,108.381749703452,0,0,0,0,0,0,0,161.275817184598,0,321.864157986053,0,0,0,0,116.054372245433,204.084074037941,101.605593487621,0,0,0,0,99.3508940827211,0,0,284.529238481835,0,0,138.425725342224,247.66948903751
0,0,0,0,181.316358113209,97.5855511246009,0,78.9559315574845,220.901129804706,0,0,0,0,0,0,0,0,0,180.90030328818,0,0,0,0,151.075371308616,67.8267069095267,160.537522273714,0,165.597665022977,92.3502314520023,215.611029055736,0,89.1590885155172,0,66.5008477853491,80.4367166559625,162.833808134102,0,80.8080171296381,94.7280504127031,224.551207449728,0
0,0,0,0,191.519780382943,142.385058730083,214.116367924649,0,0,0,0,58.3493451392805,0,0,173.059382066957,0,0,0,0,0,154.784755881607,0,111.435629183184,338.131802716296,0,150.161410108805,224.523755099568,242.790381480436,0,276.620869034647,0,0,0,116.176698124939,198.964527389285,0,154.070293657878,0,0,0,218.045528847001
0,0,0,0,112.793316814908,251.098274723989,180.355266595273,0,108.381749703452,0,58.3493451392805,0,82.1742780037132,0,0,0,0,0,134.566479261133,114.649126378906,255.441154257905,0,0,172.892533368851,106.128596538706,119.728129215699,0,109.093416850988,300.031143529538,0,192.135034768848,101.5853655613,202.712457066107,139.654362654449,112.823430872325,0,120.912756812582,151.695570509541,0,0,0
0,0,0,0,0,0,0,0,0,0,0,82.1742780037132,0,0,0,0,0,0,0,0,0,0,0,137.189596148386,0,178.748963182352,0,128.405764333981,0,0,0,0,0,0,0,0,335.371040201042,0,0,142.054529471577,0
188.936291522747,0,0,0,0,0,0,0,0,0,0,0,0,0,0,0,0,0,0,199.492852797962,0,0,314.611698427915,0,0,188.851177466023,173.201474590904,112.349934713559,108.136066660554,0,0,139.792601838991,0,0,206.912707094411,0,165.893015276821,122.106946855269,104.369974912428,153.876396855887,158.955087279859
0,0,98.6790043377568,0,249.905610015455,0,0,0,0,0,173.059382066957,0,0,0,0,0,0,0,0,0,186.348837226466,0,153.672550905948,125.994729980093,0,0,329.719143597451,232.945974238958,110.384905066973,0,0,0,0,160.530221557972,81.9664354533492,0,0,0,0,133.984214699576,0
0,0,0,70.4221432298295,0,0,0,0,0,0,0,0,0,0,0,0,0,0,0,206.472608421747,0,0,92.5568465385234,0,0,0,98.2230592632363,137.177378802006,0,104.915316975638,0,0,0,263.534399241887,0,0,78.8552325762656,0,208.005106191961,178.224497384947,115.332064605654
161.302948562323,0,0,0,0,0,0,0,0,0,0,0,0,0,0,0,0,0,0,0,0,0,120.567029282014,250.461724766314,353.822894641502,85.7623170715703,0,192.601533877686,0,220.963068032256,0,0,0,0,146.465927798921,0,0,71.5579325720569,0,269.936825670274,0
0,0,0,0,0,0,0,0,0,0,0,0,0,0,0,0,0,0,0,0,94.8881692391942,0,0,0,0,309.997227542691,90.7216186966914,0,0,0,0,0,204.481117647118,190.185165668632,71.4788760670054,0,0,173.001559092555,0,128.530575464043,89.3673883748406
0,0,0,174.013630695256,0,0,0,93.5029580098427,0,180.90030328818,0,134.566479261133,0,0,0,0,0,0,0,0,0,0,96.7845769653343,62.859596780235,0,0,141.204637091722,0,280.376028997576,0,0,0,201.44584889478,167.066576495979,0,0,106.533627130087,124.698445421759,0,0,0
0,0,0,143.005810983322,0,0,0,0,161.275817184598,0,0,114.649126378906,0,199.492852797962,0,206.472608421747,0,0,0,0,113.144980278377,0,0,236.681907140956,0,0,0,226.825099357786,194.442125915551,321.124897279917,0,0,0,219.430938885781,125.81518738273,137.239127032733,98.417953423071,101.895308036513,103.519938150021,228.075434767255,0
0,0,0,0,161.325017232684,0,249.798812580765,0,0,0,154.784755881607,255.441154257905,0,0,186.348837226466,0,0,94.8881692391942,0,113.144980278377,0,0,0,223.705816669619,0,0,163.945208919892,0,62.311273509377,0,0,0,0,197.893790332676,325.937289045041,0,196.032358954952,0,0,0,0
0,0,0,0,0,0,0,0,321.864157986053,0,0,0,0,0,0,0,0,0,0,0,0,0,0,0,0,0,153.609372090384,75.4497121078207,99.2646516363145,0,0,0,0,231.715271819474,100.812745974529,0,219.040656038919,212.592150359921,0,0,0
0,0,0,0,89.9429017381717,0,0,0,0,0,111.435629183184,0,0,314.611698427915,153.672550905948,92.5568465385234,120.567029282014,0,96.7845769653343,0,0,0,0,0,0,133.218162784108,76.5072790361762,0,0,0,82.6299537488922,0,0,0,217.157696745803,186.973586461633,227.504408813069,115.868441404982,0,158.567996645797,0
0,0,0,193.659409924573,0,0,0,169.742003380707,0,151.075371308616,338.131802716296,172.892533368851,137.189596148386,0,125.994729980093,0,250.461724766314,0,62.859596780235,236.681907140956,223.705816669619,0,0,0,0,0,0,0,153.453047983244,101.350815329073,0,0,0,240.185081663983,0,357.423078228283,139.93285932648,306.344527664232,0,115.871357769661,347.376449530863
0,0,0,0,0,0,0,213.67670887414,0,67.8267069095267,0,106.128596538706,0,0,0,0,353.822894641502,0,0,0,0,0,0,0,0,0,0,0,205.839960264176,0,0,0,0,0,136.685314494491,193.63278243493,0,0,178.683678585178,262.382215657622,283.248188884028
171.230058197369,0,0,115.541295036174,97.3232815600345,0,136.792307586862,192.693757128262,0,160.537522273714,150.161410108805,119.728129215699,178.748963182352,188.851177466023,0,0,85.7623170715703,309.997227542691,0,0,0,0,133.218162784108,0,0,0,161.694997919804,0,0,0,0,0,0,151.806152521152,0,111.226326353722,193.777661225572,0,201.100640800745,222.053792850439,196.04190773555
0,157.852515740516,114.511014214502,0,0,0,154.065933476765,74.7304794244225,116.054372245433,0,224.523755099568,0,0,173.201474590904,329.719143597451,98.2230592632363,0,90.7216186966914,141.204637091722,0,163.945208919892,153.609372090384,76.5072790361762,0,0,161.694997919804,0,155.901486485736,0,0,0,0,0,211.840482897052,0,0,135.667029391615,209.996727521564,0,155.24952173131,0
115.114253591495,0,94.027247878695,124.853650664477,159.183173818572,205.09013266389,348.674510760064,94.7529894315991,204.084074037941,165.597665022977,242.790381480436,109.093416850988,128.405764333981,112.349934713559,232.945974238958,137.177378802006,192.601533877686,0,0,226.825099357786,0,75.4497121078207,0,0,0,0,155.901486485736,0,306.640284138334,253.401634605989,0,0,0,171.906398392157,323.781250289068,106.33736463831,0,0,289.631679007608,106.926813611922,221.805809452716
0,89.707245288964,0,0,0,0,0,303.527509149359,101.605593487621,92.3502314520023,0,300.031143529538,0,108.136066660554,110.384905066973,0,0,0,280.376028997576,194.442125915551,62.311273509377,99.2646516363145,0,153.453047983244,205.839960264176,0,0,306.640284138334,0,180.543851962045,0,0,0,0,164.032723165762,261.440278806413,179.718364159796,0,259.442917595754,241.57250333243,241.682021696872
0,0,0,0,0,0,0,118.522099274347,0,215.611029055736,276.620869034647,0,0,0,0,104.915316975638,220.963068032256,0,0,321.124897279917,0,0,0,101.350815329073,0,0,0,253.401634605989,180.543851962045,0,0,0,0,0,0,0,95.7590805983148,0,81.2827395071039,0,0
0,0,0,0,0,0,0,146.814226519809,0,0,0,192.135034768848,0,0,0,0,0,0,0,0,0,0,82.6299537488922,0,0,0,0,0,0,0,0,0,0,0,0,0,225.013371621378,0,0,205.183249704085,73.1029054543569
0,0,0,0,0,169.453147353278,161.74915061469,0,0,89.1590885155172,0,101.5853655613,0,139.792601838991,0,0,0,0,0,0,0,0,0,0,0,0,0,0,0,0,0,0,0,0,241.635434294794,72.2278283150671,117.208001126138,320.356811100276,73.4795582048751,0,93.4234866874731
0,0,0,0,198.528111506785,0,0,0,0,0,0,202.712457066107,0,0,0,0,0,204.481117647118,201.44584889478,0,0,0,0,0,0,0,0,0,0,0,0,0,0,333.645516435298,0,0,0,0,0,0,0
0,193.055010680236,0,134.960780198024,184.249961885477,261.605527103798,0,113.059176128709,99.3508940827211,66.5008477853491,116.176698124939,139.654362654449,0,0,160.530221557972,263.534399241887,0,190.185165668632,167.066576495979,219.430938885781,197.893790332676,231.715271819474,0,240.185081663983,0,151.806152521152,211.840482897052,171.906398392157,0,0,0,0,333.645516435298,0,163.059043292369,146.99041817625,85.6072705949986,131.969743415579,0,187.77054666536,0
0,148.808626413748,0,0,115.194491798135,197.486504603685,238.934743274142,0,0,80.4367166559625,198.964527389285,112.823430872325,0,206.912707094411,81.9664354533492,0,146.465927798921,71.4788760670054,0,125.81518738273,325.937289045041,100.812745974529,217.157696745803,0,136.685314494491,0,0,323.781250289068,164.032723165762,0,0,241.635434294794,0,163.059043292369,0,97.3506957544063,135.294330067913,0,177.763106506206,228.792310020318,119.345624434514
0,0,96.5937438588657,0,0,0,138.33942793804,283.88658203332,0,162.833808134102,0,0,0,0,0,0,0,0,0,137.239127032733,0,0,186.973586461633,357.423078228283,193.63278243493,111.226326353722,0,106.33736463831,261.440278806413,0,0,72.2278283150671,0,146.99041817625,97.3506957544063,0,200.878319874537,128.846764897717,140.574866691684,195.378266313867,84.3635741045246
0,0,0,195.822649557859,345.797434674459,82.4756938751058,90.1317194604647,92.5207898118833,284.529238481835,0,154.070293657878,120.912756812582,335.371040201042,165.893015276821,0,78.8552325762656,0,0,106.533627130087,98.417953423071,196.032358954952,219.040656038919,227.504408813069,139.93285932648,0,193.777661225572,135.667029391615,0,179.718364159796,95.7590805983148,225.013371621378,117.208001126138,0,85.6072705949986,135.294330067913,200.878319874537,0,125.416941482916,74.5815074003433,231.050882209,168.241326865882
173.538155409849,0,0,145.74089716123,0,101.443495235174,0,0,0,80.8080171296381,0,151.695570509541,0,122.106946855269,0,0,71.5579325720569,173.001559092555,124.698445421759,101.895308036513,0,212.592150359921,115.868441404982,306.344527664232,0,0,209.996727521564,0,0,0,0,320.356811100276,0,131.969743415579,0,128.846764897717,125.416941482916,0,0,151.036729364761,94.9380989123498
0,0,0,0,0,0,195.314816908693,0,0,94.7280504127031,0,0,0,104.369974912428,0,208.005106191961,0,0,0,103.519938150021,0,0,0,0,178.683678585178,201.100640800745,0,289.631679007608,259.442917595754,81.2827395071039,0,73.4795582048751,0,0,177.763106506206,140.574866691684,74.5815074003433,0,0,82.6426202489162,0
0,0,0,151.01089327964,0,0,0,0,138.425725342224,224.551207449728,0,0,142.054529471577,153.876396855887,133.984214699576,178.224497384947,269.936825670274,128.530575464043,0,228.075434767255,0,0,158.567996645797,115.871357769661,262.382215657622,222.053792850439,155.24952173131,106.926813611922,241.57250333243,0,205.183249704085,0,0,187.77054666536,228.792310020318,195.378266313867,231.050882209,151.036729364761,82.6426202489162,0,74.4197823064597
0,0,61.0664810463559,219.078548227669,0,87.8456058929559,0,94.126460729827,247.66948903751,0,218.045528847001,0,0,158.955087279859,0,115.332064605654,0,89.3673883748406,0,0,0,0,0,347.376449530863,283.248188884028,196.04190773555,0,221.805809452716,241.682021696872,0,73.1029054543569,93.4234866874731,0,0,119.345624434514,84.3635741045246,168.241326865882,94.9380989123498,0,74.4197823064597,0
