0,0,0,0,155.901486485736,0,0,0,0,0,0,0,0,0,0,0,0,0,0,0,0,0,71.4788760670054,0,0,0,0,0,0,0,0,186.348837226466,0,87.8456058929559,125.81518738273,0,192.601533877686,0,0,0,0
0,0,0,0,0,146.814226519809,0,0,0,0,0,0,0,0,0,0,0,0,82.6299537488922,177.763106506206,0,0,0,0,0,73.4795582048751,0,0,146.465927798921,0,0,0,0,0,0,0,96.7845769653343,0,133.218162784108,0,0
0,0,0,0,0,0,0,0,0,0,0,0,116.176698124939,0,151.075371308616,0,0,219.430938885781,0,0,0,0,0,0,0,0,0,67.8267069095267,0,191.519780382943,0,0,0,0,0,0,0,0,0,0,0
0,0,0,0,0,0,0,213.67670887414,0,0,178.683678585178,0,162.833808134102,0,0,0,112.823430872325,115.194491798135,0,0,0,180.543851962045,0,0,94.7529894315991,0,0,0,154.065933476765,0,0,0,0,0,103.519938150021,115.871357769661,253.401634605989,224.523755099568,0,174.013630695256,0
155.901486485736,0,0,0,0,206.472608421747,0,0,0,0,93.4234866874731,0,0,0,0,0,0,0,0,139.93285932648,148.808626413748,0,124.853650664477,0,222.053792850439,106.926813611922,280.376028997576,194.442125915551,0,0,0,0,0,0,188.851177466023,0,153.672550905948,0,0,160.537522273714,173.201474590904
0,146.814226519809,0,0,206.472608421747,0,85.6072705949986,0,112.349934713559,62.859596780235,136.685314494491,0,0,0,0,0,0,0,0,165.893015276821,179.718364159796,0,0,0,0,97.3506957544063,101.443495235174,131.969743415579,255.441154257905,0,0,0,0,0,0,0,82.1742780037132,0,0,175.196329314064,0
0,0,0,0,0,85.6072705949986,0,0,0,0,84.3635741045246,0,0,0,303.527509149359,92.5568465385234,0,0,0,223.705816669619,0,0,0,0,249.798812580765,0,0,119.728129215699,104.915316975638,0,0,0,0,0,196.032358954952,81.2827395071039,125.994729980093,0,0,81.9664354533492,241.682021696872
0,0,0,213.67670887414,0,0,0,0,0,111.226326353722,195.822649557859,195.378266313867,0,0,94.027247878695,348.674510760064,0,0,0,205.09013266389,0,0,0,128.530575464043,0,300.031143529538,140.574866691684,0,259.055025639447,0,227.504408813069,0,0,215.611029055736,212.592150359921,0,160.530221557972,0,0,173.001559092555,0
0,0,0,0,0,112.349934713559,0,0,0,0,0,197.486504603685,0,173.059382066957,0,0,0,0,0,153.609372090384,0,0,0,0,0,0,220.901129804706,0,82.6426202489162,309.997227542691,0,0,0,0,151.036729364761,0,169.742003380707,0,0,101.895308036513,94.7280504127031
0,0,0,0,0,62.859596780235,0,111.226326353722,0,0,0,250.461724766314,0,219.040656038919,0,0,0,321.864157986053,0,0,195.314816908693,0,0,0,225.013371621378,163.945208919892,0,269.936825670274,0,0,0,0,261.440278806413,333.645516435298,93.5029580098427,113.059176128709,58.3493451392805,172.892533368851,231.715271819474,202.712457066107,252.487290983309
0,0,0,178.683678585178,93.4234866874731,136.685314494491,84.3635741045246,195.822649557859,0,0,0,0,0,0,0,0,338.131802716296,0,0,0,201.44584889478,0,0,0,0,263.534399241887,306.344527664232,240.185081663983,0,0,141.204637091722,73.1029054543569,0,193.055010680236,125.416941482916,0,92.5207898118833,0,151.695570509541,0,0
0,0,0,0,0,0,0,195.378266313867,197.486504603685,250.461724766314,0,0,0,251.098274723989,284.529238481835,335.371040201042,0,0,151.01089327964,0,0,0,0,180.355266595273,0,347.376449530863,78.8552325762656,0,0,70.4221432298295,0,208.005106191961,192.693757128262,137.177378802006,276.620869034647,357.423078228283,82.4756938751058,106.128596538706,161.302948562323,101.605593487621,155.24952173131
0,0,116.176698124939,162.833808134102,0,0,0,0,0,0,0,0,0,0,0,0,0,0,0,0,0,0,192.135034768848,0,0,0,0,241.635434294794,0,0,0,0,0,0,0,0,172.608400267715,0,0,0,108.381749703452
0,0,0,0,0,0,0,0,173.059382066957,219.040656038919,0,251.098274723989,0,0,0,0,0,0,0,161.275817184598,0,0,89.707245288964,110.384905066973,262.382215657622,0,205.183249704085,135.294330067913,114.511014214502,0,0,0,0,0,259.442917595754,232.945974238958,71.5579325720569,139.654362654449,0,0,0
0,0,151.075371308616,0,0,0,303.527509149359,94.027247878695,0,0,0,284.529238481835,0,0,0,0,0,0,0,0,0,0,0,101.350815329073,0,171.906398392157,101.5853655613,0,247.66948903751,0,0,0,0,137.239127032733,0,154.070293657878,224.551207449728,0,146.99041817625,0,0
0,0,0,0,0,0,92.5568465385234,348.674510760064,0,0,0,335.371040201042,0,0,0,0,0,0,0,0,0,0,135.667029391615,167.066576495979,0,0,0,0,0,0,0,0,76.5072790361762,98.417953423071,218.045528847001,0,89.9429017381717,0,0,139.792601838991,143.005810983322
0,0,0,112.823430872325,0,0,0,0,0,0,338.131802716296,0,0,0,0,0,0,0,180.90030328818,0,115.868441404982,0,0,0,0,0,0,74.5815074003433,200.878319874537,114.649126378906,0,0,0,323.781250289068,0,0,101.85207633558,0,0,0,198.528111506785
0,0,219.430938885781,115.194491798135,0,0,0,0,0,321.864157986053,0,0,0,0,0,0,0,0,0,0,0,0,0,0,0,325.937289045041,94.8881692391942,0,0,0,0,0,0,0,92.3502314520023,0,0,0,115.114253591495,128.405764333981,220.963068032256
0,82.6299537488922,0,0,0,0,0,0,0,0,0,151.01089327964,0,0,0,0,180.90030328818,0,0,0,157.852515740516,0,329.719143597451,0,0,0,0,238.934743274142,193.777661225572,0,0,85.7623170715703,0,74.4197823064597,0,0,211.840482897052,0,0,138.33942793804,190.185165668632
0,177.763106506206,0,0,139.93285932648,165.893015276821,223.705816669619,205.09013266389,153.609372090384,0,0,0,0,161.275817184598,0,0,0,0,0,0,0,161.325017232684,199.492852797962,163.059043292369,99.3508940827211,0,0,0,0,0,0,142.385058730083,0,320.356811100276,145.74089716123,0,289.631679007608,283.248188884028,0,62.311273509377,0
0,0,0,0,148.808626413748,179.718364159796,0,0,0,195.314816908693,201.44584889478,0,0,0,0,0,115.868441404982,0,157.852515740516,0,0,0,0,106.33736463831,0,0,0,0,0,0,0,226.825099357786,0,134.960780198024,196.04190773555,183.786860782462,209.996727521564,134.566479261133,0,0,0
0,0,0,180.543851962045,0,0,0,0,0,0,0,0,0,0,0,0,0,0,0,161.325017232684,0,0,0,0,0,66.5008477853491,0,0,0,0,124.698445421759,0,0,206.912707094411,112.793316814908,0,0,0,165.597665022977,0,171.230058197369
71.4788760670054,0,0,0,124.853650664477,0,0,0,0,0,0,0,192.135034768848,89.707245288964,0,135.667029391615,0,0,329.719143597451,199.492852797962,0,0,0,198.964527389285,0,0,154.142998692322,150.161410108805,0,0,0,0,0,80.8080171296381,108.136066660554,161.694997919804,0,74.7304794244225,0,193.659409924573,0
0,0,0,0,0,0,0,128.530575464043,0,0,0,180.355266595273,0,110.384905066973,101.350815329073,167.066576495979,0,0,0,163.059043292369,106.33736463831,0,198.964527389285,0,0,106.533627130087,0,0,104.369974912428,241.57250333243,0,128.846764897717,0,119.345624434514,117.208001126138,142.054529471577,98.6790043377568,178.748963182352,0,89.3673883748406,221.805809452716
0,0,0,94.7529894315991,222.053792850439,0,249.798812580765,0,0,225.013371621378,0,0,0,262.382215657622,0,0,0,0,0,99.3508940827211,0,0,0,0,0,0,0,99.2646516363145,0,0,0,0,0,0,0,0,113.144980278377,111.435629183184,0,120.912756812582,0
0,73.4795582048751,0,0,106.926813611922,97.3506957544063,0,300.031143529538,0,163.945208919892,263.534399241887,347.376449530863,0,0,171.906398392157,0,0,325.937289045041,0,0,0,66.5008477853491,0,106.533627130087,0,0,0,201.100640800745,75.4497121078207,0,0,231.050882209,120.567029282014,214.116367924649,0,178.224497384947,153.453047983244,0,161.74915061469,242.790381480436,0
0,0,0,0,280.376028997576,101.443495235174,0,140.574866691684,220.901129804706,0,306.344527664232,78.8552325762656,0,205.183249704085,101.5853655613,0,0,94.8881692391942,0,0,0,0,154.142998692322,0,0,0,0,109.093416850988,138.425725342224,137.189596148386,0,0,0,61.0664810463559,136.792307586862,181.316358113209,78.9559315574845,219.078548227669,0,204.084074037941,122.106946855269
0,0,67.8267069095267,0,194.442125915551,131.969743415579,119.728129215699,0,0,269.936825670274,240.185081663983,0,241.635434294794,135.294330067913,0,0,74.5815074003433,0,238.934743274142,0,0,0,150.161410108805,0,99.2646516363145,201.100640800745,109.093416850988,0,100.812745974529,306.640284138334,90.1317194604647,154.784755881607,94.126460729827,96.5937438588657,159.183173818572,173.538155409849,168.241326865882,184.249961885477,314.611698427915,186.973586461633,90.7216186966914
0,146.465927798921,0,154.065933476765,0,255.441154257905,104.915316975638,259.055025639447,82.6426202489162,0,0,0,0,114.511014214502,247.66948903751,0,200.878319874537,0,193.777661225572,0,0,0,0,104.369974912428,0,75.4497121078207,138.425725342224,100.812745974529,0,205.839960264176,0,0,0,94.9380989123498,188.936291522747,97.5855511246009,151.806152521152,164.032723165762,0,97.3232815600345,0
0,0,191.519780382943,0,0,0,0,0,309.997227542691,0,0,70.4221432298295,0,0,0,0,114.649126378906,0,0,0,0,0,0,241.57250333243,0,0,137.189596148386,306.640284138334,205.839960264176,0,0,0,0,0,345.797434674459,0,0,98.2230592632363,0,0,169.453147353278
0,0,0,0,0,0,0,227.504408813069,0,0,141.204637091722,0,0,0,0,0,0,0,0,0,0,124.698445421759,0,0,0,0,0,90.1317194604647,0,0,0,0,0,158.567996645797,0,0,0,0,0,0,153.876396855887
186.348837226466,0,0,0,0,0,0,0,0,0,73.1029054543569,208.005106191961,0,0,0,0,0,0,85.7623170715703,142.385058730083,226.825099357786,0,0,128.846764897717,0,231.050882209,0,154.784755881607,0,0,0,0,0,0,0,0,0,0,158.955087279859,89.1590885155172,0
0,0,0,0,0,0,0,0,0,261.440278806413,0,192.693757128262,0,0,0,76.5072790361762,0,0,0,0,0,0,0,0,0,120.567029282014,0,94.126460729827,0,0,0,0,0,0,0,0,0,0,0,0,0
87.8456058929559,0,0,0,0,0,0,215.611029055736,0,333.645516435298,193.055010680236,137.177378802006,0,0,137.239127032733,98.417953423071,323.781250289068,0,74.4197823064597,320.356811100276,134.960780198024,206.912707094411,80.8080171296381,119.345624434514,0,214.116367924649,61.0664810463559,96.5937438588657,94.9380989123498,0,158.567996645797,0,0,0,72.2278283150671,193.63278243493,261.605527103798,217.157696745803,204.481117647118,283.88658203332,321.124897279917
125.81518738273,0,0,103.519938150021,188.851177466023,0,196.032358954952,212.592150359921,151.036729364761,93.5029580098427,125.416941482916,276.620869034647,0,259.442917595754,0,218.045528847001,0,92.3502314520023,0,145.74089716123,196.04190773555,112.793316814908,108.136066660554,117.208001126138,0,0,136.792307586862,159.183173818572,188.936291522747,345.797434674459,0,0,0,72.2278283150671,0,0,197.893790332676,115.541295036174,0,0,187.77054666536
0,0,0,115.871357769661,0,0,81.2827395071039,0,0,113.059176128709,0,357.423078228283,0,232.945974238958,154.070293657878,0,0,0,0,0,183.786860782462,0,161.694997919804,142.054529471577,0,178.224497384947,181.316358113209,173.538155409849,97.5855511246009,0,0,0,0,193.63278243493,0,0,228.792310020318,353.822894641502,249.905610015455,95.7590805983148,116.054372245433
192.601533877686,96.7845769653343,0,253.401634605989,153.672550905948,82.1742780037132,125.994729980093,160.530221557972,169.742003380707,58.3493451392805,92.5207898118833,82.4756938751058,172.608400267715,71.5579325720569,224.551207449728,89.9429017381717,101.85207633558,0,211.840482897052,289.631679007608,209.996727521564,0,0,98.6790043377568,113.144980278377,153.453047983244,78.9559315574845,168.241326865882,151.806152521152,0,0,0,0,261.605527103798,197.893790332676,228.792310020318,0,118.522099274347,0,80.4367166559625,0
0,0,0,224.523755099568,0,0,0,0,0,172.892533368851,0,106.128596538706,0,139.654362654449,0,0,0,0,0,283.248188884028,134.566479261133,0,74.7304794244225,178.748963182352,111.435629183184,0,219.078548227669,184.249961885477,164.032723165762,98.2230592632363,0,0,0,217.157696745803,115.541295036174,353.822894641502,118.522099274347,0,133.984214699576,146.770754374523,115.332064605654
0,133.218162784108,0,0,0,0,0,0,0,231.715271819474,151.695570509541,161.302948562323,0,0,146.99041817625,0,0,115.114253591495,0,0,0,165.597665022977,0,0,0,161.74915061469,0,314.611698427915,0,0,0,158.955087279859,0,204.481117647118,0,249.905610015455,0,133.984214699576,0,236.681907140956,228.075434767255
0,0,0,174.013630695256,160.537522273714,175.196329314064,81.9664354533492,173.001559092555,101.895308036513,202.712457066107,0,101.605593487621,0,0,0,139.792601838991,0,128.405764333981,138.33942793804,62.311273509377,0,0,193.659409924573,89.3673883748406,120.912756812582,242.790381480436,204.084074037941,186.973586461633,97.3232815600345,0,0,89.1590885155172,0,283.88658203332,0,95.7590805983148,80.4367166559625,146.770754374523,236.681907140956,0,0
0,0,0,0,173.201474590904,0,241.682021696872,0,94.7280504127031,252.487290983309,0,155.24952173131,108.381749703452,0,0,143.005810983322,198.528111506785,220.963068032256,190.185165668632,0,0,171.230058197369,0,221.805809452716,0,0,122.106946855269,90.7216186966914,0,169.453147353278,153.876396855887,0,0,321.124897279917,187.77054666536,116.054372245433,0,115.332064605654,228.075434767255,0,0
