0,0,0,0,0,0,0,0,0,0,134.566479261133,0,0,0,0,0,0,0,0,0,0,0,0,0,0,222.053792850439,0,0,0,0,0,0,0,0,92.5568465385234,0,215.611029055736,151.806152521152,0,209.996727521564,0
0,0,0,283.248188884028,167.066576495979,0,0,0,0,0,0,0,0,276.620869034647,0,0,0,0,0,0,171.906398392157,0,0,92.5207898118833,0,188.936291522747,0,0,103.519938150021,0,0,0,0,0,0,0,0,0,0,0,0
0,0,0,0,0,0,0,0,0,0,0,160.530221557972,0,0,0,0,0,0,0,0,0,0,0,0,0,0,146.814226519809,280.376028997576,101.5853655613,0,0,0,0,0,0,0,0,0,0,197.486504603685,0
0,283.248188884028,0,0,194.442125915551,0,0,0,0,0,195.822649557859,0,0,0,0,0,116.176698124939,157.852515740516,0,90.7216186966914,0,0,0,0,0,112.349934713559,0,106.128596538706,206.472608421747,0,0,0,0,0,284.529238481835,0,0,227.504408813069,0,231.715271819474,193.055010680236
0,167.066576495979,0,194.442125915551,0,0,0,0,0,259.055025639447,112.793316814908,0,0,0,0,0,0,0,0,140.574866691684,0,0,0,62.859596780235,0,161.275817184598,94.9380989123498,141.204637091722,0,0,0,0,0,187.77054666536,0,184.249961885477,199.492852797962,0,154.784755881607,111.226326353722,0
0,0,0,0,0,0,0,0,0,0,0,81.2827395071039,0,242.790381480436,0,0,238.934743274142,213.67670887414,0,0,171.230058197369,0,0,82.6299537488922,0,0,221.805809452716,0,269.936825670274,0,0,0,0,300.031143529538,66.5008477853491,154.142998692322,0,162.833808134102,219.430938885781,161.302948562323,0
0,0,0,0,0,0,0,134.960780198024,153.876396855887,0,0,175.196329314064,0,0,0,0,0,0,0,0,0,0,0,0,0,0,72.2278283150671,217.157696745803,0,0,178.224497384947,128.530575464043,151.036729364761,173.059382066957,78.9559315574845,0,0,0,191.519780382943,150.161410108805,99.2646516363145
0,0,0,0,0,0,134.960780198024,0,0,163.945208919892,128.405764333981,133.984214699576,0,0,0,0,0,249.798812580765,0,0,0,0,146.99041817625,252.487290983309,0,0,93.4234866874731,82.1742780037132,255.441154257905,0,0,0,0,101.605593487621,0,0,108.136066660554,202.712457066107,131.969743415579,228.075434767255,348.674510760064
0,0,0,0,0,0,153.876396855887,0,0,153.453047983244,0,101.350815329073,0,0,0,0,0,0,0,0,0,0,186.973586461633,58.3493451392805,0,0,0,137.239127032733,0,0,0,314.611698427915,62.311273509377,0,71.4788760670054,0,101.85207633558,0,0,0,232.945974238958
0,0,0,0,259.055025639447,0,0,163.945208919892,153.453047983244,0,135.667029391615,0,0,0,0,225.013371621378,0,0,0,148.808626413748,0,0,0,84.3635741045246,0,78.8552325762656,97.5855511246009,161.325017232684,67.8267069095267,106.533627130087,0,0,0,136.792307586862,338.131802716296,143.005810983322,0,188.851177466023,205.183249704085,0,80.4367166559625
134.566479261133,0,0,195.822649557859,112.793316814908,0,0,128.405764333981,0,135.667029391615,0,0,0,89.707245288964,0,0,211.840482897052,0,0,0,0,0,0,0,193.63278243493,0,98.6790043377568,219.078548227669,110.384905066973,192.601533877686,0,0,0,0,0,93.5029580098427,99.3508940827211,325.937289045041,94.126460729827,0,0
0,0,160.530221557972,0,0,81.2827395071039,175.196329314064,133.984214699576,101.350815329073,0,0,0,218.045528847001,0,303.527509149359,0,0,0,0,82.6426202489162,0,0,172.892533368851,125.81518738273,0,177.763106506206,109.093416850988,0,335.371040201042,0,0,247.66948903751,104.369974912428,224.523755099568,178.748963182352,89.9429017381717,197.893790332676,92.3502314520023,168.241326865882,0,0
0,0,0,0,0,0,0,0,0,0,0,218.045528847001,0,0,0,0,0,0,0,0,0,0,0,0,0,0,0,0,0,0,0,0,0,106.926813611922,190.185165668632,0,206.912707094411,0,0,153.609372090384,261.605527103798
0,276.620869034647,0,0,0,242.790381480436,0,0,0,0,89.707245288964,0,0,0,0,115.114253591495,0,0,124.698445421759,0,205.09013266389,0,0,0,0,0,100.812745974529,151.075371308616,0,236.681907140956,0,133.218162784108,0,205.839960264176,0,0,104.915316975638,165.597665022977,0,0,250.461724766314
0,0,0,0,0,0,0,0,0,0,0,303.527509149359,0,0,0,114.649126378906,0,181.316358113209,0,111.435629183184,0,289.631679007608,115.332064605654,0,0,0,353.822894641502,212.592150359921,0,0,0,0,0,119.345624434514,158.567996645797,0,0,345.797434674459,0,146.465927798921,0
0,0,0,0,0,0,0,0,0,225.013371621378,0,0,0,115.114253591495,114.649126378906,0,0,0,114.511014214502,0,0,0,0,0,0,0,0,81.9664354533492,85.7623170715703,76.5072790361762,0,0,0,164.032723165762,0,160.537522273714,161.694997919804,0,0,263.534399241887,0
0,0,0,116.176698124939,0,238.934743274142,0,0,0,0,211.840482897052,0,0,0,0,0,0,0,0,0,0,0,82.4756938751058,0,0,97.3232815600345,0,0,0,0,220.963068032256,0,0,204.481117647118,87.8456058929559,0,241.635434294794,0,0,241.682021696872,0
0,0,0,157.852515740516,0,213.67670887414,0,249.798812580765,0,0,0,0,0,0,181.316358113209,0,0,0,70.4221432298295,0,74.4197823064597,0,208.005106191961,0,0,0,0,0,0,0,0,228.792310020318,0,0,0,0,0,180.355266595273,0,0,0
0,0,0,0,0,0,0,0,0,0,0,0,0,124.698445421759,0,114.511014214502,0,70.4221432298295,0,169.742003380707,0,0,0,0,0,155.901486485736,0,0,283.88658203332,0,0,0,0,151.695570509541,94.7529894315991,333.645516435298,73.4795582048751,0,89.3673883748406,0,115.194491798135
0,0,0,90.7216186966914,140.574866691684,0,0,0,0,148.808626413748,0,82.6426202489162,0,0,111.435629183184,0,0,0,169.742003380707,0,0,0,0,113.144980278377,0,135.294330067913,0,0,172.608400267715,0,0,173.538155409849,0,108.381749703452,201.44584889478,119.728129215699,196.04190773555,192.135034768848,0,115.871357769661,118.522099274347
0,171.906398392157,0,0,0,171.230058197369,0,0,0,0,0,0,0,205.09013266389,0,0,0,74.4197823064597,0,0,0,0,0,0,180.90030328818,0,0,153.672550905948,262.382215657622,0,0,0,0,80.8080171296381,224.551207449728,241.57250333243,193.777661225572,0,0,196.032358954952,115.541295036174
0,0,0,0,0,0,0,0,0,0,0,0,0,0,289.631679007608,0,0,0,0,0,0,0,139.792601838991,321.124897279917,0,0,0,0,0,0,90.1317194604647,0,0,137.189596148386,0,138.33942793804,139.93285932648,0,0,0,113.059176128709
0,0,0,0,0,0,0,146.99041817625,186.973586461633,0,0,172.892533368851,0,0,115.332064605654,0,82.4756938751058,208.005106191961,0,0,0,139.792601838991,0,0,0,329.719143597451,0,201.100640800745,138.425725342224,0,0,0,0,155.24952173131,71.5579325720569,0,128.846764897717,0,0,145.74089716123,158.955087279859
0,92.5207898118833,0,0,62.859596780235,82.6299537488922,0,252.487290983309,58.3493451392805,84.3635741045246,0,125.81518738273,0,0,0,0,0,0,0,113.144980278377,0,321.124897279917,0,0,159.183173818572,192.693757128262,198.528111506785,183.786860782462,165.893015276821,106.33736463831,0,0,0,112.823430872325,94.8881692391942,0,261.440278806413,0,0,101.443495235174,0
0,0,0,0,0,0,0,0,0,0,193.63278243493,0,0,0,0,0,0,0,0,0,180.90030328818,0,0,159.183173818572,0,0,0,195.378266313867,0,0,0,0,0,154.070293657878,117.208001126138,219.040656038919,98.417953423071,96.7845769653343,0,195.314816908693,0
222.053792850439,188.936291522747,0,112.349934713559,161.275817184598,0,0,0,0,78.8552325762656,0,177.763106506206,0,0,0,0,97.3232815600345,0,155.901486485736,135.294330067913,0,0,329.719143597451,192.693757128262,0,0,120.912756812582,0,97.3506957544063,0,180.543851962045,163.059043292369,0,169.453147353278,320.356811100276,0,321.864157986053,94.7280504127031,0,0,95.7590805983148
0,0,146.814226519809,0,94.9380989123498,221.805809452716,72.2278283150671,93.4234866874731,0,97.5855511246009,98.6790043377568,109.093416850988,0,100.812745974529,353.822894641502,0,0,0,0,0,0,0,0,198.528111506785,0,120.912756812582,0,186.348837226466,0,73.1029054543569,0,0,0,306.640284138334,0,142.385058730083,249.905610015455,0,139.654362654449,226.825099357786,151.01089327964
0,0,280.376028997576,106.128596538706,141.204637091722,0,217.157696745803,82.1742780037132,137.239127032733,161.325017232684,219.078548227669,0,0,151.075371308616,212.592150359921,81.9664354533492,0,0,0,0,153.672550905948,0,201.100640800745,183.786860782462,195.378266313867,0,186.348837226466,0,174.013630695256,173.001559092555,323.781250289068,0,146.770754374523,98.2230592632363,357.423078228283,115.868441404982,259.442917595754,198.964527389285,0,122.106946855269,231.050882209
0,103.519938150021,101.5853655613,206.472608421747,0,269.936825670274,0,255.441154257905,0,67.8267069095267,110.384905066973,335.371040201042,0,0,0,85.7623170715703,0,0,283.88658203332,172.608400267715,262.382215657622,0,138.425725342224,165.893015276821,0,97.3506957544063,0,174.013630695256,0,204.084074037941,0,0,0,0,75.4497121078207,251.098274723989,347.376449530863,0,154.065933476765,0,0
0,0,0,0,0,0,0,0,0,106.533627130087,192.601533877686,0,0,236.681907140956,0,76.5072790361762,0,0,0,0,0,0,0,106.33736463831,0,0,73.1029054543569,173.001559092555,204.084074037941,0,0,0,0,137.177378802006,0,0,0,0,0,179.718364159796,101.895308036513
0,0,0,0,0,0,178.224497384947,0,0,0,0,0,0,0,0,0,220.963068032256,0,0,0,0,90.1317194604647,0,0,0,180.543851962045,0,323.781250289068,0,0,0,0,0,0,0,0,142.054529471577,0,0,0,0
0,0,0,0,0,0,128.530575464043,0,314.611698427915,0,0,247.66948903751,0,133.218162784108,0,0,0,228.792310020318,0,173.538155409849,0,0,0,0,0,163.059043292369,0,0,0,0,0,0,0,0,178.683678585178,214.116367924649,193.659409924573,0,0,0,161.74915061469
0,0,0,0,0,0,151.036729364761,0,62.311273509377,0,0,104.369974912428,0,0,0,0,0,0,0,0,0,0,0,0,0,0,0,146.770754374523,0,0,0,0,0,0,0,0,0,0,253.401634605989,0,0
0,0,0,0,187.77054666536,300.031143529538,173.059382066957,101.605593487621,0,136.792307586862,0,224.523755099568,106.926813611922,205.839960264176,119.345624434514,164.032723165762,204.481117647118,0,151.695570509541,108.381749703452,80.8080171296381,137.189596148386,155.24952173131,112.823430872325,154.070293657878,169.453147353278,306.640284138334,98.2230592632363,0,137.177378802006,0,0,0,0,74.5815074003433,0,85.6072705949986,0,0,124.853650664477,306.344527664232
92.5568465385234,0,0,284.529238481835,0,66.5008477853491,78.9559315574845,0,71.4788760670054,338.131802716296,0,178.748963182352,190.185165668632,0,158.567996645797,0,87.8456058929559,0,94.7529894315991,201.44584889478,224.551207449728,0,71.5579325720569,94.8881692391942,117.208001126138,320.356811100276,0,357.423078228283,75.4497121078207,0,0,178.683678585178,0,74.5815074003433,0,89.1590885155172,94.027247878695,61.0664810463559,0,96.5937438588657,0
0,0,0,0,184.249961885477,154.142998692322,0,0,0,143.005810983322,93.5029580098427,89.9429017381717,0,0,0,160.537522273714,0,0,333.645516435298,119.728129215699,241.57250333243,138.33942793804,0,0,219.040656038919,0,142.385058730083,115.868441404982,251.098274723989,0,0,214.116367924649,0,0,89.1590885155172,0,125.994729980093,220.901129804706,116.054372245433,0,0
215.611029055736,0,0,0,199.492852797962,0,0,108.136066660554,101.85207633558,0,99.3508940827211,197.893790332676,206.912707094411,104.915316975638,0,161.694997919804,241.635434294794,0,73.4795582048751,196.04190773555,193.777661225572,139.93285932648,128.846764897717,261.440278806413,98.417953423071,321.864157986053,249.905610015455,259.442917595754,347.376449530863,0,142.054529471577,193.659409924573,0,85.6072705949986,94.027247878695,125.994729980093,0,136.685314494491,173.201474590904,125.416941482916,240.185081663983
151.806152521152,0,0,227.504408813069,0,162.833808134102,0,202.712457066107,0,188.851177466023,325.937289045041,92.3502314520023,0,165.597665022977,345.797434674459,0,0,180.355266595273,0,192.135034768848,0,0,0,0,96.7845769653343,94.7280504127031,0,198.964527389285,0,0,0,0,0,0,61.0664810463559,220.901129804706,136.685314494491,0,223.705816669619,120.567029282014,200.878319874537
0,0,0,0,154.784755881607,219.430938885781,191.519780382943,131.969743415579,0,205.183249704085,94.126460729827,168.241326865882,0,0,0,0,0,0,89.3673883748406,0,0,0,0,0,0,0,139.654362654449,0,154.065933476765,0,0,0,253.401634605989,0,0,116.054372245433,173.201474590904,223.705816669619,0,74.7304794244225,0
209.996727521564,0,197.486504603685,231.715271819474,111.226326353722,161.302948562323,150.161410108805,228.075434767255,0,0,0,0,153.609372090384,0,146.465927798921,263.534399241887,241.682021696872,0,0,115.871357769661,196.032358954952,0,145.74089716123,101.443495235174,195.314816908693,0,226.825099357786,122.106946855269,0,179.718364159796,0,0,0,124.853650664477,96.5937438588657,0,125.416941482916,120.567029282014,74.7304794244225,0,309.997227542691
0,0,0,193.055010680236,0,0,99.2646516363145,348.674510760064,232.945974238958,80.4367166559625,0,0,261.605527103798,250.461724766314,0,0,0,0,115.194491798135,118.522099274347,115.541295036174,113.059176128709,158.955087279859,0,0,95.7590805983148,151.01089327964,231.050882209,0,101.895308036513,0,161.74915061469,0,306.344527664232,0,0,240.185081663983,200.878319874537,0,309.997227542691,0
