0,0,0,0,0,0,0,0,0,0,0,0,0,0,0,0,0,231.715271819474,0,228.792310020318,0,0,0,0,0,0,173.001559092555,131.969743415579,0,0,0,0,0,0,62.859596780235,0,0,108.136066660554,0,0,0
0,0,0,0,224.523755099568,172.892533368851,0,0,0,0,128.405764333981,0,0,0,0,0,219.040656038919,0,0,0,0,0,0,0,0,0,101.85207633558,198.528111506785,0,0,0,0,0,242.790381480436,0,0,0,0,0,0,0
0,0,0,0,0,0,0,0,0,0,188.936291522747,66.5008477853491,0,0,0,0,0,0,0,0,0,0,0,0,0,0,0,0,0,0,0,0,0,0,191.519780382943,0,106.128596538706,0,0,180.355266595273,0
0,0,0,0,215.611029055736,0,0,0,0,0,0,0,0,0,0,333.645516435298,0,0,0,250.461724766314,0,0,90.1317194604647,0,0,0,0,87.8456058929559,164.032723165762,0,89.3673883748406,224.551207449728,0,186.973586461633,177.763106506206,223.705816669619,0,0,81.9664354533492,0,122.106946855269
0,224.523755099568,0,215.611029055736,0,0,0,196.04190773555,94.126460729827,357.423078228283,0,0,0,0,0,0,0,0,0,0,151.695570509541,0,0,61.0664810463559,173.059382066957,194.442125915551,0,154.065933476765,158.567996645797,0,0,0,0,0,95.7590805983148,115.541295036174,303.527509149359,0,0,0,0
0,172.892533368851,0,0,0,0,180.543851962045,0,0,190.185165668632,253.401634605989,0,0,0,92.3502314520023,0,0,0,0,120.567029282014,0,0,0,0,94.8881692391942,101.605593487621,0,169.742003380707,109.093416850988,168.241326865882,0,0,0,0,225.013371621378,0,206.912707094411,0,0,0,73.4795582048751
0,0,0,0,0,180.543851962045,0,0,0,0,151.806152521152,0,0,0,306.640284138334,161.694997919804,0,112.823430872325,0,195.822649557859,0,241.682021696872,0,0,238.934743274142,154.142998692322,0,0,231.050882209,232.945974238958,0,0,0,0,161.325017232684,0,0,213.67670887414,0,0,0
0,0,0,0,196.04190773555,0,0,0,167.066576495979,70.4221432298295,193.055010680236,92.5207898118833,0,0,179.718364159796,0,0,0,0,0,0,0,145.74089716123,133.218162784108,115.868441404982,153.609372090384,0,138.33942793804,0,0,0,0,0,206.472608421747,94.7280504127031,0,67.8267069095267,0,0,192.601533877686,347.376449530863
0,0,0,0,94.126460729827,0,0,167.066576495979,0,0,0,138.425725342224,0,0,0,280.376028997576,0,0,0,0,0,0,146.770754374523,115.871357769661,0,114.511014214502,0,85.7623170715703,161.74915061469,0,0,0,0,0,0,0,0,0,0,96.7845769653343,214.116367924649
0,0,0,0,357.423078228283,190.185165668632,0,70.4221432298295,0,0,157.852515740516,172.608400267715,0,120.912756812582,0,0,0,0,82.6426202489162,84.3635741045246,119.345624434514,0,0,262.382215657622,335.371040201042,0,0,143.005810983322,0,0,0,240.185081663983,0,183.786860782462,163.059043292369,200.878319874537,169.453147353278,0,0,325.937289045041,0
0,128.405764333981,188.936291522747,0,0,253.401634605989,151.806152521152,193.055010680236,0,157.852515740516,0,146.814226519809,0,0,0,0,0,180.90030328818,0,155.901486485736,0,0,0,178.748963182352,0,192.135034768848,0,0,0,0,0,115.114253591495,0,98.6790043377568,0,0,97.3506957544063,0,0,106.533627130087,82.6299537488922
0,0,66.5008477853491,0,0,0,0,92.5207898118833,138.425725342224,172.608400267715,146.814226519809,0,80.4367166559625,90.7216186966914,178.224497384947,0,261.605527103798,0,165.597665022977,0,0,0,82.1742780037132,0,0,171.906398392157,0,125.994729980093,192.693757128262,0,0,0,0,259.442917595754,251.098274723989,151.01089327964,222.053792850439,161.302948562323,128.846764897717,205.839960264176,0
0,0,0,0,0,0,0,0,0,0,0,80.4367166559625,0,0,0,195.378266313867,0,0,0,0,0,0,0,0,0,0,0,0,0,0,0,0,0,241.57250333243,0,0,197.893790332676,0,175.196329314064,0,113.059176128709
0,0,0,0,0,0,0,0,0,120.912756812582,0,90.7216186966914,0,0,0,241.635434294794,0,0,78.8552325762656,0,74.4197823064597,0,137.177378802006,0,0,116.054372245433,89.9429017381717,125.81518738273,195.314816908693,0,0,0,0,321.864157986053,0,0,193.777661225572,174.013630695256,0,353.822894641502,0
0,0,0,0,0,92.3502314520023,306.640284138334,179.718364159796,0,0,0,178.224497384947,0,0,0,0,0,98.417953423071,0,0,0,139.654362654449,0,0,0,0,0,78.9559315574845,0,112.349934713559,0,0,0,106.926813611922,0,0,0,269.936825670274,0,211.840482897052,186.348837226466
0,0,0,333.645516435298,0,0,161.694997919804,0,280.376028997576,0,0,0,195.378266313867,241.635434294794,0,0,0,0,0,142.385058730083,0,0,188.851177466023,114.649126378906,0,0,110.384905066973,0,0,0,0,0,0,0,0,0,0,338.131802716296,0,0,247.66948903751
0,219.040656038919,0,0,0,0,0,0,0,0,0,261.605527103798,0,0,0,0,0,0,0,103.519938150021,0,283.248188884028,0,0,0,141.204637091722,0,74.5815074003433,0,0,0,137.239127032733,0,111.435629183184,0,0,151.036729364761,0,104.915316975638,0,0
231.715271819474,0,0,0,0,0,112.823430872325,0,0,0,180.90030328818,0,0,0,98.417953423071,0,0,0,0,0,0,0,0,0,0,0,0,0,0,0,0,0,0,142.054529471577,227.504408813069,0,139.792601838991,104.369974912428,219.078548227669,0,0
0,0,0,0,0,0,0,0,0,82.6426202489162,0,165.597665022977,0,78.8552325762656,0,0,0,0,0,0,71.4788760670054,0,0,249.798812580765,0,0,184.249961885477,0,159.183173818572,0,0,0,0,321.124897279917,89.707245288964,108.381749703452,0,119.728129215699,150.161410108805,0,0
228.792310020318,0,0,250.461724766314,0,120.567029282014,195.822649557859,0,0,84.3635741045246,155.901486485736,0,0,0,0,142.385058730083,103.519938150021,0,0,0,0,0,0,0,146.465927798921,163.945208919892,71.5579325720569,0,133.984214699576,0,0,0,0,205.183249704085,80.8080171296381,0,136.792307586862,323.781250289068,0,101.895308036513,0
0,0,0,0,151.695570509541,0,0,0,0,119.345624434514,0,0,0,74.4197823064597,0,0,0,0,71.4788760670054,0,0,154.784755881607,0,309.997227542691,148.808626413748,252.487290983309,201.100640800745,0,0,0,0,0,0,0,249.905610015455,0,146.99041817625,0,181.316358113209,153.672550905948,0
0,0,0,0,0,0,241.682021696872,0,0,0,0,0,0,0,139.654362654449,0,283.248188884028,0,0,0,154.784755881607,0,0,0,0,0,0,220.901129804706,0,0,0,0,0,220.963068032256,0,0,284.529238481835,0,0,0,62.311273509377
0,0,0,90.1317194604647,0,0,0,145.74089716123,146.770754374523,0,0,82.1742780037132,0,137.177378802006,0,188.851177466023,0,0,0,0,0,0,0,0,0,134.566479261133,208.005106191961,261.440278806413,93.5029580098427,0,0,0,204.481117647118,0,0,128.530575464043,99.2646516363145,0,0,187.77054666536,219.430938885781
0,0,0,0,61.0664810463559,0,0,133.218162784108,115.871357769661,262.382215657622,178.748963182352,0,0,0,0,114.649126378906,0,0,249.798812580765,0,309.997227542691,0,0,0,0,113.144980278377,75.4497121078207,0,134.960780198024,135.294330067913,0,0,0,115.332064605654,221.805809452716,124.853650664477,165.893015276821,153.876396855887,320.356811100276,0,171.230058197369
0,0,0,0,173.059382066957,94.8881692391942,238.934743274142,115.868441404982,0,335.371040201042,0,0,0,0,0,0,0,0,0,146.465927798921,148.808626413748,0,0,0,0,0,0,154.070293657878,153.453047983244,0,0,0,0,0,0,228.075434767255,0,0,0,0,0
0,0,0,0,194.442125915551,101.605593487621,154.142998692322,153.609372090384,114.511014214502,0,192.135034768848,171.906398392157,0,116.054372245433,0,0,141.204637091722,0,0,163.945208919892,252.487290983309,0,134.566479261133,113.144980278377,0,0,135.667029391615,306.344527664232,0,76.5072790361762,101.350815329073,0,0,94.027247878695,0,0,255.441154257905,0,0,96.5937438588657,0
173.001559092555,101.85207633558,0,0,0,0,0,0,0,0,0,0,0,89.9429017381717,0,110.384905066973,0,0,184.249961885477,71.5579325720569,201.100640800745,0,208.005106191961,75.4497121078207,0,135.667029391615,0,289.631679007608,112.793316814908,345.797434674459,0,72.2278283150671,0,124.698445421759,158.955087279859,0,98.2230592632363,236.681907140956,0,205.09013266389,89.1590885155172
131.969743415579,198.528111506785,0,87.8456058929559,154.065933476765,169.742003380707,0,138.33942793804,85.7623170715703,143.005810983322,0,125.994729980093,0,125.81518738273,78.9559315574845,0,74.5815074003433,0,0,0,0,220.901129804706,261.440278806413,0,154.070293657878,306.344527664232,289.631679007608,0,93.4234866874731,226.825099357786,101.443495235174,0,202.712457066107,0,136.685314494491,0,196.032358954952,117.208001126138,101.5853655613,118.522099274347,162.833808134102
0,0,0,164.032723165762,158.567996645797,109.093416850988,231.050882209,0,161.74915061469,0,0,192.693757128262,0,195.314816908693,0,0,0,0,159.183173818572,133.984214699576,0,0,93.5029580098427,134.960780198024,153.453047983244,0,112.793316814908,93.4234866874731,0,0,193.63278243493,0,0,74.7304794244225,198.964527389285,199.492852797962,259.055025639447,0,0,314.611698427915,160.537522273714
0,0,0,0,0,168.241326865882,232.945974238958,0,0,0,0,0,0,0,112.349934713559,0,0,0,0,0,0,0,0,135.294330067913,0,76.5072790361762,345.797434674459,226.825099357786,0,0,0,0,0,173.201474590904,82.4756938751058,204.084074037941,0,0,0,0,111.226326353722
0,0,0,89.3673883748406,0,0,0,0,0,0,0,0,0,0,0,0,0,0,0,0,0,0,0,0,0,101.350815329073,0,101.443495235174,193.63278243493,0,0,0,0,0,0,0,97.3232815600345,0,0,201.44584889478,0
0,0,0,224.551207449728,0,0,0,0,0,240.185081663983,115.114253591495,0,0,0,0,0,137.239127032733,0,0,0,0,0,0,0,0,0,72.2278283150671,0,0,0,0,0,0,0,151.075371308616,92.5568465385234,329.719143597451,140.574866691684,115.194491798135,263.534399241887,0
0,0,0,0,0,0,0,0,0,0,0,0,0,0,0,0,0,0,0,0,0,0,204.481117647118,0,0,0,0,202.712457066107,0,0,0,0,0,0,0,106.33736463831,58.3493451392805,0,0,85.6072705949986,0
0,242.790381480436,0,186.973586461633,0,0,0,206.472608421747,0,183.786860782462,98.6790043377568,259.442917595754,241.57250333243,321.864157986053,106.926813611922,0,111.435629183184,142.054529471577,321.124897279917,205.183249704085,0,220.963068032256,0,115.332064605654,0,94.027247878695,124.698445421759,0,74.7304794244225,173.201474590904,0,0,0,0,94.7529894315991,97.5855511246009,81.2827395071039,160.530221557972,116.176698124939,276.620869034647,139.93285932648
62.859596780235,0,191.519780382943,177.763106506206,95.7590805983148,225.013371621378,161.325017232684,94.7280504127031,0,163.059043292369,0,251.098274723989,0,0,0,0,0,227.504408813069,89.707245288964,80.8080171296381,249.905610015455,0,0,221.805809452716,0,0,158.955087279859,136.685314494491,198.964527389285,82.4756938751058,0,151.075371308616,0,94.7529894315991,0,137.189596148386,173.538155409849,99.3508940827211,0,300.031143529538,100.812745974529
0,0,0,223.705816669619,115.541295036174,0,0,0,0,200.878319874537,0,151.01089327964,0,0,0,0,0,0,108.381749703452,0,0,0,128.530575464043,124.853650664477,228.075434767255,0,0,0,199.492852797962,204.084074037941,0,92.5568465385234,106.33736463831,97.5855511246009,137.189596148386,0,217.157696745803,161.275817184598,73.1029054543569,193.659409924573,218.045528847001
0,0,106.128596538706,0,303.527509149359,206.912707094411,0,67.8267069095267,0,169.453147353278,97.3506957544063,222.053792850439,197.893790332676,193.777661225572,0,0,151.036729364761,139.792601838991,0,136.792307586862,146.99041817625,284.529238481835,99.2646516363145,165.893015276821,0,255.441154257905,98.2230592632363,196.032358954952,259.055025639447,0,97.3232815600345,329.719143597451,58.3493451392805,81.2827395071039,173.538155409849,217.157696745803,0,197.486504603685,155.24952173131,212.592150359921,94.9380989123498
108.136066660554,0,0,0,0,0,213.67670887414,0,0,0,0,161.302948562323,0,174.013630695256,269.936825670274,338.131802716296,0,104.369974912428,119.728129215699,323.781250289068,0,0,0,153.876396855887,0,0,236.681907140956,117.208001126138,0,0,0,140.574866691684,0,160.530221557972,99.3508940827211,161.275817184598,197.486504603685,0,209.996727521564,283.88658203332,178.683678585178
0,0,0,81.9664354533492,0,0,0,0,0,0,0,128.846764897717,175.196329314064,0,0,0,104.915316975638,219.078548227669,150.161410108805,0,181.316358113209,0,0,320.356811100276,0,0,0,101.5853655613,0,0,0,115.194491798135,0,116.176698124939,0,73.1029054543569,155.24952173131,209.996727521564,0,348.674510760064,0
0,0,180.355266595273,0,0,0,0,192.601533877686,96.7845769653343,325.937289045041,106.533627130087,205.839960264176,0,353.822894641502,211.840482897052,0,0,0,0,101.895308036513,153.672550905948,0,187.77054666536,0,0,96.5937438588657,205.09013266389,118.522099274347,314.611698427915,0,201.44584889478,263.534399241887,85.6072705949986,276.620869034647,300.031143529538,193.659409924573,212.592150359921,283.88658203332,348.674510760064,0,125.416941482916
0,0,0,122.106946855269,0,73.4795582048751,0,347.376449530863,214.116367924649,0,82.6299537488922,0,113.059176128709,0,186.348837226466,247.66948903751,0,0,0,0,0,62.311273509377,219.430938885781,171.230058197369,0,0,89.1590885155172,162.833808134102,160.537522273714,111.226326353722,0,0,0,139.93285932648,100.812745974529,218.045528847001,94.9380989123498,178.683678585178,0,125.416941482916,0
